-0.6949267173811897 0.7102970253140096 -0.11204906648371982 -0.241737176375316 -0.662925767923262 -0.6931998201118159 -0.2828487857854427 0.15640106075600108 -0.278579043887291 -0.1222789647773284 0.9525972764394335 0.9423587154034355
0.4543395947345399 0.8884223560127611 0.06543126158946436 -0.3694171655918136 -0.8826258979237535 0.458884702596393 -0.1019625129020845 -0.5883852432941704 -0.12061118095243968 -0.01142571922263668 0.9926340695188247 1.9649238662464794
0.8785736568944729 0.47333856780018 0.06370972958620695 -0.37658509532731577 -0.4772781990858241 0.875070703632561 0.08035411826040159 -0.8746767780089648 -0.017715814643017698 -0.10100427652772163 0.9947282473292117 2.953747184745396
0.9628389184039097 0.24808593567493523 0.10674542485315888 -0.4840206106525589 -0.26184487054901323 0.9543218760836661 0.1438993418863411 -0.8711287293188819 -0.06617009123433441 -0.16650262865325383 0.9838182726894211 3.9175569140284088
