0.9990463382997218 -0.0007352956483312953 0.043656308481448074 0.031098501481571172 0.0008415832664631661 0.9999967265717922 -0.0024163160608367228 -0.027991954928338794 -0.04365438886897192 0.0024507521314472763 0.9990436868057706 0.9991245731248641
0.9960985347189225 -0.005036869883575827 0.08810413765874668 0.1311890434131402 0.005713904751382866 0.9999560427118371 -0.007433971790041438 -0.046081388578306785 -0.08806282089115462 0.007908387057986882 0.996083529123353 1.9939448792234291
0.9910377172592559 -0.004352527043777657 0.13351141703201289 0.28751602934653625 0.005941173760972558 0.9999161896584696 -0.011502874129086594 -0.07264569026316776 -0.13345016082382521 0.012192996646471391 0.9909805171691691 2.981352611356717
0.9839080831783511 -0.0031252582321167725 0.17864802438673955 0.49884707470791323 0.0050956953860128665 0.9999311318114311 -0.010571921435753428 -0.10069525259234552 -0.17860268123641213 0.0113121348689521 0.9838562485748977 3.9624443484244503
0.9743889683989818 -0.005525402673412606 0.22480126375904536 0.7285740927939905 0.008123805612422916 0.9999104426115479 -0.010635343847293654 -0.1361033261677114 -0.22472236658761569 0.01218920348813842 0.9743465919648849 4.931897517525733
0.9628138364591518 -0.005849176221896247 0.27010239439948425 0.9959633702380606 0.00968588811178407 0.9998702138169623 -0.012873969594055065 -0.1648618021861358 -0.2699920367238545 0.015011417626189 0.9627455309927734 5.894083144542809
