0.9999798526930299 0.0005911438110282512 -0.0063201864704323235 -0.008433889671622863 -0.0005894492957213536 0.9999997898325791 0.00026997097184598 -0.0015178222819594875 0.006320344733804231 -0.0002662401031941278 0.9999799909791461 0.091278555409245
0.9999109665322464 0.001123114773904886 -0.013296526680073905 -0.016283546045142712 -0.001119528165230099 0.9999993349136233 0.00027718044493971867 -0.0029988780971792013 0.01329682914218794 -0.0002622699304854511 0.9999115588637061 0.1853194055249649
0.9997778348025972 0.001376961533909297 -0.02103295068138735 -0.023239494298034465 -0.0013848128131201327 0.9999989768046448 -0.0003587243185069034 -0.004371214866474555 0.021032435210982078 0.00038777132204916227 0.9997787186685348 0.28311359477773945
0.9995544704014867 0.0019558740737246733 -0.02978313712508975 -0.03861626993939892 -0.002006030050237471 0.9999966196396021 -0.001654252945281717 -0.0057389056670748406 0.029779800936905444 0.0017132617946944086 0.9995550150893051 0.3864005666845033
0.9991517277113883 0.002144198876114231 -0.04112453552963932 -0.05472387985852328 -0.002278432019001904 0.999992228277819 -0.0032174728433545315 -0.006738662919131858 0.041117317019519754 0.0033084430088194247 0.9991488479931174 0.49996115997232415
0.9985161546103956 0.0018951525030463968 -0.054423316501844336 -0.07569438816772303 -0.002113295545999779 0.9999899617589891 -0.003950995215272491 -0.008681585517507551 0.05441528244900497 0.00406014510159982 0.9985101362819252 0.6261846196027621
0.9975132735029293 0.00178671842655861 -0.07045620499810765 -0.099994687777062 -0.0020795907492306164 0.9999894994261163 -0.004083667447449065 -0.008269095540157008 0.0704481688036452 0.00422003255554222 0.9975065146842117 0.7649293108196
0.9960447798509113 0.00039103375601242415 -0.08885180709671299 -0.1290380487127147 -0.0007695594338989538 0.9999907744145694 -0.004225974920399157 -0.008745417970079666 0.08884933488793001 0.004277637005614687 0.9960358916784176 0.9166747053870414
0.9940877209335564 -0.0007790533194402148 -0.10857714384276763 -0.161607024490132 0.0003017726612276648 0.9999902209435698 -0.004412136726394567 -0.011503866763701411 0.10857951935051342 0.004353285329143257 0.9940782347906297 1.0793747669676381
