0.9999958772148917 0.002806804709038669 0.0006061357476370416 -0.026052730201890504 -0.0028078047608389024 0.9999946879587386 0.0016553811434330012 -0.02562833083962928 -0.0006014861962302661 -0.0016570762294902163 0.9999984461551554 0.9993319888499692
0.9999839678254294 0.005625859644833793 0.0006432692803782433 -0.03152544660753098 -0.005627118329686704 0.9999822233676291 0.0019719249572225945 -0.04497469069686742 -0.0006321640721772235 -0.001975513095335992 0.9999978488559842 1.9991298423041308
0.999974659307911 0.006987631682600581 0.0013615232263546194 -0.058860132150976796 -0.006989762617543621 0.9999743440222801 0.0015666894271303279 -0.06597938155024946 -0.0013505408464672022 -0.001576166450286426 0.9999978458670512 2.9985354646498754
0.9999595728454693 0.008959939189258364 0.0007564155151973423 -0.046456119231152775 -0.008960864102393993 0.9999590961931282 0.001228354656049598 -0.09011058871492214 -0.0007453785919020966 -0.0012350831338027138 0.9999989594896622 3.9981672995292863
0.9999578077252509 0.009097665844936386 0.0012709230836340307 -0.0622953854646937 -0.009098982114266864 0.9999580690476396 0.001033765447489771 -0.11501115920550986 -0.0012614649400153983 -0.0010452859369805543 0.9999986580408571 4.997731734288078
0.9999558977496681 0.009308108537130272 0.0012496684027621286 -0.05786371368867233 -0.009310543417964993 0.999954741037169 0.0019569513408892224 -0.13754109674505613 -0.0012313963285834097 -0.00196850012685325 0.999997304331533 5.997468070628744
0.9999469405704619 0.01009651004269349 0.0020436557272644385 -0.07881796382745683 -0.010106074094545388 0.9999377691847724 0.004724936420382302 -0.16016522043872425 -0.0019958231808829855 -0.004745339054154677 0.9999867491357533 6.996992481765826
0.9999454474581806 0.009883768925498854 0.003378345673106577 -0.08775816008476053 -0.009912638473396995 0.9999135559026467 0.00863830542528711 -0.17850935919045968 -0.0032926746203328734 -0.008671322503064785 0.9999569823046852 7.9967842328388565
0.9999469935265731 0.009138464594170255 0.004743269128908324 -0.09829303147217079 -0.00919527560960382 0.9998845498263071 0.012096856000910287 -0.19555872509646782 -0.004632174827398415 -0.012139830456164923 0.9999155801730785 8.996583370499382
0.9999473527695621 0.00817738990925542 0.006198546879517642 -0.12154565310146134 -0.00826616806313344 0.9998616449569756 0.014434729283334148 -0.21578877565728088 -0.006079650869713035 -0.014485207565068537 0.999876600689855 9.996108277963838
0.9999355189648037 0.008697550183220078 0.0073014062617845965 -0.12527834988498265 -0.008801764098642154 0.9998580857122694 0.014364448633634518 -0.23562285392690557 -0.0071754345750701665 -0.014427787654621136 0.9998701676128018 10.995904585375564
0.9999173746003829 0.009618174319488923 0.008528463814657345 -0.13859243301613425 -0.00971909408572836 0.9998822919663553 0.011871875263051897 -0.25711363727282543 -0.008413274180172393 -0.011953783286835419 0.9998931562335552 11.995584965007826
0.9999069429952574 0.009525152947909479 0.00976610522155927 -0.15678921900671633 -0.009616832926046818 0.9999097246326103 0.009383981543593968 -0.2822673419247678 -0.009675839723359279 -0.009477027300632844 0.9999082778331176 12.995102922886689
0.9999021285177127 0.007891321485187706 0.011552507561812739 -0.15952686628711718 -0.00798300074834416 0.9999368388175964 0.007911388912476634 -0.2951163174273963 -0.011489346578472632 -0.008002838289627948 0.9999019699423088 13.995016613720153
0.9999021239531696 0.004091615248786252 0.01337913295384841 -0.1513448940716709 -0.004164286456655551 0.9999767039999157 0.005408343163330737 -0.30524574199956217 -0.013356692414208119 -0.005463528358243411 0.9998958688911715 14.994931825169896
0.9998861266386496 0.0022842589256099463 0.014916967410303262 -0.12772944536765413 -0.0023502002424090297 0.9999875382810803 0.004404525101055657 -0.32958664506367547 -0.014906720443472986 -0.00443908140340085 0.9998790348046678 15.994356565218196
0.9998398010585401 0.006498371531390096 0.0166776313264117 -0.11928910385952296 -0.006538109781930442 0.9999759134272925 0.002329310140762413 -0.3538731467350144 -0.01666209289672554 -0.0024379771722580724 0.9998582054109514 16.9940259638055
0.9997572663426625 0.010784032587676603 0.01921231470165805 -0.10809321650955843 -0.010816716811188428 0.9999402205613365 0.0015981054949007678 -0.3833004576011893 -0.01919393217853407 -0.0018055317483243213 0.9998141492410635 17.993530173642412
0.9996779983594858 0.011349502195731321 0.02269555894623559 -0.1000115199555617 -0.011410858222844761 0.9999315765499013 0.0025757587324307706 -0.40307080162978004 -0.022664772458401043 -0.0028339051393169324 0.9997391045023049 18.993302047460567
0.999647653721562 0.00713640876576527 0.0255663857223756 -0.060288771634060864 -0.007217916961408285 0.999969153927494 0.003097235585260157 -0.42242756693850986 -0.025543493960607462 -0.0032806803349755592 0.9996683285234279 19.99232526986467
0.9995803922560103 0.00241111940976563 0.028865652954921044 -0.04287520716166211 -0.002501098556422033 0.9999921244920845 0.003081470398835946 -0.44376264758304995 -0.02885799583015332 -0.003152373232929372 0.999578550499993 20.991945978987054
0.9995307599975345 -0.0011626534176393069 0.03060895384986246 0.03177351405861001 0.0010364918432382874 0.9999909043188719 0.0041372653025816344 -0.45862581549971193 -0.030613485646222172 -0.004103598001205311 0.9995228736652468 21.98904508873487
0.9994412985679056 -0.0014376540932401634 0.03339197310145462 0.055185914997381895 0.001257990676419962 0.9999846241643076 0.00540082349526364 -0.49662817670859394 -0.033399224187967466 -0.005355799256613344 0.9994277398781589 22.988048422075163
0.999363291185266 -0.0006536542646491475 0.035673308894146445 0.06274339088913494 0.0004957547957033733 0.9999900427639561 0.004434929551216066 -0.5197773418117914 -0.03567585259720374 -0.004414420578515077 0.9993536643413176 23.98775186845978
0.9992882413144137 0.00034500158406591537 0.03772123731606168 0.09320548514154348 -0.00045379333151562596 0.9999957625632464 0.002875574232045565 -0.5411189614479318 -0.03772008539703899 -0.0028906451630603086 0.9992841634531098 24.98705991710447
0.999187671328148 0.002553175714624718 0.04021789103875088 0.11187227333913363 -0.0026423945404815564 0.99999416441165 0.0021653853556820968 -0.5786341037402736 -0.040212127734391416 -0.0022698978867824737 0.9991885869777819 25.986181603948005
0.9991292040898476 0.005334599279316782 0.041380860132655205 0.14683908738302653 -0.005418192094437789 0.9999835008597214 0.0019081935864423906 -0.6486718839601315 -0.041369997935907864 -0.0021307413885032476 0.9991416232005942 26.983112901111166
0.9990622472964741 0.006658915033466136 0.04278182882366743 0.16522744971756043 -0.006683448043597896 0.9999775728711583 0.00043043809747588045 -0.6820679717690569 -0.04277800309936191 -0.0007159645831392595 0.999084345711385 27.98238591157915
0.9989624740834782 0.0057941807567612556 0.04517081848246308 0.1917002425649723 -0.005731250611146611 0.9999824171575162 -0.001522544660484949 -0.698641182835109 -0.04517884615004979 0.001262079699907123 0.9989781173856518 28.981898042527963
0.9988991217628054 0.004503881226976645 0.04669324999815966 0.25100614076489625 -0.004378748727308776 0.9999865439192117 -0.002781823159949752 -0.7294687881823484 -0.0467051506911221 0.002574302702370023 0.9989054018597137 29.979661766656715
0.9988516241095973 0.003951014131801673 0.04774748685482159 0.3069037437904538 -0.003774127545530699 0.9999856798528385 -0.0037942127676486035 -0.7562508551192675 -0.04776179409204708 0.003609650479814672 0.9988522320386145 30.9777389975705
0.9987769522649129 0.004378530763678224 0.049248635440635756 0.35667473600161487 -0.0041299598416272305 0.9999782210780708 -0.005147892893544531 -0.7831273246313235 -0.049270103065851674 0.004938201888176003 0.9987732831358634 31.976137957795878
0.9987429018645798 0.005620164163229045 0.0498099360559524 0.44077850788303496 -0.005260287314243172 0.9999591294584395 -0.007353148311532288 -0.8141159210848974 -0.04984922619751788 0.0070818901077421585 0.9987316463795518 32.97211297882668
0.9986881700343518 0.0055758413491928845 0.05090038336484046 0.46659592116775106 -0.0050860250702755684 0.9999395575129145 -0.009747495568658357 -0.8309141685153403 -0.050951657307918875 0.009475827886001304 0.9986561657064211 33.971638496302795
0.9986554130170441 0.004774346327970785 0.051619489235161985 0.520406692004748 -0.004162154251441701 0.9999198057659308 -0.011960706877531917 -0.8695243100108655 -0.051672454206720224 0.0117297763901802 0.9985951981769642 34.96944290504728
0.9986444422714595 0.0038454532086336112 0.05190848109844068 0.5232125704984306 -0.0031322283327945835 0.9998996705940494 -0.013814408839418422 -0.897748193536833 -0.051956395814165016 0.013633093395542202 0.9985562937053023 35.96904058401549
0.9987445571975723 0.0035198214487098915 0.0499691937617157 0.5572973936064077 -0.002788809396981041 0.9998881857375518 -0.014691445286773014 -0.9324576575755931 -0.05001531775740286 0.014533646460408375 0.9986426994226661 36.967856612089065
0.9988774086168827 0.003518107258653991 0.04723923661681397 0.5531152443965881 -0.002770428730460227 0.999870008824154 -0.015883645004706643 -0.9594517258548008 -0.04728897629968485 0.015734941223363774 0.9987573100334358 37.967483447433615
0.9990456188917736 0.004199174700152693 0.04347664091201317 0.545450543036961 -0.003467776067836107 0.9998514318910473 -0.01688456912585634 -0.987862566498305 -0.04354108292518535 0.016717687557197637 0.9989117543709461 38.96705038192778
0.9992678979842444 0.004513896713349692 0.0379906935263382 0.5329900461089091 -0.0038281292822826734 0.999828774164552 -0.018104358005953714 -1.0091999601253665 -0.0380659097402001 0.01794567048262134 0.9991140772837601 39.96674505115294
0.9995002273710065 0.004360892949077051 0.03130939312720864 0.5137776325169823 -0.003774168402344507 0.9998166243514669 -0.01877427291025073 -1.0366355383107457 -0.03138552434129695 0.018646723120283787 0.9993334021129767 40.966183969978765
0.9996953378540613 0.004513619364430968 0.024266411211555892 0.47858030189212897 -0.004040160547670216 0.9998012134034313 -0.019524619836899303 -1.0573737458621828 -0.024349714076439034 0.019420631227110838 0.999514847567126 41.96534914890982
0.9998543099392352 0.004611739954601682 0.016434437943783308 0.42170125644579126 -0.004273780615331523 0.9997798929333155 -0.020540216296335255 -1.0744717969778024 -0.016525546744024712 0.02046698660866706 0.9996539445047824 42.963583796168145
0.9999746308578595 0.0033973573065426174 0.006260639266093764 0.3823986795183454 -0.0032589367478858336 0.9997529060930116 -0.02198877190411758 -1.0841733128294753 -0.0063337960151674715 0.02196781104046826 0.9997386149920025 43.96276404426805
0.9999772257745511 0.0019809523622334084 -0.006451647849343337 0.3018288765665342 -0.0021322693258028066 0.999720805497666 -0.023532200972714124 -1.1126299061949017 0.006403230415627487 0.023545421695874032 0.9997022615546123 44.95910671081701
0.9997511081251601 0.0014299364703635811 -0.022263806597392206 0.1775221393342597 -0.0019960534355162643 0.9996747076564921 -0.025426258918481884 -1.1331460168771479 0.022220206416636402 0.025464370276876026 0.9994287509738765 45.951138416116294
0.9991396020564054 0.001672000556936374 -0.04143983610858316 0.04338763925311828 -0.0027577481039951983 0.999654036018401 -0.026157276186875314 -1.17426032543692 0.04138176443753392 0.026249051149692542 0.9987985466978694 46.94124827345599
0.9980210830618069 0.0025925334327877208 -0.06282671831743446 -0.13128079178440938 -0.004205827248183076 0.9996644465414974 -0.025559838380557212 -1.2107533617017494 0.0627393718592785 0.02577349590726198 0.9976970973834794 47.92519907382897
0.996324154486444 0.0033270536775147274 -0.08559853912713752 -0.34272763545233964 -0.005396051075631331 0.9996985721964147 -0.023950936959527203 -1.2502178136086677 0.08549305129460723 0.024324791104488663 0.9960417876364722 48.9017915012923
0.9937127281091777 0.004250657060705275 -0.11187915761377717 -0.5720048410172316 -0.006831269761224095 0.9997191448122041 -0.022692845775814062 -1.2680734077308746 0.11175127626683065 0.023314446390763386 0.9934626761193524 49.874988871207606
0.9899180808650734 0.005420918823365219 -0.14153729831928005 -0.8242966058479537 -0.00838636236421319 0.9997574671313438 -0.020363591073690207 -1.3129045245427342 0.1413925814981341 0.021345270066945927 0.989723454982785 50.84160100458739
0.9847322540787516 0.005630488216308269 -0.17398472743154048 -1.1115722584135126 -0.008709043905485613 0.9998186453959087 -0.016936022937599986 -1.3408227932342156 0.17385781642259784 0.018192688672557668 0.9846027045197611 51.79904199490111
0.977665460983564 0.0066808959378056535 -0.210060972170616 -1.4391751706195384 -0.00962314415413515 0.9998693498457413 -0.012987622401495322 -1.361395181921069 0.20994675871845417 0.014718996858594152 0.9776020200649599 52.74363348813812
0.9683835886977067 0.00835628523301647 -0.24932588641786887 -1.7913465993011735 -0.010641247618989026 0.9999128168386467 -0.007818092536840904 -1.3692270207798833 0.24923881918766766 0.010224051002793395 0.9683880832553794 53.67953622203089
0.9569253780540319 0.012513984800136328 -0.2900641670744095 -2.1988867564078762 -0.013985527936066899 0.999897695103509 -0.0030007224196915193 -1.390477979316684 0.28999694109507157 0.006928167947769818 0.9570024945862928 54.592476196649116
0.9433758600402188 0.016196314244545235 -0.3313301466789137 -2.6521226344835083 -0.01662156059758763 0.9998606503572276 0.0015503517416996402 -1.406623468051857 0.3313090859253322 0.0040446597031405795 0.9435136089697937 55.48372057515912
0.9274706646982779 0.018552106636168225 -0.37343538325056425 -3.1334161701072176 -0.017120263139867104 0.9998278663254565 0.007150825764008481 -1.417426746592289 0.37350376532795104 -0.00023886909749956317 0.9276286327121406 56.360213474050624
0.9089570544367295 0.02183670874529856 -0.41631746461189706 -3.6486427996214337 -0.017263977157201404 0.9997422274246095 0.014745636534122666 -1.4276429273536533 0.41653214555712337 -0.00621585515064678 0.9090997386768537 57.21720654883226
0.8880817676360323 0.02606583518154275 -0.4589459077372297 -4.212305000480841 -0.018278601168574868 0.9996038331549773 0.021402557819031658 -1.44131575764811 0.4593219641294992 -0.010618332174379436 0.8882063860894335 58.04309876804704
0.8640566420510236 0.03093180083884784 -0.5024433729529884 -4.807019480480219 -0.020690739018284186 0.9994491770147816 0.02594678946138418 -1.4370927398711002 0.5029691965184218 -0.012023571072771579 0.8642207016105721 58.847024656317174
0.8372023586928755 0.03406879195991367 -0.5458310434681034 -5.446493771539071 -0.02153313581900627 0.9993373128361481 0.029347218526246978 -1.4378325795738884 0.5464691525245375 -0.012816106578020427 0.8373811633606841 59.61583676843093
0.8076746294643596 0.03761124758413399 -0.588427639540135 -6.129418903571792 -0.02405823319473982 0.9992345387414484 0.03084700960729752 -1.4162942860291572 0.5891374154941758 -0.010757817684370482 0.8079612459911124 60.34600753338029
0.7754531848106161 0.04015497667027766 -0.6301269205609951 -6.850190078034876 -0.024427394077170976 0.9991364924079496 0.03360910527428911 -1.3951091037298322 0.6309323740193327 -0.010669929116404915 0.7757644565375355 61.03885678259768
0.7399435744270455 0.04400366325591448 -0.671228116428527 -7.594685511173486 -0.025497825366970626 0.9989757106397138 0.03738168606997977 -1.3607366187155128 0.6721855157363054 -0.010545481114635097 0.7403076558177525 61.70559890841237
0.7028857246317874 0.045371127633271724 -0.709854294123895 -8.376416776751396 -0.02367057371756059 0.9989028555118212 0.04040778625724902 -1.3275021818787978 0.7109088282253418 -0.011599397726406042 0.7031885180544787 62.32832812779736
0.6640542596811261 0.04524521457250361 -0.7463141501791591 -9.187869350822131 -0.021118579469563175 0.9989041362250595 0.04176759789185743 -1.2994067887741392 0.7473860754660466 -0.011974856606918048 0.6642820613329119 62.912070664332134
0.6224743309317619 0.04415814865423175 -0.7813934765778935 -10.004308003772678 -0.015832387199563865 0.998913182234872 0.04383822388013418 -1.2731150480484748 0.782480059072829 -0.014916845002628541 0.6224969436780773 63.488903959479906
0.5795394331259526 0.04392518919861218 -0.8137595610534579 -10.858224881303451 -0.010981135057484357 0.9988766113943985 0.04609696174471041 -1.239553582904611 0.8148702106009877 -0.017779003434110756 0.5793707335652962 64.00823003663109
0.534913173694684 0.045566891448490285 -0.8436773998464123 -11.745857715133553 -0.009458778157933227 0.9988050366806425 0.0479482034818788 -1.2077117487964226 0.8448540868834326 -0.017667968335440924 0.5347049791906345 64.46767974003073
0.4871778461640834 0.045443435603592895 -0.8721196250328664 -12.657285431961235 -0.008362531807052445 0.9988421623396619 0.04737512843681329 -1.17001742659857 0.8732627406850123 -0.0157869849297013 0.48699379548216803 64.87740969389354
0.43671031026379115 0.044524864618038416 -0.8984996612910042 -13.584806269905044 -0.0032425444876081192 0.9988458433356208 0.04792146863774512 -1.1358392083089575 0.8995963488223746 -0.018014374313249076 0.43635065200312484 65.24961518096735
0.3844237191000448 0.04356346676786134 -0.9221283145834184 -14.52580166984276 0.0022308675013455086 0.9988391916451872 0.04811748605008854 -1.0980291411467518 0.9231540648361353 -0.020554649030193987 0.38388029251286604 65.58591569559171
0.33235611189729347 0.04271522474036195 -0.9421861941569165 -15.49042938305723 0.0045289605810383375 0.9988900942318575 0.04688355960810051 -1.0571389043566994 0.9431430980506443 -0.01984916171658826 0.33179377236256125 65.84634100821503
0.2807879136497076 0.04862862976150557 -0.958537116608305 -16.46758292289627 0.004924886544483653 0.9986294542202729 0.05210526514896398 -1.009157551649359 0.9597572052559784 -0.019351215239314577 0.28016359047526684 66.05338865829553
0.23101800447974152 0.05368425002601864 -0.9714672834971555 -17.452529550340724 0.0074199176114197315 0.9983503536191991 0.056934315233080596 -0.9639727733646447 0.9729211820228993 -0.020361059097305213 0.23023857375252713 66.22023726307822
