0.99999560000015 0.0028722189883975398 0.0006839950295103116 0.004677674480942535 -0.002873712011734767 0.9999934000007467 0.0021903016437424343 -0.22303718458162103 -0.0006776996694393893 -0.0021922573567375583 0.9999973999991032 0.9747987020621237
0.9999832000003304 0.0055876579885693325 0.0015627378294989654 0.008611526105632879 -0.005592623011425685 0.9999792000010727 0.0031903646437332293 -0.4406450985962684 -0.001544879168468663 -0.0031990503571953845 0.9999936999985971 1.9508270581684624
0.9999733000004809 0.006921213988546813 0.002355062829500833 0.02558029081881881 -0.006928386011144484 0.9999713000010095 0.0030501436437241325 -0.6761745885882886 -0.0023338851679911093 -0.0030663783574198934 0.9999925999985121 2.922546105005925
0.9999566000005787 0.008891449988536238 0.002795367829501844 0.036925285113852985 -0.008899773010989358 0.9999559000009633 0.002978513643719179 -0.9022908060664746 -0.0027687611672859544 -0.003003261357750261 0.9999916999984626 3.896580377783475
0.9999525000007192 0.009051768988547544 0.0036091128295016213 0.04196035456304059 -0.009062748010699785 0.9999543000009852 0.003036916643710431 -1.148364790308442 -0.0035814581672271957 -0.0030694803577770197 0.9999888999983031 4.865818371345362
0.9999467000008543 0.009344228988772822 0.004393636829487263 0.048339142341157146 -0.009363343010424942 0.9999467000014522 0.0043495796437038855 -1.3921910049738278 -0.00435276016711912 -0.004390486357824168 0.9999808999977019 5.835616342365584
0.9999351000010306 0.01002403998926418 0.0054111078294566016 0.0657258802992741 -0.010062980010073688 0.9999233000024703 0.0072173346436993965 -1.647831086655821 -0.005338346166867898 -0.007271317357931717 0.999959299996507 6.802232006948824
0.9999263000013077 0.009856340989973312 0.007085164829415334 0.06738086959324764 -0.009936435009491453 0.9998861000039533 0.011359159643696768 -1.9231594911036372 -0.006972398166911481 -0.01142872035788988 0.9999103999947463 7.763580784062601
0.9999227000015432 0.009036039990613975 0.00854474982938085 0.08413430991755422 -0.009164425008980367 0.999843900005301 0.01510695964370102 -2.21127368440528 -0.0084069091671859 -0.015184100357735018 0.9998493999931624 8.72103027798184
0.9999187000017427 0.008184366991053797 0.009779583829359137 0.10821006493809492 -0.00835640100854352 0.9998087000062293 0.017681489643705292 -2.5068529759122233 -0.009633002167473077 -0.017761770357577297 0.9997958999920347 9.676045075006636
0.9998992000020082 0.00856944299110223 0.01131732982935953 0.1312820140522557 -0.008771741007998844 0.9998004000063258 0.017947849643694357 -2.8066401195050372 -0.011161270167321788 -0.018045310357639986 0.9997748999916777 10.629772192854576
0.9998704000022781 0.009739188990757645 0.012819729829381241 0.10720735449156016 -0.009942603007463637 0.9998241000055922 0.015900119643670486 -3.1331618657447518 -0.012662630166899759 -0.01602552035784783 0.999791399992151 11.57465523497657
0.9998544000024903 0.0097054429902104 0.014036619829414723 0.05774859596449599 -0.00988363600701845 0.99987070000445 0.012681589643645326 -3.4996312830608147 -0.013911730166918039 -0.012818470357858675 0.9998210999930903 12.503769839146297
0.9998390000027904 0.00839163098999598 0.015861789829431813 0.04270129791159627 -0.0085734320063583 0.9998979000040183 0.011428369643627815 -3.8810074330632855 -0.015764270167382178 -0.011562520357644409 0.9998088999932256 13.428067315120225
0.9998292000030965 0.0047309109896223 0.01786429982945943 0.023240787112612495 -0.004897407005626048 0.9999448000032823 0.009287784643607966 -4.283377625180805 -0.01781938016869009 -0.009373685357037096 0.9997972999936467 14.343337491518449
0.9998011000034032 0.0023717529893904177 0.01980420982947955 0.048071943173783965 -0.002529940004925595 0.9999650000028264 0.00796628764359371 -4.704125505716074 -0.019784620169528713 -0.00801480535664214 0.9997720999937867 15.250175178922401
0.9997320000038532 0.006671025989144232 0.02216804982950461 0.03593519420952203 -0.006814894004091272 0.9999561000022603 0.006420605643579083 -5.1418784928973675 -0.02212425016799042 -0.006569956357371837 0.9997336999939344 16.149188462252983
0.9996154000044428 0.011303459989036601 0.02532318982952584 0.024338476523360422 -0.011449980002973727 0.999918500001979 0.00564813564356634 -5.653347099542455 -0.02525729016631929 -0.005935912358148105 0.9996633999936718 17.00841216856346
0.9995108000050449 0.012176469989200137 0.028806829829532164 0.007351078815156212 -0.01236975000173733 0.99990210000231 0.0065409846435601745 -6.197839629111218 -0.02872436016597379 -0.00689411635829108 0.99956359999276 17.847005820814715
0.9994553000055437 0.008077444989301087 0.03199664982954129 0.06449697113295202 -0.008312721000592398 0.9999393000025708 0.007226895643558203 -6.750761420514134 -0.03193634016740965 -0.007488937357605598 0.9994618999919719 18.678277006764986
0.9993994000059203 0.0029213729891564106 0.034528929829563106 0.12829831756747453 -0.003148931999675247 0.9999736000023312 0.006537842643556233 -7.341595584857371 -0.03450892016923972 -0.0066426443567388915 0.9993822999917857 19.48254335245508
0.9993136000063106 -0.0006270530105918007 0.03703919982956128 0.21436116377660888 0.00032587140122857525 0.9999668000028998 0.008136907643562364 -7.971979484051517 -0.03704308017046299 -0.008119251356131594 0.9992806999907883 20.254041364718955
0.9992103000067644 -0.0010287340103641075 0.039719749829564686 0.1916860026322609 0.0006523598021862162 0.9999548000033801 0.009487539643571193 -8.861871011640707 -0.0397277201705617 -0.009454134356058849 0.9991657999898502 20.709649479801904
0.9991274000071216 -0.00020849921055598 0.041767009829591 0.22080253198996938 -0.0001395791970861933 0.9999653000029692 0.008330722643572718 -9.722307117691296 -0.04176729017026543 -0.008329281356202405 0.9990926999899133 21.218375206537804
0.9990296000075175 0.000621357589169132 0.04403970982962527 0.2673016072214136 -0.000916579096277306 0.9999772000023851 0.006683650643575886 -10.610404893061288 -0.04403456016997196 -0.0067175293563481045 0.9990073999901129 21.675671741571623
0.9989076000079855 0.0028133819890046314 0.04664481982965708 0.29541030309076094 -0.0030786079953519082 0.9999795000020151 0.005615202643584445 -11.518309290105863 -0.046628060169180946 -0.005752669356722584 0.9988957999900494 22.093905323313475
0.9988112000083185 0.0057434409889688 0.04840767982967536 0.35324840146895636 -0.006004888994728066 0.9999681000019047 0.005257228643592545 -12.419679637413283 -0.048375950168122045 -0.0055416603572179925 0.9988137999898765 22.523074496330892
0.9987373000085561 0.007422854988758597 0.04968709982970087 0.25938297607684657 -0.007627691994271137 0.9999631000014453 0.003934156643597422 -13.413381774123362 -0.04965607016753132 -0.00430818635750249 0.9987570999901296 22.58427208851803
0.9986443000088794 0.006635479988431027 0.051629289829739376 0.2686217152732141 -0.006749876993572343 0.9999751000007706 0.002041669643607259 -14.389502607831611 -0.05161447016782819 -0.0023873923573725434 0.9986641999904725 22.80130325962495
0.9985752000091144 0.0053601099881462454 0.053092519829771374 0.2616309427259286 -0.00539064499304606 0.9999854000001909 0.0004319108436163469 -15.375874596695933 -0.05308943016830062 -0.0007174983571588067 0.9985894999907965 22.96568468879764
0.9985214000092887 0.004548471987942758 0.05417032982979508 0.3370019903437633 -0.004516011992659375 0.9999894999997752 -0.0007216382563758981 -16.32812981242044 -0.05417305016860304 0.0004759370429780885 0.9985314999910236 23.261537939739767
0.998437000009548 0.005270554987718008 0.05563917982982552 0.32145583692226276 -0.005162521992132445 0.9999844999992968 -0.002085249356364027 -17.321735873465045 -0.05564931016835832 0.0017947506428567816 0.9984487999912589 23.37336426003311
0.9983586000097805 0.006302587987359872 0.056924699829864964 0.3618850496775056 -0.006070501991668162 0.9999724999985358 -0.004249087356351135 -18.303485589626852 -0.05694992016802149 0.003896549642685133 0.9983693999918104 23.559194483115604
0.9983128000099162 0.00644319398697882 0.05770625982990155 0.3710968100358816 -0.006078421991384069 0.9999603999977374 -0.006494510356340223 -19.297999293805837 -0.057745830168010846 0.006132788642665475 0.998312499992477 23.66339351393253
0.9982767000100262 0.005676980986581274 0.058407769829938894 0.4525234969729292 -0.005172602991131138 0.9999479999969155 -0.008783055356327854 -20.266848006815486 -0.058454600168327396 0.008465797642800504 0.9982541999931726 23.897277449970854
0.9983039000099483 0.004780261986232718 0.05802113982996218 0.5282091221516912 -0.00416203699126892 0.9999332999961975 -0.010771350356324327 -21.235572522735993 -0.058068760168692043 0.010511589642958598 0.9982572999939466 24.133591445987552
0.9984240000095898 0.0042801799860110465 0.05595732982995969 0.5453431337132193 -0.0036121479920057814 0.9999209999957399 -0.01203394035633641 -22.213339263592754 -0.05600442016890843 0.011812849643048224 0.9983605999947481 24.34258541469372
0.9985875000090793 0.004443315985841773 0.05294650982994568 0.4939005436716944 -0.003758632993078235 0.9999080999953838 -0.013024180356354427 -23.201897969280992 -0.052999520168884116 0.01280676964302501 0.998512399995614 24.484377906879487
0.9987906000084 0.00507751498564558 0.048904479829927204 0.4996440368479157 -0.004388269994515778 0.9998896999949658 -0.01419078035637381 -24.17152638863535 -0.04897114016869442 0.013958999642923456 0.9987026999967187 24.728892945762006
0.9990505000074388 0.005410247985446631 0.043230119829899355 0.5190212255091787 -0.004750592996536535 0.9998708999945455 -0.015347370356392992 -25.132861418943534 -0.04330758016860964 0.015127419642873435 0.998947299998098 25.003591757076244
0.999316700006305 0.005333668985305503 0.03657521982986569 0.5274370258967013 -0.0047458049989093 0.9998583999942512 -0.01614082035640353 -26.09499711528904 -0.03665614016865673 0.01595620964289094 0.9992005999995152 25.276032420427402
0.9995545000050762 0.005452372985157981 0.029345089829837405 0.4704304535601393 -0.004955577001485373 0.9998435999939411 -0.016975650356396952 -27.080212165914407 -0.029433060168622543 0.016822659642875985 0.999425200001045 25.437591463423903
0.9997592000036936 0.005662530984973096 0.021200699829818016 0.39121941165255114 -0.00528066400438558 0.9998235999935517 -0.018024960356366214 -28.063930034578526 -0.02129902016854163 0.017908659642847283 0.999612700002807 25.598912937839692
0.9999268000019755 0.004573881984740619 0.011198809829810072 0.37407571406902596 -0.004356898007955084 0.9998037999930784 -0.019324050356295554 -29.01652698342385 -0.011285000168899297 0.019273839643039917 0.9997506000049746 25.902664565265233
0.9999933999997559 0.0032064839844413618 -0.0017258451701741072 0.3219213817060664 -0.0032420680125668415 0.9997735999924688 -0.021026070356150322 -29.961048359821444 0.0016580348306921837 0.02103151964328377 0.9997774000077843 26.226947219130498
0.9998426999970474 0.002398226984090557 -0.017574960170116234 0.29859983499701515 -0.002803070018214068 0.9997303999917444 -0.023046860355890146 -30.84995296670066 0.017514949830561472 0.02309249964343693 0.9995799000112058 26.684445288379642
0.9993118999937556 0.0029050169839033263 -0.036977920170009594 0.12153278579321983 -0.003796787025112579 0.9997030999913462 -0.024068950355460514 -31.773078455419387 0.036897019831005955 0.02419277964336027 0.9990262000148773 27.025746328586262
0.9982646999900626 0.003775972983933059 -0.05876569016983656 -0.02758968353255145 -0.005179831032852614 0.999704399991398 -0.023755090354830116 -32.63147972265719 0.05865861983167717 0.02401825964321134 0.9979891000184796 27.51657184372544
0.9965950999860627 0.004491984984117729 -0.08232913016957259 -0.22786162535789262 -0.006363678041221254 0.999726899991776 -0.02248598035396452 -33.4701341096126 0.0822056498323835 0.022933329643081268 0.9963515000220442 28.02307938091059
0.9940241999815338 0.005520364984344138 -0.10902010016916043 -0.3966110726828544 -0.007841460050692424 0.9997513999922375 -0.020873270352743157 -34.22676741885215 0.10887779983334817 0.021603409642897232 0.9938204000260197 28.65476726339152
0.9902739999764529 0.00683761498462662 -0.1389626001685543 -0.6607544082651441 -0.009541583061308407 0.9997776999928129 -0.018801360351066006 -34.976840892644084 0.1388030998345931 0.019944419642663316 0.9901192000303857 29.261082397632784
0.9850517999708013 0.007041310985160638 -0.1721142001677158 -0.9406081296051907 -0.00982824307306429 0.9998338999939278 -0.015345540348830114 -35.65308294837949 0.17197759983558536 0.016807729642608574 0.9849575000348059 29.942535675496657
0.9779225999645539 0.008129757985746444 -0.20880910016655863 -1.2391036665764272 -0.010741400086058103 0.9998775999951401 -0.011376380345872917 -36.291174371519546 0.20869109983712592 0.013368119642407465 0.9778902000396469 30.652281874443055
0.9685782999577857 0.009648295986585636 -0.24852160016504354 -1.6419694933109463 -0.011443520100108675 0.9999177999968768 -0.005779958342090917 -36.919580301254406 0.24844539983896893 0.00844230464213429 0.9686091000444226 31.317717806301086
0.9569504999507598 0.013680589987139474 -0.2899287001631298 -2.007318351667537 -0.014599160114731898 0.9998928999979854 -0.0010055993374762642 -37.49234898593838 0.28988389984207524 0.0051950256414558015 0.95704770004978 32.051513529290894
0.9431377999436181 0.017322649987605913 -0.3319503001608378 -2.452763478464794 -0.017157540129555702 0.9998468999989154 0.003428446667927931 -38.039793105522214 0.33195889984534116 0.00246195264085135 0.9432907000553635 32.75995088439465
0.9268126999362779 0.02016846998828713 -0.3749819001581254 -2.962187127394799 -0.018121960144724367 0.9997954000003036 0.008983587674250915 -38.57580268268253 0.3750863998484675 -0.001530696359615412 0.9269886000607197 33.433138268016265
0.9078696999288187 0.023656519989336454 -0.41858460015498655 -3.4695337264064015 -0.018266310160089862 0.9996906000024521 0.016880189681530357 -39.07411906607404 0.418854399851748 -0.007679015360172655 0.9080209000653391 34.13618885506281
0.8864285999214003 0.02825926999009786 -0.4620019001514111 -4.002408153531395 -0.019447470175366376 0.9995269000039843 0.02382482968969618 -39.57262900600206 0.4624565998558236 -0.012134240360898935 0.886558900070266 34.81995240305251
0.8620789999139578 0.03340436999032769 -0.5056718001473244 -4.65724659203503 -0.021991600190692732 0.9993511000043988 0.0285248296988777 -40.07718731204943 0.5062964998608807 -0.013470120361713352 0.8622543000760357 35.382631240213904
0.8346103999064594 0.03694400999045157 -0.5496004001426895 -5.283606566315367 -0.023043780206060866 0.9992166000046117 0.03217336970918159 -40.53035793448986 0.5503584998659378 -0.014187360362268813 0.8348079000822242 36.01691002776988
0.8042208998990892 0.040615829990059166 -0.5929410001375481 -6.023884602026422 -0.02563447022116491 0.9991042000037448 0.03366890972048299 -40.96812831562081 0.593777399872041 -0.011877510362854681 0.8045417000890792 36.527150577946344
0.7711115998918692 0.043373099990011994 -0.6352210001319442 -6.725279851934932 -0.026096860235868984 0.9989917000036104 0.03653183973277257 -41.38196394285653 0.6361649998778498 -0.011592850363284614 0.7714660000952666 37.107482091290706
0.7346862998847719 0.04707184998993994 -0.676772000125788 -7.456470236101309 -0.027050560250289273 0.9988292000034115 0.04010666974622581 -41.77707888819892 0.6778674998843985 -0.011158760363857236 0.735099400101076 37.66357993215795
0.696312399878032 0.04886636999009859 -0.7160734001192774 -8.274308135394556 -0.025391720263873836 0.9987322000037191 0.043464629760386835 -42.15947695686342 0.7172895998903489 -0.012082620364128568 0.6966704001065792 38.09359489892853
0.6560447998716772 0.04895326999017024 -0.7531326001124188 -9.056908660212468 -0.022713130276605088 0.9987228000038676 0.04513139977520593 -42.50990626494147 0.7543800998962588 -0.01250221036414004 0.6563188001123027 38.60811953299415
0.6138728998656826 0.04823249999059101 -0.7879300001052214 -9.876620079376222 -0.017816340288505986 0.9987239000047557 0.04725545979071695 -42.842346431984375 0.7892037999017032 -0.014970810364017569 0.6139489001174778 39.0745491501495
0.5695871998600636 0.048480829991074 -0.8204998000976697 -10.746568448852402 -0.013002900299598025 0.9986655000057608 0.0499815598069571 -43.163853128053496 0.8218280999075372 -0.017799980364039094 0.5694575001220586 39.44847859205625
0.5233981998548954 0.05016379999106877 -0.8506103000898118 -11.613561758038943 -0.011136550309799126 0.9985830000057278 0.05203777982379154 -43.46486853487022 0.8520154999147459 -0.01776361036429659 0.523215200126459 39.845608529169766
0.47444639985007364 0.04980176999066785 -0.8788745000814633 -12.5300854193464 -0.01007275031926315 0.9986401000048957 0.051150739841555055 -43.76300798693605 0.8802267999227114 -0.015415590364255228 0.4743029001315931 40.11224902199536
0.42240589984555205 0.04885756999099004 -0.9050890000725664 -13.440466198489514 -0.0049576673279616915 0.9986558000055806 0.051594659860473284 -44.030279618444936 0.9063931999297602 -0.017306750364099868 0.42208040013590364 40.42811713866581
0.3691100998415703 0.04874750999138615 -0.9281064000634592 -14.36261594741063 0.00024898736448550405 0.9986182000064088 0.05255007987980566 -44.29433316240247 0.9293856999369904 -0.01962784036406771 0.36858790013948695 40.71081038843126
0.3153255998381881 0.04693098999138369 -0.9478223000542578 -15.318857069301139 0.003824874658150623 0.9987054000064275 0.05072292989922585 -44.541618410042986 0.9489758999448848 -0.019619540363789132 0.3147379001434988 40.86718471810744
0.26217169983544575 0.05207781999126257 -0.9636150000452416 -16.272797075619305 0.0045847466530749125 0.9984643000061068 0.055208619918370234 -44.781834150250184 0.9650103999536749 -0.018892060364580587 0.26153030014459294 41.04689195205413
0.21080899983328752 0.058023769991397786 -0.9758037000365265 -17.235389928385576 0.007000051649239839 0.9981216000063098 0.060863129936871437 -45.01385883619599 0.9775021999615697 -0.019661170365472064 0.2100069001446563 41.186818585743715
