0.9999798217704725 0.00048127507614849086 -0.006334384436951211 -0.008435112599152732 -0.0004790813602125788 0.9999998247471246 0.000347831525958782 -0.0015149891873857324 0.006334550729476266 -0.0003447898218222426 0.9999798770910514 0.09127848947190713
0.9999091126246593 0.000976636802783971 -0.013446660206973677 -0.016293940932566336 -0.0009725282920023193 0.9999994783982317 0.00031207689087662627 -0.0029920291949779815 0.013446957978948864 -0.0002989712695428861 0.9999095408772197 0.18531863670722007
0.9997739588078618 0.0011019005399214145 -0.021232454046952676 -0.023267889291822833 -0.0011090775926970026 0.9999993317536343 -0.0003262501772086389 -0.004362128429328397 0.02123208036319601 0.0003497248702510928 0.9997745128057456 0.2831115753494511
0.9995450125815214 0.0016882133974663194 -0.03011507527685698 -0.03862378665126831 -0.0017382495812234406 0.9999971519781211 -0.001635397211642537 -0.005802549778409864 0.030112228608980836 0.0016870006434755373 0.9995451003916879 0.386400664683914
0.999140165338704 0.0017980989668570457 -0.041420971102237976 -0.054792323111998914 -0.001930265605130663 0.9999931724822668 -0.003151041660303725 -0.006951766476031105 0.041415022415069336 0.0032282857613147743 0.9991368145000976 0.49995118511183456
0.9985046496565034 0.0015394162116015354 -0.054645171900822506 -0.07586796230128613 -0.0017555956333040494 0.9999908215958916 -0.003908274292574117 -0.009011231886577408 0.054638653884546855 0.003998364878438475 0.9984981875697039 0.6261552855326721
0.9974938505896995 0.0014894884800612936 -0.07073753925463896 -0.1002463752518237 -0.0017803313797968214 0.9999902191411203 -0.0040487087166485025 -0.008849827881370143 0.07073081687575744 0.004164498308550443 0.9974867460261946 0.7648867923387913
0.9960226769128709 -5.448692535233368e-05 -0.08910007916098052 -0.12917606708815582 -0.0003176938951529116 0.9999912845331048 -0.004162923061967831 -0.00964766123796368 0.08909952943706835 0.004174672323170607 0.9960139788000402 0.9166525488918182
0.9940420233231093 -0.0012922591945340324 -0.10898984326015211 -0.1618054536613071 0.0008286774806686159 0.999990417508242 -0.004298625981014699 -0.012613194815330546 0.10899435380482521 0.004182697438945851 0.9940335687897077 1.0793368628367686
