0.9990330627682791 0.0006799069772924608 0.04395995020850235 0.010103629527875123 -0.0005542323450358347 0.9999957251739645 -0.002870968530751713 0.018408274345464326 -0.04396171427889832 0.0028438284580965143 0.9990291689021705 0.9997794918262412
0.9955727476143447 -0.002256074196173288 0.09396709177603536 -0.10718215770906275 0.0031381125165114454 0.9999523865261443 -0.009239963771701864 0.08227793912638387 -0.09394177163252887 0.00949393542689278 0.9955324247520277 1.9908217158360326
0.9904611103730997 -0.0018953345935162787 0.1377795215018011 0.05216173040393801 0.0036812475795508274 0.9999124680528886 -0.012708447924087577 0.042608351962110776 -0.13774337463103153 0.013094423972050667 0.9903813905794554 2.9772475009166026
0.9830564697934003 0.0003809447424501528 0.18330256975405612 0.2366551710002791 0.0024692335452254693 0.9998795846756048 -0.01532054289636105 0.014567537656907048 -0.18328633359592456 0.015513575669177793 0.9829371540881544 3.95968114426879
0.9733670172084903 -0.0022161826949958444 0.22924165927010087 0.4650904409043424 0.005930648941733936 0.9998620373146432 -0.015515596673707102 -0.009754702276696708 -0.2291756470783415 0.0164619218584478 0.9732458722825131 4.9329363712480845
0.9616772989204123 -0.0028622162241381107 0.27416889039317804 0.7394052720577027 0.00775822745017051 0.9998291900067958 -0.01677500274772356 -0.037403962036564015 -0.2740740459218487 0.018259203943244418 0.9615352405519973 5.894178729992324
0.9481106463823483 -0.005282125749541706 0.3178966834743828 1.067002294836905 0.012088559858115905 0.9997379031070482 -0.019442011513194905 -0.06458803681764694 -0.3177106685917278 0.022276091189624873 0.9479260028210582 6.838605115052081
0.9329201599028846 -0.00718306954617912 0.360011636976739 1.4332246013228875 0.01590208597354768 0.999647447296084 -0.021262755609585827 -0.10141041319415744 -0.35973198204839457 0.0255613893659525 0.9327054821674502 7.768403649606636
0.9155263361929938 -0.007461595576502379 0.4021888267076625 1.838122137688165 0.017844517492748707 0.9995970406032604 -0.022075543315059266 -0.1340945765100207 -0.4018620421643284 0.027387606844278906 0.9152905648256507 8.682181363598666
0.8959080043619471 -0.007951879138323436 0.4441684537856814 2.284742859584731 0.019171787777655113 0.9996003477754167 -0.02077467883445407 -0.16641928722195193 -0.4438257431398072 0.027127704389344424 0.8957024044742552 9.576320627846501
0.8739240862173832 -0.007842447971319706 0.48599916413398186 2.7683037739067897 0.020013315838588036 0.9996024919909718 -0.019857623084957945 -0.2056301087044788 -0.4856502431979798 0.027080509878074255 0.8737336477820266 10.450752634154915
0.8499296832886206 -0.007764072236372428 0.5268389247646889 3.295648030232156 0.020759460659839413 0.9996084929438622 -0.018759147838149234 -0.23669170841395826 -0.5264870162292873 0.026880848513567247 0.849758107772543 11.299836371125584
0.8243089078429563 -0.00789054338051923 0.5660852972617403 3.869657597696342 0.02241762669773317 0.9995735883361845 -0.018710732587626726 -0.2721030803124981 -0.5656962740411093 0.028113712417337205 0.8241343001660114 12.117918904407603
0.7970491351709655 -0.00965748298894946 0.6038372372962223 4.478197544901107 0.026042446174195426 0.9994916712060041 -0.018389947990509126 -0.30608349316995875 -0.6033526888317314 0.030383090891936075 0.7968954766262462 12.910714240101436
0.7682494159068759 -0.008821939472335118 0.6400898439615259 5.116196385377668 0.02693512493816005 0.9994649969698391 -0.018553136571634918 -0.3474164208496024 -0.6395837193075741 0.0314943362531501 0.7680760201833302 13.679641446456454
0.7381238985994582 -0.012221774333863721 0.6745544741149294 5.810673040055006 0.03220501861092058 0.9993344140267083 -0.017133759603962358 -0.37730938066823244 -0.6738960951753667 0.03437087682949367 0.738026216155879 14.398535435312137
0.7059562173537264 -0.011357021661564257 0.7081644139877387 6.5215566400879394 0.03269118688324169 0.9993282550957657 -0.01656275542951008 -0.406156918615558 -0.7075006045790938 0.03484331537370634 0.7058532693796812 15.101253235531402
0.6722803570899023 -0.01006817734070578 0.7402281764943225 7.276145872260043 0.03396268314685856 0.9992741618961524 -0.017253565434689516 -0.4469852156856094 -0.7395171787217248 0.03673936814616065 0.6721343327071465 15.756179277890919
0.6358591189475719 -0.010798255355845734 0.7717296019542648 8.002298322820986 0.038603527541022885 0.999095567113678 -0.01782737880868731 -0.46620426934415266 -0.770839119734207 0.04112718632570062 0.635700877797352 16.44344431176716
0.5991041336836268 -0.008993295792879958 0.8006206077999574 8.791571149271316 0.03875418587594425 0.9990906312470547 -0.017777053508817628 -0.5012565834809934 -0.7997326741357288 0.04167770609263868 0.5989078549614888 17.056485681530102
0.5617976912235906 -0.007732371201231837 0.8272385173403435 9.63405595702538 0.042020722590914016 0.9989322382060193 -0.019200061084560918 -0.5256907178079429 -0.8262067616576255 0.04554771024233582 0.5615227449381721 17.5946513642556
0.5233137454948464 -0.0059232152828002736 0.8521194982494351 10.495855031229407 0.046834693874822544 0.9986642898453618 -0.021820807439493828 -0.5468140347134068 -0.850852064242549 0.051327884316163 0.5228921619854516 18.10146113254953
0.4845106602785561 -0.004700431102367899 0.8747727282122425 11.372371744135439 0.04856949913573315 0.9985876160818671 -0.02153547681474072 -0.5679270097920857 -0.8734359872538693 0.052921441357791005 0.48405464279817867 18.58236930920395
0.4462492033071789 -0.006102694096719481 0.894887929113177 12.275000481283845 0.05368010246030028 0.9983586741349638 -0.019960069622355598 -0.5876499556581425 -0.8932973162097597 0.05694484089221328 0.4458443561919348 19.012337155020642
0.409381004215933 -0.006708652968116515 0.9123388555588917 13.191588785450728 0.05764923438915871 0.9981649487842161 -0.01852837804417205 -0.6204419236987035 -0.9105403665744303 0.06018080253666695 0.4090165178138222 19.41082247162202
0.3743272386264847 -0.0040656939668196335 0.9272877593038957 14.125745055111734 0.05937932456399922 0.998043164882731 -0.019594306448192565 -0.6363046846452846 -0.925393545599165 0.06239640344948265 0.3738361601022238 19.767333925475764
0.34110983227655367 -0.00471878311506797 0.9400116038699603 15.070354482063118 0.06016516183136239 0.9980466703401716 -0.01682251838172452 -0.6602898566278772 -0.9380960695078447 0.062294276693853956 0.34072743867367405 20.09465291680729
0.30762157542779117 -0.006356029583884566 0.9514875549471223 16.020612329266 0.06258669155785614 0.9979472973350335 -0.0135682637630918 -0.6894530552431823 -0.9494481936215188 0.06372434879723635 0.3073879226632087 20.404748888682622
0.27493065711377906 -0.006206002386971405 0.9614440281749941 16.981993523326114 0.06324362759384364 0.997930195629794 -0.011643376617330994 -0.7111759019822502 -0.9593817683006888 0.06400632925465026 0.2747540945419896 20.679110507190277
0.24241856956922836 -0.003236101274156313 0.9701663593304773 17.949003032915282 0.060648428734094956 0.9980891409630118 -0.011825175846610326 -0.7362758628161583 -0.9682742407087438 0.06170570751771068 0.2421516063123354 20.932611158797553
0.21149544115753022 -0.001475865370226614 0.9773778697059755 18.925631061853352 0.06067813869746371 0.9980897095889429 -0.011623041635978033 -0.7530345913639568 -0.9754936400888489 0.061763690256244314 0.2111809762079383 21.146893258214643
0.18085617741358453 -0.001264567698163634 0.98350874117106 19.908070647454736 0.06280313120041776 0.9979731377658922 -0.010265622685606234 -0.7741155247548231 -0.981502322871815 0.0636240297862127 0.18056902566883967 21.33227943601944
0.1503238292676747 -0.001416390035815412 0.9886357975481009 20.89709031413256 0.06465290156670912 0.9978724498146673 -0.008400965413593057 -0.7912666222676807 -0.9865205262300971 0.06518103819471895 0.15009558150242228 21.47906471728927
0.1199506051458719 -0.0020241643019501786 0.9927777974370791 21.88951108976853 0.06346446350055283 0.9979682001709028 -0.005633233550669209 -0.8084637826042357 -0.9907492690876565 0.06368182006293556 0.11983535202829697 21.600741509560397
0.09041257900136666 -0.002320832049480668 0.9959016915825175 22.885163340863656 0.06409436794313667 0.9979377282673736 -0.0034932074836870964 -0.8225851559736691 -0.9938397645276078 0.06414751935306914 0.09037487595873227 21.69281301288999
0.06339280578871184 -0.0018805815124479353 0.9979868814705982 23.88391038387409 0.06691542932633256 0.9977558352002442 -0.0023703674686104334 -0.8267716077991306 -0.9957427767713442 0.06693098488023837 0.06337638180469203 21.742680815178062
0.03824193383022206 -0.0011846009743952564 0.9992678075558407 24.883532499548952 0.07094019943655071 0.9974793932017992 -0.0015323973613987911 -0.8288423083031072 -0.9967472310474843 0.07094685939703234 0.03822957678120995 21.770090997169948
0.015431272813537856 -0.0007772464899879082 0.999880628728874 25.883418734719744 0.07529077722572575 0.9971615462004174 -0.0003868383893685846 -0.8399287885248882 -0.9970422130903485 0.07528775907866535 0.015445991350915414 21.780317764400223
-0.004769444272505626 -0.0007805161067518505 0.9999883215297762 26.88330842679459 0.08110822831490588 0.9967046195053993 0.0011647987872554324 -0.8430339040984656 -0.9966938886643923 0.08111283653778108 -0.004690420860289641 21.765793922585708
-0.022422978572987144 -0.0014855786458675673 0.9997474696582147 27.882729102591725 0.0854872752951284 0.9963334683969904 0.0033978691320726622 -0.8508701605983859 -0.9960869117675074 0.08554187751102207 -0.022213765942743425 21.73267465476987
-0.03789345665792335 -0.0013100533054580285 0.9992809263179456 28.881620662785718 0.08863464878778099 0.9960532711492199 0.004666911956075362 -0.8515769360675036 -0.9953431493594461 0.08874775937045341 -0.037627785344652775 21.68560947166855
-0.0523341015072897 -0.0019395260750391854 0.998627748491914 29.88021834915105 0.09104010817382982 0.9958246531987199 0.006705131269946625 -0.8553433566707659 -0.9944711360935127 0.091266085268593 -0.051939013820285415 21.63280364897794
-0.06546123350441384 -0.002921714115370507 0.9978508357939623 30.877569458717055 0.09118990744475741 0.9957937674217181 0.008897951690040361 -0.8544355888761251 -0.9936796403712299 0.09157639625301792 -0.06491945749167195 21.560071811347395
-0.07752924935116871 -0.0026660037817566717 0.9969865134087222 31.874008301958135 0.09099728040316071 0.9958035170599254 0.009739115478929795 -0.8511394591939856 -0.9928286410324154 0.09147812763124878 -0.0769613000852249 21.47581774788729
-0.0889527367284595 0.00022963569491857684 0.9960358215927604 32.87073112697773 0.09113686524890181 0.9958069645880595 0.007909555646127865 -0.8489018944065924 -0.991857591804953 0.0914791590766077 -0.08860068303075173 21.394956240426783
-0.09919843362438746 0.0037774864357122285 0.9950605013579306 33.86566160994261 0.09163491413413068 0.9957782720077563 0.005354951809114122 -0.8470025671794414 -0.9908393983275485 0.09171348643179716 -0.09912579446554752 21.29440920335736
-0.1085661966801792 0.006407557897768173 0.9940685711459686 34.85989946026194 0.09294345461751582 0.9956643911679047 0.0037328814617971764 -0.8471564869223692 -0.9897347600151074 0.09279743187196937 -0.10869103668566546 21.187212872367628
-0.11607722451739934 0.007535106176810187 0.993211608934995 35.85341690970851 0.09270641790153214 0.9956880820307056 0.003280759345300109 -0.8466243537410804 -0.9889042410811087 0.0924579119216927 -0.11627526174933622 21.073534490405198
-0.12171184393049246 0.008284770131001954 0.9925309010962409 36.84545392558178 0.09236092325924891 0.9957210311888822 0.003014614875664757 -0.8441044560625492 -0.9882589169351008 0.09203798472384048 -0.12195623176465974 20.947613129037656
-0.1268056274558883 0.009873844125154295 0.9918784401567113 37.838059083578585 0.0936822404766207 0.9956000051392295 0.002065813652568029 -0.8484646874209166 -0.9874937825955156 0.09318335135075725 -0.1271726871865265 20.826303736558692
-0.13143437659887117 0.011635424934766981 0.9912565871330459 38.829897530262514 0.09272392371069488 0.9956916718404661 0.0006071237363320461 -0.8475435945837739 -0.9869788643227168 0.09199299709285146 -0.1319469964270318 20.69880617863465
-0.13574018988244158 0.01250771161831644 0.9906655126735523 39.82174159824021 0.09316018674458895 0.9956511145678543 0.00019407602491900474 -0.8510922717491524 -0.9863547944104052 0.09231692807856619 -0.13631509209821444 20.571398440612903
-0.1388468982514649 0.011590024473721629 0.9902460351744138 40.812631560416776 0.09270363888887499 0.9956928378388978 0.001344623770442423 -0.8493094341107246 -0.9859653006991216 0.09198610769579013 -0.13932329958865441 20.43673632883797
-0.14112788558198527 0.009721562403893899 0.9899436403834239 41.80219153638967 0.0931348864612577 0.9956473491047326 0.0034998777933058205 -0.8465757702472126 -0.9856007370304708 0.0926922189029189 -0.14141902177517185 20.292640662579586
-0.1430199993432708 0.008595163534104543 0.9896824758232678 42.791553066790755 0.09315025005605485 0.9956404236252445 0.004814328389168233 -0.8444296011758785 -0.9853264995433473 0.09287771534208994 -0.14319713436549036 20.147178859653582
-0.14532006463889519 0.009455077039257055 0.9893395172192049 43.78166004414833 0.09572679547445434 0.9953972557635716 0.004547949707658676 -0.8446162285875851 -0.9847428392435966 0.09536720996512957 -0.14555629777487278 20.006864503454
-0.14665613195609092 0.009257105720274127 0.9891442184804811 44.77164392071285 0.09498896872897948 0.9954669097608482 0.004767325350031756 -0.8395191538497618 -0.9846162068438052 0.09465694673330508 -0.14687064940159247 19.865776148258146
-0.14719033941636728 0.010781849907708807 0.9890494202490908 45.76096656583785 0.09716182761831374 0.9952620493135869 0.0036100484746424866 -0.8379520391700929 -0.9843244298687116 0.09662921353652743 -0.14754054308883488 19.720042734135557
-0.14722559598587534 0.011041629150178731 0.9890413066764775 46.750393373828274 0.0972458032758405 0.9952547073320168 0.003364710789748077 -0.8403541001642092 -0.984310864326835 0.09667548789208166 -0.14760071954088663 19.575029625308723
-0.14643129086648432 0.012383345979598039 0.9891433312708148 47.73904910056812 0.09716411792045913 0.9952665132074443 0.0019240261526051613 -0.8428295328347142 -0.9844374084947781 0.09639097691301998 -0.1469413771741619 19.424850711283252
-0.1451735138469744 0.012231829344726285 0.9893305985504562 48.72795267440062 0.09757710092493907 0.9952259314059108 0.0020136614219651567 -0.8456752954623037 -0.9845828356478733 0.09682834196721292 -0.14567399198029046 19.276319221822785
-0.14392697043447647 0.011133854305737958 0.9895256765086251 49.71700817622006 0.09645260291208678 0.9953335557537992 0.0028298731389783537 -0.8462825941785657 -0.9848766027137801 0.09584962221520743 -0.1443292324796512 19.128776598832797
-0.1426326359721708 0.011854154047717919 0.9897047085810209 50.70592561660468 0.0975662709919278 0.995226728233119 0.0021406015817681976 -0.8492818704140614 -0.9849552040170966 0.09686711744557651 -0.14310837724404818 18.980340483080067
-0.14161450117786925 0.012600983357149265 0.9898416783883048 51.696141925897955 0.09752160261058791 0.9952325818519607 0.0012825928985154024 -0.8515847530286254 -0.9851065272753025 0.09671258056071913 -0.14216823372638637 18.840818665391534
-0.14067147741575245 0.013235078191308708 0.9899678621788384 52.686096443532165 0.09866210365762425 0.9951207349796676 0.0007156223714739988 -0.8545034570377059 -0.985128075299614 0.09777297949227222 -0.14129090465306648 18.699462681410317
-0.1397548608814544 0.0130959370016952 0.9900995279738563 53.67710118116457 0.09841393425720392 0.9951452992250631 0.0007286798188903891 -0.8576033363905962 -0.9852833482831344 0.09754142640082385 -0.14036521553315284 18.565671871888085
-0.13904880845398332 0.011517524126922035 0.9902185493644892 54.66785923128377 0.10021097124430531 0.9949630724254086 0.0024991502684624982 -0.8603270679141024 -0.9852021062248094 0.0995782664429197 -0.13950261195555552 18.430058275905814
-0.1384373354881387 0.00967656290692531 0.9903239208830881 55.65781888338399 0.10153952845570892 0.9948214463879375 0.004473697308097236 -0.8581225493166266 -0.9851521853520586 0.101176350679991 -0.13870298395904304 18.28872530968463
-0.13768017115860573 0.010811161671544695 0.9904177347226012 56.648166024547976 0.10296943210267831 0.9946785157917716 0.0034563383414402543 -0.8584419505996603 -0.9851098753551246 0.10245862094323888 -0.13806072747968776 18.150116442743307
-0.1369345677348434 0.012810065609871435 0.9904972621760962 57.639561799216175 0.10523446591161319 0.9944460065924212 0.0016873519739149807 -0.8606890895266628 -0.9849744318222526 0.10446550718518116 -0.13752209446112146 18.01923730623258
-0.13635457283917066 0.012419476163782866 0.990582246498323 58.630653532943505 0.10431216193558066 0.9945428108084935 0.0018895347222053181 -0.8640347920038728 -0.9851529847379912 0.10358742240715542 -0.13690596254681134 17.88609842505119
-0.13630682581033912 0.012336541117547695 0.9905898540721911 59.621174374502395 0.10441218023135948 0.9945321360655216 0.0019816539266064863 -0.8635916161555233 -0.9851489967801034 0.103699759335332 -0.13684960378806396 17.74873669076194
-0.13635757256221218 0.011287746086134667 0.9905953761214698 60.61373018631043 0.10454934488223203 0.9945149957708089 0.0030590311675600212 -0.8687541193554361 -0.9851274267269373 0.10398321968126847 -0.13678977715852803 17.627055595302576
-0.13646208272135074 0.011472471584077645 0.9905788622694832 61.605961929530196 0.10562353088185533 0.9944015611875213 0.003033946583262442 -0.8669991419244456 -0.9849983602541688 0.10504245571945113 -0.13690987105766333 17.502664808910417
-0.13693050940717386 0.011387171747789223 0.990515203272054 62.59876830199958 0.10613875547818592 0.9943460447332254 0.0032415904942726154 -0.863816637122619 -0.9848779620739994 0.1055759235951883 -0.1373649306700552 17.382976219552525
-0.136857855911621 0.012320167424243893 0.9905140790265996 63.58895823089399 0.10634632784670574 0.9943264291383371 0.0023261277962890736 -0.8672068114057175 -0.9848656689258669 0.10565588384771704 -0.13739158773215557 17.24328945767568
-0.13791463043390675 0.013035015392150136 0.9903583407464217 64.5815531961093 0.1057396852053136 0.994392497707156 0.0016369106283440145 -0.8712200952942035 -0.9847835669247129 0.10494593311534468 -0.1385195922517437 17.121884726971626
-0.13869538260765082 0.01373819943070606 0.9902397955645489 65.57136918076245 0.1049589140570906 0.9944761482596725 0.0009038266219643898 -0.8748298655062039 -0.9847574407960947 0.10405985017771473 -0.13937119637040424 16.979577783752962
-0.14010265479978407 0.014426886884432052 0.9900318737560303 66.56240230998404 0.10407631033451796 0.9945692868376778 0.0002351730139872227 -0.8783270578072934 -0.9846519018136339 0.10307181289769374 -0.1408432946248312 16.846007254052296
-0.14111436712658113 0.01360700477901864 0.9898997852365704 67.55269534903611 0.10301701601055388 0.9946790782121658 0.001012807621264078 -0.8839572903284804 -0.9846188246233902 0.10211944373105523 -0.14176526164513617 16.707126091711228
-0.14232140619002812 0.01323989431342349 0.9897319447904378 68.54223424502814 0.10214983286873801 0.9947680647419548 0.0013816708853348094 -0.8837011257018158 -0.9845354381559774 0.10129759408848689 -0.14292924279832334 16.56286006072512
-0.1428131790307862 0.012185932895234456 0.9896746429683814 69.53284537102914 0.0996527542968131 0.9950199989109734 0.002128456780339593 -0.8869994474327549 -0.9847201249371214 0.09892777570874424 -0.14331633102037122 16.426190026916395
-0.14456460853549558 0.013230854028299797 0.9894069023716483 70.52266602480228 0.09941246616439567 0.9950455644232388 0.001219136067599199 -0.8880374155954999 -0.9844888194032941 0.09853562413320495 -0.1451636843242406 16.28387356259377
-0.14728301559449958 0.013916432351508431 0.9889964844366211 71.51246025200336 0.09844060836118576 0.9951427108441545 0.0006570230036794837 -0.8954231818291446 -0.9841834991214138 0.09745418392431178 -0.14793756146691142 16.141561165923495
-0.15156512680544992 0.014775756696763358 0.9883368299069328 72.50230197363905 0.09878780929399864 0.9951084837781999 0.00027248402683824194 -0.9007434270852769 -0.9834983381131562 0.09767692934716138 -0.15228340816375568 15.999487096836177
-0.15593458860808018 0.013774840987129115 0.9876713308745009 73.4889502490879 0.09676177176775075 0.9953065919819951 0.0013955219641530554 -0.9079262253820253 -0.9830165632378705 0.09578643804300274 -0.15653560197935576 15.8367800964328
-0.1607128340791337 0.01300654401917555 0.986915505387837 74.47557021749657 0.09535087029591918 0.9954408125336812 0.002408376236354373 -0.914096377822508 -0.982384647933824 0.09449030931774041 -0.16122029943209348 15.673860032686209
-0.1651693134385759 0.01373072219649743 0.986169643198467 75.46234930923391 0.09424285031199908 0.9955473806340503 0.0019230386766313494 -0.9223308358908912 -0.9817522004372076 0.09325706504412556 -0.16572789975153826 15.511998370086074
-0.16967038948373897 0.015215409780385231 0.9853834026599245 76.44795828659744 0.09542664065257063 0.995435900173616 0.0010606127042296063 -0.9377116416983577 -0.9808698767860092 0.0942117824412538 -0.17034795233004754 15.343658373110213
-0.17342730526716074 0.016806223167118793 0.9847032652787476 77.4303631591907 0.09497264819822444 0.9954798474584169 -0.0002634357301314566 -0.9439233634334231 -0.9802566836711631 0.0934741898441734 -0.17423951891286849 15.156998091221192
-0.17882671257739285 0.017087248482606617 0.9837321956752538 78.41732109822802 0.09316678513470016 0.9956504516918006 -0.0003580413087862061 -0.9468928779339454 -0.979459522908643 0.09158713875434583 -0.17964086116016262 14.99604720271872
-0.18322857040617252 0.017016191642215274 0.9829230591500564 79.40016732195141 0.09232323918989972 0.9957290890278474 -2.773550822741117e-05 -0.9560576387790906 -0.9787255542246736 0.09074155875765641 -0.18401700742549773 14.81184815939241
-0.1878877050787474 0.016260333824997926 0.9820559107424285 80.38229831424256 0.09198900820500407 0.9957594013737174 0.0011121804333581085 -0.9739264353495839 -0.9778733213712811 0.09054731426031497 -0.18858672071633828 14.624499820670787
-0.1963399292732192 0.016513165989810168 0.9803968316564367 81.37464888773998 0.09104915373955773 0.995845328391596 0.001460658736813906 -0.9710810928460671 -0.9762994846748088 0.08955108748434039 -0.19702771113240414 14.50108092837575
-0.20269945627793665 0.0167031700398352 0.9790985315764947 82.36048862717541 0.09114757868932481 0.9958356188176022 0.0018812743652834518 -0.9707573682476464 -0.974989768830269 0.08962379374242335 -0.20337779198209696 14.333391086671696
-0.20771663910089808 0.0183871034179962 0.9780162126818359 83.33922150658515 0.09171022712464878 0.9957854495547225 0.0007567667046989863 -0.9719267156528191 -0.9738803992695262 0.08985128203312334 -0.20852749227771208 14.12825561073834
-0.21369152186562895 0.019633630922886575 0.9767038722251152 84.31707878628636 0.09144823901744673 0.9958098309833081 -9.879476894560047e-06 -0.9766995526719439 -0.9726115118912373 0.08931573799605509 -0.21459157924499375 13.919037206753817
-0.2199125704269716 0.019650948187621052 0.975321640077533 85.29564168988638 0.09208238123149534 0.9957511462303941 0.0006998911305426575 -0.9854732381443431 -0.9711638875261678 0.0899638539424832 -0.22078770017570154 13.713276067941521
-0.22539495521464106 0.019669177975642438 0.974068908035541 86.27068071582133 0.09123983598463295 0.9958284413019083 0.001003904233372653 -0.9913617040565095 -0.9699857764386478 0.08910016235661397 -0.22624931950115898 13.491320658108295
-0.23254268442319714 0.02045793793067312 0.9723710056850097 87.24235361585417 0.09020373610045428 0.9959231411625339 0.0006187814410952746 -0.9956596673981367 -0.9683941273648722 0.08785539068592735 -0.23344002315937562 13.255029983584102
-0.23686421919114553 0.018548973307963016 0.9713656763836102 88.21995639398466 0.09225665770843691 0.9957291715005335 0.0034822595150399522 -1.0811973099189047 -0.9671525478307115 0.09043977339689775 -0.2375638790146351 13.062738281478198
-0.2382806761000694 0.0156572041382007 0.9710701166011997 89.20068753460214 0.09602874430194612 0.9953501937120074 0.007514795091113559 -1.15243502074192 -0.9664371679861472 0.09504127438142149 -0.23867625876670218 12.88082732195368
-0.2419371274821757 0.016327355488852648 0.9701545463524938 90.17024673479679 0.0975065961407998 0.9952061096832029 0.007567229232698418 -1.1363783939317746 -0.9653801790251898 0.09642726124891152 -0.24236933228716342 12.636497377241474
-0.24499874374187144 0.01731975966785535 0.9693686819213583 91.13635834533561 0.09773400397751648 0.9951885120327374 0.006920258997268837 -1.1243533835030488 -0.9645847189497804 0.09643573737528102 -0.24551266469463023 12.378652976429022
-0.2484123974235041 0.017734706323533696 0.9684920035797528 92.10642740692684 0.09839132864030586 0.9951230800017385 0.007014420592540888 -1.129583143097837 -0.9636443468700999 0.09703368404565346 -0.24894585135291092 12.135880149814081
-0.2533685387608087 0.01776352554232351 0.9672067207823355 93.08168453631168 0.09806874789033937 0.9951520309448161 0.007413230984472831 -1.137017276284949 -0.962386047412073 0.0967310315602768 -0.2538822626333923 11.91493163680386
-0.2527978743271944 0.017864037487846395 0.9673541806909627 94.01973161820854 0.09730731589897174 0.9952294095574932 0.007050434339913567 -1.1425982771988255 -0.9626133808586855 0.09591297366089996 -0.2533301807431034 11.56846878920237
-0.25050678300814766 0.018387087575946724 0.9679402185452273 94.93825663965318 0.09797969451491871 0.9951674910351752 0.006453235585191743 -1.145043444713431 -0.9631439825538397 0.09645506620820497 -0.25109776795722105 11.173113524628528
-0.26072502223184435 0.01463765449924703 0.9653021298292903 95.92414358319304 0.09271746145387796 0.9956427924692826 0.00994495578261 -1.2036174503706365 -0.9609505372930243 0.09209326183130911 -0.26094615536833776 11.016282456538285
-0.27027184594491627 0.01517733485478508 0.9626644159811 96.91914339726907 0.08929546614178806 0.9959611260924148 0.009367765969004481 -1.1828145790313214 -0.9586341580686801 0.08849341116396718 -0.27053551922902186 10.918596350395992
-0.2811135940198799 0.018807032393196532 0.9594901994235203 97.91508512419844 0.08954977159967335 0.9959597141915064 0.006714619424769388 -1.1188732089043554 -0.9554873027223709 0.0878096990094738 -0.28166198021066446 10.855259447560794
-0.2854083291172293 0.018750648449915565 0.9582225727111725 98.87132510397632 0.08864670705720196 0.9960391421429656 0.006912933315190038 -1.116923433140255 -0.9542975673229106 0.08691628444551285 -0.28594005053465377 10.562682484310287
-0.2895893859107513 0.01813717546544983 0.9569791170312801 99.82712072047221 0.08815171146700726 0.9960765427372125 0.007797228617920725 -1.1127276909915222 -0.95308303066064 0.08661734165176212 -0.2900520173898297 10.268680587689891
-0.2935806281345109 0.018077296645064894 0.9557633735031655 100.78437263526047 0.08850983502664707 0.9960403174518647 0.008348359955390659 -1.1108079765844552 -0.9518279381735445 0.08704537527287336 -0.29401816058859787 9.979431445398841
-0.2969390184779538 0.018998412236559594 0.9547074314353264 101.73768499488219 0.0901116629246034 0.9958978364078641 0.00820899769146118 -1.1151778299312403 -0.950635107446759 0.08846784597030427 -0.29743290456683175 9.677477095719642
-0.30106467301240136 0.020232288803908673 0.9533890691389797 102.69522381939497 0.09038178793135382 0.995879645050044 0.007407090206750756 -1.11543578499337 -0.9493109053804589 0.0883990218540588 -0.3016528101327378 9.389172893605096
-0.3038708762448783 0.02173169978738675 0.9524653399439371 103.6463000243542 0.09048451532115798 0.995878900334078 0.006145596511600888 -1.1176540577980145 -0.948406581091287 0.08805083244205669 -0.3045849764006679 9.080224497307515
-0.3075283081256201 0.022989763520943996 0.9512611683836588 104.60018842494465 0.09118249313016802 0.9958194971812043 0.005411282689065982 -1.1147280755055287 -0.947160014278453 0.0884024875612964 -0.30833894912095333 8.780077303509438
-0.31093589926947657 0.023758973234246198 0.9501338735864201 105.55479892368955 0.09091667901969049 0.9958466883272462 0.004850858036252003 -1.1166861952245741 -0.9460724200723278 0.08789132231632223 -0.31180457251293703 8.482226768264328
-0.31467222872304285 0.02370907310747064 0.948904246129638 106.50739304060023 0.09098496542578936 0.9958382138704733 0.005290355539486278 -1.1192643514327847 -0.9448296801735959 0.08800074799483719 -0.315519799403156 8.177993664433068
-0.3184412463253 0.023755389624377093 0.9476448987371707 107.45549068339834 0.09103192417147599 0.9958320797633032 0.00562651721169944 -1.1277969837778343 -0.943561530277929 0.0880576537166924 -0.31927650743749125 7.860128860069802
-0.32223924885393973 0.024632537386061037 0.9463377328417016 108.40397386862705 0.09351364107430776 0.9956003522252683 0.0059276961754156695 -1.1345993542688837 -0.9420281659436056 0.09040562344703325 -0.3231249879196571 7.543374452005277
-0.32508012628187255 0.024829934545973365 0.9453604528681128 109.34884850952129 0.09567876677046609 0.9953893290330077 0.006757013874662363 -1.1397239135795263 -0.9408339306624967 0.09264749320765386 -0.3259569862980279 7.215982283683378
-0.3278303449126027 0.02438690474135758 0.9444218039793547 110.29642754128251 0.09658992138310296 0.9952934786980633 0.007828048819128318 -1.143021443437298 -0.9397859607600493 0.09378789974322153 -0.32864293362259456 6.896477847271811
-0.3305710261631643 0.024099952739589335 0.9434733641917936 111.24379798499004 0.09646376123747408 0.9953012635922521 0.008374811017979206 -1.1412840035382037 -0.9388383989959886 0.09377945920944943 -0.3313425321340904 6.576343182300741
-0.3336044660259517 0.024576660911710204 0.9423927249220302 112.18983154348611 0.09536008220793206 0.9954123006221802 0.007797851714145227 -1.1399843426422052 -0.9378776652468248 0.09246804587796874 -0.33441762142966297 6.252277144146576
-0.33639786438600794 0.026533921973552067 0.9413460722928806 113.13343276418179 0.09492239610670607 0.9954674165152233 0.005861857544303102 -1.145055327290458 -0.9369238045614454 0.09132674110691522 -0.33739177643341495 5.921231827877368
-0.3391176549049526 0.02833372268841058 0.9403171891922324 114.07278757466077 0.09456404832090518 0.995510308242739 0.004106938958562925 -1.1490495020925153 -0.9359790899891545 0.09031293562421754 -0.34027447268640143 5.578308269871985
-0.34282446170818576 0.029224923891918733 0.9389447759469153 115.0176246216529 0.09348825675148906 0.9956154141265757 0.003145314473278881 -1.152380173064659 -0.9347359703702747 0.08885860103039926 -0.34405350560466547 5.250784467200763
-0.34604851860924823 0.029820335085100548 0.9377425928173231 115.95863270707527 0.09193179584369376 0.9957627424812469 0.0022595572974696094 -1.1615982121096584 -0.9337017552094978 0.08699027705232014 -0.34732365887895106 4.912525999662967
-0.35057910743249043 0.03026644379062457 0.9360439262193339 116.90466444594111 0.0926206053099065 0.9956983493324443 0.0024941148075659034 -1.165620330703532 -0.9319419042536201 0.08757133958616664 -0.35187433492543746 4.5884770039668625
-0.35378538824860767 0.029546391900935054 0.9348598342999963 117.84051002846488 0.09211390262898606 0.9957427106110622 0.0033886881522173927 -1.1686490159550027 -0.9307797419391112 0.08731245610204548 -0.3550008549358554 4.236079710114038
-0.35778945247437816 0.028786877295026183 0.9333584645749371 118.77709404344486 0.09141349597701418 0.9958036104881737 0.004329213782999866 -1.169264764635803 -0.9293171043574652 0.08687050727559709 -0.35891953766037143 3.8856371560079257
-0.36174453756728897 0.028690711969303888 0.9318356789621874 119.71460389716997 0.091569482612213 0.9957866920532134 0.004888126824397892 -1.1735519107063024 -0.9277693244521283 0.0870959641798297 -0.3628475900832543 3.5377048715966337
-0.36496816799295684 0.028700553699610824 0.9305775166901459 120.6466115593942 0.0907103296754457 0.9958654511448521 0.0048620269675190625 -1.1789844348384673 -0.9265904556178179 0.08618747840258842 -0.3660626259597748 3.1753070443268356
-0.36825286326939394 0.029277741459619953 0.9292645708025862 121.57619398019682 0.08989948459450049 0.9959417872345214 0.004247247314588239 -1.1821138416567245 -0.9253690676500564 0.08510446695169249 -0.36939046866606 2.8067060272581905
-0.37169666128978845 0.029947046895818678 0.9278710936160486 122.51097068103792 0.09007404640589589 0.995927280608421 0.003939277089107972 -1.1886598001642499 -0.9239741653044696 0.08504132008697803 -0.37288029678138096 2.451530507285191
-0.37431501734180694 0.030446213318820418 0.9268016486211845 123.43976907958194 0.09080252249201709 0.9958610514769256 0.003958290080262064 -1.1959165666155243 -0.9228451493622796 0.08563757496460071 -0.3755303397232935 2.081016196949279
-0.376840249870246 0.030162696039433987 0.9257870369827832 124.36607419435634 0.09175678941117736 0.9957693587637823 0.004906703997530568 -1.2002285101508774 -0.9217223647469351 0.08679628975249573 -0.3780136061182411 1.7042666494746859
-0.3794853520106145 0.029532000991737656 0.9247262992511902 125.29081593308909 0.092793929588578 0.9956655121478817 0.00628287758970844 -1.2060121287394305 -0.9205325383933416 0.08819324711519125 -0.38058086778290384 1.3237154092695214
-0.38222539259383204 0.030333020351554864 0.9235711435145865 126.21770079971053 0.09392999305225337 0.9955596475334977 0.006176132137700153 -1.2078502901890942 -0.9192828213676645 0.08911170562463051 -0.3833773575199427 0.9483741709399465
-0.38460403428515194 0.0308358984268566 0.9225664659956982 127.13637092700745 0.09345954616244764 0.9956068489854889 0.0056846709927582915 -1.214029254722204 -0.9183382002523328 0.08840899061404964 -0.38579631975423145 0.553396959389213
-0.38745108061536543 0.03102863200685903 0.9213679417723226 128.06270876956717 0.09283285396729392 0.9956664770926745 0.005507051674927637 -1.217374376812103 -0.9172042964107131 0.08766692871115143 -0.38865252894594743 0.17671806217034214
-0.3902822720414255 0.03225369289703946 0.920130125267445 128.98830485044735 0.09259076154070214 0.9956946555043488 0.004370798255432811 -1.2234324109953716 -0.9160276737126964 0.0869013940888193 -0.39158836639757755 -0.20174617024970032
-0.3931255535391209 0.03327451095948905 0.9188825311621527 129.9088900976912 0.0924169608085523 0.9957143068823685 0.0034820144565607704 -1.23229313187768 -0.9148286202942435 0.08628919973074259 -0.39451586723521903 -0.5921872928307801
-0.3954701833802394 0.03303728067596288 0.9178844546797463 130.8242869727068 0.08987113096999834 0.9959492560283068 0.002873888452323045 -1.2380634542789033 -0.9140713942988108 0.08362785123510345 -0.3968373326974486 -0.9946984660465308
-0.39825813091364004 0.03395123362177658 0.9166448466536706 131.7360211226096 0.09047759997080604 0.9958955418050249 0.002423575127626502 -1.2415099346548044 -0.9128002328355835 0.08390103425128886 -0.3996953231986416 -1.4054647519990957
-0.40060807636623313 0.033367942632488344 0.9156417146212917 132.6457548048025 0.09168613669643173 0.9957806061763054 0.0038257941441890916 -1.2478114305403405 -0.9116506027463748 0.08548429544439959 -0.4019771308725712 -1.820609183054534
-0.4028351894695343 0.032528639393883015 0.9146943192915461 133.555581344407 0.09201632423357273 0.9957443693782084 0.005113406510002824 -1.2486982892649472 -0.9106353859803523 0.08622666913882966 -0.4041140375310359 -2.235596967589942
-0.4057511538629598 0.03196879851948715 0.9134243247582663 134.46766157595155 0.09095544740386965 0.9958394972708702 0.005549978636252654 -1.2526507250754657 -0.9094465942134466 0.08533282836353985 -0.40697076145226846 -2.645589662008684
-0.40861171855039213 0.03205707301499973 0.9121451680149402 135.37756034405942 0.08955672025584042 0.9959685865603876 0.005115509937543888 -1.2611975125026857 -0.9083039454501513 0.08377898695147189 -0.4098353620968693 -3.060331948582111
-0.4129535980106983 0.03162150799713568 0.9102029477660478 136.30907263982064 0.0883096529718944 0.9960781026221424 0.0054606472745235245 -1.266895112551875 -0.9064605513104258 0.08263470039069674 -0.4141265207751573 -3.4239971250165873
-0.4164473139824873 0.03104052080634707 0.9086298040152763 137.22157703625297 0.08744390726648635 0.9961510897358489 0.006047272116509207 -1.2685335817645513 -0.904944858960335 0.08197251055171888 -0.41755875006411464 -3.8330607167599307
-0.4200045929042086 0.031338906527773915 0.9069807136190993 138.1323109126286 0.08695873233920909 0.9961947538701411 0.005847326873620271 -1.2721066533627827 -0.9033461799384146 0.08132579725556076 -0.4211315636370882 -4.246038948065275
-0.4237787066178427 0.031012429304345075 0.9052346861703591 139.04182572018945 0.08631401529710397 0.996248208388669 0.006276786252417034 -1.276912156710637 -0.9016437758785885 0.08079440890934336 -0.42486558451866796 -4.661682668122809
-0.42768457024978507 0.030391766449561194 0.9034169850641116 139.94876359410873 0.08526371579321329 0.9963348929164791 0.006846891721229781 -1.280449348835039 -0.8998977759386837 0.0799569990006089 -0.42870837543885826 -5.0829321918440105
-0.4313115480834141 0.030525913747297132 0.901686484915782 140.8481113469185 0.08435472291497172 0.9964138157168176 0.00661729329787414 -1.2765874925831553 -0.8982508720907683 0.0789156286076736 -0.432339790384401 -5.520149169536226
-0.43532626847531924 0.031248660902628265 0.8997302713408858 141.75475444143692 0.08453199886275882 0.9964008872323414 0.006293893140934067 -1.283801411502611 -0.8962953649013362 0.07879589528900258 -0.43640099191223536 -5.94198591347392
-0.4382705515578906 0.03163725249731802 0.8982861503393896 142.64510583749436 0.08475140931835419 0.9963824764036958 0.006257741940308095 -1.2848708073750978 -0.8948386012324758 0.07887360122410794 -0.4393663992321721 -6.397258609702277
-0.4416911433567659 0.0316207363606421 0.896609760660791 143.5398552008487 0.08454837709517943 0.9963981054772149 0.0065105554285826775 -1.2857280302885001 -0.8931743983180234 0.07868255482270532 -0.4427737003885923 -6.843826434305545
-0.44557073554402205 0.03197663005521636 0.8946754801362717 144.44288948806772 0.08335807891460506 0.996502202588019 0.005898382565875051 -1.289787173398284 -0.891357476160056 0.07720657593455842 -0.4466777298299465 -7.273375709044065
-0.4493866422104493 0.03243306727896231 0.892748420300867 145.34207289269781 0.08385135899735158 0.9964601629643455 0.0060077632582835345 -1.289468126955552 -0.8893933861892126 0.07755797684280177 -0.4505154434988169 -7.710947512373705
-0.45288277711686875 0.03309925809155594 0.8909554586536291 146.23583372884772 0.08424401813504472 0.996428247376239 0.005804587769937389 -1.2875859288129534 -0.8875810586078174 0.07768646564560118 -0.45405360636836606 -8.15948737132299
-0.456052207459411 0.034335803262816926 0.8892904118934899 147.1217441879876 0.08534308208187269 0.996337541598145 0.00529731469062459 -1.2862828197396958 -0.8858515351977236 0.07831063667511488 -0.4573122584967215 -8.623341810012354
-0.45900367981260365 0.03634800200120897 0.8876905117601553 148.0046332997091 0.08742343684134354 0.9961614577963325 0.004415052880042304 -1.2891959290261896 -0.88412259591605 0.07963148090803042 -0.4604194420732651 -9.092914286034128
-0.4615112102097854 0.03702501783866018 0.8863614109970852 148.88900015767956 0.0885216459122392 0.9960641605886406 0.004483993291183535 -1.2928459757036654 -0.8827068148913807 0.08053158414494328 -0.4629722917188648 -9.559692517819688
-0.4651630108101064 0.03937241049746425 0.8843490185812916 149.78887954612335 0.09026208871042234 0.9959131027907208 0.003137997991020649 -1.2901688895203802 -0.8806112245001807 0.08128287015957866 -0.4668157734084309 -9.995823116898535
-0.46801467311483436 0.041750538849163236 0.8827339113543882 150.67495456907298 0.09171372336732542 0.9957842427380924 0.0015280250738436496 -1.292252072577804 -0.8789487235870562 0.08167395190835973 -0.469870734228419 -10.459360271874054
