0.9999998673000683 -0.00045688455322573596 -0.00023802594579913177 -0.020420916992861138 0.0004572175165497955 0.9999989145208488 0.0014006817150554744 -0.01829807359836869 0.0002373857375873476 -0.001400790358816917 0.9999989907166819 1.3104833826168585
0.9999984108112078 -0.0016438751072000702 -0.0006899635430037456 -0.037011014902893706 0.001644899855378221 0.9999975411327598 0.00148729045584188 -0.04585087968764871 0.0006875169267174637 -0.0014884230131886915 0.9999986559578015 2.6208589551131087
0.9999948859329721 -0.0030249720531659125 -0.0010381001779082568 -0.04012993658134819 0.0030254726393126297 0.9999953075745095 0.00048098260981792643 -0.07361808984460985 0.0010366403477477656 -0.0004841208937257785 0.9999993455016607 3.931331306531554
0.9999948202676373 -0.003074616570366232 -0.000951930060952272 -0.05351420468519896 0.003075272336529999 0.9999950345384192 0.0006881849764451922 -0.10598440658829633 0.0009498094292480782 -0.0006911088560139884 0.9999993101150607 5.241633490142553
0.9999936893969577 -0.003383206100781103 -0.0010840123341078806 -0.06202300980702655 0.0033846570253007447 0.9999933749647576 0.001339448922017514 -0.12699468908056552 0.0010794735207233321 -0.0013431094792492517 0.9999985153958205 6.552207676415872
0.9999891673205654 -0.004571609816649267 -0.000875000117835749 -0.07571638156062827 0.0045736979117859955 0.9999866618540355 0.002399458571092642 -0.14780319954279184 0.0008640190585982422 -0.002403434564738915 0.9999967384813612 7.862741165848555
