0.9999967999996984 -0.001958988012141795 -0.001630129170451822 0.006189306578489334 0.0019574009874423755 0.9999975999996775 -0.0009745060562301359 -0.01731255733743271 0.0016320348288394208 0.0009713119440844916 0.999998200000625 0.9998309519475026
0.9999930999994997 -0.002475044012369954 -0.0027558371704349454 0.0020538887945036706 0.0024686619870400266 0.9999941999992068 -0.0023168283562149798 -0.039761627728752885 0.002761555828657914 0.0023100086441736715 0.999993500001295 1.9995703724845235
0.9999862999991875 -0.002528164012575328 -0.004580897170418716 -0.01397009203162478 0.002512019986388805 0.9999905999987782 -0.003526615356189489 -0.07356195970067946 0.004589770828643627 0.0035150586441840097 0.9999833000020372 2.998870475708558
0.9999674999988162 -0.004648687012898729 -0.006595320170392361 -0.02686051655662633 0.0046128149856655976 0.9999744999981273 -0.005443974356158275 -0.10524099483199084 0.006620459827898422 0.005413372644551217 0.9999634000030635 3.998285435585025
0.9999412999985166 -0.007134576013255964 -0.008152763170362598 -0.036275466333501 0.007072900985100946 0.9999462999974098 -0.007569121356130608 -0.1317989955519105 0.008206327827026483 0.007511011644985017 0.9999381000040863 4.997888322948764
0.9999199999982638 -0.008311338013410998 -0.009539068170348079 -0.052450286007933423 0.008230326984601483 0.9999299999970996 -0.008500812356106988 -0.1606058154365741 0.009609053826617784 0.008421621645191422 0.9999184000046546 5.997342409222745
0.9999040999980282 -0.008525348013279414 -0.010910730170355818 -0.07286615583647593 0.008441126984114693 0.9999343999973774 -0.0077422253560877445 -0.19350841198929378 0.0109760198265454 0.007649382645226335 0.999910500004618 6.9965924485925415
0.9998883999978272 -0.008811524013313822 -0.012066130170350681 -0.09739639423879914 0.008715867983701848 0.9999302999973088 -0.007957589356068563 -0.23597822582713662 0.012135399826450196 0.00785153264527658 0.9998955000048918 7.995388995679377
0.9998779999976299 -0.008278892013729607 -0.013247860170315059 -0.1211732172879626 0.008141372983275396 0.9999126999964328 -0.010401050356041124 -0.27422118229884107 0.013332809826656633 0.010291919645192054 0.9998582000059637 8.994374496727753
