0.9999966999999497 -0.002220141008981679 -0.001303943023292042 0.0036249928288041473 0.00222360299064581 0.9999940000006571 0.0026595607607758213 -0.019932920628526356 0.0012980301060030192 -0.002662451505429057 0.9999956999989641 1.0
0.9999914999999073 -0.003006968008961123 -0.0028258200232998275 0.003704918715521547 0.003016951990282903 0.9999892000008751 0.003535539760790996 -0.03939857407168012 0.002815159257526257 -0.003544035593568009 0.9999897999982 2.000056348103958
0.9999888999998829 -0.0021285350089703518 -0.0042058190232961675 0.0021214353975571925 0.0021417499899518354 0.9999928000007727 0.0031398507608043132 -0.058061830542567985 0.004199105396130312 -0.0031488235540681054 0.999986299997977 3.00012814430238
0.9999829999998548 -0.0015245410089692395 -0.005643893023296436 -0.004432270703527459 0.001542551989607413 0.9999937000007787 0.003188329760819065 -0.07282189685697844 0.005638997540263015 -0.003196981558898176 0.9999789999972688 4.000160773214952
0.999974699999824 -0.0016258290089586124 -0.006926312023300311 -0.012104150105669446 0.0016510809893009448 0.9999920000008886 0.0036417077608329592 -0.08631289027351703 0.006920335668371056 -0.003653051604502416 0.9999693999962299 5.000181507539212
0.9999622999997859 -0.0017396910089543726 -0.008516225023301625 -0.02105717177515378 0.001772273988920869 0.9999911000009332 0.003819953760850424 -0.10081827123742113 0.008509503827259166 -0.0038349016226845536 0.9999564999949343 6.000202957902436
0.9999408999997287 -0.0035359310089735836 -0.010287360023293635 -0.02978530699104013 0.0035666789884982743 0.9999892000007518 0.0029720147608697433 -0.11509023096879029 0.010276741003554095 -0.003008530540005196 0.9999426999937984 7.000226766413352
0.9999211999996864 -0.004713044008966336 -0.011638880023295899 -0.04124372275326982 0.0047513149881763025 0.9999834000008363 0.003262683760885722 -0.12489934001993488 0.011623311137928156 -0.0033177255708959227 0.9999269999921901 8.00019540651094
0.9999053999996567 -0.004749818008963606 -0.012909800023296527 -0.05464578963764524 0.004793737987872557 0.9999828000008647 0.0033732077609010436 -0.13611960304049234 0.012893551264942389 -0.003434774582599824 0.9999109999905933 9.000149140195091
0.9998919999996341 -0.004228781008972152 -0.014076970023292891 -0.07199550178140798 0.00427154298759265 0.9999863000007725 0.003009019760915092 -0.14896169096647355 0.014064061382118638 -0.003068824546017782 0.9998963999892474 10.000057519156615
