0.9999976430541889 -0.0016369461773666349 -0.0014262865347608907 -0.025124877839583913 0.0016358113537800394 0.9999983448907752 -0.0007964527133954673 -0.025303771637987294 0.0014275879243255234 0.0007941177004922514 0.9999986656840082 0.9993640175904068
0.9999953850610578 -0.0018104613072823829 -0.0024396898248137686 -0.04739688648424073 0.0018049315660992643 0.9999958017427678 -0.002266874253290106 -0.0556150206352946 0.002443783670492343 0.00226246031862751 0.9999944545819637 1.9986563501013475
0.9999888502495055 -0.0022232878119825355 -0.004166097451677821 -0.07907768152977826 0.002208184480341476 0.9999909865515189 -0.003626394493217169 -0.082053753533682 0.0041741224194512564 0.0036171545480869535 0.9999847463311644 2.997804637708353
0.9999707354126836 -0.004356751017652744 -0.006288643636439477 -0.08100078515527522 0.004322632442503549 0.999975920871834 -0.005428860404793378 -0.10323050638021099 0.0063121444044766176 0.00540151803643179 0.9999654896224767 3.997578525550661
0.999949293749886 -0.006425332897339266 -0.007754032903106186 -0.09870850955432808 0.006367327967858712 0.9999517353088173 -0.007482258177444589 -0.12340842462273569 0.007801734656716559 0.007432506309622285 0.9999419437078855 4.997218094651448
0.9999268583614103 -0.00776303481777748 -0.009274331129435641 -0.11166252598848594 0.007687962936861337 0.9999376163629007 -0.008102999960594992 -0.14810519719533183 0.009336656433750614 0.008031106579913001 0.9999241612111093 5.9968291404501235
0.99991120721792 -0.008090427256154168 -0.010588799120514584 -0.14213893957325258 0.008011782089009498 0.9999401625589917 -0.007448667616121276 -0.1710948246887694 0.010648428417375292 0.007363171077062877 0.999916193830228 6.9961001973924954
0.9998941138752165 -0.008502912897750452 -0.011809382284785815 -0.1466523295820423 0.008410213325054003 0.999933606350322 -0.007877258600944336 -0.1984211017474147 0.011875577860552315 0.007777105084304885 0.9998992385670595 7.995716565752249
0.9998858069328787 -0.00781718412846843 -0.012933086502730702 -0.17255720623526635 0.007681728384929726 0.9999154686015316 -0.010490314599640605 -0.23437593401130324 0.013013997971633022 0.010389768220748507 0.9998613346725201 8.994734166899725
