0.9999953080837646 0.0030238109064013126 0.0004902836540589886 -0.025143140060471303 -0.0030246309489763558 0.999994013638809 0.0016805636452250222 -0.03290538627364648 -0.00048519901236453514 -0.00168203868727506 0.9999984676627126 0.9991421510786552
0.999983145814076 0.00577410385969648 0.0006064753953345429 -0.028970056842876818 -0.005775310844469266 0.9999813074242447 0.0020076321238812747 -0.05138291646472204 -0.0005948717823517586 -0.0020111008708036545 0.9999978007980069 1.9989640930193087
0.9999748159763714 0.007003685539086396 0.0011470840841334793 -0.05672198029805548 -0.007005503825974463 0.9999741988774098 0.0015888661437174995 -0.07229480847453311 -0.00113592656924192 -0.0015968620316150085 0.9999980798493973 2.9983601624117737
0.9999594361134029 0.008990246864010707 0.0005491712790833321 -0.044506634773393255 -0.008990895094586782 0.999958873552918 0.0011895411608128592 -0.09644539372331752 -0.0005384544249289888 -0.0011944304497592101 0.9999991417009982 3.9979938526032632
0.9999573825380611 0.00917695112916727 0.0010083033302992635 -0.06056185686012806 -0.009177957225241503 0.9999573838838497 0.000997756149647924 -0.12140466165710768 -0.0009991040009031033 -0.0010069677926486502 0.9999989939030238 4.9975533779882975
0.999956606321271 0.009266358377107336 0.0009592063785283884 -0.05639941923320449 -0.00926816194944715 0.9999552574359606 0.0018932248297035001 -0.14400263356848322 -0.0009416201614149272 -0.0019020327557724855 0.9999977478088976 5.997289336018464
0.9999504543366223 0.009819524928208024 0.0016327284431880478 -0.07751845491983601 -0.009827158254061817 0.9999405024645526 0.004734816953459975 -0.17240339925629342 -0.0015861376467644457 -0.0047506274446100045 0.9999874577744703 6.996662821178048
0.9999478563553158 0.009749989390518 0.0030368202606391964 -0.08549799343247541 -0.00977626246690965 0.9999138373953108 0.00876027839494026 -0.19490737185577284 -0.0029511459788867404 -0.008789510354029004 0.9999570166987916 7.996377719627785
0.9999488452899298 0.00908359737501901 0.0044491641986180745 -0.09679792618225194 -0.00913717156759336 0.9998841601524485 0.012172853895923121 -0.2090825597947652 -0.004338075504419882 -0.012212883973726392 0.9999160097558001 8.996213383908042
0.999950130751053 0.008108298303336677 0.005830223801708345 -0.12037891381169405 -0.008192052062423693 0.9998614842977811 0.014488012314982597 -0.2292568337801905 -0.005711943098491859 -0.014535051305608768 0.9998780455583479 9.995731725756544
0.9999394079451899 0.008530164046828397 0.006958213819545505 -0.12445600302149613 -0.00862918852202038 0.9998601180356296 0.014327646953432334 -0.24909400842974397 -0.0068350233120099 -0.014386822550688108 0.9998731428502408 10.99552662664647
0.9999218396426615 0.00942334494748191 0.00821676187057017 -0.13808388044394632 -0.009519680176618443 0.9998854734051894 0.011765022847806946 -0.27066550748521984 -0.008104954964202682 -0.011842324234512211 0.999897029229386 11.99520103933565
0.9999161955148451 0.009174239554398923 0.009134291199530055 -0.1567398951988988 -0.009258034148021075 0.9999150596519284 0.009174000489898956 -0.2960039869693195 -0.009049350851489503 -0.009257797247354177 0.9999161977082339 12.994705864021801
0.9999122647198677 0.007440035189650793 0.010959413267293348 -0.16008273360278089 -0.007524801009279242 0.9999419364166929 0.007713699825587849 -0.30905541168312706 -0.01090138672634316 -0.007795490465987487 0.9999101910150909 13.994615092774263
0.9999105687486737 0.0037388220057936144 0.01284039386912775 -0.15246174274886654 -0.003807486973836246 0.9999785612351596 0.005327298846346957 -0.319298411256057 -0.012820200764784798 -0.005375712051740423 0.9999033674172148 14.994533580181187
0.9998939961899829 0.0018920291400498555 0.014436641193896925 -0.12933309093281198 -0.0019538149844116745 0.9999889880655195 0.0042668905186886395 -0.34374752654456747 -0.014428409137351057 -0.004294644737925784 0.9998866820976956 15.99396706282362
0.9998445522957532 0.0062735684846903445 0.016477669221542632 -0.12119678299324219 -0.006311416291627566 0.9999775606876333 0.0022459175403358087 -0.36814129947257646 -0.01646320955647548 -0.0023495658475829635 0.9998617115738683 16.993636370312576
0.9997568675534462 0.010635709693227502 0.01931547201191781 -0.11002348974266082 -0.010667787970892365 0.9999418830367546 0.0015584764072343487 -0.3976300192628632 -0.019297773952709634 -0.0017641508510331542 0.9998122242162488 17.993139023096983
0.9996770632107683 0.011325308290806529 0.02274877320674735 -0.10186026741333204 -0.011386998128658324 0.9999318270798195 0.002584079415649191 -0.4174067463542881 -0.02271795686041694 -0.0028422851592738805 0.999737873570447 18.992910108329372
0.9996436033369562 0.007146138977800012 0.02572156692770256 -0.0620383599804308 -0.007227567184108101 0.9999691553670063 0.0030741807346973994 -0.4367812354980029 -0.02569880503263741 -0.0032589894599922512 0.9996644188964573 19.991929039510772
0.9995887137324707 0.00226784623158029 0.02858776402824298 -0.04470685242892636 -0.0023532240058868935 0.9999928703745306 0.002953224827198271 -0.45821514257937124 -0.02858086274839686 -0.0030192836189675944 0.9995869237895139 20.99154906055538
0.9995234158087833 -0.0009385095923295644 0.030855476818336853 0.02994141426952804 0.0008125031606019259 0.9999912810818639 0.004096046735711627 -0.47315785922451076 -0.0308590519711123 -0.004069024452153916 0.9995154635879577 21.988647015371342
0.9994321271307014 -0.0013305931407136793 0.03366976063020564 0.053604304246911365 0.0011550274030130859 0.9999856393590053 0.00523325782414932 -0.5112620131461663 -0.033676240447825044 -0.00519139650283193 0.9994193115162666 22.987640569450562
0.9993591624256071 -0.0005063617333320194 0.03579117312667429 0.061349212653976234 0.0003540320957069774 0.9999908537874606 0.004262276703314182 -0.5345723202199022 -0.035793004026817045 -0.004246874052220143 0.9993502013426119 23.987338836918248
0.9992792327689753 0.00034820160459724143 0.037959105788860914 0.09201402740959043 -0.0004532987291544456 0.9999960881156895 0.0027601220216843733 -0.5560250439489128 -0.037957996218313465 -0.002775339430591246 0.9992754815435699 24.986638306437072
0.9991786557745987 0.0025496643696542374 0.04044147692737719 0.11088752833888256 -0.0026317537131273815 0.999994583205534 0.001976722534366796 -0.5940573538905038 -0.040436217885193984 -0.0020815309717957526 0.9991799535178599 25.985736557042674
0.9991058166385178 0.005327995242954462 0.041942575335460114 0.14534758706096312 -0.005401795760631137 0.9999840548175709 0.0016464243572834288 -0.664926511286194 -0.041933134412301225 -0.0018715173776540281 0.9991186664561239 26.98262674501871
0.9990363129685823 0.0067320519257040344 0.04337193616856378 0.16431516083879896 -0.006747782400077952 0.9999772100648134 0.0002162953245271632 -0.6985448795545899 -0.043369491613593464 -0.0005087512710632489 0.9990589714172637 27.98188147553538
0.9989512452600676 0.0058800829242067814 0.04540742470305676 0.19119505756295735 -0.005812853184470264 0.9999818051416992 -0.0016124898135434697 -0.7152553472096833 -0.04541608009521644 0.0013468520139249237 0.9989672495424641 28.981380455736385
0.9988843470712875 0.0045988825495723445 0.04699905802526316 0.25076809100705416 -0.0044622258452526285 0.9999855076325593 -0.003012152943212023 -0.7462468883337549 -0.04701222943525195 0.0027990720145365986 0.9988903921248734 29.979123187138136
0.99882559495584 0.0037385958209701755 0.04830583569713529 0.3071547089904418 -0.0035513847535889173 0.999985849832312 -0.00396078293714928 -0.7732556842286505 -0.04831995992799636 0.0037845787652851445 0.9988247385983813 30.97716680054223
0.9987531153071556 0.004311537022623166 0.049735553809653166 0.35606793604382864 -0.004057510417057685 0.9999782096665634 -0.005207379500774014 -0.8079608879857473 -0.04975692186486038 0.004999083971303969 0.9987488462501375 31.97536669287412
0.9987007776103465 0.00509920466725507 0.05070261247952893 0.435103840625855 -0.004742502969507485 0.9999631709955158 -0.0071529936510733826 -0.8553673792257844 -0.050737219731396915 0.006903243031323022 0.9986881794482084 32.971110600902286
0.9986584031997378 0.005164265174697937 0.051524014631572204 0.4595866696355601 -0.004690133936399801 0.9999455797377331 -0.009318809292133298 -0.876589595669051 -0.05156933548347989 0.009064652677841754 0.9986282770428748 33.97058555737339
0.9986271703887393 0.004212589918343973 0.052211384271624514 0.514851765007441 -0.0036159796108645257 0.9999271502897713 -0.011516023828863868 -0.9163939740234756 -0.052256092973290535 0.011311418989366556 0.9985696533280051 34.96826354184401
0.9986565528140587 0.003186196639446087 0.0517197996178967 0.5644143219276767 -0.002501348769026566 0.9999084113373763 -0.013300834225567684 -0.9649095226444026 -0.051757441743929836 0.013153596000148296 0.9985730569850094 35.965855529829845
0.9987624646758255 0.0027535132872211995 0.049658406330125596 0.5988387105578626 -0.0020382158413039743 0.9998935267841133 -0.014449248126012636 -0.9963414311494437 -0.049692905236613134 0.014330152120613088 0.9986617354787072 36.9647684272314
0.9988919543077124 0.002908891291939289 0.046972353259884296 0.5929674873502176 -0.002188539278487557 0.9998793285478914 -0.015379812691953723 -1.0182354852695947 -0.04701142324101874 0.015259970316640092 0.9987777827879368 37.964511473784974
0.9990663465321094 0.003550041176889184 0.04305615443379078 0.5924526479125749 -0.0028361159381357108 0.9998576726217849 -0.016631023592321784 -1.0403300886880755 -0.04310906718278073 0.01649338373364586 0.9989342203667083 38.96426721567403
0.9992945903421485 0.003826153690885469 0.03735883109590205 0.6049965295241498 -0.0031659720098304554 0.999838072300274 -0.017714564631966724 -1.061844022052022 -0.03742056031316721 0.01758379159342121 0.9991448903632777 39.96395705842793
0.9995116359165993 0.003616788218909445 0.031038822630755174 0.5807184445286484 -0.0030473983527994778 0.9998265731315547 -0.01837218068947083 -1.089370390156118 -0.031099887951619356 0.018268620719330678 0.9993493155380696 40.96328325824856
0.999700967220736 0.0038325432398618087 0.024151350898868124 0.5438599113506184 -0.0033699059864262843 0.9998106089137762 -0.019167421242883315 -1.1055115979561778 -0.024220236818997504 0.01908030177366348 0.9995245480790635 41.96247337526469
0.9998562541477358 0.004040832579785369 0.01646641168320627 0.4857667957042049 -0.0037094586836578796 0.999790986108575 -0.020105322984554856 -1.1273960269771262 -0.016544212218565543 0.020041351453960594 0.9996622596026942 42.96054463608775
0.9999748275381746 0.0028401917265500863 0.0065021228037619215 0.44151646635269687 -0.0027011060652402516 0.999769468368752 -0.02130056674558457 -1.1569244879207385 -0.0065611215522269235 0.021282467634539275 0.9997519733690754 43.95912861269992
0.9999800393446067 0.001336968678328122 -0.00617522688758243 0.36170747263389225 -0.0014778915228489996 0.9997372914822581 -0.022872775440709196 -1.1846149968078397 0.006143024418529544 0.022881445200589712 0.9997193119653758 44.955554094228354
0.9997567476672107 0.0007227682452836411 -0.022043663487405354 0.23782789126170462 -0.001268078390997648 0.9996932687236468 -0.02473379157792871 -1.2043501267950385 0.022019025207230494 0.02475572811875559 0.9994510075307504 45.94765507394939
0.9991603406514811 0.001205630051050963 -0.040953145488437766 0.10345248958465914 -0.00225601011881467 0.999669418057314 -0.025611814057003666 -1.2445016729444927 0.04090872874535418 0.025682699568517518 0.9988327561986093 46.9377717765486
0.9980543037107565 0.0019448260395569781 -0.06232033774069088 -0.06987460939457434 -0.0035160347415662194 0.9996784589354442 -0.02511207359312596 -1.280746237083934 0.06225146057831932 0.025282333597323157 0.9977402263433793 47.921968925665475
0.9963479621848927 0.002597435222885777 -0.0853463038465969 -0.2797759188593874 -0.004630453801211101 0.9997100134989034 -0.023631500325044588 -1.3190343925552324 0.08526017327924923 0.023940389309295717 0.9960710620292663 48.898941513528385
0.9937518783735089 0.0035292890779564843 -0.11155603232334847 -0.5081694333400736 -0.006046627385981851 0.9997344769221381 -0.0222354210769483 -1.3355985728908544 0.11144793639354156 0.02277102922176102 0.9935093546121251 49.87236948234424
0.9899718717978018 0.0046947963309812765 -0.14118658554044194 -0.7593040546546754 -0.007598831158322154 0.9997703681856434 -0.020036682933199552 -1.3795151490926265 0.14106009646312204 0.020908605533340355 0.9897802177253616 50.83932486720534
0.9847610957392899 0.004718793294338828 -0.17384854704080777 -1.039315417309608 -0.007696839400411608 0.9998349011629649 -0.016459923441006233 -1.4130424804896835 0.17374217387151283 0.017547176590117997 0.9846348326217771 51.79873590259815
0.9777213495972353 0.005881425282247544 -0.20982462052488557 -1.3603615757620389 -0.00872122255142216 0.999882438957855 -0.01261144483773927 -1.4380411376431643 0.20972578005331521 0.014160406079490628 0.9776577008752558 52.745469450796094
0.9684903809546969 0.007593111448967329 -0.24893518565432055 -1.7115925420243783 -0.009738369470287861 0.9999252927711858 -0.007387356530839713 -1.4437895034105597 0.24886049537499486 0.009578806552856901 0.9684919722469227 53.68174064261469
0.9571132219296057 0.01168562540560484 -0.2894783697729604 -2.1223838320177397 -0.01305374948623647 0.9999108875104284 -0.0027958294750348887 -1.4450292327513512 0.2894199026188105 0.006454703477515989 0.9571804724142333 54.59346919823679
0.9436144848973668 0.01538414316073907 -0.330688723773715 -2.5775268046182203 -0.015816112048242535 0.9998739587139214 0.0013846607614770266 -1.4444145130516095 0.3306683451610634 0.003923623957096289 0.9437388678461252 55.48388734529585
0.9276782733322831 0.01799982278520246 -0.37294641380087884 -3.058749177979507 -0.016576741880169672 0.999837934812548 0.0070225165298951325 -1.4570784513394284 0.37301237622346206 -0.0003323995721890415 0.9278263073952204 56.360394408612265
0.9092324688929073 0.021124282742705298 -0.4157524289640598 -3.5771343523983403 -0.01662509260439861 0.9997575300918943 0.014439090014461918 -1.4589477325294407 0.4159566369308281 -0.006216566830385673 0.909363200536528 57.215539599051056
0.8885134668743604 0.025467507853050395 -0.458143236582906 -4.16480518237711 -0.01780773200751875 0.9996202088508644 0.02103147017443196 -1.4645042025639137 0.4585048569684454 -0.010528252500024066 0.888629535878501 58.024620621713694
0.8647951889776802 0.03051047328860526 -0.5011969594288898 -4.771879799036774 -0.020515373870488185 0.99946571233292 0.02544423914755813 -1.4558273206250723 0.5017054918535507 -0.011721812596570721 0.8649590733401414 58.819218067926144
0.8379896045096942 0.03363500068097144 -0.5446486109987594 -5.4101163357378095 -0.02137110180191619 0.9993557216161187 0.028834314295545577 -1.4568318210502498 0.5452675478528495 -0.012523114720906227 0.8381685229452523 59.58905772278861
0.8085134776293574 0.03700625267477276 -0.58731294362942 -6.0918960250053225 -0.023706783534189105 0.999258849283533 0.03032722445275792 -1.4347009494913816 0.5879999531514836 -0.010596668887695827 0.8087915465077118 60.32028043840017
0.776308173944972 0.039673481146237595 -0.6291038340051371 -6.811625028442658 -0.02430748790340056 0.9991592160639464 0.03301525384275256 -1.4130870971766352 0.6298847236582662 -0.010338077587935113 0.7766198291659402 61.014199009270854
0.7409509176979905 0.043637980623427566 -0.6701398840612428 -7.555266440303965 -0.02566220448534685 0.9989975628173308 0.03667861428653765 -1.3781235296602903 0.6710686915834019 -0.00997978617693565 0.7413280077296436 61.681862831498364
0.7040401508386005 0.04508654621103782 -0.7087275000717284 -8.336299470305931 -0.02405606435398117 0.9989239818601778 0.039650778458933514 -1.3440645606546178 0.7097526130807543 -0.010866545695935589 0.7043671957222866 62.30542307131182
0.6653503904969723 0.04489740417884208 -0.745179898389328 -9.146704377725166 -0.021457109582983292 0.9989275992898602 0.041027354598305296 -1.3154240384711022 0.7462227886589038 -0.011308159664265838 0.6656002367871687 62.89059277876418
0.6239488916563442 0.043601622909940047 -0.7802478318332194 -9.961789883316618 -0.0159521374777833 0.9989448597877991 0.0430661864276293 -1.2893296107015353 0.7813023165911579 -0.014424478609240761 0.6239860771733131 63.46934547155628
0.5808668881919533 0.04354228574408197 -0.8128331486562161 -10.814968038706093 -0.011266186385296152 0.9989026870250026 0.04545871642002789 -1.2547561103484912 0.8139205927156096 -0.017247933395195706 0.5807200509256283 63.98981803398349
0.5360532537302137 0.04511970810566514 -0.8429775329780218 -11.702170808005787 -0.00969075508039452 0.9988337482301209 0.04729939389182776 -1.2223654727175188 0.8441285437841939 -0.017185905184816955 0.5358653247148515 64.45005935409807
0.48832169010963133 0.04495698772327882 -0.8715049031550673 -12.613148836613034 -0.008763211270014077 0.9988743879438161 0.04661719895166725 -1.1843825066684592 0.8726196955700181 -0.015127007791055549 0.4881659969094293 64.86076156456811
0.43792414171686966 0.0439055049819268 -0.8979391698404887 -13.540453285083997 -0.0037916777409908687 0.9988880557507723 0.04699228934991694 -1.1499256172616719 0.8990039317385946 -0.01717436201782574 0.43760367001183526 65.23348017507524
0.38573834782220884 0.04299179924982519 -0.9216060070424109 -14.481005117997874 0.001639615679890262 0.9988801969019484 0.047282807631764394 -1.112432816999498 0.9226067627542162 -0.019749871756100428 0.3852359067971223 65.57105464023937
0.3337859101636021 0.04222281205939058 -0.941702819533877 -15.44510439716677 0.0039414600874840095 0.9989251037951457 0.0461855161304053 -1.072487427802004 0.9426406691145007 -0.019127758615427013 0.3332607054270187 65.83357497428585
0.2821627592050014 0.04805082308035914 -0.9581624578948608 -16.421899011078644 0.004538495129883058 0.9986668768765132 0.051418587025151716 -1.0253833029493005 0.9593558147943729 -0.01885702603823076 0.28156852307958014 66.04250908747615
0.23230849744353996 0.053071071781197104 -0.9711931956904973 -17.406582845791856 0.007169823228227232 0.998389717431219 0.056272246822772 -0.9806582528266358 0.9726157286669794 -0.02003580464072692 0.23155390491632197 66.21102435546695
