0.9999968058149922 -0.00212323530577491 -0.0013712153912088516 -0.0025538558734932936 0.002127627791507947 0.9999925849151678 0.003209877670823357 -0.028793938147776865 0.0013643898979324555 -0.0032127848538547185 0.9999939082082896 1.5290156708960931
0.9999923322192316 -0.0025480632164164092 -0.0029736974605640266 -0.00441115041703503 0.0025602296148853998 0.9999883391488896 0.004094727166024848 -0.04984573556840335 0.002963229161047636 -0.004102309116858912 0.9999871950844414 3.0581585377271927
0.9999889143892324 -0.0012379883924181004 -0.004542959760370909 -0.007700066416882916 0.0012552908636254319 0.9999919625675454 0.0038077611737455893 -0.06284541026059345 0.004538209282504455 -0.003813421698268409 0.9999824310813963 4.587388646763934
0.9999812919997998 -0.0010540601323563228 -0.006025330501148528 -0.017405890381682523 0.001075738440173544 0.999992956644725 0.003595754128021762 -0.07676941311056959 0.006021497921533016 -0.0036021685382877176 0.9999753826692949 6.116583354451979
0.9999715097974474 -0.0011909944610685908 -0.00745393356603948 -0.038225767392644036 0.0012202543141383968 0.9999915639871971 0.003922108342215805 -0.094841414994809 0.007449199475249156 -0.0039310922951460315 0.9999645273411176 7.645623730101819
0.9999569427292972 -0.001242051093422754 -0.009196194678112887 -0.05487359695127279 0.0012821555849031362 0.999989688974519 0.004356377130208699 -0.11630903898131101 0.009190689012937256 -0.004367980508865789 0.9999482246505272 9.174671317912784
0.9999338692098759 -0.0034140247951688425 -0.010981877875130193 -0.07282032262272115 0.003452538263545991 0.9999879500151152 0.003489957608047359 -0.13035684656549912 0.010969830741859804 -0.0035276421679628083 0.9999336070731043 10.703790380979996
0.9999113621245462 -0.004486135151261641 -0.012535648592667783 -0.08753213064404453 0.004535521108102631 0.9999820546918574 0.0039139931692235555 -0.1543816139920332 0.012517864934252746 -0.003970501939980374 0.99991376536771 12.2328197816636
0.9998973703884029 -0.00421152121891922 -0.013693494052996113 -0.12154948728512258 0.004266379993845397 0.9999829808391857 0.003979451435143488 -0.17865249194109728 0.013676501457059927 -0.004037464674661974 0.9998983209241304 13.761537636218014
0.9998844509105914 -0.00341145533026204 -0.014813736859900848 -0.14836013170687132 0.0034719095597075178 0.9999857425490689 0.004057159424571247 -0.20177320862238196 0.01479968483562976 -0.004108122578113158 0.9998820393714694 15.29041668856521
