0.9990498000009974 -0.0016497800091035914 0.043551939976776685 0.051425958394295125 0.0017604230013831084 0.9999952999993985 -0.00250223723940314 -0.02419209614733248 -0.043547604378427585 0.002576529018455414 0.9990480999043954 0.9983837405196561
0.9960495000020072 -0.005367949009217481 0.08863830997688721 0.14636192509768883 0.006010224012187744 0.9999574999982577 -0.006980718239091119 -0.050464834896888563 -0.08859707888432194 0.0074858755094856224 0.9960394996035576 1.9935204264028217
0.9909271000030551 -0.005886878009322733 0.13427209997704473 0.28760969091722444 0.007448178023142688 0.999910299997176 -0.011128520238269976 -0.07893698824482809 -0.13419461344430023 0.012027630963684536 0.9908820990877483 2.9830852550353355
0.9836222000041357 -0.0035650660093869365 0.180207199977241 0.46656782924797957 0.006172884034199825 0.9998840999964925 -0.013912500236926577 -0.11039754096703411 -0.18013681803804565 0.014797041240577808 0.9835302983521654 3.966438887985117
0.9740479000051762 -0.006173619009399698 0.22625789997746018 0.6983158013401798 0.009486835045292847 0.9998629999963828 -0.013559120235056607 -0.144030180188814 -0.22614322263925615 0.015353701296309558 0.9739730973952893 4.938633175714699
0.9624212000062076 -0.007368625009432083 0.2714612999777359 0.9748226154119375 0.011640150056203972 0.9998323999960579 -0.01412847023268371 -0.18065535924407194 -0.27131172715635127 0.0167573914367137 0.9623456962316336 5.898946998179666
0.9488374000071944 -0.00969354400953367 0.3156163999780787 1.2941356755263986 0.01587616006686619 0.9997289999950247 -0.01702376022982666 -0.2192582190127199 -0.31536583156245906 0.02116355187740858 0.9487341948701487 6.84580974244461
0.933620200008134 -0.012638570009625396 0.3580414999784504 1.6619152150167436 0.020804610077122126 0.9996036999940966 -0.01896441022656889 -0.2559512274676238 -0.3576599357926945 0.025154462276598125 0.9335130933475153 7.774998586937832
0.9161945000091135 -0.0122839400096512 0.40054559997885775 2.066199763652085 0.02177648008744294 0.9995792999938258 -0.019155670222781827 -0.2936522580412926 -0.40014174004070197 0.026272782388427722 0.9160765916029217 8.68885452521911
0.8965559000100798 -0.013077650009654345 0.44273759997930257 2.5111214463700784 0.023417900097709048 0.9995654999937994 -0.017896590218473396 -0.33322211862909296 -0.44231124425758817 0.026413282402499502 0.8964725896412387 9.583549415282786
0.8745113000110493 -0.013514290009647364 0.4848167999798 2.9976444861448246 0.0244775401079745 0.9995675999938753 -0.0162895302135887 -0.3727615194059844 -0.4843870484649092 0.026112492372430154 0.8744640874390249 10.456321963994506
0.8503691000120014 -0.013481620009646391 0.5260138999803504 3.5251197009834168 0.02517723011804866 0.999569199993885 -0.015083480208190446 -0.41243076360996084 -0.525583952584205 0.026070102368190004 0.8503422850255974 11.304965789837441
0.8245429000129059 -0.01401100000967342 0.565625999980946 4.092274829523085 0.026963900127749477 0.9995304999936084 -0.014547550202374318 -0.44866578293900444 -0.5651566565413018 0.027246562485857596 0.8245336824436872 12.127779373303898
0.7970302000137506 -0.0161933300097457 0.6037223999815845 4.702529798442415 0.03126104013708291 0.9994065999928735 -0.014464060196146966 -0.4846287666063453 -0.6031299603390199 0.030401282801410044 0.7970634796957604 12.919167840550545
0.7681511000145907 -0.015104450009774797 0.6400903999822588 5.344489899988622 0.031868020146039185 0.9993844999925625 -0.014660900189561028 -0.5204105038724639 -0.6394750639730036 0.031660202927282007 0.7681597768045909 13.685070580176005
0.7374230000153554 -0.01831697000985255 0.6751827999829612 6.027370096240459 0.03718619015467404 0.9992170999917764 -0.01350645018254987 -0.554126872840539 -0.6744067674667313 0.03506743326811983 0.737526873740208 14.414822536236034
0.7051666000161271 -0.01811309000987422 0.7088102999837027 6.741487061542329 0.03829943016300407 0.9991871999915493 -0.012569110175141065 -0.5867371319672162 -0.7080065708262274 0.03601033336241225 0.705287170515231 15.114089032213679
0.6706801000168873 -0.01682164000988979 0.7415559999845016 7.484039905271076 0.03848398017114889 0.9991853999913772 -0.012140010167182093 -0.6194362513683938 -0.7407478740995995 0.036680083429357635 0.6707811670637662 15.783077850734822
0.6350649000175503 -0.017843060010006104 0.7722527999853352 8.261916730303817 0.04358563017876302 0.9989681999901703 -0.012761430158944327 -0.647820814961877 -0.7712282771480317 0.041763453937770416 0.6351872635038102 16.410853279339594
0.5983915000182122 -0.01631634001003882 0.8010376999861896 9.065174080552678 0.04435618018597201 0.998933899989817 -0.012787680150422275 -0.6782450559341333 -0.799975180022053 0.043182994079697105 0.5984773598321562 17.005707950952694
0.5606382000188085 -0.015604190010114129 0.8279138999870718 9.897700196802415 0.047224240192710175 0.9987976999890236 -0.013153880141627843 -0.7082846192218796 -0.8267132826956708 0.046472164408630154 0.5607010560539881 17.558878748473756
0.5217303000193323 -0.014154590010273905 0.8529930999880041 10.75644522540745 0.052990640198983134 0.9984692999873374 -0.015842910132519795 -0.7367317337345219 -0.8514631851711353 0.05346636510809506 0.5216817521521175 18.07049172461375
0.48240230001984724 -0.01314333001031292 0.8758511999889131 11.635876453122133 0.05466343020478848 0.9983901999869195 -0.015125390123315508 -0.7618386780963988 -0.8742425874485606 0.055173545278808474 0.4823441482176537 18.54585517968496
0.4437520000202659 -0.014834900010404314 0.8960268999897907 12.53643248651223 0.05962892020990388 0.9981358999859713 -0.013005430114279046 -0.7887266860403258 -0.8941636894409595 0.05920028568158271 0.4438094443632068 18.979762806115478
0.40633210002063647 -0.01567329001047571 0.9135910999906414 13.455244321846013 0.0633316802143965 0.997931399985226 -0.0110474301055083 -0.8158897575900004 -0.911528091177415 0.06234817599644018 0.4064841406297994 19.37352303941937
0.37059690002096496 -0.013364620010540576 0.9286976999914814 14.386701089896068 0.0654987302182971 0.9977830999845243 -0.011778460097072223 -0.8393063172378964 -0.9264814926724421 0.06519356628096096 0.3706506370462724 19.736620872312123
0.33671040002124836 -0.01369924001056372 0.9415085999922467 15.33121604162363 0.06695770022165218 0.9977111999842826 -0.0094289810891034 -0.8601068322190393 -0.9392245939463127 0.06621607638323695 0.3368570336660519 20.064430076546167
0.3032101000214911 -0.0160637200105865 0.9527883999929817 16.285958011888994 0.06893784022463516 0.9976077999840601 -0.005119036081247213 -0.879544966333121 -0.950426895066237 0.06723530648523972 0.30359213033826793 20.361229534644785
0.2700383000217145 -0.015840840010602812 0.9627192999937342 17.250606409763957 0.06970552022730275 0.997562699983886 -0.00313790707341642 -0.8986253471645256 -0.9603231960552789 0.06795419655713432 0.27048432702678266 20.62407837428573
0.23738410002193758 -0.013010400010566464 0.9713287999944966 18.222487933927777 0.06752450022968971 0.9977126999842479 -0.0031385910656557435 -0.9134169595651586 -0.9690661969282975 0.06633352639496556 0.23771962375011213 20.859083816532326
0.20580130002210495 -0.010890490010575307 0.9785331999952327 19.201686313099056 0.06752573023169667 0.9977126999841377 -0.003097801058148183 -0.9274474258552416 -0.976261297647073 0.06671368643293221 0.20606602058457443 21.061503604170298
0.17487600002222595 -0.010566140010616015 0.9845337999959378 20.187305453385655 0.06930053023338481 0.9975944999837054 -0.001603074050815191 -0.9410301659571125 -0.9821485982355082 0.06850903661248797 0.17518761749623687 21.229938814562725
0.14401590002232473 -0.010952600010651802 0.9895147999966325 21.177578502122678 0.0709383702348316 0.9974803999833304 0.0007162509564981208 -0.9525604705022106 -0.987029498723272 0.07009140677076128 0.1444300144198058 21.36859808633915
0.11322800002243215 -0.01188899001062021 0.993497899997316 22.171327031624248 0.06960632023609055 0.9975664999836716 0.004004713963794714 -0.9622156633232318 -0.9911278991320769 0.06870027663164946 0.11378001135392614 21.479821731086123
0.0834750600224948 -0.011821210010636438 0.996439799997989 23.167915214418677 0.07016375023705552 0.9975176999834996 0.005956142970869321 -0.9679647173615823 -0.9940367994224079 0.06941674670330657 0.08409726838511651 21.562155981603496
0.05575869002251211 -0.011194870010700514 0.9983814999986226 24.166647800619145 0.07276066023772551 0.9973239999828172 0.0071193889774722316 -0.9704472428488176 -0.9957895995976642 0.07224591698625535 0.05642402561746878 21.612426657478647
0.030224050022492455 -0.010553590010800537 0.9994874999992056 25.166356206758003 0.07695768023814462 0.9970005999817527 0.008200161983557617 -0.9712632688719663 -0.9965761996767342 0.07667038742876484 0.030945583069340244 21.636559504072128
0.007200764022455747 -0.010110890010902235 0.9999229999997278 26.16635579167064 0.08125250023837471 0.9966482999806704 0.009492646989043549 -0.9703698824561898 -0.9966675996863661 0.08117787787958787 0.007998165774279175 21.63617501553967
-0.013587799977611243 -0.009968577011040808 0.9998580000001939 27.166105302916815 0.08719664023842658 0.9961290999791961 0.011116369993987766 -0.9685585129717046 -0.9960984996303944 0.08733528849544983 -0.012665971292521469 21.613865767113378
-0.03162963997767039 -0.010651860011146156 0.9994429000005874 28.16525319063046 0.09165357023839597 0.9956991999780792 0.013512539998262225 -0.9655823735209148 -0.9952885995500509 0.09202989896502961 -0.03051732307822024 21.57269971609549
-0.04749040997772138 -0.010302370011223503 0.9988186000009429 29.163724837945917 0.09488928023831594 0.9953780999772509 0.014778540002042075 -0.9618724465869237 -0.9943544994570459 0.09547900931000931 -0.04629333465610974 21.517558130396424
-0.06213431997776824 -0.010862170011285048 0.9980087000012606 30.161363707667622 0.0973747302381976 0.9951043999765976 0.016892940005513335 -0.9573988418447311 -0.9933063993524897 0.09823044958523186 -0.060772436104506874 21.449025444274834
-0.07560867997779158 -0.011935090011295215 0.9970662000015481 31.158256180455407 0.09751631023809249 0.9950465999764975 0.019305690008703198 -0.9515590062580143 -0.9923577992573501 0.09868987963121365 -0.07407029743484829 21.37046780647721
-0.08805538997781291 -0.011988090011295822 0.9960435000018247 32.15421871006171 0.09729037023796472 0.9950432999764913 0.02057702001167475 -0.9445912006791078 -0.9913530991565366 0.09871733963396168 -0.08645259867335875 21.280968098809378
-0.09947787997783879 -0.009193596011296807 0.9949973000021105 33.148976312751465 0.09735338023780792 0.9950698999764583 0.01892746001446888 -0.936041622794362 -0.9902658990475659 0.09874920963707728 -0.0980924098369209 21.179064620458735
-0.10979669997787127 -0.0053606820113063555 0.9939396000023829 34.14253517482694 0.09798071023762542 0.9950565999763245 0.016190260017023048 -0.9266975542601095 -0.989112998932186 0.09916453967852429 -0.10872871089987156 21.0661334212795
-0.11945539997790951 -0.0025120590113266172 0.9928364000026284 35.134863966249824 0.09905114023741929 0.9949775999760833 0.014435040019396182 -0.9170918075506914 -0.9878862988095474 0.1000659097686139 -0.11860661188721607 20.94288055499738
-0.12708849997792984 -0.0012786700113220585 0.9918906000028124 36.126502502661644 0.09888957023726422 0.9950005999761213 0.013953150021251642 -0.9081324663865604 -0.986949598715661 0.0998609097480797 -0.12632661265907882 20.81414539014122
-0.1329870999779423 -0.0007149781113110683 0.991117500002951 37.11741214104505 0.09839198023714348 0.9950503999762337 0.013919940022677763 -0.8992365415960275 -0.9862218986426348 0.09936917969888166 -0.13225851325224294 20.679910521646864
-0.13815909997797046 0.0008940046886692523 0.9904097000030829 38.107460136419355 0.09941083023699565 0.9949618999760085 0.012969380023950542 -0.8909077539473866 -0.9854083985614083 0.10024930978687839 -0.13755191378133913 20.53942721121433
-0.14268519997797732 0.0028158129886903414 0.9897642000032066 39.09705261720847 0.0986917002368995 0.9950527999762162 0.011396610025082039 -0.8828675032471932 -0.9848354985038409 0.09930761969264291 -0.1422571142514679 20.39575338389605
-0.14682529997799468 0.003917605988686559 0.9891547000033111 40.085897389456385 0.09897322023678456 0.9950319999761655 0.010750210026098687 -0.8764173559084322 -0.9841984984401121 0.09947820970968126 -0.14648361467394913 20.246942979493387
-0.1499192999780029 0.003009371988687978 0.9886937000033698 41.07438652588427 0.09873932023670658 0.9950415999761891 0.011943510026818054 -0.8704547682985105 -0.9837554983956841 0.09941348970322808 -0.1494731149731739 20.095768587489314
-0.15222999997801792 0.0005817953886655233 0.9883450000033924 42.06241112743407 0.09933371023662825 0.9949453999759713 0.014714200027310494 -0.8625721255879145 -0.9833406983542926 0.1004159098035496 -0.15151831517834863 19.941673395282713
-0.15450759997802663 -0.0003897853113395308 0.987991600003432 43.050203350193364 0.09937378023656286 0.994922599975926 0.01593314002783187 -0.8533250441370503 -0.9829813983183192 0.10064220982620767 -0.15368431539523203 19.786170507133665
-0.15651549997805952 0.0003425743886118108 0.9876755000034811 44.03748184978644 0.1016061002364504 0.9946998999753983 0.01575634002832192 -0.8424784258041738 -0.9824353982642067 0.10281991004401392 -0.15572071559882242 19.62754000641457
-0.1575240999780602 0.0008739824886194614 0.9875148000035102 45.02473837386376 0.10133510023642764 0.9947348999754755 0.015284160028577588 -0.8325386123616979 -0.9823020982507884 0.10247751000975316 -0.15678331570496573 19.468713565159295
-0.1580661999780858 0.00173630798857582 0.9874270000035285 46.011627166578194 0.10339300023636039 0.9945303999749998 0.014802230028721422 -0.8219158375952956 -0.982000498221108 0.10443281020531206 -0.15738121576463843 19.307661561950244
-0.15814749997808064 0.002246275988588295 0.9874130000035368 46.99870932299187 0.10292090023636989 0.9945877999751288 0.0142215600287554 -0.8134850416072708 -0.9820370982246532 0.10387451014945646 -0.15752271577864918 19.14766856729077
-0.15762269997807932 0.0034913079885917175 0.9874933000035394 47.98584755335802 0.10297400023638403 0.994600099975154 0.01292016002866097 -0.8065534185280486 -0.9821158982325582 0.10372261013423455 -0.1571310157391697 18.98794961252276
-0.15643529997807878 0.003535457988584495 0.9876819000035129 48.9731684929522 0.10331580023641014 0.9945661999750762 0.012803690028376844 -0.7997265013515901 -0.9822697982480577 0.10404601016658165 -0.1559505156210962 18.82935942888671
-0.15494529997806292 0.0023030109886011075 0.9879204000034671 49.96085869588853 0.10240810023647592 0.9946474999752659 0.013742970027992222 -0.7938937772773546 -0.9826009982809952 0.10330041009203085 -0.15435181546145646 18.67304544123519
-0.15380839997806992 0.003054215988582025 0.9880960000034489 50.94855334055135 0.10338430023648389 0.9945562999750541 0.013018750027735866 -0.7872575749805387 -0.9826773982888952 0.1041560101775952 -0.15328691535479724 18.516791462652407
-0.1525996999780647 0.003933833988587082 0.9882803000034324 51.93662069537846 0.10331140023651986 0.9945766999751 0.011993340027469029 -0.7803786290477085 -0.982873398308506 0.10393081015504986 -0.1521785152437162 18.362922553014418
-0.1516315999780728 0.00460035398856692 0.988426400003417 52.92474318008311 0.10431790023652156 0.9944788999748776 0.011374580027251415 -0.7751381911729964 -0.9829169983131293 0.10483531024550775 -0.15127441515316156 18.209343346421864
-0.15058759997806398 0.00453098398857684 0.9885863000033936 53.91313438106799 0.10387980023656156 0.9945259999749846 0.011265400027001037 -0.7704202503359694 -0.9831237983337288 0.10439061020102808 -0.15023391504908912 18.057486043229215
-0.1496364999780809 0.002801778988531526 0.9887371000033497 54.90143069682854 0.10563810023654288 0.9943173999745148 0.013169780026724122 -0.7655641533428328 -0.9830816983299616 0.10641901040395824 -0.14908211493436824 17.905016999482264
-0.14895019997809328 0.001053387988496976 0.9888442000033119 55.889762775269425 0.10691900023652849 0.9941538999741603 0.015046230026510236 -0.760497593514747 -0.983047398326854 0.10796741055887805 -0.14819211484581965 17.752786931559413
-0.14817409997810832 0.0015872229884645226 0.9889600000032984 56.878338863540634 0.10845030023650944 0.9939937999738072 0.014653610026333159 -0.754911115882472 -0.9829969983221984 0.10942431070459395 -0.14745631477214843 17.60216740703171
-0.14710939997813244 0.003907488988418725 0.989112500003298 57.8668284155903 0.1108431002364742 0.9937584999732936 0.012559700026132735 -0.7506709161433518 -0.9828899983120958 0.1114840109105663 -0.14662431468845102 17.450937815569812
-0.1464649999781217 0.0036035479884342723 0.9892093000032813 58.8558168411262 0.11011540023651095 0.9938378999734637 0.012683560025972741 -0.7483062446849782 -0.9830679983297366 0.11078481084063437 -0.14595921462197287 17.30296395210143
-0.1462603999781256 0.0032332499884242137 0.989240900003272 59.84470799891634 0.11051050023650574 0.993788699973359 0.013090990025912644 -0.7457261154948368 -0.9830540983284459 0.11123621088579475 -0.14570921459707106 17.154344931478867
-0.14603609997811692 0.001690014988434455 0.98927780000325 60.8338770601203 0.1098325002365299 0.9938440999734834 0.014515530025819845 -0.7422448281200533 -0.983163498339229 0.11077461083965741 -0.1453227145587627 17.007605213380398
-0.1456357999781372 0.0019666909883937957 0.9893363000032414 61.8227902409566 0.11168620023649053 0.993638199973044 0.014465570025725105 -0.7373531870849866 -0.9830139983247319 0.11260191102243025 -0.14492891451937212 16.859191135128803
-0.14562039997814516 0.002152570988379087 0.9893382000032422 62.81190559944518 0.1123679002364724 0.9935625999728841 0.01437762002572411 -0.7331568641249326 -0.9829385983173554 0.11326351108860401 -0.14492481451894113 16.712109033096603
-0.14560429997815078 0.0031774919883714716 0.9893378000032532 63.8009393554924 0.11285660023645942 0.9935206999727929 0.01341856002574674 -0.7291555702932148 -0.9828849983121127 0.1136071111229502 -0.14501941452817163 16.564473672977382
-0.1459368999781458 0.0038667719883854856 0.9892864000032696 64.79011368567055 0.11232990023646504 0.9935898999729371 0.012687010025846818 -0.7262192369777535 -0.9828959983130791 0.1129779110599976 -0.1454358145696354 16.417758022181303
-0.1470603999781366 0.004142621988411226 0.9891189000032995 65.77913641525744 0.11121170023646557 0.9937196999732115 0.012372850026126252 -0.7244331295627031 -0.9828556983087553 0.11182111094428013 -0.14659751468572632 16.27000499590622
-0.14823409997813364 0.004952491988427208 0.988939900003336 66.76801490106455 0.1106078002364503 0.9937963999733759 0.011602400026430457 -0.7233634672184598 -0.9827474982977634 0.11110431087256292 -0.14786231481201786 16.121282763998227
-0.14924229997812385 0.0043380529884505395 0.988791200003353 67.75685829693614 0.10946710023645347 0.9939159999736322 0.012161770026658312 -0.7220936324722927 -0.982722698294987 0.1100551107676286 -0.14880911490682822 15.972329346140498
-0.15022859997812912 0.003835818988445111 0.9886439000033685 68.74536040795002 0.10961990023642235 0.9938910999735786 0.012801010026880269 -0.7195952109774979 -0.9825552982782608 0.11029811079194625 -0.14973131499919776 15.821142634239909
-0.15067229997810047 0.002811837988500256 0.988579800003371 69.7339787029768 0.1070118002364789 0.9941662999741804 0.013482240026967669 -0.7165750748929707 -0.9827748982995866 0.10782111054420424 -0.15009421503564926 15.670727114474921
-0.15206769997810313 0.003896025988508206 0.9883624000034149 70.72211773770766 0.10680600023644544 0.9942010999742555 0.012513940027330363 -0.7128365357331327 -0.982582298280245 0.1074660105086607 -0.1516020151861926 15.517210581171192
-0.1546859999781 0.005230308988536795 0.9879499000034905 71.71012149334884 0.10571420023639959 0.9943324999745495 0.011287850027994435 -0.7096089848398373 -0.9822915982508531 0.10618641038063821 -0.1543622154619097 15.36281448406839
-0.15849469997812268 0.005190444988518943 0.9873462000035729 72.69746472750671 0.10645370023626961 0.9942468999743584 0.011861860028902582 -0.7058943659130257 -0.9816043981822214 0.10698671046068961 -0.158135415839353 15.204259625777299
-0.16320489997811452 0.004742999988567336 0.9865808000036762 73.68440435286546 0.1041819002361858 0.9944802999748815 0.012453280030025014 -0.7048390229508674 -0.9810760981287383 0.10481631024360415 -0.1627982163057567 15.043172432024065
-0.16807239997810766 0.003613140988612746 0.9857681000037751 74.6705730370425 0.10192290023608996 0.9946974999753787 0.013731880031169052 -0.703892496676655 -0.9804914980696248 0.10278031003997845 -0.16754951678117375 14.877430346794847
-0.17277819997811567 0.004875199988638064 0.9849487000038959 75.65586475263797 0.1009596002359606 0.9948082999756378 0.012786180032330518 -0.7033253298797759 -0.9797728979974247 0.10164920992681256 -0.1723734172633185 14.706550109251866
-0.1774520999781409 0.006239530988630724 0.9841097000040145 76.64012183433007 0.10146580023579042 0.994766799975546 0.0119889400334824 -0.702450063363462 -0.978884897908637 0.10198090995996076 -0.1771565177414183 14.52980949711392
-0.18205459997815732 0.00797944298864326 0.9832561000041372 77.62351938252183 0.10117830023563688 0.9948111999756634 0.01066042003462908 -0.7034277791611276 -0.9780690978268812 0.10142490990430965 -0.1819173182171607 14.348347754601999
-0.18687579997816633 0.008786951988669602 0.9823443000042555 78.60614448824748 0.10012070023548891 0.9949234999759375 0.0101469400358071 -0.7056849001927437 -0.9772682977464361 0.100249209786694 -0.18680691870597668 14.162759741857451
-0.19188729997816406 0.007633131988712924 0.9813873000043581 79.58805162471887 0.09794174023535464 0.9951266999764122 0.011410210036986295 -0.7071990125809573 -0.9765176976707381 0.0983082395925752 -0.19169971919553672 13.973402455584386
-0.1972642999781677 0.007480825988753663 0.9803218000044799 80.56916031025155 0.0960630202351915 0.9953060999768493 0.011735010038277599 -0.707978301197264 -0.9756324975816435 0.0964875594104678 -0.19705701973131967 13.779946678829406
-0.20289289997818347 0.006576711988770286 0.9791789000045965 81.54901087233124 0.09508165023498916 0.9953843999770356 0.013016040039609655 -0.7077081664172246 -0.974573797475408 0.0957427993359941 -0.20258172028406965 13.580214847692611
-0.20840309997820983 0.0064692129887694025 0.978021600004718 82.52768329725538 0.09502287023476197 0.9953812999770272 0.013664040040929602 -0.706580177099305 -0.9734160973594956 0.09578203933992135 -0.20805532083155776 13.374790673848342
-0.21384499997824366 0.007858297988761602 0.9768360000048537 83.50497035240474 0.09558616023451544 0.9953372999769303 0.012918200042266605 -0.7053503349025847 -0.9721798972358839 0.09613447937514356 -0.2135991213857318 13.162874505491363
-0.219538299978269 0.008856305988773367 0.9755637000049928 84.48125362083962 0.09521901023427175 0.9953791999770463 0.012391640043658027 -0.7042741578883801 -0.9709460971122835 0.09561263932292632 -0.21936712196237632 12.946380053820453
-0.22545759997830567 0.008853205988761237 0.9742128000051233 85.45587276327089 0.09566882023398995 0.9953270999769168 0.013095110045077891 -0.7036311874203462 -0.9695444969720933 0.09615416937709186 -0.22525102255090326 12.72251151320672
-0.23104519997832565 0.009190853988782997 0.9728996000052539 86.42946112139657 0.09472620023374771 0.995417199977146 0.013092090046430927 -0.7031933750912192 -0.9683207968493678 0.09518392928003844 -0.23085702311147208 12.494201215007301
-0.23620919997834874 0.009550856988795419 0.9716553000053741 87.40181748046884 0.09420289023350836 0.9954665999772748 0.01311579004768169 -0.7017652859629568 -0.9671251967295624 0.09463079922470523 -0.23603812362955884 12.260703759480014
-0.24140409997836448 0.009719217988823692 0.9703760000054948 88.37307055414024 0.09294890023327733 0.9955839999775749 0.013151540048938079 -0.7010006083891143 -0.9659630966129317 0.09337020909861421 -0.24124142414986766 12.022655624764326
-0.24581589997840875 0.009821941988785271 0.96926680000559 89.34254354651608 0.0945750602330131 0.9954206999771636 0.013898220049995417 -0.6992955118677301 -0.964691796486088 0.0950848592701159 -0.24561912458779053 11.777463518044451
-0.2497009999784511 0.008595702988737844 0.9682849000056576 90.310801175903 0.09625855023276952 0.9952278999766693 0.015988230050893712 -0.6963267436519421 -0.9635267963699004 0.0971979694815016 -0.24933682496003776 11.527526757227841
-0.2532928999784891 0.009879225988711056 0.9673392000057481 91.2779912003907 0.09768544023254318 0.99509789997637 0.015415720051782532 -0.6931475236571981 -0.9624449962619781 0.09839963960166984 -0.2530163253278288 11.273492383145092
-0.25634189997851126 0.010331399988705851 0.9665310000058204 92.24439625190121 0.09797856023237042 0.9950700999763099 0.015349250052525272 -0.6899569765747993 -0.9616075961782371 0.09863395962509795 -0.25609042563520407 11.016488257215135
-0.2597613999785224 0.010131909988724085 0.9656197000058965 93.21008147888011 0.09708426023220341 0.995152699976507 0.015674850053345842 -0.6869112811019285 -0.9607802960952134 0.09781817954350482 -0.2594859259748108 10.756790670438079
-0.26370269997853274 0.010350609988753845 0.9645485000059904 94.17503985394768 0.09579549023201302 0.995280199976823 0.015509600054303787 -0.6835564457180299 -0.9598354960003332 0.0964893094105822 -0.2634496263711164 10.494409036429433
-0.2681713999785465 0.011259199988788757 0.963305500006104 95.13885744126624 0.09446872023178857 0.9954197999771867 0.014664270055405255 -0.6814628554534464 -0.9587282958891918 0.09493475925507265 -0.2680067268265953 10.22785448605734
-0.27264889997856584 0.011087669988806828 0.962049700006204 96.10143945416547 0.09357615023154768 0.9954983999773813 0.01504669005648176 -0.6790068079978944 -0.957552195771264 0.09412736917431883 -0.2724590272718876 9.95687485664827
-0.2772300999785983 0.011321089988802907 0.9607369000063081 97.06273920859503 0.09373713023127046 0.9954790999773372 0.015318280057589076 -0.675969266113598 -0.956220095637986 0.09430339919192103 -0.27703792772981206 9.681387114865908
-0.28173079997862316 0.011857819988816735 0.9594203000064159 98.02271253588015 0.09322617023100821 0.9955308999774791 0.015071450058686927 -0.6733823915397587 -0.9549537955111291 0.09368914913047113 -0.28157712818364244 9.401307548265384
-0.2862851999786506 0.012396529988827143 0.9580643000065245 98.98138553804918 0.09286516023073356 0.9955676999775848 0.014867820059797358 -0.6712327070592955 -0.9536335953789167 0.09322721908425678 -0.2861674286425922 9.116805203852373
-0.29049669997867644 0.01139403998882649 0.9568082000066076 99.93867314963511 0.0925312202304745 0.9955773999775878 0.0162376900607893 -0.6684209380083711 -0.9523915952545385 0.09325161908671778 -0.2902662290527707 8.827681414602619
-0.2947360999787133 0.011471439988811801 0.9555099000067009 100.89451317682901 0.09310741023018757 0.9955147999774304 0.016768130061809657 -0.6652852470496156 -0.9510318951186076 0.09390720915228998 -0.2944822294744674 8.533810560790949
-0.2986659999787531 0.012088249988791202 0.9542812000067922 101.84897906977486 0.09410159022990615 0.9954200999772042 0.01684205006276659 -0.6618207103623632 -0.9497070949862739 0.09482950924452829 -0.2984357298698065 8.235510427113992
-0.30225729997878115 0.013277019988794918 0.9531339000068854 102.80239255091112 0.09424427022966328 0.9954201999772313 0.01602063006365942 -0.6583185596111916 -0.9485560948711246 0.0946697492285246 -0.30212433023844326 7.933863931316992
-0.3058438999788137 0.015425359988797195 0.9519567000069888 103.75458052128042 0.09475529022940836 0.9953976999772334 0.014313620064572851 -0.6552309643592905 -0.9473547947510335 0.094580659219571 -0.3058979306153675 7.628366746728075
-0.3092557999788469 0.016027719988785286 0.9508438000070695 104.70565506034563 0.09539849022915861 0.9953370999770998 0.014250010065407062 -0.6528272266568028 -0.9461818946338179 0.09511594927310048 -0.3093428309598164 7.319414619660799
-0.3126265999788702 0.016892959988795694 0.9497259000071555 105.65551472878602 0.09518253022892915 0.9953664999772017 0.013626980066240883 -0.6514883921614241 -0.9450952945250279 0.09465745922722432 -0.31278593130395144 7.006741001797039
-0.3161338999788957 0.01703661998879917 0.9485616000072354 106.6043599279513 0.09503047022868527 0.9953787999772374 0.013794000067090206 -0.6501390823522547 -0.9439430944096899 0.09450299921177202 -0.31629203165457437 6.691002222234599
-0.32013649997892685 0.01695748998879755 0.9472197000073233 107.55204462515408 0.09501387022839893 0.9953732999772212 0.014292740068053188 -0.648394148928938 -0.9425948942747727 0.0945746192189372 -0.3202665320521125 6.3717990047038535
-0.3239252999789729 0.01718207998876496 0.9459266000074052 108.49796772321261 0.09640571022808943 0.9952299999768708 0.014935750068966825 -0.646648044166706 -0.9411579941313275 0.09603078936458327 -0.3240366324292462 6.047412616265483
-0.32713249997902605 0.018154609988714977 0.9448041000074797 109.44252093684399 0.09878847022779373 0.9949940999763259 0.015085850069754903 -0.6443845014675648 -0.939800693996093 0.09827080958861911 -0.32728833275442604 5.719062128898959
-0.3298960999790563 0.017682399988694298 0.9438517000075327 110.3860936642116 0.09945702022757057 0.9949111999761098 0.016123350070406484 -0.6412377612378536 -0.9387634938924687 0.09919169968073895 -0.32997593302341205 5.387911678962078
-0.33258699997907665 0.017036819988691675 0.942918700007585 111.32887421550544 0.09930238022737162 0.9949111999760888 0.017049780071039456 -0.6375217484830975 -0.9378299937990192 0.09930458969204298 -0.33258643328466203 5.054518330309475
-0.33535949997908626 0.016985439988717564 0.94193710000765 112.27090391627719 0.09814417022718958 0.9950269999763663 0.0169996500717116 -0.6335405634336924 -0.9369641937120976 0.09814661957621944 -0.3353588335618673 4.719012309134598
-0.338351799979101 0.01880924998875276 0.9408317000077415 113.21186327985953 0.09724016022698168 0.9951466999767231 0.015075380072482327 -0.630287238530273 -0.9359820936136017 0.09658739942022637 -0.3385386338793613 4.380508365992858
-0.34161619997912673 0.02028946998876758 0.939620600007832 114.1516877773929 0.09708227022673126 0.9951805999768654 0.013806820073306903 -0.6277786106373708 -0.934811993496478 0.09593711935515581 -0.34193953421911966 4.038860047629429
-0.34481849997913555 0.021599759988816247 0.9384208000079246 115.0903764303389 0.09545937022651882 0.9953589999773707 0.012165800074116948 -0.6279819427073916 -0.9338028933951052 0.09377604913897561 -0.34528013455275913 3.694093882990055
-0.3481356999791507 0.0230883299888563 0.93715980000802 116.02780761943265 0.09427365022628303 0.9954909999777813 0.010495320074956682 -0.6284148486230268 -0.9326918932836443 0.09200325896163036 -0.34874253489857016 3.345923599973747
-0.3519010999791924 0.02312203998883717 0.9357516000081012 116.96361694119243 0.09504064022596014 0.9954109999775771 0.011145010075864457 -0.6289862707963018 -0.9311997931345303 0.09285635904695873 -0.35248373527281285 2.993417463580378
-0.35550469997921413 0.02192989998884693 0.9344172000081702 117.89812133510446 0.09415617022568652 0.9954794999776944 0.012459310076708788 -0.6300458481024517 -0.9299198930062448 0.09241047900238208 -0.3559625356209763 2.6374673850712247
-0.359238499979244 0.02119194998884668 0.9330052000082455 118.83129888525748 0.09384472022538431 0.9954949999776999 0.013522060077593923 -0.6299184901254369 -0.9285154928656434 0.09241523900287155 -0.3596089359858378 2.278051608554302
-0.3631388999792822 0.021284189988839897 0.9314919000083324 119.76304824681499 0.09410306022505001 0.9954647999776266 0.013939790078537283 -0.6293020987380625 -0.9269707927111444 0.09271829903318261 -0.36349493637450253 1.914949866190162
-0.3666019999793027 0.021433299988863674 0.9301310000084149 120.69350107299819 0.09312059022477875 0.9955596999778785 0.013761560079380961 -0.6286886114222395 -0.9257059925843488 0.09165934892726144 -0.36697003672193823 1.5485386217038029
-0.370348999979326 0.022010509988891716 0.9286319000085089 121.62259095460523 0.09212319022447946 0.9956608999781709 0.013140530080303543 -0.6289151636537624 -0.924313292444753 0.09041510880279979 -0.3707697371017248 1.1786845997421223
-0.373599199979356 0.022063689988892205 0.927327800008582 122.55005283341016 0.0920768102241968 0.9956615999781754 0.013406100081090538 -0.629707190308035 -0.9230089923142363 0.09039387880067538 -0.37401003742578803 0.8047676231513363
-0.37639619997939383 0.022700509988872696 0.9261807000086476 123.4760103315357 0.09308605022392583 0.9955674999779602 0.013428630081778171 -0.6310243783045283 -0.9217705921905726 0.09126896888819208 -0.3768409377088568 0.4271420822978698
-0.3789167999794322 0.02285843998884297 0.9251484000087002 124.40002897881402 0.09433619022367097 0.9954412999776413 0.014042410082386771 -0.6319188407166659 -0.9206100920747631 0.09259586902090863 -0.37934583795946974 0.044795589314592266
-0.3816063999794687 0.022501759988816004 0.9240510000087514 125.32299751919736 0.09526666022340641 0.9953371999773576 0.015104710083024673 -0.6314712860634221 -0.919402491954163 0.09379529914088486 -0.38197073822218836 -0.34007956137326717
-0.3840977999795044 0.02314781998879655 0.9230022000088102 126.2448170228947 0.0962803502231553 0.9952395999771426 0.015106600083638781 -0.630600254966949 -0.9182586918399677 0.09466937922830117 -0.38449803847489444 -0.727698038611035
-0.3866126999795344 0.024327389988795408 0.9219213000088782 127.16591363293604 0.09675317022291355 0.9952054999771169 0.01431277008427412 -0.6299778968437535 -0.9171529917294523 0.0947322892345729 -0.3871128387361594 -1.117031638528557
-0.3893715999795534 0.024500549988813326 0.9207549000089444 128.08586604851376 0.09604304022267698 0.9952767999773063 0.014131450084948026 -0.630667725285169 -0.9160597916198983 0.0939344691547698 -0.3898856390133689 -1.509061175266858
-0.39209579997957417 0.02535894998883425 0.9195748000090174 129.00483584448344 0.09548806022243736 0.9953420999775197 0.01326659008562983 -0.6321708788391069 -0.9149551915092421 0.09301017906230521 -0.3926909392936646 -1.9033863471970172
-0.394973799979603 0.026520359988844746 0.9183096000090951 129.92265528260364 0.0954871002221671 0.9953542999776182 0.012324520086354276 -0.634520669197168 -0.9137165913853149 0.09255456901671427 -0.39567123959143985 -2.3003774533136463
-0.3974299999796062 0.026549199988890507 0.917248400009158 130.83968156162013 0.09359537022198124 0.9955410999781058 0.011738120086955154 -0.6379455096171497 -0.9128468912978351 0.0905152788127399 -0.39814273983842496 -2.6991897038438175
-0.4003448999796387 0.027179939988889797 0.9159614000092292 131.75504760432574 0.0938458102216965 0.9955205999780908 0.01147700008767484 -0.6419345827695981 -0.9115464911677872 0.09055388881659113 -0.4011023401342926 -3.101792658288726
-0.40290659997968603 0.02696928998884195 0.9148437000092753 132.66876466471675 0.09567667022140389 0.9953301999775831 0.012794970088283788 -0.6458737304815465 -0.9102265910361756 0.0926843590296886 -0.4036054403848919 -3.5081246702729176
-0.4054480999797131 0.026289109988832184 0.913740000009323 133.58165344327165 0.09575560022115469 0.9953084999774869 0.01385312008888179 -0.6486698625985476 -0.9090889909223752 0.09311242907251663 -0.4060633406309094 -3.916323530938226
-0.40863979997973626 0.025463289988844163 0.9123405000093874 134.49355765909343 0.09487381022086355 0.9953804999776243 0.01471329008963717 -0.6493512954929364 -0.90775139078833 0.09256963901823963 -0.4091678409415327 -4.326726214036494
-0.4116807999797545 0.025806649988876076 0.9109627000094643 135.40430933418355 0.09367349022059193 0.9955026999779607 0.014131180090386214 -0.6499517242723025 -0.9065011906629519 0.09115057887629638 -0.41224674124925137 -4.739680216660121
-0.41507719997977277 0.02524699998890728 0.9094358000095398 136.31365766357152 0.09211869022028996 0.9956437999782997 0.014403820091201018 -0.6511617414594549 -0.905110590523441 0.08975472873669062 -0.4155948415840911 -5.155714170115977
-0.418523399979797 0.02430781998892366 0.9078807000096097 137.22173012225707 0.09099928021996825 0.995733599978485 0.015289680092017716 -0.6519685154028626 -0.903635690375603 0.08901555866277396 -0.4189498419197668 -5.574526500073437
-0.42208209997982904 0.02436984998893725 0.9062300000096921 138.12803971829024 0.0904171702196181 0.9957858999786291 0.015334190092883625 -0.652738787138197 -0.902037490215561 0.08841102860230698 -0.42250684227543917 -5.997140301076689
-0.4257270999798594 0.023894999988951532 0.9045361000097709 139.03273272828673 0.08957398021926107 0.9958539999787867 0.015851370093759146 -0.6533438690700087 -0.9004071900522446 0.08777123853832274 -0.42610244263508346 -6.423203870953975
-0.4295872999798967 0.02463814998896967 0.9026892000098679 139.93577720917753 0.08910321021886809 0.9959060999789714 0.015221540094714015 -0.6541938666139475 -0.8986186898731922 0.08697147845831697 -0.4300239430270399 -6.852750199760205
-0.43369479997992977 0.02386279998898771 0.9007439000099551 140.83721328061426 0.08796735021845954 0.9959952999791722 0.015968720095696498 -0.6540344005517583 -0.8967556896865247 0.08616158837732468 -0.43405714343049334 -7.285662493607085
-0.4375345999799719 0.023996259988990253 0.8988814000100425 141.73626943841262 0.08785629021805019 0.996001799979198 0.016175490096631155 -0.6540223269989845 -0.8948993895007789 0.08604970836613203 -0.4378935438141395 -7.723496016873966
-0.44102149998001955 0.02505592998898375 0.8971467000101292 142.63343609316706 0.08852924021765597 0.9959497999791166 0.015704060097498508 -0.654601401528897 -0.8931196893228889 0.0863495383961028 -0.4414534441699764 -8.165188017977032
-0.4446550999800566 0.025002809988992267 0.8953529000102112 143.5288950816418 0.08810197021726748 0.9959838999792078 0.01594074009838045 -0.6543852101396946 -0.891358489146582 0.0859704783581899 -0.4450721445318613 -8.610331935596728
-0.44830329998008867 0.025215579989016315 0.8935258000102996 144.42329694727636 0.08717879021688463 0.996069999979461 0.01563027009927441 -0.6533965862683689 -0.8896201889724463 0.08490359825147635 -0.4487397448985046 -9.057595229232117
-0.4519336999801295 0.025070499989017378 0.8916992000103792 145.31586462653104 0.08700532021648162 0.9960778999794737 0.016091130100152826 -0.652012911381965 -0.8877984887901502 0.08485468824658682 -0.4523424452588423 -9.508506566953688
-0.4553867999801774 0.02592549998901069 0.8899162000104635 146.20668726540313 0.08760414021607617 0.9960297999793926 0.015811810101008076 -0.6499332475995049 -0.885973188607683 0.08516081827719144 -0.45584994560948405 -9.962853096340861
-0.45888979998023577 0.027016549988985845 0.8880824000105475 147.09508590550251 0.08903314021564082 0.9959047999791155 0.015708530101877782 -0.6479922046288299 -0.8840210884127332 0.08627723838883795 -0.45941594596601676 -10.4219218375687
-0.4621007999802997 0.028997499988952787 0.886353200010632 147.98187641593188 0.09121464021521603 0.9957185999787401 0.014979360102695195 -0.6469278488648614 -0.8821240882234803 0.08777034853814743 -0.4627673463009421 -10.884092334786363
-0.4649722999803452 0.029829259988938553 0.8848226000107012 148.86702074807178 0.0921218402148581 0.9956370999785785 0.014844760103408619 -0.6462589454358569 -0.8805193880631605 0.0884138786025006 -0.4656915465932943 -11.349408408949394
-0.46786049998040297 0.03190776998891418 0.8832262000107812 149.7501377119463 0.09402770021446964 0.9954732999782939 0.013845270104153038 -0.6449329246174095 -0.8787863878902494 0.08952536871364046 -0.46874284689814816 -11.818559427534131
-0.4704907999804577 0.03425763998889353 0.8817397000108592 150.6313974704336 0.09593141021410788 0.9953091999780452 0.012518300104842912 -0.643417858175245 -0.8771747877294835 0.09047625880871404 -0.47157024718053614 -12.291189307033928
