0.9999643733574092 0.0011614663587562375 0.008360802103960764 -0.1756056946840291 -0.001162331413597949 0.9999993196309233 9.860717804471406e-05 -0.030231836171427804 -0.008360681886609524 -0.0001083216879303298 0.9999650430214062 1.4975240073697607
0.9999984447726435 0.0014433908513839543 0.0010134471591979118 -0.19581704581576004 -0.0014434694051216124 0.9999989552495806 7.67842674801493e-05 -0.04002168246592026 -0.0010133352706893563 -7.824702803116182e-05 0.9999994835143825 2.498960203339529
0.9999213484252429 -0.0017963807836026534 -0.012412492881144772 -0.1928284662979379 0.0018113725776447282 0.9999976434618078 0.0011966621144139016 -0.0414500749277857 0.012410313969804437 -0.0012190516442792535 0.9999222459872864 3.1170372315031614
0.9997631976238658 -0.00121306354396075 -0.02172733655424771 -0.324430921975542 0.0012084788052352156 0.9999992446695457 -0.00022414128405066273 -0.05112884960055362 0.0217275920405491 0.00019783118114200687 0.9997639084338577 4.108308028143473
0.9994347429234428 -0.0010776187826548865 -0.03360109187677303 -0.4525789309679872 0.0010174994214593718 0.9999978510636892 -0.0018062566071460108 -0.05860827034945091 0.03360296612621277 0.0017710465162717407 0.9994336916783212 5.100036930384298
0.9987719585004203 -0.00147894832680531 -0.04952158746528459 -0.6016783616755135 0.001272892509680055 0.9999904025229395 -0.004192207851263456 -0.06915739294114437 0.04952731224177214 0.004124023988295231 0.998764255351707 6.088785178532503
0.9979214963454094 -0.0012207746526713343 -0.06442978225158713 -0.7807506745784166 0.0010767270278355 0.9999968429532029 -0.0022704058083616455 -0.07894039189606525 0.06443235049761156 0.002196313473643741 0.9979196603016087 7.072609781765022
0.9966587022556687 -0.0024034953643536994 -0.08164345918737431 -0.971868186801764 0.002334798186425134 0.9999968354735628 -0.0009368886213183066 -0.08297484399671663 0.08164545263194753 0.000743137197037067 0.996661159979474 8.054249256524377
0.9949212305995759 -0.003532309725760465 -0.10059457087848843 -1.1721681111561488 0.003446654890552273 0.99999353467314 -0.0010252716638931556 -0.09564460436203391 0.10059754207877726 0.0006733497758581171 0.9949269727612111 9.033845467833753
0.9927779074143914 -0.004061720899559263 -0.119897994033414 -1.413377430121629 0.003789318900285115 0.9999896958539072 -0.0024998496518576618 -0.11590255290164839 0.11990691227854394 0.0020274637713247673 0.9927830688415678 10.004040505187167
0.9895283886118552 -0.00010945580851764222 -0.14433833915717492 -1.7150700143726738 -0.000249102654499918 0.9999969281985597 -0.002466078123635345 -0.14097616799368196 0.1443381657050317 0.0024762093753020057 0.9895253217113931 10.95715592467272
0.9856071067492842 0.004455169261042304 -0.16899343949444032 -2.0533855541285564 -0.005105753352670861 0.9999811329566698 -0.0034154082327530963 -0.17140838442400855 0.16897503486612236 0.00422908944692958 0.9856112582526857 11.89760196564913
0.9803198864657859 0.0073916579960468295 -0.19727717453313948 -2.409643311937246 -0.00847904276355016 0.9999531573552394 -0.0046678612984200965 -0.21068819095296926 0.19723343031424254 0.006248718857244057 0.9803366398738341 12.831068274972113
0.97382894941467 0.008497413002555508 -0.22712325124078533 -2.7847167069028202 -0.0096056754396048 0.9999467398638122 -0.0037747099334977286 -0.22127062076933873 0.227079079356223 0.005857594045090008 0.9738587065435791 13.757951772840247
0.966270837652343 0.009812911144937835 -0.2573409704604029 -3.187080314382842 -0.011457923459252792 0.9999223816256522 -0.004893537992603654 -0.24335356444173065 0.2572729762191168 0.007677076197661824 0.9663082728655554 14.673225906715281
0.9575202810439715 0.012031640243280465 -0.28811482263592625 -3.625085880748722 -0.01352440682847965 0.9999034488559242 -0.0031911417965148486 -0.25270801741452215 0.2880486101501145 0.006952165064493578 0.9575905521628246 15.572214332809267
0.9468639845616095 0.014297410314489665 -0.3213163220230374 -4.092205028914631 -0.01578444554196415 0.9998733707263431 -0.00202331195645555 -0.26272535847588824 0.32124670584932974 0.006987601207817486 0.9469697605574925 16.456345933654045
0.935750846105653 0.017246179299177163 -0.352239866159605 -4.601067554262496 -0.018790382756503108 0.9998229792615617 -0.0009652234966226332 -0.270791925022637 0.3521608659809034 0.007521930610884073 0.9359092611099995 17.31727625795425
0.9225365738026766 0.01961924994686791 -0.3854106317007125 -5.141772194059484 -0.02179575904661429 0.9997616265389195 -0.0012786664284877615 -0.26590760532971786 0.3852936735582375 0.00957993380852571 0.9227442820111229 18.158844050228392
0.9075240093724943 0.021272598258838395 -0.41946114119879097 -5.6927315141399335 -0.022898266391600565 0.9997371281633186 0.0011592963464710298 -0.2611813827327765 0.4193755379236289 0.008552843683694397 0.9077725524910902 18.99332774175253
0.8901235193744245 0.016941359419190918 -0.4554043374821102 -6.261706384019513 -0.01882138950927405 0.9998227794364533 0.00040622272822067834 -0.2560958813417924 0.45533051243402295 0.008209754015469998 0.8902846311071395 19.81558865709432
0.8705388395536261 0.01109935401684007 -0.49197452491875654 -6.867231407370843 -0.01400312521566386 0.9998994877012352 -0.0022196799321985974 -0.26576477006583027 0.49190043841495157 0.008821498467710702 0.8706067653378089 20.611694436276146
0.8484979240187622 0.013163825466643153 -0.5290349578571686 -7.522457605882026 -0.014727769192922194 0.9998907482540972 0.0012587177845551614 -0.29145672026634667 0.5289937294056065 0.006723485327187119 0.8485990979223366 21.366734787040446
0.8227878957756652 0.019703925426888907 -0.5680068959861546 -8.250199013231706 -0.02000555122848581 0.9997836035136941 0.0057029873940490795 -0.3121408517738424 0.5679963525279882 0.006670942058199416 0.8230040352555738 22.052979200920028
0.795892568450128 0.022197275388376125 -0.6050308260338417 -9.002453953751697 -0.022835335455137985 0.9997171986011701 0.006638544695921632 -0.3344870317183708 0.6050070800746971 0.008532513484373937 0.7961743711481352 22.711955313203426
0.7607091383910776 0.02257852945086379 -0.6487000977155334 -9.775984124630948 -0.0225378713242593 0.9997109826724554 0.00836633015393146 -0.34071213118316074 0.6487015115786894 0.008255975527454605 0.7609981522603152 23.345633335004965
0.7248613241854596 0.018400352163530417 -0.6886490308860979 -10.54633261072675 -0.01636099480292829 0.9998210807770312 0.009493381005074355 -0.3346013148768706 0.6887004998903089 0.00438559848903374 0.7250326806266953 23.98359708762844
0.6833469736797572 0.013002527284661856 -0.7299779776451688 -11.35549132652238 -0.01111231758320176 0.999910813749857 0.0074081673866472865 -0.32886239150053437 0.7300091985452293 0.0030493983521579565 0.6834305167381991 24.571036631790722
0.63730389618706 0.01214612617992565 -0.770516849603963 -12.194723741048334 -0.008509690437208702 0.9999257360071757 0.008723969232566848 -0.32473579483620485 0.7705655903772609 0.0009970402846521198 0.6373599272288886 25.113827615315067
0.5879397264308203 0.010859033209029968 -0.8088318487066514 -13.079758875230192 -0.006199110532337881 0.999941012603011 0.008918651415575352 -0.3147858236611008 0.8088809857531952 -0.0002295914411975066 0.5879723617439083 25.577735553939693
0.540797287834176 0.010038737359391195 -0.841093049087573 -13.98572668825809 -0.003728414992918372 0.9999475664809359 0.009537463525202343 -0.33003438469121815 0.8411446917105525 -0.0020218904725892786 0.5408063605081549 26.00137931897343
0.4924200997911064 0.012674543171078268 -0.8702653625631226 -14.230991091949427 -0.0038480188694129227 0.9999158930503154 0.012385458254357828 -0.32543249147599107 0.8703491472233991 -0.0027500510530300993 0.49242745571983265 26.091783951824073
0.44012133635492473 0.014930827463559115 -0.8978141676741411 -15.181834962796673 -0.003060348114718577 0.9998808819879684 0.01512799075815214 -0.32012140906686654 0.8979330952551936 -0.003910527613433693 0.4401146035059643 26.401671751096323
0.38451710695318253 0.017110663884383044 -0.9229592730135998 -16.145319927297034 -0.0028224936595142814 0.9998453172348722 0.017360159361001423 -0.3217093225370821 0.9231135509729544 -0.004070231557667687 0.38450592352416346 26.66777194033806
0.33309963809414006 0.02071574393940982 -0.9426640382737594 -17.120011514785393 -0.00047426260456347505 0.9997621753214957 0.02180293263330898 -0.32283151269986987 0.9428915134714785 -0.0068154786675260984 0.3330302434824762 26.891364124409574
0.278812881363665 0.023124958760975138 -0.9600669838443546 -18.100191620013902 0.0036623089021062503 0.9996771661545005 0.02514261248980175 -0.3201581115183656 0.9603384636049922 -0.01052614609484317 0.27863818038666804 27.087099807702455
0.23069677651038709 0.023473523668318723 -0.9727425101198733 -19.09050695683386 0.006324530389025787 0.9996516753091713 0.02562280950491518 -0.3184319855807595 0.9730051375111414 -0.012063239123873996 0.2304679601132558 27.225764643622394
0.18360319301073705 0.025721117627770466 -0.9826638752005912 -20.0874134968626 0.003719200420888894 0.9996322818586757 0.026860167800040243 -0.3129162023884587 0.9829934054023411 -0.008586336471129922 0.1834400167943547 27.30364921895646
0.14184435000704532 0.025292888549677595 -0.9895657886971917 -21.086173553749283 0.001630850889184405 0.9996661860622235 0.025784816640519213 -0.2990055465498126 0.989887630338139 -0.005271264802828581 0.1417557514562366 27.350880326772764
0.10575325738001327 0.024420904218183066 -0.9940924846263982 -22.08568485210596 -2.558391434802701e-06 0.9996983983091166 0.02455834708691629 -0.2800521750874298 0.9943924016941055 -0.002594581922612294 0.10572142449700303 27.37750659245521
0.07201333326960666 0.02243045680958683 -0.9971514200153938 -23.08563337826634 0.0008128546570718034 0.9997454420913319 0.022547511723328126 -0.2654256064367382 0.9974033382231619 -0.002434260651697677 0.07197676900481527 27.385222139127777
0.04097823984949525 0.020069476620318612 -0.9989584575782049 -24.08563801607766 0.0012971584114903137 0.9997963378046697 0.020139520660282136 -0.2611507480489387 0.9991591971447257 -0.0021210894740478765 0.04094386084079439 27.38050702494005
0.015871898968703065 0.018373355224183454 -0.9997052078692678 -25.08477743729122 0.00030442601288472 0.9998310179818857 0.018380500703424386 -0.25451454902266957 0.9998739871343439 -0.0005960697206506694 0.015863623575909754 27.339592083406657
-0.005889750047940886 0.015943051966162535 -0.999855554536944 -26.08343016975796 -2.1642081591519233e-05 0.999872894794167 0.015943455947588937 -0.24468110317101024 0.9999826550375729 0.00011554192592265521 -0.005888656389217302 27.290179802871517
-0.02143005169687299 0.015379713123286799 -0.999652048119003 -27.081754375340513 0.0004654610763328024 0.9998817159890685 0.015373268251808203 -0.23123345443862764 0.9997702417206947 -0.00013584918488963846 -0.021434675522227883 27.23372445353354
-0.033622853561714496 0.015588757166597703 -0.9993130112073848 -28.079673108530113 0.0009783475111341657 0.9998783847142003 0.015564659246803725 -0.22077439270572863 0.9994341131633018 -0.0004543471387654876 -0.0336340157305448 27.170150356043017
-0.043048367820789996 0.016729705479170732 -0.9989329081487649 -29.077394232649905 -0.00026093681403691776 0.999859566457407 0.016756469663545832 -0.22116573277095947 0.9990729552640016 0.0009819970399431712 -0.04303795698994655 27.101651480153723
-0.049598558925972605 0.01803412294209783 -0.9986064056284532 -30.07490639982547 -0.002039782233548492 0.999833056729325 0.018157586836753507 -0.22758047527953149 0.9987671511623253 0.002937529745184796 -0.049553493096749786 27.031596453513075
-0.05423569646969009 0.019467454994139703 -0.9983383732104568 -31.071874400767864 -0.002031028516121992 0.9998057130196345 0.019606405495833697 -0.21755065825357112 0.9985260958791287 0.003091020762062961 -0.054185620223765524 26.95456743077593
-0.05497775064978298 0.01988488478978168 -0.9982895563364319 -32.06993953985605 0.00016987159655009344 0.999801848430946 0.019905652908268637 -0.20786504091032618 0.9984875653092188 0.0009247869813577554 -0.05497023459935511 26.893075839293783
-0.05578943125679627 0.022890485832517238 -0.9981801265394925 -33.06808799943263 0.0020901581092371765 0.9997376472535604 0.02280938190732432 -0.1970363894490831 0.9984403690752502 -0.0008138318420372283 -0.055822639480870954 26.833589530196203
-0.0536866203487652 0.025165001659611434 -0.9982406871526536 -34.06591101909544 0.0013528440750118984 0.9996833111988663 0.025128611648468187 -0.1921490300140371 0.9985569170600325 -1.3937655874193388e-06 -0.0537036627207229 26.767858343558288
-0.051560369443300884 0.025406938892663853 -0.9983466410816323 -35.06322466833714 -0.0009018643638784554 0.9996747388063649 0.02548731514097584 -0.1862177308815456 0.998669472319816 0.002214508643175805 -0.051520685243208963 26.694795371232523
-0.05024111773682142 0.0225096589622773 -0.9984834226675772 -36.06116940110288 -0.0028739757418792854 0.9997385865572839 0.022682566254276473 -0.17652463847480704 0.9987329825093342 0.004009214617169546 -0.05016329181945237 26.631506778338313
-0.04826088340196667 0.023139216561293165 -0.9985667047274279 -37.05940137425134 -0.0032324010266226 0.9997227742066483 0.02332222794173331 -0.16277569577047207 0.9988295343635294 0.004353319364882118 -0.04817270901290976 26.573642523596483
-0.04712932206618968 0.025445704777429107 -0.9985646414278667 -38.05742296270729 -0.0029162570754643416 0.9996677192675937 0.025611452496832464 -0.1456650133132657 0.9988845390966121 0.004119121594178643 -0.04703945568393837 26.51315869378416
-0.04414117514466023 0.02922577568565389 -0.9985977221546336 -39.055423639374496 -0.00396930942877787 0.9995589812892385 0.029429364700561737 -0.13312467142912474 0.9990174178859481 0.005262790095747997 -0.04400570191351402 26.45114933616387
-0.042703632253737536 0.03170502027567755 -0.9985845940538333 -40.05391531512345 -0.004414077407731204 0.9994806085961931 0.031922233017475876 -0.1251081903456488 0.9990780328447704 0.005771024995817791 -0.042541503940523084 26.396554245364495
-0.041287292508255066 0.031125942647267327 -0.9986623729627843 -41.05195387229097 -0.006066927241000592 0.9994884064949647 0.03140251066409699 -0.10649806423801553 0.999128896524963 0.007355336598372312 -0.04107733136821884 26.33603323553228
-0.040144188828031745 0.028169032988723655 -0.9987967509377581 -42.04966373752262 -0.008244346289795361 0.9995591689141932 0.028521896743055622 -0.08663415974565505 0.9991598845317966 0.009379414696440163 -0.039894256759074195 26.27152345311108
-0.04131742615570001 0.027874495537918487 -0.9987571690828443 -43.04815644459421 -0.009055654965027507 0.9995592614839801 0.028271503227715072 -0.06992551758958096 0.9991050322208483 0.010212506063983563 -0.041046794160694865 26.219410478277027
