0.9999796156188178 0.000537516944108258 -0.0063623440944553045 -0.09201387579617643 -0.0005353858518238634 0.9999998000135615 0.0003366523824828804 -0.01652418198870601 0.006362523778432628 -0.00033323921101977683 0.9999797034154229 0.9956205994607433
0.9999089326811954 0.0009804554905553696 -0.013459756735677396 -0.17528774168221523 -0.0009763357160480972 0.9999994745096321 0.0003126484115504914 -0.03217282757178183 0.013460056200556595 -0.0002994786982675578 0.999909364492396 1.9920244147644626
0.9997732264291944 0.0011639498510908467 -0.02126360590545916 -0.24642565394659444 -0.0011714837456398165 0.9999992553797417 -0.00034185639678384946 -0.04615224774128188 0.021263192168445307 0.00036668884147998904 0.9997738455261276 2.989392929031075
0.9995458505190145 0.001714127523028275 -0.03008578529895217 -0.3939256091091699 -0.001764636762407641 0.9999970778614993 -0.001652369680021576 -0.059267335858160484 0.030082865011773877 0.0017047097399534353 0.999545954520044 3.978368023606628
0.9991397089106395 0.001842960098403057 -0.04143000815879714 -0.5346554530323213 -0.0019770079528710622 0.9999929423622975 -0.0031947871837223144 -0.06800012922779294 0.04142382789550705 0.003273946192393213 0.9991363008913313 4.968377533333342
0.9985027129796349 0.0016056219138477158 -0.054678644374000364 -0.6988002445640815 -0.0018260174885486348 0.9999904085147817 -0.003981022302350989 -0.08322242919371071 0.05467172790794292 0.004074905730206953 0.9984960677493178 5.95469632003303
0.9974918958631137 0.001516380668054457 -0.07076452696853455 -0.8715961685817427 -0.0018157464317171343 0.9999896723868391 -0.004166315465512784 -0.08039039345366013 0.07075747841964558 0.004284356349793427 0.9974843475154694 6.939649886561141
0.9960217348224072 1.550134083465977e-05 -0.08911062518617294 -1.0598515047298027 -0.0004003897333436767 0.999990669009406 -0.004301346554549116 -0.08360126170831896 0.08910972701912849 0.004319913636790783 0.9960124471595461 7.921764746817738
0.9940422148053932 -0.0012513686762331909 -0.10898857399390117 -1.2564340427881604 0.000768176534522622 0.9999896907726912 -0.004475293638376826 -0.10034034129759102 0.10899305064819381 0.004364908335123393 0.9940329282702995 8.902109119446578
0.9913701004706242 -0.0015237736359822042 -0.1310839502256865 -1.4938560895906796 0.000900217253200338 0.9999879975628926 -0.004816050150666446 -0.12330383961556296 0.13108971546906725 0.004656484088126946 0.9913595733406605 9.873244243637387
0.9879471142847265 0.0020180489691161837 -0.15477863823809568 -1.8068915152495932 -0.0030595723701756783 0.9999742513554161 -0.006491197353890008 -0.13986926975156053 0.1547615533438221 0.006886516139074983 0.9879278503524809 10.822841204883026
0.983729688840435 0.00630658455740301 -0.17954421818905955 -2.1586054871525633 -0.007879522205130307 0.9999365620679723 -0.008048911075609792 -0.170266501955483 0.17948206713685674 0.009332675441937393 0.9837169759363598 11.758455051639569
0.9785595029841259 0.00929172915805862 -0.20575461814674623 -2.535406569599888 -0.011339469756002628 0.9998971994112278 -0.00877536524803185 -0.21497240587854863 0.20565192813371036 0.010920365325251095 0.9785642697728395 12.683669786942072
0.972113007888792 0.01014340738909546 -0.2342934296559425 -2.923753499858087 -0.012656862798523127 0.9998773290732008 -0.009226626119103912 -0.22562097419719374 0.23417109923623067 0.011934743063058065 0.9721221416007942 13.605121494711833
0.9643445583831343 0.011892351826677586 -0.26438257258160575 -3.333599473046374 -0.01461183402257866 0.9998586099297118 -0.008321926214615605 -0.26118717425637106 0.26424622423666555 0.011888318529355272 0.964381978709272 14.516582576533084
0.9551880138028647 0.013537657679896054 -0.2956900236935295 -3.7738602033145474 -0.01649321755070375 0.9998358226993526 -0.007503427345840344 -0.26805617139445836 0.29553989927277713 0.01204406375153744 0.9552544731463894 15.414426263519825
0.9442830581371502 0.015634139178134984 -0.328762953824347 -4.242716498873293 -0.018773360997795228 0.9998034323539103 -0.006376328895720775 -0.28442102515215417 0.3285986412509911 0.01219304496418542 0.9443909479778511 16.297549100772112
0.9322340429795815 0.01822481072756514 -0.36139665934245696 -4.754698983599618 -0.021887339704246146 0.9997421784950177 -0.006043252328605573 -0.2964841584973342 0.3611933463819821 0.01354373700204981 0.9323925856190648 17.15646026972229
0.9189465116342277 0.021070585317737835 -0.3938189167493757 -5.307615233193016 -0.025272385323825124 0.9996655500586191 -0.0054858514418864015 -0.29637166998229125 0.3935716139349077 0.014993947457766737 0.9191716739784281 17.98969708376852
0.9034035708877401 0.021489434138748275 -0.4282524866567335 -5.862392331778666 -0.026130474388729827 0.9996462311482645 -0.004960933308400221 -0.28863889556775396 0.4279943766166787 0.015672165500238328 0.9036455039522046 18.82166015691824
0.8857277822149188 0.0171223220795912 -0.46388912673099336 -6.441117428987298 -0.02220140819383122 0.9997384467417444 -0.005489588383011657 -0.29339113615849965 0.4636738005180495 0.01516127280299237 0.8858762568892684 19.637168990757733
0.8652668485793992 0.01265837829486016 -0.501151719750036 -7.047303683945123 -0.01797056489106354 0.999821849051388 -0.005773123674335954 -0.3147624623247717 0.5009893607123516 0.014001272028187899 0.865340178678086 20.432204506139342
0.8408368569619041 0.014256106845274497 -0.541100862494269 -7.698985272525285 -0.018752143078472366 0.9998202482736877 -0.0027979049136335615 -0.3362158687117766 0.5409637114487352 0.012499382367035242 0.8409530476406231 21.190393689958277
0.8128056503861225 0.020153668080621065 -0.5821862282494218 -8.426992379306192 -0.024117108211128738 0.9997087015087397 0.0009365998302234171 -0.35679739682586536 0.5820355142016032 0.013279374631563931 0.813054929520429 21.875654248561332
0.7811476017050709 0.02340979125579257 -0.6239073697463232 -9.181114079242013 -0.027396559307284823 0.9996195032773473 0.003205808115231447 -0.38702154390566695 0.6237450223356797 0.01458870593676754 0.7814917253372249 22.531693075628155
0.7469712037874128 0.022848810501040363 -0.6644636578256706 -9.976429022792235 -0.02707257508940724 0.9996257069546988 0.0039397554932997835 -0.3898984357984548 0.6643049724263781 0.015045858367209472 0.7473101937987883 23.13788268627712
0.7079514522516261 0.018744210473958182 -0.7060123198843772 -10.75356219907068 -0.021355142696999767 0.999758795456047 0.005129209360582249 -0.38740512229743373 0.7059381694845542 0.011445762621243897 0.7081809764338594 23.76721391044699
0.6665737948384988 0.015360881269778364 -0.7452807654577015 -11.578747537699028 -0.016301620468694558 0.9998489506004773 0.006027698832792021 -0.39486746384414523 0.745260782011704 0.008131378095991864 0.666723516523576 24.33202666735975
0.6226744242930402 0.014403961495924836 -0.7823484436135562 -12.42457479182236 -0.014113531671080407 0.9998746497919369 0.007175857246411118 -0.3682531807041528 0.782353736844849 0.006573476757042319 0.6227996626911617 24.864819231233408
0.5760454331950547 0.01495539890996601 -0.8172808543815059 -13.31532630023104 -0.0123025097279495 0.9998779911725775 0.009625540145084705 -0.3516856098899887 0.8173250926953817 0.0045098572188836585 0.5761591395077843 25.319007788848843
0.5259058194059554 0.016149180288759918 -0.8503894831728286 -14.221852009132558 -0.010295351922694334 0.9998673509236897 0.012620867071274609 -0.37379277311639586 0.8504804964511162 0.0021176715618901215 0.5260023199791214 25.74057912615088
0.47480146492634107 0.01748458820858752 -0.8799192338385241 -15.161562400625307 -0.009523216714184077 0.9998461717755819 0.014728921519519187 -0.3567265463488284 0.8800414065526768 0.0013863480405702751 0.4748949365827096 26.082124297430408
0.4219032027764323 0.01974030101909624 -0.9064259528514521 -16.117164316723546 -0.008842283021191139 0.9998049817323029 0.017658214355998847 -0.349416169050105 0.9065977616991785 0.0005648176207567198 0.42199547327322595 26.37669435078484
0.3681502192027937 0.021853545605654105 -0.9295094612995584 -17.08704452813719 -0.008504722944078884 0.9997610617593896 0.020136759356516286 -0.3458138153132024 0.9297274255331925 0.0004918680711173928 0.3682481123878596 26.62025004986777
0.3146893503751911 0.024871165225656754 -0.9488688201752425 -18.066696799587397 -0.006340834716821619 0.9996894358238745 0.024100326081557488 -0.3370232356501161 0.9491735387038204 -0.001567495601758836 0.3147493230842676 26.820759732306396
0.26256560086924846 0.026570218128610736 -0.9645482511252441 -19.052904463345563 -0.0019143763997312956 0.9996331797511768 0.027015571501478555 -0.32741299533786933 0.964912244923428 -0.005246851355755584 0.2625201518887269 26.98599310431644
0.21286665554882053 0.02694064265415338 -0.9767097771236035 -20.04500450757335 0.000850477321970675 0.9996143169281689 0.027757775136978524 -0.3208814353272393 0.9770808889973149 -0.006739374274475466 0.21276164407760198 27.111272076881853
0.16671380740881514 0.027934926471063496 -0.9856095303426763 -21.043474196415993 -0.0015412752883452283 0.999604746789084 0.028070886470096004 -0.309953361585117 0.9860041231606187 -0.003160708747695572 0.16669096865298494 27.165483124342355
0.12536482925349152 0.028621021845329584 -0.9916977849601007 -22.043028258482693 -0.0036037385977635067 0.9995903345390431 0.028393241524051847 -0.29832266111398703 0.9921041642158148 1.430570936139866e-05 0.12541661429405962 27.192985557189463
0.08830923551811518 0.027148720378907122 -0.9957230668735119 -23.04266640010451 -0.005029872373450418 0.9996279171729283 0.026809095330132635 -0.2733409684618369 0.9960804080525384 0.002640869232138134 0.08841293176671602 27.20295956576756
0.05464794829330423 0.024376459528387733 -0.9982080895124982 -24.042399046862332 -0.0041447203750468115 0.9996988850287558 0.024185958018555723 -0.2547689607451574 0.9984970821391236 0.002815580423916962 0.054732526586404706 27.189186565514586
0.02369013890502798 0.021826647056498484 -0.9994810527453384 -25.042107268741074 -0.0038138833693051807 0.9997563345185747 0.021742260315549992 -0.24996327208296382 0.9997120743555639 0.003296826998016437 0.023767610722143683 27.165514715892733
-0.002210969539435165 0.020010719735063385 -0.9997973208152634 -26.040401328387393 -0.004769353222384328 0.9997881823020444 0.02002108386212684 -0.24186486712044852 0.9999861823463033 0.004812652580327145 -0.002115063026305866 27.107692866113172
-0.02261794729372091 0.01782581298591511 -0.999585248416366 -27.037646215244482 -0.004932403916774255 0.999826867889084 0.01794172897761156 -0.23116749845617068 0.9997320140176659 0.005336163274812515 -0.0225261072909694 27.0342886295798
-0.03861177625019116 0.016961915532747337 -0.9991103163095973 -28.035025762745164 -0.004329753630932702 0.9998436955564816 0.0171416944743947 -0.2134479232048389 0.9992449069013556 0.00498777279133829 -0.03853230014262508 26.96414566927554
-0.051480442352534614 0.017244321633161065 -0.9985251110646132 -29.031973531631365 -0.003639451024030952 0.999841031555396 0.01745468459999745 -0.19850161325862206 0.9986673712760565 0.004532658122316594 -0.05140949872265923 26.887518429133326
-0.0609603784098066 0.01839256846912246 -0.9979707138434676 -30.028108009823555 -0.004708393155402375 0.9998137885615624 0.018714145347030753 -0.19598225211610895 0.9981290814809601 0.005839659860323747 -0.060862427446564366 26.799713337161375
-0.06775490627953673 0.019935032684671894 -0.9975028156085128 -31.02408587107567 -0.006332686294886723 0.9997716278126035 0.02041051947471397 -0.19966031643634194 0.9976818980814173 0.0076997852436408625 -0.06761319063511195 26.71018930832823
-0.0720670479908558 0.02088122290281864 -0.9971811847021408 -32.019344995110586 -0.006243304234899482 0.9997517937043603 0.02138626047594505 -0.18731508065141125 0.9973802493262597 0.007766950173477842 -0.0719187926684567 26.61371728555137
-0.07349711005582646 0.021597911232275287 -0.997061535234332 -33.01624354009604 -0.003928308996695324 0.999751445351842 0.0219457491403164 -0.17727068270047547 0.9972876932971078 0.005529714938943267 -0.07339399873849174 26.535663579196875
-0.07245980485622927 0.02357063380250254 -0.9970927749724918 -34.01256459406027 -0.0020392821082843415 0.9997151163588877 0.02378082109640077 -0.16193814287335395 0.9973692485778163 0.003756507112267084 -0.07239109507139257 26.45134720682439
-0.07093237933843936 0.026060935144688206 -0.9971406245965364 -35.009423711300364 -0.002938526169148619 0.9996488409789288 0.026335523413025107 -0.15739438071978704 0.9974767980386006 0.004798165156507183 -0.07083089005363288 26.372282457404733
-0.06917427572942776 0.0260851297473084 -0.9972634985716532 -36.00515384046472 -0.005088465122138803 0.9996358587615868 0.026500139635219657 -0.1496883416414023 0.9975916133869651 0.00690766849605901 -0.06901635325007108 26.28029274691462
-0.06758809680350729 0.02360707628494831 -0.9974339853442709 -37.00159406417015 -0.007065392140047858 0.9996836423475921 0.024139085661213488 -0.1402976482865051 0.9976882927068881 0.008678777098686297 -0.06739992154063805 26.196515211380408
-0.06636453545523387 0.023383814329188478 -0.9975214011043713 -37.998764736087814 -0.007410859937091433 0.9996862252746549 0.023927602284917162 -0.1226944487759699 0.9977679227098865 0.008980435598031843 -0.06617041776855959 26.123434718536878
-0.06454976162494767 0.02607540720670529 -0.9975737573799572 -38.995363962346424 -0.007027659129077921 0.9996218884989424 0.026583679974260196 -0.10602511819907859 0.9978897435495196 0.00872657852843224 -0.06434210554418553 26.042737161951468
-0.06282601288628625 0.029486461061286585 -0.9975888134491545 -39.992415318341564 -0.00779833152354695 0.9995184379031349 0.03003461864459431 -0.08947723297898806 0.9979940271014949 0.009666483629458326 -0.0625658130609704 25.96780558647768
-0.061047005756354286 0.031660664113175925 -0.9976326304988701 -40.98964112372786 -0.00819736918000692 0.9994471889861675 0.032219862913660156 -0.079013397374504 0.9981012304504532 0.010144889134979837 -0.060753724146990186 25.89410903828105
-0.05920889985181181 0.03099151015284666 -0.9977644173234396 -41.98634324411875 -0.009846935811474207 0.9994511956892951 0.03162823565049872 -0.059592988060023146 0.9981970466964232 0.011697595209476781 -0.05887123434116473 25.815320010425864
-0.057371058461676484 0.027998165644338553 -0.9979602518996123 -42.98230480517211 -0.012033513348046556 0.999514670715091 0.02873356194080386 -0.03809746340464138 0.9982803995909605 0.013657442873971993 -0.057006298306896276 25.7281506848352
-0.05578022851563935 0.027380590841900927 -0.9980675675283163 -43.97919873303109 -0.01285886501936193 0.9995213048659106 0.028139131286551263 -0.019749785537214563 0.9983602634806512 0.014403623304444956 -0.05540144346988357 25.65156191728551
-0.05432039240756885 0.02961479030865838 -0.9980842946182755 -44.97724835630766 -0.010564835499886748 0.9994870917815583 0.030231401107194977 -0.00284394537610614 0.9984676655853941 0.012186777958836074 -0.05397965564389881 25.59146930504464
-0.05327098530016594 0.03160566867691262 -0.9980797983290882 -45.975467290514125 -0.008083608163159846 0.9994525956680502 0.032080590572217266 0.011812499057727965 0.998547373640436 0.009777050674051225 -0.05298633669072599 25.533640868888405
-0.052012489195732405 0.033369446403425485 -0.9980887640958551 -46.97345279260322 -0.007297761696982002 0.9994021869147225 0.03379366011968752 0.02638476094100088 0.998619769302549 0.009041506334666407 -0.051737873181280335 25.471894882754963
-0.05147808241788151 0.028852238514442616 -0.9982572591087341 -47.97177610122035 -0.007217693765224849 0.9995457263001648 0.029261680262558064 0.04087164218635288 0.9986480420685196 0.0087114503834013 -0.051246450656882055 25.415853097063113
-0.051173241479822766 0.021955720750007443 -0.9984484191398142 -48.96995173884549 -0.006072625612473695 0.9997329878324385 0.022295207058849617 0.05119482783814803 0.9986713286034686 0.0072041214574675525 -0.0510262487295267 25.356365213509804
-0.0510695741862376 0.017418617065256086 -0.9985431840295986 -49.96759639056408 -0.0029381438430872648 0.9998409401500223 0.017591523830463106 0.061543848913193394 0.9986907759177475 0.0038322551395222094 -0.05101027266494317 25.288556462894128
-0.05171004613224291 0.018018397709289927 -0.9984995786043125 -50.966196289259415 -0.00185815466002004 0.9998337535352351 0.01813870317589558 0.07236463096328469 0.9986604119470539 0.0027933198230163624 -0.051667968550210414 25.236776804711635
-0.051775919014193754 0.025311023228851585 -0.9983379219048741 -51.96454278937788 -0.002172400404076665 0.9996735436063022 0.025457550748329658 0.07795232548529568 0.9986563647655377 0.003486877790796538 -0.051704030757301477 25.179566461493508
-0.051996936857679206 0.03228568626860453 -0.9981252191080948 -52.96229145195446 -0.0035090658516386767 0.9994651905812767 0.032511832817943065 0.0908804232541666 0.9986410791742275 0.005193002840193679 -0.05185583580692051 25.113760302095407
-0.05236962171133549 0.03748572390214808 -0.9979239666554471 -53.96027153417189 -0.005497992193135735 0.999269261873916 0.03782478494062252 0.10851862452590884 0.9986126350110208 0.007467447856667791 -0.05212525701473382 25.052730560549335
-0.05277126895678442 0.03778966233729122 -0.9978913440816704 -54.95790478228104 -0.006846805359063684 0.9992465398402811 0.03820306105015039 0.1252432344779239 0.9985831534875121 0.008848391812071659 -0.05247276944543895 24.98603596039959
-0.05298136473311934 0.03446100905568195 -0.9980007083393673 -55.955274415359156 -0.007028948386006005 0.9993667429273432 0.03488132760348518 0.13672064013627128 0.9985707630787122 0.008862955808250594 -0.05270558925520044 24.91446736272587
-0.053304044805383 0.03170285579910109 -0.9980749509638871 -56.95321697758028 -0.007498547871725698 0.9994550172429268 0.0321471660921698 0.15404563098573448 0.9985501742963143 0.009197686781116182 -0.05303726963820126 24.852738380881
-0.053384343776480575 0.032940192912524646 -0.9980305884743407 -57.95057867635914 -0.008922478589769437 0.9994001401048219 0.03346265581627521 0.16850251697227786 0.9985341762881069 0.010691288479367466 -0.053058412483613177 24.78160034424441
-0.05349858539146014 0.035243604373317694 -0.997945784956221 -58.94862298165026 -0.009468258085168395 0.9993141383673168 0.035799510443871994 0.18432289126850548 0.9985230360136634 0.0113640314134255 -0.05312819722227856 24.72112505645589
-0.053416734470474306 0.03353371114594623 -0.998009089485306 -59.945916364345635 -0.01000993995702213 0.9993677796889392 0.03411512892629359 0.19936372057135518 0.9985221347474307 0.011812329845592147 -0.05304729289088386 24.64915518577456
-0.05306792822119959 0.028419068857157694 -0.9981864312439838 -60.94386593843729 -0.010956281209999823 0.9995182185058603 0.029039469294729333 0.21255342552109832 0.998530798171171 0.012477475712829752 -0.052730993765324294 24.58652404931983
-0.05279478802597111 0.02418514637418085 -0.9983124706484192 -61.941507424709776 -0.012309940726774089 0.9996149573054159 0.02486769974475985 0.22736488623098675 0.9985295066829998 0.013602052277199619 -0.05247674206019446 24.51950117636092
-0.052137594321453304 0.02479751242306261 -0.9983319861829522 -62.93859809547582 -0.011931113549692828 0.9996048382429182 0.025452227619883902 0.23998780475452797 0.9985686354917396 0.013238230205662031 -0.05182112960160115 24.44432913235998
-0.05154100283235068 0.02733509363843878 -0.9982967082399962 -63.93667538918257 -0.010694642352007884 0.9995529032767397 0.027921643504706127 0.24403384537596373 0.9986136137926405 0.01211553576277352 -0.051225619968748456 24.382479917795067
-0.05139659965803889 0.03214127881062527 -0.9981609728595922 -64.93520515686059 -0.010421433459307143 0.9994102852799973 0.03271812038012398 0.25541471646523245 0.9986239448702616 0.012083868295074327 -0.05103133212823991 24.329482192993815
-0.05068000395429964 0.037897374558430015 -0.9979956543997419 -65.93312855539409 -0.009558669071324277 0.9992156101628045 0.03842910684052016 0.26630847652941525 0.9986691990067461 0.011487097481664663 -0.050278002612172204 24.26599836315506
-0.050717273660412954 0.04105355761252713 -0.997868911009762 -66.93078523045878 -0.009800474064941595 0.9990862048988095 0.04160175343657103 0.28087569997128653 0.998664963268741 0.011889515896358336 -0.05026858413754057 24.19914827190563
-0.05045310405673851 0.041136177877666824 -0.9978789000478241 -67.92871154730584 -0.009402869181985095 0.9990875399955969 0.04166141472266581 0.29706144184356376 0.9986821668289593 0.011484872448766522 -0.050020269517957565 24.136850054402228
-0.05039310694159971 0.03670780749367213 -0.9980546436151573 -68.9264633040703 -0.009176805226536043 0.999265119786162 0.0372156771345446 0.3221151588837907 0.9986872989172365 0.011034366667641354 -0.05001921364473129 24.074691200359375
-0.04992224470718583 0.03250826347899656 -0.9982239139035762 -69.92419447264895 -0.010069701150859964 0.9994029625881041 0.0330502570164554 0.33741647141192993 0.998702343344666 0.011701759513061719 -0.04956509076124232 24.0091292824375
-0.04962687952049188 0.02988143893529964 -0.9983207262379225 -70.92103206917875 -0.013732809369181313 0.999437442408473 0.030597527005307504 0.35144326793052516 0.9986734114693788 0.015228208009045495 -0.04918860543809796 23.930911412841542
-0.05033496741897286 0.02822845942180652 -0.9983333837619578 -71.91905725123351 -0.01675152154451516 0.9994360060693525 0.02910423161819307 0.3639850096880052 0.9985918974139903 0.018188563736953208 -0.04983370915667582 23.869361265008575
-0.0510427103394361 0.02651242937926458 -0.9983444960581553 -72.91779304030767 -0.014611952357638085 0.9995207384272106 0.027290736564304377 0.3680560561185861 0.9985895716306581 0.015980755374313673 -0.05063084917482378 23.819259067418173
-0.05235720338245052 0.022670737577178 -0.99837105372285 -73.91646515487973 -0.011052942043001508 0.9996678858197352 0.023279831032364244 0.3773670074004446 0.9985672514789183 0.012253804242279644 -0.052089236464255013 23.768590598303792
-0.052948145558637104 0.021135898449903406 -0.9983735611877024 -74.914483797082 -0.006971886436783588 0.9997437928625397 0.021534656540944677 0.3832877730085931 0.9985729250692773 0.008100767219173135 -0.05278722278209706 23.705951039306726
-0.05472620549383873 0.024455128898797796 -0.9982018779299042 -75.91231803886728 -0.006570548115471005 0.9996695654280302 0.024851314942991948 0.39090368345472953 0.9984797796298666 0.007918751636254311 -0.054547438462450734 23.640614955640192
-0.056737110829504486 0.03050004229107873 -0.9979231672202831 -76.9108670880808 -0.003946495662857319 0.9995186023132687 0.030773183158606287 0.39792153256995555 0.9983813527038163 0.005684280954746259 -0.05658942943098014 23.587224637149358
-0.05830812357919809 0.03439724793252627 -0.9977058645008254 -77.90825048418772 -0.002188321071707626 0.9993994151509656 0.034583525655943505 0.40274705519385395 0.9982962355811819 0.004199801254404611 -0.05819783238114077 23.515092428659443
-0.05981283520741675 0.033556071660834075 -0.9976454354123722 -78.90581130261681 -0.0022016281759682874 0.9994279482542118 0.03374802337547821 0.41077609932249687 0.9982071816901659 0.004215009260963653 -0.05970474117777196 23.445753204655475
-0.06094385211868459 0.029733832960655533 -0.9976982239467013 -79.90250813587511 -0.005017956295165436 0.9995344448887854 0.030095075934242904 0.4201952074307775 0.9981285823998602 0.006840515940765922 -0.06076627632254873 23.365089191766806
-0.06234357808740772 0.026272633260952777 -0.9977088889113864 -80.89952167692661 -0.009468552197769655 0.9995929112811097 0.026913904135856554 0.4283012997350305 0.9980098320109558 0.011124767776967137 -0.062069434920668264 23.288288994973396
-0.06366004249423969 0.02489562499258081 -0.9976610681217639 -81.89598834344571 -0.013756272398257892 0.9995719266077876 0.02582108648568644 0.4339447550796525 0.9978768280501034 0.015367868877146279 -0.06329032032497733 23.20448974719592
-0.06454289344739834 0.025991315509833454 -0.9975763962842669 -82.89218896656406 -0.015344708425657556 0.9995167165557516 0.027034667538952877 0.4399213120192455 0.9977969507012779 0.017052414599652888 -0.06411287177745303 23.117607187002662
-0.06554302016951931 0.027438857458182246 -0.9974724164649597 -83.8893887885218 -0.015094502663072799 0.9994802186583793 0.02848593512513719 0.4467786001091886 0.9977355704275614 0.01692340426712662 -0.06509477622358689 23.043139256404878
-0.06654278686347052 0.026930352418461794 -0.997420078820884 -84.88603815281921 -0.01684391988678791 0.9994629319923917 0.028109250008141084 0.4515079812679548 0.997641388415341 0.01867093173331654 -0.06605343616284888 22.961483530338583
-0.06716898622809316 0.026902318203407962 -0.9973788610976128 -85.88318905828433 -0.017736751691486256 0.9994462668281695 0.02815257293162943 0.4547107815355231 0.9975839488125919 0.019581240985155873 -0.0666546327944006 22.88611912361671
-0.06770395172985456 0.02849744958304217 -0.997298385784025 -86.87967818872099 -0.01618684558062794 0.9994290548290482 0.029657214866958437 0.46461288533384065 0.9975741380721084 0.01815102561229015 -0.067204012669717 22.802984646641487
-0.0678348164654329 0.03136520521360623 -0.9972034203596615 -87.87606501590167 -0.015224603072630995 0.9993567942027396 0.03246859008495354 0.4758459503320598 0.9975803973296494 0.017384527106950178 -0.06731366191855682 22.718799797223358
-0.06798747890849947 0.035554207434947215 -0.9970524565163748 -88.87254818028994 -0.01540995074750619 0.999208173796886 0.036681859759999096 0.4826407973222849 0.9975671587064328 0.017858436414355004 -0.06738575605577625 22.635282654401625
-0.06861334989771002 0.03781951482956912 -0.9969262222019585 -89.86931399603411 -0.015401329945060093 0.9991219638490821 0.03896280778225944 0.49091881731909176 0.9975244394257904 0.018027358442376174 -0.06797063406981133 22.55534916361835
-0.06939068420624105 0.037774445066380044 -0.9968741265803397 -90.86610442367052 -0.014734964313662871 0.9991350139025192 0.0388857920157014 0.5065928411825068 0.9974807335342694 0.01738721639424639 -0.0687740571290858 22.47684344186285
-0.06992928633476134 0.03585523412124612 -0.996907366357988 -91.86374196830249 -0.014177258906947088 0.9992171807311323 0.03693279114301438 0.5178051409264788 0.9974512019355112 0.016716097566081865 -0.06936621540465354 22.40906738506443
-0.0700449230923101 0.032408946971265534 -0.9970172360120984 -92.86001434191643 -0.01380710299711359 0.9993448615731093 0.0334546193260446 0.5295398698742265 0.9974482806921966 0.01610924590529198 -0.06955156030272279 22.32360608557638
-0.06959787555696144 0.029490363919282017 -0.9971391348020918 -93.85560689297606 -0.014197209515204357 0.999432434227954 0.030549118729812336 0.540954185189843 0.9974740973879667 0.01628274697632734 -0.06913969330974587 22.23051921388955
-0.06852965739268697 0.027277866022241602 -0.997276092204617 -94.85287613622873 -0.014687807934081728 0.9994902073915364 0.02834772700791917 0.5451432953951646 0.9975409537235713 0.01659045971926725 -0.0680940694229007 22.15678667142738
-0.06620404994397286 0.026640870033069 -0.9974503936612062 -95.84875920646407 -0.016938094705137303 0.9994694604100095 0.027819034050172692 0.5476180828273634 0.9976623300088941 0.018736641951160832 -0.06571768049481183 22.066173395105416
-0.06228519878175611 0.027484017638386093 -0.9976798999614899 -96.84644910166925 -0.017115043351945435 0.9994443713067093 0.028601118062030684 0.5539336298546872 0.9979116340156468 0.01885676106307968 -0.061780201184778366 21.998534893708648
-0.056579777134388595 0.029089227503996597 -0.997974220940923 -97.84462676637004 -0.016493838715428952 0.999411814179371 0.030066242916741006 0.5575644332556312 0.9982618304352081 0.01816156716585319 -0.056066704684935784 21.938300792410953
-0.04979001460029788 0.03059308080937334 -0.9982910486690201 -98.84373508310227 -0.015643200880678592 0.9993842622944328 0.03140679137415453 0.561722050061859 0.9986371937356974 0.01718021201278058 -0.0492807833022872 21.896285727743948
-0.04101359824702561 0.03209443591648885 -0.998642995240057 -99.84189888052649 -0.016625338688009313 0.9993236797635497 0.03279910330097302 0.5638230983260945 0.9990202614923986 0.01794798726992295 -0.04045227905344857 21.83574979537429
-0.029409282434981143 0.03381497656386209 -0.9989953160383904 -100.84111243282453 -0.01879420823239436 0.9992322299603537 0.034376275909079004 0.5704382278654132 0.9993907503292078 0.019786307600085203 -0.02875117715812461 21.796653798582874
-0.014900122147439007 0.03529544725573403 -0.9992658393855999 -101.84088142776507 -0.021853462808768053 0.9991265681463303 0.035616386501202885 0.5824747257534583 0.9996501450623899 0.022368107366404055 -0.014115780162209145 21.778847634645057
0.003088517935191995 0.03665348742634345 -0.9993232624713834 -102.84086528968224 -0.023248838197724275 0.9990605489414442 0.03657199845888855 0.5879829983737339 0.9997249384602848 0.023120151563253186 0.003937767422306497 21.77746385793892
0.024941810716742542 0.03761904544589294 -0.9989808374027543 -103.84054439714508 -0.0240888468414836 0.9990241753609116 0.03701924502605173 0.5926004101288322 0.9993986359486478 0.023140969387455624 0.025823671307371312 21.80237051590416
0.049331583757686225 0.03762114946458866 -0.9980736665982725 -104.83571753355812 -0.023606083500863014 0.9990551199310828 0.03649137105180793 0.611826996304013 0.9985034540079011 0.021760433186256405 0.050173059323085724 21.898603290705047
0.07778358902844054 0.037115900059255205 -0.996279139217842 -105.82875945448677 -0.02200996549309078 0.9991271472098897 0.035503593159298366 0.6239026434440386 0.9967272820068925 0.01916647257633521 0.07853261508528224 22.01574381326021
