0.9987720849342018 0.0005290791134740288 0.04953829257735332 0.051966307810769954 -0.0007253788418127524 0.9999919565850097 0.0039446914733323735 0.002318718076668103 -0.04953580706644058 -0.003975781756537483 0.9987644351786366 1.0072342295355163
0.9957648725645165 -0.005042827821205833 0.09179808524222023 0.14361916433041835 0.005440767931817978 0.9999768542826256 -0.004085210317317589 -0.032071991371094434 -0.09177535949744005 0.004567361009411166 0.9957692617280999 1.9945157461300749
0.9907777441263954 -0.004005391150570723 0.13543787721882694 0.30519559192988466 0.00535288444783326 0.9999397214410141 -0.009586454639507776 -0.05261114814263149 -0.13539131571817764 0.010223029208513739 0.9907394618677013 2.9812159918018186
0.9898908335630515 0.0016946582325415849 0.14182124580372973 0.2294148422776826 -0.00016277994983880922 0.9999415312944949 -0.010812376940739247 -0.09714566059263424 -0.14183127698267045 0.01067998716738828 0.9898332317838037 4.009193150758932
0.9865490409175256 -0.0015999910627580668 0.16345773121302434 0.6016330249506537 0.003802824593606646 0.9999061134043095 -0.013164456000871667 -0.11600897710033228 -0.16342132171115384 0.013608982522132947 0.9864625016719548 4.944918949559965
0.9729714693051135 0.04898128794395377 0.22567089610669785 1.0539625741376206 -0.04570217564426582 0.9987601491905577 -0.01973513441140209 -0.18712520133473173 -0.22635775016470983 0.008888071793528633 0.9740036812662278 6.873749549194786
0.960682400769036 0.01689638030428294 0.2771350522493578 1.151618126466952 -0.011828881357101459 0.9997310594034221 -0.019947090764100093 -0.22268582779938215 -0.2773975530145875 0.015884621390661775 0.9606238995490346 7.268198929449935
0.942129234005227 0.0034033632351820314 0.33523264093971206 1.279987522878067 0.004943706112759608 0.999698705193985 -0.02404284931826472 -0.24323374001986706 -0.3352134636356291 0.024308762867730038 0.9418285501327959 8.073104123511506
0.9226285738479222 -0.0009395193445022915 0.3856885168406634 1.5969354433773464 0.012835553679062243 0.9995179139876628 -0.02826991651036912 -0.2630986928691039 -0.3854760216681465 0.031033158414067924 0.9221958467688659 8.930767855823008
0.9012857106144402 -0.003473334811984823 0.4332112692295845 1.980239572931943 0.01768197475544401 0.9994295438409848 -0.02877385387029693 -0.28509858918273207 -0.43286419996457504 0.033593494058898 0.9008329820482499 9.80990832477554
0.8780905187760305 -0.004358931783738329 0.4784747020996477 2.4253869730120194 0.02047481560426731 0.9993849125423393 -0.02847066048956596 -0.3168592974166023 -0.4780562966446662 0.034796498335976214 0.8776396646357438 10.682285240544859
0.8535329135056323 -0.004836721325016086 0.5210164792877587 2.9352371046116428 0.022561952429106864 0.9993620783791632 -0.027683832831928313 -0.3526431401486119 -0.5205502126261922 0.035384211514509795 0.8530975522824588 11.531861098704669
0.8273667091947292 -0.005617982218026079 0.5616340149884823 3.467850701993348 0.02527510693286832 0.9993093969184305 -0.027237808282875718 -0.4050683248759548 -0.5610931272844257 0.03673101559064985 0.826937322297079 12.36629307027187
0.7999799813545511 -0.007476975916930185 0.5999801032226901 4.069374770831935 0.02945903794792662 0.9992059261731457 -0.026826892918281865 -0.44196401099274546 -0.5993030906938114 0.03913581392540582 0.7995650027066225 13.16530501087799
0.7680102706829487 -0.006722296189566103 0.6404022445771436 4.675874071606632 0.03163923172819794 0.9991221792979961 -0.027455962020523302 -0.4894931774398173 -0.6396555191203724 0.0413482958386772 0.7675487836548789 13.909875497916776
0.7296244396373661 -0.01227695257073841 0.6837378543853158 5.356645355714622 0.039178286559224215 0.9989470676539517 -0.023870858548753853 -0.540269306868762 -0.6827248632839897 0.044204439382794385 0.729337184430295 14.695902315459122
0.7002174964819617 -0.010678054513331418 0.7138497298257835 6.049545943582644 0.03869308088177329 0.9989861574411517 -0.023010926379418976 -0.5823713470515732 -0.7128802866627819 0.04373369859470857 0.6999207530105224 15.37866892086988
0.6717377896023621 -0.00852599785622949 0.7407399337018954 6.88019160030458 0.03918508463946642 0.9989428186269703 -0.024036935233132353 -0.6249254419133943 -0.7397518983834586 0.04517247474026099 0.6713617328712663 15.98273725312089
0.639589775535735 -0.010986388286678925 0.7686378980394882 7.696459312381743 0.045045766623512784 0.9987153089315377 -0.023207986019548044 -0.6786211677345036 -0.7673954638512326 0.049467473941953416 0.6392629905464211 16.54359606813459
0.6046089696839608 -0.008510825411540565 0.7964769674187159 8.493727337341783 0.044767042172006874 0.9987254452081717 -0.02331087790944863 -0.7209667366809904 -0.7952634190712343 0.04974988386472613 0.6042193669045843 17.1400684040807
0.5690765902164339 -0.005175361251591834 0.8222682348866174 9.2965547401215 0.04653081823978364 0.9985805615735122 -0.025918043935936504 -0.736738137952574 -0.8209669405168359 0.05301016584999936 0.5685096348303884 17.71471208350454
0.5327924636269692 -0.002907491138896849 0.8462409451199953 10.144688839710394 0.051609698150554544 0.9982443297412154 -0.029063674859190397 -0.7603518486465616 -0.8446707226837653 0.05915914667056418 0.532007110484528 18.195605616299027
0.4950534784069488 -0.0021251399722009585 0.8688599066001836 11.033428365981127 0.05412518196049055 0.9981302674150975 -0.02839778068106472 -0.7972318898270778 -0.8671750216622506 0.06108562064810849 0.49424288437478864 18.683344010895656
0.45440446611749546 -0.004022015556280328 0.890786396709862 11.914543874921645 0.059822833340484216 0.9978700579098816 -0.026011077218106117 -0.8414975307138027 -0.8887844563129975 0.06510891580877898 0.4536772192854901 19.188228561060495
0.4160745338623434 -0.005104866397981028 0.9093161840692671 12.837704274653873 0.0645452258808943 0.9976277434886833 -0.023933224556295738 -0.8759389330518267 -0.9070368769169301 0.06865002374898721 0.4154169930949445 19.59637321513078
0.3804198995145584 -0.002991428721105914 0.9248090351026749 13.769782901579516 0.0665717334425673 0.9974891518192318 -0.024157738085363076 -0.9208682867464422 -0.9224147138677838 0.07075622486506596 0.3796638674973679 19.966099328291556
0.34671313391627373 -0.0037489264732241813 0.9379637244159578 14.709979639544672 0.06772526446606153 0.9974819763105937 -0.02104745800598468 -0.9456926473011489 -0.9355230041655619 0.0708212714218689 0.34609399906850685 20.313745300014205
0.3132125253496687 -0.005244846283957235 0.9496685766895424 15.660695586938997 0.07050119226413532 0.9973538657327393 -0.017743967912968357 -0.9712582468852914 -0.9470625617420522 0.0725103999121415 0.3127534908696664 20.627452815231532
0.2803345609448455 -0.005116490204777773 0.9598887203566077 16.620392161659854 0.07124630861991149 0.9973384495422384 -0.015491306359395897 -1.0028809153211762 -0.9572546669762947 0.07273127657802214 0.27995296740601616 20.910079202039885
0.24783359891154214 -0.0019065358812110403 0.9688007392500724 17.5875053230236 0.0686862565389443 0.9975162109378766 -0.015607917183537694 -1.0248909230365633 -0.9663646855164042 0.07041146239835884 0.24734898534197594 21.164658459100277
0.21818370331462178 -0.00032963981255224365 0.9759076610753251 18.54586786006964 0.06907103295606794 0.9974973799007903 -0.015105280448916847 -1.0464229489302415 -0.9734603556459289 0.07070267624816362 0.2176604409557425 21.36886746308601
0.1877226048405043 -0.00011556243428881502 0.9822220778811785 19.54044706554719 0.0713328375232883 0.9973609923825112 -0.013515811653337368 -1.06470617621281 -0.9796284244154879 0.0726019112633829 0.18723544685270382 21.546256731569716
0.1580338927817649 0.00011420376017453332 0.9874336816666437 20.51883917732244 0.07328178157999504 0.9972409471361736 -0.011843725909058805 -1.0772396559369954 -0.9847106525374357 0.07423260949507421 0.1575894998622946 21.71443363324271
0.12911476998960272 -0.000224550792028627 0.9916296313379679 21.499665119603964 0.07236936028630396 0.9973354958067006 -0.009196982970198097 -1.0910636598859569 -0.9889853648372572 0.07295106840166761 0.12878699374071895 21.839889007218403
0.09752379945286213 -0.0008170393396608792 0.9952328576705026 22.510398709647372 0.07305523890300485 0.9973077440593059 -0.006340008530146058 -1.1195114501638483 -0.9925482560606825 0.07332527590166221 0.09732092942857773 21.96378703793837
0.0674653494901576 -0.0009438320719579485 0.997721171369632 23.522375440733978 0.07638256749161158 0.9970696467005623 -0.004221730901493329 -1.1391375048723864 -0.9947935112381664 0.07649332526067333 0.06733974449761804 22.075169903707746
0.04304647000336152 -0.00037846742013618003 0.9990729994262989 24.520590207174354 0.08059097726042219 0.9967424525173555 -0.0030947914140541577 -1.1539247575642535 -0.9958173004143177 0.08064948922403838 0.042936745142614884 22.093361053791327
0.020392547162409038 7.790434176515703e-05 0.9997920473534194 25.518298836018644 0.08488267992917886 0.9963893105928441 -0.001808973287893782 -1.1656240342898099 -0.9961822497255557 0.08490191792432764 0.020312303279077175 22.11607149043909
0.0001909128162258915 -3.017756081469566e-05 0.9999999813208054 26.517906307498006 0.09080782062689655 0.9958684348603901 1.2716503722817708e-05 -1.1725183089521691 -0.9958684166421236 0.09080781650293604 0.0001928644060185967 22.11659130180914
-0.015803937582107568 -0.0006356901708124425 0.9998749079034374 27.504873008770176 0.0954517861760476 0.9954317506497807 0.002141568143678701 -1.1779261743631328 -0.9953085913789267 0.0954736911212647 -0.015671063492259097 22.071980759860786
-0.032243602403980505 -0.0003718546515279983 0.9994799706988287 28.511414022102414 0.09835431474858952 0.9951451525177955 0.0035431893356529655 -1.1744548030970612 -0.994628965431004 0.09841741281120447 -0.03205049112259574 22.0447285127396
-0.05099669599365683 -0.0011905138305382647 0.9986981123815891 29.54341468404122 0.1005480734633656 0.9949121261064896 0.006320304507642256 -1.1874891118851305 -0.993624386738035 0.10073948581903215 -0.050617527363363835 22.05749020688464
-0.06211761715102876 -0.002023968063725261 0.9980667839341986 30.5278725613847 0.10119256854666522 0.9948321053199987 0.00831542515495081 -1.1835796822776772 -0.9929257100661693 0.10151347584363443 -0.061591789320795315 21.96668526661693
-0.07327854789992148 -0.0015835969366570727 0.9973102559577036 31.515907445963027 0.10122397593007326 0.9948227966992377 0.009017198257473207 -1.17909920614683 -0.9921612576162138 0.10161247653831114 -0.07273887198166035 21.866692193405303
-0.0806971792772452 0.0008669313833399985 0.9967382874589856 32.476512863663714 0.10195968087902761 0.9947610857412521 0.007389571701482656 -1.1826120320451843 -0.9915100547809601 0.10222343530160331 -0.08036280572127878 21.72947340955158
-0.09254547464546503 0.0045799740282448514 0.9956979255580205 33.48849178477425 0.10197924599597019 0.994774444909686 0.0049027686788639824 -1.1763824996994727 -0.9904723966414909 0.10199425274262097 -0.09252893546742796 21.659646066752487
-0.09875137545758968 0.007071836396914425 0.9950870087460739 34.442420838468 0.10331084968094872 0.9946440227253891 0.0031837705406237943 -1.1728585127564322 -0.9897348302365815 0.10311768610005849 -0.09895306276177271 21.51260850837887
-0.10879466061256834 0.008361246908920934 0.9940290797417968 35.472170085427145 0.10265661521071555 0.9947127176206547 0.002868581044686863 -1.1710310496906866 -0.988749382389529 0.10235574704851166 -0.10907776982715611 21.446175853844952
-0.11549562221865349 0.009241987736402857 0.9932649932978638 36.47667094504922 0.10258636236830551 0.9947205099306476 0.0026730842392148225 -1.1707239693270117 -0.987996356017756 0.10220417205765821 -0.1158339661310271 21.351753828462638
-0.1209644971167835 0.011132178093185709 0.9925944111509919 37.474858580468 0.10379362770920325 0.9945977326037448 0.0014943715909370248 -1.1684967082063642 -0.9872155151152388 0.1032057406852452 -0.12146646370650241 21.240366562276
-0.12569968125809503 0.012962488034255886 0.991983651092887 38.46891122061948 0.10273509763984674 0.9947087509978775 2.002930688080459e-05 -1.1653877531474517 -0.9867345589592693 0.10191405492965017 -0.1263662754189263 21.11366162468199
-0.1297097882455817 0.013801429173097306 0.9914559452573098 39.46124428172439 0.10354202470528433 0.9946250346160753 -0.0002993908820879473 -1.1735458020696012 -0.9861310358939199 0.10261852205011512 -0.13044163054421526 20.982294859735646
-0.13287711576127378 0.01294775434647743 0.9910479442309276 40.453551884742964 0.10321447680339864 0.9946587654982637 0.0008437983581626721 -1.1732734237110294 -0.9857435994644673 0.10240261654299579 -0.13350378361672982 20.854406114154255
-0.13525698364461256 0.011110164947010769 0.9907482589488669 41.44404992382284 0.10334090468196602 0.9946416086487831 0.002954278942912736 -1.1693554407067703 -0.9854066195205268 0.10278440825052186 -0.13568035829005037 20.715037952977642
-0.1374868291734171 0.010038764321718123 0.9904527222511597 42.436529988885205 0.10375435919894407 0.9945935634645345 0.004321627255398631 -1.1727517870889885 -0.9850545186694261 0.10335795434223302 -0.1377850809163785 20.591568351163726
-0.139387822444712 0.010915940582577197 0.99017769980712 43.425687185049895 0.10581364488497957 0.9943781989501276 0.003933193213565909 -1.1669346986906934 -0.9845681832713645 0.10532255073770985 -0.13975926729854407 20.444019626107988
-0.1404976105471846 0.010765727111050359 0.990022484871077 44.41679510534083 0.10565626766435515 0.9943939229848895 0.004180793460435942 -1.1656623449924222 -0.9844273332926957 0.10518947214665113 -0.14084743666726546 20.31091672605482
-0.13989390020481302 0.0089790916089563 0.9901257862511026 45.363282562591614 0.1094481856293146 0.9939715760429202 0.006449859006517797 -1.2502113756143234 -0.9840989743658592 0.10926976678217468 -0.14003330575056946 20.155383957960655
-0.13488204050029132 0.007632824793223719 0.9908322638752501 46.30069610897412 0.11066318470752175 0.9938303533551212 0.007408663875713473 -1.2847885456754682 -0.9846626298894793 0.11064794953233582 -0.13489453867159776 19.902760178739143
-0.13748191416715377 0.011864257172165509 0.9904332196966575 47.35739235322566 0.10950577199689053 0.9939807026478678 0.0032937308656706245 -1.2172277465489827 -0.9844324299698276 0.10891098275841225 -0.13795357428604973 19.83117625384707
-0.13770595843902914 0.012912841808592921 0.9903889778904118 48.36561647808575 0.10944810871286585 0.9939899458104035 0.002258124666155402 -1.18547874085109 -0.9844075276579126 0.1087071577416017 -0.13829162428063993 19.74037089621696
-0.13725300775116087 0.012391146925951432 0.9904585157093249 49.36522102973637 0.1077424454824475 0.9941757145889135 0.00249278219742429 -1.164974449282439 -0.9846589141955302 0.10705656448570285 -0.13778865953262312 19.629085450218586
-0.13650862792585045 0.013593933760000192 0.9905456069594826 50.36175503432895 0.10914132715401383 0.9940252576323695 0.001399248355695351 -1.1600743455196931 -0.9846083308650507 0.10830047162329959 -0.13717668401484562 19.515642912883067
-0.1357950278280739 0.014515010802448923 0.9906306197965905 51.35516971331067 0.10884554080897721 0.9940586109734371 0.00035524014656680876 -1.1569020326244581 -0.9847397415881889 0.10787396539928089 -0.13656811094051574 19.390646229169068
-0.13507087599814804 0.015286709254524314 0.990718009817758 52.34630704295065 0.10952749538352619 0.9939836840305374 -0.0004045195809586899 -1.1528855204986173 -0.9847637210072797 0.10845622343253233 -0.13593256190717604 19.25367443585448
-0.13390094853513917 0.015174608677487583 0.9908785330366554 53.33777096585042 0.10978007721898193 0.9939558265138793 -0.00038676207768855125 -1.1585616921127118 -0.9848953602424897 0.10872693406233568 -0.13475749768461984 19.12194317179584
-0.13276950709956176 0.013788974332488869 0.991051018954825 54.32758096407541 0.11128810464188323 0.9937875965005699 0.0010820382793069096 -1.154684011192374 -0.9848792899384958 0.11043585119189604 -0.13347923816745783 18.978493938379152
-0.13220596989799083 0.0119659694215797 0.9911500376326143 55.319042691329294 0.11273616762215419 0.9936203020642865 0.003041683012098054 -1.1559429711587517 -0.9847904030976338 0.1121405854339916 -0.1327115332792172 18.847906741408977
-0.1313240408046415 0.012920089558984672 0.9912552988975785 56.31086188268987 0.1149638783221836 0.9933670490605673 0.002283094790567561 -1.1676428132457266 -0.9846508533423722 0.1142583788021184 -0.13193831848878787 18.722093912773463
-0.14994236057271731 0.011615710390859508 0.9886265036797244 57.450156724836404 0.11813043604609405 0.9929784194461867 0.006249687489237304 -1.336864693720036 -0.9816121884865936 0.11772397286138934 -0.15026169714298515 19.095593208955616
-0.14409962471140292 0.013094970930335305 0.9894765383243636 58.40953209126198 0.1171231701264798 0.993109684174082 0.003913849662266668 -1.265367870825499 -0.9826074807254193 0.11645461320183426 -0.14464045729482083 18.819820402918825
-0.15317011316610646 0.011014374473010805 0.9881384518313462 59.4723971922989 0.11691888548363466 0.9931164187020318 0.007053589278897491 -1.3510671056681105 -0.9812588295908196 0.11661244555972125 -0.1534035426273933 18.909848471138584
-0.14507271354783874 0.01133279453316295 0.9893560913806184 60.3886620765085 0.11648788901283885 0.9931757300053196 0.005704475587957485 -1.2715279528119534 -0.9825398106423968 0.1160755663198341 -0.14540283149351266 18.543437712030315
-0.1377014528947631 0.012551177824160112 0.9903942537221713 61.31976279738276 0.11772609861659833 0.9930388965904945 0.0037835912634182475 -1.2059870154957224 -0.9834525283790696 0.11711625759714137 -0.1382205000398059 18.189938778256902
-0.1347255213512872 0.013032593970625382 0.9907972473675023 62.27935826882705 0.11827755677323636 0.9929759758032204 0.003021761307024967 -1.170271886615787 -0.983798482139699 0.11759618604376428 -0.1353206694026561 17.959739009142837
-0.13268725860573113 0.014279024680552263 0.9910550947640937 63.25113289066462 0.11806062553233122 0.9930052570253028 0.0014994062247712114 -1.1519443804278817 -0.9841015090439645 0.1172035365263541 -0.1334449359215454 17.753992781536464
-0.1327975451658884 0.015101985725160569 0.9910281237306384 64.23662942873513 0.11714354892193733 0.9931148329869065 0.0005634246741032605 -1.1462156136530761 -0.984196220752694 0.11616737290886277 -0.133652312092107 17.60762783065149
-0.1336965460431919 0.01603951494404877 0.9908925105865313 65.2258995973366 0.1171910511850298 0.9931093535798869 -0.0002633520229708921 -1.1526762852923589 -0.9840688446944486 0.1160885256711443 -0.13465497803360973 17.47597960390246
-0.1350970214159886 0.016875185856360664 0.990688660935836 66.21551150304371 0.11585453545717103 0.9932655593466178 -0.0011203704096610216 -1.1498603946488444 -0.9840358334016749 0.11462441589018046 -0.13614228536095685 17.338439029636994
-0.13620054606418922 0.015948755077285135 0.9905529003860923 67.2058626446673 0.11437488261828531 0.9934376246251007 -0.0002687104252218625 -1.1535405171965345 -0.9840568060218213 0.1132577732022132 -0.1371308839445228 17.203167911995152
-0.13745689266526684 0.015700330047771695 0.9903833107919371 68.19755931149231 0.11359132840848721 0.9935275586891557 1.5348051212487365e-05 -1.15267860812895 -0.9839728719681262 0.1125010656018801 -0.13835063234129882 17.076398411504105
-0.13773603913057877 0.014811728896555357 0.9903582161075422 69.18702933259148 0.11059757609986197 0.9938651359507041 0.0005173997727931996 -1.150893390110436 -0.9842748395064527 0.10960248276742922 -0.13852918856963234 16.9323399857213
-0.13948538122656806 0.0158747956104778 0.9900968736888343 70.17799106328464 0.11053488368062998 0.9938721787224282 -0.00036311326768675284 -1.1540443718145033 -0.9840355013482933 0.10938959377317913 -0.14038535842583647 16.7986119712599
-0.18916444363921092 0.005269979970209679 0.9819312809834403 71.56852011015242 0.12426832225865259 0.9920740168830479 0.018615292330630473 -1.8112840302193816 -0.9740504080106355 0.12554430427800684 -0.18832002102183437 18.225645853943586
0.0699077101249756 0.12393007000827044 0.9898253632903264 71.90097900953265 0.07782263806197146 0.9885513192030512 -0.12926688016264715 3.8011050634508443 -0.9945132221695981 0.08606757257907283 0.059462794083259704 8.987284911760899
-0.5806605545931313 -0.8126325596271647 0.04961495110749278 120.73735774537326 0.0678467886652832 0.012429763197964148 0.9976183209297294 -29.551216875535513 -0.8113138317614237 0.5826438226057535 0.04791703634356159 2.1777739642210294
0.1694124361188462 0.8504269731130725 -0.4980696636917514 104.93566898280905 0.811343060775756 -0.4072424365723846 -0.41937576895383005 47.414458579682886 -0.5594835692129891 -0.33305789475153497 -0.7589799566025236 39.44780042738358
-0.30689412335135247 -0.675646516622408 -0.6703117048272468 134.43004157770392 -0.16780150592028922 0.7316773162107928 -0.6606746245720776 74.5861862976692 0.9368343779256217 -0.09027784622252216 -0.33792197149361936 -19.827451465088483
