0.9990467583058461 -0.000742284371529687 0.043646577557604704 0.031093135140353577 0.00084812774385426 0.9999967446123895 -0.002406541907710338 -0.02798456646210109 -0.04364464913262936 0.0024412657649760727 0.9990441355733761 0.9991246574844583
0.9960438652638557 -0.004911903017810467 0.08872706283305903 0.13128140355808762 0.005575454741558215 0.9999583033196895 -0.007232283625032006 -0.04607276300440163 -0.08868783893332176 0.007698365459738484 0.996029719634201 1.9939287226223978
0.9909983932652953 -0.004457453053120748 0.13379953534255135 0.2886101632051672 0.0060021848874627255 0.9999198895118926 -0.01114398201278104 -0.07097633440076496 -0.1337391428198197 0.011846757818225948 0.990945758357649 2.9811609513845108
