1.0 0.0 0.0 0.0 0.0 1.0 0.0 0.0 0.0 0.0 1.0 0.0
0.9991174526834355 -0.0004304710384935562 0.04200155280520011 0.04087263222646724 0.0005142760433391164 0.999997898639872 -0.0019844989270943526 -0.017624156020242775 -0.0420006102754977 0.0020043479052822776 0.9991155745587996 0.6047411888295608
0.9961657884320484 -0.004853435013397466 0.08735082212621778 0.08298587088573926 0.0054768724206035995 0.9999612036424468 -0.006898918642622889 -0.028272632662560884 -0.08731394977919532 0.007350876037577123 0.996153722472308 1.1028465896606332
0.9912507627090824 -0.00445010945337443 0.13191710258535608 0.15398840640531525 0.005913670526261233 0.9999252144681847 -0.010704857386331874 -0.042163024653762524 -0.13185959930763175 0.011391312330362226 0.991202947974744 1.5935637587937754
0.9839809491939193 -0.00208763411952548 0.17826141872883286 0.22440743236583865 0.0044842818873891506 0.99990488491281 -0.0130427122737021 -0.05265684896380677 -0.1782172349672941 0.013633154854366574 0.9838967193000133 2.003401069680428
0.974548992367956 -0.004484087408375376 0.22412977141539148 0.43730540473007723 0.007639187313207608 0.9998835364740466 -0.013211975830570459 -0.07391912867994915 -0.2240444248174797 0.014587887039180809 0.9744697477397319 2.9242914198291903
0.9630306778085314 -0.005075412155074638 0.2693439321594171 0.5061995510904209 0.009319343783197214 0.9998517258081974 -0.014480201304536772 -0.08147992157505231 -0.2692305024158503 0.016454986776823787 0.9629351847238128 3.1730344605036205
0.9495319040721474 -0.007527456983132792 0.3135801341610934 0.6764342450994738 0.013561361849941075 0.9997624076407087 -0.01706510278986023 -0.09832896200188337 -0.3133771730900278 0.02045643321355456 0.9494083851147946 3.694051147148583
0.9344966421766432 -0.00918579638631793 0.35585340648268077 0.8640945886318693 0.017113080465529396 0.9996704378623669 -0.019135259105753 -0.10932264437736273 -0.35556035807941144 0.023971583360577066 0.9343458647383355 4.1767357044564655
0.9172413309791494 -0.009070635125287815 0.39822865833842575 1.2348927796499864 0.01855040994453439 0.9996287069297073 -0.01995822068550516 -0.13845354210370622 -0.3978997650596046 0.025693809769388058 0.917069029629202 5.035529153189478
0.8978603793081092 -0.009484431976201697 0.4401781285102511 1.6454335005927616 0.019635732458141437 0.9996357807449499 -0.018513342898219202 -0.1672805445977765 -0.4398422186188256 0.02526561704220887 0.8977195950384207 5.864914404707596
0.8761768397919932 -0.009219313764241843 0.4819015974925094 2.1142951487263937 0.020149489701092357 0.9996436212706143 -0.01751081145345 -0.2024055605752856 -0.4815684203484504 0.025052638717092526 0.8760503534708547 6.703961075361505
0.8523322348302499 -0.009505729880647806 0.5229143357842736 2.6010145861934943 0.02117574093840702 0.9996421691132463 -0.01634385897740869 -0.2304058000219297 -0.5225718605751573 0.025003496355512148 0.8522285349042349 7.502351869788303
0.8269324383006669 -0.009901073638894349 0.5622141151082131 3.13750261182653 0.022989933431674353 0.999604257412953 -0.016210845835616064 -0.26363020236924584 -0.5618311182614588 0.02633053935444772 0.8268328109420809 8.287698837376915
0.7996603169691224 -0.01137507296666081 0.6003448885264584 3.666709092414954 0.026158828393866233 0.9995312647915248 -0.015904917519917853 -0.2883300110601763 -0.5998825661426603 0.02842285030144364 0.799583046605441 8.993886941171462
0.7708090072235785 -0.010118893148276515 0.6369859357823019 4.219856294957493 0.026726585560641013 0.9995071956150409 -0.016463764394157292 -0.3154979002634136 -0.6365054312472684 0.029714877001433965 0.7706995926283591 9.675238908449623
0.740270036628524 -0.012982012806201213 0.6721843052418756 4.806653072276086 0.031338511257725035 0.9993930721705402 -0.015211344768922507 -0.33848493107465966 -0.6715788640079088 0.03232575816634799 0.7402275830964541 10.32487012646191
0.7082247421694844 -0.01196667464133404 0.7058856233675505 5.472065942513435 0.031443883468504526 0.9993987991593067 -0.014605561658310324 -0.37000697723593506 -0.7052864643330301 0.03253980542295929 0.7081752355820201 10.997854527097157
0.6742668049345857 -0.01076733009334412 0.7384093311747664 6.170799627299021 0.03277344370928248 0.9993448585994962 -0.015354314644015406 -0.40041149512345037 -0.7377602436772668 0.03455312132664575 0.6741779473224012 11.629371535846598
0.6388173509622178 -0.011725693524437463 0.7692690688055674 6.873005888985093 0.03731155239803799 0.9991794904973166 -0.01575416856490124 -0.42356563953685794 -0.7684531476721682 0.03876665939817132 0.6387306990836148 12.212002820713641
0.6022080352880754 -0.009960810774031218 0.7982770599755447 7.605969360183039 0.037370565598446696 0.9991777578059621 -0.01572415761503068 -0.4565245323801319 -0.7974640575357164 0.03930127929945896 0.6020851155643179 12.769743833402238
0.5647232107262332 -0.008518336075765243 0.8252364105015931 8.3796582282427 0.04032494983696558 0.9990371400581928 -0.01728268512104259 -0.48095219396599503 -0.8242946036992485 0.04303755028863999 0.564522962843366 13.292668846673214
0.526778958294487 -0.007039748238355945 0.8499731590132213 9.183413844449092 0.045271901040177275 0.9987787489888901 -0.019785488227390267 -0.5114605080606086 -0.8487958435774671 0.04890247961942595 0.5264543317446332 13.769819093828984
0.4877057073007193 -0.006081589360020739 0.8729869170481079 10.043936100992779 0.046935401574041365 0.9987121608555912 -0.01926364031638946 -0.5491030574860299 -0.8717454967737939 0.05036897884622872 0.4873630626387271 14.273840474021299
0.4493986328677562 -0.007800629829207773 0.8932972735606317 10.870282506348186 0.052066449025650684 0.9984907281093358 -0.01747428869933697 -0.5746487804710302 -0.8918127346379682 0.05436373841041597 0.4491265192388366 14.68361144198877
0.41247303968765686 -0.008303961957829533 0.9109319599984548 11.709397439634277 0.055924589525466736 0.9983031972460193 -0.016222412113598813 -0.6005260066163124 -0.9092515778469856 0.05763480358410451 0.412237549961899 15.057631486006683
0.37729350166776726 -0.005799076264451139 0.926075582397977 12.5944895790584 0.05750094129972098 0.998197692332452 -0.01717581939277811 -0.6258155350343496 -0.9243069053885299 0.05973054274528547 0.37694695504067044 15.41485253929422
0.3444304990433554 -0.006408504688883726 0.9387899458326109 13.486247249911887 0.05819024854273587 0.9981996904564433 -0.014535231239824174 -0.6425683741567364 -0.9370066842361798 0.059634797227064454 0.3441833300094692 15.72545144900769
0.31097127589955664 -0.007864168133591884 0.9503867741214453 14.47725602423217 0.06056201917651795 0.9980975263936824 -0.011557233236170394 -0.6638265792764634 -0.9484878003425585 0.06115130960477275 0.3108559311561489 16.046780046843708
0.2780783676224172 -0.007547770459449345 0.9605287359686548 15.669889626802782 0.06118186324615507 0.9980778373745413 -0.009869658124139135 -0.6836197515462132 -0.9586079496176635 0.06151147618818846 0.2780056424372883 16.39498261600811
0.24557110041291252 -0.004411532589467541 0.9693685434457846 16.614467852890428 0.05861344139791707 0.998227557395549 -0.010305733530828105 -0.7008001262174689 -0.9676049292606381 0.05934881663797151 0.2453944148390266 16.641280109681166
0.2149940684846722 -0.002575244781528819 0.9766119590864745 17.569957469892287 0.05855620818983415 0.9982314031416584 -0.01025847280371271 -0.7116520724855135 -0.9748583081652621 0.05939220400145903 0.21476462722015513 16.83770227477153
0.18458719955597983 -0.0024110145378330727 0.9828131830459834 18.184076324388055 0.06069768503216483 0.9981160572107736 -0.008951389264003002 -0.7248652656922772 -0.980940037306979 0.06130679690636233 0.18438579083341822 16.953507213003324
0.15377118238946944 -0.002673536573488922 0.9881028669469253 18.802669106549796 0.06245460891865915 0.9980231238990787 -0.00701897339655712 -0.7373179658435333 -0.9861307445219231 0.06279089396492503 0.15363417049512024 17.055169417956613
0.12336119201383874 -0.0031834003275910266 0.9923567313558554 19.660382181543252 0.0611492324459983 0.998118937994041 -0.004399657817727838 -0.747377561410842 -0.9904760409400071 0.06122459946787829 0.1233238044491322 17.161589771689837
0.09379110942028075 -0.0034878150503098843 0.9955857888398599 20.38197699444344 0.06180787597245639 0.9980853547898776 -0.0023261602991907627 -0.7574301193963621 -0.9936714820610919 0.06175321611170481 0.09382710716192151 17.23468301303967
0.06665228430368772 -0.003225434350048999 0.9977710506776353 21.043582511087095 0.06476829864666021 0.9978997223384223 -0.0011007485256089105 -0.7644716442293511 -0.995671904036424 0.06469730079495686 0.06672120189512065 17.278795514617137
0.04146834738346877 -0.002745478837025057 0.9991360460474028 21.7152403223503 0.06870868012040418 0.9976367600991691 -0.00011034013239557823 -0.7683112735646154 -0.996774544940528 0.06865389460757704 0.04155898595750104 17.301415560971094
0.018807025426405315 -0.0023881035295686363 0.9998202802284725 22.434736182096497 0.07291779709040762 0.9973374422111771 0.001010559819578563 -0.7735366875201743 -0.9971606142754001 0.07288568669635262 0.018931085882971505 17.30889383875842
-0.0012645509996067172 -0.0023984613108481365 0.9999963241402983 23.194777413606452 0.07870516921835652 0.9968948256969588 0.0024905495257387614 -0.7746818946014234 -0.9968971347381232 0.07870802933608913 -0.0010718530450040094 17.29503577832251
-0.01943392501944426 -0.003148624303517343 0.9998061855796515 24.11933440769386 0.08314003000222776 0.9965265333161659 0.0047543462319358755 -0.7839134336248804 -0.9963483617538436 0.08321631187369316 -0.019104645209293065 17.285315267601423
-0.03494318098892612 -0.003013165709273642 0.9993847582061586 24.95202166289651 0.0863602774503997 0.996245764252903 0.006023262142664592 -0.7851599868576025 -0.9956509813087444 0.08651761693757948 -0.03455177822308347 17.256299540450197
-0.04923613103279844 -0.0037581349850788802 0.9987800958280825 25.74255025402555 0.08872623505953199 0.9960229386378657 0.008121632800810527 -0.7880241192184442 -0.9948384082920614 0.08901787533200542 -0.048706870750375525 17.214469373244317
-0.06244233283115581 -0.004815258787357497 0.9980369574085984 26.674431001137847 0.08895334807767623 0.9959818020290784 0.010370722862062445 -0.7892735456594077 -0.9940765850458281 0.08942630099540468 -0.06176309378507831 17.15383005625269
-0.0746611287697634 -0.0045953958816985895 0.997198374541151 27.538634497580514 0.08872390815085522 0.9959929191780482 0.011232678648873177 -0.786779473095619 -0.99325413866405 0.0893139814580042 -0.07395423411040035 17.089522879059228
