1.0 0.0 0.0 0.0 0.0 1.0 0.0 0.0 0.0 0.0 1.0 0.0
0.9999966367029339 -0.0017731220664696336 -0.0018927812756515169 0.006143892880138839 0.0017715651951755434 0.9999980913784042 -0.0008238909561859853 -0.011529221453148933 0.001894238522283093 0.0008205349997659206 0.9999978692890975 0.5306599191177902
0.9999931465627857 -0.0022634514202008616 -0.002929780730215142 -0.00034074118729187936 0.0022572735652054447 0.9999952258057344 -0.002110232638687079 -0.02865828699659354 0.0029345431519357886 0.0021036048597460107 0.999993481630297 1.0924246348257627
0.9999852943002095 -0.002615650461601653 -0.004750742677288356 -0.006883183131960722 0.002599332108864843 0.9999907123275809 -0.003437838152738892 -0.03975276338965535 0.004759690736897772 0.0034254388389410553 0.999982805708603 1.600853427263273
0.9999670908261867 -0.004503004670627682 -0.0067483489498633645 -0.0007472984319071736 0.0044677438716818965 0.9999763371591417 -0.0052310980188918395 -0.053030327209346195 0.006771744923567709 0.005200775973113178 0.9999635470355743 2.1524907663063324
0.9999400029523153 -0.00688393114251327 -0.008520680005051228 -0.0030719854405409706 0.0068223975292986535 0.9999505912230345 -0.0072297997659574766 -0.06326777460627565 0.008570028452436297 0.007171234533101771 0.9999375620545492 2.728957834056053
0.9999154929520203 -0.008328060321492902 -0.009982502982707796 -0.01287577865750526 0.008248046907965673 0.9999337429081971 -0.00802991381067888 -0.07132094557199928 0.010048715177682995 0.00794689907350693 0.9999179316915929 3.2716088058013626
0.9998998185582287 -0.008442499844005727 -0.01136120784093689 -0.020903610912614654 0.008358975489050728 0.9999378353286221 -0.007379228081748421 -0.0823477448870083 0.011422800707114048 0.007283520762171619 0.9999082307638599 3.8010926946940646
0.9998839658884424 -0.008532262296209191 -0.012619637843782186 -0.02177224287468188 0.008433941708530453 0.9999338255361634 -0.007823884960160983 -0.0990545916847198 0.012685558184669522 0.007716543832663467 0.9998897597059498 4.394064803322908
0.9998735774304687 -0.008075317052410725 -0.013697387009882527 -0.03501730096563182 0.007933490849635062 0.9999146833159367 -0.010377177464397492 -0.11833241582916046 0.01378001739237665 0.010267197460451138 0.9998523369863043 5.018785992426907
0.9998645055921689 -0.00641077576448506 -0.015161543820602053 -0.05068523535095851 0.006196781018926341 0.9998811138588751 -0.014119421140319043 -0.1357134349953131 0.015250257766018639 0.014023555270747593 0.9997853617330263 5.6292984093014
0.9998510408088269 -0.00501193405799612 -0.01651595321210779 -0.06291726525324864 0.004719477738004716 0.999832219138276 -0.01769915542923184 -0.15030903041329077 0.016601889151139262 0.01761857230384816 0.9997069386508163 6.18337865706003
0.9998408413988912 -0.0031053360808411647 -0.01756840227747718 -0.0800411033261186 0.0027943453730112817 0.9998394619011651 -0.01769864568609484 -0.16380035045983632 0.017620542122607066 0.017646736610790623 0.9996890062325855 6.808660764775981
0.9998249981151359 -0.0007331414810588803 -0.018693197897574242 -0.10422773189586808 0.0005309154435941352 0.9999413121580939 -0.010820830298014658 -0.17641752789429874 0.018700034033682304 0.010809012124862698 0.9997667097798482 7.45511776082208
0.9998085206714316 0.00015096458554172683 -0.019567810365452746 -0.11685350231090043 -0.0001571939633512767 0.9999999374605781 -0.0003168105036095645 -0.18673117358778385 0.019567761314526852 0.00031982578261245675 0.9998084818747067 8.1076934107509
0.9997921786507352 0.0014290057266743723 -0.02033611200426892 -0.13544043254140817 -0.0012997218063036306 0.9999788720741772 0.006369154455662195 -0.20134551943255316 0.02034478390259421 -0.006341399521162211 0.9997729124256513 8.77582285337123
0.9997599633356103 0.0034593490114806415 -0.021634431251978375 -0.1558027002907039 -0.0033410213319487875 0.9999792761326954 0.005503170139806344 -0.21542156015290842 0.021653020289078888 -0.005429568080885091 0.9997508022016364 9.432360703167202
0.9997346646675033 0.005707082493750569 -0.022316573920893812 -0.17603798175579558 -0.005748391982129043 0.9999818805111965 -0.0017873552831178105 -0.22165480970240856 0.02230596897193599 0.0019151654492048113 0.9997493565336891 10.075891018616177
0.9997114861423787 0.004746889549120888 -0.023545944759295563 -0.19619154504136324 -0.004935600152686596 0.9999561147600959 -0.007962939471283207 -0.21575210518893442 0.023507112245704412 0.008076855421447328 0.9996910423127581 10.80114689941506
0.9996937537923047 0.0024676790844030375 -0.02462334641330944 -0.2199536448161662 -0.0026265413552874896 0.9999759329176349 -0.006421438001829467 -0.21737286986682522 0.024606907752954196 0.006484145698453441 0.9996761755415594 11.561275871459564
0.9996841392369904 0.0019701341079164597 -0.0250547466480265 -0.23664356030186778 -0.001900219187302377 0.9999942353013616 0.0028139884652060238 -0.22818396326209303 0.025060146149617088 -0.002765490126348834 0.9996821200458279 12.316913545686447
0.9996793672599853 0.0019355245537632524 -0.02524710714874517 -0.26331662797289895 -0.0016719539041839234 0.9999439307577114 0.010456572619935751 -0.23904737889446262 0.02526593051563137 -0.01041100790103886 0.9996265521031661 13.08368766402748
0.9996667395965875 0.0012155749914352287 -0.0257862777804722 -0.2843530824181142 -0.000882475821746931 0.9999160774749957 0.012925139977531584 -0.24281288614654886 0.025799825207847796 -0.01289807677349446 0.9995839177551776 13.8685144022007
0.99965995294028 -0.0007712780881321847 -0.02606498834740968 -0.3047930305667212 0.0010777732158523405 0.9999304221836027 0.01174688029278883 -0.23964963984507032 0.02605411469106222 -0.011770977946996787 0.9995912300464808 14.67776871535436
0.9996722515200743 -0.001289581294861705 -0.025568076205922483 -0.3262675651534747 0.0015266328546928462 0.9999560151257676 0.009254037276697933 -0.2366286972308074 0.02555501776393213 -0.009290037345214646 0.9996302497789921 15.498621568965705
0.9996852459355722 0.0016889700195918363 -0.025031109424275482 -0.3489920000305428 -0.001541817260597824 0.9999814243406108 0.00589692913758194 -0.23983013626011046 0.025040604191433627 -0.005856479658606051 0.9996692802060773 16.327327896908635
0.9997066206472093 -0.0014633307051539013 -0.024177082069315934 -0.36978216247742546 0.0014753589643259433 0.9999987966124216 0.00047967658930417583 -0.2486254563625295 0.024176351049433924 -0.0005152057368591166 0.999707576550755 17.19134858971015
0.9997139383219509 -0.00450551163322471 -0.023489186655578323 -0.39455850982628377 0.004368235250780171 0.9999730994414522 -0.005892275811939889 -0.2589001305872616 0.023515102500554257 0.005787983964472502 0.9997067265933623 18.082601905178237
0.9997465185443288 -0.003196357343783511 -0.022286362606493155 -0.4252475051978569 0.0029456868701990824 0.9999321360599123 -0.011271477432823366 -0.27245028137214033 0.02232087783578419 0.011202971676601507 0.9996880872743527 18.977305572675974
0.9997504988795063 -0.0017679002363075664 -0.022266892889172243 -0.4504252061706978 0.0014983479778756703 0.9999254712568472 -0.012116389111568794 -0.2891780261062884 0.02228665393280493 0.012080002504974865 0.9996786376611034 19.85125104039212
0.9997409411500765 -0.0012645670588932977 -0.02272556838712833 -0.4604018453663442 0.0010045518981841297 0.9999339500091051 -0.011449301055791594 -0.31105141577383316 0.022738545772505888 0.011423506000166863 0.9996761785932564 20.763386256986184
0.9997354750155881 0.00024160643285394507 -0.0229982960606428 -0.4847491008118315 -0.0005359463474818357 0.9999180221798252 -0.01279303253701758 -0.33292154082786407 0.02299331983150747 0.012801974313056965 0.9996536483686809 21.702539057247428
0.9997304677350222 0.003144746652455272 -0.023002227083712627 -0.5149221778048865 -0.003487466380597705 0.9998832865052986 -0.014874506566646583 -0.35415660591048786 0.02295276585867153 0.01495071690083438 0.9996247528965998 22.624107299337997
0.9997072537656356 0.006777145763987202 -0.023226645553533667 -0.5474943581255797 -0.007140000571359598 0.9998532061331866 -0.015575191074976588 -0.3809941444291296 0.02311768068420283 0.01573646975896268 0.999608891696802 23.587471962248006
0.9996919236258982 0.008335587657030009 -0.023378960959968227 -0.5747865738851083 -0.008699161800967348 0.999842133435012 -0.01549299170845641 -0.40496477842899326 0.023246127013253157 0.015691596047876042 0.9996066183216048 24.53219823868065
0.9996780570761721 0.009167202593697488 -0.023658922144095176 -0.6071277835493025 -0.009537551141749536 0.9998330017629234 -0.015588576072046894 -0.43293171883227466 0.02351206751080641 0.015809205620195808 0.9995985452665616 25.495852900328043
0.999672359410307 0.00941666921896344 -0.02380126408102019 -0.6373371886724086 -0.00978995682185943 0.9998301348476545 -0.015615959654841922 -0.4585867361783515 0.02365017074906483 0.01584385658027074 0.9995947386977405 26.455287933735576
0.9996599486246629 0.01055971920390247 -0.023842807009134614 -0.6695829895915852 -0.010905553400628857 0.9998365295001883 -0.014421622032190289 -0.48876928972234285 0.023686621134431287 0.014676736944842547 0.9996116932948943 27.44349404621376
0.9996498498658903 0.011385863849574261 -0.023885974284176943 -0.7028940966310768 -0.01168767916690677 0.9998531333717592 -0.012534346507201592 -0.5138826380419318 0.023739751868897162 0.012809129208113383 0.9996361089867315 28.423361390967525
0.9996318909559019 0.011905226037404557 -0.02437925710371572 -0.7236866947546857 -0.012186144122673798 0.999860680963055 -0.011406864403214251 -0.5377883880452254 0.02424005930999628 0.011699754573932046 0.9996377020038595 29.372504539677493
0.9996350652966901 0.011487282904985687 -0.02444951043979687 -0.7573968149675325 -0.011792514772468572 0.9998538648462152 -0.012376814914319986 -0.5664737304169873 0.024303761532445275 0.012660619398082064 0.9996244474260474 30.404350829782572
0.9996150102843061 0.012373604316019448 -0.02483395116649868 -0.7914365226635995 -0.012703620282311028 0.9998324991118036 -0.013175422253694492 -0.5966618543406221 0.024666763995957124 0.013485830937355371 0.9996047634529841 31.456215512453966
0.9996141087829176 0.011946777633654483 -0.0250780387253089 -0.8267775892612473 -0.012256630011203558 0.9998499871619291 -0.012238390133268731 -0.6226014056492843 0.02492806737203034 0.012541039688067652 0.9996105810667659 32.47228876960059
0.9996063284583803 0.011088617867525323 -0.02577267273193991 -0.8567833875135131 -0.01133646591971015 0.9998907009004102 -0.009490563383336181 -0.6503633188733448 0.02566461857131093 0.009778998244703555 0.9996227781252879 33.50076620254152
0.9995934320395103 0.011651246321878212 -0.026023433336560584 -0.8954121871526924 -0.0118097452123865 0.9999125881245617 -0.00594525256436291 -0.6707489860738951 0.025951888977374032 0.006250165532409306 0.9996436539534088 34.549941974636354
0.9995658509066854 0.01179326716379308 -0.02700052871335493 -0.9161924675234074 -0.011897682744458002 0.9999223383127033 -0.0037097828186885835 -0.689278752143517 0.02695468134683662 0.0040294159444052655 0.999628535487376 35.491335639826396
0.999552633677257 0.011924990207036901 -0.027428582125678506 -0.9493960758222788 -0.01202425187575748 0.9999217308040677 -0.0034568240653759094 -0.7043949180215214 0.027385212719482858 0.003785085778779167 0.9996177885821933 36.51137460953478
0.9995450120782503 0.011409273689358432 -0.02792126973071451 -0.9869891640316459 -0.011554350508713635 0.9999205439821864 -0.005040109788768899 -0.7210329837150117 0.027861547225804875 0.005360428736807419 0.999597418959223 37.47202271799597
0.9995247319880302 0.011952433239932411 -0.02841565561279983 -1.029382616164151 -0.012121726566886249 0.9999097485609936 -0.00579296795436249 -0.7382229027404396 0.028343850996254846 0.006134661549556259 0.9995794075701906 38.511811902528585
0.9995104016311264 0.011541438983583587 -0.029081819361552404 -1.0724399247377383 -0.01167926825355152 0.9999213337031018 -0.004573958729841173 -0.7594028257644592 0.029026741536922317 0.004911373696732306 0.9995665694110415 39.55833186378101
0.9994880854323778 0.011667305243060273 -0.029789949095130597 -1.1147060001405524 -0.011748846205029043 0.9999276936127238 -0.002563622277180868 -0.7836345533280513 0.02975788452789865 0.002912307451965287 0.9995528934347238 40.66842159213635
0.999471098527861 0.011848762792711022 -0.030284154731440402 -1.1505709958952726 -0.011860323501720269 0.9999296434594672 -0.0002021322524754796 -0.8036438406102971 0.03027962902596826 0.0005612052165203207 0.9995413093588246 41.72498149646798
0.999443073916745 0.013218635165009141 -0.030640001374457333 -1.1983852596055533 -0.013237958017565114 0.9999122828523067 -0.0004278651707944162 -0.8240892204896149 0.030631657927338945 0.0008332379333736088 0.9995303933583848 42.788608510185256
0.9994216204867773 0.014475227910750585 -0.030771614850706945 -1.2397743738836635 -0.01461094219863071 0.999884475079547 -0.004190091044068792 -0.8471206698472056 0.030707407439519458 0.004637269867192314 0.9995176591018895 43.83320355522114
0.9993934366622826 0.015616092219300721 -0.031127101056063936 -1.280616191971566 -0.01588270778220338 0.9998391073990157 -0.008336600568303983 -0.8683826986741939 0.030991907812543913 0.008825926542218355 0.9994806674822725 44.87875340230559
0.9993870294904563 0.01615823644260988 -0.031056024879415625 -1.3184027940135936 -0.016432778639851826 0.999827940622947 -0.008605401550298583 -0.8938034202422023 0.030911633286187904 0.009110463475202366 0.9994806003034006 45.97492431402268
0.9993792722217996 0.01685789385155472 -0.03093350397741329 -1.3615625325129688 -0.017047833105437532 0.9998373452853934 -0.005886795313054288 -0.9217345319076728 0.030829233526638952 0.006410490428851882 0.9995041090323842 47.11376432132287
0.9993747327603916 0.01775858326588289 -0.03057411062467916 -1.4016121846799978 -0.01788501454964898 0.9998325733363213 -0.0038667234474687646 -0.945267933303494 0.030500324173034558 0.004411124125337066 0.9995250233032132 48.12433214735934
0.999401190936709 0.01621902421289184 -0.03056473143796988 -1.4411141094246622 -0.01631110729381222 0.9998631397310999 -0.002765788478441327 -0.9666380148830594 0.0305156899503071 0.0032626769131242446 0.9995289628651166 49.20342717929228
0.999407829576022 0.01625277162274689 -0.03032882451941267 -1.4752476151738971 -0.016372001886383183 0.9998591716668305 -0.0036870568130707394 -0.9890541999081096 0.030264628469265923 0.0041814170193177685 0.9995331750448938 50.22297410822941
0.9994332862096529 0.01576017110815372 -0.029744300677963815 -1.5172278304425717 -0.0159293618380296 0.9998582129566296 -0.0054597998680571466 -1.0123115458952205 0.029654035941376836 0.005930513452297361 0.9995426289871676 51.287115394378695
0.9994479600645656 0.01554842722343539 -0.029360203229204088 -1.5616669656654725 -0.015782704090401646 0.999845296826942 -0.00776457755652176 -1.0339253550334706 0.02923493414354468 0.008223674599228938 0.9995387385197771 52.34791305227934
0.9994603569373369 0.014754677683785546 -0.02934781758737596 -1.5845641072829533 -0.015062282129800054 0.99983362830524 -0.010288020558628286 -1.0604205128267328 0.0291911385138798 0.01072451380809987 0.9995163141419164 53.36275409596543
0.9994877829432544 0.012972359359810226 -0.029255591599202987 -1.6251033123625296 -0.013375460562735537 0.9998177081609683 -0.013625252382182814 -1.0904656015552088 0.029073506873338633 0.014009580307184495 0.9994790957582361 54.412882873774194
0.9995101982623522 0.011585801406635541 -0.029071167422731543 -1.6521654655899194 -0.012036239444871057 0.9998094668289124 -0.015367464960315342 -1.1213332567369547 0.028887584003861645 0.01570984548131614 0.9994592078946353 55.46343715198138
0.9995340956854379 0.01019367508659478 -0.02876943778602692 -1.6863254060651185 -0.010572660852551392 0.9998589224287586 -0.013051976175788802 -1.153502435021836 0.02863233145924414 0.013350064712404866 0.9995008581123785 56.51574661070198
0.999557474341342 0.009195481663730734 -0.028289549401336576 -1.7215377346322092 -0.00940569702522579 0.999929069444098 -0.007306773852045169 -1.1805628794964727 0.02822035350289383 0.007569623347782442 0.9995730650885619 57.532569497652084
0.9995784784199433 0.007699608580136424 -0.027992525920053093 -1.7541824157193573 -0.007737339107586035 0.9999692977536513 -0.0012398119206538556 -1.2066980317222786 0.02798212042012438 0.0014558769786951128 0.9996073635978349 58.57278923228116
0.9995939656052077 0.005651378920650261 -0.027927868553679056 -1.7942679317505033 -0.0056654258844580745 0.9999838615112762 -0.0004238708991201296 -1.2312285508494647 0.027925022385022993 0.0005819220623575719 0.9996098511376861 59.65962732251836
0.9996061081862825 0.002625946010299753 -0.027941597739338665 -1.8212432991615886 -0.002720040853411627 0.9999907559345239 -0.003330078565050971 -1.2530455413678376 0.027932594838857815 0.003404769161725428 0.9996040104423957 60.71119953902698
0.9996095286251998 0.0010894152690274232 -0.02792137991001944 -1.8630131158643757 -0.0012724650688306519 0.9999778110950533 -0.0065389716461000365 -1.2757866897662977 0.027913636709619688 0.006571947345460341 0.9995887346272612 61.79586709818388
0.9996062659305553 0.0030833635172377053 -0.027889173200277395 -1.9052757163847769 -0.0033818781635819393 0.9999374320971826 -0.010662775950623284 -1.3035978615815158 0.027854551018840344 0.01075289543830274 0.9995541502226024 62.89560820224812
0.9995995453738495 0.0033723825952703176 -0.02809583463837583 -1.928464261755114 -0.0037941030436476945 0.9998807402327654 -0.01497030706649736 -1.332144622684279 0.028041998332679712 0.01507091062949267 0.9994931285318099 63.960171538947776
0.9996084758381321 0.0062488258029592715 -0.027273562448871417 -1.9816818096313809 -0.006677075180653095 0.9998554044467045 -0.0156392731846257 -1.3640258914663614 0.02717189171920315 0.01581525765821494 0.9995056607771671 65.07315278122744
0.9995974449724548 0.00997094466321544 -0.026561782076227277 -2.019720621519063 -0.010292894846512609 0.999874878891912 -0.012011780740450735 -1.3949028649220396 0.026438689835551397 0.012280342967570195 0.9995750041174377 66.14781713084746
0.999587572302666 0.011345735558449838 -0.02638104589854439 -2.0637745001951586 -0.011610847834902075 0.9998834042127968 -0.00991797319909227 -1.4262332271178981 0.026265443278537852 0.010220189061896796 0.9996027582119402 67.22867412669586
0.9995895062996464 0.011059430078156438 -0.026429300065957652 -2.087528277603539 -0.01130353175696988 0.9998946632142558 -0.009104539827103502 -1.4565264887692437 0.02632582506682753 0.009399546903469544 0.9996092233730927 68.29848026821178
0.9996028405215317 0.009411913651735968 -0.026562701344150095 -2.119121854823362 -0.009633439608583292 0.9999197770805941 -0.00822412575276834 -1.4871329147594345 0.026483165645254807 0.008476749642512858 0.9996133185651846 69.40101710607706
0.9996069896691364 0.00841630945522979 -0.02674008114725986 -2.1563739448413655 -0.008603086403945229 0.9999393412333332 -0.006877554664881885 -1.5123112273145631 0.02668057549856193 0.007104898943405537 0.9996187609794379 70.45958750877864
0.9996153371509714 0.00699289730176204 -0.026837979057251955 -2.189059254896418 -0.007123406280711225 0.9999632498700418 -0.004770324129318904 -1.5374228071935891 0.02680363437130125 0.004959666991426168 0.9996284144059836 71.54185561974587
0.9996081822636965 0.005924494134241728 -0.027356577284502994 -2.2274067579068872 -0.006013938182854531 0.9999768329155615 -0.0031884447135431017 -1.561933746825126 0.027337053590364254 0.003351716189036202 0.9996206537980208 72.63784190835716
0.9995904154569151 0.005182432796558177 -0.028145047823424172 -2.2598275291356527 -0.005307647814551871 0.9999763393173445 -0.004376034752505799 -1.590181891840582 0.028121703386358936 0.0045236263978812264 0.999594270993416 73.70470439472223
0.999570920454118 0.005597786301493004 -0.028751343812621104 -2.295372184839255 -0.005838423032532385 0.9999485726122755 -0.0082924632746205 -1.6122140511743062 0.028703445768790855 0.008456767656175828 0.9995521973773076 74.76650049928449
0.9995490823558602 0.006297622173369425 -0.029359358244364843 -2.3370456854931607 -0.006605617266812417 0.999924044213024 -0.010405365211742866 -1.6377432786512114 0.029291599172524715 0.010594609932736254 0.9995147605004571 75.8295470752933
0.9995209344718241 0.008437524134325644 -0.029777671820614363 -2.375113000466892 -0.008698554598701846 0.9999247764028292 -0.008647351249979621 -1.6681137813108697 0.02970246960215487 0.008902231306239152 0.9995191411760456 76.87830902316384
0.9994988900933901 0.009747067638934188 -0.030115832622153123 -2.416635848561444 -0.009880225696158536 0.9999420472931168 -0.004275885339707501 -1.6971150261982177 0.03007240998451005 0.004571293874538449 0.9995372696553302 77.94551897201303
0.9994608975520409 0.01131040443277599 -0.03082189183093325 -2.445616789246866 -0.011323423937081148 0.9999358572528103 -0.0002478919592388499 -1.7204517076770474 0.030817111071802898 0.0005967676678208947 0.999524861888655 78.95842302513961
0.9994297746885442 0.012518287021087978 -0.03135949546891827 -2.484094529322195 -0.012518368667752387 0.9999216233844349 0.00019373726995581555 -1.7381499862103549 0.031359462876549435 0.00019894292945347569 0.9995081512973275 80.00921189071182
0.9994028338473764 0.012541672374574323 -0.03219754884900362 -2.5121442991051417 -0.012605355408107692 0.9999189727483326 -0.001775655639288592 -1.7625081845263262 0.0321726702788318 0.0021804568243532574 0.9994799472201344 81.02301692429296
0.9993797821609578 0.012429132961930635 -0.03294795383226983 -2.5494813114233144 -0.01252122890142125 0.9999182511637573 -0.002590331331314784 -1.78540492832866 0.03291306480285498 0.0030012736333809987 0.9994537120456639 82.08125569073576
0.9993608299956843 0.01168908044447746 -0.03378308554146551 -2.585551838232489 -0.01178983049130084 0.9999266202821617 -0.0027845911862362897 -1.8086394073347143 0.033748057237799785 0.003181108211082385 0.9994253094569997 83.0919148690385
0.9993523870568904 0.0105236794436288 -0.0344101533659047 -2.63165730596814 -0.010617489836745498 0.9999403950687453 -0.002544645225324416 -1.830004981975799 0.03438132332042971 0.002908346733783835 0.9994045557860981 84.11238579802014
0.9993419997186527 0.009339266304926784 -0.035047763169883756 -2.6693516527772365 -0.009382204665810632 0.9999554233998764 -0.0010608717062460104 -1.8557448227840792 0.03503629309637964 0.0013889989395031565 0.9993850753578454 85.11894618975384
0.9993217753808855 0.009484968508565667 -0.03558123974777987 -2.708456322704079 -0.009427917819019974 0.9999539881954412 0.001770835289784473 -1.8814188013464783 0.035596398907688044 -0.001434177261453997 0.9993652182862794 86.09614560126116
0.9992964304635555 0.008547571891395813 -0.036518256770546695 -2.7500513794081263 -0.008462527551139815 0.9999611100201304 0.0024827554752443414 -1.8992791153816355 0.036538058107189325 -0.0021719719300855585 0.9993299019081168 87.0860250528628
0.9992273972617576 0.007487202035443786 -0.03858173618664035 -2.7979796841295346 -0.007391403604622532 0.9999692376772086 0.0026250432398945076 -1.9172161506891712 0.03860020355190668 -0.0023378419403771757 0.9992519996381339 88.08294966819557
0.9991046598644258 0.006793252549467655 -0.041757997521309 -2.842255894549981 -0.00672399887986487 0.9999757759969103 0.0017986824168011767 -1.9393170057853668 0.04176920487936147 -0.0015162912556839626 0.9991261353725915 89.01796778445545
0.9989625451023021 0.006567323415120002 -0.045063330390604034 -2.8896517465274005 -0.006530299099200863 0.9999782080998078 0.0009687719897689391 -1.9602382651334962 0.045068710613978005 -0.000673489906667027 0.9989836623964052 89.9371985836777
0.9988198031269294 0.00645783650410932 -0.04813831352642615 -2.937199753264702 -0.006404461499456416 0.9999786936971854 0.0012629428207157124 -1.9786813231521918 0.048145443755191225 -0.0009531523239194547 0.998839880935007 90.80102268610017
0.9986463472465718 0.007614815228172786 -0.051453743499581046 -2.98087149957479 -0.007503336482503004 0.9999690661017864 0.0023594027097837557 -1.9978779766693866 0.05147011825040062 -0.0019701341470478436 0.9986725917430237 91.65795502720225
0.9984981374129287 0.008336274072660722 -0.054147724952194845 -3.0455344948531597 -0.008163157339123223 0.9999608409870605 0.003417507088946834 -2.0165634391339724 0.054174093856471386 -0.002970358064568937 0.9985270875283225 92.51531622100332
0.9983205176066332 0.009307374263394631 -0.057179689662902225 -3.097316772072892 -0.009029643032016364 0.9999461567677946 0.005113620246633522 -2.037460822235312 0.057224205301070453 -0.004588719825125783 0.9983508070703521 93.33527700050475
0.998125779881839 0.010808809245625025 -0.060233688065422814 -3.1449128603750935 -0.01047517531086849 0.9999280097060634 0.0058520173848457275 -2.0513424665792814 0.06029260516412885 -0.005210090974026101 0.9981671486853095 94.11348549592489
0.9979450951060849 0.012952977249851803 -0.06275195243235131 -3.1885397411184506 -0.012566126145728461 0.9998995537144065 0.006555528614516795 -2.068211445615535 0.06283056284482016 -0.005753508676529287 0.9980076239741399 94.7360955001067
0.9977452517593264 0.014950369329206589 -0.06542857975410167 -3.2447497842877606 -0.014630568589153582 0.9998785783992873 0.005364226036769408 -2.085076504712715 0.06550083247163048 -0.004394873733767474 0.9978428363376587 95.4627470105827
0.9975564236786424 0.015998319441328512 -0.06800908286787995 -3.290773239584052 -0.01591736126004472 0.9998718103988893 0.0017321605468509603 -2.0988545249711885 0.06802807646842723 -0.0006454027393818615 0.9976831983487071 96.00985501787424
0.9973398524474959 0.018365518781035133 -0.07054024695102602 -3.3409608016943517 -0.01855697210574641 0.9998256830553996 -0.0020596817870757833 -2.109933518261701 0.07049012346616262 0.0033632161246132646 0.9975068076314166 96.60085340056847
0.9971654964706438 0.02011833063629073 -0.07249983048852372 -3.3934135951752413 -0.02050894658636238 0.999778868175294 -0.004647349786628313 -2.1245812696129525 0.072390301549127 0.006121072008265061 0.9973575972133025 97.16745123386977
0.9970418536223559 0.022143936102227334 -0.07360155038583392 -3.43022220150804 -0.02261874970442055 0.9997283456863995 -0.0056237881305370345 -2.137515778964458 0.07345702340216882 0.0072719271880841594 0.9972718710501466 97.68200364154214
0.9970614500769481 0.024447705630283832 -0.07260009958581164 -3.4766990354991827 -0.024901038735525276 0.9996756288660402 -0.005345588945356137 -2.1515753196896767 0.07244586282422677 0.007137698557361006 0.9973468053886538 98.1952680774047
0.9971668942477672 0.02828946659556187 -0.06969857312744973 -3.5127568477336935 -0.02862423468631716 0.9995829860678326 -0.0038088255842633335 -2.165161989822631 0.06956175820726902 0.005793103093092477 0.9975608260911522 98.64729862975953
0.9974864428749203 0.03090371810843471 -0.06376328479473178 -3.549688606304826 -0.031118225078204463 0.9995128926160505 -0.0023735126440302965 -2.1769161372513155 0.06365887486220545 0.004351746932380167 0.9979622287190585 99.06894361891032
0.9978989644369403 0.03185597974983815 -0.05641678234232553 -3.5718667519081673 -0.03193609702365623 0.9994897780860222 -0.0005188530073632677 -2.1876973877047763 0.056371468692762605 0.0023194947133894205 0.9984071701774239 99.50994481365929
0.998401102945657 0.031916575918322164 -0.04665372245112855 -3.5908655542683396 -0.031863223552272425 0.9994904572931609 0.0018869988763854826 -2.1973507645302166 0.04669017693000257 -0.00039744377143489116 0.99890933993866 99.91147909427454
0.9989110630428613 0.03142301656130343 -0.03448597049193609 -3.60828476719541 -0.031332770359644574 0.9995040308012381 0.0031543483734480875 -2.2098268416542317 0.03456798565396159 -0.002070372492875629 0.9994002040852125 100.30386554188972
0.9993077692413933 0.030598112758679772 -0.021159816383877626 -3.6105252372543326 -0.030541411539554798 0.999529006979421 0.0029977304577166516 -2.217436020777229 0.021241575152609347 -0.002349404676206805 0.9997716118107673 100.65542645830101
0.9995176520015622 0.030417682650925277 -0.006263219574131869 -3.6069055072245146 -0.030405255229457914 0.9995355099807282 0.00206996183306841 -2.226471881905137 0.006323273813288962 -0.0018785286014123665 0.9999782434326118 100.99492469731703
0.9995073957730682 0.029095266540605815 0.011765681445310013 -3.594248260815762 -0.029086284694137026 0.9995764683157617 -0.0009338265757662331 -2.2377013176353087 -0.011787868239555922 0.0005911466087084184 0.9999303459281801 101.32489690650559
0.9990553653293506 0.028382011555201054 0.032906510400236 -3.5727361826032586 -0.028213295813442604 0.9995863497841989 -0.005580256664135503 -2.2480633284521403 -0.03305127752423017 0.004646584248108914 0.9994428559496724 101.64918415331483
0.998027619921834 0.026199877305239788 0.05704766693171842 -3.5385785905142226 -0.02564098200412097 0.9996159962244747 -0.010507146806272984 -2.2558880571422937 -0.057301046369384295 0.009023664518060102 0.9983161641301994 101.97652996806289
0.996140573271955 0.023870913563354513 0.08446382519797599 -3.5001496438946984 -0.022825562786224076 0.9996507169925068 -0.01332057430638585 -2.2663511261980873 -0.08475229769696853 0.01134123018065326 0.9963375053329419 102.29879606659031
0.9932135110962415 0.02130208088057008 0.1143378446798623 -3.447490559915382 -0.019750997859633367 0.9996971273782805 -0.014681675488697407 -2.276416847061122 -0.1146159651158049 0.012323751935357117 0.9933334312700871 102.59379133960394
0.9889824738446852 0.018984920248611835 0.14681021500972533 -3.3858126726419697 -0.01670116925395598 0.9997198306222802 -0.016772930754732882 -2.286332200091811 -0.14708751603585798 0.014136232302354007 0.9890224616067584 102.89088466391533
0.9831086943036034 0.016462088477879805 0.18228081310881877 -3.307723640030065 -0.013324224288936006 0.9997414438879271 -0.018425808529716182 -2.299027051513606 -0.1825370105807693 0.01568582212770569 0.9830738501010037 103.18577240814678
0.9752055936546551 0.012975350902744194 0.2209200995238405 -3.2166772002043262 -0.009022181419437102 0.9997807878629096 -0.018893820753021817 -2.313937922071571 -0.22111682511086256 0.016432178466750866 0.9751088827221941 103.48539941781615
0.9654977407454219 0.010986202995824267 0.26017958405536457 -3.1069257457766333 -0.005974139005875767 0.9997811927705689 -0.020046851258717666 -2.3244377848450206 -0.26034289365877933 0.017800840597712808 0.9653521159635925 103.7677486797842
0.9536435965885375 0.011933041613338642 0.300701668109 -2.988247942049314 -0.005762576149912595 0.9997544110058425 -0.021398840867425446 -2.3368760916348634 -0.300883172347337 0.018674051306752582 0.9534781572778647 104.03472973746595
0.9385232774971252 0.01411171303634827 0.3449274085242223 -2.8647951216465963 -0.006921388135493611 0.9997325005483442 -0.022068568907482343 -2.3496609993604856 -0.3451465659431276 0.018324489147754384 0.9383698956782112 104.30811035263125
0.9211624715007215 0.01419183493452336 0.38891939128806047 -2.728428614925575 -0.006517918006789206 0.9997573088478963 -0.021043767487331912 -2.3594891527512627 -0.38912365366749524 0.016849784164650744 0.9210314147357087 104.55636506773862
0.9010859544238118 0.013526686558287261 0.4334295000238028 -2.5730526230819226 -0.005386834217382194 0.9997854129199347 -0.020002753051067995 -2.370199477185832 -0.4336070626238044 0.015689386962573812 0.9009654590379655 104.81804600346788
0.87802976849827 0.01256835438831219 0.47844097033891836 -2.4138349774674444 -0.002934281559001392 0.9997777124781682 -0.020878592472813432 -2.379374884562614 -0.4785970284306078 0.01692814519913725 0.8778714725274458 105.05757470043508
0.8529768605640919 0.013011389970131465 0.521786526343171 -2.2320952121471436 -0.0011415082112975323 0.999733349667916 -0.02306353226985965 -2.393912174093334 -0.5219474804050985 0.01907703574469664 0.8527642666094554 105.29781675812254
0.8249151624466291 0.014929499569528293 0.5650593639682978 -2.0420242041003758 -0.00010177145428505918 0.9996550514584595 -0.026263429634118013 -2.411952243549905 -0.5652565474262324 0.021607594409803598 0.8246321285613328 105.54246397462745
0.7943392374788867 0.01990066365032024 0.6071483668657441 -1.8379691997594343 -0.0013280154275808842 0.9995177575690092 -0.031024001663768973 -2.423217742493773 -0.6074729723835348 0.02383727942711171 0.7939826017823217 105.7683405201261
0.7609385292083143 0.026088905148265236 0.6482992548155939 -1.6421448641705982 -0.004411230492269979 0.9993761994948994 -0.0350393054820492 -2.4331150806617243 -0.6488089825301686 0.023802960137030784 0.7605789395433454 105.96075866666862
0.7241321928247295 0.030527310557752495 0.6889852325158803 -1.4330540242165157 -0.0059267578925537735 0.999258424677849 -0.038045686368045416 -2.4411329115920384 -0.6896357305532631 0.023466657632546024 0.7237761222393441 106.14749448816616
0.6853290034203998 0.030842520869389455 0.7275801646397633 -1.2213976692210904 -0.003148333045058546 0.9992188769456727 -0.03939192752906881 -2.4498279744022784 -0.7282267813461953 0.024705765761037606 0.6848907796636766 106.30664907138411
0.6444632755803357 0.02842458160411273 0.764106752743946 -0.993076589355466 0.0015641175963376547 0.9992577093488649 -0.03849134763805472 -2.458139508060128 -0.7646336638969077 0.026001412797766126 0.6439404371276185 106.46027329113078
0.6004857203596202 0.026289223159690834 0.7992032134506529 -0.682955295949282 0.0030807612284696924 0.9993759441110581 -0.035188510090281955 -2.4766351726422506 -0.7996295445732609 0.02359235210360858 0.6000299928901687 106.65145802831722
0.5542113896630658 0.024775348392233297 0.8320071620363487 -0.3666725044121825 0.004585304011267346 0.999450898715897 -0.032815789539483844 -2.486735778865577 -0.8323633284539014 0.02200189010105461 0.553793468972975 106.82391760882334
0.5063767574334137 0.02209208073770988 0.8620293031561644 0.007350134695117527 0.006453345666283482 0.9995466819554257 -0.02940722566987346 -2.507831646836069 -0.8622881965218666 0.020454108647551844 0.5060046398784293 106.99885813193343
0.4560771581006802 0.018197859234301995 0.889754159179994 0.41197044630383006 0.009022493400626289 0.9996449757792909 -0.025070241563360126 -2.5298710806838636 -0.8898944996299523 0.01946176555449281 0.45575104959819585 107.15567043373355
0.4048013087962437 0.018205725421619405 0.9142234146852304 0.8228733523657736 0.007162348341194953 0.9997079781638917 -0.023079409907792992 -2.5515516921282 -0.9143766188847391 0.01589056189456852 0.40455270222751655 107.29562845047523
0.3540635841304417 0.02297742510513655 0.9349390441778788 1.251161195394579 0.0038024112005658993 0.9996545062566979 -0.0260078793777572 -2.5744680230922863 -0.9352136226882962 0.012763465681545889 0.35385388775881366 107.41903192514003
0.30375389400380093 0.028230705437534045 0.9523321894948363 1.713283020074106 0.0041204866590203925 0.9995126396747989 -0.03094357316142956 -2.583721504319834 -0.9527416194683739 0.013323302923941911 0.30348953216210806 107.53443762845873
0.2570236482388545 0.030336447275161795 0.9659288504919568 2.156206664695153 0.006179654335820255 0.9994351533974151 -0.033033104997308056 -2.598664939624942 -0.9663853559105078 0.014459395568098828 0.25669100054642524 107.6202943816195
0.2156722204503069 0.029875308952772003 0.9760086880970951 2.5879473844851386 0.013557398828407093 0.9993438930068851 -0.03358542015277328 -2.6184105486344196 -0.9763716967748709 0.02047558118362484 0.21512568491965392 107.68250438571214
0.18061130219062377 0.029695714094617198 0.9831061601299321 3.0375083778101075 0.021306041933880936 0.99919143677333 -0.03409582461164234 -2.636318088769505 -0.9833237565004301 0.027104192355554592 0.1798325684035945 107.7274166113091
0.15021460757040497 0.030997759064009475 0.9881673494937389 3.462480883965151 0.025705543600468186 0.9990479958867006 -0.0352466586070145 -2.6496082132152217 -0.9883191775437083 0.030695941877788603 0.1492747883989829 107.76722981817402
0.12218152598799221 0.02961446873389474 0.9920658536351592 3.976864242696178 0.02413096625097272 0.9991706337111581 -0.03279849382250603 -2.6643976227544566 -0.9922143776296724 0.027946877658151542 0.12136556700365968 107.82147563615054
0.0968122190974179 0.02613539900683704 0.9949594640748884 4.458385052828231 0.018209085134047717 0.9994413604632318 -0.028024921301822277 -2.6812302049556607 -0.9951360828811362 0.020830456407523422 0.0962822342586592 107.86533331513016
0.0730148347832932 0.022137061468301113 0.9970851440128466 4.937012996010593 0.01362930403085288 0.9996381259337299 -0.023191792757847787 -2.698915050544697 -0.997237722899209 0.015282921488937841 0.07268669986703008 107.89555436871596
0.05026886712782857 0.01970569899450092 0.9985412993085588 5.4613428034299 0.01789587185629423 0.9996270412173248 -0.02062804492887215 -2.720578006749335 -0.9985753746053346 0.018906715585277265 0.04989746824829286 107.91111161120189
0.03017446271218576 0.020428434190410197 0.9993358699038882 5.99503023514102 0.026400978677719462 0.999426027294081 -0.021227441956501187 -2.7355821333452646 -0.9991959217915605 0.027023971649001697 0.02961781273869239 107.91068438994135
0.012965669482994763 0.022896985415617063 0.9996537497922651 6.541361946635372 0.03166124707336324 0.999227088782064 -0.023297864234034016 -2.7523902887438414 -0.9994145570525846 0.03195235676730223 0.012230701059123621 107.90042963073111
-0.0011708524299460193 0.028317187204566024 0.9995983023261948 7.096738595230397 0.03227449793391858 0.9990793084593006 -0.02826468099212266 -2.76756263086204 -0.9994783568880806 0.032228439572751254 -0.0020836974359472018 107.88992980318991
-0.012117210733935914 0.033044957637226764 0.9993804100435357 7.6644806551634295 0.029623519573025045 0.9990269519425019 -0.0326740934161559 -2.783062737491315 -0.9994876789096164 0.02920924626235602 -0.013084328054925855 107.88633696235533
-0.018472555676522423 0.032841001838486344 0.9992898644962954 8.230660685760553 0.03174938319456 0.9989756334531928 -0.03224376580895487 -2.8003450468704374 -0.999325142960759 0.03113121207120355 -0.01949631456031745 107.8743682776901
-0.0209045987788198 0.029576419494646095 0.9993439013471667 8.838446646011052 0.037808473910544316 0.9988707216766619 -0.028771525466786373 -2.826594446695899 -0.9990663226485273 0.03718221062560578 -0.021999230953392252 107.84935333784861
-0.020427495112715764 0.02786652100838405 0.9994029089663043 9.479406296400223 0.03946642232917062 0.9988548410192616 -0.02704455732503111 -2.849546245944057 -0.9990120714745917 0.03889040471968072 -0.021503894270195854 107.83944504874921
-0.018485620668062735 0.027530327872479686 0.9994500302044882 10.15621144660712 0.037962073101849625 0.9989193728030112 -0.026813572023025294 -2.8765664722390505 -0.99910818374905 0.03744552958709281 -0.019510752922829357 107.83041483125665
-0.01690926086183973 0.027770606276904166 0.9994712953977826 10.812324841326976 0.03446952265004637 0.9990362116038387 -0.0271753548737343 -2.9031794572260616 -0.9992626926416213 0.03399178329020951 -0.017850203454501473 107.82442027817982
-0.015762597740393295 0.02903513182179861 0.9994541018138687 11.532535093107743 0.03345432143474059 0.9990339461884866 -0.028495310849084774 -2.925551705920439 -0.9993159404761909 0.03298689865894698 -0.016718720855634125 107.81921498095143
-0.014712164211484035 0.029843170312079552 0.999446315421664 12.246178657947775 0.033091619809982244 0.9990214770400067 -0.02934336570912962 -2.9538796220936274 -0.9993440333151361 0.03264159307558834 -0.01568532686690456 107.80991127661908
-0.013984570836384349 0.029396610985210295 0.9994699950679399 13.006242542757247 0.032508229447230204 0.999052701335742 -0.028929482745955592 -2.9816727857283873 -0.9993736272269372 0.032086433524567456 -0.014926955045989765 107.8035152247128
-0.013449881770910124 0.02806417579704072 0.9995156340534064 13.76548343609963 0.031420404965207004 0.9991242766302549 -0.02763038182651279 -3.009280472157086 -0.9994157587471626 0.03103356062215903 -0.014319891163681549 107.804768047119
