1.0 0.0 0.0 0.0 0.0 1.0 0.0 0.0 0.0 0.0 1.0 0.0
0.9979216196638676 -0.0008131306283083796 0.06443430628185978 0.04651185869223407 0.0010542168132791532 0.9999925708764119 -0.003707670278607862 -0.02183796086445967 -0.06443081277117191 0.0037678920586422552 0.9979150631968037 0.6041960268041211
0.9961923414243349 0.050608535953785845 0.07099010477605794 0.09388079459695681 -0.04945159308165343 0.9986149890565498 -0.01796228196175509 -0.020872700101399248 -0.07180082749653996 0.014383313950595325 0.9973152768561256 1.1019421040922464
0.9881223465779265 -0.011736806958477196 0.15322034967898776 0.3617943600413661 0.014792618850986677 0.999713468388245 -0.018819127255932145 0.1271864935876389 -0.15295557074151067 0.020862130417696436 0.9880128364012147 1.492247677557274
0.9797337783450729 -0.0036883849600021466 0.2002701160584725 0.387157354426541 0.008343015472068513 0.9997142143983102 -0.022402759267608586 0.12494838941688476 -0.20013025174250904 0.023619596659478045 0.979484556790521 1.9074431610095044
0.9704170826366683 -0.0030926060443892873 0.24141483283922643 0.6023170533126008 0.00889820013953477 0.9996967449872395 -0.022961709348291455 0.11374203900353194 -0.24127061105989311 0.02443059249737587 0.9701503174194259 2.8279850601803096
0.9576006726623795 -0.006121402104031753 0.28803381772430625 0.6784572025960977 0.013319450875424691 0.9996458780752082 -0.023037158583979693 0.09832405386189348 -0.28779079892334164 0.02589685084188879 0.9573430989836077 3.0742402788678413
0.9430765501760633 -0.00826129000743757 0.33247311409409935 0.8603030205021251 0.017247990495879068 0.9995610484964643 -0.024087697119138617 0.07328200536282958 -0.33212817906927006 0.02845103541283349 0.942805075957946 3.590986951177982
0.9239814495759778 -0.005767850554146427 0.3823937927574916 0.9457225031758811 0.018610425570402666 0.9993797975611591 -0.02989435208706495 0.098320325602865 -0.3819842050393746 0.03473833799423821 0.9235157361809461 4.101279262833372
0.9063105045816757 -0.005151389553920562 0.4225810365723619 1.3235833228268254 0.018923046351304103 0.9994174782081608 -0.028401101542497937 0.06297410575181953 -0.42218856877193467 0.03373673721189764 0.9058800389458863 4.95675453498124
0.8857843682445318 -0.00563036930576063 0.4640628749588964 1.7578960012238158 0.020453328146417947 0.9994284683342665 -0.026914643797710764 0.02625938800585652 -0.4636461089466519 0.033332201014986254 0.8853932742200642 5.773626068269512
0.8629505889322633 -0.005476434803193722 0.5052586364658262 2.249208859921838 0.021506053938842286 0.9994332236799287 -0.025898282737002034 -0.01792093947482199 -0.5048304375782421 0.03321505782913014 0.8625792654753347 6.599291921332445
0.8380439699954938 -0.005877662403323727 0.5455710379399406 2.756870399698452 0.023082848148723346 0.9994286302908573 -0.024689979268613948 -0.05446885847452512 -0.5451141958117902 0.033284621668484705 0.8377008102448337 7.384181528529933
0.8145536382703332 -0.0111808377918684 0.5799804817809258 3.3086423529757836 0.029837376177335905 0.9992983191798819 -0.022640677267157593 -0.10892556073460867 -0.5793203788607952 0.03574714185127763 0.8143156884685749 8.15766410728436
0.7904843474035639 -0.015329873612549387 0.6122903653373822 3.8683693269887978 0.036917265907750664 0.9990616559905819 -0.022647803585625945 -0.12484095922459051 -0.6113686383744741 0.04050682046742154 0.7903085381721252 8.840176840716493
0.7598427481027415 -0.01428768827632661 0.6499498904680207 4.417282275392612 0.03794716678061303 0.9990286133691971 -0.02240183481200316 -0.1524307082324769 -0.6489984674011166 0.04168562861872727 0.7596468243056528 9.524927748933953
0.7288937515168635 -0.018920217148818634 0.6843653442297573 5.028810229602518 0.04425443352152736 0.9988295753737131 -0.01951984816686145 -0.18437173593270262 -0.6831950264114645 0.04451409599003618 0.7288779398121663 10.150941257122215
0.696661401260784 -0.017939331225958432 0.71717576115519 5.698434376768867 0.04529173619443457 0.9987928625045912 -0.01901253382321849 -0.1975054941869232 -0.7159689592614017 0.04572743383408511 0.6966329386191084 10.820349157430611
0.6618162031261242 -0.01654458590712685 0.7494835488233762 6.393692211166238 0.04653754582888603 0.9987349281871345 -0.019047310761994212 -0.22963374564580513 -0.7482202684423517 0.047484943889630364 0.6617489025271243 11.45560599440637
0.6261152265367387 -0.017404406932326942 0.779536278641464 7.10579717598998 0.05132845349437905 0.9985023387295476 -0.018933288501987253 -0.2519159166850863 -0.7780392746903741 0.05186681184493685 0.6260708593029369 12.02613117912933
0.5890659333371843 -0.01592818168281849 0.8079279789745315 7.847556859544962 0.051752692944192484 0.9984968339168383 -0.018048031224323576 -0.2837805600621622 -0.8064260567185413 0.052443928974945715 0.5890047957012358 12.572184283065447
0.5511468662958876 -0.014117755111591893 0.8342888113614085 8.629603156285116 0.05454551149756308 0.9983278222074431 -0.019140182392374444 -0.306446648748461 -0.8326235157306644 0.05605576149829082 0.5509953109193891 13.082607228175641
0.5144706457788271 -0.013179796878589924 0.8574066990560287 9.470071227914614 0.06063995499169912 0.9979378075516058 -0.02104585749498992 -0.3204118878621354 -0.8553611813091129 0.06282057953675552 0.5142089305876985 13.492539658770447
0.4754451840897459 -0.012581052055411216 0.8796553836901394 10.354387818304012 0.06310583509054431 0.9978096714395648 -0.019837166107919572 -0.34948853095569826 -0.8774790769604666 0.06494287267165808 0.4751977407203867 13.954158314372938
0.4368591547722385 -0.014002851306762295 0.8994209242879364 11.177515398880553 0.06780357922148576 0.9975469061323188 -0.017402434042248643 -0.38268618414049993 -0.896970876637832 0.06858637052009538 0.43673694169653066 14.36981696533264
0.3996222788420552 -0.014468108616367445 0.9165657140031735 12.02180503736481 0.07168570903414123 0.9973066363355452 -0.015512325465685074 -0.40781145874258823 -0.9138726352032622 0.07190373393743808 0.3995831073412623 14.732057524006239
0.36426696412746973 -0.011865791791779899 0.9312189763049883 12.912014331428303 0.07308645268556807 0.9971991301198092 -0.015882862529669958 -0.43331862955381856 -0.9284222903825589 0.07384509376695444 0.3641139283896629 15.076312274778333
0.33089352272633593 -0.012564940741560058 0.9435844418396884 13.80812722686832 0.0736926741426245 0.9972018603535042 -0.012563418532366793 -0.4488174742327571 -0.9407863021937896 0.0736924146142025 0.33089358052531553 15.374180615322206
0.29726143781609493 -0.014051564175242153 0.9546927207912167 14.804049302785527 0.07593330651081552 0.997072569699337 -0.008967927045610872 -0.4698257890266642 -0.95177191099015 0.07515879387929197 0.29745820740528817 15.679958703587497
0.26429648166857755 -0.01385142706150898 0.9643420076642778 16.002178395146824 0.0764193108093958 0.9970537729614003 -0.0066228965606847726 -0.49055422515728975 -0.9614091005981937 0.07544475986969708 0.2645763207378456 16.00869677378279
0.23188735217341225 -0.010868189639088047 0.9726819307234876 16.950338717726623 0.07377756993248011 0.9972538901750915 -0.006445828535158318 -0.5057738074902844 -0.9699407848301161 0.07325681527759355 0.23205239265847372 16.240959583680706
0.20106272997030308 -0.009043962400544088 0.9795366176723489 17.908494064413294 0.07354999845630868 0.9972741413709786 -0.005889370072811912 -0.5121801105629246 -0.9768132760891234 0.07322904954234404 0.20117984481343745 16.42414563874945
0.17051691983004957 -0.008876080341865504 0.9853147696291962 18.524292904595466 0.07548761968380027 0.9971383872538446 -0.004081168861473363 -0.5237901626412627 -0.9824589555427474 0.07507497494216481 0.17069900061595797 16.53084303684801
0.13975845689516483 -0.009076827166755114 0.9901440223194129 19.14430332622647 0.07712571495024968 0.9970198464209787 -0.001746406625315583 -0.532995540237808 -0.9871773892364507 0.07660964072016631 0.14004201201436564 16.62384648781552
0.10936903193590838 -0.009613066370557604 0.993954729254988 20.00340763254103 0.075586919699226 0.9971383341409719 0.0013267090677170747 -0.5369507959478346 -0.9911231166831822 0.0749848754184659 0.1097826763869967 16.718832555165744
0.07991778598265767 -0.009921084476375505 0.9967520853082985 20.72598225265064 0.07597592369968771 0.9971022853522495 0.0038329575135212495 -0.542593673220794 -0.9939018092858111 0.0754228389026417 0.08043997060079476 16.782053012037437
0.052870622720125916 -0.009610169943810365 0.9985551271145904 21.388154109735343 0.07873141823550316 0.996881100333146 0.005425456773607675 -0.5452999076049697 -0.9954928734229148 0.0783308140659031 0.053462346861697714 16.817244822180704
0.027504363990052627 -0.009069855094052707 0.999580535869959 22.06006548791949 0.0824887128978872 0.9965689849315634 0.00677277763722164 -0.5444548996371013 -0.9962123881010272 0.08226783090033549 0.028158156775633304 16.830846679024035
0.004828959394724681 -0.008624392952284614 0.9999511493054885 22.779525284318822 0.0865306184223584 0.9962156558026011 0.00817430175841566 -0.54343820656792 -0.9962374883664072 0.08648691797028038 0.00555695900593795 16.819266984068385
-0.015288126627287832 -0.008662205825461665 0.9998456077687514 23.539287192301284 0.09183587164353359 0.9957236351181675 0.010030710171008499 -0.5372932943914159 -0.9956567912005119 0.09197504366565792 -0.014427247797133374 16.79518142475578
-0.03379407730292805 -0.009511259819240558 0.9993835581376619 24.46366809839742 0.09583425289454439 0.9953161161640494 0.012713177268371859 -0.5393575930708645 -0.9948234799759138 0.09620480674458749 -0.03272428529163564 16.772797857714608
-0.04949482486183796 -0.009297030844743443 0.9987311087221459 25.295858684948424 0.09888414668772015 0.9949981617862442 0.014162753116410569 -0.5338247298615392 -0.9938672888498427 0.09945965644152825 -0.048327930793649464 16.732304075786615
-0.06376714991101326 -0.009918997077858021 0.9979155094942631 26.085726608329665 0.10123729485552388 0.9947278411437791 0.01635641109083359 -0.530112940948897 -0.992816579596937 0.1020692683936064 -0.062426786935032216 16.679499665254358
-0.07707346350378234 -0.01098466269665136 0.9969649032984916 27.016649957428754 0.10129442288827402 0.994679024815615 0.018790356132567857 -0.523475489129286 -0.9918664835124038 0.1024352223470912 -0.07555067244862491 16.605892077291397
-0.08936241861578714 -0.010771836097737967 0.9959409247973593 27.87982465826231 0.10091570897858179 0.9946976707398848 0.019813215438134264 -0.5128232752436694 -0.9908735427997287 0.10227664137881727 -0.08780154217200213 16.52969967031803
-0.10054048651307855 -0.007752188281095914 0.9949027661779652 28.72059687780123 0.10107986126751357 0.9947160928492278 0.017965418806883078 -0.5013079032042603 -0.9897850636465739 0.10237088552718948 -0.0992256498014776 16.44485646678692
-0.11077924326994311 -0.004466921488383848 0.9938349993197837 29.60630383758071 0.10168367261141667 0.994691223431758 0.015805086272677474 -0.4977150834266861 -0.9886295514421929 0.10280766819770376 -0.10973692803681878 16.35468504147149
-0.12043793300878046 -0.00194793505332525 0.9927189480621389 30.52694851659266 0.10269527366162927 0.9946084710214963 0.014410764721012699 -0.4881541010248991 -0.9873947463198971 0.10368314675640071 -0.11958854467947667 16.248731326428913
-0.12805987806973382 -0.000743231231732872 0.9917661595538032 31.650520614742778 0.1023110062221965 0.9946545556727792 0.013956105659820896 -0.4732386683665632 -0.9864751013758861 0.10325581091019807 -0.12729930038578743 16.112490590425104
-0.13373493732881508 -5.422600111809118e-05 0.9910171358746515 32.55934722837547 0.10187756426200151 0.9947011875406908 0.013802514451403992 -0.4595635751034176 -0.9857666703828538 0.10280829034995308 -0.13302077656373912 15.988514906016777
-0.13884222548111255 0.0017517810319871853 0.9903129645150903 33.688465646317546 0.10266390912183782 0.9946358638105512 0.012634088240211566 -0.44211916113992994 -0.9849786587471189 0.10342354511935077 -0.13827730156345547 15.831934965093016
-0.1436668009562707 0.0033121471882625736 0.9896205737473293 34.72965483907355 0.10156363447064264 0.9947635527707548 0.01141500030745898 -0.4328899478813596 -0.9844006696747536 0.10214941879378886 -0.14325089104081085 15.692132010977357
-0.14802967521769128 0.0043293719644719245 0.9889734434216809 35.901956772370774 0.10198872261193544 0.9947257147861293 0.010911132077362176 -0.42211986988684275 -0.9837100770628148 0.10247930952937369 -0.14769047160684542 15.520570021825732
-0.15143430888015338 0.0036054280337593286 0.9884607483267519 37.09295784255211 0.1016866697941389 0.9947446970443931 0.011950267287232448 -0.40714551660442994 -0.9832230018058805 0.102322962187145 -0.1510050996790511 15.350929857240772
-0.1539694753355195 0.0016094461570252475 0.9880742939414886 38.38988059678588 0.10253967091877259 0.9946252820671596 0.01435841776425893 -0.4017770856042914 -0.9827405642145709 0.10352757099386994 -0.15330696491462695 15.159197111668629
