1.0 0.0 0.0 0.0 0.0 1.0 0.0 0.0 0.0 0.0 1.0 0.0
0.9990499837387424 -0.00034465489018185034 0.04357764569850982 0.04563484030064265 0.0004459691070692384 0.9999972204481492 -0.002315212200024997 -0.01841863555433382 -0.04357672662297751 0.002332446994527039 0.9990473605329449 0.6043767893846084
0.996039251000238 -0.004747253147894891 0.08878780352297345 0.0847489081587059 0.005409425109196348 0.9999593128303177 -0.0072187813311442115 -0.03013193060173813 -0.08874992161614753 0.007670480523974935 0.9960244048926005 1.1027027807987975
0.9910178848004917 -0.004527766556467345 0.13365272662975836 0.15670098503691005 0.006064851242216776 0.9999200482365057 -0.011095707012790241 -0.04499505496204252 -0.13359180208743557 0.01180662799930747 0.9909661114035724 1.5932531138831556
0.9837513887641005 -0.002340441059409328 0.17952082731636088 0.2278820022063806 0.004821956990465118 0.9998987516117034 -0.013387877208088912 -0.056143467081449294 -0.17947131758441323 0.014035984504272826 0.9836630710276312 2.002941479183669
0.9742620844860135 -0.00500471691640765 0.22536269332246237 0.4420297095457683 0.008271411293310304 0.9998739362643491 -0.013553425192666836 -0.07600110894054007 -0.22526645220312871 0.01506865580677104 0.9741806614401627 2.9235733826498573
0.9627563538990296 -0.0058948917385463415 0.27030622130916065 0.5112607143592957 0.010258062638182502 0.9998388614378378 -0.014731711020746241 -0.08353757714071697 -0.2701758227117246 0.01695586653870753 0.9626616868931497 3.172223616704834
0.9492820105939777 -0.008207479858760582 0.3143187898249534 0.681901619654953 0.01436213126303538 0.9997477053172555 -0.01727005785934087 -0.10023523144610165 -0.3140977452135539 0.020908442965693812 0.9491603886933504 3.693112279233419
0.9342640600841767 -0.009997309279785456 0.35644174817520186 0.875390426243716 0.018085212818748617 0.9996488954466338 -0.019365198414303536 -0.10829973684156138 -0.3561229999765957 0.024538533768118122 0.9341168391845748 4.173548219679243
0.9170048845542 -0.009819173317282883 0.3987550946873318 1.2466901414798293 0.019485040958300413 0.9996061846059549 -0.020194278307942532 -0.1366426860920176 -0.398399767673867 0.026288011200743793 0.9168350809085124 5.032151325867051
0.8975686434659359 -0.010287369879695805 0.4407546940052686 1.6595412760377914 0.02063497830529417 0.9996123562284985 -0.01869050415716414 -0.16574483345356775 -0.440391562063875 0.025870974010795685 0.8974329862260876 5.860379302166703
0.8758202559259052 -0.010130575428974088 0.48253108786000504 2.129169910003971 0.021300381216365 0.999616875283411 -0.017674739281413658 -0.2020223581163834 -0.482167162994246 0.025757990801037127 0.8757004926571493 6.698947853172442
0.8519741768818896 -0.010533669722920731 0.5234778349926537 2.6161831316656854 0.022488208543735528 0.9996111786312368 -0.016485509757403496 -0.23089652579990633 -0.523100642709337 0.02581730732737998 0.8518797944777436 7.497128339782744
0.8265194122623616 -0.01099892099775666 0.5628007506128311 3.1533822137161556 0.024362554039426464 0.9995712135279906 -0.016243615572110605 -0.26463528698623134 -0.5623807670201367 0.02713692729591127 0.826432973726714 8.28196715399697
0.799311313802383 -0.012605695887316658 0.6007849199661269 3.6842255644542328 0.02768342787526607 0.9994909158538055 -0.015859916355223175 -0.288746482426698 -0.6002791446057277 0.029308796579118158 0.7992533659575667 8.986946022327974
0.7706584646233238 -0.011658300866572439 0.6371417541845193 4.241627529429357 0.028532442465334183 0.9994612017071878 -0.016223625026031745 -0.31264962947733665 -0.6366093233933858 0.030682084396717043 0.7705758749569628 9.664944631564392
0.7403577075276809 -0.014648063437837007 0.6720534942561336 4.845409593264348 0.03338285165152656 0.9993301531120037 -0.014994342157963445 -0.33086961923712566 -0.6713836832393009 0.03353623888659716 0.7403507753500171 10.29897525527611
0.708686411328759 -0.01381159419477906 0.7053884109224967 5.527897447572866 0.033722672760010744 0.9993287292559054 -0.014313358295514689 -0.3608421970560727 -0.7047172140226804 0.033931265074753074 0.7086764547454214 10.954709884174845
0.6746841513181672 -0.012469642571848053 0.7380012222037415 6.226156463137503 0.034815110830409175 0.9992820383025708 -0.014943760695446858 -0.3940370398877269 -0.7372850222389934 0.03577591284630892 0.6746338859278128 11.586611283824638
0.6392202533008011 -0.013454405481977166 0.7689060064423919 6.9282159907530945 0.03943359927461837 0.9991050475875239 -0.01530016775650039 -0.4110661281179224 -0.7680120174960222 0.040100908446750044 0.6391787372272608 12.169630487896482
0.6027331641351157 -0.011653799972683036 0.7978577077385852 7.660792709712507 0.03947025433549996 0.9991047622002702 -0.015224098378196979 -0.4460368507162158 -0.7969660167625495 0.04066771563457479 0.6026535530723283 12.727756974783638
0.5652720190655743 -0.01037440219467527 0.8248393275302973 8.434129001763134 0.042599195087107494 0.9989538385695722 -0.016629401223254025 -0.4698547135317163 -0.8238038923429901 0.044537626634300866 0.5651225944645314 13.251231361475803
0.5268922067834475 -0.008869880255858057 0.8498858321298906 9.238117020346833 0.04717500548901659 0.9987092668995551 -0.018823364897401676 -0.5105260082321087 -0.8486218953621106 0.05001125306564617 0.526630566221543 13.727230644976423
0.4880113212649443 -0.007934903635635569 0.8728012303047799 10.098535264499654 0.048869745082886225 0.9986384939719068 -0.018245722047979397 -0.547200805859117 -0.8714681281221809 0.05155769255709058 0.4877346676271954 14.23150088162862
0.44977756642598254 -0.009607555838448625 0.8930889292846109 10.924880072218423 0.053826715506261856 0.9984161390972968 -0.016367586500520424 -0.573242994034372 -0.8915171481456369 0.05543381694286474 0.4495823244984344 14.641243819317294
0.41280326925974226 -0.010120903729426924 0.9107639805109605 11.763849246219216 0.05768143164299036 0.9982215740527042 -0.015051296932595253 -0.5980186539621135 -0.908991921488901 0.05874739486511445 0.4126529174311966 15.01566522251888
0.3776639634770352 -0.007546958127818646 0.9259119688792421 12.64898354560129 0.05907567194938985 0.9981259089822945 -0.015960413590918043 -0.6236489129149704 -0.9240562730021075 0.06072654478300195 0.3774020284579466 15.372757505146758
0.3444713294609532 -0.008244130985868535 0.9387606390788293 13.540726310670642 0.05969349049925721 0.9981302845713413 -0.01313857730291807 -0.6399074756829486 -0.9368971076758744 0.06056376248068938 0.344319387056209 15.683425469285032
0.31115269899235654 -0.009629423370381033 0.9503111448969368 14.531386629710068 0.062090415133337955 0.9980182336707927 -0.01021692758109181 -0.6559574325243164 -0.9483294671464881 0.06218423808475355 0.3111339619448131 16.006127965432427
0.27840404325387635 -0.009364582617636948 0.9604183949156181 15.723564210887554 0.06273801653300823 0.9979942121844251 -0.008455396376810734 -0.6698485396480475 -0.9584128181433083 0.06260876167743844 0.2784331391552009 16.35617276385701
0.24604887725905217 -0.006227209551443942 0.9692374176953565 16.66803912143579 0.06010039768556306 0.9981531576017755 -0.008843990481624476 -0.6856025311293826 -0.9673923155564124 0.0604276081837114 0.24596872153100752 16.6029613392807
0.21532403804989184 -0.004402431434727459 0.9765327322908087 17.623445556013817 0.05995484416371075 0.9981630017641637 -0.008720009773821287 -0.694951312462846 -0.9747004541392161 0.06042549550159135 0.2151924352624714 16.799864830690673
0.1848729806921841 -0.004260783561079165 0.9827531870889221 18.23759165948508 0.061988114034522174 0.998049942160608 -0.007333939708405729 -0.708593017123118 -0.9808055132025058 0.06227486392316745 0.18477658562415394 16.91547541465685
0.1541946250054896 -0.004483800562000162 0.9880303199557885 18.85615691959524 0.06373524300181214 0.9979521359028527 -0.0054178636407896585 -0.7200286917533314 -0.9859826755166224 0.06380775798796229 0.15416463148735826 17.017424167127032
0.12385624218875951 -0.004996419718651605 0.9922875929189459 19.71378983242871 0.06231383844630419 0.9980528088766745 -0.0027524954975541114 -0.727508041481952 -0.99034166670345 0.062174162506391434 0.12392641650455882 17.124699757635906
0.09445045447595575 -0.005310636454367176 0.9955153985698745 20.43535031945541 0.0628295068844412 0.9980240715080636 -0.0006369891055010057 -0.7363277383139506 -0.9935449485121165 0.06260790549852302 0.09459749180155048 17.19828933819669
0.06744489151628735 -0.00504211326696547 0.9977102603973561 21.096929712015843 0.06571337752969009 0.9978383593269435 0.0006005575315558493 -0.7422361689612371 -0.9955565973976555 0.06552240646917028 0.06763043418825505 17.24295647720694
0.04211313453986802 -0.004559893917297831 0.9991024428289076 21.76857420385463 0.06960111450663321 0.9975735878490795 0.0016191619263470247 -0.7449231888906354 -0.996685591728235 0.0694704555431442 0.04232832441718265 17.266131489351256
0.019463524057580596 -0.004176981297144506 0.999801842396034 22.488120005140534 0.0737673642313648 0.9972717388674535 0.0027303535733622084 -0.7480221609609998 -0.9970855265249912 0.07369960436475392 0.01971854738212549 17.264805646613112
-0.0006292335517539533 -0.004295851956713845 0.9999905748161347 23.248169942076398 0.07919037169935567 0.9968500976352811 0.004332190513019613 -0.746375072481118 -0.9968593125889211 0.07919235127516232 -0.0002870614142843172 17.25148605962496
-0.018533849449377204 -0.005017486534457561 0.9998156436330975 24.17275106014443 0.08374572606045236 0.996465609219714 0.0065530915592965045 -0.7539138583992369 -0.9963147844889167 0.08385174101503708 -0.018048150529934057 17.242639151900512
-0.03390793656477577 -0.004887179498748593 0.9994130113794131 25.00547118805118 0.0869933874007245 0.9961781735282401 0.00782285973795487 -0.7536564383478157 -0.9956316599960388 0.08720758030400062 -0.03335319401577893 17.2145561747101
-0.04813424027721808 -0.005654202580047509 0.9988248719901399 25.796054578555665 0.08934294925847287 0.9959512865682504 0.009943450147583027 -0.7550851040521153 -0.9948371385964306 0.08971658027490108 -0.047434195397875085 17.173699337976707
-0.06139116012387105 -0.006659182918864163 0.9980915693169132 26.728010608763388 0.08947580827442808 0.9959149066470705 0.012148187181136383 -0.7546436942621518 -0.9940951690820571 0.09005084120097166 -0.06054453572960855 17.114216755760665
-0.07346372143989885 -0.006486610789658524 0.997276794833142 27.59229968557878 0.08911564253732984 0.9959358887978482 0.013042532713861053 -0.7498338040780093 -0.9933083528730442 0.08983111534928304 -0.07258709821823407 17.051204270060346
-0.0845380023110518 -0.0035072718167875627 0.9964140832052006 28.434339205440164 0.08932422256799549 0.9959409252453948 0.011084073437279568 -0.7441344352837094 -0.9924084388133143 0.08994093876395934 -0.08388157191169801 16.979330336579793
-0.0946218440514037 -0.00014864167072444617 0.9955132769250074 29.32135418173122 0.09015283785645406 0.9958897879625217 0.00871757181701579 -0.7467322183573378 -0.9914228020651632 0.09057321975954027 -0.09421952774053664 16.903052579286793
-0.10412097748580551 0.0024292878871570206 0.9945616726014342 30.243599437643066 0.09132646570028638 0.9957954902329925 0.007128695134597029 -0.743836698777679 -0.990362710682351 0.09157204918526289 -0.10390505809591963 16.811622108308846
-0.1116047315176351 0.0036453298135461225 0.9937459914250861 31.369274004638978 0.09095873085973824 0.9958330408063993 0.006562325705052274 -0.7371693481761944 -0.9895811705884775 0.09112226077541809 -0.11147125372899469 16.693255796909924
-0.11729293817557555 0.0043412092663572075 0.9930878715180479 32.280037651609945 0.09056740786859328 0.9958701244871615 0.006343483733934651 -0.7303593166503332 -0.9889590038450046 0.09068544015454671 -0.11720170501264547 16.583775227975966
-0.12240713884923507 0.006136350069583069 0.9924610005267552 33.411606340402535 0.09139315230197316 0.9958017508321978 0.00511514924817583 -0.7214749094707551 -0.9882630136107754 0.09133027015916279 -0.12245406355691688 16.445199050125918
-0.12724676247555552 0.007717519018087253 0.9918410665725108 34.454939878686744 0.09032832792587636 0.9959046401057147 0.0038393996946928365 -0.7200820491944113 -0.9877494898068054 0.09007989629270827 -0.12742275177647647 16.322080540955554
-0.13153290699223652 0.008574316656103798 0.9912747225023208 35.62989392416866 0.09056525101724205 0.9958847097387307 0.0034029717574091253 -0.7182089043755961 -0.9871661611331477 0.09022264683813024 -0.13176814604131726 16.169368996374935
-0.13475666062613034 0.0075660244675738765 0.9908498360955865 36.82356160842435 0.09002972724345956 0.9959282728949028 0.004639338426752641 -0.711979307300246 -0.9867802646128279 0.089831122236811 -0.13488913539760053 16.019022005871
-0.13719779937640106 0.005481832929960521 0.9905285020401994 38.123466006106405 0.09092840587541016 0.9958322409635149 0.007083280492414203 -0.7160660636586631 -0.9863613885646727 0.0910389881605935 -0.1371244463378618 15.848637876520328
