1.0 0.0 0.0 0.0 0.0 1.0 0.0 0.0 0.0 0.0 1.0 0.0
0.9999966367154076 -0.0017730682946938473 -0.0018928250567465128 0.0061438794303228135 0.001771511643608048 0.9999980915846992 -0.0008237557017737029 -0.011529182724378573 0.0018942820195675981 0.0008203997696215097 0.9999978693176542 0.5306599201149373
0.9999931464849049 -0.0022634307093836116 -0.002929823312644955 -0.0003407795013935823 0.0022572531039876786 0.9999952260958439 -0.002110117045693061 -0.028658176571482424 0.002934585429670882 0.002103489231207436 0.9999934817494612 1.0924246377220193
0.9999852938786237 -0.002615727343454974 -0.004750789086783292 -0.006883243969416009 0.0025994082714930295 0.9999907117246465 -0.0034379559440059727 -0.03975265655433867 0.004759737715514447 0.003425556144560261 0.9999828050831573 1.6008534297913664
0.9999670880285678 -0.004503274819435993 -0.006748583226636252 -0.000747442053673766 0.004468011772656474 0.999976335165094 -0.00523125038464635 -0.053030293776865293 0.006771981280659687 0.005200925464577774 0.999963544657427 2.1524907679884677
0.999939996852691 -0.0068843805235714916 -0.008521032745326576 -0.003072300758609563 0.006822839766376872 0.9999505843091072 -0.007230338677899451 -0.06326794794315907 0.008570388075379333 0.007171767193757226 0.9999375551520983 2.7289578313737297
0.9999154860904502 -0.008328471822886731 -0.009982846968362874 -0.012876281023316845 0.008248447947187687 0.9999337334184655 -0.008030683549461817 -0.07132148059650373 0.010049068760880521 0.007947661851415424 0.9999179220756743 3.271608794371994
0.999899808685384 -0.008443100072750126 -0.011361630696949988 -0.020904315317391235 0.008359560729020346 0.9999378227283787 -0.007380272464297783 -0.08234876693072303 0.011423236640732321 0.007284554783305519 0.9999082182511846 3.8010926700587477
0.999883952160909 -0.008533044754461712 -0.012620196444559393 -0.021773234449640428 0.008434706040475387 0.9999338105446423 -0.007824976912569975 -0.09905624475488484 0.012686131998827819 0.007717621193725436 0.9998897441108284 4.394064760487497
0.9998735628205433 -0.00807609340539174 -0.013697995760700713 -0.035018648284421416 0.007934247050924884 0.9999146668246054 -0.010378188318457425 -0.11833472857814023 0.013780642085464544 0.010268192847130654 0.9998523181547193 5.018785921692168
0.9998644909971123 -0.006411626425716573 -0.015162146604696706 -0.050686944785534094 0.0061976039710912294 0.9998810909206013 -0.01412068427683457 -0.13571645161434479 0.015250880240260823 0.014024801816980589 0.9997853347523614 5.629298309234089
0.9998510258384804 -0.005013006673739211 -0.016516533953189264 -0.06291929712802981 0.004720510416785672 0.9998321826228161 -0.0177009427178624 -0.15031290415724285 0.01660249713575726 0.017620339264187664 0.9997068974119725 6.183378527295275
0.9998408278078622 -0.0031066037524729237 -0.017568951636721092 -0.08004348510118146 0.0027955662340338984 0.9998394212170041 -0.017700751110552894 -0.16380545501741028 0.017621119655670456 0.01764881847523314 0.9996889593010961 6.808660598871129
0.999824986106121 -0.0007344832605641616 -0.01869378753046902 -0.10423047889047468 0.0005322026100078423 0.9999412834731845 -0.010823417500150458 -0.17642417885175538 0.018700639515168246 0.010811574369194023 0.9997666707494219 7.455117551069154
0.9998085063969623 0.00014945162300304942 -0.019568551312943834 -0.11685668010569561 -0.00015574409780509397 0.9999999366600485 -0.00032003699046055656 -0.18673974095853646 0.019568502243425177 0.0003230233917937246 0.9998084663453483 8.107693162372074
0.9997921636602726 0.0014275135413121674 -0.020336953768929918 -0.1354441179902642 -0.00129828539172088 0.999978893149516 0.006366137801715615 -0.20135617678842757 0.020345612267805326 -0.006338411516946409 0.9997729145165365 8.77582254515099
0.9997570350286201 0.0035002185834738598 -0.021762798088705435 -0.15585258879204747 -0.0033798689184072355 0.9999788068060723 0.005564388986968445 -0.2153984743724497 0.021781813443243092 -0.005489481630519894 0.9997476772638944 9.432359682930024
0.9997275842124438 0.005751189816243292 -0.02262037091756293 -0.1762328542428732 -0.0057896377495926625 0.9999819039568391 -0.001634580552903611 -0.22156543567138623 0.022610560795324915 0.0017650990207290756 0.9997427904045959 10.075886061788221
0.9996960177923623 0.005300877871397017 -0.024078469716431943 -0.19669253042486187 -0.005498904765818134 0.9999515423408887 -0.008165477111261555 -0.21570923759074062 0.02403401873322613 0.008295400163380153 0.9996767238861072 10.80113374862471
0.999687542410739 0.0031530876566460723 -0.0247966850003407 -0.2207051820525532 -0.0033214563738045615 0.9999716907314173 -0.006751715582553507 -0.21754073279144492 0.024774694273260622 0.0068319670652228015 0.9996697148306964 11.561254368389964
0.9996747625933402 0.0024572367203386783 -0.025383676283170946 -0.2376009858515552 -0.0023943964666881664 0.9999939941124303 0.002505714394983146 -0.22854212596810614 0.025389680965087206 -0.0024441208581275206 0.9996746422580307 12.316884720409076
0.9996714584263392 0.0021581088792974102 -0.025540512403257335 -0.26450967327447783 -0.0018946870750170112 0.9999448120154281 0.010333590098230825 -0.23949596480303503 0.025561403886398968 -0.010281803805538633 0.9996203775143145 13.083649319782173
0.9996588432111857 0.0014391422897782002 -0.026079226582539215 -0.2857791605785169 -0.0011055125014637064 0.999917429183055 0.01280283789084569 -0.24335751867810027 0.02609549830493299 -0.012769639204767647 0.9995778915536283 13.868469310432006
0.999652409694996 -0.0005478949383374476 -0.02635829285299087 -0.30645792568030805 0.0008545686558547449 0.9999320627891332 0.011624952416321221 -0.2402932476551341 0.026350132891503966 -0.01164343666645918 0.9995849643122859 14.677717937173037
0.9996649524715829 -0.0010669735295725465 -0.025862025587230313 -0.32817481530432807 0.0013035318741234081 0.999957454559031 0.009131805762117704 -0.2373725034527594 0.025851181880922024 -0.00916245814784947 0.9996238121193632 15.498564777314515
0.9996774230936649 0.0019105648095241467 -0.025325866202717085 -0.3511453543966726 -0.0017648496268691286 0.999981768822075 0.005774714648263359 -0.24067486001211624 0.025336437448936325 -0.0057281555131591475 0.9996625696562881 16.327263924110238
0.9996997163408613 -0.001243017478706025 -0.02447308839416492 -0.3721933535518957 0.0012521502098716629 0.9999991520299353 0.00035785368889146123 -0.2495757011471363 0.024472622823328485 -0.0003883902140452908 0.999700425070025 17.191277293716368
0.9997078683882976 -0.0042868433890238785 -0.023786568821159364 -0.39723593677418445 0.0041448899507900636 0.9999733261169261 -0.00601389573803998 -0.25995809810566173 0.02381171497019078 0.005913546178914807 0.999698970791592 18.08252191979284
0.9997397272876669 -0.0033247922216890647 -0.02257041070658198 -0.42818899759299317 0.0030694837929515443 0.9999310243497308 -0.011336878412658862 -0.27357113451390064 0.022606546662991268 0.011264648222700882 0.9996809749857166 18.977215536022868
0.9997454785608375 -0.0020853196861062686 -0.02246396089225341 -0.45357824111095096 0.0018113011216413714 0.9999237952319333 -0.012211589463046516 -0.29033444300428 0.02248771409922966 0.012167792354161258 0.9996730703304043 19.851154202299778
0.9997224970975669 -0.0018729911991389025 -0.02348234871075503 -0.4640260446251717 0.0016033647663173155 0.9999326371912788 -0.011495664448865083 -0.31219878791332084 0.023502298152131458 0.011454823598061919 0.9996581560703167 20.763284360599528
0.9997177633625328 -0.000367929302956996 -0.023754120599231696 -0.4890775247979523 6.29228583057008e-05 0.9999175667060582 -0.012839619673093643 -0.33411430269303294 0.023756886541142583 0.012834501184846095 0.9996353764854502 21.702417581718464
0.9997145621930725 0.002533645207800022 -0.023756573428721926 -0.5199416138509634 -0.0028886516492741907 0.9998845013522837 -0.014921114138843944 -0.35539769976409874 0.023716024767283662 0.014985479553763205 0.9996064153314452 22.62396182504606
0.9996934140798187 0.006165657392356989 -0.02398046109556954 -0.5532332225973309 -0.006541397140507069 0.9998565740704213 -0.015621824848928021 -0.3822863212877164 0.02388070285578332 0.01577390113702039 0.9995903641362464 23.587300470055144
0.9996789214159566 0.007724293674064344 -0.02413274464014529 -0.5812322745536319 -0.008100734712492326 0.9998464292414585 -0.015540142541918461 -0.4063044525097045 0.02400900193151465 0.015730645897169396 0.9995879724195917 24.53200485565937
0.9996653587531181 0.008555879580453809 -0.024412444236580486 -0.6142922333654279 -0.008939203055857057 0.9998377854621515 -0.01563628507245598 -0.4343229327521955 0.024274702011055346 0.01584928032264332 0.999579681243836 25.495633629825583
0.9996597113962954 0.008805201533273894 -0.024554629645621297 -0.6452183976828442 -0.009191492180563868 0.9998350696643286 -0.015663650303236736 -0.46002818537996354 0.024412658244644867 0.01588401382793049 0.999575770125579 26.455044482250436
0.9996479418814715 0.009948944678778389 -0.024596967128418672 -0.6782001732903148 -0.010306907226585501 0.999842189251589 -0.014469424868060441 -0.4902631531001926 0.024449129955081455 0.014717849447813179 0.9995927295414223 27.443224702736224
0.9996382740193168 0.010776219295840675 -0.02464131111302544 -0.7122439702341203 -0.011088771048697127 0.9998593464217757 -0.01258278703823366 -0.5154296725549756 0.0245022503519684 0.012851477374524575 0.999617166347688 28.423065500835072
0.9996202334036549 0.011296225887826531 -0.025135318790765908 -0.7337465769651568 -0.011587077517360826 0.9998672407125627 -0.011456028301874225 -0.5393805219846243 0.025002571960278476 0.011742922572250576 0.9996184147787759 29.372191692907755
0.9996227221933196 0.011275611536914549 -0.025045435897299448 -0.7681358554613908 -0.01159016419905871 0.9998553245296201 -0.012449823436801566 -0.5681309383769266 0.024901433064303632 0.012735407109208478 0.9996087874949411 30.40401376020286
0.9996003930408687 0.012437837458504125 -0.025384137406977668 -0.8027774856611539 -0.012776456589198695 0.9998309629416433 -0.013221486308715783 -0.5983287443435836 0.02521539984939391 0.01354052224041126 0.9995903350212484 31.455858513552595
0.9995979501581953 0.01195570927485446 -0.025709901891468556 -0.8387255407730957 -0.012276595871457059 0.9998482507656529 -0.012359637319684829 -0.6243178952186743 0.025558232203004683 0.012670298204872053 0.9995930373457272 32.47190920941838
0.9995908422348004 0.011170018260932287 -0.026332087125259123 -0.8692593476888536 -0.011426038074726105 0.9998887095780141 -0.009592398674458496 -0.6523317375649398 0.026222009347811413 0.009889345300134165 0.9996072264020991 33.50036427070915
0.9995867785536988 0.011614522381052646 -0.02629401092450507 -0.9083478012194185 -0.011776521777598779 0.9999125650915964 -0.006014624407799303 -0.6750672925163197 0.026221854920270387 0.006321791028275409 0.9996361584510309 34.54947472613277
0.999558713666294 0.011757912492614755 -0.027278735813802427 -0.9295214884385776 -0.011863453929788286 0.9999227427637571 -0.003710386053000916 -0.695204608882382 0.02723300193954032 0.004032368735932865 0.9996209799757796 35.49082660964937
