1.0 0.0 0.0 0.0 0.0 1.0 0.0 0.0 0.0 0.0 1.0 0.0
0.9999966367029339 -0.0017731220664696336 -0.0018927812756515169 0.006143892880138839 0.0017715651951755434 0.9999980913784042 -0.0008238909561859853 -0.011529221453148933 0.001894238522283093 0.0008205349997659206 0.9999978692890975 0.5306599191177902
0.9999931465627857 -0.0022634514202008616 -0.002929780730215142 -0.00034074118729187936 0.0022572735652054447 0.9999952258057344 -0.002110232638687079 -0.02865828699659354 0.0029345431519357886 0.0021036048597460107 0.999993481630297 1.0924246348257627
0.9999852943002095 -0.002615650461601653 -0.004750742677288356 -0.006883183131960722 0.002599332108864843 0.9999907123275809 -0.003437838152738892 -0.03975276338965535 0.004759690736897772 0.0034254388389410553 0.999982805708603 1.600853427263273
0.9999670908261867 -0.004503004670627682 -0.0067483489498633645 -0.0007472984319071736 0.0044677438716818965 0.9999763371591417 -0.0052310980188918395 -0.053030327209346195 0.006771744923567709 0.005200775973113178 0.9999635470355743 2.1524907663063324
0.9999400029523153 -0.00688393114251327 -0.008520680005051228 -0.0030719854405409706 0.0068223975292986535 0.9999505912230345 -0.0072297997659574766 -0.06326777460627565 0.008570028452436297 0.007171234533101771 0.9999375620545492 2.728957834056053
0.9999154929520203 -0.008328060321492902 -0.009982502982707796 -0.01287577865750526 0.008248046907965673 0.9999337429081971 -0.00802991381067888 -0.07132094557199928 0.010048715177682995 0.00794689907350693 0.9999179316915929 3.2716088058013626
0.9998998185582287 -0.008442499844005727 -0.01136120784093689 -0.020903610912614654 0.008358975489050728 0.9999378353286221 -0.007379228081748421 -0.0823477448870083 0.011422800707114048 0.007283520762171619 0.9999082307638599 3.8010926946940646
0.9998839658884424 -0.008532262296209191 -0.012619637843782186 -0.02177224287468188 0.008433941708530453 0.9999338255361634 -0.007823884960160983 -0.0990545916847198 0.012685558184669522 0.007716543832663467 0.9998897597059498 4.394064803322908
0.9998735774304687 -0.008075317052410725 -0.013697387009882527 -0.03501730096563182 0.007933490849635062 0.9999146833159367 -0.010377177464397492 -0.11833241582916046 0.01378001739237665 0.010267197460451138 0.9998523369863043 5.018785992426907
0.9998645055921689 -0.00641077576448506 -0.015161543820602053 -0.05068523535095851 0.006196781018926341 0.9998811138588751 -0.014119421140319043 -0.1357134349953131 0.015250257766018639 0.014023555270747593 0.9997853617330263 5.6292984093014
0.9998510408088269 -0.00501193405799612 -0.01651595321210779 -0.06291726525324864 0.004719477738004716 0.999832219138276 -0.01769915542923184 -0.15030903041329077 0.016601889151139262 0.01761857230384816 0.9997069386508163 6.18337865706003
0.9998408413988912 -0.0031053360808411647 -0.01756840227747718 -0.0800411033261186 0.0027943453730112817 0.9998394619011651 -0.01769864568609484 -0.16380035045983632 0.017620542122607066 0.017646736610790623 0.9996890062325855 6.808660764775981
0.9998249981151359 -0.0007331414810588803 -0.018693197897574242 -0.10422773189586808 0.0005309154435941352 0.9999413121580939 -0.010820830298014658 -0.17641752789429874 0.018700034033682304 0.010809012124862698 0.9997667097798482 7.45511776082208
0.9998085206714316 0.00015096458554172683 -0.019567810365452746 -0.11685350231090043 -0.0001571939633512767 0.9999999374605781 -0.0003168105036095645 -0.18673117358778385 0.019567761314526852 0.00031982578261245675 0.9998084818747067 8.1076934107509
0.9997921786507352 0.0014290057266743723 -0.02033611200426892 -0.13544043254140817 -0.0012997218063036306 0.9999788720741772 0.006369154455662195 -0.20134551943255316 0.02034478390259421 -0.006341399521162211 0.9997729124256513 8.77582285337123
0.9997599633356103 0.0034593490114806415 -0.021634431251978375 -0.1558027002907039 -0.0033410213319487875 0.9999792761326954 0.005503170139806344 -0.21542156015290842 0.021653020289078888 -0.005429568080885091 0.9997508022016364 9.432360703167202
0.9997346646675033 0.005707082493750569 -0.022316573920893812 -0.17603798175579558 -0.005748391982129043 0.9999818805111965 -0.0017873552831178105 -0.22165480970240856 0.02230596897193599 0.0019151654492048113 0.9997493565336891 10.075891018616177
0.9997114861423787 0.004746889549120888 -0.023545944759295563 -0.19619154504136324 -0.004935600152686596 0.9999561147600959 -0.007962939471283207 -0.21575210518893442 0.023507112245704412 0.008076855421447328 0.9996910423127581 10.80114689941506
0.9996937537923047 0.0024676790844030375 -0.02462334641330944 -0.2199536448161662 -0.0026265413552874896 0.9999759329176349 -0.006421438001829467 -0.21737286986682522 0.024606907752954196 0.006484145698453441 0.9996761755415594 11.561275871459564
0.9996841392369904 0.0019701341079164597 -0.0250547466480265 -0.23664356030186778 -0.001900219187302377 0.9999942353013616 0.0028139884652060238 -0.22818396326209303 0.025060146149617088 -0.002765490126348834 0.9996821200458279 12.316913545686447
0.9996793672599853 0.0019355245537632524 -0.02524710714874517 -0.26331662797289895 -0.0016719539041839234 0.9999439307577114 0.010456572619935751 -0.23904737889446262 0.02526593051563137 -0.01041100790103886 0.9996265521031661 13.08368766402748
0.9996667395965875 0.0012155749914352287 -0.0257862777804722 -0.2843530824181142 -0.000882475821746931 0.9999160774749957 0.012925139977531584 -0.24281288614654886 0.025799825207847796 -0.01289807677349446 0.9995839177551776 13.8685144022007
0.99965995294028 -0.0007712780881321847 -0.02606498834740968 -0.3047930305667212 0.0010777732158523405 0.9999304221836027 0.01174688029278883 -0.23964963984507032 0.02605411469106222 -0.011770977946996787 0.9995912300464808 14.67776871535436
0.9996722515200743 -0.001289581294861705 -0.025568076205922483 -0.3262675651534747 0.0015266328546928462 0.9999560151257676 0.009254037276697933 -0.2366286972308074 0.02555501776393213 -0.009290037345214646 0.9996302497789921 15.498621568965705
0.9996852459355722 0.0016889700195918363 -0.025031109424275482 -0.3489920000305428 -0.001541817260597824 0.9999814243406108 0.00589692913758194 -0.23983013626011046 0.025040604191433627 -0.005856479658606051 0.9996692802060773 16.327327896908635
0.9997066206472093 -0.0014633307051539013 -0.024177082069315934 -0.36978216247742546 0.0014753589643259433 0.9999987966124216 0.00047967658930417583 -0.2486254563625295 0.024176351049433924 -0.0005152057368591166 0.999707576550755 17.19134858971015
0.9997139383219509 -0.00450551163322471 -0.023489186655578323 -0.39455850982628377 0.004368235250780171 0.9999730994414522 -0.005892275811939889 -0.2589001305872616 0.023515102500554257 0.005787983964472502 0.9997067265933623 18.082601905178237
0.9997465185443288 -0.003196357343783511 -0.022286362606493155 -0.4252475051978569 0.0029456868701990824 0.9999321360599123 -0.011271477432823366 -0.27245028137214033 0.02232087783578419 0.011202971676601507 0.9996880872743527 18.977305572675974
0.9997504988795063 -0.0017679002363075664 -0.022266892889172243 -0.4504252061706978 0.0014983479778756703 0.9999254712568472 -0.012116389111568794 -0.2891780261062884 0.02228665393280493 0.012080002504974865 0.9996786376611034 19.85125104039212
0.9997409411500765 -0.0012645670588932977 -0.02272556838712833 -0.4604018453663442 0.0010045518981841297 0.9999339500091051 -0.011449301055791594 -0.31105141577383316 0.022738545772505888 0.011423506000166863 0.9996761785932564 20.763386256986184
0.9997354750155881 0.00024160643285394507 -0.0229982960606428 -0.4847491008118315 -0.0005359463474818357 0.9999180221798252 -0.01279303253701758 -0.33292154082786407 0.02299331983150747 0.012801974313056965 0.9996536483686809 21.702539057247428
0.9997304677350222 0.003144746652455272 -0.023002227083712627 -0.5149221778048865 -0.003487466380597705 0.9998832865052986 -0.014874506566646583 -0.35415660591048786 0.02295276585867153 0.01495071690083438 0.9996247528965998 22.624107299337997
0.9997072537656356 0.006777145763987202 -0.023226645553533667 -0.5474943581255797 -0.007140000571359598 0.9998532061331866 -0.015575191074976588 -0.3809941444291296 0.02311768068420283 0.01573646975896268 0.999608891696802 23.587471962248006
0.9996919236258982 0.008335587657030009 -0.023378960959968227 -0.5747865738851083 -0.008699161800967348 0.999842133435012 -0.01549299170845641 -0.40496477842899326 0.023246127013253157 0.015691596047876042 0.9996066183216048 24.53219823868065
0.9996780570761721 0.009167202593697488 -0.023658922144095176 -0.6071277835493025 -0.009537551141749536 0.9998330017629234 -0.015588576072046894 -0.43293171883227466 0.02351206751080641 0.015809205620195808 0.9995985452665616 25.495852900328043
0.999672359410307 0.00941666921896344 -0.02380126408102019 -0.6373371886724086 -0.00978995682185943 0.9998301348476545 -0.015615959654841922 -0.4585867361783515 0.02365017074906483 0.01584385658027074 0.9995947386977405 26.455287933735576
0.9996599486246629 0.01055971920390247 -0.023842807009134614 -0.6695829895915852 -0.010905553400628857 0.9998365295001883 -0.014421622032190289 -0.48876928972234285 0.023686621134431287 0.014676736944842547 0.9996116932948943 27.44349404621376
0.9996498498658903 0.011385863849574261 -0.023885974284176943 -0.7028940966310768 -0.01168767916690677 0.9998531333717592 -0.012534346507201592 -0.5138826380419318 0.023739751868897162 0.012809129208113383 0.9996361089867315 28.423361390967525
0.9996318909559019 0.011905226037404557 -0.02437925710371572 -0.7236866947546857 -0.012186144122673798 0.999860680963055 -0.011406864403214251 -0.5377883880452254 0.02424005930999628 0.011699754573932046 0.9996377020038595 29.372504539677493
0.9996350652966901 0.011487282904985687 -0.02444951043979687 -0.7573968149675325 -0.011792514772468572 0.9998538648462152 -0.012376814914319986 -0.5664737304169873 0.024303761532445275 0.012660619398082064 0.9996244474260474 30.404350829782572
0.9996150102843061 0.012373604316019448 -0.02483395116649868 -0.7914365226635995 -0.012703620282311028 0.9998324991118036 -0.013175422253694492 -0.5966618543406221 0.024666763995957124 0.013485830937355371 0.9996047634529841 31.456215512453966
0.9996141087829176 0.011946777633654483 -0.0250780387253089 -0.8267775892612473 -0.012256630011203558 0.9998499871619291 -0.012238390133268731 -0.6226014056492843 0.02492806737203034 0.012541039688067652 0.9996105810667659 32.47228876960059
0.9996063284583803 0.011088617867525323 -0.02577267273193991 -0.8567833875135131 -0.01133646591971015 0.9998907009004102 -0.009490563383336181 -0.6503633188733448 0.02566461857131093 0.009778998244703555 0.9996227781252879 33.50076620254152
0.9995934320395103 0.011651246321878212 -0.026023433336560584 -0.8954121871526924 -0.0118097452123865 0.9999125881245617 -0.00594525256436291 -0.6707489860738951 0.025951888977374032 0.006250165532409306 0.9996436539534088 34.549941974636354
0.9995658509066854 0.01179326716379308 -0.02700052871335493 -0.9161924675234074 -0.011897682744458002 0.9999223383127033 -0.0037097828186885835 -0.689278752143517 0.02695468134683662 0.0040294159444052655 0.999628535487376 35.491335639826396
