1.0 0.0 0.0 0.0 0.0 1.0 0.0 0.0 0.0 0.0 1.0 0.0
0.9999760861769866 0.000916831099235827 -0.006854669568350901 -0.035902534470228634 -0.0009248031959776243 0.9999988996411255 -0.0011599377513104136 -0.006348815657344458 0.006853598558750832 0.001166249233088499 0.9999758337327567 0.06161945014168379
0.9998847086756218 0.0015918419728442785 -0.015100840897135676 0.014992773185717082 -0.0016395560195158858 0.9999937014566583 -0.003147841017345351 0.006326399561215797 0.015095734918379542 0.003172236773178168 0.9998810207725362 -0.006560376479713199
0.9997914301894837 0.0016485358039796617 -0.020356287710918176 -0.019699464874182275 -0.0017375592684446912 0.9999890014737246 -0.00435635390800878 0.003780001998826469 0.020348882216360758 0.004390815560482866 0.9997832983858344 0.06969549035192762
0.9995569756479932 0.002071887001092654 -0.029691071346315 -0.02997615986395503 -0.002248717771723262 0.9999799272949043 -0.00592353573982963 0.005416786527077306 0.029678202469496026 0.0059876783090448485 0.999541570924715 0.17403549130462015
0.9991531485777971 0.002154944369353815 -0.04108943783795874 -0.045657143535003324 -0.0024605824497036257 0.9999696718785467 -0.007389239278832848 0.003226609171818498 0.04107226827291981 0.007484085640652825 0.999128148558052 0.27819873072060564
0.9985052246792813 0.0022213955754527177 -0.05461118649027285 -0.06411588536306626 -0.0026834796027340197 0.9999612070986152 -0.008389471681934544 0.003633477760882666 0.05459043162862619 0.008523479311738255 0.9984724508342845 0.3957664918599599
0.997474850053814 0.0020584265060677237 -0.07099074862572183 -0.08606668988955131 -0.0026647696253166743 0.9999607685344353 -0.00844750820453106 0.002896915552615224 0.07097057497981328 0.008615350970259282 0.9974412028860118 0.5304605073998454
0.9959679317142992 0.0005793547594185704 -0.08970810077581463 -0.11772963302697348 -0.0013531099613258142 0.999962406970897 -0.008564679702288391 0.0025313744399945663 0.089699766388623 0.008651531253654962 0.9959312741935527 0.7022756370451289
0.9939559590257112 -0.0006727256747870809 -0.10977749750037637 -0.15138125251322926 -0.00027918885768579227 0.9999624996900375 -0.008655707205867823 -0.0011138414171644715 0.10977920372666403 0.00863404041098082 0.9939184975516459 0.8610593528948194
0.9912496012434199 -0.001198742385201366 -0.13199542057001473 -0.2056518170853725 8.428224172962794e-06 0.99995933667076 -0.00901803381779492 -0.0036459951516796983 0.1320008634961385 0.008938009938894494 0.9912093038377948 1.0632023382582658
0.9877408856842599 0.0024093371270710456 -0.15608375265312582 -0.27733920492594244 -0.0040982434840851735 0.9999364792753483 -0.01049961021972152 -0.01075126812756719 0.15604854099932877 0.011010563520049444 0.9876880177176149 1.2814061587433814
0.9834510184664103 0.006750699246021619 -0.181048397775485 -0.3627570881524518 -0.009051017810719202 0.9998884377920422 -0.011882383867703307 -0.021116695852455798 0.18094798521666527 0.01332441478936973 0.9834024031984822 1.4971642223809094
0.9781025313415056 0.00948273807245182 -0.2079074694713701 -0.44470238361028896 -0.012338483755916434 0.99984645334934 -0.01244313237698492 -0.031745861776691205 0.20775755101065374 0.014735922210552574 0.9780693495834841 1.7075069329062258
0.9714002909666926 0.010176271378516842 -0.23722967396735223 -0.5241659961896444 -0.013538647510507238 0.9998296038657266 -0.012548635674469987 -0.03763841421715916 0.23706155262591963 0.015401517280291686 0.9713725410634443 1.9073355700501275
0.9634357115153337 0.012042315643964813 -0.26766884841324784 -0.6159419412651164 -0.01581355184805742 0.999803690460672 -0.011937843991678238 -0.04296979422014379 0.2674725431794671 0.015734140432574272 0.96343701167744 2.107411832040697
0.954070181277467 0.013522541900146928 -0.299277847589394 -0.7433533347783821 -0.017588195240391596 0.9997859508852549 -0.010895310947950543 -0.047287803987238614 0.2990664551322458 0.015658648505711945 0.9541038005068455 2.3636094044108136
0.942953982364874 0.016090258657870414 -0.3325340444504114 -0.863955179736558 -0.0204854516228473 0.999742945179376 -0.009715443164109747 -0.053581157053936145 0.3322922409777773 0.015973325902575518 0.943041207713415 2.579365894045352
0.9305116888232531 0.01853550703687286 -0.36579288120763664 -0.9864563708078316 -0.023506188410069205 0.999681913536344 -0.009139521581793583 -0.05633561959023356 0.36550712177702954 0.01710282804684007 0.930651404771449 2.7865444388269855
0.9166484740491232 0.020843718791090197 -0.3991504909308928 -1.0844197673906473 -0.02642790502510474 0.9996146553410534 -0.008491564247587962 -0.055789869641150215 0.3988196846438232 0.018332490674887143 0.9168461042760973 2.939213319985697
0.90066722197591 0.021648205448745562 -0.4339699418842814 -1.2247140375156471 -0.027735266673654828 0.9995856565619512 -0.007698712759558551 -0.05727182646172144 0.4336234659710411 0.01897025030045311 0.9008944551737451 3.143513492637892
0.882344423891896 0.01707169989590754 -0.47029445530384784 -1.3952196867306508 -0.02375543974551493 0.9996835077068971 -0.008280308045687603 -0.060394853429357874 0.47000425179925315 0.018478135227839962 0.882470714420102 3.386917275143975
0.8611644157239139 0.01226889055325582 -0.5081784365904194 -1.5139910834430848 -0.019362119154126455 0.9997749114192463 -0.008673801848068166 -0.06328755948004029 0.5079576335018026 0.017308980941417997 0.8612081291685636 3.545036940799499
0.8360562410869422 0.013972556676387707 -0.5484657960160311 -1.6721966505150512 -0.020193981660877002 0.99978196577984 -0.005312627041189634 -0.07009210985304833 0.5482719807214783 0.01551736322071986 0.8361561137696851 3.7260017307605082
0.8068892707708815 0.019731914913533016 -0.5903730653143664 -1.883295493992223 -0.02537604365892761 0.9996771689153164 -0.001270573759262109 -0.0784734868353043 0.5901574036840134 0.016006545014543877 0.8071294997666987 3.925893056845442
0.7746913384896111 0.022689311876883774 -0.6319323739101592 -2.158553081179939 -0.028637908923299392 0.9995895447312159 0.0007824554562458946 -0.08348893706434984 0.6316907473136486 0.017491060305015856 0.7750231367951088 4.15511980851451
0.7384386097681996 0.02199438693809813 -0.6739619177274239 -2.3439580657846473 -0.028172360939167886 0.9996015415665714 0.0017539033174357383 -0.08522318315863599 0.6737319479457109 0.017691948478075644 0.7387640064840236 4.3085444123650305
0.6986286427412978 0.018151589739744022 -0.7152541781292672 -2.582918714215381 -0.02247149512088952 0.9997416271986994 0.0034220977672328847 -0.0892216282559117 0.7151314924183415 0.013682055255577707 0.6988560294620763 4.490335987470477
0.6554580861392778 0.014080114164812717 -0.7551002898289353 -2.7949729644809587 -0.018477333761144726 0.9998258875936572 0.002604349176799842 -0.07714173703399806 0.7550054870341768 0.012245198351242692 0.6556041257234609 4.638283254471649
0.6093420827863284 0.013000018218151915 -0.7928008739096775 -3.094343269587537 -0.016849909169486026 0.999852097338982 0.003444416905474054 -0.06315861513779482 0.7927283940332902 0.011259794543701176 0.6094710085969911 4.826064200443563
0.561405609625804 0.014038294975864092 -0.8274216988663347 -3.3925789274607507 -0.014538127641001977 0.9998691080533295 0.00709997220648346 -0.06830414660226362 0.8274130675336071 0.00804319804614633 0.561536216676909 4.970261096539502
0.4574228057026367 0.0556651722107612 -0.8875053607871197 -3.4773701506934716 -0.1766956500586094 0.9838274593356522 -0.029362859321270505 -0.13654064818905895 0.8715176556292439 0.17024957814896802 0.45986091056601525 5.303398182352482
0.46229890409830476 0.033512824896239926 -0.8860906352269963 -3.4801232397949957 -0.015138410810537323 0.9994382036423554 0.02990159892502417 -0.136664494888139 0.8865949197844739 -0.00040947236238955687 0.46254651716853973 5.305004959552635
0.3977087071711565 0.03394734953340321 -0.9168835049775438 -3.832844852312505 -0.10056888373573102 0.9949069501897536 -0.006786758303643611 -0.12060959073571267 0.9119833791601666 0.09490910348212121 0.3990972039639258 5.332680135545881
0.34158467260161196 0.03639103413479568 -0.9391462101708395 -4.183023107453576 -0.10142134299359025 0.9948421755503835 0.0016604010227793979 -0.12117496775694181 0.9343626825965524 0.09468230236311351 0.3435136663805294 5.417010006909426
0.2885629222495504 0.039677119746015524 -0.9566384719795985 -4.540702906495111 -0.0990595331069977 0.9950163394663041 0.011388287654447934 -0.12409116141083891 0.9523227650347456 0.09147792282150465 0.29105521955951785 5.457901594219872
0.23171080878393355 0.043913734888123265 -0.9717930257934927 -4.873934533822375 -0.09772619563080738 0.994977606885875 0.021659928051271333 -0.11934422445552094 0.9678634675305315 0.0899507959043871 0.23483858825998483 5.510708304050439
0.180761641504841 0.0444060974232559 -0.9825239577089774 -5.282671139530545 -0.09497634214118561 0.9950995871798952 0.027501018669907507 -0.11478822977096091 0.9789303976248543 0.08834540229145176 0.18409336354145342 5.556187692623709
0.13322410119513717 0.04553625694667201 -0.9900392861720363 -5.71720845265625 -0.09623423337569699 0.994817931264658 0.03280634025456231 -0.1035412039432822 0.9864027124797149 0.0909050765226722 0.13691587152360157 5.572617973835342
0.09086280865660563 0.04578718522904335 -0.9948102752142416 -6.080002953825726 -0.0979859960409177 0.9945062981253219 0.036823464923030014 -0.0868780172852433 0.9910311269495533 0.09413159224123233 0.0948501384249282 5.572578838325142
0.05288900688712869 0.04428457534002424 -0.9976179776534944 -6.407852351607628 -0.09893812534347232 0.994333214099899 0.03889353019827166 -0.07380862813359128 0.9936870736323444 0.09664541233146154 0.056970729074404224 5.571023932012725
0.01862103562863463 0.041620633208394056 -0.9989599491087972 -6.877864107338742 -0.09747413476626915 0.9944492878116641 0.03961574210388571 -0.0567402888669265 0.9950638422150028 0.09663507056036488 0.02257461082962391 5.554264942236964
-0.012874645705981881 0.03886496305254529 -0.9991615275544143 -7.260842466878736 -0.09641451607825953 0.9945401109035319 0.0399275455467221 -0.04240744371236185 0.9952579990069609 0.09684772816599682 -0.009057204963160164 5.5313413272874925
-0.03932674664797881 0.037099089835746994 -0.998537462758131 -7.709701655524607 -0.09615080419215412 0.9945328090534044 0.040737139928406815 -0.027944155625360602 0.9945895785957577 0.09761223924131503 -0.03554463249224171 5.4950679792599075
-0.0601371338634698 0.034635813019102096 -0.9975890364209072 -8.260417783410015 -0.0965930414286626 0.9945056714316822 0.04035162744895603 -0.003553659674571514 0.9935055659019968 0.09878679034529088 -0.056461142168997266 5.443993563436397
-0.07640999954477616 0.033857428148704606 -0.9965014734202472 -8.722509178767396 -0.09556484312757173 0.9945735435267324 0.041119670167464754 0.018018107414934433 0.9924862078273778 0.0983724609625772 -0.07275978419838985 5.402392446263219
-0.08928473910091 0.03421668788734433 -0.9954182305110266 -9.264579507626301 -0.09463466222713361 0.9945968898782506 0.042676777639214875 0.04226633114931841 0.9915001341748966 0.09801145297632675 -0.08556423912260583 5.344663636103541
-0.09855979060091132 0.03541384236695451 -0.9945007930844068 -9.83945149170818 -0.0958985133301094 0.9943773214325664 0.04491344744805106 0.06257848160265647 0.9904995925379163 0.09979780753805415 -0.09460948574439085 5.265562398012438
-0.10536738877811119 0.03686861534577659 -0.9937496760173401 -10.395622780813246 -0.09736006055670376 0.9941290821819188 0.04720578956579721 0.07892651974866158 0.9896558654352916 0.1017254794170099 -0.10115925487518224 5.1983403738729175
-0.10992863660488267 0.03781292394285724 -0.9932199543087543 -10.956840417184022 -0.0969046130389887 0.9941077675404145 0.048572034006993184 0.10219789923188762 0.9892043220821238 0.10158705281040652 -0.10561666476148589 5.134397332011043
-0.1111260915375323 0.038423184836197534 -0.99306326618531 -11.572632893744581 -0.0945961903037928 0.994306285740346 0.0490568131582713 0.13274628640210237 0.9892939667053464 0.0993914936213372 -0.1068586844206825 5.062836985624022
-0.11033107377022876 0.040684152986910284 -0.993061858021164 -12.198873907790592 -0.0923610521349654 0.9944185793992848 0.051001225416942624 0.15908793551390077 0.9895941037664023 0.097347258005787 -0.10595763846709746 4.998771835179164
-0.1086924207265942 0.043147852993255666 -0.9931385706227837 -12.821793372310436 -0.09325689475438136 0.9942089901834503 0.05340070616736845 0.1828333103535764 0.9896914212305581 0.09842127117892645 -0.10403914706571221 4.928376010122234
-0.10699030471905004 0.04319958390866562 -0.9933211316821179 -13.472569865846502 -0.09562629233076061 0.9939770454037505 0.05352798731039529 0.20723836231849643 0.9896507903857782 0.10071459258989274 -0.10221489093207085 4.854273794796761
-0.10560533956995992 0.04061852030180744 -0.9935782043014055 -14.111990105892541 -0.09743835051781627 0.9939345190182789 0.05098960435490128 0.23633420542234823 0.9896227968790329 0.10219739582001998 -0.10100699077254738 4.78654237754958
-0.1041579409192852 0.04050065018175254 -0.9937357901768007 -14.821507215620953 -0.0977201777590105 0.9939190822354473 0.05075061405533026 0.2688396119611122 0.9897483974234064 0.10239411752196016 -0.09956683431091332 4.707323227942271
-0.10257948117684504 0.04310701409006984 -0.9937903377361486 -15.521615712133675 -0.09730337647890208 0.9938344185463732 0.053152624002931574 0.30317145723192196 0.9899542933728271 0.1021515239672443 -0.0977525610092908 4.6382227630339194
-0.10026678032587072 0.0467434565353107 -0.9938619733314156 -16.2257779163906 -0.09843839582974473 0.9935288908980356 0.05665884906513298 0.33294813898723247 0.9900790145183107 0.1035151787036594 -0.0950165921742057 4.560245113037046
-0.09858542556322519 0.0489125949876182 -0.9939257879329297 -16.953618882648993 -0.09886332874159644 0.9933687039853974 0.05869122738964157 0.36141478234261015 0.9902055120512347 0.10404891154619927 -0.09309601446572421 4.488446401244809
-0.09658042707239786 0.048114601315666486 -0.9941615594292246 -17.740492593086678 -0.10057155496655236 0.9932471110807771 0.05784063157763596 0.4027834025456052 0.9902310757788416 0.10557064681967493 -0.09108926990569435 4.40385069864318
-0.0945043550171449 0.04508915888944975 -0.9945028379212576 -18.51376942574288 -0.10303686521265688 0.9931657437780349 0.0548197938063537 0.4409714064685041 0.9901779291066537 0.10765116412033969 -0.0892126424538217 4.317717739046214
-0.09299465486047039 0.04449836407667877 -0.994671749755607 -19.272135330765952 -0.10399442626886786 0.9931026329479747 0.05415089783935985 0.47675814184267196 0.9902207599683973 0.10847606199664112 -0.08772565474996374 4.245075640812907
-0.09125713083477086 0.04689027723717682 -0.9947227945374659 -20.055567207882387 -0.10129894729950037 0.9932721725201665 0.05611519021692239 0.5118679702517973 0.9906617280120484 0.10588528319690624 -0.08589323287950203 4.170693135189423
-0.09021218495622264 0.049163258244506215 -0.9947083671731167 -20.865213216143168 -0.09905576807667275 0.9933853736605004 0.05808144461123752 0.5437452976727178 0.9909842160681289 0.10377125534641965 -0.08474556075490584 4.10662600989936
-0.08926109132214204 0.05095903444694704 -0.9947037922840221 -21.66031651268565 -0.09814656339470468 0.9933797556858909 0.059698518300280584 0.5787901626551049 0.9911607890094265 0.10295551370215486 -0.08366870698496504 4.039662775621482
-0.08863491486282064 0.04630469374721357 -0.9949873000215818 -22.43750391282804 -0.0978339044636601 0.993684059536616 0.054959229982109885 0.6121473279563047 0.9912478897857263 0.10221479912325705 -0.08354493303328583 3.9714591922693945
-0.08820695591269655 0.039636574162223756 -0.9953132546677443 -23.274294794773702 -0.09639312791615805 0.9941787993477614 0.04813397779098026 0.6410988049988191 0.9914272024809256 0.1001871095307472 -0.08387279216002788 3.8938762387303636
-0.0882359644102669 0.035084619581417335 -0.9954815337581191 -24.08499694033928 -0.09328591124036563 0.994696256062545 0.04332547679149436 0.6743482163002313 0.9917218124800141 0.09668726722781512 -0.0844950827407862 3.8250750179001622
-0.0888508953623841 0.035843699693889904 -0.99539979283982 -24.899435985376 -0.09225478295477707 0.9947603581078625 0.04405547592619968 0.7032826950738785 0.9917633656348016 0.09574476032332652 -0.08507859575333325 3.7541042656877828
-0.08886044100714806 0.0431629692840289 -0.9951084263067019 -25.78320680225297 -0.09282855643510303 0.9943535025794121 0.051419558712902824 0.7322671024573316 0.9917089699776793 0.0969436433740798 -0.08435193462611966 3.672883721802405
-0.08921014452691146 0.050215138356814265 -0.9947461937566253 -26.627482091220326 -0.09453749503959087 0.9937924320494793 0.058645238790716384 0.7668968774304732 0.9915161179452033 0.09927256358625397 -0.08390915309956506 3.598218982156375
-0.08958884727443443 0.055359146713434566 -0.9944391400780637 -27.484009697649782 -0.09650193165655079 0.9932738283187228 0.06398811736269992 0.8058080211463129 0.9912926992723148 0.10169791960619799 -0.08364399271423394 3.5219073003661454
-0.08985711613919661 0.05560643022283695 -0.9944011381716233 -28.32063759759602 -0.09805904639624746 0.9930950590852905 0.06439430906719773 0.8452071521226747 0.9911155947209211 0.10329631425300705 -0.08378394454033831 3.436924276092733
-0.08995157514263191 0.05215663358532862 -0.9945795089898068 -29.167489864098574 -0.09811853908095632 0.9933056735643608 0.06096385120274142 0.8833291123039013 0.991101138339563 0.10307048286438238 -0.08423187724445394 3.3522051548044174
-0.09039511575675782 0.04946025628140316 -0.9946770360754793 -29.987546011330565 -0.09821073486943167 0.9934550179157675 0.05832477119018955 0.9217644225706686 0.9910516508253887 0.10296023711394467 -0.0849459532274006 3.2774051325702316
-0.09022190103690707 0.05060268272597832 -0.9946352985261585 -30.826732790276385 -0.10002500954907294 0.9931981258506353 0.05960268678082602 0.9584170462537169 0.9908859702498538 0.10486587294119752 -0.0845466891976628 3.1926575209351205
-0.08999555561169359 0.053066957311579364 -0.9945273741892846 -31.66819659234637 -0.10087584636283738 0.9929583157266018 0.062111567762948086 0.9929309304819554 0.9908202983340236 0.10591355565309428 -0.08400866109036076 3.1093581344273966
-0.08972756240376205 0.05152127724781306 -0.9946328581621625 -32.50050098476704 -0.10167936386272458 0.9929692866447398 0.06060777792254054 1.028298744845927 0.9907624697724225 0.10657182447059042 -0.08385806293648217 3.027408032406011
-0.08935182167946516 0.04623873170724687 -0.9949262443280235 -33.33249932027214 -0.10251984690822916 0.993189001621081 0.055365043563907174 1.0657575820349592 0.9907098126860732 0.10694665375328648 -0.08400285887099511 2.94783011061909
-0.08911087319751086 0.04218297508819742 -0.9951280565287491 -34.18034920249856 -0.10367794982973723 0.9932824740986625 0.05138880585829918 1.0992378484752598 0.9906109907512028 0.107752138081562 -0.08413882422385245 2.8649149569514836
-0.08848731221935606 0.04298321023670986 -0.9951494557170499 -35.04296407570799 -0.10291486881014104 0.9933271112364078 0.052055545915149694 1.1327770084542002 0.9907464485699586 0.10702193102574635 -0.08347323478537721 2.7739991628498375
-0.08788151729402846 0.04541403715263566 -0.9950951734118693 -35.88331525975726 -0.10197085409259898 0.9933022477530116 0.05433773573163258 1.163620154705074 0.9908979684274891 0.10624598739864907 -0.08266200050785619 2.705037221784248
-0.08767600972527156 0.05018600862433905 -0.99488405447922 -36.70354773774481 -0.10122187910242937 0.9931118404084225 0.05901697748588393 1.2002501864602724 0.9909929608779405 0.10587840657543893 -0.08199216128032467 2.6339156691762287
-0.08700576485854629 0.055669571392690895 -0.9946511427140338 -37.550621156627166 -0.10031281164754968 0.9928731481204113 0.06434478658622692 1.240560759456809 0.9911444580386568 0.10537462010568757 -0.08080131643011412 2.55694939615368
-0.08733064294122199 0.059197203478059915 -0.994418950897382 -38.35893113911535 -0.10059206937497023 0.9926064928801808 0.06792338235813215 1.2711288848747642 0.9910875815902115 0.10596245274853273 -0.08073019401178828 2.4882702418093627
-0.08647383377271388 0.059378182716086 -0.9944830352952151 -39.212665477382636 -0.10033825131515117 0.9926274737394216 0.06799215911200028 1.3114395817317364 0.991188433848815 0.10566423138900473 -0.07987840014236791 2.4053552747313147
-0.08619222305157757 0.055166938414153155 -0.9947499734060996 -40.031244299869456 -0.10025821761474656 0.9929168775991282 0.06375236450134412 1.3508391159107103 0.9912210603524025 0.10522681732717748 -0.08005077406903437 2.3331615189344665
-0.08616635879203484 0.05086367038907855 -0.9949815303044943 -40.85802160176951 -0.10136533236691432 0.9930657445870285 0.059544070418101044 1.385696767958339 0.9911107042135442 0.10598732925384044 -0.08041304639777488 2.2672010039260684
-0.08614390390295186 0.047892662249580664 -0.9951309063248946 -41.66983768774816 -0.10495451106439786 0.9928497099662775 0.056868304239809736 1.4250671356575195 0.9907390062108143 0.10934233545395851 -0.08050139905543151 2.1881521300934925
-0.0866729527315097 0.04594879730122868 -0.9951766211539396 -42.50818717792223 -0.10805657315006299 0.992608777715723 0.05524121107256247 1.4636354351833114 0.9903593167451228 0.11232329423707683 -0.08106726409509882 2.1011295253741697
-0.08714223886039296 0.04419672788379904 -0.9952149915725562 -43.3355034916556 -0.10600931022962178 0.992931445581056 0.05337762191175286 1.4922135112795114 0.9905393764767951 0.11015350026521933 -0.0818410045654518 2.0271558826924103
-0.0884689239916149 0.04075791235736542 -0.9952447146647073 -44.162975896387074 -0.10249712538004477 0.9934860820755747 0.04979702813373018 1.5176474013635137 0.9907913951869957 0.10641521179978676 -0.08371507582874951 1.9579427255675752
-0.08934088656839706 0.03923296852022859 -0.9952281045912353 -44.98087870100311 -0.09818676309563326 0.9940097819268232 0.04799909360176235 1.5466794693650125 0.9911496181404575 0.10200650770847676 -0.08495355698936724 1.8952276787531352
-0.09089230567882302 0.04261717838074582 -0.9949484232236616 -45.81427487444392 -0.09774567092878965 0.9938779879954855 0.05150076497223883 1.5761131295442077 0.991052154320381 0.1019329244400882 -0.0861702171984213 1.8122435513226096
-0.09265756366341393 0.048941376664026016 -0.99449450352739 -46.6249644101996 -0.09533607574549335 0.9937663575859326 0.05778805405823487 1.6028735123855835 0.9911234073299903 0.10016570361464983 -0.08741409075184717 1.7396036100219754
-0.09436222409411783 0.05264176280065786 -0.9941451682089746 -47.43571967870835 -0.09343359163421859 0.9937250046855042 0.06148803962661697 1.6372957338472862 0.9911437507336367 0.09868870184592378 -0.08885159261163972 1.6592904219576705
-0.09601056605973483 0.051989685110582114 -0.9940216515986919 -48.23493359089239 -0.09336387762516665 0.9937620068111676 0.06099393554635975 1.666653386980168 0.990992006809178 0.0986617781146434 -0.09055769420416288 1.5874682574091037
-0.09737519162066578 0.04827190281430618 -0.9940764032284058 -49.02366925415353 -0.09646005169511698 0.9936629698389714 0.0577006134956145 1.695678498631625 0.9905622294857672 0.10150726954007354 -0.09210181185353998 1.5085804223289314
-0.09894355975732462 0.04443705487384937 -0.9941003571756155 -49.83452234173207 -0.10109864762772723 0.9933842952426417 0.05446747114676945 1.7291143956105794 0.9899440567175466 0.10589140720293619 -0.09379645222602279 1.4221317380466296
-0.10028546943046357 0.0431183661226846 -0.9940239590291678 -50.62315339049048 -0.10540560408896987 0.992977943362779 0.05370719338844825 1.7577166596190859 0.9893596329180561 0.11016174698113222 -0.09503634175574159 1.331818696994443
-0.10116359708953532 0.04430080907501968 -0.9938829734627733 -51.42257988463898 -0.10724164221085482 0.9927014546092648 0.05516386672965963 1.7848811067907193 0.9890728773957078 0.11216621742729549 -0.09567435846781262 1.2408669024036978
-0.10216434254108564 0.045858773611549546 -0.9937099274919172 -52.212770214035196 -0.10703816193258446 0.9926303643912296 0.056813656620810185 1.8139319811334815 0.9889920520425032 0.11216921400891681 -0.09650278972848544 1.1588878025591334
-0.10300880102987983 0.045240162998832614 -0.9936511030347748 -52.99623734449811 -0.10888046348728228 0.9924494304893435 0.05647275973574313 1.846423207045477 0.9887033081674103 0.11400638391430308 -0.09730525600194125 1.0666238850881435
-0.10341133657048 0.04506816619879284 -0.9936171072723052 -53.787762055919046 -0.10954986853367775 0.9923791335755924 0.05641348728814209 1.876280472199501 0.9885873364417334 0.11468441759556293 -0.0976860409055752 0.9772560905379879
-0.10398118827794586 0.046928762530188975 -0.9934714911519555 -54.57678808313599 -0.10756436821485933 0.992496621902473 0.05814088236960645 1.9056660185055416 0.9887455785867488 0.11290769132155444 -0.09815311541460138 0.8929656178034582
-0.10431303888713175 0.049862614963512464 -0.9932937679997449 -55.358571958291414 -0.1065655608920833 0.9924321081527916 0.06101058874621867 1.9385787048946141 0.9888187756863678 0.11221510743391494 -0.09820997155944762 0.8101114368392996
-0.10446982487087221 0.054050235507914574 -0.9930582197096941 -56.11046438361907 -0.10691211489800476 0.9921253335827871 0.06524662559303766 1.9714443480905701 0.9887648129760105 0.11298625803513103 -0.09786853486046308 0.7289696862751485
-0.1051013913639297 0.05606600742191073 -0.9928798015596507 -56.84791030848453 -0.10663529694134113 0.9920176016844708 0.06730521075237468 2.004672216367701 0.9887277739497348 0.11294990376249042 -0.0982838148447956 0.6512300124950631
-0.10597038696417971 0.05619957206605551 -0.9927798775087322 -57.607236073426854 -0.10617577431490957 0.9920542125485156 0.06749180923173695 2.038467110006984 0.9886844704127254 0.11256130535995057 -0.09916133571293076 0.5699952257346781
-0.10600355087903068 0.05427277626304508 -0.9928835344378197 -58.36762784831041 -0.10525369846932689 0.9922874409125041 0.06547742791100203 2.0728777701682 0.9887795033067609 0.11144550400986987 -0.09947358180150793 0.4830391109163387
-0.106128262642752 0.050648816186949976 -0.9930616744630167 -59.12511739353549 -0.10459381135249392 0.9925928400321258 0.06180281986864581 2.108831290000445 0.9888361474456675 0.11042713133925891 -0.10004460089875952 0.3960339925112859
-0.10577196683594856 0.047689054653629465 -0.9932462157480879 -59.85616599407167 -0.1047800371881905 0.9927542142757302 0.05882358238510851 2.142489049675083 0.9888546075326222 0.11029426142832359 -0.10000870490854369 0.3090804888359263
-0.1043243287334507 0.045492598352080166 -0.9935023190357888 -60.575545700678 -0.10553800052430165 0.9928064404700259 0.05654292357641281 2.1683029517699657 0.9889277854725528 0.11075105081403014 -0.09877266759554829 0.22551115544656425
-0.10202254375062736 0.0447819863006212 -0.9937736031257931 -61.30262213760347 -0.10782197047629898 0.9926031218026252 0.055798434299624784 2.1934766504316157 0.9889215455481083 0.11284332630090459 -0.09643941341634193 0.14115344868173108
-0.0979889591660096 0.04570044799279313 -0.9941376327927735 -61.9914303066183 -0.10849983288953943 0.9924998159208561 0.05631963831566432 2.215972816754975 0.9892552502486424 0.1133824697663764 -0.09229553296434558 0.07245633470192744
-0.0919721825446122 0.0473781750908549 -0.9946338151113906 -62.67279221335586 -0.10805585872250471 0.9924939837854975 0.05726799756699529 2.238306089164708 0.9898813307835048 0.11274307373249849 -0.08616234845700155 0.009871252497530188
-0.08503921248889758 0.04904896371108243 -0.9951695993639156 -63.3183398821493 -0.10745016388448969 0.9925113994616944 0.05809977813885048 2.258354139734606 0.9905669056759692 0.11187189592322228 -0.07913206860735585 -0.03836226426959269
-0.07642121515724568 0.0505435334985381 -0.9957937281864007 -63.95114707930891 -0.10867400025657331 0.9923423209267209 0.058708430110175965 2.27772800285791 0.9911355908966866 0.11270345744141697 -0.07034323804479313 -0.08521743302482518
-0.06480672751511404 0.052107960384693244 -0.9965364260945648 -64.57940090587022 -0.11109211420526022 0.9920513952188067 0.0590979814022682 2.300099852748775 0.9916948271672021 0.11453728523482944 -0.058502820964874275 -0.12147465166569157
-0.05014928731957779 0.05366556786094299 -0.9972988798787954 -65.17753306274157 -0.11462589597149203 0.9916476619801231 0.059125446823568434 2.32093558801984 0.9921421032060231 0.11728137667812599 -0.04357895972154912 -0.14482025534923634
-0.03165049128290698 0.05497885159888207 -0.9979857575528909 -65.78857207441835 -0.11662207442426133 0.9914627031419403 0.05831809355129223 2.3396927162151875 0.9926719186914338 0.11823296560326711 -0.024968533920195973 -0.1651728030420317
-0.009356966680192874 0.056102154790255924 -0.9983811874241394 -66.34502738350304 -0.1178917997923384 0.9913998224276321 0.05681474836854541 2.3506155509039894 0.9929823617347233 0.11823256877167185 -0.002662511104752668 -0.17059823557076254
0.01617857991410546 0.05653233653779126 -0.9982696772303261 -66.84546672262381 -0.11812477486284197 0.9915165394730977 0.054235500503771385 2.363854520096118 0.9928669553951153 0.11704292749615253 0.02271919909602004 -0.1546282116653289
0.045264837610638244 0.056109400953691914 -0.9973980296755648 -67.34580217580755 -0.11710832255032962 0.9918352857488915 0.050481746531409515 2.3743186799528284 0.9920870603256201 0.11451856211126375 0.05146614097091554 -0.11178536424724322
