0.9986183509157679 -0.0008934168760805288 0.05254132678718629 0.05102414525256893 0.0004813475385862293 0.9999690339671211 0.007854897288290148 -0.007700162069296707 -0.052546717488530736 -0.00781875393832198 0.9985878577110943 0.9962557885694041
0.9956026465965756 -0.004617206657549827 0.09356308830182755 0.16005798734161977 0.0047787105195541985 0.9999874536196336 -0.001502174787292065 -0.018857583729798164 -0.09355497857230474 0.0019426801081885523 0.9956122196811031 1.9929389750603441
0.9907198576106367 -0.0038520267386522706 0.1358651008388999 0.3180912694030834 0.004804032861315447 0.9999661500642654 -0.006679819901658614 -0.04441390241223834 -0.13583477096909732 0.007270530630971935 0.9907048270701608 2.9801705473881057
0.9837400445178118 -0.017029173209520087 0.17878907145542644 0.5309483888231761 0.00822370644593515 0.9987215244697922 0.04987672015103891 -0.1431678127071136 -0.17940985330907686 -0.04759541806239472 0.9826223998643029 3.9584565929769977
0.9733097974442321 0.027527948145322688 0.22783821073291496 0.7803247230005661 -0.021807493841173864 0.9993814917254396 -0.02758744658358491 -0.000100452244192209 -0.22845671671333034 0.021882551668930543 0.9733081128404418 4.934661836235595
0.9628000053538641 0.012940199326290234 0.2699049850076782 1.0407621648651546 -0.005421760395881249 0.9995767232935401 -0.02858284037598329 -0.029490479081897183 -0.27016060816634374 0.02605619870865989 0.9624626331988408 5.895102755736584
0.9550961174043671 0.0023924519845160298 0.29628648752956177 1.4030515647667172 0.0048990012426548745 0.9997031962442308 -0.023864601523870974 -0.09070643882932264 -0.2962556435005548 0.02424449612944076 0.9548009206643561 6.8136362874928444
0.9366677170440469 -0.0024525365157680155 0.3502107549920934 1.6919098543317144 0.011520567819816668 0.999650068153434 -0.023812134678418927 -0.13301731300782116 -0.35002980496609454 0.02633868458129571 0.936368201793464 7.785168024627565
0.9186068409662322 -0.0035474706473094158 0.3951567881006797 2.0753510486943805 0.014008677976327407 0.9996235287107893 -0.023591477044576984 -0.17569802922904487 -0.39492433284288075 0.027206916396308584 0.9183107072384652 8.709792141566602
0.8988585283601918 -0.004679411057750726 0.43821393075335097 2.5084751404919876 0.016017763260009338 0.9996256461358837 -0.022181047034868027 -0.2050724958831485 -0.4379460894382962 0.02695683029529504 0.8985969908953261 9.611502920310054
0.8769726007306882 -0.004326817818136715 0.48052090091401983 2.985599921858542 0.01673617541393104 0.9996278261405093 -0.021543203989044322 -0.2340758982506255 -0.48024885007688106 0.026934881718101218 0.8767186288351958 10.490302323078094
0.8532354783984992 -0.004621113013351577 0.5215053822508463 3.5132690812613543 0.017992264337547872 0.9996263141612957 -0.020579369774362585 -0.2645107116522218 -0.5212154034812203 0.026942111105479116 0.8529997806700124 11.339178932762533
0.8276010092169036 -0.004999735886558081 0.5612945502890855 4.05791472402341 0.01985611571513375 0.9995952567594744 -0.020372955913840946 -0.31094945424538173 -0.5609655107151146 0.028005808415840376 0.8273653186368801 12.176825668081014
0.8005666363076318 -0.00653375831244638 0.5992081197992878 4.661633114660905 0.02341737707989667 0.9995178648736546 -0.020387845622044456 -0.33995405868257017 -0.5987860112609354 0.030353711481875337 0.8003336584934395 12.973484064405387
0.7721094761314818 -0.0057675506644699025 0.6354633681238446 5.305733298462447 0.02448164938750358 0.9994864738816012 -0.02067455854401832 -0.3850039391731437 -0.6350177995231592 0.03152021394368181 0.7718541769024179 13.737052435361086
0.7416633050896234 -0.008915351185313367 0.6707130969324951 5.975690936228423 0.029637727594130678 0.9993706955264962 -0.01948892059460545 -0.42051001285390777 -0.6701172636088341 0.034332629321525455 0.7414608038037336 14.478661595143807
0.7100112724883677 -0.008154211436573357 0.704143097513067 6.691475606268099 0.030252416612045283 0.9993629904388545 -0.018931577595127213 -0.46068054621349486 -0.7035401795409977 0.03474366383898996 0.7098056731207938 15.17595653246264
0.6762264229575741 -0.007748566811780032 0.7366530965158343 7.455196104863963 0.03196249372354785 0.9993116916702012 -0.01882928267916545 -0.5105356642704685 -0.7360001520984729 0.0362781284468086 0.676008634195911 15.820361771301135
0.6417722732487946 -0.008698812010271036 0.7668459297399213 8.253930057057524 0.036540009577073596 0.9991468391820917 -0.019246336080984704 -0.5528634186494517 -0.7660242665798396 0.0403723224752406 0.6415425929654035 16.419377727639862
0.605316318539797 -0.006747971878656754 0.7959564180185696 9.042688324820805 0.03658382940954555 0.9991432129523122 -0.019351057776333867 -0.5923255577276139 -0.7951438724753902 0.04083264486724572 0.6050445580103874 17.032754745153444
0.566956629826896 -0.0038778535874432964 0.8237385156388415 9.848876688268254 0.03889118171007109 0.9989998097621993 -0.022064815437323422 -0.6066745556343744 -0.822829056293299 0.04454595769139191 0.5665403796490012 17.62843284206438
0.5291015355576596 -0.0029682771819259423 0.8485533303223185 10.7108494071825 0.04446200547360748 0.9987171958281164 -0.02422999848303623 -0.6392313375322373 -0.8473928812184999 0.05054851222137313 0.5285547774568062 18.13110472874488
0.49029597784250434 -0.0015400631164634482 0.8715546353023772 11.581986716407188 0.046398951454546984 0.9986264737021382 -0.024337282616416028 -0.6627571721223451 -0.8703200511394531 0.05237169299182561 0.4896940007369792 18.62447005059834
0.452164351365511 -0.0037134466791339847 0.8919269082542404 12.46175048705471 0.052005078254452865 0.998399872398176 -0.022207355336774395 -0.7115380314368868 -0.8904172455596051 0.05642610308241009 0.45163394879147206 19.09418073975606
0.4156910005421364 -0.004299551682352133 0.9094957426638173 13.383873811676686 0.05633346065202316 0.9981905297612784 -0.021028730486281098 -0.7336568546711092 -0.9077596230716828 0.059976496648507946 0.41518102867367 19.479263164014963
0.38082404265959874 -0.0019262345643195592 0.9246455202686072 14.315997605701337 0.05801327522520349 0.9980774541690296 -0.021814109587897028 -0.7722257219102262 -0.9228258277866112 0.06194905245337673 0.38020363815997815 19.83822672833197
0.34762949714524155 -0.002549805263069718 0.9376285145022344 15.255667098289946 0.058998035194081165 0.9980742169736179 -0.019159573474830938 -0.7927317742585122 -0.9357739922426694 0.06197867299014976 0.3471104716608178 20.179565573717646
0.31440941870094585 -0.003979825413968276 0.9492791361985197 16.20570714831214 0.06162701224999929 0.9979673247695626 -0.01622744753251269 -0.8155651056323482 -0.9472849776035039 0.06360329930087244 0.3140155912128753 20.490655767629775
0.282280561455582 -0.0053866894280835825 0.9593167715626193 17.16328248708321 0.06341495920530699 0.9979018328154678 -0.01305660800202837 -0.8653478417426262 -0.957233632700664 0.06452066057112843 0.28202988633503784 20.763439377887476
0.2494528300146592 -0.0011444894549030365 0.9683862740361233 18.131047865922792 0.059965626803400986 0.9980984756158505 -0.014267325446311221 -0.870368467092946 -0.9665285351192444 0.06162891461970875 0.2490471194032239 21.025993855804344
0.21831013824923606 0.0008908406169344278 0.975879034481526 19.106765427327502 0.05976492399440773 0.9981103192094296 -0.014280915502618246 -0.88553073127421 -0.9740476566357221 0.06144100496122673 0.21784436075283709 21.24879196048713
0.1879805769465511 0.0012935125901805122 0.9821718940776211 20.0910560097429 0.06195149874017801 0.9979922472745791 -0.013171415401561082 -0.9007881902585008 -0.9802169731721068 0.0633229911249762 0.1875230233872592 21.42691531772074
0.15713863248019558 0.0012861043416291492 0.987575716650565 21.07439649145477 0.06396411848598096 0.9978861984503768 -0.011477216063401446 -0.9164729839519556 -0.9855029384677474 0.06497292419059704 0.15672420806485968 21.608625509293773
0.1264543586851073 0.0008193031014585078 0.9919720882726323 22.063634240623472 0.06296462150529883 0.9979765121956949 -0.008850849925844603 -0.9340604076890417 -0.9899720963785958 0.06357837563309807 0.1261468927228251 21.75359468508728
0.09720329045927506 0.0003927167776226952 0.9952644704285505 23.058984573141153 0.06385613292886318 0.99793708869756 -0.006630331002966864 -0.9584840595247286 -0.993213931945812 0.06419823031338276 0.09697769131799684 21.847791058366568
0.06991071033956794 0.0008450365911097995 0.9975528950852567 24.05604758393732 0.06695915392002078 0.9977403490015039 -0.005537840795044646 -0.967425915735416 -0.9953034533679319 0.06718245222910516 0.06969615359797124 21.922705419328082
0.04494917274252873 0.001198715231760003 0.9989885559662612 25.055630308836328 0.07124460703572971 0.9974491586004045 -0.004402496526788681 -0.9857267111775444 -0.9964455719396247 0.07137043567988847 0.04474911253618488 21.94750154203534
0.022047541161234196 0.0015207112136563312 0.9997557668581606 26.05512168889899 0.07570818395726975 0.9971249261733136 -0.0031862965579073704 -1.0021582031220768 -0.9968862406566934 0.07575994351415138 0.021869022568389233 21.97588764007672
0.0018160486872479233 0.001334348934939692 0.9999974607368189 27.055012120585975 0.08174458843747762 0.9966522145556841 -0.0014783377274077349 -1.0123128876086505 -0.9966516564117835 0.0817470655997432 0.0017008931413678215 21.978540105979864
-0.015753782412024 0.0007026382478780613 0.9998756545887131 28.05474572251016 0.0863552500171763 0.9962641891318815 0.0006604906236095084 -1.021731404369694 -0.9961398441655591 0.08635491736366574 -0.01575560576204246 21.95594406588148
-0.031339156920545536 0.0009585596449677056 0.9995083483427822 29.05398945356902 0.08945040113610399 0.9959895607426275 0.001849494064895151 -1.0198560751410475 -0.9954981079741428 0.08946438428287011 -0.031299216680093805 21.918433974077953
-0.04555320581168877 0.0003892821314574283 0.9989618380597433 30.052734034047685 0.09200949489065395 0.995750849677335 0.0038076524040281464 -1.0238988750617213 -0.9947156167921781 0.09208742490853637 -0.04539546104480113 21.868062541690485
-0.05884830543749518 -0.0005810458683512937 0.9982667676191745 31.051053634211435 0.09242180036232302 0.9957017001556682 0.006027862382058758 -1.0271141860491022 -0.9939794201918476 0.0926163413918355 -0.05854165647014803 21.811359973342196
-0.07086235343677874 -0.0001569029119875277 0.9974860912548493 32.04774941712483 0.09245829168531998 0.9956938482331066 0.006724945306618753 -1.0271151366760145 -0.993191819924043 0.09270240542845123 -0.07054270241311807 21.72925049715276
-0.08201134699250731 0.002714381185524842 0.9966276993437694 33.04456792203902 0.09277734668650435 0.9956747111483177 0.004922755480845726 -1.0303407004341008 -0.9923036344316625 0.09286819538728908 -0.0819084573119381 21.650342904605836
-0.09224065321402494 0.006099160140248869 0.9957180635803664 34.0402023941981 0.09298849073872119 0.995664006317291 0.002515375585041687 -1.0305409208889234 -0.9913852946684171 0.0928223398206632 -0.09240785002061573 21.557475520480697
-0.10153784079419666 0.00876940086015842 0.9947930259583686 35.03433514656758 0.09410873388537036 0.9955615793305859 0.0008294379302457686 -1.0303612901101105 -0.990370442356467 0.09370293148744846 -0.10191245035477103 21.448708121175343
-0.10921295573562388 0.00984579557445913 0.9939696125179059 36.02950575912832 0.09381882844337254 0.9955891863697988 0.00044655686373608274 -1.0332369525917964 -0.9895810010954136 0.09330183434973559 -0.10965495874775964 21.350511446164866
-0.11491228411569615 0.010658651489243836 0.9933184585558379 37.02289713467529 0.09377402835769635 0.9955934935062758 0.00016520755821792024 -1.034735883486929 -0.9889396334280888 0.09316645767870643 -0.11540542707653911 21.2360818694905
-0.1198792917060655 0.012510116403466786 0.9927096516140181 38.01556004068913 0.09501564121549544 0.9954752036468424 -0.0010709102130185765 -1.0349060666224326 -0.988231239814073 0.0941945641310996 -0.12052551905589089 21.11516221069473
-0.12437025970286916 0.01427218606698657 0.9921332285566852 39.00692369780862 0.09393354051581428 0.9955752132095 -0.0025465288180292443 -1.0353956540901246 -0.987779595085667 0.09287787437127594 -0.12516058478877762 20.98425958459618
-0.1282623578500841 0.015117029174891317 0.9916250516135944 39.998083376037904 0.09476876062335514 0.9954950359956565 -0.0029181017662023483 -1.0458042838537345 -0.9872019294798048 0.09360079453151138 -0.12911716266406906 20.8517647626066
-0.13138105935848693 0.014254553199957675 0.9912294512144565 40.989981151576075 0.09443427303017776 0.99552947169914 -0.001799737673070677 -1.0481598765421873 -0.9868237863565628 0.09336958118948392 -0.132139834983236 20.72411687888467
-0.1337251669691341 0.01242828632055333 0.9909405216349834 41.98027532806522 0.09457951430474228 0.9955172717791906 0.0002776025861567343 -1.0466017732116881 -0.986494954469082 0.09375979569330961 -0.13430117467316743 20.585337309590713
-0.1359198133573188 0.01135479774939617 0.99065476978864 42.972528935817444 0.09496051764432993 0.9954797235455977 0.0016186717703773803 -1.0523112791541687 -0.9861583566677475 0.09429309931087024 -0.13638367569734242 20.462549937799405
-0.13782219189438946 0.012210815234737923 0.990381713993514 43.96193095952626 0.09706456499925584 0.9952773189153222 0.00123639566196649 -1.049998614447686 -0.9856893596072401 0.09630137301217884 -0.13835653910472717 20.316412861063025
-0.13892833004426314 0.012077922167894023 0.9902287831138922 44.953197777481435 0.09691781690510252 0.9952913199236295 0.0014578240729419263 -1.0509063000929504 -0.9855485050861073 0.09617334495994692 -0.13944472683380238 20.184693126828833
-0.1393481656202535 0.013508138126464833 0.9901513111351351 45.943367243834324 0.09948859733491874 0.9950386107994765 0.00042663635159319703 -1.0574614349402929 -0.9852330220504184 0.09856821608714683 -0.14000071085104085 20.04514268592988
-0.13958190100726833 0.013865017476050599 0.9901134552169195 46.933916118455336 0.09945282888169367 0.9950422741592989 8.639049876438623e-05 -1.0615937335085932 -0.9852035463489892 0.09848164258519736 -0.1402688074202379 19.90781098401179
