1.0 0.0 0.0 0.0 0.0 1.0 0.0 0.0 0.0 0.0 1.0 0.0
0.9998074042775188 -0.011211962498992093 -0.016107335247375575 0.8108345530013292 0.010380608560120255 0.9986548378946389 -0.05080115860444665 0.5891574497358433 0.016655248955560847 0.05062417057645272 0.998578888238518 -0.011687881240974746
0.9957506755764007 -0.014336312854813342 0.09096736900048649 0.3707657898178211 0.019605240650697978 0.9981648041972321 -0.05729448665386273 0.5583110540806243 -0.08997903438118224 0.058834460953002266 0.9942043449795419 0.8855193601570881
0.9906107455457044 -0.013842258118218487 0.13601008308052948 0.5319214980247673 0.02224985750181167 0.9979206912786767 -0.06049163379374961 0.4843223408536633 -0.13488993531962637 0.06294986741905537 0.9888589482536883 1.8711775934328918
0.9856471311402756 -0.011337247525623184 0.16843752460033215 1.0479663593021953 0.022227740104479178 0.9977715268636375 -0.0629119046767242 0.42312679108905416 -0.16734891826597645 0.06575292387984168 0.9837026443780963 2.71816256995554
0.9767446140199991 -0.013841699818563149 0.21395879586746627 1.272266582137929 0.027700365442798965 0.9976972207435422 -0.06191078641841856 0.34255033095255155 -0.21260914546947102 0.06639776401916288 0.9748788069273006 3.6878627316327632
0.9907477479264655 -0.014393300228833054 0.13495085359922637 2.2228655482369044 0.024366367419694127 0.9970675479244134 -0.07254367660083005 0.37461160061143234 -0.133510973771468 0.07516074630097831 0.9881931400784335 3.971031415958166
0.9845789799312357 -0.01825602552179919 0.17398548735373093 2.522547304806701 0.03196556966584367 0.996570569688465 -0.07632366596768247 0.32644434046349335 -0.17199544945580952 0.08070822239992462 0.9817859991889977 4.914637047869313
