1.0 0.0 0.0 0.0 0.0 1.0 0.0 0.0 0.0 0.0 1.0 0.0
0.9990979307256832 -0.00033755985120502674 0.0424642305123344 0.03857889456844815 0.00042678784081546904 0.9999977202679327 -0.0020922024463106382 -0.017406107824773823 -0.042463427461719924 0.0021084383520204213 0.9990957971165322 0.6048981606389846
0.9960788523140296 -0.004701490039468676 0.08834486948416521 0.07836659577344063 0.005347234965491779 0.9999606811570549 -0.007074123135948662 -0.028042885158001296 -0.08830813694665532 0.0075187852295113995 0.9960648276180036 1.1031949628464202
0.9900837081887538 -0.004126628945167531 0.14041802488553706 0.006106207331906713 0.005727827627290734 0.9999230837145073 -0.011000847492020585 -0.04071018587997999 -0.1403618280369647 0.011696050120427669 0.9900311912468729 1.5937615949397617
0.9828371489888871 -0.0014881885939724746 0.184469303305739 0.08523603625923508 0.003973756264068302 0.9999062271628052 -0.013105195236961038 -0.0511581767144996 -0.1844325020937192 0.013613308773177027 0.9827508992596734 2.0020077100590195
0.972918118724569 -0.0036701502005718157 0.23112088666961794 0.2762642236435072 0.006886035921438624 0.9998903601707656 -0.0131091627065119 -0.07624081951809165 -0.2310474340189343 0.014345648646275572 0.9728367209342914 2.927586319047358
0.96086953428291 -0.004069019355896495 0.2769714446805383 0.33997782063128434 0.008309241596234938 0.9998655377664615 -0.014137287260313743 -0.08491334010573708 -0.276876677585958 0.0158855112749502 0.9607741440840794 3.1776703734434784
0.9469968963463291 -0.006418539811943697 0.32117858063249133 0.5143250398370247 0.012416603906425584 0.9997846056846236 -0.016630399378043715 -0.1018870950617298 -0.3210026577115058 0.019736883814948952 0.9468726150646798 3.6973212829681232
0.9317626650202997 -0.008012317533836978 0.3629795295082149 0.7090026039792919 0.015880232460924293 0.9996990711616218 -0.018697201276608878 -0.11227292689864074 -0.3627204905864226 0.023185553397061437 0.9316095082288594 4.177232137090503
0.9140629812278381 -0.008100503116304301 0.4054913663669535 1.051869145255944 0.01752347999286 0.9996556649919517 -0.01953148991856534 -0.13428765111876872 -0.4051935265991005 0.024958631748594088 0.9138901863481315 5.047762999252736
0.8939752035979328 -0.008641029707413773 0.44803311033631155 1.4037657459606558 0.019236309606325643 0.9996324457933876 -0.019103342897510006 -0.1399461944238358 -0.4477033613284174 0.02569641848051699 0.8938128407740129 5.904145705483978
0.8719115101519791 -0.008351969228705944 0.48959224164042575 1.8801272741917114 0.019764411149919423 0.999639991153253 -0.01814541647418433 -0.1758402731889587 -0.48926443414210197 0.025497699839934752 0.871762686048492 6.7389245006768705
0.8476876099415447 -0.008504811817164224 0.5304275484244247 2.373580250099068 0.02069767844259613 0.9996403992848375 -0.01704928810061419 -0.20442115455545448 -0.530091805311757 0.025431089115597803 0.8475588107309824 7.5331505255756905
0.8229578979973566 -0.011474451803961021 0.5679864743808344 2.9163321644987557 0.025068949567018186 0.9995555947590548 -0.016129499480105586 -0.24242960638322475 -0.5675489810504271 0.02751272326889876 0.8228798236479927 8.3139634590759
0.7970303863061392 -0.014661577478715567 0.6037612122772722 3.4558413086975808 0.030291424425489686 0.9994175114147048 -0.015718380448165013 -0.2610735496632119 -0.6031790720100961 0.03081681397344686 0.7970102452701382 9.012500146211243
0.7680636593211462 -0.01353584363760303 0.6402304242749073 4.012853095475593 0.031054158484565043 0.9993876167327508 -0.016125469358996898 -0.2876197587463546 -0.6396200860440713 0.03226720406621548 0.768013654221541 9.690721049272616
0.7374635070384544 -0.01640952805497576 0.6751876059107984 4.604135525562581 0.0357287552325796 0.9992528342980048 -0.014738697260423735 -0.3094043160054006 -0.6744412738230611 0.03499286407850849 0.7374987916108815 10.336313878976704
0.7053393083846191 -0.015405247722951841 0.7087024328941595 5.268031500816933 0.035986755898155816 0.9992528635817761 -0.014094964474824804 -0.3342439395521158 -0.7079557990774797 0.03544563395136999 0.7053667085894776 11.011073879305549
0.6709434619538321 -0.014123271483172401 0.7413739974291101 5.955469004374567 0.037233226494449136 0.9991990473061948 -0.014661197331922317 -0.3613307756818947 -0.7405731278585653 0.037440580457641474 0.6709319229465657 11.65501713127667
0.6353760732827096 -0.015232723641327387 0.7720525951192125 6.660009368732917 0.0418774755381791 0.9990138238302105 -0.014753197575109362 -0.38260083462699634 -0.7710664838665945 0.041705442409929516 0.6353873885520542 12.234895930724136
0.5988207169082829 -0.013702216440146617 0.8007658823064806 7.395351307210337 0.0421633529300668 0.9990064362574017 -0.014435788374056655 -0.4118333246203145 -0.799772468062726 0.04240742365333336 0.598803481743337 12.789706232554254
0.5610723467229511 -0.012447599145237851 0.8276731716192806 8.17133279223714 0.04526736426569573 0.9988520882051288 -0.015664342331877704 -0.4334826504112887 -0.8265280923690597 0.04625541226465198 0.5609917551631134 13.30934628709559
0.5227542179256414 -0.011083814269912041 0.8524113893550346 8.977075632656192 0.05030978843331075 0.9985737969040617 -0.017868892646189533 -0.459631007269346 -0.8509976221052243 0.05222567565705234 0.5225662885925751 13.783393694753567
0.483590393851203 -0.009913208738128574 0.875238287135196 9.839889866147956 0.051784012936130844 0.9985084069587036 -0.017302521117523093 -0.4934816482331533 -0.8737612642930954 0.053690683785047766 0.4833824195144313 14.28375236592344
0.44519897907843703 -0.011421733515252984 0.895358818033878 10.668060426178945 0.05675166854997844 0.9982682457997951 -0.015484106192897713 -0.5156956796362592 -0.8936314213054005 0.0577066151433793 0.4450762063112155 14.690019854288455
0.4082284387174645 -0.011904401312582597 0.9128021839652277 11.509039963010395 0.060448551191854 0.9980728819356719 -0.014017667545921025 -0.5402628858260292 -0.9108762344474174 0.060899980082190046 0.40816133813099226 15.059917632646254
0.37297200149297016 -0.00942261606575719 0.9277947512293891 12.395930438785758 0.061869790987141036 0.9979754373965275 -0.014736190702378572 -0.5647662769177203 -0.9257775192050921 0.06289865387817709 0.3727998716131463 15.412705676990951
0.34000198248713476 -0.010025944356680371 0.9403712736704444 13.288891963232208 0.06249768490349631 0.9979734853167561 -0.011956671210223776 -0.5792997832989962 -0.9383457205564062 0.06283631946957788 0.33993956178855694 15.719939426628446
0.30644093451866206 -0.011471403739907553 0.9518205506016163 14.281181212994042 0.06479840989855377 0.9978592564955754 -0.00883573996427764 -0.5983430139972561 -0.9496815886000676 0.06438409059956782 0.30652825180025234 16.03743237146622
0.2736414524340148 -0.011222078104370408 0.9617663024211345 15.475618935822418 0.06538081741761986 0.9978361180555232 -0.006959182257114531 -0.6150823508112476 -0.9596070571976879 0.06478538775760542 0.2737830332754211 16.379558122769147
0.24129409326391316 -0.008152959219530458 0.9704177913723087 16.42149678178034 0.06273816295471861 0.9980039404840005 -0.007215101348878169 -0.6297955775181895 -0.9684219552782833 0.06262319086705885 0.2413239575769779 16.62097947092272
0.21058202818740301 -0.0062972540263263235 0.977555908373637 17.377693817459136 0.06258895806462904 0.9980144628380705 -0.007053672406746342 -0.636982559784524 -0.9755705160227344 0.06266958239661011 0.21055804831297903 16.814099682493925
0.18007463345533203 -0.006117047853912558 0.9836339299309879 17.992289639571457 0.06465966479324815 0.9978914835938114 -0.005631582350176069 -0.648106390326143 -0.981525472993316 0.06461554531608453 0.1800904694001118 16.927570275493647
0.14927732045764872 -0.0064023254536101585 0.9887746415770226 18.61138229562101 0.06635045027130025 0.9977900430632375 -0.00355636227885779 -0.6588326962561396 -0.986566723210235 0.06613652691704355 0.1493722211844329 17.02634544133279
0.11888250584918583 -0.0069263397449306156 0.9928841702941764 19.469591074212858 0.06498003263901414 0.9978862281856896 -0.0008191187768110987 -0.6659188928689942 -0.9907797662251946 0.06461502468525152 0.11908128914180217 17.12894019915483
0.08929569540294484 -0.007211045854944393 0.9959790558039769 20.191526138206825 0.0655359068555614 0.9978492999535982 0.0013488864790184574 -0.6733055795299839 -0.993846730484698 0.06515194087509588 0.0895762295761795 17.198925555435483
0.06212168589554282 -0.006916660698583916 0.9980446162102551 20.853337301796124 0.0684027336530054 0.9976542536884134 0.0026563369911658343 -0.6778468337851804 -0.9957218297146506 0.06810396392424817 0.062449082679517695 17.240189538266588
0.03674850716347219 -0.006287571719112517 0.9993047651558219 21.525089365737834 0.07237452851299335 0.9973709778023684 0.003613898181920465 -0.6786553038220801 -0.9967002933900332 0.07219140585571382 0.037106954561072415 17.260167917757215
0.01446475782985696 -0.005762581585029535 0.9998787743693726 22.24463235649532 0.07662235731989618 0.9970493994849273 0.004637816888128491 -0.6789386395703058 -0.996955257340903 0.07654598382816397 0.014863620693247375 17.25625309908828
-0.005647221981910918 -0.0057034086777217295 0.999967789487912 23.004603951750102 0.08229230422297029 0.996589267441323 0.0061488768438711094 -0.6758331031576698 -0.9965922363482275 0.0823243776181872 -0.0051586141760157364 17.239236607565648
-0.02378326133521857 -0.006461017445514733 0.9996962597378408 23.929141083854955 0.08662811093242304 0.9962044624577002 0.008499375014916155 -0.6816271725857761 -0.995956789663357 0.08680394134446393 -0.023133285337935666 17.225713846151656
-0.03936845648516215 -0.0062691210986568074 0.9992050954406835 24.761701648126575 0.08981451882247436 0.9959104198947724 0.009787121829497685 -0.6797301791210022 -0.995180122813284 0.09012842873182919 -0.03864439793383085 17.193297191026023
-0.05375370446252224 -0.006964705823535839 0.9985299355198853 25.552054106372267 0.09213694321788385 0.9956751778207187 0.011904787530424147 -0.679584752585818 -0.9942943844511143 0.09264142240095251 -0.052879522544251434 17.148170811476394
-0.06697373400434166 -0.00806537404294693 0.9977221400244969 26.48365997900352 0.09228499120999711 0.9956307599975663 0.01424324906891044 -0.6776937167352372 -0.9934777296703166 0.09302870249667908 -0.06593679671395847 17.08346117747395
-0.07925040009824048 -0.007871965971465179 0.9968236585454879 27.347570302157344 0.09195498607770575 0.9956475528076529 0.015173368893582019 -0.6716833509946212 -0.9926044804551899 0.09286540119913271 -0.0781816003955299 17.015548396994507
-0.09043889054434845 -0.004908530385532196 0.9958899102845457 28.18917308768034 0.0920325501973627 0.9956676386377853 0.013265107373350798 -0.6641822471538377 -0.9916404674988193 0.09285396975310706 -0.08959533202021042 16.93888430521602
-0.10076554154730542 -0.001626006214916344 0.9949088710733592 29.075726659593986 0.0926673450973523 0.9956362210327848 0.011012652730556448 -0.6647956205157289 -0.9905852153092566 0.0933052596124392 -0.1001751453174328 16.857379699213666
-0.11024984945776456 0.0009476876394183826 0.9939034523446818 29.997396536741828 0.09383119171479753 0.9955431850477741 0.00945907851295168 -0.6597570208329971 -0.9894648443254166 0.09430200736501519 -0.10984740894080021 16.76040817153477
-0.11793645279241555 0.0021403347379931196 0.9930188377215965 31.122308281122393 0.09345590385270183 0.9955831603588333 0.008953482282994089 -0.6504613998162838 -0.9886136693055669 0.09385941496262744 -0.11761557331006957 16.635166697555665
-0.12363240396545236 0.0028995800657546835 0.9923238489148409 32.03237065276919 0.0931759003604363 0.9956116565110995 0.00869948338961512 -0.642875589914924 -0.9879439661649567 0.09353620611648965 -0.12336003349378698 16.520050550347417
-0.12874908420808295 0.0046547956538457065 0.9916662776322483 33.163079938623774 0.0941295051698823 0.995531347583017 0.007547995496486511 -0.6330330106136023 -0.9871997313472349 0.0943168535149622 -0.12861190291331523 16.37469023345053
-0.13354943081141124 0.0063102691567168325 0.9910220633432519 34.20562198742149 0.09311729615377966 0.9956357869629835 0.006208774082669119 -0.6291425799523551 -0.9866578528988441 0.09311047321204063 -0.13355418784625367 16.245091157425062
-0.13780016748874868 0.007262608288533858 0.9904334244970324 35.37960097008544 0.0934619880255522 0.9956065153093016 0.005702935032122161 -0.6245077339559691 -0.9860405522261161 0.09335374226305236 -0.1378735223714081 16.085112408899114
-0.14106488864382905 0.006410774342994854 0.9899795953272098 36.57229687083501 0.09309887898792576 0.9956335201470591 0.006818525556662143 -0.615664057172074 -0.9856131573406959 0.09312784509424943 -0.14104576755438544 15.927366272382724
-0.14355171557396512 0.004406337812922701 0.9896330073026307 37.871110355758134 0.09394794035044839 0.9955346480859566 0.009195051075361739 -0.616960504743705 -0.985173431158027 0.09429394809556094 -0.14332467300807472 15.748814468048673
-0.14568475785955162 0.0031978582698683373 0.9893258942481434 39.141211327384426 0.09391152308351561 0.9955239968535147 0.010611197903023985 -0.6105682054655999 -0.9848637353256225 0.09445499135190615 -0.14533298816570547 15.563010820302551
-0.14781898403022192 0.004133087317635689 0.9890057965196648 40.47768093299034 0.09637270661807656 0.9952925937607655 0.01024471688595998 -0.5979510138612232 -0.9843078021530557 0.09682752911332672 -0.14752145683400975 15.36251339382505
-0.14869613412210347 0.0039903061533502265 0.9888748844792971 41.56200949104497 0.09592397758223571 0.9953342513567709 0.010407622248070195 -0.5843392457215749 -0.984219513229617 0.09640438544411928 -0.14838512137406965 15.196497433971295
-0.1492126444118184 0.005435250446823482 0.9887901925081032 42.92000573234647 0.09756302620844301 0.9951863400821364 0.009252266261431665 -0.5695175191126141 -0.9839802044069195 0.09784991858198996 -0.14902466496796724 14.985317266401326
-0.14917905961613234 0.005745985905890447 0.988793503122879 44.26417269210587 0.09724239873384763 0.9952210439958383 0.008887602394364216 -0.556637629710296 -0.9840170344361596 0.09747849626354635 -0.14902489290606394 14.777845000411514
-0.14885680437087445 0.007064824737319241 0.9888335249393202 45.58710342357523 0.09654715517148307 0.9953007316546153 0.00742296410339734 -0.5472159438738835 -0.9841342889162967 0.0965740224864726 -0.14883937503227215 14.5829217542135
-0.14755463065298413 0.006972658907767014 0.9890293286857657 46.93335128453204 0.09702539232939814 0.9952539572547439 0.007458807686102879 -0.5423197556373504 -0.9842833454936581 0.09706154025425227 -0.14753085503474936 14.375442380138354
-0.14622397981405486 0.005925981088551493 0.9892337592679882 48.36535404272921 0.09615630434155334 0.9953320492622932 0.008250869451034083 -0.5354939804975043 -0.9845671703153186 0.09632753738916806 -0.14611123392068406 14.162772886477455
-0.14498651859548112 0.006739027824854493 0.9894106806223274 49.642490865656704 0.09715423085536334 0.9952413941435139 0.007458070137588693 -0.5300379978241798 -0.984652205020872 0.09720675330063373 -0.1449513099640173 13.970806370715806
-0.14401325323827213 0.00757049182694721 0.9895468005835937 51.23074046020857 0.09703316102858191 0.9952598747992908 0.006507478413416072 -0.5189650280486225 -0.9848069600447242 0.09695601718303982 -0.14406520113987056 13.744038749246302
-0.14328980256754945 0.008191861045059786 0.9896468692886216 52.75528660532281 0.09819741582507668 0.9951489844994051 0.005980482846696316 -0.5159217223306728 -0.9847970857011256 0.0980377073498819 -0.1433991210996396 13.536747230489611
-0.14231019678320447 0.0080625764870678 0.9897892718917067 54.14319170970244 0.09778453117157881 0.9951898062909902 0.005952723583019479 -0.5112598941148266 -0.9849801994736141 0.09763321317508451 -0.14241405243173239 13.34335964108004
-0.14152953359235018 0.0063985625590315485 0.9899133545509471 55.53493460523885 0.09955772446302767 0.9950011963700839 0.007802481774767526 -0.5098740664210278 -0.9849150474131647 0.09965780260110035 -0.14145908157429934 13.148073813298687
-0.14106414274261053 0.004569042480206637 0.9899899148390885 56.994214199557035 0.10119268891173368 0.9948183033299144 0.009827668625021543 -0.5042168230650589 -0.9848151843585202 0.1015660731278128 -0.14079554483821616 12.948256898055066
-0.1404200648611881 0.005707501897548914 0.9900755677252462 58.36150390065154 0.102494020600593 0.9946946739132789 0.008802353644379408 -0.4962725560112944 -0.9847726545378409 0.10271285270425014 -0.14026007544504568 12.756360963448437
-0.1398026825869004 0.007617950403380572 0.9901500779039293 59.94162015522225 0.10451710656559855 0.9944977038971755 0.00710572856230153 -0.4912057469593524 -0.9846478479013004 0.10448102112296488 -0.139829652965459 12.540637514217226
-0.1393206678484781 0.007153786777873633 0.9902214776730455 61.35014677479586 0.10385558298358998 0.9945646576732158 0.007426950282421528 -0.4940590315032847 -0.984786154143829 0.10387475652003056 -0.13930637302188112 12.349904156104099
-0.13907246888127775 0.00703705213191129 0.9902572031025867 62.722292493860216 0.10403261603774779 0.994545282800499 0.00754289464447365 -0.487039079282232 -0.9848025503620556 0.10406805636970383 -0.13904595083577007 12.151311971340558
-0.13910014135013835 0.006053440905165038 0.9902598176890638 64.10891697262673 0.1037241466569761 0.9945698660349174 0.008490169348613727 -0.47905968173434593 -0.9848311794803483 0.10389483831496973 -0.13897269694027126 11.966537909479321
-0.1390474870322227 0.006271905464314427 0.9902658529667016 65.6002052260473 0.10503894700396628 0.9944322026517148 0.00845067698804326 -0.4714544829558706 -0.9846992515292791 0.10519152784851536 -0.13893209314831836 11.764830058156345
-0.13949318831710858 0.006179318597375817 0.9902037499599758 67.08198138152659 0.10582223598310624 0.9943469834869002 0.008702344628741383 -0.4618347651984757 -0.9845523372501149 0.10599949269771879 -0.13935854033091272 11.579590014025026
-0.13943530823615335 0.0071646732057665564 0.9902052626980641 68.5774615089511 0.10615451234607107 0.9943194156246159 0.007753658522894462 -0.4562665278734176 -0.984524765724894 0.10619589055032397 -0.13940379659308666 11.375544597340841
-0.14014314349510087 0.007879343956386488 0.9900999016615076 70.00146366292475 0.10562982480635832 0.9943806152616126 0.007037904753143374 -0.45506543506925934 -0.984480695312351 0.10557039324902236 -0.14018791897505634 11.184092471880884
-0.1417132211212856 0.00856526677506638 0.9898706982048212 71.56676001168186 0.10466961081212857 0.9944865874850235 0.006379646136728761 -0.4529287930180032 -0.9843584893380397 0.10451346093907848 -0.14182842081426542 10.982873250149316
-0.1431301797852867 0.009175241948047084 0.9896613393327158 73.1221434004095 0.10400007045349523 0.9945602587942239 0.005820392841884346 -0.4542099110195577 -0.9842244342528282 0.10375792288958285 -0.1433058144575426 10.772497832910373
-0.14434747937001963 0.008253483384302063 0.9894926403018597 74.51182051405333 0.10257404665922047 0.9947030318398132 0.006666588380509802 -0.4515585110555073 -0.9841963067150141 0.10245856948400234 -0.14442946855755523 10.576487467650274
-0.14519413459803265 0.007922674705636118 0.9893714643670675 76.04108286955282 0.1025443871976748 0.9947032089098516 0.007083419985930164 -0.4509555965959908 -0.9840748507774102 0.10248296155923874 -0.14523749742220723 10.35120501101529
-0.1460760973085129 0.006948627450893836 0.989248952676555 77.66897258869894 0.10012644758475603 0.9949441746056897 0.007796403803013266 -0.44924414147321395 -0.9841933083948353 0.10018885164902944 -0.14603330344848597 10.133633603460531
-0.14772489095216004 0.008016255272651011 0.9889960041600646 79.1125163279344 0.09970422664149693 0.9949936925724092 0.006827805719479412 -0.4388210272372866 -0.9839900526849821 0.09961571860166271 -0.14778458926586596 9.918488542333995
-0.15032716963438197 0.00887050495312236 0.9885965082942539 80.7857822746477 0.09878914595921723 0.9950897332445082 0.0060932283743280816 -0.4386643531854405 -0.9836881857125075 0.09857858252810235 -0.15046533273942436 9.672545590368506
-0.15454759574467827 0.009900644152382202 0.9879357357110359 82.30234586500428 0.09922292847232614 0.9950497515692099 0.005549988056657106 -0.4343559045645143 -0.9829902599288131 0.0988836141502792 -0.1547649176579219 9.450253344383208
-0.1591935012837053 0.009052055567836087 0.9872059002249886 83.69315007845276 0.09774100862934205 0.9951897593401852 0.006636123608179272 -0.4388996940280775 -0.9823971317044621 0.09754692816496566 -0.15931249927242064 9.247424311119916
-0.16421723290770374 0.008179390995581248 0.9863902868434363 85.63064206949974 0.09633367081390098 0.9953186552728964 0.007784493128779075 -0.44222183121253605 -0.9817089814622542 0.09630094510800226 -0.1642364261899576 8.949394222702512
-0.1687864324207828 0.008863547427853663 0.9856127930164345 87.22043391967392 0.09518668382146167 0.9954323126410077 0.0073488892526550505 -0.4458416182386733 -0.9810456846924805 0.09505760609845434 -0.168859160453596 8.688725232617507
-0.17386790964630305 0.010557292180429967 0.9847123912986169 88.88659542839055 0.09585838517517052 0.9953753360113019 0.0062538349831168655 -0.4524961966380319 -0.9800924038001897 0.09548028090765369 -0.17407583396600942 8.41865874802531
-0.1779219174623206 0.01211881795189753 0.9839699820309451 90.39301501755762 0.09531565727350468 0.995434666278926 0.004975002380191603 -0.4563917130703561 -0.9794175395432999 0.09467290753754161 -0.17826475763127417 8.132047089783649
-0.1827329271263823 0.012309778452936961 0.9830855235930709 93.08262388581389 0.09400078381292669 0.9955595344062276 0.005006605178226407 -0.46198051543723523 -0.9786585359492758 0.0933256813920737 -0.18307863667376725 7.671279725917134
-0.18704717159361778 0.01198223065956545 0.9822778536377815 94.78135899681446 0.09228363339240975 0.9957179734067916 0.005426641923623007 -0.464915559998444 -0.9780066904713501 0.09166320735765737 -0.1873519944120795 7.349668925672452
-0.18929490220770268 0.006706885883556846 0.9818973763484244 96.28874397444037 0.06503823611282658 0.9978663646675815 0.005722421553634775 -0.22037424915467563 -0.9797639857851016 0.06494409862990047 -0.18932721994378157 6.832682961482498
-0.20271214257523043 0.002889817316550756 0.9792341069470746 98.22976118355339 0.02917728009588759 0.9995694758620265 0.003090186259695673 0.10095014102428164 -0.9788035929535434 0.029197806095500704 -0.20270918711406186 6.205248656683576
-0.20861335720222243 0.002878768004852584 0.9779939569811209 99.95869136296787 0.02926865908439493 0.9995661305237257 0.00330095519923456 0.10295871250984978 -0.9775601325709942 0.029313195059565398 -0.20860710391350584 5.87678930218625
-0.21423237557982722 0.004438257616489851 0.9767726404454375 102.3029325301088 0.029629161351531798 0.9995590448926311 0.0019566734360812023 0.09737898662818285 -0.9763332433401154 0.029360136965965344 -0.21426941057068966 5.407903917396923
-0.21882953572473027 0.005470810493942884 0.9757477668573148 106.64513242970864 0.029334861048484973 0.9995691653149171 0.0009745147025294431 0.0667915007593484 -0.9753220494902006 0.028836677759040388 -0.21889574183628135 4.3647130799711045
-0.22404016945993935 0.005505514393066521 0.9745643599986754 109.11724336780752 0.029717350379699584 0.9995576396593121 0.0011849409751920096 0.05679929175948422 -0.9741267276667713 0.02922694493053047 -0.22410467227448794 3.791476745958874
-0.23024889867637605 0.005598349120316404 0.9731156679169447 110.58366810043684 0.029217038285945195 0.9995724152330586 0.0011624882567487962 0.04676553851827888 -0.9726930704657629 0.02869921936702324 -0.23031401493528283 3.4784619301443005
-0.2348498972615417 0.0067619042932542586 0.972008128775974 111.93655116450468 0.029245471826421038 0.9995722533848422 0.00011243130482557501 0.04082771399866646 -0.9715915953392626 0.028453240825557367 -0.23494719609441872 3.1616210052670044
-0.24121854564115153 0.004380551001320015 0.9704609337895528 113.84423706217274 0.010996599316945656 0.9999379507721737 -0.0017802834067049565 0.3002918089619768 -0.9704085160602365 0.010242332667438292 -0.2412517493808055 2.656997720553316
-0.2440471277276111 -0.0015416626171725518 0.9697621475002394 115.09977206162974 -0.0029306322313095382 0.9999953425537651 0.0008522121229571009 0.3959294004387615 -0.9697589447087498 -0.0026340362853457394 -0.2440505091373901 2.2316264778251096
-0.24764428940686378 -0.0017975814046146232 0.9688493560018819 117.40424032838075 -0.0007461331795581231 0.9999983360981927 0.0016646579600532018 0.3736127261384515 -0.9688507362898828 -0.00031064761288358573 -0.24764521858621152 1.6316266989269628
-0.25134461827967275 -0.0009226443128706066 0.967897221604296 119.34712692927236 0.000890285420389866 0.999998902251704 0.001184435416899793 0.36016209332401117 -0.9678972519093729 0.0011594062525678705 -0.25134352094976586 1.1662567547752665
-0.25474889685494573 -0.00034019185883789544 0.9670071787844625 121.68520897596477 0.0010735520772775908 0.9999992223742119 0.0006346155593900934 0.35340378840768855 -0.9670066427057912 0.001199800179208109 -0.25474833354195686 0.5853480848854444
-0.2576798801576493 -0.00044416293288408786 0.9662302427895881 123.47012906905205 0.00018459499396686265 0.9999998534649788 0.0005089152273912343 0.34506661137281214 -0.9662303272443005 0.00030949848064301536 -0.2576797604082682 0.10295675467916238
-0.26138228598847657 -8.386111919666655e-05 0.9652353565523535 126.06716728323322 -0.0013943312419506138 0.9999989856668753 -0.00029069848240436335 0.3216132181022782 -0.9652343531038596 -0.0014218412473404184 -0.2613821377899437 -0.601619390506714
-0.26607331068397333 0.00024717207050854316 0.9639527645313516 129.8510772913292 -0.0026685798076517006 0.9999959463042353 -0.0009930039811234513 0.2560100585790868 -0.9639491024029644 -0.0028365967397381764 -0.2660715725053239 -1.603926633189105
-0.2677610695681218 -0.000633513852461769 0.9634851365142756 131.57512094644153 -0.007658010163540447 0.9999695954608313 -0.001470725751426505 0.23640728862086327 -0.9634549104675689 -0.007772182068089722 -0.2677577798717147 -2.4320916903615983
-0.26843514618689673 -0.001916158321350338 0.9632958531151814 134.06026892326562 -0.0101206395458267 0.9999484395651623 -0.0008311837220160697 0.0990688651015328 -0.9632445924825136 -0.009972289029295835 -0.26844069830171624 -3.559589818754543
-0.27317338033533894 -0.0015023182233864835 0.9619636413691103 136.2582283629111 -0.010929505774154403 0.9999390820934074 -0.0015420783786629713 0.08705930718086963 -0.9619027238654114 -0.0109350419363116 -0.27317315878056875 -4.158410529300827
-0.27795223218888354 -0.0018332392106038759 0.960593147932678 139.22650040620337 -0.011549961150416083 0.9999322691272156 -0.001433720865805684 0.04448931092107453 -0.9605254577670712 -0.011493319454964698 -0.2779545800832664 -4.9612509166490035
-0.2815814475510464 -0.002676576141159978 0.9595335972936102 140.96965506864845 -0.012124545159630176 0.999926199469231 -0.0007687780507189316 0.027146609393776177 -0.9594607255118526 -0.011850382068935603 -0.2815931189590587 -5.514990571882884
-0.28610892539937083 -0.0028725599375123406 0.9581927943823314 140.98676361568508 -0.011847665712833544 0.9999296681686043 -0.0005399383125316233 0.02694955493497247 -0.9581238519231087 -0.011506829086668002 -0.28612283596454813 -5.51994406457108
-0.2902002889196443 -0.0021056935916088757 0.9569636139192813 142.58865958017722 -0.010521377044946842 0.9999441583550353 -0.0009903518151330778 0.00709565823135912 -0.9569080901194398 -0.010355975383223337 -0.2902062384543598 -5.9873792366912255
-0.29389028767857744 -0.0010057642944301475 0.9558386303379798 144.49759683421644 -0.010347335316447758 0.9999441977963998 -0.002129306263309078 -0.011237948053387747 -0.9557831508559108 -0.010516165246800852 -0.29388429493331164 -6.56277837721325
-0.2998465032138526 0.000524309809612729 0.9539873162729402 147.35474980438414 -0.011120727806090164 0.999929981642371 -0.004044901203955064 -0.010835269571946991 -0.9539226404292377 -0.011821882756585163 -0.29981967774747764 -7.282982601186898
-0.30321808865201155 0.0015675411144039403 0.9529198988000374 148.72750598993494 -0.010131660470369497 0.9999368202869682 -0.004868766835643993 -0.03205088294665026 -0.9528673255864821 -0.011130959044097038 -0.30318304962583964 -7.696195870536552
-0.30664449322997334 0.002197743938023258 0.9518215823846997 150.19618914604942 -0.010538270912310414 0.9999282026454148 -0.005703893449911153 -0.052629026769834025 -0.9517657798103021 -0.011779621211739647 -0.3065993165455463 -8.158396536345442
-0.3098877836709076 0.002158438619639093 0.9507706887963344 151.67418565905038 -0.010385701786324997 0.9999300761569437 -0.005655085779468015 -0.07443181333105868 -0.9507164134114543 -0.011626862839685675 -0.30984369822632923 -8.642956409324047
-0.3136499118672446 0.002242031046136107 0.9495360478056933 153.1828895441287 -0.010780211041104144 0.9999243561132937 -0.005921917031102606 -0.0938773551307387 -0.9494774983303079 -0.012093607741371725 -0.3136020166010076 -9.143758741792693
-0.317481716935667 0.002951098619550233 0.948259801124416 155.00350623984647 -0.008499005316271919 0.9999461363474647 -0.0059574585529793105 -0.12594180916369813 -0.9482263054356886 -0.009950649260936226 -0.31743953480792314 -9.74002342580956
-0.3205926942681336 0.003238721862450762 0.9472116104982007 156.62808433728276 -0.006341906215938168 0.9999644016777132 -0.005565573005568368 -0.14888226610087457 -0.9471959166969884 -0.007791409245428406 -0.3205607420357689 -10.280293997365145
-0.32348069432795673 0.0028759863889862214 0.9462303995853185 158.3130157015326 -0.005799661375576606 0.999970571229632 -0.005022011809137016 -0.16265685344858838 -0.9462169964257843 -0.007112339767814124 -0.32345449494170775 -10.842117678783715
-0.3259023623956681 0.0023401324859956656 0.9454005362622071 159.88083909486917 -0.006271210175130858 0.9999695844121697 -0.004637043615373725 -0.18099845202472506 -0.9453826326455669 -0.007440028931363656 -0.32587777442108296 -11.38785441378421
-0.32887317875364663 0.002917560124250041 0.9443695887412892 161.87008734033367 -0.006967938405395778 0.999960510766971 -0.005515862673769072 -0.21154974700885854 -0.9443483891715236 -0.008394328417369168 -0.32883986242481383 -12.051444735302889
-0.3317551179109116 0.004807963298913444 0.9433532876016447 163.5072155058822 -0.00737052932092585 0.9999432800973145 -0.007688425440348423 -0.24264880402830385 -0.9433367463623196 -0.009503687554771708 -0.33170086355843953 -12.60291902262917
-0.3350107160078154 0.006683554436697052 0.9421906124877389 165.13856136481684 -0.007862630140993821 0.9999201926615139 -0.009888748911055668 -0.26528112914687085 -0.9421815107542695 -0.010720933161421722 -0.33493142937764336 -13.157150604585084
-0.3379756821693809 0.007731135336919517 0.9411230885535334 166.79954747386165 -0.008411599854794213 0.9999015077507444 -0.011234757926640311 -0.3000058368355787 -0.9411172526577256 -0.011713425809284434 -0.33787736296737275 -13.740734723306794
-0.34080370653402225 0.00842229121553761 0.9400967496079065 168.47427309838073 -0.010205699507375533 0.9998678063730118 -0.012657546222942993 -0.3332997273070947 -0.9400790803492215 -0.013908083602763384 -0.3406726990826549 -14.357054511877735
-0.34548214181213854 0.008792129527014646 0.9383841367730359 171.10352363865857 -0.009497995023705054 0.9998721306466131 -0.01286508634760516 -0.3800603436506138 -0.9383772577057843 -0.01335742544736273 -0.34535445763156275 -15.249105708613271
-0.34867233573162904 0.007950469344361204 0.937210964688662 172.94677352199662 -0.009868420746048835 0.9998774465345647 -0.012153443277397643 -0.4222435847124676 -0.9371927318153026 -0.013486361582070063 -0.3485511461519648 -15.937519170459513
-0.35253593965685387 0.007195970821453098 0.9357706071758152 174.70906740982014 -0.010126020213826298 0.9998825563293079 -0.01150379341768414 -0.45805501218691763 -0.9357434878025541 -0.013531132705888332 -0.3524216699960534 -16.58190847069768
-0.3562538087509099 0.006993825666195125 0.9343630505071457 176.88082665890414 -0.010215315249322315 0.9998830743579936 -0.01137914525625849 -0.5001098402313727 -0.9343333832657525 -0.013598676956120812 -0.3561407094116254 -17.40018437524564
-0.3600971281613449 0.00697592312026501 0.932888736552527 178.78669780204297 -0.011348812222411003 0.9998652938953723 -0.011857424874745833 -0.5398822739629131 -0.9328457872291073 -0.014857003740321662 -0.3599694524383527 -18.118140657093118
-0.3636477397078278 0.007531314375751042 0.9315060926849378 180.75625844808263 -0.012061583112289753 0.9998454227748322 -0.012792527859703383 -0.5849065466204002 -0.9314584476068771 -0.015887411997854116 -0.36350068847499734 -18.87376216121315
-0.36717981108456027 0.00809375179313933 0.930114765775609 182.65163887347268 -0.011984893259622141 0.9998379623425848 -0.013431730796229467 -0.6322609179157426 -0.9300727652530538 -0.01607918656331723 -0.36702331137681127 -19.588602159206285
-0.3698113183933629 0.008756809164914937 0.9290656096753395 184.7285342668265 -0.011207204182983535 0.9998407916454277 -0.01388488157112753 -0.6804568952206596 -0.9290392819265306 -0.015547014346573908 -0.36965430199355664 -20.41366803755464
-0.37213356579068313 0.008376042045222151 0.9281413960876684 186.65778034954744 -0.010321163519604666 0.9998601146261262 -0.013161487888160819 -0.7277899273241313 -0.9281218038573994 -0.014477330537267075 -0.3719950592481057 -21.19502340813565
-0.37493151685182996 0.007736099985380974 0.9270202319411376 188.7146715494685 -0.009303865471856264 0.9998834215238724 -0.012107082596332013 -0.7745783547513454 -0.9270058229366565 -0.013164198370162408 -0.3748158322734024 -22.021638655557723
-0.3774598120991383 0.008512534868346383 0.9259868395394163 190.76340843271274 -0.008063929013933801 0.9998896175151154 -0.012479015759795313 -0.821255415517745 -0.9259908548678769 -0.012177419085757228 -0.3773495026702279 -22.851100075386174
-0.38008351322730405 0.00922357383800936 0.9249061837064573 192.91739270654512 -0.008241253992256063 0.9998768165603874 -0.013357897952118206 -0.8731595359328319 -0.9249154581395127 -0.01269950356190601 -0.37996067941808953 -23.722784283807414
-0.3827833725334641 0.009337820342269492 0.9237909367509302 194.77117160205063 -0.008814184555804551 0.9998664902668063 -0.013759062182916235 -0.9196976882830787 -0.9237960813201814 -0.013409204032776546 -0.38264996195568074 -24.47512870715666
-0.3852857450041631 0.010380655735364596 0.9227389320295797 196.58450098625445 -0.009228923014970183 0.9998433725853106 -0.015101565389522772 -0.9726739952183721 -0.9227511699675978 -0.014334304438448119 -0.38512959642138017 -25.25178419096968
-0.3877862313228706 0.011421314597360278 0.9216785732397558 198.22888653848096 -0.009587400755874305 0.9998191602155038 -0.016423416596726075 -1.0160735243180636 -0.9216994740929123 -0.01520527667724181 -0.3876066034241641 -25.967358429942486
-0.3906307795566233 0.011295553287853472 0.9204781390879985 199.78488761165818 -0.012054618987784564 0.999776209914873 -0.017384367958301304 -1.052931990659383 -0.9204685112615444 -0.017886882460941146 -0.3904071966700721 -26.598322379207275
-0.39377977025302274 0.01209029573112305 0.9191253001025537 201.4622910759536 -0.011323310971220118 0.9997738227160827 -0.018002389850194988 -1.1094212753370614 -0.9191350690557538 -0.017496518533792322 -0.3935538040358281 -27.306207240877736
-0.39598922555799954 0.011576582192725005 0.9181821801727093 205.47553120920875 -0.009779352376318539 0.9998106515046804 -0.016823358906135278 -1.2426703547441855 -0.9182030807556002 -0.015641095950090066 -0.39580103411740164 -29.0694919040094
-0.39821927650526556 0.010729788746543985 0.9172274960188863 207.2090918665088 -0.009280926286680978 0.9998332729284998 -0.015725480989257783 -1.2889291809783583 -0.9172433004535295 -0.014774910440907783 -0.39805330019305096 -29.83405932514545
-0.40158106630470514 0.010225939038955158 0.915766387981316 207.7514977539094 -0.010282512486261955 0.9998242878327527 -0.01567365294680604 -1.3023654563046616 -0.9157657545041448 -0.015710621582185127 -0.4014053552793678 -30.06169025022499
-0.404087288759892 0.010368439267695416 0.9146616634197753 208.5530532967418 -0.011603547793250827 0.9997971951434087 -0.01645983784795196 -1.3281049689255906 -0.9146468284213797 -0.017264531575552015 -0.40388502721466096 -30.428289810645968
-0.40771778250797996 0.00978806719897282 0.913055531480579 209.7770204739325 -0.013156719913370083 0.9997757655641739 -0.016592748768344778 -1.3577564502667734 -0.913013203928561 -0.018777974626584773 -0.40749757928241326 -30.965850265843528
-0.4110239672175015 0.009038071602610814 0.9115797341069463 210.85922800073547 -0.013966073916420248 0.9997710717165195 -0.01620965570768109 -1.391344703276236 -0.9115175517521025 -0.01939374694344921 -0.41080364583015344 -31.451912737003557
-0.4144556307319812 0.009268299029704797 0.9100223232358919 211.67317144927003 -0.014447020593368824 0.9997551316256089 -0.016761872933370815 -1.414796282635844 -0.9099548415995873 -0.020094163863063782 -0.4142202443484793 -31.820471605508253
-0.4182990074846425 0.008956070963827641 0.9082652306073664 212.8980911088499 -0.014999397087563333 0.9997469264891011 -0.016766068787988173 -1.4502548766267467 -0.9081855308384803 -0.02063666078814185 -0.4180588114214823 -32.36668685256979
-0.42193115626600775 0.008284214075102648 0.9065900237533977 213.82691151038156 -0.015898007532720165 0.9997368992931431 -0.0165343747453455 -1.480384985378925 -0.9064884735773087 -0.02138934288115956 -0.4216884433827809 -32.798944273591
-0.4260033977773333 0.008248250297080983 0.9046839621929873 215.2473836200431 -0.01658260002555407 0.9997192713529726 -0.016923234379761905 -1.5211782920303039 -0.9045695785612952 -0.022211367641740525 -0.4257470289842593 -33.43490975794364
-0.43004442409168553 0.009113898740059587 0.9027617239102492 216.87196512955478 -0.0163316778053793 0.9997068827487359 -0.017872461634164602 -1.5679229386034275 -0.9026599966807608 -0.022429566080496035 -0.4297695253944011 -34.18176864869154
-0.43391348236439736 0.0095573955766584 0.9009038494823915 218.42376222010236 -0.015715317747349813 0.9997113115012674 -0.018174774950846195 -1.6166037012028156 -0.9008174724163054 -0.02204427014453728 -0.43363801902426974 -34.88091673386683
-0.4375873203930464 0.009548628659819586 0.8991252197118869 219.6267818456826 -0.01583839743353094 0.999706625930001 -0.01832504402146085 -1.6503398993957117 -0.8990364187272785 -0.022259509481743357 -0.4373077086442236 -35.45569655161833
-0.4411894107453365 0.009742582203516129 0.8973611234827309 221.10652858685023 -0.016949816306456113 0.999672231928983 -0.019186777668510506 -1.7049345512099277 -0.897253925916939 -0.023675109337259297 -0.4408796679645236 -36.16849108155366
-0.44481145320394966 0.010197158108640372 0.8955661835202893 222.81713677755846 -0.016303754306627265 0.9996772992458607 -0.019480373918612518 -1.7547087943146948 -0.8954758280903506 -0.02326618445313301 -0.44450166025212223 -37.01162174203077
-0.4482936234399097 0.010682815937069854 0.8938225241214107 224.13120723588827 -0.015677841787228874 0.9996808101893132 -0.019811184117332466 -1.7996454149479295 -0.8937488643125712 -0.02289443563163118 -0.44798304918500886 -37.65500361446423
-0.45167759780752353 0.011839897396519063 0.8921026647580779 225.9615827425431 -0.014325519994684743 0.9996867880339527 -0.020520850548614078 -1.8588646823919217 -0.8920662122935195 -0.022048643042068588 -0.4513665142922064 -38.57050704085542
-0.45458263264782683 0.014002171763737182 0.89059450328467 227.29281301911968 -0.012094889644855628 0.9996872020640767 -0.021890903904920118 -1.8983112484737015 -0.8906224473588398 -0.020722866963682283 -0.45427108541635786 -39.26296311399979
-0.45745454655978984 0.014837051890044077 0.8891092169823613 229.9938631449787 -0.010568714602835419 0.9996994537129994 -0.022120228696199548 -1.9941238564895791 -0.8891701974894463 -0.019515740753055847 -0.4571602517273769 -40.61041387698255
