0.9990466514060907 -0.0007371349417105372 0.043649111633052996 0.031093584732904536 0.0008431724055305713 0.9999967381735362 -0.002410954703585979 -0.027987608946971186 -0.04364719205827065 0.00244545994976425 0.9990440142211265 0.9991250819678504
0.9960438637024484 -0.004917079107093485 0.08872679366320546 0.13127667523806547 0.0055831478881273626 0.9999580570298195 -0.007260347154735038 -0.04607834419384729 -0.08868737249663984 0.007726999042484405 0.9960295394442072 1.9939358945239252
0.9909984455857218 -0.004455296319943739 0.13379921965910163 0.28861553114267813 0.006001029660156884 0.9999198117960763 -0.011151574808858667 -0.07103734710279835 -0.13373880696978324 0.011854126387091954 0.9909457155656397 2.9811590601706754
0.983809687590755 -0.0021647858542884007 0.17920327090984095 0.49944015613685944 0.004623346941972072 0.9999008239018223 -0.013302895305580745 -0.10981521152496493 -0.17915670030907285 0.013916036169188331 0.9837221257406498 3.9579187364234896
0.9743821229876336 -0.00463432028865932 0.2248510651021558 0.730973452487874 0.007804477483873317 0.9998822575210561 -0.013212162041107796 -0.14148504187527655 -0.2247633611897533 0.01462853957368596 0.9743035652693803 4.930224913099237
0.9628660336722357 -0.00551200879798399 0.2699233575652678 0.9992473358036332 0.009753790937383945 0.99984908576701 -0.014375995729842614 -0.17218995862157527 -0.269803381673852 0.016474933987290927 0.9627744864647525 5.893082214394537
0.949507292204661 -0.008086730418466763 0.3136407289261248 1.3217614451207822 0.014126171284957516 0.9997558988295889 -0.016988055811933238 -0.20214587519373065 -0.3134267910294202 0.02056082553255977 0.9493897509023467 6.8391777001663145
0.9344260057977023 -0.010184966940791835 0.3560116657321313 1.6657475860374897 0.017980788590442793 0.9996653963332303 -0.018595338544703657 -0.23502241196658485 -0.35570315001503366 0.02377733842004435 0.9342964771672005 7.777600343675643
