0.9999795571052624 0.0005005587654239261 -0.006374544100208369 -0.008437330319739386 -0.0004983370294680509 0.9999998145394406 0.0003501161084334668 -0.0015149328297130343 0.006374718171668847 -0.0003469322796756033 0.9999796210954627 0.09127828543891706
0.9999081412022391 0.001004985865947779 -0.013516625351481527 -0.016301645365548453 -0.0010007343709129148 0.999999447648969 0.0003212981105226557 -0.0029914723067464024 0.013516940785619411 -0.00030774204489652016 0.9999085946258448 0.18531798185500742
0.9997717190176759 0.001205555176555623 -0.02133205309288612 -0.023284082828396523 -0.0012121866563825833 0.9999992209169387 -0.0002979413123636237 -0.004359564208989121 0.021331677288753466 0.0003237317281406019 0.9997724014703631 0.28311034284264863
0.9995459204517388 0.0017196007580652045 -0.030083149461433943 -0.03865204394079062 -0.0017669748972851448 0.9999972403415046 -0.001548260019361836 -0.005817119994543062 0.03008040405311199 0.001600713156081289 0.9995462005377208 0.3863973975750794
0.9991387641728701 0.001863911869076476 -0.041451848688014936 -0.05484980361624667 -0.001993782122020975 0.9999932324125709 -0.003091918806822817 -0.006968171329169299 0.04144580509484259 0.0031719018904106926 0.9991357186480914 0.4999437344691935
0.9985009780309707 0.0016497533700534368 -0.054709004606306004 -0.07591686205007578 -0.0018623389640782982 0.9999909122023231 -0.003834997568290212 -0.009034892418376655 0.054702180621778604 0.003931135533648439 0.9984949762560843 0.6261491489367691
0.9974951384194194 0.0015994695031119413 -0.07071697481462105 -0.10022060575876894 -0.0018796596744838987 0.9999906448962621 -0.003895766864944171 -0.008970408402877663 0.07071008208969393 0.004018932354057816 0.997488813207247 0.7648938350817714
0.9960262751625161 4.328942944076069e-05 -0.08905985241346911 -0.129111102276305 -0.00040230554811785356 0.9999918660278683 -0.004013231658906566 -0.009786626987485635 0.08905895427260281 0.004033113453325502 0.9960181909281292 0.916666960068142
0.9940494603719668 -0.0011675637006429655 -0.10892340028298052 -0.16163332042166456 0.0007269347483115666 0.9999913924159279 -0.004084930834876079 -0.01292059195445082 0.10892723213261761 0.003981443087495441 0.9940417527502897 1.0793695748343983
0.9913925675637585 -0.001587059019808317 -0.1309131705482919 -0.20302152067976065 0.0010123882010543719 0.9999895588582326 -0.004456146838719656 -0.017052899735114715 0.13091887583335296 0.00428525590665371 0.9913838230132394 1.248517060281182
0.9879535880654158 0.0019766327222932945 -0.15473784524721756 -0.25962403276565904 -0.002938401687662766 0.9999777605563721 -0.005987001602242161 -0.020452183862926562 0.15472256986035565 0.0063695616603082865 0.9879374246682141 1.421124535042059
0.9837495118574586 0.006175623086089602 -0.17944012817569632 -0.32609595880529463 -0.007661124774590335 0.9999418726649161 -0.0075867291087321105 -0.026600992275282707 0.17938284501980656 0.008838154268832516 0.9837396413389675 1.5977185629019726
0.9785309203519458 0.009205105589964676 -0.20589439998759435 -0.39788307836076015 -0.011156523842820804 0.9999031602826237 -0.008318775905542461 -0.03575414024475505 0.2057978860215004 0.01043724522561697 0.9785388566741648 1.7808032252443533
0.9720275136580095 0.009777931683170963 -0.2346633860316247 -0.47409332505063434 -0.012140343171440207 0.9998891072005649 -0.008624695318524528 -0.03833851372305514 0.23455303187020998 0.011232335182719377 0.9720384302520324 1.9709233560491153
0.9641717690159344 0.012000105889897868 -0.2650071646037419 -0.5588411071828185 -0.014625507224831516 0.999861548839058 -0.007935848510208279 -0.046320872601571854 0.2648752430316958 0.011527385297274166 0.9642137859505578 2.165058057997329
0.9549972692777512 0.013684918020563944 -0.29629873217887515 -0.6552017621912501 -0.016520096163677396 0.9998385590576448 -0.0070669826854034105 -0.04781052106476225 0.29615418635363094 0.011643832715364153 0.9550691697803438 2.36141508365699
0.9440686175374914 0.015874209663430144 -0.3293667482433691 -0.7598552538179637 -0.01890310295100868 0.9998033436377792 -0.005995560819527171 -0.051470675098391476 0.3292068013873239 0.011886274364936373 0.9441830322570133 2.5583954597872345
0.9320114150917959 0.01817775841871728 -0.36197277692867846 -0.874741634234676 -0.02165053149948802 0.9997502503352401 -0.005539985596972979 -0.054212056959435526 0.3617816698291632 0.013000232824674494 0.9321722036845587 2.750847106080371
0.9187190762180562 0.021075493102293247 -0.394348935060736 -1.0028238116261061 -0.024971736439750175 0.999676870683141 -0.004750431595801998 -0.05493839895425731 0.3941213916704154 0.014211889798965174 0.9189485028096607 2.943790566438966
0.9031333284502182 0.021389903991264753 -0.42882707826077693 -1.1324194855183958 -0.025672692077110666 0.9996615583409808 -0.004204956218063816 -0.05415918804852165 0.42859200170318607 0.014806781639723418 0.9033768069269488 3.139111757126847
0.8854491181187215 0.01727079755534886 -0.4644153085058463 -1.2691796694376625 -0.0218587268423785 0.9997509572734037 -0.00449660891598402 -0.05648101471989791 0.4642219892288693 0.014133045769231098 0.8856061211021954 3.3318604325516112
0.865010913610658 0.013059755068561609 -0.5015830560654974 -1.416894967704997 -0.017970879760466893 0.9998262111047116 -0.004959341552216223 -0.0629981542530014 0.5014311187143149 0.013303773357430465 0.8650952796076077 3.523229526228191
0.8406855929010674 0.01492902101679142 -0.5413177054374453 -1.5819859569372667 -0.018853673139574756 0.9998207976698272 -0.001706328226455988 -0.07067989103213533 0.5411952262333126 0.011640312639724218 0.8408164069664217 3.712551754004489
0.8127929283729962 0.020231884132996238 -0.582201276579911 -1.7746747618379595 -0.02361572026142365 0.9997195399870586 0.0017717574884926837 -0.0761692615391559 0.5820738383945658 0.012309030526116208 0.8130427629738329 3.89183500707954
0.7803485815717117 0.022510799148403968 -0.6249394811985537 -1.9671818028863237 -0.026474131301405152 0.9996451450836361 0.0029503021120125665 -0.07074706755967501 0.6247841320094911 0.014242465812365539 0.7806676248934182 4.077811257252335
0.7453724401603699 0.022042637389011344 -0.6662837590593906 -2.1803949064632855 -0.026108647052962293 0.9996516446712018 0.0038636582697107605 -0.07286829060063403 0.666136820779665 0.014515903109962537 0.7456882891386072 4.250888107631991
0.7053359184305524 0.018081074916776716 -0.7086425875584832 -2.393698910305606 -0.020354362404033495 0.9997790439839206 0.005250061116136876 -0.07125995629185926 0.7085809354638706 0.010720911362930506 0.7055480989675292 4.43546114178413
