0.9999918841139244 -0.002686809897842232 -0.003002125722958908 -0.010282873351812761 0.00268037356538908 0.9999941053475317 -0.002145895556538132 -0.007706261917054258 0.0030078736398921357 0.002137831322266488 0.9999931911635219 1.0034564760849838
0.9548986038656311 0.025929003782757247 0.2957978077983374 -0.44961626077948924 0.024682472341393764 0.9858010548770963 -0.1660935151121814 0.24383778763318217 -0.29590443033956887 0.16590348690138457 0.9407000590726979 0.5961348413387391
0.3835637689920902 0.08194173698007794 -0.9198719404663186 -0.1487821349779867 0.27994741402934753 0.9388733216366718 0.20036549427784034 0.13952451476476255 0.8800615208579816 -0.33436871513287525 0.33717841248443925 1.6579739848011608
0.9481020033401447 0.29933548650768954 0.10724205229111183 -34.1697887803663 0.2756390840743477 -0.6055977574131521 -0.7465081724581555 -2.9681324834405003 -0.1585108406168471 0.7373259948851424 -0.6566770063536375 -3.123779716351827
-0.08822961556277986 0.3989736384321253 -0.9127078233333359 -4.918551583483918 -0.5736217166528971 0.7287486461212571 0.3740100760148289 -21.099243301392182 0.81435475139636 0.5565477936463917 0.16456273048751374 11.45940360511468
-0.3676276547893199 0.14728888645498378 0.9182352048146245 -14.599899229016057 0.06597274205653691 -0.9807601322415445 0.1837312175736331 -16.749975617793638 0.927630047346272 0.12812317094264708 0.3508374956129326 12.401101245600183
0.6411849665040851 -0.32941717740898235 -0.6930845272815241 -5.308395789118185 0.12099617198601209 -0.8484796253771552 0.515210880790161 -20.864554387660775 -0.7577874141828211 -0.4142060460057793 -0.5041741627239256 17.897758236565156
-0.9129459817788219 0.2763721913030474 -0.30024664232636145 -6.091760024165087 0.07006618478841281 -0.6186686262020504 -0.782521476192483 -19.69863410824942 -0.40202035284684035 -0.7354369740688996 0.545446691317568 16.282436219706955
0.7831820277075524 -0.28908656669148225 -0.5505041947473399 -31.041834772786878 -0.306421599887706 0.5909393173833156 -0.7462550008494409 -256.12160047536565 0.5410468691325588 0.7531398808515404 0.37423068456873354 228.84279180288144
-0.7118460458234037 0.6535685535063847 -0.25714461478544814 3.5807774020112078 0.6113715934232571 0.39641746609996786 -0.6848926684714828 11.830839558581758 -0.34568769402553445 -0.6447490507464528 -0.6817614537071279 402.9685548519225
-0.6975226061637417 0.6684359916157001 0.2581773402203953 4.545568890718555 0.21004868615559008 0.5352068923207203 -0.8181889340835085 11.039402781147286 -0.6850852234100894 -0.516475466527823 -0.5137230081863337 403.41745965576365
-0.2956369760752803 0.5372659896594214 -0.7899012816373618 6.358011215763811 0.18809146236801216 0.8434128361258715 0.5032657246846607 9.173950521831992 0.9366004378395985 0.0002102698185703633 -0.3503991661309659 404.8435840137656
