0.9989953802673072 0.00043954549265274597 0.04481112589902608 0.03720451410225261 -0.0003326337639323503 0.9999970808295721 -0.002393258680820854 0.05391434197418759 -0.04481204703377842 0.002375948672450824 0.9989926102372071 0.9978522174449621
0.996104339207145 -0.0034984492634498364 0.08811303118976307 0.0976291920287296 0.004243287755958364 0.9999568219841359 -0.008267325831678583 0.03684912979853807 -0.088080303823938 0.00860900808096226 0.9960761743251089 1.9958790792232504
0.9910733186829812 -0.002208165904519101 0.13329966615877348 0.22781391090630745 0.0038696219755268643 0.9999180129080893 -0.012206288858802075 0.0009013845791395053 -0.13326178379591372 0.012613146525594464 0.9910006082310218 2.9867169461744516
0.9827441176127439 0.0012187166476368078 0.18496625104943493 0.3417734526147562 0.0016283225143784367 0.9998825458182861 -0.015239525377516897 -0.028483221321774055 -0.18496309865305285 0.01527773863094884 0.9826267057428195 3.9797676738763443
0.9731966046063097 -0.0011241279874317307 0.2299719659415428 0.5749483513360361 0.00488151022641098 0.9998637271925516 -0.015770158608206526 -0.05536061856120988 -0.22992289933945173 0.01647007531514105 0.9730694718150674 4.951830970233122
0.9595223624991152 -0.0010805424086709281 0.28163037530106694 0.8521211741754782 0.006108726028433917 0.9998372280329085 -0.016976480959818893 -0.07620848150078062 -0.28156618996325933 0.01800971592148592 0.9593727798942397 5.912424834928025
0.945419785846644 -0.003507169518264743 0.3258360451080513 1.187015527561994 0.01050929668337106 0.9997500697605954 -0.019732022119014016 -0.10324361603732787 -0.3256854052807812 0.022079351794256265 0.9452203547382161 6.854292582316351
0.929597806648078 -0.0052719621796262425 0.3685378193481086 1.5755601590856294 0.014344817379610672 0.9996576192449285 -0.02188310992311252 -0.14362730548270913 -0.3682962721633604 0.02562909870319277 0.9293551555838242 7.774837098861245
0.9110763912950979 -0.005603987898223849 0.41219947179046507 1.998395262111015 0.01639005812664898 0.9996093988019177 -0.022636603576364222 -0.18457051169571792 -0.4119116109304359 0.027379648399951363 0.9108123734525065 8.68011833113901
0.8905796815530049 -0.006018687663958836 0.45478742968968705 2.455994846751556 0.01784502196623981 0.9996049100646064 -0.02171586898455048 -0.2161559937605424 -0.4544770467207036 0.027455403357689964 0.8903352260977289 9.568715516290677
0.8680012182631237 -0.005978385742151269 0.4965260758486418 2.9501273046943064 0.01875614944140798 0.9996086871823049 -0.0207528159005031 -0.2585211889890526 -0.4962077104921532 0.027326386764200027 0.8677736897570408 10.437069294563498
0.8430038795916023 -0.005789876651014781 0.5378763206554769 3.4880418081455713 0.019617176707738822 0.999607795315896 -0.01998554281751225 -0.294777316686279 -0.5375496492153301 0.027399504960113803 0.8427868305546878 11.279288660394704
0.8139799065023046 -0.005728748322807358 0.5808647805239645 4.076101943516114 0.02208433799954857 0.9995336493827924 -0.02108947051583422 -0.33496491339642076 -0.5804730776062064 0.029994419383786698 0.8137268220847882 12.087106841830488
0.7860114225284263 -0.007376583999088057 0.6181679623398031 4.699985772220389 0.0257345990467549 0.9994524878441544 -0.020795551303890093 -0.37016493111189486 -0.6176761077350672 0.03225384551699785 0.7857709051515099 12.867830805235041
0.7535045430220811 -0.006225047930433911 0.6574132280562573 5.352441324800008 0.027604822116976672 0.9993728886417228 -0.022176637341772255 -0.4113259682290356 -0.6568629061234732 0.034857972203818935 0.7532038531054278 13.624539138036445
0.7261938325499856 -0.007661126938304267 0.687447325036907 6.051473226419322 0.030630608262007652 0.9993054876555487 -0.02122046604118826 -0.442790457367365 -0.6868073116994773 0.03646710127691788 0.725924146946908 14.338937042878117
0.6939370884976719 -0.006629837833087999 0.7200051127996808 6.763780167475872 0.03129530091067762 0.999290374065506 -0.020960735696321182 -0.47039974149455105 -0.7193552122201411 0.03707820856416675 0.6936521355127424 15.040261881417786
0.6635912611288266 -0.004052379159716225 0.7480843644780976 7.529401131335818 0.030244310147656057 0.9993131027474709 -0.021415050336502928 -0.5187282138423011 -0.7474837254797896 0.03683613579582505 0.6632580035268976 15.681735870336354
0.6284452618013378 -0.0055817232606334005 0.7778337851269315 8.293759673515906 0.03696316606055114 0.9990588901968843 -0.022694895314805792 -0.5580800464467685 -0.7769750815014774 0.04301369879482091 0.6280601439685222 16.32532536082474
0.5911885200134197 -0.003536419165257814 0.8065256521300669 9.091686589467534 0.03717081331056248 0.9990472875561105 -0.02286586680206449 -0.6018965133773865 -0.8056764018153771 0.04349725239904289 0.5907567389302985 16.926484852162616
0.5546592301264472 -0.00253575838274431 0.8320737397400311 9.92048959493031 0.04210322120492088 0.9987998867199357 -0.025022091287769478 -0.6362958138561894 -0.8310117070172391 0.04891171861290821 0.5541003398145735 17.484966943426592
0.5154562082907155 -0.0001952671403055951 0.8569158997272148 10.788099588754601 0.04722837230915363 0.9984864962552534 -0.028181512467149398 -0.6701616913041801 -0.8556134513806954 0.05499707871016463 0.5146852855384172 17.98105764174782
0.4767249991906107 0.0011183115832920727 0.8790517757936188 11.668407477901509 0.04922200293466201 0.9983963163230347 -0.027964083744958436 -0.7039723146617717 -0.8776733273683391 0.05659986688851485 0.4759054375549733 18.454254051343145
0.4380500546720423 -2.814122590577236e-05 0.8989505819620409 12.57525197056733 0.05497816364292717 0.9981289258683991 -0.02675908943232939 -0.7405164851340356 -0.8972678257489634 0.06114447279081967 0.43723197769932254 18.87413209283393
0.40054581142832574 1.3057455234805588e-05 0.9162767337309874 13.495623074946547 0.058472782569052396 0.9979613406132233 -0.025575307233550656 -0.7844982126726657 -0.914409091515311 0.06382133241292483 0.3997284714442829 19.262696910935702
0.36541905654610246 0.0027127099303481846 0.9308391667295645 14.43318998828837 0.060592004101491966 0.9978056002653014 -0.026694439836157668 -0.8042059277368233 -0.9288689477810748 0.06615606762826258 0.36445281253413864 19.60994303254635
0.33158525858997684 0.0023521280560880606 0.9434223252496337 15.38120563751098 0.060731009396803315 0.9978695959768487 -0.023833042664465492 -0.8337516081140784 -0.9414685129007042 0.0651976757147723 0.33073600090998284 19.92679214742605
0.2989296941881885 0.0011124072816949945 0.95427448906622 16.334122379531493 0.06286224851290068 0.9978042935883789 -0.020854961244234357 -0.8691711581318073 -0.9522023816628787 0.06622200726824755 0.2982034039190466 20.227948449458083
0.26595356323561653 0.0013344692141443694 0.9639849176175918 17.30043241216159 0.06362166049501945 0.9977944648735125 -0.01893383700249438 -0.8904831025987683 -0.9618840816429678 0.06636584256752145 0.26528209216260307 20.48444543162639
0.23394381455383945 0.00454508389633652 0.9722394940776546 18.271530843609245 0.06089837925091105 0.9979569968255875 -0.019318899851349446 -0.9177083821494428 -0.9703410117255743 0.0637273465572632 0.233189078355226 20.72156692072707
0.20304408668318072 0.006280296295364272 0.9791494557734459 19.24980864507357 0.06131966023012294 0.9979350972038139 -0.01911651218387881 -0.9416358220242906 -0.9772476646849843 0.06392260669948108 0.20223971474586389 20.9274795254485
0.17242172200240422 0.006550700315579529 0.9850014406624494 20.23331535305104 0.0637488502836669 0.9978073084823146 -0.017794921376315685 -0.9674348510215225 -0.9829582055556769 0.06586094035658846 0.17162605474143433 21.106501718112202
0.14179569767698108 0.006446815627089945 0.9898749510360226 21.223348471824803 0.0656705996996678 0.9977145912424507 -0.015904928701347344 -0.989025869019347 -0.9877152182969463 0.06726093212392512 0.1410482702993436 21.245671512510686
0.11133042422915493 0.005933060716155119 0.9937657346837305 22.21658996003624 0.06475963597341533 0.997813423450623 -0.01321217356598809 -1.0120789190058694 -0.9916711784606567 0.06582682410906272 0.11070276888211737 21.359425118967106
0.08182560924789013 0.005633907154100195 0.9966307384188943 23.212843792017658 0.06559567018818907 0.9977853655484256 -0.011025985214769954 -1.0333856337440168 -0.9944856850270768 0.06627686917449392 0.08127483551907792 21.443236252889793
0.054716629067383435 0.006031428825289885 0.9984837066120947 24.21196505941984 0.06863540718133354 0.9975938003671755 -0.009787254468330987 -1.0469850403874583 -0.9961401866125847 0.0690668613395801 0.05417100036130356 21.48288129247365
0.029686091389098897 0.006850567633875014 0.9995357951074747 25.211930805923476 0.07279552524906596 0.9973063019944152 -0.00899730548198802 -1.0527055706615451 -0.9969049841794105 0.07302882804288537 0.029107435354768743 21.48886137213927
0.007054268355697362 0.007277908278116788 0.9999486333552644 26.211737818423085 0.07722767226542214 0.996982963201234 -0.00780113600385143 -1.069889398527727 -0.9969885274838575 0.07727873664586762 0.006470929453200093 21.479341192704492
-0.013208188451252812 0.007471301074393286 0.9998848550798695 27.21126913200256 0.08278762891065455 0.9965469637447201 -0.006352759284785406 -1.071686209861591 -0.9964796798014437 0.08269418789391701 -0.013781111398490276 21.44878133925072
-0.0306954676783012 0.006703277754316862 0.9995063052984501 28.210074477057734 0.0871878993458039 0.9961838399589841 -0.004003400084708892 -1.0889942394222056 -0.9957188651781567 0.08702196890395418 -0.031162773567236894 21.403083474946733
-0.045988366471077374 0.006866330172089347 0.9989183768753528 29.208107417632416 0.09029447681013812 0.9959114812637119 -0.0026886696899835975 -1.0951809845463156 -0.994852741669291 0.09007316468896977 -0.04642033386360314 21.340697950082223
-0.06042545508889045 0.006499136363003167 0.9981515544263982 30.206428610701224 0.0925382774881409 0.9957087378704853 -0.0008812082002883414 -1.094977462037403 -0.9938739515536305 0.0923139781121988 -0.06076757250600123 21.282777884057953
-0.07355334290814934 0.00555725858220365 0.9972758006810786 31.203074170384678 0.09279627335750018 0.9956842736190092 0.0012957309695529103 -1.1016404007850351 -0.9929646304869053 0.09263878315714151 -0.07375159969226265 21.201210650376144
-0.0856655057745434 0.0058335354538603 0.9963068759094759 32.198720694051886 0.09274033766412768 0.9956880195318684 0.0021441853112037093 -1.105913385629887 -0.991998311939257 0.0925815188080956 -0.08583712183461721 21.10809931105637
-0.09707607219455144 0.008730975077182422 0.9952386679995303 33.194671677311476 0.09299437085457223 0.9956665777766524 0.00033598793311159477 -1.1112563086075595 -0.9909229451358167 0.09258421016961009 -0.09746733212019741 21.018360400218853
-0.10722630978371561 0.01220866168638923 0.9941596788594846 34.18934488081142 0.09358658838240065 0.9956088602729138 -0.0021325620769325534 -1.1170025395735441 -0.9898202205275007 0.0928113458899081 -0.1078980310709792 20.915442087616828
-0.11653925174187696 0.01480669539285955 0.9930757093872481 35.18397547288199 0.0950859837431588 0.9954622471876948 -0.0036837643273833166 -1.1285179347199583 -0.9886239216704396 0.09399827762021515 -0.11741833462195629 20.812595789715697
-0.12403192128811458 0.015902516583746022 0.992150791194505 36.177416529445175 0.09479461300046813 0.9954883860361949 -0.004105437022079904 -1.1397814485414137 -0.9877398766110794 0.09354134504781546 -0.12497981004536293 20.698806596946653
-0.12970093676002517 0.01671872213393063 0.9914122005169091 37.16808076053116 0.09451979783430961 0.9955131593162192 -0.004422380083193591 -1.1424203672216156 -0.9870378284650154 0.09313449392382722 -0.13069923955639257 20.562507670483498
-0.13484249369617532 0.018303050585817424 0.990697986387905 38.159493079343385 0.0957791051351806 0.995388218095395 -0.005353344410487335 -1.1520056346996024 -0.9862270858749017 0.0941663082855343 -0.13597367933012866 20.432086365648917
-0.13940127788257492 0.02003206335497686 0.9900333328542261 39.150330312073784 0.09488653178654406 0.9954649955180804 -0.006781503056704347 -1.1571331054171625 -0.985679374751357 0.0929954791155415 -0.14066986547887383 20.297122417576837
-0.14381172772715925 0.020875430259355333 0.9893848611029056 40.14095348340327 0.09526016886074817 0.995426685502319 -0.007156397032563168 -1.1680847072380793 -0.9850094858409999 0.09321979511537622 -0.14514262847935466 20.16093954478197
-0.14690828008305615 0.01989945461762616 0.988949932478363 41.13059142900274 0.09470109959498216 0.9954878915243388 -0.005963184042626871 -1.173603042721262 -0.9846063472162565 0.0927786049385633 -0.14812991422097782 20.0174604013389
-0.14910339861773378 0.018084276815193874 0.988656227134949 42.1188275342477 0.09530711135731686 0.9954405303882805 -0.003834707944719002 -1.1781516361678084 -0.9842178270308687 0.09365420114639134 -0.15014712638697394 19.864592188201154
-0.1514015941054904 0.017010277188538484 0.9883259623081266 43.106561818928164 0.09560774043732555 0.9954159828794618 -0.002486161013020119 -1.1798143763337574 -0.9838377494642015 0.09411520333125126 -0.1523338807722424 19.70845699626191
-0.15355322326176538 0.01790179650850818 0.987978204874829 44.09518012177991 0.09825349635353584 0.9951575887467957 -0.0027611617061581227 -1.1872965334683951 -0.9832434378526144 0.0966483276701144 -0.1545685695034469 19.558197725030034
-0.15504138713855592 0.0175594995340703 0.9877519082493664 45.08375146996792 0.09773514272685467 0.9952096833252327 -0.0023511894542541513 -1.1915988949808627 -0.9830615495228737 0.09617354205706181 -0.15601486998964123 19.407505458383216
-0.15563004655085605 0.01903655265076093 0.9876319649918954 46.07183317989682 0.09922979671114501 0.9950582362070995 -0.003543162581590752 -1.1941438684062498 -0.9828187707076229 0.0974510965540643 -0.15674995287133928 19.25359627212636
-0.1555796548522819 0.019367166528797938 0.987633476476314 47.06009431385785 0.0998394915732992 0.9949963601919386 -0.0037840622587214197 -1.197570842479617 -0.9827650008615639 0.09801610105201376 -0.15673479835738877 19.100860660853954
-0.15503638704970146 0.020649952088975004 0.9876929169379001 48.04723026304721 0.09928024108473238 0.99504582156004 -0.005219839658598527 -1.2057646857836086 -0.982907499422368 0.09724912582962944 -0.15631844134535172 18.94118768646588
-0.15369158947749223 0.020466839595829126 0.9879068801262799 49.03631893722033 0.09971724498091081 0.9950027414706368 -0.005100541082387227 -1.2196432995858195 -0.9830744459995381 0.09772744211773222 -0.1549644497290463 18.794521539378735
-0.15230392184984953 0.019266788385637154 0.9881458932032543 50.026510934598164 0.09838498719730084 0.9951393999974165 -0.004238970036181055 -1.2307690654123118 -0.9834245826108586 0.09657310929075319 -0.15345919613556624 18.655251996176823
-0.15116938038333239 0.020092630253466214 0.9883036500205876 51.01444619599407 0.09979460085882891 0.9949956752683631 -0.004964255903974208 -1.2395308212980924 -0.9834576025807854 0.09787692479206016 -0.15241801573076205 18.500632686501696
-0.15004086302066866 0.020891187298917015 0.9884590521196384 52.00532400615594 0.09987519312555715 0.9949826650201195 -0.005868739864091196 -1.2455577638694717 -0.9836222268849689 0.09784198793310192 -0.1513745691163246 18.366004230029557
-0.14913380983559943 0.02150874459777462 0.9885830671571035 52.99470335398835 0.10113736985273336 0.9948519621341414 -0.006387946236433279 -1.249119046807266 -0.9836312007979364 0.09903003253395316 -0.15054140119293857 18.220691452385793
-0.14821670992836594 0.021280623254331655 0.9887259185294562 53.98376854986531 0.10067287577345502 0.9948994949201179 -0.006321953115629754 -1.2493440441007855 -0.9838174520618714 0.09860086247899105 -0.14960311138771737 18.07321274991967
-0.14728488562076314 0.01975895515372208 0.9888967317970624 54.973276220014554 0.10249324592919586 0.9947230171644356 -0.004610169430593615 -1.2586518806709757 -0.9837694328482541 0.10067622765337694 -0.14853282525727812 17.929032602554678
-0.14700987718075137 0.017905353300118956 0.9889729492430507 55.962690723188615 0.10382916649538629 0.9945918177690204 -0.0025729772227267 -1.2654538400186306 -0.9836704733782412 0.10230598394088793 -0.14807391888416013 17.784075180330575
-0.14632594705296367 0.019031590597454115 0.9890533432421041 56.952389716284664 0.10524918020833084 0.9944394940354616 -0.003564094270522344 -1.272923286365214 -0.9836215366107671 0.10357553408902001 -0.14751536006005098 17.64110633604643
-0.1458115611476542 0.020943889980783607 0.9890906642508339 57.943291408402295 0.10757373621820948 0.9941835452405324 -0.00519323107720414 -1.2853326926998359 -0.9834464296095329 0.10564294508124508 -0.1472164672950069 17.507092071160812
-0.145352457162531 0.020425723015703234 0.9891690720175694 58.93458268648534 0.10713003033201303 0.9942334886150199 -0.004788185195753788 -1.3021925121774975 -0.9835628194466662 0.10527373820517925 -0.14670248888969337 17.37648836338932
-0.14535028066297143 0.02047473250705576 0.9891683786090004 59.92435051434412 0.10717757722366758 0.9942281591074553 -0.00483058777635964 -1.3060282920125887 -0.9835579611043057 0.10531454299651513 -0.14670577419370628 17.23385276569794
-0.14493107941462086 0.01957621550808407 0.9892480750580679 60.91510298996634 0.10824836428133046 0.9941165670697892 -0.0038134902377576383 -1.3194226824620534 -0.983502554063856 0.10653179273699526 -0.1461974804369501 17.098833869416975
-0.14515193558960832 0.01970699863933735 0.9892130962533898 61.904370457182516 0.10925378142820633 0.9940067351454523 -0.0037711707885231707 -1.3258580226161893 -0.9833587986275542 0.10752787866459387 -0.146435065717417 16.95285974600876
-0.1451888352506509 0.01967491745399876 0.9892083196888998 62.89524482996076 0.11051374617122277 0.993868265576789 -0.0035471941852346705 -1.3283826626916235 -0.9832125477361243 0.10880610416039867 -0.14647292470512888 16.818094826375287
-0.14466721666068746 0.020441466031133754 0.98926919637182 63.88431273206462 0.11042518731343448 0.9938747504420262 -0.004388443983108495 -1.3376752063154809 -0.9832993818926367 0.1086053723362613 -0.14603834657123177 16.670927188421643
-0.14549495325814607 0.021109495150474226 0.9891337663788963 64.87668685426605 0.10983364198404533 0.9939371236682986 -0.005056212269065077 -1.3525894750498018 -0.9832435047662045 0.10790451060303907 -0.1469313680824757 16.548570553239642
-0.14566269224501807 0.02166034802772336 0.989097168841995 65.86535114737094 0.10881373375736791 0.9940455618345105 -0.00574389614224642 -1.3677240048735575 -0.9833320656999407 0.10679068461448378 -0.1471522960944063 16.399192370273028
-0.14724074205121881 0.022147763369251536 0.9888526889572302 66.8543920184402 0.10807529240392805 0.9941235441376345 -0.006173342938312163 -1.3746105216630302 -0.9831784655147866 0.1059615759082894 -0.14876911433163703 16.251711146922094
-0.14829780309360727 0.021302506127743207 0.9887132874753356 67.84226361131434 0.10707704564301825 0.9942362730293139 -0.00536094106872227 -1.3847503040829026 -0.9831288155140053 0.10507348202784933 -0.14972406446717348 16.09676960696337
-0.14951463654581365 0.020714450184782428 0.988542505414974 68.8304279193055 0.10606372747494393 0.9943477767824709 -0.004794217545971497 -1.3894451315511107 -0.9830543520948843 0.10413169719782459 -0.15086659824496032 15.943442378437725
-0.15019654950221611 0.01968851689935166 0.9884600947028316 69.8203839703653 0.1033741557189627 0.994634074860301 -0.0041037855919560245 -1.397487674054233 -0.9832368892830551 0.10156485331598243 -0.15142588987317443 15.802295949222643
-0.15202686957542672 0.020768877225410622 0.9881581273591239 70.80965670125161 0.10294446602758166 0.994674194267872 -0.0050679553920487475 -1.4020619767516116 -0.9830006448835071 0.10095494537839898 -0.15335524497796602 15.656287320438006
-0.1547658543451329 0.021382183740446085 0.9877197641777294 71.79796614166989 0.10215938722595203 0.9947526883894842 -0.005527073684297105 -1.420088026091838 -0.9826550716962883 0.10004944357857995 -0.15613814046919228 15.50489547281959
-0.15877106198044402 0.022529907877526064 0.9870583331944626 72.78665393457106 0.10235795163201175 0.9947280568045148 -0.006240412134816764 -1.430065317075553 -0.9819952136417465 0.10004247226525247 -0.16024014518139706 15.355239594776563
-0.16317095570035184 0.02157549831222584 0.9863618692388769 73.7720991208256 0.10033615239387417 0.9949401897228656 -0.005164823038686382 -1.442603945347477 -0.9814824989466829 0.09812500571621295 -0.16451014410839798 15.185709220834925
-0.16742661435893103 0.021242195069909434 0.9856556690614203 74.75761327644743 0.09903223793490758 0.9950734855249251 -0.004623229918542146 -1.4520791258749695 -0.9808980296921328 0.09683763500771672 -0.16870544683620134 15.016380989216676
-0.17683464662820753 0.023098784872627648 0.9839694882918288 75.74265582884179 0.09900929359094413 0.995070942577147 -0.0055658800965837935 -1.4644157251968848 -0.9792480112486815 0.09643788351076239 -0.17825001287367462 14.844511974296882
-0.18002894832327615 0.024455665130718774 0.9833572586850761 76.72646679674293 0.099961738488093 0.9949704151284102 -0.006443900808998057 -1.4830230201286396 -0.9785689697737467 0.09713801244730222 -0.18156810825068986 14.666271327942695
-0.18648152999951725 0.027020023921357092 0.982086837950864 77.70651929672749 0.10016566317639147 0.9949357035653403 -0.008353783057632626 -1.493450780776412 -0.9773389784969551 0.09681355317428228 -0.18824361086713493 14.467806371132019
-0.19371290497780067 0.026658025781757112 0.9806960079996649 78.68934964845923 0.09770199383913736 0.995185514416093 -0.007753211994552664 -1.5075655453541925 -0.9761811465321983 0.09431405811327641 -0.1953848192600605 14.283835576885284
-0.19862882913643615 0.0273546086913617 0.9796929690567495 79.66658034787947 0.09835946118866033 0.9951200419733184 -0.007843370302142168 -1.5222823458290289 -0.9751266608141548 0.09480415310714284 -0.2003501133592698 14.072167072155839
-0.20526511117172522 0.027474217992094433 0.9783207048209602 80.64441577591377 0.10062838175751945 0.9949006614090867 -0.006826617949138056 -1.5432557708791004 -0.9735194722862613 0.09704556287375243 -0.20698308096555634 13.863845275114256
-0.2069923484822505 0.027628239281793632 0.9779523751512589 81.62399443102068 0.0999000413803791 0.9949731048848646 -0.006964358403297581 -1.5562960536037798 -0.9732287240941873 0.0962559138440802 -0.20871188190431228 13.663207318871098
-0.21448994070896488 0.027841113415588016 0.9763293182827418 82.60058809731578 0.10030912585524351 0.9949361536437065 -0.006334780408400005 -1.5665808735289084 -0.9715617039616272 0.09657599378958567 -0.21619651435379794 13.44836083081191
-0.21280578353605095 0.02928278868592488 0.9766556285510165 83.57920708594146 0.10060186291857037 0.9948953253130738 -0.007909288685147791 -1.578381348533988 -0.9719017253153323 0.09657023328628392 -0.2146653823328573 13.243018180855941
-0.23319933371909962 0.0329551489486386 0.9718703765990294 84.5520740980283 0.09904751448233988 0.995032715570791 -0.009974207672129273 -1.594408456157999 -0.9673715215096202 0.09393536661763309 -0.2353050918925723 13.012208976936119
-0.24220502425971321 0.03318497030367975 0.9696574054630294 85.52941498599814 0.0999976237222669 0.9949463114892388 -0.009072623868385588 -1.6135560774944595 -0.9650581337273163 0.09476600128686011 -0.24429941368502475 12.801405425496826
-0.25715560274065646 0.035812430874898854 0.9657062005464802 86.50285702771421 0.09829166001420235 0.9950998172748202 -0.010728617397904318 -1.6292714498926177 -0.9613582815739101 0.09216194146418985 -0.2594155565782607 12.573011908754614
-0.1430785472951732 0.016430398890433136 0.9895749447597197 87.48059510105654 0.10095075715467737 0.9948895658745069 -0.0019225878214518335 -1.6410449170944734 -0.9845493760770962 0.0996232588622511 -0.14400601501279198 12.363513399463358
-0.18968620460726596 0.020429148214939772 0.9816322089687668 88.47307381880411 0.10284334465336731 0.9946972206517458 -0.0008280629199431508 -1.6500637950858557 -0.9764437465835902 0.10079726747736122 -0.19078134244966907 12.241428860491123
-0.1541751601108309 0.005424080729618603 0.9880286429820931 89.46647331145304 0.11325147843958215 0.9934912288319293 0.012218054888999179 -1.6554250770037005 -0.9815315189213478 0.11377942512713062 -0.15378595443567322 12.126848388072075
-0.15730357566665523 0.005545561444184139 0.9875347243670736 90.45606167603538 0.11563791428124122 0.9932084093580213 0.012842443739106457 -1.6486056357495826 -0.9807565742135859 0.11621661812656824 -0.15687651133313116 11.98308349700247
-0.1607714749368728 0.006589885618966765 0.9869696582236709 91.44327941772909 0.11606091760838823 0.9931662515368028 0.012274372172681871 -1.6391247759582608 -0.9801440691299015 0.11652197310320285 -0.16043763128896807 11.82398848204981
-0.16315672309374107 0.006997187652755463 0.9865753509358841 92.43131128817303 0.11711345905355659 0.9930420620229449 0.012324802705402012 -1.6320402247070966 -0.9796245818770694 0.11755212638726828 -0.16284095358357575 11.669901454300607
-0.05705495328151457 -0.014638392537900436 0.9982637175465956 93.42600657848165 0.11720788735877932 0.9928798482267451 0.021258366026714496 -1.6237263557396828 -0.9914671166745448 0.1182172764410533 -0.05493297829103769 11.567372731443287
-0.05607563072069407 -0.015049918624839098 0.9983130889599018 94.42469746107 0.11806543818299653 0.9927709062257245 0.02159814942093537 -1.6067050857036131 -0.9914212404149575 0.1190774021430504 -0.05389337949070175 11.519136050366987
0.058602177438175855 -0.03898519188266478 0.9975198943446567 95.42446000910401 0.12224410290184258 0.9919972740933805 0.03158777448673062 -1.5864751952509208 -0.990768471493329 0.12008981224555493 0.06289891008276044 11.527234140842815
0.09107760784137137 -0.044072227375300546 0.9948680857903083 96.41952648380982 0.12260443458665958 0.9919161901560034 0.032717339838118885 -1.5626625288540659 -0.9882676874053801 0.11899542209924403 0.09574480429685993 11.623544305595884
0.09270311188346307 -0.04413599853456349 0.9947151083000992 97.41718297015474 0.12294279358997395 0.9918797340942003 0.03255245916224585 -1.5404639856530364 -0.9880744924100684 0.11927533997676817 0.09737654092239736 11.688264780977699
0.09631838080899863 -0.04470277055178429 0.9943462333731277 98.4096062384839 0.12376275588033896 0.9917762333194561 0.032598823285103495 -1.5194515371531636 -0.9876262196677625 0.1199231642663931 0.10105881899715381 11.809320608953563
0.09195758609833014 -0.044598972972152595 0.9947636573421832 99.40540890599775 0.12277419615983926 0.99188181810736 0.03312032103318466 -1.4962254931357737 -0.9881651173342807 0.11908564362619492 0.09668666074418711 11.89785070695205
0.08754055607660985 -0.04507205972630736 0.9951407741992212 100.40142040968556 0.1216887266346826 0.9919781070000288 0.03422410031932 -1.463495501073322 -0.9887004120823591 0.11810141686138047 0.09232307665750288 11.980855599224318
0.08339375240059083 -0.04512972071861539 0.9954942442668406 101.39699763890437 0.12162549400746005 0.9919664892160975 0.03478107933531075 -1.4300869608121776 -0.9890665909169056 0.11817695452222338 0.08821273236819176 12.068661237418203
0.0785380292113807 -0.04474071155507752 0.9959066455733375 102.3945297642288 0.12433095503420179 0.9916323304190329 0.034743846764565246 -1.3977349699187684 -0.9891276922560983 0.12109331111693021 0.0834435043299529 12.130974860575007
0.0743798969675103 -0.04351743655086465 0.9962800126686994 103.39053577170496 0.12452975746068946 0.991632573088054 0.0340173411298625 -1.3684888537208753 -0.9894240599631098 0.12153630201221792 0.07917674443490752 12.215335264549596
0.06953376411934795 -0.04187693973090524 0.9967002445902021 104.38825843699087 0.12581052650264207 0.9915092027185366 0.032881793527392233 -1.3376569482708907 -0.989614453748793 0.1231089876622506 0.07421192685985889 12.275325736968936
0.06556978827869002 -0.04083781360431826 0.9970119737721841 105.38362639874032 0.1261922023017864 0.991479431147985 0.03231200533379786 -1.3158660142544323 -0.9898364162543788 0.12369644534296573 0.07016451001896898 12.368962032909247
0.06183462093900621 -0.03986812075178992 0.9972898338001093 106.3815617640215 0.12566708405836238 0.9915611560213996 0.031847415181966515 -1.2905064309994618 -0.9901435570853334 0.12335723252904447 0.06632291870219097 12.427969475306275
0.05800773065193703 -0.040043766963244944 0.9975127066418777 107.37922704090109 0.12552009361877903 0.9915584208074711 0.03250544913895956 -1.2573204222070213 -0.9903937647635632 0.12332232098523711 0.06254435117793569 12.487657532145338
0.05420010580921739 -0.03999583294549003 0.9977287616768723 108.37786571385267 0.12562047426217735 0.9915319229160127 0.03292327876470862 -1.2363924686754368 -0.990596711571573 0.12355071503423003 0.058765430638388724 12.53543620569815
0.050146257339104876 -0.04004575714196812 0.997938720668662 109.37647180155841 0.12804296301960924 0.9912080216731677 0.0333415265385807 -1.2110603829300484 -0.9905000517395434 0.12610707793653136 0.05483294993222977 12.581741140951415
0.04733120959229878 -0.04071045288224487 0.9980493052072384 110.37500509179608 0.130082422852537 0.9909114388989456 0.034250306918822505 -1.185483870880812 -0.9903728186210193 0.1282075632922734 0.0521967513482796 12.629460008483392
0.044568348893950296 -0.041499153448361595 0.9981440189371148 111.37296313851304 0.13112334060921452 0.9907360962820442 0.03533634207575173 -1.1610015076759876 -0.990363737131134 0.1293050957498735 0.049596979633532844 12.688454337743046
0.0417540132638569 -0.04178498295752647 0.9982537841529077 112.37081197529463 0.13108116481746873 0.9907182631235336 0.035986821804418 -1.131994858125813 -0.9904919639282573 0.12934967457526345 0.04684368773715673 12.747244585365555
0.03834566532631333 -0.040963510444504705 0.9984245593747904 113.36897294763047 0.1299344871143396 0.9908809856657422 0.035663725330078375 -1.1064192079579465 -0.990780822891226 0.12836223376892716 0.04331856337455642 12.802204019715468
0.0354068164329285 -0.03850296710144728 0.9986310023599653 114.36738150891388 0.12909380038736995 0.9910618246876975 0.033634065294518935 -1.0775274878232453 -0.991000074698095 0.12772619610352037 0.04006083844971696 12.850635344946383
0.03199470238439829 -0.03642774472221036 0.9988239877144454 115.3663165428832 0.1284692957710089 0.9911959640839281 0.03203436947767355 -1.053246737908179 -0.9911972452864436 0.12729328418335564 0.03639286658647125 12.889868278717456
0.027832880065532938 -0.035056454671709474 0.9989976855694448 116.36444367219184 0.12735338189497725 0.9913652960231106 0.031240453916694843 -1.030176572676918 -0.9914668158376099 0.1263562219554677 0.03205710944503375 12.94652497482902
