1.0 0.0 0.0 0.0 0.0 1.0 0.0 0.0 0.0 0.0 1.0 0.0
0.9999801517938997 0.0005235478472016019 -0.006278687434576318 -0.013485632393670339 -0.0005222776795313102 0.9999998428180137 0.0002039361994634854 0.001174497154490123 0.006278793218037951 -0.00020065293339193533 0.9999802680523878 0.09067506400574246
0.9999114877818519 0.0010243382922320726 -0.01326526791838587 -0.02338429390555529 -0.0010223031066160077 0.9999994646156826 0.00016020208035523795 2.376213511088059e-05 0.013265424917494863 -0.00014662677591068934 0.9999119996291408 0.18452699223885377
0.9997882227898516 0.0013297427316280065 -0.020536342297930145 -0.04212569550650562 -0.0013413800711196229 0.9999989474967179 -0.0005529059243494453 -0.0006984698049207251 0.020535585460728298 0.0005803358717674515 0.9997889541998656 0.28076736955415715
