0.9990467583145752 -0.0007422843761397385 0.043646577357723024 0.031093135040475478 0.0008481277392490955 0.9999967446128744 -0.0024065417078610427 -0.027984566362196057 -0.043644648932906746 0.002441265564967762 0.9990441355825901 0.9991246574911334
0.9960438652815892 -0.004911903001916807 0.08872706263486398 0.13128140314155295 0.005575454724067954 0.9999583033197866 -0.0072322836250741165 -0.04607276240459091 -0.08868783873525829 0.007698365457251791 0.9960297196518565 1.9939287224705833
0.9909983932928432 -0.0044574528410482265 0.1337995351455785 0.2886101627005168 0.0060021846706315145 0.9999198895132333 -0.011143982009272687 -0.07097633420623094 -0.13373914262542094 0.011846757784862001 0.9909457583842842 2.9811609512452786
0.9838044470075411 -0.002108278300238313 0.17923271244612368 0.4994050507720419 0.00456682654120462 0.9999010479680757 -0.013305576563482467 -0.10973351216263061 -0.17918692514669887 0.013908610101404418 0.9837167256997915 3.9579226400609966
0.9743684564641757 -0.004607339380307403 0.2249108344910358 0.730939893978349 0.007781379273334192 0.9998822273629139 -0.013228058828979709 -0.14139438134018292 -0.22482339999258072 0.014639119769067106 0.9742895539767238 4.930233909829145
0.9628555418157072 -0.005503635065370004 0.2699609519835188 0.9993425395140489 0.009749586421726398 0.9998489305672599 -0.014389635440554091 -0.17213657223681958 -0.2698409738334522 0.016487147860500054 0.9627637419408983 5.893050059289431
0.9494974892268218 -0.008085351880124709 0.3136704401707882 1.3219160635729839 0.014127596180717659 0.9997557655075193 -0.016994715667780547 -0.20215268622737909 -0.31345642277375024 0.020567849169242203 0.9493798157757702 6.839118426115823
0.9344306850029185 -0.010201348069216255 0.3559989149176541 1.6660716243779057 0.01799585121666352 0.9996652286147796 -0.018589783149581443 -0.2350469646600219 -0.35569009581933014 0.02377736730867086 0.9343014462901705 7.7774546753453695
0.9172300859342685 -0.010042347774128232 0.3982312402464151 2.067358319613684 0.019286718184987353 0.9996293479887494 -0.019214295231441924 -0.26926889403233045 -0.3978906784013261 0.02530450336939248 0.9170837966895725 8.692767653081036
0.8977786980319395 -0.010574652935835828 0.44031986790895766 2.507458359496623 0.02058588750913609 0.9996266490939916 -0.017966180912459637 -0.2919560594821809 -0.43996548795960877 0.02519402977700576 0.8976612001574196 9.590429754151113
0.8759919344957364 -0.010390512612891195 0.48221381973773686 2.98827845428971 0.02124307030165234 0.999628933313988 -0.017050737394534183 -0.316683272965692 -0.48185772035174074 0.025180010507933833 0.875887609461536 10.466900290659748
0.852161357548538 -0.010422797610977372 0.5231752918391628 3.517654372440748 0.022049341582696377 0.9996288485805993 -0.015999738160198493 -0.3416197456234153 -0.5228143525543291 0.025170029308404458 0.8520748924758972 11.314921109691229
0.8265347885442406 -0.01077667660076897 0.5627824682482299 4.0647125203834165 0.02373778000488891 0.9995945936979693 -0.015721515519541596 -0.3828004921608974 -0.562384887000502 0.026353585927424164 0.8264555205104498 12.151002163868041
0.799411423853057 -0.012322992801244862 0.6006575723835074 4.669884701244317 0.027034603527347496 0.9995147203074563 -0.01547430453449469 -0.4073972548585461 -0.6001753957180747 0.028608875146143346 0.7993566329477257 12.9467167050359
0.770872514750347 -0.011446269264921673 0.6368866060158517 5.31543402741039 0.027812960775320784 0.9994898272708312 -0.01570109534503764 -0.44664348957892 -0.6363819648728166 0.029817245044410176 0.7707975912537448 13.70942621741341
0.7403522292255973 -0.014674257000676354 0.6720589578765888 5.986920315011278 0.032755706747880656 0.9993616052277265 -0.014263438298955789 -0.4777876933647353 -0.6714206135919092 0.03257373448254548 0.7403602578918758 14.449788428367661
0.7086746782514269 -0.013931704066185088 0.7053978367042592 6.704272468872915 0.033239032069379115 0.9993541308288123 -0.013656058819426387 -0.5120007467693141 -0.7047519898179271 0.033124444405923055 0.70868004348258 15.145658642629133
0.6750101962533434 -0.012638318684779206 0.7377001476581423 7.4692382510623645 0.03424414106470645 0.9993124170914844 -0.014213790821436284 -0.5465973573858901 -0.7370132792268833 0.03485636165174186 0.6749788591471877 15.788799704960232
0.6402354074954739 -0.013990549683369402 0.7680513573379463 8.268731831800368 0.03872334140042909 0.9991507818824859 -0.014078987690959617 -0.5915240793716225 -0.7672021414333321 0.038755381344705506 0.6402334688197233 16.38779186190593
0.6037190462798094 -0.012128915613652085 0.7971048880574214 9.058714437689373 0.03856860503538164 0.9991577636560756 -0.014008070224491015 -0.6268407232563885 -0.7962636346491168 0.039200162395409056 0.6036783675133234 16.999903140281003
0.5658178539715363 -0.010774213915297096 0.8244598670896921 9.866426214127836 0.041666713286029354 0.9990107052970226 -0.015540132106409333 -0.6438665793480076 -0.8234768006027766 0.043145417096746734 0.5657070194478432 17.589234800963702
0.5275239682736323 -0.009076611919004482 0.8494916585893659 10.729095866754149 0.04632848398069213 0.9987623030002384 -0.01809789152663526 -0.6669927951395204 -0.8482759777742681 0.04890273225220535 0.5272915591106863 18.094473604581946
0.48901139922152564 -0.008056051043103082 0.8722401913882418 11.602204852159526 0.04810760981570641 0.9986844842247343 -0.017747079945576717 -0.6921274164077165 -0.870949774274743 0.050639915189165295 0.4887556543718019 18.581350334794294
0.4505204439565309 -0.009645917331267398 0.892714000033633 12.481293119446239 0.053257997768004384 0.9984511660847316 -0.01608895949965532 -0.7205779268533079 -0.8911761415404668 0.054792565397840776 0.45033638485710814 19.057159526525457
0.4138969567110431 -0.010152626481034946 0.9102671220036862 13.404690011025169 0.05721769935079646 0.9982507880355189 -0.014882844737002182 -0.7392593900454397 -0.9085237718994142 0.058243354659569785 0.4137538731319148 19.440551212625653
0.3789163969897161 -0.007692452611050237 0.9253989357380735 14.337625710954798 0.05862531319935619 0.9981564722596241 -0.01570762676210566 -0.7706920292831388 -0.9235721069546273 0.06020367977995168 0.37866882654417633 19.79921953751299
0.3456860011751385 -0.008318187895988947 0.9383133785370802 15.277981302668234 0.059376621244216284 0.9981506546056609 -0.01302641776966484 -0.7851372659011724 -0.9364697568214168 0.060216928354209255 0.3455406142531161 20.13910583947839
0.3124205108264569 -0.009735736230213642 0.9498940150643082 16.228684448864893 0.06180854280579637 0.9980369233438748 -0.010099687050335218 -0.8016856701965321 -0.9479309724084133 0.06186691427852505 0.3124089570842898 20.4487664214438
0.27969425785292623 -0.009588040555995552 0.9600412447402445 17.188332769462253 0.062245640317319675 0.9980274450083728 -0.008166962198084965 -0.825525446605126 -0.9580692054259901 0.06204263444079933 0.2797393592722651 20.72895700993674
0.24724971049295524 -0.006371401624250338 0.9689308468113155 18.155492145553364 0.0594179435284213 0.9981961616726454 -0.00859830267258461 -0.8402723261440663 -0.9671282689736675 0.05969780618530743 0.2471822875706473 20.98269954312385
0.21622750759680706 -0.004654594364480421 0.9763319106276183 19.13117815360808 0.05922766865229779 0.998209508834991 -0.008358213769553037 -0.8546467400429907 -0.9745448928728148 0.05963313862866907 0.2161160349275534 21.201400685986023
0.18593194931103904 -0.004374887945527401 0.9825528843685015 20.115603890802614 0.06138608256778928 0.998088326641246 -0.007172244380649619 -0.866060512960271 -0.9806431864304045 0.0616486218656936 0.18584506538964896 21.376830710703636
0.15508524586490058 -0.004396665755252075 0.9878913077081206 21.09925134726066 0.06326095431191453 0.9979819221033245 -0.005489518603438777 -0.8760524351463722 -0.985873530517261 0.06334629022435508 0.1550504090295879 21.556657969830816
0.12439636784833993 -0.004805382521701346 0.9922209693233465 22.08885788612893 0.06208280774499644 0.9980666431037806 -0.002949729825843401 -0.8866586751259697 -0.9902884774895837 0.061966799355524065 0.12445419691193166 21.70006789214895
0.09514786299460376 -0.005300278494687752 0.9954490399892097 23.084398368880187 0.06277436435203211 0.9980275088315708 -0.0006861454974944226 -0.906412790881299 -0.9934818887869863 0.06255396600795307 0.09529290628854474 21.792311710228166
0.06782282260882225 -0.004837162193084627 0.9976856552017229 24.08169520774686 0.06577982375226961 0.9978340947844825 0.00036615945991394223 -0.9094950824835555 -0.9955265338103715 0.06560275259124052 0.06799411248012485 21.8657250052459
0.04284303060640093 -0.004468174287208912 0.9990718243184518 25.081355980818145 0.0698919280675342 0.997553494531016 0.0014642199143580633 -0.9217254172164682 -0.9966341320261218 0.06976432446095988 0.04305050421358927 21.888719737271174
0.01991883468883206 -0.004139766892920575 0.9997930297590158 26.08094709980119 0.07412211950306263 0.9972456446191124 0.0026524872444602635 -0.9320450169311344 -0.9970502251266045 0.07405394397519002 0.02017081943567766 21.915386265482116
-0.0003538370335935536 -0.004315757116751518 0.9999906244759817 27.08093522099535 0.08013025419785048 0.9967749953973006 0.004330232429830457 -0.9368033085360332 -0.9967843383408173 0.08013103513132526 -6.873192710231394e-06 21.916442779652964
-0.017945326018742422 -0.004958258446735954 0.9998266754529294 28.080628829897066 0.0846698030979021 0.9963881177810204 0.006460896853770504 -0.9409686679246069 -0.9962474540581988 0.08477107064304386 -0.017460694848388 21.89204322964138
-0.033551736252917956 -0.004665457818947172 0.999426092564005 29.079828649610885 0.08759190893748225 0.9961275220376458 0.007590607869218876 -0.9323454907926272 -0.9955912507063838 0.08779631736283726 -0.03301315153725104 21.852987360034906
-0.04777672769749643 -0.005243170071290818 0.9988442788834122 30.07846637274223 0.09013468907663559 0.9958839019637302 0.009538953535400466 -0.9313003527850825 -0.99478295226425 0.0904862584987124 -0.04710748249828974 21.800818349022524
-0.061080468674396565 -0.0061981601644507806 0.9981136003266827 31.076765147773507 0.0904546910782372 0.9958316139989601 0.011719446324964427 -0.9284368365283534 -0.9940257165729952 0.0909998866526703 -0.06026520904090853 21.742583027178327
-0.07308470661501745 -0.005843525685761646 0.9973086176638392 32.0732133601843 0.09041024569052812 0.9958266560445909 0.012460280302757018 -0.92419802227057 -0.9932193177406363 0.0910775730825364 -0.07225138440348432 21.6584819231982
-0.08424017693264393 -0.002886286844980884 0.9964412987921598 33.06997200030465 0.09076943447780782 0.9958159638268997 0.010558217277480084 -0.9203728677609669 -0.9923026263972781 0.09133583927324472 -0.0836257263604698 21.578122844934807
-0.09447425908979223 0.00048006095745123465 0.9955271889360496 34.065483803686696 0.09080090534026734 0.9958358248350301 0.00813668019034875 -0.9146870193296286 -0.9913777332373486 0.09116347687867828 -0.09412444169591672 21.483656341337614
