0.9990466514060906 -0.0007371349416932178 0.043649111633055904 0.031093584732891744 0.0008431724055140074 0.9999967381735361 -0.0024109547036035993 -0.02798760894698921 -0.04364719205827358 0.0024454599497811314 0.9990440142211264 0.9991250819678571
0.9960438643698978 -0.004917124639390508 0.08872678364711076 0.13127668433419729 0.005583180477206557 0.999958057911508 -0.007260200658683625 -0.04607834043136465 -0.0886873629489537 0.007726855966439995 0.996029541404287 1.9939358856286413
0.9909984529267996 -0.004454557938163814 0.13379918987148484 0.2886157522865442 0.0060004324723092264 0.9999198031327754 -0.011152672910883465 -0.07103665668100963 -0.13373877936797304 0.011855134604357661 0.9909457072295521 2.9811592313912407
0.9838073507416523 -0.0021440473994687615 0.17921634882856097 0.4994246691646832 0.004601052806615511 0.999901029297377 -0.013295184207703026 -0.10982515025497562 -0.17917010615546977 0.013904483837771594 0.9837198475122088 3.957917418859255
0.9743791592589711 -0.004625949595890481 0.22486408026209292 0.7309793779189359 0.007794866686858292 0.9998824024410264 -0.01320686723244218 -0.14148188197447292 -0.22477654249301623 0.014621281718697874 0.974300633308728 4.930220975072364
0.9628557466884764 -0.005506078090417763 0.2699601714568998 0.9992277933791296 0.009750570553724284 0.9998489999744388 -0.014384144882199641 -0.17215716459269195 -0.26984020723912383 0.01648212225951156 0.9627640428490097 5.893092577473743
0.9495029528146632 -0.008082838515264293 0.31365396588879835 1.3218436618245446 0.014124391848294336 0.9997558201615051 -0.016994163942743085 -0.20212759316254103 -0.31344001683121286 0.020566180363235965 0.9493852685154306 6.839144978601284
0.9344275819684944 -0.010187507830975523 0.3560074560184188 1.6659011370259018 0.017986466045780525 0.999665143980375 -0.018603412318199147 -0.23500796546383912 -0.3556987223700649 0.023786857608577718 0.9342979205314617 7.777530975372005
0.9172304892078674 -0.010046134968398752 0.3982302158798258 2.0672282082408207 0.019288700819029867 0.9996294033775088 -0.01920942278780041 -0.2693216122388853 -0.3978896526528552 0.025300811752258557 0.9170843435783144 8.692815675546539
0.8977786674766223 -0.010576155552696009 0.44031989411974737 2.5073233824588606 0.020588239407027063 0.9996265757940215 -0.017967564232227153 -0.2919781974439651 -0.4399654402586855 0.025196307270023675 0.8976611596131004 9.590482358095477
0.8759918220451895 -0.010374372943672959 0.48221437151538166 2.98814562955981 0.021253696171626788 0.9996278061194832 -0.017103497647966828 -0.3164871618342452 -0.4818574562139644 0.02523136180976795 0.875886277020158 10.466965109779528
0.8521622264431827 -0.010430165172813529 0.5231737297283431 3.5175264908631587 0.022057753506956396 0.9996286676020919 -0.01599945056224431 -0.341755058080808 -0.5228125814607214 0.025174164584652544 0.8520758570126503 11.314964125059838
0.8265326620841126 -0.010785750560708431 0.5627854174487749 4.06456201898529 0.023733434356488906 0.9995950533356148 -0.01569883564524937 -0.3830498421272141 -0.5623881956458505 0.026332431179298614 0.8264539433425151 12.151064337653862
0.7994111937671495 -0.012330416560756091 0.6006577262528291 4.669751397297509 0.027040057502934627 0.9995146518374555 -0.015469196892187141 -0.4075216368042606 -0.6001754564875326 0.028608068611660865 0.7993566161859758 12.946764188298996
0.7708739388467534 -0.011452078915336358 0.6368847778801189 5.315311131878119 0.027818347861940713 0.9994897164245212 -0.01569860770461785 -0.44674373510606197 -0.6363800043441994 0.02981872985471275 0.7707991524520049 13.70946099623322
0.7403457833513757 -0.01468134280187225 0.672065903946459 5.986752647567966 0.032756421736972165 0.9993617275088386 -0.014253225092611383 -0.4779350559707041 -0.6714276862841052 0.03256678928118249 0.740354149260399 14.449892259439899
0.7086751622544994 -0.013939663012626979 0.705397193217164 6.704149344033538 0.033243312775612203 0.9993540832354897 -0.013649119981080622 -0.5121146832085649 -0.7047513012114708 0.033122531842380586 0.7086808176641232 15.145686920367478
0.6751402640468361 -0.012647935656506237 0.737580947141666 7.469748815378266 0.034250593691644696 0.9993121786469537 -0.014215007550126441 -0.5466357297120374 -0.7368938327157705 0.0348597092860678 0.675109087462133 15.787580531697774
0.64043135728059 -0.014022923744884749 0.7678873838144405 8.269376859352937 0.0387496617592977 0.9991498638415713 -0.014071719827760124 -0.5916536464723139 -0.7670372483297541 0.03876734702060619 0.6404302869787656 16.386179770451164
