1.0 0.0 0.0 0.0 0.0 1.0 0.0 0.0 0.0 0.0 1.0 0.0
0.9991174526834355 -0.0004304710384935562 0.04200155280520011 0.04087263222646724 0.0005142760433391164 0.999997898639872 -0.0019844989270943526 -0.017624156020242775 -0.0420006102754977 0.0020043479052822776 0.9991155745587996 0.6047411888295608
0.9961657884320484 -0.004853435013397466 0.08735082212621778 0.08298587088573926 0.0054768724206035995 0.9999612036424468 -0.006898918642622889 -0.028272632662560884 -0.08731394977919532 0.007350876037577123 0.996153722472308 1.1028465896606332
0.9912507627090824 -0.00445010945337443 0.13191710258535608 0.15398840640531525 0.005913670526261233 0.9999252144681847 -0.010704857386331874 -0.042163024653762524 -0.13185959930763175 0.011391312330362226 0.991202947974744 1.5935637587937754
0.9839809491939193 -0.00208763411952548 0.17826141872883286 0.22440743236583865 0.0044842818873891506 0.99990488491281 -0.0130427122737021 -0.05265684896380677 -0.1782172349672941 0.013633154854366574 0.9838967193000133 2.003401069680428
0.974548992367956 -0.004484087408375376 0.22412977141539148 0.43730540473007723 0.007639187313207608 0.9998835364740466 -0.013211975830570459 -0.07391912867994915 -0.2240444248174797 0.014587887039180809 0.9744697477397319 2.9242914198291903
0.9630306778085314 -0.005075412155074638 0.2693439321594171 0.5061995510904209 0.009319343783197214 0.9998517258081974 -0.014480201304536772 -0.08147992157505231 -0.2692305024158503 0.016454986776823787 0.9629351847238128 3.1730344605036205
0.9495319040721474 -0.007527456983132792 0.3135801341610934 0.6764342450994738 0.013561361849941075 0.9997624076407087 -0.01706510278986023 -0.09832896200188337 -0.3133771730900278 0.02045643321355456 0.9494083851147946 3.694051147148583
0.9344966421766432 -0.00918579638631793 0.35585340648268077 0.8640945886318693 0.017113080465529396 0.9996704378623669 -0.019135259105753 -0.10932264437736273 -0.35556035807941144 0.023971583360577066 0.9343458647383355 4.1767357044564655
