0.9990403827270996 -0.0005478652415487465 0.043795131283824576 0.03667612012494034 0.0007085232454183119 0.9999930769131524 -0.0036529605221835323 0.05327698370739145 -0.04379282675622835 0.0036804849467199584 0.9990338544590248 0.9979060102131906
0.99604509485614 -0.0053257571555380915 0.08868937548400685 0.09684912892673883 0.006090420573310338 0.9999465620182785 -0.008353435524706238 0.035588140710080825 -0.08864014773376182 0.008860554076662523 0.9960243043175158 1.9959372190664513
0.9909851213717471 -0.005122174267593063 0.13387401745893784 0.22767003156226945 0.006790123749985904 0.99990487656471 -0.012005500471526109 -0.0002592106887105306 -0.13379978863691627 0.012806293487357834 0.9909256356598268 2.986694928514787
0.9834087133815019 -0.0025485896065469077 0.18138579640191313 0.34010109189967075 0.005258647655382671 0.9998815987018342 -0.014461507608154945 -0.02924928560943973 -0.18132746364016514 0.015175416583461101 0.9833056786479689 3.9799314623912707
0.9739110279971209 -0.005027571582141984 0.22687448748058375 0.5700860376443427 0.0085111653450877 0.9998603912085942 -0.01437908747680284 -0.05492549704840131 -0.22677052191601024 0.015934918141722865 0.9738178519485852 4.952786866290961
0.9622219891967226 -0.0057882523884975725 0.27220459151268783 0.8410595051369738 0.010487858553458376 0.9998199568466987 -0.01581324489244145 -0.07463155859108189 -0.2720640518871702 0.01807069520944692 0.9621094540879339 5.9151719404964
0.9487105075122994 -0.008221295925116416 0.31603921153721887 1.1664915259529802 0.014788244270337612 0.9997215892432173 -0.018386185912716544 -0.10027106454435128 -0.31580006454583914 0.022116832827686107 0.9485679548342942 6.860389690838648
0.9338060890709494 -0.010394850257343918 0.35762848754279264 1.5448647778775848 0.01876263093291431 0.9996251882492692 -0.019936065260944345 -0.13877057740671653 -0.3572872117701574 0.025326470455647426 0.9336511223148428 7.785241814011498
0.9166991502441085 -0.010762328161580166 0.39943314864226265 1.9561021561044976 0.02056365540420611 0.9995832307990321 -0.02026081888242265 -0.17734454987990303 -0.39904862362642796 0.026786881078463165 0.9165384110793947 8.695953539749489
0.8972294881865589 -0.011212712644755754 0.44142215690156733 2.40081238975727 0.021786997078879367 0.9995840999673216 -0.018893222351011922 -0.2063075737089613 -0.4410267251389317 0.02656881946316036 0.8971006217507393 9.591159622914166
0.8753647797835651 -0.011159176024144088 0.48333422711921925 2.8819234949759767 0.022568471464095328 0.999586910331214 -0.017795302477681903 -0.2454810896963284 -0.4829359858306743 0.026485495746918622 0.8752550211822807 10.466943568919287
0.8515173366091154 -0.01109954873863296 0.5242089521096692 3.4066987915633877 0.023151363944433692 0.9995967665075758 -0.016441372665071553 -0.27807685573166885 -0.5238150816859239 0.02613626609518081 0.8514309459920815 11.317560041912946
0.8260265176475923 -0.011317793192275211 0.5635176125909901 3.9795876113464956 0.02473284664868051 0.9995631681039263 -0.01617897607066129 -0.3136249297894985 -0.5630883398185804 0.027301657958795585 0.8259456041611068 12.136421882883832
0.7989072054696061 -0.013061436147442748 0.6013124611502004 4.586726105848172 0.02822927244700165 0.9994766698835607 -0.015795396024827938 -0.34392393888825745 -0.6007914656732882 0.029593668989067116 0.7988578281082983 12.930440017778562
0.7701812761679759 -0.01216927751907358 0.6377089544023451 5.2213114879145675 0.02900426348136189 0.9994519129459576 -0.01595701753367407 -0.3797773872893208 -0.637165249005446 0.030786074665829274 0.770112110712783 13.702460680135022
0.7399010667015404 -0.015273961465802146 0.6725422794107924 5.903847971726358 0.03383922454926994 0.9993216188314449 -0.014533031961866007 -0.40481076913693137 -0.6718640624232158 0.03351131506285188 0.739915990763094 14.432883337272003
0.707673820803985 -0.01427662216498385 0.7063950321231374 6.602234258226549 0.03419158000388948 0.9993164381004968 -0.014056756346112607 -0.425710056802429 -0.7057114843939604 0.03410036072675249 0.7076782222117465 15.148299156640766
0.674089749712739 -0.013085264626145093 0.7385335369378164 7.357128182371123 0.03534791441749884 0.9992690198191472 -0.014558536190648643 -0.46695288051553663 -0.7378031812607952 0.035919380275068837 0.674059540279718 15.802847988113154
0.6383259410758992 -0.014513756792548576 0.769629354828241 8.112777525328896 0.04014335122136692 0.9990893861527443 -0.014453713351622816 -0.49845639814315396 -0.7687187420001448 0.04012168167836001 0.6383273034713577 16.457066284146208
0.6018729453137268 -0.012650506698614384 0.7984916545460246 8.902862534704587 0.040045255779290155 0.9990947324267592 -0.014355943949251522 -0.5336153296386246 -0.7975871959785652 0.040616256811418935 0.601834682029607 17.069054443750442
0.5640158940786266 -0.011389206641028153 0.8256853863299116 9.72476013427811 0.04308394826665331 0.9989488574512838 -0.01565099353176473 -0.5589924226016232 -0.8246392208890158 0.04440119557920664 0.5639137249639288 17.638124139805246
