0.9990467583056871 -0.0007422845714658998 0.04364657755784481 0.031093135138668473 0.0008481279437904638 0.9999967446122304 -0.0024065419033449534 -0.02798456625947731 -0.043644649132384604 0.002441265769341199 0.9990441355733762 0.9991246572847273
0.9960438652627179 -0.004911903218138234 0.08872706283474044 0.13128140376583688 0.005575454941091586 0.9999583033187064 -0.007232283607121946 -0.046072762982366004 -0.088687838933555 0.0076983654596044435 0.9960297196341813 1.9939287224027153
0.9909983932657603 -0.004457452890308214 0.1337995353445276 0.28861016326443845 0.006002184690824134 0.9999198895157472 -0.011143981772829114 -0.07097633465794964 -0.13373914282519547 0.011846757554140884 0.9909457583600806 2.9811609513888997
0.9838044470429315 -0.002108278253447661 0.17923271225241663 0.49940505192394924 0.004566826520880439 0.9999010479659759 -0.013305576728265052 -0.10973351206538157 -0.17918692495290983 0.013908610259461772 0.9837167257328558 3.9579226396674354
0.9743684564630994 -0.0046073395883867285 0.22491083449143567 0.730939894804912 0.007781379481833066 0.99988222736158 -0.01322805880715944 -0.1413943816068253 -0.22482339999002873 0.014639119794688672 0.9742895539769274 4.93023390972124
0.962855541815007 -0.00550363501773962 0.269960951986987 0.9993425405389152 0.009749586412813262 0.999848930565268 -0.014389635585002192 -0.17213657209010877 -0.26984097383627276 0.01648714799720027 0.9627637419377661 5.893050059126363
0.9494974892261773 -0.008085351920221235 0.31367044017170514 1.32191606415817 0.014127596205537496 0.9997557655080656 -0.01699471561501987 -0.2021526870259058 -0.31345642277458363 0.02056784912693334 0.9493798157764113 6.8391184259034254
0.9344306850733209 -0.01020134810750876 0.35599891473176304 1.6660716254865733 0.017995851233660203 0.9996652286153972 -0.018589783099915172 -0.2350469651883337 -0.35569009563351633 0.023777367266275478 0.9343014463619886 7.777454674842725
0.917230085931834 -0.010042347875548278 0.3982312402494645 2.0673583201330636 0.01928671837030808 0.9996293479818645 -0.01921429540361041 -0.2692688937771733 -0.3978906783979553 0.02530450360112315 0.9170837966846405 8.692767653179875
0.89777869802964 -0.010574653161634763 0.44031986790822336 2.5074583603021487 0.020585887743115486 0.9996266490898116 -0.017966180876933475 -0.29195606048796596 -0.4399654879533533 0.025194029848080484 0.8976612001584904 9.590429754233364
0.8759919345910122 -0.010390512688526865 0.4822138195630289 2.988278455511033 0.021243070334870377 0.9996289333147508 -0.01705073730844382 -0.3166832738176887 -0.4818577201770705 0.02518001044645077 0.8758876095593956 10.466900290158565
