0.999999895866531 -0.00039255950842927726 -0.00023273151776479452 -0.009036465093718244 0.0003929073987201476 0.9999988028195341 0.001496657367111392 -0.0146144393970518 0.00023214371206282461 -0.0014967486531945174 0.9999988529257251 0.999852369430034
0.999998686519219 -0.0015538215704606058 -0.0004610839013051098 -0.028724835060578137 0.001554505470455865 0.999997686747031 0.0014866113577751317 -0.03251827768072451 0.0004587729059068244 -0.001487326162586595 0.9999987886934198 1.9994982170509044
0.9999953803286257 -0.002996134039630224 -0.000512349708815152 -0.04136994246812441 0.002996332622780138 0.9999954359976515 0.00038726564540730326 -0.04954424076915025 0.0005111870706672815 -0.0003887990265140965 0.9999997937615267 2.9992733006769603
0.9999956887741384 -0.0029177171359147267 -0.00033069601146104496 -0.04533220939043293 0.002917818771179592 0.9999956959492577 0.0003072728070524879 -0.06504052974079119 0.00032979805299410445 -0.000308236393359798 0.9999998981117798 3.9991453750319534
0.9999933519255659 -0.003602425485966875 -0.0005644778913730746 -0.05218947459525826 0.0036030793843495924 0.9999928340990345 0.001161709744651259 -0.08570525325786585 0.0005602888735889968 -0.001163735880171724 0.9999991658972417 4.998908320690316
0.9999868653861442 -0.005101400892891291 -0.0004947364187590767 -0.06424407030230404 0.005102604156041251 0.9999839504845911 0.0024621543528202264 -0.10827743673156816 0.0004821680420653828 -0.002464646457480052 0.9999968465109371 5.99858085850369
0.9999890398634301 -0.004638443104242802 -0.0006363949909073777 -0.08437392587273002 0.00464029516400041 0.9999849110410981 0.0029402977600194048 -0.12222247326675069 0.0006227469845001201 -0.0029432185945531012 0.9999954748150103 6.9982809761695615
0.9999912722920268 -0.004010331629595824 -0.0011715715918749336 -0.09219002659266115 0.004011732880020327 0.9999912375717294 0.001196151771192027 -0.1378920588364782 0.001166764360781074 -0.0012008413638051108 0.9999985983194902 7.998127650740106
0.9999986839717464 -0.0011185705140214011 -0.00117509777500022 -0.11083430240504388 0.001117376101865809 0.9999988589951953 -0.0010166016693972288 -0.15518927696779036 0.001176233574859917 0.0010152873053495563 0.9999987928324037 8.997804197044696
0.9999965337150818 0.002493947216715143 -0.000844266013717742 -0.13014082825286546 -0.002495465520272013 0.9999952624964974 -0.0018021199732194651 -0.17793984304591837 0.000839767621913103 0.0018042205632853726 0.9999980197872893 9.997358932811837
