1.0 0.0 0.0 0.0 0.0 1.0 0.0 0.0 0.0 0.0 1.0 0.0
0.9999801517938997 0.0005235478472016019 -0.006278687434576318 -0.14709233374891803 -0.0005222776795313102 0.9999998428180137 0.0002039361994634854 0.012810635971102305 0.006278793218037951 -0.00020065293339193533 0.9999802680523878 0.9890234575649087
0.9999114877818519 0.0010243382922320726 -0.01326526791838587 -0.25309682979877995 -0.0010223031066160077 0.9999994646156826 0.00016020208035523795 0.0004874460459024003 0.013265424917494863 -0.00014662677591068934 0.9999119996291408 1.9940811963019809
0.9997882227898516 0.0013297427316280065 -0.020536342297930145 -0.44708399735089804 -0.0013413800711196229 0.9999989474967179 -0.0005529059243494453 -0.006988180982723785 0.020535585460728298 0.0005803358717674515 0.9997889541998656 2.9902392530503157
0.9995571144444294 0.0018600409507717316 -0.029700424427729515 -0.5669850222268799 -0.0019166204078111416 0.9999964023687844 -0.0018766501274175029 -0.02345736371296502 0.029696826930468205 0.0019327434257620582 0.9995570833989982 3.9854303659694015
0.9991510779598217 0.0019558840092467568 -0.04114970145054111 -0.7011748430106552 -0.002103841069300763 0.9999914764667025 -0.0035525831024419033 -0.011127661393088127 0.041142402269209025 0.0036361396682477974 0.9991466765314448 4.981147042162502
0.997137115764328 -0.0034185793089400868 -0.07553731316843264 1.4162659992042579 0.0027294879155347696 0.9999537338568099 -0.00922388429803888 0.1927200884733738 0.07556535092829471 0.008991299201625176 0.9971003130466617 6.021500034627126
0.9958430692839446 0.0048289926592830785 -0.09095747461879726 -576.1572941177745 -0.006500498031062327 0.9998152396453781 -0.0180895024310668 659.2866891797524 0.09085331520908144 0.018605574507442886 0.9956904678225895 639.0599700362336
0.9918401123568169 -0.0023082514394564546 -0.1274671075035003 -573.2542932547248 -0.0017021086625425615 0.9995072056967523 -0.031344035897940485 661.4349045445604 0.12747664235505085 0.031305234954600414 0.9913474103049443 640.5046521296123
0.9859356709667403 -0.0079008363494881 -0.1669384003168291 -571.7172116954439 0.0016992230146214817 0.9993041851152593 -0.0372593377863117 661.6997696680646 0.16711662202339375 0.036451644628281266 0.9852630675344446 641.7180894634993
0.9794309896498167 -0.010309617055798304 -0.2015158760736809 -571.3432305938466 0.002148753159179509 0.9991701499867301 -0.040674245356938865 661.7686096753679 0.20176798401491067 0.039404608507868026 0.9786403616522774 642.7965121422342
0.974203783881677 -0.006889511251417398 -0.22556489555189874 -571.7121782230764 -0.0026448229097931833 0.9991166620744814 -0.04193924745298676 661.7010374142436 0.22565458644219538 0.041453952765250546 0.9733250111949954 643.7399942109029
0.9654659027239836 -0.00393410423276111 -0.26049973800610465 -571.7137765717001 -0.008376828037445373 0.9989002385625678 -0.04613179111715356 661.7440004444591 0.2603947377144831 0.04672083286427371 0.9643711652403725 644.7684032378916
0.9579202643238877 -0.0015769307365134932 -0.287030103799419 -572.1299076980839 -0.013231926527991664 0.9986792089807296 -0.04964628556078152 661.7762196411653 0.28672928576971485 0.05135514423187887 0.9566341860099458 645.6937603267074
0.9546017799679061 -0.00365808399258339 -0.2978624852236485 -7875.271675790762 -0.014164968873831238 0.9982360184417358 -0.05765592027185459 2958.9897533324006 0.29754797149183915 0.05925765694907516 0.9528660633866634 1235.7030671564135
0.9435517417751358 -0.006901096297511837 -0.3311532658196192 -7875.616946568845 -0.015764608863541904 0.9977142310707992 -0.06570989443138701 2959.300575686381 0.33084979628297545 0.06722118705212643 0.9412862074368327 1236.6651926737798
0.9355202498445679 -0.007071915181440554 -0.3532022793618738 -7876.603103077325 -0.019152125789697008 0.9973140018783743 -0.07069637710009122 2959.5294472350597 0.3527535374854407 0.07290246685132955 0.9328720020016132 1237.4000968206437
0.9255738009535984 -0.010837474898745805 -0.3784120612852172 -7882.980224042612 -0.01811707661441822 0.9971767505075816 -0.07287180375212485 2960.593370508308 0.3781334559692585 0.07430395268732322 0.9227643318268127 1242.0726735515693
0.9074355887898681 -0.016843844027884358 -0.41985347100619413 -7883.198573557572 -0.021828830889481884 0.9959573096382327 -0.08713517957847106 2961.063202708064 0.4196238247997641 0.08823447340205709 0.9033994262583289 1243.1046654891456
0.8922375825990534 -0.013037093891582047 -0.4513780348894471 -11243.835252408726 -0.028943800747814597 0.9958766134584909 -0.08597689901781069 2408.8531269225937 0.4506377176802532 0.08977641644279472 0.8881811991112071 5386.524324530693
0.8743603502997341 -0.014758269605227987 -0.4850527510508368 -13325.293893103884 -0.031975616064791997 0.9956131249684171 -0.0879321634437623 2537.5978184242554 0.4842226118233251 0.09239425777007429 0.8700527359477205 8100.4055428750735
0.8573114761809298 -0.016860970272983174 -0.5145218561829303 -16328.996607700388 -0.033172314834332695 0.995576995216626 -0.08789791876925536 2127.088117008122 0.5137281677473082 0.0924237754957473 0.8529602660066321 9674.761526499602
0.8367228053633415 -0.012286527954022537 -0.5474888019089834 -16329.77267960237 -0.03279369469450243 0.9968299484578307 -0.07248880910763282 2126.421736592078 0.5466438699676263 0.0786072203324485 0.8336674302972512 9675.395561163461
0.8257394450810716 -0.0220885459691095 -0.5636190779011777 -16331.224571449404 -0.034079719689934604 0.9954536618206127 -0.08894144069998522 2127.0171532986424 0.5630212620701451 0.09265043607508848 0.8212325828606877 9675.692497516482
0.7956001569000105 -0.016679321333407084 -0.6055924294280228 -16331.95748895005 -0.043726324115543995 0.9954327910093973 -0.08486204783402357 2126.9366162757037 0.6042420036045331 0.09399658942269487 0.79123715929984 9676.398026181392
0.7628381183454778 -0.013896834017204873 -0.6464401621213122 -16332.757156008385 -0.051314299312675296 0.9953144857132163 -0.08195069990845086 2126.847325905886 0.6445501127803637 0.09568674168208502 0.7585507231432094 9677.040452850693
0.7266253674560682 -0.014435354606134689 -0.6868822285564884 -16333.579065044154 -0.05557234280451624 0.99526829163949 -0.07970409256887868 2126.761586662344 0.684782659012734 0.0960866702222853 0.7223849816552409 9677.64913149491
0.68631275610925 -0.018571133370905837 -0.7270694009563627 -16334.401378858029 -0.054344641017102645 0.9955699558289127 -0.07672758984575834 2126.6802078399646 0.7252733696989341 0.092171449246156 0.6822631187081829 9678.242428907199
0.6434309020654064 -0.02227274140957624 -0.765180109031461 -16335.266836551466 -0.0537920240503981 0.9957901638193477 -0.07421837905261666 2126.6137971983453 0.763611872888222 0.08891498541156409 0.6395240675325696 9678.778300457874
0.5988874287811476 -0.02265803936367749 -0.8005126238230719 -16336.174552402435 -0.05552586037798463 0.9960192196252687 -0.06973229500278116 2126.5347778149658 0.7989059559655252 0.08621094703843818 0.5952452823278361 9679.24680274953
0.5502219157211524 -0.021930495036922015 -0.8347304336416516 -16337.078549945914 -0.057368004455936136 0.9963002449554809 -0.06399010834802728 2126.4599702396067 0.833045470262511 0.08309557923911552 0.5469281206758592 9679.702095173834
0.4988193541361194 -0.0212871460021718 -0.8664445217983123 -16338.018486364641 -0.06025828821091275 0.996427435777919 -0.059171817032532416 2126.405636391885 0.8646086922077032 0.0817265112685177 0.4957545629792644 9680.089451686985
0.45900766595142484 -0.019306083166576934 -0.8882225158993604 -16339.242024664427 -0.06444937186717184 0.9964062107652643 -0.05496309320202521 2126.3982728665424 0.8860915534321224 0.08247386435212511 0.45611382420956603 9679.964771499852
0.40492090166504124 -0.017290134197700816 -0.9141882271470108 -16340.219137417324 -0.06727767665295682 0.9965476289132911 -0.048647071150046656 2126.3538549930126 0.9118732245323085 0.08120267585937684 0.4023597243938894 9680.248997596216
0.3508373112850149 -0.015191400659251718 -0.9363131967222885 -16341.220679738151 -0.07046438463755282 0.9966054068408291 -0.042572685530470625 2126.3066078966835 0.9337815330728876 0.08091281976074886 0.348575908648908 9680.453025486655
0.297041179398306 -0.012116755717007755 -0.954787788973318 -16342.222894656095 -0.07164843520756486 0.9968177693848067 -0.034940468958007044 2126.259745067169 0.9521727991672365 0.0787878091432453 0.2952277792763354 9680.624254633147
0.24353002185831166 -0.01026531302106035 -0.9698390339650541 -16343.219137443635 -0.06982261931185374 0.9971639326881592 -0.028087242269687087 2126.2168754511927 0.9673768295168755 0.07455678838619464 0.24212260328068064 9680.783132508643
0.19320288950389394 -0.0098593890391002 -0.9811092884766311 -16344.225286093159 -0.06968087426427572 0.9972867248344653 -0.02374371981622866 2126.1829230269786 0.9786813675804359 0.07295190824591946 0.1919916660539371 9680.879259870408
0.18812124565897498 -0.013335796395701729 -0.9820552700669182 -16345.481324663235 -0.07464224077033788 0.9968218325798491 -0.027834690315042574 2126.377708765379 0.979305331765583 0.07853910253271179 0.18652795111955098 9679.706151962917
0.17242739154741574 -0.013868408521875776 -0.9849245970576753 -16346.60801699103 -0.08192760814366305 0.9962344025654744 -0.028370445341430642 2126.43906341012 0.9816092204477364 0.08558435832605796 0.1706418938652061 9679.149234147644
0.15456911489795086 -0.014711874695909007 -0.9878724358248869 -16347.70708121089 -0.08894907617880775 0.9956213115291315 -0.028744840857950003 2126.460589409655 0.9839697406763079 0.0923134051584281 0.15258369723353515 9678.678978867614
0.15776031046142136 -0.01751697263551267 -0.9873220549105556 -16348.83574459848 -0.09173640856450929 0.9952588147771012 -0.03231598601567392 2126.519604535238 0.983207056416298 0.09567155940072535 0.15540539545019683 9677.941719083394
0.12661605248121482 -0.02023556981554897 -0.9917453791010644 -16349.833154696013 -0.09260693668392989 0.9951842502007661 -0.032128856661223934 2126.4850763558306 0.9876195272128295 0.09591053053017136 0.12413234711922666 9678.032423589053
0.10043179508460348 -0.021938533583631938 -0.9947020434684366 -16350.833669484278 -0.09449490619034052 0.995027291112464 -0.03148654705537655 2126.450542740301 0.9904464484464383 0.09715652672667734 0.09785929733165594 9678.086077176604
0.07990751629647097 -0.024160623591268235 -0.9965094345298542 -16351.834174242087 -0.09610499928088542 0.9948622341435279 -0.03182709833096856 2126.4256238014696 0.9921585649242516 0.09831276286743852 0.0771750134747027 9678.12736147849
0.06378407902216328 -0.025110148841921264 -0.9976477693496991 -16352.83385359242 -0.09638480538538052 0.9948549613245615 -0.031202166891538506 2126.4047718230713 0.9932983240467675 0.09814828757060244 0.061035670659390286 9678.167828029773
0.05086504016794855 -0.024800817899816523 -0.9983975496365226 -16353.83355546778 -0.09609730232232393 0.9949314164760699 -0.029610555470863 2126.376260946821 0.9940714542602485 0.09744945325870912 0.04822393476784944 9678.19601480737
0.041194089343137064 -0.023426353464433884 -0.9988764953519271 -16354.832709872368 -0.09754920232330892 0.9948546914044798 -0.027355001673978474 2126.3356824025664 0.9943777954727652 0.09856646972402248 0.03869691094735554 9678.224221005845
0.034509972391002675 -0.021674261047597388 -0.9991692990747926 -16355.831964523633 -0.09958262968931103 0.9947147558131016 -0.025017082800420073 2126.2927967249134 0.9944306721283964 0.10036324514343951 0.032169198848340505 9678.242273939946
0.030009649878124187 -0.02063228206611654 -0.9993366449054775 -16356.831281353412 -0.09949829732977387 0.9947595847394209 -0.023525675283203852 2126.260194082282 0.9945850942692982 0.10013829190573927 0.02779950991533176 9678.263696452404
0.028407947184114005 -0.02019568155610729 -0.9993923768887115 -16357.830461197163 -0.09740818689906114 0.9949815884283335 -0.02287539756305647 2126.2335706913295 0.9948389988645513 0.09799884251925953 0.026298159689666468 9678.294587949045
0.029180263068971996 -0.01818090622637003 -0.9994088086944266 -16358.829356607923 -0.09528322328065283 0.9952310501058261 -0.02088694009431861 2126.2015931445712 0.995022421661178 0.09583637907414044 0.02730876850908515 9678.332086870201
0.030987615031572678 -0.01561465069933499 -0.9993977938729866 -16359.828727539505 -0.096058154940288 0.995203276620441 -0.018527522052493 2126.1689885467954 0.9948932598948106 0.09657443185168504 0.029339061477858475 9678.351502040114
0.03282466634473824 -0.01532681323026861 -0.9993435996070424 -16360.828133222942 -0.0980521019211538 0.9950096675273914 -0.018480985792802704 2126.136768395729 0.9946397974081878 0.09859437267529311 0.031158034093394477 9678.37190763944
0.034351543209320046 -0.017658030489376763 -0.9992538043151872 -16361.827070628335 -0.09985080793630845 0.9947805436093403 -0.021011573257898243 2126.1075728839487 0.9944092656615813 0.10049807966096584 0.032409078216658616 9678.408046295783
0.035804299952054086 -0.017792042589148318 -0.9992004280050371 -16362.826594733286 -0.09979029326223049 0.9947807148026897 -0.021289124624744363 2126.0852986291848 0.9943640930140137 0.10047274594214992 0.033841953951608786 9678.431038503388
0.11991399209140471 -0.022844542488543347 -0.9925214160808783 -16363.915666849134 -0.0990153497336028 0.9944753778895425 -0.03485230678999467 2126.4926468089575 0.9878342953237833 0.10245413437212153 0.11698955223533582 9676.037878803614
0.12187601586867677 -0.01919779208460977 -0.9923596533188228 -16364.90885096188 -0.09994823090296653 0.9944934436770171 -0.031514149564832825 2126.4511024724056 0.9875001710862363 0.10302541076114895 0.11928611336677525 9676.147194197558
0.12372602566520433 -0.017013130343012578 -0.9921705619343001 -16365.901212678718 -0.10028999918335627 0.9945190466653528 -0.0295598018200338 2126.404208178243 0.987235426145606 0.10316210164478494 0.12134164226404476 9676.262513196792
0.1255626199063331 -0.017274621083215383 -0.9919352881860233 -16366.893851552479 -0.10185452104628953 0.994340503119715 -0.030209607711167544 2126.3618325944085 0.9868432930433734 0.10482629117765736 0.1230925003940056 9676.376953937517
0.12744066091132064 -0.0200555082703006 -0.991643410977205 -16367.886861762934 -0.10376438288830185 0.9940396230209875 -0.03343920914289891 2126.3314357570853 0.9864034827545453 0.10715878149882327 0.12460001909065556 9676.49132117069
0.12922851952147155 -0.02052199521159691 -0.9914024598793488 -16368.880708530449 -0.10407213964181078 0.9939835873802362 -0.03414114481225451 2126.291550264481 0.9861384180188218 0.10758938484465413 0.1263152594743992 9676.596460234408
0.13051068590169956 -0.018754163320428285 -0.9912695103873712 -16369.870509279359 -0.101365465510776 0.9943293797120175 -0.032157845750262974 2126.250572191623 0.9862514908821441 0.10467743787304279 0.12786958486318648 9676.732330329245
0.13121050848155014 -0.01717417852673953 -0.9912057556612274 -16370.859555259369 -0.09903767351729964 0.9946209406419158 -0.03034342862747865 2126.206802563321 0.9863951245258131 0.10214808871693001 0.12880382868216433 9676.871718680508
0.13218709406448667 -0.015671084497349937 -0.991100897625193 -16371.850010161583 -0.09754483632745209 0.9948160786430775 -0.02873977346919095 2126.1588481524286 0.9864134919335996 0.10047580198180431 0.12997321319208846 9677.001764455368
