0.998603813416185 -0.0007866908908864503 0.05281860418541509 0.07241557099824826 0.00013968744222324705 0.9999249303092675 0.01225211138640406 0.002862086738624053 -0.05282427773355579 -0.012227627057142492 0.9985289584275859 1.0003830160212217
0.9956445151515857 -0.0036539690738025886 0.09315926126033544 0.16436587646739942 0.003676209706567201 0.9999932404651227 -6.712865833044535e-05 -0.009639233079706955 -0.09315838626101829 0.0004093092609780708 0.9956512178143367 1.9949168959986112
0.9909206758553016 -0.0016696800285896873 0.1344374439323887 0.3169261305676713 0.0037481583899240576 0.9998773120364574 -0.015208950767000178 -0.008561163279981292 -0.13439555599481728 0.015574756606480956 0.9908053600407563 2.9820701194994172
0.9840629882753791 -0.015243680766599038 0.17716564368753063 0.5331941815126993 0.005018740599900571 0.9983028377541335 0.058019448246557935 -0.11216011417482535 -0.17774939479312427 -0.056205643210714376 0.9824693778036789 3.9470473315812535
0.9605075719611252 0.038033234064124594 0.27564229956950936 0.7360069667894686 -0.0475967106449235 0.9984716761575019 0.028086741480845768 -0.03494730567363984 -0.2741527992582368 -0.04009719463817824 0.960849862174638 4.941025271126116
0.9589915907200186 0.0237263507567926 0.2824397089788429 1.0746260258465048 -0.023764554854321895 0.9997121661530924 -0.003291014747333249 0.061085266438564836 -0.2824364970411293 -0.0035559984894382654 0.9592794066453627 5.8813187718962485
0.9497842282652469 0.014191160410709277 0.31258363793517135 1.469689629715666 -0.009017612823413845 0.99979749383819 -0.01799038559455321 0.06874841412172414 -0.31277564227023136 0.014268226276283403 0.9497198614967326 6.798947672701078
0.935689283040425 0.010112181769397585 0.3526801800259804 1.8245507697900971 -0.0015290805238485257 0.9996960351459186 -0.024606893877142155 0.04850067763960689 -0.3528218070301874 0.022485130495329863 0.935420328724238 7.731995903686784
0.9187924147731945 0.009681113536677513 0.3946223189277719 2.224772622983757 0.0012214238521920306 0.9996247013151297 -0.027367218426621435 0.012155882126585454 -0.39473916283922916 0.0256267938167667 0.9184357684452723 8.647476551070085
0.8995506169543174 0.009004051532667307 0.4367237279941454 2.661584134082344 0.0033057480487539547 0.9996185764946326 -0.02741848932165618 -0.017479164992021335 -0.436804028789737 0.026108017596912385 0.8991777420789587 9.546525013343128
0.877940652468273 0.009138853745193309 0.4786822454361633 3.138842062403185 0.0045914534127505565 0.9996111114836701 -0.027505351369133114 -0.05153545199278091 -0.4787474587913148 0.026345913356816804 0.8775572708092926 10.42462017359858
0.8542988524243508 0.00910717060792781 0.5197023476856303 3.66479813930381 0.0059345194923557335 0.9996104258103822 -0.027272295275259262 -0.08760311102601621 -0.5197482585106296 0.026382874269195444 0.8539119929597336 11.274317963314445
0.8288398141778666 0.008771807960148459 0.5594172126585939 4.207851327141801 0.008138607775369943 0.9995822629790643 -0.02773197795201735 -0.14052394053015774 -0.5594267829636675 0.02753824472915377 0.8284221867985908 12.112381724885005
0.8019160769849596 0.007204651453482996 0.5973932527828607 4.809555151269836 0.01203175685166978 0.9995297352157951 -0.028205411652806874 -0.17789171795922956 -0.5973155299338153 0.029806063424676222 0.8014522794795771 12.910241439340707
0.7735459692819113 0.008076693394074484 0.6336887251888949 5.4516140476169115 0.013419236630833647 0.9994858462761947 -0.029119876060933268 -0.2306396359592181 -0.6335981040817228 0.03102918170652486 0.7730398646814213 13.675019114046032
0.7432370012616824 0.0048621134691796426 0.6690105528376626 6.119604119897705 0.01898430160291356 0.9994176542548863 -0.02835398836688953 -0.27570878883329714 -0.6687588176975248 0.03377443139821774 0.7427118765278607 14.417888122942724
0.7116341383706938 0.005595956153573407 0.702527962703356 6.833348401914333 0.020126098036181126 0.999395493753693 -0.028347614408446735 -0.3249836796461545 -0.7022619121689841 0.034312276804946 0.711091326326811 15.116786565388534
0.6781245500337727 0.006962027413536645 0.7349140254586158 7.595375054017388 0.021782271049621806 0.9993254664295467 -0.029565940088035272 -0.37477586334695245 -0.7346241401624467 0.036057486319232626 0.6775154834916504 15.762320439883833
0.6436703892022047 0.005545644303362924 0.7652827424511437 8.392232343437012 0.027022190258420994 0.9991855081248078 -0.02996867676437008 -0.4364492135500506 -0.7648256214967696 0.03996956570479816 0.6429962694444273 16.362778109258148
0.607227324932402 0.007356233193338336 0.7944940916637737 9.178966605309581 0.027662009452159724 0.9991551791810341 -0.030393110218994768 -0.48843216914838394 -0.7940464653208321 0.0404328300879442 0.6065108384543284 16.978128788582872
0.5694632795254162 0.008701222530830756 0.8219707184557288 9.983963415416328 0.03152274970744649 0.9989773009439636 -0.03241401625215978 -0.5220379404096331 -0.8214121313464021 0.044369369222274975 0.5686066035070108 17.570666742135362
0.5313559412057016 0.01037626479301272 0.8470851178449238 10.844202509157846 0.0369777492734627 0.9986878711477919 -0.03542854895364011 -0.5626239148413551 -0.8463412490266982 0.05014847107576493 0.530275042826543 18.078954326126205
0.49296025614330835 0.011389355322253481 0.8699772804208554 11.714895852388334 0.03953451391890014 0.998588285921321 -0.03547474354965967 -0.6055305296017232 -0.8691531557052069 0.051881767568783606 0.49181406458296745 18.568959134413802
0.45465835860592413 0.009775404005823135 0.8906122716571393 12.591561228346206 0.045461787331823926 0.998381626171362 -0.03416656868962255 -0.6518920718193687 -0.8895049200776587 0.056022941728809846 0.45347814407939024 19.047733393148725
0.4181463080858408 0.009249929098327073 0.908332595388857 13.51301829898869 0.05014592004153331 0.9981882913298499 -0.033249387290331736 -0.6892950634323161 -0.9069945158254091 0.05945228224105659 0.4169249025891368 19.43479897117728
0.3832960941203429 0.011692424158532087 0.9235515099058562 14.443875155374782 0.05226124736209111 0.99804335755703 -0.034325186968878894 -0.7395224074099715 -0.9221457944686658 0.061422664005944476 0.3819350600431518 19.796138520613
0.350126036856115 0.01107945859459648 0.9366370716092127 15.38255611353972 0.05368557599039698 0.99804904391284 -0.031874203915473964 -0.7726561715913534 -0.9351628827354135 0.06144388937816787 0.34884814921692564 20.13945653728496
0.3169578509151123 0.00965326606427076 0.9483904972096497 16.331636545754954 0.05678637451986442 0.997961116968142 -0.02913617491346381 -0.8082593850116764 -0.9467380991658477 0.06309059735008589 0.3157634369490026 20.452438207291046
0.284997901036335 0.008055120125237125 0.9584942939030218 17.28758047184102 0.05914639379535845 0.9979113746274192 -0.02597291840010567 -0.8738043463639487 -0.9567015733790172 0.06409370818561029 0.2839262158821031 20.72539830654219
0.2520733474121209 0.01239466737917989 0.9676287509913132 18.25493537562204 0.056059193054817776 0.9980517305677552 -0.02738813583928989 -0.8902821357762927 -0.9660830163078584 0.06114830603760191 0.2508874055632157 20.99075695092357
0.22092122564872793 0.014487188594760728 0.9751840510511257 19.230032595726023 0.05617625263762397 0.9980406084641149 -0.027553085057271155 -0.9177887550721612 -0.9736724504151569 0.06086924694128565 0.2196745185025875 21.215778213000103
0.19063722775544328 0.014873912971602916 0.9815478664367994 20.213684548940073 0.058798477252107774 0.9979169647785356 -0.02654186278368619 -0.946639412283403 -0.9798980490166058 0.06277338703708643 0.18936556026199702 21.395727106774572
0.15982287024088918 0.014903231259656239 0.9870332030109147 21.196459168209234 0.06126063106268595 0.997809032029694 -0.024985409377607612 -0.975061680766035 -0.9852430082115596 0.06445951673714577 0.1585597220994306 21.579561151200792
0.12912472576974202 0.014490658009350465 0.9915224788300795 22.18517979646471 0.06065866109375596 0.9979053169977636 -0.022483441504948926 -1.0053147405313334 -0.9897713534090589 0.06304759422888123 0.12797526648829022 21.726580693083612
0.0999006737694748 0.013975401299418372 0.994899263010545 23.179832298317 0.06194260356831787 0.9978745294560488 -0.02023702858739948 -1.0449571847297225 -0.993067454528433 0.06364834343004719 0.0988226650876602 21.822416728859338
0.07265583299936816 0.014448558986264154 0.9972524099115472 24.176569741002503 0.06544960201235817 0.9976706998010987 -0.019223016277623267 -1.0670833673662783 -0.9952072545593657 0.06666643759498703 0.07154094331780966 21.899251586620387
0.04776001877468357 0.014794420547967617 0.9987492707017575 25.175745530239933 0.07005278602093784 0.9973786275661197 -0.018124029492034812 -1.0989627224480654 -0.9963993114095094 0.07083077293785049 0.046598431601076844 21.925865960335212
0.02492583834515967 0.015075267796261284 0.9995756293966268 26.17481930058593 0.07479068753976702 0.9970559994308592 -0.016902279617228393 -1.1295296670805794 -0.9968876845663797 0.07518025205997282 0.02372496701955814 21.95602162762089
0.004772140969394952 0.014890262395421967 0.9998777459051501 27.17453685745495 0.08116286853394854 0.9965845066540574 -0.015228587210560907 -1.1532900148509526 -0.9966894277767308 0.08122561900585407 0.003547305344433902 21.96067666302029
-0.012730856643207904 0.014230621222508039 0.9998176907360421 28.17405574042361 0.08600796585448053 0.9962085304933446 -0.013084096524621865 -1.176696636744926 -0.9962131072710813 0.08582571404837028 -0.013906534772643626 21.939862362308606
-0.028277887363868694 0.014504477961273802 0.9994948630209698 29.17335211673017 0.08926991055002076 0.9959360547438685 -0.011927192947568263 -1.1878078667796816 -0.9956059683211153 0.08888754119834877 -0.029457781027839063 21.904326059189113
-0.04245214495955774 0.013915514613889736 0.9990015885079279 30.171990603007465 0.09207696447943012 0.9957021116139193 -0.009956783608906908 -1.206124653674894 -0.9948465449508204 0.09156234695884247 -0.04355098872358649 21.85569228190196
-0.05574668762791719 0.012951108548398241 0.9983609445515602 31.170324168661807 0.09263189947100142 0.9956703092295076 -0.007743805215187792 -1.2227548008599511 -0.994138641246234 0.09204837916109163 -0.05670500749410083 21.800944538460012
-0.06775561743161282 0.013296396502199166 0.9976133430074586 32.16698581619418 0.09285935477835791 0.9956548849456165 -0.006963498695133034 -1.2383103240917588 -0.9933711876919957 0.09216591519638027 -0.06869590627836163 21.720419390110244
-0.07890401518422462 0.016240773855273533 0.9967499153009192 33.1638905488471 0.09337304092620552 0.995592034758787 -0.008830376721861547 -1.253797514752877 -0.9924996884714873 0.09237281845564035 -0.08007265946976061 21.643572979231145
-0.08913313403541863 0.019629224000253916 0.9958262790176667 34.15961743429328 0.09365866180996588 0.9955409111491537 -0.011240520285044141 -1.2672835722565041 -0.9916064438500737 0.09226585388679762 -0.09057412832343058 21.552592599788372
-0.09841614465726613 0.022303270512403144 0.9948953847491958 35.15386575856465 0.0949243875278169 0.9954005807279843 -0.012924571128632878 -1.280794691357993 -0.9906077039490795 0.09316784858974045 -0.1000806118381076 21.4456756306271
-0.10609646988783487 0.02335122363180183 0.9940816160820183 36.149055236116325 0.09470972093866518 0.9954164251198958 -0.013274387415087758 -1.2979510503990652 -0.989835141746876 0.09274082680472091 -0.10782175664733208 21.349256783048205
-0.1118056738926066 0.024183714268064507 0.993435775100545 37.14265470293184 0.09480460486785813 0.9954035172618969 -0.013561884769200649 -1.3130686387109258 -0.9891974414550758 0.09266599045412716 -0.1135844885179567 21.23686342287711
-0.11675512635073314 0.026030154880914043 0.9928195563684771 38.13542101872498 0.09609120045040818 0.9952625889424025 -0.014793926039585525 -1.3268505791098428 -0.9885012502100451 0.09367395629811345 -0.11870327815454353 21.11773045189083
-0.12125274919251264 0.027823832194137508 0.9922316287920327 39.12686181561911 0.09508649234751716 0.9953357015085885 -0.016291110319753797 -1.3404157277210442 -0.98805684542252 0.09237248326442944 -0.1233328607843795 20.988544693705684
-0.12512915138249855 0.028631180870668568 0.9917272563342436 40.117924632563046 0.09594188534470878 0.9952480489945785 -0.01662755571292469 -1.3652626552096636 -0.987490683556456 0.09306759078451915 -0.1272814732581548 20.857691657138226
-0.1282532110169161 0.027785760525186304 0.9913521399461885 41.10995765609905 0.09567705179818127 0.995291457799769 -0.015518240558067121 -1.381058486878772 -0.9871155026758809 0.09285938586296427 -0.13030778500954643 20.73193356147591
-0.13059638869493934 0.02594249956329693 0.9910961456772236 42.100419854357504 0.09584074723733615 0.9953061603469355 -0.013423797690218883 -1.393570110159564 -0.986792346154361 0.0932342956848348 -0.1324697387304851 20.594953600432554
-0.13280452192531195 0.024869599662403975 0.9908301882607436 43.09293079843571 0.09629421398411324 0.9952796731859668 -0.012074621982330247 -1.4132019813321985 -0.9864534369697183 0.09380764977050703 -0.13457243973103217 20.47440513068104
-0.13466188275115967 0.02573530210279112 0.9905573539980359 44.082366716287574 0.09839132808347534 0.9950695851658493 -0.012476667657407584 -1.423897261865025 -0.9859945861372068 0.09578212204551297 -0.13653007435937015 20.32974573379492
-0.13576680493307217 0.025588464169068858 0.9904103216241906 45.07371387806348 0.09825840414110998 0.9950856605490773 -0.012239860507686903 -1.4389163857798444 -0.9858563083400674 0.09565437089372132 -0.13761388242113695 20.199739956722564
-0.13615329587117314 0.02701940442284139 0.9903192575165096 46.06399361650051 0.10093766360821062 0.9948043238983437 -0.013264434344283371 -1.4593879913729042 -0.9855322765332101 0.09815451562609341 -0.13817316300017884 20.06210939533082
-0.1363916515897674 0.0273760572067207 0.9902766627909743 47.05467470771276 0.1008065240906319 0.9948128538032616 -0.013617290794219937 -1.4767761085320537 -0.9855127406976427 0.09796906348242719 -0.13844385332327086 19.92667498287615
-0.1355558447393855 0.02879380856114031 0.9903512152491838 48.04472614555135 0.10075459265778038 0.9947962261030948 -0.015132104592701222 -1.4963465980858952 -0.9856333623692715 0.09773118805982099 -0.13775155122559984 19.787738439641338
-0.1343285433890935 0.02879439558276418 0.9905184123548573 49.036027768858325 0.10129243204590185 0.9947408696234658 -0.01518043184423859 -1.5134222457997317 -0.9857462582435653 0.09829285367601508 -0.1365387464239886 19.657264297000587
-0.13316605784944205 0.027753310262434657 0.9907050796308231 50.02744435788243 0.09987092272691163 0.9948955207732495 -0.014446506117371433 -1.5256815521721483 -0.986048984498495 0.09701884618362064 -0.1352580631780754 19.527127001121073
-0.1320142520427533 0.028669831297875245 0.9908331232003416 51.01982371062227 0.10150195931036017 0.9947183159865435 -0.015258574541974457 -1.5462300860636533 -0.9860373164914952 0.09855715404904093 -0.1342270385280209 19.40538834383261
-0.13114223051097595 0.029480718082695943 0.9909251246375449 52.01159777750495 0.10117371551399061 0.9947367966986181 -0.01620446181969795 -1.562707127401816 -0.9861874034207184 0.09813048738847965 -0.13343467607484516 19.278543329070555
-0.13032596268466848 0.030157051848502977 0.9910124598985224 53.00214002834216 0.10204408449001208 0.9946371992224078 -0.016847751885655658 -1.5785675135147483 -0.9862059360351205 0.09893125970496916 -0.13270439925743918 19.14224987349049
-0.12912159813700858 0.0300150141524752 0.9911744103940391 53.99344365253317 0.10224513357921614 0.9946173655604849 -0.016799666213634056 -1.6014311592071075 -0.9863435230962444 0.09917356024136673 -0.13149547290739125 19.012834298314257
-0.1279495009269555 0.028604913993835256 0.9913680870937632 54.98343904489444 0.1037219658931289 0.9944885178166072 -0.015308224005174164 -1.6145126537319834 -0.9863420699756276 0.10086796729553583 -0.13021126744586534 18.87203603857094
-0.1273599444791888 0.026749051103561926 0.9914958057436836 55.975093610995195 0.10515884574967521 0.9943662465356617 -0.013318592687500675 -1.6329722637440105 -0.986266222529623 0.10256829927242908 -0.1294553292897093 18.744519030055695
-0.12646907333250237 0.027679704445507266 0.9915842916526192 56.96722327743177 0.1073734228979368 0.9941194004972015 -0.014055803437182084 -1.6615001485489758 -0.986142242045029 0.10469217505092368 -0.12869742397385966 18.62274671832073
-0.12594886837373842 0.029551713866998036 0.9915964798056197 57.959461634720846 0.10945512939297425 0.9938674742661003 -0.01571681410117221 -1.6830284907964983 -0.9859799476687848 0.10655580605225902 -0.12841107036237567 18.500200472286217
-0.12568147828203274 0.029332120859534433 0.9916369258467153 58.95237166248667 0.10813168291184067 0.994012637534688 -0.015697629502145285 -1.6963456612158647 -0.9861600809034474 0.10525446834797635 -0.12810070930829526 18.382066050340157
-0.12573797917427104 0.029135650406265957 0.9916355552664363 59.94439526354408 0.10836949849836854 0.9939904046396949 -0.01546374079671938 -1.715991608761342 -0.9861267729802189 0.10551866829912086 -0.1281397606209604 18.257537090351743
-0.12586439437986263 0.02798822818739 0.9916525668349375 60.937769371948626 0.10778315857572282 0.994070477985323 -0.01437621387823436 -1.7337596036245597 -0.9861749058634722 0.10507399240993348 -0.12813473831949668 18.144033838622505
-0.12575969138338103 0.02825939741449867 0.9916581600939536 61.931059453459284 0.10950814197990309 0.9938810755016942 -0.014435186168019375 -1.7533637751991829 -0.9859982083468833 0.1067792780335465 -0.1280848114312077 18.030057703397794
-0.12628802780659953 0.02825614399332426 0.9915911074426531 62.925004621894665 0.11037894210704823 0.993787257769002 -0.014260975958774206 -1.7696297415343782 -0.9858335676837374 0.10764978691384568 -0.12862231612498193 17.92129426361045
-0.12616934693815446 0.029243878763419492 0.9915775771204535 63.91534277270243 0.1102989725258725 0.9937810785534238 -0.01527431075139989 -1.7873817266406393 -0.9858577141519631 0.10744283812364572 -0.12861027946085496 17.78382229722179
-0.12708159910347414 0.029961126085596885 0.9914396593303023 64.90843218403961 0.10943952335171477 0.9938645684024254 -0.016006573737401383 -1.8063211460349036 -0.9858363240913021 0.10646854276237831 -0.12958083000275103 17.66809544403331
-0.1283793695674173 0.030796156913374555 0.991246858350047 65.90147757960003 0.10965815791772683 0.9938294915451156 -0.01667423573263321 -1.8350071340943905 -0.9856438636097525 0.10655767665702628 -0.13096425342013313 17.553801832369853
-0.12999426399726718 0.03163118349116157 0.9910100703619295 66.89324028274407 0.10832994521493743 0.9939606811806421 -0.0175153428925355 -1.8498281592323653 -0.9855790756187627 0.10507917252178438 -0.13263579156697936 17.426542407744275
-0.1312200992872152 0.030686539848531882 0.990878207357078 67.88472911557601 0.10686012746033272 0.9941348765962377 -0.01663611415399335 -1.8713666553079817 -0.9855770891727405 0.1037023789848031 -0.1337296447713707 17.298168112376416
-0.13253727051334632 0.030442660504303654 0.990710409931323 68.87717592068971 0.10609325028136427 0.9942216341750739 -0.01635739536053529 -1.8869899812417397 -0.9854836853898724 0.10293972294340403 -0.13500118247899495 17.1765198661875
-0.1328854360547595 0.029576585332174093 0.9906900052411063 69.86725373370271 0.10310509679526896 0.9945439883644931 -0.015861721939479448 -1.9014066781841923 -0.9857539246177881 0.10003739704798294 -0.1352099082630008 17.036710485619295
