1.0 0.0 0.0 0.0 0.0 1.0 0.0 0.0 0.0 0.0 1.0 0.0
0.9999725959753081 0.00027620072061913987 -0.007398041062685114 0.013068927116262024 -0.00027288266461463417 0.9999998617377465 0.0004495103327309856 -0.002142284329975011 0.007398164194893112 -0.00044747921718061066 0.9999725330872321 0.09071837045813698
0.9998966811978712 0.0007684708495667241 -0.014353967466732053 0.0012704877363757076 -0.0007655861037139128 0.9999996856248414 0.00020646582282508863 5.451393300897715e-06 0.014354121617167528 -0.00019545529299789703 0.9998969551857971 0.18433287885630217
0.9997586008102263 0.0009604617249559745 -0.021950344399423033 -0.005397903192547726 -0.0009701274144857756 0.9999994371056034 -0.00042969905277379393 -0.001733877235473191 0.02194991933420373 0.0004508899546298988 0.999758969821962 0.28214125924662936
0.9995121282905728 0.0014705156380178338 -0.031198445214592526 -0.014761904087712888 -0.0015290104875802105 0.9999971176737176 -0.0018511540145899434 -0.0015671164639266327 0.031195633139567087 0.0018979536388457417 0.9995114958043286 0.3861547297764317
0.9990944902072703 0.0016027490700026054 -0.04251624198930767 -0.03481841481326835 -0.0017523335212143486 0.9999924050675021 -0.0034812547368695437 -0.0012664766569142963 0.04251033950352774 0.003552605062648247 0.9990897107029798 0.4990888209784131
0.9975358043532877 -0.0025395363067111697 -0.070113263998949 0.08212216073791884 0.0018721762951904258 0.9999523352792818 -0.0095823862075298 0.011882446871373438 0.07013425688748082 0.009427508942314825 0.9974930115474412 0.5493671138055517
0.9962751315218884 -0.002748898613826506 -0.08618762015193886 0.051846466536671146 0.0019160934234937485 0.9999506909119011 -0.009743938156810078 0.012927226609407759 0.08621015541707623 0.009542499736557394 0.9962312732502134 0.6869282087027468
0.993365037046693 -0.007446948314749995 -0.1147625641662811 0.024243229734053517 0.005899011614533899 0.9998870721429491 -0.013821889283744098 0.013775685288591442 0.11485253517094839 0.013053195861471158 0.9932967880963919 0.8389405348357778
0.9897308896016923 -0.008672354479592333 -0.1426799090132288 0.041102187083856885 0.0066848435507804276 0.9998739206180237 -0.014403323735976675 0.009197731505839891 0.1427868307476027 0.01330162154483634 0.9896640782757217 1.003969244976456
0.9839991967894638 -0.016898024819844246 -0.17736977610314048 0.10799829243237893 0.012500445764112075 0.9995868552843634 -0.025881607338328252 0.087045103408286 0.17773384476061035 0.02325027956616526 0.9838038955639008 1.1447017176306618
0.9759774114968512 -0.024313143197644993 -0.21651088498215715 0.20791056474390146 0.015984224643372246 0.9990663079811505 -0.04013747400451366 0.17404908883519163 0.21728459864991875 0.03571250935965725 0.9754547759198171 1.269026230285161
0.9662557135405326 -0.019883178619147932 -0.2568161896342901 0.2022951938967103 0.008835502135161113 0.9989880311795668 -0.04410042473709784 0.17711297616634947 0.2574331562800258 0.040343187379927294 0.9654535707530075 1.457708116724686
0.9533124172134769 -0.019841646947374315 -0.3013332776727689 0.2829399385526207 0.0047453768063346335 0.9987002213903515 -0.05074789841785276 0.19692565891342517 0.3019485330078029 0.04694866176238201 0.9521674782164943 1.6362047474523902
0.9463126899602379 -0.02180971060457785 -0.3225160916040684 0.12891826774190346 0.0047353782184449845 0.9985495827841127 -0.05363121213251572 0.20982602331778566 0.32321798992838807 0.049224660943669146 0.9450434189716544 1.7706340960496683
0.9361333903146367 -0.02308512938175271 -0.3508865234508904 0.016059116019964736 0.0022254166001765587 0.9982117294845249 -0.059736007905362695 0.2520463213330954 0.35163805689797023 0.05514000291024324 0.9345107046043286 1.945031474166169
0.9240003108745735 -0.023829051814339558 -0.38164853175837254 -0.09534474962975091 -0.0006405273066965085 0.997958631329198 -0.06386047197072015 0.2820929362115215 0.38239118089786184 0.059251552259694244 0.9220988224297632 2.1308541210614234
0.912433464815999 -0.026042910383132955 -0.40839556694783985 -0.25507474538138597 -0.0029813704868777743 0.997523421982523 -0.07027185799662315 0.333454751409081 0.40921422716456396 0.06533597336118671 0.9100961085902167 2.277875586000831
0.8982466527209878 -0.02359450965491375 -0.4388578927052418 -0.3971092212885908 -0.008263605705352634 0.9974746181708412 -0.07054146954580363 0.31794687864396076 0.4394140003416911 0.06699018748353568 0.8957832612215042 2.4505884845106554
0.8825008019699383 -0.021212942977720937 -0.46983225258877237 -0.5453968507423614 -0.013836345561639311 0.9973788558203447 -0.07102093708195717 0.30857852856902135 0.4701073176030287 0.06917679533430537 0.8798941305198947 2.628227904773759
0.8632006691224691 -0.021314942200263635 -0.5044108227085549 -0.6808361031176104 -0.016940528220449412 0.9973228752370225 -0.07113438713147845 0.2972297613042649 0.5045766773545264 0.06994823634630333 0.860528686855882 2.8192080812335236
0.8422455018634514 -0.026301384554470328 -0.5384521814992498 -0.8348141647266241 -0.015519416061556452 0.9972122438377535 -0.07298553599982226 0.28976194244572917 0.5388707287614455 0.06982820283088285 0.8394893446456116 2.998361029593032
0.8163719468214861 -0.032624930135772265 -0.576604247622694 -0.973808227599819 -0.013293359327483809 0.9970770786722212 -0.07523686452969727 0.2828430854762256 0.5773734762185455 0.06908627302225531 0.8135520609273926 3.1961416998782073
0.7926985287238577 -0.029394287668920386 -0.6089047695752337 -1.185899059948235 -0.016995594763425537 0.9973829824053613 -0.07027329625700422 0.24757149912731521 0.6093768885654173 0.06605423726472072 0.7901244493253629 3.326258354736664
0.7611027161717245 -0.023726752837388735 -0.6481972667605265 -1.3912786012916596 -0.025411583289404766 0.9974727990415732 -0.06634957879968459 0.2233639921105935 0.6481334020637642 0.06697056347353945 0.75857632230204 3.4891535179485205
0.7257641903656034 -0.021064050974303725 -0.6876210044345014 -1.6054270084554094 -0.032190290424568835 0.9973964817569272 -0.06452939935630858 0.2048289280228884 0.6871900211625184 0.06896784711339031 0.723196592137437 3.6487543883778577
0.6826907243003411 -0.022124131355060122 -0.7303724377097347 -1.802703660380152 -0.03647278140447376 0.9972638553600944 -0.06430038109484741 0.19523417891058642 0.729796623156683 0.07053598800686911 0.6800158551276567 3.839567874931606
0.6410086657040858 -0.02638739137841897 -0.7670799150469985 -2.0463438126951408 -0.03446011486226865 0.9974116363236946 -0.06310727541076219 0.18213515260557378 0.7667596696331567 0.06688597238833177 0.6384401896197645 3.9811174472673097
0.5958665565117178 -0.029886412281103267 -0.8025271641457579 -2.3045996139883833 -0.03315327158725691 0.9975399678700527 -0.06176465886634685 0.1658032715632051 0.8023988455960851 0.06340989562188645 0.593409873294414 4.12053645444227
0.5492800652201262 -0.030116293983227183 -0.8350954548963191 -2.581766317246474 -0.03419735807043409 0.9977030508634603 -0.058473609421228756 0.14471663446801541 0.8349382915238569 0.0606764462906302 0.5469884991595018 4.243234698244693
0.49864044243019695 -0.02921223638530791 -0.8663165440059348 -2.8725849284120724 -0.035407383313531986 0.9979113760992169 -0.054029646108931725 0.12382377945737964 0.8660854613604289 0.057615368584577144 0.49656464123310035 4.3685942885005025
0.4454054481954319 -0.028485549496475616 -0.8948757233201217 -3.18110669359136 -0.037740933314869954 0.9980080143761761 -0.05055319172362032 0.10824209614635648 0.8945331791892069 0.056290112016289445 0.44344313572187016 4.47486072500216
0.39095655874671076 -0.02694922403019876 -0.9200145153730459 -3.5068129682087745 -0.04051605721753005 0.9980984475872142 -0.046453611609206566 0.09288607906344667 0.9195169483378087 0.05543670488190418 0.38912125805635633 4.56105671717439
0.3350542731737287 -0.024748619097911106 -0.941873738821065 -3.852344368748217 -0.04282112026875919 0.998222044452525 -0.04146205045520082 0.07758990338344707 0.9412252576758414 0.0542241258276025 0.33339879797515737 4.634447869251912
