0.9990467583058461 -0.0007422843758950714 0.04364657755753223 0.031093135140366587 0.000848127739489133 0.9999967446128744 -0.0024065417077744787 -0.027984566362167056 -0.04364464913271595 0.002441265565040214 0.999044135573861 0.9991246574872975
0.9960438652638209 -0.0049119030176770495 0.08872706283345495 0.131281403557235 0.005575454723660952 0.9999583033212323 -0.007232283425502384 -0.04607276240524703 -0.08868783893483555 0.007698365259412209 0.9960297196356147 1.9939287226321625
0.9909983932652076 -0.004457453017464945 0.13379953534438713 0.2886101632052717 0.006002184851671583 0.9999198895120939 -0.011143982013992557 -0.0709763336039477 -0.13373914282207425 0.011846757814647769 0.9909457583573875 2.9811609514030577
