0.9990700152417427 -0.0007297360580037935 0.04311116015777967 0.026271971938400716 0.000817268904732956 0.9999976403334223 -0.002012808765075536 -0.02599034582703659 -0.04310958961068217 0.002046170294246643 0.9990682541602078 1.0052700332224227
0.9964266344983678 -0.004826916641834225 0.08432474688956415 0.11078648874789511 0.005427720465926022 0.9999614843287784 -0.006897079782788154 -0.044393039386438925 -0.08428820743615352 0.007330125150306855 0.9964144556119611 1.9985714482983945
0.9923372405042389 -0.004448355234912327 0.12347879673910132 0.24567879978047977 0.005856627789475404 0.9999218581424243 -0.01104434334567415 -0.06946210419992174 -0.12342001871401503 0.011682882551220845 0.9922857497898107 2.9873673221123833
0.986570047124026 -0.0023642819963694793 0.16332162223152966 0.433682103398385 0.004440191866078897 0.999913918237072 -0.012346692349720695 -0.10443333730072468 -0.16327837215592658 0.012906056191877048 0.9864956193008071 3.965477538127292
0.9781614746342686 -0.00473593274798394 0.20779244568154934 0.6521559101680874 0.007441389769390565 0.9998973955888156 -0.012240261966310555 -0.1369821581393045 -0.20771315620252156 0.013519217274327413 0.9780963528736197 4.938466593936015
0.9667144993682021 -0.005621083956729449 0.25579577816382676 0.903999196749432 0.009378505488087517 0.9998652690415514 -0.013471725920476277 -0.16597788870568295 -0.2556855888510267 0.015422294888177925 0.9666369703638931 5.904578188462465
0.9531758376714711 -0.008409285354783365 0.302299696326528 1.1983089689485635 0.013950329095162299 0.9997718500242874 -0.01617517286308638 -0.19488146306581478 -0.30209470501388463 0.019634964192375908 0.9530756829254107 6.858626695416001
0.9378188940646214 -0.010592120745603978 0.34696329620511857 1.5258312554075424 0.017792987825141757 0.9996872199965692 -0.017574747787252914 -0.22625521556361353 -0.3466686191735051 0.022655444238454902 0.9377140285431874 7.802874408033603
0.9203892178409555 -0.010294302811550075 0.39086789969469005 1.9134040834186599 0.01893094559876928 0.9996542300276913 -0.01824937496136334 -0.25958068119039024 -0.39054488471986254 0.024196026892200902 0.920265855773092 8.724780633942935
0.9009056740305847 -0.010618988678739007 0.43388501193166185 2.3399554248008396 0.020095843203598078 0.9996490495579056 -0.017260788044373473 -0.28078625775378396 -0.43354944768207704 0.024269627055585313 0.900802898317467 9.630844200361516
0.8788638131478869 -0.010372464565955294 0.47695996678755326 2.8079085542151034 0.020765953078694232 0.9996477922644114 -0.01652472733881226 -0.3038234902360388 -0.47662057564890076 0.024427513170943573 0.8787696646268545 10.511695611200318
0.856005179713485 -0.010353159612267465 0.5168635645794032 3.3264498934663664 0.021513301473960602 0.9996467582885178 -0.015605656120421146 -0.3281327839237941 -0.5165194189605795 0.024477964157610565 0.8559255336227121 11.363746985275187
0.8305617108047231 -0.01078719550358594 0.5568221268576696 3.867765062887958 0.02312138961161915 0.9996182795405211 -0.01512271638551381 -0.368356644796085 -0.5564464447613618 0.025434850532613573 0.8304940833569041 12.20301011329359
0.8039258350355798 -0.012584191597457077 0.594596409242592 4.463868787543903 0.026538770178345397 0.9995392938007103 -0.01472731563452118 -0.39290252540224585 -0.5941371436291177 0.027619526973073565 0.8038894303882946 13.005031515198972
0.7767108298321183 -0.012241429742513972 0.629738385537487 5.101033080032691 0.027422750079460996 0.9995202983392656 -0.014393261821611889 -0.4314014351000967 -0.6292601048847618 0.0284485606954929 0.7766739340255816 13.77019316473234
0.7468488962379631 -0.015369462202144139 0.6648161443735799 5.76535317087343 0.032181533362969535 0.9993968668443332 -0.013048043996656059 -0.46262694629180723 -0.6642146302954672 0.031139720187366108 0.7468930597669977 14.515075432526286
0.7165519583932639 -0.014713803915984397 0.6973785162285255 6.473085482908715 0.03261329053014393 0.9993908223856819 -0.012424065842840757 -0.4949227272669388 -0.696770883579082 0.03164629687013602 0.7165953165426301 15.215196045562811
0.6844116792114584 -0.013415586392177443 0.7289723419998219 7.226680886677478 0.03349924298441705 0.9993534098365126 -0.013059975788904506 -0.52770354384993 -0.7283257884205548 0.03335842157371675 0.6844185573402338 15.865591726131044
0.65447938156456 -0.015620494719987808 0.755918473945156 8.024574266322944 0.038102607439418915 0.9991976134779059 -0.012341820221301944 -0.5704651579943848 -0.7551191498122589 0.03687993173475559 0.6545494177081291 16.44693471292413
0.6175003685649735 -0.01361670338138903 0.7864527196285516 8.806935840891683 0.037761670587809076 0.9992104677195558 -0.012348985143915605 -0.607389830479555 -0.7856636373515961 0.03732327140927122 0.6175270215583846 17.075294066532976
0.5766729631519492 -0.01171397125664703 0.8168911043994477 9.600137182810089 0.04057962474624127 0.9990736837919487 -0.014320209839226695 -0.6202222615315237 -0.8159666584027839 0.041407212316016746 0.576614130197319 17.711277201010553
0.5375353686810386 -0.008878805022644305 0.8431944581401791 10.443996713740125 0.04434097880600032 0.9988587674893475 -0.01774937205051776 -0.6361005973348652 -0.8420745839980366 0.046928982846762585 0.5373156107480053 18.25234196497443
0.497409574651397 -0.007038417589487614 0.8674872769804481 11.30696963612258 0.045621736215129056 0.9987956062810864 -0.018055305544759988 -0.6558222533302118 -0.8663153999726854 0.04855715757160267 0.49713160251459826 18.769988659502577
0.45746502258233357 -0.00858932613002125 0.8891861315778476 12.185007769576071 0.05101382843607575 0.9985599853935136 -0.01659954454799579 -0.6822056401237383 -0.8877631116587577 0.05295449978555554 0.45724444067743625 19.272290485087208
0.4203713309129223 -0.008508861037948146 0.9073122634629908 13.096542621091999 0.054496441576576966 0.9983875858276817 -0.015886041692780024 -0.7010806705127219 -0.9057141281894577 0.056123326246854774 0.4201572208697592 19.679065850983985
0.38704530474150645 -0.006117683369720332 0.9220404036850786 14.024326194445537 0.05579568125592468 0.9983008959622137 -0.016797710386500943 -0.730055297688403 -0.9203709980386944 0.05794734740459953 0.3867290148127351 20.033380203867758
0.3532553001031365 -0.007002962727593304 0.9355007490441036 14.96372524480595 0.056923288774373006 0.9982800831417942 -0.01402193986302139 -0.7507501122070369 -0.9337935704127293 0.05820510386081951 0.3530463620268569 20.386726612708326
0.3191357607967359 -0.00843019534069267 0.9476715137573813 15.91429978305211 0.05955442770112212 0.9981624945918425 -0.011176069585606407 -0.7695885413691406 -0.9458359457759474 0.06000471812039666 0.3190514025692582 20.71686443912604
0.2848647149572132 -0.008336609194006472 0.9585314784186757 16.87729108888389 0.060227044710352104 0.9981421428896752 -0.009217682629856378 -0.7962417085146953 -0.956673819678266 0.060355310741921554 0.28483756635570867 21.023477903818993
0.25073844645101995 -0.0052397808395314134 0.9680406893142884 17.848752240556276 0.05762554001249137 0.9982928530285272 -0.009522433010148334 -0.8158947212165717 -0.9663382061212304 0.05817150753519876 0.25061234427195356 21.303963563949043
0.2184326102736124 -0.0035777105214525977 0.9758454768847785 18.827589834146444 0.057578259389020094 0.9982983438977955 -0.009228251007107151 -0.8336006195483642 -0.9741519074635059 0.058203234947416284 0.21826691143384197 21.544077524401597
0.187058311956732 -0.003111254022482229 0.9823438848113758 19.81368169118734 0.059490666765760716 0.9981954539621063 -0.008166777647891591 -0.8457941135718187 -0.9805457911263825 0.05996795634163695 0.18690584719730965 21.73772204054766
0.15603009992263578 -0.0032287201475337474 0.9877470239308955 20.80289350585123 0.061774199791537414 0.998069012436714 -0.00649574119848704 -0.8575093184896644 -0.9858187237815318 0.06203081314807512 0.15592825934365068 21.918629964721347
0.12496164668084557 -0.003834180838252747 0.9921541643898449 21.795156974304387 0.06088415772195158 0.9981375633000235 -0.0038110455232443215 -0.872915882988878 -0.9902917278243318 0.06088270515336264 0.12496235439486743 22.067718972471294
0.09580311581300573 -0.004780771841258064 0.995388822129886 22.788234755364737 0.06224458471055825 0.9980602077390182 -0.0011972477430168085 -0.8993905334288576 -0.9934522508277537 0.062072263923187564 0.09591485482822791 22.161811929088238
0.06835363992594892 -0.004380338702076141 0.9976515386354741 23.786520944037836 0.06527367021777117 0.9978673958556844 -9.090927402175973e-05 -0.9056809668464257 -0.995523544616186 0.0651265915049263 0.0684937894540444 22.23632329485449
0.0443565656522664 -0.004211357162875193 0.9990068866401187 24.77698377574594 0.06978169049987434 0.9975616724882648 0.0011069116476048765 -0.9196569509751898 -0.9965756422643068 0.06966329057159554 0.044542285440033746 22.251082010816365
0.02148635180151843 -0.003927055040667074 0.9997614290044248 25.779644703760475 0.07399775176507636 0.9972556935461069 0.0023268914000262506 -0.9316385734549455 -0.9970269150930556 0.07393010164054249 0.021717979911665162 22.27396897395548
0.0006976261301235568 -0.003926249998541997 0.9999920489077561 26.783739399569868 0.07972241354354423 0.9968096365652832 0.00385813807167833 -0.9336034468954751 -0.9968168588545111 0.07971908812534775 0.0010084105752852096 22.283671291067094
-0.017177159813645676 -0.004445268024039497 0.999842579995937 27.786539911623443 0.08400906772715093 0.9964476801400091 0.00587343878905745 -0.9354607705612697 -0.9963169283517926 0.08409673201610324 -0.016742698225205348 22.264944936419223
-0.03301832526164001 -0.004033147767807929 0.9994466088371107 28.78812396862031 0.08679121378376668 0.996202715160529 0.006887344679180102 -0.9251046414398509 -0.9956792030603314 0.08697059287984844 -0.03254290348556273 22.230337013909168
-0.047430340639521416 -0.004511761008452879 0.9988643585589697 29.788390583940707 0.08924002918018134 0.9959718350047875 0.00873619305626025 -0.9225873842889633 -0.9948801837300508 0.08955304511739655 -0.046836653717598715 22.18171701586927
-0.061039891467361225 -0.00545584078316728 0.9981204163080732 30.790282003928397 0.08955804143759172 0.9959217312977657 0.010920729953761992 -0.9204371227625623 -0.994109394817047 0.09005630977454669 -0.06030233997346707 22.127238591336464
-0.07314344629825024 -0.005122212763377322 0.9973082769134236 31.78723425437301 0.08958284321111346 0.9959108254339918 0.011685118125107048 -0.9179677260436309 -0.9932899629342019 0.09019640081395337 -0.07238548759510242 22.04574354900197
-0.08468372007635182 -0.0021612423559228453 0.9964055382149924 32.788288100988325 0.08997115991089652 0.9958960883151563 0.009806715191997743 -0.9153818895348632 -0.9923375725721151 0.0904782311390316 -0.08414173608640432 21.969450346713643
-0.09514539532227789 0.0013216253883011958 0.9954625091158884 33.78656763804882 0.09008760331577463 0.9959071767879575 0.007288274902814041 -0.9091799098603285 -0.9913786246827127 0.0903722774338035 -0.09487504410349806 21.87796806720484
-0.10400875503748042 0.003876877147235615 0.9945688255214612 34.776606916150435 0.09124124657552217 0.9958127331435568 0.005659985203523656 -0.906316903444826 -0.9903823573746143 0.09133438746028014 -0.10392697372846674 21.759994637143468
-0.11185213594856844 0.0049091301920445585 0.9937127352129994 35.77439700219788 0.09085633283523677 0.9958498690211913 0.0053070852837458875 -0.905204513275198 -0.9895626440339568 0.09087870383777397 -0.11183396050078308 21.659911610568013
-0.11746622605294886 0.005754455613078212 0.9930602056156892 36.76736817417672 0.09083520576973984 0.995853515730058 0.004973992445962022 -0.9014240841458085 -0.9889138744752478 0.09078910423988433 -0.11750186135407847 21.542099714071533
-0.12249663491167018 0.0075319181262413935 0.9924403481543143 37.75989378424757 0.09203360346399207 0.9957486407919043 0.0038026562436642157 -0.8983848813598206 -0.9881924864462129 0.09180367405727512 -0.12266904728103235 21.419903768329874
-0.12660344804977372 0.009275239283813446 0.9919100447511034 38.74655420802501 0.09100894697918806 0.9958474096601668 0.002303962429127208 -0.8940677558843485 -0.9877696788784553 0.09056437825858188 -0.12692184555461342 21.280995659223354
-0.1308197216949145 0.010186116241244565 0.9913538437165536 39.74017861977684 0.09170613040274672 0.9957843586259519 0.001869963223099015 -0.8981350602435851 -0.9871556037739029 0.09115785293556 -0.13120236196791393 21.151977114364055
-0.13375272588133374 0.009174637536714637 0.9909722671928729 40.73074103709505 0.09148465865961602 0.9958015716249431 0.0031284467754878484 -0.8992407422679098 -0.9867830387421775 0.09107719788928195 -0.1340305132251252 21.017986714576743
-0.13607755523313006 0.007290485515166097 0.9906713621492891 41.7208552146039 0.09171391825652862 0.9957714533866197 0.005269707613776613 -0.8948731130786703 -0.9864438433888716 0.09157544125611992 -0.13617078394038104 20.876714650582535
-0.1381814169041999 0.00628621286361674 0.9903869847439338 42.71202856241737 0.09200261555159309 0.9957374437510393 0.006516275302009881 -0.8930809959385104 -0.9861244418195976 0.09201862115886722 -0.13817075886745234 20.749614018523793
-0.14027890758593617 0.007215285362597712 0.9900857375720714 43.703190360521006 0.09412480746701415 0.9955418340499194 0.0060808943272925645 -0.8847414253282501 -0.9856278956613359 0.09404465063818604 -0.14033265828219704 20.60608880558444
-0.14123201426060247 0.0070032313445751145 0.9899517528135537 44.6925044615786 0.09394306330302622 0.995557259502373 0.006359552607628136 -0.8819452765813965 -0.9855091166524723 0.09389727260607704 -0.1412624620768154 20.46876174375448
-0.1416151230721958 0.008518489320783574 0.9898851409415835 45.68196136845946 0.09650017808522238 0.9953191725086756 0.005240273481938743 -0.881351807051226 -0.9852070201469163 0.09626619435885499 -0.14177428284740573 20.32663898258327
-0.14184230915764398 0.008921693518429535 0.9898490605731718 46.672167990253286 0.09639213531644886 0.9953316609539309 0.0048415856725932006 -0.8791242162802054 -0.9851849144104683 0.09610040628141417 -0.14204012225630006 20.187529189629593
-0.14103022636294765 0.01031645263111066 0.9899515372265077 47.6621372638456 0.09634208007239463 0.9953426369049934 0.0033524269327668164 -0.8806323642686733 -0.9853063883175319 0.09584678379645975 -0.1413673058968549 20.04548375579188
-0.13978059214912844 0.01026443178096073 0.9901292983740321 48.652695907422306 0.09697126852807707 0.9952814691268644 0.003371986465891419 -0.8809034251791062 -0.985422731186212 0.09648543233506601 -0.14011638808012827 19.910301166940993
-0.13858695016364886 0.009336012329069655 0.9903062637982906 49.64366878350307 0.09559476565824175 0.9954123220978843 0.00399371937465236 -0.8716190510334727 -0.9857257722222156 0.09522157260562915 -0.13884363178564235 19.776793835701987
-0.13733145690398216 0.010294279290437067 0.9904716546971547 50.63460364984426 0.0971213752737857 0.9952676482000756 0.0031220043591301755 -0.8715382701018358 -0.9857522555944558 0.09662471868098985 -0.1376813506988571 19.648201319189315
