1.0 0.0 0.0 0.0 0.0 1.0 0.0 0.0 0.0 0.0 1.0 0.0
0.999982300729421 -0.005712429224485045 0.0016632438934522072 -0.15609862915065512 0.005710669879095933 0.9999831315312177 0.0010606142330600518 -0.11476307326734103 -0.0016692745208153471 -0.0010510972241578377 0.999998054356707 0.8383464310934734
0.9999806684486258 -0.00563898264448624 0.002620038888000339 -0.3627381048305179 0.0056357162499500475 0.9999833349446084 0.0012524118368246484 -0.16354550211338123 -0.002627057553518742 -0.0012376218300242886 0.9999957834215184 1.671031190067645
0.9999573974222521 -0.007402775606775998 0.005513823884716727 -0.5651150448114695 0.0073888855572639325 0.9999694879552856 0.002535257120175114 -0.22222852207907945 -0.005532423586241963 -0.0024944080980194294 0.9999815849391941 2.5052690076403503
0.999950964819054 -0.006160050134874165 0.007753820979259384 -0.7800503959677186 0.006136207243452953 0.9999763835982347 0.0030950293150911914 -0.2436111298420118 -0.007772703397657796 -0.0030472984973113266 0.9999651489195811 3.33711407928147
0.9999289349869415 -0.008435524307124019 0.00842418574963974 -0.9808351921381772 0.00839823864449906 0.9999548252407386 0.0044516362647409585 -0.276570558627335 -0.008461357074994269 -0.004380571586840595 0.9999546069842479 4.173145251773233
0.9999245948327236 -0.007841881174778721 0.009450372916129542 -1.1854947744490203 0.007795466493782477 0.999957421132874 0.004938281425372243 -0.31450356374863087 -0.009488695946102276 -0.00486423898801387 0.9999431502982105 5.006956148028027
0.9999370561963877 -0.0056765773198358925 0.00967781562303923 -1.3934337006234123 0.005622296490625995 0.9999683639512484 0.00562680005284447 -0.3358892854288997 -0.009709450420755623 -0.0055720343318326464 0.9999373375396737 5.841719719698578
0.9999448656981474 -0.00654742362480627 0.008209555882669169 -1.5441857280516367 0.006489728450788777 0.9999541960302435 0.007034860776445368 -0.2945552722082286 -0.008255240066064727 -0.0069811951259277135 0.9999415552551385 6.686830721394846
0.9999415027162479 -0.003992854721717804 0.010052276197093236 -1.678626229425931 0.003920924035489055 0.9999666423701422 0.007165228655918158 -0.23820364985873613 -0.010080550594055594 -0.007125395298151801 0.9999238027177699 7.5346972193054675
0.9999397873020118 -0.007660743004494876 0.007857148784763771 -1.7550066937161233 0.007591809942776815 0.9999327593471087 0.008765911605173936 -0.16966028096975444 -0.007923773860956954 -0.008705733805719826 0.9999307096027725 8.389154188840196
0.9998915705038671 -0.005388533134798252 0.013704413375430177 -1.9109551839046857 0.005262862003470081 0.9999439241646811 0.009189712164724669 -0.1865998501736837 -0.01375316395750145 -0.009116591292431676 0.9998638598551127 9.233845942428179
0.9998027384600375 -0.004759496491061364 0.019282929262971833 -2.051760378830341 0.004564003871484231 0.9999378739115257 0.010169473238981597 -0.2004100395503091 -0.019330132862199256 -0.01007945982922015 0.999762346987063 10.082566742372425
0.9996737612195479 -0.007501759171371683 0.0244150514743785 -2.1659118161363304 0.007228816447489792 0.9999106047866612 0.011248406462314741 -0.2342987510583674 -0.02449725172198523 -0.01106824487024421 0.999638624010478 10.934643807950787
0.9994991713510224 -0.003021312475337116 0.03150044665628289 -2.275182127457588 0.002670022232997251 0.9999338474170439 0.011188019083943911 -0.22293219457077001 -0.03153216532200491 -0.011098308910539836 0.9994411188706575 11.787187145541797
0.9992655255525728 -0.0034738270732151493 0.03816204878678993 -2.376125460259478 0.0029680801177066657 0.9999071288362289 0.013301285761297691 -0.25616819164531013 -0.038204710999493345 -0.01317824828853316 0.9991830331973669 12.636434460476664
0.9991732524970418 -0.0013231425673100139 0.04063324732566196 -2.479018352183592 0.0008022826290439021 0.9999173421086298 0.012832197512363277 -0.32625225402184876 -0.040646867493879205 -0.012788989176621576 0.9990917244771748 13.491081845010758
0.9992347236882122 -0.0006837613838479463 0.039108815452674174 -2.4443463578282945 0.0002857487079590688 0.9999481238898471 0.01018174232883787 -0.32219746645059283 -0.03911374852168052 -0.01016277518913561 0.9991830826615498 14.361106188696342
0.9988849930923677 0.005339044566608323 0.04690698431977568 -2.5546742296165634 -0.005827613305651904 0.9999301251709491 0.010285120260345256 -0.35527205028588477 -0.0468487939868221 -0.010547008046159179 0.9988463100613898 15.235164806839645
0.9982859166356793 0.010941452981450498 0.057493593151895714 -2.6386129228770443 -0.011564252053019315 0.9998778864007454 0.010510963858387935 -0.3640856846191847 -0.05737156718545555 -0.011157817592737646 0.9982905420694175 16.1230847766684
0.9981200022903783 0.010128311844785211 0.060447318609094206 -2.6941806765758334 -0.010853871560145155 0.999872796627059 0.01168691735829581 -0.33966141724298643 -0.06032126076277281 -0.012321033412768034 0.9981029694553716 17.022760833831473
0.9981069212354957 0.008179592705244695 0.060956279782936676 -2.7378408307171953 -0.008986601734134838 0.9998754144284021 0.012976771975446192 -0.2970294790499633 -0.06084254080058946 -0.013499995733591475 0.9980560782561875 17.92686893478403
0.9974297957032288 0.0102282078483114 0.07091675688880882 -2.8011714728881847 -0.011226776686460271 0.9998431691396439 0.01369659118267328 -0.31748892333751205 -0.07076554337138255 -0.014457554738083175 0.9973881977356398 18.837485516834636
0.9970060003278132 0.011147816990557564 0.07651641318489275 -2.8572922529296143 -0.012264165642843885 0.9998248765195429 0.014135293904449345 -0.3453362085489761 -0.07634543569474918 -0.015031382804829027 0.9969681198411277 19.750438537387993
0.9962244946520561 0.012067211352624467 0.0859717317810117 -2.9109016537787418 -0.013402843637414204 0.9997980291596358 0.014975468972243874 -0.3798102140479019 -0.08577365584890356 -0.01607119468734988 0.9961850213005788 20.666731728520507
0.9962935918814693 0.008178456307408722 0.0856282174773477 -2.8797654593559083 -0.009533499004884175 0.9998355345784702 0.015427773361965966 -0.32432198642740256 -0.08548795922610397 -0.01618692826363669 0.9962077053409814 21.593245879753184
0.9964730942769785 0.00681392043987991 0.08363577506248478 -2.7736745124853575 -0.00823688703905811 0.9998269406274131 0.016680602133405303 -0.2545688551551518 -0.08350764081190029 -0.01731066965389137 0.9963567707614398 22.520742869745252
0.9964139549807721 0.00650413940014063 0.08436187818107786 -2.7028638094192985 -0.008252391632972944 0.9997580209802187 0.020391113703089984 -0.2427108105596812 -0.08420883773043965 -0.021014177509001974 0.9962265184142151 23.455322309088473
0.996375365020481 -0.00027861144485446295 0.08506500076979812 -2.6078251294597834 -0.0016391794790395616 0.9997460765914232 0.022474328258954786 -0.17199138218848148 -0.0850496623799204 -0.022532303826252573 0.9961219052974103 24.39186807578925
0.9961217890421379 0.0012175647605153215 0.08797669538885873 -2.4581399297123987 -0.0032461195530959315 0.999732067162812 0.02291847713565262 -0.15287961287213672 -0.0879252188131317 -0.02311517731760625 0.9958588476657916 25.326647543461448
0.9959357545705994 0.006950732789579061 0.08979788461638988 -2.33624233236282 -0.008939396782682189 0.9997231948992775 0.0217628299065807 -0.24765689197179624 -0.08962176048846823 -0.022477119345433574 0.9957222098320789 26.26343588365176
0.9959926065399645 0.011896878222969212 0.08864080328085316 -2.209713762662347 -0.013846853730750307 0.9996747511687398 0.02141626758978123 -0.36412856350346684 -0.08835718623567791 -0.02255784041670984 0.9958333954413499 27.201099978298405
0.9957363598588496 0.01594897680110702 0.09085555455801876 -2.0904172298987223 -0.017861300709066844 0.9996349056582426 0.020273858207468715 -0.4593414261844116 -0.0904990364149125 -0.021810216152849206 0.9956576916186297 28.14892384337747
0.9954646125301975 0.013176418914888102 0.0942156419321285 -2.0149114824917547 -0.015239795703234117 0.9996587848413079 0.021214676913011387 -0.431251051358907 -0.09390396065676546 -0.022554287268258946 0.9953257508468237 29.11544174309929
0.9957202803482517 0.005751493489143263 0.0922390569435915 -1.9155938449807655 -0.007935340319619375 0.9996964018542267 0.02332669058662757 -0.3244058976341242 -0.09207689002790326 -0.023958807198121945 0.9954636215756116 30.081520633667363
0.9958384169635522 -0.0033217416720889535 0.09107586580312967 -1.860676280680439 0.0010505613920869204 0.9996875529217352 0.024973843398934287 -0.23971065399841357 -0.09113036607128944 -0.024774231887526785 0.9955307598533034 31.0571424450149
0.9952650220724477 -0.0077521840390028405 0.09688879956813949 -1.8434361748475212 0.005407469605964243 0.9996866920178361 0.024439252748328904 -0.2673118282656779 -0.09704790111893319 -0.023799610187176704 0.9949951172962348 32.037220466366406
0.9954002099812559 -0.01474214428730971 0.094663040047758 -1.7844833958598918 0.01334953222177885 0.999793403689489 0.015327750273480885 -0.11332652482293198 -0.09486944691907384 -0.01399353853743411 0.9953913647005737 33.00382870582038
0.9955685862902245 -0.014250281432028247 0.09295224295944321 -1.6883521884176553 0.013226157183848293 0.9998449576042049 0.011624522338308674 -0.11729322047374913 -0.093103484135834 -0.010343608294676319 0.995602707413562 33.98495323107717
0.9948340605796118 -0.01052911749203786 0.1009669727956615 -1.782436421100823 0.009423900274700591 0.9998904143399174 0.011417066819488193 -0.1584362371302366 -0.10107611990125795 -0.01040658426127553 0.9948242663856364 34.99308939910852
0.9946613589835636 -0.01290055876042667 0.1023833801387657 -1.7343047254339026 0.011600709616377328 0.9998445044071429 0.013281210156875846 -0.12242187449666993 -0.10253879500641067 -0.01202258668105147 0.9946563491619254 36.05183256532375
0.9947736264943311 -0.0139683257174998 0.10114503402523911 -1.6543269118495985 0.012459210063473348 0.9998016695832667 0.015536717256437783 -0.053227436418991254 -0.101341995815709 -0.014195329343206078 0.9947503669307827 37.09109940472033
