1.0 0.0 0.0 0.0 0.0 1.0 0.0 0.0 0.0 0.0 1.0 0.0
0.9999989986380368 -0.0012056269692446555 -0.0007410712075928231 0.014778344160247855 0.0012072127432884773 0.9999969748095732 0.0021431306759396736 -0.02219917003786732 0.0007384851495697442 -0.002144023160495632 0.9999974288988802 1.5290563532198342
0.9999986669571655 -0.0007422457617880122 -0.0014543572879569574 0.01799216077999698 0.0007461992315267868 0.999996023180298 0.002719707759238587 -0.03901637831175814 0.0014523328126826336 -0.002720789374042273 0.9999952440059817 3.052682729167941
0.9999959477603552 0.0013622313585492031 -0.0024997577072571327 0.02719839690308717 -0.0013573931345449396 0.9999972043916144 0.0019361541348695537 -0.04351183070709823 0.0025023882087910304 -0.0019327531351591588 0.9999950012467916 4.566819636238935
0.9999893528797622 0.003062739416032423 -0.0034516306847939392 0.030914395885742192 -0.0030591256129685477 0.9999947677431693 0.0010517779085695465 -0.04159480559367147 0.0034548339466332237 -0.0010412077383293579 0.9999934899832331 6.080109174155677
0.9999644727784079 0.006771513723804547 -0.005019938534406367 0.0574017655667323 -0.006785919928483177 0.9999728902224528 -0.00285834058127284 0.10483842449794806 0.00500044715251601 0.0028923039333139887 0.9999833149139199 7.608955167735364
0.9999514898640691 0.007798829884113322 -0.006016325379105867 0.05514623685117047 -0.007820578718619613 0.9999629387549381 -0.003599953484964724 0.10649890150538623 0.00598802698177668 0.0036468299969559083 0.9999754217798749 9.092987177193736
0.9999530661223637 0.00652348026627326 -0.00716308297450054 0.049163897518410694 -0.0065604124278555685 0.9999652465993436 -0.0051445682316986615 0.10336641584179221 0.007129273543670004 0.0051913195557304346 0.9999611110738306 10.593403934428977
0.999949545016928 0.006050164210538524 -0.008018910989934284 0.04503445997230513 -0.006086813296867624 0.9999711062331557 -0.004553833849417305 0.05696618183709623 0.007991127850813297 0.0046024136998474114 0.9999574789278829 12.08773816403142
0.9999400954397887 0.006529377724323413 -0.008784802695561521 0.03852707185244166 -0.006572168342475531 0.9999666368222805 -0.004850963369843593 0.03379224293725722 0.00875283583445939 0.0049084079771869165 0.9999496464302512 13.580912305364608
0.9999298697011447 0.0070389227450130916 -0.009524140173373588 0.03203442228539087 -0.0070902240942463425 0.9999604802617527 -0.005363453829246435 0.02031088317918148 0.009486010844696415 0.005430605976760626 0.9999402602740722 15.069754020495944
0.9999183651491372 0.008111853845390668 -0.009872226935616735 0.012927302694212644 -0.008164380326176396 0.9999526676352146 -0.005292011253548894 0.013310869945790782 0.009828831637933239 0.005372179856368043 0.9999372649082661 16.554578807051094
0.9999000627760208 0.009795183167651418 -0.010194059408423146 -0.008741328184262208 -0.009847895342345548 0.9999383307323186 -0.005133584477765027 0.008628612868267955 0.01014314634797843 0.005233461471750974 0.9999348616100886 18.037402003900404
0.999888908283182 0.010578312432963472 -0.010500971304486866 -0.029612202837532152 -0.01062629988269206 0.9999333027323193 -0.004524581487713746 -0.00893480636522322 0.010452408481787407 0.004635665314329308 0.9999346267451804 19.511327866491353
0.9998870420056154 0.010568078207993638 -0.01068732671210322 -0.053232109623468554 -0.010618995251264753 0.9999324827807137 -0.004718773129856509 -0.029288759350717283 0.010636736770039895 0.0048317287783122345 0.9999317547852442 20.984727877803742
0.9998751484633247 0.01134697184954358 -0.01099698664594145 -0.06878950126566341 -0.011398951545701336 0.9999240983419014 -0.004675623893537316 -0.05365466236393127 0.010943097783721895 0.0048003942526349645 0.9999285998639679 22.4467677393154
0.9998626970582717 0.012236727037546137 -0.011173609209578429 -0.08219680010487154 -0.012285005536832132 0.9999154517436009 -0.004262394086682752 -0.07817344467974661 0.011120506747436901 0.0043990766984417905 0.9999284886700055 23.903939294621473
0.9998439627862258 0.013974580259765548 -0.01080560902960897 -0.12220783588833478 -0.014013623786597346 0.9998955165584725 -0.003546028007844256 -0.07828943645656261 0.010754925769390787 0.003696900435239817 0.9999353301583391 25.35607541308757
0.999833721279264 0.014337008362939621 -0.011268539570912905 -0.13229779117024754 -0.014392881257817618 0.9998844453402314 -0.004892947552903977 -0.09193669839172713 0.011197087208671293 0.005054320711837298 0.9999245366927362 26.79736570114582
0.9998175565089161 0.014764689241724738 -0.0121184837391856 -0.13874563247500765 -0.014847485908268617 0.9998668442246599 -0.0067709661365775164 -0.10741523116819474 0.012016898882214567 0.006949659834424563 0.9999036435424367 28.23079910935643
0.9998431087991411 0.012938926723359969 -0.012097188190550435 -0.16184238615965393 -0.01302534318802549 0.9998900143301641 -0.007092226565582973 -0.12392672783689834 0.01200409187336663 0.007248683885432258 0.9999016743461452 29.656467580582667
0.9998526117273335 0.012324631026639967 -0.011952334169047528 -0.18654828323955253 -0.012388816491059617 0.9999091509781527 -0.0053110277818814115 -0.1265330451942846 0.01188579185339554 0.005458320273330583 0.9999144636876752 31.078124296286127
0.9998515450790095 0.012356421325116473 -0.012008607544368902 -0.19482551833311426 -0.012426996185553542 0.9999058426196595 -0.005820280136927851 -0.09209887143502571 0.011935559011738888 0.005968647007847538 0.9999109548774695 32.489359088393506
0.9998551822043271 0.011931531352066847 -0.01213479207682366 -0.21678750317407056 -0.012013146964835235 0.9999055582314191 -0.006675246655724183 -0.10325695388539353 0.012054000130842962 0.006820057001824409 0.9999040893522425 33.88396983710959
0.9998418020820772 0.012816358337118243 -0.012333359973678338 -0.2450735094983765 -0.012922223024026146 0.9998800133907346 -0.008542539075769077 -0.10857270291637328 0.012222395893730286 0.008700562092088865 0.9998874502952312 35.26818171566228
0.999828050464707 0.013798863911776826 -0.012387931977896035 -0.2656857947482518 -0.013912947482764153 0.9998611535781109 -0.00917079373831029 -0.13271636777876572 0.012259665423108341 0.00934156947161712 0.9998812107863214 36.63604520064675
0.9998204679222601 0.014278482042817035 -0.01245619822687064 -0.28177144860030284 -0.014400123664755913 0.999848959300251 -0.009731136862879403 -0.168162977167169 0.012315370971021342 0.00990876060651917 0.9998750662463229 37.99220429716333
0.9998317420963692 0.013750750072298753 -0.012141020096759023 -0.3054200878491768 -0.013851568847460987 0.9998699504840979 -0.008259307440158029 -0.21688160048820615 0.01202586949059293 0.008426089922151247 0.9998921839236563 39.32576068960459
0.9998231451103702 0.013906509429520075 -0.01266046986076565 -0.28182571852836336 -0.013993770461365719 0.9998787547170784 -0.006830099098733013 -0.23612312288846238 0.012563952000994315 0.007006058871475218 0.999896525771145 40.64960825997343
0.9998411466219643 0.012799818486971723 -0.012403474044685284 -0.29031031344367897 -0.012873947325682516 0.9998996311738718 -0.005915154994597676 -0.2646120868372601 0.012326516212302335 0.0060738970237517965 0.9999055779287425 41.952749446147116
0.9998499273678083 0.012605004141885232 -0.011884301122594264 -0.3080768662484631 -0.012670782915220299 0.9999047279386101 -0.005475975376955625 -0.2834956361183936 0.011814144188420746 0.005625736982540341 0.9999143848752744 43.23508169064326
0.9998730875024056 0.011273769860595799 -0.011256598133455357 -0.3162010606487844 -0.011343386890363464 0.9999168106591582 -0.006139978426031546 -0.2989789072371754 0.011186441000752438 0.006266887133731329 0.9999177914525721 44.49848028026137
0.9998986954293744 0.00924735021696302 -0.01082060038081063 -0.30890968756370923 -0.00933448843307472 0.9999241871952316 -0.008030391500261922 -0.310529924850728 0.010745520198164297 0.008130582753992519 0.999909209588426 45.739784433358714
0.9999151845726842 0.007687285460171619 -0.010513291740920373 -0.3010755684189288 -0.0077912309935759 0.9999208172588143 -0.00988210160182856 -0.32519577683794487 0.010436492733701778 0.009963174931614666 0.99989590196415 46.97315097393654
0.999933299595495 0.006694951826527133 -0.009411375038099447 -0.2983591697939617 -0.00678705996545566 0.9999290505388034 -0.009789264813640185 -0.34004478162857094 0.009345168649766946 0.009852487432458179 0.9999077939061682 48.19338282383422
0.9999530457430452 0.005931081270003436 -0.007663457716811867 -0.29844831375007025 -0.006013973363378517 0.999923169478996 -0.010839154185777244 -0.35238018451390996 0.0075985810249888505 0.010884733071926595 0.9999118881943344 49.40306986073342
0.999971792464916 0.005697572624703176 -0.004894071994829066 -0.3020281070511275 -0.0057576161169005146 0.9999072406144164 -0.012343420251833622 -0.3739901259334424 0.004823290490395776 0.012371250262168397 0.9999118401318166 50.60106927546287
0.9999844869756672 0.005337892664103632 -0.0015914489999472295 -0.30265740702123606 -0.005358896554552819 0.9998945168800448 -0.0134995311377428 -0.3940044018581697 0.0015192220807124757 0.013507850129750221 0.9999076107066798 51.78678906922102
0.9999919916225948 0.003250831712124868 0.0023342630222438353 -0.29631447914747894 -0.003217123894223657 0.9998925478674341 -0.014301847189075153 -0.4109092876045894 -0.00238050509908832 0.014294223041140917 0.9998949986789226 52.96457505876866
0.9999708015479688 0.0017693377442605021 0.007434076638083499 -0.2732504517383118 -0.0016515728567730549 0.9998735297264074 -0.015817612321498087 -0.42816131494016935 -0.007461123146881666 0.01580487255251273 0.9998472571573047 54.12904343309194
0.9998744716702178 0.0010525076100817968 0.01580927354229 -0.2602499257323145 -0.0007664313238655723 0.9998360571476717 -0.01809064427883316 -0.44831778449386334 -0.015825722265666975 0.01807625666802167 0.9997113560721621 55.27801482083208
0.9996626993717951 -0.0011161665991172162 0.025946900717056562 -0.23492877637550158 0.0016365179758738467 0.9997978016805492 -0.0200418952111637 -0.47000573362134457 -0.02591928420331889 0.020077597636760095 0.9994623958806672 56.410614527903135
0.9993896257230802 -0.0026170228932815187 0.03483571713427991 -0.1557908173514836 0.003341670273449823 0.9997789052658695 -0.020759909083670095 -0.5065676507064735 -0.03477368598332743 0.020863647249576005 0.9991774111670949 57.52913247455413
0.9988337753481263 -0.00671870069069317 0.047811591532174534 -0.09051225112323374 0.007782352830949903 0.9997255747725192 -0.022095477595429357 -0.5256311605915001 -0.04765001792471046 0.0224417959794751 0.9986119574614507 58.64131069155555
0.9979257743456857 -0.009861193688891847 0.06361529498159554 -0.011731365844050073 0.011490098232228315 0.9996141039974658 -0.02529072422760398 -0.5418382254082554 -0.06334134936342131 0.025969211547005426 0.9976539848627116 59.737213640875716
0.9966862229742735 -0.013340908148872017 0.08024084435648512 0.11878990345044169 0.015645302274683994 0.9994810232077401 -0.02815863569745412 -0.5617964871576137 -0.07982353944803541 0.029320716522136994 0.9963776884959921 60.81492364477923
0.9950884689450794 -0.018456058192442087 0.09725385796222481 0.27370731068538545 0.02145038670667564 0.9993246890064995 -0.029833653014613926 -0.5846622143079241 -0.09663756972665168 0.03177325696335657 0.9948123643478034 61.878347192533624
0.9928586271227354 -0.025589126444906112 0.1165201405583823 0.41503076410746714 0.029267365804113064 0.9991223329921436 -0.0299663981022697 -0.6028120863374024 -0.11565106072512596 0.03316263445690148 0.9927361541865144 62.93259254789717
0.98989452761152 -0.03257654622498431 0.1380130169252839 0.5668251908471036 0.036970503816494533 0.9988839741684324 -0.029393672738063786 -0.6366398554540919 -0.13690144649462901 0.034199046558775203 0.9899941510747164 63.97339172368754
0.9862894009350552 -0.03975927771014599 0.1601637207333138 0.728962549058011 0.04530337815478814 0.998488673957399 -0.031112246890228533 -0.6674926293077128 -0.15868466066679435 0.03794163695416604 0.986600025671144 64.9999650103258
0.9819930028038945 -0.047890026445555164 0.18274651244616424 0.9333062757343314 0.055070332639862225 0.997889106424967 -0.034417869505757565 -0.6932447831386631 -0.1807124813263514 0.043862018255256284 0.9825574397700362 66.0027522627925
0.9769011648623158 -0.053307702705642515 0.20693574587996816 1.1505891814235447 0.06165224179682323 0.9975156070473112 -0.0340824702517273 -0.7269030970670868 -0.2046047779795914 0.04605325753169525 0.9777606978696991 66.99366434817465
0.9709704091466436 -0.05723664792825874 0.23225079266934123 1.3883222802259665 0.06642023425326402 0.9972813681590206 -0.03190964124858197 -0.7631451615223875 -0.22979298736763532 0.04640946947346203 0.9721323696389547 67.96877611908369
0.9640909692271045 -0.06324074059822954 0.257932572164376 1.6514347048340103 0.07341716361530728 0.9968498441966871 -0.030005136422343787 -0.7946196470866896 -0.25522249732620883 0.04786435890751783 0.965696888265125 68.93217802777876
0.9563571940161334 -0.0687232590201816 0.28400357589867437 1.9428038956030704 0.08097851922792727 0.9962140359198145 -0.03162394757152031 -0.8195880842931415 -0.2807550478214793 0.053241978794923234 0.9583015677837324 69.87253590866699
0.9475743337506688 -0.07035138246615931 0.3116946663035441 2.2497998984314185 0.08557571909501027 0.9957018584331067 -0.0354204095717308 -0.8509422356567712 -0.3078630837212367 0.06023696620811352 0.9495218952629229 70.79063834285901
0.9377915869613536 -0.0734646576978188 0.3393374183520731 2.579209177310696 0.09260782824555165 0.9948768083893971 -0.040545360728063654 -0.8826086167495059 -0.334620276690086 0.06944839953712889 0.9397905033727364 71.69147071476452
0.9268851144413585 -0.07699293071535199 0.36736367981455686 2.9340287290854974 0.09896718571244449 0.9942321164721571 -0.041327892850386135 -0.9277898651552485 -0.36206281330618517 0.07466315821846445 0.9291587227302205 72.57852364906603
0.9142228140855422 -0.07820773237258175 0.3975930039659299 3.313657609744223 0.10018361433891805 0.9943613273025341 -0.03476771754275882 -0.9625739388910691 -0.3926320028009738 0.07161774474444674 0.9169029441626934 73.45411447990416
0.9008428829954779 -0.07725103867972513 0.42721701415006913 3.7277272570660887 0.09856729166816605 0.9947372424180346 -0.027969761525018757 -0.9925405042319442 -0.42280798144027393 0.06730598464822664 0.903716390944047 74.31399380660493
0.8858803118406455 -0.0786212150638586 0.45720321262541896 4.159773470532714 0.10055671352894442 0.9946466532638266 -0.023798792308145234 -1.0122058597795112 -0.45288455533102345 0.06705773402785764 0.8890437783650871 75.15148302760572
0.8692000281411887 -0.07324581022763928 0.48900548295847823 4.613786926863506 0.09917435895108909 0.9946957783749544 -0.027290199883542303 -1.0340832152589527 -0.4844127966992592 0.07221744780272829 0.8718537048306111 75.96339730652717
0.8509000926014152 -0.06690995103721677 0.5210490292315122 5.092167239586926 0.09745224799146411 0.9947445664929683 -0.031405521713965316 -1.059281788403482 -0.5162093487843024 0.07750036054698965 0.8529487688851968 76.75311097342596
0.8322943614029715 -0.06519016370137976 0.5504873645538179 5.598334947185638 0.09873195585901665 0.9946156925400578 -0.031490078521873445 -1.085554842295049 -0.5454705279564361 0.08055970897196589 0.8342493850290084 77.51755387824103
0.8123680712531355 -0.06736347899411206 0.5792411229412766 6.133380139270362 0.10147714336144319 0.9944804664784692 -0.026664417637872154 -1.1073242310374247 -0.5742477742087135 0.0804410560011214 0.8147200318672436 78.26810775452398
0.7909861976367445 -0.06776701358986219 0.6080694590400649 6.689588322252905 0.1027472434896623 0.9944455155703693 -0.022828064246843326 -1.1270109023499344 -0.6031449569576462 0.08053414450463456 0.7935555509638033 78.99109860987761
0.7685287397473084 -0.06586558799638177 0.6364159807078271 7.258015005977238 0.10453062011098223 0.9942479699877189 -0.023330744405464992 -1.149448212366682 -0.6312186036878406 0.08445530470722651 0.7709931101282177 79.68606974280479
0.7452703740807074 -0.06381983278967177 0.6637010610661259 7.8568593471919 0.10559089615956754 0.9941442416751933 -0.022973667366659324 -1.1645810933714582 -0.6583484124426986 0.08720238349238389 0.7476450442204677 80.35756166402324
0.7213083359881957 -0.06107736742321605 0.689915820678574 8.477762501935894 0.10474284336995138 0.9942671763609431 -0.021487642355888938 -1.1825189040744473 -0.6846482463255988 0.08776296029582291 0.7235706196380527 81.004842703633
0.6962419288580609 -0.059439156620354254 0.7153419903516558 9.122640701272124 0.10584488682456347 0.9941731497208793 -0.020410984963023328 -1.193970152064734 -0.7099605879435151 0.08992627555017707 0.6984763621859879 81.63696053519587
0.6693829683669933 -0.05219726304043598 0.7410815659502542 9.787286805467168 0.10446666584507373 0.9942306893435449 -0.024332120636569025 -1.2132395494934238 -0.7355359660733158 0.09370582745243937 0.6709739641104169 82.2451898990678
0.6417405533068826 -0.042751969115295024 0.7657292807370903 10.483978006697088 0.10352619548773155 0.9941354131788422 -0.03125871257054416 -1.2476134378791295 -0.7599022233743048 0.09933302270894975 0.6424029588274722 82.82167244128435
0.6123334797691189 -0.033526219799148355 0.789888411194785 11.208829995117641 0.10202929787553622 0.9940967461711666 -0.03690097054175719 -1.2747009618199143 -0.7839883493578631 0.10318745969291855 0.6121393764766772 83.3862737581729
0.5821876226364038 -0.02788840945113005 0.8125760325454223 11.960927652893824 0.09900496628303444 0.9944060490191727 -0.03680524861175742 -1.3099011732960055 -0.8070040822079325 0.10187662289438214 0.5816919846511281 83.92740009760314
0.5512618763972482 -0.027201013163944552 0.8338887506819124 12.737070683029675 0.09625668050492871 0.9948680397671544 -0.031180681647954428 -1.3356790562312182 -0.8287611206428285 0.09745608412363946 0.5510511016032262 84.43544790578595
0.5196805771634849 -0.02650461904763323 0.8539494147127029 13.537538750236905 0.09086158894264067 0.9955646963120188 -0.02439481731794202 -1.357712123298606 -0.8495153143845293 0.09026871344101994 0.5197838877840072 84.92175431922895
0.48754124464441506 -0.02377210119666611 0.8727762725780709 14.348117991134773 0.0869538217751394 0.9959814904886855 -0.021445360398775364 -1.3735835354080987 -0.8687592115478672 0.08634673015599093 0.4876491305663291 85.37536087403389
0.4550910746400616 -0.0189034615946142 0.8902442209431612 15.18655648517602 0.08007735238479849 0.9965925032930087 -0.01977372031800332 -1.3865629183121182 -0.8868369249292649 0.08028724381814796 0.4550540924572491 85.79962770196633
0.42230473504856125 -0.016444056026038885 0.9063047521540302 16.04099016697506 0.07589258157987006 0.9969663587613942 -0.017274129766483938 -1.3994362069203166 -0.9032712919254697 0.076076754133303 0.4222715958525197 86.19178362656287
0.38986198120487875 -0.015277490281956662 0.9207465633396046 16.913760691939324 0.07461434852685685 0.997098908172341 -0.015048797807055559 -1.408202544291267 -0.9178454851471022 0.07456785910973714 0.3898708757818041 86.55830826190324
0.35738822991073654 -0.014890914059463467 0.9338371987663294 17.80432243365311 0.07492227168077806 0.9971075606311205 -0.012773634504219302 -1.4219297552955819 -0.9309459201948639 0.0745303509365772 0.3574701672333071 86.89165838415543
0.32412501950738604 -0.014880319870140603 0.9458972184174662 18.711001021941204 0.07648669345144701 0.9970150525434548 -0.01052476729603842 -1.4373613628404867 -0.9429171530172736 0.07575989098681218 0.32429566981917207 87.20455301976428
0.29465566126954573 -0.01567066077674561 0.9554749979317239 19.62882872449807 0.08197756597911814 0.996594115688221 -0.008935728943483951 -1.4444891246330642 -0.9520807318489047 0.0809604778051132 0.2949367408032133 87.48877715727726
0.2678782142257166 -0.016093191186892262 0.9633183645818573 20.56118864124275 0.09514251536521647 0.9954151486417373 -0.009827696806824486 -1.4492907761369942 -0.9587435340659256 0.09428515817438833 0.26818117912114947 87.73600356164141
0.2453479767000992 -0.01055252010148933 0.9693776429486478 21.495977214723073 0.10248485763483196 0.9946197755236925 -0.015111455679947993 -1.4700545442164985 -0.9640027096874448 0.10305409480804947 0.24510942303093497 87.95877739641986
0.223322684973823 -0.004020585301022863 0.9747362788313159 22.435876265359553 0.10907393809695165 0.9938140936102445 -0.020890748422922725 -1.4899767644265143 -0.96862265841973 0.11098370256701957 0.2223797728221037 88.17023421208674
0.20800740196867737 0.0011417955395071544 0.9781265853810477 23.385583201066527 0.12269203740637023 0.9920706231291642 -0.027249636349598032 -1.5209462942512775 -0.9704017645714146 0.12567646966340768 0.20621794366550097 88.34267444845067
0.19351314849266213 0.002056590165382017 0.9810955263364264 24.341451246308445 0.12926261245810391 0.9912269471911758 -0.027573831481454276 -1.5539247455604341 -0.9725450315440223 0.13215486975118712 0.19154960720420153 88.51534784713662
0.18764968378907984 0.0018847850472050386 0.9822342102366346 25.31796140609357 0.13469773409670627 0.9905013342807386 -0.02763380569681249 -1.58525648718929 -0.9729563795993484 0.13749019737203808 0.1856133858953247 88.61901932787488
0.18669048592003862 0.002431158805812738 0.9824157734553136 26.29963069481018 0.13803912954365904 0.9900113899475139 -0.02868181460473277 -1.6195171780111512 -0.9726725354309994 0.14096644012335788 0.1844901124103377 88.67833504680368
0.18120317072354597 0.008863548933684885 0.9834057394687277 27.267546073562784 0.14432978638999516 0.9888923815875488 -0.03550732880299489 -1.6500960558045612 -0.9727971647164438 0.1483687808752427 0.17791116092376685 88.83616282257272
0.17507326779277263 0.015025300730087772 0.9844407504986433 28.238876478829606 0.15040744203562537 0.9877390049132306 -0.041824150359818416 -1.6929612437444506 -0.9729989477305001 0.15538950579428173 0.1706667782679126 88.99110505297622
0.17001730864550083 0.021124668744801532 0.9852146279523891 29.216424796843583 0.15683402712405375 0.9864473267277339 -0.04821576015950191 -1.7492724521916756 -0.972880877958341 0.16271269145991482 0.16440005273988978 89.13251256809605
0.16608746229052293 0.025962147627012884 0.9857692030898962 30.198417700174016 0.16373678800232067 0.9850506364723377 -0.05353043844510554 -1.792669282243589 -0.9724223460639814 0.17029741770219334 0.15935360177726615 89.2838635302187
0.16416978281491346 0.030519699137712852 0.9859598523140024 31.179587642533495 0.16871982791288326 0.9839235443249554 -0.0585497958328149 -1.8653761345042457 -0.9718960346042943 0.1759630838771608 0.15638123619184024 89.43272568718103
0.163767567152867 0.03351791754156656 0.9859293753370522 32.162578304479176 0.17225017449912394 0.9830980392810511 -0.06203323743586377 -1.9481892723952323 -0.9713444607006585 0.17998553932310685 0.1552261070204296 89.57187336796737
0.1632706775214091 0.03627358317737977 0.9859142523694319 33.15276215972612 0.17546600510681912 0.9823241515815093 -0.06519925054417353 -2.0265356569017072 -0.9708523919286364 0.1836395610513756 0.15401994904331198 89.71848318462166
0.16234863733505203 0.03864541391281871 0.985976395224024 34.144865234305826 0.1766369241740984 0.9819538531623244 -0.06757238546905277 -2.0995677073134122 -0.9707946832228566 0.18513012246301616 0.15259266293981227 89.87151506040726
0.16084118282899154 0.04108948734348743 0.9861246208953625 35.13706980951783 0.1781234100480532 0.9815187266861433 -0.06995026774262822 -2.1893290311376044 -0.9707740028961556 0.18690276400915443 0.15054963336625696 90.02844721776691
0.16053544425030963 0.04372132323720594 0.9860612643409868 36.13406257939652 0.18040168459164296 0.9808905731227825 -0.07286230682154424 -2.268400214720122 -0.9704038351819587 0.18958409599237816 0.1495803035526393 90.17041116240352
0.15908154485392945 0.04436286357493591 0.9862682182967881 37.13280786661226 0.18361129454783404 0.9802316785355063 -0.07370718357075239 -2.3539572840321927 -0.9700412128365252 0.1928154369621263 0.14779124692534604 90.34484308585884
0.15654437077242492 0.04449479418617898 0.9866681677594537 38.13653819300681 0.18395383565742215 0.9801913470323198 -0.07338875629065099 -2.4254014404058473 -0.9703890180367815 0.19298999065572292 0.1452584496004152 90.5454849248958
0.156153014929822 0.04482829752822967 0.9867150853559753 39.150456279975586 0.18411704115270122 0.9801398240809884 -0.07366709175516238 -2.498510440456816 -0.9704211204861024 0.19317440045515738 0.14479813508222145 90.69046525083063
0.15533070003330354 0.04610755535825728 0.9867859276287089 40.16229323612447 0.18530345593449712 0.9798188663380661 -0.0749507730895323 -2.5750016311003887 -0.9703272658468878 0.19449699870916237 0.14365206106155382 90.84872151691917
0.14880347950839684 0.04765056682775649 0.9877180508460853 41.12341779714649 0.18533110010805168 0.9797953712226207 -0.07518918714460111 -2.6874402471132437 -0.9713443816787816 0.1942432856284099 0.13696582847318733 91.20273261348606
0.14757093049325587 0.049755745589503214 0.987799162914299 42.14627162765302 0.1851046952589555 0.9796974421891245 -0.07700112701237699 -2.7760844841715415 -0.9715755617894292 0.19420939099054824 0.1353648410209851 91.35611902765024
0.14692722725268867 0.0530800006900951 0.9877220780252809 43.17685012053296 0.18428616147233984 0.9796067927407044 -0.08005711902174019 -2.866204982716324 -0.9718286889064496 0.19378608088046442 0.13414900027716456 91.48486882639064
0.14541510838122662 0.05761272817636532 0.987691864807317 44.2068638653179 0.18161428915953143 0.979785029663824 -0.08389008058011153 -2.954668376901495 -0.9725588394681093 0.19157784109529932 0.13201225160457675 91.63460389582151
0.1436190123000049 0.06029185191895848 0.9877947519085919 45.241942290340496 0.18050556164449028 0.9798027434321784 -0.0860483943963157 -3.0455728961065835 -0.9730320249207524 0.19066063189594015 0.12983528766734684 91.79340816338991
0.14184757451121816 0.06084003436889387 0.9880170827588355 46.28093580058173 0.17953297619222833 0.9799751297378629 -0.0861200067047116 -3.121850952813499 -0.9734717130275777 0.1895975614644098 0.1280843027927475 91.95878810373321
0.1413762736037725 0.05925705772846568 0.9881808287814937 47.33617664305688 0.1773616409061085 0.9805394814798212 -0.08417347322272115 -3.2086977094946394 -0.9739381898236691 0.18716550528515893 0.12811508901900398 92.09174105891478
0.13893812305172148 0.05928443708011099 0.9885249382200543 48.382021276360454 0.1780015127336016 0.9804539206169494 -0.08381867937042631 -3.290169382318901 -0.9741722945287531 0.18760454436646049 0.12566970798740096 92.27988926741196
0.13749534044072315 0.06071040651974847 0.9886401154602718 49.43483873336323 0.17803939662668142 0.980348618121797 -0.08496211035214629 -3.3646844567589653 -0.9743700552695052 0.1876987839249097 0.12398452285351269 92.44392346371244
0.1374533167800704 0.06257359421180052 0.9885297825627599 50.491588009627264 0.1805888495171619 0.9796922713970188 -0.08712474272569222 -3.460000254646785 -0.9739066963196358 0.19049304100771536 0.12336185873845863 92.56729740134868
0.13696868867609097 0.06527214280070777 0.9884225441057882 51.5503855602827 0.18117570047270626 0.979344244776204 -0.08977870450140682 -3.5413256845024987 -0.9738659783977353 0.19137501821797612 0.12231377077620087 92.70851476730796
0.13648061500775732 0.06646053973287784 0.9884108651697036 52.61893094705295 0.17990072969593043 0.9794942088486374 -0.09070183177231761 -3.626991270498365 -0.9741708110911443 0.19019487766603116 0.12172567242626894 92.8509363882233
0.13621671281542702 0.06708864299307186 0.9884048366591043 53.69130636852014 0.17610688662936344 0.9801743236622866 -0.09080010856211439 -3.7136383804843014 -0.9749006983439258 0.18643339082505403 0.12170135230966264 92.99214767024858
0.13499942783419716 0.06937029167148927 0.9884143448563739 54.763730648158166 0.17069951248414272 0.9810032426236365 -0.09216460491743583 -3.7764058614875835 -0.9760311628847297 0.18116401572973453 0.12059340148847726 93.15724652923093
0.13302618083614903 0.07277358626514066 0.9884371706660273 55.83525058039167 0.1647541766188806 0.9818012750155176 -0.09445802064694621 -3.8460661567684453 -0.977322923346621 0.17541454192858216 0.11861552167065986 93.33149549188633
0.13260920577902569 0.07359950311750256 0.9884320470743123 56.91614696181857 0.1605639867237733 0.9824722132884629 -0.09469718202479538 -3.9576237482660814 -0.9780766865179981 0.17126430818161145 0.11846743026270987 93.463619487709
0.13218610003992262 0.07404595850786322 0.9884553763245412 58.004646306900575 0.15701270790027974 0.9830516621178449 -0.0946384655685207 -4.065307764194238 -0.9787102965198943 0.16770994495257102 0.11831960889873058 93.60069213071534
0.13241361074281732 0.07141858922915036 0.9886182381498788 59.11134884554242 0.15633247722468507 0.9834122146800883 -0.09198137084647817 -4.164668228608277 -0.9787884307933178 0.16673272363433 0.11905211722029613 93.73070571764792
0.13350491436202902 0.0659486826874888 0.9888514595696236 60.21465537539888 0.15896678426107586 0.983438808703341 -0.0870498192866952 -4.260728269736048 -0.9782157222938519 0.1688161153087542 0.12081026392315149 93.85757114747076
0.1341953009412807 0.0628670273657204 0.9889587241515592 61.325243598523116 0.16398447821878384 0.9828174863309307 -0.08472826839646971 -4.341946271262968 -0.9772925417236105 0.17354401583560497 0.12158027166879888 93.99273851247032
0.13509145634715372 0.062492513264009134 0.988860447286651 62.42695586110266 0.17245997275593283 0.9812922876366528 -0.08557455241979414 -4.448184851918009 -0.9757088993234768 0.18209923671112074 0.12178674710410498 94.11837017016722
0.13605268897805523 0.06546213806824254 0.9885364810169515 63.531098422512954 0.17763370585958066 0.9800323558435122 -0.08934678529420008 -4.55196640405565 -0.9746465679231806 0.18775326889125052 0.12170775511945485 94.24349249316414
0.136452575305847 0.06906727315234193 0.9882360074757975 64.63900553896814 0.18059733971334313 0.979115599981457 -0.093366175681641 -4.659837541134945 -0.9740458385419385 0.1912128490772821 0.12112947934703175 94.37230639015512
0.13586928739534893 0.07137386521129784 0.9881524720950112 65.74896401466154 0.18090773590303408 0.9788450338827954 -0.09557609917457058 -4.780767841459632 -0.9740697756491168 0.19175028294057017 0.12008289286610753 94.51069896060896
0.14603763696861582 0.07395816975079016 0.9865106171328003 66.88022966494981 0.1762844303002352 0.9792961073958504 -0.09951348488047715 -4.73693943889763 -0.9734458424701123 0.1884391763048456 0.12997641559608783 94.41822505428311
0.1468217626802643 0.0735857343673143 0.9864220748245072 68.0111142977505 0.17491219533680843 0.9795830436112913 -0.09910996212136024 -4.811409736239638 -0.9735754176877726 0.18708874997407593 0.13095306681104998 94.57157939488047
0.145632606182661 0.07302145981214472 0.9866402639378508 69.1384714177527 0.17221599921709665 0.9801759634072417 -0.0979629030416269 -4.927113163144205 -0.974234465429193 0.1841818318010479 0.13017011640275772 94.74901069262923
0.14484737762995503 0.07363175386125215 0.9867104955441813 70.26414327783597 0.1694482687559253 0.9806491061862787 -0.09805414194042518 -5.045442280762576 -0.9748366639644549 0.18139927055908814 0.12956767818899034 94.90671885641548
0.14526956479234143 0.07675928077492908 0.986410039669083 71.39577730957156 0.16974372921186115 0.9802700983208891 -0.10127981403619088 -5.173219016526003 -0.9747224322535605 0.18214979317273622 0.12937400399166465 95.04664760440158
0.14494480285892308 0.07830506153297287 0.9863363125539422 72.52924082174412 0.1683654640224464 0.9803732779075854 -0.10257341999388996 -5.297856741679979 -0.975009781822058 0.18093245508491254 0.1289161434741661 95.197553083164
0.14456653027308058 0.07756983114191619 0.9864499174420461 73.67167516231646 0.1684269618510908 0.9804452981737113 -0.10178101891155321 -5.420888921965117 -0.9750553198903211 0.1808588913647247 0.1286747238889944 95.3713823217574
0.14514669300274463 0.07424116427537777 0.986620842592232 74.82970082586057 0.16924198542287658 0.9806211715968617 -0.0986877306767244 -5.529862145726332 -0.9748279786098123 0.1813018680075723 0.12976919810369067 95.52856537575065
0.1447556303089895 0.07356431902186136 0.9867289893687626 75.98192234901396 0.16852748321757408 0.9808283708024025 -0.09784781259412789 -5.648091679183346 -0.9750098947673301 0.18045497498255636 0.1295828195010721 95.68598519737266
0.14399409979163522 0.07544005546841871 0.9866987875010901 77.13214972756496 0.1657694334764002 0.9811616624601042 -0.09920830128289933 -5.779635744576953 -0.9755953024436479 0.1778499090509946 0.128775835079579 95.83939338013495
0.14386404967925742 0.07644232397082097 0.9866406165954386 78.28855046825365 0.16540189941373523 0.9811297599807789 -0.10013294038621098 -5.914260844495641 -0.9756768660167237 0.1775977623338759 0.12850559495129882 95.9724006640223
0.14324071323577162 0.07626275867214896 0.986745199994114 79.45579656037677 0.16442176049447216 0.9813372467452472 -0.0997130524372655 -6.039168696307844 -0.9759342102557983 0.17652535169253153 0.12802819010757782 96.14036819606368
0.14316357151524275 0.07471035075830865 0.9868751467539212 80.61123268529026 0.16394646191071569 0.9815800321892585 -0.09809280317277616 -6.1519903985886355 -0.9760254860493967 0.17583800470007951 0.12827800546132795 96.30075484441012
0.14175645053110916 0.07566643836884358 0.9870054198622205 81.76629089706411 0.16263181870013096 0.9817458014558011 -0.09862085413438107 -6.244598664821452 -0.9764507157450967 0.17449862872951488 0.126863029651707 96.48968639625443
0.1422676301807796 0.0757515915902163 0.9869253354607413 82.93239875490087 0.1633693371132952 0.9815960015534655 -0.09889261562630444 -6.36204201336649 -0.9762532361502881 0.17530255590207036 0.12727384963256969 96.63665993491863
0.1428295619011943 0.07543257731859893 0.9868686044890623 84.10237356427871 0.16577366501871035 0.9811829536176967 -0.09899042133619572 -6.4793255556364215 -0.9757657547963957 0.17773558396991493 0.12763719660622413 96.78630669475557
0.14578109611403053 0.07512980729569639 0.9864600265958606 85.29259464015236 0.16493516295556035 0.9813119621432597 -0.0991121837887179 -6.587260216297454 -0.9754713035433779 0.17715062802670872 0.13066518646191896 96.87272654386648
0.14647602027509146 0.0751234999750207 0.9863575595269074 86.47461778713352 0.1654913666154452 0.981198680710372 -0.09930637717678518 -6.71508170893077 -0.9752729787398631 0.17777966341437543 0.13128978717382397 97.01811147630251
0.14900905169093392 0.07410722361664968 0.9860549791578578 87.68606157862521 0.16451869256283927 0.9814313316101255 -0.09862120021268168 -6.826530885719964 -0.9750537945731941 0.17691992748644145 0.1340501284841222 97.10962297679707
0.1495063107074767 0.07409391615394374 0.9859807070362049 88.89355702763285 0.16258399674701976 0.9817728099517611 -0.09843065397115024 -6.949103205968038 -0.9753021619274749 0.17502068800114903 0.13473474574585378 97.2693031807948
0.15018669786786787 0.07409477839680038 0.9858772335325924 90.10214281260807 0.1628306588381404 0.9817162049264373 -0.0985873700185294 -7.056297125692173 -0.9751564655612375 0.17533755102419532 0.13537581347845978 97.43344731071367
0.15010498358811256 0.07515445424510528 0.9858094653172772 91.31636835331003 0.15841674840182848 0.9823950561686484 -0.09901559190950501 -7.182310625147216 -0.9758958078236663 0.17103146383785117 0.13555666951381445 97.5959343819154
0.15023282300340055 0.07635784521463912 0.9856975085525018 92.53012902436835 0.15771774890165977 0.9823935434156578 -0.10014008955768186 -7.316971114522661 -0.9759893496211031 0.1705063204969385 0.13554476786941397 97.75943273420584
0.15050267121998648 0.07705055857215852 0.9856024337324711 93.75377545017429 0.1541570213828925 0.9829339172616727 -0.1003819060138691 -7.418177180818658 -0.9765165429802021 0.16704528044916792 0.13605629557523508 97.92439589291467
0.14945999051594233 0.0783111804498095 0.9856617423089601 94.97309003958446 0.14911199448681534 0.9836728637526769 -0.10076363538882023 -7.523497688565061 -0.9774596279822202 0.16203412027460296 0.13534260057977712 98.12004326377478
0.1489975106520044 0.07980796388013603 0.9856117038270272 96.19595918383648 0.1451437288586654 0.9841767743270955 -0.10163353210488664 -7.650192422308233 -0.9781273126707535 0.15819850118259549 0.13505626394607634 98.29059891118666
0.14884849309952716 0.08031192166574741 0.985593283936309 97.42827962904812 0.14200304119847615 0.9846301072395335 -0.10167934012299656 -7.772449167377841 -0.9786108840557547 0.15509206026041097 0.13515617060200072 98.45620605715477
0.1480193532431711 0.07902655992802297 0.9858220295222758 98.66276411929297 0.13980366412794748 0.9851206095453886 -0.09996159335125378 -7.911592723774179 -0.9790532194737298 0.1526177823022728 0.13476871285006273 98.63158569111678
0.14762027416055507 0.07864680174052559 0.9859122350558146 99.90283289328517 0.1382330866044006 0.9854086894066875 -0.09930422251653828 -8.03832289328005 -0.9793364429166235 0.1509450079260003 0.1345947107342515 98.80045006527138
0.1474380218175087 0.07869102443145272 0.9859359778385569 101.1422443027856 0.1373644002138667 0.985540544031465 -0.0992010968893394 -8.162352586352148 -0.9794861159181516 0.15005851773255632 0.13449680285970952 98.96613043129031
0.14732061004365807 0.0786246778184299 0.9859588216017521 102.38368217366772 0.138332479725232 0.985400246229949 -0.09924958328891578 -8.293296547458887 -0.9793675320886612 0.15101163785583946 0.13429341876154638 99.12971817218423
0.14649754358455203 0.07780246435080543 0.9861466656966584 103.62481095981698 0.13966270413127246 0.9852895636435441 -0.09848251037546864 -8.422231823673409 -0.9793021999354617 0.1521553558572791 0.13347639823396423 99.29914926221142
0.14504949763455638 0.07473858708333803 0.9865975810008619 104.86732371331279 0.13898847562922423 0.9857165251475547 -0.09510591828742346 -8.556038923551013 -0.979613621219218 0.1509207595124533 0.1325898844933385 99.46022639989535
0.1434746986877253 0.07454510197228474 0.9868424588597773 106.10100206694638 0.14025161032281558 0.985563284703997 -0.09483932541580299 -8.689951526465476 -0.9796655024233148 0.15201328762778957 0.1309483247172997 99.62609463168172
0.14015856596275336 0.08116616539686879 0.9867966507756477 107.32428027624759 0.1360176876780152 0.9856071977357758 -0.10038745145762433 -8.807259426648299 -0.9807419461948148 0.1482919598838691 0.1271012573022411 99.778593559557
0.13768405753583915 0.08414535887731162 0.9868954650214373 108.55952749922436 0.13981861275777746 0.9847562354036373 -0.10346937885261676 -8.927475847920894 -0.9805579308877989 0.15223243876737977 0.12382014682586004 99.92238135729691
0.13413995809576346 0.08230225061847993 0.9875387643962148 109.7849981454331 0.14709251881226504 0.9838520716238431 -0.1019749580580209 -9.048096361102045 -0.9799848277149668 0.15893848088051085 0.11986783031266224 100.05264954260443
0.12968412652288555 0.0821682112708071 0.9881449349081112 111.01768835424848 0.15608519785190386 0.9824443511163944 -0.10217880392243067 -9.170847681775685 -0.9791932589328477 0.1674857666073223 0.11458219601853208 100.18255806513297
0.12368544436715279 0.08495591155077144 0.9886781093684034 112.24459450666525 0.16461019631053053 0.9807680279626177 -0.10486924523865913 -9.30458942376721 -0.97857314193795 0.175717296868848 0.10732212008154031 100.30410771328164
0.11657868954252294 0.08781964813765908 0.9892912202913402 113.47527871649066 0.17467018905412493 0.9787447259487767 -0.10746667615242404 -9.425484802328247 -0.9777012499738081 0.18532800875321412 0.09876130300489287 100.41888602047504
0.10881085594064366 0.08813034486142887 0.9901480899057843 114.70204772599921 0.18292846350337208 0.9772765623327151 -0.10708733797908142 -9.557867773209143 -0.9770861655298179 0.19277853363317216 0.09021675066462942 100.5146417670382
