1.0 0.0 0.0 0.0 0.0 1.0 0.0 0.0 0.0 0.0 1.0 0.0
0.9991948779992487 -0.0065616472050222495 0.039579547319586725 0.04621323467466005 0.006868263900014991 0.9999474114924123 -0.0076158519302853365 0.010025363045034597 -0.039527493356729976 0.007881563016375858 0.9991873989564483 1.001228991204193
0.9965318477869584 -0.013336295514214818 0.08213659092187768 0.1514469683883347 0.014529177574165355 0.9997972330327095 -0.013942590116486962 -0.011200930962001452 -0.08193399383240582 0.015087612206559499 0.9965235494520818 1.995245097675065
0.9921609197239076 -0.014842092478137022 0.12408231809359489 0.37811927089439745 0.017301749302637552 0.9996741396433088 -0.018768697330369184 -0.018424009666931283 -0.12376331784369032 0.020768409165864272 0.9920944079758945 2.970711645578139
0.9854826892554421 -0.013068402418771883 0.16927222464445385 0.5817402001507009 0.01692151676927396 0.999629059776963 -0.021340223045976072 -0.04352943738608267 -0.16893055214521907 0.02389476318455292 0.9853382712775675 3.9429970148206475
0.9765778246942008 -0.016433663820518397 0.21453598068616972 0.8099995414624865 0.021635046252827736 0.9995256261260546 -0.02191911245822696 -0.06015078373135084 -0.21407399909652827 0.026047215028723918 0.9764701047651517 4.914975826282916
0.9656619836617205 -0.018152462154252386 0.25916678303410945 1.0655277052762924 0.02516935624498472 0.9994002792134757 -0.02378203974093911 -0.07857833480639034 -0.2585796527507989 0.029488472760809334 0.9655397418840461 5.873733588906799
0.9537662331687163 -0.02121992966781456 0.2997994113604134 1.5250247606623009 0.030551655061367537 0.9991825574340968 -0.026472878431874666 -0.13055162626682185 -0.2989925899419056 0.03440830574658688 0.9536348880234407 6.750478662257036
0.9399411350629723 -0.023366587304849796 0.3405358501160423 1.943850698805439 0.03513838820185415 0.9989776675316256 -0.028441403756640483 -0.1873962721624984 -0.3395231307158711 0.0386991262278269 0.9398012669379073 7.6431622359050015
0.9235333425588478 -0.023462082628126876 0.3827998117304035 2.325702294107403 0.03792062406462474 0.9988222495387493 -0.030267806278313266 -0.21254160191338964 -0.38163882330369736 0.04246933605677213 0.9233353475537833 8.553327366018843
0.9046416317299969 -0.023878785632226743 0.42550360954710864 2.7414827551998973 0.04062543833613425 0.9987141584730552 -0.03032496373375758 -0.22665419663119477 -0.42423235602778464 0.04471949532571809 0.9044484920861595 9.446010304787482
0.8832273748580658 -0.023146268139222 0.46837341360559337 3.1959070505697316 0.042469739601882876 0.9986248594904342 -0.030736155027237894 -0.24385480898686965 -0.46701790706511165 0.047038710430212446 0.8829958290963696 10.316002421335405
0.8592998065019785 -0.020862484643219444 0.5110465725158257 3.686114244635498 0.042979468336483466 0.9985791595302956 -0.03150281659282588 -0.2663165973618155 -0.5096632298363056 0.04903487418439498 0.8589755370594354 11.163962334670561
0.8347835276176326 -0.021139687030313135 0.550172314507483 4.227144153748386 0.0467047124396479 0.9983797621263113 -0.03250415992668864 -0.3007987933063155 -0.5485937767184297 0.0528295770271764 0.8344183027336703 11.975715964969973
0.808121326081133 -0.021384170251055004 0.5886277597901276 4.798840180523733 0.05057382745601801 0.9981693448749234 -0.033169970280585666 -0.3285779494919991 -0.5868408730732031 0.056574519128667046 0.8077234139704264 12.764524819723242
0.780202294514465 -0.019356447724162895 0.6252277245659095 5.396248435734951 0.05223859050767141 0.9980458088515387 -0.034288381350677195 -0.36395592789541203 -0.6233422088196297 0.05941288888262711 0.779688783642862 13.523911560433865
0.7507491200954852 -0.020333238668581943 0.6602744263418812 6.036715612723463 0.057624277423981685 0.9977318025296327 -0.034795012176084335 -0.3757354814773347 -0.6580692982712518 0.06417016149439198 0.7502179610263712 14.250246906445549
0.7187602811541921 -0.017571200218598065 0.6950359063803995 6.683381343441782 0.05815272891249354 0.9976969514294597 -0.03491494276655942 -0.4193291898464623 -0.692821707479764 0.06551370872756344 0.7181267545590987 14.965304721157057
0.6833558106045772 -0.014558779312648405 0.7299403249977944 7.33278851384125 0.05862090880603683 0.9976672346594877 -0.0349811082964018 -0.5104799532434882 -0.7277282632711983 0.0666943088412788 0.6826151507287759 15.667321276141154
0.6468501071302579 -0.013509126009905666 0.7624975032221555 8.028885638465924 0.061985518086884066 0.9974662580798644 -0.03491216893367264 -0.6029348407051766 -0.7600938984448391 0.06984674299207674 0.6460485260724036 16.316079910508318
0.6092477607310501 -0.010824984649141504 0.7929060384128409 8.746692585455285 0.06140485844148775 0.9975484783623918 -0.03356302543956658 -0.7290826547549795 -0.7905988928679202 0.06913648113855662 0.6084188833129661 16.92971463201229
0.5698374035595094 -0.010306548847401743 0.8216928310234984 9.471724237543027 0.06410355574254371 0.9974318454900386 -0.03194444777261974 -0.9069613816862578 -0.8192533598623314 0.07087657337365544 0.5690346594901667 17.520445274821604
0.529718444818797 -0.008599281731973097 0.8481299555919766 10.247993193489012 0.06831514909183999 0.9971324063034632 -0.03255771343359351 -1.0398006318178394 -0.8454178905271134 0.07518654569242078 0.5287868887590985 18.056735595538683
0.48945121027342947 -0.0060102089245576175 0.8720099713595925 11.053353516618838 0.069625454306562 0.997053125874587 -0.03220807812209388 -1.1022761972155926 -0.8692466904593192 0.07647837323320383 0.48842732269307293 18.5614861502899
0.44923456842513204 -0.00725777405928031 0.8933843670266391 11.898644491647614 0.07403110927363139 0.9968304521544816 -0.029128070948940352 -1.2148709955023924 -0.8903413375731807 0.07922357208050708 0.4483479990311143 19.003647127063317
0.41271675360388854 -0.006929226658746102 0.9108330621538602 12.80142969041973 0.07752302229583137 0.9966099682249757 -0.027545457860271023 -1.295005670505447 -0.9075544404104839 0.08197900372975793 0.41185480528784596 19.331050753189672
0.37607985699470864 -0.003918450656066176 0.9265789696012391 13.691490433086205 0.07811167774782511 0.9965655475845505 -0.027489546502695764 -1.397806471986197 -0.9232889617894598 0.08271490259898714 0.37509430537636923 19.689749367856276
0.3422690426140026 -0.0023370239582430306 0.9395990851353098 14.619175361191434 0.07786790593163896 0.9966275607800379 -0.025886180086146366 -1.4302414780300083 -0.9363698477065111 0.0820246512497894 0.3412967402326533 19.99470735060822
0.30703224246445227 -0.0006928159460208433 0.9516988610339476 15.556036452301084 0.07912719066952222 0.9965559399849099 -0.024802140583848355 -1.443365060915589 -0.9484039697217627 0.08292031407837795 0.3060296255742972 20.305641696600745
0.2749834750977135 0.003226293484532231 0.9614435393997586 16.515950500677008 0.07974420831531899 0.996472256002741 -0.02615156318406216 -1.4388456914164836 -0.9581361853428495 0.08386080161290288 0.2737561255743757 20.55981096371694
0.24549936458652802 0.00983511907060229 0.9693468586736516 17.491610238136914 0.0790864671125762 0.9964120376609199 -0.03013937497799568 -1.4354921112315624 -0.9661653029928479 0.08406141586530594 0.2438406972911984 20.74338659720977
0.2155202343496293 0.015460465656303827 0.9763769777025517 18.4687846328746 0.08050124474548478 0.9961899296353168 -0.03354360874457626 -1.4510653724212885 -0.9731755125260332 0.0858288884634533 0.2134545003620673 20.95803955850939
0.18955515219148267 0.020626373413388892 0.9816533996260968 19.479419525321305 0.08534298533865858 0.9956494436558326 -0.0374000026913847 -1.4477241403762213 -0.978154087621755 0.0908665948940617 0.18697016553773826 21.05751357718298
0.161542458520291 0.02198187534531083 0.986620915677101 20.501537313844484 0.08920080329195856 0.9953342982207144 -0.036781129367466775 -1.4977719156551712 -0.9828261549161622 0.09394909228821864 0.15882794864547767 21.14470403498292
0.1344146894209751 0.023750131770982643 0.9906405112394312 21.531140829014983 0.09285983453859467 0.9950116154085011 -0.03645457902142074 -1.5268249137817604 -0.9865646164328652 0.09689074487805915 0.1315387439488735 21.28368440305169
0.11141078456756816 0.025229359312496175 0.9934541340750049 22.583766647431815 0.0982042061891658 0.9945051446675498 -0.03626914827412998 -1.5428569588113414 -0.9889102947026052 0.10160214888699928 0.10832096921995003 21.275230173331586
0.09107053086057816 0.027248168095171357 0.9954715946445825 23.647799185707257 0.10569465913164458 0.9937148867304355 -0.03686953920735012 -1.5626972907800696 -0.9902195703175214 0.10857375937939213 0.08761815641981954 21.268499426123974
0.07432842854818351 0.02848908666597207 0.9968267937061557 24.721710696490586 0.11400191159941198 0.9927959707614358 -0.03687444360986848 -1.6088791931135742 -0.990696143558274 0.11638097946312462 0.0705451540360241 21.189758417815714
0.061049801642821734 0.03153752574872662 0.997636359696768 25.813848621379876 0.12492933768764126 0.9913994167825492 -0.038985343247787636 -1.630557149812056 -0.9902856064309419 0.12701409714228148 0.0565847755392888 21.185746137013542
0.051013196349211934 0.03207595329070124 0.9981827422965838 26.913950856727844 0.13580340669362415 0.9899776086804011 -0.038752664964360826 -1.6807184096012742 -0.9894215929161045 0.13753351421354224 0.046145898403114165 21.107429759646607
0.04483725190282699 0.033752057687227534 0.9984239677830652 28.027220180000175 0.14711103880790302 0.9883101800710737 -0.04001662440462436 -1.7146217628774931 -0.9881032148023104 0.14867342254000604 0.03934781223370308 21.033882432184495
0.042140998099385374 0.0357148100586762 0.9984731286427587 29.15140203887722 0.15723358706458618 0.9866709571506973 -0.04192876595047201 -1.7690718079540768 -0.9866619154391181 0.15876043165032944 0.03596373123315062 20.939428184859455
0.04036755484905808 0.03599780838455213 0.9985362378536975 30.27768009754181 0.16483680368262676 0.985418155486795 -0.04218870688581533 -1.8108140885353303 -0.9854944386789821 0.16629857674830273 0.03384515776718197 20.802234854501755
0.03951488090679317 0.0366255409511223 0.9985475171152137 31.414393971341916 0.17178977075734406 0.98419921190523 -0.04289738859491531 -1.8708584523640603 -0.984340819457397 0.1732353342570783 0.0325986213631382 20.703176991575734
0.03964925877062812 0.03871885089082716 0.9984632125745205 32.55993874776252 0.1784895046006176 0.9829029234639562 -0.045203316177401656 -1.9246068998223567 -0.9831426310695538 0.18000748215477577 0.032060463844620704 20.62449446650742
0.04021576621606009 0.04193640233880655 0.9983105880969767 33.71620664934666 0.18362572052429807 0.981792126218973 -0.04863965107153123 -2.002037615197054 -0.9821732468915992 0.18527158188266665 0.03178292052513095 20.544875568149802
0.04144781390714031 0.04546375330699771 0.9981057688729977 34.889591826074586 0.1889939143720431 0.980573120190658 -0.05251339152911457 -2.087529880755755 -0.9811031439418849 0.19081248149635727 0.03205023950847233 20.453863003474407
0.0408516556641057 0.0490363515330699 0.997961210898412 36.09074980483109 0.19550516131388898 0.979096077667712 -0.05611241035040062 -2.1644439800283033 -0.979851455134466 0.19739885238781574 0.030410836010240895 20.45741182794108
0.03996016203866177 0.05119168862926311 0.9978890702202959 37.316402079822865 0.19924372972043614 0.9782224605674994 -0.05816144606486808 -2.237759713142022 -0.9791348842814929 0.20114728100710513 0.028890305060954476 20.473416836205974
0.03979480990783402 0.05191701078270277 0.9978582049047782 38.56445102132763 0.2024937832179868 0.9775086090645211 -0.0589337506256987 -2.3358145008979667 -0.9784746500867895 0.20440534042958317 0.028386897354235763 20.467213121837702
0.040112313097457136 0.05331559180547089 0.9977717424383205 39.830427678961165 0.2062412075484765 0.9766304686711261 -0.06047720208609527 -2.42765730280997 -0.9776786622643028 0.20820752948356253 0.02817903510473093 20.47573904573381
0.03617298974854841 0.05418856501987283 0.9978752999416994 41.033784412597115 0.20711643832890672 0.976441797335244 -0.06053261427252377 -2.587192888262039 -0.9776473268958487 0.20886602365584733 0.024097476539991915 20.92670369525639
0.03521214641949014 0.05565947671216608 0.9978287064404683 42.34687300516917 0.20979226230723458 0.975788828881501 -0.061833389896406306 -2.666952064906622 -0.9771117190068614 0.21151402809789321 0.022682691578796443 20.961541272900533
0.035119634265318944 0.056202529712798474 0.997801526829334 43.68714950051247 0.2102498083714748 0.9756571244415491 -0.06235538153363766 -2.7121428636335128 -0.9770166986130929 0.2119774780025685 0.022448150276632328 20.994004347868838
0.035119634265318944 0.056202529712798474 0.997801526829334 43.68714950051247 0.2102498083714748 0.9756571244415491 -0.06235538153363766 -2.7121428636335128 -0.9770166986130929 0.2119774780025685 0.022448150276632328 20.994004347868838
0.03473374380355026 0.05682063560995458 0.9977800270652183 45.06964964649103 0.209172331804974 0.9758567270011472 -0.06285367112490928 -2.7430639681759 -0.977261737022717 0.21089111819962728 0.022009852699454324 21.051142773157682
0.03188100796841693 0.058733915737859604 0.9977644654290979 46.46619634297689 0.20770758633898911 0.9760888401126462 -0.064094732894213 -2.768078766348086 -0.9776712944073525 0.20928665353922393 0.018919216215366047 21.20264598010397
0.031202037438956016 0.05848178793154211 0.9978007382939671 47.886615142671474 0.20797715700153285 0.9760565637313857 -0.06371096108550799 -2.868517199233599 -0.9776358908229672 0.20950767259747202 0.0182920774537171 21.244282952498267
0.031152337346049584 0.05920163714208742 0.9977598398600598 49.331685792726795 0.20918301915220675 0.9757518279404546 -0.06442697237360237 -2.961657627210468 -0.9773801698296546 0.21072146646831705 0.018012972913890597 21.265730511297395
0.031084418708168502 0.05941951156792932 0.9977490067940943 50.79202319062038 0.2088123759591043 0.9758185209311285 -0.0646189279862972 -3.06157653242558 -0.9774615852093053 0.21035098253351073 0.01792522209898034 21.292784818680033
0.03096572832447966 0.06050259864609189 0.9976876060302653 52.27516300853669 0.20752120715029093 0.9760264642396999 -0.06562994504519919 -3.163063792991915 -0.9777402887537261 0.20907361541050506 0.017667798022382712 21.323459759033224
0.03143900555085696 0.06041655045566924 0.9976780188823487 53.78227930239999 0.20750560511693042 0.9760288033477433 -0.06564448857770577 -3.2624309872174226 -0.9777284964523787 0.20908757846082013 0.018148602104865037 21.35009182477804
0.03170043988202998 0.06001301705362063 0.9976941013634414 55.308822427225536 0.20636228218203134 0.9762954325936976 -0.0652827449584379 -3.359820421509099 -0.9779620087733004 0.20795592340879987 0.018564571508222903 21.388373147625636
0.031959636674204005 0.060563815942393774 0.9976525476447929 56.85717495017547 0.2061970180813611 0.9762907367057291 -0.0658725068366113 -3.4598620579038695 -0.9779884310962002 0.20781824179094685 0.018713818982556352 21.419665896456802
0.03215667602583803 0.061189127906626874 0.9976080587149407 58.42250139372868 0.20505137293388542 0.9764892403586786 -0.0665033677467492 -3.5637920036741395 -0.978222818505527 0.20669942934066662 0.018853733459050045 21.44984100795124
0.032302911278558055 0.061635661801908666 0.9975758452955681 60.01765195263831 0.2045976296935929 0.9765530764660468 -0.06696192028655049 -3.6597996661017653 -0.9783130030039937 0.20626471835711435 0.018934997078619516 21.476730213708105
0.0323440025558242 0.06174769323705114 0.997567585619425 61.62908353322593 0.20337150819350752 0.9768026854676423 -0.06705626979112393 -3.7618227209486355 -0.9785672665452111 0.205045692573887 0.019035987054212566 21.513163503329793
0.03255042904359969 0.0607693736493295 0.9976209464497741 63.260612514673355 0.20492060965921105 0.9765392440791909 -0.06617135717317149 -3.861004867094799 -0.9782371968525703 0.20658699862167124 0.019333874275861473 21.549958071181578
0.03278111956428878 0.059608079006499066 0.9976834543667967 64.9076422476473 0.2065300984634161 0.9762711632206692 -0.06511477783462771 -3.964270246167555 -0.9778909533423463 0.20818619738329502 0.019692399302277022 21.5794992914779
0.0328769306241631 0.06000282459233035 0.9976566385654302 66.56255196110986 0.20638493046831805 0.9762748797789763 -0.06551808596206621 -4.078549079522709 -0.9779183850957711 0.20805532954838538 0.0197132427112161 21.635965635271614
0.0328769306241631 0.06000282459233035 0.9976566385654302 66.56255196110986 0.20638493046831805 0.9762748797789763 -0.06551808596206621 -4.078549079522709 -0.9779183850957711 0.20805532954838538 0.0197132427112161 21.635965635271614
0.03257594430309506 0.06006757436531294 0.9976626154981586 68.24931598387543 0.20465601629472752 0.976641034647934 -0.06548438314732243 -4.182532781571833 -0.978291737084155 0.20631087211216173 0.019521813470716284 21.68357281203875
0.03182984502427112 0.05965180571120709 0.9977116432322121 69.94812014146517 0.2045899130980713 0.9766924228264062 -0.06492209679306495 -4.30780896978353 -0.9783301224148492 0.20618819866538657 0.018883810708345803 21.757739198867387
0.030973017357426788 0.058969675019413505 0.9977791587439971 71.66832123887274 0.20429278209171112 0.9768107437188975 -0.06407206989447768 -4.426196575605264 -0.9784197112594393 0.2058235855859066 0.0182076971513666 21.833032277386597
0.029627808038137 0.060350852933985316 0.9977374241457484 73.40307804290869 0.20238123500651983 0.9771396614167288 -0.06511465122103009 -4.47028741984747 -0.9788585335522649 0.20385253649768784 0.01673662616442848 21.93503509364973
0.02792909629787766 0.06198442400748661 0.9976862717109228 75.1543603310097 0.19976739740156343 0.9775957840255726 -0.06632850059236957 -4.503528432926549 -0.9794452269092894 0.2011576850032987 0.014920899729039072 22.049690976227918
0.027465573862103004 0.06343636668917361 0.9976078736826907 76.92346325569426 0.19772387399499 0.9779221318548104 -0.06762820181666852 -4.587333164851293 -0.9798729059958942 0.1991083408846036 0.014316308369893633 22.08918037858187
0.027195979338566573 0.06404896376873437 0.9975761168692667 78.7002336801922 0.19678066770384403 0.978075339178497 -0.06816157061642047 -4.715462717757102 -0.9800702768301085 0.19815741502911108 0.013996118859709238 22.121515506882048
0.02417269620087348 0.06692606698215553 0.9974650782441847 80.48816650015928 0.18920709089535892 0.9794174438142812 -0.07030040901171705 -4.695152045906676 -0.9816396271103238 0.19042681615413157 0.011012273884397319 22.293585450488298
0.02370115256229812 0.06742645760953164 0.9974426941842052 82.29345893903223 0.18853703708362005 0.9795182661462057 -0.07069478010193246 -4.833859814803542 -0.9817800369812723 0.18973043799074785 0.010503327324743763 22.316501739746432
0.027326369477502874 0.06758789006413939 0.9973390329511093 84.12038133110812 0.18638304810581752 0.9798711917826257 -0.07151088653681535 -4.9076217277422085 -0.9820970567667756 0.18784122186350535 0.014179085261818138 22.201094471811135
0.027105869330828692 0.06726769605391617 0.9973666973161951 85.95763405326386 0.1846804812138829 0.9802211884953052 -0.07113045398041543 -5.019991016854511 -0.9824247511674511 0.1861222143980921 0.014146716973277107 22.298925465646313
0.026453718383307782 0.06661845533184355 0.9974277829461602 87.81170067020204 0.18196192953986828 0.9807869931289652 -0.0703329958637543 -5.157813073342589 -0.9829496716423604 0.1833544532271908 0.013823440235097286 22.363797787955164
0.0262808937327658 0.067574920967813 0.9973680086511686 89.67832735076686 0.1822673456234426 0.9806643790177437 -0.07124598546674368 -5.294588770179289 -0.9828977206932525 0.1836600277195254 0.013456034856957112 22.38208531854421
0.025972193181720775 0.06870641695874641 0.9972987884530989 91.56411879007271 0.18186085684866435 0.9806629654404968 -0.07229645191653902 -5.430736161415759 -0.9829812174846478 0.18324730961774524 0.012974960125460719 22.391164776609955
0.030403592339620075 0.06794353802615721 0.997225800515275 93.46113273661463 0.18417748069390869 0.9802228570199089 -0.07240031892866211 -5.5838598592936295 -0.9824226570972857 0.1858677654038357 0.01728862648372279 22.34707079624995
0.029837310169504853 0.06864609097617162 0.997194789956073 95.37209777115152 0.18420898599627628 0.9801734926272679 -0.07298612079763278 -5.703904012922636 -0.9824341119892328 0.1858699506228864 0.016600513708118173 22.385231127827556
0.0432827978380283 0.06991604967871284 0.9966134383042567 97.25474708618391 0.18341445192730682 0.9800374263312521 -0.07671884914557377 -5.674619651304767 -0.9820823479910011 0.1861139140078987 0.02959514786485388 21.982519706325775
0.04289175705320628 0.07132434950611131 0.9965305486257886 99.17925794669807 0.18336558390750426 0.9799430984015607 -0.07802939531618293 -5.82636422625988 -0.982108629335446 0.18607622379734418 0.028953050308595164 22.02723069332068
0.041826445858884426 0.07426870104761549 0.9963607321003323 101.12007240010894 0.18413494169547706 0.979578556552021 -0.08074759928482372 -5.9499023916462965 -0.9820106270675572 0.1868422104026797 0.02729682652294599 22.06565795929072
0.04201349698384142 0.0766086007645274 0.9961756814739487 103.06827234971234 0.18432820828241214 0.9793464306756655 -0.08308838880511388 -6.092467646650807 -0.9819663831835508 0.1871141122730604 0.02702464219338019 22.095360186813842
0.04039637790510627 0.07818971566916841 0.9961197222300734 105.0289753572138 0.18440472761132456 0.9792248699303033 -0.08434186709205525 -6.253460041898153 -0.9820198720426897 0.18709629198237848 0.025138584679803365 22.14755390078687
0.03889619915164141 0.07910329972556623 0.9961073002764708 107.00126859498435 0.18318402755561344 0.979403156425019 -0.0849297900221954 -6.414929090888512 -0.9823088606645365 0.18577439316880373 0.023604599185385884 22.1883053012828
0.03773412732462336 0.0795343056566511 0.9961176787201197 108.98404025944755 0.18188308275106815 0.9796301360867977 -0.08510781796950487 -6.574583209858847 -0.9825958883712149 0.18438842342803619 0.022499543588840133 22.241180877161927
0.03695218273720209 0.07949572894179588 0.9961500716613763 110.97859635289016 0.18130517381492484 0.979754178293939 -0.08491280270670853 -6.7348142623649245 -0.9827324000657025 0.1837448752906625 0.021791068480518674 22.272285465167336
0.03503289661996 0.08019904332587155 0.9961630436851321 112.98073649617704 0.18235648201195898 0.9795277708246947 -0.08527285412970821 -6.901020375013594 -0.9826081668817113 0.18464414323996164 0.019690879730050997 22.294538580016106
0.033852724243083346 0.08284180927852254 0.9959875640271714 114.99015943999915 0.18391945687656835 0.9790227265063118 -0.0876820070845508 -7.064621736847878 -0.9823581966083195 0.18614976663860766 0.017906365818951855 22.31669548958409
0.03294372229379823 0.08370952940985289 0.9959454934118663 117.00663792581166 0.18389577913294153 0.9789657424584409 -0.08836525057895486 -7.256817772286217 -0.9823935329482361 0.18606125276041258 0.01685694642301631 22.36332245674219
0.03247723746791214 0.08383985903935921 0.9959498516906908 119.0394555226699 0.18555782722097228 0.9786458508910337 -0.08843410705602135 -7.445777760561272 -0.9820964931224855 0.18767838599589592 0.016226571618519158 22.375600074692482
0.031116978433264813 0.08570241555201964 0.9958347401159132 121.08208110458618 0.1878599735227615 0.978059778126704 -0.09004277182966627 -7.614552287011546 -0.9817027880174378 0.18987934690031724 0.014334211505973504 22.40044354550681
0.03154847234408077 0.08653551439966356 0.9957491143055746 123.12764357519731 0.18827232968990248 0.9778966152534593 -0.09094910526752785 -7.80553242619286 -0.981610016129568 0.1903413108692196 0.014558901424755407 22.388404312388953
0.03144748737546595 0.08769672867008306 0.9956507115039549 125.18817207429734 0.18856116742449724 0.9777356399972579 -0.09207445041195068 -7.992218950380757 -0.9815578137212704 0.1906365706251504 0.014211131658016844 22.394319817541614
0.031458132434790294 0.08718003070822972 0.9956957507940982 127.25504363755218 0.19046057973808223 0.9774123111625334 -0.09159662413947435 -8.173563211418594 -0.9811906815036251 0.19252224867174886 0.014143206737672366 22.404871960010677
0.03157030721630425 0.08701547021442574 0.9957065951602541 129.33564752580375 0.19313168095085098 0.9768975243216698 -0.0914952500804872 -8.362568660278058 -0.9806648099709535 0.1951910216110225 0.014035510930441591 22.418679636655956
0.030926081883561135 0.08854260872861318 0.9955921774998328 131.42114523915006 0.19558082937310864 0.9762774676581797 -0.09290019012175532 -8.549881167654103 -0.9801998350545963 0.19759178267950092 0.012875200055871935 22.440287266920855
0.030686280408353434 0.08985866139270049 0.9954816789712443 133.51806917680076 0.19665305523160087 0.9759416348873474 -0.09415679031003475 -8.743071950606273 -0.9799928204138928 0.19865383526658376 0.012277038368443759 22.453464642256268
0.030709101469641887 0.09071700586241058 0.9954031223249614 135.62266797756908 0.19663374646148823 0.9758635557238043 -0.09500258082079682 -8.94011622290063 -0.9799959800118803 0.19864728907652457 0.012129868222753432 22.46525795208928
0.03029768782390457 0.09200699729588166 0.9952973236983592 137.7416420776647 0.1965000010588839 0.9757747702770424 -0.09618392420068553 -9.148889286129775 -0.9800356114429634 0.19849007566974297 0.011484344310230741 22.483786218842724
0.02988123639263042 0.09282706016593234 0.99523376581213 139.8579245864249 0.19686553233899723 0.9756293117210845 -0.09690927864516302 -9.364731770775112 -0.9799750373803049 0.1988229941721859 0.010878561480086818 22.526244358760543
0.02989352492736591 0.09295872416710886 0.9952211074774469 141.98959271423965 0.1979207975782236 0.9754015492871402 -0.09705243703403997 -9.579505818885005 -0.9797620808407601 0.19987619480435856 0.010759725698798366 22.53143416433397
0.029762349053979422 0.09346918557905999 0.9951772273951871 144.12894742269637 0.2008833651320701 0.9747452634008131 -0.09755790634743405 -9.813616950888305 -0.9791629467009073 0.2028181028036369 0.010234304232772773 22.565667285616687
0.036873315157238226 0.09309859546356318 0.9949738741052563 146.22812897662638 0.2011595360882763 0.9745788712140685 -0.09864514597212247 -9.831419292441083 -0.9788642396522941 0.20378585649113082 0.01720828358994156 22.07888833563907
0.036624018342298476 0.0926270005300591 0.9950270951352345 148.3788536475461 0.20220468330308422 0.9744125079906536 -0.09815054926827264 -10.086553332319758 -0.9786582382684783 0.20479380616651646 0.01695728825811976 22.081472557469688
0.037860761197148186 0.09186458562430236 0.9950514864416028 150.5484318633763 0.2040115806793035 0.9740819905646068 -0.0976910978872948 -10.3211169463713 -0.9782360848539088 0.20670068593444063 0.018138046309546414 22.148547081230397
0.04077575901506064 0.09632636332695406 0.9945142378090647 152.72777366733905 0.20624287553294893 0.9730955575692586 -0.1027078971202988 -10.248693150356837 -0.9776508649659373 0.20929946862612206 0.019812083791887775 22.174524891402474
0.04145734350581246 0.09693723403725074 0.9944266998259067 154.90901809608462 0.20927919568028205 0.9723618996976641 -0.10351113114908939 -10.484423222034543 -0.9769767176984591 0.21240411642328663 0.02002459491694357 22.190284079495964
0.041447552069738935 0.09842922902476059 0.9942805375250051 157.09671832968786 0.21125246624974425 0.9717745722050625 -0.10500750601299176 -10.720210581952298 -0.9765523518638548 0.21439651976946622 0.019484259798976243 22.223400187372665
0.0456904814644449 0.09872719885676828 0.9940650482284542 159.2909923988459 0.21133018303766204 0.9716267479979718 -0.10621212883731333 -10.945014718720948 -0.9763462160733837 0.2149288318974027 0.02353005691456393 22.22656695244497
0.045784574965796285 0.10021685032348365 0.9939116437623806 161.50030969311481 0.21381931548895503 0.970912861750793 -0.10774746034464043 -11.182742227470396 -0.9757997094788637 0.2174506790012983 0.023024534367458833 22.272184906313697
0.045302800746873 0.10135225327520732 0.99381858354557 163.71418092342302 0.21462439055970609 0.970621162168421 -0.10877008103195572 -11.425605827290806 -0.9756454413470923 0.21822529712859082 0.022219191519370112 22.330198494136614
0.05299619182428385 0.1010665066824243 0.9934671433314395 165.94211663769866 0.21536443837015573 0.9702961373298263 -0.11019784284787887 -11.56031474671797 -0.9750946427591681 0.2197975593809675 0.029655868770599433 22.190009501062516
0.05244661090339699 0.10164151090576566 0.9934376458870162 168.17136450547298 0.21697810745514087 0.9698809438802662 -0.11068629356478121 -11.821928820978446 -0.974766563793574 0.22135934125018703 0.028812985811093844 22.254499610053408
0.052143108849236244 0.10244630547347373 0.9933709532165556 170.41156977295873 0.22163651709085402 0.968729228514386 -0.11153894438158268 -12.07409128025323 -0.97373422990638 0.2259832655679574 0.02780671127389606 22.32200353392114
0.05233236578581831 0.10270942996951712 0.9933338293275791 172.66016934739474 0.225785603089459 0.9677223874483435 -0.11195643022536582 -12.322303679064063 -0.972770365979961 0.23013942258251804 0.027452891370430322 22.374592817326544
0.05204090033748131 0.1025207621862848 0.9933686314821921 174.91414945624803 0.22831820701276284 0.9671488680506772 -0.11177595168358397 -12.584634212617862 -0.9721947032557522 0.23262106600442922 0.02692394124977894 22.438536688852896
0.051778307412525544 0.10266531431427081 0.993367424530441 177.18013506727613 0.22936659621078967 0.9668882534289268 -0.1118841808471422 -12.837764890254224 -0.9719619187108973 0.23363847846172836 0.026515843526427902 22.50014857718692
0.05166665169794905 0.10387855992137514 0.9932471001170754 179.45210701995535 0.22945587833017403 0.9667324620205479 -0.11304134984782487 -13.096934833296421 -0.9719467871247116 0.23374685380631605 0.026112283193883836 22.541649584918407
0.051373645629086445 0.10661869477362168 0.9929719041642326 181.73103850738528 0.22965291064363613 0.9663776806073452 -0.11564479692953784 -13.359259048870149 -0.9719157829604793 0.23397998279497612 0.025161050923592755 22.583449796126697
0.05057944231236325 0.10930724205554213 0.9927203266024006 184.02029993031326 0.22994156583984668 0.9660142104771123 -0.11808226562613275 -13.619046226419922 -0.9718891893186632 0.23424020148235078 0.0237261816358639 22.662894758836003
0.05009955793124044 0.11105043501741912 0.9925511750925147 186.31772899618835 0.23016191317340717 0.9657661745732187 -0.11967117353217517 -13.89655155373379 -0.9718618873170456 0.23444295027288198 0.022824877828715284 22.72387440026084
0.04948813484005494 0.11275127924940301 0.992390081337813 188.61864258352284 0.2294425347766534 0.9657509133482659 -0.12116640046751488 -14.182761620734329 -0.9720632941045122 0.23369279491377817 0.02192327211139205 22.775024978884986
0.049357513511578355 0.11305117762817603 0.992362467597819 190.92372577305014 0.2315164481354005 0.96521720638709 -0.1214737779813823 -14.479956067315198 -0.9715780823499064 0.23574387739914773 0.021467514203859298 22.826176452414767
0.050398441021954954 0.11197696538835511 0.992431940419577 193.24717608055946 0.23206334575514714 0.9651845144592491 -0.12068743350071953 -14.778208698587507 -0.971394153111641 0.23638953502741766 0.022658045591748877 22.84960879564597
0.050083361884137645 0.11165606313233833 0.9924840454275148 195.5761974816373 0.2337663098397985 0.964816881288991 -0.12033992672288057 -15.083106278955587 -0.9710020438939686 0.2380363609736383 0.0222198471678355 22.892463534728364
0.04943171927416089 0.1114849033887576 0.9925359547371548 197.90554408585498 0.23595071349326033 0.9643190656154397 -0.12006665020973455 -15.407268423214092 -0.9705069633607069 0.2401246676353031 0.021363006843919192 22.952634075818647
0.048948719783041834 0.11208222657173354 0.9924926182689318 200.25218484325598 0.23654119448308902 0.9641148936941567 -0.12054349866176214 -15.715610737385182 -0.9703876988833449 0.24066583937864428 0.020680126016490562 23.007577246827207
0.04873604896369473 0.1121705298148717 0.9924931081737822 202.5788145385003 0.23726831036701393 0.9639299746073285 -0.12059333708417311 -16.05347591932874 -0.9702208750727791 0.24136440560812947 0.02036362635788861 23.045122234323358
0.04801902376198348 0.11270651358952932 0.9924673370703113 204.93628211167376 0.23889673587576726 0.963480049749311 -0.12097331657422987 -16.375308422402128 -0.9698569600435151 0.24290622785255672 0.019340153194633003 23.11882767191762
0.047658608203508326 0.11307570688345676 0.9924427145064378 207.27841857320618 0.241060885993157 0.9629015306734694 -0.12128599041473695 -16.689691565202065 -0.9693391080051899 0.24501944155412664 0.018632416703296895 23.17558095791356
0.04729674125749443 0.11264295701355789 0.9925092354742394 209.63709135793272 0.24338027447112093 0.9623763888941496 -0.12082105817041296 -16.991679794941735 -0.9687770952416155 0.247271612471586 0.018102193262650196 23.228866384533514
0.04689522261785302 0.11179601487654714 0.9926240421999362 211.999573732417 0.24586846521229314 0.9618532234198689 -0.11994613128800387 -17.301095087953748 -0.9681681341119279 0.2496798503174225 0.017619206443427075 23.28817894081456
0.04674970631398709 0.11214610377855634 0.992591414614715 214.3652285708122 0.24805316891521167 0.9612494129030734 -0.1202879527825549 -17.611954082869737 -0.9676177397870898 0.2518388722989085 0.017119931323946253 23.33052293818121
0.046249509347999894 0.1119917923296745 0.992632268937421 216.7209699152187 0.24903788762222012 0.961027096683696 -0.12002937127373568 -17.97202320075302 -0.9673888119126304 0.25275434297058647 0.016556832298945463 23.36534751775636
0.046146139337941025 0.1124464026708324 0.9925856841354244 219.09353559154866 0.24965040700010302 0.9608150627905693 -0.12045368155202747 -18.286407935280877 -0.9672358596065828 0.25335789239955275 0.016265615573055538 23.39542512164533
0.04579457960370692 0.11409608094353367 0.9924136943796384 221.4829154052527 0.250422642370981 0.9604222538704349 -0.12197374495508985 -18.59008721611851 -0.9670529234053606 0.25410859604460484 0.015409891283988343 23.439391838589245
0.0453054841249646 0.11516146417691567 0.9923130807748267 223.84590059503833 0.25125052261630676 0.960088799801476 -0.1228929264880363 -18.915805915496154 -0.9668612040997582 0.2548869036737472 0.014562909818253084 23.49033227788079
0.04477035852790866 0.11621293759628254 0.9922147792350814 226.2242630879961 0.24998242497368514 0.9603089814594843 -0.1237555951564352 -19.225089272882553 -0.967214765293395 0.253576838972904 0.01394218544387779 23.523889599010595
0.0447421522539466 0.11638350815698784 0.9921960586702374 228.6006823469048 0.25228203316184417 0.9596828248295315 -0.12394616359910778 -19.580233576416664 -0.9666188057116464 0.2558588570995402 0.013576806999667646 23.53997336878118
0.04451686406187421 0.11539979157818035 0.9923210855956883 230.9793937564901 0.25495528681760576 0.9591012189099385 -0.1229741989574339 -19.908514924284862 -0.9659275596740409 0.258471932691313 0.013274391623284821 23.57475908405876
0.038412351292931995 0.11364263781000751 0.9927788485557738 233.2292419963273 0.2578123215091781 0.9587488408090592 -0.11972245873407905 -20.372869411381707 -0.9654311462482424 0.2605494408339203 0.007529324998624318 24.29204697371886
0.03828432783951865 0.1134762853878675 0.9928028217609194 235.61308134036824 0.2582989380323171 0.9586415992198298 -0.11953218335086231 -20.688457486519184 -0.965306152913806 0.26101612383111167 0.0073901452575942115 24.29143356592671
0.038148152318870164 0.11453978444026174 0.9926859303198726 237.99815573881057 0.2583814254865917 0.9584951613124709 -0.12052412498789129 -20.989101587850314 -0.9652894682105321 0.2610893784146693 0.006969866632046519 24.290530512008498
0.03794318170875043 0.11512628438189304 0.9926259384109568 240.3927929982014 0.2587147904091276 0.9583403235612039 -0.12103917324638293 -21.269047360479366 -0.9652082532725136 0.26139962295501923 0.006577608501262501 24.298128908475842
0.037754720996797796 0.11482308168582825 0.9926682431480419 242.7799921803634 0.2593964508403495 0.9581986107410873 -0.1207017135971166 -21.582789788757854 -0.9650326742312318 0.2620516786552222 0.006391821344193737 24.30482718425447
0.037544987192915165 0.11491845858853392 0.9926651609743921 245.1637612033039 0.26030763381278166 0.9579460753821436 -0.12074457519383244 -21.92972464152352 -0.9647954755882064 0.2629316727508949 0.006051921095132647 24.299199654317118
0.03638289421674007 0.11427885467744796 0.9927822663514999 247.54089964520145 0.261112996302263 0.9578422236534756 -0.11982603118112248 -22.30083808581954 -0.964622355209782 0.26358797005966655 0.005009378140692297 24.32922000543894
0.03615850319836172 0.11403333367462316 0.9928186951591426 249.92275925210288 0.2618620133209935 0.9576742517084179 -0.11953373412638511 -22.62268303285414 -0.9644277311576689 0.2643036632848163 0.004767069151646149 24.317128214630273
0.03559698442347258 0.11330859485121135 0.992921959185512 252.2972168488678 0.2622488866901381 0.9576735775696948 -0.11868799541084415 -22.99995445643059 -0.9643434948864108 0.2646176130904848 0.004375238571365732 24.30470317569557
0.035998378317828386 0.11368937605191048 0.9928639597303399 254.67758431109013 0.26382156405578416 0.9571817725812583 -0.1191689413285192 -23.316166769705568 -0.963899527491141 0.2662288113843571 0.00446328256176858 24.247356814311438
0.03622647026541386 0.11373755657874624 0.9928501453268775 257.0623817665678 0.2656688035035653 0.9566562650095735 -0.11928485848135395 -23.631852865193515 -0.9633834800831347 0.268090579546222 0.004439759168896721 24.208961383049132
0.03640984398511508 0.113469743050629 0.9928740809755284 259.43954892695797 0.26705326546256813 0.9562959214686928 -0.11908259313653966 -23.94465843295051 -0.9629937054138812 0.26948604415510624 0.004516119891408031 24.176709808650294
0.03613576170071196 0.11461190943525162 0.9927528982289155 261.8300567105352 0.26791325763115953 0.9559265277911235 -0.12011228018261214 -24.226600075468546 -0.9627651287368938 0.2703120117212925 0.003837083191523482 24.182402139446385
0.03674060792483289 0.11453108629401028 0.9927400253851076 264.2230782421955 0.27004856949411027 0.9553135169720077 -0.12020754720381865 -24.518495415658382 -0.9621454660515202 0.2725045220962171 0.0041698433560578745 24.115229148777793
0.03690824039864922 0.11442269816336119 0.9927463059290064 266.6137236176634 0.2722496721715906 0.9546947300435658 -0.12015859698542096 -24.84319660777835 -0.9615185374152365 0.2747096987222326 0.004084560539807626 24.074552951643902
0.03837022308470683 0.11445704495580036 0.9926869148127279 269.01078500426775 0.27495432080083704 0.9538625391882912 -0.12060836540728123 -25.13365631077743 -0.9606913382837273 0.2775713263167719 0.005129459364106818 23.951653521755617
0.039059018208297026 0.11508536746386185 0.9925874023441502 271.4042902564288 0.27900438044769466 0.9525819085161215 -0.12142595792820356 -25.450861824035712 -0.9594951530818697 0.2816790119328946 0.005097592461775596 23.904765853378763
0.0393701071944885 0.11492450955860589 0.9925937496086727 273.8229792165569 0.28137636831677165 0.9518908027997287 -0.1213723152047147 -25.75503765545745 -0.9587895149678878 0.2840708655388689 0.005139001813486526 23.867827879948322
0.03968891697104092 0.11599451160174785 0.9924565799811768 276.2183955147689 0.28471032299747884 0.9507535300604216 -0.12250615109584671 -26.06852123675432 -0.9577916380133707 0.2874247699066996 0.00470954305042384 23.855195098123318
0.040344974375102996 0.11717443734999955 0.9922915067027327 278.6365927320826 0.287349794301921 0.9497863674071331 -0.12383841085142518 -26.379917534955652 -0.9569756416739742 0.2901310178510284 0.004649056184897414 23.818462158862683
0.0435374784622553 0.11579177939362277 0.9923188760645457 281.0668266520773 0.289622158795968 0.9491450902667768 -0.12346093615729342 -26.709897826227234 -0.9561503506789664 0.2927727129486811 0.007787518806237832 23.86384977462376
