1.0 0.0 0.0 0.0 0.0 1.0 0.0 0.0 0.0 0.0 1.0 0.0
0.9999998897667641 -2.9698597782938146e-05 0.0004685983917967739 0.0056342674717462845 3.144427487136544e-05 0.9999930588805298 -0.003725748517911511 -0.020070855176170632 -0.0004684844896926787 0.0037257628419468318 0.99999294958191 0.9617025888983817
0.9999923528103057 -0.00390885235212481 0.00012326474852886215 0.018120450300683287 0.00390941831194003 0.9999799315523307 -0.004985272415659763 -0.00914676116107983 -0.00010377558098877715 0.00498571618580104 0.9999875658550677 1.924881915053427
0.9999880863748866 -0.004846094570898506 0.0005852142363352049 0.01015257441237109 0.004847962124743958 0.999983021918682 -0.0032331312403929245 -0.01069982974299661 -0.0005695362407692284 0.003235929818531994 0.9999946021787717 2.888598443617326
0.9999859914160001 -0.0051036525816691575 -0.001403460752971685 0.048751617414263 0.0051049557930017125 0.9999865403653271 0.0009265605945799932 -0.03176484555239288 0.0013987130195320838 -0.0009337122198792088 0.9999985858906898 3.848465871300689
0.9999668769232731 -0.007879537388627315 -0.0020391044251600607 0.051958735068418575 0.00788213792951254 0.9999681284129994 0.0012704565569264985 -0.053134475487868586 0.0020290288257250443 -0.0012864869778282972 0.9999971139924756 4.8068867018370565
0.9999590037291594 -0.00877224075307812 -0.0022446944462786982 0.05261068761917649 0.008769014114859962 0.9999605098901493 -0.0014432781041673014 -0.04525740147321573 0.002257266586051825 0.0014235351778642594 0.9999964391412386 5.739602788483027
0.9999561631435336 -0.009104824095188908 -0.002184941522869694 0.046485987302400424 0.009096780786129941 0.9999519129764773 -0.003663374675431196 -0.06811121471109542 0.0022181908375498516 0.003643338150537289 0.9999909028168851 6.676844323935226
0.9999670397321702 -0.007969625856444503 -0.0015506492152522393 0.019795260987587337 0.00796330487290965 0.9999601284986072 -0.004040691593063382 -0.07782187489836982 0.0015827901887378807 0.004028210118334243 0.9999906341053704 7.606387127702035
0.9999736323540024 -0.0069682891909502356 -0.0020439037388914052 0.01766046026292486 0.006964517154564574 0.9999740419790811 -0.0018468537632834823 -0.10974330554413309 0.00205672009431132 0.001832570263445429 0.9999962057871434 8.535310635287546
0.9999787385434143 -0.006232946251812334 -0.0019164660560138556 0.0039483947239157425 0.006233252222200841 0.999980561279219 0.00015372193413044216 -0.12279158710479557 0.0019154706618121505 -0.0001656644820806619 0.9999981517620035 9.46561818102144
0.9999784948485345 -0.0060482172950340855 -0.002535529138380913 0.008976986555622655 0.006051850682115851 0.9999806680943181 0.001427774829197131 -0.13929377754342673 0.002526844629355399 -0.0014430887684288313 0.9999957662665504 10.388620472413574
0.9999735032024892 -0.006858897423333881 -0.0024389381044808453 0.0014040933620557711 0.006862910048779854 0.9999751039923577 0.0016406892259302967 -0.14231097332460163 0.002427624065554924 -0.0016573839657457116 0.9999956798505611 11.3393326888038
0.9999753013410413 -0.006471032943957892 -0.002742706789273437 0.0011577827624719575 0.006474263236451991 0.9999783566442823 0.001170537716546498 -0.14382851517461867 0.0027350728397688355 -0.0011882658115688139 0.999995553690576 12.223494363464276
0.9999727676585048 -0.006417427330172374 -0.003644251343141651 0.0201744966511381 0.006418208668323058 0.9999793825327331 0.00020274847389616384 -0.1516327555964904 0.0036428750843113273 -0.00022613251814060202 0.9999933391404184 13.133394811375531
0.9999717582123481 -0.005961418563615047 -0.0045764906221813315 0.027277791598956255 0.005957765044080196 0.9999819230544417 -0.0008115417550224117 -0.17347657444498407 0.0045812458332930555 0.0007842531797790653 0.9999891985084463 14.041685992058193
0.9999639014064884 -0.00644200722358168 -0.005540435618829642 0.036749187979305896 0.0064318697100216385 0.9999776121409772 -0.001845607992621597 -0.1846985017795636 0.0055522010003584855 0.0018099060087317536 0.9999829485067687 14.94597927685528
0.9999679921084331 -0.0048756029824303096 -0.006343757103386299 0.03939108441116278 0.0048595674022362065 0.9999849645173414 -0.0025407368841288435 -0.1984320410456788 0.006356049346266253 0.002509827645270764 0.999976650428348 15.846839431358841
0.999974095472864 -0.002478662835958929 -0.006757559749893051 0.03441342779446283 0.002455640669225633 0.9999911604306727 -0.0034130469408094983 -0.21063463570680419 0.006765959808584737 0.0033963643888957878 0.9999713428377865 16.743818344424074
0.9999731891682055 0.0003110696897990618 -0.007316022171690166 0.031189188510051775 -0.0003380065188458305 0.9999931681659833 -0.003680947290124435 -0.22013248862766524 0.007314827158709329 0.0036833214640517933 0.9999664626609386 17.635709841853007
0.9999706765126202 0.0008315965872028477 -0.007612789371135393 0.01988651143186875 -0.0008583753305818984 0.9999934539334046 -0.0035150081268508207 -0.2256260834841708 0.007609816468546901 0.0035214396851473814 0.9999648444599732 18.527828845912904
0.9999589606663611 0.0022142751828569296 -0.008784871567959839 0.02559851352026582 -0.0022399314271481824 0.9999932522164152 -0.002911739830223382 -0.2356438082452587 0.008778364896302644 0.0029312978442694207 0.999957172984271 19.41539471056386
0.9999512483484497 0.0032971899953936146 -0.009307495071800632 0.020329894779906717 -0.003325486941738836 0.999989890984454 -0.003026394802494035 -0.242315725636785 0.009297422383523334 0.0030571992140705803 0.9999521045880085 20.29624585345853
0.9999450203583375 0.003241039354665042 -0.009972558571686737 0.01603064996114963 -0.0032732660791716236 0.9999894685312483 -0.0032169171215785993 -0.25678151931018134 0.009962027391006004 0.003249383094323096 0.9999450982527825 21.170442859019172
0.9999334962377013 0.004091077776731427 -0.010782679837220933 0.014611162372709076 -0.004128078265246295 0.9999856603716265 -0.003411454375857597 -0.27263814052065005 0.010768568692415756 0.003455739247583709 0.9999360458522182 22.039519144325755
0.9999247380413193 0.004793933767416735 -0.011293203798427518 0.009280024206312826 -0.004830125052775608 0.9999832798654261 -0.0031796039941733166 -0.2872225132078617 0.011277772163585534 0.003233912277541674 0.9999311744647266 22.902595809576226
0.9999130104938964 0.00546916134750115 -0.012002488041578519 0.007745949765905608 -0.0054954215060884675 0.9999825758431912 -0.002156003823540848 -0.2976346308181691 0.011990487375567996 0.002221775004743249 0.9999256431996955 23.75962509598612
0.999908317529949 0.005088898533202205 -0.012548292558974427 0.004559897870716029 -0.005096946687935855 0.9999868247490442 -0.0006094774688237788 -0.3086918230010232 0.012545025663073752 0.0006733795686216157 0.9999210813314565 24.617454655915616
0.999899288767168 0.005540976861747903 -0.013065599807482725 -0.0012637535569398808 -0.005534857617608347 0.9999845553157687 0.000504461175366704 -0.32487260971630066 0.013068193221119738 -0.00043209413583684486 0.9999145141563819 25.44422081622434
0.9998891155028848 0.006439230752169014 -0.013427323120390414 -0.014217296272133997 -0.0064388716747166615 0.9999792678027611 6.997292680773149e-05 -0.343416286161214 0.013427495314301159 1.6491642612145234e-05 0.9999098469850219 26.268196844027965
0.9998657954510696 0.008794271611162287 -0.013822151562959514 -0.028301214547752175 -0.008814511050828073 0.9999601657448225 -0.001404036510327615 -0.3643983840983601 0.013809253489423214 0.0015256835899389112 0.9999034837461304 27.08227386607315
0.9998552021503919 0.009969401798341588 -0.013790785350457328 -0.04795077410311651 -0.01000494817315908 0.9999467966351868 -0.0025109581998047506 -0.37657165452064834 0.01376501888308054 0.0026485707111553692 0.9999017498376209 27.87885768117704
0.9998366943386463 0.012243655990521896 -0.013292010455697712 -0.0805105585417911 -0.012289216607324757 0.9999188682891871 -0.0033514167825045575 -0.375950834833513 0.013249898457983423 0.0035142178728072354 0.9999060408176337 28.67114027982808
0.999811423991457 0.014422085938024536 -0.013004610465967462 -0.10623275766109665 -0.014482189493048789 0.9998848232023457 -0.004539440174933844 -0.37018245088778806 0.012937644440265808 0.004726919378475983 0.9999051322948225 29.45618925700326
0.9997603220029259 0.017653857929794032 -0.012947580808818106 -0.1325268605708743 -0.017731318339870853 0.9998254246538719 -0.005892415942159533 -0.36756991357097724 0.012841296606510759 0.006120581336760869 0.9998988146735466 30.228029579752224
0.9997567042533549 0.01714889005451803 -0.013872558176776345 -0.14713297751854576 -0.01720838535618096 0.9998431840768491 -0.004180756929259351 -0.4202024372634221 0.013798687397834866 0.004418464095862633 0.9998950311913397 30.993129676805225
0.9997456637180177 0.017347562821123347 -0.014410757828356513 -0.17385275284603782 -0.017377371634822426 0.9998471085914203 -0.0019458665016830988 -0.45709183843369805 0.014374798505913977 0.0021957926915545274 0.999894266241371 31.752287529844157
0.9997577874449899 0.016469316903732534 -0.014598905569357293 -0.2031311359170138 -0.016449927357613317 0.9998636433862164 0.0014472471699653246 -0.5019062560325684 0.014620750084309094 -0.001206745692414048 0.9998923829251853 32.49500834772537
0.9997503086604088 0.01675580874306435 -0.014783883345842633 -0.23485841716385322 -0.016685574126246334 0.9998489678555953 0.0048613880917760515 -0.558003738079522 0.014863106993329886 -0.004613496663830381 0.9998788945162495 33.23035947203576
0.9997197316382368 0.018263165427864634 -0.01506369681474675 -0.2588002891993643 -0.018169706574404934 0.9998149554871851 0.006317954349210503 -0.5916720234892315 0.015176295205753768 -0.0060424806754456875 0.9998665753444878 33.957566186210244
0.9996521649097668 0.02164433615787593 -0.015068905185896583 -0.2846691504543199 -0.021549379824890386 0.9997470716328926 0.006435603360925052 -0.6128814065140978 0.015204388194836405 -0.006108639270853232 0.9998657465409437 34.69917789808977
0.9995871670940002 0.02441386765598242 -0.015147885894340381 -0.3065721366981507 -0.02431968923836218 0.9996839337729114 0.006370657082838883 -0.6263939328632712 0.015298630538099432 -0.005999635188393795 0.99986496902395 35.389413585807084
0.9995871670940002 0.02441386765598242 -0.015147885894340381 -0.3065721366981507 -0.02431968923836218 0.9996839337729114 0.006370657082838883 -0.6263939328632712 0.015298630538099432 -0.005999635188393795 0.99986496902395 35.389413585807084
0.9995531255966443 0.025696479208659435 -0.01527219912974021 -0.3273325533065094 -0.025562705906092435 0.9996336829072446 0.008890897820649063 -0.6519435482512032 0.015495069433149655 -0.008496525971097405 0.9998438437424535 36.077248647022394
0.9994696425435288 0.028770476357907675 -0.015254288710081252 -0.33961183744313356 -0.028629090328091494 0.9995458349103011 0.009407396050726321 -0.6574905795362517 0.015518016010347866 -0.008965690358713209 0.9998393908901038 36.75412985624055
0.999382000288098 0.031995772826881194 -0.014556373908746754 -0.35522771342153564 -0.03188662728662628 0.9994620663285804 0.007669483065269218 -0.6620247626493608 0.014793934582943478 -0.007200589657471527 0.99986463634241 37.41707687032929
0.9993468256707821 0.03340355763090675 -0.013788559001243835 -0.36674676366766934 -0.03333573112501698 0.9994310956016713 0.005119978008136741 -0.6715446459153978 0.013951740109845248 -0.004656982074468826 0.9998918248820043 38.070022773005945
0.9993588486162622 0.03328674421957039 -0.013186521589868222 -0.375983510546089 -0.03324079518882709 0.9994405654399728 0.003688588922896839 -0.6816144357539511 0.013301925709971974 -0.003247893515583086 0.9999062505855824 38.70758625437703
0.9993624203204264 0.03345561608845999 -0.012468945562535352 -0.3819648828180624 -0.03340261457743449 0.9994321366986426 0.004435028001877764 -0.6960615834493441 0.012610241500116219 -0.004015704935333104 0.9999124241268235 39.34491464023421
0.9992467423220134 0.03695130864693483 -0.011855325728271734 -0.39180822574539503 -0.036869278541023516 0.999295123688001 0.00706484771580972 -0.7182711290170533 0.012108024558485402 -0.006622428758553825 0.9999047650544668 39.994580856208614
0.9991431676456329 0.03996044238491801 -0.010774673612358551 -0.404056570569383 -0.039849376634669274 0.9991522692196956 0.010332961577479972 -0.7398384832411168 0.01117844930567216 -0.009894743934789502 0.9998885619475727 40.60001002102517
0.9990029890299231 0.04363078527953163 -0.00945423107244849 -0.4122991113568912 -0.043525826960818574 0.9989913360930822 0.011036883542731793 -0.7509681283966279 0.00992624282680624 -0.010614376423057266 0.9998943967822265 41.19913638245462
0.9989354802583732 0.04557171334750969 -0.007150190455241911 -0.4240638796135417 -0.0454902328162638 0.9989023097476588 0.011172032004737336 -0.7680745916060887 0.0076514704009059695 -0.010834875327624671 0.9999120263689893 41.7839258818876
0.9988647357610939 0.047427731749670535 -0.004455324230841602 -0.43721150627647265 -0.0473702510674504 0.9988025837172505 0.012225304640456578 -0.775329324229146 0.0050298078221083006 -0.012000375861886698 0.9999153424227702 42.35251518191583
0.9987456580792518 0.05006648916338921 -0.0006761144096916008 -0.4534588749933576 -0.05005439323347753 0.9986706152210217 0.01231097120843138 -0.782923004201884 0.0012915827000842981 -0.012261686544626045 0.9999239885397339 42.900524321352044
0.9986954113985751 0.05093587226555474 0.003607238275794792 -0.4663367591875221 -0.05097120568772198 0.9986449835147185 0.010494431458058562 -0.7830942272542404 -0.0030678073882173954 -0.010664605826520155 0.9999384254744855 43.427495821258766
0.998618575706427 0.0518627170783521 0.008437939992587134 -0.4789483708652053 -0.05194012406702658 0.99860755755974 0.00922873211620882 -0.7887472379948435 -0.007947563524098183 -0.00965425097154978 0.9999218127794833 43.934890320887604
0.9984995053791316 0.053106355479280186 0.013358621386148217 -0.4815101774117067 -0.053200798668967667 0.9985605694255568 0.006816466055949906 -0.7850545817568645 -0.012977394908612798 -0.007516927312159137 0.9998875351884174 44.41832516849044
0.9982944539834558 0.05518137088632766 0.019057792447703437 -0.47918911505417316 -0.05524294295159064 0.9984692399650239 0.002719209023812313 -0.7868567377332472 -0.01887856985900911 -0.0037673798286654045 0.9998146860540228 44.88235698974881
0.9981656294388549 0.05512554140999326 0.025030998605535475 -0.4635865122458144 -0.05510197794861198 0.9984794003766296 -0.0016306592768501032 -0.7879379975492883 -0.02508282745397482 0.00024841051028336517 0.9996853455258468 45.32163995185635
0.9980519658953871 0.0538870237008754 0.03143981630058852 -0.4477698770656584 -0.05382853641751101 0.9985465313159156 -0.0027043417132732806 -0.7899717260289916 -0.031539848438160586 0.0010067142666891537 0.9995019882355823 45.74324937796559
0.9979127148862819 0.05181120649852697 0.03854623651483797 -0.4314890546365603 -0.051762827739527006 0.9986568654976694 -0.0022527003303069145 -0.792206640667906 -0.038611178856632636 0.0002527361017171377 0.9992542784455631 46.140496177636244
0.9975852252408246 0.052181103457672434 0.0458350392511389 -0.41467818953688135 -0.05212834539821454 0.998637637024265 -0.002346385440842583 -0.7932196395643981 -0.045895032272111884 -4.858530891938109e-05 0.9989462666491169 46.51259517998726
0.9970700540065978 0.0542052280242498 0.05397314756543088 -0.39827509390785604 -0.054129200884221795 0.9985298141392037 -0.0028705202948270682 -0.7968687934864447 -0.054049394214146756 -5.941352153273271e-05 0.9985382613876727 46.87554068872043
0.9963607912792751 0.05820453556966947 0.06226881756108949 -0.3830431081316755 -0.05806944382791562 0.9983046182534409 -0.003978550913146728 -0.8053563672770874 -0.06239481785255648 0.00034815653237332047 0.998051484389545 47.1866720775461
0.9955181900496833 0.06196008104538485 0.07144565513068114 -0.366988781751226 -0.06186656755019981 0.9980782109936014 -0.003523146231557873 -0.823267458548993 -0.071526646082138 -0.0009127412895897666 0.9974382716757854 47.484883119050394
0.9948851421960682 0.06237442125285178 0.07945429762373683 -0.2990704461102811 -0.06247692857689042 0.9980456899131589 -0.0011975981650959272 -0.8733541977148364 -0.07937371878088909 -0.0037725878569900397 0.9968377903890646 47.74766997438604
0.9939898363064346 0.06130041129358075 0.09069986160268222 -0.28110261752051574 -0.06129409440706134 0.9981156583828192 -0.0028577056968318677 -0.8915164945861117 -0.09070413061336341 -0.0027188354619763783 0.9958741730878473 48.01429618480619
0.9927159009713502 0.06051503148224113 0.10417807314086865 -0.274973142926772 -0.06024482793980196 0.9981671194508442 -0.005741285022352821 -0.9366969653506005 -0.10433456122083627 -0.0005767251577734871 0.9945420889650407 48.271920412766
0.9910177455732275 0.06186224378456986 0.11856175923499337 -0.2522528987611219 -0.0611626059924934 0.9980822793190848 -0.009534114401857502 -0.9576869343158502 -0.11892419260674025 0.0021969303946992457 0.9929009063897942 48.529914799171216
0.9887257039884924 0.06477605336797353 0.13500201917945495 -0.21851204835431554 -0.06386339367408128 0.9978970871299299 -0.01108469422360376 -0.9822307941454325 -0.13543614444043262 0.00233803500207635 0.9907833185774972 48.78458775309751
0.9862165990228497 0.06661671484956468 0.15145637363431036 -0.17280292318833562 -0.06539172374217324 0.9977742009801143 -0.013060104307478983 -0.9913590664990416 -0.1519892834308763 0.0029760983093193565 0.9883776608974026 49.047572645269554
0.983310036148646 0.06747533306951435 0.16896287236108143 -0.1271407065380977 -0.06600679251510252 0.9977167036500754 -0.014299741238783421 -1.0031026776539493 -0.16954195985424111 0.002908381815730713 0.9855186782420695 49.28482380337078
0.9798813966118269 0.06712021255588485 0.18795564806759302 -0.0793617064836688 -0.06524790039126752 0.9977385817622664 -0.016137966338819094 -1.009252352137816 -0.1886137854680489 0.0035495815914662193 0.982044927893799 49.53204652783008
0.975772220202798 0.06649713742105912 0.20843873199409899 -0.02717178943651967 -0.06435153128892697 0.9977813587639551 -0.017065770534203578 -1.0146601652942755 -0.20911110611651687 0.003238953219888746 0.9778865243374432 49.78248560818367
0.9709170702115332 0.06721766164024585 0.22978648510186736 0.02692154637550186 -0.06455757333247758 0.9977314970042904 -0.019083490535011086 -1.0187547298600816 -0.23054796138173705 0.0036940288568863707 0.9730539510497495 50.01581527260081
0.965263310912115 0.06958767470940602 0.2518418077593947 0.0883623396779974 -0.06622137827184685 0.9975661684848132 -0.021828159663764425 -1.0266989888267952 -0.2527478381050149 0.004392610051862873 0.9675222143755523 50.257221016715825
0.9587236509439949 0.07152468219911101 0.2751966223574218 0.15746944001441815 -0.06720801264081348 0.9974233045375266 -0.02509650577895795 -1.033655608531394 -0.2762825440694531 0.005565195572232805 0.9610603438082086 50.49728438197557
0.9509562944075952 0.0732843149258962 0.30051877697145263 0.23385775620530896 -0.06821959701760759 0.9972960029761797 -0.027327075044566537 -1.040567189003643 -0.30170882106648883 0.005485584160162432 0.953384337849689 50.74081403284611
0.9418782273724108 0.07650731225441446 0.3271269416807662 0.31628313988713336 -0.07087942247869912 0.9970600418908163 -0.02910979789984908 -1.0504819796038156 -0.32839231457342555 0.004231316141523148 0.9445319389479732 50.984865603341134
0.9314194602626639 0.07911995153895646 0.35524332831522903 0.41024415610773585 -0.07273397857592201 0.9968595333904257 -0.03131835003860572 -1.0577673168486807 -0.35660560484171505 0.00333226005835618 0.9342490774083627 51.23156923934314
0.9199089235598111 0.07953733113624012 0.38398096998517267 0.5090019886804287 -0.07222729169076501 0.996827274004983 -0.03344553983436619 -1.066313578314519 -0.38542287255694463 0.0030329450240866025 0.9227350706212661 51.46817058689644
0.9065396847058481 0.07819676777312086 0.4148144953629976 0.6170967735060598 -0.06922080987843014 0.9969277179259369 -0.03665521396416112 -1.0766576727957742 -0.4164063874788613 0.004515610791556987 0.9091673826782296 51.70590127585888
0.8910563570949599 0.07545447256432977 0.4475770224784758 0.7364182675365845 -0.06421710662204219 0.9971237869672649 -0.04025315740602579 -1.0888990775687808 -0.44932697637439045 0.0071257304257068485 0.8933389570975547 51.94494916894631
0.873122227410401 0.07446435518705566 0.4817806926480926 0.8633061036643707 -0.06023880049808862 0.9971712200799534 -0.044953806944565175 -1.105396354405452 -0.4837652973461932 0.010228277021756462 0.8751380002220872 52.17975785574528
0.8529465649958778 0.07573934951499438 0.516474305456504 1.0019741646380935 -0.0581794526306046 0.9970466242976581 -0.050131629419445364 -1.126000903423613 -0.5187458997942397 0.012711408721731095 0.8548339672328027 52.413796745652704
0.8305966512594137 0.07692009440781947 0.5515364919866497 1.15828185383747 -0.05605324504254474 0.9969324833633558 -0.054622864582275575 -1.1503300209211504 -0.5540462405222576 0.01445415826900131 0.832360403113871 52.65445168895406
0.8056996608202469 0.07898493094737093 0.5870344429736453 1.3351079861734516 -0.05526158447590607 0.9967702565958183 -0.05826845499169882 -1.173946133596847 -0.589740802247352 0.014506420962676974 0.8074622900888325 52.8967267562844
0.7780093917826113 0.08212249484189682 0.622862169455646 1.5238766909286505 -0.05606690209729506 0.9965398446148167 -0.06135829678446149 -1.1924182016106222 -0.6257458659769656 0.012815378887117307 0.7799217122741972 53.13423058705286
0.7476666458246412 0.08535779461138127 0.6585655879412556 1.7326651530052475 -0.05761822623631513 0.9963031932624579 -0.06371881276680387 -1.2224874453096444 -0.66156989557167 0.009695049979833403 0.7498208314518721 53.38372211690348
0.714134586878547 0.08588703680126429 0.6947195180310577 1.9704335312681855 -0.0555262845614614 0.9962675808088519 -0.06608887313366636 -1.2474353916088914 -0.6978027110484778 0.0086211564639857 0.7162381252869863 53.629376084533064
0.6771611127870106 0.08278320194686895 0.731163298316102 2.2331025702885023 -0.049880046872490105 0.9965300359813604 -0.06663233682670319 -1.2738397071691894 -0.7341422261749112 0.008650367761717589 0.6789406180841819 53.873840718018435
0.6371813879185292 0.08118763152719417 0.7664257611649163 2.532189668059637 -0.04536275256709322 0.9966628095868825 -0.0678635739253299 -1.3009289250758103 -0.7693777352963578 0.008474224058083216 0.6387378867398266 54.121472529082496
0.5936959748319186 0.08064825188800409 0.800637838810899 2.853834252602971 -0.0419097605953364 0.9967136385544214 -0.06932167544461285 -1.3294344623898542 -0.8035973254281141 0.007601459531938961 0.5951248241988941 54.35658090557177
0.5463015019783957 0.08036685008205763 0.8337240780642221 3.195893917902887 -0.03691814555243322 0.9967291658208502 -0.07188894581951895 -1.35963378859141 -0.8367745929849432 0.008493492212303536 0.5474816354225236 54.58040121612473
0.49608382216673397 0.07930215142005678 0.8646455980137727 3.5653591791861476 -0.032566168774773946 0.9968191070051875 -0.07274003409893315 -1.3906215941918176 -0.8676636940864682 0.007926959665055426 0.497088399859312 54.79415615029603
0.44512471468040393 0.07772584429580566 0.8920889426000039 3.9578189655023395 -0.029872869433982884 0.9969602501682777 -0.07195742669235508 -1.4198459054047208 -0.8949701671298704 0.005380772519780845 0.44609354090215325 54.989617724968944
0.3918436392508592 0.0764885557052665 0.9168468046651878 4.371150701286151 -0.029395883825223828 0.9970701995851787 -0.07061798009930857 -1.445897480874479 -0.9195620938211707 0.0007196841631922583 0.39294406429150797 55.184534049961115
0.3386369224473356 0.07626777997441612 0.9378210173019004 4.804823650145996 -0.03195545036394699 0.9970667201687516 -0.06954714030041952 -1.477620749148998 -0.9403743318208093 -0.006417263412310026 0.34008077684994564 55.34526858591184
0.2841088733621636 0.07667277605945556 0.9557214204401923 5.248549156447918 -0.03165674873682655 0.9970040908361201 -0.07057402578467253 -1.5163903667649727 -0.9582692723531807 -0.010204325914962542 0.28568491979158744 55.50823247366533
0.23262842252654198 0.07434525257142163 0.9697199598094826 5.722898464354605 -0.020836616319253334 0.9972261252200157 -0.07145551482592664 -1.5501279423231933 -0.9723424563666733 -0.0035830990448947175 0.2335322439151768 55.62446275858467
0.18368280828638342 0.07045975550405337 0.9804570611680744 6.2181450192336625 -0.008347693630010892 0.9975035717323938 -0.07012089839824626 -1.5884797195520421 -0.9829501218022643 0.004695448373342081 0.18381243378369735 55.7250226337077
0.13585917322514512 0.0706216554935582 0.9882079066805374 6.7384827204323905 -0.0006266454301501788 0.9974620875566009 -0.07119684826404334 -1.6240045555835023 -0.9907279608278369 0.009053488972629377 0.13555862927655188 55.79774474411052
0.09319827353872556 0.07367605171274831 0.9929178824119453 7.249645436188788 0.0010644610919482858 0.9972504375455171 -0.07409744757991882 -1.6655997122128372 -0.9956470000617607 0.007962676641401824 0.09286359377452438 55.854756091835846
0.054905748956652706 0.07676076720622414 0.9955366107529252 7.779472747985573 0.008721484339484022 0.9969657012301322 -0.07735196365721701 -1.707275544673544 -0.9984534513147941 0.012929624457931891 0.05406968068105915 55.90843319938508
0.022694193591640096 0.07775421914816895 0.9967142293465485 8.331291642529827 0.015372391257674574 0.9968259910055419 -0.07811295182516528 -1.7457239000963445 -0.9996242609922213 0.01709459155634145 0.021426893738377816 55.926007667617036
-0.0067672960889555355 0.0777386744865934 0.996950802293028 8.89645340198166 0.02091821140632561 0.9967664790580373 -0.07758230892287181 -1.7886067120694844 -0.9997582868549794 0.02032940518832555 -0.00837156792268931 55.921014752523845
-0.03371554126394754 0.07689487957165829 0.9964689858560273 9.472882971754977 0.02396365587777881 0.996811384547001 -0.07611049096190851 -1.8334407682376588 -0.999144136485947 0.0213129334712875 -0.03545071780088531 55.9049687985643
-0.04943038548797901 0.08057110896323309 0.9955224424345968 10.053239328381016 0.02524060703243601 0.9965233236059773 -0.07939884927334467 -1.884638254556824 -0.9984585863956211 0.02120287503457915 -0.051292195733113805 55.87659642033282
-0.061900031231826476 0.08161002074537425 0.9947402629065734 10.655056716002402 0.024352412639530883 0.9964782726515733 -0.08023722410434755 -1.9453743275279656 -0.9977852204418197 0.0192576386734421 -0.06366943709968063 55.83770542900191
-0.07110717322930903 0.08393387406354166 0.9939310210975523 11.251890314069328 0.024493392753494908 0.9962998255136963 -0.08238162047933743 -2.00251804603162 -0.9971679114506031 0.018486818711289123 -0.07289988962389318 55.784921367142395
-0.07586187265294249 0.08854219239015727 0.9931793677097472 11.867271500156214 0.02996113904820661 0.9958023099838068 -0.08648751110911154 -2.0509821158228707 -0.9966681024415903 0.023195680581932297 -0.07819625296533175 55.72224227849749
-0.07764686424737686 0.09473616329318137 0.9924696588999772 12.494624790861408 0.03797478701591536 0.9950337131504492 -0.09200991927572552 -2.0618465076674735 -0.9962574366215003 0.03054454220507043 -0.08085883327031951 55.64917581968776
-0.07948652069978891 0.0951230595641462 0.9922870031226843 13.13009286750021 0.03987557412116759 0.9949432862213411 -0.09218348979934429 -2.11812083313804 -0.9960380673526222 0.032240669072375466 -0.0828776667276307 55.597082097497506
-0.08085758611665445 0.0935449566776038 0.9923262527251676 13.781086193576833 0.038726547639964144 0.9951292239746704 -0.09065363809279721 -2.171695068839962 -0.9959730444521453 0.031099335551671894 -0.08408642014598473 55.54867722314551
-0.082368715016988 0.09086692953445465 0.9924508027622482 14.442176528333075 0.03875422750782881 0.9953735555468346 -0.0879181139943525 -2.1903597194557287 -0.995848133319895 0.031219962124143626 -0.08550911839239912 55.50201046892657
-0.08336768511804823 0.08832246582270226 0.9925970839716666 15.121658280087297 0.04063310113907328 0.9955374388732022 -0.0851713501924615 -2.2249699337855264 -0.9956901024766077 0.03323175939944578 -0.08658446741383524 55.450221900022086
-0.08362597941015 0.08790332244356329 0.992612563627459 15.806209656569713 0.043777424377962115 0.9954640876501725 -0.08446767022738141 -2.2640921179599176 -0.9955351488935599 0.03639032978955785 -0.08709484034822149 55.39596379000816
-0.08285298709814033 0.09033196128050158 0.9924593287889099 16.492228106332615 0.04736825456059716 0.9951147456604448 -0.08661923244309531 -2.3292734742349137 -0.9954353976973067 0.03983440397905387 -0.08672709652026654 55.33125936839144
-0.08326489247791945 0.09840831341773328 0.9916565743900042 17.18567737650405 0.0477654514177044 0.9943624962108015 -0.09466619132661301 -2.3904695399552036 -0.9953820469204278 0.03948455368496833 -0.08749600384472064 55.28285326498756
-0.08399935748733052 0.10601469055500959 0.990810271105544 17.884244512217965 0.04767518220561691 0.993613282745488 -0.10227277914184311 -2.4736084318886578 -0.9953246630840482 0.03864621246979501 -0.08851714703018015 55.255477932384245
-0.08368252307082302 0.10737817901912868 0.9906902452346229 18.600731932875348 0.04734892551405337 0.993482891668979 -0.10368135422393185 -2.5313139970368264 -0.9953669245987447 0.038231801312255086 -0.0882213964027684 55.18929049245111
-0.08516489528533576 0.10439950988085929 0.9908822750194265 19.336401226324156 0.0460190232248591 0.9938462516178107 -0.10075652657102255 -2.598871675940038 -0.9953035668138968 0.037018515392484956 -0.08944517541862518 55.171796010113
-0.08610199316980116 0.09974046518191122 0.9912811338754933 20.071195279236072 0.044502361166420805 0.9943680737082821 -0.09618562179605619 -2.6714379881130674 -0.9952919102568845 0.03583257728626926 -0.09005575929513078 55.139651114371915
-0.0865862018965611 0.09958632752158429 0.9912544542204548 20.803708228411914 0.04153874247542106 0.9944868939587487 -0.09628266000605236 -2.7299477453847194 -0.9953779998144855 0.032838713663055574 -0.09024553379678792 55.090190716339336
-0.0843589897281747 0.10589238296560932 0.9907927957357715 21.525151050122094 0.04878534791923908 0.993583642368503 -0.10203693177539735 -2.8031513201067075 -0.9952404486758151 0.039728438776310035 -0.08898370902562128 55.028196716383825
-0.08415675604446199 0.11195918616391215 0.9901428084097703 22.25029458281464 0.04942083436868498 0.9929139032052773 -0.10807202205919826 -2.878003147369283 -0.9952262162656151 0.03983869294009623 -0.0890935295206603 54.97986777356681
-0.08518442764211334 0.11334199477910707 0.9898975732401701 22.983641132307195 0.042285498079566046 0.9930249037202158 -0.11006124314952448 -2.9438343331826493 -0.9954675032061296 0.03248280792894265 -0.08938298076033718 54.930185126147
-0.08595276079655072 0.11122805294460411 0.9900709283428146 23.70941285634458 0.035691023400018174 0.9934544797293066 -0.10850966571892007 -3.0218225849371647 -0.9956597178555068 0.02600993932950916 -0.08935999829881894 54.890062911948604
-0.08619019916067752 0.10947597953627916 0.9902455551393374 24.446794684591136 0.03737225661444651 0.9936000391378261 -0.10659398041565894 -3.1105833475694387 -0.9955775027611783 0.027820354596627395 -0.08972994965969378 54.85020699101905
-0.08423568661680673 0.11231122895303298 0.9900962261069649 25.1804412048496 0.041864130616113056 0.993149281821386 -0.10909582295130242 -3.1734923885616517 -0.995566041841499 0.03225975617893408 -0.08836042362575874 54.771795716509175
-0.0837206755798613 0.11776241759101104 0.989506372634139 25.898905451656336 0.04054168006720316 0.9925728817787755 -0.11469719497313424 -3.253270599149647 -0.9956642107948729 0.030513724133526165 -0.08787315848268387 54.7138063277338
-0.08407226789805335 0.11948963714435844 0.989269468034664 26.62825992411246 0.03493820938610382 0.9925273052792654 -0.11691394185456444 -3.331059199172496 -0.9958469637928148 0.02473408357286032 -0.0876187754675904 54.66521920199184
-0.08338713723171856 0.12079361258979143 0.9891690899445885 27.361231642796408 0.03287459840719607 0.9924193453214147 -0.11841918683802868 -3.3995962417470653 -0.995974822033098 0.022643899605008806 -0.08672604964377277 54.60030178195284
-0.08250369604993227 0.12025605632703162 0.9893086581319148 28.09641619712118 0.03515742882322413 0.9924262921545994 -0.1177030578991613 -3.4747872899021823 -0.9959704289468826 0.02507061141941225 -0.08610673090076348 54.53850142242214
-0.0807229217149759 0.1228459368082419 0.9891373442143933 28.826201179188406 0.03945498160778344 0.9919919198070419 -0.11998056285860806 -3.5405908809778985 -0.9959553776832195 0.029341214140596532 -0.08492337026183246 54.46671177577186
-0.07966723105458778 0.12490134998427982 0.9889655125777638 29.55639450039966 0.04146916702131683 0.99167533441731 -0.12190299132865473 -3.620848972510398 -0.9959585535968101 0.031299902242984186 -0.08418358294184532 54.40917150357145
-0.07904733049895016 0.12558555219111134 0.9889286064331657 30.284770872977038 0.0412856142144558 0.9915940975785872 -0.12262399319155197 -3.7022184938378953 -0.9960155709625838 0.031135425613925512 -0.08356774301077427 54.34269375769001
-0.07871230095579795 0.12484298891314541 0.9890493424483311 31.018063931800597 0.04124378749676677 0.9916859060220186 -0.1218934526141957 -3.7980851840600174 -0.9960438362196526 0.031197626777046097 -0.0832068771936231 54.29498321891406
-0.07820767951374112 0.12431750610476806 0.9891555573017659 31.751586147610396 0.04184048495712693 0.9917296515784207 -0.12133289742974096 -3.900430928833546 -0.9960586994166686 0.03189758385888435 -0.08276237949900324 54.24124065736804
-0.0778587626156548 0.12458656116537814 0.9891492313402184 32.48219632612214 0.03878632295042213 0.9917884352895924 -0.12186599516603121 -4.0000877092877 -0.9962096336795493 0.02887712594437107 -0.08205167494480685 54.17714437897993
-0.07804215272012448 0.12515223440867362 0.9890633653216185 33.215828271300474 0.03568676942441655 0.9918040612975179 -0.12268316299230858 -4.11105696073778 -0.9963111345793816 0.025722018121936512 -0.08186880295251332 54.12061022504801
-0.07678217590675887 0.12521440177852172 0.9891541088476915 33.950630412457116 0.03658771072463548 0.991768500092054 -0.1227052633308253 -4.212594999984833 -0.9963763530348115 0.02676930728285144 -0.0807314517436812 54.04851735064836
-0.07689753268570837 0.1258288997492108 0.9890671652899785 34.69323786859907 0.03241717743101881 0.9917955471054088 -0.12365564827086598 -4.29793752840056 -0.9965118644924674 0.022553951533718777 -0.08034564827019812 53.99200427423494
-0.0769800249726208 0.1264951310423417 0.9889757618757882 35.431696443969805 0.029862316566766082 0.9917666562537805 -0.12452767400245439 -4.390713606451816 -0.9965853289129227 0.019946963823502254 -0.0801236596127695 53.93696830506307
-0.07730240989406556 0.12689471635601238 0.988899422785501 36.181944753132335 0.025727231773095306 0.9917909960829058 -0.12525465913158987 -4.485143061728029 -0.9966756979930135 0.01575915764895125 -0.07993248388691657 53.8847770281678
-0.07750070159727838 0.12916892772111793 0.9885894139445891 36.929721469460034 0.023373537069269545 0.9915346327765189 -0.12772137553912158 -4.581404734946659 -0.9967182746477554 0.013208335099870041 -0.07986376441846722 53.83208341952032
-0.07853157310628767 0.13302280637050637 0.9879968243930577 37.678251229047774 0.02147260224051625 0.9910533659406107 -0.13172757194606788 -4.677758004343027 -0.9966803496500117 0.010870089378689033 -0.0806853256697085 53.775016920888014
-0.07811486247166247 0.13527131455980612 0.9877245262310212 38.432824851295116 0.02134891074643189 0.9907516815845859 -0.13399749791416218 -4.78283692154785 -0.9967157529962951 0.010619646631456248 -0.08028032657163794 53.71546405676748
-0.07853128406675382 0.13693099367943923 0.9874627792442551 39.190728850125986 0.014630675841271853 0.9905734854665934 -0.13619880034344004 -4.889115406833838 -0.9968042840734844 0.003751381149122421 -0.07979440075731851 53.654045663822686
-0.07904500557181862 0.1379868781269844 0.9872747887791525 39.960036348634546 0.009934449156382766 0.9904334778598946 -0.13763296354548687 -4.975969772300696 -0.9968215456209341 -0.0010711671778137716 -0.0796596434009515 53.604552504771085
-0.07719878191404408 0.13974517980344364 0.9871735575838179 40.73031237628006 0.011973036365498532 0.9901869209458088 -0.13923544084768577 -5.079583943976792 -0.9969438271393107 0.0010706584713034491 -0.078114398283924 53.54257963085453
-0.07679760228680756 0.14110466327912297 0.9870114499254217 41.50118494454597 0.011180933329743035 0.9899946563426184 -0.1406611785210734 -5.191659921533466 -0.9969840094068062 0.00023326797205420904 -0.0776068977165048 53.48725732179773
-0.0765956704489148 0.14237456084151884 0.9868447637261224 42.27913188503043 0.005460885469150964 0.9897974812241757 -0.14237670066471858 -5.304330382943451 -0.9970472817265846 -0.0055163926131787675 -0.07659169285348905 53.42732911674443
-0.07560787178598911 0.14197716194574922 0.9869781837557629 43.063982090050594 0.002074532985770695 0.989831647027109 -0.14222871319284303 -5.417418385508478 -0.9971354702531054 -0.0087060915129332 -0.07513360056382261 53.36800205810282
-0.07369414628083396 0.14370675804730837 0.9868726060112681 43.86595455678323 0.0012286661608514836 0.9895756699949744 -0.14400862381629423 -5.528208003422017 -0.9972801327527795 -0.009400055613142068 -0.07310250181126228 53.30436597251112
-0.07312346728874689 0.1475137659645954 0.9863532062008084 44.636578820715506 -0.0036895112623934966 0.9889540852916999 -0.14817626224028546 -5.644704505964368 -0.9973160712824763 -0.014474323327871954 -0.07177149800501571 53.25000873952842
-0.07172261745627923 0.15719332183476975 0.9849599614785217 45.42111749317515 -0.008888708895533478 0.9873632148728365 -0.15822412196042507 -5.768748890130985 -0.9973850094118057 -0.020103270543061512 -0.06941902847261525 53.19485800129729
-0.06968833370640733 0.1628686804719118 0.9841835850422233 46.218457067840816 -0.014144969001957093 0.9863216370499587 -0.1642240790475729 -5.8989922124885315 -0.9974685238127342 -0.025365748725951758 -0.0664313389479226 53.13971675476923
-0.06855702089456997 0.1667572600365056 0.983611687156664 47.029219484861414 -0.02297471445861418 0.9854060216818457 -0.16866278465833287 -6.0323974540282075 -0.9973826233605655 -0.03416121570253759 -0.06372530078483771 53.093616467578585
-0.06703015801452525 0.16732920518907418 0.983619791894887 47.81878269557804 -0.032378815773369166 0.9849529467358332 -0.16976249587442196 -6.159571383362612 -0.9972254360001348 -0.04322765095620676 -0.06060363014825379 53.04616883660442
-0.06516843568857854 0.16819359500717446 0.9835974733540478 48.62798319912748 -0.03841700698198827 0.9845391520068039 -0.1708999465777256 -6.301281895210568 -0.9971344987334688 -0.04892415317904028 -0.057699381896726666 53.0055944332992
-0.0629451262709386 0.16695576171143292 0.9839530907061024 49.43443304521941 -0.04650051999272481 0.9843468015470213 -0.1699972821093193 -6.464195921098932 -0.9969331034322908 -0.056454830754369724 -0.05419630398240865 52.964418284982536
-0.060370878511791876 0.16510862554658534 0.9844259742600417 50.246635185195984 -0.0576138157050437 0.9840042810153901 -0.16857112203248437 -6.614233835755734 -0.9965119192802545 -0.06689332338509546 -0.049892664980709156 52.91539602248196
-0.05700426873278728 0.16128732604110851 0.9852598194409177 51.05244706036821 -0.07054663251234633 0.9837469846075261 -0.16512129758685856 -6.773028075947928 -0.9958783489901791 -0.07891938123242666 -0.044699499756515465 52.86392848266342
-0.054656124715944866 0.1605689524637003 0.9855101823602561 51.86903367394358 -0.07655213883010181 0.9834067305267302 -0.16447179817605145 -6.9372164870633215 -0.9955664106786491 -0.08443230341188697 -0.04145730416936333 52.82899411505897
-0.05274645439228101 0.16277038901092272 0.9852530700334184 52.649770957199785 -0.08071478275085582 0.9827034790305518 -0.16667032173345164 -7.095356095595563 -0.9953406127524999 -0.08831575602622113 -0.038696147650531955 52.80457839269049
