1.0 0.0 0.0 0.0 0.0 1.0 0.0 0.0 0.0 0.0 1.0 0.0
0.9999990757995783 -0.0012905247835952969 -0.0004277216060726202 -0.0021185514250291796 0.0012900214522497905 0.9999984776469553 -0.0011749674143633666 -0.0028728018136128966 0.00042923727949744825 0.0011744145584105753 0.9999992182525959 0.5654354053514118
0.999998771769262 -0.001367070715669641 -0.0007665361215695527 -0.003997961981548841 0.0013647381830733689 0.9999944623200341 -0.0030352625846384257 -0.005251460437385382 0.0007706812953316163 0.0030342127355218237 0.9999950997897024 1.1278296697460501
0.9999986489899815 -0.0009841641044180116 -0.0013166013926212612 -0.005173134050521012 0.0009778111881639394 0.9999879191051251 -0.004817211753914483 -0.008821258493723477 0.001321326413789807 0.004815917858241093 0.9999875304381005 1.6898284378974786
0.9999946879165013 -0.0024911905321237005 -0.002101929711413334 -0.006175632927546301 0.0024762303798404684 0.9999717984487497 -0.007090175616933339 -0.011887021998025837 0.0021195334121028174 0.007084933091120764 0.9999726552767378 2.2522191991953804
0.9999855943545503 -0.004526684543687121 -0.002884477494922201 -0.007044275543244483 0.004500282172419063 0.9999485134766074 -0.00909493574973792 -0.021832576270597506 0.002925498888288291 0.009081823768671001 0.9999544799306065 2.8171313432270564
0.9999807147861923 -0.005319248105902635 -0.0032055662968846054 -0.00839388541820448 0.005286583453822888 0.9999348801791561 -0.01011372515360428 -0.027710989612257177 0.003259154964348545 0.010096583614507073 0.9999437168702215 3.3916223078373373
0.9999815917261871 -0.004843778253787567 -0.003654315392750108 -0.004415681964396716 0.004807048065402606 0.9999385053747709 -0.009993886019274164 -0.031885997458084424 0.0037024988397655074 0.00997613557934474 0.9999433825078519 3.971236313236574
0.99998066874402 -0.004774142209952798 -0.003983679758935497 -0.00417877529545956 0.004730849900533417 0.9999304117247091 -0.010806977712224884 -0.03901562046296703 0.004034996589989663 0.010787922608781008 0.9999336675641568 4.558614916099558
0.9999826257484343 -0.0038598451618526725 -0.004455311054620239 -0.0061060954155109474 0.003797141605281991 0.9998948192823536 -0.013997574359125133 -0.04618970788101373 0.0045088709114738945 0.013980413714776898 0.9998921032368779 5.153431003444958
0.9999881045726841 -0.001921038453972499 -0.004483338531617617 -0.009597680530352225 0.0018407618755095895 0.9998391334573467 -0.017841491052605275 -0.05624048058131072 0.004516891502836761 0.01783302606180121 0.9998307761179543 5.754857594708729
0.9999879442130896 -0.00011880666191327284 -0.004908901451028978 -0.014182390632266196 1.2962637709631889e-05 0.9997676410571954 -0.021556060096897645 -0.07064273267121396 0.004910321827421631 0.021555736589319384 0.9997555896116027 6.367882001401838
0.999983987412376 0.002291590786421999 -0.005174314496885929 -0.017211705121208603 -0.0024038397664756235 0.9997596250187891 -0.021792515611270352 -0.08389290932069977 0.0051231311931482565 0.021804604879656395 0.9997491248972515 6.993981677695676
0.9999658221189601 0.00527172134862313 -0.006368951874111308 -0.01873087999187208 -0.00537027604561743 0.9998645524409974 -0.01555753538187149 -0.0959964429193502 0.006286074223722019 0.015591206687963113 0.9998586897881457 7.642415011694709
0.9999513349913621 0.006635156082349718 -0.007300846030121467 -0.022145961130790124 -0.006681346582689533 0.9999577036854232 -0.006320636678166874 -0.1007916005971757 0.0072585988203416815 0.006369108567002381 0.9999533725125525 8.307434183504235
0.9999325402245495 0.008481062977815909 -0.0079364079309204 -0.02911221463885166 -0.008491483528984807 0.9999631271777676 -0.0012802313606853077 -0.10113583360645609 0.007925257570365463 0.0013475368737898511 0.9999676866963341 8.984246966100415
0.9999050624770114 0.011167190675776642 -0.008072167320796558 -0.035062419592977394 -0.011191247186381743 0.999933050488679 -0.0029411777944095274 -0.10211553995409045 0.008038782199897641 0.0030312361860918673 0.9999630941129414 9.668403234552914
0.9998659103158372 0.013963255862740043 -0.00855504961961417 -0.03897083260025809 -0.014052678635884325 0.9998463001816872 -0.010483235957852744 -0.11108664543620866 0.008407354604093033 0.010602051627072579 0.9999084522544343 10.360648412930237
0.9998562650799894 0.013978867477079443 -0.009593771122569929 -0.041768903236891676 -0.014132644737765303 0.9997696517659924 -0.01615276324418452 -0.12666134163453832 0.009365763877555307 0.016286026887022333 0.9998235083229566 11.071348553140098
0.9998700677031372 0.012758865068703008 -0.009851856347026766 -0.04586260883064249 -0.012904303298536854 0.9998065657937314 -0.014842841780625218 -0.1373588603878777 0.00966057284549891 0.014968044558456284 0.999841302894811 11.805625808516307
0.9998593656667583 0.013742632509218401 -0.009611916571870072 -0.052717868068517144 -0.013815192925681894 0.9998762588477944 -0.007523791395622216 -0.13727647357947845 0.009507330482012506 0.007655523774061731 0.9999254990362287 12.566019159186764
0.9998399922594459 0.015570606782637325 -0.00880602538333214 -0.06466872665421036 -0.015589656422779343 0.9998762712617809 -0.0020987568361256134 -0.13801208984976082 0.008772256907495071 0.0022357039289626554 0.9999590237288183 13.342567904492006
0.9998416971497832 0.015292111678630836 -0.009095711134906747 -0.06867673619883 -0.015298058077432166 0.9998828069993051 -0.0005845393483448909 -0.14018708731451493 0.009085706340229958 0.0007235935312972723 0.9999584623136608 14.131529811696216
0.9998763111198812 0.012580217590770255 -0.009439310709357968 -0.07163705145073032 -0.012601844705577993 0.9999180953323044 -0.0022352040249214505 -0.1312515370581736 0.00941041823275778 0.0023538802827257365 0.9999529505313235 14.93524152868502
0.9998853964149351 0.011186016609221715 -0.010201326804222798 -0.0620444304798173 -0.011244606725146062 0.9999205071652699 -0.005704223868858561 -0.11695248105031093 0.010136708328897345 0.005818280052341296 0.9999316950479606 15.756448992294178
0.999855316601534 0.013664272175922325 -0.010130820773696744 -0.06854160315561461 -0.013760490184112678 0.9998602896619181 -0.009489471380342002 -0.12256592578316045 0.009999738673554826 0.009627503471186452 0.9999036535603685 16.58944397291476
0.9998954672007969 0.010182752838105106 -0.0102648047199407 -0.07057815160221567 -0.01033765244544134 0.9998317610650149 -0.015151980317711276 -0.1379124236934005 0.01010878890954371 0.015256510422410214 0.9998325116120769 17.435709801324304
0.9999149346989147 0.007034741452286058 -0.010983432012130659 -0.07143465224729581 -0.0072693975811227276 0.9997430031177026 -0.021472856726687098 -0.16119045271771332 0.01082955330903243 0.021550873065765832 0.9997090980106316 18.2954598440138
0.9999075061744581 0.00791439008463603 -0.011060810348462057 -0.07359155518787425 -0.008207799772650806 0.999608772149593 -0.026738262181287685 -0.18691503084466604 0.010844866014317727 0.026826573973793583 0.999581274239349 19.176888467013264
0.9998969218035871 0.00887106095915544 -0.011289377536893864 -0.07857725503007705 -0.00918483597780752 0.9995642567984807 -0.028052367439521424 -0.2033564755143806 0.01103560400577824 0.028153166933048503 0.9995427027575501 20.07793943845035
0.9998937672453505 0.008989380138671356 -0.011473677205832013 -0.0850038507847643 -0.009305158750170678 0.99957097342584 -0.027771984177456348 -0.23013785250626276 0.011219101770431126 0.02787579827092351 0.9995484338571214 20.99796463265316
0.9998848835495249 0.010181953444877653 -0.01124933212238955 -0.10626307429027153 -0.010509986524521968 0.9995096274935779 -0.029496520657590106 -0.25386040289603984 0.010943483559079752 0.02961135545184676 0.9995015796865443 21.93217894784067
0.9998480706408496 0.013197720956453272 -0.011386649960662975 -0.1132096146895792 -0.013551333939516543 0.9994100524140257 -0.031558017717438755 -0.2863558040138905 0.010963438522232832 0.03170752742410015 0.9994370594091556 22.885031330683734
0.9997968537725104 0.01641534203319725 -0.011695628778439588 -0.11653197641316537 -0.016795302120884422 0.9993087328969108 -0.03316585868990553 -0.3031045873328382 0.01114311506079571 0.03335555278965876 0.9993814277265909 23.856850872707735
0.9997633364600477 0.018145406292189033 -0.012000637514950997 -0.12107919873112251 -0.01854255515489892 0.9992547220942287 -0.0338551919314162 -0.3275934540122797 0.011377377492260407 0.03406970212486282 0.9993546971313653 24.832901393584905
0.9997435246353996 0.018880276337906687 -0.012506802748621112 -0.1223242020574148 -0.019300118975147666 0.9992236503309139 -0.03434533486382837 -0.3623963678132353 0.01184864368329896 0.03457790891259385 0.9993317656604835 25.815455033151142
0.9997348190384965 0.019022607511097307 -0.01297813567287698 -0.12411882973873908 -0.019458079215258422 0.9992222593800099 -0.034296639963135145 -0.40670800551466674 0.012315630528624392 0.03454007473916254 0.9993274280643438 26.8024646071108
0.9997107771984669 0.01967743244169091 -0.013826084251877244 -0.11935310729521854 -0.020133668402339325 0.999230093419374 -0.033672775379732345 -0.44409748256239984 0.01315284569596861 0.03394140624093169 0.9993372721921698 27.80347001047852
0.9996915641381212 0.020367472083531808 -0.01421065346854288 -0.12736906409373766 -0.020816456609821822 0.9992647465154162 -0.032196917642725635 -0.4824993433114589 0.013544435214798069 0.03248280241000778 0.9993805160309587 28.810587356136036
0.9996857037718575 0.02156011567463187 -0.01279277476789536 -0.19278555679722628 -0.021955447268776036 0.9992590429044327 -0.031612078529342065 -0.5161677262958156 0.012101735800851063 0.03188301406413439 0.9994183415391141 29.822809419873636
0.9996730042053344 0.022131435348295942 -0.01280953677949175 -0.2071495723834267 -0.02254383385984319 0.999201086248965 -0.03299946656823745 -0.5523268565048297 0.012068977503531194 0.033277451950421845 0.9993732790973088 30.84364453681555
0.9996240902788882 0.02429358984040432 -0.01270825034261729 -0.22469400398526343 -0.02472380346620682 0.9990860271408859 -0.03486895344006336 -0.5761246772671001 0.011849543293680377 0.03517004214537048 0.9993110909317603 31.872332756550524
0.9996162350194947 0.024556210746385733 -0.012820889174655015 -0.23671079512556345 -0.024985372575460577 0.9990936499076728 -0.03446171602561167 -0.6171176908680722 0.011963019799160911 0.03476882551861036 0.9993237788271337 32.908047857402906
0.9996146476951971 0.02471563061838467 -0.012636997916503237 -0.25824873657878233 -0.025121233456116682 0.9991391251734357 -0.03301412087735682 -0.6492190518847913 0.011810154226318202 0.033318855784630626 0.9993749917355118 33.954953537250475
0.9995613946698426 0.026704167885824914 -0.012802566274154756 -0.27147508698907463 -0.02710085944492549 0.9991240978815273 -0.03188385876537745 -0.6635983672486457 0.011939920561914856 0.03221683488410718 0.9994095826271759 35.010376862126236
0.9995437073226988 0.027131479263571207 -0.013276294082488895 -0.2771139267303663 -0.02752195494411787 0.9991657972954431 -0.03017037472447695 -0.7068579514490757 0.012446652065847559 0.030521997770981857 0.9994565966085874 36.072982088374914
0.9995408765392214 0.027181521845453197 -0.013386597677128957 -0.2918757486200149 -0.027571430127008578 0.9991737942296773 -0.029858753581182774 -0.752619675174808 0.01256393123013829 0.030214132369397385 0.9994644835296599 37.13524789675799
0.9995353139549135 0.02739677161830343 -0.013363123210763965 -0.3145142554672917 -0.027815420189579398 0.9990936927040571 -0.03221949097437829 -0.7766369445871977 0.012468302078818518 0.03257621991369524 0.9993914805217257 38.20675026827517
0.9995073364661327 0.028503378544234317 -0.013139321213064156 -0.33606890901028635 -0.028929314544645403 0.9990214512707516 -0.033454964666817875 -0.8084631424150732 0.01217288422490567 0.03381859418197559 0.9993538530356516 39.28171077998779
0.9995008213440582 0.028878021529382153 -0.012812806292950571 -0.3584865546603352 -0.029292031260582354 0.9990128601908136 -0.03339583923183631 -0.8386546246527691 0.011835752497462701 0.03375448186416336 0.9993600702033785 40.35817158745693
0.9994784145882122 0.029481761118845495 -0.013180460294093156 -0.3665339183139101 -0.029892920902191873 0.9990353023694032 -0.032169518174974 -0.8814358912412756 0.012219331085134393 0.03254674148061546 0.9993955160830104 41.435399774534424
0.9994043049448359 0.031511990607057776 -0.014072302786296852 -0.3627914108890258 -0.03194469975953278 0.9989879851606327 -0.03166293830288258 -0.8995495934233962 0.013060299192660848 0.03209361233453707 0.999399534036473 42.51142506544631
0.9993005494127595 0.03468028293542064 -0.013988921290622907 -0.38448167920357246 -0.03512804607069584 0.9988330318965 -0.03314505651978628 -0.9219558665195924 0.012823116727657763 0.03361327666211573 0.9993526481224861 43.585812710709604
0.9992086713547222 0.03725448463082727 -0.013933214432475307 -0.4093121009709234 -0.03776565841319079 0.9985475392347168 -0.038426123053320924 -0.9472206871480329 0.012481431574465707 0.038921912378276455 0.9991643001041771 44.65090828376658
0.9991024969553716 0.03997325167413386 -0.014012127894704627 -0.4311282170520498 -0.0405529805765492 0.9982137765465486 -0.04387154065033774 -0.9775816871026911 0.01223341096747849 0.0444003993593816 0.9989389111416317 45.71299964065765
0.999003586549076 0.04250319312547417 -0.013612958393419854 -0.4541026599848096 -0.043090029750796774 0.9980028608584401 -0.04619024847782984 -0.9951602300926996 0.01162253836981323 0.04673080667511383 0.9988399012401016 46.786002600501135
0.9989699712803531 0.043298014866109034 -0.01357491763452069 -0.4700872010958351 -0.043859765888407586 0.9980572357475412 -0.04425014246519885 -1.0533915430676046 0.01163260144352479 0.04479995625701573 0.998928248926331 47.86347905477568
0.9989366336829534 0.044273986310759586 -0.012861416031014044 -0.4969601185108989 -0.044785638850517534 0.9980848456377278 -0.04267185795185737 -1.114121921932071 0.01094753117918222 0.04320248886889681 0.9990063545927094 48.93860859860048
0.9989948331204849 0.04294411645752628 -0.012850146312643664 -0.5112384310161171 -0.043447332622119667 0.9981788869678501 -0.041847806389897414 -1.1726870456520506 0.011029627672629138 0.04236404694202225 0.9990413579227327 50.01349213246021
0.9990088945241352 0.042626671144503366 -0.012813881878775395 -0.5269126973500454 -0.04313637039533189 0.9981625543397018 -0.04255312753673961 -1.237927919249318 0.010976438893447184 0.04306369725394764 0.9990120298415025 51.09065370614014
0.9990572276214236 0.041458825669314324 -0.012877177932916673 -0.5427265046256798 -0.04198987876409954 0.9981422254641912 -0.04414688920827352 -1.2987614019638896 0.011022976856131676 0.04464597988075478 0.9989420556076898 52.15967979934134
0.9990665845601531 0.04109658377278313 -0.0133052778068254 -0.5460715836345085 -0.041672417290588626 0.9980550737077913 -0.04636247926172419 -1.356806990599078 0.011374060509300586 0.04687366689668493 0.9988360676803725 53.2318619448576
0.9991470870850311 0.038738099061461896 -0.014298882844517281 -0.5416208830932854 -0.03940392272376851 0.9979883778712589 -0.04966415717468836 -1.4007134865248076 0.01234622385493404 0.05018523004826459 0.9986636137566679 54.305506136701965
0.9992210984216554 0.03653701653287844 -0.014907813115819313 -0.5489151423966392 -0.0372829994266458 0.9978834101825499 -0.05327924207604003 -1.4608965440429433 0.012929594841786572 0.05379355077814363 0.9984683667858021 55.370710063911325
0.9992849024166613 0.034433530367694094 -0.015621004722497013 -0.552768018700221 -0.03524550398857453 0.9978594286414872 -0.055084617815463616 -1.5265601120959487 0.013690808986855424 0.05559579712263694 0.99835948890747 56.44089482863154
0.9993536998931559 0.03227074735794256 -0.01583607826513588 -0.5595200140099663 -0.03308367689559588 0.9979882015559395 -0.054083452905756724 -1.5773860306481624 0.014058905822555404 0.054572414460982356 0.9984108366534149 57.51135593631321
0.999404780285575 0.03081605516434791 -0.015506640076080243 -0.575988809025571 -0.03154724644320571 0.9982829672200287 -0.04935472216745318 -1.6453522746601539 0.013959096825829324 0.049814537059805326 0.9986609312040424 58.595993098689426
0.9994516199800461 0.02966930630006426 -0.01470345479586934 -0.598629509327111 -0.030297631340926532 0.9985484122613715 -0.044532256909157256 -1.714208849487407 0.013360870270701465 0.04495331616206803 0.9988997379675517 59.67943817022834
0.9995048660018039 0.027770301530173513 -0.014793011581116186 -0.6109407050158965 -0.02839641608479307 0.9986302615338453 -0.043945924752846185 -1.7823539503242025 0.013552357442714647 0.04434423414342341 0.998924382776784 60.760479540246585
0.9995924229399753 0.02367454310611387 -0.015953181805079437 -0.6084183692967734 -0.02440527702105265 0.9985833109499709 -0.04728375562197896 -1.8338072011922313 0.01481115979641185 0.04765382566919578 0.9987540950827565 61.83854732587946
0.9996183321309283 0.022088627047310988 -0.01659164316592858 -0.6182791866933948 -0.022896662082791338 0.9984765501553473 -0.05020280525371398 -1.9053215419666802 0.015457455587747134 0.05056353770297987 0.9986012195675074 62.914189829211104
0.9995725235560801 0.02399420115094125 -0.016704743723193777 -0.6359000609993781 -0.024867549629041696 0.9982203243271027 -0.054201375220014794 -1.9742409644294774 0.015374495997481261 0.0545936114524571 0.9983902856405418 63.99128775358592
0.9995678141322919 0.023962046355382207 -0.01702954154562375 -0.6492864232200363 -0.024920544256060564 0.9979763437680099 -0.05849943378714517 -2.046815313839934 0.015593313463576139 0.05889853660234157 0.9981421797325922 65.07058872686056
0.999505045553859 0.026304050887930707 -0.017255747426956278 -0.654221654818016 -0.02728849216304401 0.9978528352124383 -0.05954038506733086 -2.103793436043329 0.01565254317500034 0.059981798617444786 0.9980767414015679 66.15415808798059
0.999401481629493 0.030133188186025613 -0.016990276234336257 -0.659817942259704 -0.031048636867477206 0.9979211802805685 -0.05647388862216516 -2.1763173142830965 0.01525321819961372 0.05696761287944886 0.9982595005395006 67.24422291047199
0.9993682049878464 0.030798221510741908 -0.017738669937301662 -0.6577771568965656 -0.03174340154564514 0.9979412894777889 -0.055727365034781214 -2.2262591798469415 0.015985847418300878 0.05625524248621718 0.9982884354609828 68.33203921039048
0.9993904897336602 0.029894502348270312 -0.018026862157999396 -0.6673294717302766 -0.030858408145952736 0.997964872370994 -0.05580208025014416 -2.276575397143319 0.016321999773681397 0.056324348579410925 0.9982790992906213 69.41652772390229
0.9994559590059022 0.02706022141768214 -0.018855514429934266 -0.6529462582885924 -0.028081276673102253 0.9980259981280111 -0.05617427312387766 -2.3190576578157915 0.017298205340443108 0.05667319893400526 0.9982429166363204 70.50347702176676
0.9994792790283391 0.025761409591455394 -0.01942988854450219 -0.6569794972024825 -0.02681165003763665 0.9980772302471019 -0.05588361016016208 -2.3720454683651324 0.017952888771721808 0.05637545776430501 0.9982482164004184 71.586262849615
0.9995074474556633 0.024026336571442798 -0.020189047318267497 -0.6557708146470138 -0.025105598795910206 0.9981693647781225 -0.055023886881412166 -2.4280283761131827 0.018830066111469024 0.05550364284797347 0.9982809094843214 72.66902792656651
0.9995352341549194 0.0227264016363253 -0.020318128642517225 -0.6785451409379067 -0.023793009641195864 0.9982631654462445 -0.05389383272191833 -2.4991067702959486 0.019058026526464277 0.05435221413989113 0.9983399363157869 73.7465367900058
0.9995398016364294 0.021571325425878203 -0.021327514247498285 -0.6794708548716791 -0.022728895374271547 0.9981936971465353 -0.05561241131255358 -2.5580629792938048 0.020089356875515087 0.05607156941179798 0.9982246224392722 74.81965453217434
0.9995082881461816 0.021677814731001825 -0.022655115880897865 -0.6854247984090407 -0.02299186825564886 0.9979665126276949 -0.059449252878669485 -2.631566540220365 0.021320317099035924 0.05994090441597844 0.9979742141240887 75.88673199306982
0.9994669163669216 0.02247286100304354 -0.023682347990299057 -0.6913444460407588 -0.02389206449062125 0.9978239344043546 -0.06145376460551984 -2.70825435299528 0.022249771737519904 0.061986824794891135 0.9978289338406043 76.95318243123006
0.9993954871562843 0.0247279779018789 -0.024437417223105766 -0.7034877917421624 -0.026159509696446603 0.9978489814777665 -0.060108986152040925 -2.7898825689745315 0.02289847820475152 0.06071192035069322 0.9978926407300732 78.01578464854772
0.9993416787365341 0.026062430242879873 -0.0252380440977462 -0.7155374331684716 -0.02747350787489983 0.9979800626664255 -0.057280021694881285 -2.857234988370201 0.023694208260513473 0.05793569064189422 0.9980390975531748 79.08504358409117
0.9992704479120947 0.027898771737846426 -0.02608122821264343 -0.728721900327846 -0.0292758707863401 0.998111598903247 -0.05400147705856038 -2.9351043807094626 0.02452540151071884 0.05472563083532469 0.9982001853388003 80.14862215820618
0.9992161768783565 0.02961431282371445 -0.026268314384045713 -0.7532403831541614 -0.03099746148821477 0.9980644653689975 -0.05391178302546299 -2.997458657554883 0.02462091074445721 0.05468377678687832 0.9982001278854045 81.20800479349681
0.9992081950907414 0.0298159720583649 -0.0263437027336051 -0.7893293069893585 -0.031253160188095534 0.9979447509851332 -0.05594205894922438 -3.0701777736529903 0.02462159299799661 0.05672108771379523 0.9980864167830392 82.26030209365585
0.9992531138453089 0.03008267887837447 -0.02425380180412421 -0.8961128362284836 -0.031388375352543914 0.9979716364123367 -0.05538395804934399 -3.188164894969845 0.022538508450670715 0.056103879972638944 0.9981705116305712 83.2959544011113
0.9992696212415153 0.029546052286313247 -0.02423334186884005 -0.9261729316954416 -0.03085795598730952 0.9979717511884815 -0.05567917368353965 -3.257597420042986 0.022539090845083005 0.056386298194605236 0.9981545846008962 84.33282159212692
0.9992866243127715 0.028822153723573215 -0.02440339985165355 -0.9494694155770973 -0.030144090130112794 0.9979947901813462 -0.05565727806064021 -3.322843714509108 0.022750303290563177 0.05635319179626379 0.9981516625616382 85.35611124866574
0.9992930050008523 0.028343004846514006 -0.024701502639235307 -0.9674686119735862 -0.029673736748403744 0.9980296308668188 -0.0552840416325433 -3.3756333639959766 0.02308591570096582 0.055977941978183 0.9981650717732697 86.36611129110267
0.9992453654344154 0.029490496364954294 -0.025278652693317267 -0.9823577091760142 -0.03082611086164829 0.9980550043990282 -0.0541844911686194 -3.422710183294749 0.02363155828518529 0.05492284422902213 0.9982109149046658 87.35930096859411
0.9992341257505849 0.029581316766324344 -0.02561459806114478 -1.0017402808787121 -0.03093318564069508 0.9980564417266636 -0.05409692370209615 -3.4781711897764667 0.023964556361049556 0.05484783337819721 0.9982071003615118 88.33036723235524
0.9991982561113055 0.030470861594187354 -0.02596866530711667 -1.0265526199607302 -0.03185910258843702 0.9979869364695871 -0.05483677797162181 -3.527274016600345 0.024245464862209073 0.05562015129211145 0.9981575808477636 89.28258985207393
0.9991454375499996 0.031831340210499215 -0.026365894701727143 -1.060959838468912 -0.033282243155468974 0.9978447100822273 -0.05655286775626168 -3.5820130368096885 0.024508914981274634 0.05738205591751159 0.9980514078669104 90.2117473785827
0.9990530425130637 0.034251146817549136 -0.026830527148612882 -1.09372852399294 -0.035769373869220675 0.9976572686010243 -0.058314031763794336 -3.6343376148821314 0.024770347966745883 0.05921852201150907 0.9979376716570932 91.11620011229894
0.9989573121338557 0.03654332213904973 -0.027365564882588744 -1.1213866417451663 -0.03811983820655861 0.9975004990976208 -0.059494808471867944 -3.67919045065829 0.025123026676882133 0.060475944862731 0.9978534429582103 92.00046233557424
0.9987931637778551 0.04023549904775236 -0.028165947649604284 -1.1452507601592214 -0.041871583788752796 0.9973117563988362 -0.06013344343783291 -3.720375436927449 0.025670731614883594 0.061240225057129755 0.9977928885161041 92.86177106579105
0.9986497718319893 0.04324992617680848 -0.028776328911371676 -1.1722173355434322 -0.04492200968663165 0.9971720536822424 -0.06024872115534523 -3.77069175431331 0.026089198255772446 0.06146006216105691 0.997768517489669 93.6999130812987
0.9984943902268482 0.04626723868897993 -0.02946685102977349 -1.1976474517772238 -0.04798138409752788 0.9970204528730856 -0.06039870307245222 -3.8118012621371893 0.026584571946890612 0.06172162649222474 0.9977392952858761 94.51379106670505
0.9983313000199309 0.049335280470231335 -0.030010756428951933 -1.224389995774571 -0.051070055034637234 0.9968859968811024 -0.060084596205112244 -3.873959668157465 0.02695301243411195 0.06151698402307986 0.9977420487267401 95.29800468682822
0.9981544218821341 0.05259177253869999 -0.030362074013145116 -1.2525740218763395 -0.054338507016205115 0.9967242147426741 -0.059901305502058626 -3.935533848708823 0.02711229854497563 0.06144058273518214 0.9977424407434874 96.05621832722578
0.997985642108253 0.05567944365500527 -0.030404895988087315 -1.2876011325490546 -0.05746433369606766 0.9964587889199414 -0.061381856741811056 -3.990584141634076 0.026879518199631015 0.06300540880332667 0.9976511464248831 96.78193915838506
0.9978552503380649 0.057988523527574304 -0.030368248415886288 -1.3264257463268365 -0.05985310744747023 0.9961153343593527 -0.06458983033758559 -4.058005150352639 0.02650480902852534 0.06626893535623202 0.9974497096621538 97.47700950509208
0.9976027206841942 0.061997545136542744 -0.03074274028994852 -1.3516717559514952 -0.06398244275309135 0.9956009630209646 -0.06844683667691986 -4.108009790237656 0.02636396599224527 0.07024974611179663 0.9971809838080498 98.14119698653991
0.9973969278386514 0.06510235485177773 -0.03100083435607052 -1.3755667162125504 -0.06717206071155789 0.9951970722691403 -0.07120885904644009 -4.156207180447967 0.026216075178830383 0.07310588717528971 0.9969795618078305 98.7776559186572
0.9972189344437864 0.06773835633710791 -0.031079122695875986 -1.39480644211679 -0.06984375369429899 0.9949142098311171 -0.07257799353809187 -4.19961186641543 0.026004746810696196 0.07454683197072955 0.9968783892664348 99.38316650021174
0.9971483189866261 0.06985405336135973 -0.028559432262095487 -1.4708744375007892 -0.07171504520452016 0.994938990671397 -0.07038009045956614 -4.289592408650997 0.02349855811445753 0.07222752986757455 0.9971113286367638 99.95656445646958
0.9969382452594855 0.07301468998460534 -0.02798196178592889 -1.4863103178804105 -0.07480123984856166 0.9947907152856418 -0.06925465542907862 -4.3389257353721025 0.022779588583974837 0.07113570009449836 0.9972064994353038 100.51870060985351
0.9968539005394095 0.07445220926088503 -0.027187672124286626 -1.4907451877191131 -0.07613534161190529 0.9948259145892845 -0.06726670364477003 -4.400913611181806 0.022038846090546675 0.06912501860953242 0.9973645377018531 101.0549017389307
0.9969610501354323 0.07368154730482249 -0.025292174671671504 -1.491478283432009 -0.07520441106736749 0.994998405166574 -0.06574549621065871 -4.447675401926487 0.020321443572382886 0.06744778204464931 0.9975158322695405 101.57072653669421
0.9971815361772254 0.0716351113897776 -0.02230234793474539 -1.4836415077997982 -0.07292143023713464 0.995313170736427 -0.06351501531742063 -4.495802795340177 0.017647915440611606 0.06496231965359317 0.9977316513501151 102.06329004438697
0.9974560843698044 0.06905464781011164 -0.017686587276200066 -1.468046764588111 -0.07003338651264232 0.995584514248169 -0.06250439794774167 -4.54093324230656 0.013292273215219148 0.06358404363564994 0.997887962081773 102.53530023219484
0.9977618425364773 0.06582843368798605 -0.011744057918788452 -1.44901715263015 -0.06643915315838483 0.9958108546202732 -0.06282181745253157 -4.581596170245828 0.007559398508485995 0.06346147759569526 0.9979556585117213 102.98413312845955
0.997990157514872 0.0633107493763386 -0.002719286091442314 -1.435785941018755 -0.06335436978742212 0.9959129152821019 -0.06437149216186197 -4.619146240898114 -0.0013672352684261915 0.06441439425867879 0.9979222998209883 103.41451476311006
0.9981418150744553 0.05982722024844832 0.011559442772701973 -1.427716804039825 -0.05890000690310196 0.9959100329464912 -0.0685127394236613 -4.6489933577544225 -0.01561109178392864 0.0677045788249481 0.9975832716216989 103.83495812124885
0.9979292270983657 0.05738004295419065 0.02906524339195503 -1.411386118871077 -0.05507966711366541 0.9956936547117469 -0.07456793035490208 -4.680472274570101 -0.03321878946479155 0.0728126131747854 0.9967922729381259 104.24635614010903
0.9973079798755062 0.05354403887188507 0.050098195355947124 -1.384994348507119 -0.04941916476689785 0.9955501158730848 -0.0802353596541505 -4.714981993416336 -0.054171389407867136 0.07754355348044552 0.995516176605508 104.6465259974705
0.995895762626264 0.0499918337026488 0.07544830379868357 -1.3512581251150237 -0.04360743149808892 0.9955097305296065 -0.0840164765924588 -4.750806803882382 -0.0793096583096361 0.08038154628967009 0.9936039377513017 105.04503110661193
0.9935285012692004 0.04616403963297626 0.10377860381861546 -1.3108612467930303 -0.03718042943503097 0.9955236405705276 -0.08689244347025377 -4.783280516865022 -0.10732535969100153 0.08247158607647566 0.9907975094121049 105.43006159794867
0.9898898176062586 0.042934396317066026 0.13518426910087242 -1.25944685913223 -0.030900403010522052 0.9954720372774654 -0.08989209137872749 -4.818686034037966 -0.13843162244673485 0.08480601754323365 0.986734323561932 105.81378617452887
0.9848774597816521 0.039034561732967044 0.1687977849509741 -1.1927151733491557 -0.023571436049213353 0.9954187856199749 -0.09265974658628165 -4.853077353862242 -0.1716414187095237 0.08727968964868772 0.9812856256759359 106.18228659960843
0.9779582689529138 0.03478561893990121 0.20588245408870545 -1.1114817044767695 -0.015561021345202687 0.9954250874607361 -0.09426955960691455 -4.888307221023667 -0.20821978484599912 0.08898795406545444 0.9740254951642348 106.55232906962355
0.9692677197078762 0.03182773537155622 0.24394073623200335 -1.005327810201668 -0.008586134822987217 0.995368096618068 -0.09575296613540217 -4.9293679061931295 -0.24585842637805863 0.09071575109121982 0.9650514425059747 106.89966036704584
0.9580939032792342 0.03206377880537099 0.2846541525920203 -0.8984447398910392 -0.0041977175901594084 0.9951805588719624 -0.09796955859001914 -4.963408040691853 -0.28642355291804195 0.09266913904860745 0.953611020805547 107.25098311335739
0.9440894641286196 0.03336026170607967 0.32799722050687746 -0.7769192121602705 -0.0007180695107934045 0.9950731344669154 -0.09914101794094703 -4.999105093406325 -0.32968859261053174 0.0933624656973634 0.9394620172744599 107.59330488476557
0.9275793491769677 0.0324743254647785 0.37221226358899023 -0.6423025384821552 0.004499072822382279 0.9951725396414507 -0.09803761873549133 -5.035954611059094 -0.3735991291801567 0.09261228066079719 0.9229553922842839 107.91866300317064
0.9087567253037909 0.031208290474914926 0.4161577306992664 -0.4806298986134647 0.010168442739153634 0.9952480375745228 -0.09683979799815357 -5.071396592749988 -0.41720236934537014 0.09223549376295406 0.9041210077765672 108.23922195783437
0.8866326097629736 0.029779137202663404 0.4615146999742944 -0.3123289209422526 0.017176997371281852 0.9951157542725155 -0.09720898291799403 -5.1074038738039444 -0.46215534841242006 0.09411609100525156 0.8817905620654418 108.5389681005436
0.8622500469856598 0.03036748826540304 0.5055716290790827 -0.12590847292597407 0.023074347437150047 0.9948092111295901 -0.09910705293809301 -5.143470612968586 -0.5059569457607802 0.09712079647621749 0.8570735790632272 108.83486803653112
0.8343936359620759 0.03342994817173487 0.5501542500346801 0.0623945374527336 0.02777370109651886 0.9943406721396125 -0.1025438894149543 -5.1776149190863245 -0.5504687836684182 0.10084178843207926 0.8287430554233525 109.11577181582534
0.8030051153504175 0.03804761685830152 0.5947563901064586 0.27198746454417605 0.031046147087355785 0.9939345030299975 -0.10550042861308012 -5.215602226184232 -0.5951629369106353 0.10318227821635458 0.7969532583470575 109.39578212790319
0.7666018549043123 0.044499850718378406 0.6405789251476428 0.4804623833544908 0.03182457529832089 0.9937367871390161 -0.10711859919597962 -5.255945893402701 -0.6413336046585657 0.10250346907626798 0.760384275457471 109.66847690684538
0.7270021651389118 0.04885147721380179 0.684895163552323 0.7245332577427906 0.033929382287063756 0.9936915160099866 -0.10689231977740213 -5.297347817289302 -0.6857963611021517 0.1009490177456199 0.7207583831737536 109.92984320331456
0.6822420467786773 0.04923690858828007 0.7294665972064177 0.9730536955742909 0.040711511326493914 0.9936234676929854 -0.10514265212215934 -5.335840034434474 -0.729992029033711 0.10143042582202827 0.6758871993645164 110.19074446843973
0.6347357815931003 0.04811356279431449 0.7712299090677391 1.2398243899385495 0.049108849264963075 0.9935304205261399 -0.10239933795208088 -5.359811437852571 -0.7711671728550612 0.10287073716266865 0.6282665063063151 110.42792336266874
0.5827722241062415 0.048162987688097625 0.8112070398037855 1.5377692414053028 0.05391267287368989 0.99375142247188 -0.09773194993824438 -5.385264071490533 -0.8108452124258242 0.10068980560152613 0.576534131282831 110.65434415711033
0.5277210928827133 0.04763086643030039 0.8480812158571684 1.8469743767320321 0.058062188329982695 0.994068540095248 -0.09195933818399225 -5.417011551512977 -0.8474309590833987 0.09777033372144682 0.5218253840423914 110.85388008696525
0.46986723573927425 0.046336487997633076 0.8815201135871932 2.1766590067223106 0.06281147668717496 0.9943351032502874 -0.08574625846425486 -5.450310993178269 -0.8804995736370975 0.09565893750344236 0.4642950231271097 111.04154415244871
0.4090318110097021 0.04431448369352252 0.9114434728040458 2.517349532314184 0.06815635835888448 0.9945465860850098 -0.07894174384892677 -5.478400377840782 -0.9099712569072604 0.09441035240708902 0.4037808774087637 111.20828246304502
0.3502734334487495 0.04624661628617778 0.9355050894047038 2.878186019240536 0.06927554045027645 0.9947656621472796 -0.07511442543219302 -5.505383747084035 -0.9340821277143393 0.09111820836015914 0.3452362246200252 111.35105259257749
0.2947833779231558 0.05219770379922322 0.9541373904309074 3.2518485397299073 0.06909181029237561 0.9947291439850912 -0.07576444982451987 -5.535907104035302 -0.9530629999379564 0.08825718001827577 0.28962318333394116 111.4663072239734
0.24094472731248098 0.057952164720024006 0.9688070937934842 3.632474232516297 0.07083232572696731 0.9945036600613362 -0.077105458670039 -5.56790728024453 -0.9679506289126651 0.08720101334773273 0.23551552657671163 111.55874749493292
0.1901934673635222 0.06074951023056663 0.9798652672582014 4.033536023263303 0.0741080238769735 0.994347602719663 -0.07603187333422047 -5.601809751526933 -0.9789455785534209 0.08707664424176709 0.18461639217117778 111.63474076233635
0.14428413820465555 0.06235546915531874 0.987569685100226 4.44768970281904 0.08219462446818242 0.9938084720682435 -0.07475804006205387 -5.630040665028808 -0.9861166924715734 0.09195931878719656 0.13826551456209357 111.69563360385577
0.10480011809429578 0.06376978232934963 0.9924466484950657 4.879938049358309 0.08925548414683 0.9933115412367852 -0.073250533073278 -5.663994418488707 -0.9904798805615074 0.09625797061787533 0.0984073640302983 111.73877550689215
0.06891005850319042 0.06772120998792697 0.9953216774263773 5.322791331630873 0.09251510939957953 0.9929602338285467 -0.07396572562980627 -5.691536168751338 -0.9933238939892023 0.09717927635525497 0.06215971265376216 111.77502720224807
0.03628242939368485 0.06717203430261111 0.9970814927200989 5.787184890849215 0.08920330221325716 0.9935379395410245 -0.07017929585588484 -5.724929300274422 -0.9953523779001806 0.09148923707314599 0.030056002865169597 111.79299130782073
0.00661954163308549 0.06453311584128987 0.9978936108766214 6.270863768344654 0.08139724306666327 0.9945692124787235 -0.06485807899252097 -5.757316997609901 -0.9966597566319791 0.08165511955332738 0.0013307745930056913 111.79650933581149
-0.0206189768306268 0.0625906848069601 0.9978262694326369 6.76996353805606 0.07453424751767808 0.9953574058879138 -0.060895652480765484 -5.788589304661585 -0.9970052676598219 0.07311662409794649 -0.025188400883898298 111.78456528573965
-0.046962596707593576 0.06344202698569291 0.996879944488014 7.288899767501515 0.07533198584054082 0.9953639774362567 -0.059796691644249195 -5.82024340326609 -0.9960520098969742 0.0722887379487528 -0.0515240909281863 111.75710383005116
-0.06919100375227863 0.06714794817855965 0.9953410260082526 7.822456899545031 0.08151986131534636 0.9947759906480574 -0.06144298691717802 -5.854308114315172 -0.9942671256814641 0.07688876046332944 -0.07430344072473236 111.72105376664867
-0.08830681545423148 0.07188084523686393 0.9934963766578948 8.373499737978172 0.08403800316713624 0.9943744923387529 -0.06447466952013012 -5.888772035948298 -0.9925419489210592 0.07779789890532768 -0.09385076748702503 111.67248555193349
-0.10407182005210021 0.07870480730020478 0.9914507600374717 8.942082012370715 0.08171294370962487 0.9941704113471904 -0.0703433581233368 -5.927489385315804 -0.9912073703828844 0.07369359883733421 -0.10989632563944543 111.6117506259116
-0.11559742563363753 0.08374607492532057 0.9897594809454859 9.528181254779163 0.07726785541818182 0.994178219915262 -0.07509557620258356 -5.971853052571197 -0.9902862786618586 0.06779573718697703 -0.12139532245240621 111.5376465695082
-0.12279054337002053 0.0837756691124389 0.9888903476744314 10.14002235453224 0.07857911431282175 0.9941231125513234 -0.07446180151650492 -6.017766137632761 -0.989316837647429 0.06856292260423277 -0.1286519350466922 111.4596841619817
-0.12490596618994616 0.08274758616690452 0.9887119583547609 10.776455464942826 0.08374750471391475 0.9938390590900491 -0.07259669469886794 -6.064892419280697 -0.9886277636524023 0.07373439909946043 -0.13106633177552712 111.37711238943562
-0.12481382756913179 0.08204035376828274 0.9887825285678938 11.426740282366653 0.08427264512200221 0.9938508715996602 -0.07182315994676633 -6.111023210402351 -0.9885947752905057 0.07436279563177212 -0.130960088936069 111.29247808788585
-0.12440840961603525 0.08219750817676028 0.988820568792104 12.096458126499268 0.08169428919703776 0.9940277815919646 -0.07235200436719273 -6.158254138348438 -0.9888622708594967 0.07177979571502649 -0.13038048242627975 111.20803501565226
-0.12423918886575726 0.08246852687278337 0.9888192787488579 12.777928607333317 0.07697895197478868 0.9943378082605586 -0.07325683597080664 -6.2087857190962845 -0.9892617777427989 0.06701690189066854 -0.12988406352641788 111.12004769056804
-0.12406830470526825 0.08339788063650296 0.9887627871602471 13.480288444543941 0.07557480229661277 0.9943616073123732 -0.07438711690194454 -6.26312427071742 -0.9893914821876069 0.0654964686719465 -0.1296715372243117 111.02907178234318
-0.12431298535866059 0.08417439283517804 0.9886662496828978 14.196368917051204 0.07483951290305182 0.9943524202063507 -0.0752483337902495 -6.31369281813356 -0.9894166609571785 0.06463695553322407 -0.1299104884131553 110.94082547084939
-0.12395079560783032 0.08416728734358654 0.9887123282377982 14.92696788921401 0.07402857651999804 0.9944038222609444 -0.075371135929141 -6.363402658595783 -0.989523102371344 0.06385065398293419 -0.12948792939630654 110.84131692402532
-0.12375837063082244 0.0834505565428948 0.9887971836081881 15.675035927807759 0.0722579591016199 0.9945701018414219 -0.07489392411680784 -6.416895782226314 -0.9896780552509353 0.062179716434112665 -0.1291163421837091 110.74272248927718
-0.1234231060053498 0.08316320462747055 0.9888632960627476 16.432285614251256 0.07253393238159024 0.994572839053837 -0.07459019017039156 -6.467944995522795 -0.9896997350496037 0.06251999050289218 -0.12878542320566835 110.63970901281064
