1.0 0.0 0.0 0.0 0.0 1.0 0.0 0.0 0.0 0.0 1.0 0.0
0.9999979493907021 -0.0013138540873812916 -0.0015411040938157878 -0.0007060698460518401 0.0013104166517304045 0.9999966562976134 -0.0022293949384766644 -0.0007007920635896558 0.0015440280404746486 0.0022273708783920937 0.9999963273914462 0.8604423892763231
0.9999916586868073 0.002649469548307058 -0.0031085153885105133 -0.006334634961505513 -0.002662943897774315 0.9999870427485857 -0.004338555604744922 -0.00248944287451053 0.0030969802397366967 0.004346797217578785 0.9999857569322396 1.7197494633300114
0.9999769096848693 0.005392282058129272 -0.0041356246570596516 -0.02172273703883871 -0.005418286899874081 0.9999654578772151 -0.006302794577181818 -0.0019551076571435394 0.004101495357690332 0.006325057044570976 0.9999715852909091 2.5800492958455052
0.9999460118071718 0.008897817964637521 -0.005366778027779889 -0.047113153553602176 -0.00893595647142929 0.9999346908748882 -0.0071247924097937905 -0.014276003003528607 0.0053030324223040486 0.007172365049975365 0.9999602167220044 3.4390162225418592
0.9999255847116747 0.010369024656884218 -0.00642715852304985 -0.06570138673723164 -0.010419655799092006 0.9999145469491552 -0.007894908010518665 -0.02015161271617005 0.006344746806920918 0.007961289288239096 0.9999481796877402 4.299230704771756
0.9998594401430755 0.014857161250826909 -0.007769473363259283 -0.08327728022371902 -0.014931962287573528 0.9998418494905292 -0.00965984004011547 -0.025232755970417436 0.007624726815955413 0.00977449573763596 0.9999231584347155 5.158434030237435
0.9997457388150971 0.02052383142708738 -0.00933970366811258 -0.10058646398062207 -0.020627161820523314 0.9997255609293452 -0.011105089812168964 -0.03084655492821945 0.00910922149723015 0.011294917797792691 0.9998947179156692 6.018779924851954
0.999687088548142 0.022565499118745183 -0.010794593075296607 -0.12448138582770685 -0.022672797182639502 0.999693691575486 -0.009923068683228887 -0.04523573369727365 0.010567367602871826 0.010164707260865546 0.9998924989558862 6.877773097511843
0.9996147412070507 0.024484177083006032 -0.0130726521459443 -0.1354257060418469 -0.024596532099961363 0.9996612874692836 -0.008504172147240852 -0.051209274629445564 0.012860006618055416 0.008822437748283651 0.9998783850158786 7.737989288272082
0.9995253505563005 0.02708608928091577 -0.014677103350816356 -0.15031108409433305 -0.027195040343781198 0.9996036725558405 -0.007275135296090587 -0.058409654505840104 0.014474231447797038 0.007670826574924651 0.9998658185194919 8.598428399297878
0.9994323378944987 0.029851351516131722 -0.015617259151239585 -0.16548785797491833 -0.02998309615704721 0.9995161870718717 -0.008270775425848786 -0.06732634469569342 0.01536280949481234 0.008734334202897435 0.9998438355515619 9.457381959822854
0.9993997724535324 0.0305467572402882 -0.01633984216357266 -0.17933720429915698 -0.030691714474582753 0.9994910749619129 -0.008695385793096328 -0.07586508477684191 0.01606591056984489 0.009191664353260177 0.9998286852376157 10.317660477653865
0.999457296609448 0.028236095714032045 -0.016965705200841535 -0.19480316111729434 -0.028400262188877975 0.9995513481967592 -0.009514590145893191 -0.0806994581571486 0.016689438628570755 0.009991257021484302 0.9998108008125309 11.17786498087418
0.9993976032849309 0.02989107591124525 -0.01763389149349378 -0.2119190184312231 -0.030061167927270087 0.9995032864418057 -0.009460791450939815 -0.08677154015745327 0.017342339265064788 0.009985187674644881 0.9997997495978472 12.037265666807038
0.9994054991386088 0.029204850098210895 -0.018322800611519235 -0.22377134530785991 -0.029385276247286783 0.9995215161437928 -0.009656309102571167 -0.10209822641361639 0.0180320223873836 0.010188988976085167 0.999785492329363 12.892917380429555
0.9993161239875554 0.03162451958564141 -0.019161787480974704 -0.24093396246920246 -0.031847903404061136 0.9994269464044212 -0.011466902349804764 -0.11642624100422008 0.018788171471812987 0.01206932316709383 0.999750636934548 13.756295070286209
0.9993010147858851 0.03170398420814466 -0.019807554953350754 -0.2658639133994016 -0.03198025785317236 0.9993933608953938 -0.013790333783273276 -0.12706079712264415 0.019358330391459486 0.014414145258710008 0.9997087013029927 14.626597518402201
0.9991404390497968 0.036085502652177526 -0.020401459597761552 -0.2942779670759724 -0.03640374239834896 0.9992177462639139 -0.015448724564165494 -0.14015020278922 0.019828025488536634 0.016178134923546843 0.9996725050513402 15.507657092151998
0.999064612215856 0.03791544171308775 -0.020792303808931815 -0.3158036879227386 -0.03823887312250383 0.9991501880577173 -0.015384742004642633 -0.1584128652959331 0.020191314972099486 0.0161654255721835 0.9996654389423334 16.39913251429251
0.999044990089983 0.03817021984488534 -0.021263633111464047 -0.3362176624574613 -0.03848869435100317 0.9991497987400232 -0.014774981723388739 -0.17321627788883492 0.020681590443215082 0.015579280945041516 0.9996647227055554 17.300501176388842
0.9989446966818065 0.04039596218817965 -0.02185541603778948 -0.35852623328574107 -0.04070975731635884 0.9990714028132848 -0.014108427975465567 -0.1891170679196689 0.02126519763691072 0.014983267987554942 0.9996615892640252 18.206252050957023
0.9989562700699277 0.039975646323746304 -0.02209792272990376 -0.3830562837290358 -0.04029374716238194 0.9990877913169446 -0.014142106669233273 -0.20724468494747258 0.021512424958430074 0.015017754240520868 0.9996557820719988 19.11878787953033
0.998930434165822 0.04058209260583709 -0.02216035778173126 -0.3844182620552109 -0.04091118735246757 0.9990560432823986 -0.014604695489124407 -0.22911236008593538 0.02154675025831907 0.015495681354816736 0.9996477486658267 20.033625691388615
0.9989878027894026 0.03902062731390462 -0.02237767910288644 -0.4129617826025724 -0.039369357661427566 0.9991066501562157 -0.01536083627126231 -0.24390792028689093 0.021758298539384834 0.016226282927870227 0.999631574224732 20.95157016217996
0.998948050062698 0.03988311310369136 -0.022630301922255406 -0.4358609241014427 -0.04021719498112536 0.9990856802971496 -0.014504504577292096 -0.25814055400139074 0.022031125794757307 0.015399373829500433 0.9996386791145464 21.879875036672292
0.9987948074238856 0.043233277503232026 -0.023233948855346763 -0.45219152049543243 -0.04353557947973489 0.9989715763407876 -0.01266660896083222 -0.2697015481540886 0.022662435492418396 0.013662846684768045 0.9996498090021428 22.815808319222178
0.9986846003367226 0.04567718479385276 -0.023295146266769585 -0.47129831028987196 -0.045942241900216216 0.9988838334468245 -0.01097258801557401 -0.27540929609926657 0.02276794807320111 0.012028385921881811 0.9996684142617743 23.752929362125304
0.9987294207347256 0.04505640971601762 -0.022571311490093577 -0.49402377919597285 -0.04527281340979462 0.9989325734646558 -0.009169843905035065 -0.2895526844001995 0.022134058029254364 0.010180059665008808 0.999703180879392 24.696558040655706
0.9987599808142915 0.04458622127402239 -0.022148805754283896 -0.5096838491484145 -0.04479206143983978 0.998956813156279 -0.008885757177709319 -0.29809110828285107 0.021729518075804335 0.009866829336494305 0.9997151963049464 25.643271008272855
0.9988874898104878 0.04155121404162373 -0.02229976035232064 -0.5313467150752956 -0.04180591199786508 0.999064318971211 -0.011079362825441563 -0.30717858036524615 0.021818533913407708 0.011999298740267485 0.999689936134005 26.59240867114679
0.9989574586384068 0.03950755455649337 -0.022872449883272084 -0.5526785951759656 -0.03985265589498656 0.9990954500708721 -0.01483399695961388 -0.3236284740796466 0.02226570566617841 0.015730059778899026 0.999628332716985 27.545332296248557
0.9990822413754823 0.035859579602225196 -0.023425744788485706 -0.5669615863845612 -0.036258262229738214 0.9992008635683565 -0.01682179135319801 -0.3401870361587636 0.02280380205630486 0.017655729806571534 0.9995840443988561 28.505118239526187
0.9991822791137199 0.033037526983504185 -0.023308687563389437 -0.580063462800497 -0.03342291557182899 0.999307670002307 -0.016342869675764263 -0.3538745919787189 0.022752622261881537 0.01710855006640986 0.9995947257237972 29.47480275109962
0.9991441489875881 0.034129582036865926 -0.023369663537551457 -0.6015752519476891 -0.03445428462122563 0.9993132541407603 -0.013635335340366785 -0.3680043545902934 0.022888246221786014 0.014428850563836151 0.9996339012139882 30.451494050712146
0.9992007623740504 0.03223278089476462 -0.0236407340602526 -0.6249849458215408 -0.03252693645236692 0.9993968177487594 -0.012165487194412199 -0.37633967905424776 0.023234346905845665 0.01292472473377349 0.9996464958246066 31.43200904404157
0.9994096750059441 0.02403197916604995 -0.02455128269310443 -0.647222001895907 -0.024351331293992237 0.9996216117240188 -0.012792421134645288 -0.3924676369204728 0.024234565577381975 0.013382725867267199 0.9996167207883417 32.4122424082815
0.999438988213405 0.020675448667099767 -0.02634833318030552 -0.675435470846124 -0.021104706531660605 0.9996473218766171 -0.01611903307027312 -0.41177293322653524 0.026005772458797552 0.01666606394210088 0.9995228572231349 33.39221674391657
0.9994129383260495 0.019719948675546356 -0.02801610841510224 -0.7052387898339003 -0.02027146061010098 0.9996035534038279 -0.019539803150870203 -0.4344401776522272 0.027619677609017672 0.020096259519508795 0.9994164766312885 34.37733614581794
0.9993467676544951 0.021868628521217334 -0.028771532199627855 -0.7425727286138241 -0.02246009294296036 0.9995396422295735 -0.020397250711087764 -0.4617357802104344 0.028312227102557787 0.02103013785447888 0.9993778820337756 35.38963271626889
0.9993208071030706 0.022602296470080514 -0.029104306986195084 -0.7747992917291143 -0.023188609368951122 0.9995316783433429 -0.019967783644541798 -0.4807164183190582 0.028639359043147142 0.02062911007337989 0.9993769193508415 36.44942137145597
0.9991680202211195 0.027742177466235814 -0.02989379462097182 -0.8074173045271843 -0.02831690049259466 0.9994188496634688 -0.01897672479227738 -0.4965007518146303 0.029349966165252424 0.019807436148608918 0.9993729258686758 37.49342654687327
0.9991485506468725 0.028777847001684814 -0.029563647647103376 -0.863044952976949 -0.02929964314319185 0.9994197224527125 -0.01737093216339117 -0.5499099132402717 0.029046594498083222 0.018222346020508585 0.9994119478241058 38.53712277227825
0.9990240343577543 0.03227027937717375 -0.03015970564305754 -0.89446662768482 -0.03277547617598445 0.9993280289573674 -0.016409104229693397 -0.5644976673829003 0.0296099128163898 0.017381588221523882 0.9994103929086908 39.57160557327346
0.9989810886920648 0.033530086204702776 -0.03020790881081142 -0.9242939716334251 -0.03399117477165455 0.9993113300428359 -0.014881723208735563 -0.5794449367578517 0.02968812006948131 0.015893362360551073 0.9994328474488002 40.60894681275794
0.9987020854710594 0.04047378352944355 -0.03091952979217046 -0.957661068717564 -0.04091274498404375 0.9990688167367965 -0.01369842042018816 -0.593400346257656 0.030336311140739945 0.014945643878714833 0.9994280043882218 41.6340863886457
0.9987371894000903 0.03950674401425132 -0.031036167395494123 -0.9961103690341099 -0.03996510076130436 0.9990988959495951 -0.014289395838840434 -0.6123723410186319 0.030443673075821704 0.01551171459551443 0.9994161142787125 42.658050831852826
0.9987871038113292 0.03779206366634304 -0.031560753856910435 -1.0261496473559883 -0.03830232659734008 0.999142500272191 -0.01572246568021855 -0.6263857563255633 0.03093950609509008 0.0169122462634041 0.9993781681070076 43.67002770328471
0.9987469398572558 0.038474680133685456 -0.03200389217544852 -1.0596541227362433 -0.03905772858811043 0.9990784615934358 -0.017796668722858112 -0.6399468470392263 0.03128967822309227 0.019024367760959653 0.9993292898079149 44.67729327330516
0.9987504810864761 0.03795739151828062 -0.0325071216606531 -1.0941320202626703 -0.03856065758614826 0.9990916609021544 -0.018136394412849928 -0.6584220040253681 0.03178918394763189 0.01936722863247561 0.9993069389527132 45.6801867237601
0.9987922542731331 0.03637550349208897 -0.03302810242339274 -1.1283393435466387 -0.03697449262815073 0.9991592747106722 -0.017709620394981338 -0.6767973361911532 0.03235613850390577 0.018909429006200375 0.9992975101518947 46.68112996634926
0.9987467767926473 0.03724866411176452 -0.03342772603972452 -1.1655667686380884 -0.03784715203634332 0.999131111363028 -0.017453234348349073 -0.6967870276119791 0.032748571404503345 0.01869650577967505 0.9992887329208687 47.677862832622836
0.9986903112762284 0.03788774394877638 -0.03438285941369397 -1.1991296709128798 -0.038606933950198465 0.9990441750755894 -0.02049977801099632 -0.7190922758866014 0.03357330507940657 0.02180034646529895 0.9991984678130961 48.666077944886794
0.9986921789168687 0.03668279406292812 -0.03561326143466633 -1.2372649268774647 -0.03755182682770927 0.9990052940440152 -0.024047510763747643 -0.7466661915855909 0.034695706826332745 0.025353403948338515 0.9990762797885125 49.645488794754314
0.998680169852929 0.03702232408216308 -0.03559867781365394 -1.2890616513937116 -0.03793653693621749 0.9989583559231594 -0.0253578843081442 -0.7687197894859247 0.03462278885087199 0.02667490676372656 0.9990443993343514 50.62836490988858
0.9986519968712491 0.037125355005596675 -0.036275296839242625 -1.3147057828315505 -0.037983445917150443 0.9990076437108287 -0.023259098082182062 -0.7963149856399195 0.03537579654687177 0.024605605520817312 0.9990711271954709 51.61120778864705
0.9986834604396695 0.03597688271589633 -0.03656514398021297 -1.3505448347801072 -0.03678668299234836 0.9990870628477891 -0.021720515753503138 -0.8152052379103668 0.035750325854005074 0.023037030195412544 0.9990951953848586 52.589515280537164
0.9987484998421812 0.03383562654305361 -0.03683184002234205 -1.3818488547746453 -0.03464341630616494 0.999168037602936 -0.021518976261325058 -0.8387459707655565 0.03607308927206188 0.02276802602635397 0.9990897603424999 53.56132399125382
0.9989049837650368 0.027705529779548696 -0.03769929746037256 -1.4072956369218415 -0.028606243556801383 0.9993129249436995 -0.02356609577416305 -0.831898243523588 0.037020484045188866 0.024618725801767355 0.999011212199822 54.52639171902104
0.9989851530605544 0.02373381954867657 -0.03828014856568822 -1.4423897775106203 -0.024702443616582154 0.9993813975695918 -0.02503220867640667 -0.8505560111925741 0.037662358449118596 0.025952418027622146 0.9989534617561371 55.49142358475955
0.9989892695755128 0.02281195377350858 -0.038730531083604545 -1.4810285998458994 -0.023769259467404113 0.9994187058098587 -0.024439164914505703 -0.8785426914382826 0.03815051215061188 0.02533505954961412 0.9989507861652964 56.451248055103214
0.998974037874422 0.02181912542731265 -0.03968371729638464 -1.5201531144930125 -0.022714627763320536 0.9994942116358682 -0.022256832478324072 -0.8999901733466036 0.03917802111447155 0.023135398677818202 0.9989643817421984 57.414549892096375
0.9989070170097413 0.02307685510084279 -0.04064763372392583 -1.5580095907205302 -0.023887406770876193 0.9995231021294723 -0.019569366551817794 -0.9197697038074195 0.04017664951762948 0.020518944128083527 0.9989818866052609 58.377636458116726
0.9987863763795193 0.025846384836808307 -0.041925395043291035 -1.581054575059818 -0.026623814132640047 0.9994817928202135 -0.018091941353059072 -0.9507149087898916 0.04143605772390824 0.019186198470762732 0.9989569274541027 59.33119398054694
0.9987461890668107 0.026665113889341244 -0.04236769436481331 -1.6348678661220333 -0.027613488665141413 0.9993774546244447 -0.021959017102461564 -0.9780505166064802 0.04175577886067859 0.02310140449484735 0.998860741065592 60.272896966592235
0.9985897203762811 0.029533167315159054 -0.04411759725047126 -1.674960422378244 -0.030882416091136955 0.9990660472151153 -0.030221013853595644 -1.0125210198170367 0.04318387123908496 0.03154085176878004 0.9985691402874945 61.19871986093487
0.9985119866249549 0.03080038098394196 -0.04500165660872404 -1.7207432707723724 -0.03237759882366556 0.9988714334487548 -0.034749827833294986 -1.0497408211331194 0.043880561307933094 0.03615516520877615 0.9983823417749468 62.11437767542602
0.9982990491605637 0.035735809886248096 -0.0460647407122626 -1.751662336021825 -0.037344408286348094 0.9987051481220044 -0.03454594454270659 -1.0793694963091531 0.04477056638972308 0.03620744407410106 0.9983409324367924 63.02718643276905
0.9981151536594379 0.03935109199513236 -0.04709173594365469 -1.7909483832035116 -0.04093645403934165 0.9986104131547542 -0.0331880922858765 -1.1147221983807258 0.045720310214183324 0.03505330651567149 0.9983390801407291 63.92724942559589
0.9979483965312924 0.0424100134074683 -0.04796236674102273 -1.8283593700330218 -0.0439967801104124 0.9985020445643285 -0.032526148569601884 -1.1427647885804564 0.04651108685612541 0.03456960751345255 0.9983194183405568 64.81197599558347
0.9978987572398024 0.042826155272193106 -0.048620887732121185 -1.862625701774908 -0.04447028482733511 0.9984571456277245 -0.033252400098528555 -1.164029360076639 0.047121800333107304 0.03534471345956764 0.9982636361021209 65.6828430270072
0.9977455590545786 0.045258483702931125 -0.0495526895312196 -1.9011784567519876 -0.046926307733342096 0.9983521904053345 -0.03302764834780802 -1.1941741347414343 0.047976254849473376 0.035278514222998485 0.9982252778831219 66.53953122625879
0.9976635504808987 0.04605328579623241 -0.0504632035171897 -1.931188096169562 -0.04774537371321431 0.9983190661839517 -0.03285454888730267 -1.224399020773289 0.0488653182823185 0.03518717040304881 0.9981853754229193 67.38461370536186
0.9976141047659064 0.046186166322927776 -0.051312142934292954 -1.9634816759534082 -0.047899096793211894 0.9983177740882477 -0.03266953421585645 -1.257588665133581 0.04971694377687544 0.03504939343094758 0.9981481681201491 68.21509833299497
0.9975484518290993 0.046439132692491246 -0.052349720229773265 -1.9894174063474246 -0.04816008176554145 0.9983235019714909 -0.03210594860326013 -1.2867272068380304 0.05077098361961016 0.03454840613035585 0.9981125762438569 69.03378092435457
0.9973103563693402 0.050426993249350946 -0.053189956103466364 -2.034355387197565 -0.05209251462984705 0.9981793054187178 -0.030404673215569538 -1.3174217769355787 0.0515598971876201 0.03309369404639371 0.9981214276912231 69.83950136275416
0.9970828616298183 0.05372809491142665 -0.05421308754609302 -2.0769504541075277 -0.0552977696361271 0.9980805737571729 -0.027880548090431112 -1.3445439148906642 0.05261106078916731 0.030797079500201857 0.9981400784343332 70.63492965663532
0.9968032270222191 0.05778878639828093 -0.0551704881680681 -2.116209826162353 -0.05932426086483706 0.9978840209601949 -0.02661038866973318 -1.379137546308873 0.05351596650467846 0.029798269730428425 0.9981222893263844 71.41258083456428
0.9966138453142915 0.06065066439782351 -0.05551882776106664 -2.1628385867650453 -0.06239916166021864 0.9975906164140963 -0.030320070360165242 -1.418414811387917 0.053546129196818 0.033681730220492805 0.9979971708864667 72.16676014069945
0.9965181505120252 0.06116716492515403 -0.05665821771915094 -2.2057467502482337 -0.06337172571223014 0.9972675992233858 -0.03796524620594739 -1.4514339744222 0.05418117828495056 0.04142358596552624 0.9976715323418879 72.89875687448057
0.9965087998542767 0.060721613818737086 -0.05729831959347828 -2.2492887920704234 -0.06327373412455636 0.9970333001647962 -0.04382958969041767 -1.48438241978277 0.05446692925916788 0.04730205046024511 0.9973945406103507 73.61266897305184
0.9964629109012594 0.06135053616643392 -0.05742629110676502 -2.2895563859107098 -0.06396885052884206 0.996940269716838 -0.04492309850106993 -1.5152814863116497 0.0544945259655181 0.04843769533131458 0.9973385264346221 74.30911461765355
0.9962494052807284 0.0643417148554453 -0.05785556332155635 -2.3288667030310637 -0.06682258646335058 0.9968797204092265 -0.04201862652646325 -1.5504928221731689 0.05497148730152853 0.04572709007014262 0.9974403083982389 74.98707633660709
0.9961770667874903 0.06494665223012212 -0.05842246118378451 -2.366362108369122 -0.06738146280937109 0.9968961039156732 -0.04071727480346238 -1.577549281730596 0.055596673248860896 0.04449820627678044 0.9974612371224295 75.64529287326467
0.9963229679978649 0.061816305460381554 -0.05932358569029237 -2.4025004988535814 -0.06448002027782415 0.9969445935486061 -0.044088596929091374 -1.6063901332689425 0.05641693384876635 0.047751667755517146 0.9972647130033578 76.27752727501006
0.9967415252856731 0.05335859328441325 -0.06049125799566238 -2.441977438925135 -0.05637650493258439 0.997190083129187 -0.0493318132688342 -1.638178304400499 0.05768900642908959 0.05258135250745648 0.9969489354554275 76.8896397285674
0.9969223275227685 0.04908948398456336 -0.06112360794909094 -2.4761984834400894 -0.05241057576945737 0.9971661151060465 -0.053971014737806716 -1.672559790030325 0.05830098141625818 0.05700843311689832 0.9966699725182134 77.48442401650398
0.996854581288979 0.05098208190689409 -0.060677599553807075 -2.5105516148734566 -0.054307112107183 0.9970373601872071 -0.05447237800484976 -1.7058959360953845 0.05772071844451804 0.05759626476920285 0.9966699498564626 78.06687518851838
0.9967024706133109 0.055177648742844386 -0.05949463969579741 -2.540831264849474 -0.05830779661005829 0.9969316011542811 -0.052226271879593 -1.7359285110571119 0.05643036352710823 0.05552305556408406 0.9968614770232749 78.63787952250298
0.996945744602892 0.05342310332642712 -0.05696625623260387 -2.571896606808066 -0.056307960839792004 0.997145618163419 -0.05029940082702135 -1.7648420588440168 0.05411650269787654 0.05335342733570907 0.9971082267874853 79.19328199303315
0.9973078381252387 0.04906878035416523 -0.05449156639808241 -2.6000518595852413 -0.051675846739537436 0.9975330720462925 -0.04751186207293799 -1.7932850119805515 0.05202579050541964 0.050199850283050886 0.997383222314194 79.7358877684835
0.997730073587838 0.043447973130534126 -0.051448750123351365 -2.6212005903215916 -0.04582287356986128 0.99789370350366 -0.045917543113169555 -1.819712558341735 0.0493453596218247 0.04817084324150503 0.9976194692091742 80.26678973592581
0.9979035482485904 0.04548359842537645 -0.04604075007156034 -2.6456031771107695 -0.04765773620312131 0.9977441002562681 -0.0472805518559537 -1.844914111620092 0.04378639712132665 0.049375628381711834 0.9978200232251525 80.77823061052926
0.9980509492168801 0.04966227018476852 -0.03778838032225442 -2.6577492713882336 -0.05148249561752168 0.9974796162427413 -0.04882589297929094 -1.8756811661153174 0.03526833441312731 0.05067616895867672 0.9980922154227008 81.279163171186
0.9981780075741998 0.054167360364223635 -0.026581238992430322 -2.656284446291213 -0.05543358915330695 0.9972361638408436 -0.04946868425155865 -1.906057917293719 0.02382818475635004 0.05085204616503018 0.998421898303541 81.76631166001614
0.9986229607167629 0.05135167486371247 -0.01073255878054929 -2.6535497433017814 -0.05183506170320056 0.9973487832136426 -0.05107377997066422 -1.930402453301307 0.008081380297435735 0.05155977221592412 0.9986372119951918 82.24031545073586
0.9988455366473615 0.046875356323582126 0.01050213736253166 -2.6443968587515414 -0.046266419038311656 0.9975644628401431 -0.05219732701803772 -1.9562199908890283 -0.012923327319836007 0.051651170828876804 0.9985815661041366 82.69977862860266
0.9982610948546939 0.045974190424308635 0.03689390619515746 -2.6239726001911268 -0.044012462686767576 0.9976594975445189 -0.05233001134591827 -1.9820667204548243 -0.039213385823638536 0.05061522275015135 0.9979480996515794 83.1536158734284
0.9968880798942155 0.04467046508274296 0.0649515643700424 -2.5901388455886494 -0.04122864630174001 0.9977217766632229 -0.053399017744785164 -2.0041198561118434 -0.06718894915795524 0.05055497919367874 0.9964586490114761 83.60197548699998
0.9942165361941601 0.04414309889062838 0.09790232876912978 -2.539241940106904 -0.038844148057647146 0.9977091041403716 -0.05538660196376705 -2.026007017391308 -0.10012298097720669 0.05126334300208451 0.9936535907168496 84.03617720003594
0.9899035873994777 0.04383743093703764 0.13479305361362334 -2.469956308211593 -0.036278046805197396 0.9976551057979745 -0.05803613697716547 -2.0442725272180367 -0.13702113331032004 0.05256015148449296 0.9891727045881739 84.4689929585938
0.9834864696522901 0.043252899339615 0.17573716371215317 -2.392110362404374 -0.033113379292201206 0.9976353317374579 -0.06022664676821316 -2.0664443489191924 -0.1779265807088016 0.05341284085132918 0.9825931000721839 84.89321535066539
0.9742845676019424 0.04538730510112061 0.22070245551047712 -2.2886060517583267 -0.03168698362133716 0.9973672466920414 -0.0652266072620504 -2.0799909002918935 -0.22308186031517063 0.056555881759499 0.9731577034770512 85.29295910466332
0.9616834297431125 0.0466736235821939 0.27016023730229416 -2.1439737802246803 -0.028639890509967587 0.9971135924191803 -0.0703152933898012 -2.1036564279484082 -0.27266231428105553 0.059883692894012554 0.9602443468702508 85.6829746641081
0.945989221720137 0.04694542643086219 0.32078110811978056 -1.9434456056197706 -0.02444850700967899 0.9969729540001865 -0.07380514546520361 -2.138518809287346 -0.3232749029762862 0.0619762529471303 0.9442734144178296 86.02376876777608
0.9260030250589627 0.047821438495846795 0.3744749759354268 -1.7300637052661152 -0.020058542258462965 0.9967757576014205 -0.07769005046065994 -2.165431065706861 -0.376982827810652 0.06442979961401678 0.923976595189284 86.3648401535515
0.9011311870922338 0.048330662212808115 0.43084420703986875 -1.5202494480525788 -0.014403600334649005 0.9965557932553352 -0.08166447958953403 -2.192902319757678 -0.43330718889390846 0.06738470167108514 0.8987236405222451 86.7005838310695
0.8710158653533803 0.04717686339391642 0.48898436157306135 -1.3183037235273183 -0.006177733923693677 0.996351297159775 -0.08512301834170212 -2.2214544749441574 -0.49121603995214813 0.07112268420374361 0.8681292334009864 87.01953891723058
0.836293210051644 0.04673166702301463 0.5462873036404631 -1.105053898013172 0.0011162961037236687 0.9962138718206653 -0.08692914054037217 -2.2563393194530406 -0.5482813335364662 0.07330806837810577 0.833074730385063 87.34093985336813
0.7972549843507243 0.04576250056734542 0.6019055436443087 -0.8814057139723543 0.007899083171729514 0.9962459584037272 -0.08620669840148783 -2.288902711684465 -0.6035909992809475 0.07348322193577711 0.7939005741785081 87.63839609622097
0.7543633262880728 0.04615003680887882 0.6548329146080966 -0.6279472230628866 0.011371108642500523 0.9964574771779574 -0.08332583071521497 -2.3208267075500078 -0.6563586442181101 0.07030412703874021 0.7511661999061763 87.93065710467276
0.7080505443438985 0.045889009815953195 0.7046691602677254 -0.35867263508956226 0.016862688507645274 0.9965030442240239 -0.08183723228792002 -2.353617643696731 -0.7059603929333456 0.0698275134195983 0.7048007108247215 88.20180868594224
0.6592349567984965 0.04587650182176266 0.7505362205220233 -0.07828471064176501 0.023977424912483936 0.9963469604385916 -0.08196229327773565 -2.3852453662047366 -0.7515546253130581 0.0720283347397199 0.6557267450433696 88.45037675676971
0.6100972371436153 0.043861243932530616 0.791111592956657 0.22308306552098273 0.03372296470212961 0.9961243499371344 -0.08123448229674483 -2.4162168561447417 -0.7916085667054309 0.07623956153475865 0.6062535825671974 88.68032594938093
0.5605578640871819 0.0469625312003868 0.8267825600925979 0.5277810746382037 0.03581809780288748 0.9960813927375607 -0.08086360684377172 -2.447592687723393 -0.827340283607537 0.0749425093338485 0.5566791494343459 88.88964128501308
0.510055760026461 0.051042180254573195 0.8586255397428437 0.8543276015147037 0.035293872720317775 0.9961550669383682 -0.08018369635666009 -2.4796393195245434 -0.8594169327004393 0.07120237670102515 0.5062931535581874 89.08185960662188
0.46032510711806995 0.05463719883588721 0.8860674761326622 1.1893355915087491 0.03733188934574913 0.9960299757472125 -0.08081223577456488 -2.5158075923806376 -0.8869651209571966 0.07027847406122889 0.45645789541754145 89.25997725714868
0.4141107795164812 0.05430847472959376 0.9086048931525728 1.531046463668703 0.046587006445898096 0.9956455676382704 -0.08074375810349727 -2.547108004323887 -0.9090335049483393 0.07576604262340272 0.4097774928745193 89.41486607479814
0.36982869751576436 0.049083435606759776 0.9278025387132927 1.8906350592650267 0.06245521968123151 0.9950314810068044 -0.0775351361640292 -2.5802525293687286 -0.9269984250409289 0.0866208297953932 0.36492567985439894 89.55791709152643
0.3303261825626748 0.04881391745596972 0.9426037420762623 2.2544007732129385 0.06669653927128746 0.9949581980548508 -0.0748983028691434 -2.6086054828381036 -0.9415074002698036 0.08760927796783897 0.3254050240103094 89.68265069205475
0.29332153200121175 0.05591889583699908 0.9543770512500986 2.6219987902406796 0.06393511598168625 0.9949055727835917 -0.07794358337003368 -2.6405783478242997 -0.9538735659451261 0.0838807387456971 0.2882520457145202 89.79494341019574
0.26027144763834376 0.06672349172453966 0.9632272572951445 2.9970646535018863 0.05408787294686632 0.9950353089862356 -0.08354182108830285 -2.670448520626805 -0.9640193335946768 0.07384246422453423 0.2553703485781464 89.89207172280548
0.22870727623656723 0.0742391324362444 0.9706603592459953 3.3782412654429916 0.049312953903820206 0.9949243578201354 -0.0877140512886644 -2.7072317381236415 -0.9722454496544226 0.06792697130966815 0.2238854890227712 89.98328523848888
0.19923377622145105 0.07988076804569151 0.9766908238070896 3.7719677735457937 0.049658516648770454 0.9945686373063359 -0.09147271402369941 -2.7442278974065766 -0.978692972354857 0.06672547177089204 0.19418490487205084 90.06676635070957
0.17448612498518384 0.08408121625054762 0.9810631688436192 4.1761395057588455 0.057229687580752475 0.9937972267710578 -0.09535111389786682 -2.78052288113738 -0.9829950941113921 0.07278338502696285 0.1685918853828757 90.13416534096497
0.1487924075385209 0.09006620745315039 0.9847582940670757 4.593416299149988 0.061949763986815634 0.9930384814036158 -0.10018383698769957 -2.8237048799766424 -0.9869260591355712 0.07591213820336089 0.14217700613153086 90.19680816802466
0.13083540957727305 0.09593366559626763 0.9867516543720669 5.016958543029326 0.06648210643560737 0.9922178345481673 -0.1052800946448559 -2.8712346448501687 -0.9891724951314771 0.07937569281466902 0.12343935460605578 90.25058225139169
0.11435627359543535 0.09785957794257735 0.9886081861355726 5.462449476474394 0.06530030036062572 0.9922438915379153 -0.10577301394261861 -2.916244928381756 -0.9912913363195394 0.07665221921506198 0.10707905410129535 90.29910695341651
0.10205254491291446 0.09569997805034478 0.9901650328495556 5.926726333541033 0.06625064510674873 0.9924981281045835 -0.10275367502837457 -2.9593494210801787 -0.9925704660626052 0.07608534622422813 0.09494677451183993 90.34384552207509
0.09181024516133429 0.09489199035311552 0.9912448683601042 6.399210432201471 0.06911976329300769 0.9924408235833355 -0.10140843163933014 -3.00190014531941 -0.9933747214449009 0.0778249436366921 0.08455732340969326 90.37616586096753
0.07454487910880264 0.09223618526406988 0.9929428720357413 6.8835385375577784 0.07175365239622178 0.9926362426928113 -0.0975945852007161 -3.0485130187410827 -0.9946328339475108 0.07852245424481963 0.06737766553476052 90.41155046454175
0.06437694151987859 0.09369572522244611 0.9935173478483336 7.378835626033708 0.07587516422001536 0.9922410573813741 -0.09849184484655402 -3.0941349207614994 -0.9950369685871637 0.08172389565929779 0.05676826598669709 90.44058602867129
0.05731417642193565 0.09610869795336771 0.9937193785766605 7.891308355559354 0.07950163517914474 0.9917552195603806 -0.10050410179979184 -3.1428964985013548 -0.9951856988446517 0.08476262532772934 0.04920083497902833 90.45885511243506
0.05212065877708343 0.09841748915064505 0.9937793692555336 8.419315787755846 0.0813985147188357 0.9914020588814204 -0.10245115639780572 -3.193002610160602 -0.9953178983270674 0.08623198637954925 0.04366149098263725 90.47543244085486
0.04890362805428183 0.10017355621332552 0.9937674244000478 8.962634405447542 0.08365579987998337 0.9910510985564427 -0.10401647560126154 -3.2459183074914804 -0.995293997927029 0.08822119181717802 0.040085895334743826 90.49587206369888
0.0461785464404232 0.10255260043084292 0.993655124272764 9.52379620345526 0.08555976597586891 0.9906548376504427 -0.10621920299987621 -3.301632119010369 -0.9952623113002945 0.08992194829209488 0.036972623933791526 90.51254302474598
0.043029435978354444 0.10437323658583586 0.9936069117734551 10.104599538820302 0.0863080675690484 0.9904217181926478 -0.10777633137576788 -3.3633866081359503 -0.9953388292997924 0.09039384722933207 0.03360903555889212 90.52747336054249
0.04118051543075876 0.1054463968686274 0.9935719513635042 10.704332587608064 0.0887384495956687 0.9900998204697092 -0.1087558415406079 -3.4272674852691996 -0.9952033222976167 0.09264665613648836 0.03141567116127313 90.54392370718703
0.039790119748689345 0.10614557485159844 0.9935541572102696 11.319872084348818 0.08986014543246133 0.9899323794889878 -0.10935738796316782 -3.495290287194371 -0.9951592338079579 0.0936322646243994 0.029851271129795333 90.56224776261423
0.03842773185140245 0.1066546786459578 0.9935532642730759 11.955744982310172 0.09050573954478615 0.9898295074990945 -0.10975544266026489 -3.5641848413709845 -0.9951542697161119 0.0941399256799514 0.028384042326017395 90.58082393134278
0.03763178332432479 0.10708813703728955 0.9935371053914968 12.606889043814025 0.09278481892245134 0.9895718376521501 -0.11017511290338688 -3.6334461170241528 -0.9949747867465581 0.09633124639299942 0.02730319957463241 90.59775914333854
0.038116625388278355 0.10716610824465114 0.9935102154043035 13.276873791886247 0.0973376265647306 0.9891064620357847 -0.11042550979641151 -3.706042229552119 -0.9945212462907742 0.10091497412548832 0.027270105857830372 90.61019888203887
0.03861652390931649 0.10691114863132833 0.9935183794875118 13.958783870213072 0.10040311921886144 0.9888131794344743 -0.11030734258338712 -3.782409168691679 -0.9941971523456926 0.10401203043405888 0.027450314983622312 90.62961490245328
0.03966565370352209 0.10757597253133726 0.9934052778449536 14.660855582320261 0.10093355380087106 0.9886711560568966 -0.11109348719995221 -3.8688859413811314 -0.9941021344074256 0.10467452084942251 0.028358262491641317 90.61401081252053
0.04136806030666636 0.10806463760647603 0.993282798444353 15.37896052304794 0.10165000398941042 0.9885203623154397 -0.1117800070527119 -3.9538647514703933 -0.9939597377537065 0.10559132249731709 0.029908399118820657 90.63661689065447
0.04299674255042922 0.1082055651655374 0.9931982862436176 16.113041362880338 0.10016839629142747 0.9886415381575101 -0.11204553277108176 -4.038881145847913 -0.994041031605062 0.10430467245890088 0.03166958775837974 90.65981549867013
0.044088369488598005 0.10810560415417493 0.9931613131945374 16.867409785914983 0.09806718527593819 0.9888583958237991 -0.11199062541497339 -4.122091361754772 -0.9942027171798978 0.10233401858249697 0.032995542015027614 90.68746414486154
0.04530709393894752 0.10807837666316839 0.9931094258623578 17.634385695157974 0.0946665391373827 0.9891919783614735 -0.11197087261008486 -4.206676706977714 -0.9944775078434696 0.09908730717487327 0.034586008012988376 90.71347159032331
0.04604081153893928 0.10805349525422425 0.9930783885656669 18.417185582195057 0.08757534661918422 0.9898683176357342 -0.11176436107064854 -4.293165735678733 -0.9950933636284416 0.09211490598348254 0.03611151836033104 90.74445738764376
0.046784033237140775 0.10865767898413349 0.9929777253452604 19.207406890470924 0.08330326033111919 0.990179079140106 -0.11227625773714045 -4.379157785182872 -0.9954254472597492 0.08797101813115464 0.037273032029822094 90.77711560440518
0.04727596326105875 0.11110682202072669 0.9926833621040466 20.005449256320194 0.076806044952364 0.9904480133762976 -0.11451447182657933 -4.46751119017373 -0.9959246029476903 0.08165786489615982 0.038290708325728576 90.80858280396461
0.04721272566652188 0.115862010968499 0.9921426071636443 20.804665992217007 0.07158790070756116 0.9903036627637442 -0.11905388691259333 -4.563111999221526 -0.9963162806094369 0.07664626495170887 0.03846061701962553 90.84042836283857
0.04596024983026255 0.12087408055422791 0.9916033037892271 21.608015647827077 0.06445587000389714 0.990224897058105 -0.12369354901653373 -4.667570268586152 -0.9968616234250272 0.06959964005966471 0.03771993963389297 90.8709045029551
0.045129442752929266 0.12337038156736334 0.9913339913211558 22.416781840616473 0.06251957384995588 0.9900509950824665 -0.12605685233987599 -4.770723490531401 -0.997022886538935 0.06766665418166104 0.036967386023757196 90.89949334209037
0.0453805542123899 0.12365738495237899 0.9912867680172655 23.231235057934988 0.06076103769869443 0.9901301642362287 -0.1262947115571987 -4.86289713679782 -0.9971202041866137 0.06596293668627325 0.03741910456663161 90.922060194373
0.045094996121409894 0.12313008894609861 0.9913654333901986 24.04558919962904 0.05783112660216319 0.9903889627741091 -0.12563941742601334 -4.959420181123889 -0.9973073759482253 0.06299748892891885 0.03754083467260856 90.94820803114358
0.045782153748236284 0.12339469008106586 0.9913010364455244 24.860324226119157 0.05995009353106274 0.990213570779691 -0.1260280545329091 -5.04186980879263 -0.9971509317469396 0.065198425621565 0.037936586729429865 90.96836565758845
0.04639751705419274 0.12379086560456895 0.9912230283866884 25.674333689427534 0.05790628654931651 0.9902897266610807 -0.12638480623710108 -5.134387245252277 -0.9972432664045792 0.06326198591881724 0.03877871514546366 90.98550727965055
0.04777052807189691 0.1252003970458176 0.9909807451344864 26.487944383500967 0.059068663781630205 0.9900230405153014 -0.12792682364496277 -5.21250631481073 -0.9971102595033233 0.0646470403684983 0.0398985032903353 90.99640244068044
0.04813416544122317 0.1261786801689241 0.9908390599830558 27.295720457902082 0.057580390280337894 0.989988707062272 -0.12886760083253568 -5.311038381179588 -0.9971798236890079 0.06325583419731388 0.04038686256149377 91.02103175489391
0.04807080758462068 0.12781420551372652 0.990632488023211 28.102416244623814 0.05709943521348862 0.9898055725493063 -0.13047828573613118 -5.4058676916636585 -0.9972105354219152 0.06283675213785074 0.040282634277108785 91.04826699618803
0.045821330446128045 0.12709165405480558 0.9908320327612347 28.905910245722573 0.053931732384873816 0.9901125257236725 -0.12949345407029345 -5.52696699446052 -0.9974927437922108 0.0593708503788045 0.038514000145200414 91.08847031956802
0.043401763941392245 0.1264386161777057 0.9910245018292144 29.710213494602833 0.052437197387165096 0.9903036337253748 -0.1286431240311619 -5.632928118615245 -0.9976806238556281 0.057549885919818834 0.03635083786738164 91.11924267525036
0.03982932135873216 0.12510079880118105 0.9913442466163856 30.516589528698788 0.051425961695976775 0.9905599930259653 -0.1270679766111124 -5.738626070664616 -0.9978822553907585 0.05604186252886869 0.033019903400049344 91.1474749670631
0.035624457750329096 0.12468429077576493 0.9915567183190981 31.323529693779165 0.05071234187614639 0.9906827020054556 -0.12639636991862238 -5.836357968828594 -0.9980777306359621 0.054786965428948474 0.028969501681170094 91.1690359333002
0.03077138927881307 0.12624531673777648 0.9915216798454939 32.125294531999884 0.05197245709255553 0.9904474181885126 -0.12772147629694505 -5.93594708840487 -0.9981743261102314 0.05546198522850618 0.023916163757984218 91.17870633664835
0.02207787509086799 0.12926310613298406 0.9913645226778718 32.92170896194406 0.05255494069203799 0.9900851307642776 -0.1302666958525424 -6.034745947162024 -0.9983739508021675 0.05497711553305827 0.015065560969852135 91.18862964651227
0.010987981056956126 0.1307619369210609 0.9913529039272262 33.716280856920186 0.05335478531612645 0.989923765155383 -0.1311648049762554 -6.142905084595497 -0.9985151632079315 0.05433465775397377 0.0039004885074142535 91.1914224392063
