1.0 0.0 0.0 0.0 0.0 1.0 0.0 0.0 0.0 0.0 1.0 0.0
0.9999999138887425 0.00029347970433048654 0.0002934146734989697 0.0033994754560572635 -0.0002933752550698446 0.9999998936124246 -0.00035595800196038435 -0.02926648182839049 -0.0002935191087324987 0.000355871890703685 0.9999998936008594 1.1990496252982425
0.9999997029265348 0.0003421295411238052 0.0006907200729312932 0.0030247108001312095 -0.00034224965997066523 0.9999999263305628 0.00017379309329160772 -0.04965313180620957 -0.0006906605622951086 -0.00017402944037241797 0.9999997463508384 2.384466011987505
0.9999990940165775 -0.0009956935129339613 0.0009058479190259453 0.005349809075391176 0.0009951061311988302 0.9999992945063886 0.0006486528445312766 -0.07451767382126853 -0.0009064931393855245 -0.0006477508420444178 0.9999993793443246 3.5760623392675672
0.999998296914854 -0.0015091793430086439 0.0010623300342946984 0.008176286752146674 0.0015083592080025545 0.9999985641293082 0.0007723935663886447 -0.09294929837763381 -0.0010634941893412722 -0.0007707898756474709 0.9999991374311662 4.7679905337010755
0.999997145213267 -0.0022291461512755012 0.0008605072644489052 0.018445905086173567 0.0022280568068546404 0.9999967179880479 0.0012648225163560446 -0.11918200351540148 -0.0008633239144982083 -0.001262901646489596 0.9999988298749403 5.963062745218952
0.9999978538857803 -0.0020012589765254925 0.0005358976974544087 0.03303824833961805 0.002000759165661212 0.9999975645591622 0.0009315785018489252 -0.14462261241314336 -0.0005377607221464828 -0.000930504300345011 0.9999994224874095 7.153598096757873
0.9999964072731399 -0.002630908561435377 0.0005135766288650055 0.035506935483730746 0.00263043053567178 0.9999961086620492 0.0009292448310232591 -0.16933376468451217 -0.0005160193885464359 -0.0009278905648534122 0.9999994363713862 8.346381935224178
0.9999929076418415 -0.00352160674152085 0.0013352722470233271 -0.0015197643351417267 0.003518919721296473 0.9999917897716448 0.002009376345431478 -0.18168021231810808 -0.0013423375174176006 -0.002004663378371428 0.9999970897231294 9.53751546677297
0.9999951558280805 -0.0029169581637592235 0.001086128649865099 0.0006789647773955184 0.0029146156866638557 0.9999934367313454 0.00215209424322716 -0.1789832004728003 -0.0010923990901829629 -0.002148918170512064 0.9999970944032408 10.72947938239211
0.9999994662619278 -0.00018847504721919428 0.0010158508828691881 -0.0025341108034468733 0.00018878379252497846 0.9999999360208242 -0.00030384046353862425 -0.1366825461988459 -0.0010157935515302198 0.0003040320775496712 0.9999994378638202 11.920645164829049
0.9999965630703105 0.002535362464160189 0.0006676711329126089 0.0026367815635571622 -0.002534105273157778 0.9999950273691873 -0.0018771114411660255 -0.12099760468239812 -0.0006724269707196244 0.0018754130407273044 0.9999980153319783 13.113021967741819
0.9999925911602383 0.003838458763456601 0.00028958410458310906 0.011820081731483193 -0.0038378251776874147 0.9999903078096111 -0.002157634061803031 -0.13499237184919713 -0.0002978632872517874 0.002156506703070356 0.9999976303753432 14.304881029684786
0.9999821966632992 0.0059668200564688256 5.8436773314201826e-05 0.016896276967754618 -0.005966680781065184 0.9999798921924 -0.002148006362345366 -0.1564518003772935 -7.125236572316586e-05 0.0021476194470925894 0.9999976913242403 15.498233045443525
0.9999821952097852 0.005942449109414134 -0.000544575064844043 0.030916921935727662 -0.005943435832802301 0.9999806657613237 -0.0018285715848901667 -0.18029264516731924 0.0005336983423135385 0.0018317756745107195 0.9999981798803224 16.68928221793129
0.999982594246336 0.0057703606433203046 -0.00123050494260857 0.04673050124777063 -0.005771537273740685 0.9999828886916136 -0.0009548201263868738 -0.20887965002619688 0.0012249742305801754 0.0009619054121647145 0.9999987870873206 17.882665840781836
0.9999802553680697 0.005824591541515115 -0.002358602845876109 0.0747303912766297 -0.005824803567860423 0.9999830322402896 -8.303560427649404e-05 -0.24519409097109177 0.0023580791771913596 9.677236304084528e-05 0.9999972150449739 19.07773826793873
0.9999754422356081 0.0064952368041837375 -0.00263188612171701 0.07802708516192863 -0.006497616890587941 0.9999784881415706 -0.0008967880694721606 -0.2648535840938486 0.0026260046540808723 0.0009138670340805838 0.9999961344658291 20.271521544291193
0.999973246129551 0.006733150445796404 -0.0028586203320508396 0.07950680992461186 -0.0067379763489266034 0.9999758850987169 -0.0016819321504071645 -0.28073712176922194 0.002847226694495333 0.0017011484684001932 0.9999944996818926 21.46629913622838
0.9999609056027542 0.00827868333590321 -0.0031065524852637136 0.08022923485865482 -0.008283430916094408 0.9999645388282816 -0.0015185052518014244 -0.2913182423942236 0.0030938710991489362 0.0015441787996527654 0.9999940217188584 22.66083618513167
0.9999446808925996 0.00996619505214666 -0.0033630508143806526 0.08498669211463673 -0.009974516997809645 0.9999472103388768 -0.0024668899768063753 -0.28537426953134865 0.003338287773386683 0.0025002983181673186 0.9999913021337048 23.855405858222667
0.999932251334005 0.011145514615717757 -0.003357118713925131 0.0773521420293366 -0.011156688122541517 0.9999322235022082 -0.0033281694767043225 -0.29412163854279044 0.003319797018629776 0.0033653983241436606 0.9999888264585136 25.049710098823322
0.9999243659366858 0.01189403072203822 -0.003129606892284829 0.06698081213729826 -0.011902676822058218 0.9999253551132692 -0.0027587109438604457 -0.3153576226055884 0.0030965610904133043 0.0027957529907611752 0.9999912974994474 26.246184922613566
0.9999359715853103 0.010926102356129274 -0.0029449986494162 0.057151123589918584 -0.010929027724677501 0.9999397970673533 -0.000979078083383024 -0.3418944757488442 0.002934123844507158 0.0010112013664540637 0.9999951841829349 27.444877052371424
0.9999355125177056 0.010905744196296235 -0.00316789353963282 0.0586110669915934 -0.010907714720146388 0.999940325833005 -0.0006054193320349335 -0.36680920885105095 0.003161101949858027 0.0006399347690605565 0.9999947989454516 28.64046649981589
0.9999344977534576 0.01083364627660395 -0.0036921959446958533 0.06770176484046032 -0.010839666272153187 0.9999399459158258 -0.0016143720028498445 -0.37877015083968585 0.0036744846780120514 0.0016542884297087734 0.9999918807131101 29.832024937339323
0.9999302553944748 0.01106721070135073 -0.004123250420784023 0.07388710038800139 -0.01107807908792539 0.9999351974135134 -0.0026224296596039595 -0.39585920768304944 0.00409396024189969 0.002667924453542571 0.9999880607630516 31.032018210327546
0.9999127352215113 0.012322303363531262 -0.004762644397108102 0.0909216991657552 -0.012333257707544761 0.9999213486239175 -0.002277568977086056 -0.42013200757623914 0.004734204912705409 0.0023361091462526374 0.9999860648518568 32.23619220988067
0.9999132035866444 0.012222014416143205 -0.004920127712323998 0.08808311497619642 -0.012232781013654704 0.9999228347597303 -0.002164161439662511 -0.4294002322804063 0.004893297637172466 0.002224160443075644 0.9999855542699395 33.425024278081644
0.99991095844396 0.012267368103321711 -0.005252319820697438 0.08826045026924097 -0.012276751374103494 0.9999230924468715 -0.0017580009054687764 -0.45328830921821683 0.005230349833398392 0.001822325794908563 0.9999846611670191 34.61994413853762
0.9999128635900706 0.011950675370845395 -0.005607725500206641 0.09089209088719477 -0.011961278573989868 0.9999267293646182 -0.0018611064055764853 -0.47225839194628255 0.0055850731401125295 0.001928019802320165 0.9999825446964873 35.818111413385786
0.9999082118843232 0.012257999325526335 -0.005771417402232423 0.08836975129077818 -0.012268045111081996 0.9999232852160072 -0.0017084355358891361 -0.4950398689124623 0.005750032647546393 0.0017790827308558988 0.9999818858305333 37.01523010879399
0.9999179588862548 0.011398722372157572 -0.0058433402286947045 0.08370413020570515 -0.011405048335481671 0.9999344085981284 -0.0010504160969847273 -0.515844708393321 0.00583098355435267 0.001116973497427049 0.9999823758451925 38.213263248339544
0.9999149986498674 0.011691862623546045 -0.00577025332436045 0.0759671143991917 -0.01169377097340564 0.9999315813873939 -0.0002970934657367143 -0.5237091968948774 0.005766384955645795 0.00036454423322450314 0.9999833078167085 39.41241907475982
0.9999123847644761 0.011938764398414391 -0.005717403191747043 0.068066410709448 -0.011940130200378325 0.999928693129524 -0.000204809864144299 -0.527512181058109 0.005714550324903619 0.0002730584581972274 0.9999836345429175 40.60995632081054
0.9998991908429082 0.012978817258886725 -0.005758337803317945 0.06547438235829939 -0.012983728569882506 0.9999153746088136 -0.0008163414358606945 -0.5405086925077061 0.005747255355411773 0.0008910238362205154 0.9999830874231842 41.80677983263442
0.9998797400640492 0.014357178280607355 -0.005863176721494759 0.06459961552926112 -0.014361225431739741 0.9998966618266186 -0.0006487465483335363 -0.5616290670180522 0.005853256661668695 0.0007328709327585894 0.9999826009919619 43.00440596990132
0.9998397600936733 0.016874813594546068 -0.005974512697668831 0.057510232649404976 -0.016874194412448293 0.9998576087806497 0.00015403367474051328 -0.5610934835429546 0.005976261269069185 -5.31939036189133e-05 0.999982140576347 44.20474710928554
0.9998610572241043 0.01567684552093614 -0.005665929862639664 0.05171392691561885 -0.015667374518421973 0.9998757933118245 0.001712111196680366 -0.5612888743869147 0.005692066619000906 -0.0016231030660450914 0.9999824828035953 45.405221958017094
0.9998628510933292 0.015738464939841292 -0.005155552817681211 0.042071467923583426 -0.015715646507361073 0.9998666568426113 0.0044370022803814115 -0.5831255437037935 0.005224696964818088 -0.004355370904737177 0.9999768663753722 46.60587478496518
0.9998748844485429 0.015184909840187309 -0.00443102269886616 0.0293364744984524 -0.015153553609456125 0.9998604906588388 0.007026310018232021 -0.5928505186907215 0.004537098413944715 -0.006958285177567518 0.9999654979074882 47.81143096359695
0.9998947358479041 0.013964603614008595 -0.003937901668770804 0.020191639672026234 -0.013933031130751844 0.9998714514889213 0.007934175505232299 -0.6004316125276238 0.004048193073308898 -0.007878473414434437 0.9999607701252586 49.014667233514466
0.999925900364701 0.011535395774014816 -0.003889527500635997 0.02216960182946765 -0.011507857213718851 0.999909071803406 0.007029747335448923 -0.6190596384596387 0.003970264750620368 -0.006984466306629066 0.9999677265933249 50.21362079021778
0.9999115365142461 0.012704048600429342 -0.003940341974610446 0.027830754602103987 -0.01268221115603525 0.9999043500512914 0.005518357427608289 -0.6285671270733283 0.004010070562057415 -0.0054678970055257025 0.999977010453953 51.414853750125175
0.9999039967342946 0.013252123765265432 -0.0040470397197551146 0.03217522642802838 -0.013230024149746427 0.9998976839648431 0.00543949103689779 -0.6456343240453954 0.004118710451137752 -0.005385426394767231 0.9999770164392616 52.616207647392116
0.9999078241785967 0.013447054943092363 -0.0018761289352115516 -0.010991998988201676 -0.013437241376803272 0.9998964597559016 0.005148816543353859 -0.6563489137864075 0.0019451710993138847 -0.005123131949603379 0.9999849848014831 53.82099738446463
0.9999143803728555 0.013005784939915976 -0.001442734093438054 -0.020699550192276005 -0.012998289985495891 0.9999025731877901 0.005088083125270772 -0.6830119659537008 0.0015087680473380189 -0.005068894409372297 0.9999860148664316 55.0248365883823
0.9999108852491504 0.013325884039916911 -0.0008014828845623316 -0.04135694685550921 -0.013320880060419475 0.9998935433219196 0.005954509010242933 -0.703710773137155 0.0008807466579419283 -0.005943301918280396 0.9999819505609258 56.22979804016966
0.9999156564229296 0.012937680412240008 -0.0011386245438953968 -0.04174609179263811 -0.01292803009005733 0.9998835417946439 0.008109801858838254 -0.7347703535454617 0.0012434139663805603 -0.008094397676775467 0.9999664667617406 57.437214950097
0.9999095845041596 0.013141202705067197 -0.0028515974790227043 -0.0073247029753453485 -0.013114432964894084 0.9998715707943161 0.009211599498274084 -0.7511169125088208 0.0029722827468681447 -0.009173369542956531 0.9999535063324204 58.64177452139367
0.9998980152745969 0.013827356477621577 -0.0035725708896928833 0.00026073532746419357 -0.013790460738333787 0.9998533531561297 0.010153589270244253 -0.7770631989019636 0.003712444281814289 -0.010103286360641539 0.999942069003085 59.84777386403387
0.9998875910926032 0.01445404981535296 -0.003985677227984319 0.005468337751056437 -0.01441091511247627 0.9998394736286038 0.010646713093630225 -0.7930605344546618 0.004138925543106296 -0.010588079052045903 0.9999353788507221 61.051539305242954
0.999891641867878 0.014073434284743483 -0.0043177505939398005 0.01153352376581359 -0.014027559738328048 0.9998467176304269 0.010477061202915616 -0.8006500619105655 0.004464536991233828 -0.01041535842374193 0.9999357920478494 62.25539021311818
0.9998965546275266 0.013244317326479547 -0.005609643710315214 0.02729248754139133 -0.013187246675549342 0.9998621214004381 0.010091318731193871 -0.8117507794013269 0.005742522888014785 -0.010016299075599144 0.9999333463705018 63.457399366835325
0.999906525521906 0.012492929160329127 -0.005555802345710709 0.01817961924319729 -0.01242948791765916 0.999858780374117 0.011310488003998025 -0.8182607174090841 0.0056963188827845205 -0.011240374983905989 0.9999205998085088 64.65776361613098
0.9999132023123836 0.011887888146711791 -0.00568031309041067 0.011439280412373846 -0.011813889811317424 0.9998471565630285 0.012887805102250103 -0.8297026868944828 0.005832653677346887 -0.012819579877624922 0.9999008143425239 65.86089290948068
0.9998964620254581 0.01333792604179459 -0.005400459042954655 0.006614146414610454 -0.01327726659003449 0.999850057510276 0.011116505233021535 -0.82264054960134 0.005547920409321218 -0.011043650918163894 0.9999236262602912 67.0584441693599
0.9998829836540281 0.014563021058887578 -0.004683739612355812 0.026162617136668568 -0.014500891912444998 0.9998098754284124 0.013035993616403821 -0.8781928542017706 0.004872692567927662 -0.012966549790199955 0.9999040581244171 68.25085123129224
0.9998620614172585 0.01655438851983315 -0.0013454958803756772 -0.029319013705475593 -0.016533608411662935 0.9997622689385236 0.014214267472713964 -0.8910877359877651 0.0015804845204798119 -0.014190060874798457 0.9998980669253495 69.44415118043173
0.9998120431338413 0.01934200856122838 0.0013285741795311824 -0.04580644240953769 -0.019359422155103605 0.999705079566922 0.014661741435296286 -0.892140833797952 -0.0010445948274949077 -0.014684706088729614 0.9998916282421484 70.63536265474387
0.9997584099778128 0.021976387836888753 -0.00040007034086517315 0.011839283717243132 -0.021967658316027462 0.9996407839357238 0.015353341020206199 -0.8702308849048731 0.0007373376060238096 -0.015340843197658006 0.999882050475575 71.82402302604748
0.9997618283825984 0.021822924476721774 -0.00021558378092273258 0.020551758649507448 -0.02181611603728018 0.9996177088914175 0.016985086155863048 -0.8889209653472248 0.0005861656175700036 -0.016976337589641264 0.9998557197775647 73.01041622595069
0.9996923024636863 0.02444565066829065 -0.004208391409644921 0.11584053718879367 -0.02437101719366551 0.9995591814816723 0.01695571398190006 -0.8608071320772409 0.004621029733612018 -0.016847933971079265 0.9998473849568782 74.1918991810658
0.9997340690319397 0.02288327673193169 -0.0028542709839913197 0.1098470053429677 -0.022841319635896383 0.9996416977967589 0.01395529087137757 -0.8495543571129559 0.0031725910752932814 -0.013886384411493785 0.9998985463505013 75.37015655548218
0.9998015209773583 0.01984797950493792 -0.0017252133004343692 0.10274976533204228 -0.019834148493741 0.9997736712055008 0.007694993034694376 -0.8383649681192391 0.0018775528990308938 -0.007659247603213439 0.9999689048771789 76.54550202492877
0.9998013375827097 0.019917831016540172 -0.0007519145033876943 0.09990921468976038 -0.01991225096950918 0.9997785055982229 0.006814837130256907 -0.836934909521723 0.0008874847329000889 -0.006798510967940119 0.9999764960335158 77.7212200644008
0.999834074107906 0.018195434476171037 0.0008662661305834333 0.10108210359587151 -0.018203412318402192 0.9997810186582049 0.010322330682987487 -0.8594096138356252 -0.0006782571428802926 -0.010336386940612934 0.9999463480968679 78.89952606859083
0.9998384197309474 0.017748853605698545 0.0028482671231267217 0.08844454191786917 -0.017779494025447422 0.9997801019603646 0.011119231822500828 -0.8678615360755128 -0.0026502871769447487 -0.011168075922329842 0.9999341228591379 80.07342731168295
0.9998666236313701 0.016054187939311956 0.002999666250190051 0.17060741337176058 -0.016088042284132995 0.9998029970215392 0.011625060955225862 -0.9097332781183234 -0.002812444393623364 -0.011671769204281944 0.9999279273828565 81.23601469705648
0.9998583629567596 0.015758016234328147 0.005910917846390684 0.1735589274043741 -0.015805822326309022 0.9998420256844716 0.008130169479314966 -0.915576138305234 -0.0057818687305470125 -0.008222444863414377 0.9999494794210612 82.40078157247382
0.9998779901456842 0.013794848411546542 0.007328504590214586 0.18738648626192325 -0.013825385027349011 0.9998958846060826 0.004132635559294005 -0.9217405887224953 -0.007270732498991889 -0.00423345073466594 0.9999646065455545 83.55987562863773
0.9998908272053824 0.012269965125825994 0.008232959756161189 0.20969415681890607 -0.012294515104542103 0.9999201034624455 0.002937956772496993 -0.9328701724852096 -0.008196253344043265 -0.0030388562756229164 0.9999617926619281 84.71941240693499
0.9998961056897662 0.011087483272488118 0.009211163939553187 0.2296898718506022 -0.011123972871132076 0.9999304441361144 0.003919708830488573 -0.9421959311855643 -0.009167063542997065 -0.004021766332818477 0.9999498939154718 85.87909864326181
0.9998886093642284 0.011080019726416099 0.010000101326024996 0.2490797403760104 -0.011119001724637884 0.9999307663393753 0.0038510165667945103 -0.95434779742619 -0.009956739642876892 -0.003961778743501419 0.9999425821740326 87.0334825534936
0.9998924956701973 0.01008747570032973 0.010641425488091353 0.2746639361715695 -0.010103433134581263 0.999947912253822 0.0014468649275348375 -0.9719566476025209 -0.01062627598542357 -0.0015542243141660798 0.9999423316599131 88.18633130462482
0.9998857288181734 0.009672539746950076 0.011617714086381894 0.29323320553728055 -0.009656072432141567 0.9999522945865497 -0.0014726901507503894 -0.9785034703587003 -0.011631404512546312 0.001360340375992353 0.9999314276004768 89.3363786851264
0.9998829439764036 0.00903449012305477 0.012348130761195378 0.31240228484525356 -0.00900389300637462 0.99995626044577 -0.0025312261933415833 -0.9835204652865928 -0.012370458997503456 0.0024197486498660115 0.9999205551245876 90.4871050893608
0.9998880074230038 0.007184747663904726 0.013128290546003495 0.33238802926404487 -0.007154942160183607 0.9999717213366733 -0.002315886365017929 -0.9872118828568492 -0.01314455835464621 0.002221694843417132 0.9999111383806487 91.64100449852717
0.9998834746787733 0.005982301918805928 0.014044540863069076 0.3493383058655133 -0.005959001138021349 0.9999807994149067 -0.0017003255458480054 -0.9917717086678352 -0.014054443060442838 0.0016164359798815412 0.9998999248749769 92.79667358442055
0.9999556288367095 0.0034127487172112424 0.008780290654257065 0.49289319321586234 -0.003404381296844152 0.9999937368070219 -0.0009677472370969054 -0.990064946890651 -0.00878353833974446 0.0009378128397419834 0.9999609842195407 93.94473730091958
0.9999575451737981 0.0013331883863616084 0.009117590620175803 0.5023213437731859 -0.0013284856784921265 0.9999989814137887 -0.0005218210302281884 -1.0022609131750584 -0.009118277018861164 0.0005096862878457569 0.9999582977525093 95.10145919700379
0.9999570510906683 1.645843337236253e-05 0.00926799348152642 0.5161115953480238 1.3234937664594396e-05 0.9999948677594669 -0.0032037914356774434 -1.0097820168631046 -0.009267998645342647 0.0032037764976455357 0.9999519188527335 96.25555091700292
0.9999544806514505 -0.0019653131350305508 0.009336710843132862 0.5283028801377232 0.002033363745290638 0.9999713995632143 -0.007284606198444583 -1.0179516458982807 -0.009322127276879472 0.007303259537244656 0.9999298777130154 97.41489887134438
0.9999531532874261 -0.0014717781336234868 0.009566875125037832 0.5426577152284213 0.001572691389968156 0.9999431184309024 -0.010549243786875065 -1.0271192130985534 -0.009550804799837756 0.010563795331621537 0.999898589035842 98.57551703565534
0.9999542299455941 -0.0016238229022080115 0.009428743982919714 0.5622456874758519 0.0017322421435913137 0.9999323488943256 -0.011502042072328477 -1.0511257896037072 -0.009409428838625123 0.011517848490925374 0.9998893947907795 99.7444321408056
0.9999537304554691 -0.002631582772620134 0.009252660174304584 0.5768871243354602 0.002723945599256405 0.9999464494106333 -0.009983908625424615 -1.1144943895593857 -0.00922589120695715 0.010008650417483068 0.9999073506321766 100.9189219100193
0.9999573598465747 -0.0016918855181852794 0.009078326501105577 0.5848479769266592 0.0017734064235034913 0.9999581135770511 -0.008979204924888809 -1.1221273767513842 -0.00906275445570502 0.008994921612744877 0.9999184756103153 102.10128095614526
0.9999614134518248 -0.001629114768170569 0.008632357296848006 0.5938188001381595 0.0017007122964566043 0.9999641641612443 -0.008293248518478425 -1.1300065968698942 -0.008618537295446448 0.008307609666847073 0.9999283496513691 103.28711245567922
0.9999680308055213 -0.00029748672291173353 0.007990548703127138 0.6037332428536811 0.0003626505265326345 0.999966682494478 -0.008154899483380856 -1.1385922439472733 -0.007987856503653783 0.008157536554507785 0.99993482224885 104.4799821994851
0.9999719180711929 0.0009208061824996633 0.007437417898245499 0.6078469613069816 -0.0008586581894497018 0.9999647277180937 -0.008355000047442739 -1.1497088002337623 -0.007444848899243374 0.008348379223139517 0.9999374374375701 105.67932025867631
0.9999759424859728 0.00247555265755025 0.00647966730084019 0.6106982945167083 -0.00241650402136295 0.999955629377407 -0.009104931891516448 -1.1587924607965003 -0.006501919532308858 0.00908905470740013 0.9999375551137789 106.8799415629143
0.9999735038651977 0.00512561053259687 0.005169108649178482 0.612989497890633 -0.005070951655270599 0.9999316748492058 -0.010532382568668426 -1.1682098568411323 -0.0052227403600779735 0.010505891201179198 0.9999311722479705 108.08570580533681
0.9999687397845841 0.006447934416161929 0.0045764173099503555 0.6003080572376674 -0.006397227862125904 0.9999189305420871 -0.01100944227694219 -1.1814510205362407 -0.004647034464040223 0.010979821735081016 0.9999289217666204 109.29327979417884
0.9999734667684425 0.00563301727308352 -0.0046189690953010185 0.6955054006855538 -0.005676787695189527 0.9999385840307337 -0.009518521317712369 -1.2232291470525303 0.004565067421840011 0.009544489667506775 0.9999440298718829 110.50272203585521
0.9999553373167678 0.0074418946707247476 -0.005825939874263228 0.6813735559338026 -0.007497254798522562 0.9999263976297423 -0.009538893735289197 -1.2390502556594836 0.005754523628826124 0.009582146258378043 0.9999375320143197 111.71896198839588
0.9999384367351791 0.008715937410772997 -0.006866962549545166 0.6600937290052842 -0.00878284454653323 0.9999136597342405 -0.009774186336946634 -1.2576599352931466 0.006781178457819491 0.009833896070704224 0.9999286525081647 112.93562445092218
0.9999096340805325 0.01082617129945516 -0.00796979848739843 0.6422999439321733 -0.010909365473669571 0.9998856728997468 -0.010470285324803277 -1.275638429957741 0.007855534220967134 0.010556284612293295 0.9999134239709394 114.15460171990959
0.9998708767990407 0.01295258921963981 -0.009511054706184432 0.625510753533074 -0.013060570371869612 0.999849944256343 -0.011380266787282479 -1.2939493804790665 0.009362223596891801 0.011503017130107934 0.9998900086340629 115.37502352241411
0.9998300808687031 0.014733652426295426 -0.011078306561165638 0.6108368551443136 -0.014871163866575242 0.9998120983971462 -0.012434483662339063 -1.3133790924573892 0.010893019569224418 0.012597118117912214 0.9998613177535112 116.59834847476567
0.9997795061342956 0.017247643566339024 -0.011977391421843037 0.5830375719379424 -0.017409563616975786 0.9997566395530366 -0.01354875508253283 -1.3379626881583169 0.011740792500081929 0.0137542888230731 0.9998364732947291 117.823773125977
0.9997083718931433 0.020565298886818118 -0.01265858003316175 0.5610977767059617 -0.020743614355751824 0.9996851114709374 -0.01412021128735641 -1.3600280770084967 0.012364207626045485 0.014378678139369508 0.9998201738236454 119.05206490584845
0.9996436580551307 0.023331460447056578 -0.012969189009493082 0.5428814342860981 -0.02351292973114766 0.9996252131370784 -0.014020534801097802 -1.3950139811502835 0.012637208774671092 0.014320482326308772 0.9998175957345057 120.28333615882444
0.9996078348328774 0.024704794510898506 -0.01318520644133334 0.5305757240114494 -0.024891338445745346 0.9995896396373279 -0.014176515795368796 -1.4327146321169688 0.012829567845630973 0.014499153695690874 0.9998125708006492 121.51298410467147
0.9995400058201163 0.02720991922093014 -0.013393918810851826 0.5166591547925655 -0.027398270631249277 0.9995253504021615 -0.014085761245067859 -1.4645166749050411 0.013004288967031073 0.014446252089268538 0.9998110792890001 122.75396975168401
0.9994992865826204 0.028723143531905998 -0.013272420520672987 0.49096409405686187 -0.02889686357616826 0.9994967135567924 -0.013087813592479671 -1.506149428151568 0.012889817543020645 0.013464791673721123 0.9998262609018084 123.99387349637125
0.9994953802759069 0.028810882931839265 -0.013376017038239898 0.47540343008220615 -0.028983088797568824 0.9994971229013466 -0.01286397588937381 -1.535432510655295 0.012998668042213333 0.013245162762986833 0.9998277853173068 125.23500614909491
0.999365326844076 0.032947034705898014 -0.013543869680444257 0.453594436119625 -0.03309590663299146 0.9993925373865791 -0.010918662013054994 -1.572741039666204 0.013175904749686156 0.011359978877770042 0.9998486617553298 126.48072068042121
0.9993290846045879 0.034010944860498875 -0.013588093797581796 0.4338660366505631 -0.03412391082865625 0.9993842150614352 -0.008170030342458535 -1.601500917311721 0.013301856002591407 0.008628227844400848 0.9998742992552372 127.73057035759783
0.9993313599161311 0.03309063579416581 -0.015551299332004779 0.4840689248439638 -0.033209527572419344 0.9994206442624767 -0.007450040294681508 -1.6606064656216672 0.01529576302746761 0.007961510203067177 0.9998513159408724 128.97810948176064
0.9993224366080657 0.03329789779152295 -0.01568176311463454 0.4682818700957816 -0.033441511900620696 0.9994002737416197 -0.008986552563471497 -1.680156213522242 0.015373125040760311 0.009504885472255534 0.9998366487475044 130.22828904965553
0.999402528772591 0.0307591259963011 -0.01576266636371635 0.44850866572504877 -0.03089620931126556 0.9994862149717786 -0.00852820799358342 -1.695600436408014 0.01549224751753648 0.009010119273962896 0.9998393911111547 131.48374718483325
0.9994572532292321 0.029011334019556075 -0.015605815130397473 0.4208342689483632 -0.02913469684028998 0.9995455548782622 -0.00773648260716873 -1.7014109959731376 0.015374277462787581 0.008186954348986308 0.9998482911777091 132.74153533894304
0.9995565313009785 0.025605773976320294 -0.015201482579971257 0.3914230770775729 -0.025713758196150426 0.9996451797523065 -0.006951060164355308 -1.7078481839079924 0.015018101510692545 0.007338864834031761 0.9998602890854114 134.0037830280403
0.9996042405971994 0.023719953461647094 -0.015123689624988173 0.3707861699370731 -0.02381862564209614 0.9996959513510654 -0.006377924804342534 -1.7272105289015969 0.01496780720804979 0.006735626182135696 0.9998652889701278 135.2670608364051
0.9996939966359888 0.019287877134278417 -0.015488411332860167 0.36326820461515835 -0.019416403731825526 0.999777929249403 -0.008191181349362763 -1.751513434843317 0.015326981310278752 0.00848940406791801 0.999846495049358 136.53025857918485
0.9997403124423987 0.01657114925484339 -0.01564303966458704 0.35069874319771094 -0.016719229516147464 0.9998161930037015 -0.009383366771629686 -1.7732785972082807 0.015484671193167647 0.009642469598513096 0.9998336100262288 137.79707786403603
0.9997512774012561 0.015336455385134347 -0.016191864339088948 0.34944696997319497 -0.015489716510123914 0.9998360032448323 -0.00938271271194607 -1.8107727347401152 0.01604531137097888 0.009631186407639901 0.9998248787819742 139.06402829025535
0.9997604510826671 0.014858663652492884 -0.016070487405278656 0.32968215637219545 -0.014999729458166597 0.999849705902741 -0.008693314809863373 -1.8494743126290492 0.015938901065096545 0.008932285299052626 0.9998330689230943 140.33735367676593
0.9997566659051152 0.01519420142811358 -0.015992036182067366 0.3209132734091106 -0.0153175636009715 0.9998536435263616 -0.0076199588180542975 -1.8661655434946063 0.015873916454890006 0.007863063653600037 0.9998430831917386 141.6128687604918
0.999726796245307 0.017154746910085325 -0.015876004772743785 0.3001410887102407 -0.017255999282546328 0.9998314895250109 -0.006262830267414109 -1.8980427615477617 0.015765892231460264 0.0065350755656381505 0.9998543541083855 142.88678599166644
0.9997270690923401 0.01696818933793334 -0.016058264994403968 0.29482570699311095 -0.017091750632353745 0.9998251254326244 -0.007588847999400628 -1.9355948385589261 0.015926687802549612 0.007861240629100603 0.9998422583144858 144.15924826484263
0.9997074132269946 0.017384877402544432 -0.01681826318882778 0.313946805183959 -0.01753039032731407 0.9998098273737406 -0.008543681985112314 -1.981781267884609 0.0166665339516705 0.008836012935098291 0.9998220599293897 145.42959044718373
0.9997018862100029 0.01730296476349854 -0.017226320517012287 0.31218814705148024 -0.01748345785384317 0.999793241025254 -0.010382865774480676 -2.0228090914243593 0.017043104460003535 0.01068094614774953 0.999797704528148 146.69910492533964
0.9997161521555779 0.016349200179192756 -0.017329707809005352 0.30405206285814534 -0.01659454612801991 0.999762742498806 -0.014109562362829321 -2.0601060547030605 0.017094916146323455 0.014393136029588478 0.9997502695559444 147.96595071943503
0.9997164576988888 0.01661141580180455 -0.017060629268716963 0.28874986038725264 -0.016916564795621505 0.9996966574916816 -0.017900358529220027 -2.0876498027628934 0.016758103756110834 0.018183890260850207 0.9996942092927618 149.23183094381963
0.9997131335333576 0.016603294381979473 -0.017262133604507325 0.2780625784986209 -0.01692899575793454 0.9996781189344239 -0.01889623312618434 -2.124303607277495 0.016942837529244026 0.019183043017118123 0.9996724219048261 150.49712437169407
0.9997115365767892 0.016616180924298517 -0.017342034677782673 0.2618233007281163 -0.016940037327314323 0.9996816614211891 -0.018697886338293692 -2.1643720179615835 0.01702582657681059 0.018986267396766898 0.9996747685521099 151.760721319995
0.9996987814963215 0.017229651468390332 -0.017478140205617276 0.24465826848397065 -0.017550974418709658 0.9996766389550936 -0.018400565871752494 -2.20236487853863 0.01715545311914591 0.018701781672469116 0.9996779150259105 153.02913639758827
0.99968165569351 0.01803274873857576 -0.0176467346218342 0.22694953989527092 -0.01834279930487399 0.9996773906143137 -0.017568619986146883 -2.240101852096978 0.01732423110972473 0.017886717627556014 0.9996899200997119 154.29242754742063
0.9996683561398247 0.01861357699530472 -0.017796417733349175 0.2095279600297061 -0.0189173225706935 0.9996755856316355 -0.017054571199607557 -2.2807357430728556 0.017473197745585246 0.0173855757306458 0.9996961684017085 155.55710552291808
0.999659071193695 0.019634949771466084 -0.01721075616091485 0.14884203831921075 -0.019939661819715983 0.999644219481254 -0.01771565252056873 -2.293959218969665 0.016856786961749776 0.018052789401812146 0.9996949262290669 156.81959743928073
0.9996392288814357 0.02045709664679512 -0.01740457635541381 0.13074987735441015 -0.02076496961279363 0.999627759297186 -0.017696295642500366 -2.321821245703971 0.017036082833430177 0.018051316829270636 0.9996919134625533 158.0804867867168
0.9996466355035709 0.02006176333236879 -0.017439317027519555 0.10652980946814342 -0.020349522503839767 0.9996570484907117 -0.01648278910574529 -2.3659860259519645 0.017102662373327193 0.016831846447576237 0.9997120524855687 159.34431350851852
0.9996176403631846 0.02124456025010878 -0.017698636515782684 0.08931662366510545 -0.021532495827638564 0.9996362366700114 -0.016240257376322967 -2.400862136265726 0.017347181274518887 0.016615143574341698 0.9997114645265565 160.60568902807782
0.9996049623760282 0.021619532110464874 -0.017958703309059926 0.07421674666082884 -0.021907113318774252 0.9996323851420017 -0.015974134134622547 -2.4659523401081973 0.01760674811703279 0.01636124709907877 0.999711114279573 161.86479254572237
0.9995754370392992 0.02260227578036358 -0.01838702796107851 0.0637917166655863 -0.022911274921140992 0.9995968075686359 -0.01677187467396577 -2.5085011097960037 0.0180005319138347 0.017186024209796594 0.999690262742755 163.12661532844166
0.9995438217295974 0.02377029099624267 -0.01863120254154151 0.04636446222140328 -0.024086393908841503 0.9995665229188163 -0.01692961572083803 -2.5422357297759715 0.01822070445010601 0.017370651281430845 0.9996830829835023 164.3906997671113
0.9995416490803105 0.023578377788122846 -0.018988203040127858 0.0331065221061003 -0.023919963884994854 0.9995523966798822 -0.017967793944827316 -2.577888511512957 0.018556052423753765 0.018413755520908674 0.9996582448647449 165.65230320190528
0.9995172364111483 0.024469435066576544 -0.019145256972486688 0.015587910879081672 -0.02482697909834905 0.999517484377173 -0.018665999388663073 -2.6207064978648247 0.018679272626900802 0.019132307018497097 0.9996424558822414 166.9144513169027
0.9995063574883297 0.024886571313627797 -0.0191755028268401 -0.008260957834601037 -0.025236989004751586 0.9995148209958892 -0.018254232263491973 -2.662973403351877 0.01871191402247435 0.01872915315243031 0.9996494801158091 168.17631838595463
0.9994883496289144 0.02546209579174247 -0.01935770218699783 -0.02976829586743846 -0.025795871824487757 0.9995193728231653 -0.01719291563408002 -2.7000809825191094 0.018910630684431405 0.017683467676848152 0.9996647853245797 169.44114173386367
0.9994732692791023 0.025969563207517962 -0.019461905953766668 -0.05291426724205095 -0.02629341925420792 0.9995168698061413 -0.01657356560475929 -2.7436888877684678 0.019022095059823628 0.01707655585132875 0.9996732221780228 170.7041256959585
0.9994097121626906 0.026727669947947293 -0.021583764593815637 -0.020114326519577064 -0.027071761331150492 0.9995084538189302 -0.015810454861273065 -2.787084621412636 0.02115057855749741 0.016385432665777556 0.9996420212371214 171.96959371561107
0.9993974032228565 0.027445362279181904 -0.02125047107184496 -0.05279929500916027 -0.02777203521362684 0.9994982082526053 -0.015233048280775477 -2.8330647445332517 0.02082173123215066 0.015814037725888786 0.9996581274212197 173.23258046405454
0.9993913238204752 0.028488391244052683 -0.020134384437666172 -0.09198220942251208 -0.028807627414216726 0.9994609288298605 -0.015747137686452216 -2.8725900867770364 0.019674919952101667 0.01631757662394164 0.9996732637307049 174.49603895640465
0.9993674244423723 0.03029247563826841 -0.01863107305347836 -0.14795051705075796 -0.030583845631598765 0.9994111151643635 -0.015557997053147837 -2.9158669232717562 0.018148811250372758 0.016117965306704965 0.9997053725196086 175.7554394502685
0.9993722717897789 0.03106574071327506 -0.017028861725663147 -0.19800373246599 -0.0313151679894257 0.9994031886225831 -0.014581729143260405 -2.959797529827112 0.016565706490525026 0.015105837446131221 0.9997486639368517 177.02178817618164
0.9993922919079086 0.031410899793259776 -0.015112982804039712 -0.2529572276733589 -0.031639450232680624 0.999384838718858 -0.015129088797936497 -3.0008499903373336 0.014628467589980735 0.015598061195543795 0.9997713280660274 178.28335241308903
0.9994337709238578 0.03034429734504012 -0.01453826521815208 -0.2749122779065944 -0.0305756947351659 0.9994049029992214 -0.01596767837160031 -3.04911836721992 0.014045085559706355 0.016403154567116905 0.9997668088568789 179.5430206035874
0.9995238611515341 0.027247660012818843 -0.014478121858672257 -0.2939104892883405 -0.0274706565192218 0.9995034638983283 -0.015433362745880962 -3.0964825084003054 0.014050409927530684 0.01582373783493819 0.9997760725791545 180.80415049672192
0.9995136272264034 0.02790428815723828 -0.013923350572190393 -0.3208112451104448 -0.028079351741545314 0.9995270323444935 -0.012540399450760834 -3.1257099052194572 0.013566834357832477 0.012925258800035326 0.9998244239317514 182.06568532858955
0.9995324961940509 0.027317725840863227 -0.013730655737175607 -0.33705587461997555 -0.027444491097895148 0.9995816321095851 -0.009130205776196687 -3.1559306034185437 0.013475494813435919 0.009502768229394387 0.999864044975871 183.33034850832485
0.9994954265073173 0.02869308537072718 -0.01362348130486803 -0.35115670344176764 -0.028824546669606703 0.9995388334477578 -0.009553320846029051 -3.1912328161558885 0.01334308436035594 0.009941191166237718 0.9998615578258562 184.5870801678201
0.9994467277224225 0.03039819040744206 -0.013497720729614126 -0.36087815061577466 -0.030564851176462782 0.999456885582222 -0.012317618878912317 -3.2245670592786513 0.013115956598831165 0.012723359707182948 0.9998330299606323 185.8369502143847
0.9994257238004305 0.03101381661525001 -0.013651585436904092 -0.3703855137765266 -0.031202542967335725 0.9994173181871544 -0.013835657554603401 -3.2607274765379617 0.013214534360203568 0.014253676246931636 0.9998110865533999 187.08628865163354
0.9994216995546785 0.0310978737142272 -0.013754588677659177 -0.3814932014660708 -0.03128039188132667 0.9994226920458702 -0.01325970239247405 -3.307384207675806 0.01333429949372031 0.013682283224679272 0.9998174791344523 188.332564876873
0.9994219256035589 0.0311773009522795 -0.013556936534671089 -0.40098907631443914 -0.03133507672729208 0.9994417875479437 -0.011585606132893476 -3.3616068007166344 0.013188160954765823 0.01200371643712173 0.9998409789573179 189.57872166976767
0.9994230173237493 0.03142099563435975 -0.01289780899370453 -0.4315762062631632 -0.031535164630056796 0.9994643774613682 -0.008745946347641314 -3.421617255430437 0.012616094294500866 0.009147634618094792 0.9998785701002125 190.82278004108807
0.9994453039441002 0.030692986132353075 -0.01292381624614257 -0.4414731038632283 -0.030797030430721472 0.9994942011401792 -0.007929993934736274 -3.4559590420977013 0.012673884200752137 0.008323610360590858 0.9998850384768393 192.06179153748263
0.9994563194586006 0.030267420407667726 -0.013074737325581245 -0.4428392896753843 -0.030377838511283804 0.9995037699629378 -0.008330711689752477 -3.4905201708180567 0.012816100095184682 0.008723364702964701 0.9998798180214503 193.29571202644343
0.9995126586147115 0.028196916515766023 -0.013393250835918363 -0.4448094015994312 -0.028334074327803636 0.9995468352857041 -0.010163872407729493 -3.5096826635426885 0.01310059162547206 0.010538404496746236 0.9998586482747074 194.52699329528292
0.9995316497240322 0.027335898412233085 -0.013756084397468376 -0.443990761268325 -0.02749417954251219 0.9995563652349311 -0.011451760110034109 -3.544453758613032 0.013436937569189168 0.011824608929252198 0.9998398008343294 195.75369127746734
0.9995635658732779 0.02609149407444728 -0.013853220407548305 -0.4493544668921907 -0.02625734990524466 0.9995840438568672 -0.01192857253432972 -3.581302063829614 0.0135362237958214 0.012287115353748126 0.9998328847570642 196.97429562952894
0.9995715873652828 0.025847800810971055 -0.01373072923354167 -0.46196332346837554 -0.026004267814670207 0.9995974904272426 -0.011341745323459353 -3.6156313021210598 0.013432043309614587 0.01169394393674277 0.9998414033674204 198.191410353074
