1.0 0.0 0.0 0.0 0.0 1.0 0.0 0.0 0.0 0.0 1.0 0.0
0.9999998440303325 -0.00015902820321321662 -0.00053539643378228 0.015951393780118884 0.0001596136678366161 0.9999993892252691 0.0010936510256210413 -0.009497087256718455 0.0005352221854181214 -0.0010937363116331966 0.9999992586387716 1.3106387326678155
0.9999990899891636 -0.0013147575345512543 -0.00030237967832640636 0.0001008682313823131 0.0013150696906662227 0.9999986002409613 0.0010344601620586062 -0.017366480277139745 0.00030101919077546067 -0.0010348568710386856 0.999999419229183 2.6253916211808805
0.999996217673498 -0.002719462297217756 -0.00041129492105149764 0.003701840392467896 0.0027194287088088704 0.9999962989682966 -8.220223067930137e-05 -0.0233357826715185 0.00041151694470307733 8.108343254753059e-05 0.9999999120396367 3.9419725430707486
0.9999951586822303 -0.0031022941934838203 -0.00024162540893153306 -0.0015469317332021354 0.0031023187249152994 0.9999951826751029 0.00010121816195288777 -0.04563207736738309 0.0002413102364273678 -0.00010196727095413827 0.999999965686022 5.261241146186068
0.9999932664157939 -0.003647477669444863 -0.000403769392482176 0.003342587777592873 0.003648028857593971 0.9999924034971576 0.0013728923599023223 -0.0800665169138398 0.00039875873102158043 -0.0013743560778115913 0.9999989760678986 6.581509484961799
0.9999884642263746 -0.004792284740940519 -0.0003246862162425264 0.0008644738918973053 0.004792831210520954 0.9999870629478422 0.0017037329413675953 -0.07386645498111027 0.0003165172423825238 -0.0017052694537208978 0.9999984959353315 7.90872021574853
0.9999909842231508 -0.004230165689931028 -0.00037036556311196005 0.00016377835492132242 0.004231017771356636 0.9999883325943413 0.0023309148004788966 -0.09766643737542942 0.0003605010860916721 -0.0023324608087506213 0.9999972148288926 9.238793130274166
0.999993692385541 -0.003499220681490619 -0.0006088051859979083 0.006725852775902907 0.0034999626567343792 0.999993128497619 0.001221973381703467 -0.12840681881982957 0.0006045250480622953 -0.0012240964693827194 0.9999990680682157 10.569198072899443
0.9999994624944404 -0.0007678684617259887 -0.0006966985403281549 0.01022749857888488 0.0007674660934597313 0.9999995386757433 -0.0005776193345033386 -0.14911085483271921 0.0006971417545941829 0.0005770843315226683 0.9999995904834403 11.903733401779204
0.9999967442063634 0.002422138339564675 -0.0008030084291029565 0.014114931653941879 -0.0024228617652728023 0.9999966588302003 -0.0009011488789725437 -0.18260415667450167 0.0008008230388661472 0.0009030915234378212 0.9999992715538151 13.241198739023924
0.9999874019139817 0.005013470710504144 -0.0002472342210094785 0.015259165051743847 -0.0050137565252419795 0.9999867473962767 -0.0011693063415409923 -0.18991969786978133 0.00024136866141750944 0.0011705311827079532 0.9999992857987048 14.579726000821758
0.9999811238184846 0.00613297581198221 -0.0003723095628523933 0.017612242078613623 -0.006133182531902328 0.9999810369223708 -0.0005566576056308666 -0.20473767632781067 0.00036888853508648553 0.0005589305405681941 0.9999997757589247 15.930005169781664
0.9999922467620318 0.003937800069126581 -1.2101215983374585e-05 0.008528877910724703 -0.003937783273459679 0.9999915664740222 0.0011665520657089701 -0.20806479987648271 1.6694762732532135e-05 -0.001166495369187321 0.9999993195046878 17.28166011415349
0.9999999165920505 0.00037116914040282757 -0.00017043873197577667 0.013524672374540816 -0.00037085584975666717 0.9999982485187778 0.0018345095570301314 -0.2065926426970745 0.00017111934679095014 -0.0018344461958166843 0.9999983027612216 18.634239532742853
0.999999146550438 -0.0012729196868707235 -0.0002942343733493186 0.008489890892822496 0.0012726549351576018 0.9999987867551616 -0.0008982414042329879 -0.20272570318534813 0.0002953774055380245 0.000897866178801909 0.9999995532941568 19.986338752693605
0.9999953585656511 -0.0030257502582394973 -0.00035732692229989606 0.0025636541130783126 0.003024883065739459 0.9999925378288128 -0.0024029917037561464 -0.2245906521854946 0.0003645951086334792 0.0024018996782717043 0.9999970489698169 21.340918278244672
0.9999998188462713 -0.0003979641541682682 0.000451588259885973 -0.01996558974120716 0.0004001711304545408 0.9999879265078657 -0.004897622031686183 -0.2159555245677125 -0.00044963372962928945 0.004897801857048154 0.9999879046100899 22.705504512022138
0.9999956954513489 0.002933650077881735 5.268769890385361e-05 -0.007850073333482878 -0.0029334244196698917 0.9999882214843964 -0.003866770441537661 -0.22407812044610922 -6.403082972781114e-05 0.0038665992414536055 0.9999925226272238 24.072013684476154
0.9999904201126683 0.004019276699813195 0.0017335217621849417 -0.06906644778574085 -0.004015699901583097 0.9999898113467356 -0.002061881912304889 -0.21663045438021195 -0.0017417913738605535 0.002054900856538698 0.9999963717660578 25.447388589585216
0.9999967513312122 0.0021398996784552345 0.0013849752301142604 -0.054880882353487564 -0.0021382414829619906 0.9999969967746287 -0.0011976498167879394 -0.2249458926645211 -0.0013875339211791998 0.0011946845145304895 0.9999983237378592 26.819041288187428
0.9999964878493383 -0.0024384932392445876 0.001038286911499922 -0.05850778658761777 0.0024411691490977445 0.9999936822753349 -0.002583815512344161 -0.2499553935938271 -0.0010319797352306116 0.0025863410715710944 0.999996122921328 28.193435925039278
0.9999935013579554 -0.0034421240261036214 0.0010719253919317315 -0.06353433438853846 0.0034465832938735093 0.9999852975731889 -0.004186370869773328 -0.279457345959844 -0.0010574996242739417 0.004190038144195719 0.9999906625938539 29.568705999803132
0.9999873533545205 -0.004884068937868441 0.0011995839409533217 -0.0658095843055395 0.0048911518688138835 0.9999701918160538 -0.005974287636243841 -0.3076143122239511 -0.0011703693508642921 0.0059800794287807385 0.9999814342704609 30.94838845144101
0.9999971032457875 -0.002027053947210946 0.0012979030505653585 -0.0627536199568252 0.0020353225287345843 0.9999774394138735 -0.006401415896252767 -0.3349634043353631 -0.0012848977537513891 0.006404039004243263 0.9999786684335795 32.33382751378811
0.999997226300114 -0.0020194040883450295 0.0012121877767920439 -0.0625618276892559 0.002029631681473152 0.9999618467178708 -0.00849621703010738 -0.3461948835348342 -0.0011949842324435614 0.008498653758866876 0.9999631717703263 33.71654067893483
0.999998675967682 -0.0008490567179423292 0.0013882238913367844 -0.07179633366868643 0.0008605907673422035 0.9999649420004326 -0.008329114815044055 -0.36108263862965206 -0.001381103332095794 0.008330298479690773 0.9999643487049052 35.10980399249469
0.9999994187558567 -0.00018155210144081872 0.0010627919753785926 -0.06092968337901712 0.00018999550557272527 0.9999683814134208 -0.007949847491033144 -0.37325735790684145 -0.001061315059880166 0.007950044795929576 0.9999678346817393 36.50712532287403
0.9999983030216629 0.0017576665430494886 0.0005518714682296325 -0.04776017264894735 -0.001753776913328567 0.9999741631502969 -0.006971176256646234 -0.39552680397160495 -0.0005641102128812858 0.006970196567271066 0.9999755487708094 37.90511765518997
0.9999865644763308 0.005163341775326952 0.00045909534479544666 -0.04460317085360469 -0.005159616245175287 0.9999564537433605 -0.007776180116503988 -0.3833056542681787 -0.0004992264285595848 0.007773706883652918 0.9999696596668621 39.30093736983673
0.999968481905115 0.007905787630785154 0.000730560275473923 -0.05521608942709947 -0.007898787519766446 0.9999270904344517 -0.009133617629872134 -0.37331792136619524 -0.0008027154519239879 0.009127559215258724 0.9999580207742099 40.70381444059606
0.9999310122019661 0.011724125643056364 0.0007181327568561491 -0.05408526286750006 -0.011716203611163899 0.9998794512444378 -0.010188893564219224 -0.3578913813651521 -0.000837502055156431 0.010179776865288702 0.9999478340059949 42.11061881315164
0.9999142540653005 0.013079691351714589 0.0006373312925747707 -0.05521322772242349 -0.013072310850442866 0.9998598189309574 -0.010462178376500951 -0.3802557774844265 -0.0007740840148238833 0.010452949894465866 0.999945066807393 43.51821693771671
0.9999168355149215 0.012890926022955225 0.0003822042582042006 -0.05464216104838699 -0.012886004658506076 0.9998577517087686 -0.010882427662379391 -0.40305417353987233 -0.0005224344602472679 0.010876597545034766 0.999940711586481 44.927870605313316
0.9999201592260984 0.012630677035884353 0.0003757271187853707 -0.06661278067566956 -0.012625686465917683 0.9998577513531187 -0.011183429722085959 -0.43799890288994775 -0.0005169279610840994 0.011177793015603588 0.9999373929045675 46.34061386789404
0.9999177729776295 0.012823515827438618 -6.874067266774557e-05 -0.06262944319895707 -0.012823485196826603 0.9998556215814687 -0.011148731736886207 -0.46854445214613677 -7.423518988548742e-05 0.011148696504870652 0.999937848596291 47.756223412288925
0.9998928942695294 0.014627093585479005 -0.0004981190060170878 -0.06144895788877447 -0.01463156977963541 0.9998362487488405 -0.010648608060673248 -0.4937030767564731 0.00034227925174827784 0.01065475579672352 0.9999431778975374 49.17877572343897
0.9998665158368932 0.016323605081805873 -0.0007003037367718854 -0.07014932176839854 -0.016330344851391888 0.999805695009856 -0.01104047385271254 -0.5218833664828167 0.0005199473291737362 0.011050436325822218 0.9999388068835933 50.601185837490966
0.9998394745544857 0.01788563283637795 -0.001062666763915024 -0.07141276497859582 -0.017896365401044896 0.9997778361314776 -0.011135460731008944 -0.5495110157925976 0.0008632659156572795 0.011152691078920661 0.999937434169587 52.0272036192812
0.9997978029171458 0.020072877852474438 -0.0011970199525779628 -0.07673997173773746 -0.020085099530939753 0.9997348178816688 -0.011264221763533932 -0.5502221437184562 0.000970597176728866 0.011285986435640764 0.9999358401674056 53.456172239082385
0.9998166911096209 0.01908594944401924 -0.0015201027690154999 -0.0784219655950085 -0.019101166288714853 0.9997600933845423 -0.010719194099438103 -0.5808624772517773 0.0013151520896427296 0.010746264911628861 0.9999413923652878 54.88349066526108
0.9998345292555674 0.018137160192494065 -0.0013991170247167526 -0.09292559717921457 -0.018151002191119637 0.9997789341882878 -0.0106124395304952 -0.6141596190098478 0.0012063282119784409 0.010636078858407104 0.9999427076581752 56.31513604243516
0.9998808766165208 0.015336038835585611 -0.0017431263322078463 -0.09152152109205333 -0.015354677859776164 0.9998189742981117 -0.011236213832668021 -0.6336788485069036 0.0015704917698375436 0.011261640480158711 0.9999353524149932 57.74405153364065
0.9998972495039293 0.014242005278926289 -0.0016296380305851127 -0.10401046424400145 -0.01425857288341936 0.9998416047850913 -0.01065168719502691 -0.6837812865184358 0.0014776785184582191 0.010673829041516305 0.9999419412344842 59.17138094374937
0.999913479161477 0.013075530301630375 -0.0014369058844246065 -0.1010348199249075 -0.013090031132406902 0.9998582006072451 -0.010593854982687312 -0.6980547105900275 0.0012981818602057732 0.010611747536232454 0.9999428511360463 60.60097607212114
0.9999277476959484 0.011983050945852797 -0.0009517760952994562 -0.11600610084203813 -0.011992202637221366 0.9998752974697872 -0.010275046744990688 -0.7247225455985922 0.0008285309977961385 0.010285718240989235 0.9999467573509365 62.025565222712736
0.9999850671445234 0.005354845996959598 -0.0010913809190319526 -0.12450063086246528 -0.005367645787209401 0.9999125845396724 -0.012083528371096827 -0.6205387461188092 0.001026580081939605 0.012089206075706313 0.9999263959061159 63.445946640548904
0.9999988999857033 0.0008569537800903991 -0.0012106434655167221 -0.12270987404580634 -0.0008729130786063388 0.9999119126743995 -0.013244052045377899 -0.6008962480013209 0.0011991872827077964 0.0132450942632459 0.9999115608031636 64.86584653010267
0.9999994445205954 2.3971859372350318e-05 -0.0010537475262255974 -0.13390827981705727 -3.8400378503604285e-05 0.9999062225970847 -0.013694690103818635 -0.6168062646060845 0.0010533204213341528 0.013694722961004204 0.999905668090301 66.28340975446608
0.9999988311373736 -0.0014882681929160476 -0.0003504021559212075 -0.17180141181420844 0.0014830251585734302 0.9998935419959697 -0.014515691892998499 -0.5921865655230465 0.00037196809534980756 0.01451515527093592 0.999894580396952 67.69655196212713
0.9999994352414103 0.0009930519536311816 -0.00037863528102160204 -0.17243276999280913 -0.0009982699494082308 0.9999009449414034 -0.014039364743322123 -0.5992081882304667 0.0003646559566957827 0.014039734794693141 0.9999013715726807 69.10962206545142
0.9999913160863503 0.004158098944728947 -0.00027922222929999894 -0.17329041187577449 -0.004161464965281964 0.9999016974776659 -0.01338945819010564 -0.6257034677070672 0.00022352008908000222 0.013390503890731684 0.9999103182007485 70.52363166652175
0.9999870147624917 0.004877512563845935 0.0014765424437046953 -0.25146272558150495 -0.004855405360242992 0.9998812916797618 -0.014622844716350733 -0.5462539914385545 -0.0015476902746543986 0.014615485623143295 0.9998919902843574 71.92917010356076
0.99996830965167 0.00766184374224242 0.0021623697300901567 -0.27936558410737666 -0.0076291967673865115 0.9998625132039239 -0.01472243343394627 -0.5750386743473563 -0.0022748734172802865 0.014705469730747812 0.9998892809261101 73.32880619484891
0.9999549270696495 0.0091576459204532 0.0025062622220757254 -0.2925956738544063 -0.00911904389447089 0.9998458641885702 -0.015003029809383587 -0.601994852520335 -0.0026432683520426128 0.014979498863651793 0.9998843071806922 74.73118939139003
0.9999457179132355 0.009772289388286174 0.0036143584622892345 -0.342125796875676 -0.009717171800164093 0.9998407982753833 -0.014965115310272456 -0.6338421384382007 -0.003760026487729514 0.014929181630459299 0.9998814838452886 76.13222140987422
0.9999558877523044 0.008444532464837584 0.0041124713919315666 -0.36078887792229075 -0.008379610462518101 0.9998438853484767 -0.015555933265417021 -0.6048648430932884 -0.004243191958373799 0.015520786149933026 0.9998705418799437 77.52824020414427
0.9999575499730294 0.005718836354935686 0.007224483558016715 -0.5344256227178341 -0.005599898513673782 0.9998501983521701 -0.016377484292831774 -0.5661201544794522 -0.007317061471051052 0.016336332693443256 0.9998397795874886 78.91115951910777
0.9999529680042689 0.0024620296477200427 0.009380841618198469 -0.6649180819560068 -0.0022978512199391082 0.9998447085724151 -0.01747222422911585 -0.5381851567250135 -0.009422401987975138 0.017449846697184093 0.9998033412581804 80.29536017230429
0.9999547232836332 0.0013076937917330432 0.009425567340909395 -0.66275799121531 -0.0011440054177428748 0.9998488066315403 -0.017350940294057707 -0.5690865145239973 -0.009446831974536567 0.01733937180035205 0.9998050327694965 81.68068290308287
0.9999493463930447 0.0005279439526960665 0.010051165270956848 -0.6955449633989206 -0.00034577159035953386 0.9998358026688142 -0.018117619700566936 -0.5478961246604918 -0.010059079984202015 0.018113226570379004 0.9997853399270672 83.06654309167634
0.9999125227779972 -0.001162626883307693 0.013175548962755915 -0.8809208325497901 0.001413958828213888 0.999816914575907 -0.01908240153504124 -0.5143227411824101 -0.013150950998763513 0.019099361943338295 0.9997310972762552 84.44031689753761
0.9999039485657049 -0.0010770487315936248 0.013817872800855285 -0.9119181909441576 0.0013380259982256153 0.9998206422118167 -0.018891614371923122 -0.5402772977813163 -0.013795047268455103 0.018908288478314297 0.9997260491242997 85.8218465925476
0.999869724945237 -0.0016503694776956483 0.016056444765943943 -1.0445960928572806 0.0019557617201222217 0.9998171364770138 -0.019022844240474908 -0.5326459160566006 -0.016022113906373786 0.019051768618434262 0.999690112974256 87.20025895723516
0.9998404102251225 -0.0036375056222480912 0.017490644176399374 -1.0999928843251665 0.003949623503910992 0.9998329902780982 -0.01784354297028236 -0.5782493953849578 -0.0174228170809042 0.017909776782614427 0.9996877939339673 88.5774965456921
0.9997872303390503 -0.005637570641011444 0.019842173475636906 -1.2265348729508245 0.005972210552663261 0.9998402524823868 -0.016846430395497755 -0.6205507466415784 -0.01974403079627645 0.01696134762403328 0.9996611855697372 89.9484783297835
0.9996926004394331 -0.007638172860083217 0.023587347074271355 -1.4098451289195422 0.008051135922741492 0.999815098312322 -0.017462771746615 -0.5861788515464681 -0.023449602064772476 0.017647308635605697 0.9995692515583517 91.3047834448517
0.9996743851864777 -0.009946218884906642 0.023498858098430605 -1.3895843601656144 0.010366035910822285 0.9997876221963382 -0.01781167601565565 -0.6084739431346597 -0.02331670863420017 0.018049466277002983 0.9995651793983138 92.67072290889209
0.9996575107893018 -0.01124005336045782 0.02363307688367439 -1.3719995393706457 0.011676904343128014 0.9997619880169896 -0.018428706446119426 -0.6345245620442053 -0.0234203122843619 0.018698355991099 0.9995508293507305 94.03269558569603
0.9995429650012215 -0.011471668339720416 0.027968946030712167 -1.605112420401781 0.011988025158478589 0.9997594864495116 -0.018364544835294584 -0.648102887649433 -0.02775154715263831 0.01869144402424056 0.9994400840225109 95.37020226274716
0.9995374505991076 -0.012100599270468129 0.02790090226374186 -1.5665937533830314 0.012631079183124233 0.9997412906648484 -0.0189158023475607 -0.6803439103253364 -0.027664791495779696 0.019259471360291405 0.9994317045573536 96.7226507969079
0.999540589513496 -0.011297576882324118 0.02812427193012303 -1.5392939663844745 0.011863335518222343 0.9997289639841488 -0.0200314712780108 -0.7007717063003728 -0.027890342152680797 0.020355916284158386 0.9994037049595319 98.07416092316178
0.9995535265169634 -0.009636876623593976 0.028282118669621832 -1.5050765479520527 0.01020867168429207 0.9997449830650977 -0.02014328321323934 -0.7259135799933721 -0.028080787915285888 0.02042301263545772 0.9993970031498739 99.42352501433311
0.9995591201547671 -0.008755753701941947 0.0283707964734427 -1.472044431490525 0.009312045407856465 0.9997657981977772 -0.019535469389868942 -0.7511156541163586 -0.028193104223348434 0.01979104674016557 0.9994065555834524 100.76823927483608
0.9995210163046161 -0.006321950120909939 0.030294734064765703 -1.5156775217236618 0.006936899116866499 0.9997711463774979 -0.020236953863297914 -0.7108583162335149 -0.030159863992209136 0.020437412206332804 0.9993361270294797 102.11235431439268
0.9995270401750713 -0.007759907469414655 0.029757012533625324 -1.462311643498933 0.008392673633301964 0.9997400524709026 -0.021198832863175584 -0.7560564637340166 -0.0295847762902659 0.021438547561392803 0.9993323419615285 103.45127937678444
0.999535025526525 -0.008748987324282757 0.029209381480744447 -1.4135420246993335 0.009423175214212511 0.9996905038046671 -0.023023908696227943 -0.7974625125043872 -0.02899890540296926 0.0232884482859965 0.9993081164795274 104.78864032759586
0.999529542830115 -0.01027600769959758 0.02889803930335151 -1.3723425738502841 0.010959177958108978 0.9996618226205567 -0.02358255315753953 -0.8551023545819281 -0.028645932142325695 0.02388815733168833 0.9993041411457246 106.12321026762172
0.999515559530192 -0.012065849488291045 0.028689049011286067 -1.3271284017250757 0.012732378984337643 0.9996505770899621 -0.023164849429776972 -0.8868672523640179 -0.02839952081365561 0.023518907283948207 0.9993199328632069 107.46694244957212
0.9994879922406398 -0.013631342518393931 0.02894719101950823 -1.2887934832058077 0.014281538763425215 0.9996476412967378 -0.022374782689823614 -0.9159770229522032 -0.02863199289819777 0.022776737058109894 0.9993304904943429 108.80747457123469
0.9994606143743486 -0.015849547654084906 0.028762339153993625 -1.2384967869903563 0.016471377753617317 0.9996328747008205 -0.021513008443052314 -0.9759842822149816 -0.02841080831912562 0.02197515998881678 0.9993547509839138 110.14382193434065
0.9994337435732852 -0.017696816045160435 0.028618436521785907 -1.1948723479951502 0.01835707937743179 0.9995674785756833 -0.022975495872367007 -1.0081101285850647 -0.028199465310860084 0.02348783676106082 0.9993263289238745 111.47508320028096
0.9992598430485792 -0.016903811019125654 0.03455469929774539 -1.463962010759959 0.017786030358409723 0.9995195096341979 -0.025385172536385083 -0.9329928160357178 -0.0341089899383966 0.025980974455204774 0.9990803600170213 112.77413737198557
0.999268638016337 -0.016055459206722775 0.03470462946978575 -1.420352014350934 0.01701289255402558 0.9994778134493756 -0.02747111045079854 -0.9687235044672626 -0.034245445885826016 0.02804144525726265 0.9990199831754945 114.09671297916721
0.9992950022064477 -0.014011198025348774 0.034830803825194184 -1.370831413292248 0.014968403234418394 0.9995131751530143 -0.027374433330231648 -1.0134022211917406 -0.03443029871822997 0.02787649593176861 0.9990182458317466 115.42672937872743
0.9993200637125866 -0.012478523073606073 0.034694332727006796 -1.3081196443843643 0.013408042703059118 0.9995538511195703 -0.026689381838261597 -1.0388865533897877 -0.034345809822214336 0.02713641785381907 0.9990415307552132 116.75805384903835
0.999331200410913 -0.011856312105040063 0.03459161384714943 -1.2468337387874329 0.012734838884318329 0.9995990824996657 -0.025288300544260334 -1.082841107661551 -0.034277919479934485 0.02571190636833972 0.9990815392684589 118.09043661794749
0.9993440519479689 -0.012940314822931712 0.033823277317508796 -1.1632144432823162 0.013809683561461117 0.9995769458116125 -0.025597305363275574 -1.1042371648505385 -0.033477731048355115 0.02604760361745173 0.9990999769140435 119.4216181969278
0.9993276702347547 -0.0141053571914006 0.03384148935373416 -1.1134721590746168 0.015008978617579575 0.999533534261369 -0.026597827878107227 -1.1214969456466906 -0.033450531595670324 0.027087871556831247 0.9990732251194042 120.76394488678247
0.9993321177498673 -0.013871819968473439 0.033806671594908154 -1.06118297813112 0.014811429006042013 0.9995064469503849 -0.02770350294486193 -1.1356943758528475 -0.033405688203697964 0.028185725383237218 0.9990443558122223 122.12727811976488
0.9993288035740192 -0.012704044193792964 0.03435912700346158 -1.034592584569052 0.013668295354369807 0.9995151382810613 -0.027976169307043285 -1.1859627517226206 -0.03398705708683175 0.028427022498193483 0.9990179099207701 123.48222597063196
0.999313749924422 -0.013210320960079286 0.03460515325959465 -0.9996033882421322 0.014212892502941379 0.9994816105789909 -0.028887779442631385 -1.2333202659978517 -0.03420559747597132 0.029359794525132137 0.9989834731199282 124.84060204665742
0.9992233705533957 -0.013791548807500675 0.03691136574823581 -1.060822980657495 0.01488004967750769 0.9994575770158547 -0.029379174038622852 -1.246195604595309 -0.03648615986240003 0.029905600262946076 0.9988865877622988 126.19300629211138
0.9991917288314298 -0.015939731239670393 0.036902764162918836 -1.006202311465414 0.017044272511081336 0.9994101775763101 -0.02981257673291642 -1.2840773089891262 -0.036405793624434656 0.030417460855487497 0.998874064267203 127.5473748899033
0.9991721175377394 -0.017268022153191263 0.03683605497423951 -0.9434173123846126 0.018353518016826872 0.9994010776590199 -0.029336570187999633 -1.3231282387208396 -0.0363074084940568 0.029988354154676773 0.9988906199897664 128.90284486751403
0.9991423128588105 -0.019134233632077547 0.03672219708103554 -0.8803318343347163 0.02020618876558651 0.9993738455517647 -0.029045253702573593 -1.3607048607131615 -0.03614344464373622 0.02976235760806692 0.9989033253918495 130.2587074445638
0.9991290100609561 -0.020198245640874784 0.0365137251953724 -0.8240091882899337 0.02126340684091586 0.9993525727890366 -0.02902245319490944 -1.405201117332436 -0.035903882577375666 0.02977358112427704 0.9989116302671154 131.60575921666336
0.9990913757657591 -0.022501223634171535 0.03619554952540536 -0.7668443627196324 0.023561242290072327 0.9992978828586548 -0.029130897273487662 -1.4536117857615412 -0.035514655175428296 0.029957240346450326 0.9989200533669327 132.95798708125864
0.9990635466166566 -0.023815858052494327 0.03612249613425819 -0.7217212152860147 0.02485425530889246 0.9992826044477696 -0.02857520675555217 -1.5160201783121412 -0.03541603894828507 0.029446245147821674 0.9989387482883564 134.30795132071884
0.9990408897930122 -0.025019183578660543 0.03593523305395574 -0.6784056658268314 0.026064987996695998 0.9992414044041561 -0.028934963714191183 -1.5752129943037092 -0.035184043575418086 0.02984386331336404 0.9989351464936133 135.65962742691937
0.9990466166314736 -0.025603635835564863 0.03535974588714152 -0.6230828150297277 0.026643815344887068 0.9992164972904635 -0.029265998128279097 -1.6272086357332836 -0.03458272547198954 0.030180214952459487 0.9989460394457514 137.00377553958666
0.9990784254669419 -0.024674678429828022 0.03512064935161111 -0.5730996763797672 0.02573630875378644 0.9992153876233604 -0.03010401216494617 -1.6339926206614124 -0.03435028643583644 0.030980144949338703 0.9989295713115587 138.35493559180293
0.9990751428810349 -0.02570274230692725 0.03447068196513455 -0.5144027222494647 0.026746213307788345 0.9991871853259655 -0.030159720722659784 -1.6893103317693838 -0.033667476159225794 0.031053787502947926 0.9989505309727754 139.7029927111443
0.9990997781190718 -0.02529447416221488 0.03405617329173583 -0.46934625386456796 0.026330811976950773 0.9991929533274961 -0.030333650642648917 -1.746627402246498 -0.03326141462797627 0.031203070322211156 0.9989594820108637 141.0517336525404
0.9991165926559524 -0.025101255292710647 0.03370402442272992 -0.429061909425272 0.026145608001186586 0.9991801128152866 -0.030911314056171073 -1.8076991210764983 -0.032900478139475234 0.03176521898493885 0.9989537173468213 142.3993229524731
0.9991427199031522 -0.024272742094877505 0.03353593976206343 -0.38715092805397755 0.025339933941990214 0.9991738562131209 -0.031772516551523716 -1.8513814619470945 -0.032737028153831414 0.03259507710371064 0.9989323540341751 143.74591215559096
0.9991168652870327 -0.02636296989023987 0.03271824135826523 -0.34119875671311894 0.02748306303165022 0.999034639858428 -0.03427053558582316 -1.8997521245114066 -0.03178318337438414 0.03513946757574936 0.9988768928517084 145.09244873408227
0.9989781798477398 -0.032132683181731396 0.03178186369043135 -0.2840434044207405 0.03321678092562588 0.99886312853992 -0.03419204451889318 -1.9782527428050771 -0.030647049662792254 0.035212797602370054 0.9989098143636297 146.43260868393253
0.9987694699874781 -0.03833629056263959 0.03146227338936394 -0.2376453824037268 0.03937550264415461 0.998675981273581 -0.03310368889972716 -2.0234702282762624 -0.0301515441138655 0.034301796646044956 0.9989565912162567 147.78424923741605
0.998548556600129 -0.04429283864549163 0.030641875864924784 -0.17999227515233673 0.04526324193738491 0.9984708792713923 -0.03173550340439013 -2.094496816593802 -0.029189365205752178 0.033076391758121715 0.9990264927754163 149.13060353290965
0.9984054171530808 -0.04792452106686276 0.029830576258138317 -0.14263975478786992 0.04896125358338271 0.9981854291744257 -0.03505202749358671 -2.1493881124113905 -0.028096594934697603 0.03645667654050894 0.9989401844398376 150.4743936041896
0.9984170614758149 -0.04761712306384458 0.029932940803063822 -0.10802488470627201 0.0487400473480769 0.998089261879883 -0.0379767442598386 -2.209413683658864 -0.028067403487039354 0.03937556236033518 0.9988302087693901 151.81650891412482
0.9985513169907438 -0.04460439137231067 0.030095109342795634 -0.0699905373661866 0.045797470524935616 0.9981418266844823 -0.040193102847160087 -2.2636857098077976 -0.02824639852382503 0.04151315566504762 0.998738603878494 153.16105755833357
0.9985821766931885 -0.04353682834022589 0.03062973993956731 -0.04211399094659765 0.04479824876334585 0.9981220753766309 -0.04177845800869574 -2.2920943905850786 -0.028753318042083496 0.043091382246577804 0.9986572883014727 154.5078205833181
0.9985566253437684 -0.04463764274541589 0.029868827097756 0.02414448372033988 0.04585064157683785 0.9980966961723351 -0.04123958967862784 -2.3163863481209654 -0.027971139573770835 0.04254957038563222 0.9987027332549678 155.85489814426788
0.9983741554875832 -0.0485800695403104 0.029816480307237537 0.06374900521405952 0.04975470912176264 0.9979598910327112 -0.040006559589494506 -2.3703151419175943 -0.027812129991463513 0.04142502544884676 0.998754450649358 157.20349132657586
0.9982471317941446 -0.051120086641748504 0.02982282023052316 0.1033680620163408 0.052286810929196785 0.9978406823945399 -0.039749993223304976 -2.4232707234488338 -0.02772640019217064 0.0412396568867698 0.9987645054927841 158.5511091560203
0.9982125544139991 -0.05157872822079446 0.030188259396704043 0.13205464895912278 0.05278739163788014 0.9977755099720078 -0.04071268824541671 -2.472320021155224 -0.02802119723256536 0.04223347600215807 0.9987147470676646 159.8968217147018
0.9983337669964042 -0.048794816009899725 0.03080187665269602 0.16229925172317355 0.05003651570132387 0.9979088265076721 -0.0409184686242264 -2.525635691135413 -0.02874085543679997 0.04239150750611111 0.9986876004637891 161.24608226669298
0.9984477779732324 -0.04304012484786354 0.03534943158515876 0.037284728962669794 0.04452384435842993 0.9981116654433274 -0.04231702481854595 -2.580848804002423 -0.033461350000557416 0.04382523199057209 0.9984786863509473 162.58915778736022
0.9985338904962843 -0.04153586835343553 0.03471082209454844 0.11037440404807727 0.04302681773624475 0.9981320669339475 -0.04337130288171851 -2.6673583140319566 -0.0328445198753961 0.0448012120181126 0.9984558522618131 163.93538289185054
0.998647083079279 -0.03795976051028292 0.03553955597989839 0.13352790919504173 0.03957499221353229 0.998161541397632 -0.04590596111620179 -2.67772933727345 -0.03373163868751741 0.047250331815822756 0.9983133689852851 165.28657119951328
0.9987355288788663 -0.03570197104195697 0.035393680491992985 0.18259362842067456 0.03729067769625196 0.9982775387146371 -0.0452919535326144 -2.751159500313989 -0.033715704234143926 0.04655453749706386 0.9983465962913035 166.64225456657255
0.9987893361040039 -0.03404439279786404 0.03550832865605852 0.21703144485198952 0.03565093451757501 0.998321698912576 -0.04563766370369355 -2.8289250179845475 -0.03389502843995706 0.0468483169316957 0.9983267812934413 168.00089178810828
0.9987362454981307 -0.03360079665457954 0.03737510391255226 0.17897525028090713 0.03536112125808537 0.9982460823341404 -0.04747999797716445 -2.8819047913638305 -0.03571418530034612 0.04874162049745752 0.998172706198489 169.35976716666678
0.9988565760100908 -0.030071251518416567 0.03716531169669675 0.22472256078488312 0.031918671021649206 0.9982311538528329 -0.050157371520580606 -2.9564358591887894 -0.035591277043795666 0.05128628773617725 0.9980495867884694 170.71683855336482
0.9989718105674481 -0.025182962998580364 0.03769801143569121 0.24970331946040739 0.027099740400709837 0.9983191698261956 -0.05122928096069371 -3.04016180082346 -0.03634454239370057 0.05219821387890306 0.9979751603652496 172.07874759779972
0.9991094331349156 -0.019725615222118575 0.0372993394704971 0.31013249639162843 0.02163243596289636 0.9984423151029436 -0.05142937999028677 -3.094872298231186 -0.03622676269193313 0.05219045426112959 0.997979848568537 173.44549992918846
0.9992070033292494 -0.016420608784539055 0.03627296658567045 0.3928034427660861 0.018260531258756024 0.9985322303055346 -0.05098958755670147 -3.1451579340160967 -0.035382446155233976 0.05161151662371167 0.9980402466112642 174.81867192445864
0.9992527659040051 -0.014804435279799358 0.035703480632012105 0.44490423116675626 0.016578228059616534 0.9986162170342274 -0.04990804975804982 -3.2151544927629923 -0.03491521427111065 0.05046265720604574 0.9981154482524094 176.1957184725407
0.9992200028614687 -0.017632298716943856 0.03533394859737245 0.49683788526692296 0.019369096105661038 0.9985897648028359 -0.049429947876427384 -3.29108733542778 -0.03441255581288548 0.050075779304701154 0.9981523893321362 177.56937418552766
0.9992145539416917 -0.018832852723938018 0.034865439182429306 0.5401927870925604 0.020558191071316127 0.9985472456955675 -0.049807217284957815 -3.362156822254099 -0.03387677627786429 0.05048486676296392 0.9981501100821188 178.94251554652448
0.999228162438501 -0.01866901070126799 0.034562225466709826 0.5736079419790533 0.020530503521794172 0.9983129311307767 -0.05431196886708095 -3.4347086724139544 -0.03348996588408737 0.05497962874113585 0.9979256799023514 180.32164545854567
0.9992833151456453 -0.01638507620547688 0.03412309114468566 0.6139312583195652 0.018363280333098083 0.9981190811203027 -0.05849008325323729 -3.529310278302833 -0.033100543906949026 0.059074776184961625 0.9977046280396625 181.69737453477194
0.9993577372431842 -0.011473408278712821 0.0339481062012483 0.6572213715112049 0.013471397299655265 0.9981538578320266 -0.05922328553733856 -3.615686845260393 -0.03320594023629069 0.059642577052909734 0.9976673436248739 183.08266306111548
0.9992969707095047 -0.008524542666571674 0.03650885513312455 0.5850720758471268 0.010609293919487848 0.9983009168815774 -0.05729504547455825 -3.729990506036789 -0.03595840949396395 0.057642098554160894 0.9976895214749613 184.4704517059829
0.9993377401063364 -0.004785647340730344 0.036071855769961754 0.6427503580465249 0.00678674879528666 0.9984323510411128 -0.05555880160069556 -3.8040026159940137 -0.035749422931684365 0.05576681785834615 0.9978036083248075 185.86299230452593
0.9993419635285121 -0.0035094429521414392 0.03610157532770217 0.6869500759402172 0.005484487555903656 0.9984847396248245 -0.05475532058709289 -3.873082528675177 -0.03585471136720014 0.05491728822977208 0.9978469477461277 187.26025699160405
0.9992630436414278 -0.0038216037869796783 0.03819378165308075 0.6268866992340137 0.0058163831424366584 0.9986168870201102 -0.05225402037551576 -4.047881596008541 -0.03794126117577338 0.052437661110692146 0.9979031778672881 188.64982827384915
0.9992628799437588 -0.005613065338914969 0.0379761802187129 0.6823872625010569 0.007578343800804175 0.9986284168623205 -0.05180592379537681 -4.1345201148669375 -0.037633302695085184 0.052055533159854034 0.9979348455664347 190.05083371110587
0.9992488275849516 -0.008499238810953965 0.03780930453912272 0.7359735997106196 0.010448501837949995 0.9986100719408607 -0.051659975102700324 -4.208159723400977 -0.03731768186048151 0.05201622014240991 0.9979487479137676 191.45618345929708
0.9992289642805023 -0.011295797331193246 0.03760162104970193 0.7915021217425238 0.013245396441067996 0.9985587118686816 -0.05201017616081076 -4.282859423607753 -0.03695992987049254 0.052468122834843714 0.9979384047475858 192.8619401819448
0.9991881414887911 -0.014379614098379179 0.03763355692138836 0.837223770850184 0.01629859042834945 0.9985558611006622 -0.0511912903877654 -4.368596307802993 -0.03684309783694365 0.0517631042335882 0.9979795424666181 194.2773950718031
0.9991040371497463 -0.018713700360482012 0.0379594569230748 0.8701932944781382 0.020610478925439428 0.9985260607701725 -0.05020870563225376 -4.4470995881280375 -0.03696391631768334 0.05094608308418229 0.9980171168416098 195.69466585036454
0.999032329759652 -0.021630774459447118 0.03829508703847905 0.9057711554303327 0.0235385966376609 0.9984672920819968 -0.0500899302332732 -4.540743726826261 -0.03715290787178924 0.050942872305448424 0.9980102630724503 197.1134017208329
0.9990628940702219 -0.0203595858825559 0.03819451472033039 0.9564158538134756 0.022414974853495032 0.9982795211394604 -0.05418086909497745 -4.6268773915713615 -0.037025701807634814 0.05498622496826587 0.9978003870862108 198.53051659006775
0.9991757246133564 -0.012421584306055085 0.03864680564678092 1.0057514987629799 0.014701448962116137 0.9981332048531418 -0.05927877164728308 -4.713634487166695 -0.037838323717981834 0.05979807365562894 0.9974930835074948 199.9511452776983
0.9992095640381883 -0.0030033326699815573 0.039638707439640826 1.0284240897639292 0.005412419678116639 0.9981347141377279 -0.060809523484602813 -4.745510963409641 -0.03938213869052763 0.060975998770581574 0.9973620078617847 201.3844812950655
0.9992373606619702 0.005062571877940912 0.03871779207649494 1.1016402351510377 -0.0027706181304550303 0.998252806894478 -0.05902251436927485 -4.823976517007412 -0.038948950338529124 0.0588702292612893 0.9975055264880744 202.8186351546119
0.9991924545649108 0.00812743930642567 0.039349504073972225 1.1423161066084415 -0.005770572091790607 0.9982030913619386 -0.05964301210705791 -4.860912306564738 -0.0397635415711508 0.059367778514861046 0.9974438969866577 204.25550170915446
0.9991920638841588 0.007638337734642282 0.039457258743673534 1.1894115495911863 -0.005254057834171357 0.9981736573613692 -0.06018093241304051 -4.931437310170531 -0.03984487855658292 0.05992499934484213 0.9974073290819215 205.69110001649753
0.9992296235328592 0.00472750772816264 0.038959082703002156 1.2516975026772916 -0.0023768704218353255 0.9981857420915411 -0.060162901959240435 -5.034972435060183 -0.039172821463062876 0.06002395318403778 0.9974279999592874 207.134165618382
0.9992559931285607 0.0029149719479803753 0.0384572897536343 1.3134412986525277 -0.0005849925993919654 0.9981705219592282 -0.06045880312494253 -5.147355711053594 -0.03856316870164004 0.06039132413008026 0.9974295814690405 208.57825483951197
0.9992585013999453 0.003415068199445731 0.038350810801431816 1.3651904200142244 -0.0010842992018373478 0.9981595964585797 -0.06063204015111362 -5.260734708369098 -0.03848729238560403 0.060545497824681535 0.9974231654708986 210.0283985197857
0.9992520515328217 0.005014851993676803 0.038343040658338906 1.4166597299086348 -0.0026892774802041333 0.9981667262355235 -0.06046448894096505 -5.367908490826587 -0.03857596783076187 0.060316149543378154 0.9974336352911817 211.48567420181362
0.9992537173636028 0.006580251129639092 0.03806190523463737 1.4795291651827371 -0.0042927449178605205 0.9981968289555856 -0.05987205528528158 -5.473656859284195 -0.03838724626864775 0.05966398375975691 0.9974801393340255 212.94126308902895
0.9992596997473894 0.006272938473051494 0.03795658972654515 1.5330919069275037 -0.003956759238832369 0.9981426132156365 -0.060792003909942854 -5.557206362946713 -0.038267434158588055 0.060596814487016766 0.9974285084941905 214.40726217438356
0.9992628224457264 0.006278225001294204 0.03787341506429605 1.5841230465618947 -0.0039119011763831 0.9980539593705948 -0.06223336093981723 -5.633416667403951 -0.03819042690237345 0.062039326846061955 0.9973427761895622 215.87694906244036
0.9992633492988375 0.005942510774955295 0.03791365603259343 1.6325469382883109 -0.0035450418776841845 0.9980077616587073 -0.06299158949465278 -5.7197752605429075 -0.03821245119269021 0.06281078119771276 0.9972936449908725 217.34897274205528
0.9992311088324252 0.007586878749460587 0.03846596433682683 1.6702949135324476 -0.005118300912381838 0.9979449343950517 -0.06387261471888137 -5.793043155831745 -0.03887150803984022 0.06362662324921348 0.9972164552776955 218.8273986977996
0.999224071060217 0.008315667398545059 0.038498123195317834 1.7196245705734394 -0.00580749983602331 0.9978807440488302 -0.06480967213470458 -5.868745143148871 -0.038955471496308285 0.0645358065903736 0.9971547527381248 220.3022956266543
0.9992293111008259 0.008404225303806597 0.038342572083917455 1.7767200497771756 -0.005888913837441407 0.9978516699521501 -0.06524849015510376 -5.969070351424903 -0.03880856259619446 0.06497240776474544 0.9971321285057811 221.7842899897936
0.9992063596434996 0.009913509106476105 0.038579439928282284 1.8148839118122653 -0.007341190790399124 0.9977756946515158 -0.06625534001470544 -6.051351365398501 -0.039150450390296763 0.06591953807393602 0.997056596555259 223.2658966988343
0.9991466076120088 0.010879514030829068 0.039845861414533036 1.807791174837105 -0.008154447318299285 0.997657095103518 -0.06792514687907228 -6.086825957297541 -0.04049149893923741 0.06754225909801559 0.9968944185567452 224.75523679822933
0.9989991090485946 0.012925143137700254 0.0428219662671266 1.7196437477450153 -0.00990693262622335 0.997500607766767 -0.0699599184595754 -6.090578462392108 -0.04361917933721867 0.06946566187549748 0.996630266956682 226.24306073549067
