1.0 0.0 0.0 0.0 0.0 1.0 0.0 0.0 0.0 0.0 1.0 0.0
0.999984640372337 0.0003791787916399867 -0.005529488480111888 -0.0915443615189084 -0.00037745973685095137 0.9999998801122633 0.00031192884791537913 0.004497581307362698 0.005529606093997659 -0.00030983689753779286 0.9999846636111687 0.001949332720445644
0.9999283527076221 0.0006960374802305317 -0.011950103901109602 -0.18567320082262892 -0.0006925878653505152 0.9999997172938461 0.0002928041613845243 0.0030659176595789375 0.011950304325412378 -0.00028450668580757394 0.9999285520888358 0.00861830593452906
0.9998198814503779 0.0008223739545689293 -0.018961233019797106 -0.2832835591634152 -0.0008299260838669575 0.9999995793943749 -0.0003904276743444163 -0.006077477759766776 0.018960903967045313 0.00040609377294339365 0.9998201434301071 0.009984037151383051
0.999598256542145 0.0019954636281633307 -0.02827266600115559 -0.28876870579601516 -0.0020646222113320373 0.9999949473526565 -0.00241714796452477 -0.004866145090821658 0.02826769981849773 0.002474549265342905 0.9995973258031978 0.11426711140150135
0.999224178515347 0.001973254979175155 -0.03933379380529238 -0.40239920676268554 -0.002133598418796573 0.9999895835358452 -0.004034919775445812 -0.020489740699736518 0.03932542216070166 0.004115711918263405 0.9992179802662121 0.11459647163348528
0.9985559378685027 0.002287118352045263 -0.05367315937411092 -0.4089988820186558 -0.0025818621859823067 0.9999819636627034 -0.005422761006760619 -0.021216305408948862 0.05365978881068735 0.005553506903532809 0.9985438326011856 0.2423924580045163
0.9975579273640482 0.0029618167458866675 -0.06978115214517645 -0.4199865472157755 -0.003374911257287832 0.9999774690384357 -0.00580270535957683 -0.02243303694524089 0.06976239335881411 0.006024039927524979 0.997545447293406 0.3828152208492309
0.9960240293186413 0.00164405008769794 -0.08906980475541423 -0.4337859518706645 -0.0022123876471387555 0.9999778177617252 -0.0062824617306324465 -0.023332822505442122 0.08905750030602284 0.00645453978275862 0.9960055725524005 0.5366956040084816
0.9939353293449729 0.00040774107861050166 -0.10996542559874578 -0.4527082817577702 -0.0011624244312469201 0.9999762116183495 -0.0067988945318872 -0.025791301340630533 0.10996003751064345 0.006885487973041472 0.9939121592002135 0.7015457055458609
0.991157374315187 0.00061858729919028 -0.13269015295182013 -0.47599995942296014 -0.0016593974118159739 0.9999687193900793 -0.007733475389174358 -0.02703253075488354 0.13268121849325093 0.00788527685744688 0.9911273967901538 0.8741634448653797
0.9874562601838834 0.004323449748532883 -0.15783358959971183 -0.5041512803988795 -0.005939810132645083 0.999934624462105 -0.009770642630729773 -0.02903748987357542 0.15778102826146898 0.01058558378650975 0.9874173851703502 1.053641072272405
0.9829360155491307 0.00873813008906035 -0.1837401274053806 -0.5391661718200793 -0.0111113472703015 0.9998675676633124 -0.011890546534553723 -0.0314327814421618 0.183611893128516 0.013729246796466374 0.9829029354336895 1.239140365424259
0.9773584412186043 0.011354353957505586 -0.21128548465275002 -0.5810381267041402 -0.01448996109364636 0.9998065800316805 -0.013298253752260514 -0.0338986689772505 0.2110936247408822 0.016058679010509332 0.9773339247269545 1.4314885254858036
0.9708081909135281 0.01163322787589131 -0.239574882791143 -0.6817120963827541 -0.015323902584911231 0.9997907920910626 -0.01354806478778177 -0.021455438017756616 0.2393671541059267 0.016823794432688673 0.9707833566126458 1.2535293633993039
0.9627950387326439 0.013195705843423793 -0.26991033092325317 -0.740517747690679 -0.017431613586018656 0.9997595595129083 -0.013302706880312022 -0.023882960654552084 0.26966989494490096 0.01751275277760758 0.9627935662698186 1.4571716331429914
0.9532600069272591 0.014641929179445887 -0.30179624434864266 -0.8072969917065306 -0.019315936881508254 0.9997351792776269 -0.01250863290375604 -0.026330119689490488 0.3015331719320963 0.017753456695399624 0.9532903865034686 1.6654459771950745
0.9421121710054334 0.016371175174408975 -0.33489795739424444 -0.8919935146792426 -0.021518392081777082 0.9997004024497511 -0.01166465361769408 -0.028926116873155893 0.33460665869890166 0.018195877698387763 0.9421821978731826 1.8718115698475108
0.9295892414555268 0.017986891700892464 -0.3681580012672253 -0.9818717314735772 -0.023865321470152426 0.9996499541762404 -0.011419962634220899 -0.03159999138053129 0.3678237194652681 0.019402083454646956 0.9296931055764337 2.0771375778450363
0.9154283826017823 0.019717183645645432 -0.40199764799830434 -1.0760646862744827 -0.026354060841633258 0.9995923089838625 -0.010985412940163215 -0.03422530728535258 0.4016171557643426 0.02065062927356705 0.915574798531701 2.2886878672270745
0.8990189848587145 0.019133467020345712 -0.43749145740618506 -1.1790059688391403 -0.02643910473538577 0.9995940754392745 -0.010614051417507275 -0.03630220869710739 0.43711078527576713 0.021109116193804244 0.8991599227107033 2.499269852975534
0.8802171876374173 0.013419588187216131 -0.4743812994212158 -1.292346202809031 -0.021559321037295617 0.9996988340136798 -0.011723350549235704 -0.03861136644695796 0.4740811093727386 0.020546433378447235 0.8802414133698424 2.706657004312498
0.8583335080226442 0.007183992379222684 -0.5130418884058462 -1.416916484960295 -0.016053282043701454 0.9997884620026035 -0.012857814048055742 -0.04172419636898766 0.5128409901140575 0.019272298772182738 0.8582672645271217 2.9139175724354787
0.832507710404472 0.0053942980931777785 -0.553987196300768 -1.557445088280145 -0.013983525955990792 0.9998386188414448 -0.011278176939146076 -0.042529733738282754 0.5538369553568467 0.017135863599903337 0.8324487906530605 3.1222634274666987
0.8032779297907638 0.007884846952521826 -0.5955521779824167 -1.7283953408322563 -0.016811877300296752 0.999814118739086 -0.009438683786690001 -0.04071460322396261 0.5953670534155417 0.01759423651428683 0.8032611745558067 3.3224490798041306
0.7711200285379408 0.00788359352969371 -0.6366409903082774 -1.921232648804024 -0.018590193888349454 0.9997758007726805 -0.010136709551907958 -0.033416538578840194 0.6364183421923343 0.019651899206049716 0.7710937015556253 3.508018542896168
0.7333477759490302 0.00485826135013709 -0.6798363308968305 -2.1089062747056637 -0.016873983139373137 0.9997964805376112 -0.011057404651124139 -0.035024377874262616 0.6796442512106043 0.01958046989375672 0.7332805036240335 3.7085077784387632
0.6917802931841625 -0.0009340644625362654 -0.7221074390183321 -2.3110787873211764 -0.01095101590290131 0.9998705925956878 -0.011784452174070724 -0.03129227697105279 0.7220250004070001 0.016060061828286436 0.6916805427372832 3.9051819342294536
0.6467182760146714 -0.005577741302369052 -0.7627085683736452 -2.53124415769567 -0.006801100394288841 0.9998913353646287 -0.013079086212985222 -0.022608862845446814 0.7626986406845354 0.013645741632602489 0.646610065830449 4.099738469337107
0.5979234827252842 -0.007970603884066254 -0.8015135546448295 -2.768877853443251 -0.004948288429258695 0.9998947980363682 -0.01363478277903934 -0.012036552196298286 0.8015379112975802 0.012118677053788898 0.5978211391538257 4.288786951042601
0.5447314549739322 -0.008476432505225092 -0.8385677027252882 -3.030274793992049 -0.003878987797211385 0.999912750771619 -0.012627125484582983 -0.007985120272265087 0.8386015713171852 0.010131186323362233 0.5446510475965587 4.468737544947826
0.48676569105085454 -0.009853353098636095 -0.8734770022436182 -3.31359425162432 -0.003954210782069317 0.9999012806017701 -0.013483073389673127 0.003791512430782109 0.8735236266025523 0.010017009716174875 0.48667867559969236 4.630948545335096
0.4271591697621619 -0.010478273829490388 -0.9041157279163188 -3.615882716058925 -0.005985653789682153 0.9998781665609979 -0.014416101530141372 0.014765924087438796 0.9041566322473175 0.011569693693935717 0.42704440817205114 4.780117463565737
0.36652175770235657 -0.010533869969899813 -0.9303498474843925 -3.943480098347827 -0.008237209983041525 0.9998599796442326 -0.014566038498172762 0.021031166425902324 0.9303730163232758 0.013002257084530022 0.36638366749657 4.9129815617420505
0.30539599855212224 -0.009700690310571924 -0.9521760239975855 -4.291753578011429 -0.010654948157106056 0.9998506930882743 -0.013603808682388549 0.012436192340494426 0.9521658238710953 0.014299934908803677 0.3052470404663773 5.025720432261523
0.24535264291585554 -0.008019345463696934 -0.9694007276212137 -4.662225244293616 -0.010947916102675394 0.9998790973523524 -0.011042364368838339 0.007911872679910887 0.9693720770412222 0.013322191117803844 0.2452351840103843 5.122629987852438
0.18707487977665785 -0.007553554870117611 -0.9823166155397012 -5.0477872199882 -0.009537752081747468 0.9999093368485334 -0.009505228474559414 0.005253515305852421 0.9822993538844336 0.011147281818926737 0.1869858750448096 5.196815598456261
0.13422644018984323 -0.007974103337867206 -0.9909186023230765 -5.448481139569007 -0.00948790804911424 0.9999114458477053 -0.009331669925772718 0.0015842672487773337 0.9909052640665573 0.0106543014181612 0.13413889632197248 5.249099647705161
0.0856484121248126 -0.008568401938188504 -0.9962885786702184 -5.869053472329705 -0.01502827747458189 0.9998381476613712 -0.009890872419834662 0.004425922243785376 0.9962120760042235 0.015819638722300747 0.08550578140716918 5.272779393835701
0.041630915713630715 -0.00990222992449967 -0.9990839868096011 -6.30579190511442 -0.01984345523704133 0.9997454592140516 -0.010735644607620557 0.0030548206683814784 0.9989359860076619 0.020272213086092408 0.041423824491371206 5.289761499010682
0.0024988442556136527 -0.012570394806123812 -0.9999178671029959 -6.75604365440816 -0.02283613274604541 0.9996595121455891 -0.012624215541894954 0.00018126759191581642 0.9997360985873176 0.02286580309679506 0.0022109342250314283 5.286839553944166
-0.033312385380685296 -0.01694271973537163 -0.9993013705725703 -7.220341308391736 -0.023479218321478635 0.9995936273072451 -0.016164979237757147 -0.003584167024778412 0.99916916049649 0.022924321030587214 -0.03369664995256274 5.269545489463752
-0.06645285491021699 -0.021190464297634663 -0.9975645253802545 -7.69671124706527 -0.02316103891807187 0.9995378379981898 -0.019689507006031573 -0.012110335314842242 0.9975207187575187 0.02179620684329442 -0.06691293609405544 5.2376289451951825
-0.09383599552670197 -0.02443153116034232 -0.9952878509399551 -8.190155591378662 -0.024400437446968324 0.9994550000328767 -0.02223334346605512 -0.022218266976480616 0.9952886137176035 0.0221991710305635 -0.09438099496003674 5.193211409983183
-0.11574869382923211 -0.028501655472813848 -0.9928695259258066 -8.696976884494335 -0.024285265324575853 0.9993706200028649 -0.025857102761230766 -0.03255365360147778 0.992981603940849 0.021119173998973315 -0.11636801418198864 5.134638785396554
-0.1316420228697792 -0.03127640206176453 -0.9908037971711774 -9.221508136245495 -0.024082982755697212 0.9993080433685582 -0.02834509482244167 -0.046066084418136526 0.991004736495412 0.020130105140690812 -0.13230416135059198 5.062935925699557
-0.14349117881844087 -0.030649086822721463 -0.9891768876587381 -9.758616254718646 -0.02447665055605398 0.9993244852970092 -0.02741289228492291 -0.06483336729200734 0.989348864242968 0.020278228788561423 -0.14414443540542166 4.970877038914806
-0.15150205240757686 -0.03113255530231324 -0.9879665440269931 -10.31096373056534 -0.026448072584826628 0.9992736978893186 -0.027433121644370156 -0.08043211328853081 0.9881030450174917 0.021973636634737382 -0.1522154122295276 4.884746101329269
-0.15537461335067676 -0.03158933307855699 -0.9873504157905542 -10.880079272373163 -0.029354216203481467 0.9991948582793367 -0.027348952067963252 -0.0956091120834788 0.9874193939341107 0.02473356472060722 -0.15617679488004818 4.78980713465199
-0.15728542812001658 -0.031681368258313004 -0.9870448748696206 -11.462171516921664 -0.030267477866792132 0.9991703841106743 -0.027247445746548627 -0.11241362707150299 0.9870892431207454 0.025589732734223977 -0.15811385674223724 4.694643549932076
-0.15774726883206883 -0.031252195677991854 -0.9869848526909256 -12.062116968347505 -0.02848120657501233 0.9992272383800875 -0.027087763867391323 -0.12796391993669018 0.9870687007741935 0.023837498707049345 -0.1585154680380972 4.5977709422230335
-0.1572381952627105 -0.029771174339740192 -0.9871118615075797 -12.677387145484179 -0.025855237262061303 0.9993269788318704 -0.026021070018148677 -0.1432502113829241 0.9872221921414895 0.021430505295015112 -0.15790211140498459 4.498279687898589
-0.15667917505747941 -0.028544252058978717 -0.9872369835949734 -13.308483953771926 -0.02599218992191468 0.9993552299420465 -0.024769546837655605 -0.15738618123033865 0.9873074709361672 0.021779579010467197 -0.15732008063739372 4.396886781684087
-0.1560997014593352 -0.029251309758873974 -0.9873080796193747 -13.955160483453216 -0.02746601366759925 0.9993034278497585 -0.025264148133948013 -0.1728616304228959 0.987359357730263 0.02317369122762316 -0.15679438362827028 4.293135050530643
-0.15507358397915016 -0.03198647872256898 -0.9873849546811987 -14.611426227397004 -0.028903842395883374 0.9991947172404166 -0.027829569410937505 -0.19291787085760997 0.9874800005299424 0.024223588045021158 -0.1558732380353016 4.184175158785378
-0.15480646174734095 -0.032187723966444134 -0.9874203308759293 -15.286698869299158 -0.028341067300194988 0.9992024670949333 -0.02812852032519591 -0.21305417062393825 0.987538223718735 0.02363006934520373 -0.1555952329513538 4.07834431453391
-0.15382780664478019 -0.03043490112817565 -0.9876288385300294 -15.978428174438301 -0.02808470277493197 0.9992563692889943 -0.02641889296358231 -0.23170174107223293 0.9876984637898852 0.02367330202349607 -0.15456817071572193 3.968449854176307
-0.15292420627263373 -0.028347596876867023 -0.9878312613433492 -16.686064724984913 -0.028813996428754717 0.9992914225775578 -0.024215828970425016 -0.2506483190903962 0.9878177669720707 0.024760180012023448 -0.1536326551878981 3.852965500338806
-0.15246114153711426 -0.02752439243581035 -0.9879261147182213 -17.408943547401133 -0.028007694729917775 0.9993309686013047 -0.023519868840922296 -0.2646660414689594 0.9879125312278993 0.02408366698445149 -0.15313003502731382 3.740292258998052
-0.1518513009538092 -0.028367461674314934 -0.987996189019367 -18.14141940612939 -0.028765270288194804 0.9992914961573683 -0.02427065991718374 -0.288687245555263 0.9879846869379517 0.024734446137416672 -0.15255971142602662 3.624861928989787
-0.15111474020692378 -0.03194200316379496 -0.9880000221285822 -18.88869811356073 -0.0298751940164452 0.9991688125995543 -0.02773367467316473 -0.30390689806404997 0.9880646780827019 0.025325725306124904 -0.15194340908063456 3.512515150827681
-0.1505977189005924 -0.03295304863097447 -0.9880457598956961 -19.646503161321938 -0.02921687342122894 0.999156081987139 -0.028870367777321323 -0.3202865303611366 0.9881632969147488 0.02451979637016877 -0.15143341182361125 3.3931555007658103
-0.15066917248552125 -0.032315590720676204 -0.9880559210180883 -20.426077867156316 -0.02399925985281342 0.9992905879966512 -0.029023374507878955 -0.3172545651429209 0.9882928897796672 0.01933968297778451 -0.1513378362250281 3.282412755623716
-0.15045320682563665 -0.031460607619081545 -0.9881164216447984 -21.211215872830927 -0.02056069274660072 0.9993769196806779 -0.028688505073289513 -0.3260722126830339 0.9884033035505607 0.016000080555999333 -0.15100631428036204 3.1645839358981505
-0.15053297119048878 -0.030968702654569472 -0.9881198125938256 -22.005345817764017 -0.017119915922091878 0.999441010208898 -0.02871542427752282 -0.3352786770562513 0.9884567431422498 0.012593909977068492 -0.15097900638203163 3.0493926574618384
-0.15053538987073475 -0.03593380291425861 -0.9879513440471579 -22.799123801718448 -0.016103266710669237 0.9992957352730913 -0.033892746513922524 -0.36491557117843054 0.988473460037097 0.010807186180092233 -0.15100802471775437 2.9335109310391934
-0.15009315171760734 -0.04357170392694705 -0.9877112697668172 -23.596223507524023 -0.014636031906018553 0.9990168520482748 -0.041846336680781374 -0.39926624405160294 0.9885635196473319 0.008175325097986658 -0.15058330479180268 2.8068252504611904
-0.15049678705062827 -0.047745091722719096 -0.98745689693466 -24.407949762167284 -0.01142960869209938 0.9988503830294299 -0.04655401558519691 -0.4420118856775449 0.9885444254724128 0.004280016162400882 -0.1508694811055778 2.6825644087847285
-0.15097325085016838 -0.047829748301327 -0.9873800649725335 -25.230803969901018 -0.00971589644808729 0.9988523423152562 -0.04689988920601353 -0.4607875840678148 0.988490100549288 0.0025126537282342677 -0.15126469412027335 2.5618914565717286
-0.15096610035517416 -0.0425195253074086 -0.9876240815771884 -26.06497747640305 -0.010005016576709389 0.9990890831413483 -0.04148377503410182 -0.4982127448558402 0.988488308573678 0.003618551562827491 -0.15125399134481032 2.429496228786082
-0.1505876020470234 -0.03763538926332637 -0.9878800289431536 -26.90179403567056 -0.011713560733907419 0.9992728724272909 -0.036283865916470176 -0.5346423588145021 0.9885272715533244 0.006107692355482904 -0.15091895006734726 2.288917966617078
-0.15031975408405018 -0.034089710910970634 -0.9880495246403987 -27.73808274791466 -0.013938333940204203 0.9993790820706115 -0.032360055109243814 -0.5713207866684863 0.9885391718991624 0.008907408697730084 -0.15070157162820047 2.1482034166501616
-0.15102624473764414 -0.03457987724316947 -0.987924746876144 -28.578488664562705 -0.014979130469559414 0.9993532852539292 -0.03269001227523155 -0.5983983391433154 0.9884162579858857 0.009861203883208526 -0.1514465503309756 2.0353544954135265
-0.15025294294462163 -0.037782730902570054 -0.9879253607343141 -29.408723326303356 -0.015682236507598094 0.9992348409870795 -0.03583015511612776 -0.6404616464438198 0.9885232018494052 0.010109292906529212 -0.15073049327302693 1.8949876678612931
-0.15004446839258473 -0.04016923049638584 -0.9878628904995447 -30.23789447403645 -0.016431463416272076 0.9991376088262043 -0.03813195037045291 -0.6852325608436242 0.9885426973655647 0.010510544723429048 -0.1505751106087274 1.765681480625153
-0.15018744997103156 -0.03944248961364763 -0.9878704469130943 -31.072496732410542 -0.017901371369961522 0.9991485583423498 -0.037171215550191 -0.725017735803238 0.9884954581454958 0.012101585659794438 -0.15076564877399995 1.6389777948188469
-0.1506046135666338 -0.03811563676681927 -0.9878590226374943 -31.904749527620453 -0.017997773515830217 0.9991965670362946 -0.03580922466846545 -0.7586688177571806 0.9884302355355776 0.012386228511684055 -0.15116960945354935 1.5165244284950457
-0.15008422327828191 -0.039452994151207406 -0.9878857156450133 -32.73638994698109 -0.01865518751297629 0.9991385947094156 -0.037068214698712264 -0.8069266346010318 0.9884971977207675 0.012865839055379748 -0.15069094293815613 1.3793616199037322
-0.1493422469290721 -0.04422914839145009 -0.9877958674314972 -33.55860398501697 -0.01976492395827103 0.9989330069722855 -0.04173961382465843 -0.8553617234580295 0.9885880037017946 0.013290222491551719 -0.15005708554755187 1.2457985138821843
-0.14891543302397106 -0.04827530199905027 -0.987670840424169 -34.38415675095192 -0.021065426097083773 0.9987358196149975 -0.04564000921677732 -0.9007850229077368 0.9886255315490445 0.014009205361465589 -0.1497441168610936 1.1160860437550588
-0.14913528419927036 -0.049028935875562236 -0.9876005419468507 -35.21451924630197 -0.019115791037633 0.9987262875621411 -0.046694636365958 -0.9102046940710292 0.9886320111850555 0.011914947723490433 -0.14988255562585706 0.9940899270925653
-0.14984499435592194 -0.04892288509281097 -0.9874983691027898 -36.046607317927894 -0.016256418129177386 0.9987619340236012 -0.04701412569691401 -0.9166983127396572 0.9885758476394628 0.009008354990313074 -0.15045478724283082 0.8806278202029947
-0.15002510733779345 -0.04446604958304937 -0.9876817491493713 -36.87778179560466 -0.015335926256088712 0.998972583098784 -0.04264490101771969 -0.968565792860485 0.9885632385103902 0.008749208616846561 -0.15055289706421326 0.7488689949799777
-0.1500971285519128 -0.04044839474941387 -0.9878434994282579 -37.71119304134574 -0.013160312094245645 0.9991559764491836 -0.038911963603249826 -1.0055111663983733 0.988583662714518 0.007159754749583369 -0.15050275653911876 0.6212522268488838
-0.1508063242913013 -0.03959042379785588 -0.9877702419577407 -38.54018407351218 -0.012674889779123698 0.9991930423917539 -0.03811313690839256 -1.0212035005069209 0.9884820684882623 0.00677217685954692 -0.15118643423848954 0.5040366016740047
-0.15056048993699642 -0.039821163302526094 -0.9877984682227269 -39.36403438661629 -0.012291644405802831 0.9991865874066829 -0.038406757535477364 -1.0646702522522142 0.9885243822727554 0.006359127284557602 -0.1509274897175658 0.372809682185831
-0.15056091641345912 -0.043878378706360494 -0.9876264973819004 -40.18572506957952 -0.011861236129050498 0.9990227996528063 -0.042576482374194584 -1.114475349295748 0.9885295754433602 0.005304116888833585 -0.15093424004446224 0.24499456730612956
-0.15038120424743293 -0.04773350430644111 -0.9874750660020328 -41.00363226371763 -0.01277575470966192 0.9988441414078532 -0.04633747151935907 -1.1676597038000187 0.9885455343587821 0.005647454456286861 -0.15081721638285797 0.11601368088127118
-0.14953861511733074 -0.050274690346083575 -0.9874769152235391 -41.82148942702412 -0.016589653994141 0.9986934747790995 -0.04833349577676908 -1.2209176723161081 0.9886167032622628 0.00915417632852284 -0.15017727886268573 -0.0162418599389373
-0.14949033006079054 -0.0520671562188873 -0.9873913370399774 -42.64087980745551 -0.020337450949736942 0.9985632126493702 -0.04957719669602026 -1.2716441335045339 0.9885540093020625 0.012669711387668935 -0.15033445748121188 -0.1357478716732055
-0.14965172115557 -0.05320319463888489 -0.9873063265448028 -43.45533139935648 -0.018032448506973133 0.9985320185998934 -0.05107483364305446 -1.3310624785944112 0.988574323536687 0.010160113731610467 -0.15039141908015202 -0.26332794360119494
-0.150032420967881 -0.05646720579461749 -0.9870672354648721 -44.26919370847764 -0.01453546337442863 0.9983857590187707 -0.05490534120651752 -1.3835807870237382 0.9885742222832874 0.0061098983839168106 -0.15061100948712583 -0.3949484688934091
-0.15084102314464212 -0.057932388920530355 -0.9868590700047492 -45.084453897451795 -0.010435261206846642 0.9983190636451879 -0.05701010863119452 -1.4262882521826425 0.9885029545025253 0.001698669054328761 -0.15119200859576382 -0.5137974920092107
-0.15162358574289495 -0.055870229879109085 -0.9868580473704022 -45.897860765217104 -0.010838692373348469 0.9984352066808433 -0.05486037557124243 -1.4733223959393993 0.9883788802853398 0.0023781239322974695 -0.15199188640338604 -0.643605700519552
-0.15241414406207293 -0.05166763680170841 -0.9869652395080349 -46.71251770023102 -0.009235268695317439 0.9986634041046542 -0.05085386036703305 -1.5183122969328897 0.9882735646074674 0.0013640415797015449 -0.152687592451443 -0.7789302845152347
-0.15326245584029144 -0.049547165179425194 -0.9869426011944594 -47.5199230576637 -0.008195464567348546 0.9987716054710597 -0.04886833806553602 -1.5590455688765488 0.9881515339209503 0.0005987716133383996 -0.1534802511146861 -0.9091265609348563
-0.15413640576235213 -0.050003512490112284 -0.9867834702493323 -48.32263545236681 -0.008214013841660693 0.9987489155619517 -0.04932680448229799 -1.6176294272833287 0.9880154342900073 0.0005023967327063786 -0.1543542976474919 -1.023517984200813
-0.1531034778880682 -0.053654300238219134 -0.9867525227353234 -49.11496760569179 -0.01155621999185276 0.9985539016757764 -0.052502944942012825 -1.6726125108019416 0.9881425903370813 0.0033647457602572575 -0.15350211610232356 -1.1630420408751465
-0.15278006485643328 -0.0570830240530835 -0.9866102473355014 -49.9040486811479 -0.01629919255221285 0.9983401886745339 -0.055237704509166145 -1.7285194416247966 0.9881257956882863 0.0076417303178768665 -0.15345688597498333 -1.2901909490949752
-0.15346552084895385 -0.058723245362568025 -0.9864075802449245 -50.69525695011545 -0.020480168169691684 0.9982072393900391 -0.05623939847702976 -1.7811688901653426 0.9879417475855037 0.011570984547765537 -0.15439305584868462 -1.4014960283040896
-0.15370797369263445 -0.05829560839122815 -0.986395195074267 -51.48171894692667 -0.02244804112827254 0.9982065524405962 -0.05549562247747744 -1.8321906767656373 0.987861298094427 0.013612520227933151 -0.15474092871711892 -1.5284882243746243
-0.15402464604274374 -0.05746136777811427 -0.9863947483763669 -52.267019145757985 -0.022777736884490356 0.998248736712733 -0.0545951861783961 -1.8829251105570086 0.987804425538693 0.014058835815994857 -0.1550637482510681 -1.6542565041636117
-0.15417613229292376 -0.05773392331714133 -0.9863551664231326 -53.04519957180993 -0.024923471763502594 0.9982009483134424 -0.05453152612387011 -1.9431770902903913 0.9877289814450356 0.016175935353323078 -0.15533769126968675 -1.7771054971663425
-0.15427763817141948 -0.057937369251533595 -0.9863273653328596 -53.820000353507716 -0.026295079095170613 0.9981663978595587 -0.05451982207832327 -1.997300321529006 0.9876775684278885 0.017524366701389116 -0.1555182220708818 -1.8977610896416122
-0.15487695318921374 -0.05667379754073263 -0.9863068538964628 -54.5918716012417 -0.024955268252049388 0.9982590822061593 -0.05344192529639029 -2.0468880175188646 0.9876185315987612 0.01633662955535066 -0.1560216349660426 -2.0172441132577204
-0.15521442960465553 -0.055348620882057706 -0.9863290581793461 -55.359570772865034 -0.024389302889743412 0.9983395883317343 -0.05218455972963628 -2.0864290170863278 0.9875796893147675 0.015956081476285883 -0.1563066240338793 -2.1410825337655277
-0.1554385540596521 -0.0534180876729876 -0.9864002046944262 -56.124780201971184 -0.023970588159704848 0.9984467991931603 -0.050293141522591595 -2.123999310854912 0.9875546905438308 0.015827099869989588 -0.15647758975196124 -2.2687601495161123
-0.15533207139574962 -0.05256091049579595 -0.9864630242861407 -56.88006120282791 -0.024068717056358838 0.9984884478237124 -0.04941170328834059 -2.1637965634471694 0.9875690580689361 0.016067677195133065 -0.15636235254813244 -2.400771185272243
-0.15096917540769308 -0.050406778855930465 -0.9872524827631941 -57.52006406988927 -0.02555110585118651 0.9985644132576441 -0.04707710234497306 -2.285394303225459 0.9882082012746614 0.01811820136732496 -0.15204039500313907 -2.791221157966403
-0.15082402218073981 -0.05267077385894057 -0.9871564738755069 -58.26065829222801 -0.024848990047061367 0.9984660697827445 -0.04947762308600803 -2.3218918203005963 0.9882482694277099 0.01706742727245037 -0.151901484191021 -2.909529732346194
-0.15072961344047114 -0.05652254943549177 -0.9869578435968777 -58.986902285659134 -0.024273475887278396 0.9982747336259554 -0.05346358173914231 -2.3620978930225043 0.9882769763585685 0.015898352409625206 -0.15184156344763983 -3.0259427001753076
-0.15033122616158678 -0.05934193637468604 -0.9868531081311225 -59.70606036306434 -0.024371284426087072 0.9981160272863602 -0.05630662988953367 -2.408320901593648 0.9883352482514096 0.015586233072711468 -0.15149424544327295 -3.1422130353848043
-0.14988043941765583 -0.06209357490655633 -0.9867523710816684 -60.408977225711745 -0.023863941813655715 0.9979623853188667 -0.05917423231265978 -2.4491031364791724 0.9884160895903524 0.01467874122675593 -0.151056838292456 -3.2508418136359993
-0.1492400622195023 -0.06384121080756579 -0.986737910304121 -61.099422233423574 -0.024629353476922206 0.9978439443890946 -0.06083467426824006 -2.483317254165049 0.9884942077604839 0.015223746209064516 -0.15049066009335668 -3.348891993841712
-0.14884352305423898 -0.06434712890632231 -0.9867649429556745 -61.77453521747666 -0.022575859909272362 0.9978416053413203 -0.061664099760025314 -2.521744009311056 0.9886030225495763 0.013098765261298294 -0.149974951756853 -3.4430368339348325
-0.14704410367107257 -0.06445553369903548 -0.9870276165088511 -62.43252395345654 -0.018779102688086653 0.99787663718774 -0.06236635516942067 -2.562385740563497 0.9889516554805903 0.009364888171277976 -0.14794229277572524 -3.5470964475408993
-0.1456585765240099 -0.06437397068556268 -0.9872383557090829 -63.07811929213433 -0.015224515820763397 0.9979085248679533 -0.06282348377708231 -2.606469777445765 0.9892177683417446 0.005879446746108419 -0.1463339977685886 -3.623793191280299
-0.14403553086739784 -0.06494766591424159 -0.9874388925599595 -63.708798398781944 -0.013088747339262758 0.9978816417499445 -0.06372529914817933 -2.650477758783149 0.9894859526748396 0.0037456308851870606 -0.14458049560171043 -3.69685831479612
-0.14020063189631862 -0.06680443982038488 -0.9878668683765833 -64.32337977059098 -0.010610682507528885 0.9977653261394936 -0.06596792683171886 -2.686074935469289 0.9900662585062662 0.0012331966733537224 -0.14059616991002116 -3.773902633351575
-0.13226680372925956 -0.06751475857021028 -0.9889121548481706 -64.9188263511154 -0.009451938376630203 0.9977181478172786 -0.06685176420248183 -2.7315823691446877 0.991169084209233 0.0005048675728011491 -0.13260313577198735 -3.849516095301206
-0.12033401842052872 -0.06830721628630701 -0.9903806582390349 -65.49835443343767 -0.006229277890137679 0.9976622901006418 -0.0680525606286139 -2.7703100936519753 0.9927139165478315 -0.002019681747059288 -0.12047821702658694 -3.913869020798469
-0.10326060066072976 -0.06869283595166095 -0.9922794680129705 -66.05544464020957 -0.003032206142798613 0.9976294728688636 -0.0687476587914228 -2.812648612526305 0.9946497142597952 -0.0040901286425392815 -0.10322410944442524 -3.970080430226276
-0.08212422344393583 -0.06972939942699911 -0.9941797738735589 -66.59312328246216 0.0016870907237426917 0.9975382391465433 -0.07010431631008572 -2.8467326386140757 0.9966206728984803 -0.007434534011268453 -0.0818044134225959 -4.013892473716805
-0.05742095333987338 -0.0717366911912018 -0.9957693916035372 -67.10740160127858 0.007764314502336671 0.9973528179468109 -0.0722984920580323 -2.8808693843901523 0.9983198633393249 -0.01188291506721771 -0.05671196339094989 -4.045432015672213
-0.025411268556724577 -0.07196507361054959 -0.9970833945114955 -67.60277751379923 0.013146997338038122 0.9972951603802154 -0.07231541705055154 -2.915980543904444 0.999590628153011 -0.014946279216907672 -0.024396410519554112 -4.05527991109913
0.009030137738392388 -0.07245078845015178 -0.9973311084416134 -68.08145506713423 0.01838584407106096 0.9972152001461446 -0.07227589733293237 -2.9514147774145627 0.999790186664292 -0.017684112938943525 0.01033705951140773 -4.041025361419102
0.048649481249157786 -0.07379398137888944 -0.996086179146383 -68.54158225003859 0.022790684414940133 0.997089397548943 -0.07275519225035292 -2.982599374722455 0.9985558635740346 -0.019161983397846236 0.05018969729111913 -4.0132820648996095
0.09245251248300963 -0.07321687540132818 -0.9930215617457887 -69.0010431985182 0.028554615859230418 0.9970776585876518 -0.0708574389778454 -3.0177716921748754 0.9953075739934416 -0.021804400973970628 0.09427301442860248 -3.9627725713725552
0.13914049797358466 -0.07440706584965483 -0.9874732960314966 -69.44263243596905 0.03680201762974811 0.9968728332660303 -0.0699297203951113 -3.0533406609249276 0.9895885676997496 -0.02661095353052719 0.14144371258615002 -3.8891385915658536
0.18936916461207046 -0.07913482769862286 -0.978711907835618 -69.88367935970605 0.04937763231189532 0.9962534644977309 -0.07099918241459593 -3.0822949009832845 0.9806636369935396 -0.034881420862388594 0.19256717673898352 -3.7994434441439457
0.24134928674157868 -0.08425827617950471 -0.9667735332975294 -70.30604819918113 0.05967647921296252 0.995626783156843 -0.0718750755791107 -3.1152090992080206 0.9686016929667609 -0.040346642437956826 0.2453220512426621 -3.688797003665726
0.294751287297995 -0.0894491372775199 -0.9513782268248953 -70.72676722067466 0.06980081258991663 0.9949648716829366 -0.07192183728706104 -3.136934198097122 0.9530212616715125 -0.045207919187533446 0.29951079921226714 -3.543802419856489
0.3487257215299559 -0.09023982395461114 -0.9328703796970146 -71.13293239091078 0.07452579609860834 0.9948720144476405 -0.06837821718035501 -3.1644319244115513 0.9342570721483887 -0.045677664580579605 0.3536626557882291 -3.390006084085902
0.4005805885465336 -0.09162593375418635 -0.9116687338849491 -71.53405125585645 0.08041359585003807 0.9946638068447516 -0.06463408509118485 -3.192371501571786 0.9127260518261647 -0.04741940126974653 0.405810983958097 -3.208371631844073
0.4504011082539656 -0.09659996373329388 -0.8875850881410332 -71.92401895671199 0.09216536143587299 0.9938491058304709 -0.061396262030921474 -3.2072925292023626 0.8880565228829715 -0.05415165599223149 0.4565339092754273 -3.0050993375249244
0.5011417313833874 -0.10335833971822127 -0.8591705410899244 -72.29422116465521 0.1071839715346986 0.9926101270742236 -0.056892283094843316 -3.2265385770371053 0.8587016718931605 -0.0635782135671303 0.5085167150128913 -2.7871684847789964
0.5517093780657273 -0.11033089165270887 -0.8267066326705298 -72.64726252576759 0.11296683688539909 0.9919626554469415 -0.05699635043370013 -3.242301581683531 0.8263505647837577 -0.061945012275176195 0.5597388315418109 -2.5463256108180294
0.6023406977184492 -0.11667615399842014 -0.7896659793610133 -72.97751368174552 0.11419292317937546 0.9916799778403484 -0.059420517048543564 -3.2626106718799965 0.7900288983118278 -0.054382870820727604 0.6106528008561776 -2.2923143308939036
0.6536412649799 -0.1254028064597372 -0.746342570705636 -73.31412131549692 0.11406169066265717 0.9912350403488162 -0.06665602379273647 -3.2830002532514015 0.7481597606384959 -0.041559967717783884 0.6622157817846414 -2.0227225457282927
0.700248607489014 -0.12937532626447498 -0.7020782810083624 -73.62352290827653 0.11320818001307328 0.9911217128300869 -0.06972559311245007 -3.309154400110259 0.7048657997717179 -0.030655754936324893 0.7086779444863929 -1.713721423708599
0.7443932517897546 -0.13100890432007037 -0.6547635860970961 -73.92877012967377 0.11512174740791603 0.9910610366416935 -0.06741665168517484 -3.336376358288376 0.6577428600628227 -0.025193027597866516 0.7528211217791578 -1.3652891380499355
0.7852403520458655 -0.13170837480399095 -0.6050210686623865 -74.22287580787928 0.11748705385846124 0.9910573561750382 -0.06326222369631677 -3.365479853392463 0.6079427454082689 -0.021406092072941394 0.7936922561847382 -0.9871873861660372
0.8225605139908677 -0.12978789951356365 -0.5536689461789747 -74.49538239389727 0.11588946177180207 0.991434023018988 -0.060234629994938324 -3.394316824741033 0.5567439568359236 -0.014617767963755916 0.8305555293816516 -0.5850375928517288
0.8549050206791046 -0.1269107325095131 -0.5030219394733776 -74.75630529301394 0.11546595427360855 0.9918425501858935 -0.053999713373577285 -3.4237119352127157 0.5057717064262729 -0.011917282183550999 0.8625850447138601 -0.14479450483560635
0.8828378464058514 -0.11937328795180935 -0.45425472488137386 -74.99934584902111 0.10872832711310057 0.9928336120980319 -0.04959404774326961 -3.44760990008477 0.45691956385852467 -0.005606854015356317 0.8894903458449588 0.3186095702217436
0.9051214082512783 -0.11393906329010918 -0.4096011794194387 -75.22506530352206 0.10356130562258117 0.9934875670826555 -0.047513261621707034 -3.472612677237928 0.41234729573863904 0.0005864373444247704 0.9110265439537262 0.8099992935327358
0.9227623461727033 -0.10649468323226488 -0.370362707260204 -75.44260182927358 0.0975760891280472 0.9943076310038833 -0.04279301061997503 -3.500105772994879 0.3728116941786069 0.003349234346155113 0.9279009771052995 1.327075786782724
0.935410608546632 -0.10365251839612527 -0.33802832551216827 -75.64000370249587 0.09617432205312855 0.9946062080129109 -0.038845730264723655 -3.5256058338016687 0.3402315288094863 0.003827063145476506 0.9403339089874609 1.868319350233275
0.9451621074480019 -0.10140455183864801 -0.31046047656804016 -75.83236497483531 0.09476229631524077 0.9948325731671285 -0.03644528176228881 -3.551441368761533 0.31255191223461415 0.005026751642269709 0.9498873796016091 2.4307682941348503
0.9529934882161557 -0.09775405741653462 -0.28678834647908646 -76.01399164949272 0.09159699462854119 0.9951864405715158 -0.03484162851555546 -3.5708276765005205 0.2888137842843075 0.006934894462197657 0.9573601752977685 3.0136235291224454
0.9595267225205301 -0.09129157300983745 -0.2664100551150408 -76.1831203391892 0.08527428107729212 0.9957740388559021 -0.03409340885502095 -3.5874481767828286 0.2683966574973697 0.00999561093651388 0.9632566231312629 3.6189315491886065
0.9645296607832802 -0.08209935260806214 -0.25088290051461765 -76.34611569040682 0.07561902001908284 0.9965089561435255 -0.0353788656841203 -3.6068532340702477 0.25291163927475513 0.015152446240741465 0.9673707180250373 4.239219648934201
0.9683388487289027 -0.07557733550962074 -0.23792423247674782 -76.50094515863992 0.06867425793791967 0.996945997949635 -0.03718230047862377 -3.622873787850138 0.2400077505812245 0.019665795927773042 0.9705717573324841 4.877767740559857
0.971580416705324 -0.07382806719889194 -0.22490200169937377 -76.6520523488737 0.0663327621973782 0.9969665949115143 -0.04071330605351113 -3.642620786389641 0.22722556751821565 0.024637879864482935 0.9735304393504122 5.531014739609393
0.9746096239845988 -0.07098346826785897 -0.2123615503552018 -76.79689190487895 0.06297355523204898 0.9970334712548984 -0.04425594354258057 -3.664129424414666 0.2148730140758374 0.029759106674661355 0.9761884978793234 6.201247087332953
0.9778207676933627 -0.06701050503288156 -0.19843421701612163 -76.93905167607328 0.05905662755741211 0.9972061554050926 -0.04574055491289713 -3.69451170163222 0.2009449203366637 0.03300720887068184 0.9790463028649145 6.887277166111502
0.981205074365484 -0.06139791796205161 -0.1829396012604991 -77.06639099196492 0.05363797019455865 0.9974502980725185 -0.04707303929482347 -3.726282413405308 0.1853633464114003 0.036375796142071676 0.9819965535897752 7.592138265707197
0.9837712535506097 -0.057620430068348764 -0.16992353199660318 -77.19162625491653 0.04939579636874158 0.9974120649073089 -0.052242014494430083 -3.7619798188338582 0.17249398826788093 0.04300068390243321 0.9840715244307001 8.304952389596792
0.9857665186248945 -0.053663313682554614 -0.15932551434959527 -77.30631355269058 0.04457842975573835 0.9971988637795923 -0.060059884092487456 -3.8009400563083924 0.16210223428030834 0.05210254160113588 0.9853974785841665 9.033248215159697
0.9872582301268163 -0.05215194855097252 -0.15033749136260932 -77.42334455736788 0.04219675843929245 0.9967468608488909 -0.06866679667130238 -3.847974326364667 0.15342952983073974 0.06144810534279087 0.9862471849012794 9.769266689816936
0.9888219519658028 -0.04895059586287791 -0.14083673695172225 -77.53692903564747 0.03931813045021582 0.9967448060365977 -0.07038377836522526 -3.8997188741944413 0.14382361394583004 0.06405958791418011 0.9875277906306361 10.52184711858284
0.9897053066448818 -0.04363067062666517 -0.13630763214005193 -77.64782416651782 0.034661944555379555 0.9971174763670533 -0.06749287312775024 -3.9506113281639537 0.13885948148614125 0.06207336710753073 0.9883647815950004 11.287941499276801
0.9903810175707769 -0.036069910513051515 -0.13358293899691154 -77.75835658198642 0.027732898777043373 0.9975802074396266 -0.06375434142184831 -3.9959603844869314 0.13555930938483843 0.059436447406383694 0.9889848241296795 12.058044851540274
0.9906949064174929 -0.03438803113000669 -0.13168548026808533 -77.86246797115535 0.026195327925070233 0.9976412195069089 -0.06344920752590592 -4.034550895704595 0.13355675644958054 0.059409262373548724 0.9892588803497786 12.827565970967084
0.9907441895673144 -0.038371384956825 -0.1302059432403159 -77.96196826777633 0.02988665022410216 0.9973384526679411 -0.06650412745310542 -4.063290096469568 0.1324112494351871 0.06199715837368581 0.9892540691736377 13.58985964452858
0.990829568541275 -0.04011779795305123 -0.12902452631848138 -78.05909723461586 0.03149609427338568 0.9971755763281477 -0.06818259323425858 -4.112586616789973 0.13139544189138483 0.06349356079181999 0.9892945999994859 14.352439987806681
