1.0 0.0 0.0 0.0 0.0 1.0 0.0 0.0 0.0 0.0 1.0 0.0
0.9998710188369979 0.0017034200511487053 0.015970098621899978 0.0030827360154064985 -0.0016854680265965447 0.9999979326499546 -0.0011374943288081582 -0.0010584551036437642 -0.015972003236763628 0.0011104305228579207 0.9998718228136338 0.12726366301541764
0.9992765916082927 0.004795187888034645 0.037726643593511605 0.007465457647948362 -0.004767467444376151 0.9999882954939486 -0.0008246995053291331 -0.0036596707528255617 -0.0377301566108626 0.0006442423656686988 0.9992877564715251 0.27022049968283357
0.9978192962642548 0.006822238286482907 0.06565142090975551 0.014408182355214712 -0.006852857917662189 0.9999764898009806 0.00024121291326414452 -0.006430489937435238 -0.06564823181981197 -0.0006905867589502636 0.9978425891636721 0.4346670317147562
0.9948990172981627 0.006863680710758349 0.1006421147743392 0.032273785148566436 -0.007084328454229248 0.9999732218783468 0.00183516118935813 -0.005794037729510537 -0.10062682380708984 -0.002538781861265781 0.9949210003398048 0.612495640365986
0.9900693170011249 0.003963873711367428 0.1405241446802884 0.05272947074853308 -0.004490431732611412 0.9999840346910723 0.003430216584803656 -0.009650393308857676 -0.14050830422356203 -0.0040271662697529235 0.9900713097429169 0.8045654921235639
0.9833073558741844 0.0015349575734398047 0.18194583751481672 0.08168788174766328 -0.002257509854973385 0.9999903671207779 0.003764215045145625 -0.018798246670816487 -0.18193830694214747 -0.004112124864245047 0.9833013489750362 1.0105398654957
0.9739033578134905 0.002141845879279721 0.22695299543261846 0.1330009562527479 -0.0031656030610511055 0.9999863905696694 0.004147002857974219 -0.018948706095604256 -0.2269410244906562 -0.004757223105299441 0.9738968837774653 1.2244952283379296
0.9613730418322873 0.002345017516657474 0.27523876058975055 0.2138474987574812 -0.004530868021811358 0.9999630453434204 0.007306105835603111 -0.035395019525233426 -0.27521145628971266 -0.008270963689841475 0.9613481395865584 1.4436436059550037
0.9457887039783798 -0.0012408323257930838 0.32478021454829503 0.2807265620274547 -0.003538045497794842 0.9998940027474934 0.014123225681500304 -0.04239961717994832 -0.3247633132928547 -0.014506674489155779 0.9456840628530825 1.6830414962931244
0.9275097066170712 -0.009862422247215893 0.3736689400505914 0.37977847546879506 0.0023106341189978383 0.999784046551369 0.02065239045092653 -0.037358882337886826 -0.3737919275493828 -0.018291880405989402 0.927332196146629 1.9290873718373605
0.9052991684171857 -0.014793557630206476 0.4245168622278675 0.5174106436210997 0.004977046997342803 0.9996941768957623 0.024223577025078994 -0.03753963170118289 -0.42474538804599016 -0.019816743762421058 0.90509593524682 2.1618298463759955
0.8785096563150121 -0.015644796674803785 0.4774683487921309 0.6523184775745476 0.003461521337112665 0.9996458469843592 0.02638557327319959 -0.029328859803118147 -0.4777120488655406 -0.021527214030773224 0.8782526842684629 2.4057695845042733
0.8490964198580633 -0.018525793716410763 0.5279129329268196 0.8120462759851207 0.0033340746335501817 0.9995528724118539 0.029714292849565983 -0.018645901193283257 -0.528227369350129 -0.023470198558786133 0.8487785318026447 2.6530117387894987
0.8150520271300625 -0.02263643218758326 0.5789454076240634 0.9897083526469611 0.004973778867254153 0.999473036962311 0.0320766255880241 -0.006331149209282665 -0.5793664251533356 -0.02326457227527667 0.814735113446016 2.9016194326990496
0.7764990590370043 -0.025997332250638012 0.6295818850876326 1.1800367144113544 0.006531860330480091 0.999426943723757 0.03321323470565979 0.0021432353565542205 -0.6300845547347356 -0.021677704556527223 0.7762238923209526 3.1561058203622814
0.7367647526653104 -0.0286046592441866 0.675543834772806 1.4095093045090672 0.007052413536614252 0.999375485248001 0.03462517795811465 0.007824018753962509 -0.6761123890991294 -0.02074639618937466 0.7365063640945817 3.3970433626138425
0.6961939238469211 -0.029702018934979375 0.7172390190653417 1.6784457711735532 0.00779566736084624 0.9993975453069806 0.0338197280412 0.020545069039972993 -0.7178114292549446 -0.01795373235758572 0.6960060456098103 3.615388320181517
0.6527377139103526 -0.030099191853182956 0.7569858093048192 1.9567423471164258 0.0077663981394197395 0.9994237841770661 0.03304213493606627 0.033256220969175306 -0.7575441636624405 -0.015688794439933207 0.6525953584189781 3.853413807786882
0.6093165694786506 -0.029433637960854492 0.7923805771945436 2.2608039221158416 0.0039619894751796204 0.9994113462191411 0.03407731925845515 0.0459682858181719 -0.7929171588496284 -0.017624471760409124 0.609074508740104 4.0864868950897515
0.5673064117870869 -0.02783439753672245 0.8230362576819006 2.6026213631102446 0.0017393937647733758 0.9994668935528358 0.032602196263065486 0.0689383003030187 -0.8235049542380367 -0.01706385084358375 0.567052392058967 4.30280954411599
0.5266809326455231 -0.02638562804544741 0.849653455133497 2.9714127953067204 0.0008621798514840118 0.9995342220195316 0.030505665993605362 0.09750882207999204 -0.8500626164192526 -0.01533419852672502 0.5264583654212335 4.5157957084227025
0.4875334538168644 -0.02671313641989443 0.872695559603698 3.3645136034820604 0.0008557249030239138 0.9995459849148907 0.0301179643304667 0.1114725306883552 -0.8731038879447791 -0.013936727848854285 0.4873349653704082 4.732251609648559
0.45026919435881785 -0.02457725361649673 0.8925545424320755 3.788653560676656 -0.00037470925024031684 0.9996158145654758 0.02771430792168495 0.12490741825864565 -0.8928927775519514 -0.0128133475435026 0.4500869981684544 4.9415205429330005
0.41386366231899685 -0.022138160705137886 0.9100696516489829 4.240123180778866 0.00173958535489103 0.9997216666305737 0.023527921969035102 0.1357792066753692 -0.9103372138140349 -0.008154208114921105 0.41378698147152715 5.143257955381835
0.3814705630793751 -0.018775181050044217 0.9241902953831764 4.719563993238639 0.005931375569424691 0.9998228426133579 0.01786343114854623 0.14359664776832673 -0.924361957399675 -0.0013326533992304313 0.3815143454015306 5.337075612479137
0.3535723854701727 -0.014693633729207144 0.9352917541391905 5.230001603681082 0.01108384858790552 0.9998722323093883 0.011518131667971158 0.15292259949890466 -0.9353414972796896 0.006294138898391229 0.3536900723544776 5.520698364701573
0.33175182881937265 -0.010861089438688697 0.9433041719462534 5.770616808737799 0.01696594586120699 0.99984069064537 0.005545269229162071 0.16075593777745223 -0.9432141224324601 0.014164394303820493 0.33188324630503646 5.698884361022934
0.3176609225362153 -0.008317757730957342 0.9481678929386768 6.341365165074439 0.023310222817058062 0.9997278184025167 0.0009605333744813994 0.1642874594686653 -0.9479178085707953 0.021796880934516386 0.31776834986490815 5.863737736626235
0.3087291281901396 -0.007815620890901548 0.9511178904200289 6.937803779571159 0.02895566506727195 0.9995799943602597 -0.0011850465201925782 0.16025081594895632 -0.9507091536676542 0.027906109453536394 0.3088257667159572 6.041851500542463
0.3029246082421 -0.008145695820432043 0.9529797108863186 7.555665863046467 0.033596036130801823 0.9994332103578215 -0.0021364433426439367 0.15423628957263968 -0.9524221690393746 0.03266352206145965 0.303026576802881 6.2319743556000455
0.29793240070822086 -0.008827750299624588 0.9545461515468405 8.198414757922857 0.035398740913090275 0.9993716357298608 -0.0018063334106376374 0.14817744746494538 -0.9539304029907018 0.03432789715770471 0.2980576818784007 6.4258609657397985
0.29371484150591076 -0.009218879735420455 0.9558486303466579 8.868639394280434 0.037244569380713806 0.9993045473380125 -0.0018065772098433228 0.1448765150048603 -0.955167228254195 0.036130789169263655 0.29385392994343834 6.61592538590748
0.28972972021623855 -0.009156312207559324 0.9570647058429111 9.55861735018506 0.04015853432019041 0.9991899437827191 -0.002597761486528716 0.14949196555416125 -0.9562656437123906 0.039186964544915937 0.28986272693307974 6.8079331356793595
0.2855158293821421 -0.009098766510361182 0.9583308007260425 10.270215911869247 0.0415412897373329 0.9991326076484499 -0.002890256142219717 0.15208417307679503 -0.9574732541534436 0.040635511336743424 0.28564614963134854 7.006126043876693
0.2815863668959033 -0.008693297084683404 0.9594965057592256 10.99971213553095 0.04383329437369593 0.9990315850603514 -0.0038123950675165072 0.1508363655345032 -0.9585341727255806 0.04313141126371056 0.28169473030159065 7.2084482073558425
0.2770442155250473 -0.008158929670688602 0.9608225301848101 11.743789557121781 0.046244672813639205 0.9989183601859173 -0.00485179552716561 0.14932871411164111 -0.9597436808234109 0.04577708542608101 0.2771218605044044 7.420945879935195
0.27344545512510193 -0.008524274591693054 0.9618497386879676 12.509854510659355 0.04846658133339049 0.9988126538169185 -0.004926770652074735 0.1508548547231839 -0.9606656929261492 0.0479647716338743 0.2735339231554844 7.621394486898979
0.2693801396210359 -0.009093761711131675 0.9629909884706568 13.284977667155665 0.04977597344757001 0.998750303971692 -0.004492525325404183 0.15889470674730902 -0.9617466885022774 0.049144010971773 0.26949614717191805 7.81716443453621
0.2647118820418273 -0.009513153664780831 0.9642806227510871 14.065588931303136 0.05256111018936314 0.9986072198287103 -0.004577139022924574 0.16630262909003596 -0.9628940487932895 0.051895283151013015 0.26484321849943726 8.01534706527782
0.25902828447628135 -0.008702575166002036 0.9658305301794694 14.851121809275659 0.054809041947945225 0.9984805703349566 -0.005702594525986584 0.16701488967469125 -0.9643133913630059 0.05441337932034282 0.25911168902409104 8.211671774599067
0.25208462865940245 -0.006403413274288736 0.9676840064256977 15.637107319693781 0.058056829512188525 0.998276938565984 -0.008518126221119212 0.16568575594071597 -0.9659620823513946 0.058327954068052995 0.2520220332304124 8.40816076268018
0.2451327031824787 -0.0029495159583628446 0.9694850479435266 16.431818341401893 0.06027836569613843 0.9981069903205155 -0.012204691816043018 0.15464205821503707 -0.9676138054303751 0.06143074335325385 0.24484645660416066 8.593982994613937
0.2350007016247929 0.0007242110859816075 0.9719949309302791 17.230069117157722 0.06276875486523464 0.99790112843439 -0.015919211099754516 0.14160900571990612 -0.9699663672769905 0.06475193732756883 0.2344620075061274 8.781557882853596
0.22341927391548091 0.005109571890194124 0.974709043929612 18.03449371375615 0.06524204956177833 0.9976653059100273 -0.020184458190141502 0.1278224112264169 -0.9725365304254932 0.06810161274558808 0.22256429931458477 8.95314616122855
0.20594888608836118 0.010623060557729061 0.9785050878270128 18.846695576556534 0.06544070469918893 0.9975531009083166 -0.024603354175293548 0.11484105385948368 -0.9763721475377282 0.06910109588558055 0.20474976937709827 9.113182500780296
0.18458602262854573 0.013511646092933203 0.9827234787416212 19.66284715231941 0.06650181908097627 0.9974421283952762 -0.026205124712961422 0.09060771133860314 -0.9805638726309948 0.07018999873315342 0.18321532623867676 9.257218670905733
0.15854541895022936 0.01702893638616139 0.9872048244692957 20.489200391002928 0.06930895684079755 0.9971928354795268 -0.028332267292636423 0.07799068067601132 -0.9849160464890069 0.07291408775989038 0.15692009805823545 9.380206046554372
0.1371275082806433 0.020703521318441095 0.99033701873542 21.320283983898484 0.07574402432952436 0.9966351914350237 -0.03132312199704529 0.05974108684174911 -0.9876532231765911 0.07930737291254962 0.1350979324438358 9.479619958353926
0.1156796401252803 0.024688089112049734 0.9929797173741676 22.15549384533873 0.08245259244630876 0.9960021880764144 -0.03436875537282771 0.03189256797898263 -0.9898584701154843 0.0858495171971855 0.1131815777308373 9.551484185531562
0.09272071315539021 0.02938968264425962 0.9952583161702425 22.993663315945295 0.08675832720518364 0.995524098649925 -0.03748015031736389 0.0006222305437514931 -0.9919051678525084 0.08982213291457512 0.08975590468689083 9.613810598291742
0.0677392809801226 0.036111571048281416 0.99704931886478 23.834047670507495 0.09038688442558546 0.9950131504305375 -0.042178686491307474 -0.028119870126789924 -0.9936003225322194 0.09297733544644662 0.06413746297716379 9.646752389282593
0.03727436112402346 0.04263485899364833 0.9983951576411958 24.675577200347995 0.09699544806075516 0.994217645577902 -0.046077719963408224 -0.0632969794481444 -0.9945866000797958 0.09855730323078364 0.03292344030605101 9.671559556669783
0.011811749669759793 0.050955785627507966 0.9986310582396399 25.518739885930053 0.1066462102802553 0.9929401755655889 -0.051926809844597674 -0.10590536495373024 -0.9942268696844785 0.10711356430845198 0.0062941193618012425 9.667867326565922
-0.014161089920500686 0.060429343830777284 0.998072020415584 26.358578510943367 0.1169166608933876 0.9914250689367597 -0.05836803139803343 -0.15297033269542876 -0.9930407634824476 0.11586469301699673 -0.02110485665132494 9.646864258150138
-0.035376802358726096 0.07108014948932984 0.9968430639792037 27.200872161727506 0.1275170061822633 0.9896353015793246 -0.0660407677295765 -0.19376519583767424 -0.9912052738909245 0.12477813196459446 -0.04407406033305708 9.600835959913432
-0.05433784614266994 0.08147272799030426 0.9951932440839789 28.047501867464597 0.14012334506691576 0.9874255675840635 -0.07318604135043717 -0.2410430961928245 -0.9886419203350787 0.13547303449435133 -0.06507080974644969 9.522319822983665
-0.07615211486101944 0.09579859464897793 0.992483493396981 28.885236347795743 0.15073042628034966 0.9850409184260405 -0.08351483472848817 -0.30470273209229864 -0.9856374556577772 0.14323762874909443 -0.0894527121712827 9.435817801035883
-0.09819211628848917 0.11650457966672037 0.9883243350315064 29.71143980622871 0.15862570560279415 0.9822585890786472 -0.10002974409265021 -0.3667359466442255 -0.9824439901698224 0.14695151274453144 -0.11493067075976818 9.327697636442345
-0.11912314257196081 0.1384171958805615 0.9831837858652589 30.527750591641126 0.1647493313301876 0.9792631317541504 -0.11790409922182307 -0.45088230567753884 -0.9791155880334227 0.14793376447456366 -0.13945704212533647 9.202824296912654
-0.14284508112385938 0.1567488469186822 0.9772538471596733 31.331638636469997 0.1681485331603255 0.9768691377201205 -0.13210888904982465 -0.5581379940371294 -0.975357039034808 0.14545269595167862 -0.16589803990897384 9.045592085161548
-0.16404178944507253 0.17014424440699963 0.971669299407381 32.13709938437455 0.17456666279649283 0.9744737866020886 -0.14116415786410613 -0.6779787775845965 -0.9708845304956472 0.1464642458778178 -0.18955593666168297 8.870349961980413
-0.18402476133948517 0.17843334463850055 0.9665901037849832 32.93906034438186 0.17959798299077864 0.9729337345818613 -0.14541152849150593 -0.7848405886867499 -0.9663743848631277 0.14683831119197102 -0.211090167100934 8.669172124729503
-0.20366985567847484 0.18149480785966413 0.9620697607803157 33.73775561470739 0.18503384806284973 0.9720929853146728 -0.14421408729060142 -0.8952390543373768 -0.9613953739013738 0.1486434075968071 -0.23156872072679818 8.454519455781645
-0.22105722119323354 0.18073628472500888 0.9583674140652568 34.53356883554434 0.19102783816798485 0.971667002016264 -0.13918190341273368 -1.007735486807686 -0.9563692121786392 0.15230769047072382 -0.24931966914040699 8.230118740244706
-0.2352878424236148 0.18143401892468314 0.9548409961791959 35.3225950752169 0.20087892164332913 0.9702875413362225 -0.1348693663035508 -1.1220323851835938 -0.9509402137080187 0.1600743074467161 -0.26474313220251927 8.00244720051674
-0.24457060512859483 0.185005863459431 0.9518182860150695 36.103438427156384 0.20520033532378903 0.9692708636365449 -0.1356717188225709 -1.2266032284129182 -0.947669795598676 0.16213211708633338 -0.2750184268718477 7.76602028551119
-0.25044451358297154 0.19225873723743778 0.9488488412661185 36.875616822543535 0.21150035927161281 0.9672748426124204 -0.14016767415169498 -1.3304856034702255 -0.9447460736325748 0.16557764584925957 -0.2829114694579375 7.537003755645026
-0.2561562937705297 0.19763649678969894 0.9462154978113826 37.63743533952334 0.21401390679747445 0.9661779229568038 -0.14386892954407524 -1.4363646199243743 -0.9426462755769139 0.1656503435781871 -0.289789514671253 7.3021550364522705
-0.26413275473491604 0.20073673361742816 0.9433655980863154 38.3925056534048 0.21031039106613955 0.9665523576987166 -0.14678582777863577 -1.5567352925838243 -0.9412775506118009 0.15962864280465938 -0.29751515778291054 7.064818584881786
-0.2687032494438675 0.2028231253966368 0.9416269662359124 39.14350120355759 0.21156380410953302 0.9661348689306575 -0.1477300640595688 -1.6596613127998612 -0.9397017189135121 0.1595186347756314 -0.3025136106529897 6.798343947697869
-0.27107115222970024 0.2060315484479132 0.9402507279832434 39.89645665141468 0.21499648636165802 0.9651050555168996 -0.1494949586703958 -1.7752895525944523 -0.9382414088500909 0.16162683211607262 -0.30590819841762756 6.539533269848671
-0.272871661346949 0.2103504697118225 0.9387724624879944 40.65427537218993 0.21969838009930695 0.9636436991152161 -0.15206394358059713 -1.8958488517444527 -0.9366288903378411 0.1647528483746433 -0.30916471457290395 6.27929268438633
-0.2737112138722217 0.2137558715658253 0.9377582837659876 41.42640639689208 0.22131710205368677 0.962825709117673 -0.1548721866592192 -2.020485268749886 -0.9360026237886045 0.16515169158438686 -0.3108440236318891 6.023722511604381
-0.2735692752577737 0.21595238593392055 0.9372963344878634 42.212661114204096 0.2206869161799965 0.9625665177510515 -0.15736258745832138 -2.150473043898391 -0.9361928950071662 0.1637994686012799 -0.31098649074202317 5.762025022546918
-0.27224483358349016 0.21609077152612272 0.9376500034918915 43.017924593339956 0.22135885355270515 0.9623863973263915 -0.15752041199463887 -2.2822010537466566 -0.9364203161726732 0.16467301145717164 -0.30983833003147987 5.49628104476328
-0.26958207905542203 0.21666379884453205 0.9382868969150181 43.84118242922685 0.21790641526765459 0.9628117423839945 -0.15971957585936966 -2.415645113647633 -0.9379990921303475 0.16140119887334367 -0.30676922297533443 5.2273259828559455
-0.26675282436362263 0.21665562969843732 0.939097049731286 44.680571962809786 0.21344589478171516 0.9634880245379369 -0.16165295101796515 -2.560495043786682 -0.9398317831904084 0.15732502881600643 -0.3032574065265005 4.962928509352495
-0.26351654992010354 0.2179913511913421 0.9397014412695025 45.53782113014216 0.20916823720189925 0.9638687425722444 -0.16494149156003815 -2.702874856388732 -0.9417046652024483 0.15309088117184852 -0.2995922322724191 4.69761617770748
-0.26155794481174527 0.2189058393465365 0.9400359966543015 46.411409269387825 0.20301150328599102 0.964631000919925 -0.16814684533997418 -2.845306471391383 -0.9435961906660166 0.14685797753003232 -0.296747305626134 4.429392098462843
-0.26104886148016704 0.21848468058520615 0.9402754576556226 47.30277377666311 0.1958551626386942 0.9657788151346433 -0.17003539485911354 -2.9942067241934334 -0.9452482463288037 0.13977025644501212 -0.29490681278264164 4.161177254997865
-0.2614739261927414 0.21723088672831642 0.9404478336263973 48.20656541791516 0.19075692353248327 0.9667571467734755 -0.17027159271831166 -3.156284416550412 -0.9461729133967929 0.13487535361821162 -0.2942200824902796 3.87690501948652
-0.2619141306544694 0.2156668780236141 0.940685274620084 49.12305862964847 0.1872397681946824 0.9675462928597224 -0.16969219304319616 -3.3275632162063906 -0.946753535704998 0.13168890954425633 -0.29379546241072085 3.586079991020827
-0.2622711200263578 0.21496281215575405 0.9407469633170291 50.0523948039476 0.18644128000161883 0.9677928030986442 -0.16916482903318406 -3.5067475274695825 -0.9468122880019447 0.13102701881886214 -0.2939020442731958 3.2940903633926286
-0.26237961443830937 0.2143402252941028 0.9408587597233069 50.99257813965689 0.18601243711830265 0.9679665546382652 -0.16864199458923454 -3.6833043914667556 -0.9468665751649034 0.13076320936180477 -0.29384463907460856 2.998578703668574
-0.26273989775452455 0.21362254732067235 0.9409214384868543 51.95218348007204 0.1861717230749094 0.9680817500993083 -0.1678029041821959 -3.8717618105407143 -0.9467353567155191 0.13108444759347737 -0.29412417776145405 2.718328541474241
-0.26373013589527405 0.21297704412653057 0.9407907281089606 52.92361159130419 0.18558213481546015 0.968302479004065 -0.16718128002835209 -4.046932433958272 -0.9465757691056732 0.13050321003602863 -0.29489527889116046 2.4279120827306335
-0.26647789333959854 0.21179652644441413 0.9402828105136094 53.90237767465409 0.18397055111277916 0.9687990287431526 -0.1660821430183992 -4.23754927614027 -0.9461206945652071 0.1287271272591924 -0.29712784794267527 2.1513617174831006
-0.2677410437134039 0.21074325028530821 0.9401606330677982 54.88696699346162 0.18165989129514423 0.9693264292281945 -0.1655474478642123 -4.422640833353792 -0.9462105565918685 0.12646563192781543 -0.2978120657985578 1.8675221075218418
-0.2678676521968589 0.2101864193614177 0.9402492169752501 55.8617944604195 0.18108646160587027 0.9695038298083457 -0.1651363600483419 -4.606551190769957 -0.9462846370567412 0.12603171467125346 -0.2977606296463909 1.5595631965295624
-0.2681114796727861 0.2094959453357991 0.9403338148527528 56.834715675801824 0.17914761101223883 0.9698870326668143 -0.16500084040200896 -4.789529565515512 -0.9465845804450213 0.12421993701745944 -0.2975685455674059 1.251051971478435
-0.26765480679084414 0.20838554215528646 0.9407105666582072 57.80478274437279 0.17740467068827623 0.9702985080365781 -0.16446394170144005 -4.96689612644223 -0.9470419669791516 0.12286688375082107 -0.29667362818023074 0.9373189107693933
-0.26684192919065447 0.20713895048108782 0.9412166806954736 58.77711998823072 0.17579509381486705 0.9707054575439847 -0.1637894980911331 -5.138829885834811 -0.9475713534169508 0.12175536903117122 -0.2954389281994694 0.629031132725758
-0.2665390067887989 0.20641571079787976 0.9414613705276753 59.74887022308501 0.17506225949148027 0.9709183370775014 -0.16331193473961667 -5.314165719712376 -0.9477922573864899 0.1212853538662656 -0.2949232099644859 0.32962166077191907
-0.2656001176807113 0.20649919850286616 0.9417083723242925 60.7136150949944 0.17498127671095398 0.9708933547653031 -0.16354707723826675 -5.49267991913072 -0.9480707411836928 0.12134321031787872 -0.29400288267490504 0.025766449114513534
-0.26496010480068105 0.20704303006108857 0.9417692533562227 61.67795121451041 0.1745146817428702 0.9708440352577117 -0.16433649947807555 -5.667172542500049 -0.9483357890115697 0.12080994540039339 -0.2933669858251895 -0.27651293663743787
-0.2638042161941874 0.20756008978672533 0.9419799067102752 62.634360295220766 0.17519499685902193 0.9706409603527147 -0.16481152617801567 -5.849024539644285 -0.9485325764536172 0.12155219131420889 -0.2924226670300647 -0.5922952301379312
-0.26446408665255666 0.20888031087082515 0.9415029275586658 63.58525677229167 0.17578000890442702 0.970348999562289 -0.16590421187547988 -6.029459776012249 -0.948240547192846 0.12162168712434501 -0.2933394448082958 -0.8992476858543812
-0.2654396059374298 0.2117289558866563 0.940591656798491 64.53759590716231 0.17533365964240083 0.9699213441322388 -0.16885110006486037 -6.19766991248722 -0.948050591158607 0.12009760795227012 -0.29457875206463546 -1.1958789077968497
-0.26727841211789705 0.2135962954466452 0.9396482708903406 65.48399705608786 0.1747363506886114 0.9697011052819793 -0.17072484928367576 -6.367083573497184 -0.9476441622063428 0.11855964316063342 -0.2965032088356902 -1.4921261803784915
-0.2699671786651578 0.2136128923426646 0.9388755267172416 66.43167829664793 0.17535219186889828 0.9696820797769906 -0.17020068438799674 -6.536674082308706 -0.9467678338697121 0.11868528293082792 -0.29923982416329764 -1.7892629912626408
-0.2723285360274312 0.21431620590175657 0.9380329057943724 67.37532281863226 0.17689329839049658 0.9694144262765731 -0.17013062955092031 -6.688483855823732 -0.9458043822322276 0.11960030942576082 -0.3019103120722696 -2.0934386638817712
-0.2745791817222174 0.21470570592232788 0.9372874333997837 68.30923767689362 0.17505132225446282 0.9696254281729362 -0.17083197480979265 -6.848099053328375 -0.9454963286770184 0.11716650069386027 -0.3038234743620606 -2.3996856969071527
-0.275710830600107 0.2188349698906627 0.9359993556850097 69.2319037397369 0.1780773385804618 0.9685137106592874 -0.17398176269102697 -7.017439952403478 -0.9446015029492052 0.11871161787259947 -0.3059992686399282 -2.710806143558208
-0.27697514504810083 0.22191537214770546 0.9349001746871857 70.14921850594826 0.18042340353268452 0.9676705746923594 -0.17624146598414364 -7.187293020329186 -0.9437860798312636 0.11986336587591495 -0.30805942452330637 -3.0186818565502302
-0.2782805547461742 0.2246660873087784 0.93385495772284 71.06593010250134 0.1816091473526643 0.9670291856580991 -0.17852919000340242 -7.357663619493203 -0.9431744538779656 0.11991540059057107 -0.30990683479588305 -3.3254848341087233
-0.27949673705176503 0.22608729583185497 0.9331484922780818 71.97647286840822 0.18151140895096113 0.9667983351608254 -0.179873810074987 -7.531617408930065 -0.9428335921031094 0.11910295459683162 -0.31125440367688184 -3.6320746063609106
-0.27995461215857576 0.2270352858268465 0.9327810000855855 72.88212252220166 0.18382659542222576 0.9663317657596637 -0.1800297233772322 -7.703383222435775 -0.9422490105840462 0.121069804135183 -0.3122641583340191 -3.9472537267227974
-0.280001078163625 0.22387994938488126 0.9335294127613935 73.79760660351135 0.18627940804041296 0.9666148722377176 -0.17594223742175463 -7.867807049375406 -0.9417533532551503 0.12463329022489461 -0.3123574308390885 -4.252481423934787
-0.27970953841332424 0.21957404040461884 0.9346388687086566 74.71072255113265 0.18689423043572115 0.9673259783269715 -0.1713213304980025 -8.027170434014936 -0.9417181748009558 0.12675840182866424 -0.3116074241981374 -4.558264853103605
-0.2797324407500096 0.21866621313900897 0.9348448260665989 75.61219054029743 0.1885772817825843 0.967263807954248 -0.16982147866903693 -8.208109050398335 -0.9413757859577294 0.12878591946828633 -0.3118105459396357 -4.864037543600969
-0.2802717600460638 0.2230114645226515 0.9336560540221145 76.50323832201498 0.18776771382276813 0.9665862512605334 -0.17451161714876975 -8.374098087127134 -0.9413771965405001 0.12639978467374846 -0.312781182726802 -5.158103050718346
-0.2789688328445098 0.2291858483517739 0.9325503939287417 77.38609718622466 0.19070404303229782 0.964983405107704 -0.18010828919812516 -8.549108134934876 -0.9411739256229458 0.12759653123035034 -0.3129069621236871 -5.457853414901547
-0.27835959089273266 0.23146881316905396 0.9321685076680835 78.2725145958103 0.19526439663988784 0.9638967297497467 -0.18103842073605045 -8.724992951135478 -0.9404189245027398 0.13162554048455927 -0.3135075175003884 -5.755095341019522
-0.2776980937460776 0.23201692149025724 0.9322295408706914 79.1577689544068 0.19792179455420508 0.9633964062974787 -0.18081572822502265 -8.903240146660247 -0.9400588981389605 0.13429636061817196 -0.3134545510189251 -6.056687639324014
-0.27779197978596776 0.22992834102684231 0.9327189147643776 80.04535063774755 0.19539504197012597 0.9641607968714574 -0.1794846381997299 -9.07421418883176 -0.9405596172173691 0.13238925851004452 -0.31276299443999944 -6.351501483135188
-0.2769060762016266 0.22698061971706598 0.9337038198676695 80.93114348107133 0.19378655534562816 0.9649261095752251 -0.17709989843954016 -9.245119260755786 -0.9411534391000722 0.1318992089926106 -0.3111796952521622 -6.646999481291503
-0.27609656851439685 0.22317040248793713 0.9348613032466092 81.81909226026467 0.18978046411723118 0.966177555511508 -0.17459755629805973 -9.41128885221937 -0.9422070156255586 0.12921262585048732 -0.3091116902137452 -6.938855956568881
-0.27743611749581343 0.22009646525657434 0.935193427420452 82.69799896641733 0.18073574441541213 0.9679826203705602 -0.1741959739808866 -9.584512632186955 -0.9435909025628927 0.1206946255725769 -0.3083326384903797 -7.227748819817262
-0.278070159569162 0.21748210084630623 0.9356166534263161 83.57881982062575 0.17241360099162845 0.9695133282145336 -0.1741190874300583 -9.749400851777684 -0.9449606005280212 0.11289571393925414 -0.3070895980391806 -7.513848990362199
-0.2767446121315181 0.21761449425611845 0.9359788200305768 84.45644330049272 0.17360572004137886 0.9693157426916007 -0.17403460845229476 -9.914499682139482 -0.9451314583829532 0.11432813678129725 -0.30603203021093517 -7.800562455978348
-0.27536561699389184 0.21956621185968064 0.9359297279107894 85.33139374671812 0.1745892077997146 0.9688003262035199 -0.17591059225589603 -10.076422983280928 -0.9453530480711634 0.11496350097984119 -0.3051081905570816 -8.084993812362654
-0.27275563716052853 0.2215803607154316 0.9362192617877367 86.20281988706053 0.17445101428321136 0.9683759927542328 -0.1783669820140809 -10.247084856088378 -0.9461348772837362 0.11467379998269867 -0.3027849295866868 -8.363651697518664
-0.2679830922217846 0.222646134813972 0.9373439928519575 87.07834193877233 0.1758670671898666 0.9678878592902624 -0.1796214533861331 -10.415894490386892 -0.9472358929861576 0.11671242646312577 -0.2985337042074207 -8.633787074497524
-0.26244312986554796 0.22377405301670839 0.9386419854144881 87.95613999858776 0.17902369692190492 0.9671428259842396 -0.18051390552428742 -10.591042848253569 -0.9481951906262693 0.12066452396497039 -0.29388084852456403 -8.90204787317981
-0.2547674130423279 0.22362858921560066 0.940788934531631 88.82711543848531 0.17274926951826158 0.9677671480918977 -0.1832605711957173 -10.76581766673075 -0.9514469271234339 0.11583177957501047 -0.28518720817711835 -9.171530807802931
-0.24979228326039282 0.22297030700989381 0.9422781210531607 89.70864317207207 0.16464260069753694 0.9687367379953596 -0.18558541562757527 -10.937972904412364 -0.9541994703724735 0.10878131572113973 -0.27869337288652274 -9.415575064380034
-0.2403583158523434 0.22168818560174477 0.9450302790732332 90.5907267336634 0.159780571678976 0.9693270149636773 -0.18674931586365962 -11.106142932758965 -0.9574434964605287 0.10611072719669673 -0.26840727385677027 -9.655885393956924
-0.2282309423376546 0.2224861055295224 0.9478452246047211 91.46398992284298 0.15574536475729867 0.9693459412543274 -0.1900311225309594 -11.28346094943961 -0.9610692057891982 0.10425151807080264 -0.25588591728278204 -9.896026817284513
-0.21709339806186972 0.22291104467294554 0.9503584180091048 92.34427830051405 0.15278815283123984 0.9693372211943337 -0.19246072836208264 -11.466443943839085 -0.9641194100692954 0.10342155370164328 -0.24449487797818936 -10.121371725960529
-0.20512173177672638 0.2248215397365244 0.9525651423516487 93.21899349642926 0.15054145578112643 0.9689256798736577 -0.1962658833640416 -11.65337306372314 -0.9670896262726706 0.10314214537165178 -0.2325926753015173 -10.338542374691576
-0.1938905299768737 0.23065565402763688 0.9535221191196205 94.0924506031055 0.1453814691903434 0.9679905665846104 -0.2045934784377564 -11.83640313345987 -0.9701910589164086 0.09895570861899121 -0.22121726182730164 -10.54735735188166
-0.184171289319884 0.23967746676603555 0.9532238184785717 94.96066553700064 0.14318805611509494 0.9660095635605065 -0.2152270979584558 -12.03239074810246 -0.9724084104820515 0.09685161348296885 -0.21223017737709568 -10.728486109301024
-0.1730185006252098 0.24361364107235414 0.9543149335124522 95.82961710957105 0.13782409216829594 0.9653827423696192 -0.22145130469901683 -12.23221414029629 -0.9752277262564817 0.09321241665348091 -0.2006049035348549 -10.913759243684344
-0.1628893616257799 0.24037877182526252 0.9569143649903716 96.7082559007187 0.13165883815240526 0.9664894514895361 -0.22037261739111946 -12.434652530022506 -0.9778205388543966 0.09008987853933714 -0.18907883958619684 -11.080686684595348
-0.14935748562240053 0.23797795974761132 0.9597181003622474 97.58778496443796 0.12675978249331918 0.9672046214647274 -0.22010719606482237 -12.638388622242605 -0.9806244434189872 0.08877900028518114 -0.1746252847601484 -11.239450064934728
-0.14122897717051475 0.23934575447706682 0.9606081333307437 98.459261988085 0.11936592172835774 0.9673715437058261 -0.22348170654025573 -12.847036172152544 -0.9827543705002321 0.08310178242377976 -0.16519062025636 -11.38781495660803
-0.13615587940107268 0.2453097514146408 0.9598357684340637 99.32503941458188 0.10885459250976888 0.9666964501967574 -0.231621784093204 -13.051892155873265 -0.9846889123952043 0.07294586374753512 -0.15832449831934822 -11.535259495008598
-0.1330271814195119 0.24960962281196739 0.9591656818314809 100.18830870510745 0.09962685264108798 0.9662327822886857 -0.2376314387102322 -13.272835980020401 -0.9860924192165808 0.06394721753392776 -0.15340304473268218 -11.67750851707557
-0.13216020570791484 0.2514450881076701 0.9588060532212809 101.05554062797849 0.09157611756787383 0.9662511498695548 -0.2407748534771781 -13.49178781242066 -0.9869891056736312 0.05598288168974401 -0.15072631568268208 -11.817504147311293
-0.13351003849572912 0.25099442283841755 0.95873712211684 101.92722605585293 0.08647916269836133 0.9666582214844682 -0.2410253871596799 -13.717830749573341 -0.9872671492761506 0.05073147485036387 -0.1507643638916293 -11.920035095637337
-0.13261734860003777 0.25162651058586344 0.9586953311770536 102.79364718839625 0.08039802947768732 0.9667823104187799 -0.24262753577743248 -13.935682021902897 -0.9879012074627698 0.04490059500392989 -0.14844238229660722 -12.050708759591597
-0.13058872400255536 0.24922364741445777 0.9596010414400458 103.66462017582008 0.07158488400552766 0.9677334012197674 -0.241594015955558 -14.149429835704824 -0.9888489214967559 0.03714347497277975 -0.14421571593154098 -12.183253444870665
-0.12796000090783277 0.24724204390938137 0.9604673913731694 104.53854849779482 0.06728494632415226 0.968361430733757 -0.24030995706675534 -14.36638075077739 -0.9894943022402004 0.03387493455021884 -0.1405471972093183 -12.30981849824904
-0.12722185246619663 0.24610081974281964 0.9608584634466116 105.40684339045136 0.06018024300304404 0.9688605824363987 -0.240182243625742 -14.584322870656223 -0.9900469375777905 0.027268265858194207 -0.1380706452144082 -12.428799686518884
-0.1278063307972772 0.24636643685685067 0.9607128190039926 106.27153942279601 0.04912000204276491 0.9690402573061899 -0.24196736374823474 -14.804295808535798 -0.9905820345672808 0.01626525469863444 -0.13595099956283085 -12.544738598786681
-0.12863959626185226 0.2483219460382213 0.9600979457270911 107.13377156562102 0.03763220496715237 0.9686668714241059 -0.245496047533852 -15.023383403907568 -0.9909771296164689 0.004550090243508489 -0.13395381762338116 -12.657655403971296
-0.12600745757681384 0.25191392927698636 0.9595110696970927 107.99038482569073 0.03707346831007292 0.9677406565389608 -0.2492058980622281 -15.247860008615215 -0.9913363095249196 0.004170601607611168 -0.1312818627981075 -12.770615751899305
-0.1240266274835731 0.25526968115491866 0.9588820498675107 108.84987675893505 0.03613333423299451 0.966864249497419 -0.25272100269071 -15.470241940905403 -0.9916207832797048 0.003303471939885735 -0.12914065680832162 -12.883683307241684
-0.12303622470469153 0.2546614444028124 0.9591713278372598 109.71355264626146 0.02984672814125245 0.9670270671023556 -0.2529186120290016 -15.691426534586787 -0.991953255062796 -0.0024900253187562773 -0.1265801704226738 -12.993271352109208
-0.12085448981518793 0.2506935994053933 0.9604930564604207 110.57927868510679 0.02604264700454306 0.9680529129127861 -0.2493899323109595 -15.92124489971473 -0.9923285609255157 -0.0051261114147720666 -0.12352226581979446 -13.098464191183629
-0.12215492807872136 0.24783538078883574 0.9610701314552114 111.44764720602038 0.02258873092207094 0.9687652498163221 -0.24694865859859982 -16.157325253404707 -0.992253960829288 -0.008456641033567752 -0.12393773614608544 -13.17119300717608
-0.12279530480136032 0.25188582282654204 0.9599348130877112 112.3082537594421 0.01745308413076486 0.9676534906119234 -0.2516785886023739 -16.379901527546338 -0.9922785410221583 -0.014151125946534988 -0.12321948977893006 -13.263721302664594
-0.12120325450786631 0.2550622700348316 0.9592981859158195 113.16791345639258 0.014137479692673727 0.9667684797803134 -0.25526229288948854 -16.604304886815534 -0.992527028732537 -0.01737656202874273 -0.12078142376798115 -13.373040539712514
-0.12100172660077708 0.2563702133534079 0.9589749193095516 114.0297473831583 0.0065124330245903955 0.9662575740922196 -0.25749541496018324 -16.83010371748618 -0.9926309336181944 -0.024912129867700483 -0.11858842865020101 -13.46281957951852
-0.12072612524177183 0.25677498706146984 0.9589013550432036 114.89625823545667 0.0008256285118007703 0.9659922150849787 -0.2585698333773194 -17.057222091385814 -0.992685509626118 -0.030424437789326454 -0.11683249789136109 -13.542125692071679
-0.11738203363931116 0.2564459350597873 0.9594044718313612 115.75966465092857 -0.0007486593309432865 0.9660600403172903 -0.2583165461432147 -17.287332489941175 -0.9930865509551033 -0.031039988618958937 -0.11320610150795361 -13.626974169016473
-0.11335010889818709 0.2574175889393476 0.9596290625639808 116.6212865329437 -0.0030176054917208225 0.9657602370831488 -0.2594186934786975 -17.518242390880005 -0.9935505255747504 -0.032300919085243934 -0.10869224331286514 -13.715719496822581
-0.10828898085750753 0.2558535084196896 0.9606312918358325 117.47608269575684 -0.0032859480589084956 0.9662163405484128 -0.25771143902160404 -17.770966686670747 -0.9941140272474752 -0.0310638936157061 -0.10378986146650158 -13.805088978906046
-0.10460621941417994 0.25527324046098093 0.9611935869347157 118.33748308371653 -0.012640338999959397 0.9660767137765129 -0.2579457402802722 -18.000214001068677 -0.9944333867533993 -0.03913254148815315 -0.09783089239519105 -13.892610437820617
-0.10423963413806919 0.25522819977964356 0.9612453717506295 119.20152059497119 -0.020415987551911423 0.9657579259695218 -0.25864032144916194 -18.22571911056463 -0.9943426402035865 -0.04658534602520673 -0.09545951711940567 -13.97274848300579
-0.10273584377310975 0.2554493631410233 0.9613485160310359 120.063551560715 -0.020217787869402183 0.9657264790426013 -0.25877327669148126 -18.45738012409572 -0.9945031862482354 -0.046021631292511946 -0.09405010364311713 -14.054336615261851
-0.09998423003192032 0.25637195770991444 0.961393037755585 120.9256969658613 -0.020373036918445827 0.9655047516718743 -0.2595871989635658 -18.685671164970103 -0.9947804245719962 -0.04554112206584649 -0.09131217382879467 -14.13474782191935
-0.09506630018186654 0.25766611837664627 0.96154592714568 121.78151116139618 -0.02066292359911676 0.965201768755622 -0.2606886824918827 -18.925980590231102 -0.995256470543179 -0.04465105857344185 -0.08643402576649308 -14.215506686594868
-0.09208848164868916 0.25702961376650624 0.9620059714963737 122.64575525763077 -0.016049578246999575 0.9656025076684054 -0.2595268930623154 -19.162450938690203 -0.9956214755547059 -0.0393392276427224 -0.08479565190940876 -14.285661100070033
-0.0892033263878397 0.25645254121625116 0.9624317433797961 123.50845551506424 -0.010224428394660232 0.9659972070281884 -0.2583502604561097 -19.395539294195373 -0.9959609568780016 -0.03288601705078466 -0.08354808350398304 -14.354246132108804
-0.0874744858399643 0.2572933846134398 0.9623660055099601 124.36869644339052 -0.00941701913395574 0.9658124339475048 -0.25907076674728335 -19.62256925748648 -0.9961222485607187 -0.03172470120513997 -0.08206100935145766 -14.428469542896709
-0.08736085690520141 0.25939592627402897 0.9618117456723169 125.22609672916258 -0.012315536422138316 0.9651481078612194 -0.2614143405678825 -19.858852095625117 -0.9961006014672522 -0.0346826083843864 -0.08112156576540794 -14.498207691115432
-0.08658433646275954 0.2618766439579201 0.9612095380449792 126.07923604465425 -0.014846534704839785 0.9643866220353707 -0.2640795782457683 -20.09348812369659 -0.9961338931522005 -0.037135785820983216 -0.07961281507958659 -14.569414882771992
