1.0 0.0 0.0 0.0 0.0 1.0 0.0 0.0 0.0 0.0 1.0 0.0
0.9999956504818096 0.0029454511028460854 -0.00015275883971128124 -0.0007527163003047913 -0.002945336121916525 0.9999953830814656 0.0007475365420745778 0.00023321104854110973 0.00015495996676845962 -0.0007470833645222411 0.9999997089268852 0.8294155660010876
0.9999797016603472 0.004955030324544656 0.004005488954607953 -0.1657213862164682 -0.004963550234848224 0.9999854344400488 0.0021199237752244082 -0.04515871975244948 -0.003994926325826467 -0.002139762189932902 0.999989730937984 1.6539406554714395
0.9999462255820176 0.005544339891587728 0.008763916900724096 -0.3322354421980397 -0.005574403583829063 0.9999786497661622 0.00340969742463938 -0.10267004621985322 -0.008744825267599232 -0.0034583676799246586 0.9999557828844381 2.4154005994254804
0.9999001080690193 0.006775520036730404 0.012404281994334907 -0.46592294082342456 -0.006832230992936246 0.9999663755807053 0.004535231818447387 -0.15673749130905304 -0.012373136353498956 -0.004619527705270401 0.9999127789265211 3.2073060949950216
0.9998710703564018 0.005983014557767939 0.014901214753989362 -0.5443463267572808 -0.006084629435888923 0.9999584814809885 0.006783258720098006 -0.23926535503918586 -0.014860011741949833 -0.0068730525268914065 0.9998659616168516 3.946259509832072
0.9998710556913968 0.006035356191996333 0.014881077454504637 -0.5325165193557201 -0.006141808191271969 0.9999558035885592 0.007118220402664871 -0.23428546160334265 -0.014837458768699541 -0.007208699272061585 0.9998639329789287 4.701132367901566
0.9998902090431271 0.006083436183839454 0.013511538176252988 -0.48913970058426803 -0.006264518679143673 0.9998905862564356 0.013400422436648532 -0.33327191185808214 -0.013428539213549955 -0.0134835944747358 0.9998189171118091 5.407602193157894
0.9998975090424375 0.0052064230181236475 0.013336587647704876 -0.47621355590750447 -0.005431173029948582 0.9998429112932291 0.0168717247547162 -0.33815950132733197 -0.01324665128428016 -0.016942428870634105 0.9997687134201169 6.081186778713597
0.9999039240140377 0.0038163957434934302 0.013325834490133581 -0.46758409642497 -0.004071080856160055 0.9998085708765776 0.019137604405942768 -0.32825244523413044 -0.013250246865322805 -0.019190016291415635 0.9997280501380076 6.723689997200157
0.9999118103985147 0.002784594897568112 0.012985278465286682 -0.4488205656404611 -0.003051694213628403 0.9997832399560793 0.020595151501059582 -0.3224450861575164 -0.012925114621971752 -0.02063296232201102 0.9997035672027117 7.346255380318276
0.9998981627678016 0.002387217897914764 0.014070013656089897 -0.4695395363751302 -0.0027048525310320796 0.9997409358587757 0.02259966683394469 -0.38228297329300315 -0.014012418290932182 -0.02263542265847502 0.9996455820813251 7.95519612601311
0.9998986399300657 0.003114662004885974 0.01389275878291203 -0.4498238462218492 -0.0033940822161396002 0.9997915167309083 0.02013462884735242 -0.38715434418077904 -0.013827149811690932 -0.020179741165482525 0.9997007492117721 8.516990797391145
0.9999002062711472 0.002868789182153662 0.013832843075296624 -0.4403666877344489 -0.003102074669004913 0.9998528328816311 0.01687275055601612 -0.3787624876618552 -0.013782402971374104 -0.016913977273426306 0.9997619530373858 9.029737200271747
0.9999063214831855 0.0004946969983814701 0.013678579343063877 -0.42702343735220866 -0.0007051903126013247 0.9998813490756323 0.01538799783328155 -0.3809234925714036 -0.01366934397064158 -0.015396202310110638 0.9997880305293906 9.514366656898511
0.9999018785005199 -0.004218322910001608 0.013358110755585231 -0.41873949197887117 0.004050427258808258 0.9999127778716387 0.012571025735580197 -0.3758787055735082 -0.013409974278596876 -0.012515686191754395 0.9998317509406252 9.981850374466294
0.9998905423538438 -0.006657464359865107 0.01321292850328987 -0.40504119634689273 0.006506787397970059 0.999913685554096 0.011414164857001247 -0.3811799380594647 -0.013287777432420492 -0.011326941772707651 0.9998475560609145 10.4227773401032
0.9999004738136564 -0.0027932662787515617 0.013828959856811958 -0.39931838143865034 0.0026671312975004627 0.9999547534044819 0.009131131059428262 -0.379673248058588 -0.013853839823934061 -0.009093338621130903 0.9998626817292731 10.854432274526522
0.9998947041897488 0.0008350234559900871 0.014487348588430902 -0.3929472703231341 -0.0009469165634810187 0.9999697646361048 0.007718365282621982 -0.37739565476130443 -0.014480465542121585 -0.0077312708814350145 0.9998652627070513 11.22725397219599
0.9998913630728276 0.0006394026108265377 0.014725936868813272 -0.38214847960379783 -0.0007600081327001706 0.9999662064113354 0.008185867269984621 -0.37758626141664514 -0.014720205161655744 -0.008196169814300065 0.9998580591065781 11.575956535826053
0.999876920344381 -0.004012473976223867 0.01516720855090038 -0.37302915080399296 0.00389320878638805 0.9999613362923468 0.007884722301428667 -0.37787583666575697 -0.015198259373427312 -0.007824702742927778 0.9998538827943823 11.907575959945769
0.999831717455364 -0.009707773119202245 0.015565857230593005 -0.36628065695449685 0.009601565264003829 0.9999302118852376 0.0068834078497396105 -0.3759801074717401 -0.015631593480454436 -0.006732792898261146 0.9998551509018945 12.215851822966293
0.9997774729462308 -0.013754539612908488 0.015994287395375107 -0.36085156547601466 0.013636501007861627 0.9998791462260148 0.007465841051019945 -0.374509180479143 -0.016095043631861105 -0.007246073583219854 0.9998442098587732 12.505130344297388
0.999761928844077 -0.014400517403066342 0.016392398619318585 -0.35459053831823417 0.014272945430901617 0.9998671409338046 0.007872960662075648 -0.37388897854750586 -0.016503595447573224 -0.007637118526255109 0.9998346392068631 12.726239704900015
0.9997579990816133 -0.01401443101876489 0.01695697483482827 -0.3510190611227565 0.013903323313177018 0.9998812133492319 0.006652577855070019 -0.3745499125655916 -0.017048192666027372 -0.006415209621577379 0.9998340883428273 12.94632833463732
0.9997281956333345 -0.013445794172892668 0.01904587815716058 -0.27764010342505585 0.01333574614097058 0.9998937076452364 0.0058933255744618536 -0.4468892247083643 -0.01912309416859083 -0.005637732746700749 0.9998012418670499 13.130127525128588
0.9996884201109664 -0.011498649372928667 0.022154993988677082 -0.19134786139300616 0.011378169865602835 0.9999198284097048 0.005556438033178308 -0.5213016964383986 -0.022217109320282008 -0.005302623473857891 0.999739107086316 13.304469130942387
0.999677851852496 -0.009097717964624642 0.023694388437245514 -0.15400808102296518 0.008971203346037415 0.9999449589586559 0.005440272391787687 -0.581546527063248 -0.023742578337303186 -0.0052259526412841905 0.9997044460203662 13.500590625594755
0.9996501859776683 -0.008043260443660553 0.0251954685657691 -0.11774395099926803 0.007934320587703029 0.9999587507813632 0.004420779635729304 -0.664451327240304 -0.025229986754351823 -0.004219324260064833 0.9996727689955164 13.67931646010005
0.9995789408991599 -0.0092530588519457 0.027501305656209136 -0.03490959870152703 0.009169379204020731 0.999952944217341 0.0031673073871676108 -0.7440678117924 -0.02752931884240303 -0.002913803863399545 0.9996167497351764 13.836176487928206
0.9995084776985761 -0.010964973728296185 0.02936958222060705 0.04178056406106908 0.010905797965427054 0.9999381660896296 0.0021742971385030688 -0.8145937116828719 -0.029391607295493623 -0.0018529296929425448 0.9995662559691277 13.997213899988608
0.9994487353376383 -0.011958246775411846 0.030971370102949106 0.08807387978297554 0.011919075361269902 0.9999279153076933 0.0014490793435412157 -0.8772012681685312 -0.030986465989652157 -0.0010791304230072583 0.9995192216275791 14.17295319787852
0.9993931173430787 -0.011375274571737962 0.0329241573271215 0.16251417967258336 0.01136887871938292 0.9999352994471606 0.00038146583374051206 -0.9659666570807806 -0.032926366394539205 -6.923577151787775e-06 0.9994577801728877 14.325712102041171
0.9993446335777806 -0.0108433489740432 0.034535852708722524 0.18815008187551363 0.010892331853211645 0.9999399197007165 -0.0012304859712666885 -1.0795717865627084 -0.03452043519556165 0.0016058555206152584 0.9994027020085325 14.476790718556261
0.9993004709679821 -0.011110042265387525 0.03570904204862511 0.24407360580730175 0.011223435056603935 0.9999325849798041 -0.0029765754044691417 -1.2148248744253138 -0.035673564844284446 0.0033752713179241124 0.9993577959443909 14.599147679906281
0.9992858473318441 -0.012342368453360309 0.03571360053592784 0.24874691930829276 0.01253507769290641 0.9999080305718637 -0.005177086548546555 -1.2196432953995757 -0.035646418466812754 0.005621062075786019 0.9993486561313968 14.789465668399151
0.9992833447350778 -0.01379546340065926 0.035248859905488164 0.33468813065400427 0.014023916490295269 0.9998821758042066 -0.006242137079587911 -1.2908501648601152 -0.03515859356329376 0.006731990686878224 0.9993590714052896 14.94365057452563
0.9993252900971358 -0.013988185454368213 0.03396020082345781 0.39154865274529793 0.014245971325104878 0.9998714275822537 -0.007360747627229861 -1.3889798467855459 -0.03385287097543824 0.007839577305039147 0.9993960797173452 15.094695683163653
0.999420848920216 -0.013161790748626041 0.031380471760061764 0.39733489359389934 0.0134467761414454 0.9998700859766102 -0.008887934547996542 -1.3907286004807267 -0.031259413862011275 0.009304753270076611 0.9994679937904895 15.284383761730856
0.9995511308604913 -0.01201459842692238 0.027444238378075192 0.40244914891954797 0.012312993802498897 0.9998666219918975 -0.010729790777698592 -1.3931638345105295 -0.027311663792827436 0.01106289524280873 0.9995657483976297 15.473939820876385
0.9997191832108896 -0.010863889564783083 0.021060166753277505 0.4069319903157923 0.011138150048493084 0.9998541160410878 -0.012949449764129834 -1.3955767592301582 -0.020916413020613936 0.013180384638570717 0.999694343850724 15.663388072238092
0.9998297536431546 -0.011442322983071853 0.014475392036828497 0.2990365529216815 0.01163494847260794 0.9998439416519391 -0.01329361937001711 -1.4919674742433722 -0.014321023144613915 0.013459776620219473 0.9998068527017727 15.78532423252991
0.9999114181442562 -0.01141699255240288 0.006841647886350114 0.3006666761989821 0.011514045647850385 0.9998311929795153 -0.014318250520920995 -1.494714570873305 -0.006677021608594404 0.014395757229788902 0.999874081850419 15.971668331683961
0.999933350755383 -0.011420865694400742 -0.0016905247417223232 0.3007260864115544 0.01139311096068445 0.9998133111706837 -0.015605762671286771 -1.4976439409275142 0.001868440459164825 0.015585462223028933 0.9998767935588585 16.15816727530916
0.9998411909973314 -0.012676522848119253 -0.012525915276686448 0.29904846181217815 0.012458841782177153 0.9997726089515608 -0.017306289366516073 -1.500890072628924 0.01274245056824982 0.01714748257535279 0.9997717708531496 16.34779359065813
0.9995655175305397 -0.013880470864295955 -0.02600209015617135 0.2942810135612521 0.013371275776250644 0.9997173967887364 -0.019655420170246636 -1.5041458383679773 0.026267568368992234 0.019299199116515783 0.9994686367092468 16.539823160490993
0.9989859211239047 -0.014265534875768593 -0.04270390978507233 0.2862979005214345 0.013328051179505203 0.9996656390543646 -0.022157913841032162 -1.5083874412673466 0.043005725758087754 0.021566284073487305 0.9988420310255676 16.74045102526147
0.997928514612574 -0.01341325657019575 -0.06291871161525363 0.2740589445326129 0.01192509131382087 0.9996415899171074 -0.02396839387935356 -1.5137117827108986 0.06321765513128734 0.023168432320312637 0.9977308012803452 16.940914853731137
0.9963143475291003 -0.01180679864319618 -0.08496069922889102 0.25632994787308433 0.009765791254760105 0.9996546089932702 -0.024398607330785752 -1.5188896964345058 0.08521942401138081 0.02347897408986281 0.9960855322445232 17.153591427991074
0.994034011147297 -0.01048198283305295 -0.10856570691660938 0.23288665361267336 0.007958544850229279 0.9996886045875213 -0.023650696009266434 -1.5242995307443752 0.10877980624308185 0.022645571172823883 0.993807894846873 17.37012332390757
0.9907097707638154 -0.008849140499557961 -0.13570498452719978 0.200511859106103 0.0057851855853153205 0.9997197414738477 -0.022955830091896397 -1.5297798805998881 0.13587009141401174 0.02195748664769366 0.9904833098236758 17.60923265513455
0.9862072920090189 -0.006932747842997201 -0.1653696289999566 0.15886146658357564 0.003395307151112692 0.9997595378085018 -0.021664220509443506 -1.5347992177575303 0.16548005643456698 0.020803931558184205 0.985993685250638 17.84937995708083
0.980190543147864 -0.0058278877256844296 -0.1979710454792629 0.10469599096334084 0.0021495860378878424 0.9998211448672253 -0.01878982587087772 -1.5392387067695452 0.19804514233719864 0.017992053830761218 0.9800277585842092 18.114239633071627
0.9722869001950891 -0.003934125488470181 -0.23375779423511414 0.030340121443130225 0.00037897980081779315 0.9998836151012166 -0.015251643401091005 -1.5457519994785 0.23379059023693738 0.014740383603028909 0.9721752316367144 18.38952887606477
0.9621157313982793 -0.0010695170912238088 -0.2726392773045473 -0.04912471045948099 -0.0018859538148593895 0.9999422735439808 -0.010577937318025057 -1.5489349530576235 0.2726348520900482 0.010691384984529938 0.962058174806986 18.660688567282403
0.9497456897704704 0.0040047460665781145 -0.31299694370928904 -0.14783864178775022 -0.006351665463948561 0.9999588390509403 -0.006478931218265115 -1.5501844287774031 0.312958113983721 0.008141388876546465 0.9497320341437958 18.95639336657713
0.9354663051097856 0.008340197584402147 -0.3533174678791001 -0.2807155303890649 -0.00991700881946589 0.9999473064890871 -0.0026527686094981583 -1.552604619037843 0.3532767257269016 0.005985428094466959 0.935499721918828 19.256019942771122
0.9186119098109875 0.01147845185858511 -0.39499418261075736 -0.4290767811821731 -0.011250806006136036 0.9999325238911421 0.00289258170223353 -1.5620157763496223 0.3950007323001091 0.0017868429203329534 0.9186790672888735 19.54697066531663
0.8989955237724234 0.014924324718161608 -0.4377034530008338 -0.5850084689090074 -0.011881086250024056 0.9998824609363269 0.009690412861958026 -1.5593989696458157 0.4377966286150063 -0.003511245309370618 0.8990671738695117 19.867996041825567
0.8768384547839708 0.018789025732584657 -0.4804178355599208 -0.7565237890887917 -0.012951219619346085 0.9997965480144247 0.015463779900549993 -1.5547640733374797 0.48061064295584455 -0.007337239975730146 0.8769034010580115 20.174300701035015
0.8517378467036905 0.023545166155913025 -0.5234388843439622 -0.9373883916542662 -0.01577083985706698 0.999689241638842 0.01930545937710289 -1.5493962742549678 0.523730771582847 -0.008188119579528648 0.8518444890911643 20.46030269022586
0.8235198830345157 0.026457919937533925 -0.5666700810166331 -1.1569829136023682 -0.0171343343509558 0.9996161329377803 0.02177157221857933 -1.5426153051667917 0.5670285855520584 -0.008219807972099662 0.823657099722775 20.76396367066879
0.792427561293019 0.029050416089405773 -0.6092738574961445 -1.3944072821224405 -0.019383678792811568 0.999560065139394 0.02244881232913358 -1.535967714138247 0.6096579640254498 -0.005979088857337369 0.7926420487185744 21.060257055074842
0.7577592909027971 0.030919161142240265 -0.6518012446480531 -1.6499027962615447 -0.01967674309207245 0.9995052439463603 0.02453758555800617 -1.5262259908841287 0.6522374435984026 -0.005768257794868567 0.7579927732968381 21.35607553838107
0.7203264625759047 0.03389247799352384 -0.692806673790274 -1.9325607519045125 -0.020812289304790295 0.9994118945589353 0.02725277285001232 -1.5174183276269742 0.6933228944198933 -0.005212000535221277 0.720608214721177 21.641479622640603
0.6802379579049934 0.034486739035153445 -0.7321796128382478 -2.2336801679844553 -0.01915853979812696 0.9993878268417764 0.029273228610391815 -1.5062737925976193 0.7327409303280723 -0.005885268999280102 0.6804822500482703 21.919732498181908
0.6373151857443321 0.03228894696588133 -0.7699264756608275 -2.581632236642717 -0.016362771001622704 0.9994635365652453 0.02837073847544761 -1.490667607215911 0.770429499529202 -0.005482971851859117 0.6375016260958511 22.211895936467304
0.5925769901174114 0.029816415693351837 -0.8049617954527976 -2.9594118445335287 -0.011343858344859941 0.9995244941983462 0.02867232769402074 -1.4788431870613978 0.8054339374903704 -0.00785918906394216 0.5926334495166594 22.500636051204264
0.5441461183115135 0.02804677387275401 -0.8385215443874079 -3.3602110554102915 -0.007180845607531364 0.9995601704009097 0.028773272397598016 -1.4680696109162692 0.8389597352572253 -0.009635570737437954 0.5441081862954182 22.763045295228245
0.4936523689732298 0.028054844655443657 -0.8692066867543518 -3.794331908848705 -0.006411799796347576 0.9995697707166071 0.0286210113888754 -1.4520682321392622 0.8696356866127851 -0.008555650817412538 0.4936198673155282 23.014417192602032
0.4394090556001195 0.025921617889101592 -0.8979129977801987 -4.235492615744651 -0.00616700034472525 0.9996470528152664 0.025840625079538625 -1.4365259476506829 0.8982659127248233 -0.005817174895472976 0.4394138260374555 23.24858543157574
0.3827926698654551 0.023282620544144518 -0.9235408445098001 -4.74600385333078 -0.0019593595266501744 0.999700587438807 0.024390497837288135 -1.4274535009229339 0.9238321994862067 -0.007526955234542221 0.382723675956132 23.46182811287231
0.3242022601623633 0.020648333626886832 -0.9457624124609989 -5.274508678973127 0.0025231770555937494 0.9997393258550915 0.022691714707231855 -1.4129353539474967 0.9459844227486843 -0.009743031214208605 0.32406564961377315 23.641765766257727
0.26451826366546255 0.016918626045087454 -0.9642322584731109 -5.832120324678907 0.00481024522734672 0.999810516119969 0.01886248649503135 -1.3904869190332885 0.9643686793588132 -0.009627665795452869 0.26438675897833624 23.80964710952445
0.202482970598769 0.020167863595336257 -0.9790780887628416 -6.407467736727702 0.006046766818069269 0.9997431036207043 0.021844069535930433 -1.371833362520658 0.9792671153615574 -0.010343308989030998 0.20230900308837235 23.956013265945224
0.14285561269185648 0.023026728405163798 -0.9894756407822225 -7.014179208102473 0.009427284626226856 0.9996523167239152 0.024624621278026365 -1.3614404679328302 0.9896986411160773 -0.01284583385634949 0.1425888646617413 24.05806648769343
0.08803437921353482 0.02186628058727247 -0.9958774090467997 -7.676564082128547 0.014617435372050567 0.9996230294875005 0.023240686336181315 -1.3450082713368936 0.9960101799979912 -0.01660315305932886 0.08768156390517252 24.124491337627642
0.04019644131763392 0.021655749393797198 -0.998957093484796 -8.342980486923793 0.01636747260996299 0.9996166951649343 0.02232864948665743 -1.332955430868231 0.9990577320384242 -0.017247935114932975 0.03982658394227226 24.149758852981517
-0.0037071423565741743 0.017512154166217396 -0.9998397779404494 -9.047512926810978 0.015889613729975636 0.9997214496751342 0.017451167151840075 -1.3171864710264514 0.9998668797750326 -0.015822373902418013 -0.003984371096148337 24.145155260950073
-0.041383306732965745 0.012421726417155884 -0.9990661252573141 -9.74285160027584 0.012689385419258264 0.9998486038272325 0.011905835645459176 -1.3084347775897305 0.9990627615027626 -0.012184832274286598 -0.041534665532790664 24.114749380217923
-0.07180279081038757 0.011079497921987983 -0.9973573100737955 -10.468368538600046 0.009817074108974897 0.9998977173347979 0.010400957869379054 -1.2973115834925346 0.9973705351010614 -0.009044312823999534 -0.07190421488176577 24.064977327089046
-0.09321814422320998 0.013727147564164866 -0.9955510750370035 -11.222591987822064 0.007015620162268969 0.9998891851861111 0.013130057943310403 -1.2861844015460542 0.9956209914728188 -0.005760448559579443 -0.09330411872512924 23.990559483791845
-0.10522746327530023 0.016776379671721946 -0.9943066599685213 -12.032986953874836 0.005555998908968431 0.9998520035086652 0.01628195184346329 -1.2749818468643803 0.9944326582774562 -0.003811058228306824 -0.10530509952709677 23.90940308897793
-0.11185983504288122 0.01728073527106118 -0.9935737282621113 -12.815148292804384 0.002396924411294839 0.9998505681298483 0.017120051512399783 -1.2633128666046354 0.9937211037597748 -0.00046647498558993576 -0.11188454023475304 23.823798172591758
-0.11397298189399631 0.014610533845578406 -0.9933764098764069 -13.62878645442064 0.002127488502583298 0.9998931522893334 0.014462288808215547 -1.2611674696575803 0.9934815716412969 -0.0004650867102649591 -0.11399188788457698 23.73333525878364
-0.11553327019144977 0.011136545684410516 -0.9932411795878631 -14.442490392886066 0.010798110516416427 0.999892142697904 0.009955088159847577 -1.2501922967815522 0.9932449165679853 -0.009574984136494104 -0.11564106273569681 23.658688308014685
-0.1154914737680509 0.009146363401883767 -0.9932663608133548 -15.316987020211046 0.02479556578183259 0.9996725508372629 0.006322263841339713 -1.2367863469401827 0.9929989422977458 -0.02389843381984212 -0.11568044543705905 23.577616781517296
-0.11371157767799434 0.008228116237521312 -0.9934797306463603 -16.180611824152283 0.02746435865581359 0.9996095922679952 0.0051353723757769695 -1.2339647942152379 0.9931341229187554 -0.026701332344939013 -0.11389316373426021 23.487566751745078
-0.111786222207825 0.006635972136267926 -0.9937101209096698 -17.078761368884255 0.02769592322409171 0.9996100559721267 0.003559752262105406 -1.231554408665189 0.993346251999406 -0.027123787958340473 -0.11192642121288064 23.39018486665372
-0.11026508118296109 0.0005253099711075258 -0.9939020756197013 -17.96926231412933 0.032523100208329055 0.999466238591337 -0.003079913785235676 -1.2330267064492821 0.9933699511383225 -0.03266438374621121 -0.11022331064673413 23.289558787932233
-0.10963472125528861 -0.010616314127388305 -0.9939152487861453 -18.91221224601022 0.031319703885271 0.9994095388541021 -0.014129748616690018 -1.2411478468125265 0.9934783862992759 -0.03267824233003554 -0.10923748639732402 23.192580691070358
-0.10822223429347287 -0.01954292237917124 -0.993934616657158 -19.84516348640547 0.023306878506046243 0.9994820689200078 -0.02218971206857106 -1.2584040742776839 0.9938534788482818 -0.02556693357177154 -0.10771069811724247 23.087373133734637
-0.10567811926299239 -0.020576960428988423 -0.9941874691468113 -20.740822578030144 0.017910752899399265 0.9995843055138434 -0.022592500990044107 -1.3220008320541545 0.9942390758965433 -0.020194179109642746 -0.10526564059784388 22.743645937050395
-0.10879602183535912 -0.017397157382578896 -0.9939118494855603 -21.71738512296211 0.007192491429259953 0.9998068963113451 -0.01828765034978941 -1.3349958268075914 0.994038074572518 -0.009138326065637834 -0.10864988401686487 22.63215739363943
-0.11289505525671974 -0.011768038912219045 -0.9935372261564958 -22.71591634333762 0.0007580003509007529 0.999928549234559 -0.011929872637166212 -1.3444663281012184 0.9936066283666032 -0.0020999251966380156 -0.11287806864098304 22.51669099627001
-0.1165399135045728 -0.005225612088273952 -0.9931722617646199 -23.744705820673843 -0.003699492136111887 0.9999815051179404 -0.00482733673927097 -1.3533812990615997 0.9931791189499911 0.003111655566150642 -0.11655709022344503 22.398468862368166
-0.11852600320780925 0.0005030052028381993 -0.9929508213146053 -24.78675559916132 -0.008212466862615375 0.9999651717116308 0.001486859697417707 -1.3493658845586494 0.9929169864352266 0.008330807253518677 -0.11851774423643102 22.285084005937648
-0.11920137069736852 0.004396072533905533 -0.9928603667032672 -25.83211145196633 -0.009188933209594715 0.9999424861106084 0.005530639873096698 -1.338647805986061 0.9928275765359952 0.009782587449796758 -0.1191541197460211 22.160616579847087
-0.11973451358481221 0.004511642877528555 -0.9927956946598605 -26.870936456403903 -0.009688407823530846 0.9999367487670519 0.005712549257839959 -1.3346600927933443 0.9927586720902781 0.010302598882027161 -0.11968322959305068 22.039167563284284
-0.12048521686816004 0.0018986241092498104 -0.9927133059160258 -27.914126682165023 -0.011547696550874955 0.9999278315771801 0.0033139616364532623 -1.3358422633159388 0.9926479553298845 0.011862835405195072 -0.12045459690500854 21.927865855689063
-0.12138377580855647 -0.0032706361189964784 -0.9926002629003461 -29.035058012106994 -0.013654476654747854 0.9999054529833091 -0.00162491892995537 -1.3396587062772258 0.9925117300252637 0.01335619832216863 -0.12141695815921291 21.788449011703158
-0.12348203719630292 -0.00870419379163331 -0.9923086331884297 -30.179391026937576 -0.01619835109216898 0.999845982540305 -0.006754599907286969 -1.353593517702702 0.9922145936800892 0.015239691875178787 -0.12360401239362794 21.64433716497866
-0.12621031011934805 -0.013996129011749016 -0.9919047665941854 -31.264990178990853 -0.01909961055828636 0.9997493997960549 -0.011676578435056994 -1.3681538985181696 0.9918196219555745 0.017471290167435434 -0.12644600240334092 21.50430414737473
-0.1293206775777585 -0.01728927154871003 -0.9914520883230542 -32.388571705281684 -0.024174764879081437 0.9996057790597521 -0.014278207639182697 -1.3825291867636091 0.9913080969576862 0.022121653637589087 -0.12968766073327173 21.355631705836377
-0.13314893185878263 -0.016536408073397332 -0.9909580763851193 -33.488264729133 -0.0277376390027724 0.99953131775765 -0.01295253659357525 -1.3992816832835722 0.9907078203625002 0.025762220977355862 -0.13354520823637578 21.2069211356166
-0.1373214440924299 -0.013490309355804019 -0.9904346684894744 -34.628391169915716 -0.03175424250036597 0.9994532679580884 -0.009210496790388937 -1.4142164960874446 0.990017418571813 0.030185703923919435 -0.13767474061359297 21.043708630017438
-0.14085377461842313 -0.012711999288474829 -0.9899487962767735 -35.74229449039249 -0.03701504633742227 0.9992860717858103 -0.0075652547559926925 -1.4288896664462822 0.9893382134135827 0.0355774058775286 -0.1412237503773529 20.877711800567763
-0.14301369940891528 -0.012297855194683002 -0.9896443020292631 -36.8753877743241 -0.042387196622795095 0.9990814604838809 -0.006289744021524189 -1.441691740435831 0.9888126249921346 0.04104872805588988 -0.1434036072808383 20.703868585096668
-0.14386580819780936 -0.012398317437136517 -0.9895195354091396 -37.98507628444858 -0.04831615606800686 0.9988170039360424 -0.005490146723002322 -1.4533665195329837 0.9884170062753889 0.047019935909740324 -0.14429465455324747 20.5331362917134
-0.1445887687239486 -0.011002560157169706 -0.989430660344059 -39.11208911008279 -0.052457913009392745 0.9986172147290049 -0.003438867485672745 -1.4994465387804163 0.988100326546647 0.05140624589359641 -0.14496600484781197 20.364198756821235
-0.1445730863845699 -0.01224519670417068 -0.9894183533020379 -40.21521644976812 -0.056004352356434944 0.9984218026478434 -0.004173309785730378 -1.498741996645841 0.9879079588759143 0.05480838581008897 -0.1450307058333396 20.194658943433513
-0.14540855166109407 -0.012404749298678219 -0.9892939276568214 -41.315715098422466 -0.05687708795816688 0.9983725268346139 -0.004158668929787056 -1.535868394800622 0.9877354655823699 0.055663451713899054 -0.14587744916220863 20.048653786425554
-0.145944649124564 -0.012333359528242408 -0.9892158751428606 -42.41756729924748 -0.058357726083238276 0.9982883632030416 -0.003836626094147427 -1.578078389521513 0.9875700153398244 0.057168454029645356 -0.1464145917098392 19.895316904604712
-0.146311579509596 -0.01295018749193166 -0.9891537870044939 -43.517420746942 -0.06115154161284546 0.9981203885843808 -0.0040222941883626415 -1.6051974476368636 0.9873466517185232 0.059899770751557335 -0.1468284945238202 19.738656375997863
-0.14625713091810544 -0.015251135058509401 -0.989129038364071 -44.62065876831572 -0.06664669415498214 0.9977613152637878 -0.00552954982699291 -1.6264467776850693 0.9869990221949643 0.06511344440669711 -0.1469461450453184 19.577236162419545
-0.14574287777540643 -0.020257505808435643 -0.9891150828069323 -45.72552002628069 -0.07320183648067885 0.9972705705061935 -0.009638482147514699 -1.6406230144721057 0.986610614535237 0.07100030042664046 -0.14682796949399024 19.413137423649587
-0.1458441003627394 -0.020825650320382343 -0.9890883634327707 -46.83838469503116 -0.0744827419807957 0.9971720303073902 -0.010013147340380436 -1.6610714066677488 0.9864997818227861 0.07220965490411316 -0.14698280920646364 19.257828079118525
-0.14565519126584825 -0.017253319815873955 -0.989184961578289 -47.95072450997077 -0.07407625736481731 0.9972314869044294 -0.006486109866706717 -1.6881331187166158 0.986558296986108 0.07233038422207372 -0.14653000432046975 19.092961535794306
-0.14550445893278607 -0.014442524904863434 -0.9892521750822943 -49.05215576701575 -0.07307396412903026 0.997319238233265 -0.0038121931076887865 -1.712144886961312 0.9866552833675728 0.07173388686104713 -0.14616976868922082 18.936514110496873
-0.1456723483635747 -0.014443312411222589 -0.9892274549611095 -50.16219359661795 -0.07014203118334811 0.9975280227436829 -0.004235481383936465 -1.7295701197852156 0.98684328157196 0.06876943047365795 -0.14632533290108507 18.782749966581896
-0.14560057477798125 -0.014712871402198142 -0.989234049171087 -51.289412052489766 -0.06856865412618947 0.9976351134552526 -0.004745531840510544 -1.7526847828346326 0.9869644432782994 0.06713949520385659 -0.14626508772816232 18.62519924484835
-0.14504103380473313 -0.01386745381617005 -0.9893284551843798 -52.41147507529712 -0.07083909734990085 0.9974812723615479 -0.003596327938309749 -1.7831043344191853 0.9868864781723906 0.06956151962575997 -0.14565807285505902 18.468906239342836
-0.14418200428243563 -0.012924016589790234 -0.9894667854133797 -53.54523304759533 -0.07287249236458765 0.9973383583347221 -0.0024080803092079157 -1.8095790002616732 0.9868643014607791 0.07175770891959492 -0.14474004875271415 18.317672354841882
-0.14312934658012266 -0.013510697418907423 -0.9896117679185118 -54.654837872856675 -0.07345909185950282 0.9972937458037399 -0.0029910539820367744 -1.8191510796130335 0.9869740381442276 0.07226787416273615 -0.14373448574811434 18.16833299932524
-0.1421139290918521 -0.013687515834630406 -0.9897556683688926 -55.780661048917565 -0.07212935306019068 0.9973893660842874 -0.00343640060272504 -1.8472308402320659 0.9872188144404426 0.07090207565551801 -0.14273019331082337 18.016378723887815
-0.14128180929653936 -0.01409288838296358 -0.9898691028913481 -56.90197950955313 -0.06849179814613367 0.9976418533562716 -0.004427868400641083 -1.8575685171762344 0.9875972478437777 0.0671723375273591 -0.14191389333854942 17.853013626167527
-0.13867644351346528 -0.012506126874461246 -0.9902587746670348 -58.01619269794182 -0.0643975971510867 0.9979178825412308 -0.0035845760688382865 -1.893150942295074 0.9882417687467078 0.0632731893856065 -0.13919306738968845 17.61260133797354
-0.13783979257025059 -0.011759868525657795 -0.9903847217503157 -59.15268918471455 -0.06093222817398186 0.998136211483365 -0.003371482669377562 -1.909142313266509 0.9885785022717936 0.059881623373914596 -0.1382994433400248 17.460832801544736
-0.13630476937603764 -0.010509509605827047 -0.9906112052935757 -60.289577829744104 -0.056895104944820814 0.9983763374195922 -0.0027633157545406137 -1.915675087246298 0.9890318280412727 0.05598427536805763 -0.13668139607441335 17.30758481660825
-0.13568465896006593 -0.009824498916029394 -0.9907033625379194 -61.43911635647928 -0.05493763404764351 0.9984869571778694 -0.002377543044369878 -1.920018863031441 0.9892277440954315 0.054104302663739945 -0.13601909698690406 17.1650765457052
-0.1354262346069742 -0.010173424864643758 -0.9907351999433052 -62.57654385824265 -0.05178967718187523 0.9986529656450037 -0.003175459941032552 -1.9393637336524425 0.9894329508953966 0.0508798155948251 -0.1357706892059654 17.032759862989437
-0.13590684592553576 -0.013044856874457101 -0.9906357357473524 -63.71066129015334 -0.04912242555134484 0.9987721777660751 -0.006412817505982903 -1.9698898150253317 0.9895030654518074 0.04779088437701689 -0.1363807714890099 16.907837993182316
-0.13517008516514922 -0.017249644476101982 -0.9906722454181782 -64.84538058299212 -0.047229830352843546 0.9988240571997292 -0.010947414485368491 -1.990987352260444 0.9896961105315543 0.04530951913804574 -0.1358258306589411 16.751409048228034
-0.13467290484065308 -0.017443240883671274 -0.9907365654144674 -65.99792468366387 -0.04558978445774341 0.9988953121644402 -0.011389771244538568 -2.0160541694319605 0.9898407853058366 0.043633572892678066 -0.13531936691302784 16.59629317114017
-0.13507975939860284 -0.015037668735842499 -0.9907206100207099 -67.18456120090455 -0.04350402711834469 0.9990105959598683 -0.009231943695441478 -2.05068622007432 0.989879213957592 0.04185328755188231 -0.13560031008739526 16.45913752590131
-0.13479864873840164 -0.015316338775055335 -0.9907546285861245 -68.38853163890192 -0.042857811643227134 0.999034930922534 -0.00961326051670669 -2.0712785807089094 0.989945721885525 0.04116572072897734 -0.1353249834931058 16.294811603995154
-0.13427348368025235 -0.016235821364410638 -0.9908112987269537 -69.578578258828 -0.04469105747236589 0.9989476253503646 -0.010312671277114145 -2.081280385188225 0.9899360287222448 0.04289568639724844 -0.1348577736956176 16.125341221745515
-0.13379451454593863 -0.015649377586583253 -0.9908855256075597 -70.76686656324611 -0.045468239435567374 0.9989193007292219 -0.009636899567426749 -2.1055292072661573 0.9899654878227043 0.043764456032210776 -0.13436147255875974 15.954425425530024
-0.13343493089426164 -0.016762898581097058 -0.9909158008874438 -71.95816427585379 -0.0463607309861266 0.9988679406087361 -0.010654569277769903 -2.114249336808957 0.9899726268133245 0.044517889159557664 -0.1340610148592868 15.79024914823909
-0.13270790670221988 -0.01880291980190674 -0.9909768219820476 -73.16205030071352 -0.04677072844882175 0.9988250605730864 -0.012688472387840505 -2.1319877904765288 0.9900510645714593 0.044664847230159545 -0.13343140920647292 15.615712097738427
-0.13209491116823482 -0.02049282669744923 -0.9910252158736453 -74.38999658169125 -0.045289407427989814 0.9988669454888103 -0.014618303071006127 -2.1389194943328644 0.9902019006335405 0.04295194132751824 -0.13287334841088314 15.44106871683871
-0.12932934302833363 -0.01999346981471213 -0.9914001120620416 -75.55971717651853 -0.04160197797988317 0.9990258206389528 -0.014720228423105186 -2.161049822448349 0.9907286189769726 0.03934044816007163 -0.13003512094255143 15.202304985672873
-0.12898112411413207 -0.0200033931618045 -0.9914452752846573 -76.74401369832012 -0.03937671802490583 0.9991113107293856 -0.015035386599495496 -2.172230236989966 0.9908649472555987 0.037100579976915675 -0.12965416794509446 15.037755724645649
-0.12796657442491133 -0.01922546488081088 -0.9915921224626943 -77.92754267898897 -0.0404160663517169 0.9990826689331711 -0.014154936171722421 -2.185975954262629 0.990954639431395 0.03826489432219355 -0.12862620437494188 14.866577551645213
-0.14956948291028344 -0.009021648800455716 -0.9887100584270763 -79.05599081700457 -0.043267480479228064 0.9990602167241234 -0.0025706987625135173 -2.3843284012220898 0.9878040771908815 0.042394495067982776 -0.1498192640250277 15.235186058810317
-0.14905762929690017 -0.00936091905798539 -0.9887842010988943 -80.2276430420511 -0.04452939493183431 0.9990043034424496 -0.00274493906508893 -2.3939214979273022 0.9878253672261061 0.043620808083484404 -0.14932604919019135 15.046458998021555
-0.1493764851884984 -0.010743344647705136 -0.9887220267691581 -81.39487769170066 -0.044729498435765166 0.9989907332565043 -0.004097174308836288 -2.4141104704670053 0.9877681598646587 0.04361301885231911 -0.14970626888735253 14.878276795882755
-0.14974538242956817 -0.012170220017258686 -0.9886496883050916 -82.57150672108406 -0.04354138680869755 0.9990353459197429 -0.0057030901970397015 -2.435819370399082 0.9877653912117981 0.042193167074204285 -0.15013083819272696 14.70753590825786
-0.15016155421389166 -0.012417321845698428 -0.9885834905329189 -83.78253827396317 -0.041098497887637385 0.9991351925624048 -0.006307174856203542 -2.4555352012610205 0.9878068743977474 0.03968220131831411 -0.1505420266606129 14.531063360370505
-0.15006640816119998 -0.011334671440077023 -0.9886109438828515 -84.97631217874185 -0.03960945414692307 0.9992004097434408 -0.005443556808142445 -2.4715760747493007 0.9878821611324792 0.03834144483305483 -0.15039537667207428 14.349494584283722
-0.1413766695935257 -0.008666840987085433 -0.9899179375897522 -86.1090258888016 -0.03815625243386098 0.9992663382390429 -0.0032993427434479063 -2.4749193769332685 0.989220267531375 0.03730510862656545 -0.14160364110966153 13.947764633166631
-0.1534643238169248 -0.006350396100366959 -0.9881337833435224 -87.26902155238731 -0.040503060695605456 0.9991794057738875 -0.00013096422975084846 -2.4996711818065025 0.9873237581410167 0.040002344265178104 -0.15359560235758138 14.259330166226832
-0.15346729107270302 -0.006683899967150442 -0.9881311229042612 -88.45321876348166 -0.04108904565698333 0.9991554174754581 -0.0003769037566672188 -2.506231814613396 0.9872990838129058 0.04054352242556864 -0.15361231035149192 14.074970725293642
-0.1538159229804218 -0.00866245007251331 -0.9880615485871429 -89.64860199815561 -0.03984796943442354 0.999202483000836 -0.0025568138214535786 -2.514418927568216 0.9872957009779961 0.03897896770959376 -0.15403843321282032 13.900892530915941
-0.15389720952884806 -0.010068901566604267 -0.9880355591376642 -90.81940431871232 -0.038121818597250445 0.9992640807852272 -0.0042454445342522025 -2.518364260017117 0.9873511917479366 0.037012350286048115 -0.1541677984542523 13.71830034216263
-0.15397630063516482 -0.009454981575305972 -0.988029302281122 -91.98165148941871 -0.03636332559047833 0.9993310403098001 -0.0038962065311815876 -2.5306437347640625 0.9874051890661243 0.035328107743599756 -0.1542171112702694 13.539738821077796
-0.15361635980636798 -0.007622308044620439 -0.9881011660856969 -93.13784428519588 -0.03366753986075516 0.999430021806631 -0.002475534552698386 -2.5357863502825886 0.9875568392551202 0.032886652789088526 -0.1537854261910577 13.358326333840429
-0.15348071294143936 -0.006362400941358663 -0.9881311606306369 -94.29901463655206 -0.03200053889958292 0.9994867778581796 -0.0014650586371328426 -2.539045514379016 0.9876333511304294 0.031395871399522636 -0.153605543500035 13.178232332069056
-0.1523599186341364 -0.005331944069722699 -0.9883106928320857 -95.44808136551617 -0.03245501712485538 0.9994731215344429 -0.0003888362410599481 -2.550804594080334 0.9877920464638409 0.03201639740249322 -0.15245269181008653 12.977333558848137
-0.15113747735261857 -0.004407297213096157 -0.9885029280031309 -96.58994594992555 -0.0345507190603477 0.9994026037077507 0.0008267494068720917 -2.5634393390565755 0.9879087562887059 0.034278439775524784 -0.1511994636718542 12.776283877375592
-0.1504100859843359 -0.005712782641877738 -0.9886071869800827 -97.73745467955234 -0.0370300329322777 0.999314143221547 -0.0001407779102408828 -2.5671878634557133 0.9879299482732654 0.03658698227337493 -0.15051847073668037 12.585178342826861
-0.150041794422926 -0.009429035344384044 -0.9886346914906555 -98.89608406263739 -0.041115364156975934 0.9991489913202795 -0.0032893728745209314 -2.5750709551053412 0.9878243704002171 0.04015453195023871 -0.15030178577538547 12.409486568080187
-0.14994363656763904 -0.011151298962678574 -0.9886316575875554 -100.05292806262618 -0.042786134164283784 0.9990728203370444 -0.004779789436777777 -2.581037079069226 0.9877683192814727 0.04158302773042143 -0.15028173285074797 12.23130494133537
-0.1499158038944284 -0.012441407592242158 -0.9886204848776965 -101.20842916482813 -0.043862751021684264 0.9990200209922848 -0.005920872349982096 -2.594607469203063 0.9877253215421252 0.04247598184502338 -0.15031460391726578 12.057661241280625
-0.1499440508052886 -0.012010940170649515 -0.9886215246211862 -102.3650135225236 -0.04306742521955725 0.9990564414270293 -0.005605687122815967 -2.6150771877234003 0.9877560318788524 0.04173684414732561 -0.15031985007830218 11.88343331683761
