1.0 0.0 0.0 0.0 0.0 1.0 0.0 0.0 0.0 0.0 1.0 0.0
0.9999539781548463 -0.003091772841957871 0.009081988383104691 0.024243549606419505 0.003083542119080163 0.9999948225493975 0.0009201317290843786 -0.014970171072834739 -0.009084786199849473 -0.0008920846892201098 0.9999583345543004 0.28758000615491564
0.9999184047039722 -0.00559037554654644 0.0114861497252869 0.0632866867364049 0.005578416262543519 0.9999838648771566 0.0010729666100301486 -0.03292471854644798 -0.011491962681149062 -0.0010088045365803655 0.9999334563395416 0.5776696395841376
0.9998989345509722 -0.008637804332354393 0.011291989202372345 0.07427013928353147 0.008638665021948246 0.9999626856604661 -2.7447156789055802e-05 -0.04135088303180601 -0.011291330766083433 0.00012499209498064465 0.999936243080781 0.8762873892914529
0.9998971931334841 -0.009783250272384405 0.010482899307347573 0.08553783855658185 0.009797166648394367 0.9999511912064233 -0.0012770005946502042 -0.047584559180202414 -0.0104698944332638 0.001379572021693035 0.9999442374910679 1.182223665985231
0.9999007461693545 -0.012822145274493659 0.005838698530310197 0.06578849029683936 0.012828989634817423 0.9999170594848139 -0.0011362993412989144 -0.08612684016650604 -0.005823644470416683 0.0012110911621627618 0.9999823090551547 1.4949586576923668
0.9998843500592454 -0.015103185613016972 -0.0017833370234557318 0.020978090311194256 0.015100854605984038 0.9998851129674146 -0.0013134139901817034 -0.12525213670754534 0.0018029688764374008 0.0012863321808269336 0.9999975473233677 1.8129602821256263
0.9998043173121537 -0.01489373306359819 -0.01301936248088693 -0.018675591108262352 0.014883910924092377 0.9998888663225819 -0.0008509992629476128 -0.153057756852645 0.013030590147116395 0.0006570537056705452 0.9999148823779179 2.1474572817590802
0.9995288787710739 -0.010852721605280828 -0.02870956175907775 -0.05816031592239784 0.010865275709995872 0.9999409315795877 0.0002813103125740401 -0.1875239787115629 0.028704812948106798 -0.0005931150853393512 0.9995877559914934 2.4992614325866422
0.9989201726464737 -0.008200019960959369 -0.04573016895419384 -0.10102481883297273 0.008259073758695636 0.9999652854326185 0.0011025562615520855 -0.23550333959623468 0.045719540467809454 -0.0014790545295323022 0.9989532201345119 2.853707527754755
0.9980947710904943 -0.0087826536493794 -0.061071211848865735 -0.16723953466633593 0.00893569010482204 0.9999575822219858 0.0022332037772382868 -0.2746823026081198 0.06104900788845446 -0.0027746624362484152 0.9981309131993659 3.218991047239105
0.9969673322285727 -0.01110434174995846 -0.07702487950878648 -0.26222432584489275 0.011517712725479466 0.9999215424772409 0.00492454906651535 -0.32654110215195664 0.07696415245175031 -0.005796764980169323 0.9970170092596957 3.589241542310142
0.9960001021767741 -0.01104512224506084 -0.08866680178312053 -0.4165986994098867 0.011503202150807709 0.9999229915094382 0.004656972309725171 -0.3394792504099251 0.08860853685809941 -0.005658297041297446 0.9960504559862713 3.9522470277158517
0.9953021339933701 -0.009225217912395967 -0.09637716235038524 -0.5890647695542186 0.00981403712494366 0.9999359508236667 0.0056372799894665706 -0.36628919465306264 0.09631898433618327 -0.006556645852737544 0.9953289223425629 4.315165474692531
0.9949559691122096 -0.005542703090869767 -0.10015936286953063 -0.8490510586347062 0.006096582060466691 0.9999677663881461 0.005224736537069445 -0.37395186967993727 0.1001271752081513 -0.00580901257945397 0.9949576896319199 4.6417147445407805
0.9946907139689861 -0.0016558633669032522 -0.10289626650359403 -1.0313277027032886 0.0019961458287956644 0.9999928743533006 0.003204160491222118 -0.37726248183936967 0.10289022764917305 -0.003392544639864622 0.9946869314991365 5.029884235767278
0.9943876354801124 0.003177987235474823 -0.10575032293757777 -1.1640758193761405 -0.0032875265290925448 0.9999942249528578 -0.0008615278598016855 -0.3653780618497817 0.10574697429993597 0.001204349643525936 0.994392340561986 5.452146096134344
0.9943007892661767 0.005546765262700745 -0.10646677350130469 -1.2952757138175437 -0.006363943498430503 0.9999528315816725 -0.007337222563326315 -0.3373152748709847 0.10642105378075513 0.007972954716759566 0.9942891889713364 5.884999384731485
0.9941269103228276 0.0123772165305366 -0.10751042127600774 -1.3943607127460844 -0.01382153112438803 0.9998238294854883 -0.01269942007929942 -0.31487619268625355 0.10733429763764235 0.014110793880188122 0.9941228465570565 6.342720804561517
0.9938079417706329 0.017211380541679634 -0.1097704115573392 -1.4568670997691933 -0.0191726440299555 0.99967441806301 -0.016836495813638185 -0.311072980233781 0.10944489295768317 0.01883683227699232 0.9938143635283452 6.820813250623568
0.9933870478687173 0.0211449131752673 -0.11284974866380959 -1.5213107614178012 -0.023770587079152472 0.9994759527490048 -0.021972233987043403 -0.3154671166204753 0.11232600908332402 0.024509437432943412 0.9933690931170215 7.319309665676224
0.9930148871466322 0.02151045185417143 -0.11601178546247193 -1.5852417716591296 -0.024612363216773438 0.999375055024004 -0.025371853945947494 -0.32867282781403245 0.11539352443723534 0.028049952884064755 0.9929237305358126 7.819942379780477
0.992648743676021 0.018960702967386223 -0.1195364522704252 -1.6484079227030675 -0.022502835004993744 0.9993446700003811 -0.028352300763208233 -0.34237466212901724 0.11892053689399107 0.030833784795447135 0.99242490074566 8.34137273876599
0.9922348009500939 0.02306865037327166 -0.12222085400406593 -1.7399651957815967 -0.02721176133503437 0.9991064769633022 -0.032338332285750525 -0.3574120615900777 0.12136564517429368 0.03541306340793247 0.9919759549059108 8.86931970505628
0.9914080606255664 0.034701514236320764 -0.12611844526618401 -1.8123851698642066 -0.0399622974374065 0.9984231206999372 -0.03942444464191101 -0.375329485330325 0.12455148377348724 0.0441256950257476 0.9912314820102911 9.41424243969474
0.9906561843415004 0.0426192624495053 -0.12955278034144652 -1.904885480884232 -0.048610565186855886 0.9978727322794766 -0.04343987943476069 -0.40373877303604705 0.12742581127131702 0.04933161908302124 0.9906205398539316 9.966426487638762
0.9904977499537515 0.04253651822352572 -0.13078551890012494 -2.0903308231135407 -0.04879698048956126 0.9977926579863323 -0.04504071895153931 -0.44184875716847966 0.1285809551669944 0.050994669191885625 0.9903870363056829 10.502903885023674
0.9900828106852915 0.04414593463704686 -0.13336852867350146 -2.2086183974810054 -0.05101106644359381 0.9975195993023074 -0.048502784539153014 -0.4658102647045839 0.13089652052594913 0.054825044120236144 0.9898789397958796 11.0711246098555
0.9894844724815893 0.04943857150268244 -0.13592757764929433 -2.3177461635065977 -0.05700053421282492 0.9970026614789675 -0.0523128292420515 -0.493420205555704 0.13293388513574458 0.059510676786855905 0.9893366775426289 11.649906456870914
0.9886855353964236 0.05518075019409309 -0.13948475510214073 -2.4127959853979064 -0.0637505520548806 0.9962944776390124 -0.057733707127688806 -0.5194866514210231 0.13578210195230078 0.06597271128296074 0.9885397423247032 12.248748487351893
0.9879673086219826 0.05859896174201207 -0.14313196280703355 -2.52069450242285 -0.06843051736188846 0.9955520035758286 -0.06475702641210392 -0.5459574648239811 0.13870061783503376 0.07377241936463697 0.9875827908349095 12.854707318723861
0.9873462396259155 0.06124795180951352 -0.14627402878058493 -2.62781803066002 -0.07269268610868823 0.9945890184355848 -0.0742189853989121 -0.5805647116158075 0.14093678186643674 0.08391288820246702 0.9864560054612944 13.474858171263577
0.9866747449181592 0.06305523957815469 -0.1499899480046133 -2.7268033480072402 -0.07610850036378157 0.9936441962412061 -0.08293797350155083 -0.6332953288471715 0.1438069675400372 0.09324831386094454 0.9852026735900742 14.10770867572069
0.9860862893422379 0.06564180406290966 -0.15272518957468284 -2.84921478998159 -0.08027791462876531 0.9925432467017531 -0.0917243688972554 -0.7000474862449378 0.14556540246264868 0.10270860229849166 0.9840028742944699 14.74911638718196
0.9853422307026866 0.06864460659012196 -0.1561685191706088 -2.966149688377285 -0.08499774072825318 0.9912932298951567 -0.1005639917421779 -0.7780751009957056 0.14790562012630237 0.1123639192539829 0.9825977188987054 15.403328719772889
0.9846174465515828 0.0717120598726265 -0.15932942105921807 -3.0817736135939358 -0.08955167972759684 0.9901353755838256 -0.1077610072124556 -0.852563025775891 0.15002993236086817 0.12037158504523339 0.9813265006660589 16.072739465342032
0.9836680354860886 0.0770306580631735 -0.16267597757903107 -3.202561925510016 -0.0964174385074365 0.988692822561939 -0.11484850963844187 -0.9392126655623894 0.15198971516061102 0.1286576089194147 0.9799726252056923 16.769734393312383
0.9826796122193492 0.08173928680230558 -0.16631136077093428 -3.3164273663372272 -0.10266272854410569 0.9872844115840965 -0.12136661324649455 -1.0261171750522284 0.15427619355010247 0.13633847452606834 0.9785758409380424 17.444892582409466
0.9815072823356931 0.08746643896626655 -0.17027353516199276 -3.434831944233755 -0.10998500457241861 0.9857023313786708 -0.1276487864566629 -1.115940754502208 0.1566740357915346 0.1440157490318822 0.9770940131530741 18.14948447471538
0.9804278343181774 0.0935082297504499 -0.17325551264853212 -3.565472334915643 -0.11713566309100124 0.9843604430412944 -0.13158174116410837 -1.2130855428316045 0.1582418975063179 0.14930080088359904 0.9760475258557427 18.868102339116348
0.9795384701510877 0.09762871161220502 -0.1759915343503991 -3.694505306445157 -0.12205298933424345 0.9834688976541247 -0.1337609626967312 -1.3149202326156126 0.16002328983195485 0.15250430163087927 0.9752614955464186 19.597540456983992
0.9785879273173688 0.10155436803143582 -0.17903178165463335 -3.829181810041725 -0.12659881411862917 0.9827920867006866 -0.13450819522344093 -1.4187493251528323 0.1622911235171332 0.15429330721792905 0.9746051336696834 20.34054435812727
0.9774670996873155 0.10604285785405942 -0.1825184410601081 -3.9622697939077995 -0.13185933833375074 0.9819418443630407 -0.13565887063917428 -1.512664927874706 0.16483684030899717 0.15666884370242398 0.9737985877428107 21.094137691805653
0.9763245530261676 0.11024284759470447 -0.18610986462964701 -4.109413901632916 -0.13687838968175808 0.9810807975637295 -0.13691155937263352 -1.6024849607485117 0.16749529425146115 0.15914453558299815 0.9729431346166585 21.86327799412272
0.9747643314691777 0.11710398138079273 -0.19005566458333878 -4.277328729825357 -0.14458315468079494 0.9798500729245776 -0.13780256155910237 -1.7042609490654936 0.1700888281986708 0.16180386934331287 0.9720541643280667 22.632976494957703
0.9725946486452647 0.12661873158441336 -0.19500601590348174 -4.454294451344425 -0.1549889545021561 0.9782554583345292 -0.1378211965592726 -1.8009727048801776 0.17331495437186972 0.1642679367699473 0.9710705286128409 23.430037573937543
0.9694067092695161 0.14021773386110173 -0.20146865546309126 -4.622483276469792 -0.17016399547255032 0.9754347961883887 -0.1398970086518482 -1.895092790387572 0.1769034953528799 0.1698998101699196 0.9694530457098786 24.214817014598985
0.9661986941601503 0.1530475682303858 -0.20745246506606377 -4.799273236904329 -0.1845221545374147 0.972527468350528 -0.14192215397387437 -1.9990876348113773 0.18003238011005535 0.1754045756600412 0.9678954369917395 25.01754058585068
0.9634587867714913 0.162132270863713 -0.2132141949715876 -4.976206655266016 -0.19528366386087875 0.9699936274459129 -0.14483319144240248 -2.1075084237104975 0.1833342761784546 0.18117806009253978 0.9662106673594673 25.823476231390583
0.9606419357345096 0.1709384488493064 -0.21896830367258174 -5.163510172693212 -0.20606313550934816 0.9671224435081147 -0.14903745652335257 -2.219188993889452 0.18629292926010613 0.18829292596347671 0.9642824889729165 26.63829278370458
0.9581252543174159 0.18046277955846304 -0.22232674655385323 -5.379380547173744 -0.21709371362836835 0.9640813305236751 -0.15302780021533718 -2.3278251585614216 0.18672524345206165 0.19488553904724387 0.962888004976713 27.45421549529291
0.9552930228800688 0.19078772527431792 -0.22586563333387463 -5.612207001969977 -0.2290119093926033 0.9606567241237529 -0.1571375313290064 -2.43927676610164 0.18699942725317356 0.2018383072671585 0.961401327191987 28.279042138988462
0.9528909349166488 0.19799947900391887 -0.22977178344577523 -5.846883361172999 -0.2373989724001063 0.9583648663631523 -0.15867737968630383 -2.5856285988624226 0.18878716602843823 0.2057498219559731 0.96022206635134 29.105321589795544
0.9497818673322567 0.20794694404105385 -0.2338214552833827 -6.091047398982732 -0.24844820609151613 0.9554232593972938 -0.15949885357757262 -2.732347138763311 0.19023115774436017 0.2095816400991254 0.9591077326122452 29.94675772599836
0.945725764450211 0.22031232877075324 -0.2388833528035638 -6.330074250314421 -0.26196318922036715 0.9518486364150088 -0.15924654108765862 -2.8869312285243134 0.19229681731260798 0.2131822017582538 0.9579014995838276 30.79943394142594
0.9420497764184377 0.23008577712836326 -0.24413675248353908 -6.56360261351404 -0.2731812496005649 0.9485322405703496 -0.1601829999259198 -3.0386350123919375 0.1947157508180722 0.21759394238312466 0.9564197052662209 31.66421251593109
0.9391099395735673 0.23744872564857492 -0.2483759732381509 -6.82266982527681 -0.2817399720951146 0.9458893745478522 -0.1609840962372314 -3.2106532376962282 0.19671072547773027 0.2211592046588655 0.9551929107131628 32.52842005375834
0.9364692747674088 0.2431676474487645 -0.25277419300798226 -7.060214672316613 -0.2887629184382372 0.9435819367967513 -0.16207746754538294 -3.373690132496664 0.1991011661232433 0.2247723821672184 0.9538532915827463 33.41134467359845
0.9334690192146333 0.2502312169150275 -0.25694343394547947 -7.30653921200098 -0.29688147040814467 0.9410570826678174 -0.16208935711216743 -3.5494397182517123 0.20123862128023165 0.22758713769007746 0.9527366436026644 34.30348387040903
0.9313346756349052 0.25329657415343976 -0.2616420598492468 -7.536614307688769 -0.30119264068397406 0.9396207654433305 -0.16246787481069963 -3.7134611828080732 0.2046917564481787 0.2301166284079045 0.9513924648494642 35.21561911384003
0.9294897531443866 0.25636467608072017 -0.26519040642077246 -7.7803532072854455 -0.3053619587526591 0.9381123126880646 -0.1633993969688725 -3.8813163256115693 0.20688855199436845 0.23285712709959996 0.9502498015851386 36.13862944733779
0.9278829642586406 0.2595028215818367 -0.26775266614856286 -8.036154066206915 -0.30926245595209206 0.9367569349295215 -0.16383887878012862 -4.068869250342547 0.2083025155322871 0.2348291516241431 0.9494552815011393 37.060149278252126
0.926582685280612 0.26267640715900104 -0.2691572634357262 -8.306621679286296 -0.31282056180098167 0.9355729655974548 -0.1638490834814247 -4.257699417875609 0.2087769705994617 0.23601765011376452 0.9490562919985777 38.01200224353797
0.9260374415802423 0.26391821909078356 -0.26981814324368286 -8.572682820220942 -0.31407922167578545 0.9352791604997857 -0.16311693488522275 -4.438582659835817 0.20930575554210717 0.23579666148350428 0.9489947497906313 38.984781927664464
0.9255841722795067 0.2646745863568048 -0.2706313052152587 -8.826858149530931 -0.3148012835744019 0.9352297177654723 -0.16200471248770906 -4.619656352214983 0.2102239089294301 0.235144079970495 0.9489537237237976 39.966855540183886
0.9258514933118909 0.2633545494421326 -0.27100441623758276 -9.103365770838368 -0.31342058410993834 0.9358022731079864 -0.161374233079857 -4.801719469599445 0.2111079102931172 0.234346937112603 0.9489546687158541 40.95626950966214
0.9260873122245168 0.2621100352651275 -0.2714048996427365 -9.39549822565107 -0.3122428897150013 0.9362110542961022 -0.1612862041099845 -4.9912734984275575 0.21181753458860741 0.23410935741036856 0.9488551737824429 41.951764219359944
0.9259831716957567 0.26141605284957425 -0.2724276290114771 -9.675639070902102 -0.31166574979749634 0.9365034368918386 -0.1607039921499766 -5.19511159949672 0.21311880756852702 0.23371555361662175 0.9486608529175463 42.95786801487016
0.9247919033745549 0.2629958385040486 -0.27494203822336816 -9.932073140736247 -0.31361314255836936 0.9360634894198857 -0.15947394956459973 -5.377213896004272 0.21542221860228716 0.23370565398513796 0.948142887453072 43.98031197566472
0.9224023447990356 0.26794065596936345 -0.27817569841369644 -10.201619222026842 -0.31873158151988434 0.9348474326557374 -0.15643035702449545 -5.589865800116647 0.21813778501459555 0.23295510841294093 0.9477066129416014 44.9953091853811
0.92008929865093 0.2718759206228697 -0.2819914294681779 -10.479345184042044 -0.32300757619356457 0.9338548104217103 -0.15356203558754844 -5.793643080128565 0.22158923310846554 0.23237615376303147 0.9470477997084958 46.00736777667246
0.9167595058947379 0.27771089286750883 -0.2871039329831041 -10.759938107425349 -0.33042381101437085 0.9311120162807801 -0.15443613000940173 -5.955965123130865 0.22443732636612618 0.23644676593320663 0.9453680835597073 47.02478811683126
0.912936915538368 0.2830695971771312 -0.29396903136430375 -11.086824139569707 -0.33878145458890674 0.927301134892197 -0.15918458233845753 -6.1164602717159235 0.22753750080792146 0.24491673765102576 0.9424661677452751 48.025553636301055
0.9074743420440101 0.2912220545313925 -0.3027871091811953 -11.430879908301753 -0.3509679161026566 0.9216606616165345 -0.16541809663737428 -6.29199112786308 0.23089356941748945 0.25638123914024563 0.9385930000903292 49.03014934365683
0.9020940754502551 0.30055844020019173 -0.309662563223223 -11.7785595800635 -0.36300818426915094 0.916531777024387 -0.16791235766951326 -6.4712433488477945 0.23334810303742123 0.26388278786034575 0.9359030596594341 50.0327166720328
0.8958275294805664 0.3126893319925384 -0.31578223364021707 -12.125407409359875 -0.37700540754798695 0.9109414012766439 -0.16748936121354624 -6.6424674859142225 0.23528697393676684 0.2690931903601533 0.9339319540509764 51.040286366861274
0.8893734623120202 0.32502484980470375 -0.3215177935115865 -12.466685403416463 -0.3912749404395101 0.9048880848805907 -0.1675752810685269 -6.811048426419249 0.23647148986545338 0.2748388634283147 0.9319575278038407 52.045576145699194
0.8854524354260924 0.3305533557360051 -0.32666261434340405 -12.800382018114108 -0.3991377779345724 0.9009515653099487 -0.17022135938537883 -6.9977589311085415 0.2380399521581481 0.28110630725264857 0.9296860896019299 53.040723185874
0.8825281820644746 0.3329663690346765 -0.33208041940746397 -13.13656832203824 -0.4043282490695344 0.897855649249806 -0.1742810951152622 -7.188032727515282 0.24013053713832005 0.28807747256957494 0.9270106228795812 54.029682309817055
0.8790351684460206 0.3363582500117643 -0.3378761611657439 -13.49789218497327 -0.4114360958801045 0.8932502193482812 -0.1811750110837198 -7.3824595840271146 0.24086824539987356 0.29827365502717823 0.9235882822311658 55.00578221755275
0.8765246883197437 0.3395229181814161 -0.3412164398084474 -13.867513396461801 -0.4162463412540636 0.8906360450859115 -0.18304758557908615 -7.570580158779624 0.24175081004741636 0.302475822543394 0.9219896542901752 55.98951994010221
0.8731208992890086 0.34524303892164915 -0.34419055667013554 -14.224595224762352 -0.4226658906334073 0.8879119628164324 -0.18156511554409321 -7.768703726348918 0.24292682050325706 0.30400590514596276 0.9211769479945554 56.979733453872086
0.8695180072510877 0.3521402105686255 -0.3463173503692555 -14.59362490367512 -0.42991153090525935 0.8848026180678649 -0.17972312776865712 -7.964301218597652 0.243134758232536 0.3051583181906354 0.9207409462917736 57.97205919986653
0.8659876850280126 0.3579969606455284 -0.3491468252016446 -14.938255787048266 -0.43669158918729806 0.8815836304111121 -0.17919475026974532 -8.153203671092841 0.2436509497475761 0.30764992891227577 0.9197748289268289 58.97355029172905
0.8629172380355019 0.36217640451338 -0.35242317221621733 -15.307079337330059 -0.4421625808144131 0.8787807440928854 -0.17954569317890326 -8.365493856010305 0.2446754839143445 0.31076141302503413 0.9184559062611374 59.96156287872664
0.8596683122568516 0.3652604161153403 -0.3571487383719908 -15.66438038389847 -0.44740717457361784 0.8757682986004287 -0.18126419201420726 -8.57411046736893 0.24657090874940726 0.3156179899590004 0.9162903859436338 60.95791683459773
0.8565142152907925 0.36740497130676225 -0.36248722193185673 -16.03075013006729 -0.45224315093711387 0.8726954847448518 -0.1840617378392909 -8.767355064670465 0.24871576434811848 0.3215838583713839 0.913632470197785 61.94833584281264
0.8527257706171526 0.371401552314183 -0.36731409864583014 -16.405334352335593 -0.4584568472847419 0.8691410703357227 -0.1855023423933238 -8.967365407274704 0.2503519109236401 0.32658029149703816 0.911410573727666 62.947146467373976
0.848392211682432 0.3766374543692911 -0.37198774593098094 -16.774413133156752 -0.4659620626059003 0.8647928019035219 -0.18711698476597988 -9.148700978657269 0.25121706026591195 0.33208076990707724 0.9091822429465272 63.93876731208265
0.8435521355336612 0.3831387420410445 -0.376330305694088 -17.177749827077445 -0.47470123800154596 0.8596471861957763 -0.18885298489959015 -9.336535103145811 0.2511543933049933 0.3379518007244396 0.9070336548941892 64.92526880633636
0.8398628917158462 0.3870185299425132 -0.3805876779400943 -17.599918202220753 -0.48085028698509635 0.8557719920183354 -0.19088556567567208 -9.542342686134864 0.251820024273383 0.3433233973356711 0.9048291110573573 65.9032224731155
0.8362160292401669 0.3909584919218367 -0.38457016269597866 -18.032633112087538 -0.48710644892176236 0.8516694843336168 -0.1933556228138779 -9.743658247796697 0.2519326494534575 0.3490136774527833 0.9026180770903314 66.88409150942984
0.8325672264557402 0.39493613031834635 -0.38840348402269304 -18.471663372807768 -0.4931721194296177 0.847767556890707 -0.19511901522112476 -9.95615756745047 0.2522163239147991 0.3539994667407467 0.9005949719480858 67.86163795060347
0.8286481534253571 0.39963264929221554 -0.39196426296848885 -18.91621118994389 -0.5001101571198687 0.8430947381482501 -0.19768938578556663 -10.158716120816194 0.2514598746724524 0.3598402536215478 0.898489244956942 68.84205619965984
0.8253188268789436 0.40330264715730263 -0.3952161545218977 -19.374812036677664 -0.5057181507079896 0.839286493565061 -0.19961796954121322 -10.383184644964484 0.25119312499281304 0.36461645124044834 0.8966364131804865 69.83045073157493
0.8225086975913971 0.4065151856243432 -0.3977748687930264 -19.831583265548268 -0.5103125076485866 0.8362755477718354 -0.20056009756760873 -10.605216626821566 0.25111867099822455 0.3679519154124946 0.8952936953985341 70.81609702467694
0.8191734937144917 0.4109557349618097 -0.40008770425694457 -20.284779078439136 -0.5157040378973842 0.8330421516557185 -0.2002251703985914 -10.836301806351042 0.25100623994619436 0.3703459969633947 0.8943375817001452 71.78656996772216
0.8159140282686589 0.41537809559324057 -0.4021757528441299 -20.766883308894617 -0.5210029964197236 0.8298079857907292 -0.19993645100282012 -11.081840773327766 0.25067942914423413 0.3726657274546006 0.893465208827213 72.76014614545291
0.813247201310032 0.41822897761176786 -0.40461526398199005 -21.258364990218034 -0.525217042929666 0.8269098255006744 -0.20091589859108264 -11.319052106371055 0.2505514864805578 0.37590512470071563 0.892143088212941 73.73384834049332
0.8102617224737746 0.4215375643714518 -0.4071633860228789 -21.75803346359885 -0.530054207298101 0.8234898661793358 -0.20225473449470074 -11.564312699582256 0.25003695410761423 0.3796979353693204 0.8906800769394493 74.71276152283096
0.8060395870835818 0.4265526585616047 -0.41030843706674586 -22.237180384840496 -0.536727049820904 0.8189752417299381 -0.20298676662270096 -11.79680538600207 0.24944790647483342 0.38383900649545427 0.8890688156987098 75.70951770966202
0.8026112454873627 0.430109058632827 -0.41330543947449716 -22.712478939121034 -0.5414974009694575 0.8159741525497022 -0.2024024385083301 -12.04133488025149 0.2501914334275778 0.38625429454283033 0.8878129682465081 76.71741876307618
0.7988553554491439 0.43399171251722685 -0.41651088165447264 -23.182468152203086 -0.5466484449206858 0.8127272689406784 -0.20161811423089573 -12.298563509493269 0.2510091606615527 0.3887487360578701 0.8864924260688256 77.72334493331086
0.7956155341282309 0.4365575315991963 -0.4200160038115998 -23.65605160451538 -0.5505958877368076 0.8102632125130523 -0.20079266633855244 -12.57335320470212 0.25266596577530115 0.3910128489602938 0.885024780267078 78.72720647359286
0.7922579564214282 0.43875442241295215 -0.42405410892953105 -24.151656322835294 -0.5551088071249978 0.8067893436766801 -0.20234912201938007 -12.82084384473297 0.25334076406927397 0.39570887245907077 0.8827417207303436 79.73087095348743
0.7896861510093907 0.4399062653581061 -0.42764267864966043 -24.65120787005856 -0.5582875616156627 0.8042795277695854 -0.203591354816383 -13.071165046030123 0.25438313908199667 0.3995208616698467 0.8807226008462445 80.73788001251152
0.7864313394765605 0.44255355992246553 -0.43089684947682666 -25.148396268924436 -0.5622992051531477 0.8016510397432959 -0.20291676708106507 -13.33397942546329 0.2556273697655247 0.401873060901631 0.8792910159601964 81.75090037003093
0.7838295630465637 0.44452866529275564 -0.4335959891734169 -25.636610426045266 -0.5649720887002684 0.8002897229200004 -0.2008554166018064 -13.593990353296375 0.25771642377599513 0.4024060450858943 0.8784370323446306 82.77556777317909
0.7809871022638751 0.44695269669774695 -0.43622520905157114 -26.15118020860357 -0.5681615688904689 0.7984707082714927 -0.1990903304240116 -13.854929413688716 0.2593290915678297 0.4033333794109201 0.8775366700711552 83.79271983965106
0.7783653293531575 0.448628081950003 -0.4391813499533102 -26.6654162198492 -0.5709597588843807 0.7967320961471024 -0.19804777379141303 -14.11942424306735 0.2610600846465045 0.40490839835067205 0.876297221922707 84.81016662038915
0.7767783539671589 0.44924840651082637 -0.44135162632027825 -27.193540464992093 -0.5726274827218659 0.7955317429921395 -0.19805810239297986 -14.350665152186437 0.2621319416623813 0.4065773175416608 0.8752038219871632 85.82874003903962
0.7748945397973281 0.4507315430638603 -0.4431472986260421 -27.712757213740623 -0.574266547319016 0.7949555139242599 -0.1956110004874791 -14.640459472622542 0.26411434043342497 0.40606256533776647 0.8748467341247435 86.85319068645536
0.773610929152039 0.45156059014665645 -0.4445437703116783 -28.24835428819986 -0.5753414404380085 0.7945356493256697 -0.19415284923316065 -14.90728841072457 0.265534098019889 0.4059632192416456 0.8744629822992647 87.88217311692233
0.7731056439908173 0.450196892484764 -0.4468002028050183 -28.77083436790503 -0.5747799212789174 0.7951316263559381 -0.193374607596661 -15.18095703081441 0.2682083244870389 0.40631078593316117 0.8734848824737796 88.9173132980751
0.7731864312999417 0.44712729783783833 -0.4497331675359218 -29.3153810733442 -0.5734475301960124 0.7957639801823607 -0.19472446676373603 -15.423481627418363 0.27081483077142154 0.40845668971454113 0.8716779566225624 89.95188234130988
0.7732796435666104 0.4448272739373481 -0.4518487459393504 -29.871741263070813 -0.572235958421242 0.79653068832448 -0.1951534535873066 -15.66162538741935 0.27310181386292276 0.4094722932248262 0.8704871281908676 90.99313376864441
0.7731259380398311 0.4431760469882825 -0.45373039936273946 -30.446476118767652 -0.5714371008539513 0.7971122178251433 -0.19511983999971128 -15.884811527574666 0.27520160555066225 0.41013059331110807 0.8695153665879728 92.02479251728433
0.772529947192673 0.44182532470579233 -0.45605686393157957 -31.026521261116528 -0.5712123362884848 0.7972470114259839 -0.1952272256735427 -16.116461817034164 0.2773336394351336 0.4113241850669114 0.8682732675930459 93.05979831677713
0.7687335000799258 0.4446941619370307 -0.45966934658946856 -31.58189273651456 -0.575865269834397 0.7939574877734387 -0.1949633263130461 -16.34374885512547 0.2782588666213959 0.4145824525321981 0.8664256420483899 94.11881646773676
0.7652094591569099 0.449082082673453 -0.46128057257862454 -32.19652552264221 -0.5808892515654489 0.790524549404218 -0.19400673752473346 -16.544826145207356 0.2775286670463468 0.416408717260977 0.8657838177954971 95.15636560901558
0.761495671127562 0.45330158592326386 -0.4632947388579305 -32.82535658952926 -0.5865321396518389 0.7861306372110327 -0.19488116993083632 -16.750589422164257 0.2758702448786739 0.4201384217583888 0.8645110262760975 96.18715778245817
0.7581117361444009 0.45641942398393903 -0.4657766685121657 -33.472712505947285 -0.5917426810069004 0.7816327531771876 -0.19720760288441141 -16.950305957333512 0.2740569192611051 0.42512533277942816 0.8626478171503672 97.20961726889578
0.7546718946818232 0.4588673876394833 -0.46894674744395415 -34.104380820420204 -0.5965208500702246 0.7774838121175757 -0.19920290491511267 -17.17347019430527 0.2731907882942685 0.4300693461013458 0.8604691457194255 98.2414834344139
0.751835488065278 0.4612051510473637 -0.47120399778973016 -34.70315126097648 -0.6003286535188439 0.774358797294054 -0.19993489144608745 -17.406395461949664 0.27266995919957365 0.43319540821745267 0.8590650916254358 99.29628627089713
0.750666379176617 0.46290643178885577 -0.4713996421109982 -35.29329318355557 -0.6012537439142004 0.7743906676893612 -0.19701022619342223 -17.644420705006667 0.27385018276974843 0.4313197528564346 0.8596332637775486 100.3577468829455
0.7439032014926389 0.46887386524340025 -0.47619882958772214 -35.88756681489145 -0.6100968523955578 0.7672962866730816 -0.197580968604605 -17.87287123793502 0.27274504121254983 0.43750852214490027 0.8568526335050564 101.42622106988219
0.7382694076602215 0.47372223706801125 -0.480151563384214 -36.51641395000971 -0.6171478569950547 0.7616740407468804 -0.19743651703454373 -18.11127565235557 0.27218891292526476 0.4420858488569829 0.8546773063097932 102.47461427525658
0.7317010832635514 0.47845378634580277 -0.4854848082919903 -37.11849617192594 -0.6251922879359276 0.7548461651458476 -0.19834785118586143 -18.34965774218524 0.2715660653623458 0.44865269562989735 0.8514473740916941 103.54154445515704
0.7253921431503043 0.48394544834455006 -0.4894926370052989 -37.76019177679271 -0.6332889587373807 0.7478677671643802 -0.19909519727479416 -18.58601344900594 0.2697245509721596 0.45441237424079617 0.8489747114842173 104.59461646107519
0.7198832592427507 0.4885857463851126 -0.4930031049510111 -38.41987001615418 -0.6403474055364742 0.741556311781509 -0.2001235535355906 -18.820888601066972 0.2678120484308756 0.45975885514724824 0.8466985897171145 105.63059870224596
0.7133506430936062 0.4946153777152022 -0.4964740558433913 -39.072439564576726 -0.6486003942571071 0.7342709359056256 -0.20040888516680758 -19.05604534573544 0.26542115320272486 0.46497507547386363 0.84460037332493 106.68964883428654
0.7071431443662682 0.5007480862401532 -0.499199286360279 -39.725744199008595 -0.6559436287030531 0.7281742433524723 -0.1987466409324355 -19.295318192465018 0.2639820625339135 0.46798891594233216 0.8433859408452707 107.75015716086587
0.7026072895711247 0.505609560607726 -0.5007014767938881 -40.37504899500413 -0.6613523424641777 0.723667039105301 -0.1972792326366677 -19.542888745510254 0.26259488905662887 0.4697499214844317 0.8428398041779398 108.81550292690135
0.6987152141981948 0.5086259902975944 -0.5030871211249227 -41.03109693014866 -0.6656590683402739 0.7198613078257253 -0.1967173155362676 -19.788657898198505 0.26209741353994664 0.4723338856034239 0.8415495507255902 109.87834016199088
0.6961516287178047 0.5088732912398168 -0.5063801766423178 -41.675152103545905 -0.667980470413682 0.7175732800523795 -0.19720719789294205 -20.043406093704153 0.26301140845876714 0.47553818060974495 0.839457228096173 110.94421159999466
0.6957089278179789 0.5072617954117863 -0.5086005885466217 -42.33609149139663 -0.667768188045273 0.7176404762426484 -0.19768104080300247 -20.295352564720872 0.2647163289052864 0.47715575839953617 0.8380021762722772 112.00500694574828
0.6944225140890367 0.50676163986825 -0.5108522411464048 -42.99311862478341 -0.6687656171085035 0.7165483600919407 -0.19827001039752265 -20.55202401575685 0.26557470003700473 0.4793235733902447 0.8364920744948292 113.06612046445025
0.6941830516607779 0.5058431325370626 -0.5120865318010447 -43.64817724239397 -0.669387300892442 0.7152319287193001 -0.2009077637733346 -20.807925284936537 0.26463282523311793 0.48225098590418913 0.8351068520875499 114.13260847071818
0.6942017772435632 0.5047405695792447 -0.5131479805014325 -44.30120331689372 -0.6685063842886627 0.7163856580200959 -0.19972682130453473 -21.06427213275082 0.26680162412769853 0.48169341536285754 0.8347384901625713 115.18720829387311
0.6926004007462427 0.5064569346020371 -0.5136205391917779 -44.96016350642252 -0.6697951986560079 0.715843925838812 -0.19733693444724668 -21.311857752492244 0.26772948426257326 0.48069621096196097 0.8350162130302092 116.2474008564162
0.692045351477989 0.5068154591940232 -0.5140149042777448 -45.64128744806079 -0.6696874316212325 0.7165522584495136 -0.1951194629950052 -21.563866809189822 0.26942898030142304 0.47926083840937145 0.8352946027246215 117.34018385599099
0.6916745734771581 0.5065895717510652 -0.5147361364799101 -46.27039918188661 -0.6696082936195191 0.7168562546091295 -0.19427260059958854 -21.794231446395177 0.27057534536825 0.4790450041706354 0.8350478228568766 118.35769771374683
0.6912946647359365 0.50657537095679 -0.5152602061557061 -46.925576359557525 -0.6695366501720922 0.7172297276171784 -0.19313775368508865 -22.042877569012713 0.27172110809424255 0.47850069107805854 0.8349878610218587 119.39859218297944
0.6910144682038905 0.5067365660442408 -0.5154775042294146 -47.571344118946364 -0.669411388594845 0.7176936907444911 -0.19184410099107255 -22.291563348030383 0.2727405315541061 0.47763356132001716 0.8351519523705507 120.43963468432044
0.6906418668903788 0.5067774648347708 -0.5159364426301131 -48.21544945396283 -0.669399710802006 0.71797082806486 -0.1908452703790442 -22.52745852607715 0.27371123264558117 0.47717343931059586 0.8350974014689156 121.48165691285637
0.6906537962499231 0.50551119139543 -0.5171612602463026 -48.83397898154448 -0.6685375985938545 0.7189933613136308 -0.19001585632070184 -22.78726799184356 0.27578037093298075 0.4769769195264075 0.8345287324275709 122.52010317696073
0.69010333427348 0.5058778255441022 -0.5175374514442386 -49.45848033171919 -0.6686864680788274 0.719218225916972 -0.1886360276222634 -23.048920269057092 0.27679558420048755 0.476248642130994 0.8346085522180423 123.52754164437769
0.6905464184577199 0.5056413191023776 -0.5171774360619616 -50.08226717030755 -0.6677900894656357 0.7203931448432747 -0.18732355237474949 -23.278290730567775 0.27785255148494553 0.47472157448258606 0.8351271677739155 124.530241358493
0.6898047160810893 0.5064494050826079 -0.517376510641681 -50.69422197870289 -0.6683516913480572 0.7201834903889699 -0.18612296162309547 -23.51174142959423 0.27834415809296115 0.4741779626497147 0.8352722845832297 125.53486608788661
0.6900492180389893 0.5058421125161319 -0.5176445053209757 -51.3175500153973 -0.6679350523531096 0.7205245535585622 -0.18629850658897942 -23.740729197225 0.27873794596686796 0.47430804855542236 0.8350670826668478 126.5205405274835
0.6898861384244529 0.5054883575730231 -0.5182071365466954 -51.931201948563825 -0.6680814681297459 0.7202478285239622 -0.1868427612944133 -23.963490257326423 0.27879072429225527 0.4751048156613927 0.8345963971788731 127.49985703090287
0.689818278427543 0.5047496767051239 -0.5190168654420926 -52.54027461569914 -0.6681607139237064 0.7198875204173252 -0.18794472143787094 -24.184584205844644 0.27876872693367954 0.47643438353404916 0.8338454743358075 128.46602170359645
0.6896250927811383 0.505336825075732 -0.5187021540624126 -53.16588502052044 -0.6688054604401266 0.7191160153812296 -0.18860385072339847 -24.412905239368467 0.2776985550774024 0.4769767810330011 0.8338924767998096 129.40664630827845
0.6899676840671856 0.5042741459187289 -0.5192804451362503 -53.75681833558544 -0.6683695381296773 0.719263489879761 -0.1895842626019092 -24.631042587870148 0.27789702309180436 0.4778782458785134 0.8333100423448585 130.35673535599116
0.6911513716853492 0.5021963339304171 -0.5197197548720949 -54.34690322025657 -0.6669132865144384 0.7202608104493274 -0.19092153676678117 -24.852619190852558 0.27845367601806104 0.4785636918088629 0.8327306546502908 131.29914572908555
0.6930604386032678 0.5017033270679303 -0.5176494953653645 -54.92789866710281 -0.6657637642764075 0.7208431528607213 -0.19272716246114235 -25.076740508563805 0.2764522356928131 0.4782038483563105 0.8336037672645569 132.2389483372015
0.6955652113823617 0.49783227510504025 -0.5180270867226456 -55.501525553207415 -0.6623607866666232 0.7236515510651383 -0.1939242659581114 -25.298101384530707 0.2783293462805949 0.47800780171955387 0.8330914214504058 133.1821609618603
0.6986318406756963 0.4941827975937901 -0.5173943503329592 -56.07781289744842 -0.6586547293193509 0.7266523006282382 -0.19532122653962108 -25.51599406493672 0.27944140484069596 0.47724186379032696 0.8331582711025526 134.1188950752341
0.7015316917885297 0.49084111341379716 -0.5166510299990009 -56.650244354278136 -0.6551762465344617 0.7294391064180291 -0.19662826858079716 -25.74114993879786 0.28035222737359883 0.4764384445138452 0.8333120887134009 135.05020741037492
0.7055791183543744 0.48600585664444784 -0.5157096228010115 -57.221874217954536 -0.6502911475972425 0.7332379329704151 -0.19870469800670346 -25.962556983906545 0.2815662108615408 0.47556328807065307 0.8334026805455481 135.9792297736201
0.7096791989165931 0.48007658435936645 -0.5156373801179936 -57.781016214984746 -0.6444870634483453 0.7380247086370468 -0.199889855893018 -26.202398143521425 0.28459068795874526 0.47417929371815426 0.8331639320902712 136.9064708778652
0.7131398635453583 0.4753318791945788 -0.515258323216481 -58.340037329701396 -0.640095341821131 0.7412309024471314 -0.20212546261246106 -26.4467207972132 0.2858487159344922 0.47395817735192924 0.8328590263182843 137.82320438017962
0.7163459209222519 0.4732377660141735 -0.5127324237806371 -58.89885053464269 -0.6375083114160836 0.7425922223732278 -0.2052801601378113 -26.686222221826622 0.28360478566742425 0.47392278705365753 0.8336459185156666 138.73625010599815
0.7204426705141229 0.467912440770593 -0.5118791910935496 -59.44777114334451 -0.6327549263938232 0.7456148298343953 -0.20899695848354818 -26.922768049143542 0.28387243900531656 0.4744644067821455 0.8332466411993756 139.65183303277504
0.7243403466023324 0.46634794036378047 -0.5077899770598808 -60.00632077944342 -0.6295653316620721 0.7476234154015322 -0.21143964129882123 -27.167426774567673 0.2810312357252109 0.4728412283862409 0.8351302995850127 140.56374252745763
0.7289495139923093 0.46402186677236806 -0.5033053876201448 -60.555073751242055 -0.6251240154454071 0.7508651869744495 -0.21312305436821347 -27.423537300526547 0.2790207364404794 0.4699842318066777 0.8374140257299855 141.47793367590003
0.7335222558613297 0.4613387033052822 -0.4991109105085846 -61.102935072643014 -0.6204735801113115 0.7542653469300603 -0.21470054216123655 -27.66903412880733 0.2774123943517288 0.46717275953663856 0.8395188956819044 142.39088502143136
0.737598822152103 0.4573972937364998 -0.4967249674038521 -61.63447073468489 -0.6156552254137276 0.7576918199375225 -0.21649884392425392 -27.928842913222432 0.27733845925259554 0.4655006140514667 0.8404716279191732 143.30246994601498
0.7420769316283791 0.45126256938815884 -0.4956651299155597 -62.155366690252045 -0.6099716581443639 0.7612193124013056 -0.220181140627212 -28.169448410936013 0.27795036212537383 0.4657330264180135 0.8401406693512061 144.22069780119227
0.74638195269637 0.44575790204988197 -0.4941800010616 -62.66360318153976 -0.6050414005239602 0.7637748042728671 -0.224884308056275 -28.41031056297548 0.2771982762232832 0.46684894893105705 0.8397697151843526 145.1250213618759
0.751492849109458 0.4411655243479796 -0.4905420245647898 -63.17857268450569 -0.5997027983893345 0.766696790695007 -0.22919987945454773 -28.66479558956219 0.2749819109347953 0.4664214952859165 0.8407353551468495 146.01207601224013
