0.9999785821571884 0.00043890807620566803 -0.0065301291411373665 -0.06979546141996988 -0.0004370614958650332 0.9999998641029724 0.0002842028953236134 -0.006947358128327141 0.006530252992658265 -0.0002813427403000559 0.9999786380928917 0.9975371206987824
0.99990709187912 0.0009200787988641587 -0.013600039148657839 -0.1547668637624463 -0.0009166648875959416 0.999999546772916 0.00025725366210534303 -0.025991923338254605 0.013600269678392184 -0.0002447630827935014 0.9999074820980731 1.9937384784450936
0.9997703545461294 0.0010211080226782228 -0.021405501842111065 -0.20736540636907008 -0.0010319449743431434 0.9999993449183693 -0.0004952296461075077 -0.021032417389297377 0.0214049821367953 0.0005172052189199184 0.9997707533422274 2.992341891084566
0.9995397196788518 0.0017012654648327378 -0.030289511058127 -0.3693355466163448 -0.0017558397319407484 0.9999968827559479 -0.0017752479328165417 -0.046673856577724875 0.030286396470329192 0.0018276143481048225 0.9995395910191035 3.9788043440958036
0.9990341194965057 0.001573830905992141 -0.04391299509394762 -0.38785127385378104 -0.001762658029015791 0.9999893656773262 -0.004261639230583847 -0.012303580428335662 0.04390582100945693 0.004334926589718575 0.9990262695709995 4.978041967623773
0.9985280175384813 0.0015970638999162833 -0.054214828023059505 -0.6742168402098494 -0.001811214852686051 0.9999907502599065 -0.0039011402675412153 -0.07154023147340238 0.054208096179701265 0.0039935925592386535 0.998521674039699 5.934329458750785
0.9975678271016322 0.0015370998891309881 -0.06968549099819007 -0.8755258268098765 -0.0018099640767240022 0.9999909403985172 -0.00385268100554842 -0.08121929366940212 0.069678937719866 0.003969438854596264 0.9975615716302481 6.913809416994653
0.9960995199676388 2.241705206835684e-07 -0.08823687619237833 -1.0549256582453335 -0.0003598085852804052 0.9999916962283761 -0.00405931177388829 -0.08233117132857357 0.08823614258353156 0.004075226894961442 0.9960912486653685 7.897585023481286
0.994100627625165 -0.0011388317525324455 -0.10845572929768262 -1.2428849634820354 0.0006750612732294552 0.999990472209577 -0.004312746496734413 -0.09465849628384877 0.10845960744687477 0.00421408973648318 0.9940919248239382 8.879684466574833
0.991557088435326 -0.0013749762363539514 -0.12966360250281642 -1.521279867637591 0.0008068791009297891 0.9999898453661821 -0.004433746794317558 -0.13045591821945315 0.12966838211289364 0.004291690211222178 0.9915481289757724 9.839483822474731
0.9881733708799884 0.002080281605940967 -0.15332664971269866 -1.8318349844112547 -0.0030496707324603593 0.9999768208940489 -0.006087461133763334 -0.14792703575217742 0.1533104321046163 0.006483062784786846 0.9881568100786553 10.789878613826515
0.9839589913355706 0.00640681839808141 -0.17827971294541642 -2.175544369905487 -0.007897445872559878 0.9999395309767902 -0.007652760195311806 -0.17676702605924713 0.17821990270050098 0.008937956585873959 0.983950089798 11.728511712008219
0.9787897641458327 0.009308268271596866 -0.20465569560881683 -2.542782778853366 -0.011268890800046371 0.999901080661147 -0.008416709143543397 -0.21842565134023317 0.20455710621604253 0.01054443144291622 0.9787978367681774 12.657705173875058
0.9723386425992611 0.01001460108726057 -0.23336081906200376 -2.921334636344195 -0.012424642384561015 0.999883559523148 -0.008859777476618643 -0.22519855387307913 0.23324491927980331 0.011514128728760538 0.9723498508611883 13.583260465911783
0.964636042060607 0.012054918914284833 -0.26330967564374935 -3.3374001330532104 -0.014680385665062076 0.9998601872201583 -0.008005765971775958 -0.2624060464448372 0.2631763527264019 0.011588137988470111 0.9646781444728538 14.491833569857231
0.9555043921565022 0.013787408431470957 -0.29465448229812635 -3.7775626181079516 -0.016653777263417418 0.9998352428079884 -0.00722073001511673 -0.26811400824673515 0.2945063806991175 0.011806549361880907 0.9555765783649531 15.389733556467778
0.9447655515733445 0.01608140330963904 -0.327352166676664 -4.2618169089932465 -0.01909284616942202 0.9997997854184495 -0.0059876792142646434 -0.28955782970624444 0.3271903357152599 0.011907037617093552 0.9448834354933523 16.26439802069803
0.9326803432529446 0.018357488994602822 -0.3602365610364692 -4.762004101849281 -0.021877525588309625 0.9997444315461117 -0.00569609222840311 -0.29577922561905795 0.360039929985136 0.01319371783670749 0.9328435960148641 17.130292959952957
