1.0 0.0 0.0 0.0 0.0 1.0 0.0 0.0 0.0 0.0 1.0 0.0
0.9999710028644548 0.006015727917245622 -0.004669523303522836 -0.023405859376807652 -0.006025070012267368 0.9999798706635005 -0.001989170469385362 0.054450348470935994 0.004657463000792133 0.002017246993967258 0.9999871192935245 0.06994665412565994
0.9999069446746437 0.0064370809882572655 -0.012027717147072394 -0.022278248820166775 -0.006461899844215588 0.9999770698312611 -0.0020257497595943695 0.053976123023833686 0.012014401434224225 0.0021032831563503147 0.9999256124123141 0.16431823737986762
0.9997846334419743 0.006627133616630195 -0.019666413839963426 -0.027631941813826735 -0.006681059983701442 0.9999740965625387 -0.0026776186115226065 0.05331473594322901 0.019648159475929506 0.0028084344325476056 0.9998030118604597 0.262220599527413
0.9995584308590321 0.007165616829113834 -0.02883742766073758 -0.04026884555538151 -0.0072842123184186265 0.9999654310590942 -0.004009605678903342 0.05253936882581679 0.02880769948347404 0.004217893106565913 0.9995760730570793 0.36588458480993374
0.9991557958875494 0.007240671327856736 -0.04043844981005124 -0.05038995453548511 -0.007476080438827744 0.9999559603683482 -0.005673230568811995 0.05467431660245415 0.04039559091770112 0.005970762307836339 0.9991659252756137 0.48011885335789084
0.9985164883060179 0.0070226879383198755 -0.05399541124150552 -0.06832280988032766 -0.007380242989152172 0.9999521219194896 -0.006425409102270218 0.05322849590345348 0.05394770240185762 0.006814376187989864 0.9985205103966214 0.6068162141515504
0.997510497918489 0.00685526001766809 -0.0701841289217057 -0.0936893405231589 -0.00731957684050437 0.9999529818249522 -0.006360655175610994 0.0534018566975042 0.07013722504693493 0.0068585384359378 0.9975137743977467 0.7453704386351585
0.9960301211112549 0.005188078666841677 -0.0888655258176415 -0.11071347898582243 -0.005770059137186418 0.9999635493262349 -0.006293364476341893 0.051909513921442454 0.08882963613936859 0.006781139920793018 0.9960237506629661 0.8989229055477115
0.9940657039173021 0.0038646373190977445 -0.10871265277689972 -0.1456584788891374 -0.0045848138436531604 0.9999691663211925 -0.006375412842986263 0.04964143348971402 0.10868466210748402 0.0068360065309583185 0.9940527718573553 1.0611368385441242
0.9927402364908442 0.0035329792263892384 -0.12022620725070214 -0.2928628005494508 -0.004367240938124964 0.9999681764517141 -0.006676323121452968 0.04531168864994372 0.12019879391529371 0.0071529114086212545 0.9927240733455039 1.1541587292149478
0.9895150388494344 0.00711280576394524 -0.14425462171094108 -0.34736613343661904 -0.00834738265006409 0.9999335183573926 -0.007954877013467204 0.040540077367051106 0.14418844993166316 0.009075618963484933 0.9895086275756944 1.327408139867473
0.985450658897358 0.011338750952845266 -0.169583111203895 -0.409975000896582 -0.013107927616407564 0.9998706836098069 -0.009316560055118833 0.034097970798659887 0.16945554317391415 0.01140389339159949 0.9854718515021863 1.5053980397604345
0.9803824170028901 0.014069197409505817 -0.1966020704769507 -0.47675691208714865 -0.016364070698979386 0.9998155599727376 -0.010053020767913368 0.027548176851301863 0.19642437125196643 0.013073014979477694 0.9804318245842576 1.6904775923507915
0.974016464886986 0.014458314226772025 -0.22601522797983956 -0.5477386929038612 -0.01718211932645825 0.9998014757036392 -0.01008880351067781 0.02463590300167645 0.22582449137440844 0.01371008134715607 0.9740715234339543 1.8826063259742005
0.9663867054528026 0.016322054185857138 -0.25657421162547184 -0.632492330424571 -0.019381549409254777 0.9997679705922463 -0.009400027678580412 0.020898557357708996 0.2563612511019851 0.014056867539228135 0.9664788220175392 2.076866564619577
0.957365282129313 0.018082578964333452 -0.2883136086130171 -0.7263239904597614 -0.02135487655616484 0.9997382620834309 -0.008208323438581654 0.017742068371963984 0.2880897183530372 0.014015265405979756 0.9575008545765733 2.2744249928891658
0.9465352450685789 0.01976192453954534 -0.3219945592420146 -0.8279515355489107 -0.023272369257633024 0.9997042601518306 -0.007056136578723923 0.018247860361393524 0.32175988978134346 0.014172458247408742 0.946715223684041 2.473016545791486
0.934568739952768 0.02197838341714263 -0.3551031131452736 -0.9411144699486174 -0.025967375672261317 0.9996418482198075 -0.006470756399619003 0.016287066335914625 0.35483371556799886 0.015268462596366056 0.9348047434337036 2.666496098524196
0.9212458952368883 0.024827491626147863 -0.3881875785863559 -1.0659694762301952 -0.02929378530420941 0.9995552088837031 -0.00559093337536609 0.014374775942104906 0.38787610734838446 0.01652210800746854 0.9215634244561003 2.86153537971434
0.905628678267435 0.02531105383482726 -0.42331554147391026 -1.1925542598812349 -0.030173464959313567 0.9995332109288235 -0.004787719986084271 0.014832686663062861 0.4229967601671771 0.01710879318030794 0.9059696628938442 3.058822217277586
0.8878004484518688 0.020630153136925414 -0.4597659845075624 -1.3250093036111519 -0.02603317516853103 0.9996464159437608 -0.0054145065738515075 0.01610148852137092 0.45949171648605985 0.016776169775628434 0.8880236047585415 3.2545639915845026
0.8673936922648482 0.0160237408278327 -0.4973644763642017 -1.4709282327768747 -0.021694597347210562 0.9997488162265963 -0.005625735459642586 0.012621643446587163 0.49714940115130024 0.015669849501572217 0.8675234456494546 3.4473850725662625
0.8438778422127654 0.017595138823659595 -0.5362467701647288 -1.644496616192923 -0.02234511492046532 0.9997475298915596 -0.0023605751240925138 0.009530574176177024 0.5360698492375022 0.013974532747159511 0.844057953681488 3.6291030170387706
0.8158191439478635 0.023389868237169556 -0.5778339194197787 -1.8366384445495565 -0.027320724798899645 0.9996249318937441 0.001890379033490449 0.001596743425637329 0.577661408062403 0.014244634087098126 0.8161521843596863 3.8088811183895945
0.7840652213315124 0.026277860489974898 -0.6201219257101271 -2.036454515909433 -0.030420345397544114 0.9995296140025821 0.00389272626102919 -0.0005735706305401182 0.619932521557194 0.01581217189125538 0.7844957896227496 3.987050571714308
0.7492756466435329 0.025808779541660058 -0.6617551754580288 -2.2509298547181817 -0.029997869890318062 0.9995373706778571 0.005017212417236754 -0.00312398935209613 0.6615785162389719 0.016091970574361476 0.749703218169747 4.158554938144046
0.7105975149982451 0.021585606830235148 -0.7032675403117153 -2.4733521637614513 -0.02394025541902325 0.9996922981777517 0.006494084581912643 -0.004381977641334307 0.7031913223645405 0.012221724176875119 0.710895627788886 4.332034399845478
0.6686551076061359 0.017787379938123096 -0.7433599102636383 -2.7137322593810627 -0.018584887612389633 0.9998013149733692 0.00720642282667107 -0.0021648819056455677 0.7433403991608838 0.008996648957182666 0.6688528323053438 4.501188007288045
0.6246876474429965 0.017256783583627658 -0.780684024783704 -2.9738836865294176 -0.015744559884275745 0.999830891568386 0.009502478603866469 -0.0029226902322376353 0.7807159867494615 0.006355445374977645 0.6248537079572318 4.658164270968595
0.5769800873548927 0.01785504172573286 -0.8165630265208642 -3.2500217738696344 -0.013004617395355014 0.9998351178646676 0.012673476671642248 -0.002589620313542582 0.8166546753202001 0.0033067460620025873 0.5771171516322673 4.814608026482013
0.526733629969539 0.01846389923127473 -0.8498298461952787 -3.548401612627393 -0.01168486576561291 0.9998268757254657 0.014480417435067847 0.004160409145404323 0.8499500849880262 0.0023028248373557648 0.5268581877760056 4.947442257336409
0.47431639016636334 0.019903531669745254 -0.8801294288038679 -3.8613543515489823 -0.010356739064623673 0.9998013658322495 0.017028412607038607 0.007273001104856717 0.8802935305768742 0.0010384156391839482 0.47442831040892086 5.073144399768753
0.4202496453052587 0.021925206504125522 -0.9071436054674898 -4.196873228984118 -0.008800832233780365 0.999759508975474 0.020086551847237955 0.012391917157849867 0.907365847369625 -0.00045774760554146256 0.420341539101637 5.184558324063867
0.3653938969014149 0.023892593207753072 -0.930546314858647 -4.550651657614262 -0.008028149012962485 0.9997142448673918 0.0225161593671388 0.01782210705231897 0.930818375909406 -0.0007567027352638591 0.3654812970185301 5.2788435170926915
0.31113202428510084 0.02707028326614064 -0.9499810857212619 -4.925096878573725 -0.005721301875406291 0.9996294857086006 0.026611238355428224 0.020045168462149533 0.9503494779127868 -0.002844479890920186 0.3111716226860101 5.359137011874083
0.2579306610925064 0.028877928376593316 -0.9657317636492341 -5.3115387588003085 -0.0005618879667466559 0.9995575301606086 0.029739337267953015 0.0235460437434143 0.966163266922468 -0.007128053864876645 0.2578327607147787 5.428556369713934
0.2075365170784434 0.029347162822132625 -0.9777869594718686 -5.71263263380489 0.0025236383311890934 0.9995304995986932 0.030535415857006067 0.02834188064966735 0.9782240159230008 -0.008804794505164994 0.20736501697538023 5.477581341155586
0.16034347744606425 0.030473205577349213 -0.9865907728041781 -6.132847029352308 0.0008530033220832687 0.9995186747337594 0.03101114708942247 0.03679092150891193 0.987060910798233 -0.005814000370648098 0.16024030633350114 5.505837379725534
0.11827710270612987 0.030902145463970535 -0.992499664675595 -6.569611511250833 -0.0009522873887115226 0.9995187074304782 0.031007203118557158 0.04635837898273637 0.9929801710629342 -0.002722297233912474 0.11824960453886288 5.519104533947051
0.08070253099529019 0.029546569249198046 -0.9963002066327988 -7.019755420167127 -0.0021715800827629664 0.999563381788937 0.029467440109517053 0.056823276140687946 0.9967358655786897 -0.0002145513136137889 0.08073145754187487 5.521205664102576
0.04649717028141835 0.026934300838583638 -0.998555234623583 -7.484248610680194 -0.0006133121399521761 0.9996370010532493 0.02693492107813095 0.06726923787499942 0.9989182333925241 -0.0006399715640790187 0.046496810991265305 5.51645608798649
0.01533934924422122 0.02426633136037158 -0.9995878398255323 -7.961509477310228 0.00012927513006247878 0.9997054034235245 0.02427116918792484 0.07537771495567876 0.999882336904051 -0.0005015257887415072 0.015331693291306328 5.503188784968255
-0.011060549506681085 0.02243384261322878 -0.9996871445358375 -8.456236919678538 -0.00031788785360461526 0.9997481694807361 0.02243872918036971 0.0829739966806748 0.9999387797220011 0.0005659730756190804 -0.01105063267667848 5.475811976187773
-0.031677204199452254 0.020087081866798917 -0.9992962843302201 -8.965193162306617 -0.0008327351811571538 0.999797154125611 0.02012354726303186 0.09502495318910038 0.9994978045429745 0.0014696068882297467 -0.03165405138951038 5.440830095313918
-0.04786471998138828 0.01919853002234429 -0.9986693071413008 -9.493325668726516 -0.00028292784676621583 0.9998149672746169 0.019234114627149062 0.10932813270033784 0.9988537873647668 0.0012031868674193757 -0.04785043164303955 5.404382852008463
-0.06345733207907722 0.019795991695069938 -0.9977881968224598 -9.635163882450973 0.003964189901755603 0.9998003600948582 0.019583798217270767 0.1417404219640337 0.997976679188362 -0.0027126863070915694 -0.06352313853369267 5.929876562437466
-0.07304814328531489 0.021033831884579465 -0.9971065874212347 -10.192374397222864 0.002947424489635246 0.9997777644653129 0.020874251354704547 0.1454852774160117 0.997324060399351 -0.0014140710706098667 -0.0730939050233409 5.882421144543916
-0.07974593455685923 0.022532748150591263 -0.9965605155646274 -10.767028197770516 0.0012240719999849457 0.9997459400644351 0.02250682057550349 0.1477495964907647 0.9968144699839555 0.0005749656173038224 -0.07975325601595745 5.828531140010148
-0.08421924536126596 0.02357878401943555 -0.9961682386298735 -11.354645579784632 0.0015262853272604404 0.9997218752733809 0.02353385971264516 0.15603223930276497 0.9964460794061467 0.0004615669393331985 -0.08423180985875676 5.775549153463551
-0.08563540530504196 0.024233497850306193 -0.9960317841013816 -11.960377258692885 0.003695248402922993 0.9997050051413148 0.02400516266648734 0.1687465102230258 0.9963196889038598 -0.0016248930251030911 -0.08569969209498358 5.725667905431049
-0.0847008844926027 0.02643986828529713 -0.9960555674917078 -12.58197679376553 0.0057637745349013916 0.9996441552376937 0.026044995723339116 0.17902011719533803 0.9963897525914664 -0.0035350055408826103 -0.0848231375660217 5.6787846213436985
-0.0830475100733285 0.028928693641364012 -0.9961256154495907 -13.218696665994992 0.004937921851374329 0.999578245022781 0.028617285073305684 0.18759813015983312 0.9965333551860731 -0.0025421961728455946 -0.08315533200107231 5.621532978528617
-0.08136557315734154 0.028969314995586012 -0.996263229419547 -13.87113958393289 0.00286039367232669 0.999580174380368 0.02883215451111138 0.19701842240213813 0.9966802203579735 -0.0005037602602458429 -0.08141427745047852 5.563018516624817
-0.07983281258319642 0.026456345780409986 -0.9964571158875855 -14.53452888593803 0.0009619916483448732 0.9996493033999276 0.026464028115687134 0.20895885577411513 0.9968078032434974 0.0011541143733383619 -0.07983026627093522 5.510756698722518
-0.07845068523418919 0.026325296692657534 -0.9965703531313436 -15.215477740949481 0.0009599784528383459 0.9996528141554375 0.02633115250960944 0.22558081142702735 0.9969175334137014 0.001109010891641164 -0.07844871998436863 5.450497703395595
-0.07680910039176621 0.028926664792354412 -0.9966261135255284 -15.913862850686657 0.0016694303157036368 0.9995813825439108 0.02888377873521636 0.24724217643853377 0.9970444198226228 0.0005547392132253596 -0.0768252378126917 5.398507511390079
-0.07492360117665221 0.03244865872741028 -0.9966611954588755 -16.62853266892415 0.0005973786189247346 0.9994717112582895 0.032495254010580746 0.261766588764457 0.9971890979776652 0.0018392773631436174 -0.07490340401659813 5.339505908987159
-0.07312145965967488 0.034593664380222336 -0.9967228955542197 -17.35802555712566 0.00014193860821256992 0.999398592501684 0.03467611799329351 0.2737431299503611 0.9973230329189595 0.0023940949024321046 -0.07308239404212225 5.2834502546482
-0.07130617423491428 0.03400036317576422 -0.9968748190319068 -18.097398057655912 -0.001555256810697591 0.99941386005151 0.03419820921033435 0.2896602682890285 0.9974532624099409 0.003988939816186408 -0.07121149954122534 5.224314705736965
-0.06963100635033452 0.03083019082252838 -0.9970962953940241 -18.850523357750035 -0.0035974124254404233 0.999508060657119 0.031155983458827956 0.3143397149262484 0.9975663294129783 0.005756389084483563 -0.06948584320728211 5.1653900890242355
-0.06810282159684213 0.030263337742454894 -0.9972192016198022 -19.61529362817862 -0.004101730457176357 0.9995228849442164 0.030613367669169923 0.33215979233362025 0.9976698760099991 0.006175181088616987 -0.06794619666116229 5.105453563383069
-0.06664191890620333 0.03255697976364239 -0.9972456556501861 -20.401098996010646 -0.0014925304991405212 0.9994631446270584 0.03272911372006755 0.351850927525915 0.9977758400548741 0.003669550498597868 -0.06655754954871766 5.059279394337219
-0.06573128929039786 0.03459447709135923 -0.9972374941622473 -21.1936698156663 0.0007920119089078661 0.9994003277466228 0.03461730227905469 0.36984747944622687 0.9978370459776285 0.0014856159391716936 -0.06571927129786986 5.015567955814848
-0.06461838802774598 0.03636695552546937 -0.9972471651874999 -21.994394796420437 0.0021839775953211953 0.999338489397646 0.036301705886833964 0.38403522925985406 0.9979076581380466 0.00016779225129738237 -0.06465506689503568 4.964241820166486
-0.0639803169473522 0.03175376264258485 -0.9974458469517807 -22.795049754013352 0.0025006173617264714 0.9994956122347062 0.03165861709519466 0.3983752040049144 0.9979480276828692 -0.0004687020464042564 -0.06402745006842794 4.908238138659294
-0.06373472324088766 0.024769293654484506 -0.9976594444725444 -23.601360432610075 0.003803583212799424 0.9996907105794223 0.02457673566511832 0.41237698360003316 0.9979596273437883 -0.0022282892693058823 -0.06380922283480232 4.860654398421226
-0.0639750493586704 0.020107559509983768 -0.9977489058426016 -24.421997508248854 0.007258705794766449 0.9997799198218741 0.019683066609449074 0.42887495642106055 0.997925099518868 -0.005983140606692159 -0.06410692457714505 4.81115625167895
-0.0643026315044574 0.02094464853270427 -0.9977106260231189 -25.251278071808034 0.008399125007698046 0.9997556728407706 0.02044625446880288 0.43752935516153196 0.9978950978337898 -0.007065148302723142 -0.06446283734643883 4.7461763784315165
-0.06431733940678987 0.028497112691041063 -0.9975225282768836 -26.09482477135331 0.007905235937310531 0.999575372963056 0.028046051603439412 0.4430902959349578 0.9978981847344994 -0.006081803518812618 -0.06451530492488766 4.689850346366086
-0.064498215404367 0.035611668288206645 -0.997282201431161 -26.941777216803825 0.006467613808740429 0.9993569810417058 0.03526746964028737 0.4580312873462675 0.9978968634990666 -0.004175347283561101 -0.06468706434665837 4.628209111882887
-0.06468650555696938 0.041076622488134304 -0.9970598613342109 -27.78823405790966 0.004281534748657188 0.9991546791990036 0.04088515005392916 0.47106182338389113 0.9978964497677232 -0.0016242289566328252 -0.06480769569481817 4.566034164458685
-0.06518147994428869 0.041468147804988274 -0.9970114178834144 -28.63478560154292 0.0026557187720656203 0.9991398251770508 0.04138305091430523 0.48583919261841835 0.9978698922354948 4.962656476741956e-05 -0.06523554021488603 4.5123471920438565
-0.06549608714771166 0.03804755744387221 -0.9971271964703876 -29.47580701323395 0.0025026364889187695 0.9992759295078351 0.037965161883712684 0.5056194668045956 0.9978496877681257 -8.877354667542829e-06 -0.06554388256922851 4.457088820096247
-0.06590468938544758 0.035319801342196325 -0.9972006235207416 -30.314194432089987 0.002095058048617558 0.9993760336544321 0.03525839033348406 0.5247906576047009 0.9978237232341106 0.00023450007076545953 -0.06593756411133299 4.4024233049771455
-0.0659436386349295 0.036602994523760285 -0.9971517724576735 -31.15669483093006 0.0005484448874555166 0.9993281367539467 0.03664661376021956 0.5429289117037434 0.9978231986338029 0.0018697282633760386 -0.06591940825303129 4.338691871873889
-0.06577646177618285 0.039074979046987875 -0.9970690061819614 -31.996291803423926 -0.00028289988296320556 0.9992321910478805 0.03917841677898966 0.5570971356377538 0.9978343434878683 0.002859088338869588 -0.06571490371299264 4.2782921804240415
-0.06568484585721249 0.03746962227655606 -0.9971366648715544 -32.838217877708296 -0.0008606614357465072 0.9992922240136928 0.03760731694312477 0.5720613548225391 0.9978400474457866 0.0033284278901362227 -0.06560610704174452 4.217425132114543
-0.06531588993423156 0.03224482235417514 -0.9973435245458041 -33.67053315926589 -0.0017737931220700664 0.9994724411479177 0.032429817202417846 0.5919520696820078 0.9978630608355346 0.003887263455160749 -0.06522423631420039 4.161957869393368
-0.06512506662686307 0.028162022268162043 -0.997479636984442 -34.505236264922075 -0.0030497697505387847 0.9995913961101563 0.028420762252573156 0.6059436962331352 0.9978724490641665 0.004892987258938533 -0.06501256858768503 4.102789211207783
-0.06464925298118154 0.028863331439833755 -0.9974905424048739 -35.34291661772299 -0.002691713281804247 0.9995729381082377 0.02909804256773954 0.6217548410565914 0.9979044186537035 0.004566125256684237 -0.06454395193630812 4.052636537369818
-0.06407064832301045 0.03132517976654326 -0.9974536004928063 -36.180981576155304 -0.0015398809775851304 0.9995029295297407 0.03148845229669046 0.6340768655034329 0.9979441771913128 0.0035534453787597255 -0.06399056364727626 3.9998950048193307
-0.13548402068557072 0.036324176020532194 -0.9901134452047914 -36.59230016519629 -0.005914053461899214 0.9992802623227738 0.03746973850693447 0.6241570884587119 0.9907618806305196 0.0109321346752427 -0.13517168461227594 4.735843551099556
-0.13525465076374077 0.041916034405170347 -0.9899238483370947 -37.43105092094582 -0.00494024104962582 0.9990638029647484 0.04297803653013809 0.6454522477464946 0.9907985534230217 0.010703441752953506 -0.13492095044688535 4.644909555683231
-0.13541452928141842 0.04509313076006073 -0.9897623526977313 -38.259874114720986 -0.005087614724060624 0.9989189596953897 0.04620636468604767 0.6661585785801765 0.9907759693472151 0.011292542642672463 -0.13503872424142602 4.527286236467621
-0.13517751883163917 0.044983667594499774 -0.9897997312852079 -39.08788323161992 -0.004919330124129887 0.9989260885128884 0.04607027110264151 0.6882367222469009 0.9908091837451114 0.011096816574522944 -0.13481106063027468 4.418876554597547
-0.1350584956393421 0.040702412738457504 -0.9900012708844906 -39.913084062793885 -0.00452530978767798 0.9991201507126856 0.04169467605325882 0.7100532514867539 0.9908272928855794 0.010111282664869973 -0.13475547349146014 4.30680311008935
-0.1516080335185255 0.03752556658682481 -0.9877281184744028 -40.70283832468227 -0.006181484400640322 0.9992235561365314 0.03891110525889904 0.6914976570959398 0.9884213643093985 0.012004862106757287 -0.15125835468676535 4.5605366713508335
-0.1515545971228743 0.03445201790644926 -0.9878482993623553 -41.52264006821871 -0.00988790297198245 0.999289545442391 0.036368031901059646 0.7139820680656698 0.9883994301221255 0.015279490558049688 -0.15110626625837326 4.431548953595329
-0.15209664328664302 0.03238551905566119 -0.9878348997967381 -42.34116262494653 -0.013187720279387284 0.999307555360991 0.034792151877585484 0.733837558091871 0.9882776407137677 0.018319059854035695 -0.1515642336149785 4.297825209105724
-0.15270307748500925 0.03077259702146912 -0.9877929020797639 -43.15758840379391 -0.010684186683772141 0.9994052854668164 0.032786026534150824 0.7464449616204104 0.9882143584675929 0.015560290920995179 -0.1522834825742446 4.169651065855958
-0.15515981611293395 0.02745450647605929 -0.9875078134060292 -43.97857926229068 -0.006912682867256185 0.9995591073875929 0.028875693136194747 0.758477540348154 0.9878651964106134 0.011306675580158864 -0.15490162299972066 4.078638863257593
-0.15585171106493126 0.026162103789693573 -0.9874339413264216 -44.79387781026282 -0.002693436120994143 0.9996342191225884 0.026910469357393968 0.7771759764272917 0.9877767913653357 0.006853632939574341 -0.15572423753396283 3.95399200305132
-0.15780711935952996 0.029627047715972063 -0.9870254055104574 -45.60968118547675 -0.002409208623160537 0.9995352825542668 0.03038773836553709 0.7903898483482527 0.9874670165596721 0.007173351573550693 -0.15766240589926594 3.8315854626332353
-0.1622766966426327 0.03504817543202023 -0.9861226592699518 -46.43314702102753 0.00046806305276752853 0.9993716240190497 0.03544203750500305 0.8173185498442539 0.9867451822247404 0.005289849186294977 -0.16219113062018056 3.7596019956855233
-0.16411878246759198 0.03892555611126586 -0.9856722712559098 -47.24114999490171 0.0025188715009858064 0.9992344058341952 0.03904174027300097 0.8321077682376152 0.98643736776732 0.003924701085642338 -0.16409118255918395 3.6275938349299466
-0.16567136900210885 0.03810596928274243 -0.9854445355259674 -48.0429163024631 0.002811218503815799 0.9992673872072284 0.0381678649463499 0.8460606565836571 0.9861770097419089 0.0035530225247945224 -0.16565712024373488 3.4940245276185564
-0.16674174939135689 0.03416863862436622 -0.9854083890166896 -48.8366476175357 -0.0001699884343260901 0.9993983666903965 0.03468249934044646 0.8568168661652744 0.986000588292849 0.005950528642511268 -0.16663562372743812 3.352055352523491
-0.16813905968076379 0.030292176990487987 -0.9852977421180085 -49.625550780851285 -0.004609381800137952 0.9994926451448252 0.031515169376368814 0.8697187723214581 0.9857525096133873 0.009840544424858318 -0.16791412530318317 3.2127473724730615
-0.1694295880464351 0.028488327929332723 -0.9851304633733575 -50.413062679810295 -0.008984850153800732 0.9994959374662231 0.030449030464528983 0.8807482798009436 0.9855013379808935 0.014010216283372304 -0.16908822158140965 3.0682666852526763
-0.17029371292158477 0.029380931324277867 -0.9849552336090707 -51.196932376091695 -0.010459766510460619 0.9994451798639947 0.031621602286632945 0.8931911815013839 0.9853378327375488 0.01568736182872738 -0.16989191285910837 2.9177801858952064
-0.1712844375314481 0.03078752988779822 -0.984740457919214 -51.98178321900123 -0.01027924946929154 0.999401371496756 0.03303385658307596 0.9068746275073455 0.9851679950596678 0.01578057837378259 -0.17086542908471913 2.7802666848141806
-0.1721773746915931 0.0301799472428894 -0.9846035356572345 -52.758653727687985 -0.012142068367461015 0.9993896063371538 0.03275644854114186 0.917766140762261 0.9849911277874907 0.017595042758827954 -0.1717058317304458 2.6365985277552366
-0.1726489865116744 0.02986050783822199 -0.9845306889722305 -53.532213770634925 -0.013274885242389355 0.9993790515748349 0.03263876062574302 0.931341959973784 0.9848939561588828 0.018704580856748466 -0.17214538558056125 2.4979482318324187
-0.1730757581207454 0.031598335638581825 -0.9844015070771683 -54.301498528471 -0.011696208244186213 0.9993488040419072 0.03413453636301475 0.9460032343216075 0.9848390633314867 0.01742162578179414 -0.1725934711728143 2.3547477987754712
-0.17331499830685868 0.03450072068888753 -0.9842619629112163 -55.067608673368 -0.01082972726035499 0.9992590470812913 0.03693337019086529 0.9589069166346494 0.9848068990260792 0.01706039560316641 -0.1728129466576604 2.2162912923127065
-0.17338041495542933 0.03870852038359991 -0.9840939397027071 -55.83085735631948 -0.010946529941053504 0.9990898413515505 0.04122696193491693 0.9707069280110777 0.984794092789013 0.017920361543392466 -0.17279888729393242 2.072866123616933
-0.1780271893790731 0.040282732220205064 -0.983200702464488 -56.59630882636698 -0.008667338788685162 0.9990587924458345 0.042501840842401294 0.996276098454782 0.9839873968095894 0.016088216854142218 -0.1775104847560958 2.0191037776261274
-0.08394390183416084 0.04673150877006861 -0.9953740942142956 -56.542099210704144 -0.005987184603905358 0.9988580448245601 0.04739999904826549 0.9641168612794374 0.9964524950871356 0.00993842931905284 -0.08356825149118864 1.2622233488483272
-0.08408631994094218 0.04480674902391372 -0.9954505743836292 -57.289504979882025 -0.00528770619646613 0.9989543886640747 0.04541111683238336 0.9798260505685846 0.9964444444935061 0.009082103869287239 -0.08376147340715784 1.1918910864942418
-0.0842310805451039 0.041178304516345444 -0.9955950342922382 -58.02289451681205 -0.004986467119713021 0.9991158207840102 0.04174579984570184 0.9998924982948063 0.9964337711137007 0.008480795732270764 -0.08395127091282867 1.1260430015655634
-0.08402604823115958 0.03836466229248831 -0.9957247490676515 -58.750078464565334 -0.005258941310110887 0.9992275788783918 0.03894340952104209 1.015542129306479 0.9964496809949582 0.008508718823072426 -0.08375938722936155 1.0643802662452575
-0.08271760798087947 0.03606908300363601 -0.9959200864432837 -59.45953154425481 -0.005790312723225695 0.9993105514171176 0.036672797888668444 1.0284287262724452 0.9965562049420449 0.008800174867165328 -0.08245172717304598 1.0006167869684246
-0.07853919603407912 0.035459977734544554 -0.996280173779136 -60.15072416418038 -0.008765474344040267 0.9993039977463256 0.03625860653327882 1.041149543499478 0.9968724899132521 0.011580590109176569 -0.07817370905156461 0.9026897962981086
-0.07440335205848791 0.03639818274893791 -0.9965637528502805 -60.83128994729827 -0.009215266422836106 0.9992659120995028 0.03718488645544806 1.0521093441769955 0.9971856497499446 0.011950280688056196 -0.07401331450664618 0.8495155015001059
-0.06858569468027223 0.03788899777742292 -0.9969254868507709 -61.49721259275225 -0.008388782210719628 0.9992213295228641 0.03855337805667154 1.0648642906461883 0.9976099592617588 0.011007201005794604 -0.06821444647413295 0.8069282699405439
-0.1251150615838838 0.05151483774990587 -0.990803937646829 -61.845614860007075 -0.0019457957133927912 0.9986364386222608 0.052167780620694874 0.9666545849755435 0.9921403304189912 0.00845487713973852 -0.12484422216766411 1.3487675953641252
-0.11644547353086449 0.05284133878313076 -0.9917904237336528 -62.47756640369847 -0.003312550411709649 0.99855748596082 0.05359080370153605 0.985695006975589 0.9931915619375473 0.009525762290393425 -0.11610245970195532 1.2759248865639925
-0.10485505069543724 0.05444774880420232 -0.9929959018011159 -63.094824963973565 -0.00590208349897468 0.9984484633372972 0.05536995096404427 1.0042567302261163 0.9944700014349506 0.011666563741908442 -0.10437100908023952 1.2162542735768487
-0.09400443539444256 0.05607143075397222 -0.9939915295309987 -63.69646703583937 -0.008850608881631495 0.9983262011743256 0.05715297692389998 1.015715842159126 0.9955324368641127 0.014170063586376217 -0.09335082457783368 1.2317611150137653
-0.07609084821664867 0.05717755482025818 -0.9954601499017663 -64.27951455762107 -0.011034751471076076 0.9982450635228498 0.05818098840886735 1.0394604900418205 0.9970398272274006 0.015411696111639716 -0.07532637350436999 1.200364940413054
-0.06668598098437976 0.05578143101017418 -0.9962135372974048 -64.78802480964029 -0.011814362756739649 0.9983219055050327 0.05669033269837329 1.0942000686617301 0.9977040647270137 0.015550078561128085 -0.06591505354575353 1.432146485495034
-0.04118585315250575 0.056390507270477924 -0.9975589387048156 -65.3282216075712 -0.011772320670377468 0.9983093926502702 0.05691896882659029 1.1073409782973263 0.9990821477566978 0.014087840005718387 -0.040452376912107256 1.4182077888017013
-0.013634005648898885 0.057772434057799825 -0.9982366752193603 -65.84121074924381 -0.010145950810580982 0.9982700791259316 0.05791294159387467 1.0922678432909556 0.9998555763569642 0.010917645576928647 -0.013024263623771029 1.4752796843209113
0.013781071653537157 0.05799547523680598 -0.9982217223223189 -66.33012702293006 -0.00903656873933139 0.9982829800614602 0.05787427878625799 1.1014075674215182 0.9998642020242056 0.008222929628009072 0.014281489377281896 1.5624831038772071
0.045304994153010154 0.05930296301285254 -0.9972114199520037 -66.80198889341273 -0.009390492885270456 0.9982175846044138 0.058936172508074806 1.0888577159420678 0.9989290646227935 0.006694203793290484 0.0457811258861833 1.6506866727797758
0.08581587096679039 0.05913584226674342 -0.9945544673116768 -67.25797483222496 -0.010214060433045562 0.9982367091708954 0.05847345921981471 1.1065078641387267 0.9962586558016362 0.005140488601687276 0.08626856969519538 1.7229674366595396
0.1272633130237635 0.05997989568928813 -0.9900537668588091 -67.69939766889192 -0.009943909042111086 0.998196908623606 0.05919501910835673 1.1250025530350019 0.9918191205210654 0.0023116503582088542 0.12763028026860945 1.8633117082424648
0.18097159485731426 0.05811859277126184 -0.9817695814339981 -68.09265787798239 -0.00953767237349942 0.9983091720099485 0.05733960138078242 1.1757578353626323 0.9834420748882455 -0.0010130424963778616 0.18121991911598725 1.6524598707606093
0.23028061470266425 0.053762995889588196 -0.9716379875062207 -68.51242280824877 -0.00306154976491582 0.9985077576125302 0.054524168041646885 1.1894283863531863 0.9731194507382954 -0.00958114088054901 0.2301015782958202 1.8168268571073953
0.28273962119760454 0.04906520785116205 -0.9579409752085755 -68.91974756498098 0.0008368710370916469 0.998677860866548 0.05139873404942209 1.1993242374271769 0.9591963335271377 -0.015334131652565563 0.2823247388284633 1.9771704259953362
0.3357429852623876 0.04455055973279784 -0.9408995140154945 -69.32095522913957 0.004739806008818424 0.9987883734097213 0.04898284782004905 1.2182109131274634 0.9419417084332238 -0.020905328723981646 0.33512502912322756 2.1699802741508694
0.4098186384325962 0.040463733437134136 -0.9112690984937329 -69.47795165528885 0.0007790636148772887 0.9989997193233325 0.04470966172749326 1.2918053379111967 0.9121666934574721 -0.0190327892919419 0.4093771809451922 1.7708366944311296
0.4578433401265504 0.03935203928568766 -0.8881615241079862 -69.84415984328055 0.0014285622080974076 0.9989860199316121 0.04499879099725129 1.30569664597873 0.8890317402161648 -0.021871190759865104 0.4573228792690842 2.0165329629733653
0.5015431742218727 0.035091879310739066 -0.8644206177538156 -70.17142338217776 0.008930841228201801 0.998913754458467 0.04573348039069623 1.3185895444624751 0.8650865184861025 -0.030657318214907178 0.5006849751824658 2.310385714465127
0.5469313986362014 0.02933966812564933 -0.8366631514893702 -70.49812094832332 0.018280655245450597 0.998728866220216 0.04697307124596962 1.3262430954231688 0.8369778150164116 -0.04098579818374567 0.5456998273021509 2.589892569844605
0.5909469177940192 0.02409271711306519 -0.8063505945504461 -70.81519562327271 0.01889674491752063 0.9988662476779727 0.04369361831262186 1.3379123054033193 0.8064890906771595 -0.041058010568423266 0.5898216564241213 2.8766319289187785
