0.9999902406963999 -0.0027235758627375513 -0.003478598349374379 0.0007722702818002303 0.0027156776859364167 0.9999937287758937 -0.002273214374115796 -0.003987236701257904 0.0034847678061047022 0.0022637454372108723 0.9999913658876926 0.9999917526375877
0.999971247046561 -0.0011628368263837837 -0.007493523247480867 -0.01572714042499024 0.0011338419531796312 0.9999918593812702 -0.0038724118601407825 -0.007640882859721758 0.007497965228683063 0.0038638040458277467 0.9999644251350771 1.9998489524994667
0.9999382641774753 -0.0013329935637959348 -0.011031362649126067 -0.04737337108012683 0.0012734383171487122 0.9999845875315166 -0.005403985036481605 -0.007482083038283952 0.011038396105869392 0.005389603657132707 0.9999245501455744 2.9993480723912294
0.9998770592292462 0.00015034225600160482 -0.015679407650817018 -0.07519501497634401 -0.0002440139487697769 0.9999821350271725 -0.005972443695004849 -0.01808556554306064 0.015678229627966434 0.005975535432348947 0.9998592331383602 3.9989047351620166
0.999809003575478 -0.000754627139579798 -0.01952912971153845 -0.11415368574451468 0.0006346780841320567 0.9999809023613334 -0.006147527660957096 -0.031047296245074442 0.019533395842490017 0.006133958794524115 0.9997903885296999 4.998061487283931
0.9997166880283888 0.0011948224100859718 -0.02377217021976419 -0.15161158260537638 -0.0013677618527098447 0.9999727108722692 -0.007259940652559883 -0.047221705562268804 0.023762847158187057 0.007290398492042545 0.9996910408645086 5.997228787713016
0.9995878384422004 0.003948213934061211 -0.028435274663348116 -0.1949685735817025 -0.004169023436878575 0.9999615849644478 -0.007710242471628525 -0.06548939783086202 0.02840374063449952 0.007825611932585977 0.9995658994362749 6.996121405842388
0.9994606252469235 0.00400838597422495 -0.03259434648693302 -0.2391454398468824 -0.004205677222613522 0.9999732359486716 -0.005986623876667699 -0.07882166734079447 0.03256947743099044 0.006120476143498528 0.9994507336090409 7.99505616590854
0.9993074146631442 0.0032875174187001074 -0.03706593083255965 -0.28018438450292144 -0.0034174955164647286 0.9999882302064026 -0.0034438601976369697 -0.08956147832692753 0.037054172823816976 0.0035681476829957618 0.999306888097173 8.994155991384458
0.9991756174533913 0.0026327187713915947 -0.040511162393895864 -0.32760523862290436 -0.0026659901113321623 0.999996151876535 -0.0007672866788665986 -0.0965958255614562 0.04050898645189879 0.0008746564994609827 0.9991787913044637 9.993006220564444
0.999065842878097 0.0038343233794611783 -0.043043461274617195 -0.3889067446382064 -0.003898781538640736 0.9999914004891509 -0.0014136655404122962 -0.10556847524077945 0.043037670671072684 0.0015801620068563909 0.999072200589748 10.991085183725666
0.9989882119016554 0.003490812992897478 -0.04483711304468924 -0.4514911805876275 -0.003569646839822445 0.9999922204667999 -0.0016782810605517678 -0.11229077059391505 0.04483090566754784 0.0018366356546357474 0.9989929012092635 11.989102217101934
0.9989129146817498 0.0004871109992497266 -0.046612783706681406 -0.4938136089570789 -0.0005911068040556073 0.9999973670842853 -0.0022172995384754143 -0.12179906773301286 0.046611580908156876 0.002242442278305958 0.9989105725628659 12.98816097618854
0.9988299374591442 0.00024897142643514117 -0.04836004599451197 -0.5517509881731728 -0.00031298479791781703 0.9999990849403407 -0.0013161151154759243 -0.13079314456740493 0.04835967406712714 0.0013297111377027306 0.9988291013944344 13.986440679700717
0.9987536372534813 -0.0008565578464222836 -0.04990429221617472 -0.5962029987925085 0.000770274138017252 0.9999981752530106 -0.0017481900357587893 -0.13796775251125593 0.049905698579359954 0.0017075711711541978 0.9987524745651463 14.98542643710755
0.9986606004660588 0.0015433316627405035 -0.05171675941269129 -0.6542061146817512 -0.0017605862231337922 0.9999898157725068 -0.004155561023310808 -0.14599764638100304 0.05170981930854455 0.00424104688094002 0.998653147047779 15.983710544526243
0.9985833813431156 0.0019750000142741116 -0.05317264221658736 -0.7069995145366168 -0.002342855773356761 0.9999737480248989 -0.006856696570575636 -0.15782638635312551 0.053157704353883097 0.006971559078090925 0.998561793697239 16.982245940794417
0.9984611547833696 0.005210854079105995 -0.05521022901987356 -0.769302752147172 -0.005694154917144017 0.9999468056960583 -0.008600138256369006 -0.16484867832592498 0.05516247808465637 0.008901279571800987 0.9984377137476056 17.980278502263754
0.9984009956954925 0.0058811718882764786 -0.056221558244772735 -0.8365932138352711 -0.0063553274313345905 0.9999457010003787 -0.00825862362027567 -0.1757158191562038 0.05616993508533153 0.00860272445690292 0.9983841602932356 18.977952747085475
0.9983157868508072 0.004882299122484814 -0.05780789634411964 -0.8904466185615382 -0.005285201156949931 0.9999627843977164 -0.006818831886500978 -0.19253615406782065 0.05777245341150465 0.00711287388081438 0.9983044378605016 19.97635992198001
0.9982207085894307 0.0061554972384212075 -0.05930874132000375 -0.9486432610350268 -0.006487130519806506 0.9999643740299267 -0.005400722966018091 -0.2106316932292644 0.05927338425325762 0.0057758570519420935 0.9982250775223402 20.974501045282924
0.9981605637256744 0.005352432855966858 -0.06038907587773408 -1.0123845438456782 -0.005683211763252816 0.9999697677955133 -0.005307032979067617 -0.2241999507616741 0.060358844645158546 0.005640474936497188 0.9981608061407709 21.972375261312056
0.9980554956012995 0.005340206871844113 -0.06210241453124468 -1.0784311118673044 -0.005732652479478327 0.9999647003098839 -0.0061428681992299 -0.23879719281416828 0.06206741814828591 0.006486934925639995 0.9980508781017516 22.970085024289933
0.9980130207910948 0.00374639586326048 -0.06289654083866554 -1.1471675818205123 -0.0041864707314863804 0.9999676619621092 -0.006866476013727629 -0.2525791577999714 0.06286878235061169 0.0071161469959827115 0.9979964311848437 23.967624675081023
0.9979720981743948 0.0035566894115374014 -0.06355345172235914 -1.211338240025047 -0.0038950859326399613 0.9999788861708816 -0.005201491903311351 -0.2657318411371683 0.0635336097744629 0.005438489944159227 0.9979648807729432 24.965476935334653
0.99795852387108 0.005542386737640242 -0.06362441812940987 -1.273022154420403 -0.005679218158283258 0.9999819327058456 -0.001969960149867716 -0.27825758069198847 0.06361235032732385 0.0023272754739975866 0.9979719698842765 25.963494069596567
0.9980034456972531 0.005665569601709169 -0.06290487816933608 -1.3454782143319814 -0.005566311642347185 0.9999829713633315 0.0017530425160163145 -0.28344261179507413 0.06291373896941033 -0.0013993943157236694 0.9980179873852172 26.960852197149567
0.9981191428882046 0.004113960682121975 -0.061165774152072576 -1.4178288698942072 -0.0038430216799419823 0.9999822798004534 0.0045465667767381245 -0.28806455079535587 0.061183394679307335 -0.004302953938145003 0.9981172660579135 27.95822074491636
0.9982255921228326 0.004361270399734522 -0.05938557528155492 -1.4847950528483158 -0.004055632372165704 0.9999779090959326 0.005266228839379633 -0.29269470924737434 0.05940723084846379 -0.005016038339892527 0.998221228126457 28.955965247138227
0.998322819753497 0.004543997126881073 -0.05771394675066381 -1.5541603204711323 -0.004415260995470736 0.999987472782668 0.0023579118039429793 -0.3003923623579726 0.05772393809997231 -0.002099135022859537 0.9983303764798448 29.95352687708377
0.9983598716892853 0.005029365863259339 -0.05702869522940465 -1.6140345793504198 -0.005172533412841571 0.9999838301666223 -0.0023631130707026664 -0.30799964889519726 0.05701588812469621 0.002654220093618833 0.9983697429394829 30.9517038163579
0.998445985186222 0.004367616774997517 -0.05555662507048467 -1.6776031917753904 -0.0046749082379987615 0.9999744794311135 -0.005402380904713601 -0.31836007301580577 0.05553161170434308 0.005653707648975421 0.9984409224843204 31.949627507285836
0.9984840150926662 0.0014932647088398894 -0.0550221933853835 -1.7303244121422108 -0.0017414135130292031 0.9999885275769123 -0.004462308095043876 -0.328524241041918 0.05501489874030345 0.0045513596943977256 0.9984751604529424 32.948185048122916
0.9984742920245622 -0.0005480313716684348 -0.05521582950265039 -1.7864710250641653 0.0005793179911449582 0.9999996806042448 0.0005506197173864883 -0.34045482973649427 0.05521551011006983 -0.0005817671559191252 0.9984742906005462 33.94653629826808
0.9984160128688431 -0.004381378558908343 -0.056091610504659724 -1.8418535457577854 0.004612935943283791 0.9999813626782549 0.003999389718854273 -0.35349174153308643 0.05607304226690461 -0.004251801743220766 0.9984176160870126 34.94491639379651
0.9982899943594263 -0.011925779019781837 -0.05722641834527772 -1.8883878306476503 0.012143811059047086 0.9999202620268268 0.0034637322592480915 -0.3682050375735675 0.057180547521159406 -0.004152756069518385 0.9983552171457866 35.943724723279175
0.9981870248032978 -0.014145258080833579 -0.058502779320031464 -1.951527022700727 0.01415002109019359 0.9998998280340001 -0.00033286742654177384 -0.3771555682296273 0.05850162747726562 -0.0004955516150597062 0.998287190146759 36.94168931696084
0.9981053263071569 -0.014118719140840546 -0.05988672112502885 -2.012219834462147 0.013895799560569915 0.9998948896260962 -0.004137203667802316 -0.3958267347590238 0.05993883842599365 0.003297191143757822 0.9981966059743479 37.9396711654676
0.9979920115585267 -0.012489645936063318 -0.06209632525164439 -2.0749495600820005 0.012214452101709301 0.9999138348526893 -0.0048093689860225705 -0.4135480942857074 0.06215104202844286 0.004041239238209472 0.9980585736118907 38.93754437120251
0.9979405248864588 -0.012611291285490293 -0.06289407063827683 -2.1389728529371843 0.01241765600926692 0.9999168815024511 -0.0034687037417865155 -0.42772448796538837 0.06293258781089132 0.002680563098545406 0.9980141802464048 39.93539207882115
0.9978930727989124 -0.009496727593670222 -0.06418120772435428 -2.2087482805057954 0.009468558762780185 0.9999548961162245 -0.0007430532596023219 -0.4407058022706143 0.06418536947701443 0.00013378416367354484 0.9979379842690131 40.932870336719056
0.9978058391002992 -0.009626384986793374 -0.06550450495526583 -2.274062580749163 0.009700039811783837 0.9999526282951379 0.0008064696499039067 -0.45944745112523505 0.06549363850785965 -0.0014400964316485854 0.9978519476541968 41.930559061959585
0.9977599128032288 -0.007577658702487892 -0.06646604765955867 -2.3355655997508933 0.007822622632754322 0.9999635336669681 0.0034260635453134606 -0.4760649715753721 0.06643766234628987 -0.00393832767296169 0.9977828053224337 42.9285276167394
0.9977715980157573 -0.008201568161887994 -0.06621610433096009 -2.411680840396894 0.00864895254956359 0.999941648904599 0.006472588797985167 -0.48079640266766344 0.0661591551705285 -0.0070308652126400036 0.997784311923919 43.92561541801539
0.9977579456711156 -0.00239042886858916 -0.06688323930537338 -2.484374049239465 0.0029732709335947172 0.9999584600619565 0.008616136632885182 -0.4813322622190204 0.06685986471801339 -0.00879568077782052 0.9977236062605458 44.92296962288732
0.9977481774052214 -0.002571213411212424 -0.06702211087509155 -2.5556503303060367 0.003122772106382693 0.9999621071852429 0.008126037658098982 -0.4931675527690113 0.06699867744165289 -0.008317034041246105 0.9977183992318828 45.920356016079445
0.9977549702953711 -0.0020945604301719064 -0.06693752361334879 -2.61849842554141 0.0025220655877506845 0.999976956919823 0.006302762453211841 -0.49962843687230757 0.06692277964978992 -0.006457433389117664 0.9977372615663783 46.91835820724086
0.997770579960598 -0.00022156776613830751 -0.06673695132995663 -2.7013431271912443 0.0005001284560727619 0.9999912331943616 0.004157331589841947 -0.5072346826414362 0.0667354451294018 -0.004181440199916788 0.9977619435121987 47.91489164883073
0.9976881775555936 -0.00013187929298283377 -0.06795795004008416 -2.762995930804112 0.0004217737001087518 0.9999908735533507 0.0042514605669899275 -0.5215216358481316 0.06795676914586488 -0.004270294821069885 0.997679127830888 48.91288704682489
0.9975938868828351 -0.0023907947504726527 -0.06928723514803169 -2.8279958339089437 0.0027808854984535964 0.9999808197836927 0.005534143165722011 -0.5329545718530113 0.06927267520344513 -0.005713507258709829 0.9975814013427514 49.910706820244776
0.9975421612014198 -0.001539265911328979 -0.07005188995348594 -2.8990343685560727 0.001996413671965667 0.9999771649979253 0.006456300423819009 -0.5445162709342283 0.07004035235527774 -0.0065802844289922485 0.9975224553356116 50.90811338397865
0.9975216314377475 0.0012179232932463672 -0.07034992165331093 -2.973695786235179 -0.0010258092648391002 0.9999956459858687 0.002766898020784581 -0.5554661947324433 0.07035298521830735 -0.0026878750263022466 0.9975185375714684 51.905262205156774
0.9974551753188244 0.0012025418927597978 -0.07128623375301722 -3.0488280906934344 -0.0013083766354372718 0.9999981101954397 -0.0014379694464940803 -0.5629749228110598 0.07128436981746752 0.0015275793090266353 0.9974548637012035 52.90240750830473
0.9974296412456739 0.00243260271675587 -0.07161140417942659 -3.1296950875557297 -0.0026333469186401275 0.9999928634659948 -0.0027089667931197653 -0.5779876430488872 0.07160430328222477 0.0028905814471432804 0.9974289289419925 53.899019341874734
0.9974295064744332 0.0009230687342736642 -0.07164863961221422 -3.20504649792182 -0.0008596639780016574 0.9999992111698062 0.0009157715927654415 -0.5919403868582431 0.07164942841372872 -0.0008518238532679045 0.9974295132008653 54.89607876117868
0.9974010581864343 -0.0009771475924695875 -0.07204286440143923 -3.2700772676620358 0.0012766594609553586 0.9999907328841137 0.004111482277002501 -0.6056251018452178 0.07203817924685735 -0.004192770978229501 0.9973930626399644 55.893868181446706
0.9973911718883469 -0.002784607798530422 -0.07213249058918639 -3.343564167454192 0.003136984163532342 0.9999836921059946 0.00477230053762678 -0.6169200714382097 0.07211802527488125 -0.0049861289064814015 0.9973836418094023 56.89110040065134
0.9973829715987397 -0.006181794022605165 -0.0720346679559945 -3.4228158018724018 0.006457194498190346 0.9999727046028937 0.0035909174853373726 -0.6268259849400925 0.07201050342888046 -0.004046661813896088 0.9973956646808174 57.88790582356361
0.9973298169420675 -0.008689287216644154 -0.07251022359619108 -3.4932748597784298 0.008878129938782047 0.9999579837131392 0.0022824585743279717 -0.6395673503712698 0.07248734404772349 -0.0029201191790895 0.9973650574673716 58.88533911884919
0.9972398223367112 -0.00996928760594867 -0.07357547179920494 -3.567627154448208 0.01025084206834717 0.9999415067790628 0.003450109752973854 -0.6511790099879055 0.07353677299647775 -0.004194797378615584 0.9972836841602412 59.88250355133962
0.9971018165807658 -0.012740268116107178 -0.0750043528048023 -3.6361210246551967 0.013340059223139331 0.99988288068591 0.007501181984829236 -0.6614136729217416 0.07490000127677342 -0.008480004691985453 0.9971549926311205 60.880102589552315
0.9970316971296463 -0.013671112431205302 -0.075768698046562 -3.7083087822964576 0.014662304912906316 0.9998138527550519 0.012540998913199975 -0.669852236194274 0.0755831445060251 -0.01361471718374148 0.9970465524450677 61.87745795144564
0.9970364090584033 -0.011262837266678323 -0.07610221750139523 -3.7917357992321024 0.012421384627095215 0.9998137990752078 0.01476740947986454 -0.6789009529878908 0.07592172426829542 -0.01566893983345888 0.9969906599906697 62.873930757495486
0.9969421309863812 -0.010422771300275042 -0.07744516319794378 -3.8767107754353534 0.011295160003599395 0.9998775024450713 0.01083510335436464 -0.6842750591839456 0.07732274455053341 -0.01167672653738366 0.9969377348824502 63.87029934995972
0.996860712560647 -0.008938851543862328 -0.07866903257417542 -3.9688191562669384 0.009202340902251025 0.999953194969244 0.0029874391576060304 -0.6853021179749131 0.07863864619255992 -0.0037019999835806016 0.9968963128235199 64.86604780773233
0.9968217925647077 -0.006925143332166947 -0.07936218405457868 -4.054318210301768 0.006798516999361983 0.9999751494665444 -0.0018656409011297654 -0.6972967162551761 0.07937313169261526 0.0013201663499446629 0.9968441017160714 65.86231385710751
0.9967694972107853 -0.0022817848369424375 -0.08028301743281029 -4.14993836133197 0.0022116695259454507 0.9999970912784693 -0.0009622642616455732 -0.7096187004054055 0.08028497959187011 0.0007815961611572581 0.9967716444398786 66.85765548450195
0.9967006665950432 0.00023428304516266837 -0.08116480961877652 -4.242545344398464 -0.0001324955921422769 0.9999991980933738 0.0012594671602212592 -0.7213029948384971 0.0811650396039793 -0.001244557778635556 0.9966998983756477 67.85328966617371
0.9966123197420611 0.002696616437484222 -0.08219861554879103 -4.328881154495745 -0.0024752875382811766 0.9999930321232928 0.0027943973350990038 -0.7356461954702685 0.08220557821675895 -0.002581465601682187 0.9966120503713577 68.84945250434728
0.9965245215040199 0.0031692461159285724 -0.08323961749216442 -4.421918741450932 -0.0029811106270443808 0.9999927138777578 0.002384359626192587 -0.7424509170350778 0.08324656762062013 -0.002127926327288091 0.9965267085778168 69.84509184814708
0.9963802071156876 0.00530228837432138 -0.0848432001170152 -4.511564176700428 -0.005047204477071531 0.9999820760891797 0.0032207495000283514 -0.7583607548611742 0.08485875673769305 -0.0027808700744263505 0.9963891098193356 70.84093850935605
0.9962786449904065 0.0060403769993441015 -0.08597892405576063 -4.606257323949231 -0.005733046854541278 0.999976265961779 0.0038209536639886186 -0.7735572004718188 0.08599996342931827 -0.0033138133388150226 0.9962896290393255 71.83632902345691
0.9961416313334737 0.006101117326476825 -0.08754785372386606 -4.695852661693981 -0.005737838870199158 0.9999738558940215 0.004400537869782714 -0.7920688122697925 0.08757241306134321 -0.003881223494250798 0.9961505953292434 72.83213522712096
0.9960491706154126 0.006250393174241247 -0.08858319423862045 -4.793378440086414 -0.00579748450455908 0.999968780095449 0.005369171988311904 -0.8004912984758357 0.08861398811569854 -0.004834399609886866 0.9960543106129544 73.82733258641733
0.9959071932829353 0.008814820032836122 -0.08995088279219883 -4.891370143726729 -0.008130760862433098 0.9999351954807861 0.007968410544200256 -0.8033398362483543 0.09001529367338147 -0.007204428262652543 0.9959143251898267 74.82251574118376
0.9957984399504703 0.010639227354261198 -0.09095204139278247 -4.990636385175071 -0.009585317420194346 0.9998818555910532 0.012016511546500833 -0.8112062699681556 0.09106914231595789 -0.011094219264887907 0.99578277230365 75.81754555587567
0.9956001137730356 0.013891222436331726 -0.092668481126776 -5.080842924527614 -0.01266469906772459 0.9998244209083444 0.013810602912933087 -0.8188865555091435 0.09284405663607803 -0.012576219404856724 0.9956012353612474 76.81343902053018
0.9954467317400493 0.016662080301533072 -0.09385190114259934 -5.1992530477311485 -0.01582467746664029 0.9998281189105664 0.009659824989945148 -0.8305454336230103 0.09399672255526671 -0.008130665150209146 0.9955393053180208 77.80633534590257
0.9953185081766786 0.01652735648804501 -0.09522559408304561 -5.295595370619729 -0.016365186048941563 0.999862996371298 0.002483781994163689 -0.8462353894174577 0.095253598181567 -0.0009137696252771131 0.9954526191931692 78.8015599344325
0.99521979859451 0.015489079333727878 -0.09642427550620944 -5.411076035946507 -0.015896770748468365 0.9998676473425594 -0.0034612826274802765 -0.8515033745059682 0.09635790141589091 0.004977571601708945 0.9953343049527023 79.79485569304806
0.9951946060240914 0.0161740845488219 -0.0965717097785997 -5.522095316081534 -0.016695088107887956 0.9998500947003401 -0.004589352981864301 -0.8607509822615949 0.09648300458435365 0.006179572536174992 0.9953154488450631 80.78863091963638
0.9951141571964085 0.018958135857318495 -0.09689377292735592 -5.641456007380447 -0.01915996119816431 0.9998157664227749 -0.0011528657014823855 -0.8735694983723539 0.09685406565636474 0.0030037139105231468 0.9952940609028971 81.78139912563094
0.9950220702768848 0.018996302222971106 -0.09782750208278031 -5.763645261120703 -0.018965948452629527 0.9998193609376747 0.001240279594864201 -0.9023241000978965 0.09783339134055952 0.0006212857915475329 0.9952026133118692 82.77348932254488
0.994984260956334 0.01606832654121665 -0.09873261533730011 -5.8669216369524655 -0.016347249702724952 0.9998643410670399 -0.0020166531016178055 -0.923868651640688 0.09868681713549798 0.0036205448126404027 0.9951119553994555 83.76790866168018
0.9951295102405324 0.007926022507123862 -0.09825698965292735 -5.968606353146644 -0.008694714717191902 0.9999348369582544 -0.007397551842158449 -0.9385855049771226 0.09819195376621026 0.008215838635668328 0.9951335790792564 84.76261647424857
0.9952577463443358 0.004058905318806307 -0.09718818667517012 -6.062717485269844 -0.005272315192959514 0.9999112913603967 -0.012231602613369653 -0.9559435211409741 0.0971299183264398 0.012686004004345424 0.9951908582117825 85.75802683874355
0.9955666203096375 0.006552789994341984 -0.09383051459166643 -6.1753735281352435 -0.0077806833820661375 0.9998887432525104 -0.012726432454722289 -0.9678290588097646 0.0937366816745448 0.013400076873160827 0.9955068419897682 86.75158979595645
0.9958867992850088 0.011492448475588639 -0.08987439367193113 -6.28182225787554 -0.012418501703337654 0.9998753371986029 -0.009751455143995011 -0.9902460289201684 0.08975112158243781 0.010827450762625807 0.9959053682377059 87.74565526021597
0.9963243285447908 0.010072359320678079 -0.08506691441146409 -6.366347771410359 -0.010671542524113443 0.9999213295837208 -0.006591875581436391 -1.0183464605966424 0.08499382642244238 0.00747544120706245 0.9963534349059248 88.74168026137171
0.9968195547532068 0.006377500508941416 -0.07943615517431264 -6.425329014784932 -0.006584794797218596 0.999975563640609 -0.002347892486090509 -1.0404906303901498 0.0794192403583512 0.0028634959238959725 0.9968371906444902 89.73969371225775
0.9974553033731705 0.002023817338868251 -0.07126585392820306 -6.478219398864242 -0.0019478939914524904 0.9999974589257351 0.0011348352620117173 -1.067504573906611 0.07126796953565573 -0.0009931291218860288 0.9974567109468038 90.73792858119438
0.9981238310951908 0.005739773214875708 -0.060957959310506814 -6.510145789660688 -0.0056787328761392745 0.9999831860727678 0.001174548712884511 -1.0962489325450477 0.060963676011056525 -0.0008261810935133124 0.9981396433525839 91.73700538843565
0.9988922158077033 0.010978029863307565 -0.04575832229330273 -6.561887314456272 -0.010961523384481654 0.9999397336313764 0.0006116455708507434 -1.1081705220694935 0.04576227926872638 -0.0001093870797034118 0.9989523521322735 92.73559473857745
0.9994854830470713 0.01636090253028568 -0.027587860492578997 -6.591965895477378 -0.016340981894661336 0.999866028407654 0.0009473895838901042 -1.1128767884069548 0.027599664651619615 -0.0004960894070665284 0.9996189335974095 93.73513119618191
0.9998744230889623 0.014820271327440446 -0.0056122731844211 -6.564210710360291 -0.014812606288616212 0.9998893003785151 0.0014048784656523591 -1.1249582387105062 0.005632472587946946 -0.0013215696522892928 0.9999832642130586 94.7346729352157
0.9997260951532229 0.011506733049173181 0.020379640924841312 -6.485537557994712 -0.01155549665643786 0.9999306413557298 0.0022766147989998066 -1.139837158138968 -0.020352031021828212 -0.0025114880957385604 0.9997897215218984 95.7314623576369
0.9987010716878879 0.01061778527021265 0.04983404504373707 -6.387668915163637 -0.010812228950118638 0.9999349432536179 0.0036338637172669145 -1.1521537646849809 -0.04979221941825635 -0.00416796069332563 0.998750901370841 96.72658548039489
0.9964774612124723 0.010329717287632257 0.08322239023426937 -6.281469920304255 -0.010790817372320674 0.9999288089384776 0.005092672708523751 -1.1688862508351407 -0.08316385967464873 -0.005972771185681839 0.9965179870169847 97.72078958235164
0.9926377594617944 0.010403015985400766 0.12067334315861832 -6.110264010721028 -0.011161722889630767 0.9999219518511971 0.005613033781164046 -1.1854749198219117 -0.12060553234742293 -0.006918631692819902 0.9926764015038833 98.70588518762513
0.9866631445748639 0.010562648728004205 0.1624323538876773 -5.900231949413255 -0.011608227956711938 0.9999175551564295 0.0054892562059750735 -1.1979183961786797 -0.1623609810925886 -0.00730159858103794 0.9867044129205154 99.68350049630322
0.978419691406553 0.010288030147003595 0.2063711799249142 -5.604754465143257 -0.011622926395942782 0.9999186321062997 0.005257066545308811 -1.2111010597348837 -0.20630030307758046 -0.007542254461475928 0.9784596564742679 100.63875924358445
0.9667584861532998 0.012344854273782251 0.2553930970553827 -5.291193888800175 -0.013660884529245574 0.9999009741312775 0.003379669392386647 -1.2432970337329103 -0.25532608500593873 -0.00675621967392238 0.96683139368313 101.58778146986006
0.951569121321817 0.013257659802055087 0.30714889191302486 -4.88507729661386 -0.014039908460134051 0.9999013787477832 0.0003372665327207175 -1.2616247923313089 -0.30711412913973424 -0.004633274744282805 0.9516614127135199 102.50141892821463
0.9314819062938323 0.01362950487188114 0.3635322473236132 -4.4626851462956685 -0.013943776645336308 0.9999012320319911 -0.0017599073192458995 -1.2822354636579805 -0.3635203286476216 -0.003429690635426 0.9315799524904324 103.40759775670988
0.9075498296741995 0.014047178160451939 0.41970940356878034 -3.942920581319189 -0.013757465739487641 0.9998984519275553 -0.0037172529247612557 -1.3002156206807394 -0.419718999801963 -0.0024005454814153074 0.907650923310629 104.26171806951935
0.8784210616755965 0.014430087158560886 0.47766956255272913 -3.3899044174557567 -0.013148061107047901 0.9998953947756151 -0.006027270994704339 -1.310501339639056 -0.4777065698667389 -0.000985946811245426 0.8785189019110777 105.09482509952541
0.8450181427522309 0.013225290926996053 0.5345740641851868 -2.766890082669731 -0.01032322311780583 0.9999112682312798 -0.008419425667751735 -1.324536182101428 -0.5346379798368546 0.0015960401032280788 0.8450796904268626 105.87690959531793
0.8081407583724127 0.012482201285477296 0.5888571213022155 -2.0982285408082757 -0.009045325439283745 0.9999205265729942 -0.00878194885458899 -1.3747677121012396 -0.5889199408620513 0.00177064650791695 0.8081894382296689 106.61877786633003
0.7686619540635004 0.010823575156387325 0.6395636407708908 -1.3704760234518214 -0.008255026891158314 0.999941418210393 -0.007001048379772213 -1.4243309225009368 -0.6396019503615594 0.00010182447491797683 0.7687062733746041 107.30282447072724
0.7256542743079378 0.010569714036605287 0.687978310213197 -0.62453392976434 -0.010049309763007505 0.9999381614160541 -0.004762847590457144 -1.452843425783471 -0.68798610854574 -0.0034575264376704162 0.7257156192056418 107.96822466959699
0.6808275031568164 0.009674046589202599 0.7323799039896212 0.18544339644225682 -0.008891684845337224 0.999948253109029 -0.004942574715036956 -1.4589573480855873 -0.7323898203046448 -0.003147050490929441 0.680878291023692 108.55465398820094
0.634296845577652 0.008306830433331224 0.7730449587562119 1.0275089583236694 -0.005835210699982768 0.9999652296482601 -0.005957332506307105 -1.487285336197474 -0.773067566262051 -0.0007321629980941977 0.6343232629590525 109.09328476015419
0.5875056069675996 0.005621316296330921 0.8092005700595684 1.901083387191198 -0.00018917850751704827 0.999976798948851 -0.006809241918347139 -1.515325058334286 -0.8092200726583151 0.0038473844501019355 0.5874930396521907 109.57916693173497
0.5409417884037921 0.0075164229219237605 0.841026447232765 2.7915994803397615 -0.001747416196310586 0.999967951344987 -0.00781299043565279 -1.5417980897332375 -0.8410582192067017 0.0027567497836236492 0.5409375862661868 110.03334779802067
0.49371171168805694 0.010157454096365766 0.8695663125192522 3.696875943956732 -0.005466057538237788 0.9999482772872321 -0.008577002115328853 -1.570551628493347 -0.8696084566959096 -0.0005185331020324145 0.4937416968075372 110.45719653364162
0.44795803130380396 0.012392382543784879 0.8939686969046005 4.619064432389485 -0.005853382179915325 0.9999231545488353 -0.010928079161608754 -1.5865872730169783 -0.8940354244142008 -0.00033741961269714317 0.4479961451179353 110.8436046622947
0.4057462567129081 0.009725439364894678 0.9139340189491926 5.571532358139464 0.0016664483202407949 0.9999338523295964 -0.011380418063044549 -1.6041929293696917 -0.9139842439087571 0.006140585839597094 0.40570321060115966 111.14773437679123
0.36643515944707455 0.00226842675366029 0.9304408246423098 6.543490170769228 0.017212496780104544 0.9998093763535495 -0.009216339301617915 -1.6046960193441275 -0.9302843672101538 0.019392400459740278 0.3663262629526009 111.382889111799
0.3311944451959836 -0.0015325416207610564 0.9435612808861468 7.51410537993668 0.021455605809794345 0.999752350254837 -0.005907210785572625 -1.6175529958018038 -0.9433185551289995 0.02220111429886126 0.33114530658493463 111.62318227659841
0.29821091000087274 0.00270321319881435 0.954496173797912 8.482541943370249 0.01903349583210383 0.9997803118030105 -0.008778050323692662 -1.6312211960699758 -0.9543102111959532 0.020785109320803477 0.2980939449865803 111.87206737763884
0.2666447924394831 0.01064162695149529 0.9637361207512827 9.44233681070596 0.008302236166480726 0.9998765811697382 -0.013337739799271296 -1.6629710552870478 -0.9637591128178998 0.011557603737033668 0.26652353415095886 112.1509683438709
0.23832783528431328 0.015051769110105164 0.9710681166506036 10.417632839548535 0.003319809619026853 0.999861425329478 -0.016312847764847753 -1.7078880870735649 -0.9711790884243703 0.007111566969505674 0.23824484007518842 112.36725543720625
0.2125500213491759 0.01680906320576869 0.9770056007099502 11.402224850481813 0.004525070584520961 0.999824379451515 -0.018186093329766242 -1.7463221372738713 -0.9771397096427278 0.008286473830184743 0.21243663100038124 112.53784672075714
0.18921952313215454 0.018329853516601984 0.9817637131895339 12.39342874368994 0.0121559112372175 0.9997054119629557 -0.021007691781124837 -1.763646362434986 -0.9818595652574948 0.015909297974384763 0.18894096525192658 112.66905153622213
0.16909812367566454 0.024636600975934887 0.985291257680552 13.387664358251433 0.018840572572620503 0.999424069030345 -0.028223448902727523 -1.7673675819267793 -0.9854191277799054 0.023335983698606195 0.16853656716070048 112.7762041644142
0.14952786737964638 0.031192435739934233 0.9882653736874054 14.381116012008256 0.021109666128040737 0.9991737389607909 -0.03473069776260648 -1.7735620045697693 -0.9885321435708915 0.026055159253494182 0.14874585642436516 112.8902893567342
0.13189752787607356 0.03185834384705583 0.9907512745727381 15.373143964085282 0.01840111209943729 0.9992324897730066 -0.03458078159243302 -1.8086725961580776 -0.9910925492675688 0.022792044870137702 0.13121006621808243 113.01131736140287
0.11621697325335137 0.02755939257404853 0.9928414249057004 16.36603722207932 0.016355107119154683 0.9994263330486546 -0.029656622869809073 -1.8532125657458483 -0.9930891831043951 0.019684630803512244 0.11569956659892415 113.12167658679415
0.10185536164056684 0.024161176147865688 0.9945057681442693 17.361473078170686 0.016882991068652216 0.9995190520940296 -0.026012095525534407 -1.9004168045059253 -0.9946559454995728 0.019439703398085102 0.10139846159656239 113.20461756384495
0.08869060293024943 0.02166189882449597 0.9958236485900442 18.358352352264166 0.0195374071627939 0.9995333186375305 -0.023482645821989084 -1.9365786810039143 -0.995867594950869 0.021538502101192417 0.08822599534158329 113.27478893276741
0.07709817784908081 0.020976427232443935 0.9968028192540968 19.356603269858287 0.023198594146220337 0.9994702393928162 -0.022826865700457572 -1.9615568393419767 -0.9967535784746369 0.02488433379919501 0.07657071064956855 113.32837238788495
0.06693331280096547 0.0216155445590893 0.9975232828715851 20.354984568227778 0.026183678630255836 0.9993829385896603 -0.023412753560483966 -1.9893714237387392 -0.9974138291656475 0.027685922222503195 0.06632603636441765 113.37798207823376
0.059014175079526845 0.02216733209732144 0.9980109901836616 21.353414681792415 0.02812246886315804 0.9993196980966923 -0.023859332366551772 -2.0200856091795876 -0.9978609391517074 0.029474571814089887 0.05835062751721293 113.42482155377681
0.0534031886867843 0.022493196282096336 0.9983196660184063 22.351712280666497 0.030125849772785082 0.9992549120729711 -0.024125792702182458 -2.0478296222936403 -0.998118496278651 0.03136362254358042 0.052685771963525745 113.47612616494253
0.047839256570973744 0.02349610873117597 0.9985786590976355 23.350485614066468 0.03164416821037554 0.9991858319399204 -0.025026383454344096 -2.078392117680044 -0.9983536708747124 0.032796434638892806 0.04705679255927813 113.51508450118827
0.041987256981406165 0.02425507642157004 0.9988236889055865 24.34939681745705 0.03219939904577522 0.9991531348116136 -0.025616633213939935 -2.1048006537526467 -0.9985991532903843 0.033237094697196365 0.04117070055052988 113.55354209598629
0.03747042224555433 0.024392996806452412 0.9989999745563275 25.348360781350742 0.03470203326439831 0.9990673010478999 -0.025696242219114672 -2.1323199158304997 -0.9986950166812992 0.03563017939426103 0.03658898703539628 113.58978680130596
0.03429733850691311 0.02437769399085986 0.999114318087291 26.34736256404147 0.03588170116432237 0.9990279117741951 -0.025607323515866698 -2.1616527890199886 -0.9987673383190401 0.036728184433483656 0.03338928533711978 113.62347671543313
0.0312749878122414 0.0239900017059708 0.9992228755165156 27.346487271066493 0.03675119234878162 0.9990082956372113 -0.025135136939720807 -2.1898351048365865 -0.9988349338095311 0.03750873319885898 0.030362311103239125 113.65438895386504
0.02889903980213589 0.023481520677590052 0.9993064913654792 28.345727532580014 0.0388346982999497 0.9989428917430224 -0.02459604122703557 -2.217712090220481 -0.9988276686728649 0.039518568075754816 0.027956592617405077 113.68162427624169
0.028180292016193927 0.023194734614479226 0.999333715746671 29.345070721084177 0.043258987034705515 0.9987658538596199 -0.02440141808987263 -2.2455527776873074 -0.9986663763152422 0.04391780334021122 0.02714213269360717 113.70482076421885
0.028912177727705827 0.022825483911481908 0.9993213113224648 30.343665166777544 0.04662718267494933 0.9986201849327466 -0.024158478443089704 -2.2816954268473078 -0.9984938616811033 0.047294011556380085 0.027807996261266253 113.74358712988676
0.03128143699096052 0.022777374874300208 0.9992510509844954 31.342705143931255 0.04821598010670569 0.9985420155556087 -0.024270608407987653 -2.3093440332172697 -0.9983469792422544 0.04893908830351999 0.030137595688608253 113.77756753532651
0.03516428354477073 0.02261268223383141 0.9991256876714647 32.34163239302265 0.05086666044528979 0.9984076684260483 -0.02438668659755692 -2.3417660577010384 -0.9980861966874056 0.05167972745918509 0.033958058716862465 113.8106303949783
0.0392888082606516 0.022157158405652567 0.998982206987115 33.34017540985014 0.05096950725545665 0.9984082006874018 -0.024148998535810828 -2.369975329668769 -0.9979271009826305 0.05186641622026217 0.03809692891655328 113.85663115486561
0.04306809256743833 0.02071093725762268 0.9988574455248938 34.338331653900745 0.05226103307568833 0.9983696159477117 -0.022954179886935894 -2.395638346785459 -0.9977043268546385 0.05318991474265428 0.04191550005910578 113.91163580414741
0.04675611852302753 0.019150203276985155 0.9987227518661591 35.336024526428204 0.05190257125471448 0.9984190878417017 -0.021574246927653428 -2.4244129367907803 -0.9975570101391764 0.05284500683883235 0.04568825641665464 113.97312518916614
