1.0 0.0 0.0 0.0 0.0 1.0 0.0 0.0 0.0 0.0 1.0 0.0
0.9990425030776077 -0.0006652824488863222 0.04374510765436044 0.030894683296904858 0.0007708702833070152 0.9999968303541293 -0.002396881453237892 -0.027529402385806964 -0.0437433743946977 0.00242830825015389 0.999039849313133 1.0014905940731296
0.9960330500105291 -0.004852009766185109 0.08885168140193934 0.13102256702939816 0.005524307559487414 0.9999579330303139 -0.0073221715174082765 -0.04479085219099325 -0.0888124164332391 0.00778396884442629 0.996017953912638 1.9961107717561095
0.9909815609203817 -0.004369487772658988 0.13392704541058317 0.2886688616364813 0.0059247706487137175 0.9999195395727463 -0.011216571373962102 -0.06990116462319379 -0.13386725891181891 0.011908902436061408 0.9909277143334949 2.984789062607883
0.9837877763040815 -0.0021582654670894673 0.17932359879514992 0.49809152005976187 0.004643661555509293 0.9998988797203086 -0.013441232883547566 -0.10672516763557355 -0.17927645579391677 0.014056038711011168 0.9836983176633609 3.9554676324626006
0.9743697297561723 -0.004650537363249186 0.22490442911849637 0.7296014907621476 0.007845350636754716 0.999880591985874 -0.013313611206747187 -0.13898401498961174 -0.22481565828089042 0.014736833859790757 0.9742898672979818 4.926283814694733
0.9628654962122474 -0.005494806721730846 0.2699256255027182 0.9960835304064138 0.009772574670736939 0.9998470156577219 -0.014506621407208185 -0.1686861778636867 -0.26980462002761874 0.016605793550385408 0.9627718912765965 5.881771081487163
0.9495211170595234 -0.008052940958136467 0.31359974234676924 1.3156972899359758 0.01412975131349151 0.9997537770202 -0.01710951377635084 -0.19840522624374468 -0.31338474497948077 0.020676931004600815 0.9494011091937785 6.819579510689997
0.9343861331859535 -0.010056716517963759 0.35611994687559845 1.654570119158242 0.017914381748662053 0.99966325850595 -0.018773505794851035 -0.22930876482172124 -0.35581122668679943 0.02392137216263767 0.9342516464622859 7.746801567437327
0.9172007277975122 -0.009861587043379524 0.3983033693413854 2.0507073425252234 0.01916315600686388 0.9996285538887154 -0.019378537153563722 -0.263052169231561 -0.3979643179728188 0.02540675798564827 0.9170490162848921 8.650560555081402
0.8977350421586501 -0.010312372587589038 0.4404150872211596 2.4839568219979347 0.02045774672222239 0.9996233260679187 -0.018294441231169543 -0.2835525584730432 -0.44006053524425054 0.025433461276948906 0.8976078566768554 9.53477214779947
0.8758937405677271 -0.010093897463189035 0.48239845404839143 2.9549787007814414 0.021167850879542018 0.9996224479583233 -0.017518094272791444 -0.30717334068496266 -0.48203949767982385 0.02555532766003133 0.8757767112139784 10.395739148801045
0.8520664236942381 -0.010148345725225473 0.523335285158523 3.4732698125198067 0.022013657753714395 0.9996222098229427 -0.016457110955418238 -0.33219965219672143 -0.5229705617768687 0.025543075534044744 0.8519679235787277 11.226757651820916
0.8264056767417155 -0.010399945653844202 0.5629791280140538 4.006434104030081 0.0236327621649073 0.9995890295733161 -0.01622542785670883 -0.3714991119554268 -0.5625790166736797 0.02671353752451039 0.8263118278902963 12.043481517770786
0.7992175301888275 -0.011954580518908247 0.6009229796267467 4.5958208778483005 0.026985713438769682 0.9995076581018159 -0.016006644433614284 -0.395484029762132 -0.6004357673465758 0.029009126157822984 0.7991466447971164 12.81928789310171
0.7707096408354872 -0.011038576489476372 0.6370908878270982 5.220144477807987 0.02771374735848138 0.9994844814851597 -0.016208623559445013 -0.43502598143038623 -0.6365835355478374 0.030148318351568303 0.7706182460660973 13.556494146572154
0.7400782896939997 -0.0142517152275207 0.6723697001922959 5.870019319560066 0.03266956785251826 0.9993569656953596 -0.014776821461114056 -0.4659203313933323 -0.67172674835824 0.03290203229646447 0.7400679913432472 14.27385621795731
0.7083333197374468 -0.01357516852875605 0.7057475631903689 6.561684997411055 0.0332129618137823 0.9993486629644708 -0.0141120161097223 -0.5001858717349392 -0.7050963106677586 0.03343597808559958 0.7083228275667638 14.946023782385794
0.6738866123774597 -0.011891281744138176 0.7387390818664684 7.295761048638648 0.033867705720836756 0.9993166054848196 -0.014808798449048428 -0.5375200633528907 -0.7380581360351217 0.034998848849344524 0.6738288123934616 15.564573698467102
0.6391640212291602 -0.013273927740297165 0.7689558874269153 8.059540881542452 0.03845279578744095 0.9991520702513348 -0.014714720812896223 -0.5792261717626986 -0.7681085447137658 0.038973623834812794 0.6391324746739784 16.13806122807788
0.602557270396651 -0.011480798269578459 0.7979930621021903 8.812269849343494 0.038383581635159474 0.9991562955358025 -0.014608139923665175 -0.6141524333375245 -0.7971520786857389 0.03943207276146636 0.6024895642952998 16.721059526294777
0.564515441436833 -0.010183017831231218 0.8253596928171535 9.581107821146205 0.04153890175142826 0.9990073932312806 -0.016085642993889197 -0.6320742682416682 -0.8243766348100018 0.043365129045011434 0.5643780909658406 17.28216693746485
0.5261226093709788 -0.008419259557814399 0.8503670477959326 10.401691260781897 0.04621061322444478 0.9987566321932753 -0.01870210884814371 -0.6544945945861453 -0.849152270876133 0.04913558505243625 0.525857504603159 17.765889314205086
0.48738103704602304 -0.007430272930294787 0.8731577840070622 11.232346313049726 0.047983369851187875 0.9986807567948581 -0.01828502735501755 -0.6803890370302215 -0.8718700137897091 0.05080882848315787 0.4870945924586946 18.231317439307706
0.4488097816993185 -0.008963731986269392 0.8935823584650089 12.077396033738662 0.053101112791970176 0.9984502434273467 -0.01665482573090613 -0.7075330113905761 -0.8920482339376413 0.05492506630629336 0.4485902199334986 18.68722864641613
0.412098356454281 -0.009376502560609882 0.9110911182792917 12.966376774218812 0.056974230446353503 0.9982553738897805 -0.015496630769965984 -0.7266327570753515 -0.9093563007274575 0.05829485140135215 0.4119136179193012 19.05869110481456
0.3770581356128039 -0.006966789103258743 0.926163390670235 13.866648231719235 0.05843152055628807 0.9981586610861828 -0.0162801936143093 -0.7577791896454728 -0.9243445893029701 0.06025571465205627 0.3767709238756269 19.405075459226552
0.3437687930349129 -0.00748821637525298 0.9390244637658999 14.785584946782464 0.05910291815452498 0.9981581922097246 -0.013677294697219239 -0.7716161901053866 -0.9371925426511559 0.060200913117098596 0.34357821243339737 19.736760025795785
