0.9984247054167533 -0.002063805313314831 0.056070030507375815 0.0436474553031179 0.0023185233230086227 0.9999872850795875 -0.0044781836448117 -0.04521436069129512 -0.056060075482200225 0.004601128859826403 0.998416795506839 0.9212656492594291
0.9951198191194096 -0.004286977637303614 0.09858076596624185 0.1494961074498074 0.005532009350086157 0.9999083132823882 -0.012359688560811925 -0.05836174702944413 -0.09851874171092652 0.012844720764071307 0.9950522954499369 1.9634547929949533
0.9876534521854465 -0.004636489312065877 0.15658595515891338 0.3118350826921662 0.007923316550832369 0.9997610545185184 -0.02037289677133132 -0.084530347408026 -0.15645408093432858 0.021362041917361616 0.987454193228281 2.9898880170128472
0.9789929478304831 -0.01158299718062961 0.20356483555490357 0.568771035623068 0.010362164386715226 0.9999213728693858 0.00706212632463853 -0.15829909806551057 -0.20363063042529747 -0.004804399579134571 0.97903599734498 3.936034565518672
0.9742707032118466 0.0013758797094554562 0.22537680408178556 0.9212206126928965 0.0022178776106313493 0.99987441964675 -0.015691588669700864 -0.10667862252193314 -0.22537009092157426 0.015787713295469137 0.9741453024199734 5.097525142099901
