1.0 0.0 0.0 0.0 0.0 1.0 0.0 0.0 0.0 0.0 1.0 0.0
0.9999902406963999 -0.002723575862389813 -0.003478598349646854 0.0006644943427178784 0.002715677686284978 0.9999937287763473 -0.0022732141741169842 -0.0034307894893323785 0.0034847678058332805 0.0022637452372120145 0.9999913658881463 0.8604358666862
0.9999712470465582 -0.0011628368246544623 -0.007493523248165048 -0.013513900776719259 0.0011338419544445677 0.9999918593828168 -0.0038724114604585494 -0.006570467225743503 0.007497965228907387 0.0038638036461467 0.9999644251366198 1.7196405227103106
0.999938264175531 -0.0013329933624173374 -0.0110313628497029 -0.04074350799749793 0.0012734381190881961 0.9999845875339272 -0.005403984637126811 -0.006433829270726946 0.011038396304849157 0.00538960325972147 0.9999245501455197 2.5796471556031007
0.9998770592260745 0.0001503424569677535 -0.01567940785116162 -0.06465427529688167 -0.00024401414468773735 0.9999821350295118 -0.005972443295352018 -0.015546784098214805 0.01567822982720399 0.005975535035847001 0.9998592331376057 3.4386965642825693
0.9998090035717212 -0.0007546269391521821 -0.01952912991161713 -0.09817569296538739 0.0006346778902500067 0.9999809023639135 -0.006147527261327617 -0.02669951474110104 0.019533396041081588 0.00613395839860718 0.9997903885282488 4.298406358261432
0.9997166880233962 0.0011948226095804021 -0.023772170419706584 -0.13036693804984203 -0.0013677620442191717 0.9999727108749075 -0.0072599402531251574 -0.04059977052204256 0.023762847357215667 0.007290398097510741 0.9996910408626546 5.157088831158169
0.9995878384349444 0.003948214332507758 -0.028435274863108467 -0.16767728959688252 -0.0041690238256816845 0.9999615849659088 -0.007710242071963896 -0.056319818723691656 0.028403740832799604 0.007825611544918553 0.9995658994336749 6.016674194492359
0.9994606252380505 0.004008386580771393 -0.032594346684428885 -0.20564491681422586 -0.004205677811113974 0.9999732359497917 -0.005986623276216567 -0.06777818300672499 0.032569477627293224 0.0061204755633304225 0.9994507336061964 6.875204595870117
0.999307414653249 0.0032875182344522646 -0.0370659310269979 -0.24095098939922716 -0.003417496303726629 0.9999882302064748 -0.003443859395563316 -0.07701771226496967 0.03705417301808313 0.0035681469112885237 0.9993068880927248 7.7347367168293015
0.9991756174429396 0.002632719789452286 -0.04051116258553384 -0.28176128042391585 -0.0026659910978249156 0.9999961518745218 -0.0007672858754607798 -0.08307145678516177 0.04050898664478849 0.0008746557371842366 0.9991787912973104 8.594345205568843
0.9990658428651316 0.003834324607520221 -0.04304346146616832 -0.3344274821346207 -0.003898782724881614 0.9999914004859458 -0.0014136645361991105 -0.09078016374898051 0.043037670864598615 0.0015801610553695905 0.9990722005829158 9.45182867796424
0.998988211888759 0.003490814231804149 -0.044837113235580484 -0.38827715556178954 -0.003569648026280039 0.9999922204645858 -0.0016782798562239125 -0.09656424350107652 0.04483090586046318 0.0018366345053834087 0.9989929012027183 10.310554826026802
0.9989129146627831 0.0004871124355544428 -0.046612784098140465 -0.4246895573629603 -0.0005911081865723864 0.99999736708614 -0.0022172983335016225 -0.10474477278656691 0.046611581297103605 0.002242441139274276 0.9989105725472729 11.170102129991053
0.9988299374302312 0.00024897286548630456 -0.04836004658428188 -0.4744920970334023 -0.00031298618109183853 0.9999990849414941 -0.0013161139103528385 -0.11247601358544906 0.04835967465535837 0.001329710001026523 0.9988291013674668 12.028215930157668
0.9987536372152481 -0.0008565563954772283 -0.049904293006265484 -0.5125372856169419 0.0007702727541042185 0.9999981752565326 -0.0017481886310093087 -0.11861655204571366 0.04990569936588525 0.0017075698365432383 0.9987524745281262 12.883218909509516
0.9986606004120749 0.0015433333085902211 -0.05171676040602287 -0.5626326693504407 -0.0017605878026472476 0.9999898157755648 -0.004155559618297416 -0.1255517054306981 0.051709820297353146 0.00424104556102023 0.9986531470021837 13.74540406157869
0.9985833812757098 0.0019750018543024397 -0.05317264341414027 -0.6086011699593232 -0.002342857549505408 0.9999737480303742 -0.00685669516520103 -0.1358512755890248 0.053157705541854845 0.006971557771493114 0.9985617936431198 14.614853174899643
0.9984611547063638 0.005210856114000846 -0.055210230220451774 -0.663528626830503 -0.00569415688806956 0.9999468056969333 -0.008600136849706019 -0.1420422299491955 0.05516247927504859 0.008901278282291786 0.9984377136933337 15.494733455053474
0.9984009956159628 0.0058811739210080935 -0.05622155944445746 -0.7235464871901702 -0.006355329398449814 0.9999457009994905 -0.00825862221406438 -0.15173487242871744 0.056169936276383815 0.008602723170501897 0.9983841602373101 16.38458131662266
0.9983157867706147 0.004882301354101204 -0.05780789754054171 -0.7721072505070876 -0.005285203319360328 0.999962784395882 -0.0068188304794615 -0.16690212467441398 0.05777245459942879 0.00711287260692544 0.9983044378008318 17.284866349962382
0.9982207085047908 0.006155499468870019 -0.059308742513087154 -0.824843015707779 -0.006487132677479315 0.999964374023532 -0.005400721558318646 -0.1832996679924807 0.0592733854425384 0.0057758557819986844 0.9982250774590699 18.189346981076447
0.998160563640491 0.005352435283321855 -0.06038907707058193 -0.8830417033041621 -0.0056832141166468855 0.9999697677896081 -0.005307031571537719 -0.19568810137513037 0.060358845832265466 0.005640473680002639 0.9981608060760863 19.100451481176155
0.9980554955150309 0.005340209096085164 -0.06210241572642429 -0.9434809273120717 -0.005732654627776679 0.999964700306259 -0.006142866784493426 -0.20904603720689893 0.062067419337090084 0.006486933653390469 0.9980508780360903 20.01345582881472
0.9980130206947135 0.0037463980716921936 -0.06289654223646259 -1.006615877866273 -0.004186472877320632 0.9999676619615089 -0.006866474792850586 -0.22170487044884465 0.0628687837377356 0.0071161459176869914 0.9979964311051501 20.9297032971217
0.997972098065003 0.003556691619977491 -0.06355345331654134 -1.0662109328780225 -0.003895088076142588 0.9999788861689121 -0.005201490676802935 -0.23391971680887488 0.06353361136136146 0.0054384888620053915 0.9979648806778133 21.856405031391375
0.9979585237576057 0.005542388966916505 -0.06362441971508216 -1.1239561526205195 -0.005679220305043217 0.999981932696458 -0.001969958726283932 -0.24564565169809224 0.0636123519158687 0.0023272741986880814 0.9979719697859939 22.79069590989398
0.9980034455851423 0.005665571852572976 -0.06290487974528355 -1.1918716221929673 -0.005566313793400036 0.9999829713485194 0.0017530441350435116 -0.2505057529683206 0.06291374055751782 -0.001399395787238038 0.9980179872830414 23.725552778386728
0.9981191427696754 0.004113963152707574 -0.061165775920101764 -1.260171237850757 -0.003843024036365084 0.999982279783154 0.004546568589788457 -0.2548689009028985 0.06118339646493863 -0.004302955596319459 0.9981172659413078 24.66707690991046
0.99822559199505 0.004361272886307992 -0.059385577246877666 -1.323580243095523 -0.004055634733788934 0.9999779090757867 0.005266230846032884 -0.25925310914228966 0.05940723283439325 -0.005016040194095368 0.9982212279989503 25.611822199302296
0.9983228196156717 0.004543999821261804 -0.057713948922604716 -1.389437594103593 -0.004415263562534222 0.9999874727661446 0.0023579140044696686 -0.2665614782517614 0.05772394028728479 -0.0020991370616256434 0.9983303763490858 26.55893547714124
0.9983598715520167 0.005029368333350836 -0.057028697414635406 -1.446515982847622 -0.005172535778439156 0.999983830159117 -0.00236311106872745 -0.27381353361191674 0.05701589031369527 0.0026542182408127242 0.9983697428193964 27.510501842603734
0.998445985042308 0.004367619235720063 -0.05555662746341568 -1.5075440776950246 -0.004674910604678295 0.9999744794308684 -0.0054023789021219945 -0.2837599000567436 0.05553161409265231 0.0056537057913897204 0.9984409223620043 28.46854353663207
0.9984840149572192 0.0014932671699432018 -0.055022195776545546 -1.5586767877233991 -0.001741415878318075 0.9999885275817378 -0.0044623060906699335 -0.2936178141043172 0.05501490112371457 0.004551357826765214 0.9984751603301314 29.43701414942312
0.9984742918834864 -0.0005480286953141505 -0.05521583208031499 -1.6135337333792295 0.0005793154229296409 0.9999996806046304 0.0005506217196225632 -0.30527436094599764 0.0552155126881314 -0.0005817690147099791 0.9984742904568956 30.412433619619176
0.9984160127242215 -0.0043813760750178515 -0.05609161327291464 -1.6678545622157794 0.004612933580001853 0.9999813626811316 0.003999391725473934 -0.3180613490570407 0.05607304503641174 -0.004251803626293187 0.9984176159234516 31.39167459298607
0.9982899942302894 -0.01192577655043937 -0.05722642111262634 -1.7134869295855664 0.012143808700979182 0.9999202620491889 0.0034637340711670813 -0.3324894711334787 0.057180550276511796 -0.004152757776554194 0.9983552169808727 32.37112421489439
0.9981870246609003 -0.014145255836120854 -0.05850278229240116 -1.7753993559818508 0.014150018937720069 0.9998998280649986 -0.00033286581204313706 -0.34126609349203196 0.05850163042756654 -0.0004955531428122674 0.9982871899731057 33.349698797751955
0.998105326147929 -0.014118716910517085 -0.059886724304632384 -1.8352321977386519 0.013895797412818246 0.9998948896626347 -0.004137202050870618 -0.3596727000816404 0.05993884157539501 0.0032971896136694758 0.9981966057902881 34.33353999702376
0.9979920113860061 -0.01248964391025577 -0.06209632843180585 -1.8987995210488275 0.012214450160216836 0.9999138348842159 -0.0048093673622149205 -0.3776306796927729 0.06215104518026455 0.004041237698548189 0.9980585734218534 35.34473727036407
0.9979405246992796 -0.012611289270362093 -0.06289407401232402 -1.966692921069335 0.01241765407095459 0.9999168815314676 -0.0034687023163177374 -0.3926640098293417 0.06293259116151635 0.002680561755373537 0.9980141800387277 36.402903276262194
0.9978930725996205 -0.009496725772204043 -0.06418121109248573 -2.0395826961453203 0.009468557029100048 0.9999548961337036 -0.0007430518291797038 -0.40622472643894464 0.06418537283117827 0.00013378281549486417 0.997937984053459 37.44490283232653
0.9978058388839112 -0.00962638315637064 -0.06550450852043105 -2.107936813037489 0.009700038076662764 0.9999526283108131 0.0008064710833456377 -0.4258386372985446 0.0654936420615604 -0.0014400977826947046 0.9978519474189993 38.489025332219754
0.997759912576604 -0.007577656860142228 -0.0664660512716057 -2.171596295424511 0.007822620895896805 0.9999635336756529 0.0034260649760865644 -0.44303881325759964 0.06643766595425278 -0.003938329012567036 0.9977828050769069 39.52198535797942
0.9977715977800654 -0.008201566092411357 -0.06621610813880185 -2.2505946011270903 0.008648950610210267 0.9999416489108557 0.006472590422781673 -0.447949459982971 0.06615915897863166 -0.007030866736807784 0.9977843116606766 40.55684046531526
0.9977579454081801 -0.0023904265766249884 -0.06688324330975084 -2.325161653210254 0.002973268793991353 0.9999584600526267 0.008616138453981867 -0.44849913297041677 0.06685986873699544 -0.008795682461371308 0.9977236059763803 41.57990386530897
0.997748177129136 -0.002571210905687957 -0.0670221150812703 -2.3982099842282674 0.003122769765897445 0.9999621071761594 0.008126039675286217 -0.4606286687822464 0.06699868166223709 -0.008317035907918288 0.9977183989329 42.60208696149584
0.9977549700051032 -0.0020945577171088362 -0.06693752802492456 -2.4618449137796015 0.0025220630456847352 0.9999769569122873 0.006302764666022883 -0.4671704404166338 0.06692278407322483 -0.006457435436098176 0.9977372612564281 43.61258373201221
0.9977705796523711 -0.00022156484773809548 -0.06673695594789911 -2.545345240132807 0.0005001257116603714 0.9999912331857213 0.004157333998252726 -0.4748368807780701 0.06673544975832657 -0.0041814424208327676 0.9977619431932829 44.61700361559239
0.9976881772414536 -0.00013187637135934774 -0.06795795465764654 -2.607223447345751 0.0004217709555925276 0.9999908735442692 0.0042514629752824174 -0.4891760665460028 0.06795677377487176 -0.004270297037895253 0.9976791275060936 45.61864766650743
0.9975938865560681 -0.0023907916059260157 -0.06928723996132397 -2.6723336020795294 0.0027808825551321388 0.9999808197774431 0.005534145773929657 -0.5006283941378952 0.06927268002737899 -0.005713509668284159 0.9975814009939719 46.61815988776678
0.9975421608547614 -0.0015392625462224809 -0.07005189496387092 -2.743203644640833 0.0019964105288212 0.9999771649860814 0.006456303230138773 -0.5121626697984943 0.0700403573821253 -0.006580287015996089 0.9975224549655872 47.61320072756254
0.997521631079384 0.001217926655644536 -0.07034992667649945 -2.817046510442375 -0.0010258124101710318 0.9999956459743312 0.0027669010243653934 -0.5229925429020781 0.07035299025362408 -0.0026878777950209423 0.9975185372088747 48.59941725804323
0.9974551749405731 0.0012025452301607032 -0.071286238989317 -2.890716801766498 -0.001308379774244314 0.9999981101956615 -0.0014379664360960457 -0.530355151409985 0.07128437505259451 0.0015275765363502894 0.9974548633313126 49.57715889612879
0.9974296408469794 0.002432606064424635 -0.07161140961888021 -2.9703293142870586 -0.002633350060403511 0.9999928634664121 -0.002708963584929249 -0.5451349790512565 0.07160430872040528 0.002890578485428849 0.9974289285601724 50.55831032342572
0.9974295060669834 0.0009230723055614696 -0.07164864523837322 -3.0444422937883378 -0.0008596673234374502 0.9999992111639949 0.0009157747978661515 -0.5588584027570627 0.07164943404569629 -0.0008518268052243711 0.9974295127937745 51.53898263086923
0.9974010577700018 -0.0009771439988436434 -0.07204287021551338 -3.1081169127800456 0.0012766561138226125 0.9999907328752187 0.004111485479697715 -0.5722577357457709 0.07203818507188275 -0.004192773937174604 0.9973930622068021 52.51596411918894
0.9973911714630983 -0.002784604417570092 -0.07213249659971795 -3.1795901053094466 0.0031369810212753964 0.9999836921015052 0.004772303543763805 -0.5832431914883183 0.07211803129275535 -0.004986131694942742 0.9973836413603236 53.4858698775075
0.99738297117206 -0.006181790452172316 -0.07203467417016277 -3.256101811332643 0.006457191160443999 0.9999727046136692 0.003590920486497123 -0.5928066262420426 0.07201050963792421 -0.004046664605362296 0.9973956642212052 54.448213188422514
0.9973298165209744 -0.008689283657440162 -0.07251022981457424 -3.3241546951298657 0.008878126606409076 0.9999579837358801 0.0022824615732162223 -0.6051128679446711 0.07248735024956016 -0.0029201219825856625 0.9973650570084183 55.41158413123459
0.9972398219139179 -0.009969284042962618 -0.07357547801251775 -3.395607958409039 0.01025083874300865 0.9999415068028064 0.003450112751394705 -0.6162717768761664 0.07353677919357497 -0.004194800186330007 0.9972836836914726 56.36986860660581
0.997101816160402 -0.012740264508625776 -0.07500435900586354 -3.461658967747533 0.013340055898749944 0.9998828807062649 0.007501185183600437 -0.6261414158439276 0.07490000746494255 -0.008480007711711753 0.9971549921406209 57.33188783980548
0.9970316967124542 -0.013671108589560546 -0.0757687042295146 -3.531250368026192 0.014662301387536627 0.9998138527666538 0.012541002109878288 -0.634276470763859 0.07558315069318206 -0.013614720189242813 0.9970465519349943 58.29337155453839
0.9970364086153698 -0.011262833394109346 -0.07610222387883604 -3.6108679261644143 0.012421381102424972 0.9998137990689208 0.014767412870207624 -0.6429120027842163 0.07592173066307344 -0.015668943018193424 0.9969906594536466 59.244343213727646
0.99694213051459 -0.010422767434894375 -0.07744516979147724 -3.69105331831166 0.011295156483190974 0.9998775024458726 0.010835106950258844 -0.6479831987083413 0.07732275114772408 -0.011676729919006673 0.9969377343311601 60.18455181017278
0.9968607120705141 -0.008938847950283248 -0.07866903919326602 -3.7764683218891855 0.009202337590674074 0.9999531949895503 0.00298744256127996 -0.6489356162593165 0.07863865279324907 -0.0037020031754978547 0.9968963122909786 61.10794069419342
0.9968217920597863 -0.006925139974974421 -0.07936219068955669 -3.8549185695878987 0.006798513894212252 0.9999751494940157 -0.001865637491652734 -0.659941336102687 0.0793731382997343 0.001320163151684984 0.9968441011942164 62.02207145491888
0.9967694966844096 -0.0022817814955388965 -0.08028302406310785 -3.942297482296244 0.0022116664275446934 0.999997091288416 -0.0009622610455790415 -0.671201315671288 0.08028498621239347 0.0007815931890585703 0.9967716439089566 62.93162728677288
0.9967006660549849 0.00023428620515122392 -0.08116481624155736 -4.025793175480572 -0.0001324984918715218 0.9999991980889303 0.0012594703827151924 -0.6817360314795967 0.08116504623112929 -0.0012445607535838277 0.9966998978322564 63.82930433623197
0.9966123191871366 0.002696619825528062 -0.08219862216579969 -4.102283347647505 -0.0024752906384057118 0.9999930321060575 0.0027944007564986596 -0.6944435492367326 0.08220558485099874 -0.0025814687387356716 0.9966120498160042 64.71186585976315
0.9965245209404727 0.0031692495218992337 -0.08323962410914414 -4.18339354569987 -0.002981113727557014 0.9999927138598615 0.002384363254931636 -0.7003759073223913 0.08324657425568359 -0.0021279296642604303 0.9965267080164175 65.5798645293809
0.9963802065343916 0.005302291788147664 -0.08484320673028992 -4.260316942318855 -0.005047207575598652 0.9999820760618493 0.003220753129584621 -0.7140278984600607 0.08485876337877067 -0.0027808733927047104 0.9963891092444763 66.43438550898773
0.9962786443979703 0.006040380619539941 -0.08597893066627497 -4.340442037785366 -0.005733050152843365 0.9999762659290015 0.003820957293039152 -0.7268864488066564 0.08599997007261115 -0.003313816630614096 0.9962896284549237 67.27664030580574
0.9961416307305432 0.006101120954032941 -0.08754786033136963 -4.414965174832711 -0.005737842166745279 0.9999738558591303 0.00440054149984755 -0.7422839389369429 0.08757241970373013 -0.003881226781138017 0.9961505947324975 68.10492670614062
0.9960491700053165 0.006250396811745972 -0.08858320084202462 -4.49489842019707 -0.0057974878013279125 0.9999687800568479 0.005369175617533916 -0.7491871048300973 0.08861399475769167 -0.004834402891173326 0.9960543100061215 68.92060183862635
0.9959071926550696 0.008814823689596147 -0.08995088938538733 -4.574032229290752 -0.008130764158054707 0.9999351954250651 0.007968414173583975 -0.7514874591059085 0.09001530032226152 -0.007204431522127154 0.9959143245652897 69.72426815572916
0.9957984393102988 0.010639231040244331 -0.09095204797060939 -4.653150360101426 -0.009585320715881553 0.9998818555158537 0.012016515174797886 -0.7577572393167183 0.09106914896906308 -0.011094222507447854 0.9957827716590637 70.51733633001726
0.9956001131098635 0.013891226135353294 -0.09266848769719799 -4.72345820751001 -0.012664702360611915 0.9998244208164963 0.0138106065425866 -0.7637433277042684 0.092844063298341 -0.01257622262102212 0.9956012346993355 71.29354528519265
0.9954467310543065 0.016662084192145418 -0.0938519077252633 -4.8130519886214085 -0.015824680958792223 0.9998281188182937 0.00965982881958627 -0.7725648956721586 0.09399672922953173 -0.008130668523875163 0.9955393046602963 72.04480988682967
0.9953185074580481 0.01652736053280088 -0.09522560089232744 -4.8837669006752 -0.01636518973902585 0.9998629963013759 0.0024837858280544623 -0.7840812652492457 0.09525360505666797 -0.0009137729766090612 0.9954526185322217 72.77530106809908
0.9952197978670457 0.01548908356042477 -0.09642428233560894 -4.966450735826851 -0.01589677463865826 0.9998676472946743 -0.0034612785931801204 -0.7878531277786509 0.09635790828762701 0.004977568067849649 0.9953343043051236 73.48649805138245
0.9951946052698195 0.016174088970521226 -0.09657171681100044 -5.0439746960732545 -0.0166950922031001 0.9998500946504747 -0.004589348947933316 -0.7943106651469647 0.09648301165583693 0.006179569031055147 0.9953154481813347 74.18044408595176
0.9951141564053528 0.018958140524369844 -0.09689378013847699 -5.125141480130578 -0.019159965497044046 0.999815766345275 -0.0011528614667819098 -0.8030274181565689 0.09685407293354958 0.0030037102503001796 0.9952940602057845 74.85553904148301
0.9950220694563081 0.01899630713031121 -0.09782750947611409 -5.205766666885839 -0.018965952951937714 0.9998193608468184 0.0012402840333898507 -0.8220008135388941 0.09783339881407156 0.0006212819565119057 0.9952026125795783 75.51015843607841
0.9949842601422803 0.01606833143070495 -0.09873262274524226 -5.2712359179284345 -0.016347254203108126 0.999864341002412 -0.0020166486631373066 -0.8356583957185286 0.09868682459751281 0.003620540960214515 0.9951119546734508 76.14054352471142
0.9951295094678956 0.007926027388213325 -0.09825699708432312 -5.333691411631855 -0.008694719225488262 0.9999348369533922 -0.007397547200392041 -0.844697593784132 0.09819196119732661 0.008215834518379414 0.9951335783800034 76.75150029276767
0.9952577455771581 0.004058910190292057 -0.09718819432802558 -5.389853095125267 -0.005272319713490173 0.999911291395686 -0.012231597779911261 -0.8550561488500636 0.09712992594207846 0.012685999664115086 0.9951908575238266 77.34552055940067
0.9955666195358249 0.006552795083195962 -0.09383052244664183 -5.455690969518492 -0.0077806881270544625 0.9998887432794078 -0.012726427440377733 -0.8620022337491067 0.09373668949926496 0.013400072377540555 0.995506841313507 77.9261735758855
0.9958867985002988 0.011492453607851089 -0.0898744017109368 -5.516642956288951 -0.012418506475897647 0.9998753371899735 -0.00975144995084979 -0.8748380726635728 0.08975112962930061 0.010827446111952212 0.9959053675630823 78.49537025135321
0.9963243278074019 0.010072364484518431 -0.08506692243652646 -5.563725486439148 -0.010671547326325848 0.999921329566526 -0.006591870415279982 -0.8904906165745026 0.08499383446340664 0.007475436549183418 0.9963534342549369 79.05017758984143
0.9968195540660236 0.006377505714620039 -0.07943616337963469 -5.5958159870427675 -0.006584799633760033 0.9999755636208206 -0.002347887349183941 -0.9025388099614452 0.07941924858243908 0.0028634912399400966 0.9968371900027208 79.59317647057243
0.9974553027626503 0.0020238227949123336 -0.07126586231827181 -5.6239526085123295 -0.001947899074815765 0.999997458909825 0.0011348405554024838 -0.9169096836817231 0.07126797794147388 -0.0009931340225008563 0.99745671034133 80.12421732401367
0.9981238305388453 0.005739778685799016 -0.0609579679049651 -5.640319436425246 -0.005678738018000713 0.9999831860371798 0.0011745541506831907 -0.9316452640155917 0.06096368464083857 -0.0008261861582134922 0.9981396428213064 80.63638659269107
0.9988922153420697 0.01097803554086167 -0.04575833109585958 -5.666294898582637 -0.010961528812493532 0.999939733568474 0.0006116511270498734 -0.9376301813053017 0.04576228813234322 -0.0001093922845967016 0.9989523517256572 81.13770188688154
0.9994854827054214 0.01636090822031269 -0.027587869495848016 -5.680976161734601 -0.01634098742618025 0.99986602831189 0.0009473952413824808 -0.9399272946343149 0.02759967374899294 -0.0004960947615995004 0.9996189333435703 81.62557249114221
0.9998744229510241 0.01482027722368966 -0.005612282189301412 -5.667802546584122 -0.014812612141902708 0.9998893002840319 0.0014048839958526738 -0.9456615858381999 0.0056324816815428195 -0.0013215750153655627 0.999983264154749 82.09999140249937
0.9997260952685986 0.011506738955359691 0.020379631930359583 -5.631590955007767 -0.011555502654733388 0.9999306412737161 0.0022766203746552817 -0.9525100394139745 -0.0203520219486951 -0.0025114936884370782 0.9997897216925433 82.55879261840646
0.9987010720728194 0.010617791183615066 0.04983403606958724 -5.587057668351791 -0.010812235112255032 0.9999349431666539 0.0036338693120550832 -0.9581144805358254 -0.049792210359463664 -0.004167966492299166 0.9987509017982604 83.01160475975028
0.9964774618834537 0.01032972300234101 0.08322238149084527 -5.539249555882398 -0.010790823520204515 0.9999288088436941 0.005092678292032623 -0.965647025050981 -0.08316385083717957 -0.005972777170232736 0.9965179877186395 83.45917046253439
0.9926377604381548 0.0104030215063037 0.12067333465130765 -5.464308943542537 -0.011161729040699845 0.9999219517525307 0.005613039126070823 -0.9729082529677867 -0.1206055237422775 -0.006918637651170532 0.9926764025078381 83.89036862656744
0.98666314587745 0.010562654049957473 0.16243234562930386 -5.372166465315926 -0.011608234123459786 0.9999175550569723 0.0054892612818859855 -0.9783672901711449 -0.16236097273591207 -0.007301604502216868 0.986704414251777 84.31925506834676
0.978419693121265 0.010288035231049087 0.20637117154190224 -5.244557054762055 -0.01162293257859119 0.999918632008177 0.005257071539237236 -0.9840605568725922 -0.20630029459689572 -0.007542260535133696 0.9784596582155316 84.73180767874368
0.9667584882768635 0.012344859597766263 0.25539308875955924 -5.115009956054336 -0.013660891159588153 0.99990097402554 0.003379673875027851 -0.997362273320664 -0.2553260766106008 -0.006756225594746365 0.9668313958588391 85.1238948445382
0.9515691238271029 0.013257665101476829 0.3071488839227321 -4.945804660265937 -0.0140399153114839 0.999901378650197 0.0003372706343038371 -1.004998391503613 -0.3071141210640908 -0.004633280640269327 0.9516614152909323 85.50455474664932
0.9314819092731816 0.013629510154667292 0.3635322394915412 -4.778137022252722 -0.013943783716121056 0.999901231939841 -0.0017599036522822145 -1.0131797535358165 -0.36352032074214113 -0.0034296965071427465 0.9315799555536823 85.86426045899248
0.9075498331262791 0.014047183460530514 0.4197093959268631 -4.5685579170279755 -0.013757473041704516 0.9998984518390232 -0.0037172497132198666 -1.0204296973678544 -0.419718992098252 -0.002400551342892766 0.9076509268574999 86.20865826622729
0.878421065524942 0.014430092298797643 0.47766955531860805 -4.349086066897142 -0.01314806842568758 0.9998953946957492 -0.00602726827878852 -1.024511719857967 -0.4777065625870148 -0.0009859525745389815 0.8785189058630555 86.53928792690759
0.8450181470827881 0.013225296043937134 0.5345740572131467 -4.113219662796706 -0.01032323057928861 0.999911268172759 -0.008419423469028865 -1.0298251593590542 -0.5346379728481514 0.001596034364986717 0.8450796948590861 86.8353765598889
0.8081407631545756 0.012482206401821776 0.5888571146307782 -3.854255910147772 -0.009045333006296306 0.9999205265192269 -0.008781947182514804 -1.0492791674572222 -0.5889199341835422 0.0017706408030982424 0.8081894431087303 87.1226923164839
0.7686619592652099 0.01082358029115707 0.6395636344323001 -3.5823849509904586 -0.00825503452549113 0.9999414181553898 -0.007001047233816994 -1.0677948015669005 -0.6396019440117064 0.00010181880016656695 0.7687062786587466 87.37823579725605
0.7256542797593598 0.010569719209429694 0.6879783043837658 -3.292831717095544 -0.010049317428172317 0.9999381613419096 -0.0047628469835232536 -1.0788625364046815 -0.6879861026838802 -0.0034575320670158644 0.7257156247359235 87.63652499458757
0.6808275088243514 0.00967405149142563 0.7323798986562726 -2.9821684576770306 -0.008891692311828545 0.9999482530440259 -0.0049425744336449645 -1.0812075071008442 -0.7323898149454711 -0.0031470560753825722 0.6808782967624962 87.8614473997865
0.6342968514238253 0.008306835205657939 0.7730449539080447 -2.6655206779853544 -0.005835217940438331 0.9999652296046674 -0.005957332731350668 -1.0918598807217212 -0.7730675614106512 -0.0007321683894299757 0.6343232688653628 88.0639924870165
0.5875056129540961 0.005621320938124617 0.8092005656809353 -2.333265489600924 -0.0001891854917055128 0.9999767989427569 -0.0068092426191428464 -1.1025245080414028 -0.8092200683103968 0.0038473792518056824 0.5874930456751045 88.24879285651927
0.5409417944514565 0.007516427325424645 0.8410264433035999 -2.002887332400815 -0.0017474229041285995 0.9999679513258806 -0.007812991380697494 -1.1123459073279889 -0.841058215303099 0.0027567447075014786 0.5409375923614337 88.4172922728862
0.4937117177528504 0.010157458286282147 0.8695663090269171 -1.658635179555135 -0.005466063956897673 0.9999482772421122 -0.00857700328496574 -1.1232801034273927 -0.8696084532123354 -0.000518538034912557 0.4937417029378386 88.5784704873628
0.4479580373612547 0.012392386505852513 0.8939686938143561 -1.307156247625851 -0.0058533883014711425 0.9999231544981191 -0.010928080523231614 -1.1293918627236272 -0.8940354213390241 -0.0003374243909420582 0.4479961512512523 88.72574441476078
0.40574626275413483 0.009725443067295815 0.9139340162277587 -0.9485718833800326 0.001666442497648744 0.9999338523221064 -0.011380419573686093 -1.1360200295862404 -0.9139842412374822 0.006140581195285604 0.4057032166894034 88.84024293108841
0.36643516546691673 0.002268430162712857 0.9304408222632078 -0.571049006361661 0.017212491256822476 0.9998093764336742 -0.00921634092472238 -1.1362154406686416 -0.9302843649411553 0.019392395929946057 0.36632626895450543 88.9315805333544
0.3311944511243494 -0.001532538427642754 0.9435612788104505 -0.19677915150229286 0.02145560058043543 0.9997523503570457 -0.005907212480951991 -1.1411731027067744 -0.9433185531665191 0.022201109916625415 0.3311453124691574 89.02423773759513
0.29821091579793263 0.002703216211165791 0.9544961719782211 0.1767414773686585 0.01903349089326854 0.9997803118817143 -0.00877805206848677 -1.146444855295943 -0.9543102094829414 0.02078510514327224 0.2980939507618507 89.12023134888514
0.2666447980690181 0.010641629837605807 0.963736119161846 0.5497061323492265 0.008302231516939934 0.9998765811846185 -0.013337741577843065 -1.1587824690695225 -0.9637591113004188 0.01155759979223929 0.2665235398092831 89.228608888303
0.23832784074851862 0.015051772020189019 0.9710681152644262 0.9336415726911957 0.003319805144350615 0.9998614253126852 -0.016312849704712036 -1.17646452522885 -0.971179087098746 0.00711156317114854 0.23824484559232395 89.31375255901617
0.21255002665608885 0.016809066111739435 0.977005599505423 1.3315902012403422 0.004525066282379532 0.999824379433068 -0.01818609541434965 -1.191998651452303 -0.9771397085082754 0.008286470161107892 0.21243663636160534 89.38270149430497
0.18921952829425157 0.018329856223318217 0.9817637121440868 1.739329053550231 0.012155907218492551 0.9997054119683634 -0.02100769384914685 -1.1991250997911373 -0.9818595643124314 0.015909294515991663 0.18894097045428498 89.4366735425321
0.16909812868245358 0.024636603491109584 0.9852912567583851 2.1610405664070154 0.018840568830782434 0.9994240690435127 -0.02822345093427909 -1.200703483121702 -0.9854191269922794 0.023335980479271805 0.16853657221163015 89.48212303125365
0.14952787221725047 0.031192438093467487 0.9882653728811763 2.5878072827503886 0.021109662662249302 0.9991737389649477 -0.03473069974952903 -1.2033644855297205 -0.9885321429131523 0.02605515627646661 0.14874586131701675 89.53113172332561
0.13189753252241795 0.03185834622799029 0.990751273877616 3.034597493134576 0.018401108787253397 0.9992324897623428 -0.03458078366301729 -1.2191776157842278 -0.9910925487107137 0.022792042009575107 0.1312100709211619 89.58564040024396
0.11621697790522414 0.027559394983791216 0.9928414242942867 3.499683508810335 0.016355103949826477 0.9994263330367403 -0.029656625019111316 -1.2400408006767814 -0.9930891826122004 0.01968462803461608 0.1156995712946757 89.63733431149466
0.10185536629703112 0.024161178596532107 0.9945057676078746 3.9730092196564697 0.01688298783940598 0.9995190520907142 -0.02601209774880972 -1.2624862231868872 -0.9946559450775495 0.019439700525101727 0.10139846628712997 89.67677241319673
0.08869060740562881 0.021661901134725325 0.9958236481412026 4.459337726026506 0.019537404196785225 0.9995333186449179 -0.023482647975212878 -1.280127833513233 -0.9958675946104849 0.021538499434865768 0.08822599983464169 89.71100558609685
0.07709818214288251 0.02097642940252609 0.9968028188763248 4.9567067938624145 0.023198591438556335 0.9994702394082632 -0.022826867775826747 -1.2925729688003098 -0.9967535782055317 0.024884331349444982 0.07657071494873967 89.73770303873289
0.06693331690982902 0.02161554659487949 0.9975232825517691 5.4709843765516535 0.02618367617682636 0.9993829386073021 -0.023412755551186236 -1.3069005826375493 -0.9974138289543195 0.027685919996219964 0.06632604047165326 89.76325755896008
0.05901417900013194 0.02216733420551848 0.9980109899050035 6.000789890842775 0.02812246665940854 0.9993196981086162 -0.023859334464604948 -1.3231987185799825 -0.9978609389819464 0.02947456982424465 0.05835063142541696 89.78811239407689
0.053403192418425234 0.022493198265044628 0.9983196657741116 6.546131798085837 0.03012584781400127 0.9992549120837655 -0.02412579470096184 -1.3383544975482415 -0.9981184961381134 0.031363620777498054 0.05268577567728296 89.81613866392031
0.047839260107078965 0.02349611068437736 0.9985786588822728 7.109606848944601 0.03164416616481696 0.9991858319552547 -0.02502638542855021 -1.355596856106053 -0.9983536707701041 0.03279643277236681 0.0470567960794921 89.83811767873344
0.04198726032464286 0.024255078139416575 0.9988236887233328 7.693238656754744 0.03219939711362616 0.9991531348290108 -0.025616634964005357 -1.3710265221532305 -0.9985991532121137 0.03323709292057423 0.041170703883215504 89.86058722265633
0.037470425394035875 0.02439299849093079 0.9989999743971043 8.29596347067265 0.03470203124335547 0.9990673010737856 -0.025696243941996884 -1.387630271081336 -0.9986950166333944 0.035630177515174846 0.03658899017275461 89.8824554655939
0.03429734166293816 0.024377695638642713 0.9991143179387477 8.91490271758934 0.03588169924686776 0.9990279117994987 -0.025607325215453402 -1.4058036834132612 -0.9987673382795484 0.036728182651505605 0.033389288478561555 89.903328314728
0.031274990970425666 0.023990003324925912 0.9992228753787983 9.554206599959633 0.03675119033496074 0.9990082956691267 -0.025135138615684616 -1.4238365364285819 -0.9988349337847392 0.037508731313338574 0.030362314248101534 89.92310794548779
0.028899042964628197 0.02348152218549957 0.9993064912385909 10.208745213216712 0.03883469631848742 0.9989428917812236 -0.024596042804014548 -1.4420969784854203 -0.9988276686584029 0.039518566214096607 0.027956595765625775 89.94094807334534
0.028180295185803356 0.023194736003841306 0.9993337156250442 10.882323654523574 0.04325898508294226 0.9987658539081222 -0.02440141956470813 -1.460862196183055 -0.998666376310345 0.04391780150339082 0.027142135845838838 89.95658300077274
0.028912180706972143 0.02282548517997659 0.9993213112072962 11.567806370815337 0.046627180955226485 0.998620184980124 -0.02415847980381493 -1.4856722347311482 -0.9984938616751416 0.04729400994377009 0.027807999217897637 89.98319408151312
0.03128143977707678 0.02277737602700085 0.9992510508710019 12.274676704555509 0.04821597861678735 0.9985420155973288 -0.02427060965137205 -1.5052350007272743 -0.9983469792269116 0.0489390869157605 0.030137598450324255 90.00723690749791
0.03516428613847623 0.022612683267167356 0.9991256875567928 12.997369436509244 0.050866659183744424 0.9984076684628689 -0.024386687721430673 -1.5286913306647334 -0.9980861966603171 0.051679726295681405 0.03395806128369622 90.03115685979901
0.03928881065905284 0.02215715932527178 0.9989822068723923 13.735643716085026 0.05096950622234447 0.998408200715852 -0.024148999540044416 -1.5495479039870337 -0.9979271009409696 0.05186641527972782 0.038096931288271754 90.0651675944555
0.04306809476702323 0.020710938068051205 0.99885744541325 14.493690718877497 0.05226103207207155 0.9983696159798972 -0.02295418077201207 -1.569037617212356 -0.9977043268122582 0.05318991382295738 0.041915502234921624 90.10694072714891
0.04675612072205565 0.019150203981650668 0.9987227517496982 15.263973659685226 0.05190257027629069 0.9984190878757937 -0.02157424770374924 -1.591253453486749 -0.9975570100870125 0.052845005939342805 0.045688258595962296 90.15441448320816
0.050442572797020836 0.017129423100059604 0.9985800567375056 16.049612540503805 0.048478211692090836 0.9986323244227027 -0.01957916262884004 -1.6165983358076599 -0.9975497029425425 0.049396998718230514 0.04954317992294215 90.21225320698342
0.05419769717722402 0.01597546229493015 0.998402420983219 16.84275081990647 0.04758126131704269 0.9986948664461774 -0.018563062935054706 -1.6411115088527781 -0.9973959259953723 0.04851132175600614 0.053366829297982414 90.2691889502948
0.05803361319444272 0.01708908737678986 0.9981683539524933 17.64373275752544 0.044464812026184374 0.9988169833679318 -0.019685381054489384 -1.6624351146590732 -0.9973239093850477 0.045525782018684624 0.05720509540690661 90.32953265781195
0.061368623442182475 0.021022692057492652 0.9978937510955117 18.447501584499296 0.041884909322220595 0.9988432404325646 -0.023618539608603294 -1.696340618621783 -0.997235953236686 0.043246126541340385 0.06041710114933824 90.37085012140591
0.0625326135816867 0.026201408451930232 0.9976989317593671 19.2552030551358 0.03588856582520849 0.998949795076154 -0.028483640222404235 -1.7254170917428444 -0.9973974549203812 0.0375871402536133 0.06152661055106192 90.43396815061101
0.06261295940426195 0.029420142532548627 0.9976041662543358 20.068888550618183 0.033538556767527 0.9989388609168403 -0.031564495245712296 -1.7496985571300212 -0.9974742014330958 0.03543455042087796 0.06155980922548913 90.48769883028068
0.06294752833354625 0.028834092623083275 0.9976002224234438 20.886373605679214 0.031008044604454534 0.9990434752027946 -0.030832382725487408 -1.7874140195058574 -0.9975350168522938 0.032874454479522947 0.06199322863158683 90.53903120595861
0.06287282338275113 0.027086181199403987 0.9976539213915406 21.70389753937276 0.028625863645150962 0.9991714236722197 -0.028931402444379816 -1.8206315257675376 -0.9976109301779184 0.030377704074904865 0.062045363119953456 90.60005815058399
0.0628192883814648 0.025910163416240046 0.997688528769873 22.520589489817432 0.02948988755827672 0.9991782577791396 -0.02780567771594632 -1.854587942100133 -0.9975891356360329 0.031168455418685872 0.062003579314155885 90.65352450858718
0.06309360364980243 0.025180628234789955 0.9976898982851268 23.336646473828406 0.026781254382305372 0.9992789305251436 -0.026914372038654925 -1.8902827865812244 -0.9976482153505778 0.028417511682520262 0.06237373996788973 90.71865201108136
0.06347829633651823 0.025584922152406122 0.9976552098058087 24.151870545886943 0.025641242826668936 0.9992995029465206 -0.027258578046924612 -1.9208440680238055 -0.997653763868266 0.027311447586896576 0.06277780077536341 90.77022111578749
0.06313983642295638 0.026120812512773924 0.997662800855158 24.962435716418565 0.02220216309021779 0.9993732632534699 -0.02757072085066978 -1.9579912128642527 -0.9977576985473969 0.023891083018203675 0.0625203258278427 90.83671584136525
0.06187526680709764 0.027501985466815242 0.9977049123628375 25.772366855895577 0.019493671579214094 0.9993963175321137 -0.028757560251378395 -1.9905165272419367 -0.9978935054032132 0.021228313607844655 0.06130179912086409 90.89541932652553
0.05886638760131828 0.027011131763462395 0.9979003693614067 26.58286332220513 0.016017640170482433 0.9994796168291672 -0.02799876330107111 -2.026792322282345 -0.9981373570877612 0.017632195095260646 0.05840309993469829 90.95594618304789
0.05480078087438628 0.02559952047035004 0.9981690933740882 27.392064815407842 0.01338818735605342 0.9995625865216261 -0.026370287550864596 -2.062043187449761 -0.9984075474749163 0.014808787184783446 0.054434079097924346 91.01098009442406
0.049764843980490595 0.023152668448581507 0.998492570952489 28.203512955425193 0.011523732569002569 0.9996514175867942 -0.02375388188044837 -2.095390866465711 -0.998694479754082 0.012688469585503473 0.049480691671622966 91.06247061865957
0.04354384585751807 0.02111944082508418 0.9988282648719831 29.01496617545284 0.009217277373385483 0.9997254922835964 -0.021540238534941306 -2.12728287884223 -0.9990089965990093 0.010144421992201735 0.04333722899177283 91.10364583760473
0.03640759680500802 0.021443996068351713 0.9991069221697488 29.821964923603147 0.009080817815918189 0.9997213701161634 -0.02178809034436974 -2.1563986120334087 -0.9992957648477646 0.009865959947254817 0.036202723538997644 91.13091594315726
