0.9999796325092593 0.00046867621728245696 -0.006365132304231207 -0.09201579299955406 -0.0004664545791251224 0.999999829780517 0.00035051257101984 -0.016519208917282903 0.006365295497667572 -0.0003475363868482561 0.9999796809094109 0.9956205047985945
0.9999098836915491 0.0009490935894366547 -0.013391180579453009 -0.17525709831366731 -0.000944970325835256 0.9999995041442442 0.0003142329535680673 -0.032162310204854716 0.013391472175840862 -0.00030155036777881753 0.9999102847457563 1.99202712785552
0.9997765188232431 0.0010451097617169955 -0.021114453705064675 -0.24629111314274243 -0.0010518663516112055 0.9999993990804006 -0.0003088948301571782 -0.04612316455715085 0.02111411818797327 0.0003310353813620478 0.9997770173537299 2.989403307279817
0.999546717396256 0.0017018973841238642 -0.030057666038183942 -0.39370068092192545 -0.0017519326614214763 0.9999971232078503 -0.0016383857829049987 -0.05922326829840062 0.030054791204048123 0.0016903021379897835 0.9995468235177195 3.9783920769881074
0.9991404178330758 0.0017949630239058561 -0.04141501611842515 -0.5344117076950562 -0.0019300570660456427 0.9999929461133105 -0.003222204733395298 -0.06796469991208004 0.04140894024324229 0.0032993683281680557 0.9991368343908488 4.968404185155371
0.9985061086136571 0.001583964908233659 -0.05461723277850387 -0.6985185658836792 -0.0018024224399936348 0.9999905713208006 -0.003950764843293388 -0.08318732322896284 0.05461045993726476 0.00404330615569486 0.9984995489937747 5.954729279044202
0.9974958209542811 0.0015266654729093072 -0.07070895608958273 -0.8712602848526263 -0.0018230153727524813 0.9999898231006326 -0.004126779630261896 -0.08032377364656636 0.07070193627967639 0.004245348949128086 0.9974884526743176 6.939692262415368
0.9960266179176303 1.4620974209741e-05 -0.08905602835178605 -1.0594676759997623 -0.0003967843865717703 0.9999907895479857 -0.004273567753911547 -0.08349670184855301 0.0890551456217864 0.00429192327795044 0.9960174498636347 7.92181643503521
0.9940424960683654 -0.001174717579018262 -0.1089868618172999 -1.25602564757156 0.0006968147078064324 0.9999899759743941 -0.0044229401978944025 -0.10018720946430446 0.10899096503580773 0.004320646866004097 0.9940333503214176 8.90216656165686
0.9913536159058527 -0.0013798213643841722 -0.13121015327859933 -1.4935146153730552 0.0007595861635476478 0.9999883017332931 -0.004776968225240554 -0.1230908551585323 0.13121520971004577 0.004635999306212194 0.991343066880069 9.873286736087637
0.9879316841877173 0.0020955819910543 -0.1548760663050927 -1.8066649280412237 -0.0031342107832024947 0.9999742072598647 -0.006462316749602605 -0.13959201429955279 0.1548585293123603 0.006869741707262785 0.9879127707181884 10.822846936086997
0.9837063716481909 0.0064259204142179185 -0.17966769861492024 -2.158491796189187 -0.007995009696080201 0.9999359535799475 -0.008010527955211401 -0.16993006670556052 0.17960471652690874 0.009316452382306079 0.9836947440727213 11.758420256263129
0.9785348747640306 0.009372927703404617 -0.20586803320770852 -2.535615596889525 -0.011417417408678895 0.9998965755893086 -0.008745324721849081 -0.21425329612005625 0.20576477213133304 0.010908086497701523 0.9785406849991977 12.683521910288025
0.9720919299649572 0.010136690858460671 -0.23438115793605363 -2.9243267887964195 -0.012629136397490387 0.9998785151072649 -0.009135641233380457 -0.2244549371272186 0.234260078995246 0.011840714730600383 0.9721018531325869 13.604825072014435
0.9643148966597006 0.012103937573195835 -0.2644811425705354 -3.334446234724667 -0.014826726565759582 0.9998556208274049 -0.008300944475739678 -0.25966345684684133 0.2643424828882711 0.011926113996993795 0.9643551314455658 14.516177023902754
0.9551425972961155 0.013839852467109722 -0.29582271264073 -3.7749774591638734 -0.01681363406771344 0.9998304292195856 -0.007510959726728835 -0.2658968002367279 0.2956685991779789 0.012147892420833858 0.9552133312354174 15.413892661353868
0.9442176785786585 0.015989153498494543 -0.32893361401646326 -4.244203635290562 -0.01915663761835184 0.9997960697754593 -0.006390782166872636 -0.2814638655144439 0.32876435131365633 0.012335551546114548 0.9443314224748447 16.29683345331908
0.932182961540676 0.018382326835059713 -0.36152042303773735 -4.756509460400946 -0.02204295052887969 0.9997389966729263 -0.006003904012589307 -0.29298911956430124 0.36131569927867363 0.013565713823461915 0.9323448594073026 17.155559189556822
0.9189039790874882 0.02115748441610979 -0.3939134905919879 -5.309552382839572 -0.02532368984192629 0.9996648216411842 -0.005380994879183874 -0.2927304988147697 0.3936676109993963 0.014919960666233478 0.9191317679330564 17.988711900082237
0.9033355998561801 0.02164259055869459 -0.42838813277959165 -5.86446994926232 -0.026291447944055565 0.9996421265166265 -0.004937474893351198 -0.28483524462192983 0.42812796427876715 0.015723141137385998 0.9035813350414518 18.82057976184675
0.8856205961723375 0.017326451969528055 -0.4640861490041499 -6.443346332019274 -0.02249550080805126 0.9997312383641571 -0.005603881000217116 -0.2895555937161018 0.4638643250765781 0.015402762772219336 0.8857723425464543 19.635981400176366
0.8651663446308954 0.012744596264718727 -0.5013230209994997 -7.049695035379436 -0.018113202305436248 0.9998188760447216 -0.005841832496102902 -0.31097731185952426 0.5011577675944551 0.014134722166335692 0.8652404877310254 20.430891671795266
0.8407317458657009 0.014451419708645916 -0.5412589841859585 -7.701553064821878 -0.018991032636108254 0.9998157225815902 -0.0028038470121666366 -0.33246149210686343 0.5411187228076898 0.012636350226941487 0.840851265373322 21.1889282932394
0.8126893598093606 0.020139623666604194 -0.5823490362413419 -8.429716284751716 -0.024137388437782858 0.9997082557645451 0.0008887269632384691 -0.3530517100344104 0.5821970378935776 0.013334125947326136 0.8129383802928517 21.87402270138109
0.7810246153787538 0.023343637177028278 -0.6240637986422681 -9.183973015633695 -0.02733613990977628 0.9996212394180531 0.0031801193608270136 -0.3833134792065407 0.6239016634272609 0.014575743811663024 0.781366918972792 22.52990454229895
0.7468692224536981 0.022750817134208418 -0.6645816465048779 -9.979395381035317 -0.027021823059969443 0.9996274186768427 0.0038529090293769625 -0.38626172802073866 0.6644216926244387 0.015080588489802338 0.7472057214856408 23.13595284767388
0.7079091330874117 0.018432745400143852 -0.7060629527092064 -10.756773780716749 -0.02115495772150495 0.9997642502904217 0.004889949389625588 -0.3816859877378865 0.7059866337652794 0.011475092080033025 0.7081321876645095 23.764969434346774
0.66661668437139 0.015031480961805663 -0.7452491198906508 -11.582306273373668 -0.016070578713649662 0.9998540848361972 0.0057918508423192416 -0.3887530100168812 0.7452274368389176 0.00811564023760032 0.6667609794866755 24.329279757451236
0.6221201529048292 0.014223914643063577 -0.7827925623061954 -12.416251543208617 -0.013872641397108901 0.9998782540310919 0.007143314105024907 -0.3683829274439039 0.7827988663573416 0.006415400841932537 0.6222417355511427 24.880750813436048
0.5750813908999932 0.014583132439750401 -0.8179662132929293 -13.297197227408091 -0.01183719199086515 0.999884769026364 0.009504186175914399 -0.3515585480871808 0.8180105590555053 0.004216742503371999 0.5751877470499174 25.35366901011726
0.5249379697465053 0.015730191996699387 -0.8509951168944296 -14.204673088251948 -0.010019524472985146 0.9998741322264632 0.012301578504920944 -0.3681705866053028 0.8510815102255201 0.002069000755064124 0.5250295060166841 25.773444643255147
0.47376675085266623 0.017051125087372353 -0.8804852780823551 -15.144820838475844 -0.009010126484514476 0.9998540605849621 0.01451465302707312 -0.35534572992388297 0.8806042717402865 0.0010567237188846563 0.4738512424039229 26.113970282240437
0.42074420393480116 0.019182883365855684 -0.9069764781079178 -16.10080927278107 -0.007929787237019852 0.9998159791781109 0.017467863478147588 -0.3484299172963734 0.9071446595387341 -0.00015737181317762865 0.4208188944242719 26.40729308225833
0.36690539803915395 0.021268915331199702 -0.9300150870444867 -17.071014572929926 -0.007574073142829065 0.9997737601095267 0.01987616694651867 -0.3451831508288756 0.9302274250449494 -0.0002486706517956447 0.36698348172247475 26.649555572278004
0.3134042648490174 0.02428244471366377 -0.949309290828429 -18.05088281110828 -0.005354238788847756 0.999702311148173 0.02380380667022938 -0.33869270864260903 0.949604706655058 -0.0023773859025242655 0.31344098190063086 26.84909526749377
0.2612065300913997 0.026056582199973723 -0.964931190894805 -19.037227052184676 -0.0009644652020373494 0.9996421490039975 0.026732821428792557 -0.33072036794813725 0.965282455266066 -0.006052144968989441 0.26113818774126013 27.01359894488588
0.21142366491018472 0.0264166091519656 -0.9770374591983964 -20.029515927219666 0.0017654753544973749 0.9996227357019725 0.027409293396166663 -0.3245009307356716 0.9773929184379835 -0.007519908817051604 0.21129726443724886 27.137389441623405
0.16537756881335436 0.027408203642870964 -0.9858494053893093 -21.028070458629365 -0.0005916146264659892 0.9996163362069491 0.02769170237326524 -0.3140091941629997 0.986230150484925 -0.003996343487072505 0.1653303345221782 27.190103303792938
0.12404640999876915 0.027977999392494922 -0.9918819081505673 -22.027606498624174 -0.002697176227134522 0.999608234458962 0.027858622403788315 -0.30027915482575807 0.9922727515188637 -0.0007804817939127007 0.1240732744846864 27.217290999240117
0.08691205843326247 0.026444974811291058 -0.995864929298207 -23.027266298160857 -0.004166524995533687 0.9996485143566821 0.026181822204348268 -0.27593112846152157 0.9962072747015827 0.0018737800587827426 0.08699169374104951 27.226641871001604
0.053302226681923776 0.023674428636910504 -0.9982977481991354 -24.02699149715046 -0.0032976148662564935 0.9997176447581183 0.02353203126537493 -0.25805494378563426 0.9985729809918464 0.0020376918306187044 0.053365245666639416 27.211477817234986
0.022289433047008037 0.021117381949935288 -0.9995285075244343 -25.026669231880657 -0.0030143225971695446 0.999773767575012 0.02105534440815456 -0.25396577035337603 0.9997470155162871 0.002543589677278789 0.02234804505612299 27.186424167893453
-0.003745346706372331 0.01932760893091173 -0.9998061891742132 -26.025017791203403 -0.003876568525815096 0.9998054084545278 0.019342115746205018 -0.2465497015314471 0.9999854721917283 0.0039482601343721994 -0.0036696930931075437 27.12945807332012
-0.02417034538333914 0.017034034957927678 -0.9995627224227112 -27.022520122913562 -0.004226339482844136 0.9998441494678607 0.017141027666572883 -0.23367771000503537 0.9996989209050022 0.004638795958280699 -0.02409458680765429 27.060007443859774
-0.04015726629580416 0.01621055498700534 -0.999061865887524 -28.019777306037447 -0.003695771747034814 0.9998591388217554 0.016372042811196173 -0.2183523926065581 0.9991865367561964 0.0043497611004624905 -0.04009169918483389 26.98759732476416
-0.053039002679256805 0.016573187428702507 -0.9984549031645058 -29.016598888829275 -0.0029251053355733928 0.9998553997083307 0.016751818792902707 -0.20616699091648316 0.9985881573269161 0.0038090855264150884 -0.05298285490502435 26.90886849866208
-0.062484370400356606 0.017713722368935318 -0.9978887350278621 -30.0125736322083 -0.004029423475160466 0.9998298586092859 0.018000488320972022 -0.2040615425509292 0.9980378085033297 0.005145665474154359 -0.0624023631339329 26.81925902573298
-0.06931346518768945 0.019215487909945705 -0.9974098498451163 -31.008384345112088 -0.005751272189299515 0.99979016153748 0.019661021363714434 -0.20787968070309626 0.9975783510140342 0.0070991490505958425 -0.06918840705550222 26.727900250088954
-0.07350130566290375 0.020079599276284783 -0.9970929584340429 -32.00350403937064 -0.005711375499931004 0.9997724188989949 0.020554576102450237 -0.19533577350202058 0.9972787665721893 0.007205560474831509 -0.07336989602348067 26.630025715656174
-0.0750781059364081 0.02079297353502291 -0.9969608469045176 -33.00025929146414 -0.0033346742905117207 0.9997717514658809 0.021102723004883403 -0.18340103844346448 0.9971720804135953 0.004908892178126583 -0.07499163167451314 26.55042352018718
-0.0738883278983572 0.022849892750326718 -0.9970047128282208 -33.996500474341104 -0.0014435089719258894 0.999733975853333 0.023019422371880486 -0.17126094985819035 0.9972654768326401 0.0031400518762642235 -0.07383568779378671 26.464655788565278
-0.07250462574387136 0.02540467800286074 -0.9970444732213862 -34.99323967293097 -0.0023039915337730887 0.9996686095314995 0.02563908618438563 -0.16879857793946026 0.997365414915092 0.004156134373311059 -0.07242206623894078 26.384002910632315
-0.07067672642285373 0.02539283416545464 -0.9971760147111413 -35.988827483597504 -0.0045249959920279845 0.9996574833394403 0.02577674173995549 -0.1613279212832789 0.9974890098409213 0.006334033193941737 -0.07053761599371514 26.290466390806618
-0.0691079318802933 0.022919010721639932 -0.9973458841840024 -36.98513634863461 -0.006360002513638606 0.9997056257063432 0.02341393386670874 -0.1517167412700037 0.9975889153951418 0.007961210877087595 -0.06894182331586021 26.20516544903376
-0.06797126278599365 0.022766651420205453 -0.99742748459143 -37.98221739560325 -0.00667499326815396 0.9997068500436703 0.023273556682036935 -0.13566286357146629 0.9976649497201692 0.008239754782319022 -0.06779936976830798 26.13052203816582
-0.06598238342296404 0.02544327032198264 -0.9974963484009084 -38.9787044162789 -0.00641579013679245 0.9996433691326366 0.025922426315282743 -0.1200803644158826 0.9978001617131286 0.008110150705945587 -0.06579561338555368 26.048237268347094
-0.06426238096520213 0.028895284370597123 -0.9975146158998496 -39.975670885910304 -0.007361370416117013 0.9995397901502715 0.029428186011835528 -0.10614470505357647 0.9979058856516879 0.009234199883736931 -0.06402009789298393 25.97166288732738
-0.06238796276782483 0.031125211248903762 -0.9975665207525714 -40.972791634848264 -0.00778343144372056 0.999468031424847 0.031671317539712605 -0.09807586931257092 0.9980216231608617 0.009740399604304065 -0.062112513384237344 25.896263378536396
-0.06061024887089516 0.03047470946750801 -0.9976961911397065 -41.9694281405723 -0.009440761709650618 0.9994716146515584 0.031102468135948573 -0.07992876911245055 0.9981168617702787 0.011304140333394979 -0.06029051883317278 25.81634881032656
-0.0585311587702287 0.027471494843417765 -0.9979075209778114 -42.96531281696953 -0.011821994663153007 0.9995321193061371 0.028209624555564975 -0.05960939527822699 0.9982155798699991 0.013448399401030313 -0.05817900530562296 25.728026591363633
-0.056725560855285094 0.026840471402574367 -0.9980289574158355 -43.962155288648155 -0.012741962966142408 0.9995376888882885 0.027605268910623086 -0.04276763824835593 0.9983084959697691 0.01428277237604642 -0.056357335705578215 25.65042877002141
-0.05531855202009509 0.02911400040022565 -0.9980442038222026 -44.96016924436281 -0.010225929510581908 0.9995058519355333 0.029723430358349713 -0.027416173069598385 0.9984163901739816 0.011850186805224773 -0.054993498748821534 25.589334934692467
-0.05433370860188659 0.03114848264610168 -0.9980368831553317 -45.95833393966986 -0.00783877862627504 0.9994692258209432 0.03161993337330333 -0.013244712866384172 0.9984920638939567 0.009541418433828368 -0.054060703612301135 25.530458871999077
-0.053111572436503905 0.032894737687744785 -0.9980466407467011 -46.95625784078273 -0.007051580682517228 0.9994200162572906 0.03331525647739255 0.0008547970057360341 0.9985636865434272 0.008807232069780457 -0.05284880869110561 25.467617234456462
-0.05262733071288034 0.028364359259886437 -0.9982113138939127 -47.95453418054295 -0.006831241534891248 0.9995629187783631 0.028762919573137292 0.013700041084834823 0.998590856257521 0.00833273826871401 -0.052410564505794136 25.410351807022863
-0.05231275229463397 0.02150031854078929 -0.9983992749646823 -48.952654478501536 -0.005513255623148435 0.9997467527478002 0.02181821217840788 0.02256445212459189 0.9986155316035266 0.00664580114604724 -0.05218096748176585 25.349711284104654
-0.052100566824263665 0.0170066012675488 -0.9984970237561629 -49.95024481584897 -0.0024573189815746983 0.9998497733935862 0.017157861994334174 0.031546158278420125 0.9986388198543121 0.00334756002491923 -0.05205094928881056 25.280915733481258
-0.05283406085612927 0.017689496153767886 -0.9984466153677296 -50.94881022713021 -0.0013139745838286112 0.9998409935497777 0.017783730997339174 0.04039914440772753 0.9986024411567618 0.0022515202016654395 -0.05280241635131491 25.228107362660563
-0.05303321303271652 0.025053274182840854 -0.9982784239720621 -51.94708299402585 -0.0016204758139244924 0.9996817566470999 0.02517458013759611 0.045261238709840265 0.9985914341579157 0.0029527749130558076 -0.052975737340313 25.16955975029715
-0.053240562569787174 0.03205124607265107 -0.9980672122269327 -52.944762851152696 -0.0029346716458047905 0.9994754277851444 0.03225301468131053 0.057284396295413 0.998577403208977 0.004646168194534485 -0.05311857416689765 25.10254985278341
-0.05371080390026048 0.037289622785769035 -0.9978600270463193 -53.9427021517111 -0.0049187586049865804 0.9992804834665323 0.0376074617154405 0.07212306600657661 0.9985444183200733 0.006928159595990901 -0.05348873943587418 25.040124326897807
-0.054139369024728295 0.037658258273826954 -0.9978230225372554 -54.940274657147484 -0.006445434023274833 0.9992545924758894 0.03806199937069216 0.08658264011138568 0.9985125863512467 0.008492055088417534 -0.05385628931257127 24.97200680261684
-0.05427311833735764 0.03430584045572677 -0.9979366402415353 -55.93753190362389 -0.006579857472079829 0.9993756562031638 0.03471315693136937 0.09900196796591043 0.9985044487139686 0.008450272132955081 -0.05401350571193015 24.899042944129217
-0.05480894160555546 0.031583634569822217 -0.9979972214126835 -56.935385766441186 -0.006796446391355795 0.9994646543584984 0.0320033280221871 0.11633017481845927 0.9984737293672419 0.008536903150804919 -0.05456494339835364 24.835897226077687
-0.05469307719524439 0.032793040317655335 -0.9979645704200314 -57.93261209204006 -0.0085230934113059 0.9994088054838034 0.0333076027377871 0.13212469102368965 0.9984668367981068 0.010327440542590108 -0.05438124480206458 24.76316367955162
-0.05484856265162188 0.035057880924788336 -0.9978790408461903 -58.93058383262453 -0.009260630787792512 0.9993225839150347 0.03561760793188261 0.1463709696897115 0.9984517393907746 0.011194563968305954 -0.05448674926159761 24.701119916439715
-0.0546235356597845 0.033408216596900596 -0.9979479748042165 -59.92784085964818 -0.010026649492773132 0.9993713762679765 0.03400468491544084 0.15889225564774662 0.9984566769028955 0.011863530674463073 -0.05425422553094594 24.628170485674932
-0.05430563795145131 0.028376990405217708 -0.998121056837409 -60.92574525620233 -0.010999315951294096 0.9995184515860916 0.029015168232222367 0.17063542615781946 0.9984637763761334 0.012554336082913833 -0.05396735967441565 24.564539571142003
-0.05422016456897643 0.02419759663705783 -0.9982357687796514 -61.923329651478554 -0.012292105743260978 0.9996144057632756 0.024898673196148594 0.18425429690813594 0.9984533428711174 0.013620429784789312 -0.05390181816940887 24.49642290165852
-0.053404041941467764 0.024827096893903142 -0.9982643054643058 -62.920345405387025 -0.011894377219059341 0.9996041418914183 0.025496731243256254 0.19594439306746003 0.9985021442615355 0.013235360718199975 -0.05308759866272397 24.420114919707313
-0.05279045718180049 0.02732019175303275 -0.9982318241536442 -63.91834315195777 -0.010762430780108976 0.9995520683646754 0.027925484984179492 0.19999588910639993 0.9985476141447835 0.012217600029293915 -0.05247277899334416 24.356995483560052
-0.05264279998076837 0.03210849771306185 -0.998097079439066 -64.91680575782294 -0.010493687381890026 0.9994099847305623 0.03270420379687186 0.21133400458849128 0.9985582697746365 0.01219535958742009 -0.05227480338765073 24.30273820915138
-0.05199222221959001 0.03770780227392691 -0.9979353338149409 -65.9146926644865 -0.009631120940606953 0.9992214735535839 0.03825817950230838 0.22579579277811887 0.9986010466337876 0.011600363661277723 -0.051588576495479384 24.239393452774465
-0.0520587492125802 0.040904118576191244 -0.997805962957691 -66.9123488211687 -0.009869397140233318 0.9990909328118301 0.04147171292910968 0.23974481582187268 0.9985952541598171 0.012006708820115104 -0.051607725320914205 24.17240391808863
-0.05179961920022906 0.04091078394070781 -0.9978191756065156 -67.91021440923474 -0.009522093885681978 0.9990948969346245 0.0414574076278686 0.2578089609953925 0.9986121014581905 0.011648805799211374 -0.05136317888048533 24.10965095172337
-0.05159296045775524 0.03654902724745931 -0.9979991658505869 -68.90798390689618 -0.009399157024333837 0.9992680449660634 0.03708139906923828 0.28108739324924337 0.9986239644022349 0.011293490025881387 -0.051211666684446926 24.04708799055776
