0.9990466514060874 -0.0007371349415393707 0.0436491116331316 0.03109358473290624 0.0008431724053659644 0.999996738173536 -0.0024109547037354366 -0.027987608947080165 -0.043647192058349556 0.0024454599499064383 0.9990440142211228 0.99912508196787
0.9960438578457766 -0.0049166795787639155 0.088726881550194 0.13127659542178866 0.005582861931472507 0.9999580492923952 -0.007261632598945637 -0.04607837720905642 -0.08868745627402168 0.007728254477417317 0.9960295222443839 1.9939359725774222
0.9909984532509822 -0.00445440507366848 0.13379919255959852 0.28861590219572775 0.006000367734080998 0.9999197961269721 -0.01115333584406428 -0.07103923618874128 -0.13373877987037514 0.01185578292793715 0.9909456994053453 2.9811591152951404
0.9838095881353341 -0.0021635120146191716 0.17920383229369474 0.4994386900679043 0.004622009769003934 0.9999008337778942 -0.013302617635922788 -0.10982201246384445 -0.17915728095357814 0.013915524641023436 0.983722027228874 3.9579173564851087
0.9743820502978011 -0.004633967388744097 0.22485138737328994 0.7309741814710201 0.007804123477634506 0.9998822601029241 -0.013212175756256488 -0.1414909560829963 -0.2247636886024945 0.014628474893454693 0.9743034907091793 4.930224469815836
0.9628659739788937 -0.005512173447297616 0.26992356713996474 0.9992487338814406 0.009753971524303046 0.9998490837031427 -0.014376016746270247 -0.17219590124380418 -0.2698035881769909 0.016475004153955926 0.9627744273945725 5.893081504325272
0.9495072727827051 -0.008086890480572803 0.31364078359662406 1.3217634835876506 0.014126385721280344 0.9997558935011384 -0.016988191080695554 -0.20215142187408194 -0.3134268402023075 0.02056102166955326 0.9493897304209166 6.839176752176492
0.9344259996979088 -0.010185074217126016 0.35601167867326344 1.6657498529321488 0.017980982206119708 0.9996653890153497 -0.018595544726964116 -0.23502774940229557 -0.3557031562517635 0.023777600130815375 0.9342964681323335 7.777599295096188
0.9172303606284498 -0.010047469315484012 0.3982304783686933 2.067094722652589 0.019288752359930793 0.99962946485408 -0.019206171610792508 -0.26931878472595594 -0.3978899465603536 0.025297852792289608 0.9170842976904023 8.692874294580777
0.8977773988270654 -0.01056624940972987 0.4403227186152441 2.5071820942307874 0.020592485332515835 0.9996259308866174 -0.01799855124430733 -0.29183775544359136 -0.439967830304828 0.02522603164342779 0.8976591533674609 9.590554781775793
0.8759909555972116 -0.010371208112359292 0.48221601358123045 2.988011655547361 0.021257696062485832 0.9996274859297009 -0.01711723493971065 -0.31646862857524155 -0.4818588549253797 0.025245344445192476 0.8758851046306501 10.467025880937397
0.8521748147587107 -0.010427909664290507 0.5231532698846391 3.517493623295238 0.022071156658261606 0.9996279342217692 -0.01602676409276292 -0.3416938596366065 -0.5227914968079751 0.025204202497837492 0.8520879057008875 11.314938917648844
0.8265335158097578 -0.010777252363612563 0.5627843264294518 4.0644120468948435 0.023731904844977964 0.9995948866948674 -0.015711753113656433 -0.3830945992573671 -0.5623870054825142 0.026342234623634136 0.8264544408129487 12.151145206228273
0.7994101583679224 -0.012341603564980003 0.6006588745033388 4.669587537483634 0.027048080539790284 0.999514558724041 -0.015461184876928692 -0.4077205851265964 -0.600176474078488 0.02860649786552738 0.7993559083678455 12.946854666625564
0.7708738661699562 -0.011461296013441034 0.6368847000437962 5.315154119701741 0.02782624820241359 0.9994895734732542 -0.015693706675929196 -0.44691008474314936 -0.6363797469806541 0.02981998007954919 0.7707993165674797 13.709543137028655
0.7403457118513629 -0.014690474453255211 0.6720657831668239 5.986595844402013 0.032764169376442914 0.9993615454144457 -0.014248184162305104 -0.4780945098340079 -0.671427387100325 0.03256825919802067 0.7403543559299428 14.449974345335573
