0.9990467583056871 -0.0007422845714658998 0.04364657755784481 0.03109313513874448 0.0008481279437904638 0.9999967446122304 -0.0024065419033449534 -0.027984566459477098 -0.043644649132384604 0.002441265769341199 0.9990441355733762 0.9991246572844837
0.996043865263723 -0.004911903018982284 0.0887270628344836 0.13128140356630974 0.0055754547411644715 0.99995830331982 -0.007232283607273755 -0.04607276278708184 -0.08868783893483659 0.007698365442022533 0.9960297196342031 1.9939287224229136
0.990998393265098 -0.004457453054286622 0.13379953534397332 0.2886101634504305 0.006002184886264541 0.9999198895120972 -0.011143981995059584 -0.07097633456679557 -0.13373914282133492 0.011846757800510033 0.9909457583576564 2.9811609513450152
0.9838044470071814 -0.002108278318048211 0.17923271244788863 0.4994050519248748 0.0045668265527523955 0.9999010479685034 -0.013305576527365089 -0.10973351248635453 -0.17918692514837947 0.013908610067944999 0.9837167256999583 3.9579226396529754
0.9743684564180959 -0.004607339590517961 0.22491083468635867 0.73093989496499 0.007781379486327329 0.9998822273615849 -0.013228058804133408 -0.14139438163093734 -0.22482340018491548 0.014639119793672458 0.9742895539319715 4.930233909901907
0.9628555418682269 -0.005503635202960182 0.26996095179339513 0.9993425414558411 0.00974958660714605 0.9998489305630937 -0.014389635604406422 -0.17213657208016486 -0.2698409736393508 0.016487148067224355 0.9627637419917602 5.893050058798687
0.9494974892258661 -0.008085351928962158 0.31367044017242185 1.321916064797595 0.014127596208145198 0.999755765508369 -0.016994715594993104 -0.2021526868676692 -0.3134564227754084 0.02056784910874076 0.9493798157765333 6.83911842590984
0.9344306850002735 -0.010201348292475855 0.35599891491819846 1.6660716255030872 0.01799585143772733 0.9996652286116693 -0.018589783102834035 -0.23504696517997173 -0.35569009581509353 0.02377736734364775 0.9343014462908931 7.777454674972146
0.9172300858530503 -0.010042347834621742 0.398231240431955 2.067358320379245 0.01928671821409724 0.999629347990066 -0.0192142951337216 -0.2692688945984959 -0.3978906785871406 0.02530450329337084 0.9170837966110512 8.692767653404978
