1.0 0.0 0.0 0.0 0.0 1.0 0.0 0.0 0.0 0.0 1.0 0.0
0.999999860295736 -0.0005227843169962288 -7.81349242280256e-05 -0.011037473604230576 0.000522909947807796 0.9999985565955749 0.001616592698662016 -0.01759723225219662 7.728968213792148e-05 -0.001616633330346272 0.9999986902606325 1.2281364329801452
0.999998580018997 -0.001592349552311842 -0.0005517090655729819 -0.012028015325163312 0.0015932762541891654 0.9999973139067159 0.0016833449234478878 -0.0364977859787796 0.0005490271100957515 -0.0016842215580834604 0.9999984309822569 2.4332419702728636
0.9999952366537964 -0.0029994992914701923 -0.0007277868633440496 -0.014892402130845684 0.0030000498759188516 0.9999952136094363 0.0007566101771148337 -0.0589153605010512 0.0007255139281816886 -0.0007587899700076704 0.9999994489335089 3.6958046045879778
0.9999945970713336 -0.003219844507955207 -0.0006621400802970854 -0.017288975696725092 0.0032202944566104424 0.9999945839109069 0.000679597281776953 -0.07441748267620646 0.0006599482965120492 -0.0006817258959913852 0.9999995498589229 4.953480462894756
0.9999929291657277 -0.0037002249839561308 -0.0006707858199529191 -0.022670474815882906 0.0037011772913964317 0.9999921366518544 0.001424050953251185 -0.0898153686600608 0.0006655112364148576 -0.0014265235812670864 0.9999987610618656 6.167572023511785
0.999986891692272 -0.00510353889963378 -0.00041271579653220637 -0.03280423385675794 0.005104619435570216 0.9999834311813132 0.002660868893198885 -0.11009721688082277 0.00039912911041580364 -0.00266294077078695 0.9999963747146309 7.417581236663903
0.9999891277010847 -0.004616009299002946 -0.0006610126894184007 -0.03782095053702258 0.004618119045654175 0.9999841310608198 0.0032265466086964095 -0.13036964807997597 0.0006461084306989079 -0.003229564164007626 0.9999945762148945 8.6838737486808
0.9999928489023165 -0.0037146349948498614 -0.0007096697006574844 -0.05428652385358553 0.0037156231506669476 0.999992122340623 0.0013962096187187761 -0.14801870892571242 0.0007044777010115144 -0.0013988364994564836 0.9999987734830561 9.96627286699442
0.9999995678702457 -0.0008563202318930935 -0.00036190465979091084 -0.07656774458082335 0.0008559980751259673 0.9999992381263759 -0.000889389657928633 -0.1666799952206489 0.0003626659864234621 0.0008890794839047508 0.9999995390054205 11.249284395929534
0.999996565981571 0.00261511543803043 -0.00017086928259873766 -0.08824643452006527 -0.0026154337468964955 0.9999947936944239 -0.0018899974504587942 -0.1855888037743451 0.0001659258314905718 0.0018904378574607513 0.9999981993550414 12.472408221820647
0.9999880706778452 0.004884270429262164 -4.903442534368546e-05 -0.10346227506248208 -0.004884354375543652 0.9999862858714523 -0.001889749018371859 -0.21135294780157643 3.9803707630178126e-05 0.0018899659764570187 0.9999982132205398 13.764572356066294
0.9999824521024836 0.005921897637708849 0.0001631424912928927 -0.11252935929524331 -0.005921733376785612 0.9999819767375798 -0.0009895826478173836 -0.23443096250620085 -0.00016899975807727408 0.0009885991963866358 0.9999994970552286 15.039501391848855
0.9999940991892571 0.003411877409356949 0.00040084811310833583 -0.11100931019375193 -0.003412585073423481 0.9999925961060342 0.0017782002786686207 -0.2559597656617183 -0.00039477814391116904 -0.0017795577141328162 0.9999983386608993 16.310942479273784
0.9999995479944471 -0.0007236365876323418 0.0006167341324727552 -0.114080163197137 0.0007213955154641944 0.9999931648093505 0.0036262822683769264 -0.27626731984772196 -0.0006193540275037339 -0.003625835720039803 0.999993234835076 17.540353391332616
0.999994959670592 -0.003158687213666116 0.0003214475027742738 -0.12207956602630526 0.003158242525095725 0.9999940679381708 0.001374624538714371 -0.2956747837321252 -0.00032578760488175337 -0.0013736024009810299 0.9999990035389436 18.815962727741194
0.9999909676284614 -0.004221856581511389 0.0004904982144292767 -0.13027504961164124 0.004222193864714485 0.9999908493813181 -0.0006886454816124213 -0.3135061992811162 -0.00048758636360819854 0.0006907102400621943 0.9999996425893871 20.101384752906405
0.9999974210272031 -0.0019915530198073975 0.0010916297502691413 -0.1417494236373641 0.00199397948448998 0.999995533967609 -0.0022262278977037376 -0.34006328110315776 -0.0010871912241228335 0.0022283988436492316 0.9999969261221934 21.425145812883652
0.9999977490389257 0.0008704001134489797 0.0019350247347333543 -0.1519475124213516 -0.0008698611471244086 0.9999995826507724 -0.00027935616409581585 -0.35966596478862267 -0.001935267078789151 0.00027767233244047605 0.9999980888178782 22.712698502794787
0.9999958794364896 0.0014430706022056988 0.002481664215543611 -0.15677696984662953 -0.0014512977922721854 0.9999934469563484 0.0033165914852092094 -0.3788958948791773 -0.0024768618774177976 -0.003320179452780553 0.9999914207450187 23.981722431603217
0.9999954331866464 -0.0009308892346331951 0.0028752480039388358 -0.15443110625939177 0.0009156309949481258 0.9999855170357264 0.005303521346510989 -0.39262389818979365 -0.0028801433527518047 -0.005300864460128325 0.9999818026395492 25.22972257011033
0.9999856269405597 -0.004660475521890221 0.002650637697922015 -0.1572037126857007 0.004651677322316937 0.9999836835119116 0.0033158118219983055 -0.40767313586141607 -0.002666047708655221 -0.003303434252368802 0.9999909897152848 26.602006991971464
0.9999826165482155 -0.00526990410820957 0.0026447517983419133 -0.16168314162566777 0.005266760719001765 0.999985417573131 0.0011940990831539404 -0.4277619045039182 -0.0026510060191061776 -0.0011801490507070966 0.9999957896987888 27.87613968248038
0.9999786211527374 -0.00553892864406206 0.003475270773060706 -0.1731167380826912 0.005543748577983482 0.9999836827115355 -0.0013788264502763862 -0.4458345914034018 -0.003467576844744411 0.0013980629999625549 0.9999930106409112 29.189843413561416
0.9999894642937072 -0.0020475811458661986 0.004108371092726774 -0.17697302513546903 0.0020566849337827044 0.9999954365235392 -0.002212911923304818 -0.4673660533927685 -0.004103821227540411 0.0022213382336435253 0.9999891120946187 30.480655141156618
0.9999895464550076 -0.0011207136322189913 0.004432942776827898 -0.18008127944945787 0.001140016968945771 0.9999898697624966 -0.004354392460074747 -0.49613779201546526 -0.004428017843074717 0.004359400571225184 0.9999806939559588 31.851585401100415
0.9999897114342053 -6.599624983534471e-07 0.004536190615364123 -0.18173386695503968 1.8392747671958738e-05 0.9999923591166507 -0.003909139294375863 -0.5199685693936793 -0.004536153374975473 0.0039091825079483975 0.9999820706416082 33.17014415460666
0.9999907438829697 -0.00018665411344619045 0.004298524005604688 -0.18450827688779192 0.00019801093118266414 0.9999964909594768 -0.002641753282325846 -0.5442703565792357 -0.004298015827792933 0.0026425799846893456 0.9999872718344811 34.444954546895985
0.9999921571283167 0.0009227624261937902 0.0038515180592280257 -0.1853430504109893 -0.000918718084829991 0.9999990249401293 -0.0010517014177094536 -0.5688233171071453 -0.003852484774319164 0.0010481547100551153 0.9999920298346219 35.78865364204163
0.9999845257518502 0.003911898662660314 0.003955414731730759 -0.19278514517516443 -0.003908433501139646 0.9999919718386721 -0.0008834057801658902 -0.5883226184357131 -0.003958838770913189 0.000867932634677223 0.9999917871105379 37.140268540377164
0.9999702870257413 0.006342435029303853 0.004381618828128452 -0.2059685392310332 -0.00633671101028788 0.9999790529195578 -0.0013190207265925727 -0.6094285169459516 -0.004389892849267118 0.0012912164822925704 0.9999895307455812 38.51877724248883
0.9999534843487898 0.008582508892183528 0.0044010998431457116 -0.21430125732517744 -0.008579135503066035 0.9999628905768444 -0.0007847950196768808 -0.6329785977809805 -0.0044076720311042065 0.0007470008825085847 0.9999900071585454 39.81280660377416
0.9999484456326783 0.009307033919448952 0.0040601965977366495 -0.21593408383067783 -0.009304655842050842 0.9999565282147916 -0.0006042021869242884 -0.6593860021084094 -0.004065643423990155 0.0005663923056698009 0.9999915748361607 41.05993432022115
0.9999575509618848 0.008474612706273582 0.0036162430487676083 -0.2205531721769064 -0.008471495201460082 0.9999637320721283 -0.0008765326199188319 -0.6760273026679058 -0.0036235401696037787 0.0008458604263173002 0.9999930772144267 42.34632928552392
0.999965667405577 0.007650743901672903 0.0031827861802514743 -0.22992769777341865 -0.007646711489526491 0.9999699478431638 -0.0012771898596860899 -0.6981303194321751 -0.0031924619831923007 0.0012528081627914277 0.9999941193118052 43.61578650348551
0.9999714548505099 0.007171680684635583 0.0023783356179472573 -0.23333798987358265 -0.00716928551827481 0.9999737861521086 -0.0010140777957401241 -0.7235126384655445 -0.0023855459147595934 0.000996997881634492 0.9999966575773702 44.93240349799105
0.9999703038547847 0.007595303384406274 0.0013049042369244206 -0.23548955693383639 -0.007595445237693353 0.9999711488038078 0.00010378648994454373 -0.7456080101186754 -0.0013040782989979715 -0.00011369473655787276 0.9999991432262814 46.232743924198864
0.9999677852653825 0.008019881890304191 0.00033155076620672606 -0.24394767074199947 -0.008019805644600184 0.999967814238656 -0.00023066033240808472 -0.7697904238367325 -0.00033338996361561435 0.0002279939290403733 0.9999999184349468 47.58078133423102
0.9999639881493604 0.008457624635765739 -0.0007007067472145932 -0.2517331312001526 -0.008457573107635352 0.9999642311651865 7.646795405811735e-05 -0.7903041212556297 0.0007013284210027502 -7.053892176403493e-05 0.9999997515813223 48.90743862705246
0.9999634574080691 0.00835073930730806 -0.0018300277379089886 -0.26095215899576907 -0.008348762158349964 0.9999645594300104 0.0010853821309662138 -0.811691979475171 0.0018390266239073365 -0.0010700640019629597 0.9999977364694922 50.087485545349814
0.999973082451079 0.006911449551342723 -0.0024629734846815404 -0.26870279498278915 -0.006906629170801404 0.9999742275182332 0.001960299163745407 -0.8317596295673603 0.0024764585165180037 -0.0019432355527806175 0.9999950454821274 51.350497390156356
0.9999803406088595 0.005536522033528817 -0.0029436914853481744 -0.2812859709370139 -0.005530164508357071 0.999982368156013 0.0021634827487371417 -0.8539181063562673 0.002955617752546635 -0.0021471611178077716 0.9999933269891528 52.694392819430654
0.9999892811475524 0.0031716984718717376 -0.003373117075405298 -0.28853053143025265 -0.003166506956016072 0.999993795688476 0.0015433140489171475 -0.8763213238120433 0.0033779910743466537 -0.0015326165076788856 0.9999931201078044 54.0268219522215
0.9999919109961672 0.0020988536724570487 -0.003431144924737369 -0.29782327572079786 -0.002092596666603319 0.9999961430723342 0.00182616528500733 -0.8981197866609587 0.0034349645447744807 -0.0018189705107172348 0.9999924461538982 55.40562018477039
0.9999948984550571 0.0006936882170198483 -0.0031179898199150268 -0.3030888829577323 -0.0006857685629835678 0.9999965381936629 0.002540338987175945 -0.9205308230843868 0.003119741229260719 -0.0025381878081242736 0.9999919123759515 56.7676849779205
0.9999951671348275 -0.0009774316983219514 -0.002951327542468261 -0.31361051413561536 0.0009868849369476986 0.9999943824778256 0.0032032906385671776 -0.9345329858577881 0.002948179965511241 -0.003206187778191115 0.9999905142524211 58.10476824595885
0.9999940969776114 -0.0027121214457066344 -0.002109598823140848 -0.33637714589317097 0.002717972986835829 0.9999924535668304 0.0027758660332896663 -0.9555580769197015 0.002102054417394995 -0.00278158347990471 0.9999939220618145 59.463950872471464
0.9999885360512301 -0.004558257840399289 -0.0014663054175514207 -0.3548532128035593 0.004561071769281963 0.99998775220354 0.001921475273886808 -0.9756251458280518 0.0014575288788087914 -0.0019281411704378535 0.9999970789363307 60.83863471860358
0.9999927656288012 -0.0036784507439902568 -0.0009683440425757973 -0.35693654003637265 0.0036800006023321036 0.9999919429378187 0.0016036380558331995 -1.0027798638780256 0.0009624373369680383 -0.001607189961180227 0.999998245325861 62.17567212438065
0.9999977490455125 -0.0021207048791156294 -6.719168893542669e-05 -0.3713170717194894 0.002120798486766932 0.9999967356091405 0.0014251262548646134 -1.0295401780910987 6.416919739341172e-05 -0.0014252655470025843 0.9999989822496992 63.574441334955345
0.9999995425596478 0.0007835722172208422 0.0005485390365450733 -0.3920350642738251 -0.0007850604851653625 0.999995997495325 0.002718211427701103 -1.0479713069877528 -0.0005464069260597416 -0.0027186408206037772 0.9999961552083885 64.89302229177912
0.9999896482272503 0.004418040967336188 0.0010882795367783788 -0.38621130912864765 -0.0044225455453365675 0.9999815169950984 0.004172140827209896 -1.0784702015032321 -0.0010698267330062556 -0.00417691060397374 0.9999907044010796 66.16254431510524
0.9999629623977403 0.008391812334887276 0.0019108423457448065 -0.39965057293376605 -0.00840034118906554 0.9999545911076099 0.004499998968995688 -1.093063789109937 -0.0018729924296553527 -0.004515884027486587 0.9999880492739942 67.47079436255605
0.9999156123580794 0.012747537288081964 0.002503688410145324 -0.4066553492485857 -0.012757661229047115 0.9999103339829971 0.004070144220648415 -1.1114582513165459 -0.0024515795991571793 -0.0041017419593351945 0.999988582670006 68.85245556183452
0.9998715091353756 0.015635544765870278 0.003534820960088257 -0.438957907674263 -0.015647609206251068 0.9998717486731366 0.0034115291957398253 -1.1252459337183465 -0.0034810264971498173 -0.0034664023424013854 0.9999879331818591 70.22164007528693
0.9998383758836299 0.01755382356541268 0.0038839913257327488 -0.428964199941241 -0.017566728564781087 0.9998402015389306 0.003313824697030983 -1.1469242728542361 -0.0038252003758376817 -0.0033815181244097213 0.9999869665036933 71.45417640628894
0.9998299049592874 0.017934524338885285 0.0043027881471328884 -0.4339029658937571 -0.017950949078427182 0.9998316115078212 0.003809469366937162 -1.1760537632481713 -0.004233742586045005 -0.003886060526014657 0.9999834868423093 72.8115693583574
0.9998453659383013 0.017009721621389452 0.00446246367671425 -0.43671280841569965 -0.017024960121378427 0.9998492862306195 0.003399346552881679 -1.1931050288972807 -0.004403969183433614 -0.0034747941642563613 0.9999842653066833 74.15431440793199
0.999867295837064 0.015759931701675174 0.004124956755503323 -0.42762209890954145 -0.015769940089286363 0.9998727540851835 0.002405125296324293 -1.2102509919256639 -0.004086527261203351 -0.002469856447090373 0.9999885999870568 75.54444979341761
0.9998786161894558 0.015150871170150536 0.00363372946753638 -0.4222908773488733 -0.015159881801100086 0.9998820436066018 0.002465128163564384 -1.234602558314261 -0.003595952006689736 -0.0025199158461395596 0.9999903595301775 76.86071250146831
0.9998800928703394 0.015067527941113042 0.00357344138669528 -0.4347108551131233 -0.015076859408116709 0.9998829600711265 0.002598936280546243 -1.2540696078744726 -0.0035338636063452825 -0.00265250092294716 0.999990237975784 78.21251900277525
0.9998839788747486 0.014891259153063954 0.00320611765795831 -0.4448863847083914 -0.01489799006808531 0.9998868431581049 0.002085850246547693 -1.273170569959893 -0.003174693927233615 -0.0021333729528804895 0.9999926849924012 79.51919167141719
0.9998872813088735 0.014734485553172989 0.002884373802435885 -0.47287870199584514 -0.014741464518287284 0.9998884260003121 0.0024134569552579435 -1.290972576885557 -0.0028484909346737468 -0.0024557048076150733 0.999992927781638 80.87466931370679
0.999899890687382 0.01400708793285225 0.0020025211614777953 -0.48507749955790336 -0.014013676353007607 0.9998963091614572 0.0033147851165958118 -1.313030874416911 -0.0019558830317727392 -0.0033425159591834383 0.9999925010261965 82.2421688741542
0.9999283776553008 0.011912941848449085 0.0011495112670434615 -0.49750211125650723 -0.011917839200521925 0.999919509459261 0.004351977888493112 -1.338025815765217 -0.0010975738827486618 -0.00436536588007258 0.9999898694048375 83.59161052359951
0.9999512932682562 0.00986898911484925 -0.00011893272219364375 -0.49741806350149737 -0.009868292278801736 0.9999394276961608 0.004874191848422426 -1.3596679110133014 0.0001670288644603913 -0.004872780779603609 0.999988113983777 84.89625827010039
0.9999654599602996 0.008272636041421437 -0.0008014856905198621 -0.5008094593636907 -0.008268527348210599 0.999953310787419 0.005000770017912637 -1.3861252293744124 0.0008428178200690891 -0.0049939701847665306 0.9999871748777156 86.1307616071345
0.9999739918736392 0.007065890929023119 -0.0014452548832533986 -0.5000255642525704 -0.007059283127211665 0.9999648349655833 0.004527179473410782 -1.406169060307155 0.0014771926171908885 -0.004516859266543216 0.9999887078784125 87.2792472426918
0.9999799277429017 0.0061126045451406616 -0.0016673862705962818 -0.5080118264664286 -0.006105832864598398 0.9999732121591599 0.004036554114849814 -1.423353144971044 0.0016920154639473493 -0.0040262923102089496 0.9999904629814734 88.57382410579486
0.9999759520232652 0.006696654532504607 -0.0018028292309796164 -0.5136606021210738 -0.006690403096200353 0.9999716622461321 0.003451551986959861 -1.4443944522230383 0.0018258919941062685 -0.0034394073298492315 0.9999924182690808 89.76653954383531
0.9999780906526946 0.006371466052046403 -0.0017951698911867532 -0.5200127457908282 -0.006365975427196199 0.9999750921880454 0.0030478452013367524 -1.468149604058812 0.0018145444196648816 -0.0030363504176228857 0.9999937439827759 91.02626858766163
0.9999704220912682 0.007545713779087744 -0.0014890084533670071 -0.5324503986046913 -0.007542494457010943 0.9999692308402821 0.0021559568783501614 -1.4863527233130198 0.001505230871352131 -0.002144662271648553 0.9999965673459902 92.2690544634822
0.9999605818970484 0.00876295451415417 -0.0014301329652648231 -0.5356812360513525 -0.008759164303085562 0.999958165142085 0.0026353380023769932 -1.511270844122035 0.0014531664828996307 -0.002622707352734421 0.9999955048465536 93.54232614705073
0.9999551776763043 0.009384462545974019 -0.001254791246695634 -0.5454023715624834 -0.009379302820983055 0.9999477851907793 0.00405654664067203 -1.5325783886464113 0.0012927942380254495 -0.0040445957497456725 0.9999909849235032 94.93358754032566
0.9999423640693368 0.010681802367938184 -0.0010805728097072235 -0.5583720753705008 -0.010675863387870408 0.9999286445421427 0.005360201958625029 -1.5536361646460186 0.0011377523229139505 -0.005348356970699662 0.9999850501869338 96.26325450922006
0.9999507724947347 0.009837689159115004 -0.0012932359376929853 -0.5606778466224335 -0.009832532018338261 0.999943915314392 0.003935421176043283 -1.5704768044707527 0.0013318788572021698 -0.003922511661312131 0.9999914199636792 97.49699811797025
0.9999493699792118 0.01001692226089168 -0.0009585126996185882 -0.5770153765860542 -0.010015465618121396 0.99994869991211 0.0015126111640612486 -1.5914439696755187 0.0009736152362742698 -0.0015029346295391496 0.9999983966291497 98.87130903508032
0.9999562278547439 0.009292904031365025 -0.001088259699797302 -0.5874968349005029 -0.009292460457095395 0.9999567393025204 0.000411949177744486 -1.614900186174479 0.0010920408250982383 -0.00040181853561796184 0.9999993229941209 100.12366440967594
0.9999750487980792 0.006961781095825355 -0.0011980756453125396 -0.5879244104346013 -0.006959929671669518 0.9999745895218022 0.0015426242799233374 -1.6344817493635682 0.0012087846141874035 -0.0015342472673608662 0.9999980924607198 101.37663044443596
0.999989204665693 0.004611603714871766 -0.0005689140978051272 -0.5920699563251199 -0.0046095018003149794 0.9999827433144839 0.003642192525433941 -1.6606181405183211 0.0005857006288140381 -0.003639530796190107 0.9999932053620946 102.68080870530142
0.9999950077748156 0.003122723767980682 0.00048272322715845335 -0.5981535205211139 -0.003124697990150845 0.9999865292395808 0.004144587053976816 -1.6792579692878826 -0.0004697743240075796 -0.004146074727562795 0.9999912946503271 103.92311708564837
0.9999958570074219 0.0024288825295045134 0.0015448293267071947 -0.6077751341533985 -0.002433144920639013 0.9999932220620548 0.0027632654135219996 -1.7015801434519795 -0.0015381072088625591 -0.0027670127589635614 0.999994988920747 105.22233884653171
0.9999880559044655 0.0043429382107668816 0.0022420829833759777 -0.6165238790605528 -0.004343905899876942 0.9999904740678032 0.00042691355542154915 -1.7208150950649854 -0.00224020756625288 -0.00043664785382487373 0.9999973954009636 106.56371057646638
0.999973081537173 0.006445743855436134 0.003505508122872905 -0.6246207989860394 -0.006440002392854938 0.9999779071805188 -0.00164666938099137 -1.7452794440548083 -0.0035160446853591118 0.0016240495744832722 0.9999924999182491 107.81276567759988
0.9999436785211141 0.009496550663467836 0.00473870353134039 -0.6283454154024238 -0.009488880808057704 0.9999536372820174 -0.0016384222516987606 -1.766723490772275 -0.004754043192086268 0.0015933649803408154 0.9999874300516813 109.06345073634787
0.9999267258521243 0.01066806908635308 0.0057214708439917526 -0.6213270530269533 -0.010669681485338601 0.999943045734351 0.00025136529513312186 -1.7861728359110183 -0.005718463399486867 -0.00031239314808845535 0.9999836006589652 110.28507740280135
0.999916882803281 0.01087050639042128 0.0069325014089144845 -0.6257180591354898 -0.010887596535208396 0.9999377702326778 0.002432263099983569 -1.8076438725574597 -0.006905630069393151 -0.002507539215413134 0.9999730118960345 111.58515769947506
0.9999184578086475 0.010172153218647546 0.007720429552252583 -0.6212991819863365 -0.010195401504134454 0.9999435913355675 0.0029779078389885784 -1.8294352472801678 -0.007689702318323383 -0.0030563778929273925 0.9999657629301266 112.86498529581738
0.9999022220007021 0.010903133849308853 0.00875603279582614 -0.6132936336781497 -0.010924019011595744 0.9999375909192093 0.002340956070277458 -1.8515513963611896 -0.008729962582498292 -0.0024363782450042932 0.9999589250636021 114.1249879169857
0.9998687160428122 0.012872741088025637 0.009840895069942247 -0.6045467760713394 -0.012890523115210698 0.9999153899604811 0.0017456614779834485 -1.8705033653939611 -0.009817590983187966 -0.0018722865860102524 0.9999500534777854 115.4339604402519
0.9998252659779618 0.015028907985449367 0.011116179058548193 -0.6012726231688983 -0.015045842957839117 0.9998857659756216 0.0014413913532335815 -1.8954641642779935 -0.011093246674659756 -0.0016083917775312952 0.9999371745035306 116.77541948643085
0.99980228092367 0.015709333937998015 0.012190811582921988 -0.5944734408764962 -0.01571352789704263 0.9998765040652859 0.00024831272969188405 -1.9118433155587105 -0.012185405239658723 -0.0004398242914241985 0.9999256584635366 118.02655920376866
0.999769163415798 0.017022183541115888 0.013109734946469984 -0.5838315330610122 -0.01701695620860436 0.9998550709514085 -0.0005101903065154143 -1.9347165722383328 -0.013116519518095216 0.00028698475043720424 0.999913933574027 119.2049597764343
0.9997662304722474 0.016231306558709035 0.014283875339304539 -0.5780355502249581 -0.016221998026920537 0.9998681203115328 -0.0007673100397276108 -1.9563255342908341 -0.014294446030754984 0.0005354176684509758 0.9998976858362025 120.43283674814181
0.9997649115941966 0.01569738868500034 0.014957056311955257 -0.5626520547307032 -0.0157024985995816 0.9998766830201872 0.00022425494107824974 -1.975041326313479 -0.014951691635969242 -0.0004590653771340304 0.9998881118286194 121.66686767210784
0.9997697959709325 0.014424500684518185 0.01588360299934836 -0.552001282666989 -0.014443004327330707 0.9998951421697347 0.0010508526856058983 -1.993565951488279 -0.015866779453918123 -0.0012800177219369228 0.9998732954051686 122.89918420972465
0.9997780425377002 0.01345242811236597 0.016214124625301595 -0.5453670001584305 -0.013477438601696803 0.999908146603438 0.0014342262078300588 -2.0128583685451935 -0.01619334147792466 -0.0016524327397384128 0.9998675138026133 124.13810608486139
0.9998108239150317 0.01117466018936064 0.015919904270959035 -0.517395286503271 -0.011203715694456046 0.9999357275769047 0.0017370866080719562 -2.037433816188125 -0.015899469707571286 -0.0019151200741630119 0.9998717613664858 125.38460323939344
0.9998309480927644 0.009527909593052053 0.015725589804814703 -0.5080535117621678 -0.00956575793521034 0.9999515247318636 0.0023333369980345735 -2.051708359257456 -0.01570259567866477 -0.0024833697284261315 0.9998736226962602 126.5662211526199
0.99985169374085 0.007987968266250785 0.015257224076801058 -0.4973150535644689 -0.00801826444362746 0.9999659992597001 0.0019255544297461724 -2.0701901067408133 -0.015241324052207638 -0.0020476053152953966 0.9998817476849987 127.81811657951393
0.9998791335581356 0.006664140646785235 0.01404661896937571 -0.4823724822598373 -0.0066891213416814645 0.999976127316264 0.0017321816428244284 -2.0859311963938256 -0.0140347401367898 -0.0018259318189191086 0.9998998410052301 129.074022359078
0.9999029038225336 0.005253343656611245 0.012906793083088165 -0.4685873598223786 -0.0052889042901072105 0.9999823073112715 0.0027226009322613024 -2.108122031339227 -0.012892261968878554 -0.0027905993714266797 0.9999129972835001 130.33738845234276
0.9999220783049803 0.003602802592584267 0.011952285627729915 -0.46309496108040676 -0.0036384342077664684 0.9999889978146658 0.00296075094133214 -2.1289923107433486 -0.011941487125300717 -0.003004007839489196 0.9999241855371515 131.6295746419098
0.9999372457597534 0.003164761672135374 0.010746572753959474 -0.45649925004874925 -0.003197072930715243 0.9999904168442353 0.002990809985380816 -2.147279962019455 -0.01073700456706834 -0.0030249798762221384 0.9999377811792464 132.8647262471685
0.9999526493379328 0.0028050503047582207 0.009318303216573634 -0.4392294777305014 -0.002827895432841348 0.9999930262169564 0.002439369770018504 -2.169529229968559 -0.009311395677831734 -0.0024656054513528865 0.999953608274048 134.128631739642
0.9999603481023961 0.0027275939067711538 0.0084771725482973 -0.4386053991690397 -0.0027459234440336323 0.9999939158091733 0.0021513365789328554 -2.1894340140672295 -0.008471252999017609 -0.002174528941194643 0.9999617539168735 135.36434027617233
0.9999723692933052 0.00030048363342489266 0.007427675243223227 -0.43106207333278185 -0.00029919590933294654 0.9999999400194484 -0.00017447896155027348 -2.2123972167720627 -0.007427727225779396 0.00017225181052461054 0.9999723992178847 136.6625581025902
0.9999673429695377 -0.004902239861211846 0.006425032201090562 -0.42229621598257416 0.004907278430771598 0.9999876637993955 -0.000768679016431922 -2.2293119466668174 -0.006421184691689504 0.0008001833355952457 0.9999790638277304 137.99220237325486
0.9999049546469325 -0.012749024331914133 0.0052482426676978096 -0.41111241282906713 0.01274096270024292 0.9999176033545414 0.001566643284670432 -2.2493894465807243 -0.005267783403463026 -0.0014996267184353954 0.9999850006763696 139.21802827790992
0.9998026022371922 -0.01955084024630383 0.0035385315317745525 -0.3958161574089167 0.01953981740757516 0.9998042010748956 0.0031233073285506585 -2.2704540640788227 -0.003598901973724681 -0.0030535485346496667 0.9999888618109352 140.54794602711522
0.9997374282786652 -0.02276987132499302 0.0025704977345042783 -0.3897414187179231 0.022770501364375223 0.9997406951644665 -0.00021610109781225201 -2.292600212954248 -0.0025649105978214817 0.00027457587794561204 0.9999966729153211 141.8569476252173
0.9997507514636514 -0.022166099093159107 0.002664394650868151 -0.38318118074208707 0.022174793363664586 0.9997487313739156 -0.0032791242009487832 -2.319179172063707 -0.0025910397801077304 0.0033373892848633877 0.9999910741329737 143.20526508950633
0.9998176259023214 -0.01881098786535374 0.003295704867612531 -0.3814950361194297 0.01882891046132245 0.999807624095028 -0.005494263580764526 -2.343136664373558 -0.0031917183278591106 0.005555316101260747 0.9999794754879372 144.40296257480261
0.9998164643448741 -0.018798473851913116 0.003695268021805694 -0.3703662811491252 0.018819183269068885 0.9998069291921954 -0.005651785590215447 -2.368360360293732 -0.0035883096297892082 0.005720290212175157 0.9999772008970447 145.60073012825833
0.999754956166362 -0.02177964769049202 0.003959111929816011 -0.35650875216201916 0.021789131560319763 0.9997597835734758 -0.0023683105716464535 -2.3902006291504154 -0.003906579916223726 0.002453995842445475 0.9999893582122574 146.8363169483583
0.9996258750382433 -0.026993995079167256 0.004408421904897586 -0.34913927055576083 0.02699209266958272 0.9996355267616794 0.0004904785583642298 -2.416773574958775 -0.004420055128880753 -0.00037130252550878016 0.9999901625751582 148.11256321168747
0.9995263826047215 -0.030482777507169514 0.004220278731054809 -0.33362602828274557 0.030476253905115963 0.9995342079872327 0.0016015652488566552 -2.4344891373780246 -0.004267133116074135 -0.0014721884335371894 0.9999898120661954 149.3525299865941
0.9994777720088519 -0.03204396778449743 0.004167419926889663 -0.33006835959670633 0.032038465553832655 0.9994856832966204 0.001380438352080651 -2.4522977477379535 -0.004209511275293625 -0.001246199708757181 0.9999903634541224 150.62651132300277
0.9995358549891832 -0.030024045051330533 0.005160553245317343 -0.33163980652687314 0.030013709749644103 0.9995473464508572 0.002068678349636733 -2.4709373909834094 -0.005220327394541333 -0.0019128308356492517 0.9999845445106074 151.89203525994074
0.9996398838688632 -0.026123506618294434 0.006137180183860732 -0.32927808341398185 0.02611586011036335 0.9996580475614825 0.0013227986471613417 -2.4933068352133594 -0.006169637699344841 -0.0011620445468764698 0.9999802924173701 153.08947689109414
0.9997208615029141 -0.02250504482040268 0.007191803216339569 -0.3385679113932078 0.022513091269312786 0.9997460074758171 -0.0010398354020902166 -2.5100802223583 -0.007166575009757122 0.001201454866199245 0.9999735980058839 154.47039137294306
0.9997621490604394 -0.020136760115889104 0.008375929684902344 -0.36111564818719544 0.020150776696111046 0.9997956843343396 -0.0015924148245003498 -2.526882541449507 -0.008342152275927096 0.0017608175558409278 0.9999636533479301 155.9029686096559
0.9997931559273896 -0.0183997695986372 0.008665670168364843 -0.35880559776015275 0.01840316460347229 0.9998305986855468 -0.00031219333561881496 -2.5523021059578244 -0.008658457907001843 0.00047160451478560307 0.9999624036411836 157.19477260987762
0.9998263366280419 -0.01661253098297076 0.008445140572465763 -0.35988507649363727 0.016620116218799226 0.9998615328381394 -0.0008287867277098535 -2.569396169989 -0.008430202952626586 0.0009690020156105175 0.9999639957084807 158.4667076470726
0.9998546996173294 -0.014942167826525948 0.008204344811321552 -0.3700197651286937 0.014969538196513081 0.9998825543904156 -0.0032848671024272996 -2.5867975642284184 -0.008154298211511455 0.0034072050630106973 0.9999609484246549 159.74526797951296
0.99990577545728 -0.01122181364377742 0.007906396506558569 -0.3818859230690243 0.01127139508432317 0.9999169140270364 -0.006254653907391312 -2.6067175770694413 -0.007835551035356964 0.006343180684205716 0.9999491828081959 161.03475669224304
0.999950930395178 -0.0061220412561298326 0.007788286889628016 -0.3893450157829469 0.006180338945704246 0.9999529000500255 -0.007483387739505777 -2.636322678276388 -0.007742106453228128 0.007531154785410924 0.9999416690463819 162.31707878014325
0.9999641227918317 -0.0015795243126742837 0.008322153093245544 -0.4007301930590423 0.001632477987079716 0.9999784422745036 -0.006360031594152181 -2.6617725905663767 -0.008311927862021168 0.006373389145704526 0.999945144378437 163.60929490009426
0.9999595984749883 0.0013738874086134624 0.008883346842705166 -0.4040447891370704 -0.001333367049426853 0.9999886881983382 -0.004565699034958641 -2.6856230560257233 -0.008889519112463114 0.004553669811786162 0.9999501190265411 164.83040425766174
0.9999572400098318 0.0023371418642259127 0.00894739737719494 -0.3979513300491715 -0.002316262379837308 0.9999945720777749 -0.0023432335725213035 -2.712179553208525 -0.008952825280697746 0.0023224088559345 0.9999572257534811 166.15097605734996
0.9999675768630047 -0.0008712874050988508 0.008005378253882459 -0.3868181098010072 0.0008826934647483096 0.9999986002690334 -0.0014213768750751992 -2.735008294334076 -0.008004128620737343 0.0014283970846455797 0.9999669462571202 167.36534596065457
0.9999729884703684 -0.003066376965215084 0.006679795052758408 -0.402024811837771 0.003075326993373151 0.999994386707442 -0.0013300065754562294 -2.7548075990783376 -0.00667567925558786 0.0013505132039801535 0.999976805441287 168.69181922575666
0.9999844176025731 -0.0032950600458177136 0.004506343455253574 -0.39254936216265685 0.0033198284536338726 0.9999793644209677 -0.005499951933959047 -2.7825739024499176 -0.0044881277923754246 0.0055148265187467795 0.999974721379189 169.95947657497175
0.9999947420486074 -0.0014435381332096142 0.0029038031608217127 -0.3926134725969716 0.0014722696788288419 0.9999497437735906 -0.00991677110370344 -2.807704796312678 -0.00288934198938598 0.009920994143149967 0.9999466113638664 171.2571731682949
0.9999912364271002 0.0034529041028249752 0.002367387221334051 -0.40075562474631843 -0.003427906807644117 0.9999391762462051 -0.010482998758883063 -2.8443162777012843 -0.0024034400173809 0.010474791707586893 0.9999422494398188 172.5567940595732
0.9999741742396565 0.006853960300314149 0.0021619625154580247 -0.4059050958335629 -0.0068331269879141135 0.9999315190496436 -0.00950082031399488 -2.8773701745392226 -0.0022269327074627534 0.009485801983675152 0.999952529038975 173.77708107179433
0.9999564911150505 0.008994983525059352 0.002471062172292158 -0.421185071674851 -0.00897983148585299 0.9999412210608992 -0.006075940233666767 -2.9088073990598016 -0.00252556990818017 0.006053486154383933 0.999978488169629 175.1852187594756
0.9999505569432404 0.009604163498170826 0.002577539990618225 -0.417743298870243 -0.009593520371403343 0.9999455335880627 -0.004110258406423465 -2.930708332192454 -0.002616875195018215 0.00408532750027568 0.999988230962459 176.24472843249555
0.999955147251672 0.009077883353507413 0.0027010217893809994 -0.42049270851936077 -0.00906894848769186 0.9999534243380308 -0.0033020187724014773 -2.9510137965116714 -0.002730871328749978 0.0032773752403124756 0.9999909005352594 177.53498022682462
0.9999686118241957 0.0073439848604056526 0.0029734244165339706 -0.43511641645379173 -0.007335674996986032 0.9999691845461922 -0.0027960383333127748 -2.9726803902450243 -0.0029938668523000335 0.0027741384956222162 0.9999916704237476 178.8159960090159
0.9999845273188529 0.004789213829339759 0.0028299388309439132 -0.4272351058421394 -0.004782738519948452 0.9999859394144672 -0.0022904989881319887 -2.998600361045826 -0.002840868729776846 0.00227692869051562 0.9999933725083371 180.1934411335769
0.9999921566054322 0.002332526404555672 0.0032009448899358584 -0.42613229000794733 -0.0023249967684147166 0.9999945264627834 -0.0023540251697505734 -3.021858732121209 -0.003206418195310175 0.0023465645196773604 0.9999921062274998 181.43405997845917
0.999992803369665 -0.0009334558820032679 0.00367720940310425 -0.43306481836592436 0.0009379861009690977 0.9999988030989091 -0.0012304400932798972 -3.0503874843138377 -0.0036760564403056583 0.001233880409567855 0.9999924820458312 182.84214039434215
0.9999772401195072 -0.005257120248929323 0.004228703070827527 -0.43266296330805376 0.005255918226733155 0.9999861439600513 0.0002953159344093424 -3.069222329849412 -0.004230196989127361 -0.0002730834955085625 0.999991015389057 184.0130463086754
0.9999601255404847 -0.007861336994173535 0.004236355712326891 -0.42293729966205634 0.007861055705331731 0.9999690979758009 8.304613378303758e-05 -3.0880399721949714 -0.004236877654003786 -4.974059412113615e-05 0.999991023156517 185.2583569580247
0.9999722372804896 -0.005832378640500222 0.004637674810241626 -0.43076330009430397 0.005852298026927768 0.9999736591041516 -0.004293216236998333 -3.1122244574611257 -0.00461251298705269 0.004320238100781654 0.9999800299339463 186.55200218885463
0.9999864854783364 0.0014028258412880183 0.005006090325132448 -0.43698621323280407 -0.0013564515441041973 0.999956251750104 -0.00925497839492222 -3.1428536818902604 -0.005018854440294833 0.00924806279936475 0.9999446406849558 187.89878894779363
0.999925701881756 0.010546376253903242 0.006112664246304817 -0.44148320246414946 -0.010489946374850156 0.9999027355677546 -0.00919132358113679 -3.1809476964546093 -0.006209004858245406 0.009126519162939321 0.9999390755974277 189.2562442365205
0.9998008320415569 0.0185327074570535 0.0074050660578579225 -0.45228924816823857 -0.01849178754950805 0.9998135709757404 -0.005556715393224615 -3.214270609509116 -0.007506666519422898 0.005418675765232102 0.9999571430369988 190.62085877670987
0.9997779244737348 0.01942181454938275 0.008178927472471039 -0.4544610009257939 -0.019393749512496377 0.9998058084563729 -0.003496835246977942 -3.237437576969342 -0.008245254079596498 0.0033374386147682214 0.9999604378617462 191.99886723312233
0.9998185424651517 0.017444452599093753 0.007653314078034574 -0.44847831658400233 -0.01742199274583974 0.9998437500980975 -0.0029915812769466376 -3.265411656574393 -0.007704304746242699 0.0028577024496336517 0.9999662380426081 193.4834140832559
0.9998773356406766 0.014284365926706457 0.006424216852893365 -0.44096957886470683 -0.014265249970147031 0.9998937106430895 -0.0030116539778136785 -3.2944427818423248 -0.006466553594479144 0.0029196414959389906 0.9999748293722921 194.8905641636864
0.9999085756180285 0.012293872124451696 0.005630374207131367 -0.4450836617112831 -0.012273275305680979 0.9999179153352036 -0.0036782203537503695 -3.318380413020054 -0.005675131610426463 0.0036087809420095925 0.9999773845349286 196.28636586099006
0.9999072113479694 0.012582901909979596 0.005219125774508464 -0.4570605367423577 -0.012560729933384737 0.9999120386606365 -0.004259460654773521 -3.3442640644915724 -0.005272263068823494 0.004193509395818986 0.9999773086030901 197.84735619961882
0.9998895105718282 0.013899733404962748 0.005269161195106541 -0.4713702989309819 -0.013877743758431529 0.9998949326299358 -0.004187114656970217 -3.3698926500399202 -0.005326807355665249 0.004113527956178482 0.9999773517491027 199.34823714963446
0.9998715233616119 0.015203604845868118 0.0050781069523403105 -0.47002678021755023 -0.015187018681347367 0.9998792613218107 -0.003288957604090442 -3.40113764557253 -0.0051274978401866156 0.0032114137447225573 0.9999816976263408 200.8331536404872
0.9998836015161107 0.014454111061276058 0.004884884092677014 -0.4807860606934779 -0.014435182621773433 0.9998882474708729 -0.003888196535837008 -3.424613267523596 -0.004940538619082208 0.003817229761691133 0.9999805097276142 202.26963868057436
0.9998908272369245 0.014111716394461668 0.00438098937001133 -0.47737583442091147 -0.014090741491426018 0.9998892845716383 -0.004782217376722934 -3.457486157472933 -0.0044479896222535745 0.004719963900148739 0.9999789684433873 203.6357843549685
0.9999000985069978 0.013457110506142504 0.004324255140550347 -0.49229279548608057 -0.013434368238162823 0.999895993556818 -0.005245933574138451 -3.4856051177063403 -0.0043944004979688134 0.005187315861628242 0.9999768902321766 205.17861580794545
0.9998996555502908 0.013617995825154059 0.003902437714422178 -0.49491879788416987 -0.0135976769034994 0.9998940945507223 -0.005186797221624853 -3.522924632148393 -0.003972658207912743 0.005133212668135116 0.9999789338353414 206.67537151876567
0.9998988182925924 0.013789655784712744 0.0034926451888973517 -0.4941896087676826 -0.013770840748924188 0.9998908380445055 -0.005354992037650131 -3.5530224221916233 -0.003566107421847727 0.005306353549723747 0.9999795625360853 207.99435954453182
0.999901324010206 0.013700005502348239 0.0031067815937896696 -0.49327269478883196 -0.013682688393162154 0.9998911047273638 -0.005528356485149885 -3.583793268265337 -0.0031821817942264637 0.005485301844648295 0.9999798923891925 209.49026932613734
0.9998899301957573 0.01460038901749322 0.002637448323725208 -0.49808068922701293 -0.01458516458829446 0.9998773711475325 -0.005702248769655447 -3.620440965003543 -0.002720379946775292 0.005663153506354922 0.9999802639178975 210.90253582611305
