0.9999947511204134 0.0001285840519861158 -0.0032374678012684374 -0.09498107111483148 -0.0001276868707619989 0.9999999533921946 0.0002773295362987419 -0.016783891664646614 0.003237503310532681 -0.0002769146984966643 0.9999947209313478 0.9953393284146282
0.9990277216848381 0.000313443858025181 -0.044085292991536455 -0.06737774249995206 -0.00047170785640992657 0.9999934819812671 -0.0035795930885179823 -0.02082670924380595 0.04408388364130307 0.003596908106837154 0.9990213578573638 1.9955509940698621
0.9974651491693417 0.0004245214938280781 -0.07115543530950014 -0.09127490312349901 -0.0009336918235271751 0.999974197780226 -0.007122639494749235 -0.027221067182763594 0.07115057562776185 0.007171021914257487 0.9974398087265934 2.9974827558898163
0.9966258077908521 0.0008637454370008998 -0.0820746805601573 -0.2799519419502486 -0.001618775901311399 0.9999569810647629 -0.009133213258570413 -0.044472454533188224 0.08206326102351243 0.009235256556547467 0.9965843322200694 3.979371727739979
0.9954907334543093 0.0008708095582461367 -0.09485484329919537 -0.46652244991268543 -0.0019371904411372887 0.9999359521350549 -0.01115073634141192 -0.058995647321703114 0.09483905788121477 0.011284206594802546 0.9954286613222111 4.961705667106784
0.9939928667205143 0.0005007791097040345 -0.10944373042352715 -0.6783469026617721 -0.0019011050636344538 0.9999176591618754 -0.012690969063568097 -0.0792090795593848 0.10942836336284766 0.01282279675104862 0.9939119725484797 5.938804177342245
0.9925247698688276 0.0011109973164517778 -0.1220383008804778 -0.9177713404410425 -0.002363418987752036 0.9999460161345226 -0.010118254166857549 -0.09546543045920163 0.12202047142803343 0.010331045525968509 0.992473815297321 6.909595515010001
0.9903735299409714 -0.00023951136795762962 -0.1384204241669732 -1.1636588483864336 -0.0011582390083565814 0.9999491555566477 -0.010017224363395123 -0.10527930672705442 0.13841578549666825 0.010081117787809773 0.9903228975387213 7.878848781951007
0.9876165225169666 -0.0015864949152682296 -0.15687921304423444 -1.4129769603174458 -0.00011027379431531766 0.9999416023191804 -0.010806469869484744 -0.12518437938216673 0.1568871960715238 0.010689947859256485 0.9875586730536984 8.847068373288973
0.9843604806353948 -0.001832411180638519 -0.17615642603243278 -1.7064345603763882 -0.00013631873993010419 0.9999376793402454 -0.011163281455085591 -0.15424529168577772 0.17616590356949333 0.011012706520623571 0.984298884848822 9.802606648557873
0.9798166878570885 0.002596635716918834 -0.1998812539477343 -2.0613640524845867 -0.004638497860369734 0.9999417311218465 -0.009747753517798665 -0.18814784707575344 0.19984429572635878 0.010478160334621369 0.9797716395271082 10.736888261638194
0.9743793945415351 0.0069496804331597726 -0.22480324160195908 -2.454018069483654 -0.009649521378358387 0.9998938873599119 -0.010913329347728734 -0.22281710385675316 0.22470354298506381 0.012802966928034662 0.9743430616614455 11.655919955473955
0.9673779716629097 0.009528077119094152 -0.25315820288461394 -2.8651627548183765 -0.013084450286481492 0.999837900963366 -0.01236806200949207 -0.2671933759064089 0.2529993223351702 0.015277026660402261 0.9673458302770329 12.56640564351811
0.9591546750459027 0.010494042710643532 -0.28268743234388055 -3.2935247468938087 -0.014381016895371981 0.9998283842471929 -0.011678544716803603 -0.2841384597943546 0.28251636358031346 0.015266863503501477 0.9591409839998091 13.469851779790417
0.9497119709042725 0.011438903165588475 -0.3129158414262383 -3.747184272326865 -0.016373378593166597 0.9997795223972178 -0.013146066660251513 -0.31306740310305003 0.31269647390811306 0.017608466417017493 0.949689874177815 14.360558339383589
0.9392843088452539 0.013611717280173862 -0.34286981247957443 -4.235601131904207 -0.018554833074006908 0.9997657765014731 -0.01114048051037932 -0.3276540971682623 0.3426378632414836 0.016825970673070206 0.9393168695303094 15.233051078939141
0.9274132753848062 0.015452669552323814 -0.37371892063920525 -4.753749462497304 -0.02087919568530261 0.9997271159591086 -0.010476297228399623 -0.3444228826138615 0.37345505195078116 0.017518807601820893 0.9274828384140866 16.088185278996654
0.9142313133745286 0.01706520216093221 -0.40483315639988204 -5.3091893535757135 -0.023589761071200883 0.9996597292276748 -0.011133235516041395 -0.3552662791451394 0.4045054125943044 0.019728269961111773 0.9143227912210513 16.91967609980467
0.8985474830245134 0.01919221249860042 -0.43845647415646727 -5.894626469919242 -0.026878571179405866 0.9995744984406375 -0.011329804874823208 -0.35629920900422746 0.4380524662202758 0.021965451203117166 0.8986810089190597 17.730389872329745
0.881958404500119 0.021039025606853362 -0.47085744353585285 -6.493938423277925 -0.02855699543257363 0.9995531875019096 -0.008827421290301408 -0.3613666755714453 0.4704613382026929 0.021231692261491242 0.8821651458203538 18.530899830422136
0.8624109203521266 0.015630078051498623 -0.5059674941312949 -7.109886096504762 -0.024684627184543846 0.9996326108294049 -0.011194308694492762 -0.3625703467248578 0.5056066392346504 0.0221437130240522 0.8624799025689536 19.318687524329967
0.8404138590617809 0.010165605095741895 -0.5418498001936723 -7.7547298972810665 -0.02040112188766402 0.9997088191871539 -0.01288685629434327 -0.3832951294979604 0.5415610212363976 0.021884636448061125 0.8403765364197929 20.082724662648108
0.8159847172642495 0.013077781643195908 -0.5779255253217979 -8.450020090422413 -0.021713743646031392 0.9997319376886983 -0.0080353034836931 -0.41723889208624826 0.5776655213253233 0.019105611544609276 0.8160499501130125 20.800679638946225
0.7878706964450188 0.02009209953008307 -0.6155128538216843 -9.214165888972815 -0.027631896924541766 0.9996144132035831 -0.0027391947735541317 -0.44692692982344956 0.6152204840182033 0.01916591902646997 0.7881220867303996 21.445064000918947
0.756961291782977 0.022190268802394192 -0.6530828390891344 -10.00324319004524 -0.030854473172775024 0.9995222654558462 -0.0018006507832052949 -0.47481207159272976 0.6527308819318091 0.021513549881180545 0.7572843342787661 22.0587715480595
0.719124122973149 0.022303262507315517 -0.6945236210811185 -10.81452755177462 -0.030966648055658453 0.9995204177721848 3.412790268275506e-05 -0.48547575284846245 0.6941913010592227 0.02148252634227483 0.7194699011047357 22.64331447855576
0.6801307224771737 0.01842094273431422 -0.7328593788793706 -11.62120805365219 -0.025377325678980683 0.9996767013022273 0.001576139232466456 -0.4870106732806814 0.732651480367071 0.017526030419815247 0.680378311363365 23.23432467068156
0.6368514768403848 0.013406224986123635 -0.7708699433612923 -12.466368721138274 -0.02039294079346551 0.999791896605819 0.0005398584383108436 -0.49133224346154486 0.7707167601732915 0.015376495470705936 0.6369923382388719 23.768817782127723
0.5945466579211158 0.014777247280725075 -0.803925310285499 -13.343008284167485 -0.018494159291888357 0.9998179187284746 0.004700580979787212 -0.4956858710228957 0.8038483921902922 0.012073208035380732 0.5947116948747665 24.250005936820276
0.548089224179439 0.015495945504492284 -0.8362763167824989 -14.25489465404584 -0.016393363828615462 0.9998353311599036 0.00778255656891384 -0.4973824946388288 0.836259206203892 0.00944384653028139 0.5482530016351481 24.66046439067832
0.5004799557472954 0.01282123749012105 -0.8656531809936396 -15.180596008007875 -0.014384106319938913 0.999875461480117 0.006492997404875027 -0.5053341429439605 0.8656286220894976 0.009202032337746673 0.5006020487575872 25.03872465815108
0.44839892718153535 0.016441854164075606 -0.8936823079451084 -16.130084063948647 -0.014233766989599208 0.9998353696892608 0.011253150475532166 -0.5019328239425586 0.8937202034080546 0.007674565133376904 0.4485591366478673 25.35251688848002
0.3954901494004691 0.018708083531555293 -0.9182796683678514 -17.094850171970812 -0.01351591746068599 0.9998028207744599 0.014547836493065666 -0.4974802423462131 0.9183707648343294 0.006657866175389834 0.39566502387196223 25.6156054052845
0.34115372219407053 0.021225554011697623 -0.9397678509557706 -18.07143861476842 -0.013490613994831412 0.9997526265380898 0.01768301626513367 -0.4976843822275137 0.9399107091459136 0.006645418503527903 0.3413556755727666 25.830724580288123
0.2857411617025171 0.025883834279195925 -0.9579572097081911 -19.05559402068773 -0.01158575404311882 0.999655413994047 0.023554693282715568 -0.4965596668164739 0.9582367968368515 0.004368111193361859 0.28594258303452175 26.0080051499871
0.23137251037941242 0.028789184514163364 -0.9724391725428064 -20.045473092463972 -0.007452303508754594 0.9995851771815425 0.027819718391055823 -0.49085554512841334 0.9728366895903665 0.000810193775404261 0.23149107752331274 26.149760810955495
0.1826189650310747 0.029599211761996612 -0.9827381137790716 -21.041545264699568 -0.004852889919327186 0.9995616881642666 0.029204126654161368 -0.48379390725873256 0.9831717871615373 -0.0005641074985223162 0.1826825626936524 26.23809631487447
0.13477626386071329 0.03154506606516469 -0.9903738019084973 -22.041080462070358 -0.00732863774412831 0.9994975175343411 0.030838344824339805 -0.47385623866675386 0.9908489540634152 0.0031018139263895754 0.13493972351314285 26.26676002635968
0.09256659522086838 0.03066354201002088 -0.9952342300386453 -23.04087795126249 -0.009226531954411789 0.9995092002228613 0.029937097019424947 -0.4539256681939078 0.9956637467324555 0.006411385283690991 0.09280408170675478 26.26440986357849
0.05513429867062699 0.02938194130114594 -0.998046547329068 -24.040295671327762 -0.010548535731518016 0.99952829827098 0.028842838789543607 -0.42783105900810425 0.9984232256433241 0.00893769997788741 0.0554182281842926 26.24245198932773
0.019669373574617913 0.026941852108487034 -0.9994434713119826 -25.03926967909184 -0.00935952418364363 0.9995980213605505 0.026761819802246945 -0.40775634401431093 0.9997627293764451 0.008827927108702232 0.019913629822951407 26.201939506742743
-0.011910303974587231 0.024032353980396565 -0.9996402305936838 -26.037668237724294 -0.008745276084227236 0.9996704017162978 0.02413727570762755 -0.3989055938958472 0.9998908264432894 0.009029612092238605 -0.011696208788326105 26.146092772069895
-0.03762350797942642 0.022081291343134815 -0.9990479909493543 -27.033189089232682 -0.009562315225135095 0.9997021038811972 0.022455859436744 -0.38753051193318694 0.9992462328049369 0.010398080021198849 -0.03740115181402224 26.052233005571324
-0.05911791619774176 0.01948061742160071 -0.9980609087271725 -28.027629245053767 -0.009686130184469155 0.9997513077467641 0.020087347776252745 -0.3726895441812937 0.9982040126479592 0.010854870036432374 -0.05891452223353623 25.94799477243909
-0.0742555751195975 0.018992860593401457 -0.997058363793282 -29.02144551407869 -0.009307428153185276 0.9997618725536641 0.019737526926246144 -0.3539230415310284 0.9971958089286335 0.010745670498885378 -0.07406111814372128 25.838539429782074
-0.08602103868648776 0.019804469063677395 -0.9960964631542484 -30.01457198719408 -0.008757883462902107 0.9997487496053805 0.020633398647055816 -0.3378257148139085 0.9962548270299867 0.010498603125365972 -0.08582598063446764 25.72259159266923
-0.0968304479480741 0.021451154697497227 -0.9950697022381491 -31.007722315698732 -0.009800215056060851 0.9996987038759098 0.02250460516607706 -0.33402312208563506 0.9952526413604894 0.011931028076830058 -0.09659104738017689 25.60580688391862
-0.1033298815805226 0.023094865556489163 -0.9943789834652994 -31.99979153864172 -0.011500055258481589 0.9996358358024962 0.02441197469473947 -0.33464102140563323 0.9945806575143153 0.013957899712077795 -0.10302666030703161 25.480114336226077
-0.10781262708279801 0.024140383880302083 -0.9938781008290789 -32.99103402290743 -0.011555666580250873 0.9996071875877635 0.025533058821216127 -0.31854297252492486 0.9941040710164065 0.014237710103568672 -0.10749131871744384 25.3490453009862
-0.10814969848186205 0.024051380908786467 -0.9938436364915068 -33.983902283895944 -0.009202214189838404 0.9996402502181129 0.025193042648174062 -0.30081282408144155 0.9940920289250325 0.011870181980443416 -0.10788946569273782 25.231145610914453
-0.10874977128112717 0.02632497359910344 -0.9937205256063238 -34.97738080574291 -0.007277911820483178 0.9996014126864714 0.027277238766846172 -0.28293153255976655 0.9940425138020188 0.010198603836642185 -0.10851483416541435 25.118526217264293
-0.10652556127324886 0.02813003372718643 -0.9939119709501069 -35.9703228426427 -0.008211708305186166 0.9995407498764458 0.029169456339508265 -0.2725828571072028 0.9942760545452811 0.011269007895076545 -0.10624564376448954 25.000374168907285
-0.10542444125166331 0.028358335917915384 -0.9940228830216841 -36.96247152310357 -0.010521823113922423 0.9995055348599228 0.029630677055011975 -0.26291600780576485 0.9943716500509933 0.013582730518778438 -0.10507393114621856 24.875682932810832
-0.10438347764978942 0.025493632568681562 -0.9942103219601919 -37.95542333823444 -0.012450525130480816 0.9995595674133306 0.026937995776414567 -0.24913969579983278 0.9944591867028592 0.015190322278606224 -0.10402009465175874 24.75796639866691
-0.10246080529731011 0.025812639650658435 -0.994402077135849 -38.9489094319849 -0.012878577299816401 0.9995450561383071 0.02727311856390367 -0.23013695762952652 0.9946536711964422 0.015600909708518544 -0.10208176130782243 24.645605364238033
-0.10170241843508897 0.02814919848753114 -0.9944165328015031 -39.94231581761075 -0.012564534220576112 0.9994835141957027 0.02957764917684052 -0.20883599471954853 0.9947355178962269 0.015502499008800366 -0.10129620901202592 24.532950252293702
-0.09868430529798679 0.032312344593754296 -0.9945940479787255 -40.9353686153751 -0.013510703341246324 0.9993370548678053 0.033806976548720856 -0.19203369534380244 0.9950270693720243 0.016773883122145655 -0.09818232051609888 24.416476271280427
-0.09675266875881082 0.03485786949749474 -0.9946978687129788 -41.92922341665774 -0.013858963080849326 0.9992424649197078 0.036365167997827165 -0.17924936207342285 0.9952119624634604 0.017303908092744888 -0.096196281291671 24.30652558820522
-0.09390463632016781 0.03413610730419474 -0.9949958017276719 -42.92192857554035 -0.01544925388033679 0.9992417051253865 0.035739827820671116 -0.15568368908365107 0.9954613201084803 0.01872807828440553 -0.09330605152751457 24.188282047505663
-0.09287403614176742 0.03092693133804353 -0.9951974368580079 -43.91454424826585 -0.017725250907088815 0.9993077345578385 0.032708823475655006 -0.12969169025417063 0.9955200796021239 0.020677924724032473 -0.09226155503831898 24.069794654900214
-0.09262873557413291 0.030369263568601035 -0.9952374717504547 -44.90859118124697 -0.01866608358383432 0.9993061387069319 0.032230706884644314 -0.10776951088102182 0.9955257378237787 0.021562675458842974 -0.09199758886774087 23.96306129212527
-0.08907766438768364 0.03258451058250223 -0.9954915466126937 -45.902900464063705 -0.016384298797161304 0.9992815659292192 0.034174650648879 -0.08615821704998186 0.9958899158341553 0.0193546290108177 -0.08847979360109869 23.85872136782938
-0.08672055752389923 0.03463592232350386 -0.9956304022013105 -46.897983278328866 -0.014060504882226058 0.9992533531052259 0.035986643500328784 -0.06742955260920411 0.9961334484421259 0.01711984791880642 -0.08616880933398066 23.761453181620364
-0.0844599128897853 0.036318123561836314 -0.9957647900059512 -47.89290650394487 -0.01336575029961884 0.9992043371786901 0.03757724420740687 -0.04870062549363049 0.9963372319820125 0.016482914312767556 -0.08390729230632937 23.66257262733403
-0.08364851118131411 0.032112067020907756 -0.9959777817445494 -48.88876542866281 -0.013157516371214784 0.9993579192775468 0.03332609998475303 -0.03158321828440361 0.996408453567156 0.015892272615874142 -0.08317228703728129 23.573283689196096
-0.08380399211615429 0.0255924716575665 -0.996153560601904 -49.884629045552266 -0.01185173870013904 0.9995738354726752 0.026677401077110453 -0.018348815744451102 0.9964117759215714 0.014041824415012373 -0.08346496254068972 23.483387707601114
-0.0865510935912428 0.020416366865052205 -0.9960381921202572 -50.88042744007403 -0.0088305725279348 0.9997349926763814 0.021259478055319615 -0.0005277674089094429 0.9962082760080792 0.010635618570977789 -0.08634786870921494 23.39352866045879
-0.08726164006893479 0.021195563571546297 -0.9959599159892747 -51.87650402879694 -0.007761455622424746 0.9997288146380023 0.021955796253287103 0.014030368405708916 0.9961551917141732 0.009645997479745694 -0.08707346756343114 23.306238950953983
-0.08651102098817491 0.02862959462482642 -0.9958394396483806 -52.87187437103368 -0.0081166518934852 0.999533567569843 0.029440911384363503 0.022994082529076497 0.9962178291968198 0.0106298453761128 -0.08623829298899853 23.210540856645824
-0.08793710430168494 0.03576945520711723 -0.9954836069776437 -53.86712344891878 -0.009363271584377896 0.9992812486847511 0.036733025634728564 0.03906553936715756 0.9960820221408839 0.01255117927648524 -0.08753898026877927 23.11450684660857
-0.088036936415735 0.04168204572263154 -0.9952447462262273 -54.86214158232677 -0.011405853982492737 0.9990164535845169 0.042848943538257404 0.05795030481287583 0.996051908447277 0.015123905970058239 -0.08747492867528907 23.016615476468157
-0.08836680384210926 0.04233468274592813 -0.9951879634599341 -55.85668924784649 -0.012913952393034228 0.9989637665707584 0.04364198566006935 0.0783357548224431 0.9960042860411402 0.01670831276834563 -0.08772852712837753 22.914342726303573
-0.08956165611712667 0.03854285512292346 -0.995235227507814 -56.85116017005679 -0.013031883245861145 0.9991200469226564 0.039866048918029584 0.09685353691688384 0.9958960185544596 0.01654025865099486 -0.08898056007429017 22.81097018570259
-0.08904702185731857 0.036350265712910654 -0.9953638963117672 -57.84578672691262 -0.013465745217356103 0.9991985601115693 0.03769497548357554 0.11742505429383386 0.9959363943566297 0.016759941932086037 -0.08848617260538275 22.709501953296076
-0.09056897485589717 0.0369103356918515 -0.9952059525106681 -58.84039883601785 -0.014937939261598263 0.9991501714149428 0.038416050449084645 0.13990747747427004 0.9957781473622371 0.01834562837857132 -0.08994064239945507 22.608290503795963
-0.08917463819126413 0.039786563112531766 -0.9952210374078461 -59.83491658023108 -0.015609272914961366 0.9990233161085487 0.041337204435525576 0.15857614930104785 0.9958936863453468 0.019220907032986262 -0.08846650343664474 22.50538753276616
-0.08982808159701945 0.0388427648530184 -0.9951995555541471 -60.82928295099331 -0.01618176823659746 0.999050375334632 0.04045365150968823 0.1763253750695322 0.9958258211822673 0.01973796246585158 -0.08911423401657188 22.400879619455498
-0.08899765287471095 0.033964668822441944 -0.9954525699673359 -61.82402143560199 -0.01696408601909935 0.999221773369857 0.03560993413549386 0.19510856256235865 0.9958873618880448 0.020056143581941317 -0.08835221296770933 22.300168165514712
-0.0881416257513088 0.030204614888060942 -0.995649905865199 -62.81828320751956 -0.018357768645259766 0.9993211475021277 0.03194114095327627 0.21509650079409753 0.995938776301176 0.021093254715521384 -0.08752730125636664 22.195075510415062
-0.08989975568884721 0.031374609253261534 -0.99545651227027 -63.81296882975565 -0.018050351419999524 0.9992881895627079 0.0331255039825709 0.23300264763912173 0.995787235678737 0.020946314584908372 -0.08926944138175118 22.09365953245711
-0.08885988098786732 0.033324353905775816 -0.9954865187372374 -64.80773070292025 -0.016821524856328127 0.9992474212337378 0.034951787640007996 0.24681877923016246 0.9959020824620914 0.019851412909082187 -0.08823244048071602 21.99237597943138
-0.08796143412809532 0.03910623869169743 -0.9953559605495493 -65.80331029573956 -0.016680494194222066 0.9990311598872005 0.040724718389088824 0.26199877376906355 0.9959842103264318 0.02018523395509802 -0.08722390217487777 21.89968568019921
-0.08797613219383164 0.043829115773319056 -0.9951578813307674 -66.79829796134159 -0.015596875770105852 0.9988484651667058 0.04537048710700828 0.2843540487083419 0.9960004706978939 0.01951287381818228 -0.08719122733928172 21.802202743798915
-0.08964878504041487 0.04782258470538615 -0.9948246557724999 -67.79328404076823 -0.015599662712394862 0.9986566224499598 0.04941255872849609 0.30291263949939873 0.9958512669390134 0.019948704943773033 -0.08878233668376405 21.703914703046955
-0.08860198553568864 0.047660101010154866 -0.9949262298938724 -68.78760476777944 -0.015303057354793663 0.9986715921585031 0.04920231144159248 0.3275110036029716 0.9959495492216113 0.019584835646524874 -0.08775494070403698 21.60036637157599
-0.08914802341091901 0.04408782986173858 -0.9950421564838385 -69.78241447871876 -0.015116812100069836 0.9988449073217748 0.0456106688098889 0.35683947282135164 0.9959036659807305 0.01910796628206601 -0.08837858174187886 21.502922108750422
-0.08902299212004613 0.04006335962886477 -0.995223509614419 -70.77684488668449 -0.015986447271775468 0.9990045449801064 0.0416455593396995 0.3798641467525774 0.9959012703966302 0.019617500461015108 -0.08829390294941707 21.400071073291198
-0.0904297848695376 0.037364968493594726 -0.9952016444610212 -71.77041928786102 -0.019699806347774927 0.9990332910926687 0.039298866630100834 0.4022723106737101 0.9957079750801991 0.023159067727845848 -0.08960628294750142 21.28911646167133
-0.09104948664061413 0.035859660585853374 -0.995200520360167 -72.7649719101038 -0.022722949479380455 0.999016457344519 0.038076049187957234 0.42246887364033564 0.9955870923979677 0.026080695877863408 -0.09014509833090312 21.186855210912345
-0.09084774821339955 0.03402186555382128 -0.9952834768591267 -73.76047335924206 -0.02044463141781742 0.9991419234296934 0.03601990965288308 0.4362002825358857 0.995654911950293 0.02362053152344309 -0.09007422938779786 21.09310559557668
-0.09044158976553138 0.03085761531125976 -0.9954235914513906 -74.75567360181381 -0.016997329717424913 0.9993264479091246 0.03252293485847246 0.45253687901002937 0.9957567020227189 0.019860968924843535 -0.08985617558190351 20.996597804793325
-0.09225515192446883 0.029220760260708686 -0.9953065528334366 -75.75094357661301 -0.012813028721299472 0.9994517193875369 0.030530098399500463 0.468933522081171 0.9956529582331295 0.015569450314067208 -0.09183016377278988 20.900836438749913
-0.09341743602282142 0.03256357516450321 -0.9950943654847147 -76.74508786979985 -0.012443392237080938 0.9993487480863987 0.033870956404883586 0.48584779374605447 0.9955492678097644 0.01554648740562036 -0.092951396400434 20.79410467752041
-0.09480200068578588 0.03908140861144474 -0.9947287188811413 -77.74055923997409 -0.009774439553760792 0.9991443891273132 0.040186440584080725 0.5005242957450191 0.9954481608790002 0.013532670702904847 -0.09433888819709804 20.70017758469211
-0.09765959121589314 0.042220155940520296 -0.9943239224095446 -78.7347760665612 -0.0075365635891221534 0.9990397197580454 0.04316061346914723 0.517222993160074 0.9951913406239092 0.011708833337448871 -0.09724761575002255 20.59408412166486
-0.09906816750490642 0.041273192598158634 -0.9942243317078768 -79.72866371148633 -0.007433756801682857 0.9990808717957358 0.04221552879789477 0.5340315914613407 0.9950528817339486 0.011573036966489956 -0.09867029628180396 20.484974432614756
-0.10050401961864784 0.03731782596347246 -0.9942365522881633 -80.72145972707187 -0.01048267061261224 0.9992011533975284 0.038563825871876706 0.5522158041168719 0.9948814279386887 0.014298073800653177 -0.10003254184648662 20.366544912542857
-0.10034436180391394 0.03321316989480149 -0.9943982574399974 -81.71382664349989 -0.014840497920885754 0.9992815299914414 0.03487382169227008 0.5709706584262343 0.9948420822802119 0.01825675665344496 -0.09977936741065983 20.24464694678278
-0.10092603533408401 0.03125348574592609 -0.9944029138234016 -82.70593470941003 -0.01907719333700042 0.9992618993506841 0.033342423433905144 0.5864003911863962 0.9947110113425549 0.02233553524749984 -0.10025531297184063 20.120210767168405
-0.10243520281762547 0.03287502611170899 -0.9941962894126419 -83.69845388760226 -0.020827240091262335 0.9991637648730273 0.035185182036457256 0.5977433533855614 0.9945216213305246 0.02431056607551876 -0.10166484684095549 19.99864747872652
-0.10420268767989302 0.03389575775698015 -0.9939783083580678 -84.69231883616973 -0.020613774736251207 0.9991307618423141 0.036232485858962785 0.6142649464870914 0.9943424320481411 0.024265167349040835 -0.10341339121271108 19.889283266951995
-0.10587162577226583 0.03374288175167502 -0.9938071325903377 -85.68532900989665 -0.022412167524400433 0.9990892309522265 0.03630982431996328 0.6254549447582844 0.9941272019229722 0.0261175520748185 -0.10501895005390022 19.77178352153083
-0.10453025383720603 0.03277915989212685 -0.993981364367308 -86.67779134086523 -0.023329246582646845 0.9991008405189676 0.035401366190846696 0.640290724922024 0.9942480436423388 0.02688935014199367 -0.10367155136451792 19.65011300235481
-0.10620516950796753 0.035015003276942826 -0.9937275338417965 -87.6709093569408 -0.021649308705497146 0.9990614607264934 0.03751673124912972 0.6553750839235307 0.9941085299917511 0.02549798495099205 -0.10534744117006815 19.53396265714662
-0.10715332024266583 0.03662770659614031 -0.9935676006545701 -88.66346116214665 -0.02053758920383887 0.9990264181604316 0.03904386311871245 0.6788281550215016 0.9940303684448828 0.02458916279675752 -0.10629675292447764 19.414401667589487
-0.10634436389815823 0.04060351483918227 -0.9934999903622544 -89.65536086610501 -0.020764645947982725 0.9988573209284555 0.04304511477837041 0.6927572026695558 0.9941125216723474 0.025207280899225387 -0.10537972880927561 19.288139684968904
-0.10564600466128132 0.04199701523652499 -0.993516568764875 -90.64759946918285 -0.02059835322862015 0.9988009787357536 0.04441072754154457 0.710286074308393 0.994190439273774 0.02515662115077037 -0.1046542635008199 19.16502057551123
-0.10578740110127469 0.04192410708077133 -0.993504602411945 -91.64039539269446 -0.0199972564306627 0.9988191021189219 0.04427765776999311 0.731553651551077 0.9941876761977522 0.024551384641814368 -0.10482410986354852 19.04710477303859
-0.10465977884813905 0.03998477835249984 -0.9937039539981508 -92.63416608803358 -0.019335913061939054 0.9989207414347595 0.04223120644134139 0.7482364169453622 0.9943200959236024 0.02363408199045413 -0.10377368168735598 18.936904378848332
-0.10558722710881194 0.03637969740127476 -0.9937443610347999 -93.62715514840403 -0.018948126343793736 0.9990755346917475 0.038588139219950114 0.7658867242365069 0.9942295036758534 0.022904008325843193 -0.10480028827764673 18.820019405012705
-0.10581669584873228 0.034915700496482925 -0.9937724692999376 -94.61912083022355 -0.019355287701951576 0.9991216973302601 0.03716459016152936 0.7774566343170177 0.9941972639861938 0.02316738618704437 -0.10504795333384051 18.694028331609196
-0.10600998837526286 0.03172144733778123 -0.9938589598848881 -95.61351945622792 -0.01996980143618724 0.9992215289183072 0.034022686207288724 0.7916939062916354 0.9941645182741526 0.02345391065380659 -0.105293991660338 18.5892876532899
-0.10641397191484261 0.03054205522358776 -0.9938527302593806 -96.60653333146507 -0.022185983081312304 0.9992063641730288 0.03308207899803239 0.8014615541065432 0.9940743678095844 0.025569995284231775 -0.10565191245378153 18.471659339757927
-0.1001495375929138 0.03149247711565039 -0.9944738779902891 -97.59965708378675 -0.022317366030352413 0.9991764000656982 0.033888887931280275 0.8127427186320951 0.9947220743973639 0.025587993998589 -0.0993642253013393 18.355116973450574
-0.09470940909124005 0.033036051168672385 -0.994956655916612 -98.59493541823103 -0.021737056135211038 0.9991423066669528 0.03524416857885996 0.8219900270318159 0.9952676163827319 0.024965383061777008 -0.09391007096374637 18.25849330486397
-0.08623272589654862 0.0355444200185137 -0.9956407540825137 -99.59120177488002 -0.020764713570077233 0.9990821521837018 0.037465715772353345 0.8279308873634313 0.9960586045282703 0.02390496587593432 -0.08541550767669191 18.172367009057847
-0.07940307880200627 0.03693373469290451 -0.9961581452351804 -100.58712473331364 -0.021716396283912746 0.9990121334053786 0.03877054863261284 0.8360967004973008 0.9966060150376397 0.024711465971646942 -0.07852257153411149 18.082492584439752
-0.06698160310779078 0.03814103841361068 -0.9970249375185357 -101.5837932159868 -0.024010620418524954 0.9989180835656225 0.03982652925753333 0.8502608880643958 0.9974652650354445 0.02660683209844992 -0.06599334461486975 18.00217557164133
-0.05415404051549499 0.03908325145977558 -0.997767427485572 -102.58241642531046 -0.02718953223691787 0.9988054862332484 0.040599630627648174 0.8692715211586542 0.9981623461304205 0.029327463676489255 -0.05302669744308467 17.953210284032696
-0.033489167223367415 0.03939480734025209 -0.9986623677866848 -103.58104514059808 -0.028791099568439903 0.9987701319691944 0.04036453978280588 0.8837803509284236 0.9990242981350991 0.030104362488880942 -0.032313760146608146 17.902903674604662
-0.0156425857413446 0.03854971867272119 -0.9991342395802362 -104.58095361534444 -0.029804165148965122 0.9987945033313089 0.039003228775791286 0.8981893776545667 0.9994333500794838 0.03038847323274953 -0.014474786474575492 17.906413032006842
0.011235136847913472 0.04062604491105137 -0.9991112531519659 -105.57974007009449 -0.029460786866156274 0.9987540063817983 0.04028022807200812 0.912324756833415 0.9995027932613484 0.02898204981003409 0.012418013189441067 17.95360703092252
0.0402554125973148 0.03978514991159851 -0.9983970370564655 -106.57656411184148 -0.02802213502134456 0.9988589013455552 0.03867370103307103 0.9293440085915763 0.9987964065341182 0.026420390785555047 0.041324342042833535 18.031390235252886
0.07284696939624355 0.03809591891727815 -0.9966152818473278 -107.57091655789434 -0.026934195312163074 0.9989808977421363 0.03621760717111507 0.9377226626188272 0.9969793719895466 0.02420468773116288 0.07379881380596809 18.13724568221794
0.11055562088341284 0.03921751184144391 -0.9930958873422279 -108.55885493597152 -0.026214887938962293 0.9989885898156994 0.03653186374094945 0.9445558363837223 0.9935241488466359 0.02199509452141181 0.11147188648068862 18.291928842062354
0.15158594821456411 0.0390977075018875 -0.987670526831689 -109.53882305039905 -0.02627537913245953 0.9990236881959271 0.03551443192353934 0.9490757817037531 0.9880947853092529 0.02056792871202726 0.15246526015181344 18.491017035386403
0.1987983278998402 0.04150599366862841 -0.9791611089671632 -110.50651571235882 -0.025250815263915836 0.9989880297334787 0.03721979013547746 0.9545632719328355 0.9797150714124676 0.01732538423242479 0.199645210081444 18.743076790286967
0.2462463861124546 0.04024929989625802 -0.9683711639575058 -111.4532080115093 -0.02183761353321135 0.9991141016265199 0.0359740262718121 0.9609292553401687 0.9689612148903233 0.012288441271861687 0.24690718549563997 19.0651479704668
0.2933146750803594 0.036495886176907265 -0.9553190836964699 -112.36959736853083 -0.013983530530161261 0.9993279506589254 0.033883741023438434 0.9533611087222876 0.9559136792913973 0.003420135084118219 0.29362789448482524 19.465388177157408
0.34240150531878494 0.03180377685834542 -0.939015297496783 -113.27179819213896 -0.008807052504038857 0.9994916632523978 0.030640674195352987 0.9582577350602556 0.9395124506794054 -0.002221455941321641 0.34250754758381635 19.896692027424045
0.3950290442798687 0.026954538107168954 -0.9182731113621699 -114.15247088072573 -0.0036010314577460175 0.9996072175290683 0.027792863044911263 0.9711863010701758 0.9186615735665525 -0.007672257765615269 0.39497094793542087 20.37022912258793
0.44784526687793935 0.02580045013136391 -0.8937387502553773 -115.01349226305526 -0.003976191450073862 0.9996311651038274 0.02686491493967537 0.9854398473828467 0.894102235114408 -0.008477648623447104 0.4477826734446508 20.87858463403345
0.4958068896381854 0.02512143491131934 -0.8680693760842516 -115.84736411394128 -0.0025369881802667434 0.9996191510659489 0.027479383420374853 0.9906222971808634 0.8684290943296876 -0.01142218587605409 0.4956817948962144 21.43051716424771
0.5366796266132174 0.022610969227323977 -0.8434830896045846 -116.64687547515304 0.005245974030921556 0.9995321629484175 0.03013195957988866 0.9910623270277817 0.8437697897737061 -0.02059609920004655 0.5363099314416795 22.031259208150445
0.5808029892609249 0.016908450239878445 -0.813868534823688 -117.3929437976467 0.015643657916109218 0.99936780038045 0.03192609480885046 0.9900477214665058 0.8138938282310398 -0.031274652247875075 0.5801712958206382 22.697124822875068
0.6234337614438924 0.012492884572929751 -0.7817763573599322 -118.12547679524556 0.016738218504156164 0.9994299504426758 0.02931904158489704 0.9829395432219865 0.7816969854958035 -0.03136402386807632 0.6228692646724332 23.377819005797228
0.6633013957717319 0.008295487789645293 -0.7483063832746593 -118.838860624865 0.013561745464308243 0.9996411035115078 0.02310288359178481 0.9896309579975465 0.7482294684301285 -0.02547251563207094 0.6629508379360738 24.078582579669632
0.7065824286382114 -0.0006695014790892798 -0.7076304284776717 -119.50442831143424 0.01032899172658957 0.9999027746267306 0.009367669063158189 1.0076949509760527 0.7075553571768343 -0.013928139198554438 0.7065206461730819 24.824689446053526
0.7439067879024902 -0.003094241832275144 -0.6682762277532247 -120.13803312775826 0.005765041449875411 0.9999817846071494 0.0017873866345251826 1.0106083806767454 0.6682585242327097 -0.005182289202993354 0.7439110757805252 25.598374134725038
0.78302043710162 -0.003898960129353499 -0.6219837563723789 -120.71643709104792 0.0043033220753511976 0.9999903785281459 -0.0008510406867777084 1.0010711534468313 0.6219810901468805 -0.00201021417875533 0.7830296817737207 26.414059297096312
0.8176299674077697 -0.004798414555289411 -0.575724075937877 -121.24385632996069 0.0044202701058044455 0.9999881150974714 -0.00205690933131204 0.9891500206515912 0.5757271034170263 -0.0008630652125388386 0.8176414602437185 27.26358359412088
0.84900038657616 -0.0038565002286794366 -0.5283781515160465 -121.73211656508484 0.001454786643066348 0.9999866354762389 -0.004961095114398671 0.9725562684236416 0.5283902224581297 0.0034432941926517925 0.8489946504753441 28.136125175312923
0.8776770025414395 -0.002418875122360404 -0.4792465213781038 -122.17737681942273 0.0005945407511644687 0.9999919888329085 -0.003958382409374037 0.9460750092311022 0.47925225688687856 0.0031892496211589232 0.8776714094441541 29.031126043753837
0.8985884287936147 0.003333977928700171 -0.4387798083656433 -122.58862844173076 -0.0056076327007612385 0.9999767268558116 -0.003885897866696496 0.9298700718440494 0.4387566410821761 0.005952338860312045 0.898586211539204 29.942520462616677
0.9177061766365666 0.007622275467349124 -0.39718669952528796 -122.97935772706654 -0.010515954421650424 0.9999316595428026 -0.005107929774192176 0.9166513039006823 0.39712062155684336 0.00886437593269553 0.9177236156782884 30.86292717855635
0.9317647803580619 0.012541237451564994 -0.36284585080647297 -123.32195671515717 -0.01473520078884917 0.999886053059866 -0.0032794441716151417 0.9009099220263674 0.36276337734396824 0.008402277045295557 0.9318434062644069 31.80228088032851
0.9427576556626266 0.01357581533173947 -0.33320219076048097 -123.64115227095519 -0.014785761990008167 0.9998900843750982 -0.0010956325723389363 0.8785293520272363 0.3331506925279916 0.005959564282499492 0.9428547606400909 32.749704361848764
0.9509063748497576 0.013091400986803807 -0.3092016841647084 -123.93093601020578 -0.01387550566226948 0.9999036737846204 -0.0003368896489181867 0.8575857022003972 0.3091674895792017 0.00461068023418772 0.9509964274460093 33.706566757796566
0.9576912848561366 0.013532195601313612 -0.28747918636452063 -124.21945728878474 -0.013568948580525583 0.999906198864663 0.0018647000937749834 0.8463232869889217 0.28747745397686075 0.002114983269072633 0.9577850699926127 34.66397223412314
0.9629910626532946 0.015550640678122115 -0.2690843563352865 -124.49248244169854 -0.015206098371726904 0.9998787189569732 0.0033648104361481716 0.840378020195147 0.2691040464619306 0.0008514408151937955 0.9631107346646873 35.62596063656642
0.9669792818143967 0.020248275485886383 -0.2540493571760378 -124.75571091060324 -0.01979295650711048 0.9997946435411669 0.004348519184563058 0.830750225095804 0.2540852365140841 0.0008234599191996272 0.9671814796093564 36.59064605466141
0.9704043536840445 0.02402431141549865 -0.2402877916417311 -125.01916299809425 -0.023487075184056756 0.9997111331196333 0.005099766264950732 0.8193455337853369 0.24034089882986484 0.0006948220418209591 0.9706882968141645 37.55525090655965
0.9736155026005254 0.022371348655352407 -0.22709552143374379 -125.24493978388308 -0.021994912065775897 0.9997493094074132 0.004188338885422911 0.8102387607818108 0.22713228951239434 0.0009171143554742253 0.9738634821996959 38.529387204140875
0.9768805704592146 0.02221719724221254 -0.21262819005479303 -125.46624355375427 -0.02186196678535943 0.9997529086923155 0.004021936042583312 0.8024563677145787 0.21266500762361543 0.0007195192529795711 0.9771249033897831 39.50456068975701
0.9798170348480995 0.02292099926489785 -0.19857795953774454 -125.67193614489611 -0.022479816019041917 0.9997372763301077 0.004476180046436845 0.7965036406171596 0.19862838692700893 7.815853529912202e-05 0.9800748735673303 40.48315963778419
0.9823558512015753 0.024432539838534932 -0.18541853361264649 -125.86511396565474 -0.024047223540084987 0.9997014592825278 0.004327048462605698 0.7881476890475723 0.18546889941453495 0.00020809955058444674 0.9826501127280954 41.464289527817456
0.984754433271939 0.024550626999902014 -0.17220909634851245 -126.05027783042047 -0.024756480940254195 0.9996930575473599 0.0009525455715611373 0.7731236973752281 0.17217962365714007 0.0033252677370018318 0.9850599574603383 42.44688157592874
0.9866166515234994 0.025349006616115492 -0.16107455044212 -126.21875293583672 -0.026330202264071432 0.9996454580139079 -0.003959636460257412 0.7525342197904712 0.1609170699002688 0.008147768758404799 0.9869342989677541 43.432372517078
0.9881681409632868 0.022909126894322625 -0.15165387265117466 -126.38201812758572 -0.02476628636391235 0.9996395001273002 -0.010368261425243993 0.7428063874914913 0.15136167363272496 0.014001488855879887 0.9883792804712772 44.41890670341042
0.9892823569717158 0.022878490323925083 -0.14421162527681944 -126.52294371990504 -0.02458734786158875 0.9996468820589282 -0.01007836866742865 0.7242767230661831 0.14393012370458425 0.013516133706109833 0.9894955450228273 45.40875373078275
0.989957710279787 0.025286990075893516 -0.13908378766233034 -126.66509904403866 -0.026061416834878604 0.9996533122770621 -0.0037493740886989056 0.7004734228971062 0.1389407586353163 0.007336442353072323 0.9902735188842743 46.39831433053036
0.9907214577862385 0.029502171783272073 -0.1326673092437536 -126.81561682019786 -0.029317413630453728 0.9995645512188608 0.0033462224460081135 0.6804483652187658 0.13270826025507346 0.000574288000552094 0.9911549767081657 47.38672100961297
0.9912504042147854 0.030099152562175692 -0.12851722514534997 -126.96315454223303 -0.02933972725912169 0.9995390744001342 0.007798663454926921 0.664960732518761 0.12869272142736757 -0.00395976796816784 0.9916766124545122 48.375656700995044
0.9918067353721933 0.028759487659226052 -0.1244680342093008 -127.10265318457076 -0.028208315703282257 0.9995829085014412 0.006188695903276449 0.6528943362981366 0.12459410337384667 -0.0026269566760971233 0.9922043179220144 49.36580582937019
0.9921226793845652 0.028611916936723145 -0.1219587932868875 -127.23016287223498 -0.028151684637636936 0.9995885566297827 0.005495462387300753 0.6365437104011792 0.12206584986330418 -0.002018827380746841 0.9925199507481733 50.35750879412151
0.9925279369709539 0.027362381117147366 -0.11891002662424527 -127.35711349983713 -0.02656449487221426 0.9996127255833662 0.008290142578836512 0.6218917805731766 0.11909081385381 -0.00506941331845317 0.9928704241260509 51.349309711116675
