0.9990467279846555 -0.000704386377579802 0.04364789964001331 0.030943660415103547 0.0008084593710886532 0.9999968723930477 -0.0023667694370310345 -0.02784823117965846 -0.04364609600638862 0.0023998008154522458 0.9990441728269313 0.9992514669532148
0.9960454193295928 -0.00491427214045546 0.08870948405816236 0.1312752353767238 0.005571315613619817 0.9999588422469308 -0.007160604339810967 -0.04560562843763351 -0.08867064381670664 0.007626515685909713 0.9960318032992839 1.9948720729947436
0.9910034572748466 -0.004448182734373905 0.13376233154241576 0.28871069756320356 0.005981267558375491 0.9999209295621081 -0.01106160305040383 -0.07067712996921964 -0.133702550864584 0.011762155160139499 0.9909517039686102 2.982881746227286
0.9838195427625663 -0.0022062220352108983 0.17914865297508287 0.4996478964938864 0.004633564145596249 0.9999030354278607 -0.013132015285504393 -0.10899316870509454 -0.17910230976110822 0.013749630048893166 0.9837343697928596 3.9605839401143985
0.9743795703025104 -0.0046336895663585355 0.22486213976145017 0.7311330338745773 0.0077837478234725425 0.9998835752641029 -0.013124373771567544 -0.14091700219943312 -0.2247751459724048 0.014538391866979085 0.9743021958894509 4.9324228845593385
0.9628627767480878 -0.0055105484886185585 0.2699350051555316 0.998919479170004 0.009720964528208243 0.9998510161109329 -0.014263534995796438 -0.17108229375898185 -0.2698161892874547 0.01635785552233471 0.9627728935533586 5.8948508568112645
0.9495144406368418 -0.008079793903225694 0.3136192659142407 1.3212182719271761 0.01408094341368954 0.999758457359188 -0.016874654703344996 -0.20102435942712288 -0.3134071697563512 0.020438783458367745 0.9493988635321066 6.8404676690098905
0.9344199722416243 -0.01018530622898239 0.3560274919342382 1.6648475380912193 0.017921758872705446 0.9996693667673473 -0.018438213196492956 -0.23361157706903163 -0.3557219785659453 0.023609673525751596 0.9342935605478273 7.778864865094625
0.9172640436823649 -0.010040372040800718 0.3981530674210095 2.066443244404452 0.0192047583056895 0.999634342303027 -0.019035728166126302 -0.26776201679549966 -0.3978163538944783 0.02510722242058869 0.9171214619429784 8.694093370555061
0.8978142717300335 -0.010606734543950162 0.4402465566704456 2.506576209804595 0.020537522822030793 0.9996306299747613 -0.01779926325993363 -0.2899339301241084 -0.43989515072822116 0.025022006285988208 0.897700482102588 9.591917678285892
0.8760301832547573 -0.010438303260187578 0.48214329804704836 2.986950413675621 0.021221785095146963 0.9996316559604799 -0.016917099015031318 -0.31437653356266565 -0.4817891176272168 0.02505183080649662 0.8759290221868608 10.468304411307134
