1.0 0.0 0.0 0.0 0.0 1.0 0.0 0.0 0.0 0.0 1.0 0.0
0.9990424980089438 -0.0006652960073913139 0.04374522320519056 0.030890633865927594 0.0007708791974368946 0.9999968306175903 -0.0023967686658000285 -0.02753264201536644 -0.04374348999922563 0.0024281960375865403 0.9990398445240763 1.001490629927103
0.9960330289429699 -0.004852020452337048 0.08885191698676634 0.13101649812743132 0.005524309179906339 0.9999579339210817 -0.007322048645440872 -0.04479419850402917 -0.08881265260523366 0.007783847751048506 0.996017933800095 1.996111009055612
0.9909815179920591 -0.0043694637776085414 0.13392736383745674 0.28866152646910126 0.005924722854373854 0.9999195421347505 -0.011216368223689443 -0.06990439297627574 -0.13386757881299416 0.011908696122023478 0.9909276735965244 2.98478950481047
0.9837864524837685 -0.002156373515191112 0.17933088401796612 0.49808717559642657 0.004642112994207688 0.9998988671005594 -0.013442706497078544 -0.10670471391381675 -0.17928376026944337 0.014057226763503959 0.9836969694369136 3.955468327543601
0.9743680474575249 -0.004649098754320918 0.2249117470800121 0.7296019453992019 0.007844343424431542 0.9998805793751672 -0.013315151693439588 -0.13896536058793743 -0.224822984523492 0.014738143341421988 0.9742881569437235 4.926283305533904
0.9628536438521923 -0.005493061908277894 0.26996793659882606 0.9957223699038288 0.009780146556854668 0.9998464946297918 -0.01453739694181511 -0.16810086898356733 -0.2698466402493876 0.016637711603140565 0.9627595635976454 5.881888796695817
0.9495072532777913 -0.008051051428379419 0.3136417646675299 1.31537315715497 0.014138765638354454 0.9997531286468412 -0.017139926110580093 -0.1978497815544406 -0.3134263410740844 0.020708991567675337 0.9493866790666287 6.819683658812111
0.9343702503489532 -0.010054747809419675 0.35616167299321205 1.6542824672354737 0.017924808249758215 0.9996625096042194 -0.018803407696563697 -0.2287843008034955 -0.355852408326885 0.023953474451168084 0.9342351387898409 7.746891348955
0.9171832676868266 -0.009859739781201828 0.39834361926201606 2.050459051619744 0.019174771658360467 0.999627776269276 -0.0194071389646192 -0.26257662663599246 -0.3980039969738554 0.025438051072935834 0.9170309285680861 8.650631254860189
0.8977156351669606 -0.010310541108768861 0.44045468679402744 2.483744117828737 0.020470677792912798 0.9996225488046441 -0.018322425385461368 -0.2831057036110434 -0.4400995225258477 0.025464733718447576 0.8975878550922853 9.534824744158929
0.8758723937902431 -0.010092116143122982 0.4824372487566677 2.9548021786167338 0.021181892137214015 0.9996216795579765 -0.017544948081351118 -0.30676338156797306 -0.48207766722970746 0.02558606944107658 0.8757548034746483 10.395770936495651
0.8520431828295897 -0.01014654656499755 0.5233731576862025 3.473127277682795 0.022028930896973626 0.999621442548814 -0.016483258178042328 -0.3318155689628259 -0.5230077827309635 0.025573798885421304 0.8519441531071209 11.226767461591354
0.8263802144062588 -0.010399227624690869 0.5630165160123418 4.006329269529985 0.02365035596059625 0.9995882078719855 -0.016250395263153736 -0.3711456933875207 -0.5626156786837733 0.02674454613713808 0.8262858629742589 12.043465239043032
0.7991902274512336 -0.011953761959654141 0.6009593063772766 4.595747749706337 0.02700443292735199 0.9995067666014898 -0.016030724253958392 -0.3951548929480056 -0.6004712657144534 0.029040163443862177 0.7991188447023609 12.819246774658058
0.7706878640882323 -0.010959896636729926 0.6371185892852527 5.220279090499415 0.027727733261985084 0.9994818339898366 -0.016347364694779806 -0.43223707893752655 -0.6366092906605043 0.030264569880044962 0.770592412923139 13.556404898404335
0.7400548413714428 -0.014171264973003701 0.6723972092533946 5.8701587696608435 0.03268660175699874 0.9993543791239715 -0.014913450013994401 -0.46331923172703915 -0.6717517531263077 0.03301515068579064 0.7400402570110134 14.273754474731803
0.7083089497554171 -0.013497911799088953 0.7057735033801156 6.5618373414003575 0.03323946149483401 0.9993458753260386 -0.014246391415592752 -0.4977184320742978 -0.7051195429825438 0.03355037773106055 0.7082942907141013 14.945901943859218
0.6738551666148057 -0.011825886543968236 0.7387688155532701 7.295913698228852 0.0339138050774607 0.9993131291942227 -0.014937323897464744 -0.5351372489395888 -0.7380847297239664 0.03512005449168555 0.6737933759846565 15.564446383673335
0.6391283698323468 -0.013201639109711857 0.768986764255578 8.05963381093606 0.03850050382595295 0.9991482912030311 -0.014845989061345322 -0.5768900093210809 -0.7681358200738948 0.03909487064665555 0.6390922883344209 16.13801004683043
0.6026227516452239 -0.011297175712212906 0.7979462344171229 8.81251849766146 0.03839914220517246 0.9991520745266901 -0.014853883226863302 -0.6100172858676202 -0.7971018285498068 0.03959173891025419 0.6025455743199983 16.720912260295176
0.5645833703252469 -0.009999672316089963 0.8253154696876559 9.581310772536222 0.04156587720332471 0.9990023007240538 -0.016330370490715056 -0.6281729956269076 -0.8243287546874143 0.04352481707734923 0.5644357310570265 17.282074762800505
0.5261935964733937 -0.008236248981887268 0.8503249162720705 10.401849344122226 0.04624873482671364 0.998750280346874 -0.018945501681608606 -0.6508250337901234 -0.8491062086437264 0.04929545323605284 0.5259169180896622 17.765862451671957
0.48746269422669997 -0.007228101520767833 0.8731138965138813 11.232413208731517 0.048021079531839185 0.9986741915726512 -0.01854278855261552 -0.6768166782858216 -0.8718222855937119 0.05096678953118108 0.48716351331666935 18.2314478668919
0.4488927170159759 -0.0087643668264698 0.8935426763642274 12.077398039981567 0.05315061841484094 0.998443350623506 -0.01690820386159697 -0.704239277346709 -0.892003554013175 0.05508231540010305 0.44865977996476186 18.687462658938777
0.41217745903700787 -0.009176982450885735 0.9110573666102987 12.966339831922749 0.05703309721582865 0.998248086847224 -0.015747473696615753 -0.7235597900521628 -0.9093167589370416 0.05845117705360521 0.41197875165751274 19.05900690066358
0.3771384279765081 -0.006767590289104296 0.9261321751591871 13.866575623774219 0.058500026610734106 0.9981505683322149 -0.016528454997922975 -0.7549467437390185 -0.9243074991743558 0.06041227242666664 0.37683684043667304 19.405462232042677
0.3438499305273083 -0.007289090479721285 0.9389963229088514 14.785483224478243 0.05918023545220015 0.9981502160259339 -0.013922858154931736 -0.769025096735935 -0.9371578975862006 0.06035739728781084 0.34364525252715766 19.73721729518174
0.31053538816893544 -0.008694968717809039 0.9505220514084695 15.72445793553903 0.06162181569659256 0.9980389287722673 -0.011002203659230436 -0.7863581719932649 -0.9485623461454835 0.06198946825147259 0.3104622059138212 20.041498784272083
0.2776997561251574 -0.00857573396181996 0.9606296384325461 16.677822817139603 0.06214529323386626 0.9980260324656277 -0.009055443103097619 -0.8107304001636024 -0.9586557296427665 0.06221330491086895 0.27768452732401633 20.31819154292335
0.24517693554308778 -0.005381315613641441 0.9694634143277233 17.638431620476258 0.05940102387653089 0.9981891680259558 -0.00948172969815282 -0.8263636574111368 -0.9676568547993244 0.059911820852945254 0.24505261696616135 20.568410592539912
0.2141379451024874 -0.003674090119148543 0.9767965200230191 18.61516241842023 0.05927062374347201 0.9981991956406862 -0.009238992550374425 -0.84162693166435 -0.9750035557003597 0.05987375789177157 0.21397009017050406 20.78509526340324
0.1839360730024579 -0.0033220135399738508 0.9829325944715002 19.615241280949704 0.0613901967596116 0.9980808558842353 -0.008114731000312075 -0.8541637702984947 -0.9810192479203714 0.06183501712970964 0.1837870122351355 20.961090357009695
0.15292744784911994 -0.003364515001593141 0.988231691322009 20.62594484177607 0.06321313803473755 0.9979796280982971 -0.006384440506785609 -0.8667624357643725 -0.9862136152346288 0.06344558250648759 0.1528311590817021 21.143165566900542
0.12215958609462002 -0.0038181244603055927 0.9925031271743159 21.65479998009243 0.0620116226863724 0.9980682200101746 -0.0037930011235998047 -0.8792377803604301 -0.9905713473430343 0.06201008088469377 0.12216036874403914 21.28994618346084
0.0929308718044069 -0.004311248429388957 0.9956632293113231 22.70316902130928 0.06272780311025392 0.9980294944913523 -0.0015332456736976276 -0.8996795904577177 -0.9936946592302055 0.06259825286950736 0.09301818615223095 21.38404278438974
0.06569281142645608 -0.003830049897483685 0.997832543688905 23.764897694621574 0.06573122073981978 0.9978372408528718 -0.0004973803169648319 -0.9037098784472669 -0.9956725672363086 0.06562142550196091 0.06580248755289893 21.456982667018007
0.04096671708258237 -0.0034757911645967566 0.9991544660197716 24.842438167007003 0.06993113685796938 0.9975516390437327 0.0006029418821428817 -0.9177380254649044 -0.9967102709359567 0.06984730715597703 0.041109481799591986 21.47511111812674
0.017948351009614602 -0.003195534315652196 0.9998338088184817 25.934317728513317 0.07424351395113585 0.9972384176215955 0.001854469132230445 -0.9312700415492767 -0.9970786114104664 0.07419789067091054 0.01813603285629039 21.504559754880354
-0.0023840100773574674 -0.0032934305815189666 0.9999917348713213 27.03833124206605 0.08019122492739612 0.9967734440194144 0.0034740095448579636 -0.9362569667664474 -0.996776646967913 0.08019884421036705 -0.002112213702839372 21.50259486338665
-0.020025904558030105 -0.003946539719506759 0.9997916722852187 28.154178973117858 0.08462631907863448 0.9963968633839008 0.005628210899017516 -0.9419027012739776 -0.9962114982602011 0.08472139908526674 -0.019619767358487233 21.47468030771445
-0.035747682551303735 -0.0036414308646188693 0.9993542130663524 29.28272981257985 0.08754934071236932 0.996137237621481 0.006761417356814695 -0.9338055153874499 -0.9955185664431586 0.08773450749335619 -0.03529079287657846 21.43019756126251
-0.05003369687367571 -0.004205817040396504 0.9987386746692926 30.416477281169886 0.09001601851315172 0.9959022880432695 0.008703394810021452 -0.9335848308208867 -0.9946827361466539 0.09033794204652829 -0.049450082291185984 21.36950704281722
-0.06348159366347307 -0.005177942346437379 0.9979695767802754 31.557090609893827 0.09022534820345152 0.9958616565553007 0.010906307555570096 -0.9314279429265272 -0.9938961081559342 0.09073450234606316 -0.06275170337529232 21.302180914823065
-0.07534976525254511 -0.004890011757642811 0.9971451753187175 32.70205611254409 0.09012925298030164 0.9958614157062616 0.011694377483712111 -0.9274961881465374 -0.9930755916009616 0.09075311836256039 -0.07459719079075308 21.200243607312753
-0.08659785038636494 -0.0019836388261293436 0.9962413751122102 33.85977545673813 0.09038245221813683 0.9958585240261367 0.009839332066714236 -0.9242593020900067 -0.9921349830741267 0.09089480349002549 -0.08605992132818122 21.10555680319649
-0.09675597398798386 0.0014421756536288377 0.9953070891071861 35.03397907427003 0.09054181756485652 0.9958654666097612 0.007358782927453778 -0.9178344168546496 -0.9911813460561542 0.09082891909246332 -0.0964865103877531 20.988811026875357
-0.10594350338651347 0.004051351349784573 0.9943638974954954 36.229927731603446 0.0916988615178023 0.9957703961173388 0.0057128812919225265 -0.9133603816297996 -0.9901349872045383 0.09178727999323924 -0.10586690863963133 20.85318044476224
-0.11365488763138565 0.005098512942997371 0.993507207665484 37.45122388389877 0.0912992797937613 0.9958092131149869 0.0053340964042083786 -0.9107539566757386 -0.9893164347298786 0.09131273865720493 -0.11364407477859759 20.725572568037084
-0.11932364469900357 0.005945952273871785 0.992837606795443 38.69413636120094 0.09126337038145146 0.9958142149064011 0.00500465952532863 -0.906022009252662 -0.9886520444738708 0.0912068804526463 -0.11936682921034975 20.575820876487548
-0.12413016469531943 0.007726136019296235 0.9922358636105248 39.95273741807516 0.09239883000790881 0.9957148038190163 0.0038060043123842027 -0.9005712791284736 -0.9879545325701397 0.09215387283162696 -0.12431212851628745 20.411205086913967
-0.12851502076217486 0.00947889076871285 0.9916622610890728 41.23604347903418 0.09137070395216935 0.995814239561447 0.002322659239050004 -0.8957447438696805 -0.9874893841949813 0.09090737547883866 -0.1288431805947321 20.23802766903565
-0.13235791605677205 0.010310796108263093 0.9911483589961304 42.53965113861549 0.09213996216163683 0.9957441646251448 0.0019457615021173122 -0.9031599093602253 -0.9869101323980625 0.09158190923203581 -0.1327446589187476 20.058225224819985
-0.13551134111539617 0.009377868661765957 0.9907314126484883 43.86960035666301 0.09178675813307738 0.9957737699614811 0.0031289116506668345 -0.9005934983063003 -0.986515011269736 0.09136002756162251 -0.13579940317767597 19.88310916260815
-0.1378735669444847 0.007477550829485601 0.9904216101093497 45.22097534699809 0.09206682447738623 0.9957387328865668 0.005298647006826439 -0.8953806569329147 -0.9861615381714375 0.09191551589935888 -0.13797448520759178 19.69125577824991
-0.1402210991312349 0.006405061291480825 0.9900994993172556 46.594022052991484 0.09244893631048288 0.9956952092028173 0.006651657358611896 -0.896559161247756 -0.9857947238312291 0.09246634825929118 -0.14020961773752513 19.517276113314193
-0.14225085761495065 0.007284478910944317 0.989803834037233 47.9834452736385 0.09457526027304013 0.9954979971043074 0.006265612946666128 -0.8862980558584251 -0.9853020925848571 0.09450224403847124 -0.14229937533100978 19.3091428313641
-0.1433967617710418 0.00709133871432925 0.9896398747164632 49.394855087614694 0.09440963724922107 0.9955119114108298 0.006546345058508866 -0.8815002985936852 -0.9851518609372111 0.09437026626217224 -0.14342267511644477 19.115983825456713
-0.14374673981468675 0.008553079420529023 0.9895775460392551 50.82762879573323 0.09693097525869064 0.995276031217446 0.005477930215615484 -0.8816237313912592 -0.9848559594316564 0.09670815124111426 -0.14389674303290553 18.904977174975162
-0.1439844642516025 0.00884748774895645 0.9895403963531303 52.276969039531785 0.09664781624095019 0.9953052468074163 0.005163844835210005 -0.8787616054397939 -0.9848490613642453 0.09638043182181077 -0.14416358309853036 18.698323588477574
-0.14320171315659383 0.010225866737440036 0.9896406928772097 53.748364492747 0.09657940534875724 0.9953184405623005 0.0036905743603385956 -0.880253879559471 -0.984969891829947 0.09610740619794562 -0.1435189139535488 18.48399316825282
-0.14210585159609285 0.010184776000700665 0.989799069144826 55.245095854096604 0.09711810001320154 0.9952659784964423 0.0037022557101737083 -0.8785374804865359 -0.985075632422189 0.09665351719070206 -0.14242224553310404 18.27960403974686
-0.14101012047138778 0.009156212398772215 0.9899658123890707 56.761285266272424 0.09583148742638894 0.9953876523701264 0.004443818935640471 -0.8697718824392645 -0.9853590573706069 0.09549651974598616 -0.14123718622981005 18.07374752276654
-0.13987981904909624 0.010101717339129249 0.9901169585102518 58.30008253602826 0.09734082785676208 0.995244602284964 0.003597895885427773 -0.8697868849426048 -0.985372213660885 0.0968820774418187 -0.14019794440577676 17.872536034092047
-0.13898371811729454 0.010856468605569217 0.9902351554997975 59.85516242097041 0.09708148069546663 0.9952727363709667 0.0027141007023139437 -0.8675613798691891 -0.9855245873159476 0.09651071093957868 -0.13938066748896372 17.66353736251161
-0.1381132904348114 0.011553965588637189 0.9903490419465479 61.437332981035695 0.09799294541300053 0.9951849863310002 0.002055633880344113 -0.8629176745765755 -0.9855567470493797 0.0973311299664294 -0.13858048017272862 17.43735035785954
-0.13687140486396013 0.011481974426071575 0.9905222777877559 63.03734265813683 0.09815094938858256 0.9951694747079697 0.0020267569123497958 -0.8672380541506911 -0.9857142637015489 0.09749810702132093 -0.13733721077178376 17.217354459888657
-0.13516056113311958 0.010022145932185663 0.9907730210825755 64.65180966777727 0.09984743248236577 0.9949964036707566 0.003556249279557222 -0.8598649790656536 -0.9857799515819241 0.09940680697604655 -0.1354849577848681 16.959440387689362
-0.13458160484180148 0.008154935479775926 0.9908689563537276 66.28761478847444 0.10133604755151815 0.9948366263269938 0.005576054605167647 -0.8596760209594665 -0.9857072573055564 0.10116117805583379 -0.13471309865604883 16.739474628911527
-0.1337444845040058 0.009142134161427886 0.9909736798965609 67.93393138639493 0.10346811933730968 0.9946212435124756 0.00478855244254872 -0.8737196699994247 -0.9855996961979842 0.10317462544961968 -0.13397102491872187 16.528717192215478
-0.1331966855041494 0.011016275378629805 0.9910283974980184 69.59713116844266 0.1055653844444313 0.99440742407523 0.0031344140063444812 -0.8780796881626202 -0.9854514663735646 0.10503578733387017 -0.1336147102730308 16.31262133180574
-0.13294079547768528 0.010785758498550846 0.9910652916490268 71.27487372885689 0.10429585421523595 0.9945412749289161 0.0031665843235739424 -0.8695361205142734 -0.9856211846806435 0.10378496941453061 -0.13334001812040727 16.10439349758491
-0.13292939122456346 0.010642150858517708 0.9910683738137197 72.96547029439675 0.10460027515740498 0.9945087005517734 0.003350666174965126 -0.8706419671767824 -0.9855904623045328 0.10411142661555217 -0.13331260803994677 15.883006113718679
-0.13304540771632428 0.009538361467426927 0.9910640439175024 74.67895489380516 0.10408698878431319 0.9945584590661658 0.0044011664074419055 -0.8688171167800165 -0.9856291484384033 0.10374242700288298 -0.13331425500725835 15.676260648007343
-0.13301518967676748 0.009865305762798596 0.9910648995184217 76.4047052736081 0.10575254452940004 0.9943832011699398 0.004295178294091057 -0.8684599201907134 -0.9854559141031178 0.10537895887333167 -0.13331135130198762 15.467657564515944
-0.1335503688658593 0.009854411782372044 0.990993032036157 78.14848282943748 0.10662168945015889 0.9942895607745121 0.004481592754753051 -0.8641496985770252 -0.9852898630933882 0.10625986967453467 -0.1338384316336837 15.266506258369258
-0.13320502760473424 0.010814611750759675 0.9910294974386491 79.90120070777436 0.10664193552862747 0.9942913868696666 0.003483616439991044 -0.8635564298525981 -0.9853344194777379 0.10614933899687419 -0.13359790276421538 15.00904268686236
-0.1340970580265559 0.011515893863262147 0.9909012883315631 81.66978086233243 0.10581854497859963 0.9943816150440548 0.0027639104521358917 -0.8648160352293404 -0.9853021945409618 0.10522636480894648 -0.13456224426584165 14.793407498461997
-0.134916862034044 0.012289415812486664 0.9907807076229702 83.45082698955625 0.10574016398329245 0.9943916506308021 0.002064673468897082 -0.8783980605720869 -0.985198689635585 0.10504387376108429 -0.13545968597923272 14.56013816696971
-0.11900864263842496 0.02285377347880843 0.9926301667867736 85.24097070869126 0.12415600502128327 0.9922307881450207 -0.007959238296724624 -0.8686727285963792 -0.9851001113564627 0.12229377782572734 -0.12092147249598403 14.287857648944552
-0.12023824779957293 0.021947965740968554 0.9925024184181723 87.06046023818266 0.12271851170190466 0.9924162698792198 -0.00707913587120367 -0.8908130244652142 -0.9851309205642459 0.12094723675573091 -0.1220198150686818 14.07484885906552
-0.1223435523140769 0.0219033431801021 0.9922460878051909 88.89392719025193 0.12107705520812485 0.9926185506230625 -0.0069828118331700705 -0.886134283899751 -0.9850748204625384 0.11928393234842456 -0.12409247186753582 13.884921562236784
-0.12271628778945892 0.021033272361407167 0.9922188842009332 90.73906300483151 0.11818791213548549 0.9929704166344615 -0.0064318826043897265 -0.8980141522502286 -0.9853792823761975 0.11647898154840139 -0.12433952195990551 13.648069172126764
-0.12445275242678144 0.022099187519424822 0.9919794041835641 92.59720929973396 0.11812364618053933 0.9929720491889829 -0.00730162601377867 -0.9173109134526336 -0.9851691817278968 0.11626751670355616 -0.12618854121185252 13.423888061357367
-0.1270986422550611 0.023042270047686827 0.9916224023931532 94.47316423196473 0.11684866110481835 0.9931166985188723 -0.008100217341812465 -0.9361516118125804 -0.9849834138374779 0.11484022341506848 -0.12891624238646565 13.188800800422062
-0.13121395869356525 0.023979433737590976 0.9910640159957312 96.36028461553617 0.1172207483575323 0.9930694363568409 -0.008508274114321037 -0.9551726396062604 -0.9843994073537754 0.11505686129705127 -0.13311545916987919 12.938864923264642
-0.13632233019501097 0.022983351799491968 0.9903978936923596 98.26102533395459 0.11545058115999614 0.9932874243396451 -0.00715932668139618 -0.9873011665388249 -0.9839143182208615 0.11336603631058406 -0.13806069756163733 12.70690231577499
-0.1413863072567231 0.022174618014984722 0.9897061172066163 100.16827945631991 0.11346386410722849 0.9935236968523706 -0.006051060622157151 -1.006259190867109 -0.9834306603224067 0.11144034327247121 -0.1429866645150869 12.443416395767725
-0.145333498942374 0.022897644022612625 0.9891177240265084 102.07439478204942 0.11232843852367788 0.9936498878428967 -0.006497868006441484 -1.0359427514754196 -0.9829855014108805 0.11016169156295029 -0.14698267152283706 12.13582772482403
-0.14997509878805557 0.024588482809668077 0.9883839720759493 103.99552591797966 0.1120696687510082 0.99367040368274 -0.007714803368711305 -1.0543553047560406 -0.9823175958362718 0.10961083595200476 -0.15178144007865566 11.831829026368453
-0.15505197071079257 0.026211706987422197 0.9875585212003917 105.92782690375688 0.11174055098809282 0.9936981766201174 -0.0088308010242149 -1.0890201253500094 -0.9815665721914013 0.10898110019015875 -0.15700377115778374 11.545994513614907
-0.15981794037819197 0.02644186006844499 0.9867923053861906 107.86901392311887 0.11025799136896292 0.9938642698794612 -0.008774303177168818 -1.1199661549005993 -0.9809696230121271 0.10739944642820091 -0.16175276700681732 11.223761189220124
-0.16484188167210279 0.026178848191906398 0.9859725259631451 109.82311763677761 0.10877961469429498 0.9940320177057398 -0.008206290441749567 -1.1608990471379046 -0.9803030906172648 0.10590097111546612 -0.1667058332603875 10.911548570352155
-0.1690562530333934 0.02557390068525638 0.9852745601679004 111.78158883067493 0.10711570546213375 0.9942188228626855 -0.0074268370712818055 -1.1869393017241476 -0.979768446600348 0.10428282633911799 -0.1708182753017568 10.560291934351687
-0.1424904210369465 0.021005810606240453 0.9895732594575745 113.49338537750393 0.10595426727231916 0.994353791186995 -0.005850743442835945 -1.2166032423008288 -0.9841088218075783 0.10401583472155922 -0.14391154563716457 9.524064096447132
-0.14790798658770207 0.02067870904807426 0.9887849202408361 115.48599744206531 0.10553499907810288 0.9944029701438969 -0.005009684478969148 -1.2360494631788863 -0.9833542553287483 0.10361044330133487 -0.14926246871113985 9.267541528954322
-0.15373716125644107 0.022309346887719357 0.9878598981081548 117.4852646686136 0.10626750662268207 0.9943199705242602 -0.005917199745668173 -1.261779700121097 -0.9823808336307307 0.10406771477300421 -0.15523468831712675 9.00810866497705
-0.15739466099093496 0.023038339607693973 0.9872670133250016 119.48220678351676 0.10609032496178841 0.9943366030029709 -0.006289902861891864 -1.2975784608061518 -0.9818206372047039 0.10374948113909051 -0.1589474174760912 8.66716950309556
-0.16331660346326995 0.023127115134725037 0.9863026024394166 121.49757735045503 0.1067082833694006 0.9942743478032171 -0.005644781735434939 -1.3245605570277255 -0.9807859242941738 0.10432477100875996 -0.1648493641491928 8.341965807065911
-0.16900863645417213 0.02318093387783601 0.985341933091479 123.52264273938013 0.1054310358915296 0.994412437228361 -0.005310494928692177 -1.3423922077243482 -0.9799593754206042 0.10298810120640198 -0.17050827996070908 8.025400634650799
-0.17491096280770946 0.024174509573754534 0.9842874316867752 125.55339744342344 0.10508067922111552 0.9944470716771012 -0.005750868392270737 -1.3684158641646968 -0.978960778552496 0.10242370194298134 -0.17647996865419696 7.715074547128376
-0.20144611724289976 0.023816627311221084 0.9792100030694529 127.6123201734853 0.10437976103679533 0.9945338047446239 -0.0027160092197512104 -1.476985821169662 -0.9739221361760197 0.10166257661351447 -0.20283094730006085 7.887452927994067
-0.22531931368028826 0.0227108404248801 0.9740202382958165 129.65689261548252 0.10257829439115507 0.9947247893200344 0.0005357536869079055 -1.4839360873213256 -0.9688699089157664 0.1000340503998872 -0.22646034610533386 7.5344226609438945
-0.23474950348031348 0.022650966450733296 0.9717919552736551 131.72529901677456 0.10451467776077429 0.994521197868673 0.0020661854755887137 -1.5077898398449365 -0.9664208983400079 0.10205155907043169 -0.2358307158598866 7.241246589917749
-0.2382429774701568 0.02353077127620851 0.970920484122825 133.76172404941317 0.10593199727977934 0.9943715721709965 0.0018943100316163451 -1.5208073798041517 -0.9654111536741593 0.10330285214516514 -0.23939470566452206 6.753745610385456
-0.2753471080860223 0.014660414628970105 0.9612330842785066 135.8294352135555 0.11406887710881866 0.9933182514065365 0.017525487091441826 -1.8908977342484636 -0.954553435562304 0.11447237075192332 -0.2751796049685311 6.902708682389248
-0.2784897012733043 0.014645011742401865 0.9603275534502643 137.86452715149048 0.113526068300343 0.9933760389073301 0.01777293282063555 -1.8723800475210497 -0.9537060962901368 0.1139717901756655 -0.27830758693068836 6.331429820275178
-0.1860355348529728 0.0015207545983820722 0.9825418398609901 138.32046534059126 0.10532523707322382 0.9942675223271271 0.018403490998806504 -1.8581740676432854 -0.9768814535077619 0.10691015550884532 -0.18512926414167233 4.251550177095492
-0.1877843615649599 0.0009711731075285739 0.9822097995715758 140.3622384110728 0.10242513156184659 0.9945668285190653 0.018598818082469742 -1.8517837793413798 -0.9768552226282966 0.10409553512193322 -0.1868635694604479 3.6530819375618693
-0.19230271337440916 0.00041494197802056866 0.981335566588715 142.4655607827879 0.10110333012507977 0.9946869260643159 0.019391641352386402 -1.8278615609368178 -0.976113611761694 0.10294535900114854 -0.19132294685600518 3.2461095051454527
-0.1959684966836942 0.0002996617321638582 0.9806101460368328 144.55108572734335 0.0997982843491785 0.9948138377029843 0.019640029420020313 -1.7941424031896374 -0.9755186573041509 0.1017120372301384 -0.19498207798154576 2.714821238816751
-0.19975099329049673 0.000722109669826742 0.979846426353173 146.65130905631574 0.09894316842015828 0.9949032319133719 0.019437297942508782 -1.7586299221913253 -0.9748383404967411 0.10083172955945185 -0.19880435662130125 2.2335367133223145
-0.19392284906085136 0.006660818183827373 0.9809941702748511 148.76869962219314 0.10931970384513792 0.9938955309634764 0.014861893622249236 -1.6930862333642842 -0.9749067293661141 0.11012405292191958 -0.1934672117045075 1.7828950730574096
-0.1846790312196217 0.013382063979337295 0.9827077774147482 150.90960751338912 0.12333561547382349 0.9923179462606466 0.009665375561455813 -1.6562551259322371 -0.975029220784421 0.12298786075342477 -0.18491080207446273 1.3565787410205492
-0.18838618737745214 0.013313363305186144 0.9820047855091598 153.0448684568287 0.12345554882537775 0.992297365787667 0.010230606779665048 -1.6410459876533192 -0.9743045580667332 0.12316124474995989 -0.18857872605898127 0.9139952435964565
-0.1922199446936211 0.01411601558200296 0.981250340619594 155.19535694719588 0.12447275156688058 0.9921715164127081 0.010110199635786377 -1.6303963504802965 -0.973425922697434 0.12408231188769218 -0.19247221331209005 0.4793343238996342
-0.19505832287485894 0.01567429558441646 0.98066638931656 157.34865039390633 0.12472903215172727 0.9921504643523 0.008951235892732152 -1.6077661652862945 -0.972828309217891 0.12406358266407726 -0.1954822453339768 0.025969268532181733
-0.1972633361490726 0.01720641667153524 0.980199528380147 159.49504584730064 0.12437020170065854 0.9922066867018657 0.007612082043805742 -1.5966455966826814 -0.9724295497054146 0.12340919775053097 -0.19786596668021236 -0.4822123484550069
-0.20112760807710592 0.018357708710261676 0.9793930160053677 161.67898663646514 0.12555113888400285 0.9920611094335197 0.007187953426551656 -1.6047534040057931 -0.9714857676744997 0.12440960445416448 -0.20183570924255823 -0.8945413003106621
-0.20475436072436476 0.019193694600932985 0.978625185580221 163.86156793449976 0.12496562033782858 0.9921385349346754 0.0066873934575498225 -1.5968424444120013 -0.9708034020840359 0.12366377636656802 -0.20554324342293798 -1.3415876309990322
-0.20823717255533106 0.019037452178682086 0.9778930695023382 166.0479693254553 0.12498679743200562 0.9921315442998065 0.007300635107323703 -1.5999847696313736 -0.9700595757137044 0.12374398660065836 -0.20897809776702456 -1.8118387755046559
-0.21250654415195608 0.01910803622934472 0.9769727998486191 168.2446162866325 0.12393088955381686 0.9922621302914337 0.007549794957737711 -1.5837057303667816 -0.9692688498590019 0.12268148899064728 -0.21323027212862006 -2.2772676883670098
-0.21620723318690122 0.019704778121537488 0.9761486331685585 170.4489233063706 0.12633010703705277 0.9919563450039723 0.007956988272287595 -1.5878502402516195 -0.9681400396500868 0.12503731973110885 -0.21695744352473556 -2.7544214472521333
-0.21970642534097723 0.019764925127535485 0.9753657951756313 172.66222669764824 0.1287788718683159 0.9916332741931618 0.008913566809737582 -1.598455486563439 -0.9670290010254157 0.12756487466246627 -0.22041350668263476 -3.225325576992532
-0.20631013767460746 0.028669363782634204 0.978066559428847 174.8853166402045 0.14688215513492672 0.9891519995598754 0.0019885345402909198 -1.5758429413234671 -0.9673994829415632 0.1440707789490903 -0.20828310314905196 -3.684337831807701
-0.2107108880942619 0.028207322989672316 0.9771413759371173 177.13188382850018 0.14641697022749364 0.9892183611281721 0.003017422127091924 -1.591232229941521 -0.9665210770945084 0.14370588344479213 -0.21256911016284383 -4.078369545489606
-0.19097511643101328 0.04806897313506964 0.9804171962618259 179.3777648194109 0.1764631297696572 0.9842093588154107 -0.01388170926268222 -1.6352715830472802 -0.9656030596140724 0.17035642588965214 -0.19644189833649417 -4.508284744993886
