0.9990430301974307 -0.0005915851892859345 0.04373412673072588 0.03672369073048 0.0007475359535191609 0.9999934206920713 -0.0035496144252790476 0.053465857406591176 -0.04373173909111749 0.003578910383590393 0.9990368994168998 1.0002442362117359
0.996020600420441 -0.005237612928795878 0.08896926968853856 0.09704323891837907 0.006025789053944349 0.9999449262361759 -0.008592692290881877 0.03565128558972719 -0.08891936461975669 0.009094608586218769 0.9959973065677852 1.9980603724358625
0.9909494618953874 -0.005035504923698012 0.13414099917402236 0.22832737029267813 0.006740505843558758 0.9999021315236645 -0.012259402734432712 -0.0004973745491826491 -0.13406613871598866 0.01305262673163809 0.9908864210317903 2.9902425109386455
0.9834393330150428 -0.002418688772054205 0.1812214894088195 0.3401571881746715 0.0051482511075047355 0.9998802604846311 -0.014593156057555253 -0.029550076405672917 -0.18116449373279853 0.015284457393379011 0.983334028483063 3.977197816570138
0.9739068904722052 -0.005266381101522633 0.22688683064658666 0.5696515111854515 0.008762541596880176 0.9998578492060392 -0.01440483411342206 -0.055288983304857084 -0.22677871715732623 0.016017072490495922 0.9738145957179488 4.9486870979289375
0.9623072097080047 -0.0061082700095055065 0.27189616249863663 0.8383909832629952 0.01078722037175754 0.9998182854585953 -0.01571724973665945 -0.07458417519977617 -0.27175074980696107 0.018057826561476704 0.9621982357493858 5.903808872693054
0.9488795352788892 -0.008428380786852459 0.3155258942245959 1.1605572925525043 0.014939651702307061 0.9997223224647647 -0.018223193262142175 -0.09986123027602098 -0.31528468776001994 0.022005462116653374 0.9487419698216686 6.840873847289472
0.9338272634807885 -0.010163744107176584 0.3575798376386817 1.5340877184853687 0.018470914459852168 0.9996328515300092 -0.019823911344567034 -0.1377980811866871 -0.3572470675862846 0.02511693547597461 0.9336721438777624 7.754419895301779
0.9166687681609929 -0.010259471045489688 0.3995160982139192 1.9401578776968451 0.020040170153288333 0.9995928276079851 -0.020311833371188744 -0.17592162757287505 -0.3991450376222092 0.026625593862643793 0.9165011274914111 8.65358464428209
0.8971644254663921 -0.01072483838556767 0.4415664972789052 2.378277718273352 0.021284596014431813 0.9995935220347965 -0.01896725279454025 -0.20443690934559816 -0.44118358950675024 0.026415308964178874 0.8970280217486338 9.535170375846885
0.8753263069367712 -0.010483154835181807 0.48341903132699954 2.8506731513564203 0.021851957347359764 0.9996011310105536 -0.01789052381875791 -0.24320385491542873 -0.4830386613352213 0.026223698196896586 0.875206243869613 10.394835082098151
0.8513836578575027 -0.01041074604970681 0.5244401619821532 3.3649301215409024 0.02243182874699429 0.9996110034681291 -0.01657271264771072 -0.2755803272943481 -0.5240636222752392 0.025873888616258483 0.8512860046398214 11.228102912846644
0.8259336013213011 -0.010680267273662095 0.563666229340901 3.924418769039885 0.024048317029079384 0.9995779400295918 -0.016297860419831625 -0.3107215497337027 -0.563254262883554 0.027016174732158945 0.8258418502633218 12.02721744173967
0.7988319161536346 -0.012437526011753955 0.6014257042071111 4.516357364022188 0.027572747413777646 0.9994924877419539 -0.015953386707962005 -0.3402784186551162 -0.6009220526277674 0.029327033503316967 0.7987694359272437 12.800885761295106
0.7701607972218285 -0.011385333313753285 0.6377481639393187 5.129924647855654 0.0281811136729834 0.9994717268257426 -0.01618925903545686 -0.3748145478070629 -0.6372269385821573 0.030440786147889084 0.770074793305112 13.547316620467642
0.7397238053379592 -0.014267839444490516 0.6727593333235259 5.790912040910368 0.03291109345194183 0.9993458224616006 -0.014992900197861857 -0.3993342103747369 -0.6721053129860877 0.033231850477091894 0.7397094648372037 14.254702345948566
0.7076857691009776 -0.01322676153656175 0.7064035001266715 6.464898695951437 0.033227324575157584 0.9993415275184908 -0.01457588002780555 -0.41986847636413077 -0.7057455611716841 0.033787041247538056 0.7076592673951233 14.945140688270097
0.6739269055404276 -0.012008388383324277 0.7387004295363165 7.190169120407879 0.034356215314084615 0.9992955870193025 -0.015099014306832585 -0.4600744770795584 -0.737998764536904 0.03555458299827122 0.6738647454569968 15.573815308726381
0.6381517897216653 -0.013170364406799239 0.769797918142435 7.912746771480583 0.03887827683703927 0.9991293177272613 -0.015135588790603454 -0.49105116001935456 -0.7689283275216349 0.039587219645333294 0.6381082033444908 16.19904243741329
0.6015177394149888 -0.011329286644863623 0.7987791036533191 8.665685316772858 0.03884700699585464 0.9991313343245924 -0.015082666150947924 -0.5254741509445832 -0.7979143558155515 0.0401026686752323 0.601435330479162 16.78179998831752
0.563731865478193 -0.009795743857559568 0.8258997682810867 9.448315022978852 0.04166212130475046 0.9989940399390669 -0.016588424114645568 -0.5504883552688575 -0.8249064501462363 0.043760159603184794 0.5635728852053113 17.32322364726584
0.5252243123769682 -0.0080376657317899 0.850925859060426 10.269651507993414 0.04634893117525567 0.9987412662790776 -0.0191744520175368 -0.5744829217391919 -0.8497006521517166 0.049510392452953175 0.5249357320397443 17.805590550486382
0.4865088125060689 -0.006807464672470061 0.8736491479871463 11.103018696299358 0.047838757052087025 0.9986770342235017 -0.018858277711885457 -0.5980907745231254 -0.8723649630043873 0.05096900763483935 0.48619083864576645 18.266267743721645
0.4483871097470056 -0.008525644781519815 0.8937988102441089 11.969517866830774 0.052813752185661 0.9984601640613957 -0.01697080913096709 -0.624195651327992 -0.8922778196239085 0.05481436092437459 0.44814693845172543 18.680029241969308
0.41147931107649827 -0.009025686777031281 0.9113744090845495 12.852082618247074 0.05653953217755445 0.9982778390495727 -0.015640887559717157 -0.6571506507097493 -0.9096637059139775 0.057964584365934144 0.4112809855830092 19.06555400482994
0.37651344177614965 -0.006284281434001648 0.9263898401692102 13.75279579146435 0.058220410502438286 0.9981608405457629 -0.016891423915709743 -0.6667287065801352 -0.9245799110746477 0.06029464493494471 0.3761868469648613 19.412057913672882
0.3433193216092015 -0.0069856171331474344 0.9391927621969121 14.675239967046227 0.059006050854497186 0.9981574005102825 -0.01414530908494878 -0.6861479195811396 -0.9373633923790452 0.06027441380736511 0.3430989152822039 19.7335706469567
0.30989459023060173 -0.008533933305582608 0.950732620103119 15.612407001924824 0.06125002390068301 0.9980617741211925 -0.011005889796839726 -0.7114978255987369 -0.9487959620055152 0.0616430614131911 0.3098166481350491 20.04282216126839
0.27712499074870917 -0.008218841015734267 0.9607987251005717 16.568932678222424 0.06184861662601908 0.9980421971420544 -0.009301685078804063 -0.7230352750121996 -0.9588412215398197 0.06200180139492549 0.27709075859690646 20.30924851788036
0.2448109218192901 -0.00508427013682528 0.9695575087405407 17.530330886908995 0.0591507400264562 0.9982019243232593 -0.009700939730774714 -0.7405321863351468 -0.9677648487687033 0.059724940138215096 0.2446714715964549 20.556292212386403
0.21399217196181822 -0.003351343778323111 0.9768296263084679 18.506868154386577 0.05926844230140366 0.9981963103280764 -0.009559173320732082 -0.7549038460289657 -0.9750356927242342 0.05994075860622866 0.2138048254167368 20.773908127230765
0.18341867505238885 -0.0031026033680855683 0.9830299911469459 19.50362481807477 0.0614010750202849 0.9980786098012803 -0.008306421822494924 -0.771451037906224 -0.9811154354245875 0.061882651118712516 0.18325675939004388 20.967535399043726
0.15283484829688482 -0.00322202123747569 0.9882464913801676 20.51884053810017 0.06302983412151626 0.9979905153950813 -0.0064939350219958185 -0.7839663830661014 -0.986239701673321 0.0632815119968 0.15273081248627204 21.122494116912986
0.12242741637431585 -0.0037196175554009333 0.9924704993928786 21.54987100679977 0.061830690318305605 0.998079085224381 -0.0038865630601531945 -0.7982257792842755 -0.9905495916180421 0.06184095797204675 0.12242223026243286 21.25293920686349
0.09295127829667 -0.004023792401329069 0.9956625276456498 22.597754533381636 0.06239158492873562 0.9980501398885774 -0.0017912002867777916 -0.8109273754098469 -0.9937139175804544 0.06228745751030518 0.09302108709215738 21.353579500223844
0.06583769486008327 -0.00365752667594552 0.9978236419498805 23.660573878971572 0.06518207775964509 0.9978731799055146 -0.0006430895643215998 -0.8157237165650175 -0.9956990984601947 0.06508255775449356 0.06593607511588029 21.40831777913649
0.040782082617129164 -0.0028824945101500296 0.999163906955614 24.73818265872768 0.06911482117114917 0.9976087099886108 5.700294251325105e-05 -0.812225168016461 -0.9967747805958416 0.06905471005119354 0.040883783922919525 21.42744830966834
0.01811441179718326 -0.0025022888254763904 0.9998327893382345 25.830502771103966 0.07334349674978886 0.9973060559335977 0.0011671686596149043 -0.8212694046477085 -0.9971422163210999 0.0733100903614241 0.01824913919734475 21.429955973258895
-0.0022013505583381595 -0.0023687100356967234 0.999994771620574 26.934306791492688 0.07872341187293301 0.9968932740823884 0.0025346621816931688 -0.8135181179307344 -0.9968940658258544 0.07872857995707483 -0.002008038629756751 21.40919132878906
-0.019734603489216653 -0.003184414849465246 0.9998001825000774 28.049835825365825 0.08296981640559649 0.9965404441172759 0.004811736085751924 -0.8230684404292352 -0.9963566404610069 0.08304819528806037 -0.019402120210202538 21.371362483325186
-0.03506338960708339 -0.003054783949336144 0.9993804215634219 29.17783990588358 0.0859423971492597 0.9962816737017044 0.0060606120453884004 -0.8202541730294035 -0.9956829129203228 0.08610165469460351 -0.03467047702802064 21.314177252455487
-0.049530427904792944 -0.003446340783085428 0.9987666691709195 30.311953896806624 0.08806040060175602 0.9960845652979766 0.0078041412720858665 -0.8101474284610977 -0.9948829592255689 0.08833833545150896 -0.04903300859859949 21.261736623485206
-0.06266952151411173 -0.004391511482179631 0.9980246718894739 31.45176360892838 0.0882046082865363 0.9960529657501843 0.009921516883807262 -0.8079458818420938 -0.9941290047826838 0.088652151960113 -0.062034811216204244 21.181954428229368
-0.07479092231628429 -0.004114320474415998 0.9971907492080494 32.59744057992834 0.08804413560237927 0.9960589639149618 0.010713103690228609 -0.8030470341275643 -0.9933048616236146 0.0885980404505745 -0.07413392680284117 21.088397199637257
-0.08621500486904128 -0.0012168402598467824 0.9962758113269694 33.75548430447278 0.08820036649101577 0.9960634452626802 0.008849201222991227 -0.7993210929674236 -0.9923646851265318 0.08863482561170068 -0.08576828902631632 20.997782644345186
-0.0965354478003286 0.0023691080063643543 0.995326727585089 34.93056415958438 0.08866517912340054 0.9960420117551184 0.006228710125459014 -0.7961467424587578 -0.9913724796104662 0.08885211390882021 -0.09636341901846734 20.890068910433513
-0.10614248107987342 0.004821817484755761 0.9943392397900981 36.1291441784189 0.08990059953907381 0.9959393343589467 0.004767019946309026 -0.7998293691397779 -0.9902785749034069 0.08989767712681566 -0.10614495623664365 20.78006327656994
-0.11394208217650259 0.005775704045576523 0.9934706050769991 37.35060394863568 0.08972088879939105 0.99595678218094 0.004500015647791055 -0.8031416154555928 -0.98942779626526 0.08964780683631376 -0.11399959081991702 20.65404774565272
-0.11961558984323852 0.00659628786264881 0.9927983680752529 38.59261942952471 0.08939701483000786 0.995987411202376 0.004153368014942347 -0.79574572556678 -0.9887872796541914 0.08925001799897568 -0.1197253101112925 20.49713301489899
-0.12477702712812523 0.008170271129447702 0.9921511680035137 39.8528666348929 0.09061227677521742 0.9958811217374665 0.0031947870871402205 -0.7970254841226974 -0.9880385158477767 0.09029971227303167 -0.12500341261233366 20.345541350936312
-0.1293332258477543 0.009911414008119356 0.9915516529985572 41.13781313425186 0.08968020347870014 0.9959690893516265 0.0017418840677702627 -0.7925890843256509 -0.9875375323479264 0.08914783748609045 -0.12970075279550586 20.18497681022119
-0.1337543317517226 0.010752234167303466 0.9909561888388706 42.44342609266061 0.09001571041727698 0.9959394392747088 0.0013435681026874855 -0.79575344271419 -0.9869179046991304 0.08938133338446713 -0.13417908416251673 20.020229660287875
-0.13685001237590802 0.00978040894225667 0.9905434961240388 43.773020135036 0.08942956860654779 0.9959899579655633 0.002521089168790033 -0.7917417397397831 -0.986546717784596 0.08892888862834515 -0.1371758958263691 19.84246371018745
-0.1390545576896046 0.007955872388600804 0.9902527627228729 45.12412806560479 0.09001680495898169 0.9959294426416994 0.004638976650631284 -0.7864044034669013 -0.9861849749467514 0.08978446064840338 -0.13920469034967917 19.64874191971552
-0.14130680038483406 0.006731142645120011 0.9899429679954747 46.49345796873299 0.08932482514788515 0.9959846065935322 0.005978213865431939 -0.7770241099936864 -0.9859277173187191 0.0892712447959157 -0.14134065613010055 19.447806118992062
-0.14352537015032082 0.007596499113856622 0.9896174823255823 47.884731167737954 0.09187771628131938 0.9957540888717821 0.005681526735861453 -0.7756305141437149 -0.9853724947318868 0.09173923749592784 -0.14361392317433225 19.25215698653517
-0.14466454362267211 0.007293939942820243 0.9894538737397276 49.295352939077794 0.09133836924539446 0.9958017572913338 0.00601352468003123 -0.7697454148527423 -0.9852560439408813 0.0912450470743268 -0.14472342333695548 19.0533539009067
-0.14568755812264148 0.008818458744103553 0.9892913474773943 50.72870901391913 0.09299399903552143 0.9956550046117282 0.004819536802958571 -0.7612957119493101 -0.9849503802484891 0.09270030516126929 -0.14587461009841265 18.846512692006428
-0.14594465652242197 0.009215981044791688 0.9892498283679064 52.17785585837309 0.09259580876266116 0.9956941250159643 0.004384701617670474 -0.7541716564410217 -0.9849498329519838 0.0922403116975956 -0.14616959829523093 18.63860956573733
-0.145203409426467 0.010581932920715808 0.9893452342769886 53.648183239098444 0.09254896283434719 0.9957038142828033 0.00293320659992867 -0.7542539318164833 -0.9850637844166318 0.09198878691630287 -0.1455589355293943 18.417065614391312
-0.14416151976524386 0.010481827690603034 0.98949865462629 55.14474668676552 0.09357885456903814 0.9956070850237209 0.003087106754030787 -0.7627891704160609 -0.9851195126463194 0.09304119269887251 -0.14450910789513932 18.211620666209573
-0.14313095351386304 0.009393632023371023 0.9896591786183867 56.66209055556429 0.09280944488260061 0.9956759665885409 0.003971964067447721 -0.7671325198248163 -0.9853425480952273 0.09241822999484091 -0.14338386826217425 18.014306718355048
-0.14195116680569833 0.010144992019029289 0.9898216735247984 58.197700696298554 0.09378313528440417 0.9955873596538751 0.0032454327363266983 -0.7680038054759243 -0.9854210215835302 0.09328927287932468 -0.1422762165188505 17.790066139201446
-0.14114338752622568 0.010981430571698834 0.9899282561581009 59.75452833353815 0.09367945436310286 0.995599725070727 0.00231241633735586 -0.7644353920988716 -0.9855469060312925 0.09306232117073472 -0.14155105224074316 17.594531435127347
-0.14038585634398257 0.01163089033781636 0.9900285519764137 61.33802034164279 0.09429599562443747 0.9955427956493258 0.0016754819943659112 -0.7570862673883054 -0.9855963050599184 0.09359094197980426 -0.14085687427871482 17.377863816775957
-0.13953746902097544 0.011362848259421127 0.9901515946655098 62.937617573981846 0.09278534279929912 0.9956847691103419 0.001649461516437706 -0.7444700692736728 -0.9858601193378488 0.09210171681956333 -0.13998963839531697 17.155204091056216
-0.1386219750021134 0.009822594214240416 0.9902966548915603 64.55770662541153 0.09461434721914386 0.995508296999358 0.0033698524782804903 -0.746584201719994 -0.9858154357418073 0.09416340716187203 -0.13892868460061913 16.93523874820318
-0.1383597401777152 0.00795424846190535 0.9903500957890395 66.19304889913114 0.0959534287544996 0.9953711176858803 0.005410876731915808 -0.7445924041623017 -0.9857228422879384 0.09577613485706715 -0.13848252663650415 16.7118667621182
-0.13768889693390918 0.009069160315357252 0.9904340048646836 67.83803913869768 0.09738000492307668 0.9952374382126736 0.004424502350239442 -0.7436706419701362 -0.9856768751991225 0.09705767311779176 -0.13791629993098906 16.49055132237185
-0.13719747935146487 0.010963302018506784 0.9904830425951036 69.50219326941885 0.09971022361964657 0.9950125841025801 0.0027979962859272303 -0.7509054829627627 -0.9855124164440174 0.09914516370629084 -0.1376063717577353 16.282012040876
-0.1367335742185975 0.01044817465030629 0.990552757468214 71.18036447375052 0.09927024231532394 0.9950553410781278 0.0032073637987102255 -0.7656772651933897 -0.9856213008412849 0.09877096657600005 -0.13709466616020557 16.077622398491602
-0.13673185571903265 0.010496887570261154 0.9905524796713021 72.87022625794081 0.09931773627200609 0.9950507378548307 0.0031648627696713926 -0.7585295653374575 -0.9856167545721999 0.09881216749917093 -0.13709766103286256 15.850804399277633
-0.13669376174452713 0.009386572981636426 0.9905688808698713 74.58246739560565 0.09938677135001679 0.9950396475622528 0.004285960778703175 -0.7675916148227375 -0.9856150796232537 0.09903530697098784 -0.13694861369291775 15.634183403502206
-0.13671332832977395 0.00947860901314016 0.9905653041713957 76.30448333390959 0.10040909650085032 0.9949367813272656 0.004337568675310739 -0.7646853033669122 -0.9855087413092188 0.10005477066740218 -0.13697285742005597 15.396733600392306
-0.1371212875543025 0.009623085953293259 0.9905075207771943 78.04592658148844 0.10127310150551279 0.9948491328412322 0.004354514495537466 -0.7548776540059808 -0.9853636442506424 0.10090886532794666 -0.13738955377801404 15.176461460409357
-0.1371289729135789 0.010786977060620427 0.9904944653624062 79.8004219668104 0.10179425218242331 0.9948001351632566 0.0032590338717262603 -0.7575813327958695 -0.9853088728973722 0.10127355135991743 -0.1375139730524205 14.93141771592525
-0.13798818454249917 0.011485329680017147 0.9903672794114335 81.57049137638025 0.10181889545410566 0.9947994227295872 0.0026497293022989575 -0.7701177678036628 -0.9851863648341731 0.10120373381951459 -0.1384399899083264 14.728752950174021
-0.13876693858433128 0.012056320529472015 0.9902516760355525 83.34877072798693 0.10134946143177569 0.9948486910516304 0.0020901149096766245 -0.7833803707960613 -0.9851253846203653 0.10065151289542314 -0.1392740088043737 14.47523567113987
-0.14008660725326924 0.01274749685853638 0.9900571921824052 85.14182802719152 0.10029082951787598 0.9949572078072559 0.0013799083281872582 -0.7819121037823888 -0.9850469491262259 0.09948696375013023 -0.14065863663812253 14.222670517753084
-0.14093454713004416 0.011876930927814602 0.9899476713124704 86.95404722865251 0.09907211867918989 0.9950778983604357 0.0021659859149939023 -0.7867589860998927 -0.9850493229913243 0.09838147542247766 -0.14141752567496807 13.953889642722793
-0.1420717290120585 0.011495156405076333 0.9897896166331231 88.77784276620464 0.09801356237002436 0.9951819116972925 0.0025108209909606312 -0.7817888361960176 -0.9849918605790924 0.09736952300249947 -0.14251389610562118 13.686606145747284
-0.14272940133733744 0.010488776725957383 0.9897061703135313 90.62168883764161 0.09531721847349524 0.9954418165851275 0.0031965068693238217 -0.7830136639625211 -0.9851613806155629 0.09479227477217163 -0.14307857557005374 13.43963140035003
-0.14455767924283838 0.011573982009429285 0.98942868379301 92.47558457765098 0.09487370736124802 0.99548684933261 0.0022164064054624637 -0.7778286534244554 -0.9849375904205594 0.0941911659672364 -0.14500333523845318 13.181986510012
-0.147292361146472 0.01219428767721556 0.9890178257725897 94.34677881143885 0.09406814757356742 0.9955642498469293 0.0017343698529000994 -0.7981087587694798 -0.9846096403956114 0.09329053421840071 -0.14778610308574433 12.911711175039652
-0.1516863639679797 0.013059339831180088 0.9883424005016406 96.23132862364268 0.09443495164891703 0.9955301334530594 0.0013391392714719938 -0.8028445203514973 -0.983907153593895 0.09353719597088432 -0.1522416042895756 12.64244799122103
-0.1561361154038201 0.012036708692091756 0.9876622049620329 98.12126691962276 0.09240339760500027 0.9957185833162211 0.002472842448774036 -0.8123973821440126 -0.9834038466355818 0.09164944343849707 -0.15657986441351984 12.33310004410516
-0.16093632827862933 0.011233263444392148 0.9869008623122082 100.02140939982665 0.09056713403879132 0.99588443376189 0.00343348550974652 -0.8155753211471878 -0.9828006371956596 0.08993335523116834 -0.16129134863554093 12.02189114378837
-0.16545949763757534 0.012020839612576639 0.9861433232834503 101.92691507912475 0.08912274071045187 0.9960166808515479 0.002812215089419714 -0.8234994026833783 -0.9821813945141601 0.0883531034002817 -0.16587174982425518 11.709236615105016
-0.16981638562935888 0.013763055003607985 0.9853796088253227 103.84483130728555 0.09023323724844981 0.9959193103552011 0.001640169890993846 -0.8436512203147742 -0.9813360067109772 0.08919251974562996 -0.17036530267040734 11.385677782380078
-0.17348588883610425 0.015421033362643532 0.984715612806445 105.76443185180264 0.08955995245054921 0.9959814165546935 0.00018109320033223302 -0.8480661419708933 -0.9807556583022112 0.0882225005750837 -0.17416982832992922 11.022629058299083
-0.17850023906081366 0.015748608187396335 0.9838138268978482 107.70416275702517 0.08818743262672539 0.9961038970350825 5.511999954010949e-05 -0.8596059606315436 -0.9799799188666778 0.08676985450989312 -0.17919361307366038 10.690499769999528
-0.1829006558887638 0.015518679917180925 0.9830089117851808 109.64536712885499 0.08645193141340159 0.9962559589117658 0.00035761386515585056 -0.873191717666827 -0.9793229363342585 0.08504842683091039 -0.1835574881698773 10.304216766526766
-0.18784787239985665 0.014599471615863925 0.9820896253720341 111.59865488297042 0.08502312962477837 0.9963779215673668 0.001450807322861417 -0.8986593657501729 -0.9785112387007402 0.0837728645900216 -0.1884087654402694 9.925155973196604
-0.19244474081071483 0.014239364981102391 0.9812044956171111 113.56592801776131 0.08446053793525007 0.9964246013066967 0.0021050991579778075 -0.9071683692887131 -0.9776663230703949 0.083278174786148 -0.1929593385620469 9.558196160684606
-0.197940654053847 0.014094386072508822 0.9801126699282954 115.53528252163494 0.08451154196791559 0.9964187363243037 0.002738827499076685 -0.909682276928921 -0.9765640259332413 0.08337295834444391 -0.19842291467961878 9.160300016810032
-0.20366891156658776 0.015738336132073896 0.9789133154866536 117.51428719688982 0.08511593033528742 0.9963696214908769 0.0016899033319751672 -0.9143246865632774 -0.9753328933571551 0.08366529833752885 -0.20426909944887053 8.774870590729524
-0.20894870608693894 0.016795721801733277 0.9777823591954143 119.49404532645976 0.0849075529125855 0.996388301996381 0.0010291273735900117 -0.9261112938173667 -0.9742336196636775 0.0832361422334936 -0.2096201300998914 8.343920828085567
-0.2151401970693517 0.016725111098398675 0.9764399450369203 121.50096363986017 0.08542773621232605 0.9963428210355948 0.0017563759437681239 -0.9420501287044847 -0.9728395538271449 0.08379292111846819 -0.21578217924526727 7.969449418905156
-0.2213736286369721 0.016808381399162645 0.9750442014897773 123.51126676474001 0.08441751395104284 0.9964284855500989 0.0019891009646292646 -0.9494327996989228 -0.971528383467218 0.08275114198041789 -0.22200191129472635 7.569389238634791
-0.2266937896713005 0.017672125694978013 0.9738057412532964 125.50968435299018 0.08361841749012879 0.9964968896182751 0.0013817516185874552 -0.95744476898671 -0.9703699737630544 0.08174132953721054 -0.22737737148753115 7.092726747356941
-0.23311282820522064 0.018436671991182263 0.9722749088874246 127.54266273645987 0.08298345384828514 0.9965504242715233 0.0009991354471506474 -0.9690101525161794 -0.9689025522278145 0.08091564131935654 -0.23383862657034382 6.70863082061643
-0.23807642961645542 0.0176836517935023 0.9710854247285992 129.58394594898292 0.08431621495475534 0.9964358457073182 0.002526120589067743 -0.9853791736684554 -0.9675796554066152 0.08247965718147808 -0.23871890707365775 6.337349190549829
-0.24235434116265792 0.01763680339470071 0.9700274823352313 131.61748635183707 0.08618429745840314 0.9962733463113611 0.0034185232410546577 -0.9903769000589662 -0.9663522340178116 0.0844296310282462 -0.24297118597319098 5.858272262026472
-0.2458075455461438 0.01837909957784725 0.9691443954598742 133.64763967070942 0.08686254206498341 0.9962153616928195 0.003138775754789635 -0.9899805776631407 -0.965418846583486 0.08495388058198639 -0.24647370820327358 5.345114469775696
-0.24885438849439773 0.019093076721706473 0.9683526980126484 135.6916979867789 0.0871273458884193 0.9961933902270994 0.0027486116973732115 -0.994278747886819 -0.9646140777147709 0.0850540045448959 -0.2495706260467325 4.838761384631971
-0.25202579279901227 0.019155372510263852 0.9675309149934278 137.74132171688657 0.08661972460570361 0.9962374022842273 0.00283929554477562 -1.0058749475536422 -0.9638360976189166 0.08452283711490363 -0.25273675421827013 4.3218380518265
-0.2561339376790411 0.019654663528860885 0.9664414623610649 139.80373990932063 0.08479363128513828 0.9963960865038919 0.002208821674771197 -1.009455891273309 -0.9629150772848611 0.08251383521131109 -0.2568774434165286 3.7923108086766333
-0.26062379276262465 0.02033908336797245 0.9652261705599222 141.86080876427243 0.08359767436918394 0.996498344210071 0.0015744289863339489 -1.0188008756106715 -0.9618142583087906 0.08110099675294356 -0.2614114780180683 3.2487827618725125
-0.2657311038151685 0.0198930298288132 0.9638419205603165 143.9367626542406 0.08243595215123656 0.9965940268541066 0.002158571661386572 -1.0312098959514668 -0.9605161603315645 0.08002882607491753 -0.26646593166665744 2.7192307855982607
-0.2692162842365368 0.02007207690170553 0.9628705541404418 145.99097825021553 0.0823271686252207 0.9966028322718526 0.0022432150717372223 -1.0516902118105833 -0.9595544953821157 0.07987431650134341 -0.2699541886235829 2.076893382305996
-0.2749487668076529 0.020505812538739763 0.9612401818916405 148.0767553293888 0.0815757912424684 0.9966649872908908 0.002072050094955954 -1.0699594518290116 -0.9579919445977174 0.07898363603024369 -0.275704587058914 1.5355670729675643
-0.2792150543802692 0.02029304351514325 0.9600141383293859 150.15111460681337 0.08071842835643371 0.9967340368798351 0.0024072907755586645 -1.086915506244858 -0.9568299163023121 0.07816298427071713 -0.2799411708891804 0.913102016030904
-0.2835340992664473 0.019489956778043764 0.9587640774131827 152.23849497753957 0.07976596381057278 0.996808070945081 0.0033257654907458334 -1.0837749110106254 -0.9556389514720155 0.0774197086246134 -0.2841837137239666 0.2732410476171522
-0.287521498123694 0.019464441012541432 0.9575763800620675 154.3264672996756 0.07983177400869236 0.9968014521036125 0.0037084960208983784 -1.0787175578607124 -0.9544413423439546 0.07751129350089701 -0.2881557276968243 -0.3558827651697269
-0.2907814780226265 0.020248343812184277 0.9565752122085528 156.41081504982776 0.08069362233643743 0.9967330472585657 0.003431008140546628 -1.0783765383283064 -0.9533806539641969 0.07818719252857574 -0.2914654208843623 -1.0408197091410472
-0.29473727436295066 0.02132875822368022 0.9553402656507952 158.51662543260323 0.08057784989015314 0.9967449106832041 0.002606364171523722 -1.08273115092414 -0.9521749572469216 0.07774745719154619 -0.2954965036884027 -1.6797784994974476
-0.2969080311509053 0.02296517934803005 0.9546298872210127 160.61193589614953 0.08061735731611479 0.9967445220343059 0.0010952141124317852 -1.0860667067549001 -0.9514969588692637 0.0772849165885548 -0.2977928456669861 -2.36901619478149
-0.30052935193875624 0.02434089101119771 0.9534619182998607 162.74637345780076 0.08205476620301402 0.9966277331131376 0.00042063418825415014 -1.1062191381505901 -0.9502363516339702 0.07836250770957688 -0.3015131728777813 -2.9882483374904427
-0.30380796447433006 0.024972716489964294 0.9524059450429078 164.8632366948194 0.08152281382996765 0.9966714676020082 -0.00012842618926798492 -1.1217713271203043 -0.9492390381496154 0.07760379564914607 -0.3048325759390509 -3.68267061014361
-0.30752685895854476 0.024858956241223237 0.9512146252627145 166.98855928883188 0.08093046674396209 0.9967197429392268 0.00011656649759857211 -1.1200014223634822 -0.9480914990504316 0.07701809092506613 -0.30852993873944023 -4.3787293679366
-0.3108729915760327 0.02488883583141807 0.9501255332636434 169.11432893495547 0.0809196864772822 0.9967205575180711 0.0003668259345948557 -1.1472042458161575 -0.9470005213562375 0.07699789654143509 -0.3118674982732385 -5.1015781558155995
-0.31445302951337806 0.025797720868514434 0.9489224256112018 171.24849075874602 0.08319949319678997 0.9965327969370432 0.00047849829001068777 -1.1648985069477866 -0.9456199747053015 0.07910033013083677 -0.3155091143081877 -5.830757521157664
-0.317088108356005 0.026058190528466474 0.9480380278478234 173.39078530431178 0.08535476463876311 0.9963499451564422 0.001162299530395846 -1.1822231961807692 -0.9445473496297953 0.0812881140949895 -0.31815491008973673 -6.559351377614345
-0.3196368850991036 0.025724434671831463 0.9471908546565233 175.54801237397976 0.08649246209541164 0.9962502265963835 0.002130729290652583 -1.2010492804815247 -0.9435842917751524 0.0826059287669587 -0.32066328889932527 -7.265997969394044
-0.3223024608944455 0.025474756986700504 0.9462939080739405 177.7152922267782 0.08654468444199645 0.9962444263084741 0.002657187256488289 -1.2096731178704638 -0.9426723403687093 0.0827531256554713 -0.3232967350562487 -7.976902760585636
-0.32559817633403604 0.025879364356707988 0.9451540012444749 179.88575096201203 0.08550822785465868 0.9963350878626065 0.0021761578411094345 -1.2265591920541092 -0.9416337772919502 0.08152699672064002 -0.32661778620982523 -8.697715970501056
-0.3284261198370852 0.02793743847389469 0.9441164034907304 182.05827959169693 0.08476271921612649 0.9964011649074317 1.4772956706209615e-06 -1.2365705430557596 -0.9407186429745318 0.08002635879891365 -0.329612221644682 -9.435353482347246
-0.33168286642635747 0.029710835565001877 0.9429229779622631 184.23435799872018 0.08425079781544939 0.9964430247099265 -0.0017611287217769779 -1.2582030982509584 -0.9396213488350801 0.07885787694926022 -0.33300624026645526 -10.196098866247338
-0.3356715331312242 0.03064510220342038 0.9414804828334324 186.432515338313 0.08327187212036555 0.9965230792654045 -0.0027473268729049545 -1.2809121453137005 -0.9382912219342687 0.07747664294689052 -0.3370563048494677 -10.921699751204072
-0.3389234610993913 0.031353058958457546 0.9402913767606054 188.61673345702295 0.08130956161097119 0.9966811647706322 -0.003925682369744462 -1.2987562204529663 -0.9372937867643429 0.07512417377505629 -0.3403479334557127 -11.701192353995587
-0.3436398683284931 0.0319208601638156 0.9385588418322935 190.815225175407 0.08191892460064516 0.9966313562801471 -0.0039024955411029036 -1.3149997081061586 -0.935521742498511 0.0755446779434382 -0.3450971905811069 -12.456652369795878
-0.3467366194392623 0.031111575672297546 0.9374464179882588 193.01230618792965 0.08173595292251826 0.996649960219755 -0.002844432067796546 -1.349416606523402 -0.934394429959683 0.07563680752866625 -0.3481179722553718 -13.268794935624811
-0.3506071011047141 0.030279700496088222 0.9360330124481796 195.21627715921784 0.08093089861377828 0.9967178485345684 -0.0019287462685021123 -1.3624779453734213 -0.9330192121840337 0.07507776069163347 -0.35190691886493947 -14.082109824098708
-0.3547752380540797 0.03021572863742101 0.9344632364125293 197.4256825350977 0.08083535032364894 0.9967262797065713 -0.0015393116423319901 -1.3809613416118838 -0.9314505765749052 0.07499155342563571 -0.35605630216734874 -14.890035216808021
-0.3581435127130403 0.030281635303357 0.9331753569747312 199.63607794265812 0.07992153699190001 0.9967997534503351 -0.0016731545610198016 -1.4077289272505282 -0.9302396316145728 0.0739815793605958 -0.35941752000827043 -15.737532837311933
-0.36137377128779713 0.030874312275770196 0.9319097457730182 201.8308863037778 0.0793886653728865 0.9968412213756657 -0.0022403518841562498 -1.4360912194980249 -0.9290352185119499 0.07317346655552229 -0.36268334198953966 -16.580610581855968
-0.3645533102924761 0.03173730133216679 0.9306415140423016 204.0614022827318 0.08004268028618809 0.996787945069904 -0.0026385404872769466 -1.4719108120477162 -0.9277359825335011 0.07352915250057007 -0.3659226836985478 -17.41137976400237
-0.36727741268405134 0.032175699448117455 0.9295547463689979 206.25066818816236 0.08036678977675486 0.9967615695574901 -0.0027481910867147956 -1.493045333830481 -0.9266328729508188 0.0736959823755376 -0.3686738680034384 -18.30263114674665
-0.3699747653731751 0.03180122332432957 0.9284973641223431 208.46222777980594 0.08114453493916549 0.9967007126354647 -0.0018038518355813422 -1.5130832309358018 -0.925491349195967 0.07467510714431662 -0.37133460778173416 -19.17783180365621
-0.3727572441214952 0.031079255548543752 0.9274082794699944 210.67869166012167 0.08226682381348534 0.9966102844903941 -0.00033248698924232423 -1.5460210535409247 -0.9242749626894531 0.07617099659651445 -0.3740504947502474 -20.053492548575345
-0.37533490541898695 0.031920518598648605 0.926339456822666 212.90127520516242 0.0837803588020988 0.9964841685949648 -0.0003914314426187779 -1.572531107463745 -0.9230950981632997 0.07746213418165618 -0.3766896036724553 -20.921921443134252
-0.3777639336163795 0.03247182110655923 0.925332368013084 215.09533856811206 0.08322480125363046 0.9965303027622836 -0.0009940486838512209 -1.5990157610985556 -0.9221540234228625 0.07663508668042728 -0.37915566799734135 -21.85238601810925
-0.3805438501588254 0.03278833683623349 0.9241814232464367 217.31825595705993 0.08268334094937894 0.9965750082059228 -0.0013107817494319497 -1.6160897227869575 -0.9210590878091077 0.07591559778372545 -0.38195153982854096 -22.73960474713668
-0.38345788141622156 0.03380503040441761 0.9229394742338944 219.54015690369576 0.08221554155985696 0.9966118129391697 -0.0023450023671118697 -1.6501761003823088 -0.9198916555256935 0.07498075906150509 -0.38493795326618313 -23.669811376527694
-0.3860241516244957 0.034940517327957596 0.9218267269999504 221.73364717294393 0.08211887589658867 0.996616785385765 -0.0033872273034735844 -1.6813484892020927 -0.918826340819672 0.07439182304648938 -0.387587425079492 -24.607902698038593
-0.38837889356734084 0.03458258810976877 0.920850628294859 223.93521172878192 0.07959514946468893 0.9968197782091376 -0.0038654822157693377 -1.7192877041040024 -0.9180557974399488 0.07179397168772178 -0.38989636881638273 -25.559251508066037
-0.39143300424897864 0.0354109533359976 0.9195250228071301 226.1445188526804 0.0804421306216727 0.9967506768662268 -0.004141471688369458 -1.7563549181538263 -0.9166838423391476 0.0723474432895617 -0.3930096444666453 -26.5033609885293
-0.3937189240364388 0.03471556981793661 0.9185751129155433 228.3364087683105 0.0815701768732714 0.9966639320304806 -0.0027042252838004755 -1.78885025999564 -0.9156045626254001 0.0738636297628206 -0.3952372061152758 -27.484079760714813
-0.3960903158334653 0.03371684020078923 0.9175923040162325 230.5331302149265 0.08161079070549068 0.9966633010683259 -0.0013939669988029132 -1.8102621073908567 -0.9145775749182612 0.07433329664722524 -0.39752033968865746 -28.46688215832453
-0.3989553871657009 0.03314739346415 0.9163710216708059 232.73274654020233 0.08050845913153938 0.9967534193514791 -0.0010044995676137015 -1.8349597837386997 -0.9134292457873946 0.0733748684336108 -0.40032879189813414 -29.438151572011527
-0.4017534128512523 0.03314264093300079 0.9151479446594168 234.9234019378587 0.07903123673719864 0.9968711467238357 -0.0014072843618636935 -1.870075779278195 -0.9123312221348987 0.07175989256871318 -0.40311568927091745 -30.427476277194692
-0.4061807051537654 0.03278385291221685 0.9132044972233863 237.18342611997863 0.07782980780347125 0.9969659695775729 -0.0011732525330060443 -1.8932011508864026 -0.9104722707353927 0.0705979779629865 -0.4074999015085442 -31.266803918056894
-0.40983464269279435 0.0324113925236759 0.9115838235091404 239.40053261929188 0.07722567847928574 0.9970133713649086 -0.000729316786068565 -1.9111807561240923 -0.9088848993311976 0.07009877997681127 -0.41111361059137796 -32.20558750237208
-0.4134348362942316 0.03257050003615572 0.909950986957954 241.59945543273935 0.07677752478501543 0.9970479250457196 -0.0008042697888894838 -1.9515032927228755 -0.9072909389089293 0.06953127130581223 -0.41471502804256966 -33.188370677245864
-0.41784076759855127 0.03213366891907787 0.9079518270560671 243.81352646156924 0.07626314769917206 0.9970877070138695 -0.0001918979412447822 -1.9923530676624404 -0.9053137717033061 0.06916308150744425 -0.4190745076006496 -34.12945216002185
-0.42206233350980865 0.03170828928353479 0.9060121252074744 246.01505941728567 0.07529573331904522 0.9971612311362464 0.00017794036557588447 -2.0038953577004377 -0.903434524011674 0.06829394928936845 -0.42325169499277726 -35.09387166893822
-0.4258281477686724 0.03172617156060906 0.9042476644183307 248.183616444048 0.07427284905599416 0.997237957431996 -1.2245297010203028e-05 -2.0107555157721024 -0.9017504823735911 0.06715583589643744 -0.42700838544932995 -36.13206738665009
-0.4301107287317767 0.03222853318035718 0.9022006886934081 250.3671488205032 0.07417355292031523 0.9972453133965501 -0.00026259431581293646 -2.0435819855504227 -0.8997238715722697 0.06680648589501444 -0.43131641328074005 -37.13233578691401
-0.43323618448960394 0.03255656777782189 0.9006922217624703 252.51531009061853 0.0743285306746806 0.9972337655532505 -0.0002938846855263037 -2.062423243148252 -0.8982102637894035 0.06681980795388481 -0.4344576334792303 -38.21558967603528
-0.43657026993336234 0.03268411224833744 0.8990762749716211 254.66449915877627 0.07406177775094991 0.9972536130232855 -0.0002904967363785956 -2.0696978772890455 -0.8966165582269131 0.06646036501948945 -0.4377919224869238 -39.27895444241352
-0.4405144715064164 0.032983463827282164 0.8971393935768143 256.8468480180275 0.07315526443057759 0.997320285066282 -0.000745842734071908 -2.113719828559049 -0.8947599162230669 0.06530191505037806 -0.44174693231672635 -40.29358071893133
-0.4445829762280974 0.033491448782549386 0.8951113339169658 259.0260507519044 0.07366409604054183 0.9972828448292212 -0.0007268864059712946 -2.1262727097456815 -0.8927035220064341 0.06561440594689515 -0.4458420925950569 -41.32662719642772
-0.44787138493666256 0.034236865798037426 0.893442253072486 261.18598014088275 0.07426900412606208 0.9972377581898474 -0.000984208612308174 -2.14283187447743 -0.8910080457442763 0.0659142675055823 -0.44917699379884063 -42.40212780446147
-0.45085676925474827 0.0353308134945206 0.8918968030187032 263.3288181094751 0.07528226341655403 0.9971612167125975 -0.0014452332389862381 -2.1618926403065766 -0.8894159625462357 0.06649241687629207 -0.4522366682013944 -43.52161721132899
-0.45380431496206636 0.037471033045785515 0.8903131838877201 265.46461662905006 0.07734057564333087 0.9970014969581317 -0.0025397681754490784 -2.175496160703174 -0.8877387448348552 0.06770477638770543 -0.4553416126089541 -44.64849999635399
-0.45640458712541254 0.03819392903124796 0.888952235295033 267.6259466871784 0.0786726599149825 0.9968975172670288 -0.0024398050572957512 -2.2082026634313032 -0.8862874620758097 0.06882269866819281 -0.45799341776410263 -45.77611974853601
-0.4601562730027248 0.04039396443186325 0.8869185599894259 269.8041605997959 0.08044441704920087 0.9967523779818611 -0.003659611058736101 -2.228871276030797 -0.8841860099446565 0.06966365354304381 -0.4619113282797672 -46.82082436832729
