0.9990293138714806 0.000495496730622327 0.044047525565786214 0.010086604758394242 -0.0003718073726952128 0.9999959652763518 -0.002816236903220116 0.01731794677174548 -0.04404874328237138 0.002797126026369197 0.9990254672936203 1.002144754413067
0.9955638373846891 -0.002316170886386963 0.09405998641450686 -0.11654154170585326 0.003197174849516064 0.9999524133097643 -0.009216788429812762 0.0815045465487316 -0.09403416275404267 0.009476627480457482 0.9955238670000548 1.991810476521641
0.9902558647069376 -0.0019674366877038903 0.13924601109688975 -0.04088188452414149 0.003829566343391493 0.9999067755733686 -0.013106280330078006 0.050257974998060895 -0.1392072441905838 0.013511822798901094 0.9901710831010538 2.9899421876155374
0.982209375823666 0.000422155970887717 0.18778861474652997 -0.014997371038007728 0.002556885798206237 0.9998747109787178 -0.01562128932708393 0.02505382012657042 -0.18777168151534282 0.01582353088162623 0.9820852363676682 3.982980699366251
0.9723671061726 -0.002053942410390713 0.23344805022552295 0.22126965828762862 0.00587113876716891 0.9998601741455284 -0.015657646287045447 -0.003616411922862125 -0.2333832482486696 0.016595586107407606 0.9722432030920305 4.952762874942527
0.960475590105224 -0.002655274844072102 0.2783515588738887 0.49767011249983045 0.007580608122983612 0.999833143795027 -0.016619836023216344 -0.04386464223194228 -0.2782609839566217 0.018073020900095337 0.9603354573913416 5.905041028523604
0.9467403014198733 -0.005113975277671789 0.3219575265842788 0.8237526853336508 0.011936196869653654 0.9997440392603824 -0.019219343579426267 -0.0774589051487406 -0.3217768308497306 0.022038675554454844 0.9465590144877969 6.840488733187892
0.931351986483823 -0.007014526023795629 0.3640525699638693 1.188865397443528 0.01574828083321494 0.9996548599926024 -0.021027423617000423 -0.11377482023578987 -0.36377942344700404 0.02531713486617486 0.9311410063780529 7.757497145009928
0.9137950645262297 -0.007261623901338039 0.40611063623822846 1.5928109443957585 0.017658840791750993 0.9996050626621248 -0.02186055905372278 -0.14587844076577017 -0.4057915048265485 0.02714751404024366 0.9135624045964457 8.65785317317546
0.8940038041210652 -0.007711367121041796 0.44799300556391286 2.036648285965993 0.01893466791052591 0.9996089120584014 -0.020579146836962024 -0.17766073442564476 -0.4476591075452186 0.02688043434440113 0.8938001821891035 9.536462197791982
0.8718497647324694 -0.007545186517087131 0.48971528248193325 2.515250418169035 0.019702764238141282 0.9996122548257647 -0.01967590108550848 -0.21642354613428846 -0.4893769394008196 0.026803174486856214 0.8716603702246154 10.392687151830996
0.8476784640205799 -0.007570918082980613 0.5304563156708485 3.0351839369809515 0.020555416549337163 0.9996160381928879 -0.018580932108968044 -0.24668872600010516 -0.530111965990387 0.0266544065200417 0.8475086112405413 11.222504541387991
0.8219312365339861 -0.007790005906131089 0.5695334566271719 3.5988961473225496 0.022284665771583858 0.9995806997287862 -0.01848833148661817 -0.28152445144954985 -0.5691506268828673 0.027887999886917692 0.8217601982215653 12.018658734134393
0.794479957903835 -0.009485692597341217 0.6072162861164621 4.195004567737005 0.025900423704685517 0.9994974830726931 -0.018274282017887056 -0.3127388177760254 -0.606737805432493 0.030245709899095644 0.794326401733986 12.789053432882698
0.7654624317610342 -0.008550805700485773 0.6434237711526953 4.814229591559026 0.026822652626738233 0.9994666353048782 -0.018627673456736344 -0.3494105112438739 -0.6429213100127794 0.03151711652765855 0.7652835164154742 13.530694950263863
0.7351941781188547 -0.011794450739571239 0.6777539460540921 5.4923328094496195 0.0320722294998962 0.9993340894364655 -0.01739970646580584 -0.3742676092955032 -0.6770974025611433 0.03452924299694456 0.7350828788803416 14.221678497705337
0.7030630632067609 -0.011025005902560546 0.711042037012703 6.187954551931567 0.03268447083175755 0.9993241316526221 -0.016822760272347238 -0.40112117370104966 -0.7103759951749307 0.035067494087564634 0.7029482316199717 14.890090084412808
0.6691624377426875 -0.00967047317933371 0.7430532375696582 6.9137983141796715 0.03395283077520445 0.9992689567316799 -0.01757149381044488 -0.440494269988931 -0.7423401088427144 0.036986944465148254 0.6690015909865378 15.518155432596155
0.6331557798935293 -0.010654966582214402 0.7739510514719569 7.6415052479129955 0.0385853161604221 0.9990965550497364 -0.017811430727191768 -0.4728257886810473 -0.7730620491035733 0.04114055632683127 0.6329948837557086 16.137335754195124
0.5962974272907521 -0.008800194896606016 0.8027153510281282 8.397359570439594 0.03864304486723288 0.9990953658756051 -0.017752886223938058 -0.5087406470960488 -0.8018329584706643 0.04160536570771628 0.5960980626159668 16.716215814734408
0.5589415238151352 -0.007660004291192709 0.8291716934926522 9.198297929363072 0.04209222329146521 0.9989302664686045 -0.019145951826546992 -0.5295040530335088 -0.8281380426556886 0.04560314755827644 0.5586660319360601 17.23035701335332
0.5203144058490937 -0.005778751284176653 0.853955224294283 10.020104770191738 0.0468440194173182 0.9986646554386005 -0.021784026774941307 -0.5501648946011518 -0.8526890153571427 0.051337238056766085 0.51989030677439 17.712076678806426
0.4815835571115255 -0.004589549884708041 0.8763881637446188 10.86117171857837 0.04865288061224728 0.9985841979463089 -0.02150573923531995 -0.5682636806810288 -0.8750486699195305 0.052995619099911885 0.4811250249449486 18.15879862807771
0.4434472045870769 -0.0060503395319774795 0.8962800734901195 11.73380185815295 0.053871659703657725 0.9983492679081881 -0.019914405538665997 -0.5856042128329625 -0.8946800662944712 0.05711508258536393 0.44304113388779987 18.55994299112862
0.40650106440340944 -0.0064705855761760895 0.9136273945986929 12.61982295400914 0.05778534239681004 0.9981549769600251 -0.018641249261131986 -0.6142480932597338 -0.9118211112071148 0.060371959486450404 0.40612496557683886 18.937808127146628
0.37126649697682634 -0.0037347897657231542 0.9285188417948024 13.52258022243265 0.05943135917461408 0.9980370165898925 -0.01974910284051102 -0.6288969274335509 -0.9266224159652158 0.06251531701713522 0.37075967063454135 19.278770946777588
0.33812918736868003 -0.004386079037217355 0.9410894829717706 14.446878637526943 0.06028800421432503 0.998036084502403 -0.017009720131923912 -0.6526150280087532 -0.939166656774637 0.06248788956103521 0.33772955816889777 19.59462010717166
0.30464820437489365 -0.005968116767933973 0.9524462468577407 15.385866077213295 0.06272896102513191 0.9979350313732527 -0.013811249283579217 -0.6814382605895212 -0.9503970480908807 0.06395353579208886 0.3043934891547946 19.8979894818236
0.27200268243098835 -0.005734966064648798 0.9622794037672132 16.344042148313576 0.06341123984507024 0.997915613286944 -0.011976786691506579 -0.6983623919816225 -0.960204954898514 0.06427704817724753 0.2717993849624432 20.1581234400085
0.23950662483870067 -0.0026232661474067834 0.9708911860415115 17.306790134868002 0.06086696511875456 0.9980698719337432 -0.01231841286018848 -0.7190583751053327 -0.9689849272386055 0.06204554144240833 0.2392040166291373 20.399600634034616
0.2085607070486259 -0.0008722265799256624 0.9780090340565213 18.284567206538743 0.06091395130526496 0.9980696796180508 -0.01209980014303934 -0.736505125672389 -0.976110609517055 0.06209793754960753 0.20821124883235378 20.611345468158543
0.17787519329002122 -0.0006307281860126394 0.9840528531506793 19.282564976830482 0.06304614650957144 0.9979526453392815 -0.010756443214375674 -0.7578456623403683 -0.9820313635634714 0.06395404476876974 0.17755078466563656 20.797984715218508
0.1473133100741688 -0.0007786018385392561 0.9890895725131107 20.298704623121825 0.0649093407949284 0.997851636158618 -0.008881987003875942 -0.7753132504790905 -0.9869577327082247 0.0655095870445403 0.1470473660175333 20.946264514564984
0.11686465690428006 -0.001400184641207516 0.9931468629813088 21.330441750735147 0.06374146677942377 0.9979478412095539 -0.006093573499893322 -0.7929814848422486 -0.9911002357882136 0.06401676115019811 0.11671408189411486 21.070560179245764
0.08727293449702832 -0.001707291927702426 0.9961829751900754 22.378867718034833 0.06437828019574283 0.997917829357065 -0.003929744307501124 -0.8081100959877011 -0.9941020430234091 0.06447550702055403 0.08720112987299415 21.16502604974922
0.06013485149865982 -0.0013250042007931253 0.9981893828322866 23.441633638587753 0.06733118709690966 0.9977269405700541 -0.002731904983865676 -0.8180281216470646 -0.9959168192571883 0.0673735587941427 0.06008737551314095 21.220112130639443
0.03501834259628021 -0.0006852422608392591 0.9993864348313183 24.519056223651816 0.07148942079071377 0.9974396956293082 -0.001821070542629658 -0.8252737388206821 -0.9968264534997142 0.07150932824434118 0.034977672553006045 21.24707457622245
0.01221311723431083 -0.0002469663785831414 0.9999253866039346 25.61133794428554 0.07581434743052788 0.9971217190985409 -0.0006797246898069145 -0.8364501567852011 -0.9970471525916437 0.07581699222191932 0.012196688047058342 21.253933508287464
-0.007953029315197872 -0.00022514838100454464 0.99996834881556 26.715155553501518 0.08164348156074902 0.9966612155099355 0.0008737373161505392 -0.8400324813027926 -0.9966298667225216 0.081647846306345 -0.007908093966577542 21.23275755803002
-0.02541182518382118 -0.0009522924570218574 0.9996766138506503 27.83045991464327 0.08604214922183068 0.9962865614070056 0.003136258454470584 -0.850600118748345 -0.9959673627675332 0.08609402243408842 -0.025235522641774512 21.189033849587965
-0.04078621073554833 -0.0007639914770844171 0.9991676042240647 28.95843219134795 0.08921594832699642 0.9960025726771968 0.004403383303778159 -0.8521753498350702 -0.9951768684901946 0.08932128266784035 -0.040555010598217874 21.131177665571812
-0.055228044958181816 -0.001414586333720774 0.9984727647740825 30.091918060706547 0.09163038071684954 0.9957720095565674 0.006479067321830956 -0.8576829495750098 -0.994260396666679 0.09184826579299181 -0.054864922227572735 21.06601509525463
-0.06846426755085142 -0.0024643684866598866 0.9976505254630432 31.23154850868479 0.09180474550894126 0.9957384971686525 0.008759792140922703 -0.859679342810241 -0.9934206222797891 0.09218878534982228 -0.06794626615907853 20.983706640098653
-0.08062078975742848 -0.0022532275666026715 0.9967422993053021 32.37700629214971 0.0916581889935489 0.9957436268463166 0.009664677199300876 -0.8584769431277731 -0.9925215688584862 0.09213876795614821 -0.08007111083413032 20.88738584200388
-0.0919898065806253 0.0005854392695795138 0.9957597766259288 33.53421640543271 0.09183708058649334 0.9957427189925301 0.007898620304422526 -0.8581704364360033 -0.9915159232783952 0.09217426340484176 -0.0916519451575669 20.786614774755595
-0.10244169190336369 0.0041337072651269615 0.9947304218853577 34.70862960442234 0.09230586328243824 0.9957162293602227 0.0053682578500226915 -0.8560590796288043 -0.9904470341031163 0.09236938374216189 -0.10238442060896263 20.671835982834764
-0.11211267324773229 0.006690318754513782 0.9936729784653546 35.90650609664322 0.09370398461350596 0.9955925841948663 0.003869052046709052 -0.8608114604555279 -0.9892675632834621 0.0935448872528655 -0.1122454556053361 20.554455460466546
-0.1198796909308914 0.00769456124492969 0.9927586078345334 37.12716055878743 0.09355962664016437 0.9956072379202764 0.0035810701907832577 -0.8652301448557519 -0.9883701007038135 0.09331142228048135 -0.12007298824767594 20.42089643029026
-0.12555876624207846 0.00849131524180553 0.9920498444056278 38.36819966953608 0.09311899139223652 0.9956496387622504 0.003263475860666731 -0.8589243571958036 -0.9877063580142931 0.09278843892460346 -0.12580324296326892 20.256392481045992
-0.13070628954948987 0.010104194007180012 0.9913696440458871 39.62749055122683 0.094284106101115 0.9955427114437795 0.00228408140869045 -0.8613626013030578 -0.9869277446748155 0.09376894451060604 -0.13107635880069335 20.09706508459617
-0.13541869432359976 0.01186299770107058 0.990717440299319 40.91141505549926 0.09318684274670726 0.9956483050768736 0.0008154363553466472 -0.8581835808979883 -0.9863964667245069 0.09243225564213811 -0.1359348687802888 19.928494859612336
-0.13971366941231753 0.012711785722726188 0.9901103479325343 42.21596313302583 0.09357383214106096 0.9956122538940047 0.0004217043240188203 -0.8625659588683772 -0.9857606344938824 0.09270733735708224 -0.14029013180683006 19.75554416743368
-0.14282223076438458 0.011803351721366574 0.9896779735285743 43.54443689676497 0.0931377996387791 0.9956519959454846 0.0015662848463170887 -0.8599112522450759 -0.9853563622760706 0.09240012910118087 -0.14330057733363602 19.569566868051435
-0.1450940425505751 0.0099338199024128 0.989367999299794 44.8943238217494 0.09356780348079591 0.9956059392511735 0.003725571039210388 -0.8558955971597865 -0.9849836470561887 0.09311354869155984 -0.14538597622175686 19.367481679137573
-0.1471190439272081 0.008879972252251789 0.9890789316362686 46.262406609701735 0.09321803709597062 0.9956335292852911 0.004926755817964801 -0.8478722418730478 -0.9847163979917862 0.09292481614571452 -0.14730442651314482 19.158166890845788
-0.14947586828340081 0.00978401405848354 0.9887169655011621 47.65242480539461 0.09561835998911332 0.9954074132758701 0.00460552151594729 -0.8462489723694065 -0.9841311366042208 0.09522790906212801 -0.14972491877352653 18.95379365372941
-0.15072734679388927 0.009502220606066016 0.9885297035152902 49.06166194329356 0.09502064276418014 0.995463146328851 0.0049195273906044385 -0.8420504832700725 -0.983998142466314 0.09467223513057305 -0.15094642598691954 18.74536106299073
-0.15126622967254533 0.010972692998854899 0.9884321563815116 50.493384332824526 0.09725606758124285 0.9952520020370268 0.0038353304842114874 -0.8419081039564847 -0.9836969986125226 0.0967111805824088 -0.15161517889403758 18.52733514822941
-0.15129283745837868 0.011283461718092342 0.9884245852999857 51.940970875226306 0.09724325851224354 0.9952544079880798 0.0035230745405457307 -0.8424676568156466 -0.9836941730068922 0.0966506434120002 -0.1516721039622402 18.30871692385524
-0.1505243469126203 0.012665365911006365 0.9885251688717233 53.41004641076702 0.0970306047050716 0.9952793420904799 0.00202310615399767 -0.8430413704007744 -0.9838330563348119 0.0962217216343718 -0.15104270107694712 18.079019128074748
-0.1492120244353933 0.012529783182805718 0.988725834747572 54.90271833197315 0.09746408136422449 0.9952368352199549 0.0020963456768309046 -0.8470619660294535 -0.9839901039175746 0.09667805518710453 -0.14972250678344778 17.84686185296995
-0.14798279035858747 0.011410298605154637 0.9889241117716906 56.41522147836336 0.09636604667712376 0.9953416326089628 0.0029358888172873747 -0.8486792957427375 -0.9842838405691259 0.09573316813448868 -0.14839299752152993 17.61531122937693
-0.14665814867382232 0.012191010347203005 0.9891121102758176 57.948723400117096 0.09738795476898715 0.9952441221792775 0.002173369161833097 -0.8498088521002457 -0.9843815183624083 0.09664634775465802 -0.14714791800159732 17.37708091877567
-0.14573820652447736 0.013037580573303759 0.9892372802577868 59.502536146752725 0.09720319174965986 0.9952638300934058 0.0012033376433230121 -0.8466312045235227 -0.9845363958090667 0.09633239330879097 -0.146315260060913 17.158872997066943
-0.14498055936777 0.013755709768526218 0.9893388791785007 61.08505246012365 0.09812694124158565 0.995173757989234 0.0005429660730062434 -0.8444452077000061 -0.9845566214332108 0.09715951759014715 -0.14563065382559678 16.935080357464056
-0.14398116769862468 0.013626054130303822 0.9894866113278026 62.68517695654105 0.09802158326320061 0.9951841322416202 0.0005587030244077859 -0.8512671215564425 -0.9847137617413071 0.09707148697394145 -0.1446234208347729 16.715984750304283
-0.1433356613354152 0.01205217041339256 0.9896007444307351 64.30526067149134 0.09993971327366735 0.9949907010721615 0.0023576451612639247 -0.8584169461123641 -0.984615123741412 0.0992383492821995 -0.14382214061620602 16.496086153809628
-0.1427558483714227 0.01022149515493303 0.989705152453271 65.93808820244713 0.10119931999767448 0.994856781027793 0.004322369145141211 -0.853938111859949 -0.9845707010610073 0.10077453190075494 -0.14305603214272355 16.255051803894034
-0.14194737876423613 0.011357464921989448 0.9898090470653962 67.58067926003092 0.10267807223587908 0.9947091278754608 0.003311254016860041 -0.8553685686806741 -0.9845344865183169 0.1021017086624233 -0.14236251593845708 16.016584126582693
-0.141428663794609 0.01321261510557316 0.9898602728968078 69.24371616563016 0.1048531273344629 0.9944862535956076 0.0017067798792578246 -0.8631313706012697 -0.9843798833506575 0.10403133283509026 -0.14203424602221895 15.799333268888988
-0.14112630621311806 0.012738120255979627 0.9899096453651639 70.91960593546861 0.1038148751362777 0.9945946229090358 0.0020019442730673997 -0.8706484459331786 -0.9845333094390865 0.10304987323028407 -0.14168587167442626 15.576647626241284
-0.14087013643120694 0.012635500658549435 0.9899474474864612 72.6062183144177 0.10402957458330023 0.9945719682150872 0.0021089458944252982 -0.8719034804144825 -0.9845473336888737 0.10328089931771435 -0.14141995461126883 15.326712730486486
-0.14088465447982082 0.011555111672386813 0.9899585817226593 74.31755485239815 0.10404659584003442 0.994567281012163 0.0031983486636556913 -0.8802010568660152 -0.9845434576625867 0.10345241869725648 -0.14132153777639633 15.103027920858503
-0.14081080369138574 0.011805861771937817 0.9899661303254809 76.03985344153969 0.10529975883730028 0.9944356369164582 0.0031184642638730463 -0.8770914519599142 -0.9844207831779009 0.10468230823964746 -0.1412704356510127 14.867639629689501
-0.14107857739358481 0.01176359465273468 0.9899285089547869 77.78005853506329 0.10614332539084423 0.9943453288237518 0.0033108188350918074 -0.8747901868931562 -0.9842918416179092 0.10554138945092394 -0.14152945148340204 14.637592836991512
-0.14107335302191645 0.01269092038966754 0.9899177994191316 79.53331041236997 0.10636759200354608 0.9943239523328574 0.0024110554811844383 -0.8814154259986021 -0.9842683802899087 0.10563530828671501 -0.14162251658775765 14.383876923742928
-0.14194576747622187 0.01338757207904361 0.9897839016721853 81.29992645992218 0.10578742543990616 0.9943872776667093 0.0017212301960820504 -0.8888071462395094 -0.9842054763688233 0.10495101204095195 -0.1425653020801248 14.152816353378256
-0.14296702172479425 0.014065523486981778 0.9896275015116439 83.07874922812066 0.10511298477302308 0.9944597306283218 0.001050995124937195 -0.8981742450087049 -0.9841299157790337 0.10417295814021794 -0.14365341506928364 13.902964043882818
-0.14453033979708396 0.014759731935320274 0.989390282543414 84.8732106857669 0.10418068026825837 0.9945583140298697 0.00038190693501301525 -0.9014438782458811 -0.9840006944799288 0.10313054982526564 -0.14528152998835042 13.660594125639548
-0.14538499084653156 0.013907337614251804 0.9892774082111836 86.68480724329982 0.10281204724308662 0.9947001636606431 0.0011257687046377324 -0.9049495734032246 -0.9840187434079897 0.10187330550234568 -0.14604431604066762 13.387627629470417
-0.14650251369097111 0.013593160182920758 0.9891168987932963 88.50782824121463 0.10235679819953218 0.9947466339632827 0.001489993644335501 -0.909551606954944 -0.9839004519485531 0.10146112661981133 -0.14712423471498992 13.1151049783234
-0.1469915014663429 0.012538185424334608 0.9890582856449537 90.34988544098847 0.10006568934868135 0.994978270077154 0.0022582934814198933 -0.9185931601423294 -0.9840631871540788 0.09930274910867293 -0.14750799201269246 12.85527833745864
-0.14872410831342708 0.013567360646967275 0.9887856523693347 92.20118019674217 0.09974816749798406 0.995011798650473 0.0013504173968928207 -0.9193337845714485 -0.9838350688439452 0.09883039649534377 -0.14933556187794964 12.5795169052843
-0.15145017928596205 0.014268692472274653 0.9883619011320607 94.07147588075874 0.0987954078366892 0.9951074667274447 0.0007726924813911794 -0.9328502852115784 -0.9835152823340533 0.09776264152742717 -0.15211888553676525 12.302678940975616
-0.15565406863590062 0.015180474174724972 0.987694975243329 95.95411102285782 0.0994425245290759 0.995043235938966 0.0003780573981130977 -0.9429935824452876 -0.9827934651962105 0.0982777279750741 -0.15639211281801513 12.020481989308124
-0.15992674874831492 0.014225232733463135 0.9870263815058196 97.84094200416199 0.0975650932558587 0.9952280676205326 0.001464922618129979 -0.955344778903404 -0.982295519491344 0.09653360126909359 -0.16055147527584607 11.692807656903721
-0.16483632267275206 0.01344385935583812 0.9862293087174728 99.74145663741899 0.09604202696383923 0.9953741809278026 0.0024837469646042136 -0.96562632888393 -0.9816337992267798 0.09512887357646714 -0.16536499517029257 11.384034370327884
-0.16962121960700843 0.013997022279523376 0.9854099275054707 101.64894304376162 0.0950001435057161 0.9954747997608389 0.002212639828830921 -0.9855655064811208 -0.9809197798968704 0.09398939519129448 -0.17018336874868298 11.084258490665706
-0.1741110023039698 0.015725195092489763 0.9846004657301406 103.56459278838986 0.09603709282352986 0.9953771641268814 0.0010853279381372613 -1.0067620787462133 -0.9800317523829074 0.09474713385655396 -0.17481631773737946 10.747604612825613
-0.1781000425406326 0.01750889046914256 0.9838566021537711 105.48472331801361 0.09548522206632917 0.9954307547728775 -0.0004299060879331526 -1.0127804781065255 -0.9793686472488128 0.09386719984552766 -0.1789581000658841 10.387392666636842
-0.18355969573053477 0.017813517958006165 0.9828471481778195 107.42581103320882 0.09368682427145004 0.995601566529881 -0.0005474314375018175 -1.0184648769566718 -0.978533912065006 0.09197934170893017 -0.18442121254765625 10.063131682576923
-0.18792165027222513 0.017660030924795702 0.9820252423775562 109.36937075059899 0.09284879698788123 0.9956802106475099 -0.00013792329325532896 -1.0391760733966466 -0.9777855359212815 0.0911539435936092 -0.18874958095441233 9.689206267481477
-0.192735654735281 0.01708947744589643 0.9811018892828552 111.32192350256882 0.09260493778291198 0.9957025690138062 0.0008482673700030947 -1.0706926787684292 -0.9768711751771503 0.09101837078268449 -0.1934899565560964 9.306827932793373
-0.19868076597182135 0.016811765928732018 0.9799200568205587 113.28870250659064 0.09198478524741031 0.9957591802563467 0.0015665944585665486 -1.0763550365859555 -0.9757380552770497 0.09044898817326458 -0.19938462333538748 8.93717433672635
-0.20388933055936692 0.016658313041997365 0.9788522061530265 115.25647460000417 0.09220036552808977 0.9957379117600319 0.0022591326341886942 -1.0851009777397203 -0.9746426183378913 0.09071114424571584 -0.20455623879288778 8.531611370140013
-0.20961738984182943 0.01839445078449548 0.9776104510776439 117.2358024557889 0.0928194679363444 0.9956822700398746 0.0011676901375414184 -1.0875984944913506 -0.973367914124928 0.0909860500768122 -0.21041968169234365 8.14782510035713
-0.2151367599205054 0.0196467635102102 0.9763862858594848 119.21623611887776 0.09271990910364489 0.9956921525781928 0.0003946517680417454 -1.0951669329425593 -0.9721724090853017 0.09061535177761047 -0.21603162971079282 7.71989508452158
-0.22157405286873605 0.019699371961165217 0.9749445491101826 121.2135781926195 0.09327782644374151 0.9956395318067094 0.001081571841791535 -1.1115012242301077 -0.9706720281275516 0.09118035670062609 -0.22244540085758713 7.2973293135057755
-0.22685296850021422 0.019705951787325333 0.9737296370896776 123.2107177914962 0.09246698985449071 0.9957147782534782 0.0013914578246069721 -1.12244050270194 -0.9695295696727826 0.0903535048118433 -0.22770300327032517 6.8360972023361475
-0.23175208290804503 0.02051053202980631 0.9725586306972119 125.20627773089146 0.09182266978795707 0.9957749857501665 0.0008803790484222442 -1.13419069271029 -0.9684314995810468 0.08950695967415843 -0.23265625886507757 6.347684834980133
-0.23068508743592464 0.019309305941709688 0.9728368522721208 127.26342468056929 0.09350785963433067 0.9956156204748011 0.0024117324031455297 -1.269666417713325 -0.9685249974168383 0.09152424252965742 -0.23147924833143502 6.173164598247161
-0.24452798715905463 0.01923468453352905 0.9694514378796061 129.32077419978742 0.09705972451299008 0.9952672964932564 0.004734808176495652 -1.3145859062833574 -0.9647722391183341 0.0952524826022996 -0.24523762187864803 5.90811672796698
-0.25811464139429696 0.019647764775627876 0.9659144875387333 131.35804658372768 0.09886425437959367 0.9950817527200688 0.006177751170442822 -1.341355796025767 -0.9610425022359108 0.09708898363294646 -0.25878763137611666 5.445914722960739
-0.2558004814794629 0.020109577490107344 0.966520418081296 133.37795270572224 0.09945707481176054 0.995025983849616 0.005619762805710774 -1.3267438472891353 -0.9615999188564665 0.09756483155970694 -0.25652816550617413 4.893991427298991
-0.25871682601579515 0.020703535350575952 0.9657313123018737 135.41345769798644 0.09981207765511228 0.9949916062886487 0.005408564440351038 -1.3317065588361725 -0.9607825732653995 0.09779093536275785 -0.2594875331695035 4.354286768621481
-0.26019882951947 0.020709697336222656 0.9653329361173474 137.44219531348585 0.10048232484380977 0.9949222868053749 0.005739826822068781 -1.3637058548713743 -0.960312382254171 0.09849239389011895 -0.26095857302474784 3.761411253611516
-0.2677180702138511 0.021097736712996137 0.9632662769901994 139.52144053778534 0.09808832248525765 0.9951627071980655 0.005465088676890871 -1.365636787010977 -0.9584913749601506 0.0959482762107132 -0.2684924811222708 3.3023727776165974
-0.25232496075793354 0.021505991589253884 0.9674035386043762 141.12046539070698 0.10166971309389962 0.9948084655635965 0.004402985624287005 -1.3735379088182287 -0.9622865392480099 0.09946662339079637 -0.25320151502967336 1.8987704596597543
-0.25417671964765565 0.02027189672274644 0.9669453166505425 143.0518587415493 0.09750929658915385 0.9952231969636621 0.004767106472183894 -1.3151971894784373 -0.9622297710359234 0.09549784515208205 -0.25493926591143884 0.9733094200457437
-0.2593711909351021 0.02040852038894019 0.9655620526969977 145.12292019225214 0.09723539019914836 0.995248429346213 0.005083579124624172 -1.332357158698019 -0.9608703680547789 0.09520533692725001 -0.2601232008392225 0.3874523549415616
-0.2618809577043278 0.020879556746267035 0.9648742965287977 147.18096844235484 0.09756092161109961 0.9952172780221448 0.00494328843856876 -1.3511352873802134 -0.9601563573534558 0.09542857871871221 -0.2626654826913301 -0.25123281360734756
-0.2637900823089074 0.02094084394113998 0.9643527744194504 149.23217646323727 0.09749614350963721 0.9952230496447713 0.00505800914495035 -1.3577751459832073 -0.9596401901109646 0.09535492913738139 -0.2645716217076138 -0.9463718171522055
-0.2685875490659914 0.02024051311761439 0.963042600363794 151.3356834639898 0.09665274290589748 0.995299852411148 0.006037472907965472 -1.3495263358951748 -0.9583939564581417 0.09470229891129169 -0.2692814490554929 -1.5309904871040074
-0.27229644715708473 0.020212386584239614 0.9620010937073808 153.43561286682657 0.09717383302752478 0.995245577896402 0.006594380364876733 -1.3501785393520382 -0.9572940462785549 0.09527695999677581 -0.272965949989014 -2.1189929057955457
-0.2757822496491154 0.021061313024278893 0.9609893713627458 155.53746933798675 0.09833385158913872 0.9951328382358536 0.006409984110808107 -1.3515527447049285 -0.9561770779568596 0.09626554606061788 -0.2765110128575942 -2.748152474811992
-0.2798175392277094 0.022217142818824823 0.9597960946500648 157.65537119255205 0.09853965219090279 0.9951168386346684 0.005693365598701844 -1.3560880066982464 -0.9549827651254473 0.09617107689275682 -0.28064041455685246 -3.345811100168965
-0.28290766135835294 0.02369647294631379 0.958854385355071 159.7708681581057 0.0984923963851654 0.9951277774548563 0.0044670339227125735 -1.3629567819198585 -0.9540767804527343 0.09570362431832898 -0.28386319467884696 -3.9703197661123637
-0.28677010065884945 0.024921905288344894 0.9576752100816388 161.90595121929204 0.09893597158324749 0.9950868094602212 0.0037303036280490398 -1.3547359316911771 -0.95287700302557 0.09581826691752147 -0.2878268174266084 -4.587596860393949
-0.2897988205215077 0.025657605843403663 0.9567436077062268 164.03737882397905 0.09868752792257765 0.9951133068663571 0.003205983473876884 -1.3634397479046483 -0.9519860374274789 0.09534775172959707 -0.2909147483082242 -5.236067936956592
-0.29345839535983415 0.02555681720629867 0.9556301686777755 166.17283656690017 0.09820777119067242 0.9951596221341168 0.00354403042360596 -1.3573659743830844 -0.9509139834236278 0.09489033442962871 -0.29454782389493417 -5.900357326422226
-0.297264167839035 0.025600133003474933 0.954452014356494 168.3166274615302 0.09827506390761799 0.9951515847807793 0.003916008459932211 -1.381183842058301 -0.949724184346655 0.09496292170373175 -0.29833876243051455 -6.567995148453169
-0.3010180225317378 0.026418860890788588 0.9532524292653619 170.47049282397637 0.10081654750454376 0.9948958999695648 0.00426285972259701 -1.401803510143468 -0.9482743136141281 0.09738681642287966 -0.30214505477778353 -7.236651378213299
-0.3040348308342906 0.026561276565678395 0.9522905650203431 172.62519097024227 0.10281484689169963 0.9946875313292205 0.0050815624386668975 -1.4132099453321596 -0.9470965784428745 0.09945458061539092 -0.30515054890400534 -7.92782491951938
-0.30693500258310685 0.02614934418626783 0.9513711767695797 174.79066206798905 0.10351806806502693 0.9946091145058783 0.00605961433738121 -1.4171268981953196 -0.9460839887522628 0.1003440139742351 -0.3079872807213726 -8.60903857142063
-0.3097460643497405 0.02580205636271178 0.9504691628387006 176.96656569004438 0.10347275840221799 0.9946095855592926 0.006720162364792508 -1.421826416072173 -0.945172346129785 0.10042920989945321 -0.31074621463581603 -9.293131617076643
-0.3127438694049403 0.026372271255886266 0.9494713136574638 179.1469258278063 0.10230775854215665 0.9947342785461213 0.00606940091015005 -1.4169173869655098 -0.9443115983041324 0.09903644982598252 -0.31379513526210046 -9.983605016663034
-0.31550843882444773 0.02838547392339128 0.9484981232984611 181.3291138432697 0.10186295148097338 0.9947899393967117 0.004112856753210142 -1.4300408717845476 -0.9434396452058522 0.09791445932665957 -0.31675604889034564 -10.692105695667129
-0.3182909494785698 0.03020028266395919 0.947511907263991 183.51122712083844 0.10150364469843812 0.9948322991606177 0.0023888615977928256 -1.4435941522806708 -0.9425433048900002 0.09693626500859816 -0.3197115558330958 -11.435554881915895
-0.3219899985400966 0.031123158687917152 0.9462313616835122 185.7142280651818 0.1004456347329801 0.9949414844269217 0.0014550015268686954 -1.4556503589758638 -0.9413995513612895 0.09551330566806492 -0.32348739254740844 -12.146574939139564
-0.32511123018813776 0.03192158149857331 0.9451368687339331 187.90814660122413 0.09871179541123247 0.9951160042976405 0.00034559715032757786 -1.4686729125604094 -0.9405097923212955 0.09340851473676959 -0.32667442495919957 -12.898431168237659
-0.32940463086291594 0.032485467165520004 0.9436298445837235 190.1162163769762 0.09934308495438979 0.995053150544192 0.0004231593357560865 -1.4750060134983725 -0.9389481032718531 0.0938824904607696 -0.33100232226839776 -13.625574399946075
-0.33271912271355303 0.03160466175154295 0.9424962231947098 192.32717828585052 0.09889196678043952 0.9950969804175788 0.001542228943474747 -1.493672370251656 -0.9378264041319265 0.09371843425595752 -0.3342132414994825 -14.39967003379074
-0.3368185715842972 0.030717273876993398 0.9410683816394415 194.54579632734303 0.09822369625749956 0.995160772746391 0.00267242966627834 -1.5035910283163711 -0.9364322481255264 0.09333533881854478 -0.33820579415231644 -15.172182399290794
-0.340821274148574 0.030682239869368303 0.9396272980519134 196.76740784181732 0.09828034918635392 0.9951537733505942 0.0031528320417597245 -1.514580496381578 -0.9349769152506121 0.0934214511912215 -0.3421850382552911 -15.946054934945453
-0.34439947631294415 0.030721890153639627 0.9383203963363238 198.99221493270488 0.09720433786338567 0.9952596440182772 0.0030915512536476533 -1.5281705523986313 -0.9337774453347597 0.09227354146233303 -0.34575320118559755 -16.755292413612136
-0.3476815358552745 0.031319263647642356 0.937089458562994 201.19650924537052 0.09647277014989601 0.9953324143863058 0.0025277443568217824 -1.5419236110561336 -0.9326363461955159 0.0912824659860677 -0.34908015864351183 -17.57362344781989
-0.3512099371934407 0.031974743677539615 0.9357506055479384 203.43934874900876 0.09655328191526238 0.9953253227521778 0.0022283715277894747 -1.5593299222330932 -0.9313050218741284 0.09113241824416637 -0.35265541053129873 -18.37113833222219
-0.3538308919668253 0.03259783397110443 0.9347411840238727 205.65612527083582 0.09753424105765324 0.9952297100739671 0.0022126923409235178 -1.5824261469677297 -0.9302100685927173 0.09195219087373793 -0.3553224210238514 -19.19152197212085
-0.35640241752352636 0.032436604590689755 0.9337693416824155 207.88171560143806 0.0987620217376267 0.9951061634232597 0.003128350897470681 -1.5985714420424169 -0.9290981540427695 0.09333589984388872 -0.35786174698429124 -20.030485942945898
-0.3592042335110422 0.031794204928110574 0.9327172385888086 210.10745252003883 0.09978694916383188 0.9949985949102599 0.004512305750249212 -1.6135208722309815 -0.9279088766707208 0.094693846999677 -0.36058035434016944 -20.882806573231207
-0.3618759624399852 0.03252967004295499 0.9316585256278341 212.33550968760673 0.10087857935767779 0.9948888106490261 0.004445972575634567 -1.622505165325052 -0.9267520164719959 0.09559327911659424 -0.36330789277529557 -21.737458363765526
-0.36419365870649334 0.03299530301617431 0.9307385717465716 214.5395190601822 0.1003143307386245 0.9949478312774853 0.003980965296360226 -1.6409731097626243 -0.9259049702893055 0.09481625923384573 -0.36566359263462356 -22.64431084541103
-0.36705367287292356 0.033208712299428886 0.9296067892705546 216.77571673990255 0.09971061919356858 0.9950091247047702 0.003825463930395933 -1.65308788510835 -0.9248401989806301 0.09409581915080709 -0.36853301503095554 -23.497588924829785
-0.36991854177240485 0.03444815733674451 0.9284253318975517 219.02458308299126 0.09946495526775125 0.9950373734278855 0.002710748110648379 -1.6719163721024441 -0.9237245233978372 0.09334854009484057 -0.3715091586160427 -24.361033034289502
-0.372560540655952 0.03553941641233573 0.927327123202602 221.2341680821514 0.09931445905802998 0.9950545321798753 0.0017652791000410263 -1.691246456302183 -0.9226783197670546 0.09275466494662565 -0.37424763240731856 -25.260892515506953
-0.3748935166221749 0.03538701653198516 0.9263922550710485 223.44786257925594 0.09676326958475549 0.9953067731961021 0.0011388104458197345 -1.7049614750860036 -0.9220041870045529 0.09006767617146905 -0.3765582197418405 -26.184342030988756
-0.3777378372895671 0.036299619123066444 0.925200769525901 225.66414539632606 0.09742233374824359 0.9952428645828771 0.0007275877373091944 -1.7205750221272533 -0.9207730530194972 0.09041005557121386 -0.3794772808545507 -27.112566868552157
-0.3799767538613926 0.03565574385740043 0.9243085710166994 227.86892687116577 0.09869473626384531 0.9951153563195481 0.0021855550392925185 -1.7442643778547315 -0.9197157254058278 0.0920548507521208 -0.38163973704822196 -28.0642097228983
-0.3822639882828069 0.03476762827238957 0.923398860344994 230.0779698385341 0.09894137855881394 0.9950871351484532 0.003492430518495561 -1.7486937923639256 -0.9187409030140125 0.09269738662097225 -0.3838259340412504 -29.01922473984507
-0.38524651472709776 0.03416719184995553 0.9221809615751732 232.2938227104006 0.0978434841220077 0.9951937669932439 0.004002343396590258 -1.765078624952534 -0.9176119961647679 0.0917712871157758 -0.38673796730554305 -29.95304153938511
-0.3881388468508652 0.034268274431237096 0.9209635828483038 234.5030313928117 0.0964588375592335 0.9953304022499841 0.0036170448721299505 -1.791294884007644 -0.9165391034876806 0.09023899226161072 -0.3896318724817143 -30.900499866727067
-0.3925128492801397 0.03384020537057375 0.9191237694948718 236.76695442845556 0.0952065703333962 0.9954494699240596 0.004007716714275544 -1.8102403642377685 -0.9148056471815956 0.08907970211213784 -0.3939485176470071 -31.72935964541031
-0.3958822543479766 0.033210752019839807 0.9177005430109755 238.97764106153602 0.09433106569673683 0.9955299500662912 0.004665679535339522 -1.820936783342145 -0.9134434250334728 0.08841472994521496 -0.3972454465337931 -32.68327227801971
-0.39937035815701627 0.03336972389643718 0.916182175417428 241.18826015471186 0.09388628231401279 0.995572001120047 0.004664394824568249 -1.8456883795858303 -0.911969672203407 0.08787975940398071 -0.40073490597689176 -33.63998581856188
-0.40344202874681834 0.03307358381158218 0.9144072765975281 243.40776311314798 0.09333230006767598 0.9956216030530515 0.005167716918544466 -1.8641729961135198 -0.910232723650786 0.08742860852107384 -0.4047624330484982 -34.568898364766234
-0.40784165242031595 0.0327174399064877 0.9124663038584112 245.62404515410708 0.09233831199078259 0.9957121137265179 0.005569804032788691 -1.863839854336624 -0.908371522390348 0.08652719632714419 -0.40911394697077313 -35.4989947966926
-0.41155968298275686 0.032864651019166594 0.9107900647550565 247.80847898001662 0.09141263052085667 0.9957985961499564 0.005374652270999392 -1.8575989731669817 -0.9067868317991774 0.08546970585631626 -0.41283479874696194 -36.50335872475297
-0.41559062611633185 0.03359290126341507 0.9089312121766645 250.0074011703483 0.09160657227622263 0.995782307741204 0.0050824704036489116 -1.87807546866141 -0.904926885112845 0.08537629983964652 -0.41691512328728747 -37.46966613066059
-0.41856858826147614 0.033988717860666644 0.9075489540399361 252.17257272499822 0.09183564446778109 0.9957613072636681 0.005062940029135331 -1.8831722793441776 -0.9035300500403858 0.08546453074076595 -0.4199157804361231 -38.51866421700945
-0.42195751640294615 0.034107298538891516 0.9059738111763692 254.33851823199328 0.09154876630231684 0.9957872751506782 0.005150343339204548 -1.8772421697415154 -0.9019815284913438 0.08511401079943805 -0.4233024065913773 -39.54747716983095
-0.425864255900969 0.034519989327285706 0.9041283127315265 256.53207810102947 0.0902639040325107 0.9959077510297402 0.004492111718903796 -1.8856809535287438 -0.9002733269261749 0.08352318106806941 -0.4272374223421288 -40.53857496750627
-0.42965750356199117 0.03493386630832978 0.9023159394677832 258.7212122689917 0.09077323404022031 0.995860647097506 0.0046681414306200975 -1.8893889971190372 -0.8984178591361353 0.08391183794488498 -0.43105005954987896 -41.550476642526654
-0.43313853568359956 0.03558402098288849 0.9006246645282127 260.89997572516666 0.09118836454742553 0.9958234493735229 0.004509972171173192 -1.8879922225818295 -0.8967026770769855 0.08407993297159733 -0.4345743593384894 -42.58742340116379
-0.43633687371267155 0.03678275803057241 0.8990312349136238 263.06362483693295 0.09216457171264897 0.9957357862470565 0.003991955408092393 -1.8843341204597859 -0.8950507384275349 0.08460066606487554 -0.437866307155167 -43.66630409149308
-0.4392851238228088 0.038737611220883365 0.8975121043556339 265.2172424490197 0.09406268647990844 0.9955615455089266 0.003069220757778946 -1.8880820119952872 -0.8934096434447982 0.08577066270454736 -0.440979140571366 -44.758825174763494
-0.44185371647699495 0.039423615755765126 0.8962204370333272 267.39996727030905 0.09517034355810705 0.9954560747585471 0.0031319216685243003 -1.899061580606696 -0.8920246066911488 0.08667745812521097 -0.44359792527744407 -45.84488937385726
-0.4457064931308839 0.04177879575239862 0.8942036983855789 269.60094070639695 0.09694053846443625 0.9952885155967758 0.0018173396467849902 -1.895767529420929 -0.8899147453454145 0.08749458809918467 -0.4476566128967149 -46.84095958533243
-0.44850451417332227 0.04410848472771977 0.8926915157775251 271.78593865102835 0.09839616645538908 0.9951472876559785 0.0002651373839709045 -1.907402151204501 -0.8883478458312571 0.08795633829334609 -0.4506681565864074 -47.92338434754826
