0.9998745177144986 0.002222454256165659 0.01568469069755526 -0.16662343543713184 -0.0015544207696007175 0.9990962859587404 -0.04247581852680092 -0.14936039571193394 -0.01576491678600808 0.042446107955028595 0.9989743717023977 1.072067419071447
0.9982152814176756 -0.001800699575566919 0.05969094927432098 -0.09743925023932584 0.00479441614298696 0.9987352852354868 -0.0500484125566269 -0.21375349861058165 -0.05952533509421743 0.05024527347551227 0.9969614571162178 2.069260233633655
0.9937240682451959 0.0002610514447372273 0.1118588755636355 0.018021867594356575 0.006954604528838704 0.9979184934748654 -0.0641117294783277 -0.2549186204624904 -0.11164277704386048 0.06448730288202488 0.9916538096034004 3.0656836226751705
0.8723014229026597 0.3639900182624839 -0.3264988425818257 -3.000813174672297 -0.121585228594944 0.808221271677208 0.5761904270256417 2.46139168433222 0.47361087380835154 -0.4629142929460628 0.7492683748809477 13.752433728715058
0.888027738905007 0.36061887052850844 -0.28523808503424564 -3.281877069125329 -0.1472457419256489 0.8107425720673477 0.5665820093529147 3.0312170590353533 0.43557482298685013 -0.4611404472136059 0.7730614862503564 14.510971809856247
0.9010463729340513 0.3587292678802339 -0.24378011852590042 -3.5365025226678 -0.17349542400990572 0.8132476368430197 0.5554526253577948 3.5791555975671816 0.39751071893725526 -0.4581938383865016 0.7950117199102359 15.293811064817344
0.9126763544880088 0.354883311642501 -0.20268129434195525 -3.7427895251835257 -0.1960224674579065 0.8152992890476176 0.5448506781955611 4.113828732698793 0.3586043282089502 -0.457542243291372 0.8136694853524414 16.113659605452384
0.9220176147300386 0.35163202126362275 -0.16198283782422654 -3.921071067166782 -0.2190355163697336 0.8187910014599524 0.5306644311585731 4.656162914456793 0.3192286965424231 -0.4538019585130366 0.8319596274781358 16.925006064075244
0.9283850682867328 0.35135808121026746 -0.12103166424732696 -4.036414681827234 -0.24338262127886534 0.82099079763794 0.516467820733535 5.181918085824148 0.28083102506964364 -0.45002400931734554 0.8477100485403456 17.76090985430696
0.9330908375933066 0.3510370232520854 -0.07819524989241239 -4.110649317883757 -0.2672853543596193 0.8223566898546917 0.502282802807429 5.701881921980378 0.24062424679211888 -0.4477750361035656 0.8611605476902529 18.60690026897772
0.9356098155022238 0.3513051218198668 -0.03491395879907995 -4.138653570103476 -0.29090078520601487 0.8231952159760242 0.48757191219420154 6.193895936800982 0.20002751386351625 -0.4460205687827811 0.8723844599259352 19.472841167415385
0.9357848589881003 0.35245421017800843 0.009095461308716381 -4.126962123791602 -0.314992393452588 0.8241760307957416 0.47065237949976013 6.686517670282484 0.15838715148531432 -0.44329437170978536 0.8822718460059775 20.341960500572146
0.9346375506562862 0.35176311509454683 0.0521091140032091 -4.082510624151873 -0.33585601287803035 0.8250589679835185 0.45439898543421386 7.129314765037169 0.11684771079011762 -0.4421995140306602 0.8892728502963294 21.236745317118174
0.9323255810159434 0.34922356102344326 0.09387180305815841 -3.972507030313177 -0.3536890699551659 0.8265509635029821 0.43785562292443064 7.5519352933371495 0.07531967058832482 -0.44142542876277274 0.8941311637920185 22.13497862494149
0.92661254632632 0.35102567814785607 0.1347967442911441 -3.8222426966249765 -0.3743859548623695 0.8279129862631532 0.4176065660147349 7.973328469111 0.0349906529296882 -0.43742549132128317 0.898573644032524 23.023925885169525
0.9208058190416119 0.3479658808792654 0.17617147715513992 -3.627534164492722 -0.38994727598708 0.8301628580482795 0.39846047616717006 8.373862363083392 -0.007600366396617049 -0.4356023127360892 0.9001071378283858 23.915643263528935
0.9118677975170467 0.348990374064979 0.21610839562913078 -3.378556273705135 -0.4077559424039782 0.8307070742619111 0.37902618406313165 8.73027389300297 -0.047246283299896705 -0.4337412541841074 0.8997979290558211 24.812551973924254
0.9003776007955054 0.3518350597129031 0.2559927083776956 -3.078970199181538 -0.426163392211503 0.8317781713110112 0.35571032718954715 9.078453482352227 -0.08777778263612174 -0.4293683319567583 0.8988536568252685 25.691253095857842
0.8884227106389426 0.3467857069281674 0.30074035427804735 -2.8146163613922255 -0.4389155883874582 0.8335832667565658 0.335398335794833 9.360628084852243 -0.13438077798347933 -0.4299751281804384 0.89278395799587 26.624890510805802
