0.9999918841139244 -0.002686809897842232 -0.003002125722958908 -0.010282873351812761 0.00268037356538908 0.9999941053475317 -0.002145895556538132 -0.007706261917054258 0.0030078736398921357 0.002137831322266488 0.9999931911635219 1.0034564760849838
0.9548986038656311 0.025929003782757247 0.2957978077983374 -0.44961626077948924 0.024682472341393764 0.9858010548770963 -0.1660935151121814 0.24383778763318217 -0.29590443033956887 0.16590348690138457 0.9407000590726979 0.5961348413387391
0.3835637689920902 0.08194173698007794 -0.9198719404663186 -0.1487821349779867 0.27994741402934753 0.9388733216366718 0.20036549427784034 0.13952451476476255 0.8800615208579816 -0.33436871513287525 0.33717841248443925 1.6579739848011608
