0.9999902406963999 -0.0027235758627375513 -0.003478598349374379 0.0007722700818008808 0.0027156776859364167 0.9999937287758937 -0.002273214374115796 -0.003987236701529604 0.0034847678061047022 0.0022637454372108723 0.9999913658876926 0.9999917526372393
0.9999712470467909 -0.0011628366249445618 -0.00749352324807445 -0.01572714082477398 0.0011338417532340142 0.9999918593822716 -0.003872411660090015 -0.007640882859172972 0.007497965228271463 0.0038638038472812537 0.9999644251358472 1.9998489524973837
0.9999382641757975 -0.0013329931647480286 -0.011031362849416651 -0.04737337138230338 0.0012734379170028154 0.9999845875320262 -0.0054039850364724 -0.007482082532230548 0.011038396304006041 0.005389603661273532 0.9999245501433648 2.9993480725920625
0.9998770592260416 0.00015034265493244544 -0.015679407851322116 -0.0751950156807667 -0.00024401434891160824 0.9999821350270861 -0.005972443693135573 -0.01808556503049871 0.015678229826084283 0.005975535436783676 0.9998592331352273 3.9989047353535128
0.9998090035679527 -0.0007546267451929436 -0.019529130112019878 -0.11415368635749037 0.0006346776833788206 0.9999809023603792 -0.006147527857558852 -0.03104729542308515 0.01953339624066902 0.006133958998614244 0.9997903885206686 4.998061487679612
0.9997166880134111 0.001194822998112973 -0.023772170820062125 -0.1516115834303765 -0.0013677624546891407 0.9999727108685679 -0.007259941048973266 -0.0472217045343129 0.02376284775363793 0.0072903989033662984 0.9996910408473552 5.997228788304792
0.9995878384220378 0.0039482147140092886 -0.028435275263813134 -0.19496857501140383 -0.004169024238742658 0.9999615849565134 -0.007710243067120786 -0.06548939649014934 0.02840374122635113 0.007825612552981939 0.9995658994145997 6.996121406408531
0.9994606252177322 0.00400838675614654 -0.03259434728586469 -0.23914544149083355 -0.004205678029087917 0.9999732359417424 -0.005986624467593714 -0.07882166658808111 0.032569478222625146 0.00612047676357762 0.9994507335794461 7.995056166665392
0.999307414631018 0.0032875182128860123 -0.037065931628235814 -0.28018438695246184 -0.0034174963283977755 0.999988230202294 -0.0034438605849919294 -0.08956147865822187 0.03705417361532301 0.003568148102786095 0.9993068880663248 8.99415599209796
0.9991756174105172 0.0026327197680062076 -0.04051116338657275 -0.3276052410844872 -0.0026659911253252185 0.9999961518735349 -0.0007672870658781829 -0.09659582627813701 0.04050898744266676 0.0008746569298451377 0.9991787912639184 9.99300622149122
