0.9999902406963999 -0.0027235758627375513 -0.003478598349374379 0.0007722702818002303 0.0027156776859364167 0.9999937287758937 -0.002273214374115796 -0.003987236701257904 0.0034847678061047022 0.0022637454372108723 0.9999913658876926 0.9999917526375877
0.999971247046561 -0.0011628368263837837 -0.007493523247480867 -0.01572714042499024 0.0011338419531796312 0.9999918593812702 -0.0038724118601407825 -0.007640882859721758 0.007497965228683063 0.0038638040458277467 0.9999644251350771 1.9998489524994667
0.9999382641774753 -0.0013329935637959348 -0.011031362649126067 -0.04737337108012683 0.0012734383171487122 0.9999845875315166 -0.005403985036481605 -0.007482083038283952 0.011038396105869392 0.005389603657132707 0.9999245501455744 2.9993480723912294
0.9998770592292462 0.00015034225600160482 -0.015679407650817018 -0.07519501497634401 -0.0002440139487697769 0.9999821350271725 -0.005972443695004849 -0.01808556554306064 0.015678229627966434 0.005975535432348947 0.9998592331383602 3.9989047351620166
0.999809003575478 -0.000754627139579798 -0.01952912971153845 -0.11415368574451468 0.0006346780841320567 0.9999809023613334 -0.006147527660957096 -0.031047296245074442 0.019533395842490017 0.006133958794524115 0.9997903885296999 4.998061487283931
0.9997166880283888 0.0011948224100859718 -0.02377217021976419 -0.15161158260537638 -0.0013677618527098447 0.9999727108722692 -0.007259940652559883 -0.047221705562268804 0.023762847158187057 0.007290398492042545 0.9996910408645086 5.997228787713016
0.9995878384422004 0.003948213934061211 -0.028435274663348116 -0.1949685735817025 -0.004169023436878575 0.9999615849644478 -0.007710242471628525 -0.06548939783086202 0.02840374063449952 0.007825611932585977 0.9995658994362749 6.996121405842388
0.9994606252469235 0.00400838597422495 -0.03259434648693302 -0.2391454398468824 -0.004205677222613522 0.9999732359486716 -0.005986623876667699 -0.07882166734079447 0.03256947743099044 0.006120476143498528 0.9994507336090409 7.99505616590854
0.9993074146631442 0.0032875174187001074 -0.03706593083255965 -0.28018438450292144 -0.0034174955164647286 0.9999882302064026 -0.0034438601976369697 -0.08956147832692753 0.037054172823816976 0.0035681476829957618 0.999306888097173 8.994155991384458
0.9991756174533913 0.0026327187713915947 -0.040511162393895864 -0.32760523862290436 -0.0026659901113321623 0.999996151876535 -0.0007672866788665986 -0.0965958255614562 0.04050898645189879 0.0008746564994609827 0.9991787913044637 9.993006220564444
0.999065842878097 0.0038343233794611783 -0.043043461274617195 -0.3889067446382064 -0.003898781538640736 0.9999914004891509 -0.0014136655404122962 -0.10556847524077945 0.043037670671072684 0.0015801620068563909 0.999072200589748 10.991085183725666
0.9989882119016554 0.003490812992897478 -0.04483711304468924 -0.4514911805876275 -0.003569646839822445 0.9999922204667999 -0.0016782810605517678 -0.11229077059391505 0.04483090566754784 0.0018366356546357474 0.9989929012092635 11.989102217101934
0.9989129146817498 0.0004871109992497266 -0.046612783706681406 -0.4938136089570789 -0.0005911068040556073 0.9999973670842853 -0.0022172995384754143 -0.12179906773301286 0.046611580908156876 0.002242442278305958 0.9989105725628659 12.98816097618854
0.9988299374591442 0.00024897142643514117 -0.04836004599451197 -0.5517509881731728 -0.00031298479791781703 0.9999990849403407 -0.0013161151154759243 -0.13079314456740493 0.04835967406712714 0.0013297111377027306 0.9988291013944344 13.986440679700717
0.9987536372534813 -0.0008565578464222836 -0.04990429221617472 -0.5962029987925085 0.000770274138017252 0.9999981752530106 -0.0017481900357587893 -0.13796775251125593 0.049905698579359954 0.0017075711711541978 0.9987524745651463 14.98542643710755
0.9986606004660588 0.0015433316627405035 -0.05171675941269129 -0.6542061146817512 -0.0017605862231337922 0.9999898157725068 -0.004155561023310808 -0.14599764638100304 0.05170981930854455 0.00424104688094002 0.998653147047779 15.983710544526243
0.9985833813431156 0.0019750000142741116 -0.05317264221658736 -0.7069995145366168 -0.002342855773356761 0.9999737480248989 -0.006856696570575636 -0.15782638635312551 0.053157704353883097 0.006971559078090925 0.998561793697239 16.982245940794417
