0.9983844636816073 0.001131674829649189 0.05680829157147157 0.08600707060029027 -0.0016070418664959616 0.9999640724770585 0.008322930465613835 0.024058684102101408 -0.056796831739356006 -0.008400777772090643 0.9983504128497144 0.9956864232936672
0.9941914888123328 -0.005375092962218389 0.10749135755382504 0.21112354031574113 0.0050493030549813005 0.9999817979044016 0.0033027864811191387 -0.003199156823604459 -0.10750715377022915 -0.002740845768812463 0.9942005329171254 2.0027276170833264
0.9892497071551337 -0.0036540977176845874 0.14619050743243123 0.35745236920927514 0.004465817185958643 0.9999763793790463 -0.005224668490486676 -0.0288676095013799 -0.14616796287266143 0.005821361854712361 0.9892426589951593 2.98010123882505
0.9883071095277529 0.06616512960109706 -0.137372606009234 -4.630644024456525 -0.06852383814402489 0.9975710741741288 -0.012507420880670021 0.002989980625979941 0.13621138301518593 0.02177447119782169 0.9904404734970929 4.283432809859932
0.7210913872974095 -0.4795369424050198 -0.5000715269182417 -1.2104339088434668 0.5385445027687562 0.842030812769859 -0.030885739163631097 2.929713524421663 0.4358864871764781 -0.24703933131178865 0.865433151134144 8.414443426300842
0.9495010951706659 -0.21573937634983614 -0.22782491470839908 -2.050886685525897 0.24810868589713972 0.9607279267042865 0.12427361277792595 2.381247253672491 0.19206704624193022 -0.17452327163638492 0.9657390317291897 9.39287181131378
0.9980298225882016 0.005107599991249712 0.06253307642273584 -6.790330612575913 -0.012867490983041296 0.9921577728026556 0.1243277183216842 0.1611640243862671 -0.06140766157706801 -0.124887414456398 0.9902687679665717 9.116571352082753
-0.3024870489034842 -0.6885464668770989 -0.6590943393754223 -9.3182406701446 -0.10900520210179304 0.7119410632103358 -0.6937274597633307 2.5252850800813595 0.9468999161265186 -0.13799886037935466 -0.2904080979821171 19.682819833372513
