0.9990467583144161 -0.0007422845760759454 0.04364657735796314 0.03109313504323424 0.0008481279391853054 0.9999967446127153 -0.0024065417034956566 -0.027984566359813477 -0.043644648932662 0.0024412655693328905 0.9990441355825901 0.999124657491095
0.9960438652636808 -0.004911903020394329 0.08872706283488019 0.13128140316776143 0.005575454724721358 0.9999583033213626 -0.007232283406650356 -0.04607276238844617 -0.08868783893634528 0.007698365240735779 0.9960297196356246 1.9939287226668654
0.9909983932650028 -0.004457453020176267 0.13379953534581587 0.2886101628172592 0.006002184851876479 0.999919889512303 -0.011143981995112549 -0.07097633356827202 -0.13373914282358482 0.011846757795971417 0.990945758357407 2.981160951438004
0.9838044470070741 -0.0021082780447915688 0.17923271245169356 0.49940505133953894 0.004566826310114571 0.9999010479670523 -0.01330557671970373 -0.10973351170089049 -0.1791869251551543 0.013908610213695924 0.9837167256966632 3.957922639934071
