0.9990731429076165 0.0009399739379143514 0.04303453926433365 0.014920848000895529 -0.0008539072348139108 0.9999975986844077 -0.0020182833925488407 0.012418199934877444 -0.04303633305861182 0.001979665227847321 0.9990715464682467 1.0021571350526672
0.9957908252184602 -0.0019372152516297988 0.09163448918287884 -0.06557383672821847 0.0026939400431068602 0.9999632806610388 -0.008135110119513688 0.08293182368149668 -0.09161536496561279 0.008347725838892983 0.995759479179353 1.9962098054634294
0.9907084000741602 -0.0018815860640940178 0.1359901674989101 0.08616340113253113 0.003503436848721131 0.9999255567904064 -0.01168789149687487 0.045349358477202686 -0.13595805218060916 0.012055725248988725 0.9906412405790382 2.985417057314317
0.9824469138011314 0.0005975529469852445 0.1865414283560313 0.11299559733305885 0.0021391805030430483 0.9998930261882525 -0.014469280800163482 0.02253186598547061 -0.1865301194697741 0.014614346053591605 0.9823405394363088 3.978488125348047
0.9730547862687066 -0.0019419911623977837 0.23056585087537837 0.3717304399356687 0.0054353444987454355 0.9998798492941378 -0.014517024685255044 -0.0015044160767298722 -0.23050995629200488 0.015379065181522444 0.972948428440275 4.942645840178267
0.9609743208458957 -0.002817897816805051 0.2766232349725232 0.6370248355493393 0.007544180686063472 0.9998431636145085 -0.01602290582594071 -0.023735490381706945 -0.2765346994728614 0.017484496710657233 0.9608448638371492 5.898666486563113
0.9474637844395483 -0.005239852868858544 0.31982013869892895 0.9691963268791683 0.011908176512047241 0.9997504958221262 -0.0188981860391594 -0.04709685496890481 -0.31964131852382194 0.021713821527438882 0.9472897853598062 6.8322815967532975
0.9321856778554277 -0.007223318083031367 0.3619083940406583 1.3327159470827035 0.015822975082651927 0.9996583575629552 -0.020803884590827333 -0.08182312943015099 -0.36163447769916907 0.02511955076043438 0.931981498050709 7.749984237688828
0.9146780806369893 -0.007375722335668324 0.4041158342879684 1.7314017416665408 0.01760202028283033 0.9996118134904363 -0.02159609252443767 -0.11405189570646955 -0.4037996751908011 0.02686672757126121 0.9144528425596453 8.652677191368458
0.894943572255527 -0.00772973184198406 0.4461123779096108 2.1705984571266126 0.01876318688316553 0.9996174372276391 -0.02032048248527637 -0.14553782624627185 -0.4457846400410223 0.026556175102940505 0.8947462345645263 9.533625770692334
0.872873892507526 -0.007661206321185861 0.4878857178648134 2.64743034421688 0.01961080697651905 0.9996196749960143 -0.019388698011790984 -0.18444487408050628 -0.48755162191145446 0.02649172094385222 0.8726921591792511 10.390831301193899
0.8487929121460736 -0.007629957900494948 0.5286703850538863 3.165610041854316 0.02039594050055805 0.9996241348910594 -0.018319240006042903 -0.21429154472983597 -0.5283319012719992 0.0263319707909982 0.8486295006730419 11.221760132271102
0.8231372256280582 -0.007931011448664264 0.5677871140161109 3.7280670785843064 0.022186137907164335 0.9995881583002874 -0.01820134804359563 -0.24951889500450972 -0.5674089205062849 0.02757921034476828 0.8229741819077021 12.018784346526068
0.7958507584343583 -0.009699739751953297 0.6054151347201364 4.323555371895253 0.025838648564362555 0.9995049117953083 -0.017952591384550607 -0.2809599104450952 -0.6049412653636913 0.029930692370836554 0.7957073702777788 12.789649271458757
0.7667766859897143 -0.008544081732095376 0.6418570810468529 4.936014507608873 0.026549588465458837 0.9994779193115543 -0.01841217425947517 -0.3170356310084515 -0.6413646647383575 0.03115906731598011 0.7666032085434109 13.53691691628033
0.7362673382315473 -0.011509873746437138 0.676592883098672 5.601078654621995 0.03146983281074746 0.9993559247975546 -0.017244859955592343 -0.3427982123987099 -0.6759586202396533 0.033989092049736595 0.736155340499095 14.24042674710436
0.7045227572189382 -0.010933777107889772 0.7095971653542451 6.3088857031987455 0.032284826552505363 0.9993399210211196 -0.01665569656235165 -0.3698767533681366 -0.7089466655081322 0.034643538671121264 0.7044107116542471 14.895911839500926
0.6705941392857417 -0.00955737581055829 0.741762871087001 7.033353072934972 0.03343747671802787 0.9992901389045233 -0.017353773045358598 -0.4114857784056836 -0.7410704659520215 0.036440017230981475 0.6704376851265591 15.525420543774958
0.6342908401176617 -0.010370191085098825 0.7730249603212626 7.736963157929118 0.03813461523242655 0.9991125012012946 -0.017887455502891635 -0.43302793482743 -0.772153405266017 0.04082485860540958 0.6341233710059442 16.1723021117013
0.5973217454725126 -0.008552753466913195 0.8019560977970086 8.483833180820836 0.03829889558621746 0.9991065141808373 -0.01787086786623679 -0.46431543854135443 -0.8010867162689361 0.04138869084122724 0.597115607975459 16.76299155586979
0.559612195563462 -0.007559440640694258 0.8287201249118072 9.277698384957876 0.041814478458586525 0.9989423516279538 -0.01912400364071071 -0.4873252128681529 -0.827699063650478 0.045354525476663674 0.5593364167036761 17.28789453154248
0.5210632285341753 -0.00577420087370862 0.8534985474350919 10.100081628032857 0.04665003671487046 0.9986750517079436 -0.021723608600722574 -0.5079556653416512 -0.8522422695126328 0.051135112206840944 0.5206422133822327 17.768630816934525
0.482193242208435 -0.004521152623518295 0.8760532154769324 10.936207646124224 0.048370207766145715 0.9985986965863025 -0.021470122887341382 -0.5278960342280516 -0.8747285294130845 0.05272762421247992 0.48173623226380813 18.224456815745707
0.44389758066923296 -0.005985623055324043 0.8960575373225994 11.803907570605656 0.053558537070488264 0.9983671331712047 -0.019863295556854333 -0.5466613483695223 -0.8944755004933737 0.05680879967178843 0.4434933362486738 18.636094470239737
0.4069946505393953 -0.006596399234998997 0.9134067231794651 12.68778302517291 0.0575790375758541 0.9981704993870266 -0.018447454710395876 -0.5765807539882125 -0.9116139582433751 0.0601010954191871 0.4066298678961735 19.018854088256088
0.3718871838433768 -0.003916774989023443 0.9282696706058687 13.590187921674906 0.05927668666604724 0.9980504001478933 -0.019536457778354333 -0.5913589756129928 -0.9263833962841399 0.062290108671566216 0.37139432608852063 19.360742849905886
0.3386244876782635 -0.004563132488172566 0.9409105346240573 14.513813206325606 0.060065999243648464 0.9980534109633571 -0.016776906725326685 -0.6144322893806214 -0.9390024132447666 0.062197802905759283 0.3382394140755929 19.678602498662936
0.3049840906503552 -0.006166411272395779 0.9523374821050551 15.452667931915846 0.06249257742400564 0.9979534252181528 -0.013551341714430641 -0.6426236234831336 -0.9503048890840667 0.0636469674641006 0.30474527283543357 19.982441635412474
0.2722776981194861 -0.0059955519315523275 0.9622000355766936 16.408940811273915 0.06317471102000351 0.9979343831755629 -0.011658591833823949 -0.6630679969463571 -0.9601425993019437 0.06396108373882295 0.2720940439860122 20.24924061112723
0.23973430456459527 -0.0029850651933952463 0.9708339469758571 17.369091871382366 0.06057160951543412 0.9980930541069886 -0.011888459281743162 -0.6874795913117852 -0.96894713134187 0.061655046258802505 0.23945795442036377 20.500511899594287
0.20870368402508876 -0.0011833083433374584 0.9779782063296302 18.346187387820535 0.060603765764259125 0.9980930311192618 -0.011725391522455844 -0.7038836139022316 -0.9760993575705017 0.06171629454632427 0.20837740553602346 20.71546195325823
0.17813567579213138 -0.0009493889230506931 0.9840054774597312 19.344880570242893 0.06274297494715861 0.9979755764910943 -0.010395567423092616 -0.7247152846813706 -0.9820035642017092 0.06359125244827801 0.17783462122769655 20.89840223157942
0.14754338211106469 -0.0011192225045203509 0.9890549518283672 20.360931076103544 0.06459743708539503 0.9978751418951296 -0.008507191650192075 -0.7428482387379179 -0.986943828957467 0.0651455948530677 0.14730217226508577 21.04721204916662
0.11710049172666062 -0.0017574487366333552 0.9931185156925191 21.392581568157873 0.06342244564547798 0.9979704223367227 -0.005712226309368431 -0.760764775818668 -0.9910928655911714 0.06365490959070758 0.11697428888126672 21.172189403932048
0.08758023688528838 -0.002077640778468667 0.99615530190624 22.44108471998196 0.0640563565075655 0.9979399671992506 -0.003550360169600427 -0.7757915364912147 -0.994095812936606 0.06412102054048935 0.087532904823007 21.265811097743423
0.060467234533558116 -0.0016872429140765077 0.9981687566535092 23.50385250201887 0.06700727934248024 0.997749665535871 -0.002372643710267795 -0.7850046523864509 -0.9959185398731071 0.0670280399117112 0.06044422058899832 21.320983603478417
0.03533935417040346 -0.001035092114023261 0.9993748338992403 24.5812955183278 0.07113820882477596 0.9974653666303188 -0.001482436590799578 -0.7911466442566557 -0.9968402506379948 0.07114612397986739 0.035323416463019945 21.347398027355407
0.012574304228697358 -0.0006173705781457152 0.9999207497230634 25.67357802024502 0.07546819784887697 0.9971481534724449 -0.00033337656752236854 -0.8025871458018073 -0.997068923388251 0.07546640895168029 0.012585036087783412 21.353672214782886
-0.007625613046317304 -0.0005874639615631121 0.9999707520281589 26.777415347935634 0.08129769579450008 0.9966891348011796 0.001205498975663402 -0.8057082063951917 -0.9966606918526344 0.08130451067049889 -0.007552606203025678 21.333473667554205
-0.025302391463436658 -0.001298892357572857 0.9996789994117482 27.89289720820153 0.08569726502429008 0.9963152023799848 0.003463563755098341 -0.8153976045231858 -0.9959998834104282 0.08575739259779581 -0.025097845748987033 21.29431258224063
-0.04081221808142639 -0.001060423191469301 0.9991662716274649 29.020962673238405 0.08878208541882343 0.9960400624095125 0.004683522599322923 -0.8134585501708094 -0.9952146020652821 0.08889921022094979 -0.04055645766252993 21.238314162099318
-0.0552174938369626 -0.0016107988956050362 0.9984730510641149 30.154546829299356 0.09115800344071587 0.995814252849374 0.0066477237265654375 -0.8144386082295743 -0.9943044034816835 0.09138588046826615 -0.05483953015820245 21.174653256709853
-0.06852202373368449 -0.002637798010544463 0.9976461167593926 31.294348151618586 0.09130570104339882 0.9957831019967969 0.008904085276402513 -0.8154312668872211 -0.9934626320201545 0.0917009040265773 -0.06799222735206331 21.09472713080205
-0.08068787390914389 -0.0024525959549186824 0.9967364003472049 32.439923512737316 0.0911817060221058 0.995785738017975 0.009831604492368641 -0.8150059721631316 -0.9925600049825296 0.09167741670159565 -0.08012420218636623 20.999808287929213
-0.09192875475532146 0.00037055776266382975 0.9957655179489194 33.596886524106196 0.09134684383009956 0.9957864979381866 0.008062545893233986 -0.8142753859769337 -0.9915668702469914 0.0917012170636008 -0.09157526203969653 20.89624089539485
-0.10209851702110997 0.003912524882179862 0.9947665982385696 34.77023941002963 0.09181639434835906 0.9957607245075047 0.005507200482565861 -0.8117614653504427 -0.9905279615189847 0.09189815927065609 -0.10202492720756272 20.771094276730356
-0.11144687238619146 0.006539462517130038 0.9937488767617915 35.96648781579679 0.09314065194604725 0.9956453479657577 0.0038935882178092176 -0.812069438764851 -0.9893959842198672 0.09299234648148 -0.11157064983886766 20.63805849348485
-0.11892831940574215 0.00765451653168763 0.9928733369468591 37.18598706860049 0.09290641343032247 0.9956688600996244 0.0034524442685760813 -0.811470950183529 -0.988546636829461 0.0926548941210325 -0.11912437789378202 20.494266736109715
-0.12463183736566176 0.008449836365366508 0.9921670753357305 38.427476375838516 0.09246208827466079 0.9957112714217157 0.0031346763211428552 -0.805554638373128 -0.9878854525433335 0.09212852017235501 -0.12487861475890899 20.333180784049958
-0.12973581414830626 0.010106654143673979 0.9914970872722197 39.68678349061411 0.09373382821610103 0.9955950431234991 0.002116496130736308 -0.8085726788687477 -0.9871081946652198 0.09321140300380161 -0.1301116688649884 20.17399167917566
-0.13424869136848938 0.011805557761523523 0.9908773474410377 40.970175147929986 0.0927492363325532 0.9956892510481872 0.000703211794168115 -0.8081121585027293 -0.9865976221467265 0.0919975225375042 -0.13476493542975204 20.001382868721958
-0.1384583385562534 0.012711177983027535 0.9902866829552567 42.274207834409815 0.09307353012175276 0.9956592106085389 0.00023306877867799536 -0.8101716542516637 -0.9859850944486512 0.0922017477310718 -0.13904039427597578 19.824545811489735
-0.14151925766684847 0.011760578889284229 0.9898656416370922 43.602938145335536 0.09268641117497509 0.9956943350629567 0.0014213750523137064 -0.809380917519636 -0.9855868956580774 0.0919482458110257 -0.1419999690117843 19.640392940594378
-0.1439817759007131 0.009880957514358727 0.9895310075419947 44.954144434455145 0.09315487347331228 0.9956450770311717 0.0036124966107407203 -0.8068809827161789 -0.9851859813033509 0.0926997694829435 -0.1442752057047961 19.447300802284605
-0.14609715261035192 0.008719964064577649 0.9892318152111055 46.323498077353456 0.09299839314231267 0.9956539137062234 0.004958124083492918 -0.8038567854399468 -0.9848892937138132 0.09272133707077314 -0.14627314442409714 19.24633059446354
-0.14826649385516222 0.009614076547449267 0.9889007110585145 47.71373548549704 0.09574266349766374 0.9953951290780868 0.0046775414472976905 -0.8045254369613923 -0.9843019806879739 0.09537351068172881 -0.14850422308463823 19.04344850724688
-0.14939828103429187 0.009320451728788166 0.9887331706803251 49.12322771807593 0.09537201383770724 0.9954290060873898 0.0050272076156188065 -0.8016575465538128 -0.9841668215300379 0.09504852981210009 -0.1496042926523818 18.83672525134366
-0.14994708644600327 0.010844356414159703 0.9886345488603543 50.55484082189453 0.09745988451846051 0.9952319487825406 0.0038651044169509814 -0.7985474551983331 -0.9838787741261631 0.09693177010902182 -0.15028902078172138 18.618004953312578
-0.1498828239828506 0.011095138717665829 0.9886415108479718 52.00245284827727 0.09760353182680138 0.9952187632072321 0.0036282137755032622 -0.8024615128147582 -0.9838743261463115 0.09703871009603295 -0.1502491234351728 18.399589889503964
-0.14925782069130253 0.0124751988514138 0.9887196126183092 53.47293321958019 0.09745850098259422 0.9952372564830511 0.0021549696783087196 -0.803812201623187 -0.9839837110179754 0.09668077741571188 -0.14976275815297013 18.179067806917644
-0.14804986547946417 0.012303489759722668 0.988903363059932 54.966390546806466 0.09780694573093868 0.9952028384107705 0.002260925901061344 -0.8063717856811393 -0.9841316165525299 0.0970563473394567 -0.14854301310672627 17.951996694234964
-0.14684282619434527 0.01126408475091472 0.9890957005214309 56.4797140601469 0.09664107932178367 0.9953147372012343 0.0030125898422595702 -0.8055647478353766 -0.9844275931640559 0.0960296532575286 -0.1472434022714121 17.72586538825467
-0.14563344739433765 0.01207963299417829 0.9892648692169176 58.01488000277948 0.09772221108213573 0.9952112235727711 0.0022338164663540504 -0.8079146318345896 -0.9845005172478362 0.09699846875859847 -0.1461164898196918 17.498614189291846
-0.14458374961833945 0.012811255881790131 0.9894096275400958 59.567953346452434 0.09773089553049322 0.9952118998417218 0.0013951602910050958 -0.8124150276755268 -0.984654361390385 0.09689760645217749 -0.14514352365410546 17.275227122172428
-0.14368380817662232 0.013453493718382847 0.9895321959262525 61.14946051615629 0.09881177384748621 0.9951058050734062 0.0008185709012270754 -0.8159986920480505 -0.9846782198347716 0.0978950469430222 -0.14430995519037043 17.044428431237783
-0.14279818662260968 0.01330502231610212 0.9896623940912683 62.75049710426143 0.09871049784861248 0.9951158174386341 0.0008645796186438356 -0.823537748396143 -0.9848171990332882 0.09781352802453208 -0.14341407958642255 16.832124795375833
-0.14211696181655226 0.011732269826901842 0.9897803407871567 64.37078064568433 0.10061342490416098 0.9949220566201535 0.002653296021463507 -0.8296813195674176 -0.9847231630733 0.09996226835877384 -0.1425757237803167 16.613672837031398
-0.1415489291097754 0.009900765071601843 0.9898817482501995 66.0038650966663 0.10188133004472022 0.9947858369523934 0.004618786338842135 -0.8248716461917126 -0.9846746138985162 0.10150425335877325 -0.14181957302813838 16.37439181679456
-0.14072001625823605 0.011033120950498528 0.9899879530915373 67.64666584429756 0.10335852716571337 0.9946376255150198 0.0036067675246068283 -0.8257881122536121 -0.9846394730491022 0.10283124112804304 -0.141105789965012 16.13737045603702
-0.14019129945298364 0.012891447085056396 0.9900405093478426 69.30996068264318 0.10553987465723179 0.9944130680569726 0.001996230160379044 -0.8329722495580324 -0.9844834861057938 0.10476860536234406 -0.14076862191344283 15.922083172270916
