0.9999967780042278 -0.0022002205927806147 -0.0012661005118894167 -0.0051066452298091924 0.002204006018338916 0.9999930824195392 0.002996242737120884 -0.022102345717043607 0.0012594993585660769 -0.0029990235763874768 0.9999947097454837 1.5291206438279246
0.9999937108172701 -0.0024728074145132545 -0.0025423511552989026 -0.0225629037040665 0.002482494047546281 0.9999896451122542 0.003814038748086913 -0.041387985744714036 0.002532893446242579 -0.00382032613251008 0.9999894947243352 3.0526211603821656
0.9999911246918475 -0.0008632307342045815 -0.004123756810687768 -0.02474874619555635 0.0008778133626306691 0.9999933639419155 0.0035357482704896615 -0.05483821775168065 0.004120677278622559 -0.0035393367784668692 0.9999852464481334 4.566731410815989
0.9999832263349024 -0.0002974458523704041 -0.005784338752567832 -0.025751955601092568 0.00031707335868219556 0.9999941948674324 0.003392594275944469 -0.07054442686853091 0.0057832960606184125 -0.003394371429420317 0.9999775156118633 6.079944884872565
0.9999753898609421 -0.0003527022112406422 -0.007006801952909736 -0.04696447864011672 0.00037856585609717246 0.999993119398201 0.003690236326848859 -0.08886653480899948 0.007005452187383144 -0.003692798045599517 0.9999686429494902 7.615760198064004
0.9999609945790076 -0.0003654486639925132 -0.008824724802299773 -0.059234278978471756 0.000401604094852202 0.9999915322040657 0.004095636008752465 -0.10711519544765635 0.008823153331623382 -0.004099020302362271 0.9999526738790431 9.099631920452763
0.9999430183668802 -0.002259744986275982 -0.010433291519478388 -0.07697816928302965 0.002293865358748394 0.9999920567954029 0.0032595287720457123 -0.12190708853872902 0.010425842941908963 -0.003283275604767304 0.9999402591656434 10.599886032543443
0.9999231060641298 -0.003492273375328598 -0.011898990954494345 -0.0938411986242222 0.00353509272560068 0.9999873452865045 0.0035794393794094854 -0.140830894339818 0.0118863399953296 -0.003621228178592608 0.99992279783391 12.094731292530284
0.9999102144310911 -0.003154397087911922 -0.01302355002990924 -0.1258894069407016 0.003201178425168959 0.9999884938018804 0.003572774907143924 -0.15972831174380397 0.0130121302275995 -0.0036141448308911295 0.9999088070539642 13.587635908984096
0.9998981510881604 -0.002413500658433124 -0.014066359338879043 -0.14885771244219795 0.0024645746789016465 0.999990429750222 0.003614730919245909 -0.18198219222902096 0.01405750056485303 -0.0036490303558861436 0.9998945300657124 15.076209311910214
0.9998937368503557 -0.0007477540079817773 -0.014558704316512001 -0.18687237505507498 0.000807790212832735 0.9999911935466396 0.004118288982041327 -0.19856051937346816 0.014555496638869079 -0.00412961173854138 0.9998855353611661 16.560594293623492
0.9998873728139359 0.0006000772906543514 -0.014996052630300889 -0.2244604464964678 -0.0005275910533587653 0.9999881616151756 0.00483717657130979 -0.21124546349005646 0.01499877778107034 -0.004828719990520631 0.9998758523578455 18.043052494075074
0.9998744222721123 0.0012314113273646245 -0.015799471894742095 -0.25206203052945503 -0.001142408577692038 0.9999834365189888 0.005641062871068418 -0.22146128369952894 0.01580615666920722 -0.0056223050269946255 0.9998592676459686 19.51693692188543
0.9998688012136743 0.0010803321162059791 -0.016162092749671123 -0.28908658521217917 -0.0009917434488789004 0.999984447529985 0.005488273233233807 -0.23173384116134368 0.01616777054704467 -0.005471524528841931 0.9998543221964232 20.990165836199306
0.9998567641326898 0.0017921399648186424 -0.01682971932188839 -0.31479101091001566 -0.001699165315250198 0.9999832264964177 0.0055371078232270225 -0.2396623842193572 0.016839360300750613 -0.005507718235448387 0.9998430381737431 22.452244051331064
0.9998508560305791 0.002495167230547531 -0.017089173046403557 -0.3372718151841228 -0.0023938746621053495 0.9999794618382736 0.005945188452804052 -0.24883975336099995 0.01710365630561068 -0.005903392425447082 0.9998362940496066 23.909481251437597
0.9998519212105994 0.003509841688040703 -0.016846859137491815 -0.37230509481488294 -0.003388416322364908 0.9999681170276323 0.007230737378584625 -0.26182194043145296 0.016871700753034093 -0.007172582487265018 0.9998319357642885 25.36168796466359
0.9998507366900962 0.0036954702743947077 -0.016877435816005353 -0.40312874573507484 -0.0035960223208220204 0.9999760172564957 0.005918913355090413 -0.27358758273153055 0.016898904217151622 -0.005857338242579348 0.9998400465199283 26.80270053282026
0.9998521184845884 0.004069664099011724 -0.016708650334540533 -0.43546052293861365 -0.004006517049714765 0.9999847117838538 0.0038110391881110185 -0.2876082668483555 0.016723904538446487 -0.0037435321134174746 0.9998531377078863 28.235798775431615
0.9998617929238471 0.002198141352174306 -0.016479175516574 -0.4560042992770226 -0.0021381164407609076 0.99999101929989 0.0036592045109412152 -0.30652890860955134 0.016487070970792193 -0.0036234643868824734 0.9998575133470977 29.661476383456357
0.9998705391791721 0.0013120717692042105 -0.016036937027515786 -0.4915053202412823 -0.0012125564776740354 0.9999799606798297 0.006213529235027898 -0.3158345921790732 0.016044768254496564 -0.006193279134558063 0.9998520934144317 31.082876424354687
0.9998714261300613 -0.00018477511233024285 -0.016034246686256016 -0.5129693023370422 0.00030327886957151867 0.9999726583098244 0.007388548890714702 -0.32805521282502487 0.016032443062899724 -0.0073924617645999635 0.9998441439936999 32.49433943049986
0.999876454249785 -0.0011448608601859072 -0.015676910744430908 -0.5447660542927897 0.0012510205373045423 0.9999763441170921 0.006763590306203314 -0.3427744430705559 0.015668796523450098 -0.006782366830667508 0.9998542335339096 33.888727569702475
0.9998841329251742 -0.0011304055446998715 -0.015180346102032657 -0.5756070043808118 0.0012067260015445854 0.9999866748042368 0.005019365131454587 -0.3591661910676986 0.015174469902773643 -0.005037102070653039 0.9998721733631256 35.27279802572741
0.99989316411844 -0.0004585648575245243 -0.014609930440849845 -0.6065257174491688 0.0005199180493046667 0.9999910620322472 0.0041958957137472955 -0.3709579844972367 0.014607875767442562 -0.0042030434080650055 0.999884465521729 36.640629624687826
0.9999057890583909 0.0001862376606792965 -0.013725098289292354 -0.6341914911667453 -0.00014206448725916847 0.9999948078596206 0.0032193277997591106 -0.38874606287779256 0.013725626586733724 -0.003217074654804643 0.9999006238649258 37.99694850119062
0.9999218740417153 0.0006630123477603745 -0.012482236479538795 -0.6575231165102066 -0.0006101433748145128 0.9999908298167209 0.004238868661375307 -0.4061750749228847 0.01248493243740561 -0.004230921541808204 0.999913109107457 39.331286269473004
0.9999402879369607 0.0010507051398784399 -0.010877342472208933 -0.683737771015396 -0.0009818362157054533 0.9999794528411425 0.006334815954325331 -0.42509211599685137 0.010883774997408644 -0.006323757920625847 0.9999207736253747 40.65508922232349
0.9999563496252273 0.0004690802055328701 -0.009331602646459578 -0.6932829611306319 -0.00040052716486944863 0.9999729313661883 0.007346843737504287 -0.4393123225208781 0.009334796311695105 -0.0073427854846700325 0.9999294700523362 41.95845687411602
0.9999734605044716 0.0010897720859378512 -0.007203518828552519 -0.6993198295251338 -0.001032306499659649 0.9999676556267401 0.007976342749202156 -0.4541582639275922 0.007211978230926728 -0.007968694821782243 0.9999422419684222 43.24095107619604
0.9999924193896877 0.0007743362362168397 -0.003815962074335956 -0.7123678031344359 -0.0007461960745084755 0.9999725609715031 0.0073702439249002044 -0.46739172467162127 0.003821564414984694 -0.0073673405980327145 0.999965558375855 44.504333978019616
0.9999999730579779 0.0001295273765771777 -0.0001926310018865263 -0.7174057220642686 -0.00012845180350660134 0.9999844615591658 0.005573162509763509 -0.4792331500978042 0.00019334988582025644 -0.0055731376158116 0.9999844512555872 45.7456465860174
0.9999948072476964 5.5885075515158835e-05 0.00322216611952374 -0.7209161097634165 -6.838214338648918e-05 0.9999924762983167 0.003878488190481017 -0.4973658386145266 -0.0032219251273016445 -0.0038786883890780943 0.9999872874066227 46.97898691520194
0.9999731319702261 0.00017368209848023081 0.007328381280120748 -0.716352301763086 -0.00020652047681376376 0.9999899413280858 0.004480467826562841 -0.5139582673756147 -0.0073275293892834685 -0.004481860906016081 0.9999631094374779 48.199190792848306
0.9999155736869835 0.0005727574617745528 0.012981427006395707 -0.7159757703946522 -0.0006283585262134285 0.9999906456914307 0.004279450338381623 -0.5276696225661404 -0.012978854487008185 -0.004287246030509665 0.9999065800651978 49.40886296153189
0.9998048579201967 0.002153752085228569 0.019636889548309507 -0.7098846331658067 -0.0022218851369569755 0.999991585540768 0.00344848866894719 -0.5473207842071429 -0.019629297124841287 -0.0034914466367195526 0.9998012304927258 50.606885972344436
0.9996317669874683 0.003466257089329932 0.026913110026607685 -0.6813115663439687 -0.003561409833295704 0.9999875735453544 0.0034884258447867226 -0.5653345584554131 -0.02690068381125143 -0.0035829899059221853 0.9996316898707354 51.79229370111447
0.9993622966328101 0.0044412728395539685 0.03542986260715366 -0.6492343034000995 -0.004602732552941401 0.9999793858800164 0.004476903848879578 -0.5821225767946596 -0.0354092491002455 -0.004637123094188699 0.9993621376495945 52.96966155323347
0.9989315756523974 0.006857761245888433 0.045702059858553024 -0.601030275688405 -0.007102538446252955 0.999961278572019 0.005195700552705186 -0.5987516507430402 -0.04566465933563798 -0.005514749976950113 0.9989416031082361 54.133369431863905
0.9982347809324635 0.009181980556835785 0.05867719633530652 -0.5465905051164814 -0.009496646232107157 0.9999419712470499 0.005086044524701616 -0.6096808080445565 -0.05862709140883949 -0.005634303117416546 0.9982640526340321 55.281248964663874
0.997228240636624 0.011331208358953461 0.07353529624548516 -0.47680259387584795 -0.011775891214662881 0.9999148883140221 0.00561645030764289 -0.6240748265779303 -0.07346539636376913 -0.0064668265079385725 0.9972767999367232 56.41209647692005
0.99587893427939 0.013501456891029436 0.08968198771418784 -0.38826865332314886 -0.014177043823824014 0.999875690290953 0.006900390830124843 -0.6368923635243975 -0.08957767404306405 -0.008143379336047678 0.9959465476048524 57.53043428525767
0.9941249578850039 0.013678952546104638 0.10737064015540981 -0.2803204436851385 -0.014589242475910544 0.9998639453557653 0.0076970631790952565 -0.6498164230873222 -0.10725074411919089 -0.00921829891277728 0.9941892681230446 58.63937308965175
0.9918940205730277 0.013247193308953667 0.12637548742106314 -0.15063325431085098 -0.014225415283627474 0.9998754099268304 0.006841212148583411 -0.6633882323951407 -0.1262691154300385 -0.008583501213886886 0.9919588872505893 59.730459448032725
0.9891209809634705 0.012418622688552731 0.14657920326015964 0.003158859544260706 -0.013416483125430633 0.999893051533853 0.005820951371162666 -0.6669318271462785 -0.14649123864043484 -0.007724202537464054 0.9891818102334635 60.805274990845646
0.9858732180939019 0.009564002074092725 0.16721999793536163 0.18411853737503564 -0.010644640389709432 0.9999278461310953 0.005567240124438022 -0.680192928059637 -0.16715468726945504 -0.007268589681371078 0.985903888889731 61.86474168216287
0.9819964206505392 0.004614237059824044 0.18884315885381514 0.3921840453492741 -0.006153688934618827 0.9999524389182414 0.007566506060092583 -0.6871628473670008 -0.1887992636162212 -0.008592363924858697 0.9819781104180255 62.90800349627061
0.9772945308895981 -0.00074625545393149 0.21188403195163147 0.6171041046595257 -0.0011907919153135533 0.9999586616568609 0.00901426602863046 -0.6959340000091527 -0.2118819999619997 -0.009061902681996472 0.9772532425179697 63.93600294880256
0.9718294457318355 -0.0058562310468442905 0.23561246352109969 0.8648304688226948 0.003947266026975664 0.9999554605634122 0.00857297966446531 -0.7101390469740287 -0.23565217482439604 -0.007401449002798733 0.9718092770977194 64.94571728716824
0.9654655751144658 -0.011823918648526409 0.2602622105045002 1.1499146014037782 0.010460615993699773 0.9999233545069771 0.00662273542786683 -0.7135063544193679 -0.26032056926399033 -0.0036715200269373583 0.9655152620019863 65.92893524518588
0.9579969099309509 -0.015511739369211562 0.2863587025122393 1.4437070938099845 0.013986304908698694 0.9998750125046496 0.007371746321498654 -0.7253175058052088 -0.28643725986287516 -0.003057010070195039 0.9580941242131062 66.90042793012854
0.9494593379617554 -0.018161873095692102 0.31336418417375506 1.7622257175699831 0.015891239706225767 0.9998257099216608 0.009798891786688918 -0.7371985531146539 -0.31348753413465447 -0.0043239039424975215 0.9495824712982388 67.85283449583602
0.939727923662222 -0.022489170069591193 0.34118274680744304 2.0974990901282955 0.019332169828828797 0.9997330783641607 0.01265066141469535 -0.7428343979103008 -0.3413761806265924 -0.005292376980237657 0.9399118544026879 68.7940688356009
0.9288441370760673 -0.02550728045928871 0.36959159576888256 2.465462419906922 0.022629324954734697 0.9996704452071431 0.012120834601897612 -0.7420621942999199 -0.3697789646146879 -0.002894757835248329 0.9291152445771003 69.70752097829545
0.9168963825507157 -0.024813339951779652 0.39835326260224235 2.860075650745248 0.02350424135973934 0.9996903497183943 0.008170392770152388 -0.743972564645639 -0.3984326471356438 0.001871587655671485 0.9171956840588223 70.5920652209834
0.903962975818459 -0.02592647132581519 0.4268240345084023 3.280579454009012 0.027370268177115017 0.9996215737186276 0.002752776091208717 -0.7509806826660438 -0.42673388284661734 0.009193880621762218 0.9043305069440943 71.45470054014817
0.889847117664748 -0.027883854084475017 0.4554059703881117 3.7221467912812614 0.031148766429911528 0.999514703216837 0.0003352659456488131 -0.7590462224688386 -0.45519431184235637 0.013886998767019747 0.8902838253790802 72.30308398569275
0.8742194878699653 -0.02859150574912318 0.4846883667134744 4.185490953760762 0.03066252167034275 0.9995231074277738 0.003656156827055392 -0.7697522207266297 -0.4845617574604839 0.011665483998794295 0.8746792667543236 73.13806006246156
0.8569324965124886 -0.027688668057280225 0.5146844024080093 4.690010295736787 0.026648145530712437 0.9996006068972818 0.009407604921616948 -0.7797085090484596 -0.5147393250574985 0.005653702486072015 0.857328095239827 73.94868037148092
0.8373775511952485 -0.027833390502203407 0.5459158718405276 5.20297000663442 0.024726018407254097 0.9996092445086983 0.01303772627703909 -0.7857866663852099 -0.5460654363425456 0.0025808265929201284 0.8377385502447185 74.73942325090917
0.8164604968687581 -0.021635668442166914 0.576995801461227 5.7385286283825385 0.020785660822957398 0.9997513391550361 0.008075652411183916 -0.7877326090580179 -0.5770270473357163 0.005399787845268936 0.8167071867776426 75.50033380045265
0.7945384272006302 -0.014671731870895252 0.6070365952604998 6.293597532404582 0.017894422765400868 0.9998396052630972 0.0007438959795220794 -0.7869265081245123 -0.6069501440278627 0.01027151552809058 0.7946735295914373 76.23859413104647
0.7722794807076432 -0.012441746875697001 0.635161087136654 6.879410238631591 0.01723207782164754 0.9998505826118995 -0.001366727696045973 -0.7954867552009591 -0.6350491785459474 0.012000641038192223 0.7723784858751505 76.94429890847027
0.7488634518143583 -0.014961928249774714 0.6625554099392253 7.48623779095525 0.018330581712801563 0.9998302508685292 0.0018598984503777377 -0.8098337306978499 -0.6624707694010019 0.010752216107575664 0.7490105937421853 77.63829669458829
0.7243905830366012 -0.015282483937313249 0.6892203775952948 8.11411777966045 0.018441003473280364 0.9998260639456381 0.0027876954411450764 -0.8308231446139248 -0.68914310023303 0.010690535051150881 0.7245464097361386 78.29995909793146
0.6994763824386399 -0.01336173231313123 0.7145307932623672 8.76648881967072 0.01924076820638801 0.9998148696447442 -0.00013883836833759704 -0.83783160052409 -0.7143966568016554 0.013845235529116226 0.6996039781217381 78.91717880564995
0.6734139929002626 -0.010933230053006249 0.7391847256584344 9.433787486876247 0.01919290828867057 0.9998121615332721 -0.002697020873137998 -0.8453957899394459 -0.7390163911832728 0.016003316243063653 0.6734973403300689 79.52083457909421
0.6464179340460292 -0.008569213410819839 0.7629353990510502 10.11478468433269 0.017628773698150968 0.9998377313572542 -0.003706385338851403 -0.8548837720501178 -0.7627798377523906 0.01584548944969827 0.6464641054092151 80.10475930677902
0.6185873436207404 -0.007185804904366223 0.7856831820270269 10.824052536141664 0.017779649247989946 0.9998301471049245 -0.0048539687643355135 -0.8695901336822398 -0.7855148517913935 0.016971775040433516 0.618610035860333 80.66359279998397
0.5896915083223735 -0.0004962637238914861 0.8076284286321294 11.544497955806161 0.016586715169395257 0.9997963351974664 -0.011496477965296391 -0.877660816758613 -0.8074582378627231 0.020175278140177944 0.589579640302812 81.2048524594744
0.5597129559600756 0.008687443762249171 0.8286410171185797 12.291007393903637 0.015539029592733851 0.9996592071920483 -0.020976368500846734 -0.9015357050261442 -0.8285408532412576 0.024617022505675434 0.5593872153644599 81.71577907374008
0.5288391454730589 0.017035428868677094 0.8485510900226264 13.065990639078203 0.014858144019366143 0.9994594929043384 -0.029325033669274723 -0.9226558218104265 -0.8485920066625807 0.028116120049974245 0.5283001893069044 82.20961482129238
0.49714634271347913 0.021810803317207018 0.8673925309715736 13.866832008290068 0.012689394807502575 0.9993943305309311 -0.032402952983532726 -0.9537610105813338 -0.8675739122322849 0.027115695847457325 0.49656847045767727 82.67586935250313
0.4645872803353294 0.021346403259767416 0.8852700096685168 14.68232087066657 0.010842469759870086 0.9994973466927727 -0.02979085100522366 -0.990010195067104 -0.8854609532893754 0.02343896375654268 0.4641223062705469 83.1172751260557
0.43121026179569794 0.019895161953282982 0.9020320907001816 15.519930337026235 0.006127161660385132 0.9996692317888909 -0.02497768813557885 -1.0319426867806052 -0.9022306623098519 0.016297531882569476 0.43094573027524435 83.53486417512217
0.3972939451419115 0.02102426394902382 0.9174505444322217 16.371684224989068 0.002335609742386535 0.9997111293614737 -0.023920759978314412 -1.0627253482704064 -0.9176884362792789 0.011646379532311037 0.3971300741105897 83.90448196316635
0.3624824517146899 0.023935579249127547 0.9316831866277928 17.245653865695534 -0.004945468191198605 0.9997054821613119 -0.023759025253377298 -1.0956758734873628 -0.9319774753411578 0.004004620160453179 0.3624940668122629 84.2483442890495
0.32635771432895994 0.02601004718434783 0.944888416556922 18.126296701199866 -0.009842828008784707 0.9996606597867429 -0.024118126202615654 -1.1247284851953083 -0.9451950915206698 -0.0014292376302796027 0.32650298045351733 84.57641918838476
0.29016021910570894 0.025450117099150658 0.9566396075786163 19.028036419074397 -0.012609848167279916 0.9996612035816752 -0.022769931550982614 -1.1557998628139148 -0.9568949989302514 -0.005456151874517417 0.2903828359751954 84.86285531156155
0.25396892057214393 0.025116747102077813 0.9668862065405799 19.945970738551104 -0.013242122558543977 0.9996593689101012 -0.022489827487209835 -1.1826337937031928 -0.9671217263476016 -0.007091908436395544 0.25421500990532675 85.11001425761354
0.21799092136921625 0.024359375918605833 0.9756467490877314 20.879554275626973 -0.012335879957702103 0.9996773716009365 -0.02220312533663113 -1.2172774951977687 -0.9758728320156628 -0.007195381428460083 0.2182210856444211 85.327796030839
0.18256170817130132 0.02317532316386297 0.9829212212104436 21.82289982002845 -0.010294572915572137 0.9997124095859423 -0.021659175615824422 -1.246426551555924 -0.9831405008838071 -0.006164618084006959 0.18274778522820975 85.50804983265401
0.14779790234497064 0.02232703597188857 0.9887655351634882 22.77583665687868 -0.002045570248760676 0.9997499155761261 -0.022269305060733092 -1.2756554197753676 -0.9890154678794384 0.0012687672129262735 0.1478066119122403 85.65466523159174
0.11415174979930967 0.02550684509528888 0.9931358310276814 23.72999119906149 0.00037743870569858086 0.9996691656468196 -0.025718024710635765 -1.3120487211111727 -0.9934632532498522 0.0033106054247469727 0.1141043572084015 85.76490885356041
0.08143898323693617 0.03036509351655376 0.9962156659604723 24.68927029660619 0.0012745131699443588 0.9995318047422335 -0.030570360235289154 -1.3468962822710098 -0.9966775143573343 0.0037593090411203573 0.08136215317959423 85.84911332799572
0.05231471622337328 0.034219215225858336 0.9980441953018898 25.653268666145134 0.0082347320016758 0.9993639823911379 -0.03469610768066455 -1.3837158398042702 -0.9985966951954774 0.010033743501508846 0.0519996570759604 85.89371703727262
0.02668055811804944 0.0324659630103024 0.9991166643912639 26.62411259851602 0.010074063810464527 0.9994129795494723 -0.03274461095189745 -1.4199219953543074 -0.9995932478047522 0.010938809526731121 0.02633783190176915 85.92089402149166
0.004545063635865147 0.02956068577451697 0.9995526540673526 27.605942922631208 0.011762021621788658 0.9994922519207079 -0.029612382508721252 -1.4561262781091604 -0.9999204954614719 0.011891350092168197 0.004195062463299522 85.92075869543953
-0.014498642747234827 0.026963173950604907 0.9995312784545564 28.589128428666406 0.012182641290880316 0.9995669148909199 -0.026787420678898364 -1.4965378044717295 -0.9998206702252493 0.011788549781883682 -0.01482084627726241 85.91181906423532
-0.030786494203995145 0.0301516131035412 0.9990711045775891 29.568995819977193 0.013928813625285906 0.9994607886966376 -0.029734155594018416 -1.5327269282237217 -0.9994289269005678 0.013000464805213859 -0.031189869977749834 85.87639165468227
-0.045540276806544655 0.03455978053063094 0.9983645149733938 30.552056608546152 0.016818224851148724 0.9992862696355539 -0.033824527058297596 -1.5679310045680435 -0.9988209201359575 0.01525034057114528 -0.046089007487952444 85.8354107002493
-0.05737512677585788 0.03985339509337189 0.9975569165350856 31.538573542199206 0.021301509642884162 0.9990243107179326 -0.03868684894762131 -1.6103935569645889 -0.9981254132193957 0.019029805413969703 -0.058168083959487936 85.77418140443008
-0.06615257529053942 0.04338758949739943 0.9968657652161783 32.529303731047555 0.026895205997893697 0.9987687199374229 -0.041685632643575006 -1.6565497346138964 -0.9974469833914792 0.024053298155749227 -0.06723804110078 85.70053519716434
-0.07186057840444876 0.048682277913500334 0.996225924722165 33.51996584548229 0.03102265924601783 0.9984340068662771 -0.04655242793086805 -1.7081881025637524 -0.9969321199984907 0.02756029299746118 -0.07325829895111183 85.62267160482494
-0.07512327402870425 0.05350104849976825 0.9957379833614041 34.511435876671115 0.033116255926272375 0.9981427013220483 -0.05113180410422029 -1.760155684080866 -0.9966242056525797 0.029133925361203294 -0.07675550208560888 85.54034735235597
-0.07792058689137481 0.05748097326666047 0.9953011201896758 35.51075943716623 0.03546306636055844 0.9978644978122476 -0.054852665661934356 -1.8206990724512362 -0.9963286370785555 0.031022277773090374 -0.07979263887702172 85.46429749114041
-0.08062579293730106 0.060423967457625835 0.9949112652241473 36.51274399498384 0.03620444776060959 0.997679695354276 -0.057658160221696564 -1.8804382984118795 -0.9960867027902653 0.031371478041069434 -0.08262633290869117 85.39027643182415
-0.08316019140654592 0.06379257790015623 0.994492277280262 37.516274027917916 0.0373540551756647 0.9974471973459088 -0.06085854967650618 -1.9478378776767882 -0.9958358585264752 0.03208731075747635 -0.0853308113238882 85.31584870303638
-0.08515158824489308 0.06757351549333546 0.994073954504013 38.520312249270184 0.0386886197547901 0.9971694054478043 -0.06446989638850416 -2.0151805397765195 -0.9956165917263751 0.03296963516248146 -0.08752488466951167 85.22768514392708
-0.0870700350695937 0.06914842987510904 0.9937994282745333 39.53066447747622 0.04128618147433887 0.9969814664784011 -0.06575261757411037 -2.0840647253199682 -0.9953463016519675 0.03530510082674123 -0.08966208587449802 85.1292879835526
-0.08936180519599621 0.06779864233427035 0.9936889915208607 40.55049806919494 0.04133477271749729 0.9970733966957096 -0.06431234847271147 -2.1612007158001405 -0.9951411479466155 0.03532684106047838 -0.09190272011307354 85.04667159509658
-0.09168313095632272 0.06753803551115889 0.993495252760345 41.57091686756739 0.04088706421409159 0.997111269605547 -0.06401065540650008 -2.2327326533227247 -0.9949484667448864 0.03475240689377318 -0.09417971510410827 84.95710170032453
-0.0939653535567707 0.06904683628851335 0.9931782552641297 42.59161981532571 0.040949592271376394 0.9970159579238729 -0.06543936535414292 -2.300981721524744 -0.994732950707757 0.03452121150383037 -0.09651239678170156 84.86645110192427
-0.09659095416650308 0.07120715698905075 0.9927737548740617 43.61587915769038 0.040222165861677706 0.9969020937216803 -0.0675898876070133 -2.3758264773708855 -0.9945111185635895 0.03340293889569694 -0.09915583052211323 84.78267886220583
-0.09916327875214437 0.07354927312330013 0.9923493077390447 44.64552267790461 0.038300005875366194 0.9968077844098308 -0.07005248382401584 -2.4511349364119477 -0.9943338240737228 0.031060350336100013 -0.1016636657804901 84.67415232873626
-0.1018698705572771 0.07725961194107496 0.9917930640185787 45.68116988888213 0.036213944716237435 0.996606807519046 -0.07391496069665039 -2.527207586472176 -0.9941383604311498 0.02838703171190254 -0.10432208179409773 84.5822934634955
-0.10408286677107875 0.08150539660311731 0.991223298338616 46.717680547590454 0.03304257940912071 0.9963696011395038 -0.07845894385664999 -2.607623859785574 -0.9940195897419264 0.024586342747093034 -0.10639815298968555 84.480541042912
-0.10674246559135726 0.08384826322167875 0.9907449292296118 47.75956236550341 0.030755243932763347 0.9962395095046674 -0.08099972020037294 -2.696155606280673 -0.9938109282001862 0.021824492127207197 -0.10891983535277316 84.37323689379907
-0.10960566638474754 0.08238153922230602 0.990555339136447 48.80502831137832 0.028890026539849456 0.9964024679741156 -0.07967112514343652 -2.784428106207766 -0.9935552145013803 0.01988476327387259 -0.11159136134423539 84.26421715702624
-0.112679673014562 0.0782528693818106 0.9905451931753781 49.862924322558015 0.025787499667046042 0.9967885681683126 -0.07581263238992414 -2.8711354941908915 -0.9932966808311879 0.01700114121113435 -0.11433575576898711 84.15426288275032
-0.11512575513887986 0.07668265086583562 0.9903867080892662 50.91911284648978 0.02604871375516286 0.9969061347162064 -0.07415944361237647 -2.955348440080837 -0.9930093277585089 0.01726063791938142 -0.11676705598417575 84.03936135277449
-0.11692716722590771 0.07708814368334882 0.9901441590334118 51.9758313915323 0.02522412210345873 0.9968918688868514 -0.07463474667601454 -3.043249311118628 -0.9928201152417472 0.01624868766203573 -0.11850822300847765 83.91089476122289
-0.11822773246948923 0.0799028418350964 0.9897665073853534 53.03298864148408 0.026491886013643023 0.99665627317993 -0.07729458652800614 -3.1292119333185355 -0.9926330556910569 0.017082417796401586 -0.11994918820761577 83.78418943787072
-0.11867800005972501 0.08271792677152258 0.9894813171012615 54.09200265053976 0.026881612872862597 0.9964263537891306 -0.08007434273132946 -3.2174426859944076 -0.9925688445600028 0.01709579085979528 -0.1204774781596152 83.64886358708063
-0.11887185176010014 0.08356864279238632 0.9893865598445157 55.16220335685756 0.025654339701002303 0.9963776386766443 -0.08107685242819092 -3.3031505148873896 -0.992578126755588 0.01574430331883796 -0.12058515331239562 83.51949446207682
-0.11875365114224468 0.08243304034529883 0.9894960152521174 56.23595759974561 0.02231870011881144 0.9965176618460581 -0.08033943772441217 -3.3942508750179154 -0.992672879636285 0.012543663272682084 -0.1201799090793001 83.39225475571087
-0.11878459011008499 0.0817655193057463 0.9895476850587054 57.31146479038919 0.018391896423100934 0.9966137949514271 -0.08014163623535159 -3.486787736599434 -0.9927496961965502 0.008680067118351386 -0.11988618409341324 83.26571449391867
-0.11888089597841403 0.08286297882621105 0.9894448237832257 58.38852938966061 0.014498501937449925 0.9965501897381281 -0.08171604967491591 -3.5817228782753308 -0.992802662170555 0.004630990493450457 -0.11967216850258118 83.14617625233366
-0.11923140240957501 0.08307558808392575 0.9893848186342653 59.47245381919436 0.010267814133008063 0.9965431943044761 -0.08243927388304705 -3.676979553713569 -0.9928133987171899 0.0003294691850539372 -0.11967224731607568 83.02670729877245
-0.11970153260875906 0.08240047029146826 0.9893845084631461 60.56365147569697 0.006733761088614409 0.9965942396189555 -0.0821862398453663 -3.778160936112816 -0.9927870867173473 -0.003175539964074218 -0.11984872295198136 82.9072686805299
-0.11995908119881449 0.07727158268051769 0.9897671045998581 61.6704296393008 0.0069681670807540605 0.9970073376347804 -0.07699229409456855 -3.872512632611974 -0.9927543822544794 -0.002339062303087208 -0.1201385254698559 82.77420328541919
-0.1202717619423321 0.06871294176993929 0.9903601541422242 62.77345451881574 0.010063503072537418 0.9976348694410813 -0.06799553795058019 -3.9583007327221877 -0.9926899965171393 0.0017885493005960588 -0.12067879642341144 82.63787945162528
-0.1200697681417772 0.06335784578575751 0.990741658635474 63.88329169770677 0.01530921937004876 0.9979609560335484 -0.06196416734604586 -4.038854762466831 -0.9926474089930732 0.00772745818475856 -0.12079489976544161 82.49629814067278
-0.11931498529707389 0.06576722384728942 0.9906758332325372 64.98558117683515 0.023441379113037637 0.9977121495480809 -0.0634111061993863 -4.114023876987162 -0.9925796874955884 0.01565691258107751 -0.12058368488145683 82.35435671792015
-0.11798955399843396 0.0715171894976301 0.9904361447128294 66.08955338719673 0.028635155424829688 0.9972334311460882 -0.06859673227201772 -4.189006743246557 -0.9926018804238932 0.020267595095695756 -0.1197110336100659 82.20882345086406
-0.11696967594310004 0.07723783843779418 0.990127472209122 67.19855746535255 0.03216413517333921 0.9967428216750961 -0.07395414692714573 -4.272464452113469 -0.9926145089199128 0.023196201254254336 -0.11907297312595615 82.07159318093481
-0.1163481549024158 0.08165176562437924 0.9898465012421003 68.31224592773759 0.03268080704231718 0.9963900907946817 -0.07835018709123813 -4.364411983393733 -0.9926706763584128 0.02323308280428134 -0.11859659422404588 81.94110133951807
-0.11609464964846859 0.0788782503267057 0.99010113319216 69.43680545717311 0.029489004201769944 0.9966759062776294 -0.07594429851448639 -4.451042624334465 -0.992800297619914 0.02038036974804291 -0.118034781207683 81.80658247549866
-0.11579744913393898 0.0743861473235435 0.9904835444672643 70.56903613448648 0.028174176668415225 0.9970365508362017 -0.07158444010894066 -4.537492369563429 -0.9928731875436722 0.01961676280668238 -0.11755005773650855 81.6704077041057
-0.11552450023958324 0.07247373958155323 0.9906571793084942 71.70561392322368 0.0256881125717571 0.9972191189634505 -0.06995819927831078 -4.620594390179846 -0.9929724118609227 0.017366227132808068 -0.11706495392847646 81.53968582540944
-0.11546199290202071 0.07302064036671137 0.9906243053123275 72.83834017763756 0.023768698034975833 0.997211856328483 -0.07073586495991092 -4.708802650958585 -0.9930274805808843 0.015378546041157022 -0.11687567382840633 81.41655452336596
-0.11508904798716231 0.0783384759676926 0.9902613767165062 73.97484695806826 0.024912280491074187 0.9967995782266876 -0.07596037867095883 -4.796449336665929 -0.9930427429442025 0.015927461510254013 -0.11667230457866402 81.28550900139938
-0.11446202303795106 0.08104833205639742 0.9901159594476486 75.11404819531877 0.024625320305438403 0.9965916548817222 -0.07873161385345022 -4.887322818067631 -0.9931223685336649 0.01537014284221624 -0.11606773809761096 81.15509001710548
-0.11397121848573301 0.0801006479212991 0.9902496895023334 76.26387467755394 0.02441557593460899 0.9966692066323342 -0.07780984643770236 -4.980376555583612 -0.9931839915185207 0.015309433479574586 -0.11554730735882901 81.01455600553709
-0.11347911683882238 0.07338653195114539 0.9908263757942997 77.426352078025 0.02604356076833152 0.9971453865628754 -0.07087179268851418 -5.0741180333089195 -0.9931989845866686 0.017762178485787924 -0.11506642443150723 80.88240479095079
-0.11378038883638585 0.07180091447857391 0.990907993608026 78.58483657408225 0.025504105260102217 0.9972674886895391 -0.06933322881379264 -5.165357555613014 -0.9931785155404464 0.017383460038340435 -0.11530070071761411 80.75606127719924
-0.11359140477795172 0.07477791038034254 0.990709471479769 79.74255651676721 0.023028916100030123 0.9970938245440493 -0.0726193781258316 -5.255873401129518 -0.9932606212791443 0.014566028122798405 -0.11498334244966277 80.6321566714762
-0.11325901738246008 0.07800981967977819 0.9904982902635875 80.9040135501777 0.022461813774404767 0.9968591782156274 -0.07594238427407968 -5.3420578608789375 -0.9933115633594154 0.013647228319203666 -0.1146555330356099 80.503054653223
-0.11311832177556728 0.07768819289976907 0.9905396458308215 82.07946800094929 0.02203497057579187 0.9968894296472024 -0.0756698429323312 -5.431968332191063 -0.9933371559296499 0.013266866308511474 -0.11447831632212604 80.37459670417594
-0.11293433103583723 0.07402910868246163 0.9908408186692603 83.24073261143438 0.021726636036259787 0.9971661371518413 -0.07202533029585634 -5.52931269511635 -0.9933648826891547 0.013393505342499036 -0.11422269413126489 80.25020284472384
-0.11204414658604223 0.07299444057222253 0.9910186279083535 84.40400906004552 0.022383665979529573 0.9972307351174315 -0.07092131156759607 -5.619077992148748 -0.9934510962866389 0.014236312117238309 -0.11336774984173462 80.1192028796439
-0.11088747336848613 0.07325941601604921 0.9911291672708167 85.57416981500278 0.024204112077528633 0.9971826893847441 -0.07099890808985483 -5.717484875884778 -0.993538187091213 0.016116511917925215 -0.11234824802865213 79.99176038228728
-0.10963855492700397 0.07355994958194927 0.991245842912353 86.74792885291421 0.026726225981975056 0.9971153940943962 -0.07103942359522158 -5.807465071594886 -0.9936121457179764 0.018703600655541604 -0.11128827073972876 79.85325434670429
-0.10861951056516196 0.07298351647721002 0.9914006295374272 87.93586490223262 0.026320660801847848 0.9971627713018386 -0.07052397000024338 -5.899160842483642 -0.9937348865464778 0.01843404058425455 -0.11023230655392817 79.72619404232499
-0.1070785618789893 0.0736129867247406 0.9915217142208194 89.1224206804204 0.027660965324084845 0.9970899200204847 -0.07103916096694407 -5.991905137728347 -0.9938657115442054 0.01981967656170894 -0.10880316097302452 79.59151771284223
-0.10585251932820887 0.07159265178501388 0.9918012585000398 90.33129721218764 0.027823192854405113 0.9972275673079423 -0.0690148457976553 -6.092441192273665 -0.9939925120901365 0.020289682389758767 -0.1075509865006586 79.46151245125924
-0.10469317067972385 0.07082520071043229 0.9919794004702693 91.54579176036471 0.02649612317340076 0.9973054465053753 -0.06840907708409676 -6.185139475105298 -0.9941515455250314 0.01912164519712888 -0.10628766257260915 79.33913180952221
-0.10350591993803374 0.0702469370046458 0.9921450964346135 92.76142803227104 0.02764460321837759 0.9973206661544408 -0.06772934942965875 -6.272005979404626 -0.9942445878407798 0.020417068906472578 -0.10517054172432705 79.22167502450783
-0.10166062198295057 0.0711140811929344 0.9922741079934143 93.98202495751761 0.025214435614766474 0.99730547375043 -0.06889139470255491 -6.366645794079411 -0.9944995475990278 0.018016089573465177 -0.10317979619001165 79.08821504380981
-0.10010181522182007 0.07382014109319517 0.9922349587463036 95.20510292942357 0.02600016194347498 0.9970974475592583 -0.07155886842124504 -6.457635850891992 -0.9946374305083296 0.018635096989195184 -0.1017306000768378 78.97039649742717
-0.09870801523801213 0.07235134681499622 0.9924827506520353 96.4330043782459 0.023879581797818853 0.9972384023870005 -0.07032307144734275 -6.5606602584817235 -0.9948298815882726 0.0167586222191115 -0.10016314332319722 78.84229461717969
-0.09877967205818451 0.07123727555398826 0.9925562084636438 97.66557917486459 0.020805732854110217 0.9973641450448951 -0.0695117519508209 -6.652156894496527 -0.9948918020913046 0.013784511254091244 -0.10000144689455646 78.75017454461862
-0.0983810805483841 0.07253479683681865 0.9925018217806834 98.8978516736201 0.0182479920620502 0.9973039061912091 -0.07107692650546156 -6.7343788473352975 -0.9949814941876247 0.011118540533758993 -0.09943945032311535 78.62650657183768
-0.09860447357907412 0.07198911137026229 0.9925193830018209 100.1381132350842 0.01556844414366551 0.9973694420583997 -0.07079420594275529 -6.826409480963781 -0.9950049152326543 0.008471357166335375 -0.09946584725734266 78.5070589271525
-0.09988532047048783 0.06953453301170241 0.9925663058321866 101.38450411231786 0.01316019887154211 0.9975601896959045 -0.06856002552169661 -6.919700697297237 -0.9949119216896397 0.006214229857244087 -0.10055670751924908 78.3980752922264
-0.1012568866602582 0.06787244475836421 0.9925423790178411 102.63283286841443 0.010647401640086228 0.997686884632539 -0.06713801509232321 -7.018603398866493 -0.9948033352086173 0.003769810969411693 -0.10174533297929918 78.27874445167552
-0.10305441536632669 0.06709878735110889 0.9924099657951427 103.88075193573495 0.008528142952487735 0.9977450496794498 -0.06657391845112955 -7.11075352104927 -0.994639159821937 0.0016026778111479143 -0.10339426082983033 78.1639387598034
-0.10452155780778603 0.06733444519533904 0.9922405537185378 105.1293159575144 0.008698040774893013 0.9977290973455348 -0.06679066099946948 -7.204561935859134 -0.9944845841138583 0.0016494848600701034 -0.10486987727457459 78.03216955982799
-0.1070136109320156 0.06595769096030547 0.9920673717437123 106.37861384600336 0.008081511739458267 0.9978219080147005 -0.0654685348385856 -7.2989729238957635 -0.9942247111409462 0.0010113797955749685 -0.10731356329752911 77.90538937672757
-0.1102474523416453 0.06123389746066423 0.992016083062142 107.62924783191853 0.005260803451140376 0.9981223032212421 -0.06102615635426257 -7.38587191973471 -0.9938902470591141 -0.0015091766309001172 -0.11036258055460418 77.77869554345067
-0.11456065230140827 0.06111758942776529 0.9915344155433115 108.87082153161582 0.004630002716745764 0.9981276966317502 -0.06098905058650622 -7.474098118996885 -0.9934054660706879 -0.0023961383807211173 -0.11462913461132616 77.64409234093614
-0.12011097615970816 0.06678678292138564 0.9905114229694552 110.09800718439267 -0.0007798156744814044 0.9977278959492337 -0.06736792658403985 -7.565260430496039 -0.9927601650416267 -0.008864043757248854 -0.11978599014406312 77.50577584986026
-0.12715999308545126 0.06987719712735634 0.9894177648901062 111.33409841888422 1.8375597471079934e-05 0.9975155421553702 -0.0704467374746268 -7.662168997366795 -0.9918822187240013 -0.008939825507587634 -0.12684535347835302 77.35199089931079
-0.13625022501342898 0.06574765129563956 0.9884903249566471 112.55795832954473 0.0017547790939462155 0.9978097614133966 -0.06612564387947972 -7.761039578328786 -0.9906729010799293 -0.007275051700934787 -0.13606717711713995 77.1917131990145
-0.1471185329476679 0.06347505168693468 0.9870800651804634 113.78731064306487 0.0039243278651392485 0.9979683706793316 -0.06359033554283773 -7.855489539155844 -0.9891110842135655 -0.005481691069800914 -0.147068739536593 77.01496094761065
-0.1602178180417433 0.06453322615964434 0.9849699048719064 115.01017819474897 0.00408433355091788 0.9978953829283534 -0.0647157086782133 -7.944559127253035 -0.9870732338592665 -0.006345664008335557 -0.16014419610746253 76.82889257316076
