0.9999968058149163 -0.002123235405866558 -0.0013712152914757652 -0.002553855642723507 0.0021276278914151795 0.999992584914634 0.0032098777708605385 -0.028793937915216977 0.0013643897976657366 -0.00321278495381613 0.9999939082081054 1.5290156708981255
0.9999923322193146 -0.002548063416423157 -0.002973697261198349 -0.0044043895984668645 0.0025602298146662253 0.9999883391475588 0.004094727366054857 -0.04976911035418536 0.0029632289603517153 -0.004102309316971379 0.9999871950842154 3.0525927442593233
0.9999889143893131 -0.00123798869275742 -0.004542959660744133 -0.007660793917317079 0.001255291164036637 0.9999919625667891 0.0038077612731934798 -0.06264028055523653 0.00453820918160835 -0.003813421798955147 0.9999824310814702 4.566706103928775
0.9999812919993762 -0.001054060533212205 -0.006025330501331766 -0.017265112664467015 0.0010757388410270901 0.9999929566442975 0.0035957541268341257 -0.0764186637096473 0.006021497920273537 -0.003602168539513939 0.999975382669298 6.079908212940788
0.9999715097963414 -0.0011909947612363339 -0.00745393366644654 -0.0381773230601533 0.0012202546154377082 0.9999915639864438 0.003922108440411003 -0.09457081240953899 0.007449199574355505 -0.003931092395702356 0.999964527339984 7.6157296628366735
0.9999569427272047 -0.001242051292695749 -0.009196194878744315 -0.05433251554154092 0.0012821557868748787 0.9999896889733986 0.004356377327839174 -0.1154031730148658 0.009190689212442727 -0.004367980708593127 0.9999482246478212 9.099530145593201
0.9999338692055534 -0.0034140250956546736 -0.010981878175302402 -0.07194059566223908 0.0034525385661695997 0.9999879500137315 0.0034899577049921065 -0.1291859051663722 0.010969831040633522 -0.0035276422692456584 0.9999336070694693 10.599795468260233
0.9999113621177312 -0.004486135552759007 -0.01253564899257971 -0.08632312260038705 0.004535521511165493 0.9999820546900444 0.003913993165222007 -0.15267294697046435 0.012517865332581223 -0.003970501942818855 0.9999137653627123 12.094601919033797
0.999897370380287 -0.004211521521708072 -0.013693494552479845 -0.11954146206450261 0.004266380297241856 0.9999829808383083 0.00397945133029458 -0.17637373770968962 0.01367650195575972 -0.0040374645760769485 0.9998983209177076 13.587412425532467
0.9998844509010185 -0.0034114555344499434 -0.014813737459003478 -0.14564432808177602 0.0034719097633329954 0.9999857425491956 0.004057159219053002 -0.1988840865246663 0.014799685434598328 -0.0041081223776761955 0.9998820393634275 15.075930305416748
0.9998819518313317 -0.0017018958402725036 -0.015270427384794543 -0.1856448634083505 0.0017709046588908722 0.9999882765644736 0.004506731665164243 -0.21205591961601136 0.015262578375049358 -0.004533242124743496 0.9998732436750087 16.56029723762234
0.9998745704642129 0.00016548415976858468 -0.015837170012284792 -0.22190032740016613 -8.260687083713378e-05 0.9999863012195358 0.005233598128980745 -0.21997345538887605 0.015837819139958034 -0.0052316334221393975 0.9998608870721097 18.04282175376566
0.9998619675598601 0.0007543025805163397 -0.016597495441859133 -0.25602316021569005 -0.0006539402573454633 0.9999814760947027 0.006051432028663924 -0.23220693507935009 0.01660175260221995 -0.006039742964294181 0.9998439394802872 19.51655425704418
0.9998594282585243 0.0005930917264778165 -0.016756251512240576 -0.30534368545812246 -0.0004946786656858297 0.9999826094058518 0.005876749005941585 -0.24128885793829766 0.016759445562284748 -0.0058676339409596484 0.9998423334988271 20.989430620329486
0.9998474820680423 0.001396312530685421 -0.01740870223517113 -0.3257101822123289 -0.0012927088040038887 0.9999813969574634 0.005961094106454831 -0.25126776058972045 0.017416701930740044 -0.005937680550063848 0.9998306868883056 22.45158037797061
0.99984123933956 0.0020465312738478683 -0.01770050354307049 -0.34430331438320794 -0.0019339220616494705 0.9999777985726395 0.0063767003438015115 -0.2612767846483487 0.017713160683304047 -0.006341456580339287 0.999822999268894 23.90886689163648
0.9998436594901324 0.0030659334821805505 -0.017414265108363233 -0.3824151710372331 -0.002933443614381765 0.9999665992953944 0.007628577990808459 -0.27657995631449295 0.017437072172321575 -0.007576301570254554 0.9998192577504064 25.36097346662375
0.9998433011670352 0.0031354305942567166 -0.017422462122065142 -0.4252792880530865 -0.003026030134873253 0.9999755630704297 0.006302095175161401 -0.28700942412388714 0.01744179615260514 -0.00624838674879719 0.9998283559741681 26.801688442964405
0.9998424198560809 0.0034350911679562157 -0.017416532519541245 -0.4642888050645209 -0.0033606158839118807 0.9999850925692543 0.0043035915393884756 -0.3002679781702479 0.017431056113075955 -0.004244383102986578 0.9998390587963932 28.23462771756849
0.9998514870993261 0.0013841595883432554 -0.01717812118656725 -0.48601364915522144 -0.0013120685894956576 0.9999902887719534 0.004207236361145185 -0.3227192218570268 0.01718377785246433 -0.004184072659034025 0.999843593425842 29.660236588283066
0.9998607207885556 0.0005227399375723091 -0.01668129992386018 -0.5307558029539489 -0.0004097209750433534 0.9999769459180684 0.006777887656973763 -0.3293036525117713 0.016684458424375347 -0.00677010895965597 0.9998378840950963 31.081390970976376
0.9998640195858732 -0.0007980970442751298 -0.01647135023885156 -0.5591808630036026 0.0009267381311413617 0.9999691201743337 0.00780383586454981 -0.3339761804783163 0.016464613388089862 -0.00781803932405503 0.9998338835862224 32.49277612296556
0.9998712415857607 -0.0011905258689455735 -0.016002590349902854 -0.5952154729006826 0.001303464602436107 0.9999743062981233 0.0070489519514114855 -0.3354427739933991 0.015993787224469695 -0.0070689031496046825 0.9998471030004936 33.88713810176227
0.9998793619203917 -0.0011498643991443918 -0.01548997797075214 -0.627756494210199 0.0012314972850988343 0.9999853997091852 0.005261538073127826 -0.34868861246458654 0.015483701757253632 -0.005279979197096264 0.9998661794458148 35.271203313571526
0.9998895188842725 -0.000497193023618548 -0.014856070290480946 -0.6591025000063816 0.0005633213022251495 0.9999899515554088 0.00444741018107531 -0.35948100235427743 0.014853709788766193 -0.004455287567098531 0.9998797516292672 36.63903343773381
0.9999022778001367 0.00011027250285208941 -0.01397936658338612 -0.6900191352536327 -6.102074615817296e-05 0.9999937904070978 0.0035235527116835403 -0.3781087632726924 0.013979668328186623 -0.003522355350981627 0.999896075542961 37.99527083351439
0.9999196785061634 0.0006955779124693935 -0.012655145494942652 -0.7156870615872376 -0.0006383586100157293 0.9999895588182266 0.004524903624618532 -0.3942945205913043 0.012658160783285063 -0.00451646165651238 0.9999096821911914 39.329581364795
0.9999387889076606 0.0011816503520061055 -0.011001006332416432 -0.7422617233736136 -0.001108846078568252 0.9999774614299894 0.006621713706173857 -0.4118438615504147 0.01100858293579636 -0.006609109961112886 0.9999175619856205 40.653395977386126
0.9999543982751822 0.0005877249888362473 -0.009531838723703364 -0.7493363135212211 -0.0005157288683022441 0.9999713357118789 0.007553924697367739 -0.421795518934035 0.009536005130639845 -0.007548664380974738 0.9999260384009468 41.95681896143888
0.9999717924578775 0.0012446647045758455 -0.007407097835983708 -0.7490547246566908 -0.0011850240563795423 0.9999668898373584 0.008050773067504685 -0.431876909540417 0.0074168730988508754 -0.008041768385860812 0.9999401581868104 43.239373642688726
0.9999913822806759 0.0008719911362610936 -0.00405894023614535 -0.7585617375121879 -0.0008416170008068425 0.9999716779442458 0.007478969861676848 -0.4485529971526346 0.00406534687404097 -0.007475489336905895 0.999963794351559 44.502747401925006
0.9999997958859334 0.00020549439177523202 -0.000604979458782135 -0.75819795324771 -0.00020209743800711673 0.9999842450482128 0.005609706942375195 -0.4568211237552499 0.0006061226906756268 -0.005609583532556558 0.9999840824672533 45.74409912343701
0.9999962138721529 0.00020643140874103343 0.0027440166603406595 -0.763320543768691 -0.0002172901891315489 0.9999921452663654 0.003957548552222466 -0.47558589856617484 -0.0027431781444983653 -0.003958129816336928 0.9999884040237788 46.9774243551176
0.999976772740557 0.0001070096109718768 0.006814875517771387 -0.7603474621155422 -0.00013833349535041854 0.9999894283400198 0.004596093127998496 -0.49394355146719504 -0.006814311647087454 -0.004596929098901879 0.9999662161291428 48.19760786485065
0.9999241093716951 0.00042427465031830467 0.012312411958744858 -0.763307279024186 -0.00047817328831481617 0.9999903154380914 0.004374972037611988 -0.5036346458977027 -0.012310436528698076 -0.004380527484748776 0.9999146284215608 49.40731535879169
0.9998175540463006 0.0020289283781498406 0.01899321116896124 -0.7613783915909401 -0.002096742449100548 0.9999914962717095 0.0035512047766095333 -0.5233177933641023 -0.018985844515706715 -0.0035903807457701295 0.9998133060097398 50.60535177628623
0.9996528084752424 0.0034955100167354133 0.026115970540719246 -0.7214544888007289 -0.0035921853657144864 0.9999868656744384 0.0036557739134121647 -0.5413725398979087 -0.026102848730727102 -0.003748318066880966 0.9996522352297376 51.790430890839296
0.9993826405127172 0.004630808629744264 0.03482661989431191 -0.6961456702384688 -0.004796796678285097 0.9999775248013688 0.004684083021449381 -0.5555497297027636 -0.03480414606703449 -0.0048482474729819565 0.9993823922368182 52.96799800933011
0.9989413456437894 0.007162725987087319 0.045440987223080584 -0.6600916312012645 -0.007414448972922141 0.9999580752218876 0.005373429534542811 -0.5688113096110556 -0.045400593716407735 -0.005704660811003181 0.9989525729158664 54.13218889485609
0.9982530950052443 0.009375434858701338 0.05833403409384107 -0.6090108364331868 -0.009701914172417907 0.9999388045391022 0.005316017146073465 -0.5805122204440097 -0.058280624343278555 -0.005872682361278338 0.9982829661113335 55.28021520030898
0.9972697938683458 0.0114613887320612 0.0729492618613782 -0.5363721796118792 -0.011913780571778795 0.9999123844467025 0.005769338141617809 -0.5943982381220916 -0.07287674574427047 -0.006622688157937879 0.9973189659939733 56.41088953023311
0.9959444842471008 0.013390542457308764 0.0889678462731082 -0.44092605393230916 -0.01407555776729609 0.9998758922094261 0.007076641289397719 -0.6105364294908994 -0.08886204460463501 -0.008300213918820198 0.9960093591315226 57.52861561354387
0.9941912041999841 0.013371625931996416 0.10679442453293371 -0.33619740465642534 -0.014294263124722114 0.9998667923200323 0.007878556807293977 -0.6272437355410314 -0.10667484958089785 -0.00935933948412879 0.9942499078357081 58.63781257311108
0.9919862807793389 0.012658355060843434 0.12570992320707278 -0.20636449145040228 -0.01364876030910213 0.9998822065606359 0.0070202810095733046 -0.6443697017004475 -0.12560625019321078 -0.008679807059041594 0.9920422021576596 59.728831600659696
0.9892184185601451 0.01177647996675743 0.14597340477277937 -0.05681730429415069 -0.012789320816195222 0.9999001998738855 0.006001963446985605 -0.6456490738778897 -0.14588815460627994 -0.00780415349355448 0.9892703076176013 60.80425106507367
0.9859731284999826 0.008715619975323398 0.1666764165813575 0.12122426107758508 -0.00981823907465421 0.9999350226915189 0.0057924585781133145 -0.660078373550321 -0.16661510152873216 -0.007347677412071414 0.9859946346604623 61.86419678449409
0.9820763351588777 0.0037303357494813706 0.1884466940970409 0.32639184992215226 -0.005291093385304258 0.9999557381548969 0.007779849733652245 -0.6652334760116732 -0.18840933164707066 -0.008637495371131274 0.982052604203063 62.90804290992143
0.9773748559951382 -0.0014722955345948755 0.21150939273314015 0.5515579417679509 -0.0004526281588145345 0.9999589256812595 0.009052186372682167 -0.6666983115483771 -0.21151403262250248 -0.008943114459446143 0.9773340445863593 63.93602487763307
0.9719321219967737 -0.006842338531150795 0.23516192853919599 0.7974429202937364 0.0049506310186531 0.9999504738356626 0.008633720423163557 -0.68407532407117 -0.2352093567087972 -0.007227190273779779 0.9719178598201497 64.94613962197366
0.9655750406002863 -0.01286090148526292 0.25980653991526687 1.085385378082559 0.011504016435859278 0.9999110936438856 0.006742582125991121 -0.6885590600275532 -0.25987015714698863 -0.0035216503047256994 0.9656371468639401 65.9285198393496
0.9580894883643933 -0.016661258819109126 0.2859841512046051 1.3736301234851447 0.015138832006679818 0.9998570192912812 0.007533706884518466 -0.7004928308045774 -0.2860687820282555 -0.0028884993528158144 0.9582047320486156 66.90167148254318
0.9495808472183538 -0.019421451157830817 0.31292015248462046 1.696595018773287 0.017120071578514043 0.9998024196882636 0.010100729410964708 -0.713700941873482 -0.3130544964462593 -0.004234243782690566 0.9497257253725243 67.85256199232124
0.9399247523261284 -0.02396546733688166 0.3405394490216828 2.0354838578364243 0.020759695936884988 0.9996992571059969 0.01305489817346844 -0.7224882231905806 -0.34074990093802626 -0.005201126516134676 0.94013959245087 68.7924764660318
0.9291318559808943 -0.02722362858457855 0.3687449908109763 2.4100786075172924 0.02428657703621967 0.999625568926214 0.012604924624950277 -0.7231157539258332 -0.3689500730144416 -0.0027560833852274436 0.9294451288951979 69.70322934418685
0.9171756723356824 -0.02637905498762175 0.3976090184258248 2.8070497254483184 0.0249918363365561 0.9996500442207337 0.008671632257322561 -0.7227845684928647 -0.3976986223160881 0.0019835693685803855 0.9175139624335124 70.58671991605767
0.9042346857633212 -0.02749487027730954 0.4261498154064375 3.2269063494452883 0.028848408267125678 0.9995784183273493 0.0032794747508462516 -0.7292582440943827 -0.4260603271873127 0.009328329037005948 0.9046466602350427 71.44967458633766
0.8901315761785465 -0.02941499825574644 0.4547532682318068 3.6678586796980124 0.03258909816510862 0.9994684648615618 0.000859318364310658 -0.7367928553222446 -0.45453682773861126 0.01405509248924826 0.8906170482336603 72.29838272759145
0.8745183530734907 -0.029863039109029824 0.48407215271362286 4.130625744689209 0.03180791393106209 0.9994851935021853 0.0041957813630893945 -0.7469863528548415 -0.48394824800693564 0.011728037562434887 0.875018026320573 73.13368519750654
0.8571741401948257 -0.028714266974814207 0.5142256160999368 4.634688825699027 0.027510340045861663 0.9995719149076817 0.009958319052121186 -0.7564143847656128 -0.5142914296114819 0.005610507987915685 0.8575971359725353 73.94459561307467
0.8376144238023023 -0.028814226116819625 0.5455014366723749 5.147262272777963 0.02546600267082279 0.9995818562217706 0.013696547747595844 -0.7618952748983413 -0.5456679940644369 0.0024193150935545743 0.8379979637016856 74.73559329420924
0.8166054263407918 -0.02269612162954098 0.5767499143768898 5.678619469892427 0.02143388881873428 0.9997298168199203 0.008993429340780464 -0.7728792394663518 -0.5767982022171005 0.0050179103398765995 0.8168712594374596 75.4993671940156
0.7946125001936187 -0.015627556899184374 0.6069157717520679 6.232673257065658 0.018317984110335132 0.9998306595747286 0.001761712941708387 -0.7730428439457896 -0.6068405276464152 0.009717594338033417 0.7947642055138754 76.2383900812725
0.772475284856568 -0.01329713539464342 0.634905599657193 6.817264581904194 0.017852075408326264 0.9998403346958782 -0.0007800761768814962 -0.7657518125500316 -0.6347938544829962 0.011936972209196775 0.7725893288190675 76.94512119086568
0.7485985543880249 -0.015708599918114432 0.6628374191736397 7.40997109837273 0.01898280834229958 0.9998172654881553 0.00225579680362663 -0.7716749695966832 -0.6627517313109027 0.010893829464091306 0.7487599529381951 77.65133811408896
0.7240492577809926 -0.016069384559226914 0.6895610539949895 8.036877178142857 0.019090499984013555 0.9998124641991594 0.003254111607987746 -0.7930085541602228 -0.6894840281813308 0.010807928195769395 0.7242202452092599 78.31391234919604
0.6992871150064792 -0.014322481806925906 0.7146974166042614 8.69319502932327 0.019909936529114824 0.9998016233525602 0.0005553098085492934 -0.8045548875347321 -0.7145635907414557 0.013841259208159533 0.6994335524767238 78.92686489246704
0.6734049904446269 -0.01197228820683685 0.7391768280725284 9.365335220552923 0.019547827914828182 0.9998076189233401 -0.0016147961620751716 -0.8223577601428949 -0.7390152916334579 0.015536713227884007 0.673509472297153 79.52490806991025
0.6466479240498472 -0.009791892554443208 0.7627257575054254 10.04955944317117 0.017987701514760743 0.9998352933699717 -0.0024142754587989884 -0.8343505200671127 -0.7625764911903853 0.015280869477145654 0.6467175504899976 80.10500175134658
0.6189103709856884 -0.00840817505869941 0.785416612555744 10.760795036211412 0.0178761952805282 0.999834485145723 -0.0033828916139404396 -0.8530871229694702 -0.7852581704946794 0.016133967446407084 0.6189582383051278 80.66120756461426
0.5899670475673485 -0.0016743315159384155 0.8074255875302941 11.479066852038777 0.01665132237624257 0.999810409797567 -0.010093459443432339 -0.8575501056623179 -0.8072556077524574 0.019399512220378078 0.5898830754292091 81.20538992192286
0.5600622785612254 0.00755022636807717 0.828416102097611 12.225498504405799 0.015569044586644813 0.9996859500050468 -0.019636858535899505 -0.8778698115850205 -0.8283042007520355 0.023895510965254246 0.5597688411945069 81.71658387192623
0.529295414478272 0.01603961307010215 0.8482859747896555 13.003474025348847 0.014618187896190887 0.9995004703960725 -0.028019961824640213 -0.8962686191311131 -0.8483116601785614 0.027231241076818756 0.5287965456718768 82.20580203173763
0.49799852752490936 0.020789594808879847 0.8669286356619588 13.808346740726979 0.01250391113850383 0.9994365067250991 -0.031149979636656642 -0.9233007265994101 -0.8670877226608986 0.026352642615229287 0.49745795745764354 82.66532014507912
0.46571480153394657 0.02032186800102634 0.8847015006843529 14.626211085032365 0.010999349987685158 0.9995261256471342 -0.02874958171296291 -0.9497420462637044 -0.8848665085378958 0.023120247182295807 0.46527058389520337 83.1030117212917
0.4323072312646922 0.01889443330740915 0.901528401208885 15.46312051659643 0.005969459235193349 0.9996985739849861 -0.023814422705936526 -0.9948013452606749 -0.9017066171170619 0.01567678418455792 0.43206413306931035 83.52167725465893
0.3985145571612007 0.02004534125423539 0.9169429273540496 16.314440082116736 0.00226280482525921 0.9997366011232596 -0.022838740964157948 -1.0245639471633832 -0.9171592159733966 0.011176433621956815 0.39836423017956607 83.89237760809438
0.3638279965468864 0.022950421611836486 0.9311833692009959 17.18797092453994 -0.005089572604615759 0.9997304712779047 -0.022651292438909627 -1.0564967836782513 -0.9314522452489884 0.003501848981488917 0.363846742289015 84.23744880428143
0.32783105756564834 0.024940499361111902 0.9444070992887587 18.068143128195192 -0.009881401134946313 0.9996873137929227 -0.022970253657571674 -1.0844746657173787 -0.9446846858116196 -0.0018017028336490162 0.3279749963943894 84.56687729056527
0.2916584602013157 0.024265147543426905 0.956214696188933 18.96946539576852 -0.012658026140560021 0.9996885528087759 -0.021507481426517257 -1.1143911443407286 -0.9564387680177036 -0.005830951704679033 0.2918747728649987 84.85474666414184
0.25541726218255306 0.023894545567538374 0.9665356035197512 19.887057581240793 -0.013367169152510686 0.9996862784937193 -0.02118167557625568 -1.1399865158120677 -0.9667385070265988 -0.007509679320044594 0.2556565347267547 85.10330345333323
0.21939312169150313 0.023358038705586396 0.9753568886219471 20.820604491933477 -0.012546069277474906 0.9996982484801739 -0.0211189045963236 -1.1692994193051636 -0.9755558693894179 -0.0076035526888193275 0.21961997105537934 85.32202296943984
0.18398366827595816 0.022060140075381644 0.982681718578084 21.764019215855562 -0.010538273757379625 0.9997349283215289 -0.0204699262371159 -1.1987155904518438 -0.9828728069256661 -0.006589636848304397 0.1841673752114371 85.50187086144992
0.1492423168889841 0.021139123228499503 0.9885746650196627 22.717036608446342 -0.0024267704797067448 0.9997762722122119 -0.02101228941556125 -1.229998268913142 -0.9887976747720676 0.0007368789414654879 0.14926022703579941 85.64753575227239
0.11567179245954953 0.024414296968459037 0.9929874009939558 23.671501007593037 -0.0003707733330145396 0.9996988753535548 -0.0245361191708097 -1.2648477448693844 -0.9932874201138011 0.002469963636181525 0.115646013002201 85.75557391090115
0.08287047763613976 0.029310769668661654 0.9961291897729876 24.63059809224475 0.00041785843853148696 0.9995662655307604 -0.029446667166350807 -1.2973853125591845 -0.9965602386863945 0.0028565003606827784 0.08282228610105985 85.84272448130247
0.0537614473833099 0.033309731633324666 0.9979980804359132 25.59451383737305 0.007214064932843929 0.9994044290754555 -0.03374528724871533 -1.3321110951132031 -0.9985277482586034 0.009013818439975112 0.053489130061487554 85.89066802612628
0.028250024302917353 0.03149165707741882 0.9991047050541815 26.565290147597654 0.008964908248386983 0.9994554388814113 -0.03175619798486919 -1.3693195290198679 -0.9995606867754371 0.009853995376183132 0.02795232062179293 85.9188868699543
0.00617762004128114 0.02843165355379903 0.9995766494305589 27.547116602096043 0.010596913777989736 0.999537733770984 -0.028496038081415313 -1.405622365217496 -0.9999247683846062 0.01076846526445636 0.005873476554883828 85.9195732270723
-0.012732053952834315 0.02579901702698398 0.9995860670910653 28.530382130659937 0.011115600900219172 0.9996089781276539 -0.02565802531772897 -1.4445641416630384 -0.9998571589075957 0.010784320424536097 -0.01301384701815012 85.91331334435584
-0.029086502975188683 0.029049368543767946 0.9991546974977814 29.510408712953065 0.012831304593136906 0.999506112058224 -0.028686052023268235 -1.477701244079785 -0.9994945387380125 0.01198608132173701 -0.02944487879812561 85.87933262891278
-0.04393959577958989 0.033464918233209816 0.9984735405459533 30.493694047551514 0.015709766511610046 0.9993383785088059 -0.032802568124033794 -1.5127245956263131 -0.9989106642532537 0.014244454606095316 -0.0444362504504831 85.8439688727633
-0.05588585529591681 0.0386932904560119 0.9976871255316122 31.480610895316214 0.0199510818199826 0.9990925483696926 -0.03763022889056773 -1.5552993736616256 -0.998237810099405 0.01780193994569422 -0.05660711458919122 85.78965239938894
-0.06474340494422096 0.04219066085577322 0.9970096487260203 32.471444203373196 0.0250892285487088 0.9988588224218591 -0.04063967865076808 -1.600194929075479 -0.9975864985689509 0.022383051770465345 -0.06572805235499928 85.7166167339528
-0.07034383236737847 0.047682064192523986 0.9963825399926529 33.462513186612796 0.02924200445285159 0.9985261988115866 -0.0457201865968862 -1.646802892488005 -0.9970941030933083 0.025920089529433248 -0.07163447867707845 85.6407836723075
-0.07346612611376359 0.052593362255041444 0.995909969103908 34.45408176535599 0.031514699291768124 0.9982322114410399 -0.05039122711416235 -1.6974053412881616 -0.996799654916867 0.02768375495178794 -0.07499371753276088 85.55879659623146
-0.07613279620405197 0.05649601085772673 0.9954958553903258 35.45273324377897 0.03366022780642498 0.997970074320796 -0.054062184788959994 -1.759772176729857 -0.9965293705687608 0.029392711975906947 -0.07787992088163478 85.47571672917594
-0.07864689540328768 0.05937094220930923 0.9951330348574524 36.45368069464273 0.03423033925775508 0.9977971974322866 -0.05682461324605667 -1.8232423058995992 -0.9963146840821541 0.029594661975475927 -0.08050593931402955 85.39147487642224
-0.08106994752212408 0.06271370877323909 0.9947334589429802 37.45694159569564 0.03548543115496808 0.9975674126810898 -0.060000344436442254 -1.8913491855925502 -0.9960765270723456 0.03043432090009354 -0.0830981607909843 85.3141202744059
-0.08287074634697487 0.06641422118031164 0.9943448046954879 38.461053774450576 0.03687147547918181 0.9972980245626438 -0.0635385276775049 -1.9580299088808826 -0.9958779712875886 0.0313974748737599 -0.08509562195359058 85.22629652564127
-0.08476752783388951 0.06783511599269929 0.9940889614431837 39.471153947764854 0.03939842421885993 0.997127817469543 -0.0646829173544697 -2.0287120774056038 -0.9956215296958985 0.03368252761700336 -0.08719665669811273 85.12659533130709
-0.08699397062734221 0.06659585093508916 0.9939804030828377 40.49175777997824 0.03948421634535573 0.9972095812710916 -0.06335651253593437 -2.099834305166603 -0.9954260624145229 0.03373490268776598 -0.0893807060084275 85.04820253918905
-0.08942710475787707 0.06615862226408104 0.9937936554611034 41.51214601549596 0.03877347347449681 0.9972663201977552 -0.06290075002685445 -2.174936605034711 -0.9952383687787285 0.032907799977145345 -0.09174783927329463 84.96124506924248
-0.09166934594336058 0.067724474993331 0.9934838330346368 42.533216253447655 0.03870213405041154 0.997173081286432 -0.06440489715585691 -2.2424434275443073 -0.9950371228422882 0.03254598968519801 -0.09403128586354022 84.87424867881758
-0.09428192048428344 0.06982828930778555 0.9930936156688068 43.55754360335585 0.0381720338904217 0.9970571218226257 -0.06648301776724638 -2.3177350098613134 -0.9948134575378751 0.03164025655898568 -0.09666994810393813 84.79171757008943
-0.09684900052451614 0.07219990226971068 0.9926769087722586 44.58762304176678 0.03617358660963107 0.9969618392938067 -0.06898233559176532 -2.3909497121355456 -0.994641514682147 0.029227813878946067 -0.09916648711465063 84.68592953143128
-0.09963384679341473 0.0757497661119055 0.9921366183682255 45.623397052254475 0.03386153746304123 0.9967785963576016 -0.07270368714170201 -2.472246550037741 -0.9944478331485181 0.026351523245339077 -0.10187788949946505 84.60017833224268
-0.10184854874554217 0.07991705254619348 0.9915846599412255 46.66028640572101 0.030763593233198352 0.9965442318464364 -0.0771569524085044 -2.553088139074485 -0.9943241294717768 0.02264638350627815 -0.10395511947122976 84.50271149751254
-0.10457741179947817 0.08232028758323165 0.9911038972749205 47.7028030778149 0.028297904835109525 0.9964111316160146 -0.07977521779115551 -2.636564863516295 -0.9941140747033327 0.019703477964455117 -0.10653158889662302 84.39754307100324
-0.10743134318204536 0.0808656728858046 0.9909183868769554 48.74871357563294 0.026015938502832122 0.9965740681450748 -0.07850667261184255 -2.7236943968643863 -0.9938720629165085 0.017345594526875237 -0.10916708709400971 84.29192083751853
-0.1105512927922729 0.07668306147854374 0.9909077251410621 49.806853374699095 0.022807540880063495 0.9969522146093697 -0.07460628569006537 -2.8106252038841233 -0.9936086894451757 0.014352347116061141 -0.11196330823666749 84.18451839594752
-0.11303466056030018 0.07509075625623429 0.9907494859130054 50.863390951500314 0.023166220453591232 0.997068218796624 -0.07292662953691632 -2.8968596283507173 -0.9933209409560991 0.014708684189432112 -0.1144428366806002 84.07442592220401
-0.11506957259263259 0.07553422864320135 0.9904814858272847 51.921532327225705 0.022287843271793006 0.997050128328434 -0.07344585517602632 -2.9845047520585357 -0.993107368568795 0.013624312955926988 -0.11641362716983972 83.95806668115428
-0.11661890793422482 0.07828905280779923 0.9900862864026984 52.98030246078787 0.02367445359718012 0.9968241855065306 -0.07603330478224686 -3.0710173009920982 -0.9928945314378052 0.014572830874310253 -0.11810199846406204 83.84605487078504
-0.11694408632108132 0.08100256726762041 0.9898296140096952 54.0395351582831 0.02428028608479176 0.9966035416160773 -0.07868829993032668 -3.1611292397957995 -0.992841653226819 0.01483121486384397 -0.11851365610550824 83.71371306323606
-0.11710582991039142 0.08197462451188957 0.9897304610534793 55.11067649820971 0.023121013473020615 0.9965424623025695 -0.0798031300382716 -3.240348139381232 -0.9928502622938538 0.013538159552098462 -0.11859626848667443 83.58804544573137
-0.11725177958270883 0.08065076956868872 0.9898219403269791 56.18541666572472 0.019393036612331837 0.9966928271469276 -0.07891336036953263 -3.334138418296949 -0.9929128513196083 0.009942921192271099 -0.11842807100735865 83.4715364395459
-0.11723161345155243 0.07996170917978004 0.9898802320849699 57.26138878766245 0.015714639773618307 0.9967778087722555 -0.07865780340157401 -3.428133458580231 -0.9929802610849446 0.00633443006291915 -0.11811044023051946 83.3501274162138
-0.11710561101890063 0.08121124483048671 0.9897934176286345 58.33845373592686 0.011813657884670498 0.9966943034723531 -0.08037974193252523 -3.5155880521668985 -0.9930491998663851 0.0022801620198133372 -0.11767789727000494 83.22501540795906
-0.11737761839681222 0.08153280784794081 0.9897347603999381 59.42282613979944 0.007353103044395303 0.996668102402272 -0.08123192432453392 -3.6057189440340562 -0.9930601324064441 -0.002257188135163205 -0.11758604732965554 83.10563473083198
-0.11780895765609137 0.08093393258111592 0.9897326649418722 60.51455988826591 0.0038592774387403283 0.9967030085181093 -0.08104454817317468 -3.7053049432641707 -0.9930287787741247 -0.005728120799795865 -0.11773288902624958 82.98980885960547
-0.11799595369341477 0.0758204246749037 0.9901152549648441 61.622036498317904 0.004213605827911683 0.9971100386334759 -0.07585391474583797 -3.797431477195128 -0.993005136158873 -0.004778499603189793 -0.11797442732912147 82.86106568358208
-0.11830924809636689 0.06720330752360382 0.9907000743276239 62.725713003785685 0.007442519521752001 0.997739162216106 -0.06679201362037843 -3.88196818494249 -0.9929489063985288 -0.0005288082668852851 -0.11854193200625919 82.72931065737741
-0.11793671601682652 0.061885620173290856 0.9910908641648013 63.83570676176481 0.012833984250910719 0.9980678182518571 -0.060794070584376046 -3.9653049441051995 -0.992938175247285 0.005549791503896305 -0.11850307992136666 82.59059647357371
-0.11715516622262288 0.06436508220601479 0.9910256319692048 64.9384470169618 0.021047137368669075 0.9978343236626931 -0.06231918267430289 -4.040021550303936 -0.9928905705242286 0.013557238406862262 -0.11825614677827886 82.4519558684326
-0.11589211636094345 0.07010748372125754 0.9907845164775507 66.04288032085668 0.026058280107684156 0.9973771672107435 -0.06752593845697324 -4.112202646348473 -0.9929199279917817 0.017992416539691254 -0.11741503116659097 82.30851957621636
-0.11476959675451974 0.07561853629606395 0.9905098569066562 67.1514076803654 0.0298854716705226 0.9969100552830934 -0.07264434085655123 -4.199395149509205 -0.9929424949330296 0.02126449256135343 -0.11667486066961091 82.16976820817595
-0.11418908765166726 0.07977809967593341 0.9902506284135222 68.26518292535117 0.03074744336833479 0.9965767581013898 -0.07674216532277214 -4.296592327619093 -0.9929831050866801 0.021684557274982485 -0.11625116338427496 82.04390370698991
-0.11415399923417166 0.07682386059208636 0.9904882426877016 69.39077773340057 0.02746963970800094 0.996868484407474 -0.07415284006328345 -4.384180716326928 -0.9930832207590414 0.018743511913847037 -0.1159068479770648 81.91900802961835
-0.11403676782401606 0.07234928031472555 0.9908386332911084 70.52402011573349 0.02592722316918452 0.9972218199334696 -0.06983137509247973 -4.4665218997382015 -0.9931381548822804 0.017726350061735868 -0.11559576908564745 81.7888348147771
-0.11369437819013795 0.07053081722979734 0.9910090777530012 71.66084966069023 0.023515873139508238 0.9973885369276139 -0.06828696885844097 -4.5436533239373125 -0.9932374298617818 0.015540599289692788 -0.11505606327036008 81.65665102467614
-0.11356019935724461 0.07129834000946866 0.9909695393067518 72.79371248217943 0.02114421470864418 0.9973692764833595 -0.06933576646585798 -4.625025150814056 -0.9933060974877237 0.013079489246380133 -0.11476900127977305 81.53011551295222
-0.113354410133345 0.07654216442043356 0.990601875007894 73.93053740789752 0.021557152674348008 0.9969828675379806 -0.07456843168736492 -4.7081867684239755 -0.9933207270926594 0.012901895270552976 -0.1146624359872568 81.3989066491828
-0.11287379087787716 0.07917201132407134 0.9904500491977153 75.07113462083085 0.021723611657202022 0.996778761961338 -0.07720223053372277 -4.802464547848276 -0.9933718296939056 0.012802043810061274 -0.11423009955725892 81.28403168152522
-0.11251831105411668 0.0783093413664885 0.9905590728130625 76.22250254126517 0.021548635844498707 0.9968475293936172 -0.0763587548030726 -4.890938623639328 -0.9934159682483281 0.012753438617879224 -0.11385105986616957 81.15351733201395
-0.11195277198079394 0.07168572653781326 0.9911244792943824 77.38586638181353 0.023464917556987732 0.9973071698702978 -0.06948241913846628 -4.979218905462476 -0.9934364471317997 0.0154779047688758 -0.11333340184652475 81.02546936789756
-0.11210849613816333 0.07008475973118257 0.9912213736330853 78.54400898881813 0.022858719628973262 0.9974276298260507 -0.0679382233834785 -5.070643236939638 -0.9934330193981656 0.015041599416307543 -0.1134221594594121 80.89615983631774
-0.1116658879367467 0.07322490561891074 0.9910443192251285 79.7019204658771 0.020463564480743913 0.997239479136749 -0.07137691349309618 -5.155376351546744 -0.9935350884594027 0.012309932906350884 -0.11285607450111466 80.76997645436782
-0.11118761392165835 0.0763791383124044 0.9908600010804058 80.86322318460087 0.020118683171356413 0.9970108935006663 -0.07459568907414581 -5.239095325034357 -0.9935957694645504 0.011640681751913797 -0.11239190998685004 80.63789821375728
-0.11107858315164823 0.0759757561189383 0.9909032409106233 82.03860014185715 0.01941375259629309 0.9970491284492596 -0.0742707322482716 -5.32957716700445 -0.9936219877675541 0.010987262658133701 -0.11222577905334072 80.50913273706361
-0.11087764274818017 0.07219890771997967 0.9912080841390709 83.2000368966035 0.019022820426772905 0.9973291864177469 -0.07051685062677249 -5.427552220338069 -0.9936519917162199 0.011036831218624298 -0.11195493609052831 80.38685924657501
-0.11007175548226936 0.07119776695293766 0.9913703075168055 84.36403960808069 0.01959868771392343 0.9973926012364117 -0.06945423269138627 -5.511759984886917 -0.9937303960757848 0.011784607747866575 -0.11118013732356011 80.25864990464062
-0.10894526344339624 0.07156372541232141 0.9914683871805283 85.53568154451764 0.021586674095006524 0.9973403080202797 -0.06961555501123404 -5.602400880438249 -0.9938133351262488 0.013818219969114079 -0.11020032541748956 80.13931383224072
-0.10768922611238689 0.07182898733938728 0.9915864194093789 86.71032619542194 0.024483998520784395 0.9972757233561483 -0.06958207686536601 -5.69090140526915 -0.9938830738048325 0.01678476041712838 -0.1091545116886634 80.00752522196733
-0.10675598935976907 0.0712576031767349 0.9917285479027632 87.89896263107504 0.02393295043983799 0.997323772236227 -0.06908333529686504 -5.781625737703053 -0.9939971693214494 0.01635993037884279 -0.10817569070238776 79.88645907491991
-0.10514692846973045 0.07187778236355566 0.9918556890172472 89.08587712968759 0.02546042861121282 0.9972521304930939 -0.06956978368452202 -5.874549015370782 -0.9941307207849015 0.0179380218941207 -0.10668803757784516 79.75510813192759
-0.10406918866613275 0.06992986475790498 0.9921085716721298 90.29577157069139 0.025370013951001802 0.9973871360299812 -0.06764069244198426 -5.968842629889008 -0.9942464314054591 0.01813049632098201 -0.10557139167717959 79.62998622639162
-0.1031216922224232 0.06937620872445202 0.9922463697369744 91.51122521403204 0.02346884253779053 0.9974566302269552 -0.06730144312135553 -6.051838560846097 -0.9943918392782152 0.01634663510637042 -0.10448759494590448 79.51019007870062
-0.10154739260202154 0.06891321826279401 0.9924409782976492 92.72639892439197 0.02484501699609304 0.9974623814915178 -0.0667197320118066 -6.1319861953726695 -0.9945204131571088 0.017881998152524118 -0.10300185413806308 79.38353052786269
-0.09930155779530649 0.06984136688430283 0.9926033367318273 93.94664650971191 0.02277065876949231 0.99743203506796 -0.06790311126439548 -6.219005692315348 -0.9947968122780753 0.015859347146481746 -0.10063688881051054 79.24193761645114
-0.0978017301665601 0.07233305734046097 0.9925738009801632 95.16975092039813 0.02331727299484999 0.9972479641653201 -0.07037615184280988 -6.313143077055559 -0.9949327245379469 0.016261204872303352 -0.09921918594500967 79.12689901846699
-0.09628387159310957 0.07095125739702114 0.9928219050488474 96.39753574548712 0.02111294069928208 0.9973773364438022 -0.06922927475634658 -6.4117664103970125 -0.995129971313326 0.014295727405124397 -0.09752934108199743 78.99429453248162
-0.09575845008231455 0.06978949191806226 0.9929550574198466 97.62861574428392 0.01785142843193538 0.9974991235226633 -0.06838731661976778 -6.500414909134641 -0.9952445155542246 0.011177002698865193 -0.09676481214727584 78.88168080483666
-0.09508132062391404 0.07059824793042285 0.9929629549271042 98.85863979954395 0.014523622320601441 0.9974742514275389 -0.06952828297716925 -6.59392309215619 -0.9953635551209883 0.007810577969530575 -0.09586651140352002 78.74439726103583
-0.09551541689409396 0.07007318424961845 0.9929584855293124 100.09959265350422 0.01105983155211421 0.997532326354121 -0.06933208495760533 -6.678608056518016 -0.9953665080067631 0.004359670589337575 -0.09605471363117218 78.62670873461468
-0.09674536606720363 0.06766641974809637 0.993006339246128 101.34680198064106 0.009020444769079311 0.9977049561094224 -0.06710776505634647 -6.768299332542187 -0.9952682883125947 0.0024649935421910112 -0.09713371240793037 78.52426230038742
-0.09805962689036869 0.0660322935220935 0.9929874348582326 102.59534307212122 0.0065717006224032945 0.9978174829998793 -0.06570451560364447 -6.867843860938469 -0.995158842760814 8.265585859469626e-05 -0.09827955455209474 78.40771914557574
-0.0998279695013838 0.06504273242679237 0.9928765378755238 103.84342128173606 0.004138624787878327 0.9978796529475918 -0.06495436873723683 -6.962481217643797 -0.9949961046607605 -0.0023751192903241724 -0.09988548702519842 78.29673020969797
-0.10144583657544647 0.06527547590324409 0.9926972622542645 105.09324840213033 0.004141968115333246 0.9978641458557611 -0.06519195131055318 -7.05313195828042 -0.994832441339561 -0.002501731630245401 -0.10149953200488737 78.1751166019911
-0.10427006910113347 0.06407496906641506 0.9924828215283032 106.34426750741319 0.003754259613725698 0.9979407256140791 -0.06403291103481136 -7.140510572453954 -0.9945419338692507 -0.0029506778841626798 -0.10429590248723396 78.06088858583114
-0.10746936416507469 0.05942774286596953 0.9924306923628519 107.59527145264603 0.0010306290321549106 0.9982180629283759 -0.05966269058057151 -7.225466933391048 -0.9942078623556262 -0.005389083537117133 -0.10733910847812009 77.93655164304073
-0.11177315316560883 0.05938851062049907 0.9919575429612373 108.83788105315911 0.0007874410245729077 0.9982175742705398 -0.05967457041375474 -7.312588144423952 -0.993733436172921 -0.00588890683498243 -0.11162069077119635 77.81109881747064
-0.11733553132370039 0.06502060126629552 0.9909615000089322 110.06548971209918 -0.004311588407742265 0.9978115922252796 -0.06598057764409494 -7.409863617714326 -0.9930829689881797 -0.012014484250868308 -0.11679841126401842 77.68094080613331
-0.124431939269225 0.06827574499940599 0.9898763130484914 111.30264196974889 -0.00316957325394382 0.997597305207584 -0.06920672256327134 -7.50115763690742 -0.992223082927966 -0.011749012185562707 -0.12391656232149136 77.53233961236764
-0.1331520792088334 0.06410954745455216 0.9890199642714683 112.52634887705808 -0.001224308259761688 0.9978942967962215 -0.06484962213348076 -7.598174921317588 -0.9910948616916744 -0.009845727334303887 -0.1327932106005773 77.36977742291354
-0.14406016145474418 0.06194735671636954 0.9876280650515595 113.7567279466071 0.0009209571098116179 0.9980466357095518 -0.06246650932173368 -7.685355700198782 -0.9895685027928205 -0.008089372330041492 -0.14383581033828616 77.19646810047834
-0.15762401163237091 0.06265437124908269 0.9855095639923034 114.98101529730579 0.0008787576467013137 0.997993681034571 -0.0633075066643893 -7.780406970884565 -0.9874988094888544 -0.009112759101625805 -0.15736282559626216 77.02313137811936
