0.9999966999999497 -0.002220141008981679 -0.001303943023292042 0.005542523964699181 0.00222360299064581 0.9999940000006571 0.0026595607607758213 -0.03047694036583789 0.0012980301060030192 -0.002662451505429057 0.9999956999989641 1.5289751529046778
0.9999914999999073 -0.003006968008961123 -0.0028258200232998275 0.0056642789295199515 0.003016951990282903 0.9999892000008751 0.003535539760790996 -0.06012991073030081 0.002815159257526257 -0.003544035593568009 0.9999897999982 3.0524093052551846
0.9999888999998829 -0.0021285350089703518 -0.0042058190232961675 0.0032672058945497533 0.0021417499899518354 0.9999928000007727 0.0031398507608043132 -0.08838230109246151 0.004199105396130312 -0.0031488235540681054 0.999986299997977 4.566315456652616
0.9999829999998548 -0.0015245410089692395 -0.005643893023296436 -0.006648871140455183 0.001542551989607413 0.9999937000007787 0.003188329760819065 -0.1107150014543609 0.005638997540263015 -0.003196981558898176 0.9999789999972688 6.079413607968004
0.999974699999824 -0.0016258290089586124 -0.006926312023300311 -0.01843176017600492 0.0016510809893009448 0.9999920000008886 0.0036417077608329592 -0.13143520182169513 0.006920335668371056 -0.003653051604502416 0.9999693999962299 7.61529976156185
0.9999622999997859 -0.0017396910089543726 -0.008516225023301625 -0.03171614021033592 0.001772273988920869 0.9999911000009332 0.003819953760850424 -0.15295810217655945 0.008509503827259166 -0.0038349016226845536 0.9999564999949343 9.099118909949224
0.9999408999997287 -0.0035359310089735836 -0.010287360023293635 -0.044809970245049596 0.0035666789884982743 0.9999892000007518 0.0029720147608697433 -0.17436870253534967 0.010276741003554095 -0.003008530540005196 0.9999426999937984 10.599341059976865
0.9999211999996864 -0.004713044008966336 -0.011638880023295899 -0.06193958027970023 0.0047513149881763025 0.9999834000008363 0.003262683760885722 -0.18903270289282778 0.011623311137928156 -0.0033177255708959227 0.9999269999921901 12.094231209469788
0.9999053999996567 -0.004749818008963606 -0.012909800023296527 -0.08195167031429124 0.004793737987872557 0.9999828000008647 0.0033732077609010436 -0.20578690324986115 0.012893551264942389 -0.003434774582599824 0.9999109999905933 13.587371358788275
0.9998919999996341 -0.004228781008972152 -0.014076970023292891 -0.10778030034875449 0.00427154298759265 0.9999863000007725 0.003009019760915092 -0.22490500360574867 0.014064061382118638 -0.003068824546017782 0.9998963999892474 15.075941507650464
0.9998906999996374 -0.0026233270089578934 -0.014555050023298429 -0.13834730038307472 0.0026766389874775228 0.9999898000009049 0.003644476760921545 -0.24924110396060767 0.014545341430628234 -0.003683036607477181 0.9998874999882165 16.560391656102016
0.999886999999641 -0.001053198008941676 -0.014999500023304713 -0.17275730041735887 0.0011187679873700404 0.9999898000010573 0.004363720760927836 -0.27231820431494386 0.014994751475942024 -0.004380008677210922 0.9998779999871048 18.04280180434935
0.9998787999996367 -2.451032892304022e-05 -0.015573200023311789 -0.20584840045143496 0.00010517118723180909 0.9999866000012393 0.005178665760936039 -0.2957765046671891 0.015572861533995707 -0.0051796757572008 0.999865399985663 19.516421951717746
0.9998718999996267 -2.3538678918245113e-05 -0.016009220023313463 -0.2386867004855566 0.00010975018712756417 0.9999855000012884 0.005384262760941895 -0.3132795050193504 0.01600886157759478 -0.005385328777765861 0.999857399984824 20.989682099048707
0.9998635999996192 0.0004413865910839308 -0.016510070023314175 -0.26787470051944035 -0.00035086761299278786 0.9999849000013066 0.005485151760948506 -0.32801540536884144 0.016512241628043177 -0.005478609787104636 0.9998486999839414 22.451642245248923
0.9998624999996244 0.001119431991097078 -0.016547240023319282 -0.2977989005532217 -0.001019277013002699 0.9999811000014353 0.006059862760949776 -0.3414779057171559 0.016553711632350112 -0.006042162843474809 0.9998447999834149 23.908712390959852
0.9998614999996331 0.002049948991123489 -0.016516010023329485 -0.3286901005868767 -0.001931135012997094 0.9999721000016976 0.007206626760951192 -0.3566005060643157 0.016530321630229286 -0.007173732956651319 0.9998376999824298 25.360992536192207
0.9998617999996376 0.002377256991104091 -0.016453740023322165 -0.35840000062028365 -0.0022725380129823133 0.9999770000014957 0.006380234760949049 -0.37017800640879245 0.016468531624131946 -0.0063419608734828995 0.9998442999832858 26.802012680298155
0.9998619999996433 0.00276909099104219 -0.01638309002329855 -0.3881643006534461 -0.0027083060129643056 0.9999893000008566 0.0037312667609449173 -0.390378106751369 0.016393251616708193 -0.0036863806079369334 0.9998588999853781 28.235092823611694
0.9998698999996357 0.0011702989910412163 -0.01608933002329806 -0.4156875006864127 -0.0011114810128926658 0.9999926000008613 0.0036641967609410647 -0.41274610709215487 0.016093501586350985 -0.003645836603846122 0.9998638999858872 29.660602966168696
0.999874899999633 0.00021021919110583232 -0.01582067002332276 -0.44280340071928503 -0.00010865591282768414 0.9999794000015331 0.00642024476094093 -0.43506000743197065 0.01582169155892995 -0.0064177218810091505 0.9998542999842618 31.08204310831868
0.9998764999996217 -0.0014610670088562032 -0.015650800023337026 -0.467862900751953 0.0015867419872161118 0.9999666000019373 0.00802052376094152 -0.4539657077693863 0.015638561540211305 -0.008044366043631615 0.9998453999829849 32.493373249456795
0.9998783999996188 -0.0024480860088740425 -0.015404100023330203 -0.49371170078427556 0.002559860987276535 0.999970500001763 0.007240647760936946 -0.46780860810277325 0.015385921514714454 -0.007279197967092775 0.9998551999841457 33.887893388912715
0.9998848999996295 -0.0023513530089137864 -0.014991880023315219 -0.5230180008163299 0.002434639987373927 0.9999817000013547 0.005539600760929127 -0.48451560843363634 0.014978581474010256 -0.00557546179672409 0.999872299986253 35.27199352732742
0.9998957999996516 -0.0015581950089408655 -0.014355950023305183 -0.5548668008479899 0.0016213939875244624 0.9999890000010698 0.004391700760919789 -0.5027095087605624 0.014348941411240556 -0.00441451968065008 0.999887299988013 36.63973366410651
0.9999090999996789 -0.0008665701089532562 -0.013454650023300818 -0.5831612008793576 0.0009187322877391173 0.9999921000009365 0.0038711887609081215 -0.5237000090847742 0.013451191321633343 -0.0038831976275347097 0.9999019999895866 37.9959937997382
0.9999241999997105 -0.0003144412089375124 -0.012311140023307274 -0.6110062009102121 0.0003705382880120963 0.9999895000010932 0.004554591760894933 -0.5446798094037124 0.012309581207603129 -0.004558807695107941 0.9999138999905866 39.330193933163876
0.9999426999997533 0.00033416049111547144 -0.01070505002332802 -0.6351590009408303 -0.00026100861160469356 0.9999766000016309 0.006834072760879093 -0.5650871097202005 0.010707081047503774 -0.006830885922327768 0.9999193999905539 40.65401406555133
0.9999590999997867 -0.00027120270885739976 -0.009045792023338661 -0.6559744009709838 0.0003434902887931873 0.9999680000019145 0.00799069076086222 -0.5837699100317811 0.009043335880984259 -0.007993470038570035 0.9999271999910186 41.957194195874294
0.9999771999998431 6.777909115391088e-05 -0.006759562023343399 -0.6731874010006641 -1.0467450660692364e-05 0.9999640000020275 0.008478278760838173 -0.6012229103384136 0.006759893652724297 -0.008478014087031374 0.9999412999922589 43.23955432411489
0.9999943999999223 5.4909541150932454e-05 -0.003365373023342667 -0.6865415010299096 -2.6804989848834622e-05 0.999965100001997 0.008350574760803123 -0.6178192106405305 0.003365714313309873 -0.008350437074273633 0.9999594999940304 44.502894450453184
0.999999700000001 -0.0007846738088994905 0.0003218969766763816 -0.6935884010586354 0.0007826664910344906 0.9999805000014876 0.006189642760764681 -0.6350241109374174 -0.00032674765613010257 -0.00618938885815296 0.9999807999965915 45.74413457458148
0.9999922000000793 -0.0011001010089375864 0.0038034849766910876 -0.6959569010871736 0.001082754991867513 0.9999890000010995 0.004559604760732812 -0.652670711232459 -0.0038084594043728947 -0.004555450694753839 0.9999823999970605 46.977484697920765
0.9999689000001778 -0.0006772935089238703 0.007861747976686375 -0.7001992011154592 0.0006368231928382291 0.9999865000012363 0.005149117760702449 -0.6645447115243518 -0.00786512980993271 -0.005143950753613084 0.999955899994175 48.197744819949726
0.999913400000305 -0.00026204710892282064 0.01315830997668729 -0.6975233011434824 0.00019374169410533873 0.9999865000012433 0.005192057760667923 -0.6781882118137739 -0.013159491339261566 -0.005189058758133545 0.9998999999884517 49.40741494091994
0.9998044000004714 0.0011853489910531344 0.01974543997669928 -0.6903610011712538 -0.0012671940043192892 0.9999906000009835 0.004133009760633111 -0.6899979121004733 -0.01974035199699559 -0.004157221654984495 0.9997964999782019 50.60553506073462
0.9996268000006584 0.0027270859910480455 0.02718143997670577 -0.6759702011987344 -0.002833090002540094 0.999988500000917 0.0038621007606073456 -0.7020690123842763 -0.027170592739640915 -0.0039376676330644626 0.9996230999607538 51.79127517931118
0.9993594000008638 0.003728631991081246 0.03559357997669974 -0.6473751012260381 -0.003917026000527426 0.9999787000012486 0.005224638760595958 -0.7126113126662436 -0.03557334357965046 -0.005360712775389937 0.9993526999331922 52.968805297066055
0.9989330000011217 0.005955694991094712 0.04579892997670558 -0.6094624012530305 -0.006221114998085675 0.9999646000013654 0.0056549777606036645 -0.7231034129450967 -0.04576363459811841 -0.005933863832753489 0.9989346998910518 54.132965413483696
0.9982392000014442 0.008248456991102592 0.058741909976720325 -0.5600621012796847 -0.008602115994986656 0.999946300001424 0.005770219760648841 -0.729777513220221 -0.058691165890285786 -0.006265363865952463 0.998256599822913 55.28110552829816
0.9972445000018062 0.01030550999112136 0.07346688997673845 -0.4934098013059185 -0.010796319991459628 0.9999219000015963 0.006286570760749814 -0.7390768134914225 -0.07339637736025886 -0.0070624199457000976 0.9972778997245768 56.41219564140785
0.995886100002207 0.012646249991156079 0.0897272799767598 -0.4111119013318821 -0.013361149987565189 0.9998835000019286 0.00737120276092305 -0.7469047137598397 -0.08962361898233782 -0.00853973709347709 0.9959390995900591 57.53105575329381
0.994135000002622 0.012878199991195934 0.1073772999767878 -0.3043738013576136 -0.013903339983332609 0.9998646000023345 0.008803899761184413 -0.7552160140261427 -0.10724941074474655 -0.010245171264021384 0.9941793994133357 58.64015586420333
0.9919005000030628 0.012547409991187154 0.1263965999768452 -0.17725850138293298 -0.013693989978760174 0.9998725000022479 0.008206429761546745 -0.7637425142884051 -0.12627751264755482 -0.009870834226581877 0.9919458991896861 59.73159597334643
0.9891307000035252 0.011676449991159016 0.14657509997692178 -0.030279541407899374 -0.012820869973902084 0.9998942000019685 0.006865393762026967 -0.7709585145470935 -0.14647941466788947 -0.00866999110648249 0.9891757989125274 60.80734608091974
0.985857700003986 0.009109429991139206 0.16733689997700452 0.14141619856749701 -0.010291329968898987 0.9999278000017913 0.006197188762627609 -0.7801986148024888 -0.1672684167473187 -0.007831666022598289 0.985880298582654 61.86839618702295
0.9819655000044476 0.0037935809911717336 0.18902249997707676 0.34292359854328613 -0.005471337963669236 0.9999501000021757 0.008354941763374802 -0.7905714150541988 -0.18898141891968145 -0.009238470163160347 0.9819372981873332 62.912916291472754
0.977304600004934 -0.0017092320088076024 0.21183219997716854 0.5688515985194474 -0.00047458235815881974 0.9999473000024377 0.010257899764289344 -0.7991531153021251 -0.2118385212064786 -0.010125621251746746 0.9772522977178473 63.94069639424755
0.9718692000054373 -0.006880933008846642 0.2354210999772983 0.8226069984960189 0.00469897804754499 0.9999406000020823 0.009828065765369926 -0.8026621155456451 -0.2354747235712101 -0.00844535608359829 0.9718437971765512 64.9490064950735
0.9654653000059512 -0.013311560008936664 0.2601913999774631 1.098598998473109 0.011665800053534927 0.9999010000012114 0.007868492766657579 -0.8056283157839834 -0.26027032605228806 -0.004561416695045249 0.9655250965445734 65.9348165936488
0.9580718000065165 -0.01728534000896632 0.28600649997763183 1.400580998450556 0.01562878005978164 0.999845200000937 0.008073842768178055 -0.8048744160185469 -0.2861018286362144 -0.0032653875653365226 0.9581936958107835 66.90386669054661
0.9495606000071264 -0.02005549000893607 0.31294159997780646 1.7194499984284433 0.01762511006631469 0.9997885000012677 0.01059347976996329 -0.809922116249268 -0.31308793133510426 -0.004543522693072018 0.9497132949615139 67.85621678577542
0.9399600000077388 -0.024307010008902428 0.3404180999779988 2.0708729984066947 0.020827300072995075 0.9996868000016426 0.013872859771997453 -0.8116220164762139 -0.3406487340917273 -0.005949941833590677 0.9401718940059498 68.79155687930165
0.9291719000083591 -0.028002140008957455 0.3685859999782496 2.4451559983855153 0.02471863007983242 0.9996015000011024 0.01362812977429731 -0.813126316697515 -0.3688207369096075 -0.003551935593683668 0.9294937929375428 69.70243697038131
0.9172153000090215 -0.02734522000906127 0.39745239997855936 2.83665199836491 0.025448920086820436 0.9996256000000312 0.010046099776889368 -0.8139150169130028 -0.3975783397852643 0.000900292751518119 0.9175678917451381 70.5883670589654
0.9041595000096508 -0.028611510009234363 0.4262359999789101 3.253648998344824 0.029448090093780847 0.9995555999982563 0.004628970779731415 -0.8166667171235608 -0.42617904264598755 0.008366502598185319 0.9046001904489941 71.45272714539237
0.8900733000102747 -0.030668950009356998 0.45478449997926185 3.697182998325151 0.033536690100703294 0.999435899997003 0.0017624717828226498 -0.8217552173302969 -0.45458204548693826 0.013683231129934685 0.8905997890489754 72.30010723012127
0.8745234000109516 -0.031995570009320476 0.4839267999795945 4.165769998305831 0.03386512010783383 0.9994144999973886 0.004878838786268439 -0.826571917533604 -0.48379954840840533 0.012121580973805657 0.8750948874970614 73.13220731332153
0.8569678000117016 -0.031224280009181236 0.5144231999799508 4.656398998286829 0.02991533011533753 0.9994936999988207 0.010831569790209617 -0.8326482177340098 -0.5145010514772023 0.0061068323722939 0.8574680857322475 73.95134739522558
0.8375209000124532 -0.031354020009077346 0.5455049999803604 5.171921998268516 0.027166200122984426 0.9995069999998915 0.015740099794595626 -0.8379065179274492 -0.5457295545989425 0.0016366309252735921 0.8379597837795197 74.74042747412285
0.8164962000132043 -0.025946180009160297 0.5767675999808969 5.707424998250825 0.024162070130618545 0.9996500999990027 0.01076492979936616 -0.8397157181143396 -0.576845057709285 0.005146369276087361 0.8168373816677423 75.50137755020585
0.7946459000139237 -0.019167530009279114 0.6067705999814736 6.267394998233732 0.021430110137957346 0.9997640999977302 0.0035164158043504094 -0.8402731182951355 -0.6066949606931132 0.010208850782150508 0.7948692794719684 76.23592762364797
0.7722395000145901 -0.0164235600093302 0.6351192999820201 6.852964998217337 0.020558080144931323 0.9997882999971823 0.0008570303094662429 -0.8436503184693205 -0.6349988635227735 0.012395001000695894 0.7724136772263849 76.94187769423016
0.7490502000152093 -0.019301710009304928 0.6622320999825271 7.4697579982014615 0.021961460151636424 0.9997495999974647 0.004298552814753923 -0.8507153186388403 -0.6621492662376102 0.011323750893647115 0.7492864749122103 77.62714776274449
0.7247325000158343 -0.019538350009278064 0.6887532999830767 8.102843998186284 0.021166760158209525 0.9997573999977439 0.006088351820331406 -0.8620809188017254 -0.6887052688924545 0.01016625077790074 0.7249702724795446 78.28406782842448
0.6994597000164164 -0.018263820009364422 0.7144386999836898 8.750798998171883 0.022699470164564035 0.9997367999968424 0.0033335998261470557 -0.8702408189563524 -0.7143114714528535 0.013885651149816053 0.6996901699515956 78.90590789059536
0.6733401000169884 -0.015817160009427136 0.7391636999843241 9.42095499815796 0.022909210170701372 0.9997373999961753 0.0005239926321829692 -0.876218819106075 -0.738977873918936 0.016580821419276005 0.6735256673352422 79.5064079506312
0.6464027000175591 -0.01342373000941317 0.7628782999849576 10.109369998144661 0.02085704017662292 0.9997823999963015 -8.027705157602374e-05 -0.8844685192499052 -0.7627113762911685 0.01596327135745454 0.6465420646364748 80.08158800813516
0.6186204000180839 -0.012395890009442417 0.7855921999856121 10.823449998131904 0.021200240182303088 0.9997747999959907 -0.0009188055551311059 -0.8963087193885989 -0.7854039785598645 0.017223131483418457 0.6187439618563366 80.63432806339539
0.5901006000185968 -0.006313377009517565 0.8073050999863337 11.554039998119759 0.02023865018774578 0.9997707999951627 -0.006974943148473134 -0.9103951195213703 -0.807076080726181 0.020454671806431915 0.5900931589922 81.16168811611776
0.5602449000190981 0.002835352990382959 0.8283221999871172 12.298229998108106 0.018923320193048116 0.9996892999940494 -0.016220940141467906 -0.9440788196510086 -0.8281109828286618 0.024762302237001578 0.5600171559863227 81.67543816748352
0.5295973000195673 0.011271809990293423 0.8481742999879127 13.066209998096818 0.018356540198095583 0.9995251999930372 -0.02474496013426025 -0.9899750197782924 -0.8480505848217735 0.02867440262805458 0.5291390529000898 82.17844821777761
0.49801800002002855 0.016318459990310532 0.8670131999886791 13.856359998086084 0.01612194020291862 0.999475899993163 -0.028072160126859935 -1.044292019900775 -0.8670168867171344 0.02795836255634494 0.4974939497359371 82.66054826598224
0.46566190002046454 0.015828189990403144 0.8848211999894027 14.670859998076212 0.013813620207478748 0.9995881999941302 -0.02515102011930741 -1.091171020013939 -0.8848548884996295 0.023934452153938437 0.46525154651058365 83.10277831019752
0.4327521000208908 0.014185179990557926 0.9014013999901201 15.504949998066818 0.009386123211749935 0.9997510999957515 -0.02023906011162467 -1.1417690201228308 -0.9014641901587346 0.017219151482407623 0.43251124323499235 83.52640835255322
0.39856760002129166 0.015068519990669469 0.9170151999909002 16.35187999805835 0.005370069215805329 0.999809499996896 -0.018763040103607798 -1.1829200202212953 -0.9171232917228885 0.01240277100073505 0.3984108398242356 83.90596839049937
0.3634390000216894 0.01801939999082746 0.9314437999917156 17.218839998050335 -0.001324541780409522 0.9998218999984948 -0.018825400095361954 -1.2239750203153428 -0.9316170931698498 0.005608144321200748 0.36339813632264445 84.26630842652305
0.3276884000220442 0.020195479990961277 0.9445699999925468 18.101339998043144 -0.006744493776941503 0.9997959999998485 -0.019036460086954185 -1.2584740204004803 -0.9447617944821914 -0.00013262075292019924 0.3277578327583592 84.58881845876178
0.2915840000223436 0.019345549991055564 0.9563495999933694 19.00344999803682 -0.009648339773807588 0.9998041000008264 -0.017282870078437578 -1.2929210204767922 -0.9564965956541369 -0.004187781658418454 0.29171352915323523 84.87369848723706
0.25541610002259 0.018986799991093165 0.9666447999942068 19.920319998031403 -0.010461879771021598 0.9998029000012163 -0.016873760069882483 -1.3338450205446952 -0.9667746966809109 -0.005803097819941438 0.2555644255379874 85.12286851214252
0.21959250002278852 0.018168289991097864 0.9754224999950362 20.853169998026853 -0.009854781768600157 0.9998169000012732 -0.01640410006138926 -1.3893280206049528 -0.9755419975569526 -0.0060103608406520456 0.21973132195436035 85.33947853379509
0.18426130002294114 0.01726801999107041 0.982725599995856 21.796219998023222 -0.007939293766533417 0.9998392000010012 -0.016080120052995285 -1.4419020206556945 -0.9828452982869188 -0.0048392067235210195 0.18436881841786254 85.51592855143072
0.14970640002301042 0.015483249990913779 0.9886092999966585 22.74978999802043 -0.00046226886481298256 0.9998782999994106 -0.01558975004475333 -1.4874180206973568 -0.9887303988764136 0.0018768779481196287 0.14969541495026795 85.6540285652294
0.11610940002308204 0.0187030399908323 0.9930602999974745 23.704109998018463 0.0031973532365676383 0.9998104999985373 -0.019204010036738998 -1.536455020730801 -0.9932312993265975 0.005404927300865868 0.11602761158424868 85.75774857559092
0.08347086002315451 0.024498399990827417 0.9962090999982859 24.66335999801697 0.0036007802376457143 0.9996837999984229 -0.024885560028951276 -1.578857020758857 -0.9965037996531847 0.005664345326703135 0.08335625831839932 85.83875858367978
0.05411487002313999 0.02811232999068529 0.9981388999990082 25.62624999801644 0.010296330238384385 0.999534699996915 -0.02870987002189783 -1.6374140207784025 -0.9984816998518936 0.011830790943299283 0.053800245363667995 85.88405858820138
0.028448330023137937 0.027693099990636065 0.999211599999601 26.59669999801644 0.013163830238862176 0.9995190999964113 -0.028076410015751927 -1.6867690207918318 -0.9995085999546724 0.013952181155451793 0.0280701027904772 85.9035085901356
0.005896436023138365 0.023763799990629025 0.9997002000000865 27.577739998016813 0.014080320239155817 0.9996164999963835 -0.02384486001037099 -1.7400610208018283 -0.9998834999918569 0.014216691181970924 0.005559573538400538 85.90820859059552
-0.013228909976865945 0.02055409999063127 0.999701200000499 28.5606099980176 0.01436558023931105 0.9996893999964424 -0.02036377000580645 -1.785582020806851 -0.99980939998407 0.014091891169548166 -0.013520071370396805 85.89204858896753
-0.02974217997689232 0.023439089990597007 0.9992828000009085 29.53911999801893 0.016292260239368403 0.9996035999960562 -0.0229617000018332 -1.8503720208080396 -0.9994248999456967 0.015597641320076584 -0.030112263028984728 85.86002858575829
-0.044511689976930426 0.029173189990550175 0.9985828000013046 30.520559998020644 0.01897167023935937 0.9994178999955056 -0.028351939998255783 -1.910044020804853 -0.9988287998863842 0.01768279152850261 -0.04503924452037707 85.80960858070772
-0.05644682997698627 0.03313706999046302 0.9978556000016187 31.50610999802265 0.023353690239300725 0.9992193999945552 -0.03186128999534549 -1.968582020798574 -0.9981324998175249 0.021505131910691908 -0.057176645733260714 85.7461085743488
-0.0655872799770573 0.03696837999033814 0.9971618000018674 32.49552999802502 0.029361620239211683 0.9989521999932117 -0.035103529993083846 -2.034292020789254 -0.9974147997469796 0.02697593245774674 -0.06660401667520602 85.6697485667055
-0.07133180997710145 0.04201283999027048 0.9965675000020495 33.48522999802749 0.03294277023914253 0.9986666999924441 -0.039743379991639044 -2.09651102077853 -0.9969085996970825 0.029994722759576705 -0.07262072727575321 85.58750855847335
-0.0749797999771264 0.047367069990241546 0.9960595000021862 34.47573999803001 0.034848010239095936 0.998385499992072 -0.04485446999070413 -2.1651700207679543 -0.9965759996641933 0.03134750289479741 -0.07650939766338566 85.50585855030172
-0.07772053997715356 0.05100176999020077 0.9956698000022856 35.47391999803261 0.037102200239051 0.9981467999915976 -0.0482325199899926 -2.230292020756273 -0.9962845996355288 0.033192883079307955 -0.07946878795850747 85.41929854163808
-0.08041091997716299 0.05455561999020181 0.9952677000023824 36.474089998035275 0.03755346023902021 0.9979578999915586 -0.05166902998931271 -2.302430020744632 -0.9960541996125342 0.03322099308208145 -0.08229546824034402 85.33282853298506
-0.08277043997717627 0.05712854999019061 0.9949299000024623 37.476229998037994 0.038437870238987225 0.997795699991405 -0.054095389988714326 -2.372412020732334 -0.9958270995899808 0.03376548313650939 -0.08478388848859772 85.2435385240495
-0.08466797997719061 0.06126155999017895 0.9945242000025474 38.47938999804082 0.03950431023895625 0.997529799991223 -0.058083539988209455 -2.4465470207192523 -0.9956258995700717 0.03437017319694584 -0.08687892869713819 85.15093851478389
-0.08668534997722181 0.06295572999012362 0.994244600002612 39.487939998044006 0.04222097023890625 0.9973367999906209 -0.05947040998767255 -2.531911020703535 -0.9953406995421546 0.03682275344221062 -0.0891125389201609 85.04711850439884
-0.08870576997722898 0.06205827999011708 0.9941228000026495 40.50490999804722 0.04252210023887889 0.997383299990566 -0.05846757998719297 -2.620466020687908 -0.9951498995230996 0.03708576346852138 -0.09111249912039401 84.94335849402033
-0.09119745997722264 0.06078594999014352 0.9939759000026935 41.523139998050354 0.04136854023885918 0.9975048999908608 -0.057206199986624164 -2.7037930206724177 -0.9949732995051058 0.035902263350171874 -0.09348453935789637 84.84011848369256
-0.09318043997723216 0.06236750999013849 0.9936940000027549 42.541539998053544 0.041891710238827894 0.9973978999907847 -0.05867173998612731 -2.782434020656097 -0.9947675994846149 0.03616047337598168 -0.09555066956415222 84.73340847301668
-0.09565325997722557 0.06425884999017495 0.9933385000028297 43.56320999805676 0.040686530238806064 0.9973325999911364 -0.06059933998553511 -2.8628460206397355 -0.9945828994657991 0.03461896322180228 -0.09801257980987384 84.62639846231116
-0.09826734997721794 0.06680699999021736 0.9929151000029139 44.591609998060164 0.03932738023878181 0.9972253999915396 -0.06320484998490701 -2.9470490206218436 -0.9943826994453933 0.03283776304364862 -0.10062201007018369 84.51273845094137
-0.10082189997720226 0.07017313999028145 0.9924267000030039 45.62389999806366 0.03714918023876376 0.9970793999921544 -0.06672810998430154 -3.0341070206032925 -0.9942106994276128 0.0301401727738462 -0.10313431032055945 84.39616843928117
-0.10303709997717479 0.07454545999037504 0.9918802000030952 46.658339998067156 0.033830430238757835 0.996873399993058 -0.07140640998379359 -3.1217190205849197 -0.9941020994159073 0.026198212379597713 -0.10523691052968753 84.28026842768807
-0.10556149997715893 0.07713972999043942 0.9914163000031766 47.69858999807078 0.03158554023873498 0.9967436999936843 -0.07419116998321107 -3.2124090205654947 -0.9939110993962115 0.02348268210801535 -0.10765431077075055 84.15974841563359
-0.10825159997714824 0.0756836599904806 0.991238400003223 48.74264999807439 0.02980113023870325 0.9968966999941352 -0.07286115998260732 -3.3006820205458087 -0.9936767993722918 0.021652681925012608 -0.11017121102275461 84.0379984034554
-0.11133989997712339 0.07123110999054952 0.9912263000032494 49.79766999807822 0.026420060238672417 0.9972874999949203 -0.06869904998194962 -3.3994670205251585 -0.9934311993468511 0.018539301613684684 -0.11291991129862007 83.91179839083449
-0.11391629997712878 0.06959565999055166 0.9910497000032934 50.85129999808211 0.02627206023862677 0.9974054999949677 -0.06702215998134292 -3.4912190205032427 -0.9931429993179359 0.018402001599964503 -0.11544911155193717 83.78036837768893
-0.1158249999771311 0.06985039999056222 0.9908106000033395 51.907089998086064 0.02598171023859303 0.9973958999950735 -0.06727742998088883 -3.581332020480631 -0.992929799296502 0.017950531554813864 -0.11733821174078056 83.64593836424292
-0.11714969997714816 0.07263403999054145 0.9904546000033975 52.96283999809004 0.027376380238558852 0.9971789999948146 -0.0698891499805341 -3.668473020457356 -0.9927368992775147 0.018927561652503994 -0.11880761188708745 83.50873835051921
-0.11777159997715503 0.07541682999053985 0.9901728000034388 54.02127999809408 0.027904400238543355 0.9969694999947534 -0.0726155599803613 -3.758476020433767 -0.9926485992687969 0.01907812166754537 -0.11951921195758868 83.3701283366551
-0.11820429997714824 0.07659690999056382 0.9900307000034594 55.089509998098166 0.027081140238540427 0.9968981999949823 -0.07389491998026608 -3.8533030204101886 -0.99261999926573 0.01807646156736896 -0.11991191199654931 83.23118832275894
-0.11807759997711573 0.07482939999063494 0.9901809000034375 56.16216999810216 0.023743470238563325 0.997084299995747 -0.07251973998036357 -3.9469190203877265 -0.9927204992749844 0.014947371254456526 -0.1195100119566918 83.09674830931239
-0.11831159997708056 0.0745032999907213 0.9901776000034375 57.23647999810613 0.019997620238578533 0.9971577999966448 -0.07263909998037427 -4.043440020365494 -0.9927751992795528 0.011207140880423492 -0.11946521195218314 82.96320829595648
-0.11841439997704577 0.07536458999081071 0.9901001000034455 58.31224999811003 0.016293580238592714 0.9971286999975537 -0.07395091998041253 -4.137484020343805 -0.9928305992842041 0.007375422497238569 -0.11930231193557751 82.83188828282195
-0.11879149997700895 0.0757043999909067 0.9900290000034546 59.39427999811403 0.012257610238599236 0.9971249999985371 -0.07477624998039378 -4.2355230203216365 -0.9928435992845297 0.003252604084949694 -0.11937791194293841 82.69832826946421
-0.11928269997697684 0.07481208999098872 0.9900378000034553 60.484149998118035 0.008649815238598679 0.9971975999993953 -0.07431097998034181 -4.332877020299468 -0.9928226992815653 -0.00030037237034456375 -0.11959551196480993 82.56445825607514
-0.11967609997697708 0.06989087999097453 0.9903499000034198 61.58946999812225 0.008554825238591114 0.997554599999327 -0.06936555998025234 -4.427686020274923 -0.9927761992768837 0.00017087037680881413 -0.11998131200458033 82.4200782416341
-0.11997399997700584 0.06147784999087594 0.9908717000033509 62.692009998126316 0.011562170238577925 0.9980995999984403 -0.060526369980143296 -4.507440020250513 -0.9927097992709563 0.004195035179290672 -0.12045681205425715 82.27636822725654
-0.11998939997704978 0.05482826999074436 0.9912600000032908 63.801629998130416 0.016246660238561916 0.9984484999971801 -0.053259269980090056 -4.575110020224712 -0.9926422992653265 0.009714108731269294 -0.12069401207972472 82.12657821226792
-0.11918999997713117 0.05753559999054801 0.9912030000032992 64.90298999813459 0.02502529023853406 0.9981764999951115 -0.05493115998015688 -4.637324020197629 -0.9925560992588253 0.018257891585649666 -0.12041251205117343 81.97173819677317
-0.11794769997718736 0.06349042999042355 0.9909881000033294 66.00674999813872 0.031175120238516676 0.9976987999937336 -0.060209909980336006 -4.698824020170947 -0.9925303992577553 0.023792542139090454 -0.11965561197421552 81.81847818143622
-0.1170726999772181 0.06916152999036321 0.9907122000033656 67.11534999814279 0.03455186023850679 0.9972518999930203 -0.06553507998045668 -4.769758020145761 -0.9925221992577636 0.026558572415668447 -0.11914071192144514 81.67129816670939
-0.11634509997722689 0.07294951999034961 0.9905262000033862 68.22841999814683 0.035648200238511396 0.9969630999928195 -0.0692364299805862 -4.848159020121396 -0.9925689992627226 0.027255152485307407 -0.11859231186571528 81.52737815231025
-0.1163708999771995 0.07198807999041093 0.9905936000033758 69.35293999815079 0.03285757023853394 0.9971028999934717 -0.06860116998063304 -4.927907020098304 -0.9926621992713744 0.0245653222163133 -0.1183991118465488 81.38834813840013
-0.11613469997717793 0.06691417999044291 0.9909769000033203 70.48499999815479 0.03072070023855479 0.9974926999938827 -0.06375392998075612 -5.011017020075135 -0.9927582992804787 0.02303945206375109 -0.11789911179771735 81.24871812443068
-0.1159474999771622 0.06394349999046887 0.9911950000032864 71.6211599981587 0.02916131023856958 0.9977144999941971 -0.06095287998084226 -5.086994020052287 -0.9928271992869998 0.021837201943542137 -0.1175472117632025 81.11025811057644
-0.1158278999771487 0.06475999999050287 0.9911559000032911 72.7531099981626 0.027804370238581153 0.9976925999945374 -0.0619378499808864 -5.162949020029608 -0.992880099291968 0.020384331798241357 -0.11736121174436595 80.97266809680929
-0.11562489997715043 0.06921291999051198 0.9908787000033291 73.88908999816657 0.028039640238583408 0.9973991999945636 -0.06639646998090692 -5.241054020006088 -0.9928971992937391 0.020106781770452938 -0.11726491173366282 80.83141808267654
-0.11493269997715183 0.07314929999051636 0.9906764000033512 75.02754999817063 0.02837532023859408 0.9971198999945471 -0.07033313998104568 -5.323826019982463 -0.9929679993009156 0.020027181762468163 -0.11667731167395631 80.68962806849085
-0.11456069997715139 0.0721545099905111 0.990792400003333 76.1777899981747 0.0284323002386006 0.9971882999945083 -0.06933280998113936 -5.409080019958872 -0.9930092993050678 0.020227681782524952 -0.11629011163547828 80.54753805427545
-0.11403199997716107 0.06411853999045723 0.9914059000032441 77.33947999817882 0.02957171023860243 0.9976919999940738 -0.06112374998129448 -5.493650019934766 -0.9930368993081128 0.022347501994573457 -0.11566491157493647 80.40286803980165
-0.11422479997715969 0.06325839999045925 0.9914389000032404 78.49683999818288 0.029375450238600276 0.9977492999941076 -0.060276669981256276 -5.575395019911225 -0.9930205993064312 0.02223887198371676 -0.1158259115912399 80.26070802557828
-0.11411729997713843 0.06638014999051951 0.9912472000032672 79.65384999818683 0.027211800238617013 0.997599699994685 -0.0636728199812967 -5.653289019888607 -0.9930945993133162 0.019707441730536887 -0.11564971157280296 80.122428011742
-0.11386659997713272 0.06956511999054169 0.9910576000032916 80.81442999819082 0.02669236023862501 0.9973995999948658 -0.06694350998134817 -5.733271019865494 -0.9931374993174876 0.018831031642869638 -0.11542741154978607 79.98194799768612
-0.11377379997712415 0.06906424999055988 0.9911033000032843 81.98865999819492 0.02583138023863216 0.9974491999950618 -0.06654115998138682 -5.820181019842358 -0.993170899320624 0.01803092156285841 -0.11526761153390337 79.84084798356959
-0.11332749997711519 0.06578656999056717 0.9913774000032424 83.14910999819891 0.02502350023864528 0.9976779999951875 -0.06334416998152256 -5.906836019819589 -0.9932425993276112 0.01762909152269693 -0.11471061147897459 79.70180796965933
-0.11233039997712074 0.0645005199905418 0.9915753000032076 84.31155999820298 0.02587357023865814 0.9977424999949441 -0.06197061998175516 -5.991644019796311 -0.9933340993369877 0.018694401629242435 -0.11374571138281778 79.56056795552855
-0.11086999997713101 0.06472692999050658 0.9917249000031766 85.48132999820702 0.027331330238674845 0.9976979999945761 -0.06206127998208232 -6.073437019772929 -0.9934590993498704 0.02022442178224983 -0.11238381124660955 79.41861794132589
-0.10968459997715455 0.0651891399904429 0.991826500003155 86.65573999821102 0.03006997023867669 0.9976078999939086 -0.06224374998232282 -6.1433370197489925 -0.9935115993558034 0.022997012059519664 -0.11138241114642825 79.27416792687028
-0.10851839997714856 0.06474184999044699 0.9919840000031237 87.843139998215 0.02975946023869901 0.9976412999939578 -0.06185553998260973 -6.220092019725953 -0.9936489993694961 0.022808442040665088 -0.11018911102719477 79.13297791274199
-0.10712599997715767 0.06555050999041756 0.9920823000031 89.03033999821892 0.03105347023871307 0.99755799999364 -0.06255913998291901 -6.292724019702912 -0.9937603993809784 0.02410588217041022 -0.10890001089811871 78.99178789861276
-0.1060844999771573 0.06303827999040307 0.9923569000030519 90.23924999822296 0.0312793202387287 0.9977060999935276 -0.060034289983181575 -6.375416019679935 -0.9938650993915266 0.02467154222699925 -0.10781291079001913 78.85004788443041
-0.10506959997714181 0.06244269999043058 0.9925026000030223 91.45273999822695 0.0299500602387551 0.9977726999938219 -0.059603669983447766 -6.458889019657895 -0.994013799406102 0.023462972106140158 -0.10670571067940551 78.71205787062313
-0.10376039997714871 0.06200647999040351 0.9926676000029884 92.66638999823093 0.03098535023876857 0.9977717999935475 -0.059086519983749565 -6.5421500196356925 -0.99411959941696 0.02462730222258354 -0.10545051055401307 78.57336785674579
-0.10217749997712954 0.06256297999043939 0.9927969000029566 93.88742999823482 0.029411370238804923 0.9977739999939118 -0.05984964998414796 -6.627664019614306 -0.9943313994378005 0.023084222068262043 -0.10379011038779348 78.43781784318286
-0.10060559997712945 0.06553056999043731 0.9927660000029492 95.10910999823875 0.02978588023882638 0.9975796999938453 -0.06282985998450083 -6.713115019593011 -0.9944804994528367 0.023249362084753478 -0.10231401023946979 78.30262782965589
-0.09945429997710951 0.06530824999047603 0.9928966000029193 96.33803999824256 0.028011080238856005 0.9976320999942504 -0.06281397998480487 -6.798660019572769 -0.9946477994691689 0.021564981916308096 -0.1010481101128866 78.17155781654075
-0.09903251997706865 0.0626417399905633 0.9931106000028818 97.56934999824597 0.02388010023888805 0.9978787999951948 -0.0605611999849814 -6.882331019556656 -0.9947976994831805 0.017718051531618075 -0.10031831004045051 78.05765780514213
-0.09886701997704501 0.06376205999062257 0.9930558000028873 98.80207999824948 0.0214532702389037 0.9978495999957916 -0.06193401998505172 -6.966266019539616 -0.9948693994897737 0.01518106127789996 -0.10002231001052081 77.93983779335153
-0.09915246997702111 0.06387176999068321 0.9930203000028934 100.04289999825302 0.018872140238911997 0.9978789999964168 -0.06229992998502144 -7.052411019522601 -0.9948932994915397 0.012563221016106343 -0.10014761002296246 77.82180778154029
-0.1002302999769965 0.060812089990742474 0.9931041000028882 101.28859999825663 0.016004890238907943 0.9980997999970743 -0.05950269998481514 -7.1386700195046995 -0.9948355994850586 0.00993054475285708 -0.10101311011018359 77.69989776934092
-0.10150789997697915 0.05933444999079041 0.9930638000029033 102.53759999826025 0.013835150238896286 0.9982073999975904 -0.05822759998454353 -7.224808019486767 -0.9947385994748098 0.007828622542673497 -0.10214691022386772 77.57772775711547
-0.10284049997696668 0.0587136799908294 0.9929635000029274 103.78489999826397 0.012161070238880824 0.9982559999980014 -0.057767119984248785 -7.308559019467596 -0.9946235994628784 0.006134700373284093 -0.10337511034679558 77.45043774437747
-0.10455649997696798 0.05860638999083852 0.9927907000029662 105.0340999982678 0.011856470238854404 0.9982645999980967 -0.05768086998384175 -7.394646019447551 -0.9944482994452356 0.005740074333821929 -0.10507001051630223 77.31942773126801
-0.10682759997697637 0.05728774999083066 0.9926258000030067 106.28309999827175 0.01215405023881633 0.9983393999980349 -0.05630946998329564 -7.478364019426111 -0.9942032994207539 0.0060490083647281225 -0.10734651074427651 77.182597717576
-0.10987819997695149 0.05235796999090142 0.9925651000030309 107.53309999827565 0.008644135238773151 0.9986241999988335 -0.051720679982617306 -7.561306019405046 -0.9939074993902632 0.0028968880495626563 -0.11017961102868293 77.04728770403575
-0.11397059997695867 0.051943009990914 0.992125300003122 108.77429999827969 0.00826271423870066 0.9986472999989688 -0.05133529998164058 -7.641329019382079 -0.9934497993443068 0.002346929994570978 -0.11424561143536494 76.90436768973402
-0.11959379997692156 0.056736609991070594 0.9912005000032952 110.00189999828369 0.0025410512386007693 0.9983800000005107 -0.056840989980364603 -7.72295101935955 -0.992819699279797 -0.004279140668083693 -0.11954421196388632 76.76378767566698
-0.12675739997695298 0.06210591999107157 0.9899876000035104 111.23859999828808 0.0037168252384519387 0.9980607000004424 -0.062136499978631556 -7.807969019333433 -0.9919267991906215 -0.004196651659883338 -0.12674241268241132 76.60787766006754
-0.1357631999770019 0.05923627999101984 0.9889689000036945 112.46179999829288 0.006028125238245389 0.9982418999999533 -0.05896418997643591 -7.896792019303621 -0.9907229990705848 -0.0020435454445492905 -0.13588161359706663 76.43702764297532
-0.14682219997703183 0.05383869999103136 0.9876967000039027 113.69069999829794 0.005285012237968794 0.9985461000001485 -0.05364447997379001 -7.983049019270729 -0.9891487989127297 -0.002656214505763382 -0.14689331469947986 76.25308762457334
-0.1594596999771009 0.05569922999099524 0.9856319000042132 114.9113999983034 0.00784203523761047 0.9984469999997511 -0.055154719970719746 -8.061834019232945 -0.9871732987154972 -0.0010655993467214454 -0.15964881597462063 76.04901760415679
