0.9919508672304445 -0.016747565545612613 0.12551093995769666 0.07222292307972906 0.023759609660978957 0.9982266309881214 -0.054580895328520555 -0.054199927900993636 -0.12437426562407129 0.05712365739691753 0.9905896879213272 0.9952017412277603
0.9970849093572977 -0.009278394564320131 0.07573371063310101 0.2949634390979677 0.007273716489182224 0.9996169444566252 0.026703134715517066 -0.14915223327131388 -0.0759524626354174 -0.0260744271175581 0.9967704588670888 1.9688021989251046
0.9482224937836635 0.025052319329900975 0.3166172509180177 0.341095273224099 0.017961751098598013 0.9910589348792485 -0.13221029874212217 -0.047839668995515144 -0.3170985300819956 0.13105177943165008 0.9392943911935364 3.0077573191649343
0.9878962312245295 -0.03772261273922145 0.15045943247432916 1.020236763553527 0.03579925282072269 0.9992392199123489 0.015472391102807043 -0.4115526422912528 -0.15092862495182427 -0.009898781596084039 0.9884951007936582 3.785716491463825
0.9474732040584455 0.021919697706993486 0.3190831465992159 1.040132681087706 0.026253504259657175 0.9889519532347263 -0.14589306942863103 -0.15376360436489558 -0.31875583305299804 0.1466068246898937 0.9364300069140437 4.873508011763778
0.9634728713497793 0.06859756512147897 0.25887139709209944 1.6422328409995708 -0.03145766633450904 0.9889350880498797 -0.1449751939214528 -0.3728039033653249 -0.26595195318289655 0.13153617632872172 0.9549700481769162 5.662264388299838
0.9590466647030681 -0.025570526990482415 0.2820915508684177 1.9810031155585681 0.028865946858930416 0.9995549158485209 -0.007531753779361966 -0.965462291704273 -0.28177340547655905 0.015366143058182721 0.9593579257053427 6.527866122882488
0.9260750851091484 -0.06670852981483473 0.3713958922632644 2.1462225652683675 0.06393865211064043 0.9977577464435514 0.019782016534201335 -1.0778760629599633 -0.37188275774275603 0.005426920105200536 0.9282638434366677 7.556969440321181
0.9358812274496557 0.0063375099957656 0.3522586607514125 2.770366070937556 -0.005219034693423302 0.9999778738795198 -0.004124733720309987 -0.94790367489716 -0.35227700717502686 0.0020218106855461136 0.9358935957134003 8.342790374951436
0.894258884640413 -0.03253797843144051 0.4463656877508384 2.9543876210117404 0.03983734779005366 0.9991818305866279 -0.006975324122110093 -0.9588644156413128 -0.44577352205210435 0.024019770713920047 0.8948234561365231 9.403643916362896
0.8898480700673935 -0.020352539777397573 0.4558027932362241 3.5715761780581357 0.0296066722556 0.999474840890572 -0.013171460993918568 -0.9274504407737909 -0.4552953515634483 0.025215403057938155 0.8899833292221495 10.175103877930246
0.8425987275455631 -0.02772978134742138 0.5378275221342077 3.8894930187122974 0.04193572744687197 0.9990195221691781 -0.014191162333211056 -0.9439435024543656 -0.5369066763433834 0.034511643706002654 0.8429354467256732 11.208573811222054
0.8475399358275676 -0.10238441142190802 0.5207624117341723 4.727693072195893 0.03158653826845984 0.989207542282398 0.14307595497438383 -1.840216532728087 -0.5297908528632944 -0.10481350385044053 0.8416268660356416 11.852072346465892
-0.21433649242903052 -0.9723550563618906 0.0926580400218146 9.557082105675622 0.8576831231432553 -0.1419666464232462 0.4941913916475757 -2.601701903845072 -0.4673751472729921 0.1853944866246053 0.8644011545808733 12.002782995442672
