0.9999915022399875 -0.002611672848032563 -0.0031897668798823667 -0.005739492574347597 0.002604957222851444 0.9999943858653273 -0.002107708635933252 -0.007254715531869647 0.003195253617517567 0.0020993815188581136 0.9999926914490715 0.669040929426281
0.9999745642592203 -0.0011550504785253152 -0.007038230812820452 -0.01856291618398295 0.0011295403514028062 0.99999278300552 -0.0036274061627274705 -0.013157971413517267 0.007042369855171588 0.003619363931259059 0.9999686521244333 1.3876945542175327
0.999940390324901 -0.0014309993314337388 -0.010824418589378932 -0.03352998237462097 0.0013763146427124113 0.9999862624284075 -0.0050577378805303375 -0.016202432256328222 0.010831507507679215 0.005042538584615147 0.9999286230775343 2.108067528290918
0.9998758309457849 0.0001104563176920466 -0.01575787072792566 -0.04791512748909825 -0.00019862506064923739 0.9999843350534433 -0.005593764010726414 -0.02657245429288908 0.015757006015148196 0.005596199346368751 0.9998601898837227 2.835256504279761
0.9998039367920443 -0.0008847168818412474 -0.019781437034985177 -0.07052207474335523 0.000772546462802127 0.999983584948806 -0.005677411813173676 -0.037849406178071775 0.019786135223759837 0.005661016602390211 0.9997882084441355 3.557610930350962
0.9997057414191713 0.0008313003812580874 -0.02424333956412319 -0.09622443914039912 -0.0009981349150208778 0.9999759005398794 -0.006870375983021846 -0.04856369336894345 0.024237043966554104 0.00689255243961099 0.999682478800459 4.2891502459045565
0.9995759465472863 0.0035227767330239133 -0.02890531314804083 -0.13136960914369794 -0.0037412081894606253 0.9999648295896493 -0.007506193777548511 -0.05783075968682276 0.028877853891522982 0.007611151544428775 0.9995539704922327 5.063285487897229
0.9994419865750793 0.004040952575188041 -0.03315699282420516 -0.16414899352572665 -0.0042376819813360715 0.999973820730497 -0.005865143227237177 -0.06715995199522755 0.03313242403272616 0.006002379189623727 0.9994329461858755 5.833669391000483
0.9992885971170657 0.003221470033029849 -0.037575547935236715 -0.19584260579127905 -0.0033461906115305265 0.9999890981440793 -0.003256777760523122 -0.07524358308815442 0.03756464668006723 0.0033801958251592256 0.9992884826695366 6.625110239138479
0.9991615498599606 0.002984513335838981 -0.04083246210541046 -0.24012032515589876 -0.0030035229678167345 0.999995407720059 -0.00040421352508494606 -0.08914589295052217 0.040831068210657656 0.0005265158499643493 0.9991659254847696 7.4452758757777335
0.9990450961936375 0.0045497375232074234 -0.04345337340087413 -0.28215092255419716 -0.004599250087323403 0.9999888830710325 -0.0010395349837015334 -0.09715627738936336 0.0434481607214866 0.001238395259197262 0.9990549152609688 8.245772338079767
0.9989525063395418 0.004380529621680207 -0.04554888624523685 -0.3207971081221104 -0.004441278075313193 0.9999893778379352 -0.001232582799018984 -0.1043887957474236 0.045543003052123 0.0014335869461869803 0.9989613504542915 9.01730694634881
0.9988682597200325 0.0009542174148733178 -0.047553014552170536 -0.3555944838721065 -0.001037977125875974 0.9999979531769202 -0.0017367341349779448 -0.11223061175031565 0.04755125999760623 0.0017841275443734083 0.9988672056692747 9.814866565774697
0.9987681440561565 0.00047835768231371936 -0.04961819819933234 -0.3975556851199278 -0.0005166530762345415 0.9999995785104101 -0.0007589786559657613 -0.12012703123211216 0.04961781422250753 0.0007836790983340629 0.9987679702307494 10.650576218192327
0.9987100265283705 -0.0008583068828641653 -0.05076954028742369 -0.44338217170440236 0.0008135417978391159 0.9999992619212156 -0.0009023894761481812 -0.13069690568646264 0.050770277342601505 0.0008599222745819528 0.9987099876702128 11.476290081162931
0.9986076637856471 0.0013557352059870127 -0.052734199630062616 -0.49309269692513835 -0.0015216597405649814 0.9999940173700052 -0.003106408831964716 -0.14081266437291506 0.05272967267304048 0.003182327174979324 0.9986037524531665 12.298956873715426
0.9985396930362371 0.0019170319377253585 -0.05398894719891393 -0.5460558056731029 -0.0022294964677666094 0.9999811098944379 -0.005727931545322337 -0.1512932774538505 0.05397694671429268 0.005839935174077118 0.9985251045319614 13.154933342849164
0.9984261369697799 0.00562732248708643 -0.05579948258925589 -0.6036574450165743 -0.006047844010439084 0.9999545501133856 -0.00737029784753428 -0.16093046665607827 0.05575547146628514 0.007696164574793308 0.9984147917836601 14.026150860796916
0.9983577954643711 0.006623085718590553 -0.05690208230886696 -0.6605949012018205 -0.007038134699838469 0.9999500489148944 -0.00709678342961098 -0.1722761436542734 0.05685223738313031 0.007485613579665581 0.99835454057858 14.911109841996158
0.9982830352323041 0.005727962271910879 -0.05829384200402061 -0.7131550064136327 -0.006075915991921775 0.9999647588718963 -0.005793466935156534 -0.1822358099086174 0.058258602903238796 0.006137708243408841 0.9982826572295448 15.783135572671052
0.9982019602045099 0.006481757083913902 -0.05958887034488145 -0.7692436673742498 -0.006746231384100591 0.9999682624742068 -0.0042382079264043195 -0.19681171487176072 0.059559508107321864 0.004632587767154804 0.9982140071771146 16.654913153775993
0.9981566820149267 0.006296289674169 -0.060362197485606825 -0.8280655266431937 -0.006568576821737652 0.999969123192683 -0.004313520579862974 -0.20994036602067045 0.06033317451857957 0.004702063121112224 0.9981672197858006 17.526167102457205
0.9980591621110353 0.006247871146037343 -0.0619586396910131 -0.889954296635338 -0.00657507570507609 0.9999654878426726 -0.005078533551877889 -0.22431196753031818 0.06192477134144937 0.005476059688091958 0.9980657971619911 18.439727255878974
0.9979962938413705 0.004376484850717079 -0.06312086706660945 -0.9470847930974201 -0.0047516106302704 0.9999719249799426 -0.005794087359163184 -0.23436668435334335 0.06309373721144941 0.006082403493583605 0.9979890704273433 19.32151972041911
0.9979588390368296 0.0044386798862495955 -0.06370599429512899 -1.0089310456887568 -0.004709766339526448 0.9999804803446833 -0.0041057314382176475 -0.2437711757266479 0.06368652674852558 0.004397391327037985 0.9979602643693912 20.22627376850568
0.9979544162697626 0.005705289011541749 -0.06367442755904879 -1.0696906142774723 -0.005750345643741642 0.9999833291418185 -0.0005243695475844364 -0.2587214052109793 0.06367037437187935 0.0008894468729012126 0.9979705868970308 21.136217053892025
0.9980006577090694 0.006228787589005743 -0.06289586168768328 -1.1376234346557759 -0.00603585710732316 0.9999764799184182 0.003256998456976447 -0.2654175863407304 0.06291466952345146 -0.002870856168431071 0.9980147807240203 22.07127106685263
0.9981075185407737 0.004946524491426902 -0.06129366466311884 -1.1971800887341681 -0.004589196222030297 0.9999716536720868 0.005969181715029999 -0.2695328617370955 0.06132145391634845 -0.005676596495001138 0.9981019264292686 22.98684377225441
0.9982055192769099 0.00515146223947004 -0.05965906236197597 -1.2552522502936132 -0.0047544359993763625 0.9999656113497447 0.00679495814987535 -0.27563087393227 0.05969201473767369 -0.006499119534678334 0.9981956846339451 23.928761831692906
0.9982955981089945 0.005713369140121743 -0.05807974009303125 -1.3187506636941033 -0.005492529248371215 0.9999770699117929 0.003961284271605271 -0.28475010616634994 0.05810104059878048 -0.0036355279800031276 0.9983040879499816 24.861392015221778
0.9983465115418406 0.006944265234781631 -0.05706154635642986 -1.3818969531890688 -0.007001901461347304 0.9999751581687087 -0.000810198365303068 -0.2931302110540257 0.057054502610780565 0.0012083980364770756 0.9983703338471257 25.83543770090691
0.9984235423565085 0.006362444111493399 -0.055766920062073545 -1.4375230031727122 -0.006584504785799524 0.9999711051356936 -0.00379910389764084 -0.3018002202956776 0.05574113709826301 0.004160312323301035 0.998436586587433 26.780148666141876
0.998478231474476 0.00360304424814628 -0.055029440699947245 -1.4935598107881023 -0.0037672360782009784 0.9999887559339786 -0.002880266991888026 -0.3078740157134499 0.055018444215864576 0.0030831927866027662 0.9984805780376029 27.753424965999148
0.9984668099889473 0.0015400323146199549 -0.05533224783944274 -1.5460977042224984 -0.0014213753644358486 0.9999966054912052 0.0021837349061283786 -0.3187333202073165 0.05533542303596273 -0.0021017389316456323 0.9984656096485715 28.697447657441806
0.9984250037380507 -0.0020136246000680208 -0.056066542845479926 -1.5986889391325112 0.0023299016403414974 0.9999817380153938 0.005576306488921224 -0.3300035590764393 0.056054290371213844 -0.005698153357189613 0.9984114620632601 29.672508651828895
0.9983190507466301 -0.009654962772102678 -0.05714765620931004 -1.6436918713965116 0.009950026729412252 0.9999385850543254 0.004880890045607964 -0.3352514884294977 0.05709702167742334 -0.005441306223935889 0.9983538061740158 30.601855726340062
0.9982069183716678 -0.011984968922583897 -0.05864561905943181 -1.7025119315738892 0.012064490111639174 0.9999267192849878 0.0010020670173733585 -0.34244281249521347 0.05862931172447312 -0.001707799720647597 0.9982783615940134 31.58276261358879
0.9981364777615411 -0.011767232619604523 -0.05987573797675763 -1.7665462292705505 0.011619054928023148 0.9999285134637219 -0.0028223261347307916 -0.354953008997787 0.05990466863579822 0.0021213671788066924 0.9982018485641703 32.52936972237655
0.9980137416904885 -0.010553603029573973 -0.062106302901120736 -1.8331326606940008 0.010362280726296006 0.9999405234839095 -0.0034018572683686583 -0.36815344011910095 0.062138510885770416 0.0027515373555678448 0.9980637427073878 33.51670156643938
0.9979488889805597 -0.010575632526995015 -0.06313613053649726 -1.8891118392768207 0.010483397603622501 0.9999434419714659 -0.001791991334136056 -0.3870053138032321 0.0631515111232661 0.001126434601395597 0.9980033155195106 34.46371639380249
0.9978766098862054 -0.007952529157904125 -0.0646454075863693 -1.954772891323686 0.008037522986731077 0.9999671422649395 0.001054805540247086 -0.398873348471816 0.06463489511287904 -0.0015721547260529576 0.9979077405568431 35.44252865427944
0.9977967550833381 -0.008130079606457447 -0.0658447974463832 -2.0292978460057842 0.008303087486740373 0.999962757364118 0.0023542775829145596 -0.4080738370371749 0.0658232047484022 -0.0028958056465415802 0.9978270992643496 36.46142505295765
0.9977448168645725 -0.00679224860284944 -0.06677683564529804 -2.0964099823667053 0.007137065845041304 0.9999623951494079 0.00492651785572717 -0.41234716712849945 0.06674086237834789 -0.0053919983286665136 0.9977557735453185 37.42953346122631
0.9977491019819404 -0.007327061091705607 -0.06665616003034522 -2.162335855517291 0.007881223273568723 0.9999365029872379 0.00805458337629887 -0.41823683115910015 0.06659291113883453 -0.008561785410298707 0.9977434940988803 38.39328058756543
0.9977500534917096 -0.0015954414884099414 -0.06702451285722834 -2.244509400079725 0.0022917868310273525 0.9999441849753945 0.01031380856012452 -0.4215674094170973 0.06700431680431357 -0.010444208938489673 0.9976980204597158 39.405481766206236
