1.0 0.0 0.0 0.0 0.0 1.0 0.0 0.0 0.0 0.0 1.0 0.0
0.9999779439014687 0.0013550201243789353 -0.00650197132059742 0.013400476686617762 -0.001369851288451413 0.9999964691216592 -0.0022771147669945232 0.019346883110581383 0.006498862826592916 0.0022859712765178424 0.9999762692770684 0.088607755291314
0.9999069041259089 0.0018449338932373027 -0.013519589500803408 0.00468635133430529 -0.001876710769729225 0.9999955055601761 -0.002338122352375711 0.01847238258453661 0.01351521505664752 0.0023632770420500557 0.9999058725118054 0.18258004581788184
0.9997765206328212 0.0020733236874627835 -0.021038301267380273 -0.0054238928201935386 -0.0021377973070811776 0.9999930863152926 -0.0030425555524570404 0.017827453490132962 0.021031847612701198 0.0030868512278625355 0.9997740408389751 0.28010613977209353
0.9995393359343585 0.0026119329382170943 -0.03023729032548875 -0.017805506896109973 -0.002750338709118859 0.9999859271914602 -0.004536634878512111 0.01905316081233453 0.03022501541582338 0.004617707803885694 0.9995324533089213 0.38379658119984805
0.9991286252683869 0.0027137650062800936 -0.041648837304230246 -0.034994412121993335 -0.0029719443446635037 0.999976744181699 -0.006138293132559442 0.018964660571253858 0.04163121084133602 0.006256722405516603 0.9991134548731812 0.4972029155099674
0.9984738235265742 0.0025175851325403074 -0.055169606644638054 -0.05451726596841669 -0.002907091211715879 0.9999714065290684 -0.006981041825081053 0.017805860757924265 0.05515045378698568 0.0071307706019180525 0.9984525925439385 0.6236679869138895
0.9974486544371549 0.0023733680784775546 -0.07134808256339673 -0.08015385576752024 -0.0028787427242465574 0.9999714872005873 -0.006981233857522736 0.017524945565251467 0.07132947919224426 0.007168815091065472 0.9974270466998341 0.7621723204068955
0.9959524251608236 0.0007671630046474163 -0.08987868644566713 -0.10832869907748613 -0.0013963520508087275 0.9999749585561253 -0.006937756238573116 0.014612905639869863 0.08987111336366345 0.007035177439123915 0.9959285563037015 0.9140542044353721
0.993953762128757 -0.0005855951760120953 -0.1097978862655397 -0.14106601700228538 -0.0002045808348618179 0.9999741649175237 -0.007185237935044034 0.01376347306750105 0.10979925726876555 0.007164256820565531 0.9939279634497843 1.0767416462880917
0.9912545467775928 -0.0009210478434871915 -0.1319605060751868 -0.18480591098645688 -7.730289219301197e-05 0.9999714182605056 -0.007560204119970983 0.010865665432913334 0.13196369772407962 0.0075042876372627765 0.9912261437987017 1.2453220582743825
0.9877651421353592 0.002642125057409141 -0.1559264030159596 -0.24156347467515493 -0.004086606589560928 0.9999516508296463 -0.008944028714569915 0.005795182706089228 0.15589523286135662 0.009471809660561405 0.9877281818359022 1.4178375909772638
0.9834329312839005 0.006852352348226013 -0.18114280259963766 -0.3072212226348424 -0.008886596487520102 0.9999062127475751 -0.01042084985349735 -0.0008741502406263836 0.18105440637892117 0.011857949911215747 0.9834015919016397 1.5947170855748924
