-0.9802270920216853 0.004977176345886435 -0.19781323459852856 -0.10254924217419352 0.005531129082651887 -0.9986037996300822 -0.052534350433157975 -0.026206639696331954 -0.19779852041352985 -0.05258972409116397 0.9788309691883644 0.9943826553088335
0.9998751836771984 -0.00048447840434070067 -0.01579184432433746 -0.2063818303620245 0.00025297222534614904 0.9998925255481438 -0.014658559206396533 -0.059933256848207606 0.01579724885989911 0.014652734680937765 0.9997678451994886 1.9884054462634584
0.999730390441546 -0.0001392701589371855 -0.023219109186541215 -0.3177937588234004 -0.00021746473681098926 0.9998819951230447 -0.015360616454021389 -0.08981851697290782 0.023218508493913534 0.015361524422469875 0.9996123870934854 2.981730294142212
0.9994809621583014 0.00040977664440879243 -0.032212394605450674 -0.47572719702961025 -0.0009482025828718272 0.9998600727843886 -0.016701370107231082 -0.11395669849159384 0.03220104338336575 0.016723245339902597 0.999341496121483 3.9688849817414367
0.9990554757943697 0.0005700348213852519 -0.04344918118431598 -0.649532193025737 -0.0013669471323292715 0.9998313548348526 -0.01831374742209386 -0.12897490950036916 0.043431414216238966 0.01835584237797987 0.9988877691261275 4.953550547650189
0.9983910811590905 0.000483082136398246 -0.05670110839861515 -0.8404946828882127 -0.0015744954378386503 0.9998143187703176 -0.01920544053028226 -0.1487299574190373 0.05668130226184147 0.019263816171659152 0.9982064592860567 5.934949073028924
0.9973449908811864 0.0003663555680788225 -0.0728205667912813 -1.0117866521272765 -0.0017690667414437908 0.9998141170396773 -0.019199004428232122 -0.166799472308504 0.07279999702657984 0.019276855339206575 0.9971602495492693 6.920003667409207
0.9958345352128058 -0.0011180764814005544 -0.09117197147411081 -1.201037756409735 -0.0006293492406953967 0.9998167061001405 -0.019135258623773042 -0.19999879940535406 0.09117665489053413 0.019112930388801797 0.9956513011566476 7.901370991230772
0.993840025993585 -0.002274348465380095 -0.11080085772288793 -1.3926554601641519 0.00014229225171606187 0.9998147618392966 -0.01924634409819088 -0.23795492771323973 0.11082410606896277 0.019112021015290043 0.9936562525173012 8.882106423408867
0.9911510433307339 -0.0023750404536448 -0.13271762688972524 -1.6514231401840647 -0.00022413217505404102 0.9998085451054499 -0.019565860545650248 -0.27396823723071984 0.1327386871607703 0.019422469383867696 0.9909607502892674 9.84737443244413
0.9877223735176657 0.00137525003591223 -0.15621338463770218 -1.9719216115935507 -0.004729569846737781 0.9997661195913563 -0.02110301604764 -0.3091119784271571 0.15614782746389005 0.021582743212595703 0.9874978689464228 10.793971309307327
0.9833715795895303 0.0056680142573546765 -0.18151641818295539 -2.2868193415748617 -0.009924476090643957 0.999696460198388 -0.02254977252965632 -0.36400079600846075 0.18133350829319256 0.02397626078418882 0.9831293392473296 11.741508452385945
0.9780822200723079 0.00840099386059012 -0.2080494991115779 -2.64697456925773 -0.013558512091526672 0.9996347925199329 -0.023376234373710943 -0.41088836489167513 0.2077771342768208 0.025684720862510196 0.9778389221062571 12.673221803064058
0.9714635307816183 0.009164338298664098 -0.23701186313106368 -3.0092345549396287 -0.015142290399461585 0.9996111710241327 -0.023414051448234476 -0.45227572210937006 0.23670513176264002 0.026334799549452347 0.9712245666836898 13.604379571333306
0.9636057102319125 0.01184003980316261 -0.2670652517006091 -3.4217170980377363 -0.018550218682185173 0.999572096552039 -0.022616657166873635 -0.513777928819486 0.2666831914375056 0.026747658813816078 0.9634130153535846 14.513266599630063
0.9544115905957602 0.01386653422618594 -0.29817148583495356 -3.8722848367100218 -0.021212338387611093 0.9995456337268903 -0.021414079425425295 -0.5441436537013074 0.29773906770291214 0.02676276006063193 0.9542720797745985 15.40549226369995
0.943480931052944 0.015855293066787648 -0.3310473416616342 -4.350659693567937 -0.023901457189089693 0.9995092483622179 -0.020248031574251594 -0.5692854941472641 0.33056384116189497 0.02701614554595181 0.9433968808492708 16.28328801678626
0.9313915921418507 0.018731232381459666 -0.3635365772806618 -4.864910471541029 -0.02769611245222333 0.9994268987472733 -0.019462769983766566 -0.6015594147486285 0.36296367234545723 0.02819601024753256 0.9313765927720218 17.140320414886055
0.9181034637689913 0.02046941954555511 -0.39581186525778517 -5.422191549929854 -0.030491786533496656 0.9993535513386292 -0.019045481901628896 -0.591338071320738 0.3951661432478428 0.029554733805900662 0.9181341061850863 17.97058141227142
0.9027862082566326 0.020741659836993425 -0.4295891592310222 -6.000581936581894 -0.031726673382556816 0.9993267624417389 -0.018423899255819658 -0.5988198802132695 0.4289178014231708 0.030262277094073486 0.9028364825412152 18.786307213663314
0.885037622069663 0.015786862855172133 -0.4652517409773625 -6.580504174997017 -0.02785608901826424 0.9994298817788634 -0.01907746608155837 -0.6036734697785416 0.4646853191417622 0.029844369128504914 0.8849728062519432 19.600964589085542
0.8650812636877279 0.01101082855771373 -0.501510886094126 -7.216917070963143 -0.023917797482624382 0.9995273797531408 -0.01931207102825564 -0.6226675082822923 0.5010612199921514 0.02870154661848136 0.8649357635348902 20.372079270812648
0.8409034295546097 0.012639091774225404 -0.5410375915982333 -7.881054844695356 -0.025159401843859213 0.9995593225672926 -0.01575325895406974 -0.6618330244816827 0.5406000616557063 0.026859151660792863 0.8408508543790084 21.118662876243942
0.812939970088806 0.01818717142442669 -0.5820634259490869 -8.610169694740343 -0.03083453075846382 0.9994544201373606 -0.01183612186475259 -0.6895537972408157 0.5815305982877558 0.027569709165503404 0.8130572393082872 21.80249260229598
0.7813899063777452 0.02152510754406401 -0.6236717758213802 -9.3679069076025 -0.03494609494205044 0.9993459957001 -0.009292541443340867 -0.7296254884442842 0.6230638688443418 0.029055991178954584 0.781631092470949 22.4538209187493
0.7467080409105624 0.02097581281582954 -0.6648211164788794 -10.154769008703836 -0.03513059771530916 0.9993512907938235 -0.007927086027259356 -0.7600138715993654 0.6642235638274768 0.02927478207320653 0.746960537371883 23.07020114235972
0.7082795431713593 0.016980863783876844 -0.7057278080039942 -10.953141599286214 -0.030095834917567274 0.9995280699579897 -0.006154517582269692 -0.7770789725628674 0.7052902448251956 0.025598586508034902 0.7084563380499931 23.672123055049394
0.667392495448693 0.013509775204005526 -0.7445836037630037 -11.78769799557977 -0.025676310926673915 0.9996584147032059 -0.004876573619786978 -0.7875835044333582 0.7442633835383561 0.02237274875847116 0.6675114051737451 24.222945418699545
0.6240227566882139 0.013114974934835816 -0.7812961004431669 -12.65443097732786 -0.023899488684630592 0.9997117040047182 -0.0023072313701752393 -0.7941737308601757 0.7810405966246919 0.020112342191821758 0.6241562946215508 24.721674310368943
0.5776505643542612 0.013901073874257422 -0.8161657831876709 -13.546340061878235 -0.022535837505513627 0.999745454747733 0.001077840050105574 -0.7954378353192268 0.8159730151966594 0.01777036455425052 0.5778167984876182 25.173887298732613
0.5283986347114908 0.014746049635172611 -0.8488683271598652 -14.46569124726164 -0.021747737460010106 0.9997561546192764 0.0038297801827863777 -0.8007465036245122 0.8487178086681123 0.016437314897361284 0.5285904803612741 25.567289403483247
0.4774315742252664 0.016320954015075936 -0.878517340974451 -15.406855090690355 -0.02206185862607725 0.9997349317217272 0.006583364589362458 -0.7889803490200927 0.8783919206861743 0.016238619257537463 0.4776650928400172 25.905035132511987
0.424583438607398 0.018385193797490332 -0.9052021256655027 -16.361196468584954 -0.02153320755912557 0.9997160520649424 0.010204715375788907 -0.7852690008764913 0.9051327110609431 0.015159152110654715 0.4248587712108025 26.20373022852492
0.37091060499348405 0.020540825850240595 -0.9284413807972778 -17.32988387641323 -0.021746669281524026 0.9996733187201917 0.013429006445677358 -0.7876926267344833 0.9284139192615151 0.01520954675025234 0.37123612998888544 26.452001925584465
0.31732194151431703 0.023619578254323426 -0.9480236816433805 -18.307808101259514 -0.019765081749675006 0.9996373474912219 0.01828975243525575 -0.7836920388388842 0.948111874715749 0.012934025815737743 0.3176737068112263 26.660923455372945
0.2651580092427015 0.02543250152348235 -0.963869502578385 -19.29301610932736 -0.015666118649438714 0.9996337549135254 0.022066462424863174 -0.7910029282738508 0.9640776954483017 0.009248994742362869 0.26545932501109615 26.832130148092432
0.21537131507299545 0.02596067652625098 -0.9761870926815338 -20.284497233986603 -0.013188127075148421 0.9996327268675597 0.023674557642689466 -0.7913389421233465 0.9764431729230214 0.007775258814126306 0.21563458767645605 26.962380164168554
0.16945312982735836 0.027164215052862935 -0.9851638149121554 -21.28321202092296 -0.0154563013912379 0.9995703821212137 0.024902890060269224 -0.7862733926720323 0.985417038384772 0.01100711618056476 0.16980018802808175 27.012809422329703
0.12799332813965297 0.027698275948904106 -0.991388174965382 -22.282556857226158 -0.017708372635139323 0.9995144078749196 0.02563907153280695 -0.7751978801331925 0.9916169227531109 0.014274241132463113 0.12842166697929971 27.04726571336286
0.09095509322061983 0.026415468193716887 -0.9955045926852032 -23.2822414118346 -0.018920381899377697 0.9995135406525543 0.024793168433602665 -0.7567251885840609 0.9956752433228464 0.016580262130075643 0.0914106380116008 27.064281902592114
0.05726605014136462 0.02380924128595743 -0.9980750069662054 -24.282047765542167 -0.018246095900400005 0.9995735725566588 0.022798092698980855 -0.7414061134641978 0.9981922056826529 0.016905415573270483 0.05767605602583187 27.051929522238503
0.02645867480513537 0.021224421165410446 -0.9994245656745421 -25.281582088197677 -0.0177868489863505 0.999626300673548 0.020757817921332234 -0.7352786257665339 0.9994916540575477 0.017227389468857292 0.026826302790273638 27.022036519728978
0.0003493489860590193 0.019474404198616953 -0.99981029477416 -26.28015828983087 -0.018241221456944748 0.9996441264981625 0.019464793795080954 -0.7239764892440107 0.9998335540453942 0.018230960995932514 0.0007044615817409143 26.969903695960717
-0.019905684646480057 0.01706151335461034 -0.9996562751670214 -27.27764783455077 -0.0188652976655596 0.9996699643023481 0.0174374027805983 -0.7049022442802411 0.9996238613912457 0.019205916635074673 -0.01957724453190098 26.90170705878916
-0.03583614252403959 0.016177429295584928 -0.9992267318633851 -28.275166909710247 -0.01865245126770896 0.9996839681239917 0.016853781106218893 -0.6851912039907443 0.9991835952169663 0.019242002423265306 -0.03552306844911622 26.83412622263908
-0.04872235139330431 0.016585214013683878 -0.9986746533034797 -29.2722156279575 -0.017590114836593125 0.9996928158506871 0.017460291995259173 -0.6691162403370774 0.998657458959148 0.018417508318025754 -0.048415648840148984 26.759056596143907
-0.05798183962394648 0.0178985539857024 -0.998157176019409 -30.26838525974477 -0.019103254199390858 0.9996363055838944 0.019034763922266836 -0.6725087915134893 0.9981348465777637 0.02017172089346545 -0.057618831326049454 26.671680653460744
