1.0 0.0 0.0 0.0 0.0 1.0 0.0 0.0 0.0 0.0 1.0 0.0
0.999978570590976 0.00033740763349252717 -0.006537928947094866 -0.004660480084025248 -0.00033433804421860306 0.9999998333805593 0.0004705921013894978 -0.0021474020380808463 0.006538086639116071 -0.00046839613850145737 0.9999785167833141 0.07141376184398923
0.9999129318850359 0.0015763113463895155 -0.01310129350906831 -0.022466780994720922 -0.0015651321898399236 0.9999984023668811 0.0008634957520785606 -0.008434055839940289 0.01310263371615946 -0.0008429153129315674 0.9999138015266492 0.15533573267311968
0.9997831928658751 0.0017699039098591951 -0.020746920327278068 -0.0295806509791851 -0.0017669700859037022 0.9999984261485542 0.00015974082214549926 -0.008850108582637618 0.020747170400613194 -0.00012304700160272418 0.999784746722915 0.23884748492437335
0.999544911463384 0.00226258987670334 -0.030080735607791825 -0.03975921542249464 -0.0023067144078323994 0.9999963138585192 -0.0014322492851553236 -0.0065944366160606395 0.030077384133211014 0.001500985151148761 0.9995464461480913 0.3431855608711112
0.9991334934422936 0.002324795090594841 -0.041555476288751225 -0.055485187533341467 -0.002446576110076969 0.9999928600546287 -0.002879948801866027 -0.008313281638727545 0.0415484842940849 0.002979121942874278 0.9991320474718612 0.4473508619282672
0.998478403193297 0.002196534785756913 -0.05510039556571944 -0.07400001941222316 -0.002420862209869733 0.9999890503082319 -0.0040048333050617165 -0.007382243260066151 0.05509099547770596 0.004132130028867279 0.9984727876706003 0.5649068201748748
0.997426737698582 0.002017846964147547 -0.07166471389458853 -0.09602972630238901 -0.0023187378024007283 0.9999888423920207 -0.004115646543410582 -0.007530856938875763 0.07165560954292181 0.004271227586520076 0.9974202876600897 0.6995898855313365
0.995906313803797 0.00036951820728716583 -0.09039069411187982 -0.12780923628175375 -0.000771105355644652 0.9999899878060219 -0.004407911551183269 -0.0071676819653968635 0.09038816029914228 0.004459567692842214 0.9958966275340675 0.8713834977899525
0.9938965013099741 -0.0009299543809404606 -0.11031264600507892 -0.16155691827157928 0.0004354536802859307 0.9999897498442348 -0.004506726811915715 -0.010154156612919341 0.11031570633361695 0.004431183963037887 0.9938867186680787 1.0301605819086057
0.9911779452268821 -0.0011557916061647254 -0.13253280741604545 -0.21593882611792434 0.00047691341718827756 0.9999866044856636 -0.0051539696182364494 -0.011874828642945267 0.13253698898574687 0.005045294341891034 0.9911652191010313 1.232282178725761
0.9876646481293531 0.0023778251848432684 -0.15656592471834674 -0.2877383319667274 -0.003461151098416935 0.9999719183280321 -0.006647028541339446 -0.018128812816858346 0.1565457226135375 0.007106933427701346 0.9876451428669405 1.450475195102516
0.9834056144375356 0.006484548023341237 -0.1813045728316451 -0.3732353965794043 -0.008071368662476335 0.9999352979034432 -0.008015797818486357 -0.027654094162735576 0.18124086321976818 0.009346156626412633 0.9833943252102217 1.666240622938699
0.9780574126676266 0.009142321413696364 -0.20813484928064233 -0.4556038871720208 -0.011247646116572065 0.9998968322138662 -0.00893394568553155 -0.03453760556124443 0.20803169946607505 0.011078938931338834 0.9780593382455953 1.8765739667419217
0.9713525389100657 0.0096474095094349 -0.23744719969442835 -0.5354071543526143 -0.01219297065484352 0.9998828383742947 -0.009254241793599073 -0.03701160805762191 0.23733010053421072 0.011884317999849044 0.971356364248518 2.076338803438553
0.9633842632772601 0.01149477529769579 -0.26787801591505295 -0.6272204622389899 -0.014331921869421923 0.9998599790091681 -0.008638193753028458 -0.04168841626046036 0.26774121327367334 0.012161106719437861 0.9634141114796376 2.276414294889599
0.953982853607778 0.013187495674597599 -0.2995710349486282 -0.754698114970596 -0.01623408111284555 0.9998386984550115 -0.007683207807311779 -0.04515975702695228 0.29942139140813123 0.012192908989295984 0.9540430615740555 2.5325917770011306
0.9428721201393993 0.015707880006439665 -0.33278435595673117 -0.8753585127604272 -0.01894909481887412 0.9997993452432588 -0.0064962340395513605 -0.05073814583926995 0.3326155391279524 0.012431080277055606 0.9429805784711404 2.7483351989240594
0.93041822221593 0.01801690536246497 -0.36605644768219425 -0.9979180501853189 -0.02176714018895869 0.9997443362676947 -0.006119943517797023 -0.05282278610535786 0.3658525978813617 0.013662108981661184 0.9305725245254297 2.9554870571265295
0.9165436472591587 0.020512009246671917 -0.3994083125644008 -1.0959251238278627 -0.02483217724723747 0.9996756993201488 -0.00564439207828783 -0.05180747817918241 0.39916300635459634 0.015091509713613891 0.9167557693805499 3.108125501999181
0.9005925382927813 0.021288674217743345 -0.4341426865921098 -1.2362672818938238 -0.026019785443061477 0.9996491381975676 -0.004956941229983829 -0.05267739537674537 0.43388483579961773 0.01576048384128029 0.9008304815070521 3.312396304820092
0.882224704741376 0.016873134291435214 -0.4705261604663165 -1.4068281815887151 -0.02208011439806026 0.9997408060222066 -0.005548812687176909 -0.055065856123915874 0.4703105770575007 0.015284571084986215 0.8823685981462558 3.5557696924376923
0.8609875781761274 0.011976418234786465 -0.50848496106834 -1.5256486662734265 -0.017454245050832658 0.9998296294522244 -0.006005114414676376 -0.05747586626546938 0.5083264104452092 0.014045550031712706 0.8610499305895073 3.7138605693494857
0.8357987849909895 0.013707563202600316 -0.5488647317132258 -1.6839289172753262 -0.018134909429326048 0.9998320498016381 -0.002645231453985183 -0.0637232454661066 0.5487362900953198 0.012164493433831485 0.835906997836436 3.894780139766486
0.8066033941960913 0.01950864695459672 -0.5907710023057534 -1.8951240413488863 -0.023224352832751392 0.9997294275490797 0.0013042729353063402 -0.07148288080707155 0.5906366005479543 0.012668243224330853 0.8068382252389665 4.094594851608331
0.7742886484056105 0.022450302428445614 -0.6324342439108456 -2.170512350895219 -0.026416745176278383 0.9996460737939097 0.003143679804513853 -0.07580207160628019 0.6322809854206463 0.014272738675288084 0.7746076712802445 4.3236787255108995
0.7379438416179123 0.021754842083752196 -0.6745113886837695 -2.3560239531574108 -0.02595038429345218 0.9996558151033119 0.003850829151713032 -0.07709529645943132 0.6743630062312277 0.014662134089024583 0.7382543990053405 4.47697875156461
0.6982112399312285 0.017729792223326102 -0.7156722147054562 -2.5951040499938207 -0.019963841093606424 0.9997866994001905 0.0052915736093122 -0.0806121561629985 0.7156133798934202 0.010592930198543897 0.698416265809527 4.658623170238769
0.6553661302562045 0.014227555634199897 -0.7551773380959479 -2.8090455930689484 -0.014792046109475942 0.9998725858121287 0.006000626072599407 -0.08110379237806666 0.7551664920300037 0.007238010917632629 0.6554930819719261 4.804328685161659
0.6096229238631954 0.013801460342006855 -0.7925713913540626 -3.1099718506120118 -0.012185607559032537 0.9998934382376888 0.008038851760720698 -0.08063971765043362 0.7925978814436139 0.004757295622683677 0.609726140549553 4.990132245676731
0.5618354889152198 0.014536816755291703 -0.8271212513011722 -3.407804635239717 -0.009596280334069831 0.9998928447477498 0.011054882450887841 -0.08165916500777613 0.8271933237152876 0.0017262621110578401 0.5619147846604312 5.135247103965786
0.5113414181551794 0.015370482173296564 -0.8592401889790817 -3.732565192637447 -0.007727195845079096 0.9998818551322851 0.013287822304370662 -0.08253252400220812 0.8593429143964711 -0.0001550966831067584 0.5113997765169612 5.266988920179848
0.4582549127949109 0.01691672754303486 -0.8886598107423116 -3.7355553467355365 -0.0061726270074691355 0.9998553207479796 0.015850433678055078 -0.08252653675170525 0.8887993775735638 -0.0017781735546582235 0.4582930334662037 5.268100456600554
0.4042649268404298 0.018992223105251872 -0.9144447300893697 -4.076747313562876 -0.004828715597402768 0.9998147755627684 0.018630568216007018 -0.07861641741336094 0.9146291884869958 -0.003116091765694389 0.4042817551408015 5.363016015911633
0.3488861616261971 0.02114138437933618 -0.9369266183070379 -4.4268568100240415 -0.004072308222356465 0.9997702776419188 0.021043009517257287 -0.0775510888451538 0.9371562636676343 -0.0035261608480630213 0.3488921089078869 5.447626079234402
0.29361222867058556 0.024353166240018816 -0.9556143481913483 -4.779558693783001 -0.0012571563018432784 0.99968440592749 0.025090000068452488 -0.07698021865585297 0.9559237829100832 -0.006165374237482845 0.2935501821280096 5.519851557427214
0.2401508097707715 0.025984451173398707 -0.9703877559324714 -5.113129155862199 0.0033206238805406634 0.9996138402646733 0.0275888348495712 -0.07194621065433404 0.9707299119855566 -0.009847773785490215 0.2399717886085432 5.570446073312783
0.18907327317463843 0.026497634109917723 -0.9816054058314896 -5.521561234242322 0.0063148018322318296 0.9995823758115024 0.028199241919819457 -0.0701733926651252 0.9819426768650236 -0.011530366586097083 0.1888269842939356 5.6187662469969455
0.14154305108481147 0.027674581407130316 -0.9895451895863779 -5.956112950609655 0.004767218252560948 0.9995785068513164 0.028637078604943883 -0.06508661112825784 0.9899206222317701 -0.00877075736942938 0.14135146088891978 5.637688632812887
0.0994919624137914 0.027774826361378294 -0.9946506464259932 -6.319147311374413 0.002879999026703185 0.9995981222007015 0.028201058463081054 -0.055009897055722304 0.9950341979151566 -0.005670371542254528 0.09937198733000138 5.639112057422281
0.06131940763144385 0.026336972176517315 -0.9977706620984104 -6.647186882607965 0.0017306744972296695 0.999647504069703 0.02649287400412114 -0.048046250862136756 0.9981166940861743 -0.0033513435793648435 0.061252212063725726 5.639071696722849
0.026993810524037237 0.02367986745278092 -0.9993550910816481 -7.117535995446623 0.0026700420323043012 0.9997141139950239 0.023760495674352563 -0.04116290963682367 0.9996320348352881 -0.003309706416575954 0.02692286712996941 5.624664263414614
-0.004307663319082576 0.020933416236266517 -0.9997715919755905 -7.500860311660764 0.0032006076840995564 0.9997760356539283 0.020919718988753954 -0.03605670477754009 0.9999855999699109 -0.0031097615334881364 -0.0043736982089441975 5.603694243876641
-0.03092857935119604 0.01917692728581615 -0.9993376148425462 -7.950137692026499 0.002766675650203719 0.999813742042357 0.01910043792970517 -0.03284469197930193 0.999517767968716 -0.0021740936351660354 -0.030975874994940436 5.569944693108016
-0.05169913498213594 0.016760487560092338 -0.9985220505821816 -8.501540350826707 0.0020795785402933265 0.9998587956646297 0.016675253676388335 -0.023531239287718192 0.9986605403214819 -0.001214408837723415 -0.05172668959039617 5.521363696570726
-0.06796696814699742 0.015980190285229602 -0.9975595845659301 -8.964019921623331 0.0025777425212296762 0.9998711913292792 0.0158415906165704 -0.015082121297554926 0.9976842418743516 -0.0014947468737615728 -0.06799940622817285 5.479343335093976
-0.08096208380745931 0.016376675076899893 -0.9965826335527717 -9.50682818575979 0.003449590172928797 0.9998636240050454 0.01615034733796402 -0.006932224797227205 0.9967112125952998 -0.002130235884519301 -0.0810075353401368 5.424083938807604
-0.08998784087311083 0.017546233000617955 -0.9957882898500475 -10.082526999631074 0.0020713165024651542 0.9998459309398033 0.01743054878841929 -0.005941953719903435 0.9959407101544462 -0.0004940552670246738 -0.09001032033300847 5.348471225092511
-0.09673997538633682 0.019053894303809746 -0.9951272914929571 -10.639353614105007 0.00030504656865855623 0.999817263525756 0.019114039407223837 -0.006333346606539737 0.9953096423268702 0.0015455315361398978 -0.09672810978939303 5.284780331469213
-0.10122535991798168 0.02002019077708013 -0.9946620624467001 -11.201336015224992 0.00047399539288078883 0.9997983578089819 0.020075334389033663 0.00041950758869326726 0.9948634086334883 0.0015606677139307272 -0.10121443809281394 5.2237419429679415
-0.10239451866368439 0.020624828646610447 -0.9945300292052167 -11.818105785991778 0.0027617714711001117 0.9997870725129807 0.020449504988287796 0.01193554775152342 0.9947400339616247 -0.0006527474416249826 -0.10242967711949312 5.15506230982181
-0.10163673887348464 0.022794612191941798 -0.9945603948308926 -12.445163418960584 0.004837095198851822 0.9997369622263902 0.022418939947895067 0.020571654653564565 0.9948098189207829 -0.0025321953655001277 -0.10172026428116748 5.094233235803233
-0.10003677549475415 0.02527131943001682 -0.9946627589102134 -13.0689046960934 0.004042528123497034 0.9996794724030577 0.024992207231768666 0.02532229807126797 0.9949755280985475 -0.0015208123523268529 -0.10010687096701244 5.027357792801276
-0.09827374782644353 0.025319046922743962 -0.9948372813435711 -13.720553305815324 0.0016192610653837304 0.9996790397595985 0.025282315141812457 0.029192644796445285 0.995158102253982 0.0008736865866433294 -0.0982832040076104 4.957101837328315
-0.09675423404685708 0.02271941894994757 -0.9950489667330858 -14.360866098684909 -0.00021920420948442847 0.9997389305289485 0.02284781683989882 0.0397247734447882 0.995308278948548 0.0024287419401383416 -0.09672399427788139 4.892441510214806
-0.0952456428204723 0.022589459244512142 -0.9951974597308589 -15.071385460997222 -0.0005508533092651957 0.9997411401352412 0.022745313401231447 0.05237970751878061 0.9954536473811058 0.0027145998101184704 -0.09520854406787337 4.816620058502864
-0.09363576097344331 0.02522033800050446 -0.9952870333818599 -15.772458500782172 -0.00010924056959450132 0.9996788364487814 0.025341902511629828 0.06779578041662315 0.9956065148106567 0.0024816340486279315 -0.09360293349583926 4.75055649575109
-0.09141664115628996 0.02886217830233926 -0.995394380325379 -16.4775938696484 -0.0011918956506895215 0.9995760016612176 0.02909289067335697 0.07701235002762377 0.9958120189596328 0.0038459805795160273 -0.0913434799475144 4.676322130405129
-0.0896299428470342 0.031110573703549662 -0.9954891287950223 -17.206387671930784 -0.0017139587280837244 0.9995057298869812 0.03139041682698647 0.08317729460030007 0.9959736621471051 0.004519748547158066 -0.08953231920571819 4.6089465846199005
-0.08747214067247984 0.030493408451446342 -0.9957001439425356 -17.994562819674343 -0.0034561161376445984 0.9995160762072727 0.03091389112455944 0.0986841142084759 0.9961609708613448 0.006145359568916041 -0.08732442206136656 4.527844754574247
-0.08546250783554897 0.027468582295953788 -0.9959626683471164 -18.769019539614696 -0.005781713899441978 0.9995893870632409 0.02806472973181838 0.11422474538419383 0.9963246115292163 0.008156853387515957 -0.08526860034016509 4.44532476900868
-0.08391339039246953 0.026867903562157562 -0.9961107662659886 -19.528421316602284 -0.006727218620795817 0.9995983774479488 0.027528682007258415 0.12918013652960042 0.9964503436912795 0.009011079935464976 -0.0836989426213235 4.376319782596678
-0.08206774549077953 0.029279177276032867 -0.996196574441058 -20.31289061231912 -0.004073561091105904 0.9995501609788464 0.02971332676089636 0.14286505233718674 0.9966184281108281 0.006496573343033692 -0.08191155769914818 4.305952102282531
-0.0811526663557111 0.031457906852386815 -0.996205121869901 -21.12342069752853 -0.001715658869657397 0.9994959060181112 0.031701583046883294 0.15494408112983388 0.9967002063098019 0.004281816145285798 -0.0810577867480746 4.2464332206267805
-0.08015838149269609 0.033215405998237316 -0.9962285735115424 -21.919488484679476 -0.0008700520280822717 0.9994419346173254 0.03339254913669491 0.16819720331244353 0.9967817599083262 0.003543463383529985 -0.08008474874350126 4.183172628685915
-0.07952628975689936 0.02859426782627042 -0.9964225695381353 -22.697658279631558 -0.000660403565144408 0.9995867665940921 0.028737778569325443 0.17945021239633727 0.9968325501831453 0.002943449922787095 -0.07947454308090854 4.119064718023431
-0.0791376362622873 0.021748562070009598 -0.9966264267892477 -23.535377682688072 0.000757835634055334 0.9997630048743578 0.02175683271404967 0.18697484252238025 0.9968634110107412 0.0009665052934817379 -0.07913536286356417 4.0466363776139085
-0.07917834269825395 0.017172204624088798 -0.9967125490510819 -24.347042957239353 0.003744300953665513 0.9998496865296033 0.016928808493889877 0.19933607846064544 0.9968534346923456 -0.0023915967475400526 -0.07923073902893293 3.9824196967785483
-0.07966084357023911 0.017978686483471867 -0.9966598802169203 -25.162371519542567 0.004626753772743111 0.9998332366983347 0.017666124160624963 0.20861341471259415 0.9968112876323203 -0.00320400150768341 -0.07973074202046794 3.916554103803809
-0.07963636754444985 0.02543228734374347 -0.9964994971021257 -26.047116591261155 0.004167280416688569 0.999674240599541 0.02518027910210802 0.21503652352736485 0.996815270116913 -0.002147426878066439 -0.07971640872210267 3.841237232339631
-0.08003840631357247 0.03253600696530011 -0.9962606394741972 -26.892424845113784 0.0026171008085361797 0.9994705639065484 0.03243058229024357 0.22714340297462832 0.9967883447844591 -1.1622402748476257e-05 -0.08008118110254281 3.7713645791720216
-0.08055806381474463 0.03777036538974019 -0.9960340344851395 -27.75009412218453 0.0007431969694633265 0.9992837808865072 0.03783348933724982 0.24183050261821232 0.9967496405881892 0.0023075431724528996 -0.0805284374107874 3.6994981006738823
-0.08071243822324126 0.03804997974970055 -0.9960108941959952 -28.587968514211656 -0.0009582516180928354 0.9992676631056966 0.03825204863947272 0.2559974022927587 0.9967369683471644 0.004041845163727221 -0.08061686807223735 3.618959594139944
-0.08086182769618759 0.03461996609278643 -0.9961238993063892 -29.436005530085325 -0.0010701443507886417 0.9993930111843112 0.03482045357291788 0.2696903020677054 0.9967247461625004 0.0038816418806446305 -0.08077569711002086 3.5387405263101095
-0.08128680097647825 0.031883380858349936 -0.9961806593244273 -30.2571372779088 -0.00123117761550683 0.999484238647018 0.032089576155973534 0.2867511002108627 0.9966899920179242 0.003834934319171191 -0.08120562228120727 3.467916922209588
-0.08112672414100519 0.03319304164439864 -0.9961509306408047 -31.097453992141467 -0.0029890406200926813 0.9994327107937897 0.0335458228628955 0.3001218692625665 0.9966993128653803 0.005698998312909596 -0.08098148647628493 3.387610852860111
-0.0808877768816224 0.03567369368100161 -0.9960846124352598 -31.94001736626031 -0.00390756969375146 0.9993402681301281 0.03610760851527491 0.3097019150608618 0.9967155554370755 0.006812934225276667 -0.0806950151930381 3.3089564854883116
-0.08061219109320375 0.0340944465503389 -0.9961622575472219 -32.7734491436367 -0.004867235783350979 0.9993894311939238 0.034598769251448086 0.31995348475257157 0.9967336578359248 0.0076376391844448725 -0.08039702609366906 3.2316022293962705
-0.08020271048577805 0.02883708378812612 -0.9963613540424627 -33.60656477182765 -0.005752699208445482 0.9995513937152651 0.02939247818215148 0.33443723514006785 0.9967619734332526 0.008089123590828336 -0.08000083997671915 3.156331973373475
-0.07990027099810786 0.024773046522023497 -0.9964949788435691 -34.45547177300173 -0.006952744700910389 0.9996529599306728 0.025409034672114625 0.34473353899711895 0.9967786143550399 0.008958563939740665 -0.07970030173458963 3.0782540429161833
-0.07891082766034391 0.0255492284956389 -0.9965542224090146 -35.319220201716455 -0.0065059190712003934 0.9996370312524945 0.026143426817049436 0.35405694088001355 0.9968604487564943 0.008546500569067037 -0.0787159642831388 2.9925411359445597
-0.07856720414051864 0.02794687157681436 -0.9965170178188678 -36.16049653681257 -0.005424156434903736 0.9995802031810082 0.028460427536915252 0.3632024117304305 0.9968940630581127 0.007641320414912485 -0.07838263367484424 2.9287630057637504
-0.07834018742955741 0.03276693566959699 -0.9963880483829204 -36.981774575054644 -0.0049174914935833725 0.9994348429807409 0.03325376540291528 0.3783019546571327 0.9969145566752011 0.0075048359666339964 -0.07813478179531516 2.8620116752747897
-0.0776365354294016 0.03830012337303629 -0.9962457874019485 -37.83000178137877 -0.0041263610962650405 0.9992409273422059 0.038736833484313754 0.3960729530203856 0.9969731899658201 0.007118263404681025 -0.07741956351904232 2.789369232281365
-0.07787829474340043 0.04167738623895191 -0.9960913445483542 -38.63921730223613 -0.004284978549641168 0.9991025946015643 0.04213839602133886 0.40712700030903076 0.9969536650048937 0.007549896470236828 -0.07762981963523741 2.725617266315125
-0.0773146197854841 0.04161830463162801 -0.9961377245577109 -39.494137586584756 -0.0039024369838931727 0.9991080845076323 0.04204529054574622 0.4248001198917793 0.9969991075989052 0.0071380803496797224 -0.0770832488671092 2.6471243836094036
-0.07721570126403034 0.037299548597218304 -0.9963164553256895 -40.31380517451113 -0.0036012483906489373 0.9992830013596277 0.03768970952027722 0.4411871452808108 0.9970079069337081 0.006498220382364445 -0.07702601277185064 2.578479930115182
-0.07716064874633319 0.03304738274816124 -0.9964708248506529 -41.14154079861754 -0.004637565726954255 0.9994278052116091 0.033504554228250605 0.45455318859993726 0.9970078872652783 0.00720643208544569 -0.07696323841565295 2.5168225067606
-0.0770228442148266 0.030138506144544417 -0.9965737062136611 -41.95449773015028 -0.008272947345576131 0.9994892914254437 0.030866076331169973 0.4714102116761127 0.9969950049078865 0.010621994786269882 -0.07673417371344092 2.4415830489837638
-0.07737011151660986 0.028279481005799113 -0.9966012927936371 -42.79406246358053 -0.01142587403852226 0.9995068521312386 0.029248964856181957 0.4850208820822481 0.9969369665361818 0.013650036510756698 -0.07700883882316226 2.3589021977200284
-0.0778950141867945 0.02648743524636179 -0.9966096440125931 -43.622287857991 -0.009231544523128613 0.9995849843363305 0.02728805004128132 0.49142265994272327 0.9969188258582328 0.011325849345977123 -0.07761816659800459 2.290034189848542
-0.07911804045258153 0.022991637410497045 -0.9966000804154727 -44.450581147147105 -0.005755339169132052 0.9997067948143572 0.02352021413706041 0.4951363322314877 0.9968486403391403 0.007596644732324595 -0.07896251796149147 2.226281854572558
-0.0801055762590005 0.021522235254583383 -0.9965540075890812 -45.26932841925139 -0.0014996777608049924 0.9997631400114128 0.02171208974590826 0.5032899712638134 0.9967852565215982 0.003233769343505502 -0.08005432603554756 2.1685977279824025
-0.08177120220937646 0.025012060808071772 -0.9963372256938737 -46.10371816005806 -0.0011348618244164986 0.9996820583659961 0.025189169691852652 0.5096517426333423 0.9966504816523564 0.003190453770043764 -0.08171681850677015 2.090782716806138
-0.08347861259195578 0.031270018312540296 -0.996018828734906 -46.91528037352941 0.0011528269096515685 0.999509902367152 0.03128299953845825 0.514790100580182 0.996508902233111 0.0014632240909000014 -0.08347374884010667 2.0233247781419443
-0.08514369086572429 0.03488547143849348 -0.995757779677505 -47.7271148188747 0.0029891300618358797 0.9993913165473652 0.034757179275624744 0.5267324179848343 0.9963641989790866 -1.709498593268407e-05 -0.08519614252139586 1.9475526372984404
-0.08685471647204124 0.03405833053228706 -0.9956386334147109 -48.52723480364223 0.0030861315815945457 0.9994198387414658 0.03391845694963173 0.5357706431007785 0.9962162084700409 -0.00012669386890745932 -0.08690943521989493 1.8805489581973083
-0.08812394184838868 0.03028948462080884 -0.9956488929308895 -49.31694452834972 -0.00019194077685708195 0.9995370414704093 0.030424757802153726 0.5426885139895852 0.9961094990169713 0.0028722552092942636 -0.08807733033063982 1.8065193161962845
-0.08952594283955076 0.026625372166951447 -0.9956285427385352 -50.12891962216741 -0.0049468532481596154 0.9996183999398313 0.027176886221075995 0.5522455421162241 0.9959722055366969 0.007358264652991503 -0.08936006792558863 1.7247931019825617
-0.09077933111101655 0.025215952026840006 -0.9955517408986913 -50.91859296857507 -0.009243737158721746 0.9996149837513024 0.026161758030081608 0.5596236335538693 0.9958281309374517 0.011577565515434367 -0.09051128996074952 1.6394992821549197
-0.09161682770444725 0.02641674491129186 -0.9954438771069234 -51.71905609719127 -0.011090028562061502 0.999558999864538 0.02754663420996649 0.5632891263749388 0.9957325786313652 0.013563236269296884 -0.09128346221543575 1.5538359903415007
-0.09267156204442435 0.027935927808045675 -0.9953047601241282 -52.510239749681986 -0.01076259088291183 0.9995198329858104 0.029056326428258245 0.5704671644504519 0.9956385630467188 0.013404753094409947 -0.0923264012552443 1.476750410729944
-0.09330305054449202 0.02739398310622636 -0.9952608253360854 -53.29487711330929 -0.012810596617958313 0.9995056389994026 0.028711778466140668 0.5787358480057158 0.9955553371728694 0.015428781480485324 -0.09290599188773266 1.3892010462798325
-0.09369563697387875 0.027203444173572452 -0.9952291697077376 -54.08744114567217 -0.01364016523782853 0.9994977446507094 0.02860427119209571 0.5867138465858036 0.9955074452279831 0.016255185733837302 -0.0932775183654375 1.3045368040168894
-0.0941436072322759 0.02898069909225931 -0.9951367244240447 -54.877471446613264 -0.011930539929214388 0.9994715953335568 0.030235613742625567 0.5950537709425762 0.9954871387588563 0.014719008170381118 -0.09374810592320147 1.2250821942859016
-0.09436905536898614 0.0318532499132507 -0.9950275633663257 -55.66038187181273 -0.011018939181332569 0.9993933510158305 0.03303805267669376 0.6052536797793783 0.9954763002543482 0.014081918026813373 -0.09396081745388729 1.1470994035252098
-0.09455159747013908 0.03603782618121956 -0.9948674637859934 -56.41339613586325 -0.011332244798399699 0.999240854141307 0.03727325640162436 0.6162236434235138 0.9954554614063232 0.014798327577273491 -0.09407142954819872 1.0705779589069948
-0.09523148941813898 0.03810994889414636 -0.9947253868372348 -57.15196682060001 -0.011109998987516023 0.9991639737952036 0.039343632169333856 0.6273818952233443 0.9953931541585477 0.014798150731223144 -0.09472847190383504 0.9973462903869478
-0.09592289552974172 0.03816006114919204 -0.9946570302603194 -57.91246651850778 -0.010838123388666614 0.9991655964865364 0.03937824118871774 0.6386716023052128 0.9953297610312896 0.014557490539056306 -0.09542927367743576 0.9209947696330478
-0.09585766098656888 0.03620185388834453 -0.9947365151663171 -58.67406110914933 -0.0101153911863601 0.9992513865483167 0.037340933871745856 0.6505734855952225 0.995343653062264 0.013641563558263544 -0.09541970473835508 0.8386957087194483
-0.09591406024219981 0.0325922062397015 -0.9948558896344144 -59.4327915709957 -0.009599865438863498 0.9993870278320581 0.03366617270438301 0.6640683087764011 0.9953433255070399 0.012779541988443622 -0.0955423867984999 0.7562400639399587
-0.09536973170762465 0.029649013651005203 -0.9950002765143011 -60.16507844825369 -0.009924392708172636 0.9994783371904944 0.030733693502390542 0.6749241136265745 0.9953924455727958 0.012805837592575574 -0.0950257324105574 0.6739971686305644
-0.09373504849084939 0.027410822976884127 -0.9952197684271276 -60.88552555533947 -0.01062737117956192 0.9995364228662058 0.028530656242746286 0.6808645982207042 0.995540456067071 0.013250892330702268 -0.093400290075621 0.5960354483201317
-0.09116864857943081 0.02681399088942358 -0.9954744031911515 -61.613662203522935 -0.01299140159206896 0.9995203329335227 0.028112764665432333 0.6845019147508754 0.995750722320037 0.015495610508860426 -0.09077656665728111 0.5173342766149428
-0.0871388835290567 0.027795336522253578 -0.9958083320824954 -62.303355654771416 -0.013513350668586646 0.9994857253932918 0.02908047607508209 0.68772779659484 0.9961045147628933 0.015990747407807218 -0.08671846208462387 0.4541314154357144
-0.08113935532186778 0.0294142023668314 -0.9962686433473013 -62.985546469404945 -0.012693723400531735 0.9994528771334912 0.030542032935249378 0.6914950530563992 0.9966219315287941 0.01512451945385903 -0.0807215863763052 0.396936872579857
-0.07417663963271365 0.03100941083803968 -0.9967628818190781 -63.63176163274197 -0.01184865829376163 0.9994184744307195 0.031973774616259415 0.6949968200882191 0.9971747266299111 0.014182009943987226 -0.07376608410721275 0.3538800559654075
-0.06539334944698832 0.03249137570413359 -0.9973304469196528 -64.26521814312099 -0.012929757103612776 0.9993582503571891 0.03340522151190893 0.6981765195859057 0.997775792064203 0.015079719754390996 -0.06493127769252144 0.31218543811212174
-0.05375585902390475 0.034131074745436515 -0.9979706295063604 -64.8940850396966 -0.015106991292995116 0.9992734973530908 0.03498937412695776 0.704461849256581 0.9984398261461116 0.01695721747352085 -0.0532011874010367 0.28048564028036127
-0.039064122916634046 0.03565523676753053 -0.9986003697134321 -65.49268691175287 -0.018235868061283914 0.9991713039388513 0.03638898873543108 0.7126973519813393 0.9990702915294837 0.019631848516816396 -0.03838154643845382 0.26179881538257876
-0.020441899875363403 0.03702063628506107 -0.9991054004550934 -66.10413159313651 -0.019847385456679027 0.99910226242688 0.03742660155589955 0.7182475956695112 0.9995940226011866 0.020594700836362737 -0.019688785575577707 0.24632864249073838
0.0022064589413157217 0.038076740879203666 -0.9992723819574701 -66.66071152255412 -0.020905118682675 0.9990581923161317 0.038022419424424074 0.721411156174733 0.9997790293618911 0.0208060128338308 0.0030003796684604073 0.24649804669861336
0.02801983658195403 0.038484463232913255 -0.9988662747573336 -67.1611387990633 -0.02049778645787017 0.9990706261710218 0.0379173399986121 0.7269911941957236 0.9993971830599931 0.019412109929560613 0.02878264198843711 0.26677730234909885
0.0571201223698034 0.0380909778148506 -0.9976404006602605 -67.66114583982649 -0.01904535794650037 0.9991316321555412 0.03705746843612558 0.7324402172227413 0.9981856370240707 0.016883691400678094 0.05779597739928257 0.31414650399173016
0.09122775508394991 0.03821611139661086 -0.995096490563635 -68.07188172643139 -0.017918430755827677 0.9991645830662701 0.03672963088918669 0.7359961346396681 0.9956688337703419 0.014479805790449022 0.09183631461834446 0.36742811011571375
0.1282619408268499 0.03840923793907049 -0.9909962689012847 -68.48049839166066 -0.0173033539979988 0.9991843113064081 0.036487065921494886 0.7425328041816367 0.9915893648460287 0.012467657361326788 0.12882192765275313 0.4469527681163423
0.16844213423667995 0.03822708524255521 -0.9849700185120603 -68.85732105118682 -0.01715191105978506 0.999210106128907 0.035846558507843594 0.7449653564384221 0.9855623061789601 0.01085604733397251 0.16896475039336847 0.5380784882313422
0.2135332519506598 0.03923447186255782 -0.9761476356212927 -69.22642196077986 -0.016418930071679452 0.9991962327466895 0.036569211095202094 0.7489000265905529 0.9767978138011356 0.00821855720247258 0.21400580896516042 0.640378454377484
0.26154330141513965 0.038239196096439804 -0.9644339611226708 -69.60684467822433 -0.01313748235811047 0.9992633629395252 0.03605742703080294 0.7454205842544328 0.9651023303474924 0.0032396556436399757 0.2618530056905045 0.7736181871460737
0.310978274283967 0.03311034925681417 -0.9498401011198966 -69.93191121560253 -0.00558349459176709 0.9994393827063763 0.0330112841864983 0.7495848452803395 0.9504006194818634 -0.0049623651205684275 0.31098880594147005 0.9190302094637111
0.36157611652917926 0.027956378471710782 -0.9319233621164466 -70.26519893318681 -0.000495956934652278 0.999555971927031 0.02979283490586442 0.7492768471932864 0.9323424617501855 -0.01031018369165135 0.361429431742697 1.0924412424948082
0.41370845418142316 0.023049099778389617 -0.9101176044546226 -70.59777554411771 0.004565827393369104 0.9996143657626063 0.027391111354540025 0.7562878615825366 0.9103979724049427 -0.015487374226404404 0.413443675826032 1.2793050681120706
0.4645615168824092 0.02246185998031469 -0.8852559301570013 -70.92895861924112 0.004176488573161595 0.999611559546422 0.02755516220907938 0.7650191727899336 0.8855310011372345 -0.01649832923041505 0.46428725069453797 1.4884519943124215
0.5122218843300098 0.02111618615986894 -0.858593528915443 -71.2713846513629 0.0056690171960783655 0.9995928010810605 0.027965948418569562 0.7719635663158744 0.8588344447316049 -0.019192152275898856 0.5118936001099988 1.7347377947915277
0.5567358444669565 0.01687540948841259 -0.8305181635823873 -71.58089234078741 0.013247028178893347 0.9994861329075168 0.029188805559763265 0.7758407155349588 0.8305839606747121 -0.027252351828355285 0.5562262072122569 1.9965246470185967
0.6005351694785174 0.010504133497885367 -0.7995293449266667 -71.87462854519876 0.02342693822415498 0.9992533187836149 0.03072431391216388 0.7767082570360755 0.7992550836778263 -0.03718155563434869 0.5998406814611372 2.2744036165336166
0.6426594045837627 0.005701850454530523 -0.7661307842669133 -72.04553443270707 0.02464478069458758 0.9993009823145411 0.02811016772823078 0.776736332095753 0.765755525271975 -0.03694638881660503 0.6420696534402283 2.4480741179342873
0.6836455527004432 0.0019114847970734656 -0.729811691122288 -72.19890121422203 0.02077670888642825 0.9995402871910188 0.022080367975752628 0.7743331999911744 0.7295183936274348 -0.030258230416972308 0.6832915577198955 2.6147978953338322
0.7238674138808096 -0.004955440630068995 -0.6899213076356379 -72.35983371823275 0.017171547186724933 0.9997938458697905 0.010835300093121138 0.7775017038072157 0.6897253838222291 -0.01969033694622247 0.7238032782063255 2.8146537898841903
0.7630116573521833 -0.007202563293935557 -0.646344593716594 -72.51752190603858 0.011973261463419229 0.9999238422196886 0.0029917838397821913 0.7779393210308547 0.6462738210345528 -0.01002161876206798 0.7630397862515341 3.028495563890835
0.799823967557824 -0.00816086046145256 -0.60017915764927 -72.77618925983565 0.010400553666420634 0.9999458780407505 0.0002635768279573218 0.7761586585617712 0.6001445237636438 -0.006453010602891525 0.79986555698484 3.43449312603849
0.8339712480100252 -0.009425271253246412 -0.5517273980458117 -73.0288815620523 0.010286602039779593 0.9999459157545486 -0.0015334224050894498 0.7769163466075389 0.5517120112079075 -0.004396569981241381 0.8340230973188487 3.8690360006845492
0.8645134151996715 -0.007713806243149206 -0.5025505468438387 -73.28196419409225 0.0068688671932039995 0.9999701689866469 -0.0035326760818234003 0.7693380871733398 0.5025628056305802 -0.00039790709985105914 0.8645406109990782 4.368094598357516
0.8905155238865935 -0.006056729492017547 -0.4549125385663098 -73.50969299290996 0.005744301322233871 0.9999813608875693 -0.002069028700748695 0.759941347674914 0.4549165909475089 -0.0007706525194036279 0.8905337171468529 4.877597444303726
0.9118398369003136 0.00027062432443238603 -0.4105460249522367 -73.73049310369304 -0.0008373075005880066 0.999998928840424 -0.0012005141208673797 0.7552203034947893 0.4105452603036076 0.001438429866197308 0.911839086770118 5.404731218561787
0.9293060593757057 0.004417153788906884 -0.3692840867949779 -73.90084052745487 -0.005903029149507486 0.9999783896302356 -0.0028938761862271514 0.7515392089827228 0.3692633237331533 0.0048691914037439325 0.9293120513157127 5.867641810063501
0.942893444296696 0.009304504909456692 -0.33296453097995543 -74.08839937457005 -0.010420807144625914 0.9999444742582334 -0.001566901043461688 0.7482903938640622 0.332931463638939 0.004947179885084597 0.9429380498900329 6.432746894385399
0.9529076892168552 0.010101348909707463 -0.3030922278475579 -74.24931113607204 -0.01045575464430819 0.9999452343049738 0.0004534154708071788 0.7376942531800356 0.3030802088989142 0.0027369948804287616 0.9529611197907367 6.996832042650655
0.9603922474694401 0.00931986748002341 -0.27849572899911956 -74.41615258688394 -0.009188848808756547 0.9999562047895152 0.0017758267142700098 0.732646554047559 0.27850008268969306 0.0008535649384232805 0.9604358257420066 7.611933938457348
0.9663391007525113 0.00941978833100268 -0.25709922198370344 -74.58194771191697 -0.00878184194775058 0.9999548521951689 0.003629438433526728 0.7314355144891597 0.2571218030600109 -0.0012494635397403177 0.9663781957556947 8.223798805051285
0.9710915506754203 0.012411999819778556 -0.23838444258650765 -74.74149825546306 -0.01123721545102168 0.999917098962286 0.006286508709405414 0.7251647424597932 0.2384427084138101 -0.0034259981494347636 0.9711505224943078 8.848621379455972
0.9746620760808663 0.016940859708237357 -0.22304000699892387 -74.88361727671301 -0.015616221579030438 0.9998483984277026 0.007701544335591118 0.7253249112790812 0.22313666456530318 -0.004023361020872392 0.9747788679966176 9.461191128311116
0.9775875565260146 0.020697016102439632 -0.20950943379702608 -75.02809140338526 -0.019259195504811956 0.9997749039915427 0.008900827894597754 0.7222393515533714 0.20964649463800328 -0.004666355446939026 0.9777661133486069 10.101038251646784
0.9803581526898586 0.01909331556835744 -0.1962991027873894 -75.16123765613219 -0.017770953761681665 0.9998059887348489 0.00849576908415696 0.7227902612133251 0.19642323095022887 -0.004840474205929427 0.9805072585924772 10.757684970955491
0.9829729181196251 0.01908269154247274 -0.1827569236086088 -75.28051297793289 -0.01789920803824727 0.9998067974600265 0.008123183140192619 0.7198706312952988 0.18287662670497667 -0.004713664839634718 0.9831245703209682 11.426273531105657
0.9855898772265754 0.019560812508817544 -0.1680177625208063 -75.40192613815928 -0.018390107592293925 0.9997945765925252 0.008521065597508608 0.7229449756093355 0.1681499267060407 -0.00530841126591398 0.9857471394422535 12.122486507748729
0.9879100334129921 0.021075833380850072 -0.15358898114527245 -75.51770347208516 -0.01992650093697281 0.9997607685319793 0.009018883786535951 0.7202636717795529 0.15374231831980706 -0.00584935480620464 0.9880936618590379 12.836397336380335
0.9897699101496783 0.021205253390098686 -0.14108813625163066 -75.61735132233926 -0.02052562835432674 0.9997696619985604 0.0062706879960985375 0.7118336466011609 0.14118860982018666 -0.0033106156445695156 0.9899771796769344 13.558566501332018
0.9912655762818295 0.02165991024400876 -0.13008999026394322 -75.71937059162823 -0.021733408465536973 0.9997634361180205 0.0008548438213692201 0.7069243389875762 0.1300777315112827 0.001979921642463504 0.9915018223256923 14.291579069259527
0.99253171282034 0.019931188546934146 -0.12034760807356039 -75.80895016576368 -0.020710283392129266 0.9997718589978712 -0.005226291013569014 0.6985720506558318 0.12021598565805759 0.00767969264016357 0.9927180562038824 15.026344428083787
0.9934563191400361 0.01981379691593443 -0.11248091132500544 -75.89056872978685 -0.020559708894876908 0.9997736343900224 -0.005475248736259862 0.6922972305946202 0.11234696404837755 0.00775199524897346 0.9936388006910624 15.776949441876845
0.9941491441569473 0.02183676444517872 -0.10578579720630671 -75.97517960763477 -0.02188917268286526 0.999760181701722 0.000665734932053551 0.6822869319501277 0.10577496533333239 0.0016537237695070078 0.9943887177087373 16.53205680789366
0.9945794211520033 0.02634290487560497 -0.1005874066852306 -76.06544064281375 -0.025589419413531517 0.9996340322707202 0.008774003661916564 0.6712424164868487 0.10078172768425542 -0.006152470145866681 0.994889536821089 17.30773652045023
0.9949965033714682 0.027114135611129936 -0.09616018889651029 -76.14830952081222 -0.026046246148521003 0.9995845300783455 0.012343431031298743 0.6647793615400469 0.0964549186932519 -0.009777058766062309 0.9952893337023981 18.073119484726575
0.9953575062607386 0.02586243138078303 -0.0927069003552452 -76.22202331980102 -0.024922483705421848 0.9996257168869332 0.011282550431451632 0.6595893375302632 0.0929639959143106 -0.008919685048226898 0.9956295167793514 18.83171596209484
0.9956420683649491 0.025936626912051224 -0.08957769301779554 -76.29175641576664 -0.02508483089047039 0.9996288939792238 0.010621938668184368 0.6505055579460827 0.08981994745690826 -0.008328607704726793 0.9959231954987992 19.580574609834166
