1.0 0.0 0.0 0.0 0.0 1.0 0.0 0.0 0.0 0.0 1.0 0.0
0.9993394391908641 -0.001307480276922573 0.03631770605385976 0.12489203991552292 0.0014629076952071866 0.9999898841263474 -0.004253415809631825 0.01388064683321221 -0.03631177741125332 0.004303735621501492 0.9993312427223197 0.9944370593580396
0.9977315228934942 -0.004954859184619645 0.06713611245141705 0.3878392077500885 0.005582281939904596 0.9999424539901876 -0.009161159120176265 -0.0003019315851404934 -0.06708685678262277 0.009515149948496032 0.9977017668464288 1.9589319999388835
0.9947718118164961 -0.004669767705332719 0.10201585996747621 0.7918375348523494 0.006054260100101277 0.9998936747560958 -0.01326593824014271 -0.02546702330718263 -0.10194306425630832 0.013814211969171108 0.9946943144492709 2.874966778570093
0.9970872193500946 -0.0037730225610902515 0.07617638288504971 1.7850580219902872 0.005240377146267838 0.9998043813472456 -0.019071903057017697 -0.0020705578642616377 -0.076089522643141 0.019415543762792503 0.9969119425527683 2.894877318003511
0.9930486875871589 -0.006369746186954132 0.1175318272423886 2.01290681652573 0.00871270022051991 0.9997732247813793 -0.019431620238895806 -0.029203383487036397 -0.11738139944764779 0.020320564553060427 0.9928789864429384 3.8667159343735804
