-0.10465318871138839 0.9778054232706368 0.18150554899250176 -0.10734005045331912 -0.9866990734401107 -0.07926013341930725 -0.1419252258155 -0.19035295326618756 -0.12438910147181535 -0.19394428445531608 0.9730945308458733 0.8267152146376411
0.9999107466535286 0.0029683483358749763 0.013026420649583814 0.3388991192903883 -0.0027517713261517446 0.9998582158184646 -0.016612525843037282 -0.09282071166249105 -0.013073885472634605 0.016575197388686562 0.9997771433425422 1.9682803703461929
0.9999803791687117 0.003516803357629027 0.0051839532929682415 0.2557627721891975 -0.0034265672945383227 0.9998442281876924 -0.017314098195804865 -0.12437054486260525 -0.005244036057838282 0.017295995313995186 0.9998366609761425 2.964224611585397
0.9999844526663327 0.0038201440163333346 -0.004062133098539494 0.12579391523807795 -0.003894754119295137 0.9998208902074184 -0.018520755794389818 -0.149908191131227 0.003990653576296802 0.0185362888556384 0.9998202241800741 3.955377975090632
