1.0 0.0 0.0 0.0 0.0 1.0 0.0 0.0 0.0 0.0 1.0 0.0
0.9999912757791034 -0.002762823138663147 -0.003132917807049378 -0.005718598652767656 0.00275647595567365 0.9999941435441632 -0.0020284766898926053 -0.007222052193274845 0.0031385037815896614 0.002019823180407666 0.999993035029911 0.6690414617283484
0.999974521632908 -0.0013314239907055096 -0.007013087422367203 -0.018503289115650776 0.0013067762125133734 0.9999929581539921 -0.0035179508749336843 -0.012435019018122558 0.007017721921478538 0.0035086967074700603 0.9999692198395147 1.3877011153302643
0.999939827474899 -0.0014185187127470076 -0.010877924164605784 -0.03354557641937801 0.0013640604732543993 0.9999865090340732 -0.005012094260178563 -0.01588446734836378 0.01088488716039963 0.004996954523426891 0.9999282722660641 2.1080706972022893
0.9998739053976993 -4.577928084133686e-05 -0.01587989952771292 -0.047998333993464135 -4.1195661091932446e-05 0.9999850020503088 -0.005476675758286207 -0.026192921340682778 0.01587991208005631 0.005476639361993644 0.9998589074532608 2.8352592079280137
0.9998008852354313 -0.0011451229773388576 -0.019921811559555965 -0.07068688917062532 0.001035226241543541 0.9999841965677742 -0.00552584123297457 -0.037362741871976315 0.019927824494322163 0.0055041173742928695 0.9997862704112582 3.5576127398954984
0.9997030462099961 0.0005545069867193531 -0.024362100083040895 -0.09648101404558307 -0.000716577969036077 0.9999776692457643 -0.006644360452526789 -0.047934533914330585 0.02435787171467806 0.006659844728707203 0.9996811194344529 4.289150898860003
0.9995744723882353 0.003253703237558174 -0.02898771403583091 -0.13169459117177368 -0.0034646553549363968 0.9999678608134387 -0.007230041733397381 -0.057006154872995374 0.02896325798408589 0.007327397589667194 0.9995536198381306 5.06328534717432
0.9994403542827758 0.0037657358421794027 -0.033238493718679346 -0.16453681034852646 -0.003954675808629913 0.9999763851967338 -0.005620461557718295 -0.06613816295047041 0.03321654362465182 0.0057487635575032316 0.9994316449598699 5.833668936756947
0.9992845415028809 0.002935354954538452 -0.03770661486620234 -0.19630763637711748 -0.0030508207242879682 0.9999908310667555 -0.003005041651573784 -0.0740354375996901 0.03769744827286721 0.003117927791066504 0.999284334371356 6.625108570537091
0.9991490370044318 0.0027102822047955855 -0.041156484586114546 -0.23435833698538006 -0.0027229550605805783 0.9999962610330279 -0.00025186445221730665 -0.0858275892847383 0.04115564807963513 0.00036371738286802196 0.9991526811958273 7.445619723044759
0.9990330923307231 0.004279470892903722 -0.04375576027210252 -0.2766356727317594 -0.004323493354907332 0.9999902382296086 -0.0009115101208360763 -0.09372796388559022 0.04375143235738674 0.0010998065134849877 0.9990418422630305 8.246104285355576
0.9989361362284738 0.0038757602434384636 -0.04595186850894715 -0.31562662570890465 -0.00392939464938895 0.9999917000219662 -0.0010769145122833683 -0.10037089509249669 0.04594731324699562 0.0012563318481972256 0.9989430744720491 9.01762684872531
0.99884886335088 0.0005887579773983425 -0.04796458638098833 -0.3507543687257625 -0.0006632760288385136 0.9999985977640558 -0.001537704403132107 -0.1080683335401664 0.04796361378758703 0.001567748055617842 0.9988478532381544 9.81517339224986
0.9987431258192188 0.00019283832650514012 -0.05012116760647352 -0.393107804620499 -0.00022337723517898937 0.9999997928239249 -0.000603700851172761 -0.11582067983965413 0.050121040805904904 0.0006141380030039252 0.9987429619792305 10.650864607107094
0.9986797576974106 -0.0011303635351328919 -0.05135624444719385 -0.43938429805324514 0.0010916805019919426 0.9999990989219205 -0.0007812739776168436 -0.1262788502800872 0.051357081294823 0.0007241778959431865 0.9986800918048044 11.476554794433493
0.9985759806948673 0.0011651202036603513 -0.053335291076314816 -0.48723806625978655 -0.00132954653408085 0.9999944724998264 -0.003047503208680368 -0.1354146610152383 0.05333144555792502 0.003114075256673487 0.9985720101474898 12.299343145252566
0.9985086637713028 0.001586495283631504 -0.05457042611490713 -0.5407010413535485 -0.0018965481193590518 0.999982350785789 -0.0056303838374973155 -0.14581753610781872 0.05456053041236384 0.005725482481119864 0.9984940497426514 13.155289487223481
0.9983980481947661 0.005495153896630747 -0.056312881692680394 -0.5987720142209378 -0.005915267791421939 0.9999558852298376 -0.00729638274538459 -0.15538973618608581 0.056270302716772726 0.007617800067192863 0.9983865094011937 14.026476564116676
0.9983321630417709 0.006467522878290922 -0.05736779047651868 -0.6561418192001116 -0.006882093772315457 0.999951593266441 -0.007031920734386155 -0.16667791538492996 0.05731953438094225 0.0074150031506680526 0.9983283471416747 14.911408357644076
0.9982554795779686 0.0055486037249596444 -0.0587810385180731 -0.7090226894888966 -0.005892768369592448 0.9999664871039978 -0.005683304481709172 -0.1769920691224127 0.058747534190825054 0.006019772885487389 0.9982547217824245 15.783410574591336
0.9981675114646196 0.0061969729634623 -0.06019316059668839 -0.765501903767863 -0.006455496906925517 0.9999707521562087 -0.004101389012323379 -0.19116235470600856 0.06016598387970796 0.004482450026029248 0.9981783217569651 16.655169627984037
0.998119719383009 0.005886457101380277 -0.0610112727418201 -0.8248646954238584 -0.006145007035847222 0.9999729138850156 -0.004050973320060368 -0.2041025155703232 0.06098577430280391 0.0044182710537112625 0.9981288565178265 17.52638970747318
0.9980231208213948 0.005872158847164718 -0.06257290193364196 -0.8873253027657647 -0.006188458160660522 0.9999690301010817 -0.004862285912499832 -0.21826215165032378 0.06254241194195555 0.005239903546326515 0.9980285517555638 18.439914252265304
0.997966358082631 0.004364044171966401 -0.06359326421685536 -0.944920089339187 -0.004737614900545882 0.9999723906441936 -0.0057247667541671255 -0.22819470072463988 0.06356652531280733 0.006014405024656917 0.9979594800350643 19.321677897753474
0.9979289469589817 0.004539883477549838 -0.06416546017405315 -1.0071907463945928 -0.004813286415654082 0.9999799823593359 -0.004106964146707583 -0.23759234134590543 0.06414553059425583 0.004407305143932249 0.997930822535385 20.22640290601137
0.9979187294786973 0.00591404609457293 -0.06421240857041467 -1.0684114188711467 -0.00596038072430941 0.9999820962976599 -0.0005300431663877204 -0.25252023151957675 0.064208124230847 0.0009116704054751737 0.9979361130051504 21.136315651560594
0.9979726809297566 0.006488363708894948 -0.06331215723899682 -1.1367928652835666 -0.006300377395950102 0.9999751329537487 0.003168393725581371 -0.25926691028078214 0.06333114054351911 -0.002763079896201958 0.9979887434369911 22.07133660009179
0.9980750336534215 0.005159415375336126 -0.06180297428689063 -1.1967945397947362 -0.0048021667887328985 0.9999709010341413 0.005927586279421686 -0.26345496740314694 0.06183175876404067 -0.005619387684751866 0.9980707670752581 22.986879918917715
0.9981717237761466 0.005419416577648259 -0.06019833700123293 -1.2552714719771378 -0.005024346580947475 0.999964850301982 0.006712235243821092 -0.2689395861064269 0.060232597446819684 -0.006397506115024967 0.9981638673686389 23.928776707189925
