1.0 0.0 0.0 0.0 0.0 1.0 0.0 0.0 0.0 0.0 1.0 0.0
0.9990424980089438 -0.0006652960073913139 0.04374522320519056 0.030890633865927594 0.0007708791974368946 0.9999968306175903 -0.0023967686658000285 -0.02753264201536644 -0.04374348999922563 0.0024281960375865403 0.9990398445240763 1.001490629927103
0.9960330289429699 -0.004852020452337048 0.08885191698676634 0.13101649812743132 0.005524309179906339 0.9999579339210817 -0.007322048645440872 -0.04479419850402917 -0.08881265260523366 0.007783847751048506 0.996017933800095 1.996111009055612
0.9909815179920591 -0.0043694637776085414 0.13392736383745674 0.28866152646910126 0.005924722854373854 0.9999195421347505 -0.011216368223689443 -0.06990439297627574 -0.13386757881299416 0.011908696122023478 0.9909276735965244 2.98478950481047
