0.997781843193287 0.0032000265288173943 0.066491753052703 0.04248282777556408 -0.00019463764068522872 0.9989798914652295 -0.045156821902203215 -0.04935049084543525 -0.06656842727596621 0.045043715192392114 0.9967646202648202 0.9976874175736297
0.9961027105147764 -0.007725782505437642 0.08786183693614856 0.1766851327168992 0.008477512229946804 0.9999305591258152 -0.008185884969012944 -0.13138776435773497 -0.08779249336649908 0.008898832002767726 0.9960990356874562 1.9854300276339725
0.906279036654907 -0.10738409465420391 0.4088116484827097 0.19268252440995234 0.2700364590623749 0.8911713294970226 -0.36454625530865553 -0.010802656186315847 -0.32517475070630564 0.4407746790570054 0.8366475146710746 3.1157932759450424
0.9767466063284974 -0.2066530102218995 -0.05710166715596594 1.4038991896655115 0.20789841213494312 0.8478528268712786 0.48777436812336833 -1.3841566585521639 -0.05238623156453035 -0.48830330465051053 0.8711002040005837 3.870167433346427
0.9941976975409782 0.023785381011059703 0.10490564262410434 1.220756892318034 0.010513225565452172 0.9490920705987447 -0.31482330538700254 0.6368498672655543 -0.10705330584539416 0.31409950203199416 0.943335090267942 4.613499651997115
0.996046955937706 -0.07127110348420729 0.05301784016133477 1.5631166512833108 0.0785391127342054 0.9854387718167159 -0.15080462450232268 -0.15620625364989438 -0.04149782329415866 0.1543724613022225 0.9871408581622689 5.3400574060018595
0.9809758568063877 -0.13937522071836167 0.1351329575369452 1.5602355359756264 0.14276281888386497 0.989632989463595 -0.01566281295556793 -0.719333131052958 -0.13154902472959148 0.03465680330117439 0.9907036691552311 6.304994177383143
