0.9990467583056871 -0.0007422845714658998 0.04364657755784481 0.031093135138668473 0.0008481279437904638 0.9999967446122304 -0.0024065419033449534 -0.02798456625947731 -0.043644649132384604 0.002441265769341199 0.9990441355733762 0.9991246572847273
0.9960438652627179 -0.004911903218138234 0.08872706283474044 0.13128140378342534 0.005575454941091586 0.9999583033187064 -0.007232283607121946 -0.04607276298355423 -0.088687838933555 0.0076983654596044435 0.9960297196341813 1.9939287226018703
0.9909983932657603 -0.004457452890308214 0.1337995353445276 0.28861016344392 0.006002184690824134 0.9999198895157472 -0.011143981772829114 -0.07097633465445177 -0.13373914282519547 0.011846757554140884 0.9909457583600806 2.981160951360304
0.9838044470429315 -0.002108278253447661 0.17923271225241663 0.49940505190966245 0.004566826520880439 0.9999010479659759 -0.013305576728265052 -0.1097335120635624 -0.17918692495290983 0.013908610259461772 0.9837167257328558 3.9579226396877365
0.9743684564630994 -0.0046073395883867285 0.22491083449143567 0.7309398947906252 0.007781379481833066 0.99988222736158 -0.01322805880715944 -0.14139438160500611 -0.22482339999002873 0.014639119794688672 0.9742895539769274 4.930233909741541
0.962855541815007 -0.00550363501773962 0.269960951986987 0.9993425405943399 0.009749586412813262 0.999848930565268 -0.014389635585002192 -0.1721365720921428 -0.26984097383627276 0.01648714799720027 0.9627637419377661 5.8930500593298545
0.9494974892261773 -0.008085351920221235 0.31367044017170514 1.3219160641273042 0.014127596205537496 0.9997557655080656 -0.01699471561501987 -0.20215268702352476 -0.31345642277458363 0.02056784912693334 0.9493798157764113 6.839118425930939
0.9344306850733209 -0.01020134810750876 0.35599891473176304 1.6660716254557073 0.017995851233660203 0.9996652286153972 -0.018589783099915172 -0.23504696518595267 -0.35569009563351633 0.023777367266275478 0.9343014463619886 7.777454674870239
