1.0 0.0 0.0 0.0 0.0 1.0 0.0 0.0 0.0 0.0 1.0 0.0
0.9999943870157556 -0.00334544743259976 0.00018416964670815993 -0.09599481568944511 0.0033453438076228247 0.9999942474524618 0.0005601221236529602 -0.04139608304408975 -0.00018604244638403724 -0.0005595028689091353 0.9999998261723588 0.8540687644943902
0.9999962736391653 -0.00256533334104056 0.0009336876527316763 -0.12255800906696752 0.0025643515596619443 0.9999961595408218 0.0010511920308542038 -0.10781756142095543 -0.0009363807249069546 -0.001048793810344869 0.9999990116108523 1.7104133859274684
0.999996998740931 -0.002224307924013547 0.0010271141074891556 -0.2008592530319501 0.002222933813123963 0.9999966354311713 0.0013370458479091392 -0.10572690769512152 -0.0010300846533673404 -0.0013347586284086822 0.9999985786714953 2.5672782679269837
0.9999992218408358 0.00022757450909447136 0.0012265918496553539 -0.32641391409358106 -0.000228981060726865 0.9999993163267469 0.001146696870427206 -0.10092848688783677 -0.0012263300520899709 -0.0011469768444173389 0.9999985902783672 3.417474516858527
0.9999984849184219 -0.0009859188485065768 0.0014346166333606704 -0.4591569478135795 0.0009834371307311657 0.9999980207338575 0.0017295605734618626 -0.10685666602974729 -0.0014363190002416061 -0.0017281470977708754 0.9999974752444818 4.26758812400359
0.9999982006991962 0.0008523127872836376 0.0016947451968587627 -0.5713325389800445 -0.0008560543504601034 0.9999971954076917 0.002208245389338814 -0.12733084081019735 -0.0016928583280066576 -0.0022096922100398025 0.9999961257380041 5.119387707176126
0.9999808182153722 0.005554860392521903 0.0027398407497336197 -0.6347776848034403 -0.005559526625309094 0.9999831033432387 0.0016984380258918646 -0.13395516380484038 -0.0027303598694657398 -0.001713637664416691 0.9999948042769714 5.97755844325407
0.9999758462139358 0.00648864321694894 0.002490882961113016 -0.7379128668329195 -0.00649321446648873 0.9999772416037336 0.001831513166805832 -0.09917289087075089 -0.0024789422371250284 -0.0018476427661060744 0.9999952205193753 6.830084463549783
0.9999401666650269 0.007783254491011528 0.007686614303182639 -1.0638109475150228 -0.0077809646932742015 0.9999696741227848 -0.00032775480658217473 0.08742675222635814 -0.007688932198931407 0.00026792592141514494 0.9999704038307039 7.604098911535245
0.9999290430564246 0.00905751797272097 0.007737584922717749 -1.1216840324891624 -0.0090693869152805 0.9999577468809557 0.0015002245642533399 0.08895836027501934 -0.007723669674667082 -0.001570293264357571 0.9999689390705198 8.462747409923207
0.9999081781493386 0.010658621218195857 0.00836833697917763 -1.1606179921938875 -0.010675592089119432 0.9999410421469308 0.0019859415038011993 0.0645013080599394 -0.008346676201745102 -0.0020750961030310214 0.999963012802247 9.32065012006851
0.9999145241887493 0.010032102415705986 0.008384583323426271 -1.232851155609697 -0.010038438332178387 0.999949358755691 0.0007139187161403348 0.07947656984099889 -0.008376996612016959 -0.0007980258159921421 0.9999645939144843 10.177914346715147
0.9999366637466626 0.007153489415649012 0.008688848276578183 -1.2490239351752401 -0.007158281044943381 0.9999742437172764 0.0005204945171716201 0.07262128718763956 -0.008684901132125942 -0.0005826587689196406 0.9999621157829354 11.038092119256328
0.9999201794642838 0.008665906080052433 0.00919438806693709 -1.2784903022134237 -0.008664755492942778 0.9999624466937902 -0.0001649679238358055 0.0901468446489204 -0.00919547238380079 8.52876315005055e-05 0.9999577171129083 11.897000699664154
0.9999217784950505 0.007892681326160228 0.009702704405377462 -1.2949058299774534 -0.007888326210136225 0.9999687680609007 -0.0004870445219951056 0.09126975474934551 -0.00970624545830813 0.00041046832716948984 0.9999528090439348 12.75271356572695
0.9999139883045429 0.008370349335816405 0.010097189950580145 -1.2934831034513756 -0.008368884437498489 0.9999649627276892 -0.00018732400377542984 0.06790338777969197 -0.01009840413993688 0.00010280567588044013 0.9999490045321412 13.6160633620526
0.9999277583449757 0.0061851076994257 0.010306431678212062 -1.2757468925857935 -0.006190091335757675 0.9999807391752867 0.00045171639513524734 0.03608264113485375 -0.010303439253284617 -0.0005154815158290854 0.9999467852932781 14.48602532313264
0.999900855613458 0.009269117553506926 0.010600113360396467 -1.2987251866995146 -0.009274145544362983 0.9999569037536592 0.0004252761650340417 0.018106470529781395 -0.010595714600533478 -0.0005235409953805518 0.999943726785128 15.36715727600715
0.9998836142643893 0.011109494454159409 0.010456436226280102 -1.314137004326266 -0.011111391020130906 0.9999382589874787 0.00012329917787364436 0.014167141107962137 -0.010454420843787376 -0.0002394703791953254 0.9999453223745581 16.258937667659286
0.9998637600176743 0.012195000149623445 0.011123999940158382 -1.3268140279015648 -0.012187449100089016 0.999925451747415 -0.0007463458717736184 0.034931405042177274 -0.011132272353419102 0.0006106710065652084 0.9999378478651417 17.16033074207631
0.9998224698388551 0.013428416942583258 0.013217655758386501 -1.4176834599016912 -0.013467153511646238 0.9999052634442788 0.0028460345607049567 -0.0004871534549838575 -0.013178185824491161 -0.0030235335028930164 0.9999085926541148 18.061232196995036
0.9998219383811308 0.013441996556372831 0.013244027347302892 -1.4132907539690904 -0.013484232722827227 0.9999042627942029 0.0031049498961977446 -0.013935562401829025 -0.013201022675318827 -0.0032829825707312 0.9999074732322818 18.974168019870046
0.9998040204655512 0.01520070325844248 0.012683031237353136 -1.3893562155017471 -0.015240028589806219 0.999879334174823 0.00300975392580414 -0.04718365740037047 -0.012635750452616118 -0.0032024538342936113 0.9999150374406511 19.888350700812044
0.9998097711696625 0.014571019667827824 0.012965602936455744 -1.3877447292254732 -0.014614237183823644 0.9998879415226755 0.00324476025012741 -0.07309819249179915 -0.01291687056531119 -0.003433625399724903 0.9999106783465279 20.806490958363717
0.9997697726012459 0.016942706672454004 0.013166111174646992 -1.3825323947304835 -0.016998325807411285 0.9998470128725816 0.004124047710653501 -0.0805819851824262 -0.013094224398454386 -0.004346900089239947 0.9999048183437348 21.735142509325076
0.9995087773654154 0.028484947607626338 0.013069496137275372 -1.2992575472071954 -0.028548241217686787 0.999581450431878 0.004682080293929583 -0.1002606460613249 -0.01293065709344434 -0.005052891478432787 0.9999036285536916 22.667370756612094
0.9993507141043142 0.03369938028671564 0.01274762673941244 -1.271817355626199 -0.03375931541501948 0.9994197888054702 0.004516012260539586 -0.07959065844501265 -0.012588043609127237 -0.004943431229362795 0.9999085476411206 23.60407417001675
0.999238780507497 0.03691736233525279 0.01260824682883246 -1.2196792876835667 -0.03697814787545452 0.9993053837186022 0.0046224074590109215 -0.08001118363210628 -0.012428841844279873 -0.005085118408037592 0.9999098286651581 24.54664141467561
0.999209683692408 0.03786833772310864 0.012082922386803275 -1.178788493026187 -0.037923758064838685 0.9992709885108125 0.004390910482120543 -0.08229603753618282 -0.011907837316511523 -0.004845670099274702 0.9999173580310186 25.49263629183998
0.999110661451168 0.04052685633310004 0.011638732334956258 -1.1322892308792518 -0.04054804197286305 0.9991763248644577 0.001590007082181829 -0.11457815031113439 -0.011564707811934579 -0.0020605208348194576 0.9999310035132992 26.44037562776923
0.9992546576988954 0.0365434730211096 0.012437992065356427 -1.077501283217094 -0.03653532505486266 0.9993319731352492 -0.0008817554897822938 -0.1195481230924109 -0.012461905560465366 0.0004266721969789166 0.9999222564082861 27.392091271564876
0.9994278273965839 0.031613081971103234 0.012026257673590572 -1.0768961605497902 -0.03161311823900158 0.9995001629497944 -0.00018713241369522804 -0.14997019665898792 -0.012026162336763667 -0.0001931621641530298 0.9999276644376973 28.351643967972723
0.9994499802346528 0.03052737531868737 0.012954395590028499 -1.0661789733310103 -0.030507788318810757 0.9995330715387393 -0.0017069716538563435 -0.12132539364926798 -0.01300045617836476 0.001310822827249122 0.9999146312974273 29.32103123757075
0.9995597199772233 0.026861267129677464 0.012603115775154857 -1.065963250828511 -0.026856590386954548 0.9996391507583449 -0.0005402072946034168 -0.044314851816895894 -0.012613078602830705 0.0002014927341507499 0.999920431658858 30.295021808539648
0.9995895417392694 0.02569401163975976 0.012671456559211107 -1.0640988585222004 -0.025690058803160557 0.999669843292195 -0.0004746481300027417 -0.022357990359912382 -0.012679468607407561 0.00014892284262901258 0.9999196012169282 31.275604066145515
0.999662348727116 0.022581740305057104 0.01285509790626877 -0.9967405404644308 -0.022570381262169748 0.9997447279363193 -0.0010280336639288368 -0.09117591197447626 -0.01287503114812118 0.0007375420861466344 0.9999168413446221 32.25148264286567
0.9997120009143284 0.01908001724621296 0.014555692005288471 -1.085615318499012 -0.019106924299067532 0.9998159807863187 0.0017117266488027982 -0.21073528195312527 -0.014520353704311144 -0.0019893481783586383 0.9998925951431619 33.22067056190936
0.9997537678089269 0.016909226219767936 0.014369475303637877 -1.1232440494059324 -0.01693852379555995 0.9998546901898624 0.0019196137529793758 -0.24843072719403056 -0.014334928094706045 -0.0021625387816393647 0.9998949111094312 34.20506144386216
0.99970072896931 0.019735372706109443 0.014455710372722606 -1.1232796467421415 -0.019758386736507545 0.9998037312039209 0.001450939105391537 -0.274589009081524 -0.014424238343832538 -0.0017361263974452125 0.9998944580371132 35.21807623254053
0.9996962245982702 0.01995201300727132 0.014469820348623251 -1.1271441515438843 -0.019976637519875787 0.9997992312165557 0.0015592344861170102 -0.2535530195099658 -0.014435805393646835 -0.0018478191851167862 0.9998940909350827 36.278308925132634
0.9996367724836838 0.023312055264582417 0.013522987012633575 -1.132108078177711 -0.023343558407373025 0.9997251329404752 0.0021764301114070702 -0.22164268809238247 -0.013468532929920837 -0.0024913142092748706 0.9999061915871038 37.32244348368135
0.9996365973316012 0.02353071347016161 0.01315214046771933 -1.1423345569035779 -0.02356824296266359 0.9997185686939412 0.0027057960361477605 -0.21546726937535426 -0.013084769732414753 -0.0030147855846703944 0.9999098458705804 38.36891664047562
0.999563485413218 0.02660782722250898 0.012839866006927696 -1.1370535835758335 -0.026651754301025527 0.9996394559543206 0.0032622219462332255 -0.1920617401761249 -0.012748436031784752 -0.003603002892843132 0.999912244023893 39.40370119911893
0.9994493251639741 0.030619829142001807 0.012785636182479403 -1.103033390053858 -0.030660723856253302 0.9995253029146947 0.003014771284414142 -0.17029631592469538 -0.012687255096618857 -0.003405127986048994 0.9999137156082577 40.440792724343574
0.9990834963058467 0.040735718946786625 0.013144147411420773 -1.101528457770988 -0.04076750183963588 0.999166327024288 0.002159105034034983 -0.15421067059296717 -0.013045236795092074 -0.002692980260070794 0.9999112808915992 41.466442885647524
0.9990246190541551 0.04211633849524093 0.013267424597640229 -1.0728434479831424 -0.04214495050398962 0.9991097300282442 0.0018842796778144773 -0.19536237554336605 -0.013176254047187908 -0.0024415967403030887 0.9999102084360584 42.490076205470764
0.9990355962383509 0.04195174655028653 0.012958719460756996 -1.0504390150372678 -0.04198642991458444 0.9991152600129 0.0024159702775228722 -0.25074639752640193 -0.012845900190712831 -0.0029577306731210728 0.9999131135641514 43.500831652117256
0.9990768034170351 0.040927653638717885 0.013056341050513813 -1.087881703755727 -0.040959292077724384 0.9991584705295183 0.0021649853588475475 -0.26517223971203074 -0.012956745983843367 -0.0026977651383165023 0.9999124185631303 44.50794650233967
0.9989751489092423 0.04327515645725248 0.013263208335711596 -1.0597709677064646 -0.04330469417786192 0.9990600128527956 0.0019478656864644125 -0.2939781020411996 -0.013166446898005908 -0.0025202285949862927 0.9999101425247726 45.51079511440883
0.9989786627439338 0.04315867813272826 0.013377588877530882 -1.040694191821366 -0.04318840304193928 0.9990650601459968 0.001940988964793414 -0.2929717029512283 -0.013281311118548147 -0.0025167632606222156 0.9999086321647905 46.51230908468709
0.9988929600388994 0.045054875527826166 0.013524517584610703 -1.0294173123726427 -0.04508618715217159 0.9989810603237407 0.0020191192467955174 -0.2984062506180715 -0.0134197657507013 -0.0026266529320656744 0.9999065009197464 47.50985866922152
0.998919513574522 0.044513187122921544 0.01335595643143953 -1.0199220458802398 -0.04454454315130715 0.9990052766435161 0.0020593479190795408 -0.34973598945644446 -0.013251002810355846 -0.0026520577991949 0.9999086845877226 48.49751660495145
0.9989851213836923 0.04285432323053509 0.013864856092318103 -1.0240224328046812 -0.04291526135131784 0.9990701887031239 0.004127758211330593 -0.4675560599663053 -0.013675072107888054 -0.0047185829605889025 0.9998953582138924 49.47094449047007
0.9989546076787517 0.04340320370792564 0.014347602771132945 -1.0212655399722828 -0.04347190096974645 0.9990444647836753 0.004511231669421788 -0.496759938447559 -0.014138091224293745 -0.0051302332292951815 0.9998868911449668 50.4549944145642
0.9990389732203431 0.04147602610498911 0.014172834768641347 -1.013749875414138 -0.04155322348556275 0.9991227789307736 0.00519636792444704 -0.4495573569263734 -0.013944877367686176 -0.00578030104628004 0.9998860577660911 51.437396914700756
0.9992435966861329 0.03639194652052474 0.013706228883481211 -1.0310780323756943 -0.036476194971115934 0.999316822953157 0.005947651909491596 -0.39625817705580685 -0.013480418472296377 -0.006443104162950175 0.9998883761333348 52.414937583913066
0.9992444197549191 0.036438316769889956 0.01352178463185092 -0.9876763924420721 -0.036526774454528906 0.9993124774164714 0.0063535208900981415 -0.4191657644377319 -0.013280976492749457 -0.006842627472697255 0.9998883908280308 53.386296332322495
0.9993684078252609 0.03305980798060523 0.013032058052603606 -0.9867779547773061 -0.03314679719399458 0.9994292499355151 0.006516456791258467 -0.4487354142583312 -0.012809187194396849 -0.006944312033432152 0.9998938449924577 54.35127041358572
0.9994757429819414 0.02966704515350957 0.012965555235077936 -0.9794308305759285 -0.029758803455607177 0.9995329995765954 0.006942360859450266 -0.4777789992779308 -0.012753540982204253 -0.007324560687981359 0.9998918431526197 55.31665567483529
0.9995001901865156 0.028898143986114826 0.01281667239477589 -0.9771386194288856 -0.02899351790914932 0.9995528037472744 0.007319046400516886 -0.47515888681781987 -0.012599433970185382 -0.007686988689914245 0.9998910763020699 56.277658852462196
0.9995989811086905 0.02555513208882835 0.012198860208587976 -1.0054804221463407 -0.025654743818668512 0.9996382067051106 0.008080211320704208 -0.41769920424811346 -0.01198795587515301 -0.008389929636849956 0.9998929432667398 57.23986271774132
0.9996174681633491 0.02512316979871955 0.011564760350261778 -1.007682782246458 -0.025223162242583936 0.9996449974279766 0.008583193094825005 -0.34895892034217096 -0.011345017813056135 -0.00887160957681739 0.9998962871789943 58.20143954751955
0.9995816389312866 0.026703160528514763 0.011112530280269688 -1.0009379752266674 -0.0268020632579798 0.9996015980355659 0.008848424145363402 -0.3146178135313372 -0.010871822135998205 -0.009142561048709572 0.999899103440399 59.15513542227686
0.9996650633540587 0.023371413268120162 0.011114771755420288 -1.0015705099965986 -0.023472573007231323 0.9996834298800855 0.009059709686653284 -0.3612163575906421 -0.010899514931616922 -0.009317567549365498 0.9998971864692981 60.09761926567697
0.9998212738885861 0.015015548463966275 0.011487105123991082 -0.967368305903983 -0.01508400945008655 0.9998688429826631 0.0058965660700393 -0.3476323518646984 -0.011397058335949563 -0.006068783801959368 0.9999166349873634 61.024220224888204
0.9998768375368057 0.00983197845789669 0.01223282293659807 -1.000576777090106 -0.009849911707132581 0.9999504991197731 0.00140660921237674 -0.24962946950652876 -0.012218387649620313 -0.0015269281967759014 0.9999241868729476 61.93592370919343
0.9998319786862814 0.013606858582438895 0.012282825236527448 -0.9898108454027055 -0.013634112308926975 0.9999047657710814 0.0021378423291179742 -0.2353721758023467 -0.012252566172893265 -0.0023049485447870846 0.9999222778968296 62.84956176620571
0.9997629602674857 0.01830279569052542 0.011791138499004272 -0.9415858098698558 -0.018360248522627944 0.9998199965921659 0.0047828536070483995 -0.2806472697970708 -0.011701476461504694 -0.004998208113915208 0.9999190434051503 63.74874534724451
0.9996945751987859 0.021871698435831807 0.011505873528298441 -0.9290262021932154 -0.021931407604191565 0.999746525015288 0.00508911390644947 -0.2636406287678619 -0.011391649512514288 -0.005339899567037665 0.9999208547650148 64.63445416103367
0.9996961351948683 0.02246268330788653 0.010152100031582272 -0.9616683858504547 -0.02251284803752617 0.9997347683849157 0.004854333692290135 -0.2711299405616399 -0.010040366013293665 -0.005081411316401518 0.9999366831501645 65.50561094729449
0.9997065616455003 0.022484350017221016 0.009013579046778193 -1.0321343012550415 -0.022532348152401665 0.9997322802988987 0.005259374021796083 -0.24240258504364337 -0.008892912327712374 -0.005460927820918688 0.9999455457061981 66.36031498078331
0.9997400018172755 0.021887495310054572 0.006392676704176687 -1.0086543464537394 -0.02192226453836034 0.9997449840407858 0.00542044304436866 -0.22817350530552027 -0.006272406547882961 -0.005559175688844779 0.9999648756240185 67.2060245880648
0.9997214134644568 0.02277591842520944 0.006192979938195099 -1.052228436967995 -0.022804439523445866 0.9997294794067909 0.004574444561543559 -0.22096425507869646 -0.006087117433414112 -0.004714397619351644 0.999970360288963 68.03662585838251
0.9997756814499879 0.020811679582339496 0.003932019096129488 -1.0750132912997843 -0.020833992366568597 0.9997665770517549 0.005721553310562842 -0.20451043672125627 -0.0038120261384267636 -0.005802189515854357 0.9999759012363958 68.85575528739342
0.999734746492891 0.022773503112518807 0.0034357256550706467 -1.1163775675080665 -0.022793549824968437 0.9997227065712594 0.005913040859871694 -0.14581947244060448 -0.0033001122964967542 -0.0059897847889496935 0.999976615595091 69.66011302541696
0.9997166054773706 0.02366946956184001 0.002542625309038383 -1.1492556503304348 -0.02368553447700525 0.9996984198409072 0.006485740060305558 -0.08469829237240237 -0.002388344476749685 -0.006544125476516544 0.9999757348218045 70.45411513727053
0.9996339326254781 0.026969448531062694 0.0021562907153998582 -1.1898701684634194 -0.02698500168194545 0.9996073844274694 0.007542326053462926 -0.07730566742212176 -0.0019520317477826471 -0.007597752562548515 0.9999692313906733 71.23243074302435
0.9995456515393768 0.030034844675450013 0.002529544236046359 -1.221115704422669 -0.03005737958781933 0.9995039792272474 0.00939943834545032 -0.23777288029103716 -0.0022459788588175098 -0.009471199196394315 0.999952624860172 71.97119820305824
0.9995108573295589 0.0312243931984817 0.0017559469566473503 -1.2325325852054363 -0.031228081769344395 0.999510049009914 0.0021139624416495776 -0.24769742681112494 -0.0016890794342124132 -0.002167763267560403 0.9999962238994109 72.70503861908483
0.9995190682001236 0.030972953181823568 0.0015193668256970549 -1.263369344289363 -0.030967924574740444 0.9995151646660948 -0.0032285058527150626 -0.2639120914009315 -0.0016186265435980825 0.0031799015243249343 0.9999936341169418 73.42018767912205
0.9995030808704148 0.031474130008887914 0.0017235053612446628 -1.27929151952571 -0.031468661281961345 0.9994998906474156 -0.0031131901522306557 -0.2889894271744845 -0.0018206283716878746 0.0030574067420594017 0.9999936687681307 74.11784832649198
0.999427331621892 0.0338023758713732 0.0015518352337433366 -1.3112181195045998 -0.033800945511157206 0.999428143779513 -0.0009388844377568994 -0.2702144167399912 -0.0015826843317764707 0.000885893270150723 0.9999983551503571 74.7968515837006
0.9994451119593741 0.03311627887365721 0.0035749481218593404 -1.4454027339952895 -0.03312399241934821 0.9994490006153777 0.002120446916113726 -0.2990224667381731 -0.00350275701623321 -0.0022376868599671552 0.9999913616880907 75.44225963561985
0.999543479283277 0.02989681164159936 0.004360467399887176 -1.4728378567980227 -0.029916498187488233 0.9995421740296115 0.004521666988379145 -0.43336032887882503 -0.004223287638410799 -0.004650052668790075 0.9999802702312184 76.06117705294719
0.9997733010761827 0.020767673683316862 0.004695762452826724 -1.4940529360899284 -0.020804300384583634 0.999752430023832 0.007890484582649454 -0.560513387028951 -0.004530732914012448 -0.007986387870889353 0.9999578441454606 76.66170398255932
0.9998742428042225 0.015396952549269188 0.003799003668813105 -1.4352459037832528 -0.015440604684067948 0.9998118402605618 0.01174188237793609 -0.690391562886555 -0.0036174996434604175 -0.01179906466557849 0.9999238449848803 77.24118211713898
0.999846890635232 0.017469056007636142 -0.0010135922542727116 -1.2384395886421145 -0.017452725142143882 0.9997447269858013 0.014348632311005239 -0.7321860570183449 0.0012639905729967807 -0.01432874545400674 0.9998965393387185 77.7898726477317
0.9997581849310765 0.021959270739296478 -0.0011670869356266787 -1.2400279387019917 -0.02193921523831984 0.9996457905618614 0.015065332610852276 -0.7183986982134757 0.0014974972599982664 -0.015036084614926039 0.9998858303133458 78.36229919251991
0.9997548553662591 0.022035102185706302 -0.0021641264412266344 -1.238600545004701 -0.02200251842519348 0.9996588344734624 0.014074936664360374 -0.7093968267934682 0.002473530783546404 -0.014023870037269277 0.9998986012164637 78.9192461227628
0.9998937781711815 0.014348318097517382 -0.0025608870201862142 -1.2064812692046563 -0.014311887747177586 0.9998034712863817 0.01371818766498414 -0.6434363589279638 0.0027572166526931073 -0.013680079366436134 0.9999026218511771 79.45835679496982
0.999959605094771 0.00891439783885635 -0.0011496477190914883 -1.1059127218216707 -0.00889842714671834 0.9998730186012531 0.013219858831729409 -0.5913334982260667 0.0012673488162156575 -0.013209094760312005 0.9999119529451536 79.9781392914331
0.9999463631505804 0.010350673959357166 -0.0003665658365395818 -0.954475577548412 -0.010345961512848547 0.999884711907195 0.011114134003089304 -0.555691971783043 0.0004815623532700432 -0.01110974539992055 0.9999381689158828 80.46660510239569
0.9998678971455175 0.014215113804955114 0.007881547900686958 -0.9295233268738555 -0.014279347998786242 0.9998647932960271 0.008154467966757097 -0.5386620073737438 -0.007764565572406743 -0.008265934103504867 0.9999356908596013 80.96771879431945
0.9996137339203258 0.018997865649281468 0.02028457686603173 -0.9000810626958207 -0.019143297510458023 0.9997922481714268 0.006999618328772759 -0.5321456394824834 -0.02014738489948968 -0.007385228303461811 0.9997697441334267 81.45488327150859
0.9994287585995246 0.012835652334663095 0.03126343732468997 -0.7383189126563822 -0.012918556426284998 0.9999135474269266 0.0024512388619466873 -0.448070547457078 -0.03122927127026897 -0.0028537170919848585 0.9995081735106955 81.89311165904209
0.9986566588700818 0.009664657182507967 0.050906503474384676 -0.6138078664171014 -0.00983596614694781 0.9999467716170944 0.003115718617665667 -0.45985282999359767 -0.0508736814512085 -0.0036122477895307705 0.9986985632319233 82.33607317562432
0.9970689556436022 0.007392271412567771 0.07615019379579542 -0.5619692500156227 -0.007473515538330916 0.9999717671409559 0.0007819760162217195 -0.4195622940734417 -0.07614226327915787 -0.0013487936664122566 0.9970960517915878 82.78634295816545
0.9945126986825868 0.007098181174698199 0.10437484363143892 -0.5145475707359566 -0.007429076108784921 0.999968534639822 0.0027818264602190866 -0.4469272715326155 -0.10435181353117949 -0.0035419703973995358 0.994534138910504 83.23317596454618
0.990417634279469 0.00622249875808629 0.13796445273135924 -0.4562195218556987 -0.006415056708136628 0.999978971011189 0.0009510955961051937 -0.4296568872317868 -0.13795563328726107 -0.0018270316382467688 0.990436724480521 83.66665056580692
0.9881382413516024 0.007051939375956291 0.15340497426615068 -0.055562496169602404 -0.006128802166569471 0.9999601598950775 -0.00648971544924298 -0.3387171285164644 -0.15344462767579584 0.005472547272242445 0.9881420937617167 83.82049312408844
0.9811656577215578 0.0068076189549345426 0.1930482023536749 0.07686410572559811 -0.0059409133282913185 0.9999695093947097 -0.005068118953523323 -0.38298736861798455 -0.19307681801978918 0.0038257816280792565 0.981176184860949 84.2291733735377
0.9711485558429626 0.009225879594480364 0.23829680155183477 0.19003278704223597 -0.007388624879381304 0.9999357046637376 -0.008602020752372801 -0.3771258579643159 -0.23836084138657976 0.006593154354375248 0.9711542820835117 84.62647703067528
0.9574314577237211 0.010549979375712958 0.2884678521017561 0.33581747072803114 -0.007244431454018865 0.9998953258602594 -0.0125241980067235 -0.3760218066079192 -0.28856978700816327 0.009901275573158667 0.9574076680119538 85.01677983056032
0.9404568814572264 0.011067690096711937 0.3397327778647056 0.5447496435903774 -0.006256785761411111 0.9998640898691761 -0.015253013538905288 -0.3830387363610431 -0.33985542036531097 0.012219166338395279 0.9403983120052439 85.35421967861278
0.9191902471889156 0.011926331409887865 0.3936331440464326 0.7630876643180673 -0.0053323754160127645 0.9998266177953171 -0.017840967473706747 -0.391962841127222 -0.3937776723548466 0.014300243602004999 0.9190944716337501 85.69309228901612
0.8945176697132702 0.012440912925108653 0.4468594435125307 1.0162870970469844 -0.0032262662868704477 0.9997663022846417 -0.021375968327515815 -0.3840955416468425 -0.4470209500421487 0.017679493818620055 0.8943487606754604 85.99858965428827
0.8634092429820067 0.011224892483465525 0.5043793026304414 1.2260553907753227 0.0010106168351840846 0.9997119647484526 -0.023978452668998618 -0.39484392916628586 -0.5045031791642631 0.021212951881376823 0.8631492066182008 86.31356799775902
0.8274319602610531 0.011042391924648811 0.5614574041894282 1.4447150118736003 0.00401948801736018 0.9996645852922441 -0.025584382512822235 -0.40636957628041276 -0.5615515958971422 0.02342610708305079 0.8271100426498917 86.63301456306073
0.7874847140209026 0.010076283681362644 0.6162518102939637 1.6812642770550987 0.006415325236150317 0.9996781769198136 -0.024543557044379986 -0.4218093044968471 -0.6163007940815344 0.02328113179055159 0.7871666406276506 86.92174478071844
0.7430667413031937 0.011495760220457073 0.6691185735473226 1.9377667100663314 0.005519018961820653 0.9997131796174102 -0.02330448302248511 -0.41732764833461167 -0.6691945594509492 0.02100966435238779 0.7427901692975276 87.21305776367326
0.6949451661661313 0.012340052113995642 0.7189568409411997 2.206201317694032 0.006574119932521904 0.9997019091046707 -0.02351327028696791 -0.4124054091408934 -0.7190326814334933 0.02106694202534071 0.6946568843567744 87.48696621646353
0.645119419158489 0.012747920225382434 0.7639754089985741 2.4937290208230065 0.009807896293428486 0.9996402791671791 -0.024962320342068814 -0.41831086411603935 -0.7640188087965568 0.023596669182111313 0.6447623259842342 87.72924025597477
0.5941300839298695 0.010528910168594356 0.8043000593187504 2.793900333167027 0.01527307142100202 0.9995863946463394 -0.024367456315752975 -0.4417305544217086 -0.8042239592668536 0.026761571115927304 0.5937235397493962 87.96163449786897
0.542872495207235 0.014585917817158216 0.8396884570773252 3.10098816656823 0.01392479253029125 0.9995553810147015 -0.02636551606818409 -0.4391057324931075 -0.8396996808981516 0.026005601050243795 0.542428017909803 88.1697892119602
0.489878629470834 0.02078656868717117 0.8715427969698265 3.4174044174739775 0.010938135424850727 0.9994904599585904 -0.029986290954222106 -0.41903956898300004 -0.8717220231135634 0.02422269625737726 0.48940165039037076 88.37975493078461
0.4387250141124323 0.02520864184583605 0.8982677141967932 3.755707810040745 0.01026463727906713 0.9994006514751597 -0.033060173208166954 -0.42721510986532757 -0.8985627408331454 0.023724717223039444 0.4382033073575692 88.55510702001303
0.3902464149185374 0.025347846550233026 0.9203614628603763 4.091158753767266 0.01772145568922311 0.9992289836146346 -0.03503410213945218 -0.4335460918266158 -0.92053988813711 0.029982077641959926 0.3894963277988489 88.72589680643017
0.3444576603316624 0.023554584211715975 0.9385063142043572 4.448830973630403 0.033110045222459195 0.9987584614918497 -0.03721908789584496 -0.4057728634999282 -0.938217802615258 0.04389438644115117 0.34325010953348806 88.87477707036602
0.30363460738373227 0.026286332874564087 0.9524258784298817 4.807271546089159 0.03834901960576269 0.9984721697384886 -0.03978289774501381 -0.3734597782561118 -0.9520164798438119 0.048604063222337894 0.3021626501473598 89.01321141880457
0.2647927685135248 0.03502471275262969 0.9636690610575479 5.176327737780015 0.03360749902175965 0.9983978829948406 -0.045521459125577854 -0.3831279864696703 -0.9637195264974372 0.04444026021542876 0.2631914465166753 89.1248548808234
0.22850446799300572 0.04560727494724224 0.9724740020067979 5.546078714248646 0.022536875659701347 0.9983865964354933 -0.05211807069960637 -0.4065436288247758 -0.9732819721656886 0.033825737683554936 0.22710795258517688 89.2420574917473
0.19485411022480706 0.05426063749372116 0.9793302093508967 5.930627111091289 0.015530561363509852 0.998172761515459 -0.058394690103943075 -0.42365118969940946 -0.9807092726145873 0.026587993293520393 0.19365536713551443 89.32450972955047
0.16108054313836373 0.0608621032466648 0.9850628726181083 6.324146394108675 0.014135165217972152 0.9978521135809144 -0.0639637125748753 -0.4454415966642576 -0.9868400355308404 0.02422733601725449 0.15987426454247347 89.41409833266918
0.1328190538539345 0.0626076218517463 0.9891609498051426 6.726990039690407 0.01973033303249478 0.9976381784153688 -0.06579345656287146 -0.49856564413176047 -0.990943899972028 0.028255099612855022 0.1312700897161849 89.47820418338446
0.10694591847107295 0.06860032394016218 0.9918954411013696 7.145845994433717 0.023464490425805336 0.9971649438173504 -0.07149470267646871 -0.5438851900742887 -0.9939879215621465 0.030920387724674443 0.10503304913940162 89.52734224598137
0.0869353818835461 0.07388933917425154 0.9934699818983721 7.572417594494313 0.026931920048430993 0.996706797688202 -0.07648680359796342 -0.5784251754471639 -0.9958498436306886 0.03340546360284407 0.0846591043078781 89.56452305253822
0.09832726032357415 0.0763479618521184 0.9922211137636031 7.946211845322433 0.018929274670231762 0.9967288158943213 -0.07857066963162494 -0.5938807670934484 -0.9949740863146733 0.026507664682701024 0.09656040221203792 89.31376075408923
0.09105887070337675 0.07439535451831367 0.9930627438849559 8.413354998123415 0.0195829250273383 0.9968790255962805 -0.07647690745305294 -0.6257362940941834 -0.9956529471224395 0.02641097408850379 0.0893177996487658 89.32699082803539
0.09820476770847497 0.07770645528562338 0.9921277792735496 8.87116173029043 0.01495373449611924 0.9967190087390221 -0.07954623462439646 -0.6348172927796332 -0.9950538726239618 0.022647834890853927 0.09672055702286161 89.19882326117101
0.08131562963332097 0.07473669252635555 0.9938823849769927 9.346410452325213 0.015718318351406472 0.9969644880585855 -0.07625446884140714 -0.7012012576176037 -0.9965644499205961 0.021822839877117122 0.07989405994288519 89.2867457580284
0.08740591725722748 0.0771325315366562 0.9931821475475517 9.827410819187687 0.013658627046780147 0.9968113661881899 -0.07861642414426069 -0.7313530540383038 -0.9960791371852036 0.020437045206684667 0.08607368731267585 89.16036084936584
0.09153917484695581 0.07879207778169406 0.9926793983694732 10.33177323041866 0.009594769856591771 0.9967486970957611 -0.07999984518297865 -0.7928901017124275 -0.9957552509827591 0.016847650184669268 0.09048556140908649 89.07567614128921
0.09380554847801857 0.08027646107894172 0.9923488342671525 10.856795536626157 0.005988535135819898 0.9966804109336759 -0.08119295479291651 -0.8578362099996764 -0.9955725270022598 0.013559065517899371 0.09301341419718016 89.03431359779562
0.09566237704171847 0.08068176027523598 0.9921386814239301 11.401326631818625 0.00955546169166258 0.9965893967204077 -0.08196503825602386 -0.8999801172259809 -0.9953679735507807 0.01732131355704974 0.09456515915532074 89.04539272992791
0.09589871214710363 0.08097035204599969 0.9920923541173328 11.961247866863319 0.011950333498736927 0.9965204957773879 -0.08248691426436304 -0.9547830831132417 -0.9953193590691364 0.01976622334019023 0.09459740946278515 89.08745648006997
0.0976459689141322 0.08180479428830591 0.9918534369483556 12.542916697997438 0.012878989940940506 0.9964287325666266 -0.08345006011840694 -1.0065584630761044 -0.9951378780716378 0.020922632413549726 0.0962436859225894 89.10615747091424
0.09993475786034552 0.08166257832404726 0.9916371652337664 13.142043225957563 0.01537048373640323 0.9963806594858209 -0.08360221069031558 -1.064469287215848 -0.9948752647448339 0.02359670960256505 0.0983178666104446 89.14768879167721
0.1006885793825214 0.08193415510859542 0.9915385036439923 13.75826500838841 0.017768527620950873 0.9962962129274578 -0.08413165594820787 -1.1128307215844124 -0.9947593123002737 0.02608927620775885 0.09885980102570566 89.18992184999108
0.10068857375145382 0.08193415629912555 0.9915385041174375 13.780926323910997 0.01776852818287288 0.9962962128242354 -0.0841316570519016 -1.120925242636877 -0.9947593128602078 0.026089276410716893 0.09885979533790645 89.17358711647252
0.10138506546412979 0.08211933414601681 0.9914522093677769 14.432093161805302 0.02019463210331306 0.9962121385602022 -0.08457867236791403 -1.1779915121335827 -0.9946422700323198 0.028597026851089495 0.09934266314243921 89.21598646529493
0.10152236279199725 0.08107595351692379 0.9915240287630193 15.084656050602527 0.02104843921941133 0.9962754245438692 -0.08361962482789906 -1.3423576785088378 -0.9946105635169761 0.029359295142313113 0.0994377128115372 89.25406459625349
0.10169875545371145 0.08090372350224848 0.9915200203034908 15.766094486881627 0.023621859549001593 0.9962102006941848 -0.08370928135098335 -1.3927439766037077 -0.9945347509718369 0.03193467639295204 0.09940224118732953 89.319738980205
0.11368974423397882 0.08192761821382177 0.9901325706337609 16.442315315765736 0.026659310633760223 0.9959837701382214 -0.08547286573987162 -1.4544302398707578 -0.9931585589484416 0.036113640014040375 0.11104900626476218 89.12087566412534
0.11757097023846573 0.08028576159117563 0.9898137518962381 17.151425552658772 0.027840009887427016 0.9960683375690833 -0.0840999449573516 -1.5814085408752971 -0.9926741664849821 0.03744413676514012 0.11487356447529502 89.18755644838132
0.11765684102245469 0.08121256115179888 0.9897279361884149 17.872846359174567 0.02422678948342735 0.9961189807773607 -0.0846170125116504 -1.6344407721585144 -0.9927587473459717 0.033933700744782275 0.11523269293833716 89.34046244766964
0.11777955066551062 0.08151897690912037 0.989688149797055 18.613589743736757 0.022572120585501423 0.9961476270341205 -0.08473726763687588 -1.6847159104703446 -0.9927831972879599 0.032319677566155496 0.11548576373179421 89.5002490376086
0.11836779981445752 0.08302245030707125 0.9894929695111996 19.36672332052287 0.0205595282062428 0.9960799972850968 -0.08603455589736989 -1.733268123226591 -0.9927569540260203 0.030527229706130293 0.11619689530898829 89.6630851870412
0.11869356160811285 0.08204441468320078 0.9895355235927962 20.129969980014202 0.015315940871371897 0.9963105716117421 -0.0844432759306967 -1.8108860177639567 -0.9928128022885312 0.02517854074354051 0.11699906280829839 89.84376759930221
0.11420838078483381 0.08338478286491319 0.9899512229120558 20.896022851707123 0.008633211101432857 0.9963503889838867 -0.08491978590255207 -1.8936284479541337 -0.9934193039319222 0.018245009132046804 0.11307168618706923 90.0418271721502
0.11366575916627944 0.08462461834229992 0.98990846504289 21.67380032962704 0.0028290400291466206 0.9963342582901533 -0.08549878531255947 -1.9777993535897331 -0.9935150183694595 0.012518775013144409 0.11300968341918072 90.22525448750261
0.11207876519066944 0.08721632874274314 0.9898644666791356 22.442067074184763 -0.0042306938540144536 0.9961736785789805 -0.08729320326311259 -2.120732240852506 -0.9936903197791801 0.005595900915781212 0.11201890139656073 90.42079845817828
0.10844169006226777 0.09052405431960323 0.9899726235840957 23.212101114727613 -0.015756176959906984 0.9958767317724365 -0.08933799864479937 -2.2681606433728447 -0.9939779387612422 -0.0059102202828316365 0.10942086890607877 90.62701057586774
0.10710794775854947 0.09131954856504629 0.9900447603905719 24.00775936736027 -0.021365435153626787 0.9957545081732053 -0.08953478448867666 -2.416389553875446 -0.9940178095525496 -0.011562850107726449 0.10860430373488089 90.72956202048206
0.1072377570408825 0.09302129198233722 0.9898722658518999 24.82301830246757 -0.025502490751838195 0.9955433405917773 -0.09079140911350905 -2.484725107977882 -0.9939062764819899 -0.015507941233475236 0.10913210952055327 90.78453844737514
0.10661244352872735 0.09253771545724555 0.9899851302432702 25.634075655903494 -0.026827861869985908 0.9955649687120304 -0.0901701663572757 -2.540047311388571 -0.9939386564131208 -0.016945922558765356 0.10862220305404173 90.89543704584656
0.1068621119855449 0.09205880064389522 0.9900028617362645 26.445887953300325 -0.025390658574663088 0.995632364301525 -0.089841580643376 -2.6082090557485507 -0.9939495980577359 -0.015536163598613971 0.10873281078636465 90.9809484765258
0.10650064232307291 0.09163766547686455 0.9900808812671417 27.255852405717373 -0.028212588792519484 0.9956216329472128 -0.08911573284863741 -2.6903082414420836 -0.9939123014725182 -0.018441861985053827 0.10861967919363025 91.07412587285494
0.10657860517669752 0.092414673398333 0.9900002672016134 28.064899704297055 -0.029787000990542725 0.9955212004951864 -0.08972331880070139 -2.77163699385307 -0.9938580056982887 -0.01992655277016901 0.10885401694066538 91.15786211217359
0.106807803175742 0.09288547323793893 0.9899315037123189 28.868858972454117 -0.034970432370859186 0.9953617362347218 -0.0896218885071908 -2.8825081457444637 -0.9936645118150129 -0.02504601567444017 0.10956064557252572 91.22247201706459
0.10630381569403352 0.09357749368560814 0.9899205783518219 29.668239138743104 -0.03891852807317943 0.9951904320100349 -0.08989634146224879 -2.982428613872031 -0.9935717623511182 -0.02896992770443252 0.1094344385798816 91.32970866370114
0.1065738239724448 0.09541463689055735 0.9897161548196179 30.478884010527665 -0.04047687140627442 0.9949762876109559 -0.09156314746163026 -3.0369089793096546 -0.9934805699786237 -0.03030237876740719 0.10990051372030225 91.37178883032611
0.10683428898227064 0.09581483524645774 0.9896494086515403 31.28669051189651 -0.040882216653687464 0.9949274994490702 -0.0919125410458307 -3.0988388189940634 -0.9934359964583197 -0.03063965056450076 0.11020949484573313 91.42367105804286
0.10756106668984859 0.09649664869313841 0.9895044283496317 32.0974772223709 -0.03987683167677289 0.9948963830911103 -0.09268778348654837 -3.149139969891795 -0.9933984372989346 -0.029488704671788647 0.11086009682846121 91.47169326837695
0.10905034430179252 0.09709467665220661 0.9892828949160399 32.9073968325873 -0.03755042895684829 0.9949101819816499 -0.0935077273512575 -3.196845487011783 -0.9933267275639059 -0.026950947201237082 0.11214124465217502 91.52576024755085
0.11069555491723337 0.09734222531165578 0.9890758238340158 33.71123313818272 -0.03369208179888586 0.9949874393546667 -0.09415327477311043 -3.2663684099056396 -0.9932831105710114 -0.02290167456363175 0.11342034895272803 91.56879654268742
