0.99999560000015 0.0028722189883975398 0.0006839950295103116 0.0038797378643609694 -0.002873712011734767 0.9999934000007467 0.0021903016437424343 -0.18499060028807768 -0.0006776996694393893 -0.0021922573567375583 0.9999973999991032 0.8085136000652821
0.9999832000003304 0.0055876579885693325 0.0015627378294989654 0.007192397726450534 -0.005592623011425685 0.9999792000010727 0.0031903646437332293 -0.36823620058092105 -0.001544879168468663 -0.0031990503571953845 0.9999936999985971 1.6304180001299986
0.9999733000004809 0.006921213988546813 0.002355062829500833 0.02045471959919311 -0.006928386011144484 0.9999713000010095 0.0030501436437241325 -0.5523196008516409 -0.0023338851679911093 -0.0030663783574198934 0.9999925999985121 2.3898870001933177
0.9999566000005787 0.008891449988536238 0.002795367829501844 0.029586629467724408 -0.008899773010989358 0.9999559000009633 0.002978513643719179 -0.7343270011310604 -0.0027687611672859544 -0.003003261357750261 0.9999916999984626 3.173915000256601
0.9999525000007192 0.009051768988547544 0.0036091128295016213 0.03335120934639741 -0.009062748010699785 0.9999543000009852 0.003036916643710431 -0.9183096013892701 -0.0035814581672271957 -0.0030694803577770197 0.9999888999983031 3.8985870003215037
0.9999467000008543 0.009344228988772822 0.004393636829487263 0.03816707922379178 -0.009363343010424942 0.9999467000014522 0.0043495796437038855 -1.1023940016501672 -0.00435276016711912 -0.004390486357824168 0.9999808999977019 4.630767000386263
0.9999351000010306 0.01002403998926418 0.0054111078294566016 0.05059317910821848 -0.010062980010073688 0.9999233000024703 0.0072173346436993965 -1.2850970018964238 -0.005338346166867898 -0.007271317357931717 0.999959299996507 5.321596000449234
0.9999263000013077 0.009856340989973312 0.007085164829415334 0.051708189000032934 -0.009936435009491453 0.9998861000039533 0.011359159643696768 -1.4705930021271756 -0.006972398166911481 -0.01142872035788988 0.9999103999947463 5.969282000515126
0.9999227000015432 0.009036039990613975 0.00854474982938085 0.062474578897365136 -0.009164425008980367 0.999843900005301 0.01510695964370102 -1.6557460023465027 -0.0084069091671859 -0.015184100357735018 0.9998493999931624 6.584575000579254
0.9999187000017427 0.008184366991053797 0.009779583829359137 0.07747076879816876 -0.00835640100854352 0.9998087000062293 0.017681489643705292 -1.8398550025585994 -0.009633002167473077 -0.017761770357577297 0.9997958999920347 7.179430000642285
0.9998992000020082 0.00856944299110223 0.01131732982935953 0.09159597870083383 -0.008771741007998844 0.9998004000063258 0.017947849643694357 -2.0233920027667813 -0.011161270167321788 -0.018045310357639986 0.9997748999916777 7.7633250007052625
0.9998704000022781 0.009739188990757645 0.012819729829381241 0.07806212861248567 -0.009942603007463637 0.9998241000055922 0.015900119643670486 -2.2069500029558515 -0.012662630166899759 -0.01602552035784783 0.999791399992151 8.294502000772964
0.9998544000024903 0.0097054429902104 0.014036619829414723 0.05269461853350304 -0.00988363600701845 0.99987070000445 0.012681589643645326 -2.394913003125317 -0.013911730166918039 -0.012818470357858675 0.9998210999930903 8.77104700084425
0.9998390000027904 0.00839163098999598 0.015861789829431813 0.045399418459329835 -0.0085734320063583 0.9998979000040183 0.011428369643627815 -2.5798110032848713 -0.015764270167382178 -0.011562520357644409 0.9998088999932256 9.219163000911365
0.9998292000030965 0.0047309109896223 0.01786429982945943 0.036299988388630335 -0.004897407005626048 0.9999448000032823 0.009287784643607966 -2.767953003437225 -0.01781938016869009 -0.009373685357037096 0.9997972999936467 9.647129000979941
0.9998011000034032 0.0023717529893904177 0.01980420982947955 0.0472547883226557 -0.002529940004925595 0.9999650000028264 0.00796628764359371 -2.9535750035798807 -0.019784620169528713 -0.00801480535664214 0.9997720999937867 10.0472000010442
0.9997320000038532 0.006671025989144232 0.02216804982950461 0.042015408258761884 -0.006814894004091272 0.9999561000022603 0.006420605643579083 -3.142551003718079 -0.02212425016799042 -0.006569956357371837 0.9997336999939344 10.435300001112417
0.9996154000044428 0.011303459989036601 0.02532318982952584 0.03769118820643104 -0.011449980002973727 0.999918500001979 0.00564813564356634 -3.333269003832166 -0.02525729016631929 -0.005935912358148105 0.9996633999936718 10.755690001181096
0.9995108000050449 0.012176469989200137 0.028806829829532164 0.03176479815883509 -0.01236975000173733 0.99990210000231 0.0065409846435601745 -3.5232260039363203 -0.02872436016597379 -0.00689411635829108 0.99956359999276 11.048250001249778
0.9994553000055437 0.008077444989301087 0.03199664982954129 0.050722658114023086 -0.008312721000592398 0.9999393000025708 0.007226895643558203 -3.7066550040347908 -0.03193634016740965 -0.007488937357605598 0.9994618999919719 11.324020001311894
0.9993994000059203 0.0029213729891564106 0.034528929829563106 0.0703961580739299 -0.003148931999675247 0.9999736000023312 0.006537842643556233 -3.8888420041233767 -0.03450892016923972 -0.0066426443567388915 0.9993822999917857 11.572020001373442
0.9993136000063106 -0.0006270530105918007 0.03703919982956128 0.09529699803806328 0.00032587140122857525 0.9999668000028998 0.008136907643562364 -4.071233004203197 -0.03704308017046299 -0.008119251356131594 0.9992806999907883 11.795240001434173
0.9992103000067644 -0.0010287340103641075 0.039719749829564686 0.09028127802324129 0.0006523598021862162 0.9999548000033801 0.009487539643571193 -4.26807600423904 -0.0397277201705617 -0.009454134356058849 0.9991657999898502 11.896020001505155
0.9991274000071216 -0.00020849921055598 0.041767009829591 0.0966903680064211 -0.0001395791970861933 0.9999653000029692 0.008330722643572718 -4.4574740042790095 -0.04176729017026543 -0.008329281356202405 0.9990926999899133 12.008000001571535
0.9990296000075175 0.000621357589169132 0.04403970982962527 0.10648849799223634 -0.000916579096277306 0.9999772000023851 0.006683650643575886 -4.644611004313456 -0.04403456016997196 -0.0067175293563481045 0.9990073999901129 12.104360001636532
0.9989076000079855 0.0028133819890046314 0.04664481982965708 0.11234299797965186 -0.0030786079953519082 0.9999795000020151 0.005615202643584445 -4.833710004344558 -0.046628060169180946 -0.005752669356722584 0.9988957999900494 12.191470001702903
0.9988112000083185 0.0057434409889688 0.04840767982967536 0.1244046979666466 -0.006004888994728066 0.9999681000019047 0.005257228643592545 -5.021684004376587 -0.048375950168122045 -0.0055416603572179925 0.9988137999898765 12.280970001767813
0.9987373000085561 0.007422854988758597 0.04968709982970087 0.10560019796694083 -0.007627691994271137 0.9999631000014453 0.003934156643597422 -5.220757004380729 -0.04965607016753132 -0.00430818635750249 0.9987570999901296 12.293230001841938
0.9986443000088794 0.006635479988431027 0.051629289829739376 0.10739659796202028 -0.006749876993572343 0.9999751000007706 0.002041669643607259 -5.410556004395786 -0.05161447016782819 -0.0023873923573725434 0.9986641999904725 12.335430001909247
0.9985752000091144 0.0053601099881462454 0.053092519829771374 0.10605569795891143 -0.00539064499304606 0.9999854000001909 0.0004319108436163469 -5.599752004407001 -0.05308943016830062 -0.0007174983571588067 0.9985894999907965 12.366960001976874
0.9985214000092887 0.004548471987942758 0.05417032982979508 0.12054379795140918 -0.004516011992659375 0.9999894999997752 -0.0007216382563758981 -5.782798004427433 -0.05417305016860304 0.0004759370429780885 0.9985314999910236 12.423830002039614
0.998437000009548 0.005270554987718008 0.05563917982982552 0.11756319795003592 -0.005162521992132445 0.9999844999992968 -0.002085249356364027 -5.973298004435036 -0.05564931016835832 0.0017947506428567816 0.9984487999912589 12.445270002107987
0.9983586000097805 0.006302587987359872 0.056924699829864964 0.12527569794623586 -0.006070501991668162 0.9999724999985358 -0.004249087356351135 -6.1605820044477575 -0.05694992016802149 0.003896549642685133 0.9983693999918104 12.480720002173392
0.9983128000099162 0.00644319398697882 0.05770625982990155 0.12703319794511958 -0.006078421991384069 0.9999603999977374 -0.006494510356340223 -6.350324004454862 -0.057745830168010846 0.006132788642665475 0.998312499992477 12.500600002240688
0.9982767000100262 0.005676980986581274 0.058407769829938894 0.14253979793973676 -0.005172602991131138 0.9999479999969155 -0.008783055356327854 -6.534828004470916 -0.058454600168327396 0.008465797642800504 0.9982541999931726 12.545140002303773
0.9983039000099483 0.004780261986232718 0.05802113982996218 0.15694579793427743 -0.00416203699126892 0.9999332999961975 -0.010771350356324327 -6.719215004487112 -0.058068760168692043 0.010511589642958598 0.9982572999939466 12.590120002367005
0.9984240000095898 0.0042801799860110465 0.05595732982995969 0.16018249792975958 -0.0036121479920057814 0.9999209999957399 -0.01203394035633641 -6.903920004501216 -0.05600442016890843 0.011812849643048224 0.9983605999947481 12.629600002432252
0.9985875000090793 0.004443315985841773 0.05294650982994568 0.15041949792741932 -0.003758632993078235 0.9999080999953838 -0.013024180356354427 -7.091533004510685 -0.052999520168884116 0.01280676964302501 0.998512399995614 12.656510002500758
0.9987906000084 0.00507751498564558 0.048904479829927204 0.15150869792171706 -0.004388269994515778 0.9998896999949658 -0.01419078035637381 -7.275414004527216 -0.04897114016869442 0.013958999642923456 0.9987026999967187 12.702880002566078
0.9990505000074388 0.005410247985446631 0.043230119829899355 0.1551809979150246 -0.004750592996536535 0.9998708999945455 -0.015347370356392992 -7.457603004545806 -0.04330758016860964 0.015127419642873435 0.998947299998098 12.754940002630356
0.999316700006305 0.005333668985305503 0.03657521982986569 0.1567733979084174 -0.0047458049989093 0.9998583999942512 -0.01614082035640353 -7.639654004564188 -0.03665614016865673 0.01595620964289094 0.9992005999995152 12.80649000269494
0.9995545000050762 0.005452372985157981 0.029345089829837405 0.1461489979054838 -0.004955577001485373 0.9998435999939411 -0.016975650356396952 -7.823270004574788 -0.029433060168622543 0.016822659642875985 0.999425200001045 12.836600002762163
0.9997592000036936 0.005662530984973096 0.021200699829818016 0.13137439790255204 -0.00528066400438558 0.9998235999935517 -0.018024960356366214 -8.006755004585331 -0.02129902016854163 0.017908659642847283 0.999612700002807 12.866690002830047
0.9999268000019755 0.004573881984740619 0.011198809829810072 0.12812289789489537 -0.004356898007955084 0.9998037999930784 -0.019324050356295554 -8.187426004605818 -0.011285000168899297 0.019273839643039917 0.9997506000049746 12.924300002894967
0.9999933999997559 0.0032064839844413618 -0.0017258451701741072 0.11810319788644863 -0.0032420680125668415 0.9997735999924688 -0.021026070356150322 -8.36888400462789 0.0016580348306921837 0.02103151964328377 0.9997774000077843 12.986600002961318
0.9998426999970474 0.002398226984090557 -0.017574960170116234 0.11341949787292441 -0.002803070018214068 0.9997303999917444 -0.023046860355890146 -8.547404004660567 0.017514949830561472 0.02309249964343693 0.9995799000112058 13.078480003025717
0.9993118999937556 0.0029050169839033263 -0.036977920170009594 0.0778453678634568 -0.003796787025112579 0.9997030999913462 -0.024068950355460514 -8.732867004684568 0.036897019831005955 0.02419277964336027 0.9990262000148773 13.147050003097853
0.9982646999900626 0.003775972983933059 -0.05876569016983656 0.046011137847790234 -0.005179831032852614 0.999704399991398 -0.023755090354830116 -8.916116004721514 0.05865861983167717 0.02401825964321134 0.9979891000184796 13.251830003168562
0.9965950999860627 0.004491984984117729 -0.08232913016957259 0.0023789958311677753 -0.006363678041221254 0.999726899991776 -0.02248598035396452 -9.098829004760304 0.0822056498323835 0.022933329643081268 0.9963515000220442 13.362180003241093
0.9940241999815338 0.005520364984344138 -0.10902010016916043 -0.03834925219263401 -0.007841460050692424 0.9997513999922375 -0.020873270352743157 -9.28144500481413 0.10887779983334817 0.021603409642897232 0.9938204000260197 13.514640003313092
0.9902739999764529 0.00683761498462662 -0.1389626001685543 -0.10274320221564047 -0.009541583061308407 0.9997776999928129 -0.018801360351066006 -9.464301004866018 0.1388030998345931 0.019944419642663316 0.9901192000303857 13.66245000338921
0.9850517999708013 0.007041310985160638 -0.1721142001677158 -0.17840950224485908 -0.00982824307306429 0.9998338999939278 -0.015345540348830114 -9.647142004930751 0.17197759983558536 0.016807729642608574 0.9849575000348059 13.846700003467246
0.9779225999645539 0.008129757985746444 -0.20880910016655863 -0.2635490022771885 -0.010741400086058103 0.9998775999951401 -0.011376380345872917 -9.82914400500185 0.20869109983712592 0.013368119642407465 0.9778902000396469 14.049140003546595
0.9685782999577857 0.009648295986585636 -0.24852160016504354 -0.3773915023071157 -0.011443520100108675 0.9999177999968768 -0.005779958342090917 -10.006720005067478 0.24844539983896893 0.00844230464213429 0.9686091000444226 14.23718000362926
0.9569504999507598 0.013680589987139474 -0.2899287001631298 -0.49128860234397187 -0.014599160114731898 0.9998928999979854 -0.0010055993374762642 -10.185280005147611 0.28988389984207524 0.0051950256414558015 0.95704770004978 14.465940003712287
0.9431377999436181 0.017322649987605913 -0.3319503001608378 -0.6372956023814061 -0.017157540129555702 0.9998468999989154 0.003428446667927931 -10.364720005228587 0.33195889984534116 0.00246195264085135 0.9432907000553635 14.698150003801102
0.9268126999362779 0.02016846998828713 -0.3749819001581254 -0.8037392024168024 -0.018121960144724367 0.9997954000003036 0.008983587674250915 -10.53985000530495 0.3750863998484675 -0.001530696359615412 0.9269886000607197 14.918100003891865
0.9078696999288187 0.023656519989336454 -0.41858460015498655 -0.9848121024574451 -0.018266310160089862 0.9996906000024521 0.016880189681530357 -10.717700005392173 0.418854399851748 -0.007679015360172655 0.9080209000653391 15.169020003986088
0.8864285999214003 0.02825926999009786 -0.4620019001514111 -1.1718970024962685 -0.019447470175366376 0.9995269000039843 0.02382482968969618 -10.892720005475454 0.4624565998558236 -0.012134240360898935 0.886558900070266 15.409080004080328
0.8620789999139578 0.03340436999032769 -0.5056718001473244 -1.3935170025266843 -0.021991600190692732 0.9993511000043988 0.0285248296988777 -11.063480005540638 0.5062964998608807 -0.013470120361713352 0.8622543000760357 15.599510004178939
0.8346103999064594 0.03694400999045157 -0.5496004001426895 -1.6282790025651752 -0.023043780206060866 0.9992166000046117 0.03217336970918159 -11.233330005622518 0.5503584998659378 -0.014187360362268813 0.8348079000822242 15.837240004279465
0.8042208998990892 0.040615829990059166 -0.5929410001375481 -1.9093940025962113 -0.02563447022116491 0.9991042000037448 0.03366890972048299 -11.399570005688181 0.593777399872041 -0.011877510362854681 0.8045417000890792 16.03100000438661
0.7711115998918692 0.043373099990011994 -0.6352210001319442 -2.183640002632952 -0.026096860235868984 0.9989917000036104 0.03653183973277257 -11.561380005765734 0.6361649998778498 -0.011592850363284614 0.7714660000952666 16.257910004491002
0.7346862998847719 0.04707184998993994 -0.676772000125788 -2.477419002669138 -0.027050560250289273 0.9988292000034115 0.04010666974622581 -11.720130005841813 0.6778674998843985 -0.011158760363857236 0.735099400101076 16.481340004597634
0.696312399878032 0.04886636999009859 -0.7160734001192774 -2.8128540026973257 -0.025391720263873836 0.9987322000037191 0.043464629760386835 -11.87697000590063 0.7172895998903489 -0.012082620364128568 0.6966704001065792 16.657710004710687
0.6560447998716772 0.04895326999017024 -0.7531326001124188 -3.1686350027352908 -0.022713130276605088 0.9987228000038676 0.04513139977520593 -12.036280005979696 0.7543800998962588 -0.01250221036414004 0.6563188001123027 16.891620004828088
0.6138728998656826 0.04823249999059101 -0.7879300001052214 -3.5585180027712107 -0.017816340288505986 0.9987239000047557 0.04725545979071695 -12.194400006054064 0.7892037999017032 -0.014970810364017569 0.6139489001174778 17.11347000495088
0.5695871998600636 0.048480829991074 -0.8204998000976697 -3.9753810027999097 -0.013002900299598025 0.9986655000057608 0.0499815598069571 -12.348460006112905 0.8218280999075372 -0.017799980364039094 0.5694575001220586 17.292650005076823
0.5233981998548954 0.05016379999106877 -0.8506103000898118 -4.410526002832076 -0.011136550309799126 0.9985830000057278 0.05203777982379154 -12.4995400061787 0.8520154999147459 -0.01776361036429659 0.523215200126459 17.49197000520482
0.47444639985007364 0.04980176999066785 -0.8788745000814633 -4.868512002853004 -0.01007275031926315 0.9986401000048957 0.051150739841555055 -12.64852000622068 0.8802267999227114 -0.015415590364255228 0.4743029001315931 17.62521000533597
0.42240589984555205 0.04885756999099004 -0.9050890000725664 -5.372255002881024 -0.0049576673279616915 0.9986558000055806 0.051594659860473284 -12.796410006276911 0.9063931999297602 -0.017306750364099868 0.42208040013590364 17.79999000547453
0.3691100998415703 0.04874750999138615 -0.9281064000634592 -5.88726200290617 0.00024898736448550405 0.9986182000064088 0.05255007987980566 -12.943880006326987 0.9293856999369904 -0.01962784036406771 0.36858790013948695 17.957870005614854
0.3153255998381881 0.04693098999138369 -0.9478223000542578 -6.444529002919976 0.003824874658150623 0.9987054000064275 0.05072292989922585 -13.087990006352774 0.9489758999448848 -0.019619540363789132 0.3147379001434988 18.04900000576119
0.26217169983544575 0.05207781999126257 -0.9636150000452416 -7.011137002936462 0.0045847466530749125 0.9984643000061068 0.055208619918370234 -13.230670006384015 0.9650103999536749 -0.018892060364580587 0.26153030014459294 18.15574000590861
0.21080899983328752 0.058023769991397786 -0.9758037000365265 -7.6034420029494285 0.007000051649239839 0.9981216000063098 0.060863129936871437 -13.373440006407597 0.9775021999615697 -0.019661170365472064 0.2100069001446563 18.241840006060432
0.161979299831645 0.05928469999197196 -0.9850117000281672 -8.252992002955326 0.01313696964654553 0.9979756000074909 0.06222526995448582 -13.513250006415644 0.9867066999677072 -0.023019270365634992 0.16087260014574076 18.28627000622096
0.11733829983054549 0.06123355999200077 -0.9912024000205532 -8.902786002961301 0.015865759644850534 0.9978542000075247 0.06352269997050487 -13.656860006423948 0.9929652999743446 -0.02317982036592395 0.11611500014633386 18.33142000638289
0.0764612898298693 0.06035370999150039 -0.995244200013585 -9.593783002960004 0.015607849643920394 0.9979715000064924 0.06171820998507075 -13.795260006416424 0.9969503999814046 -0.020252670365815763 0.07536421014766576 18.33353000654998
0.040643019829524805 0.05583344999084298 -0.9976125000074567 -10.277630002957547 0.014158999643593044 0.998305100005181 0.05644905999777472 -13.92496000640634 0.9990733999880264 -0.016419450365164075 0.03978358014994664 18.32822000671276
0.011258969829418418 0.05491994999014618 -0.9984273000024645 -10.992430002950648 0.011738089643661949 0.9984145000037387 0.05505163000818239 -14.05557000638664 0.9998677999938977 -0.012339450365047338 0.010596470150583402 18.296950006881133
-0.010257720170567645 0.05945622998967401 -0.9981781999988613 -11.737930002943171 0.010180749643909734 0.9981852000026918 0.059352030015817736 -14.188050006365403 0.9998955999981204 -0.009553378365738923 -0.010844409850991055 18.262400007055415
-0.023706500170538547 0.06555615998968241 -0.9975671999966244 -12.541440002935282 0.01115111964415587 0.9978029000026267 0.06530667002063441 -14.316250006342505 0.9996568000000671 -0.009575791366642545 -0.024385439853216534 18.22514000723805
-0.03198896017050101 0.06879713998960535 -0.9971176999952464 -13.316230002925991 0.011331499644337998 0.9975891000024216 0.06846615002358802 -14.446180006317062 0.9994240000014146 -0.009108672367118847 -0.03269140985441871 18.179760007416412
-0.03608163017048864 0.0663798699897657 -0.9971417999945114 -14.123570002917196 0.01247604964444152 0.9977437000027897 0.06596851002506209 -14.574970006292236 0.9992710000017045 -0.010060130366761866 -0.03682837985352481 18.137210007599915
-0.03571904017054511 0.06263282999077859 -0.9973971999944707 -14.930360002909044 0.018276049644464325 0.9979081000049553 0.062010420025051104 -14.69894000626865 0.9991947999995765 -0.01601352036618169 -0.03678899985207121 18.098120007781613
-0.031645080170669325 0.06008286999305269 -0.9976915999950043 -15.801180002904186 0.0312862996444816 0.9977620000097349 0.05909477002386654 -14.811840006250895 0.9990093999942471 -0.02934401036569494 -0.033454019850982335 18.07756000797027
-0.026178620170704405 0.06034059999331858 -0.9978344999959249 -16.660080002896915 0.03252687964437388 0.9976994000102858 0.059479090021954145 -14.934720006228497 0.9991279999928734 -0.03089935036571657 -0.028081079851094908 18.04356000816046
-0.020677970170704336 0.05974135999281565 -0.9979996999968926 -17.55346000288916 0.02923874964422585 0.997822300009245 0.059124940019925014 -15.063980006204828 0.999358599993107 -0.02795767036565821 -0.022379699850940588 18.0071500083588
-0.017615890170747196 0.05309272999371849 -0.998434199997321 -18.44036000288319 0.034246829644224944 0.9980352000112167 0.05246729001886853 -15.18985000618488 0.9992581999908009 -0.033268940364600694 -0.019399529848494742 17.980980008554823
-0.015671190170741173 0.042559959993447916 -0.9989709999976002 -19.380350002875065 0.03241266964416834 0.9985902000107912 0.042035290018030295 -15.305970006159553 0.9993516999911228 -0.03172056036300296 -0.017028569844686838 17.94148000875642
-0.014781290170687378 0.03465259999212693 -0.9992900999977474 -20.30903000286537 0.02453190964407286 0.9991110000081382 0.034283530017531684 -15.436510006131433 0.9995897999937786 -0.02400773036184059 -0.015618249841870874 17.893760008961234
-0.016172030170637952 0.030885479991183393 -0.9993920999975106 -21.260540002855823 0.01899555964405425 0.9993519000062175 0.030576860017935463 -15.56623000610333 0.9996887999959881 -0.018489510361284267 -0.016748239840532985 17.846860009169646
-0.019636590170545185 0.03743839998966622 -0.9991059999970346 -22.232040002844673 0.010322839644072546 0.9992530000029657 0.03724103001909347 -15.705380006071868 0.9997538999996685 -0.00958232336236608 -0.02000838984295587 17.79120000938482
-0.024046530170454633 0.045288039988439825 -0.9986844999964192 -23.22660000283308 0.0034599986441428135 0.9989711000003016 0.045217740020574014 -15.83917000603907 0.9997049000028649 -0.00236811336360374 -0.024178489845869417 17.732570009602014
-0.028944580170424495 0.05470489998824196 -0.9980828999957012 -24.254010002821595 0.002761573644246966 0.9985017999997635 0.0546477900223031 -15.95485000600566 0.9995772000039488 -0.0011745193650417858 -0.029052279849331418 17.673320009818358
-0.030898620170398797 0.06432143998794915 -0.9974506999954977 -25.294530002809903 0.001407133644290175 0.9979289999990221 0.06430871002296273 -16.066070005971564 0.9995216000047644 0.0005835072335230013 -0.030925139852880888 17.612590010035348
-0.032001570170407605 0.07328433998811075 -0.9967974999954022 -26.340370002798842 0.0026732516443166727 0.9973109999992369 0.0732362900233775 -16.172370005938596 0.9994843000045013 -0.00032101126778468327 -0.032111419856172684 17.555190010251494
-0.03328380017042221 0.07492390998841254 -0.9966335999951785 -27.37967000278813 0.0045883306443494495 0.9971870999998448 0.0748123000238823 -16.27576000590635 0.9994354000040375 -0.0020828423680200286 -0.03353394985676208 17.499610010465492
-0.03529431017039391 0.0714589699881562 -0.9968188999948149 -28.420350002775994 0.0031267806443960773 0.9974432999993571 0.0713930400245591 -16.392610005871454 0.9993721000049008 -0.0005970623675206563 -0.03542750985551237 17.43663001068452
-0.03776024017037668 0.06701813998812348 -0.9970369999943448 -29.53257000276907 0.0029636726444575295 0.9977515999993495 0.06695396002543327 -16.20289000583891 0.9992825000053793 -0.00042669026687348877 -0.03787395985389376 17.382670010806528
-0.04252075017034764 0.062063959988154296 -0.9971659999934726 -30.653350002762522 0.003274802644583013 0.9980718999994813 0.06198072002713345 -15.936340005805135 0.9990903000060801 -0.0006300517661430883 -0.04264200985210006 17.32554001090262
-0.048296290170303034 0.057001849988133804 -0.9972051999924295 -31.735350002753044 0.0032887736447457325 0.9983738999995067 0.05690939002918706 -15.783940005768557 0.9988277000070597 -0.0005310657653877701 -0.04840522985028671 17.259230011032773
-0.05493241017023654 0.0543188799879734 -0.997011499991275 -32.84010000274365 0.0025887996449466544 0.9985234999992073 0.05425864003153126 -15.540920005729602 0.9984868000084403 0.00039949863501628205 -0.05499191984937538 17.187020011134518
-0.06139335017017595 0.05761688998793409 -0.996449299990212 -33.936420002731595 0.0029002716451584465 0.998338499999081 0.05754745003382824 -15.388670005687482 0.9981095000094307 0.000643060034519997 -0.061458449850642846 17.105640011267162
-0.06811247017009098 0.06286409998765373 -0.9956950999891435 -35.06183000271841 0.0019808376453934575 0.998019399998424 0.06287536003618602 -15.161740005640766 0.9976757000109037 0.0023102886337392162 -0.06810208985266948 17.01234001137816
-0.0741559501699827 0.0660268399870517 -0.9950584999881907 -36.172050002703415 -0.0009470296543811541 0.9978005999971226 0.06627939003825468 -15.000210005592074 0.9972462000129769 0.005857363633278028 -0.07393031985399066 16.912990011509873
-0.0792050501698839 0.06785171998652165 -0.9945464999873894 -37.29835000268824 -0.0035829093541802142 0.9976549999959892 0.06834916003997492 -14.812350005542179 0.9968519000147765 0.008976970633018817 -0.07877620985481527 16.810800011634935
-0.0820654301697847 0.06964786998567982 -0.9941902999869876 -38.405680002671374 -0.008185577354053866 0.9974743999942038 0.07055363004086551 -14.662210005489932 0.9965934000169036 0.013928039632776968 -0.08128805985566132 16.701380011770205
-0.08371459016970348 0.0708370399849264 -0.9939687999867807 -39.52742000265433 -0.012396170353969742 0.997318899992611 0.07211985004133453 -14.489170005436543 0.9964127000186849 0.018358889632629646 -0.08261202985625705 16.589230011899776
-0.08541948016965849 0.07071175998466322 -0.9938325999865083 -40.629250002638024 -0.013826700353891075 0.9972981999920619 0.07214675004190252 -14.346280005385667 0.9962492000194851 0.019904159632658375 -0.08421097985628985 16.48346001203669
-0.086860370169633 0.06974800998460856 -0.9937758999862526 -41.72631000262138 -0.014120980353827932 0.9973596999919607 0.0712337900424131 -14.20935000533432 0.9961204000198357 0.020220479632800745 -0.08564611985597426 16.376210012174916
-0.08794605016960043 0.06892770998441462 -0.9937375999860704 -42.82445000260419 -0.0152484303537751 0.997392999991566 0.07053076004277588 -14.063970005281616 0.9960086000204225 0.021355839632928714 -0.08666573985573033 16.26519001231032
-0.08893179016955156 0.06841398998401856 -0.993685399985925 -43.92347000258644 -0.01754482035371862 0.997375899990744 0.07023830004307181 -13.943800005228354 0.9958832000214086 0.023680449633022373 -0.08749811985563503 16.15263001245485
-0.08995253016947517 0.06620536998336138 -0.9937430999857669 -45.02105000256421 -0.021514250353646014 0.9974260999893984 0.06839820004335699 -13.80485000516527 0.995713700022997 0.02753222963338098 -0.08829663985496967 16.01244001259245
-0.09049383016937983 0.06127480998250668 -0.9940101999856572 -46.124600002541975 -0.026909200353575295 0.9975904999876752 0.06394532004347786 -13.69977000510297 0.9955334000250111 0.03253466963416289 -0.0886269298533378 15.874660012743128
-0.08991260016934796 0.05990904998211818 -0.9941461999857606 -47.233040002519786 -0.029341240353576544 0.9975965999868797 0.06277068004323431 -13.576890005040244 0.9955174000257784 0.03481334963439353 -0.08793868985289614 15.735850012888301
-0.0882834001693559 0.06355481998191591 -0.9940657999861147 -48.34697000249996 -0.030331660353637418 0.9973280999864066 0.06645718004258537 -13.480820004983064 0.9956335000258536 0.03601872963386771 -0.08611979985422316 15.612790013043961
-0.0866833201693619 0.06811415998169468 -0.9939045999864826 -49.44347000247521 -0.0313724703536952 0.9969784999858808 0.07106098004192961 -13.369070004915436 0.9957419000259516 0.03734103963321505 -0.08428448985589075 15.459810013191062
-0.08549475016942973 0.06706538998222424 -0.9940788999866266 -50.552270002454655 -0.02842936035377751 0.9971614999870049 0.06971842004159717 -13.267220004856647 0.9959330000247004 0.034221579633328635 -0.08334543985538276 15.332060013343789
-0.083645240169468 0.06640440998237171 -0.9942805999869194 -51.67686000243215 -0.027743870353862474 0.9972351999873229 0.06893575004096768 -13.15869000479344 0.996109300024141 0.03335132963341505 -0.08157166985506954 15.192430013496827
-0.08017773016944325 0.06721527998167179 -0.9945116999875772 -52.79743000240921 -0.03203724035395969 0.9970345999858454 0.06996865003962201 -13.065030004729724 0.9962656000250796 0.037471339633348276 -0.07778657985539812 15.051260013654472
-0.07535716016940976 0.06775176998079672 -0.9948521999884743 -53.92582000238332 -0.037485310354083756 0.9967913999840041 0.07072325003776973 -12.962880004659565 0.9964518000261986 0.04262184963334345 -0.07257566985560891 14.892260013810432
-0.07008221016940207 0.06758685998019666 -0.9952488999894149 -55.03106000235897 -0.04140134035422883 0.9966452999827484 0.07059705003580556 -12.864640004593 0.9966817000266945 0.046152229633423615 -0.06704891985549634 14.742560013963839
-0.06502658016942614 0.06692596997996024 -0.9956366999902805 -56.14945000233186 -0.04318935035438442 0.9966246999822618 0.0698131700339818 -12.75200000452013 0.9969485000264697 0.04754060963354362 -0.061916599855150994 14.575610014114355
-0.05980959016948796 0.0657281599800868 -0.9960434999911355 -57.270990002310704 -0.04287178035456813 0.9967398999825435 0.06834847003216271 -12.656220004460076 0.9972888000254673 0.04679003963370675 -0.05679671985455986 14.444750014271419
-0.054947730169564404 0.0658968599803967 -0.9963123999919435 -58.401830002292236 -0.04137153035474854 0.996812699983191 0.06821166003047359 -12.563740004405629 0.9976318000241041 0.044967039633652076 -0.052046339854465294 14.32993001443124
-0.05022289016962206 0.06618980998058546 -0.9965422999927398 -59.53937000227451 -0.04056991035490555 0.9968426999835827 0.06825438002881362 -12.470480004352625 0.9979137000230133 0.04385755963359145 -0.04737899985444133 14.219390014591927
-0.04500112016968873 0.0678218599808541 -0.99668199999364 -60.679880002260326 -0.03928251035507519 0.9968009999841236 0.06960361002696776 -12.3848700043072 0.9982143000216646 0.042284409633328114 -0.04219294985489818 14.130220014755846
-0.040235550169698084 0.0684194699806785 -0.9968448999944758 -61.82984000224527 -0.040630300355185535 0.9967155999837474 0.07005057002523497 -12.283640004259423 0.9983638000213325 0.04332062963325666 -0.03732349985502965 14.034770014915809
-0.03516736016973203 0.06905607998074764 -0.9969926999953455 -62.968890002233465 -0.04056068035531541 0.9966891999838837 0.07046579002342929 -12.191740004218783 0.9985580000204437 0.042916789633157544 -0.03224996985515238 13.958990015077239
-0.030524100169765044 0.06426184998088474 -0.9974660999960356 -64.10374000222147 -0.04019110035543077 0.9970450999842365 0.06546466002186788 -12.097140004177767 0.9987257000195207 0.042087499633848 -0.027851149853290035 13.882010015236986
-0.026404200169790268 0.05890870998099529 -0.9979140999966287 -65.24509000221262 -0.0399146103555259 0.9974038999845405 0.059934720020495706 -12.016470004143585 0.9988542000187199 0.0414138696346327 -0.02398433985124363 13.824430015402811
-0.02321517016980518 0.05737190998104486 -0.9980828999971395 -66.40401000220436 -0.03983960035559338 0.9975057999846653 0.05826542001938881 -11.932740004110387 0.9989364000181495 0.041115859634858365 -0.020871599850620173 13.77020001557054
-0.020345430169817793 0.06036821998108374 -0.9979687999976817 -67.59390000219415 -0.03973630035565151 0.9973378999847066 0.06114017001832613 -11.843840004072568 0.9990031000176237 0.04089950963440743 -0.017892459851663753 13.704050015741704
-0.018691920169828083 0.06043285998114426 -0.9979971999979604 -68.8034700021824 -0.039480060355686415 0.9973484999848325 0.06113303001774364 -11.753070004031247 0.9990455000172505 0.04054367963439264 -0.01625646985165637 13.628730015915554
-0.01809779016979618 0.059852049980847845 -0.9980431999980689 -70.00114000217228 -0.041270010355671655 0.997311199984219 0.060556530017502844 -11.673140003993739 0.9989841000177868 0.04228517963450494 -0.015579029851443152 13.563700016091241
-0.017704780169770444 0.06095357998061107 -0.9979835999981717 -71.19765000216168 -0.04267752035565779 0.9971841999837078 0.061661900017314926 -11.597890003955431 0.9989320000182212 0.04368316963436242 -0.0150535798518471 13.496390016268393
-0.016866920169759537 0.06096637998050229 -0.9979972999983212 -72.39633000215389 -0.043370390355662376 0.9971551999834796 0.061647940017002016 -11.51584000392272 0.9989167000183251 0.044323339634370566 -0.014174799851839793 13.444870016443492
-0.015957340169750873 0.058824569980417254 -0.9981407999984395 -73.61041000214972 -0.043947370355669604 0.9972618999833303 0.059475380016702224 -11.443350003897645 0.9989064000183757 0.04481472963469766 -0.013328459851041355 13.415300016624624
-0.015548270169783924 0.05759720998070358 -0.998218799998468 -74.84838000214549 -0.04229507035570222 0.9974079999839469 0.05820923001661174 -11.37302000387222 0.9989842000177175 0.04312477963485485 -0.01307188985057699 13.3855600168106
-0.01543484016985555 0.05763969998134614 -0.9982180999984498 -76.0407600021427 -0.03851485035575866 0.997561799985293 0.058197350016649246 -11.313420003850622 0.9991388000163515 0.03934447963479281 -0.01317721985057288 13.365020016992627
-0.015605550169890372 0.05777322998166986 -0.998207699998404 -77.23489000213948 -0.03659646035578137 0.9976273999859696 0.058311780016747805 -11.256060003828173 0.9992083000156972 0.037440859634746686 -0.013454229850615418 13.34215001717575
-0.015584330169903394 0.06045474998178708 -0.9980492999984493 -78.42878000213607 -0.03588218035579095 0.9974936999861791 0.06098141001671805 -11.190810003805144 0.9992345000154391 0.03676253963433721 -0.01337601985159348 13.317640017356021
-0.015625620169854974 0.06441172998133327 -0.9978010999985442 -79.62987000213154 -0.03851885035575525 0.9971432999851744 0.06497250001661671 -11.120020003779592 0.9991357000163853 0.039449379633787515 -0.013099909853057614 13.286290017535544
-0.015203670169811473 0.06463838998093392 -0.9977928999986468 -80.81425000212573 -0.04089853035572895 0.9970328999843344 0.0652123600164082 -11.054970003751647 0.9990477000171611 0.04179972963378822 -0.012514939853144466 13.247670017714263
-0.015128210169793535 0.06231166998077638 -0.9979420999986258 -81.99092000211884 -0.041850860355716196 0.9971421999840356 0.06289617001639652 -10.987600003721468 0.9990094000174876 0.0427162296341459 -0.01247716985229389 13.20252001789084
-0.01514787016979258 0.059795519980771754 -0.9980956999985744 -83.17804000211444 -0.04189772035571513 0.99729549998406 0.06038347001644268 -10.925040003696491 0.9990071000175077 0.04273260963452019 -0.012601599851372556 13.172320018070915
-0.015440640169831796 0.059271579981127566 -0.9981224999984929 -84.40032000211208 -0.03978761035574078 0.9974143999848128 0.059845050016600045 -10.863190003675335 0.9990889000168058 0.04063694963456715 -0.013042439851176178 13.154020018257235
-0.015482680169861736 0.0609483999813983 -0.9980207999985002 -85.60631000210977 -0.03817466035576247 0.9973766999853576 0.06150130001662482 -10.803280003654523 0.9991512000162384 0.03905130963429473 -0.013115379851783553 13.136140018441468
-0.015290850169875374 0.06367262998151739 -0.9978536999985755 -86.80645000210711 -0.037461430355775406 0.9972331999855704 0.06420710001653301 -10.742390003633071 0.9991811000159515 0.038362799633881464 -0.012863279852775977 13.116270018624357
-0.014929590169867678 0.06600541998143869 -0.9977075999986854 -88.00584000210348 -0.037930160355775386 0.9970631999853737 0.06653039001635987 -10.678540003609541 0.9991689000160567 0.038836479633544356 -0.01238214985362855 13.090530018806062
-0.014943690169837726 0.06664048998116455 -0.9976650999987137 -89.20185000209868 -0.03954052035575292 0.9969566999847905 0.067185450016317 -10.609130003583418 0.9991063000166328 0.04045219963347404 -0.01226320985386916 13.057410018985214
-0.014831760169847205 0.06457296998125209 -0.997802699998688 -90.4073700020949 -0.03904764035576175 0.9971138999850022 0.06510882001632017 -10.536370003559298 0.9991273000164381 0.03992750963377047 -0.012267529853105903 13.03023001916479
-0.014731560169878165 0.06291315998153704 -0.9979102999986555 -91.59022000209083 -0.0373875103557861 0.9972859999856218 0.06342575001634705 -10.471610003535023 0.9991923000158295 0.038243729633992085 -0.012339409852487966 13.001850019343353
-0.014792340169907487 0.06375925998180988 -0.997855699998643 -92.76422000208534 -0.035769150355806155 0.9972922999861821 0.06425353001639351 -10.41435000350813 0.9992506000152633 0.03664290963384562 -0.012471669852792173 12.96581001952308
-0.014756960169942792 0.06691902998213964 -0.9976492999986837 -93.93275000208135 -0.033803330355831156 0.9971541999868297 0.06738585001638434 -10.355220003484314 0.9993196000145569 0.03471826963335619 -0.012452879853943244 12.938240019701205
