0.9999953080837646 0.0030238109064013126 0.0004902836540589886 -0.020854121367969086 -0.0030246309489763558 0.999994013638809 0.0016805636452250222 -0.02729225217535 -0.00048519901236453514 -0.00168203868727506 0.9999984676627126 0.8287044351793429
0.999983145814076 0.00577410385969648 0.0006064753953345429 -0.024076732355765143 -0.005775310844469266 0.9999813074242447 0.0020076321238812747 -0.04285200829412931 -0.0005948717823517586 -0.0020111008708036545 0.9999978007980069 1.6706451825588136
0.9999748159763714 0.007003685539086396 0.0011470840841334793 -0.045766875566669016 -0.007005503825974463 0.9999741988774098 0.0015888661437174995 -0.059196170284786485 -0.00113592656924192 -0.0015968620316150085 0.9999980798493973 2.451745775623902
0.9999594361134029 0.008990246864010707 0.0005491712790833321 -0.03593439526236612 -0.008990895094586782 0.999958873552918 0.0011895411608128592 -0.07863566573881517 -0.0005384544249289888 -0.0011944304497592101 0.9999991417009982 3.2563794677680487
0.9999573825380611 0.00917695112916727 0.0010083033302992635 -0.04793843330333269 -0.009177957225241503 0.9999573838838497 0.000997756149647924 -0.09729700845542827 -0.0009991040009031033 -0.0010069677926486502 0.9999989939030238 4.00372201476689
0.999956606321271 0.009266358377107336 0.0009592063785283884 -0.044795867910690026 -0.00926816194944715 0.9999552574359606 0.0018932248297035001 -0.11435806998659814 -0.0009416201614149272 -0.0019020327557724855 0.9999977478088976 4.758504645782096
0.9999504543366223 0.009819524928208024 0.0016327284431880478 -0.05988939746552122 -0.009827158254061817 0.9999405024645526 0.004734816953459975 -0.1346557674122504 -0.0015861376467644457 -0.0047506274446100045 0.9999874577744703 5.472745270135941
0.9999478563553158 0.009749989390518 0.0030368202606391964 -0.0652654227208176 -0.00977626246690965 0.9999138373953108 0.00876027839494026 -0.14981728644592218 -0.0029511459788867404 -0.008789510354029004 0.9999570166987916 6.146279526991619
0.9999488452899298 0.00908359737501901 0.0044491641986180745 -0.07252718374121478 -0.00913717156759336 0.9998841601524485 0.012172853895923121 -0.15892679439712787 -0.004338075504419882 -0.012212883973726392 0.9999160097558001 6.788811461866796
0.999950130751053 0.008108298303336677 0.005830223801708345 -0.08721519508543273 -0.008192052062423693 0.9998614842977811 0.014488012314982597 -0.17149284844947454 -0.005711943098491859 -0.014535051305608768 0.9998780455583479 7.411386604796553
0.9999394079451899 0.008530164046828397 0.006958213819545505 -0.08971128848676285 -0.00862918852202038 0.9998601180356296 0.014327646953432334 -0.18363765034018112 -0.0068350233120099 -0.014386822550688108 0.9998731428502408 8.023485415093617
0.9999218396426615 0.00942334494748191 0.00821676187057017 -0.09737235826479926 -0.009519680176618443 0.9998854734051894 0.011765022847806946 -0.19576431939934077 -0.008104954964202682 -0.011842324234512211 0.999897029229386 8.585464011871487
0.9999161955148451 0.009174239554398923 0.009134291199530055 -0.1069410706060907 -0.009258034148021075 0.9999150596519284 0.009174000489898956 -0.20876048307811904 -0.009049350851489503 -0.009257797247354177 0.9999161977082339 9.098112306632073
0.9999122647198677 0.007440035189650793 0.010959413267293348 -0.10856173860796119 -0.007524801009279242 0.9999419364166929 0.007713699825587849 -0.21508804781709223 -0.01090138672634316 -0.007795490465987487 0.9999101910150909 9.582886231070715
0.9999105687486737 0.0037388220057936144 0.01284039386912775 -0.10499828271629098 -0.003807486973836246 0.9999785612351596 0.005327298846346957 -0.21987751389521842 -0.012820200764784798 -0.005375712051740423 0.9999033674172148 10.050432445656451
0.9998939961899829 0.0018920291400498555 0.014436641193896925 -0.09479457947261909 -0.0019538149844116745 0.9999889880655195 0.0042668905186886395 -0.23066376805989539 -0.014428409137351057 -0.004294644737925784 0.9998866820976956 10.49135406745172
0.9998445522957532 0.0062735684846903445 0.016477669221542632 -0.09128217192836434 -0.006311416291627566 0.9999775606876333 0.0022459175403358087 -0.24119445012128582 -0.01646320955647548 -0.0023495658475829635 0.9998617115738683 10.922906811455876
0.9997568675534462 0.010635709693227502 0.01931547201191781 -0.08711583980434817 -0.010667787970892365 0.9999418830367546 0.0015584764072343487 -0.2521902951065582 -0.019297773952709634 -0.0017641508510331542 0.9998122242162488 11.295604450096873
0.9996770632107683 0.011325308290806529 0.02274877320674735 -0.08426793814141345 -0.011386998128658324 0.9999318270798195 0.002584079415649191 -0.2590897977415313 -0.02271795686041694 -0.0028422851592738805 0.999737873570447 11.644394379039245
0.9996436033369562 0.007146138977800012 0.02572156692770256 -0.07105722270964616 -0.007227567184108101 0.9999691553670063 0.0030741807346973994 -0.2655171860615094 -0.02569880503263741 -0.0032589894599922512 0.9996644188964573 11.975813832841743
0.9995887137324707 0.00226784623158029 0.02858776402824298 -0.06571295615232764 -0.0023532240058868935 0.9999928703745306 0.002953224827198271 -0.2721264502854797 -0.02858086274839686 -0.0030192836189675944 0.9995869237895139 12.284052215026273
0.9995234158087833 -0.0009385095923295644 0.030855476818336853 -0.04411473391950946 0.0008125031606019259 0.9999912810818639 0.004096046735711627 -0.2764498743800734 -0.0308590519711123 -0.004069024452153916 0.9995154635879577 12.5725457617418
0.9994321271307014 -0.0013305931407136793 0.03366976063020564 -0.0388805296399038 0.0011550274030130859 0.9999856393590053 0.00523325782414932 -0.28487846977641373 -0.033676240447825044 -0.00519139650283193 0.9994193115162666 12.793521996726524
0.9993591624256071 -0.0005063617333320194 0.03579117312667429 -0.037175731240771295 0.0003540320957069774 0.9999908537874606 0.004262276703314182 -0.2900095019454116 -0.035793004026817045 -0.004246874052220143 0.9993502013426119 13.013574180228114
0.9992792327689753 0.00034820160459724143 0.037959105788860914 -0.030714144097110898 -0.0004532987291544456 0.9999960881156895 0.0027601220216843733 -0.2945299480967615 -0.037957996218313465 -0.002775339430591246 0.9992754815435699 13.224143220229482
0.9991786557745987 0.0025496643696542374 0.04044147692737719 -0.02678315753830622 -0.0026317537131273815 0.999994583205534 0.001976722534366796 -0.3024513453902892 -0.040436217885193984 -0.0020815309717957526 0.9991799535178599 13.432236133609447
0.9991058166385178 0.005327995242954462 0.041942575335460114 -0.0195967720663798 -0.005401795760631137 0.9999840548175709 0.0016464243572834288 -0.31723057392334214 -0.041933134412301225 -0.0018715173776540281 0.9991186664561239 13.64013006733007
0.9990363129685823 0.0067320519257040344 0.04337193616856378 -0.015796909424669325 -0.006747782400077952 0.9999772100648134 0.0002162953245271632 -0.3239654986509115 -0.043369491613593464 -0.0005087512710632489 0.9990589714172637 13.840315434447488
0.9989512452600676 0.0058800829242067814 0.04540742470305676 -0.010570325706553724 -0.005812853184470264 0.9999818051416992 -0.0016124898135434697 -0.3272147171678009 -0.04541608009521644 0.0013468520139249237 0.9989672495424641 14.034660120731072
0.9988843470712875 0.0045988825495723445 0.04699905802526316 0.0008563765678314284 -0.0044622258452526285 0.9999855076325593 -0.003012152943212023 -0.3331592040098457 -0.04701222943525195 0.0027990720145365986 0.9988903921248734 14.226037132762166
0.99882559495584 0.0037385958209701755 0.04830583569713529 0.011695219106217472 -0.0035513847535889173 0.999985849832312 -0.00396078293714928 -0.3383509338267045 -0.04831995992799636 0.0037845787652851445 0.9988247385983813 14.417884737016704
0.9987531153071556 0.004311537022623166 0.049735553809653166 0.021073150293796 -0.004057510417057685 0.9999782096665634 -0.005207379500774014 -0.3450048193356225 -0.04975692186486038 0.004999083971303969 0.9987488462501375 14.60926548340499
0.9987007776103465 0.00509920466725507 0.05070261247952893 0.03615047533411339 -0.004742502969507485 0.9999631709955158 -0.0071529936510733826 -0.3540483430509131 -0.050737219731396915 0.006903243031323022 0.9986881794482084 14.799219082818473
0.9986584031997378 0.005164265174697937 0.051524014631572204 0.04082152278084848 -0.004690133936399801 0.9999455797377331 -0.009318809292133298 -0.35809730242125726 -0.05156933548347989 0.009064652677841754 0.9986282770428748 14.989907623822022
0.9986271703887393 0.004212589918343973 0.052211384271624514 0.05134600455496428 -0.0036159796108645257 0.9999271502897713 -0.011516023828863868 -0.36567750203372906 -0.052256092973290535 0.011311418989366556 0.9985696533280051 15.1799017547168
0.9986565528140587 0.003186196639446087 0.0517197996178967 0.060779739898025965 -0.002501348769026566 0.9999084113373763 -0.013300834225567684 -0.3749119498538818 -0.051757441743929836 0.013153596000148296 0.9985730569850094 15.36978337866455
0.9987624646758255 0.0027535132872211995 0.049658406330125596 0.06728267776668605 -0.0020382158413039743 0.9998935267841133 -0.014449248126012636 -0.38084959337451235 -0.049692905236613134 0.014330152120613088 0.9986617354787072 15.558482982825696
0.9988919543077124 0.002908891291939289 0.046972353259884296 0.06616841137528935 -0.002188539278487557 0.9998793285478914 -0.015379812691953723 -0.3850047426193475 -0.04701142324101874 0.015259970316640092 0.9987777827879368 15.74821858602277
0.9990663465321094 0.003550041176889184 0.04305615443379078 0.06607077687555728 -0.0028361159381357108 0.9998576726217849 -0.016631023592321784 -0.3891947781795971 -0.04310906718278073 0.01649338373364586 0.9989342203667083 15.937812942198224
0.9992945903421485 0.003826153690885469 0.03735883109590205 0.06844805124351935 -0.0031659720098304554 0.999838072300274 -0.017714564631966724 -0.39327202666805217 -0.03742056031316721 0.01758379159342121 0.9991448903632777 16.127270808007317
0.9995116359165993 0.003616788218909445 0.031038822630755174 0.06385426116259606 -0.0030473983527994778 0.9998265731315547 -0.01837218068947083 -0.3984804422734787 -0.031099887951619356 0.018268620719330678 0.9993493155380696 16.316358818251675
0.999700967220736 0.0038325432398618087 0.024151350898868124 0.05698488166928022 -0.0033699059864262843 0.9998106089137762 -0.019167421242883315 -0.4014887031102168 -0.024220236818997504 0.01908030177366348 0.9995245480790635 16.502579362259805
0.9998562541477358 0.004040832579785369 0.01646641168320627 0.04614923956795555 -0.0037094586836578796 0.999790986108575 -0.020105322984554856 -0.40557062982088166 -0.016544212218565543 0.020041351453960594 0.9996622596026942 16.688741575347514
0.9999748275381746 0.0028401917265500863 0.0065021228037619215 0.03775665459974179 -0.0027011060652402516 0.999769468368752 -0.02130056674558457 -0.4111710427688003 -0.0065611215522269235 0.021282467634539275 0.9997519733690754 16.878134535681014
0.9999800393446067 0.001336968678328122 -0.00617522688758243 0.022424042768964925 -0.0014778915228489996 0.9997372914822581 -0.022872775440709196 -0.416490842009203 0.006143024418529544 0.022881445200589712 0.9997193119653758 17.06956415300459
0.9997567476672107 0.0007227682452836411 -0.022043663487405354 -0.0024548717942990614 -0.001268078390997648 0.9996932687236468 -0.02473379157792871 -0.4204542765591736 0.022019025207230494 0.02475572811875559 0.9994510075307504 17.268809220183606
0.9991603406514811 0.001205630051050963 -0.040953145488437766 -0.029451920612214452 -0.00225601011881467 0.999669418057314 -0.025611814057003666 -0.4285210301315037 0.04090872874535418 0.025682699568517518 0.9988327561986093 17.467731259648442
0.9980543037107565 0.0019448260395569781 -0.06232033774069088 -0.06645328266939374 -0.0035160347415662194 0.9996784589354442 -0.02511207359312596 -0.436258413657947 0.06225146057831932 0.025282333597323157 0.9977402263433793 17.677834787974845
0.9963479621848927 0.002597435222885777 -0.0853463038465969 -0.11218331973897722 -0.004630453801211101 0.9997100134989034 -0.023631500325044588 -0.4446000422713786 0.08526017327924923 0.023940389309295717 0.9960710620292663 17.890682400849922
0.9937518783735089 0.0035292890779564843 -0.11155603232334847 -0.16730686216736407 -0.006046627385981851 0.9997344769221381 -0.0222354210769483 -0.4485978628732387 0.11144793639354156 0.02277102922176102 0.9935093546121251 18.125622513146922
0.9899718717978018 0.0046947963309812765 -0.14118658554044194 -0.22852949174828632 -0.007598831158322154 0.9997703681856434 -0.020036682933199552 -0.45930402621777916 0.14106009646312204 0.020908605533340355 0.9897802177253616 18.361350868873984
0.9847610957392899 0.004718793294338828 -0.17384854704080777 -0.30423841172677646 -0.007696839400411608 0.9998349011629649 -0.016459923441006233 -0.4683690799561882 0.17374217387151283 0.017547176590117997 0.9846348326217771 18.620754532412263
0.9777213495972353 0.005881425282247544 -0.20982462052488557 -0.39580999345620593 -0.00872122255142216 0.999882438957855 -0.01261144483773927 -0.47549941469587376 0.20972578005331521 0.014160406079490628 0.9776577008752558 18.890790121383954
0.9684903809546969 0.007593111448967329 -0.24893518565432055 -0.49506142462460717 -0.009738369470287861 0.9999252927711858 -0.007387356530839713 -0.4771237974641838 0.24886049537499486 0.009578806552856901 0.9684919722469227 19.155363193452814
0.9571132219296057 0.01168562540560484 -0.2894783697729604 -0.6231251480485229 -0.01305374948623647 0.9999108875104284 -0.0027958294750348887 -0.47751028169422244 0.2894199026188105 0.006454703477515989 0.9571804724142333 19.439593546990157
0.9436144848973668 0.01538414316073907 -0.330688723773715 -0.7723108815818711 -0.015816112048242535 0.9998739587139214 0.0013846607614770266 -0.47730879026220185 0.3306683451610634 0.003923623957096289 0.9437388678461252 19.731452792144346
0.9276782733322831 0.01799982278520246 -0.37294641380087884 -0.929540295560991 -0.016576741880169672 0.999837934812548 0.0070225165298951325 -0.4814464690275376 0.37301237622346206 -0.0003323995721890415 0.9278263073952204 20.01783326724818
0.9092324688929073 0.021124282742705298 -0.4157524289640598 -1.1145528775373932 -0.01662509260439861 0.9997575300918943 0.014439090014461918 -0.48211361877731945 0.4159566369308281 -0.006216566830385673 0.909363200536528 20.32303609220388
0.8885134668743604 0.025467507853050395 -0.458143236582906 -1.3208760369052452 -0.01780773200751875 0.9996202088508644 0.02103147017443196 -0.4840644191130902 0.4585048569684454 -0.010528252500024066 0.888629535878501 20.60709333014158
0.8647951889776802 0.03051047328860526 -0.5011969594288898 -1.5263310998283337 -0.020515373870488185 0.99946571233292 0.02544423914755813 -0.4811278619324754 0.5017054918535507 -0.011721812596570721 0.8649590733401414 20.876012609304308
0.8379896045096942 0.03363500068097144 -0.5446486109987594 -1.7655444723431875 -0.02137110180191619 0.9993557216161187 0.028834314295545577 -0.4815043523409396 0.5452675478528495 -0.012523114720906227 0.8381685229452523 21.164551308588432
0.8085134776293574 0.03700625267477276 -0.58731294362942 -2.024445159756449 -0.023706783534189105 0.999258849283533 0.03032722445275792 -0.4731003210243108 0.5879999531514836 -0.010596668887695827 0.8087915465077118 21.44222761180512
0.776308173944972 0.039673481146237595 -0.6291038340051371 -2.3058596621796132 -0.02430748790340056 0.9991592160639464 0.03301525384275256 -0.46464929089275697 0.6298847236582662 -0.010338077587935113 0.7766198291659402 21.713550218523956
0.7409509176979905 0.043637980623427566 -0.6701398840612428 -2.60464125129166 -0.02566220448534685 0.9989975628173308 0.03667861428653765 -0.4506015656088561 0.6710686915834019 -0.00997978617693565 0.7413280077296436 21.981805394494394
0.7040401508386005 0.04508654621103782 -0.7087275000717284 -2.924980781019423 -0.02405606435398117 0.9989239818601778 0.039650778458933514 -0.43663233038424326 0.7097526130807543 -0.010866545695935589 0.7043671957222866 22.237557694724607
0.6653503904969723 0.04489740417884208 -0.745179898389328 -3.293402029040107 -0.021457109582983292 0.9989275992898602 0.041027354598305296 -0.42361195398941437 0.7462227886589038 -0.011308159664265838 0.6656002367871687 22.50358391439552
0.6239488916563442 0.043601622909940047 -0.7802478318332194 -3.681084777010897 -0.0159521374777833 0.9989448597877991 0.0430661864276293 -0.41120054513103915 0.7813023165911579 -0.014424478609240761 0.6239860771733131 22.778858634407044
0.5808668881919533 0.04354228574408197 -0.8128331486562161 -4.0899117953390665 -0.011266186385296152 0.9989026870250026 0.04545871642002789 -0.39463357025807083 0.8139205927156096 -0.017247933395195706 0.5807200509256283 23.028259353910467
0.5360532537302137 0.04511970810566514 -0.8429775329780218 -4.535199939195319 -0.00969075508039452 0.9988337482301209 0.04729939389182776 -0.3783766700227379 0.8441285437841939 -0.017185905184816955 0.5358653247148515 23.25925502959072
0.48832169010963133 0.04495698772327882 -0.8715049031550673 -4.990414782731687 -0.008763211270014077 0.9988743879438161 0.04661719895166725 -0.35939661846923965 0.8726196955700181 -0.015127007791055549 0.4881659969094293 23.464482528617218
0.43792414171686966 0.0439055049819268 -0.8979391698404887 -5.503522184680315 -0.0037916777409908687 0.9988880557507723 0.04699228934991694 -0.3403305123679473 0.8990039317385946 -0.01717436201782574 0.43760367001183526 23.670719733895982
0.38573834782220884 0.04299179924982519 -0.9216060070424109 -6.028806467119855 0.001639615679890262 0.9988801969019484 0.047282807631764394 -0.31939133815853565 0.9226067627542162 -0.019749871756100428 0.3852359067971223 23.859250077996528
0.3337859101636021 0.04222281205939058 -0.941702819533877 -6.590652942344256 0.0039414600874840095 0.9989251037951457 0.0461855161304053 -0.29611243254476316 0.9426406691145007 -0.019127758615427013 0.3332607054270187 24.012238600595467
0.2821627592050014 0.04805082308035914 -0.9581624578948608 -7.170835794129228 0.004538495129883058 0.9986668768765132 0.051418587025151716 -0.2681341809260023 0.9593558147943729 -0.01885702603823076 0.28156852307958014 24.136338373361866
0.23230849744353996 0.053071071781197104 -0.9711931956904973 -7.7767338616018895 0.007169823228227232 0.998389717431219 0.056272246822772 -0.24061385360709894 0.9726157286669794 -0.02003580464072692 0.23155390491632197 24.24002960055156
0.18525845320133796 0.05432164347371454 -0.9811872729340526 -8.435874569790125 0.012722980352119027 0.9982546956103412 0.057668782394469584 -0.2133393796324683 0.9826074655163202 -0.02316725581969299 0.1842439876071321 24.330725025929638
0.14227032671955653 0.055881226808153696 -0.9882491804325095 -9.100215856480965 0.015380819077916087 0.998159765777854 0.058655881092936485 -0.1938759381690264 0.9897083330656568 -0.023545073215246112 0.14114901695614177 24.386995928769025
0.10299160740549004 0.054315791412711714 -0.9931981290796136 -9.803489974857962 0.014934992429657297 0.9983109658095249 0.05614411407775441 -0.16532658214271653 0.9945700954709814 -0.020615779094178516 0.10200644512568917 24.422014516762015
0.06834081752994084 0.05024404551629341 -0.996396040010947 -10.498703775774596 0.012317898626329277 0.9986124177827438 0.05120066819417679 -0.13259232234549473 0.9975859872876965 -0.015772600934999593 0.06762708796757586 24.432177117610852
0.04040706347389126 0.0503493678159172 -0.9979139293455901 -11.225112492383891 0.010215737785632617 0.9986565721383751 0.050800488445696984 -0.09657223029950893 0.9991310764473846 -0.01224712559595446 0.039838423559732904 24.429214060438362
0.01991481737999012 0.054469433175030973 -0.9983168239082788 -11.982250206547477 0.008692611297859549 0.9984676756574751 0.054651067473369626 -0.06266764675694134 0.9997638914051373 -0.009766346130701731 0.019410819810335215 24.418829712216787
0.007389309443600786 0.06027026668182949 -0.9981547440452551 -12.795859188667938 0.009959473644252505 0.9981280506572233 0.060342384572840746 -0.028439917426854054 0.9999231005385729 -0.010386984418377402 0.00677521689809321 24.400920131963904
-0.0004814781480686986 0.062899029648482 -0.9980197794873976 -13.581892239866391 0.009590211747558775 0.9979742895140288 0.06289153605694889 0.006616170915105711 0.9999538969459678 -0.009540940113225448 -0.0010837178257816125 24.388120019322077
-0.004162022736197057 0.06017577975198465 -0.9981791187447198 -14.39955695641982 0.010730747085176715 0.9981329791184855 0.060128255113937074 0.0415932876459079 0.9999337621231391 -0.010460952504081198 -0.0047999832260123745 24.36821491612422
-0.003457916411413134 0.05609854351474784 -0.9984192487275159 -15.215678174011787 0.018073007812536297 0.9982656489561839 0.05602731925313719 0.08337467179182206 0.9998306902684557 -0.017850701095705128 -0.00446578858569081 24.365532347035778
0.0007357244426668473 0.054088164282148236 -0.9985358927921085 -16.092871299404912 0.030007482606399044 0.9980853019805931 0.05408586652657293 0.12769744622811222 0.9995494033299045 -0.03000334072882948 -0.0008887338963762755 24.37355583473716
0.006170436741149094 0.05419661600951609 -0.9985112180258879 -16.960222686020114 0.030321388270744112 0.9980609463175173 0.05435955159042785 0.1681610297312541 0.99952115491557 -0.03061166850882082 0.004515155296077385 24.378944896995115
0.01134059857296681 0.05303496979416433 -0.9985282583897869 -17.863173665865883 0.02827426211652307 0.9981761813322301 0.053337389538389166 0.19633643085120692 0.9995358707549064 -0.02883752763215129 0.009820390740282292 24.37206543710231
0.014467086521937862 0.04662456773710025 -0.9988077157746118 -18.75860566955191 0.03201208533344925 0.9983785904914633 0.04706821051282419 0.23183115458889095 0.9993827744163727 -0.03265485770300441 0.012951079809252959 24.37989904234446
0.016452352931811777 0.036078092898415584 -0.999213536385403 -19.705879966812994 0.030158589804558482 0.9988761906815606 0.036562482827224047 0.2677608757744431 0.9994097155541382 -0.030736410042544505 0.015345799219620492 24.382295508926184
0.017238485340587167 0.028196301845720854 -0.9994537523994745 -20.6445151787233 0.022536772671549975 0.9993373697358684 0.02858173064989635 0.2926926519316815 0.9995973832002109 -0.023017167758369483 0.01659160895361507 24.371962485147066
0.015708151979832292 0.025511262758481725 -0.9995511139675893 -21.605727243075876 0.016925955567521384 0.9995244269807223 0.025776576517852867 0.312580031364116 0.9997333474429573 -0.01732326012394222 0.01526887910664432 24.363359095291273
0.012446534051345248 0.03195371150499984 -0.9994118490948397 -22.5883927619714 0.007542526661524001 0.9994578352767732 0.0320491153609867 0.3295321214884739 0.9998940914325203 -0.007936990923295277 0.012198774258692889 24.344542128709964
0.007821396279791948 0.040118447515214456 -0.9991643187830551 -23.59320791681353 0.002444300059979928 0.9991911296358205 0.04013865785380619 0.3535706779224515 0.9999664250150843 -0.002756197753543345 0.007717008260464811 24.328559621876835
0.0033153042155374592 0.0496259577265268 -0.998762370675671 -24.628135166158437 0.0007993313089241622 0.998767408953644 0.049628861376002364 0.38917181101740295 0.9999941848967994 -0.0009628768063872752 0.0032715502194971386 24.317519125072934
0.0017628678285984978 0.05936458753979164 -0.9982348110756566 -25.675299378860867 -0.0007478968045258634 0.9982361612745214 0.05936334706090093 0.4336220046935482 0.999998166472012 0.0006419268906398347 0.0018041569993754105 24.302983392631404
0.0007477657825832896 0.0669729426830497 -0.9977545117887013 -26.727209871936562 0.0010892128830835585 0.9977541443289494 0.06697373432694591 0.47425449677463966 0.9999991272304328 -0.0011368477352550308 0.0006731386165694072 24.288519845013756
-0.0008421729390492736 0.06772650377565191 -0.997703568917677 -27.771674026605666 0.002179486232028051 0.9977016774122461 0.06772453564661006 0.5287404966399643 0.9999972702885265 -0.002117445420866942 -0.0009878463364851112 24.28151550508813
-0.002513186614350698 0.0649582997036151 -0.9978848145916738 -28.819105843317576 0.0007845631436325543 0.9978877869411475 0.06495651725859686 0.5850337422750322 0.9999965341708509 -0.0006196557974269738 -0.0025588421165870616 24.26272788422784
-0.005312177593862689 0.06025027355039239 -0.9981691666778315 -29.947489236800397 0.0006130316763730801 0.9981832594036439 0.060247861692137875 0.6325248892806368 0.9999857023784758 -0.00029186197659016125 -0.005339462071371457 24.241890952090184
-0.009689683072819127 0.055150025044381594 -0.9984310616059352 -31.099397552197257 0.0006987376417643794 0.9984780658943521 0.05514584022003991 0.6840304480548743 0.9999528097903704 -0.0001632956509318388 -0.009713471412122499 24.211644199100604
-0.01493500071308945 0.05056024308407317 -0.9986093368144433 -32.19266785050103 0.000791037029338791 0.9987210123955678 0.05055406670074148 0.7231535554174906 0.9998881537522678 -3.491194103588503e-05 -0.014955894056799196 24.171942691199636
-0.021458235253528704 0.04855244291016021 -0.9985901083163514 -33.32429191857784 -0.00030836702982595067 0.9988197221447285 0.048570233317277625 0.7710856080036768 0.9997696980052854 0.0013501637585587882 -0.021417936601036892 24.12864050763373
-0.028034450309419326 0.05095939650292945 -0.9983071719184975 -34.43255412168132 -8.649480430757123e-05 0.9986995758859181 0.050981856026706796 0.8144669707614409 0.9996069538145971 0.0015155966929393124 -0.02799358591118593 24.08872586825709
-0.034320273299916 0.05575492521294646 -0.9978544518892122 -35.58209589437921 -0.0013012325863600554 0.9984393093806073 0.05583235869389511 0.8603157708243173 0.9994100387900728 0.003214622538598631 -0.03419415984578684 24.03214597971973
-0.040295267345612416 0.0587016749089221 -0.9974619816275881 -36.70540308434623 -0.004048542655754151 0.9982549763710558 0.05891189568142055 0.9065244349863033 0.9991796138492366 0.0064121379664347005 -0.0399872949171289 23.96434791217589
-0.04469875447895672 0.06098288833789477 -0.9971374572635411 -37.848002451266986 -0.007299951995590087 0.9980884950785193 0.061368287353889994 0.9544808544472666 0.9989738395217822 0.010022141580256988 -0.04416814043236926 23.88401971975257
-0.047052039416391106 0.0624072846920899 -0.9969410395826429 -38.96719465291046 -0.011999228499499314 0.9979391117281238 0.06303608330702089 0.9999635225816219 0.9988203662832353 0.01492849961090027 -0.046206231151138415 23.806337353641066
-0.04880791852027215 0.06396221424826781 -0.9967580560187008 -40.104269905752396 -0.015650457602453482 0.9977759347501197 0.06479388250714378 1.043871696447001 0.998685561258674 0.018762174233648198 -0.0476983286025228 23.7291809468859
-0.05014154450800206 0.06361357389392812 -0.9967141710293861 -41.21680215840172 -0.017078976198924758 0.9977689543451281 0.06454008302611007 1.092183880649668 0.998596081549667 0.020258997049748425 -0.04894322171853811 23.654534498854108
-0.05166522542881602 0.06286355997958298 -0.9966839405288347 -42.32435662447198 -0.017295114682242173 0.9978108344571246 0.06383116517890183 1.1428248406375554 0.9985146886698857 0.020535614591749917 -0.050464889218363604 23.587067846905523
-0.05268532596588021 0.062119510845394334 -0.9966771908698427 -43.43393989253925 -0.018782721963555616 0.9978251350735422 0.06318393127290357 1.1962410708222722 0.9984345075083839 0.022049176578447252 -0.051403968997579076 23.51396631996058
-0.05362717874754395 0.06134828384906407 -0.9966747281677995 -44.541524907691624 -0.02063411192380449 0.9978297849771188 0.06252962208125272 1.244230322391599 0.9983478147042221 0.0239187851130122 -0.052244928883318414 23.43710256392449
-0.05426802054140443 0.05897663068499444 -0.9967831955744273 -45.65259726040649 -0.02519613545651496 0.9978554831949451 0.06041183175365144 1.291774312029323 0.9982084635508635 0.028393514943024827 -0.05266565868387041 23.354036642098354
-0.05447824429880705 0.054223322800041114 -0.9970416000160902 -46.76566571011173 -0.030666384580728033 0.9979625646251487 0.05594901664492476 1.3393958430359953 0.9980439337799049 0.033623665346140676 -0.05270441512648392 23.272436533892456
-0.053894359503163396 0.053628062680598915 -0.9971055254620107 -47.886128390076806 -0.03196519662617254 0.9979523617111278 0.05540135341148216 1.3850929442216453 0.9980348812633728 0.034858494636159094 -0.05206977178082652 23.19839561299693
-0.0521188474981493 0.05772012261839006 -0.9969714204431266 -49.00711075347116 -0.03282591434414803 0.9976897592678363 0.05947775718324153 1.4316611075188619 0.9981012398965027 0.03582641060719755 -0.050103724612742734 23.118126530871333
-0.050302232401913304 0.06091839716047572 -0.9968744325654988 -50.11680733433314 -0.03295297776026009 0.9974933378895027 0.06261902364921743 1.4761034708183511 0.9981902557489309 0.03599985768648928 -0.048168699115060214 23.048833302147916
-0.04848554389229762 0.060540628375366175 -0.996987454459376 -51.23372776289282 -0.0309902328476137 0.9975896667709446 0.062084315409586636 1.5274607329638021 0.9983430059360955 0.03390706515966323 -0.0464925094046338 22.971488480095513
-0.04594776575941505 0.05978109790826969 -0.9971534601828358 -52.3692547818227 -0.03062465656447286 0.9976542306293017 0.061222271419435544 1.5768222971817547 0.9984743027399485 0.0333505088466174 -0.04400920730535875 22.907302890528435
-0.04150698792658341 0.060406579087589084 -0.9973104908483615 -53.49857337166558 -0.035167127365122675 0.9974638851168137 0.061879488043677836 1.627403411501516 0.9985191250577766 0.037640976217372134 -0.039277395576284 22.826932786842825
-0.036075060126175354 0.06147046490648654 -0.9974567519351782 -54.6398274680005 -0.04015516345146896 0.997211208026577 0.06290762620184749 1.6780066625115622 0.9985420135803394 0.04232243530735774 -0.03350609772229897 22.76401907828535
-0.030327219430938163 0.061072196175281784 -0.997672514714081 -55.75699445054412 -0.04401320911778333 0.9970819059766788 0.06237395447668164 1.733902522846686 0.9985705268956928 0.04580239762536823 -0.027550738411629812 22.7147207808986
-0.024603926764306703 0.06010380701716821 -0.9978888611312494 -56.89101239566548 -0.04568142949494779 0.9970807573226929 0.06118145451110888 1.791380820974703 0.9986530197155938 0.04709029367968891 -0.02178647410863625 22.66937826128815
-0.01860358217681824 0.05945851908689709 -0.998057408788786 -58.02236916096327 -0.04521635436303871 0.9971588052176864 0.06024780888086524 1.8385485258139904 0.9988039787807738 0.04624934253394164 -0.01586222830727246 22.625138088842956
-0.013173916214364262 0.05905342769173773 -0.9981678919948467 -59.161222467762606 -0.043499888639974185 0.9972755930265901 0.05957475339240918 1.889294224185919 0.9989665698209749 0.04420502495545982 -0.010569207576765343 22.593941354502903
-0.007476790237882203 0.05959768503089094 -0.9981944768163667 -60.306205400483876 -0.04285874304023374 0.9972860038209841 0.05986446966086478 1.9416750705187116 0.9990531646277628 0.043228954668412756 -0.004902216389215504 22.559531933621848
-0.001995888056450286 0.06125335058279093 -0.9981202550160229 -61.45240477232293 -0.041749652173703675 0.9972468758571826 0.061283236993954895 1.9885099872406349 0.999126109644943 0.04179348795522743 0.0005669129524477841 22.5507624078356
0.00344153435988617 0.06246056973595722 -0.9980414986710281 -62.609567015444114 -0.04264745331487416 0.9971485260372416 0.0622576240110818 2.040002877034987 0.9990842559899559 0.04234966646868394 0.006095505146099732 22.541258413447725
0.009027230763336572 0.0616048693264122 -0.9980597923872216 -63.753606821927505 -0.042294537118116426 0.9972307967125645 0.06117115511399854 2.0905726038404207 0.9990644029464307 0.041660270801950144 0.011607781958610987 22.525802857588147
0.014134836284245377 0.056940234164490684 -0.9982775246075178 -64.89377449068408 -0.04273157533945977 0.9974995522556569 0.056290813804427665 2.14323208776129 0.99898659594222 0.041862309815026096 0.016532638770786215 22.52372193466289
0.0185755112834301 0.051686562034840365 -0.9984905856769911 -66.03864409612704 -0.0426659332265869 0.9977941705638604 0.05085677271194216 2.1848880778247577 0.9989166974890662 0.041656842100523665 0.020739792278338134 22.53015307352697
0.022470118677869532 0.051167439102783444 -0.9984372724123778 -67.20110502773349 -0.042588657795587674 0.9978318397147187 0.05017794215292191 2.2260174683084655 0.9988399771704035 0.041394599009946464 0.024600552413169663 22.53648872818553
0.025922622840748717 0.05342055006713365 -0.998235574629348 -68.39527634449401 -0.04226130990441361 0.9977369731028009 0.05229640703543391 2.2695088425558487 0.9987702435045904 0.040831082941518854 0.02812158166966359 22.549928992483334
0.028062708134862023 0.0530498793818977 -0.998197472802705 -69.60964886231496 -0.04251352125712 0.9977505476716816 0.05183092832635677 2.3118065258848213 0.9987016996693541 0.04098237326482306 0.03025491958549716 22.57188721644762
0.029040110843514915 0.05286755206662963 -0.9981791892744919 -70.81083531704346 -0.0441700554316527 0.9976927923957735 0.05155674742146877 2.3564940756563533 0.998601861687309 0.042592416461129184 0.03130827198426605 22.585500740067577
0.03013445012189105 0.053689882258550446 -0.9981028561520688 -72.01065515419991 -0.04547608559246815 0.997595971259335 0.05228961432562759 2.402473271075758 0.9985108114362289 0.043814092141673124 0.03250361171875131 22.597649042331643
0.03133263500368151 0.05321933383121488 -0.9980911624146818 -73.21233064351655 -0.0462210426543165 0.9975903061147403 0.05174163083860342 2.4458048579828144 0.9984397233682524 0.0445116125573074 0.03371698604374904 22.615496248585092
0.032662067285466855 0.0511111862296786 -0.9981587228506483 -74.4280576745806 -0.046696444133037696 0.997678999823083 0.04955860588570893 2.4873590407195802 0.9983749954130299 0.04499177651748997 0.03497296927386435 22.635507030408856
0.033735715135102685 0.049579621428984186 -0.998200261802853 -75.66742004233417 -0.045416854569721554 0.9978130410532016 0.04802545601185071 2.5305620713379757 0.9983983227376305 0.04371494301851231 0.035913686967121425 22.6581972809565
0.03385705613541257 0.04906792633292566 -0.998221437535396 -76.86023888784287 -0.04220743875554912 0.9979731818728574 0.04762415748601329 2.571157313284451 0.9985350428820902 0.040519956415849066 0.03585946553586245 22.693965575286946
0.03356151940076548 0.04999480833825759 -0.9981854254369453 -78.05493494207248 -0.03982575422583503 0.9980217050017548 0.04864756567111075 2.599192705323175 0.9986428459243339 0.038120801206195015 0.03548620576424669 22.734893162675128
0.03506617639172802 0.05228973714288787 -0.99801610541253 -79.25006404395067 -0.039836648723714334 0.9979097215607997 0.05088446750141399 2.642291414162345 0.9985907092957179 0.03797329329892843 0.03707592620968587 22.728514192959874
0.03542719517481231 0.055897761468648687 -0.9978077741252783 -80.45291058939694 -0.042111244513196304 0.9976312325354127 0.05439271049887323 2.6817204885590438 0.9984846302911194 0.0400919459824308 0.037697200688465334 22.74323362775297
0.03632895342533308 0.05598992561262179 -0.997770181641502 -81.63908130879503 -0.044627080006907946 0.9975241182544868 0.05435123945834274 2.7186395717742466 0.9983429425167857 0.04255304607773495 0.03873767412260715 22.75395151920227
0.03724812159551231 0.05403670095733445 -0.9978439819867916 -82.8178662750246 -0.04601068667079613 0.9975706831560793 0.05230438623660409 2.7559337665485306 0.9982462592715713 0.043963246663018145 0.03964389982278549 22.76825960308932
0.037461498979217474 0.051727057058554606 -0.9979583897449303 -84.00595215619393 -0.04552772487570032 0.9977107330329992 0.050005194314097695 2.796843089237318 0.9982604181083562 0.04356150546995473 0.039730754829459675 22.79755065758303
0.03734064107776555 0.05106437764411761 -0.997997047019541 -85.22888460698051 -0.04368069400567779 0.9978224048078943 0.049421103129795724 2.832870911097018 0.9983474713220248 0.0417477879557974 0.03948985573174566 22.83314437900506
0.03740802673402119 0.05247895677106016 -0.9979211384834434 -86.43541662338433 -0.0425633604661301 0.9977975238269898 0.0508769278804381 2.8683154625676193 0.9983932090522724 0.04057167165574922 0.0395593172003914 22.86981648156995
0.037605532287787506 0.055182926039172533 -0.9977678430452205 -87.63588759481296 -0.04185564689781558 0.9976848489914673 0.05360081077401434 2.9077357260449657 0.9984157093936947 0.039746531504285657 0.039828186868867056 22.911696979312612
0.038266649698653746 0.05710376943199519 -0.9976346139932709 -88.83604744825392 -0.04179791801047003 0.9975835562702527 0.05549758831858875 2.957219978752201 0.9983930075730835 0.03957534302879412 0.04056099916573647 22.932752058933126
0.038223137991518115 0.057330858639727124 -0.9976232577329568 -90.03322206339884 -0.04298004640798034 0.9975232504776756 0.0556783653425182 3.000958870523866 0.9983444832986487 0.040749692073417505 0.04059255181769886 22.967599300727368
0.038800598791128495 0.055154489992369035 -0.9977236570148751 -91.24011351945077 -0.042434766459839526 0.9976657404092741 0.05350103745825035 3.04393527455527 0.9983455334346645 0.040262298087560364 0.041050496023310235 22.997219670419707
0.03895582561626334 0.05359482419867393 -0.9978026049623607 -92.4236637315983 -0.04096870276008094 0.9978066083493136 0.051995554892616785 3.0869105531112537 0.9984007256831833 0.03885314856672346 0.04106609065568338 23.035892240152428
0.039000648091156206 0.054436331967811426 -0.9977552982622364 -93.59840486581841 -0.03940231446997544 0.9978221625303234 0.05289980697236397 3.1274875495902608 0.9984620208414912 0.037250741270396986 0.04106062848918739 23.07039242954038
0.03965039715134655 0.05722394526874508 -0.9975736895556259 -94.76809291268056 -0.03661666595921835 0.9977714284680611 0.05577989159931234 3.1613973539770415 0.9985424706940444 0.03431612770519486 0.041657383493797336 23.09036031446774
