0.9999956785280153 0.002915343843712881 0.0003790719814851835 -0.020897844286743038 -0.002915969662140887 0.9999943691078945 0.0016609856813107966 -0.02729892444879764 -0.00037422750259121765 -0.0016620838658054937 0.9999985487144465 0.8287031139804245
0.9999841816565014 0.0056087324281710055 0.00042256044123126685 -0.024242013014121884 -0.005609562862595266 0.9999822854351352 0.00199038197701588 -0.04287464502592511 -0.00041138943581796084 -0.0019927208718284128 0.9999979299089867 1.6706430921225612
0.9999762004469668 0.006850698476923717 0.0008163761547303484 -0.046129745444046646 -0.006851962288240051 0.999975315264485 0.0015554660055868176 -0.05924278437941003 -0.0008056999741054521 -0.0015610227648163344 0.9999984570265491 2.4517376712955956
0.9999603295627085 0.008882245663195763 0.0006670928105475688 -0.036381832527845284 -0.008883063302623612 0.9999597847871937 0.0012328806556950438 -0.07867692401487893 -0.0006561152344108869 -0.0012387575744451022 0.9999990174957525 3.2563725217690074
0.9999575162708675 0.009089464889970941 0.0015320840093709927 -0.04814531354051142 -0.009091107338118186 0.9999581041578159 0.0010685019764759699 -0.09729711184622938 -0.001522307710221023 -0.0010823849227076182 0.9999982555095352 4.003719920450224
0.9999559448103801 0.009244167323776245 0.0016290515246858322 -0.04455186414857626 -0.009247323768459076 0.9999553590849627 0.0019408349710914735 -0.11431372104200749 -0.001611037399114464 -0.0019558138341230604 0.999996789670219 4.758501543009358
0.9999490578140552 0.009828061312577905 0.0023002146898251272 -0.05916774756466493 -0.009838948180014063 0.999940216869136 0.004770512175499709 -0.13458152625970296 -0.0022531922896360614 -0.004792900848317492 0.9999859755146386 5.472752950187672
0.9999453698893243 0.009775588221641995 0.0037006907224512056 -0.0640958555572629 -0.009807789744989033 0.9999133054814066 0.008785714630349311 -0.1497221606761369 -0.00361448436439137 -0.008821530262303702 0.999954557020773 6.1462911030833824
0.9999455163100812 0.00910571541729558 0.005103955143243426 -0.07093445250912386 -0.009167389732031338 0.9998836335089589 0.01219337551392072 -0.15881659606524892 -0.004992331806486954 -0.012239501119803053 0.9999126318011349 6.78882789462092
0.9999455599856782 0.008220598890998914 0.0064264157040935 -0.08523431391028785 -0.008313232304014205 0.9998599740243334 0.014523171579217186 -0.17136247450944672 -0.006306126670786529 -0.0145758052241787 0.9998738813812863 7.411412480748517
0.9999344958227326 0.008712915095838726 0.007422208180212165 -0.08740901547020513 -0.008819050826180303 0.9998575788261619 0.014389107213834624 -0.18347490425259708 -0.007295780031151537 -0.014453621498388719 0.9998689236191503 8.023513158726542
0.9999160032781974 0.009691041665345134 0.008606398758874617 -0.094834602161971 -0.009792679557621408 0.9998818688287887 0.011847017115355823 -0.19555724552601694 -0.008490572138434247 -0.011930301709945718 0.9998927832952249 8.585495871112498
0.9999100459334138 0.00946608803699113 0.009502274396919943 -0.1042142805548657 -0.009554052849253354 0.9999115292846508 0.009254927216663919 -0.20850760539391833 -0.009413825768097612 -0.009344879930101057 0.9999120226817456 9.098148818494751
0.999906050177014 0.007743571561934247 0.011310522484312061 -0.10566377283969448 -0.007831983230009868 0.9999389588530219 0.007793497714156117 -0.21479434386937352 -0.011249482569779248 -0.007881349338845168 0.9999056622874536 9.582923816145618
0.9999049265333868 0.004037917775989373 0.013184578654509903 -0.1019401478588648 -0.00410946846043703 0.9999769527924056 0.0054042717353005535 -0.21954664513042618 -0.013162452781882293 -0.005457939542597009 0.9998984752127158 10.050469161782148
0.9998858037886172 0.002200255573929436 0.014951195851844462 -0.09155190785052188 -0.0022653418210764375 0.9999880261927784 0.004337706479956611 -0.2303017522994667 -0.01494147276624691 -0.0043710806995487525 0.999878815679727 10.491387235288636
0.9998322929659581 0.0065693865739591805 0.017094709780405372 -0.08779954025016598 -0.0066102267464852515 0.999975429196808 0.0023336462929841907 -0.2407973594793717 -0.017078959125030126 -0.002446254831899668 0.9998511514183013 10.922938814009264
0.9997402099478886 0.010914786607839837 0.0200094989106927 -0.08339262246807107 -0.010950068987191959 0.9999386773243533 0.0016545633864190235 -0.25175866946033937 -0.019990212668389122 -0.0018732389407817638 0.9997984208695987 11.295634702822174
0.9996586583246775 0.011585094455834846 0.023416925992860296 -0.0803091699722939 -0.011650844045344059 0.999928553106688 0.0026732966534773845 -0.2586246070494406 -0.02338428253200807 -0.0029452110986831295 0.9997222119479227 11.644423291273466
0.9996248374636979 0.007402927856381589 0.026370077452084594 -0.06688210472391902 -0.007488781812649521 0.9999669705781945 0.0031584647586789163 -0.26502451927679477 -0.02634582457692784 -0.003354759577450483 0.9996472593447846 11.975834582155171
0.9995699843933308 0.0025241362767447206 0.02921429506205701 -0.061343185490964014 -0.002613970942183368 0.9999919711263312 0.0030372419707862188 -0.2716069878516515 -0.0292063940915328 -0.003112301227726021 0.9995685569910838 12.284070101347147
0.9995065902009992 -0.0008452340929393483 0.03139843505814016 -0.039577705303023396 0.0007127153597832545 0.9999907931618394 0.004231504268253906 -0.2759010364679448 -0.03140172258950189 -0.004207038255644257 0.9994979903169026 12.572551516198596
0.9994172259067212 -0.0013251197292323505 0.0341094212589023 -0.03423545843282056 0.0011411476451332308 0.999984701259323 0.005412488277620557 -0.2842946601118252 -0.034116071622712595 -0.005370410133925652 0.9994034482390117 12.793526496735584
0.9993452068429789 -0.0005424317025486585 0.036178216205500484 -0.03243953831936241 0.0003803760646367303 0.9999898650451343 0.004486103104516543 -0.2893812674154152 -0.03618028294545677 -0.004469404307396127 0.9993352848524479 13.013578986813755
0.9992649949098525 0.0003357285906121565 0.038332195790559936 -0.025897780580395643 -0.00045014497774730134 0.9999954695763381 0.002976272215172116 -0.2938554134735373 -0.03833102290979688 -0.002991339685365381 0.9992606189426135 13.224146540277378
0.9991635929495727 0.0025535670389824176 0.04081168729025948 -0.02188938678020191 -0.002645068583856583 0.9999941076735815 0.0021882025282900838 -0.3017323027692393 -0.04080585909262527 -0.0022943220121732603 0.9991644599114886 13.432239666505842
0.9990903854844763 0.0053337838025251365 0.04230782885978041 -0.014626574505618373 -0.005417165676597479 0.9999836038454766 0.0018564364374187299 -0.3164676651870616 -0.042297233343480393 -0.0020839363142385833 0.9991028982346738 13.640134058114413
0.9990214820699094 0.006725102225866066 0.04371328588534155 -0.010755943983421196 -0.006750019782230066 0.9999771291260973 0.00042244250391240603 -0.32316096671285316 -0.04370944515526866 -0.0007170946808201359 0.9990440281486281 13.840319465447623
0.9989363097477552 0.005866978615790512 0.04573650215592578 -0.005464091252784411 -0.00580907487487717 0.9999821487880584 -0.0013988403471572484 -0.3263693848019341 -0.04574389267033583 0.0011316656487768669 0.9989525592420413 14.034663063317582
0.998869671507095 0.004583084568976343 0.047311464563484465 0.006024148999066487 -0.0044557636201083455 0.9999861635221895 -0.002796235815528094 -0.3322726760467268 -0.04732362532467205 0.002582266447896974 0.9988762718105392 14.226037666311361
0.9988130824907862 0.0038284176935894977 0.0485568683423641 0.01691682895311903 -0.0036478156378306256 0.9999860982358248 -0.0038074632191340088 -0.337429026204898 -0.04857076987578699 0.0036258175707102177 0.9988131625887883 14.417883175512737
0.9987408072336659 0.004497689160692773 0.04996569581682529 0.026340004899648987 -0.004248371147441365 0.9999779965951395 -0.005094866844778197 -0.34405746863028086 -0.049987511528773905 0.004876178604831807 0.9987379393881931 14.609262582398523
0.9986873797941968 0.005358953602719204 0.050939170155058625 0.04146003712177973 -0.005005201577259824 0.9999624834657492 -0.007069626452909044 -0.35308361352453316 -0.05097514489408634 0.0068053859035751025 0.9986767351479306 14.799213613760948
0.9986438116607524 0.0054324065375298165 0.05177862870813593 0.04617744288575877 -0.004960596769212898 0.999945040866523 -0.009236218173152797 -0.35711526931194415 -0.05182595789155525 0.008966839223483798 0.9986158750405296 14.989901380177056
0.9986120816781382 0.004487704819007986 0.052476383563592494 0.05674987774428937 -0.0038922236428500278 0.9999269366486686 -0.01144429812284971 -0.364680996151966 -0.05252390809497951 0.011224164551006707 0.9985565868835685 15.179893425578397
0.998641593895999 0.003463854803486279 0.05199008223459078 0.06623268517716446 -0.0027793940110134216 0.9999085937157183 -0.013231749029784006 -0.3739019483370015 -0.05203116287178941 0.01306927401794045 0.9985599391958666 15.369773261016745
0.998748880739015 0.0030141896405017745 0.04991580795075208 0.07278464111663814 -0.0022990352213210887 0.9998939818941148 -0.014378435554110145 -0.3798255675838925 -0.049953855302833104 0.014245688215866133 0.9986499250025704 15.558471610321819
0.9988795189065124 0.0031618555887533806 0.047219798584184056 0.07171814136629044 -0.0024412319721756155 0.9998798007170943 -0.015310927614059172 -0.38396490696697677 -0.04726253374030067 0.015178497527120497 0.9987671731275842 15.748207833598109
0.9990552317763032 0.00378857735921179 0.04329307729869904 0.07166624968651668 -0.00307413727834086 0.9998581962414398 -0.016557085758352984 -0.38813930127618224 -0.043349665977856944 0.016408354287033484 0.9989252085963188 15.937802552837548
0.999290370571743 0.003979571250927285 0.03745555092704172 0.07407253602838537 -0.0033160184788773627 0.9998367582170363 -0.017761220101567443 -0.39221752626964884 -0.037520118657023975 0.017624412918091054 0.9991404409617575 16.127260031371748
0.9995111271867532 0.0037865757264244635 0.03103495568121385 0.06948710024329431 -0.003216402942987453 0.9998255076758462 -0.018401330192290278 -0.39743142920395136 -0.03109921834990696 0.01829251335944318 0.9993488993204621 16.316348093166905
0.9997020946009422 0.003971901620851267 0.024082069014184738 0.06261092029245822 -0.0035106061161929514 0.9998101279467559 -0.019167255927482637 -0.40044057841699787 -0.02415362695718018 0.019077003239684972 0.9995262228937298 16.502568371839413
0.9998588004516543 0.004101030870961642 0.016296033418445446 0.051752747064592694 -0.003773582087584166 0.9997913761994621 -0.020073967107057392 -0.4045177132962176 -0.016374957636828606 0.020009638252161885 0.999665681685337 16.688729377134457
0.9999762446548757 0.0028619414286668275 0.0062705196907689095 0.04332183055777431 -0.002728080120466589 0.999770401790497 -0.02125326522032976 -0.41011009183489344 -0.0063299055909036735 0.02123565386156609 0.9997544595050736 16.87812087240459
0.9999783394757645 0.00134475841620557 -0.0064429965152752195 0.027941299708027695 -0.001491437113795053 0.9997385881184112 -0.022815149404345533 -0.4154194546204704 0.0064106313752546815 0.022824264540375887 0.9997189388791038 17.06954693535254
0.9997507119446121 0.0007258976062674194 -0.022315623202313874 0.003008583440325622 -0.0012768803337726417 0.9996944357629264 -0.024686123252926136 -0.41937211566706123 0.02229088474815797 0.024708463677668286 0.9994461507654293 17.26878549118101
0.9991486542197463 0.0011991820322226753 -0.04123746759106894 -0.02404390841237318 -0.0022550501508213317 0.9996705518459653 -0.02556760686497092 -0.4274295930713768 0.04119322176873462 0.025638832548266002 0.9988221907556285 17.467700374197243
0.9980363864597461 0.0019364298580219312 -0.0626068809459332 -0.06110537274819402 -0.003512240529792203 0.999679536277803 -0.02506968116787235 -0.43515786007092755 0.06253827203268557 0.025240344427183488 0.9977233532118822 17.677793644588263
0.9963218722515006 0.0025960125941607757 -0.08565037998676085 -0.10689852223069826 -0.004633709443822268 0.9997107272467818 -0.023600647544128897 -0.4434916748971918 0.08556433608727297 0.023910720322125937 0.9960456926484952 17.890627994155814
0.9937166590103046 0.0035391100098335513 -0.11186901405544514 -0.16209491675203086 -0.006062007914688071 0.9997347231495565 -0.022220157270440907 -0.4474837681433865 0.11176069821471835 0.022758691294078568 0.9934745030976582 18.125551098785618
0.9899266855631023 0.004707245053221088 -0.141502646809382 -0.22339245506678648 -0.007616806545613634 0.999770419439764 -0.020027298152434446 -0.45818646910612015 0.1413758871522951 0.020903355167262876 0.9897352718149698 18.361260143984993
0.9847055283773589 0.004752033780452044 -0.17416210999530513 -0.29918421602072753 -0.007737132957711808 0.9998345093135155 -0.01646483402278111 -0.4672499995969855 0.1740550463406965 0.01756052848727755 0.98457933590066 18.62063966863413
0.9776540709188518 0.005922234642784286 -0.2101367287092704 -0.3908420754233607 -0.008770760404461373 0.9998818190436369 -0.012626230946594959 -0.47438144342725225 0.21003711904738462 0.014187144984986516 0.9775904733268677 18.890645955382862
0.9684103675646268 0.007637528225319167 -0.24924491600823653 -0.49017803096763324 -0.009793761448876784 0.9999245686671463 -0.007412099062035233 -0.47600956158409147 0.24916950501621962 0.009618998826821032 0.9684121192093483 19.155187280773966
0.9570212637225431 0.011724440487734269 -0.28978067271327346 -0.6183321067816084 -0.013098140164651665 0.9999102912396788 -0.002801463404982196 -0.4763986736562427 0.2897218312573887 0.006476647916314087 0.9570889788962325 19.439376903989313
0.943513765827812 0.015432881327018672 -0.3309737147680588 -0.7676080029037922 -0.0158636540072188 0.9998731842628407 0.001399954866448731 -0.4761934369745152 0.33095334742975685 0.003929575808532453 0.9436389353237833 19.73119004177697
0.9275746199671444 0.01806629740823356 -0.3732009288449941 -0.9249202578228669 -0.016633713565712284 0.9998367333845842 0.007058763904467124 -0.48032039998224674 0.3732675233205037 -0.00033981289325841785 0.9277236876146768 20.017525174366543
0.9091776944010902 0.02111306433073285 -0.415872767223445 -1.1099935859476453 -0.01664500884858166 0.9997582426175009 0.014366627955021343 -0.48099432869152614 0.416075550452018 -0.006139611790146091 0.9093093211240695 20.322691152116715
0.8885068481704721 0.025266362664107745 -0.4581672092936168 -1.316336947759122 -0.017694061304133972 0.9996268088480891 0.02081257376570208 -0.48300056675966857 0.4585220833817498 -0.010385275630094079 0.8886223298462324 20.606733328885294
0.8648408225821883 0.030051626227048045 -0.5011459381821575 -1.521785645390128 -0.020242487255459008 0.9994824422729873 0.025001785890979254 -0.48018671783798034 0.5016379105540939 -0.011478124809200775 0.8650015371927304 20.87565878296165
0.838094667177202 0.032780716158102935 -0.54453902844268 -1.7609662258304817 -0.02066374270330339 0.9993842105336661 0.028358587297216898 -0.4807683183821936 0.5451333218457913 -0.01251496640683018 0.8382559495936835 21.164224324911064
0.8086686021787681 0.03533609443618259 -0.5872022243488485 -2.0198285082554914 -0.022100966920778207 0.9993145135148794 0.029699332310471765 -0.4726461529390362 0.5878491635712381 -0.011039180609010543 0.8088952326352756 21.441944817888704
0.7767523668379909 0.03629547360276444 -0.6287594128182347 -2.3011604385601534 -0.02050801954608009 0.9992662407363356 0.03234812605037137 -0.4646142530387112 0.6294721453296221 -0.012231873144541335 0.7769267658753288 21.713365768767797
0.7412905853505248 0.040218065065462896 -0.6699781901771633 -2.5998506322118393 -0.02169503485475563 0.999117292364781 0.03597167719638915 -0.45105107416712886 0.6708335065672607 -0.012130265457131688 0.7415087748143049 21.981747631806478
0.7039815624987631 0.041480130989839346 -0.7090058944711721 -2.920206441701415 -0.01968684082222511 0.9990490920221857 0.03890167127628475 -0.4376143480475815 0.7099453415300648 -0.013427973142418788 0.7041287535508298 22.23750807172921
0.6645137238709372 0.04122691901746466 -0.7461379577099052 -3.2888550273533217 -0.01672417415254917 0.9990473906724452 0.04030649066211745 -0.42519992416163643 0.747088892158152 -0.014305675059484898 0.6645701880727098 22.50324816679089
0.6228238221245994 0.03994335596482029 -0.7813418041474385 -3.6769292896584433 -0.011458210346268642 0.9990544438164096 0.04193957208110699 -0.41339720379834083 0.7822782088296757 -0.017168185837570703 0.6226925865828823 22.777997489537636
0.5789306119206103 0.0396686009254045 -0.8144112896331005 -4.086279192899361 -0.0069539418349905515 0.9990197395763541 0.043717303550770165 -0.3977107402584951 0.8153471587453917 -0.019645916558298112 0.5786389622972178 23.02659617424578
0.5311831638853536 0.04050894010110952 -0.8462880550832745 -4.532550955084209 -0.0053843474539300405 0.9989975862745852 0.044439075373470624 -0.38283476238808967 0.8472399041636556 -0.019048579722340687 0.5308688127996601 23.255779593379778
0.4828228645649857 0.040062028971196186 -0.8748011861491579 -4.978181406066283 -0.0058744344088490245 0.9990787219529531 0.04251115572683314 -0.342361316150174 0.875698334173154 -0.015386395795181114 0.4826133922207261 23.478208287097193
0.4320622947454997 0.03928608554657979 -0.9009876674748001 -5.482009743590148 -0.003950139955477392 0.9991235830678227 0.04167087894499777 -0.3004100928842124 0.9018351123423751 -0.014445388196352976 0.43183881357084103 23.703094054459942
0.380053740514557 0.04026306472469527 -0.9240876797901106 -5.998828251793954 -0.00515694505730179 0.9991288576392177 0.0414117344508639 -0.25384475351021346 0.9249500312117238 -0.010973215186439183 0.3799302940144448 23.909578959054418
0.32834073137007325 0.0396108981317244 -0.9437284253812454 -6.561651787419198 -0.003543865959194191 0.9991649337081185 0.04070474495823899 -0.23344199627157627 0.944552701090536 -0.010020578688387866 0.32820692080655656 24.059352963671532
0.27765065664373684 0.04570831808452256 -0.9595941134267068 -7.142553849626988 -0.004006062562962836 0.99891387956276 0.04642211412266958 -0.20808288412707462 0.9606737554071322 -0.009044936415511377 0.2775322049730375 24.180618734702218
0.23035297559144305 0.051497285202112275 -0.9717435547782048 -7.7488573704871015 -0.00285280926323631 0.9986301769319146 0.05224587256655916 -0.18282940586201743 0.973102958640798 -0.009262793193516732 0.2301843447039321 24.28250106686622
0.18326941731468027 0.052635435055393684 -0.9816526023261328 -8.408224317832417 0.0025338655934803063 0.9985369731024597 0.05401382112508173 -0.1576177929622536 0.9830594591388104 -0.012386457278317616 0.1828679181097679 24.372142762686362
0.14018832588531255 0.0541491803560801 -0.9886430597299714 -9.07271266307976 0.005504522388012554 0.9984453698747122 0.055466599039687925 -0.13989481132263024 0.9901095563212952 -0.01321777751796252 0.13967231951511536 24.42724013298885
0.10095655005351589 0.052586593042115146 -0.9935000881899894 -9.776107171999424 0.005940646694796326 0.9985524444209241 0.0534576884820663 -0.11292869247832284 0.9948730993036944 -0.01129893681817063 0.10049801146609584 24.461075707014064
0.06611797616985306 0.048482037946805986 -0.9966332852276855 -10.471398245278955 0.0032405284579421663 0.9988031876161494 0.048802575578885295 -0.0815179068999067 0.997806550490883 -0.0064563460520648385 0.06588173793351267 24.47006042585088
0.037994542829902285 0.048526257396839474 -0.9980990016317041 -11.197862855310282 0.0010070635384428245 0.9988178364152668 0.048599541991210526 -0.04678433861916942 0.9992774392220488 -0.002851666491998104 0.037900758040469266 24.465747664405054
0.017286281001785822 0.052605500611602865 -0.9984657459294896 -11.955034416037204 -0.0006006146221353976 0.9986153240576818 0.052602982988110836 -0.014186029115654579 0.9998504006856237 -0.0003096168187580123 0.017293940737223134 24.453770539294897
0.004708939541246288 0.058477120730303804 -0.998277642862692 -12.76865546712914 0.0006809589729514484 0.9982882920291598 0.05848095666437912 0.018717267245542634 0.9999886810275772 -0.0009551694076509394 0.004661058691826244 24.434021498415834
-0.0032058606157595853 0.061169859477873595 -0.9981222223501347 -13.554712779105897 0.000330701840277532 0.9981273617833017 0.0611691122691811 0.05250360940107663 0.9999948065335164 -0.00013398120782831134 -0.0032200861837513644 24.41942303406316
-0.0069576931180411585 0.058489313174270835 -0.9982637881596624 -14.372379331904064 0.0015140252614134202 0.9982874236925734 0.05848014556029546 0.08626385978463041 0.9999746487956496 -0.0011045096865210143 -0.007034331835320828 24.39758603670274
-0.006265921276814169 0.05443239526148249 -0.9984977979828763 -15.18856054349053 0.008858105232057557 0.9984812441459063 0.05437590514687549 0.1266866185837998 0.9999411343685438 -0.008504083427504158 -0.006738572757452322 24.393008650312083
-0.0020920298367814363 0.05245608984899404 -0.9986210402594764 -16.065847439690092 0.020801746209570662 0.9984094255584861 0.05240139607498552 0.16944867519506773 0.9997814314968018 -0.0206634361549371 -0.0031798805757768172 24.398989636560216
0.00334219251536189 0.052566272442837174 -0.9986118448880216 -16.93327870098641 0.02112509795128255 0.9983908571332476 0.052625342082394354 0.20839263237651418 0.9997712538304642 -0.021271657062996472 0.0022263467958282897 24.40232828451693
0.008493488864807061 0.0513877742774038 -0.9986426574614768 -17.83625421030665 0.019088502360636816 0.9984883736894048 0.051542183546264775 0.2350971189272379 0.9997817210394132 -0.01950036568640398 0.007499734232968717 24.39317666351084
0.011595929713798673 0.0449781414840031 -0.9989206681227095 -18.73176493442345 0.022826069574383042 0.9987156083208818 0.04523388380448949 0.268987342738439 0.9996721987541005 -0.02332596160713708 0.010554361811322837 24.398807802942937
0.01359072342706635 0.0344275090629346 -0.9993147846682012 -19.679103297264444 0.020962489178554432 0.9991776305951336 0.03470787469343817 0.3032700828062287 0.9996878844340206 -0.021419830485276344 0.01285786054575409 24.398854613420628
0.014390975532853194 0.026505818799800296 -0.9995450672145643 -20.617747928290214 0.01332560626047036 0.9995547252231899 0.026697930664867628 0.32667961349599256 0.9998076455203788 -0.013703753272272527 0.014031361489497678 24.386100147534
0.012873318637420899 0.0237899033067395 -0.999634092139678 -21.57896564576382 0.007698842441854543 0.9996849420348163 0.023890259393802366 0.3449750261763598 0.9998874964176293 -0.008003572296396696 0.012686108078580758 24.374967478297645
0.009631311032779165 0.030192552881001443 -0.9994976976453326 -22.56160313765546 -0.0016991801406497512 0.9995431097232716 0.03017755111971073 0.3603790085252459 0.9999521741736647 0.001407677257422607 0.009678213166667575 24.353537348250967
0.005000360312214089 0.038320198324673524 -0.999253000394349 -23.56641096908923 -0.006791045060231742 0.9992437513374344 0.038285860576496265 0.3827860621381016 0.9999644384195557 0.0065945290545041165 0.0052568129899560135 24.33493804831043
0.0004849082898665079 0.04780043608335606 -0.9988567881203964 -24.601365973112255 -0.008437374426204618 0.9988215465258173 0.04779465355630936 0.4166322705347306 0.9999642871506671 0.008404552695807192 0.0008876470249793259 24.32128819450902
-0.0010771355397202413 0.05751874597688888 -0.9983438453961031 -25.64856472173906 -0.009978778012129642 0.9982940994329724 0.057526646231955865 0.4593169251966184 0.9999496306156691 0.010024215608120947 -0.0005013312559522939 24.304176890321262
-0.0020971948913622103 0.06511189231951998 -0.9978757654398476 -26.700503168639752 -0.008398179213766427 0.9978416224436818 0.06512731458348016 0.49816824103580504 0.999962535477945 0.008516924182670822 -0.0015458470123301672 24.287090104348312
-0.003734092740157518 0.06584374412153735 -0.9978229592024169 -27.74504316323253 -0.007493766980921312 0.9978000552050887 0.06587027621893628 0.5507919076437633 0.9999649493896489 0.007723418464697597 -0.0032324602666713737 24.277597751814586
-0.005453828121358306 0.06303522567352547 -0.9979964008367531 -28.792521190632225 -0.009099447105830601 0.9979667954410884 0.06308308219653262 0.6052999673801464 0.9999437263272319 0.00942525974888879 -0.004869153671337581 24.256291217588114
-0.008271268989091227 0.05832742618692875 -0.9982632405651934 -29.9209276813665 -0.009273062168321414 0.9982499903373026 0.05840348542338275 0.6508524953106092 0.9999227952333779 0.009740028027948346 -0.007715920339287451 24.232575645899345
-0.012665659386951585 0.05322300803624133 -0.9985023247283257 -31.07283840180061 -0.009191712862945135 0.9985340349641636 0.05334129200565892 0.700466211842878 0.9998775392451508 0.009853549297689602 -0.012157881365562612 24.199399946776005
-0.017917188065017246 0.048642053307654365 -0.9986555587497928 -32.16605891810498 -0.009102339419579358 0.9987665674867247 0.0488107681549663 0.7379064622165666 0.9997980405006467 0.00996465357162077 -0.017452331943439293 24.156810009047618
-0.024451811730520596 0.04661584485398132 -0.9986135748685012 -33.29763888829156 -0.010219845306132777 0.9988483855230518 0.046877046621058786 0.7841145386421193 0.9996487701513032 0.011351904974221304 -0.023947245946921176 24.110580397725492
-0.031040140432490874 0.04900020498304305 -0.9983163274200988 -34.405858645616405 -0.01002490184758004 0.9987321084003558 0.0493323118567113 0.8257641560824479 0.9994678639280388 0.011539305083114852 -0.030509562653717848 24.067749208843917
-0.037332258055591615 0.05376571310316827 -0.9978554758094887 -35.55531287762756 -0.011268782999779655 0.9984654163359321 0.05422017070075485 0.8699406061229197 0.9992393692395098 0.01326877822645786 -0.03666909442844812 24.00814138045742
-0.043458830929545396 0.056680060241505466 -0.9974460891623462 -36.678494871020185 -0.013880211193920855 0.9982587320188698 0.0573310010839833 0.9146147297673548 0.9989587928195278 0.016336300655254207 -0.042596426252113566 23.93730852061758
-0.04806543235159536 0.05892110192990938 -0.9971048179405323 -37.820919009880825 -0.01707360743805543 0.9980643026807462 0.0598008331333967 0.9610890943576926 0.9986982558019737 0.019898529135652685 -0.04696639645887408 23.853684538784226
-0.05070014688796096 0.06018847220442 -0.9968986121563413 -38.93992272093343 -0.021781967714781306 0.9978782792338882 0.06135540494274366 1.0050189418471676 0.9984763597542061 0.024825141427867115 -0.04928155197510457 23.772473268169172
-0.05229479826312615 0.06178294983871831 -0.9967186770517785 -40.076803551135534 -0.025528473202123227 0.9976754857469186 0.06318166027907181 1.0472845097757006 0.9983053396284057 0.02874877821539544 -0.05059601387989505 23.691622979686244
-0.05341512875677562 0.06147713983802572 -0.9966781753892453 -41.189172373210695 -0.027053280303480157 0.9976476241803125 0.06298680808074612 1.0940356784561287 0.998205862557778 0.030327862514777745 -0.05162631800318772 23.61362231024485
-0.05458629611775121 0.060818826757627946 -0.996655109146576 -42.29661014238733 -0.027412266689383874 0.9976757966942774 0.06238246809313179 1.1431291122284206 0.9981327085668992 0.03072580352515076 -0.05279224456905103 23.54316258112706
-0.05569768830953548 0.060130285786686014 -0.9966353978502809 -43.4060711176038 -0.028791642744605384 0.9976730738435416 0.0618019339151097 1.19513091858722 0.998032468823054 0.032136995173663176 -0.053836834195251884 23.467239513019916
-0.05677578104637244 0.05942482544906898 -0.9966168776450278 -44.513499380585245 -0.030568745951205078 0.9976555805350321 0.06122821570387446 1.2418204317796688 0.9979188656687197 0.03394160791207726 -0.0548261324078007 23.38737523592432
-0.05754406744153405 0.05710355859705902 -0.9967085150122069 -45.62437953533243 -0.03507564401171282 0.9976308204813623 0.059181460127720804 1.2881975294606023 0.9977266055886487 0.03836573498888904 -0.055404791122379456 23.30113952472293
-0.05749562219899417 0.05230600119704078 -0.9969745912844158 -46.73726469229156 -0.0406034083577345 0.9976777881878927 0.054684496763259545 1.3346450865380488 0.9975197324653206 0.043624685618249 -0.05523830325981508 23.216422268715377
-0.05664019714198849 0.05169878087845023 -0.9970552262153791 -47.85758604831229 -0.04191786940979079 0.9976546896202317 0.05411111256391211 1.3790512075274097 0.9975143007956625 0.04485929485003792 -0.054340255554210494 23.139512868243795
-0.054759259255451755 0.05579086045833974 -0.9969397190478041 -48.978426464653694 -0.04283274242772112 0.9973874720282483 0.058168606801455996 1.4243795911378123 0.997580462770755 0.045886932022308584 -0.052226523603101004 23.05659557719872
-0.05292588058968736 0.05898074312248383 -0.9968551164058536 -50.088011953281395 -0.04295379495915538 0.9971958465139644 0.06128144249204892 1.4674957355935647 0.9976742066739082 0.04606208458177997 -0.05024402155050803 22.98473308146272
-0.05110692699731096 0.05859696867774624 -0.9969726562321922 -51.20481367621269 -0.04099101127204661 0.99731290515203 0.06071825270966475 1.517581463217536 0.997851601696257 0.04397004069817315 -0.04856764883350316 22.90488093588475
-0.04855209796022909 0.05782944746999646 -0.9971451493082527 -52.34025486870629 -0.04062606398995585 0.9973820398100035 0.059821313836476604 1.5654945000007956 0.9979940965298058 0.043414532932569354 -0.04607560766720807 22.83813062543756
-0.04435330161519888 0.05851636937722239 -0.9973006663743598 -53.469435863811036 -0.04497621049113028 0.9971539110233206 0.060508001295321 1.6148241205339808 0.9980029684954287 0.047538534325381875 -0.04159522362610538 22.75509359219764
-0.03900468025186715 0.059636287253365484 -0.9974578427989256 -54.61058587613161 -0.049828625744130224 0.9968594819589751 0.06154901530436124 1.6640636757820007 0.997995863205304 0.05210265320613897 -0.03591059111153391 22.68927678797408
-0.033148250901911716 0.05932340247837342 -0.9976882916926185 -55.72769432198007 -0.053586618188147694 0.9966955441870774 0.06104479133214191 1.7185931214437815 0.9980128595430523 0.055486269617050284 -0.029859773453299824 22.637199960274017
-0.02741967520266635 0.058368043968824085 -0.9979185001066152 -56.86166745254938 -0.05521102288872537 0.9966815846163932 0.05981272304566531 1.7747034911947193 0.9980981436528973 0.0567361465893679 -0.024106125919127017 22.589106673311942
-0.021416979175172816 0.05772801402135237 -0.9981025946265061 -57.9929657120797 -0.054719272840229705 0.9967674890154313 0.05882494387341168 1.820507335971811 0.9982720642103761 0.05587530079582647 -0.01818891360497339 22.542028319366732
-0.015983011052090736 0.057328994057285344 -0.9982273938327335 -59.13180403925154 -0.052982714732261904 0.9969037418727835 0.05810130273620226 1.8697545371324578 0.9984675133910501 0.053817431009142505 -0.012896077786198216 22.508010760859317
-0.010349042835998357 0.057977300023832744 -0.9982642585980568 -60.27676213280107 -0.0521000992853103 0.9969304643723574 0.058439959452227616 1.920704282456544 0.9985882419530275 0.0526144646296405 -0.007296652992764961 22.470744623445484
-0.004855006294507054 0.05970080793326652 -0.9982045093296255 -61.422998499721515 -0.05084409566363096 0.9969104156668074 0.059870702945449696 1.96596244968564 0.9986948016536517 0.051043478203879986 -0.0018045727533665516 22.459026967570875
0.0008247478364608161 0.0608699995430519 -0.9981453616315801 -62.580203323996905 -0.05172523306535513 0.9968121333239607 0.06074595560586995 2.0158836615202675 0.9986610135853606 0.05157920136803697 0.003970633563369613 22.446731936188826
0.00600493918049404 0.06021635938163554 -0.9981672859637621 -63.72426276132009 -0.051112804516911955 0.9968989771799425 0.05983235338845991 2.0650414099821788 0.9986748329260398 0.05065983971951879 0.009064144732856279 22.428435217013686
0.01060918978494939 0.05577090901820431 -0.9983872248778992 -64.86447695557165 -0.05134637722004171 0.9971566102654092 0.05515654222644001 2.1164415292991348 0.9986245513898019 0.05067840083588931 0.013442657855976226 22.423023809957687
0.014603149192178824 0.05066966734705556 -0.9986086985624613 -66.00940121570044 -0.05106932628677983 0.9974494983244014 0.0498640371913007 2.1570058648056305 0.9985883395805724 0.05027010148527398 0.017153569610284868 22.4254667131161
0.018217649013158848 0.05019537972565338 -0.998573252755467 -67.17191324459127 -0.050863085158196666 0.997492363730865 0.049213116816584836 2.1971245524918324 0.9985394653355583 0.049893969102590634 0.020725057649289336 22.427326383861864
0.021547944477392594 0.05248529948762733 -0.9983891923626258 -68.3661664136644 -0.05033567424257247 0.9974115257747483 0.0513475233115985 2.2395826623056374 0.9984998778103802 0.0491481595727002 0.02413405111603909 22.435925871154264
0.02302549637660307 0.0524501613004754 -0.9983580555573076 -69.58065464861001 -0.05030410156977483 0.9974186161039995 0.05124062464921147 2.281012312278281 0.9984684891782354 0.04904166421256239 0.02560451697246959 22.45247219809692
0.02388327997905878 0.05233035213931901 -0.9983441907390556 -70.78191133741981 -0.05204088928756332 0.9973401644972509 0.05103275539060067 2.325199031883569 0.998359321476792 0.05073588991603664 0.02654307244511019 22.46028920221721
0.024925009931670582 0.05317661360335845 -0.9982740062956605 -71.98179245895827 -0.053465749320365824 0.9972259721876249 0.05178584791291206 2.3707543162700553 0.9982585624624097 0.05208270500009176 0.027698994753519807 22.46655973118374
0.026220276274210537 0.05274917226712582 -0.9982635032581528 -73.1835559379636 -0.054287135575832535 0.9972083776417491 0.05126751868467031 2.4136666043911665 0.9981810477178347 0.0528486176379756 0.02901068063110261 22.478526638743354
0.027329308798091777 0.05069117266554554 -0.9983403797775654 -74.39937907480038 -0.054390447246297526 0.9973093636259759 0.04914989798870192 2.4548767641688714 0.9981456748035153 0.05295694702061234 0.03001289111848128 22.49249868996833
0.028234314584029235 0.04918879526474902 -0.9983903474595374 -75.63885212264806 -0.0524401835971555 0.997486056582978 0.04766124281675718 2.4977973510033284 0.9982248497328974 0.05101009059925187 0.03074280456935319 22.508771821604537
0.028116477009844612 0.04865574984263526 -0.9984197923357735 -76.8318583377572 -0.047358593451987896 0.9977579043085496 0.04728982994325366 2.538078182794323 0.9984821617569356 0.04595413362324912 0.030357705053781332 22.538059499046163
0.027661920028368373 0.04965841023592588 -0.9983831230911248 -78.02677673860285 -0.04518173459863024 0.9978066894468057 0.04837790150333086 2.5657502786160973 0.998595728530321 0.04377045565272935 0.029844901959118337 22.572176694729485
0.02881751741480346 0.05202847948566476 -0.9982297270731123 -79.22184838319146 -0.04548234126994361 0.9976784110317961 0.050686731929332665 2.608830681341461 0.9985494015433845 0.0439411593324689 0.03111699204400579 22.55877507857046
0.029009408165920157 0.05558212020822483 -0.9980326057554556 -80.42476580636755 -0.04775473368242341 0.9973897779132497 0.05415825260364766 2.6481655026230433 0.9984377495110967 0.046089682438894594 0.0315879965160504 22.566094259848708
0.029828070483235852 0.05563011969733993 -0.9980057995791958 -81.61098156175416 -0.04997480187378581 0.997284368739509 0.05409627570836948 2.6850490508091185 0.9983049661245417 0.04826155457814965 0.032527172652681256 22.56935815410909
0.030824233951931238 0.05358584796317163 -0.9980873826972003 -82.78983774890487 -0.05126915276790336 0.9973321566752816 0.05196194026298253 2.7222031150202777 0.9982090665665871 0.04956940749595712 0.03348930075056473 22.57623131686728
0.031152525403154798 0.05110346146177485 -0.9982073714352313 -83.97809744031301 -0.05140999974354107 0.9974520960795428 0.04946036749657888 2.762671067322768 0.9981916309443665 0.04977702535459948 0.03370038070219208 22.598159613681407
0.031130469693089 0.05034739342917113 -0.9982464794987153 -85.20124370532508 -0.04926046851670324 0.9975941479163615 0.04877829726983755 2.798054140790294 0.9983007062494758 0.04765559797041713 0.033535710576629185 22.62626563863189
0.031251584381123396 0.051711173467409555 -0.9981729775005413 -86.4079971745561 -0.04779789287643733 0.9975955346947931 0.050184764556422304 2.832761250583536 0.9983680182729422 0.04614221164654351 0.03364812616065658 22.655627977974074
0.03150128614683394 0.054321753069412226 -0.9980264606284566 -87.6087254311335 -0.04693295333622177 0.9975009843582514 0.052811779892944166 2.8713273187288877 0.9984012053589654 0.04517669031465868 0.033972044241966516 22.690309367090116
0.03212659869155605 0.056298400566367264 -0.9978969745170008 -88.80902202117376 -0.04704259374264596 0.9973910194832184 0.054755352507236996 2.9200044865125334 0.9983761195213333 0.045184558733004115 0.03469120380770391 22.70424890544398
0.032016898391927416 0.056595933546146775 -0.9978836698350184 -90.00641301601765 -0.04816334759021357 0.997323027343501 0.05501882477207064 2.9629560496383913 0.998326204287088 0.046299885922491284 0.034657039649962265 22.731897571836498
0.0327117368218395 0.0545216840282462 -0.9979766170831988 -91.21348375891789 -0.047134512857821796 0.9974841633487825 0.05294980232291928 3.0052774865291494 0.9983527833244888 0.0453070616913578 0.035199292452277875 22.75426813081731
0.03296686834278309 0.052942509349223815 -0.9980532432167534 -92.3972650698994 -0.04562082417075406 0.9976349040524953 0.051413408933375544 3.047598059716258 0.998414706418956 0.04383707243848211 0.03530417944624338 22.78595919812574
0.033180132841387655 0.053738982798104205 -0.9980036074646503 -93.57220901188688 -0.044222250329629384 0.9976544170415906 0.0522499448151699 3.0874930723375296 0.9984705660961722 0.04240030524925246 0.0354787648369948 22.813683001881632
0.03337020623773599 0.056446530317666194 -0.9978477932784894 -94.74201470992995 -0.04151797992803672 0.9976203096268043 0.055045210171414005 3.1207148601561387 0.9985803356156906 0.03959175463675248 0.03563434139193695 22.826708356937257
