0.9986828829286872 -0.005665752075901801 0.05099410356757283 0.0012776163693331913 0.005347382271802787 0.9999653656724659 0.006377535446465016 -0.06318432739602811 -0.05102847095578251 -0.00609645052027185 0.9986785911608241 0.9921335265424585
0.9954362057021298 -0.0013446806423566627 0.09541987325142048 0.12245597905564787 0.0019223281612418047 0.9999803789435916 -0.0059620786871093165 -0.030030629833665008 -0.09540998392090617 0.006118297295886962 0.9954192591096533 1.9857515227283782
0.9909693853958713 -0.0026423908585009584 0.13406228022333577 0.3171631721288636 0.0040635454028693785 0.9999384061261807 -0.01032819212601189 -0.05185212210443925 -0.13402673168770507 0.010779690365864195 0.9909190852278142 2.972836556768656
0.9747499798537451 0.19822140742295008 0.10281415473750961 33.41950391440058 -0.22128987896767124 0.9191215855108629 0.32595444545897934 -0.6370453847036213 -0.029887559980652813 -0.3404758210024058 0.9397781382172818 2.8817505038579867
0.9877785852662926 0.01739209602922323 0.15489022398147573 1.0503635938377371 -0.01334403801215861 0.9995426674420437 -0.027136554909823862 1.1017005879749409 -0.15529134920803367 0.024738046781306366 0.9875589227497239 5.554003244770723
0.9651514972031415 0.0023986480145586526 0.26168078632990294 0.8010209780509727 0.004103404771972583 0.9996963378634782 -0.02429802731967327 1.021540058977732 -0.2616596061982272 0.024525059634025202 0.964848574613725 6.665192423944722
0.9538702592500138 0.29290067857221996 -0.0658841483988721 34.17232297666421 -0.21965378989060166 0.5312832876328292 -0.8182238574306835 11.760991305276875 -0.20465517610118453 0.79495110590148 0.5711120714194438 2.1150132761628617
0.9519134961696305 -0.0598018041782169 0.30047369273721947 1.8102204161894022 0.07305248220445826 0.9967803634902184 -0.03304908174329341 -2.9443098410217656 -0.29752988195117147 0.05341021603904805 0.9532173509587334 8.693361194056198
0.9327934943634445 -0.062173533093678776 0.3550080966060971 2.0457564828602663 0.07742033275105589 0.9965798726355511 -0.02889030173646241 -3.004869561640554 -0.35199771156919535 0.05443353047853223 0.9344167174284144 9.633644082058893
0.9153625187226284 -0.06217054023476594 0.3978018140289001 2.4440317635464543 0.07910797944301284 0.9965193158756723 -0.026290315234420533 -3.0287396102011295 -0.3947827084691148 0.05553446689758263 0.9170946167545595 10.55060176490157
0.8956368763709959 -0.06245044343889282 0.4403799811511553 2.884472752217337 0.08043123096368116 0.9965114822014953 -0.022263937797363978 -3.0608628300778973 -0.4374533149606632 0.05536070768029945 0.8975353972267972 11.447570344507312
0.8739861277107885 -0.06270229466196407 0.48188864980742785 3.375499279596385 0.08203862787068289 0.9964454295106805 -0.01913555706975732 -3.0844036719353762 -0.4789758992957759 0.05625769504164352 0.8760234926315649 12.317849885690547
0.8501173983831838 -0.06353751956684797 0.5227460115328473 3.8825714374620586 0.08385069316281038 0.996361492312111 -0.015259026630103742 -3.1312160302215855 -0.5198744754479911 0.05680457943576735 0.8523519047510854 13.178878792727142
0.8247220443493918 -0.06457377571068111 0.5618396364218409 4.449032781769208 0.08574145670411737 0.9962526841463742 -0.011357461573770804 -3.162709745537217 -0.5590008516687754 0.057539697788660374 0.8271681999520863 14.00276666536256
0.999497342091171 0.006363473701031783 -0.03105751688627453 12.040164751618104 -0.009158853382957674 0.9958350807633698 -0.09071167138643724 -1.7820611751824327 0.03035092350150883 0.09095052569099199 0.9953927985067702 12.07220089337127
0.7530850137613009 -0.07226697308453431 0.6539422349484248 4.636178240216818 0.09524846869935855 0.9954534784869169 0.0003184002567708927 -3.555225031674166 -0.6509920823317052 0.062047214034921784 0.7565444150688951 17.008516308814308
0.7011349632005694 -0.06208399258078688 0.7103205904681106 5.270885690433695 0.09494530147856825 0.995459866047548 -0.00671154346931438 -3.453627517571361 -0.7066789604232468 0.07214730039180622 0.7038462999414683 18.071328684460337
0.7065477412511861 -0.06739162729169104 0.7044491875954044 6.14434200092208 0.09731920238880842 0.9952503320452094 -0.0023977927986868 -3.493753783884759 -0.7009416967046931 0.07025058814612947 0.7097503735017476 18.028257007914693
0.660587612210344 -0.0690652261293681 0.7475653825144234 6.840660440361915 0.0985691736701824 0.9951184554724246 0.004835036727116484 -3.5718505203079807 -0.7442500417173079 0.07049293665236547 0.6641706266358913 18.852531816136665
0.8110647179475102 0.024189396742069783 0.5844560688246647 9.625777837950231 0.03134047259466695 0.9959125835028043 -0.08471068880791613 -2.074535065609944 -0.5841162539069336 0.08702298033291811 0.8069914515134028 16.639677630685178
0.6112007718011305 -0.067133775274537 0.7886232768357089 8.446047418732366 0.10859892516230132 0.9940855415637994 0.0004577197828690982 -3.730733638381639 -0.7839897257000858 0.08536388153777187 0.6148765060770421 20.271508481949194
0.5666596806622187 0.29664576438478246 0.7686989636940856 14.824664275087656 -0.1081899921361065 0.9516521790467377 -0.2874944446718651 1.2160530132999439 -0.81681805312651 0.07974597537282492 0.5713570227961288 16.50533011435943
0.6443089382254046 0.032310501534875025 0.764082471735491 11.230413430718542 0.03458043360396494 0.9968543461697119 -0.07131343586111094 -3.195220007103001 -0.7639831056604682 0.07237018732268066 0.6411648541929504 19.931050619814677
0.4875898520738465 -0.0665261105473438 0.8705345557587293 10.427519537171161 0.11276832983718962 0.9935393202358459 0.01276412672387045 -4.518010324545014 -0.8657594584758149 0.09194506925732804 0.4919417285603353 22.27166018688721
0.4515820726798773 -0.06838040555049814 0.8896053910419474 11.33258458599248 0.11650752670906141 0.9930410457672109 0.0171894631010026 -4.524665330540051 -0.8845900902984863 0.09588327048193987 0.45640636562980186 22.696810589954644
0.416605922794961 -0.06077041278909571 0.9070537260943273 12.242030207620857 0.11155479031581592 0.9936399606620796 0.015334840496548551 -4.432726620917289 -0.9022167333017908 0.09479760284365424 0.42073552339366826 23.121440849249446
0.38546937486893973 -0.06567127730823932 0.9203807062161039 13.170667438188179 0.11623029861382332 0.9929747827112296 0.022172022544794365 -4.480901031573161 -0.9153708968075681 0.09842948865197759 0.3903943609242074 23.464210679311922
0.3521487914449064 -0.0673557326700288 0.9335172381699097 14.103539646238698 0.11688205117550916 0.9927639043478167 0.027539359779844955 -4.471718844068511 -0.9286171518967858 0.09941345734135672 0.3574732852991131 23.829527087227174
0.320005357618731 -0.06810839630865471 0.9449644530073985 15.052920507113237 0.11645170692405554 0.992677104885746 0.03211176404569454 -4.4751109982338635 -0.9402316581831219 0.09976678699805744 0.3255933309548931 24.150716574872565
0.28746402430524504 -0.061891064941077045 0.9557896896340184 16.003207337560713 0.11097901923852059 0.9933408751442316 0.030944515774959616 -4.382870046930906 -0.9513401557902885 0.09717716731902655 0.2924183751626437 24.472617225332662
0.24934358412615004 -0.05480017133642295 0.9668633400210317 17.256931411321077 0.10653585189460829 0.993890010915118 0.028857554716850174 -4.2565618087721555 -0.9625372145097647 0.09581016347259125 0.25365828048605066 24.862106360783162
0.22751303843386855 -0.06008849386485883 0.9719193331998508 17.93656650788118 0.11007254072657424 0.9932842593871861 0.03564289314356705 -4.3410605996914295 -0.967533902827486 0.09887240746891904 0.2325992130698522 24.94298645639689
0.19122497468414948 -0.0606326465758076 0.9796717262564335 18.97607249999641 0.10912213858099902 0.9932163130448713 0.0401710638776192 -4.325903626528351 -0.9754616178653865 0.09922216320340821 0.19654412838006818 25.261689887247584
0.1605507480980333 -0.06183445038433106 0.9850888071797539 19.991688417145014 0.10972477594669292 0.9929677888742329 0.044445964964926025 -4.310026181704206 -0.9809097465254444 0.10095281573033585 0.16620649255521597 25.439798342052235
