-0.9802270920216853 0.004977176345886435 -0.19781323459852856 -0.10254924217219868 0.005531129082651887 -0.9986037996300822 -0.052534350433157975 -0.02620663956914704 -0.19779852041352985 -0.05258972409116397 0.9788309691883644 0.994382655292419
0.9998751836774369 -0.00048447820882503365 -0.015791844315256886 -0.20638183036247615 0.00025297202935965074 0.9998925255476363 -0.014658559244406434 -0.059933256848824154 0.01579724884796402 0.01465273472204371 0.9997678451990747 1.9884054462615166
0.999730390441784 -0.0001392701657019186 -0.02321910917626493 -0.3177937586232186 -0.0002174647354176619 0.9998819951193875 -0.015360616692119702 -0.08981851687321363 0.02321850848369069 0.015361524660473067 0.9996123870900655 2.981730294146631
0.9994809621586432 0.00040977664326169493 -0.032212394594870575 -0.47572719701953686 -0.0009482025827757095 0.9998600727837521 -0.016701370145357865 -0.113956698925799 0.03220104337277024 0.016723245378002162 0.9993414961211871 3.9688849817256067
0.9990554757949941 0.0005700346127815692 -0.04344918117270271 -0.6495321930149582 -0.0013669469337484203 0.9998313548307438 -0.01831374766124829 -0.12897490964286068 0.04343141420813317 0.018355842608275778 0.9988877691222483 4.953550547648297
0.9983910811598832 0.00048308194025301895 -0.05670110838633437 -0.8404946826664603 -0.001574495243625774 0.9998143187697949 -0.019205440573415864 -0.14872995833756236 0.056681302253279595 0.019263816203707127 0.9982064592859249 5.934949073017798
0.9973449908821548 0.00036635537181133027 -0.07282056677901004 -1.011786651893397 -0.001769066547948205 0.9998141170391002 -0.019199004476112176 -0.16679947330144912 0.07279999701801951 0.01927685537286591 0.9971602495492441 6.9200036673972685
0.9958345352320325 -0.0011180764985143875 -0.09117197126389881 -1.2010377567307688 -0.0006293492429109968 0.9998167060952384 -0.019135258879840324 -0.19999879995264253 0.09117665468052762 0.019112930644240057 0.9956513011709753 7.901370991094871
0.9938400259947647 -0.0022743484814888018 -0.11080085771197658 -1.3926554597033003 0.00014229223959811026 0.9998147618343735 -0.0192463443540343 -0.23795492861692458 0.11082410605840001 0.01911202127092442 0.9936562525135623 8.8821064234813
0.9911510433321767 -0.002375040435368041 -0.13271762687927796 -1.6514231395108232 -0.00022413220075295502 0.999808545104353 -0.01956586060141052 -0.27396823927933833 0.13273868714995438 0.019422469442571137 0.9909607502895658 9.847374432512813
0.987722373487974 0.0013752500919536254 -0.1562133848249484 -1.9719216100557637 -0.004729569884648506 0.9997661195942414 -0.02110301590246116 -0.3091119814251968 0.1561478276505603 0.021582743075380488 0.9874978689199047 10.793971309631301
0.9833715796273673 0.005668014266016361 -0.18151641797770285 -2.28681934216531 -0.009924476105031933 0.9996964601969403 -0.02254977258751214 -0.3640007975314968 0.18133350808721638 0.02397626084251042 0.983129339283899 11.741508451936097
0.9780822200722084 0.00840099406163957 -0.20804949910392856 -2.646974568538077 -0.013558512310840197 0.9996347925154134 -0.023376234439782078 -0.4108883668156248 0.2077771342629792 0.025684720972655242 0.9778389221063054 12.673221803169637
0.9714635308307918 0.0091643382493271 -0.23701186293142024 -3.009234555492246 -0.015142290402848504 0.9996111710183417 -0.0234140516932864 -0.4522757226961007 0.2367051315606112 0.026334799786442386 0.9712245667265025 13.604379570888753
0.9636057102366035 0.011840039640056057 -0.26706525169091616 -3.421717097405633 -0.01855021851926738 0.999572096554527 -0.022616657190557075 -0.5137779307392459 0.26668319143188984 0.026747658793054175 0.963413015355716 14.513266599797422
0.9544115905981372 0.013866534245077566 -0.2981714858264677 -3.872284836042797 -0.02121233842358245 0.9995456337249987 -0.021414079478102338 -0.5441436560261348 0.2977390676927313 0.026762760121504022 0.9542720797760684 15.405492263881097
0.9434809310555765 0.015855293085680955 -0.3310473416532278 -4.350659692889504 -0.023901457226860448 0.9995092483602738 -0.020248031625651773 -0.5692854963171368 0.3305638411516518 0.027016145606803165 0.9433968808511181 16.28328801697908
0.9313915921447142 0.018731232400362424 -0.36353657727235267 -4.864910470688763 -0.027696112491745938 0.9994268987452035 -0.019462770033827206 -0.6015594171690604 0.36296367233509513 0.02819601030835211 0.9313765927742195 17.14032041517532
0.9181034637721025 0.02046941956446915 -0.39581186524959155 -5.422191549238054 -0.03049178657473671 0.9993535513364441 -0.019045481950279393 -0.5913380737727956 0.3951661432374339 0.029554733866699552 0.9181341061876099 17.970581412461136
0.9027862083459371 0.020741659855054474 -0.4295891590424773 -6.000581936718239 -0.03172667342217437 0.9993267624394483 -0.018423899311854217 -0.5988198824272816 0.42891780123227424 0.030262277157343382 0.902836482629786 18.78630721267617
0.885037621980421 0.01578686287559518 -0.4652517411464336 -6.580504172649929 -0.027856089067381073 0.9994298817767817 -0.019077466118915153 -0.6036734724296879 0.46468531930878915 0.02984436918742588 0.8849728061622537 19.600964591126726
0.8650812636919554 0.01101082857703022 -0.5015108860864104 -7.21691707006401 -0.02391779752917526 0.9995273797512092 -0.01931207107059634 -0.6226675108680602 0.5010612199826311 0.02870154667835237 0.8649357635384194 20.372079271096585
0.8409034295587505 0.012639091652457437 -0.541037591594643 -7.881054843778726 -0.025159401848563794 0.9995593225635079 -0.015753259186731906 -0.6618330250172602 0.5406000616490473 0.026859151858959512 0.8408508543769605 21.1186628766335
0.8129399700973197 0.018187171328731953 -0.5820634259401869 -8.610169693862629 -0.03083453063621497 0.9994544201412028 -0.011836121858841793 -0.6895538001357553 0.5815305982823368 0.027569709089368018 0.8130572393147456 21.802492602543282
0.7813899063824845 0.02152510756005831 -0.6236717758148906 -9.367906906690626 -0.03494609500817032 0.9993459956972522 -0.009292541501013558 -0.7296254912976796 0.6230638688346897 0.029055991265073796 0.781631092475442 22.453820919049928
0.7467080409110001 0.020975812934143648 -0.6648211164746557 -10.154769007772154 -0.03513059797190632 0.9993512907839254 -0.007927086137999388 -0.7600138746313402 0.6642235638134137 0.029274782326343278 0.7469605373744679 23.070201142702693
0.7082795431764815 0.01698086381882074 -0.7057278079980133 -10.9531415983662 -0.030095834995855775 0.999528069955452 -0.006154517611681642 -0.7770789755379858 0.7052902448167111 0.025598586583968658 0.7084563380556966 23.672123055346844
0.6673924954543095 0.01350977523892574 -0.7445836037573366 -11.787697994401832 -0.025676311006508707 0.9996584147010344 -0.004876573644732564 -0.7875835074304138 0.7442633835305656 0.02237274883444519 0.6675114051798857 24.22294541911142
0.6240227565379534 0.013114974971542619 -0.7812961005625647 -12.654430976098565 -0.023899488766926564 0.9997117040027196 -0.002307231384021413 -0.794173734145729 0.7810405967422265 0.020112342267266457 0.624156294472043 24.7216743132948
0.5776505641971426 0.01390107372302291 -0.81616578330145 -13.546340060749843 -0.02253583751293092 0.9997454547477673 0.0010778398637929284 -0.7954378356503614 0.815973015307684 0.017770364670661298 0.5778167983272545 25.173887301480462
0.5283986347147464 0.01474604950844694 -0.8488683271600405 -14.465691245806306 -0.021747737658650287 0.9997561546160016 0.00382977990974549 -0.8007465042248568 0.8487178086609956 0.0164373152102464 0.528590480362972 25.567289403339593
0.4774315740529309 0.01632095389612261 -0.8785173410703175 -15.40685508988762 -0.02206185884682871 0.9997349317185141 0.006583364337577946 -0.7889803502208813 0.8783919207742996 0.01623861957493084 0.4776650926671723 25.905035135074634
0.42458343842898055 0.018385193874927288 -0.9052021257476172 -16.3611964678308 -0.021533207891502912 0.9997160520584695 0.010204715308597255 -0.7852690054234192 0.9051327111367291 0.015159152443640706 0.4248587710374657 26.20373023075359
0.370910605001336 0.020540825771841763 -0.9284413807958762 -17.329883874609347 -0.021746669363878042 0.9996733187199789 0.013429006328194958 -0.7876926280095204 0.9284139192564497 0.015209546870152732 0.3712361299966426 26.452001924410553
0.31732194171145656 0.023619578174562304 -0.9480236815793824 -18.307808098265827 -0.01976508184710145 0.9996373474914841 0.018289752315672723 -0.7836920404892554 0.9481118746477384 0.012934025941176042 0.31767370700910275 26.660923451652906
0.26515800924761124 0.025432501620800962 -0.9638695025744674 -19.29301610792247 -0.015666118855762835 0.9996337549093194 0.022066462468932433 -0.7910029331725087 0.9640776954435992 0.009248994929377335 0.26545932502166136 26.832130147513908
0.2153713152761362 0.025960676451479644 -0.9761870926387052 -20.284497230643662 -0.013188127177813536 0.999632726868595 0.02367455754179361 -0.7913389436482516 0.9764431728768292 0.007775258930702606 0.21563458788142492 26.962380160617645
0.16945312963519618 0.02716421514277134 -0.9851638149427302 -21.28321202181751 -0.015456301601281829 0.9995703821165408 0.024902890117476907 -0.7862733979044061 0.9854170384145226 0.011007116383056346 0.16980018784230635 27.012809424706003
0.12799332834116375 0.027698275785415827 -0.9913881749439345 -22.282556853390844 -0.01770837288594503 0.9995144078756123 0.02563907133257288 -0.7751978815971544 0.9916169227226228 0.01427424140119116 0.12842166718485382 27.04726570987536
0.09095509322408342 0.026415468033776986 -0.9955045926891322 -23.282241410551872 -0.01892038215641964 0.9995135406522591 0.02479316824936232 -0.756725190333736 0.9956752433176467 0.01658026240270811 0.09141063801880037 27.064281902142937
0.05726605034647754 0.023809241381481133 -0.9980750069521597 -24.282047761581108 -0.018246096153183244 0.9995735725502753 0.022798092776563004 -0.7414061194997463 0.9981922056662659 0.016905415816191795 0.057676056238254114 27.051929519259684
0.02645867481277721 0.021224421123618865 -0.9994245656752285 -25.281582086943903 -0.017786849111747494 0.9996263006722572 0.020757817876034805 -0.735278627872321 0.9994916540551144 0.017227389595234194 0.02682630279979749 27.022036519325965
0.0003493491920601287 0.019474404287298047 -0.9998102947723616 -26.28015828579748 -0.01824122171214359 0.9996441264918557 0.019464793879811884 -0.7239764953495157 0.9998335540406671 0.018230961247010746 0.0007044617942548692 26.969903693312318
-0.019905684435476308 0.01706151344192946 -0.9996562751697335 -27.277647830486632 -0.018865297664384623 0.9996699643009184 0.017437402863841486 -0.7049022470051296 0.9996238613954704 0.019205916631928905 -0.01957724431931029 26.901707056432866
-0.035836142517213725 0.016177429377172026 -0.9992267318623101 -28.275166908735862 -0.018652451517182568 0.9996839681178135 0.016853781196581118 -0.6851912099681118 0.9991835952125551 0.01924200267564911 -0.0355230684365126 26.834126222766503
