-0.9795183281687629 0.010156055499733918 -0.2010987302748524 -0.10629871269880535 0.0014393697996002933 -0.998348477456213 -0.05743035587075251 -0.02894473409906221 -0.20134987706986937 -0.05654354160775219 0.9778860132481705 0.9240012975149543
0.9998803868382561 -0.0005064310386026245 -0.015458186950050046 -0.21437121034730056 0.00028381542170428584 0.9998962751429491 -0.014399944585384038 -0.06990901977895149 0.015463876130710668 0.014393834890635213 0.999776818121002 1.987347222929354
0.999724215487882 -1.725205040692705e-06 -0.023483887330727742 -0.3252963969603673 -0.0003523823538110375 0.9998863096852426 -0.015074598857144855 -0.09972663933379627 0.023481243446959406 0.015078716823747878 0.9996105559192209 2.980729627638632
0.9994626532177746 0.00026929557279569295 -0.0327770087527967 -0.4836326910053925 -0.0008011608982323214 0.9998682116683215 -0.01621472899581895 -0.12387624859324378 0.03276832257076319 0.016232275721142123 0.9993311514512151 3.967800481901971
0.999032483150891 0.00048743174999264696 -0.043975675317767554 -0.6586292766893357 -0.0012530701448025174 0.9998480909940279 -0.017384612472236986 -0.13915755750621314 0.04396052120456288 0.017422897172593075 0.9988813319056157 4.952229047006676
0.9983486873196323 0.0005389037294659957 -0.05744221539893298 -0.8502357191807205 -0.0015841379867038402 0.9998339786344318 -0.018152291174434315 -0.15811233477928038 0.05742289642647901 0.018213312461294085 0.9981837938051196 5.933496892477506
0.9973026546906529 -0.00019142076222481656 -0.07339876228566819 -1.0233452881801366 -0.0011823954155842772 0.9998249405399837 -0.018673248654132203 -0.173430780308939 0.07338948758546729 0.01870966681450082 0.9971278410914184 6.918280054565514
0.9958328792130913 -0.0007782289153381423 -0.09119359099147374 -1.2152921964165384 -0.0009286491384115433 0.9998252101350812 -0.018673156913554288 -0.20644492474923185 0.09119218326667378 0.018680030462925462 0.9956580950170402 7.899030857894546
0.9937591104905967 -0.0017596427942403463 -0.11153355537314656 -1.4048425269122247 -0.00033263162298145343 0.9998243773518425 -0.018737764253064167 -0.24416480496263465 0.11154693932664173 0.01865792352424817 0.9935839985711433 8.880364324901644
0.9910801350410366 -0.0004417326715860834 -0.13326654043415304 -1.66556460138634 -0.002179440608596301 0.9998070494773165 -0.01952213753911635 -0.2785333846086981 0.1332494501514904 0.019638449218546412 0.9908879428808366 9.845094909342363
0.9876793250860199 0.0019598128102186743 -0.1564791038170059 -1.9884838827854048 -0.005245740468758153 0.9997742633843605 -0.02058894074968321 -0.314209006546783 0.15640343028386192 0.021156119871291006 0.9874666503672074 10.790819733891139
0.9833247167090955 0.004959386763964782 -0.18179083032953683 -2.3041486549938215 -0.009037713677749347 0.9997255689015528 -0.02161264944299506 -0.36937480652889015 0.1816337557847001 0.02289522586462474 0.9830996833445486 11.738047755275433
0.9779655568347573 0.0075011011796664 -0.2086315007997966 -2.6633816968721282 -0.012440326484787913 0.9996723054160905 -0.02237230567086958 -0.4158186175092308 0.20839531645849202 0.024474788358050094 0.9777383989662027 12.670207063486755
0.9713789991387736 0.0098969136982512 -0.23732865636371078 -3.027992373992746 -0.01568664567886673 0.9996233325742779 -0.022519372114700276 -0.45777792915026616 0.23701639010731035 0.025597735687830175 0.9711683616902658 13.600212427679915
0.9635366403891595 0.011920466792976515 -0.2673107650264191 -3.4416410840139786 -0.018397704108273297 0.9995943747620494 -0.02173960504728646 -0.5170157068300916 0.2669431907936901 0.02586481037056181 0.9633651148310167 14.50860580113706
0.9546682233964351 0.013721702089203385 -0.2973555079847517 -3.9039875013543797 -0.020949252097927737 0.9995571683867731 -0.021132817208161257 -0.5410304935047043 0.2969338513434132 0.02640420455895682 0.9545329255232508 15.393446991137152
0.9436539009408929 0.016140686331188425 -0.3305401541171575 -4.375103395073452 -0.02409961181533588 0.9995095979229347 -0.019994308447239605 -0.5679915028330519 0.3300553346779694 0.026833596566457854 0.9435801153828548 16.276535653787285
0.9314757448868666 0.018823305519301507 -0.36331614312714555 -4.887064829047654 -0.027502720167711568 0.9994462237156779 -0.01873089116532937 -0.6030160737978973 0.362762369976317 0.027439553017458096 0.9314776078142551 17.135193572643427
0.9179409633186377 0.01934283993708404 -0.3962451796613056 -5.440040141489428 -0.029088613492609022 0.9994037609007989 -0.018600410275488834 -0.5874051438089962 0.395649138033599 0.02860030140588121 0.9179563074203273 17.969396318591958
0.8980119502432345 0.009969274486708285 -0.4398581030134062 -6.057661212433713 -0.023881807671377837 0.9993738612630808 -0.02610641083082347 -0.48596287736884136 0.4393224288409266 0.03394847552290209 0.8976877544708849 19.03961633605019
0.8854188201369018 0.01576097744007556 -0.46452675330653587 -6.611472687987762 -0.027766764487250857 0.9994335500720577 -0.01901540902198938 -0.6217663794529165 0.4639639207279888 0.02973500597776025 0.8853549060587029 19.57552814493998
0.8658359362925984 0.010116752309155617 -0.5002257317921938 -7.257528283118059 -0.023898935230420956 0.9994905793747996 -0.02115236714602678 -0.6032299415993874 0.49975691322799404 0.03026934197737641 0.8656366412167888 20.33723560506939
0.8417205920113691 0.012538651304404054 -0.5397677530267052 -7.9211847742339945 -0.026202225195935694 0.9995009779025166 -0.01764195472999393 -0.6562215117714328 0.539277190671748 0.02899271279787813 0.841629095401179 21.085368516018065
0.8133452958976501 0.019145591569866866 -0.5814661434379522 -8.639995808706093 -0.03208068799653564 0.9994136402106724 -0.011966838284295685 -0.7219757607765858 0.5808960828744106 0.028387005553481524 0.8134825866709579 21.78469976382418
0.7816045775793231 0.023140777235900883 -0.6233448393433346 -9.391716194084506 -0.03596376693580999 0.9993211038330592 -0.007996180442177725 -0.7812160563147424 0.622736615090871 0.028667679759539922 0.7819061787467655 22.441060417577283
0.7471002273962462 0.020446666464223193 -0.6643968573488133 -10.180924324658752 -0.0337491483812025 0.9994044451057612 -0.007193753289499978 -0.7842871881304044 0.6638540842745655 0.02779728284108762 0.7473453457797342 23.056583877181836
0.7084333720900959 0.01749007882237654 -0.7055609502033429 -10.975054093146321 -0.030873218042394453 0.9995039406281295 -0.006222304761791411 -0.7995589155297509 0.7051021214808274 0.026191025402394937 0.7086219220935853 23.665978298978697
0.6638273521475861 0.010508109391667183 -0.7478120259649069 -11.882201366440157 -0.02373705674284958 0.999693562833671 -0.007023714552067914 -0.7507705774351027 0.7475090626058739 0.022413390326653983 0.6638733623637513 24.32006447109009
0.6250515258809523 0.011818730046499689 -0.7804940151045251 -12.668862645957478 -0.02305799375870035 0.9997285922786291 -0.0033272668085392865 -0.7924889691176983 0.7802428589341385 0.020076339324673613 0.6251543982742205 24.6969993020787
0.5778171212789669 0.014386268288230086 -0.8160394657377964 -13.560849057666578 -0.024088724879244565 0.9997096634135977 0.0005676364718210048 -0.8271279746952781 0.8158107057955175 0.01932936010868291 0.5779959066872432 25.17137311807068
0.5271782137949245 0.01322164307406167 -0.8496518810986161 -14.50468854778134 -0.020873912767403056 0.999778719007675 0.0026062972111215196 -0.7933809297381149 0.8494983288187052 0.01636157614033467 0.5273375467008122 25.595203313042266
0.47778237285253383 0.016578694918216518 -0.8783217810496404 -15.417599358519144 -0.022748211798802095 0.9997201228685101 0.006495751821658241 -0.8216536664868804 0.8781836499567504 0.01687669418400523 0.4780257881558897 25.89916796595292
0.42485332678324844 0.018506394929746022 -0.9050730158765712 -16.371640374264523 -0.023175820003625194 0.9996856759373748 0.009561939802895944 -0.81746667723438 0.9049654866835348 0.016913387370332093 0.42514868603736106 26.201641390299947
0.3706599641613949 0.02080820491664105 -0.9285355187476793 -17.342929574766224 -0.02128728820404503 0.9996767012163934 0.01390483390868148 -0.8155107387596793 0.9285246589772359 0.014612037957012257 0.37098308050091844 26.462805118059407
0.31598856405474285 0.02508722821127136 -0.9484312618040901 -18.329498014651953 -0.023186618768630228 0.9995559761988299 0.018714463798982534 -0.8616345667552672 0.9484796297742514 0.01607735755280739 0.3164299456079004 26.691783672334733
0.2606758716067243 0.025703001988514284 -0.9650841650606717 -19.337123154166974 -0.018294160969777415 0.9995975519794484 0.021680815277718223 -0.8351274499914112 0.965253030886973 0.012003739645339566 0.26104117797397397 26.92188387206879
0.21417306944724415 0.024735746309795872 -0.9764824827809481 -20.29494164077881 -0.012721358108558945 0.9996651637648992 0.022532807254584723 -0.7689931346042553 0.9767128868666685 0.007596262857213626 0.21441602882989877 26.986733305101772
0.1597652172221838 0.027572776971134652 -0.9867698907729449 -21.398844734681905 -0.016618229351607814 0.9995433072235437 0.02523908551906565 -0.823191727191153 0.9870151517677771 0.012366040381682968 0.1601504643331154 27.180039893971443
0.12389601908479878 0.02922443613733324 -0.9918647633560712 -22.315881972014477 -0.0213091650409426 0.9994140674282469 0.02678509495571033 -0.8635525527204251 0.9920663767814124 0.017817243304829145 0.12444617270458423 27.1076391996876
0.08829254832789013 0.028741315042190376 -0.9956798495095769 -23.298248136360865 -0.022669206025071883 0.9993827240214681 0.02683799593158569 -0.8615606584027268 0.9958365995523374 0.020201676590731892 0.08888959025084567 27.090264340524897
0.05655453588988185 0.02447154313014063 -0.9980995581840074 -24.262271764235397 -0.019643129289335783 0.9995333328710561 0.023393673319990916 -0.7711312488680708 0.998206257214412 0.018282780327665765 0.05700884143260307 27.04615844341563
0.018277651139006604 0.020138247023705598 -0.9996301208325277 -25.387258808133257 -0.016705204877597277 0.9996637280773948 0.01983347918047006 -0.693964782246299 0.9996933847929776 0.016336516556991275 0.018607918420522847 27.12858023767534
