1.0 0.0 0.0 0.0 0.0 1.0 0.0 0.0 0.0 0.0 1.0 0.0
-0.979631491574095 0.0030456678748191158 -0.2007806380692871 -0.10465492941627837 0.0038602062779037804 -0.9994145604384307 -0.033994634740651515 -0.01700193376787739 -0.20076662950751 -0.03407726941605758 0.9790462196369177 0.9999998726440545
-0.9810110699606323 0.002545343040169538 -0.19393504542372786 -0.20638030346466965 0.004119586715654591 -0.9994148461424638 -0.03395576998578439 -0.04308988230544344 -0.19390799266659361 -0.03410991848191891 0.9804265417873841 1.9944711562070456
-0.9824318164340347 0.0021603230538945317 -0.1866093756016192 -0.29133065573108974 0.004126277220706413 -0.9994370974586765 -0.03329357384952576 -0.06709421554241733 -0.1865762575849919 -0.03347866824828546 0.9818698889760802 2.9905682483239215
-0.9841014735178075 0.0013361913584982346 -0.17760209574420405 -0.37605499031887696 0.004402702472236888 -0.9994808838535856 -0.0319151848215909 -0.0992808908541734 -0.17755254442282964 -0.032189709596528206 0.9835847277001968 3.9864540202225993
-0.9860480463792728 0.0008582733529738582 -0.16645874443378217 -0.407544656520438 0.004251880683997225 -0.9995305798734475 -0.030340425318359933 -0.13174589405314788 -0.16640664572747288 -0.030624879831625446 0.9855815263046633 4.985431047618832
-0.9882021763424412 0.0009635503460156483 -0.15315198412947015 -0.46118174304922094 0.0036117728862688227 -0.9995554948781574 -0.02959337350657966 -0.15163055091980635 -0.1531124219933862 -0.029797386288273837 0.9877594352886266 5.985133930569075
-0.9905041737547113 0.0021643632460613864 -0.13746562227057357 -0.4867579545355882 0.001862271960703443 -0.9995731217669926 -0.029156580460221994 -0.20450748384648806 -0.1374700466197683 -0.029135713012180063 0.9900773184502464 6.984211840570592
-0.9928825019922847 0.003628855845892521 -0.11904271772263363 -0.503491618271434 -0.00017695950429470384 -0.9995795442324584 -0.02899488640026948 -0.24022173090463833 -0.11909788378839783 -0.028767449613763523 0.9924656809783625 7.98542332539082
-0.9950441069608638 0.004958146272460119 -0.09931083519937856 -0.4959251107185587 -0.0021050716529114966 -0.9995826043307284 -0.028812944881328968 -0.25914219529532556 -0.09941224208211646 -0.028461094584349377 0.9946392171130531 8.986661877399682
-0.9970088810474083 0.005204488505916899 -0.07711163603495244 -0.4400593956402237 -0.003016140377727744 -0.9995901455933366 -0.02846829341414892 -0.2728786148107521 -0.07722819439697538 -0.028150561843132228 0.9966159500319564 9.991740089581448
-0.9985935923786999 0.0013846500199145373 -0.05299924532033772 -0.3296709575825214 4.587507480119423e-05 -0.99963595371844 -0.026980695485887968 -0.27950352617500196 -0.0530173099626951 -0.026945180974472106 0.9982299945736817 10.994215306715537
-0.9996129252967518 -0.003235083205768414 -0.027632115668590685 -0.16823820313107737 0.003931808070582187 -0.9996747652118863 -0.025197315012835945 -0.28581904858079943 -0.027541613332677486 -0.025296205944997728 0.9993005361250547 12.00407833613748
-0.9999811378928585 -0.006137711593852579 0.00022881192005449333 -0.042032480215716844 0.006130353726518849 -0.9996868402067737 -0.02426191007699121 -0.28386872496213633 0.0003776528721295891 -0.0242600497482371 0.9997056103496275 13.008835179141975
-0.9995138758685136 -0.006417124700951384 0.03050954697916973 0.10479315780315593 0.005690860721271655 -0.9996997795857688 -0.02383201209332239 -0.31073152834988477 0.03065332038381518 -0.023646801194614403 0.9992503203615747 13.99811162559739
-0.9980577206154312 -0.008177351526341041 0.06175692059959667 0.3271658279300843 0.006691226985821477 -0.9996839521550014 -0.024232690423907917 -0.32453649099183896 0.06193556168595283 -0.023772394195187663 0.997797003138852 14.973678847585829
-0.9954521118043244 -0.009859579332347025 0.09475168494386094 0.5662885783264213 0.0075260347135041004 -0.9996602735124175 -0.024953884719010277 -0.3435982333133586 0.09496553009277987 -0.024127292771209938 0.9951881338911401 15.944963127036871
-0.9914425769941776 -0.011441477813657354 0.1300411823561461 0.8333194890610094 0.00817866987356083 -0.9996388861834338 -0.025597003516876923 -0.3766423022924005 0.13028709023630927 -0.02431439522964304 0.9911781294511965 16.90880469535358
-0.9862332238389102 -0.013939738137154996 0.16477169628603724 1.1630915134393276 0.00984458485439648 -0.9996226610096166 -0.02564409766588669 -0.394415547150248 0.16506699350674311 -0.02366895216777656 0.9859983105248835 17.85428928006139
-0.9796784242883182 -0.017002150954785744 0.19985272539264753 1.5326676191888464 0.012025228566708419 -0.9995872522027941 -0.026090594312622978 -0.40786816673253085 0.2002138328434795 -0.02315711762241003 0.9794785189280801 18.806320537584064
-0.9712360525766803 -0.017514844739667204 0.23747370462645637 1.8988289111272265 0.011641290581726983 -0.999591202035786 -0.026113390554352037 -0.44303726079508937 0.23783399784063655 -0.02259776596032626 0.971042908652724 19.75168725008173
-0.9608044094286204 -0.01274847226523081 0.2769338608358006 2.282892386890635 0.00619608233489157 -0.9996800713033711 -0.02452271605238981 -0.48356196537552953 0.27715788891211307 -0.021845628711244115 0.9605760111099962 20.686690457158615
-0.94814383786849 -0.008044547871092649 0.31773974879067335 2.7209867465560538 0.0006315776072678284 -0.9997253637253191 -0.023426443050632913 -0.4958833833671021 0.31784094107231764 -0.022010960311359597 0.9478885239332923 21.586096641442893
-0.9325562650471118 -0.00937637109983251 0.3609028902438706 3.24525947999186 0.00010932040204716953 -0.999669970453046 -0.025689262804836348 -0.50820174433947 0.36102465368784825 -0.023917228924030417 0.9322495189541077 22.439442353598587
-0.9130876470761935 -0.015101650790933136 0.40748360568279257 3.835792367999575 0.0036905974769522567 -0.999579092753094 -0.02877528142633313 -0.500210697958246 0.40774664713167663 -0.02477049604449347 0.9127590559827857 23.283803779554297
-0.8901897498248271 -0.018224723992813746 0.45522529448856136 4.451858718949486 0.005434002965239603 -0.99955323596649 -0.029390476020166065 -0.5165933653787513 0.4555575495133249 -0.023689404895521283 0.8898910782658241 24.104017169644337
-0.864177974401008 -0.017819472904573554 0.5028706542895239 5.113089533107722 0.003699948436069057 -0.9995707641152247 -0.029061966686309483 -0.528793499287785 0.5031726730872227 -0.023254116012200943 0.863872969334468 24.889783431182455
-0.8343390847128035 -0.0129060139672094 0.5511004686298855 5.780041679169575 -0.0036917736477821384 -0.9995726584923532 -0.028997779257438534 -0.5434971585693446 0.5512392062688708 -0.02622851879172336 0.8339348909081921 25.65891793265718
-0.8013486170620306 -0.008579755524726895 0.5981360896383922 6.495527753199244 -0.010223384866056525 -0.9995546762049686 -0.028034473040543278 -0.5702215134322479 0.5981102543299616 -0.02858036164775348 0.800904043311952 26.383896286519644
-0.7660521138999622 -0.007595273909821192 0.6427335922477011 7.269526085034958 -0.014199792532379567 -0.9994861917714248 -0.028735315385290377 -0.5789883293982216 0.642621603030459 -0.03113943275799217 0.7655506587065773 27.054073345392812
-0.7264769502180155 -0.007603818121495 0.6871487631888062 8.043356626221167 -0.018096442513064144 -0.999380317109369 -0.030191067267464275 -0.5897676756606555 0.6869525162413357 -0.03436806256326373 0.7258891628240125 27.710478468805782
-0.6835635627995974 -0.007920119114808565 0.7298480165938166 8.865855692737057 -0.02073625304538103 -0.9993267721097898 -0.030265662957654878 -0.6159647783718519 0.7295963702091446 -0.03582281755858518 0.6829391351502754 28.308220138509427
-0.6385845891892925 -0.00915652646833207 0.7694971607959168 9.735067442929546 -0.022720163660574496 -0.9992689868326756 -0.03074550564936115 -0.6374845721714671 0.7692161702754172 -0.037116707524144976 0.637909737666222 28.842747830141043
-0.5911522897910717 -0.010863338824390001 0.8064867997334855 10.624767747501302 -0.024889655285530353 -0.9991873808050176 -0.03170304559149729 -0.6616647299886951 0.8061758340055479 -0.03881450643246134 0.590401523334641 29.33591484114211
-0.5422941309332798 -0.012781785088759377 0.8400914840213911 11.543689094529931 -0.02616900260601856 -0.9991422028691704 -0.03209426348037876 -0.6811325111117746 0.8397810779351518 -0.039388886956685465 0.5414944660164025 29.773454939607745
-0.49274141295608026 -0.015470301162808047 0.8700382576300754 12.468203179726748 -0.029094536661888704 -0.9989900295760202 -0.034240746839585036 -0.6903909951975601 0.8696892593877863 -0.04218519396227254 0.491793657457973 30.185298138177696
-0.4436844460767729 -0.016385728277045406 0.8960332695934776 13.407646992043219 -0.03462087805429376 -0.9987730963946411 -0.03540757999371014 -0.7023072505246964 0.8955141021292169 -0.04673125107561419 0.4425727997297294 30.555969613389628
-0.39672675803267143 -0.016504778111311385 0.9177883589152688 14.367516266909028 -0.03797277752705261 -0.9986873914062119 -0.03437386235407668 -0.7147708233181581 0.917150994999061 -0.04848800414280231 0.395579278813338 30.87132496753801
-0.3522569385583282 -0.01821317679534898 0.9357260974390611 15.34208355721239 -0.036490228461057955 -0.9987831216107932 -0.03317739007606975 -0.7333713422252738 0.9351916982439347 -0.04583182493007728 0.3511636817200846 31.136416065491268
-0.311995997025564 -0.01916837098088938 0.9498900312109624 16.32003531597431 -0.034839997889538434 -0.9988931757860441 -0.031600599917227905 -0.7553867217997421 0.9494444019462549 -0.04295342736046498 0.31098284629687883 31.375160796791935
-0.2760472914012873 -0.018326355707955832 0.9609693218810255 17.307593611809587 -0.03351396238985638 -0.9990266814864732 -0.0286793305894071 -0.7749724491738881 0.9605595802629551 -0.040122741239734375 0.2751644206660181 31.572209617215847
-0.24301526191849385 -0.015646113366802807 0.9698962736350721 18.293810317665294 -0.03510712647841433 -0.9990729824960494 -0.024913155498205428 -0.7939973156218894 0.9693869568676458 -0.04010454815806178 0.24224069243610438 31.759261961979696
-0.21241368454283768 -0.012953116110327045 0.977093978797315 19.279689174967704 -0.03596538314886192 -0.9991310243251458 -0.021063889620414507 -0.8085210624151625 0.9765177509056823 -0.039615817724967285 0.21176323843408423 31.938065257376604
-0.18656452840729187 -0.011352605211147459 0.9823771145008847 20.271855824968885 -0.03542503014324798 -0.9992052356587832 -0.018274689366064967 -0.8183889281569972 0.9818038215343815 -0.03821014769660047 0.18601408719096857 32.080938653433876
-0.16630501098881606 -0.009240056104543898 0.9860310667941423 21.264938748697354 -0.03478766497217661 -0.9992786493798097 -0.015231521901886402 -0.8358004896237415 0.9854605327895148 -0.03683479682106212 0.16586360678990955 32.209421570242526
-0.1502944843888035 -0.008260019191552701 0.9886067671451874 22.256614148454087 -0.03526996976828858 -0.9992837596155263 -0.013711199845523742 -0.8575601052426268 0.9880119418280575 -0.03692884850107108 0.14989550678234903 32.33915987466765
-0.13751363904711275 -0.008499073313102689 0.990463409131725 23.24967436068848 -0.03613115238218896 -0.9992546361847826 -0.013590875275476784 -0.8697941715047397 0.9898406633916172 -0.03765551508128695 0.13710406004348508 32.456198105399004
-0.12786880562159347 -0.009997177232377901 0.9917407045172097 24.242554026304948 -0.03507866639376528 -0.9992779616172273 -0.01459597856106215 -0.8691898128759781 0.9911705482473455 -0.03665531166835833 0.1274257917909615 32.57533229446021
-0.12112428804801861 -0.01188786972577581 0.9925661617233601 25.236464021167627 -0.0333256378084961 -0.9993158985199225 -0.016035486583752527 -0.8659006124612639 0.9920777735185478 -0.03502018730252243 0.1206452559024959 32.68548841513104
-0.11661955443995838 -0.012913705271182015 0.9930927024897497 26.23015528918489 -0.033595914937945656 -0.9992919330986528 -0.016939508358883908 -0.872874985836989 0.992608278235533 -0.03533933587558519 0.1161031322495853 32.797427539617914
-0.11512994000598858 -0.013170049146823874 0.9932631306555618 27.2229583206527 -0.03575188485440432 -0.9992093319151301 -0.017392922212137077 -0.8869658991277822 0.9927068548386156 -0.03751347516813497 0.11456805635618882 32.91632244067726
-0.1159681645300705 -0.014982778610796372 0.9931399202331092 28.214869850855305 -0.03785518909871653 -0.9990930943130101 -0.019492910361351982 -0.8969327804399059 0.9925312939518978 -0.03985605651786377 0.11529581642461258 33.043107772531094
-0.11778591167742376 -0.017605972222304492 0.9928829280194245 29.20899930059591 -0.036992557447652806 -0.9990710474574912 -0.022104135940453157 -0.9036608925108838 0.9923497517023934 -0.03933283455714029 0.117025204216444 33.15110540075012
-0.11947836680015288 -0.01808354975343799 0.9926721035140874 30.2027460555518 -0.03493348885135762 -0.999138441139762 -0.02240595442017407 -0.9108100376471019 0.9922220372595247 -0.037354526701884175 0.1187437076709248 33.262546885163644
-0.12091493633101752 -0.015930165139455926 0.9925350412004079 31.194761565147004 -0.03306950072675267 -0.9992515890608841 -0.0200666360155802 -0.9232355103216232 0.9921118819436399 -0.035248994282505955 0.12029763966230837 33.38806080981489
-0.12233955576268347 -0.01578481422045045 0.9923627727478569 32.18836096071102 -0.03307186944623051 -0.999253415534094 -0.019971554641021638 -0.9409830020640431 0.9919371373968828 -0.035262603186289175 0.12172618563565349 33.49963361677729
-0.12390373661907443 -0.01821638146958444 0.9921270218565691 33.17994913468973 -0.03385868708456218 -0.9991716535030131 -0.02257423630967027 -0.9660526696341938 0.9917164178134505 -0.03638915061127028 0.12318431863289078 33.626616202673
-0.1258076512126963 -0.02184824406486556 0.9918140395898952 34.17301111120406 -0.03281465363309291 -0.9991187355622915 -0.026171563868984452 -0.9812675652405093 0.9915117918629544 -0.03583861715650113 0.12497983884221113 33.743225102376016
-0.1275928421094124 -0.024025438444040936 0.9915355994365577 35.165230246407425 -0.032373641493145755 -0.9990730026188934 -0.0283739805903612 -0.9917706490019561 0.9912981458566932 -0.035719934849332 0.12669677294802603 33.86729179178897
-0.12939537362075026 -0.02376405712542939 0.9913082804428123 36.15779092340421 -0.030689803234519242 -0.9991378801873423 -0.027957688605657893 -1.006692745424573 0.9911180420429118 -0.03404065163424124 0.12855450506825228 33.98814748564461
-0.13114327607325002 -0.020962116775438182 0.9911417813819917 37.15013007849319 -0.028682384304515394 -0.9992776643776407 -0.024929306179187805 -1.033837414741996 0.9909484153937507 -0.031697620356432046 0.13044730312412017 34.1086765222115
-0.1329601946414292 -0.02047996559167894 0.9909097626173013 38.143850233729005 -0.02827945944679597 -0.9993010411531488 -0.024447930866033803 -1.0501295983710943 0.9907178502552139 -0.031272994093898214 0.13228809858068385 34.219399314595364
-0.13431405731940008 -0.022233057278817324 0.990689368657218 39.13330743367311 -0.03093127790087946 -0.9991670524103993 -0.026616863544250094 -1.0692103303971325 0.990455950587315 -0.03421830711112827 0.1335144838758291 34.36297659708691
-0.13512713218530042 -0.023779856987855775 0.9905428696169656 40.1224488578581 -0.03322130698381827 -0.99904113629868 -0.02851583323926293 -1.0863522219774555 0.990271176451009 -0.036760391519673336 0.13420756575415957 34.5089436879105
-0.13615076127532638 -0.025272085885994822 0.9903657364222166 41.112852629509234 -0.034667657857836896 -0.9989407773604675 -0.030256847574014024 -1.0976547129614902 0.9900813722633122 -0.03845315333540358 0.13513042327974445 34.647101230217594
-0.1366890477518872 -0.020639650611265346 0.9903989645831253 42.10393400271448 -0.035026787405066234 -0.9990570466092792 -0.02565427419407595 -1.108958517302882 0.9899945597773581 -0.03819715228900487 0.13583721569675955 34.77989399246999
-0.1368761236870879 -0.013468981222825627 0.99049659934258 43.09376367078938 -0.036327445500622106 -0.9991667019253633 -0.01860694674016746 -1.1201184024956954 0.9899218370496727 -0.03852905797461528 0.13627277139543464 34.9217309461917
-0.13667488241674625 -0.008179827981927002 0.9905821858536293 44.084091225357845 -0.03969515274187269 -0.9991175397670645 -0.013727220352557547 -1.1338109204791806 0.9898203227683146 -0.04119747739843247 0.1362295727470275 35.05980305182708
-0.13633008111275235 -0.008798338698157111 0.9906243981549933 45.0761573630548 -0.040801614275154434 -0.9990622173662481 -0.0144884127418165 -1.138076488242116 0.9898228817603351 -0.042394281069363875 0.13584324670840245 35.185451390546206
-0.13628464749283573 -0.016442141695186978 0.9905332658897573 46.06700816912624 -0.04029275810555395 -0.9989429192017232 -0.022125501598537028 -1.1379401787285968 0.9898499828266923 -0.0429266834639591 0.13547808437080971 35.32041751134729
-0.13623890260405344 -0.02379783800728103 0.9903901374324273 47.05912809837682 -0.03882569462293306 -0.9988151284737569 -0.02934117531727862 -1.1491594337531972 0.9899149088958568 -0.04244999455985526 0.13515350941643453 35.44522341482349
-0.13614293007287528 -0.0297136293461392 0.9902435068316541 48.05114008262595 -0.0365978481417662 -0.9987169925935524 -0.034999517372134435 -1.1575132762398286 0.9900129797646932 -0.04100571833257373 0.13488080279070555 35.57112592495868
-0.135744904629014 -0.0304288292727588 0.9902764296984701 49.042096737445206 -0.034963321424395476 -0.9987585206559302 -0.035482158504690935 -1.169070495626599 0.9901267025094498 -0.03943987533280115 0.13451248719542286 35.70484450655118
-0.13548616406933872 -0.02709350087780421 0.9904087244950746 50.032857723290974 -0.03477638413789584 -0.9988800281340848 -0.03208258875376579 -1.1862940906852462 0.9901687242344469 -0.038789581140225925 0.13439220938319338 35.83938517676434
-0.13497744968973466 -0.024459908915827767 0.9905467181971198 51.023236293579444 -0.034404051459975125 -0.9989767649372753 -0.029356163894401165 -1.2036023411762502 0.9902512051587704 -0.03804124040150326 0.13399781606548858 35.97669481811985
-0.13502559723777177 -0.026082830420277533 0.9904987501495648 52.01542613306607 -0.032827617370086215 -0.9989869121639303 -0.03078143698690542 -1.2183199989862314 0.9902981549151694 -0.036671995888452213 0.1340325672706865 36.100585691634144
-0.13522710370018132 -0.028744375107786685 0.9903975925478227 53.00704833282251 -0.03197357931668405 -0.9989319072265834 -0.03335768202888237 -1.228555992852656 0.9902986017613791 -0.03617741870729802 0.13416360805053185 36.229354440854074
-0.1352511912905491 -0.02720125343444444 0.9904378865259961 53.99866357853526 -0.031477023325580215 -0.9990005495228574 -0.03173482402014377 -1.2412934372442501 0.9903112198985986 -0.03546820921083746 0.1342597999340387 36.357972183610336
-0.1356654154480375 -0.022187221288774275 0.9905062454436084 54.98967444010945 -0.030575748885659507 -0.9991792604495039 -0.026569325690792022 -1.2593146709513838 0.9902827973015561 -0.03389000883837665 0.13487567856934876 36.49055382178689
-0.1359586506257345 -0.018361441954429666 0.9905443466949791 55.98175737578877 -0.029360835038599015 -0.9993143947538667 -0.022553975338038303 -1.270322495060977 0.9902793478033701 -0.032149617214933826 0.13532632939331354 36.615693144225546
-0.13639162731782076 -0.018972372759937184 0.9904733076006916 56.97163291900793 -0.029730987699692134 -0.9992878416091038 -0.023235274532896453 -1.2836823226278191 0.9902087620133443 -0.03261684662986752 0.1357304274948188 36.757010425471584
-0.13691417271005424 -0.021201686170909936 0.9903559954958779 57.961876074526096 -0.030875089362087008 -0.9991938399038005 -0.025659289841711952 -1.2922560605692517 0.9901016302218713 -0.03409045030221927 0.13614919401225758 36.896102353582265
-0.1374520865919253 -0.026052435993314457 0.9901657409092378 58.95262235154899 -0.030970186380177393 -0.9990522398850181 -0.03058544647875678 -1.3061453177524533 0.9900241266994989 -0.03486965098107621 0.13651496618816195 37.031126999252244
-0.13768896628940075 -0.031374103196434674 0.9899784917920063 59.94009192549703 -0.03203336198491 -0.9988342846464681 -0.03611004755911643 -1.3249526918633197 0.9899573790230075 -0.03668429450592433 0.13652344214274204 37.18786064596231
-0.13765656636297086 -0.03460522407475039 0.9898753195245817 60.93181327118356 -0.031898554382173865 -0.9987161958737355 -0.03935025194101542 -1.3423205021456894 0.9899662377907071 -0.036992412279144515 0.136375985673011 37.31511833153382
-0.1378627645632615 -0.03443169593712991 0.9898526741196728 61.92142733469858 -0.032077733703454916 -0.9987160647234465 -0.03920766588005894 -1.3624155319103721 0.9899317537827683 -0.037157507696361114 0.13658126692328598 37.45748700183253
-0.1380530947504637 -0.030079285626587904 0.9899679689798114 62.912536656400086 -0.03254414358221092 -0.9988612099918661 -0.034887847340944085 -1.3801914638462378 0.9898900048734315 -0.037034035018867706 0.13691697667528796 37.589448101057364
-0.13859895427250526 -0.026124097411407234 0.9900039704006275 63.90420713672248 -0.03151237267228226 -0.9990294964610126 -0.030773943026825883 -1.392224547583771 0.9898471095291098 -0.03546261038466332 0.13764121120352865 37.717705602385
-0.13871514327699985 -0.024086960857829572 0.9900393564612843 64.89536422554141 -0.02783610747463261 -0.9992143558745127 -0.028210319653328354 -1.4113392642611544 0.9899410387221578 -0.03147204046317374 0.1379356753083924 37.849020013079354
-0.13823651675912366 -0.022984388678632922 0.990132507956068 65.88707458272471 -0.02452920446443414 -0.9993445560218134 -0.02662285630630607 -1.4266566163398955 0.990095441643203 -0.02796741365649969 0.13758212169726028 37.97661384245286
-0.13762315844859618 -0.02069612318066032 0.9902684165133827 66.87793046275164 -0.027018145485612585 -0.9993312117495803 -0.02464039442933369 -1.43270829461179 0.9901160972699885 -0.030146305053949815 0.13697194683015704 38.111426855363966
-0.1363846533631494 -0.0162446241648335 0.990522760219449 67.8676929979958 -0.03069993900648911 -0.9993160153831268 -0.020615895415612134 -1.4406649610782538 0.9901801553616463 -0.03322068007330549 0.1357926593872279 38.25394475146638
-0.13564533741837087 -0.013619711923451903 0.9906638410095412 68.85790340391247 -0.03493651392967551 -0.9992179013688794 -0.018520949716823224 -1.457007139955757 0.9901412941752811 -0.03712262155470282 0.1350634241303264 38.392567775438636
-0.13357424581656788 -0.017014888052672525 0.9908927360915959 69.84724851245433 -0.035208674390203504 -0.9991399406383485 -0.02190270003632525 -1.4652913554610967 0.9904131815066994 -0.037813656339365495 0.13286029238274566 38.53793511122759
-0.13193741381217497 -0.022673247172992246 0.9909987097363883 70.83782590569237 -0.03751736725127895 -0.9989078408000126 -0.0278491066784691 -1.4716876153874878 0.9905478110576441 -0.040854001650860235 0.13094267661088943 38.674757888146104
-0.1302448188219447 -0.025991104179432203 0.9911411350930661 71.82959597307814 -0.039524492819657364 -0.9987256216430744 -0.031383867527804685 -1.4821784717272604 0.9906937476523158 -0.04326193681734375 0.1290515524332215 38.802375324787825
-0.12868542964897497 -0.02509597760032735 0.9913678692111932 72.8211296757282 -0.03981059430857462 -0.9987431571475257 -0.03045033056947247 -1.4917502803516975 0.9908860564044988 -0.043385457924008705 0.1275246065034795 38.931907680695076
-0.12759329930900043 -0.02205643234609063 0.9915812945813395 73.81396574868974 -0.03685172500672073 -0.9989569443890125 -0.026962448349428767 -1.4967104349292872 0.9911417155661826 -0.03998170893207174 0.12664739482278442 39.05134721679459
-0.12609603405966824 -0.019462477472354432 0.9918271029595128 74.80637875065304 -0.03246089506486861 -0.9991911690262049 -0.02373390047238487 -1.5051505716848002 0.9914868029812667 -0.035188346233995936 0.1253622742427157 39.17401733669859
-0.12492008687777265 -0.01895468712485965 0.9919857316163612 75.80009963814021 -0.02804806608610597 -0.9993504405029333 -0.022627484513793712 -1.510686808946246 0.991770274752819 -0.030649908688138373 0.1243073015318474 39.28585038156532
-0.12411020097869907 -0.020258036913698676 0.9920616260865195 76.79484037892782 -0.02655492357777709 -0.999365677096881 -0.023729295701102823 -1.5181884799905718 0.9919130476240385 -0.029289168323719545 0.1234935244136287 39.3902444124677
-0.12311825653856526 -0.021603069323806297 0.9921568436001911 77.78747962099733 -0.026730717439378122 -0.9993280989725112 -0.025076270639037817 -1.527703248110261 0.9920319368105459 -0.02960841096338943 0.12245806771357659 39.511449674620266
-0.1222555604660393 -0.021572557028818242 0.9922641799028988 78.78114470477459 -0.024860416858822097 -0.9993835089391069 -0.024790355668337403 -1.5328682551898496 0.9921872492673663 -0.027698859972848246 0.12164388824542056 39.623804043533625
-0.12186857181908989 -0.021620249602586544 0.9923107456890188 79.77427727576968 -0.023678736784065797 -0.9994148601234081 -0.024683087100653436 -1.5416604283614692 0.9922637596058261 -0.02650475752821306 0.12128532145846996 39.740537978889144
-0.12145671516289039 -0.022905214673401092 0.9923324127945259 80.76826722068505 -0.025255080443774912 -0.9993387503870866 -0.02615803674883571 -1.552013305623775 0.992275388817853 -0.02823850413071466 0.12079792891784466 39.850693666296635
-0.1212282679852791 -0.02558233281080841 0.9922949416827871 81.76154673576974 -0.02611356710144358 -0.9992396524898857 -0.02895165807220447 -1.5602684307111694 0.9922811036468093 -0.029422119907451784 0.12046804640909467 39.96616428446128
-0.12112959804550677 -0.029897175395682662 0.9921863632305643 82.75544444799499 -0.026012037549086306 -0.9991074639377437 -0.03328136725607701 -1.5663911491859384 0.9922958199951671 -0.029840147574178223 0.1202437990620406 40.07631890561569
-0.12048954220727506 -0.031980229609672686 0.9921993424371907 83.74850159641662 -0.02617023590465405 -0.9990312722842801 -0.03537846450520596 -1.5769706639931131 0.9923695828527688 -0.03022882584825242 0.11953589049511451 40.19352497861505
-0.11984435024699605 -0.03167589755933281 0.9922872412903865 84.74134872462342 -0.026522122861297927 -0.9990320102389251 -0.03509443712187651 -1.5985875933430578 0.9924383651959489 -0.03052343414135725 0.11888823009622394 40.310945599184734
-0.11975687049454513 -0.0296614367895962 0.9923600612363082 85.73533433143291 -0.027186649833809404 -0.9990807856501821 -0.033143171475095316 -1.606139432019264 0.9924309437135505 -0.030948067988010548 0.11884039316513101 40.420230810904386
-0.11960825565167711 -0.025925562098211775 0.9924826096259092 86.72879914684404 -0.027527795067530583 -0.9991880650326674 -0.029418211961180607 -1.6218560568720293 0.9924394619717037 -0.030839518902937985 0.11879746796608193 40.533315918880554
-0.11979634696506214 -0.023145671412163372 0.9925286460091248 87.72169777192087 -0.027279584694948768 -0.9992739864941341 -0.026595566829667117 -1.6314575791196906 0.9924236290580245 -0.030261821012627935 0.11907796889560271 40.65190689826797
-0.12116783922413778 -0.02096454935867055 0.9924106218737995 88.71528706569943 -0.02675722448071425 -0.9993446687819942 -0.024377939106786636 -1.6368382578584424 0.9922713367198732 -0.029507975992829314 0.12052748100314908 40.76484156863041
-0.12339061188698536 -0.0207824735283746 0.992140537268888 89.70786142937382 -0.024202869087025933 -0.9994202603564674 -0.023945026977775594 -1.642796151749622 0.9920629909567807 -0.02696723906988846 0.12281608197152304 40.88637272250865
-0.12761332365666828 -0.021783752572433715 0.9915847456214528 90.70038218647849 -0.023799225771526735 -0.9994036605334123 -0.02501839653317441 -1.6465043337158773 0.9915384190630117 -0.026791629966805584 0.12701878634968708 41.008394623091164
-0.13305690570655554 -0.02311074202573901 0.9908389139748279 91.68924650344891 -0.02470967197141097 -0.9993399939488565 -0.026627215501515776 -1.6518188964341902 0.9908003290042168 -0.028026239443040293 0.13239802848917098 41.15714035236598
-0.1400080597555738 -0.02450989731366282 0.9898469619780389 92.6780274764468 -0.025588869613108366 -0.9992701193273914 -0.02836262278675211 -1.6534784663146396 0.9898196567837018 -0.029300060632939762 0.13927869001215887 41.30685106466526
-0.1486876672536821 -0.02607724160216052 0.9885403153524295 93.66656656923749 -0.024424709619537972 -0.999250429610151 -0.030033522669330515 -1.6596828933932066 0.9885825262296828 -0.028610424574802826 0.14793928632716183 41.45771558832874
-0.16024118649204652 -0.028223459313403823 0.9866743122712812 94.65239107682176 -0.022102625423820643 -0.9992379142451202 -0.03217242117770087 -1.6659458248946117 0.9868303988533174 -0.026963439681274487 0.15949525641710743 41.627870063931546
-0.17481599614379112 -0.0304680328034485 0.9841295984113789 95.63560888159597 -0.01889763806977833 -0.9992331573553301 -0.03429251400934047 -1.6728795077475906 0.9844197513091859 -0.024592604961352182 0.17410616592636008 41.81019585384575
-0.19282809151214148 -0.0319112095812452 0.9807135166942723 96.6140347089154 -0.017083173113679604 -0.999210371674495 -0.035871971432925816 -1.6906791811630302 0.9810838355207749 -0.023670822570802802 0.19213068427158728 42.01607672890133
-0.2145775497396806 -0.03284155931126555 0.9761546532848774 97.58992518559846 -0.016227958202032735 -0.9991766879265929 -0.03718332524984909 -1.6976162447567464 0.9765721317549 -0.023819703735512853 0.21386793400050522 42.23428639154289
-0.2396808871394867 -0.03306534660504346 0.9702884907046546 98.55989901013717 -0.016755895296475854 -0.9991301085198516 -0.03818725208655264 -1.7020974259633361 0.9707071197394422 -0.025410806815146823 0.2389183512921541 42.4819387237472
-0.2679767352412241 -0.0321843729811096 0.9628876546644822 99.51500123924048 -0.01806333595011192 -0.9990983328788786 -0.03842183146334586 -1.7180023785633936 0.9632560330793728 -0.02768912014595576 0.26715375228833044 42.78639144990524
-0.30061778548135576 -0.03171088277433388 0.9532173765547697 100.45929524742753 -0.019065128569309833 -0.9990475991093413 -0.039248128445767715 -1.7361839257052731 0.9535541242766048 -0.029971897296171307 0.29972690477757685 43.123345701691086
-0.3363330370497164 -0.031720074569794525 0.9412087574274904 101.3900317715091 -0.019615410626147665 -0.99897981091731 -0.040676443374290765 -1.7461948762925024 0.9415388063456988 -0.03214302799832237 0.33536771146939226 43.498364971857924
-0.3742201149856356 -0.031074945636369655 0.9268191049465014 102.2933726381705 -0.01952998548892681 -0.998952627649096 -0.041379069343906144 -1.7702741038702228 0.9271342325720378 -0.03358564375834036 0.37322127394670057 43.941900552280195
-0.4155205944197025 -0.03124021042289959 0.9090471301675341 103.17396146613568 -0.02013362483107723 -0.9988492559420745 -0.043529312596506414 -1.79734148869413 0.9093609144692001 -0.036389739717341864 0.4144134578884304 44.43152914455659
-0.4597161642526447 -0.029007327842182164 0.8875920364989149 104.02989173206628 -0.02262001566868483 -0.9987596656894288 -0.04435611663669114 -1.817154191373212 0.8877777780593435 -0.04046856957436783 0.45848981631070185 44.96466918283658
-0.5036957844933456 -0.022316442826010325 0.8635928051247452 104.82939764899972 -0.029684173230455673 -0.9986288419278706 -0.04311943795346938 -1.8426043407751225 0.8633709553507453 -0.047354117554782915 0.502342692797806 45.59531024311385
-0.5497812424608051 -0.01618666732151332 0.8351518288546554 105.62250902343342 -0.03415665131675957 -0.9985403548933729 -0.04183877173437233 -1.8565978188033077 0.8346100338535835 -0.051528161721899696 0.5484258746088514 46.2211469027056
-0.5954031278021036 -0.010239881946576554 0.8033618488708508 106.3696838641344 -0.03851909572226452 -0.9984050970869036 -0.0412739794014113 -1.895728807818391 0.8025032053943534 -0.05551942838871152 0.5940590866262215 46.903636985289005
-0.6396179527989323 -0.009444349034978507 0.7686349450347726 107.09194571229042 -0.03730781549773638 -0.9983647314781201 -0.04331269840827803 -1.9383923709649247 0.7677870807457561 -0.056379670200570324 0.638219657663399 47.60734013798159
-0.6804824984163665 -0.0076211661910530176 0.7327247008085012 107.77149109257896 -0.037777519643226704 -0.9982512773219637 -0.04546698070767629 -1.9776474091396405 0.7317898799236197 -0.058620006405278785 0.6790046144838935 48.35303316275164
-0.7177751774364975 -0.0019319780022701337 0.6962722614875613 108.38492055462144 -0.04436625358501446 -0.9978371036170214 -0.04850515630345393 -2.0048175302956297 0.6948600076265974 -0.06570678888966527 0.7161369894754602 49.162100847662046
-0.7538619037501239 0.006375584954366418 0.6570019649823952 108.95827688193569 -0.0534245502811627 -0.9972365956235205 -0.051623538976568406 -2.032120775054516 0.6548572726186178 -0.07401705388421918 0.7521192912250072 49.998818832058504
-0.7878167418741264 0.011482873056092094 0.6158026671338909 109.49468058929587 -0.05376315485550139 -0.9972918534546233 -0.05018448179491536 -2.0709545561046685 0.6135587212344225 -0.07264366909386172 0.786300574168532 50.85703377506833
-0.8202594792930356 0.014487277453929437 0.5718081019204703 110.00840248956429 -0.049085916830428435 -0.9977742570846259 -0.045134295919376094 -2.10737405127916 0.5698815310209963 -0.06508955900291849 0.8191449138644348 51.72407742375827
-0.8511518740505737 0.01961755274665142 0.5245527989863635 110.46252809820925 -0.04457185195147454 -0.9983934159979903 -0.034984809639018545 -2.164466996756417 0.5230237445028783 -0.05315767598470489 0.8506588177231188 52.624610677059714
-0.8803982282474507 0.020179400752375183 0.4738056051631558 110.8860408681254 -0.03819665394068217 -0.9988656441943609 -0.028433087695830948 -2.2034610997451316 0.4726943783529535 -0.043130228766586384 0.8801703289932341 53.537185226856444
-0.9067735382515837 0.02098231423719005 0.4210955863173527 111.24324586655149 -0.035576685513579676 -0.9990066981829291 -0.02683125851517643 -2.2423864845467167 0.4201143294087589 -0.03931106046511824 0.9066193196433318 54.47989093666516
-0.9299229898797284 0.021511317292782665 0.36712463295381736 111.54810622579234 -0.033551612640486735 -0.9990870497813963 -0.02644534454922163 -2.273394449899012 0.3662205922423925 -0.03690975734725897 0.9297957558680288 55.432298860838344
-0.9495224217149284 0.019327013832586695 0.3131032372827404 111.7974753671673 -0.028776966649907663 -0.999258294297252 -0.0255880336988831 -2.2972764890789503 0.3123764665448523 -0.03330657314195009 0.9493743283523596 56.400958826185125
-0.9651041879252673 0.017668339458427624 0.26126947052782745 112.00975760179126 -0.025912426796946345 -0.9992680040110702 -0.028142535373048012 -2.3157879788107265 0.2605809904551797 -0.03393060477669274 0.9648555650836484 57.383869328828915
-0.9768331862727652 0.011348072129300054 0.21370107031820074 112.19889388381728 -0.0181551440054774 -0.9993874759846586 -0.029917613393319067 -2.3437216686428983 0.21323066604580293 -0.03310429132242409 0.9764408783708844 58.36731946140559
-0.985489007075067 0.0064816775907673525 0.1696154615293281 112.35151356125449 -0.011565170538523394 -0.9995125076300614 -0.028999895197734334 -2.3695436497698728 0.16934480731517118 -0.030540709662253127 0.9850835504101744 59.356930566917995
-0.9912985118387572 0.001663051537935392 0.13162254626714526 112.45827731739351 -0.005786176271711011 -0.99950421341736 -0.030949111862791097 -2.3994637915234103 0.13150581960665186 -0.03144139978634905 0.9908166620465457 60.350917349183945
-0.9949199053594776 0.0013415732887721086 0.10066072769753992 112.51756604064275 -0.004734645557786351 -0.999428284134003 -0.03347667851509451 -2.4140290983819623 0.10055826694473964 -0.03378320668722406 0.9943574457382013 61.349236456380474
-0.99711707039224 0.0022376117316656157 0.0758455076199938 112.54754408774004 -0.004934419028322288 -0.9993614714431669 -0.03538786379254356 -2.432439987360063 0.07571789379828997 -0.03566009658827339 0.9964914239821973 62.348805811482364
-0.9985382592869854 0.002505339314814319 0.05399136981994709 112.59553009679523 -0.0045393841596421585 -0.9992831659196778 -0.03758388352732055 -2.462545010889494 0.05385850658501227 -0.0377740332035334 0.9978338457298248 63.347234331002916
-0.9993822295902023 0.000492509801246075 0.035141380357226255 112.62880837329101 -0.0019056504372306046 -0.9991902038456769 -0.040190857607722244 -2.498843140192403 0.03509312861126283 -0.04023299607199034 0.9985738722555011 64.34609737847218
-0.999803945668219 -0.004125911318572156 0.01936613234622898 112.64969554671396 0.0033109510932464747 -0.9991152016978245 -0.041926737759716656 -2.5306911308571403 0.019521983227082675 -0.041854397524097614 0.998932981525176 65.34539111562752
-0.9999539791046864 -0.007698664915901007 0.005724528907816381 112.66146398762554 0.007443709185678533 -0.9990344398800061 -0.043298719694698694 -2.5620997090320103 0.006052343865213947 -0.0432541153204375 0.9990457700433873 66.34483055527394
-0.999949278766754 -0.006764973145242128 -0.007461570356982213 112.63920431705073 0.007081932977378539 -0.9990368378662584 -0.04330407384403645 -2.5884916550813992 -0.007161432758321954 -0.04335471974918052 0.9990340745721937 67.34431794959465
-0.9997525069614868 -0.006689452269582053 -0.02121735262832848 112.6057523546777 0.007595649093115658 -0.9990495857617316 -0.04292122207213187 -2.6248827542789273 -0.020910067887888843 -0.043071758933714094 0.9988531386761927 68.34314737615308
-0.999333722783898 -0.0068153924871148 -0.03585611429200291 112.56013335706095 0.008380534307735634 -0.9990102904873137 -0.043683018956665834 -2.661062116058375 -0.03552291023538876 -0.04395440735237056 0.9984017893226714 69.34149476001912
-0.9987091075954865 -0.007870588077028794 -0.050181393455622995 112.51234998344131 0.010095723352982639 -0.9989697541880141 -0.04424371805711139 -2.6990692342762057 -0.0497814702053524 -0.04469322164331905 0.997759650999847 70.33963437406123
-0.9979980476016422 -0.008612391711515783 -0.06265559585796583 112.43486567473879 0.011235727212635615 -0.9990695838490402 -0.04163802422915173 -2.7237316225168535 -0.06223869710487696 -0.042258648070088424 0.9971662605834483 71.33638721183291
-0.9972209028127228 -0.009990342746012446 -0.07382861264573731 112.36919362863101 0.012705040489147067 -0.9992568047237637 -0.03639258385195861 -2.7538587868372475 -0.07341016918347429 -0.0372294408374594 0.9966067006574787 72.33377669145912
-0.9964783364515056 -0.008726268196676499 -0.083395306979463 112.28747755215811 0.011279992238530644 -0.9994802268507815 -0.030199965387525594 -2.7873684101989396 -0.0830884273406228 -0.031034309685712646 0.9960588260059718 73.32986834634615
-0.9957704979919195 -0.0087800514955104 -0.09145504920265522 112.18732659960709 0.011585963917968433 -0.9994768711133923 -0.030195190833535685 -2.8103796230116034 -0.09114209109415643 -0.03112707511344873 0.9953513070398149 74.32457992538059
-0.9951217453669159 -0.00926846026926896 -0.09821816299513776 112.10092521169823 0.012901128206448812 -0.9992534616570186 -0.03641538490068458 -2.8346545314818745 -0.09780732482234301 -0.0375048664935793 0.9944984224222767 75.32054451529378
-0.9945684759658665 -0.012009974521772932 -0.10338910545564883 112.01613481913283 0.016697027026681598 -0.9988658867190578 -0.0445886716265393 -2.8566156614946134 -0.10273634168785288 -0.046072777873006954 0.9936410535176488 76.31670874417259
-0.9941232770942988 -0.011525769588943333 -0.10763859240380991 111.91555865944595 0.016815510692682178 -0.9986881268746862 -0.04836593677035183 -2.8842484401781494 -0.10693992958402075 -0.049891701463389226 0.993012925185596 77.3112605145601
-0.9937701980158501 -0.010416256396294753 -0.11096078198275157 111.80269257667499 0.01572591248446272 -0.998767114513324 -0.047084462864711005 -2.919677719673204 -0.11033353620757466 -0.048536095531201966 0.992708798298131 78.30424118400927
-0.9933941096329012 -0.010747502863638327 -0.11424812527499272 111.69658892943828 0.016127570674557702 -0.9987986993856545 -0.04627158490543293 -2.947264889357719 -0.11361357494063633 -0.047808464603243776 0.9923740757907223 79.29822138363589
