0.9990499837343453 -0.00034465499221268843 0.043577645798513975 0.05522808253144355 0.0004459692049737839 0.9999972204483422 -0.002315212097854555 -0.02229055499311108 -0.0435767267227888 0.002332446896754546 0.9990473605288196 0.7314273681681437
0.9960392509824519 -0.00474725314273014 0.08878780372277992 0.10107553731363764 0.0054094251051485355 0.9999593128303726 -0.007218781326574376 -0.03602026386255926 -0.08874992181600973 0.007670480520016261 0.9960244048748225 1.3155389048932693
0.9910178847875469 -0.004527766440185441 0.1336527267296832 0.18608969331873704 0.006064851139359613 0.9999200482360376 -0.011095707111214503 -0.05358161905651303 -0.13359180218813446 0.011806628083562979 0.9909661113889934 1.8951430572537622
0.98375138872861 -0.002340440828373248 0.17952082751385753 0.40347026213711457 0.004821956795865831 0.9998987516099 -0.01338787741288449 -0.08762788991222963 -0.1794713177841799 0.014035984671283412 0.9836630709888001 3.1462953082578213
0.9742620844650355 -0.005004716567053294 0.22536269342091111 28.986038200631725 0.008271411009556725 0.9998739362624043 -0.013553425509322137 -2.7380527479183563 -0.22526645230427692 0.015068656051858852 0.9741806614129823 126.024210855052
0.962756353847572 -0.005894891267253468 0.2703062215027175 62.81788660605615 0.010258062273177222 0.9998388614352358 -0.014731711451525615 -6.420978545678027 -0.2701758229089503 0.01695586685600743 0.9626616868322083 247.53475427434654
0.9492820105047671 -0.00820747926163399 0.3143187901099727 63.06832037903286 0.014362130822147675 0.9997477053141217 -0.01727005840742054 -6.445484139093073 -0.31409774550333003 0.020908443349949533 0.9491603885889924 248.29921407768109
0.9342640600187152 -0.009997308742417221 0.3564417483618538 63.36894215319414 0.018085212503145612 0.9996488954394307 -0.019365199080884084 -6.458013887321982 -0.35612300016435655 0.02453853428049434 0.9341168390995328 249.04566296674165
0.9170048845214468 -0.009819172649309352 0.3987550947791024 63.678322094785294 0.019485040573885618 0.9996061845976014 -0.0201942790923619 -6.481630227073087 -0.3983997677680571 0.026288011767899612 0.916835080851321 249.7610811798479
0.897568643472207 -0.01028736934447258 0.44075469400499007 64.14602717092508 0.020634978053301008 0.9996123562205901 -0.018690504858349048 -6.514599065457425 -0.44039156206290064 0.025870974529201427 0.8974329862116207 250.69935262042665
0.8758202558848099 -0.010130574758896449 0.48253108794866284 65.2651306089876 0.021300380901869326 0.9996168752757484 -0.01767474009382588 -6.601046739945752 -0.48216716308278484 0.025757991361972023 0.8757004925918992 252.697622913738
0.8519741767855774 -0.01053366891612191 0.5234778351656381 65.57234608754297 0.022488208172176633 0.9996111786243175 -0.016485510683865476 -6.619261012423151 -0.5231006428821724 0.025817307924501365 0.851879794353516 253.201127519192
0.8265194122141267 -0.01099892022038274 0.5628007506988594 65.9336170005647 0.024362553812320668 0.9995712135165807 -0.01624361661490723 -6.641950614547521 -0.5623807671008634 0.02713692803130018 0.826432973647632 253.72893824043766
0.799311313693454 -0.012605694970141933 0.6007849201302943 66.31845900667062 0.027683427601028335 0.9994909158431242 -0.01585991750708868 -6.659430349801536 -0.6002791447634199 0.029308797337877463 0.7992533658113073 254.2400221252294
0.7706584645719564 -0.011658299808765402 0.6371417542660056 66.72475593495585 0.028532442145540564 0.9994612016957293 -0.016223626294404037 -6.676853639095528 -0.6366093234699013 0.03068208517193767 0.7705758748628818 254.73422338297584
0.7403577075428155 -0.014648062390037006 0.6720534942622975 67.16602643030363 0.03338285149131406 0.9993301530966127 -0.01499434354047732 -6.690169610106552 -0.6713836832305766 0.03353623980291419 0.7403507753164207 255.19760085648264
0.7086864114124356 -0.013811593288338555 0.7053884108561757 67.62730729642865 0.033722672759736894 0.9993287292374453 -0.014313359585110364 -6.7104275196268635 -0.7047172139385435 0.03393126598744131 0.7086764547853875 255.6407997145033
0.6746841514777402 -0.012469641662677113 0.7380012220732194 68.23415564439904 0.034815110991705006 0.9992820382761791 -0.014943762084575637 -6.7392767516654235 -0.7372850220853506 0.03577591390041022 0.6746338860398232 256.18997747243344
0.6392202533945828 -0.013454404432435608 0.7689060063827913 68.86408270498207 0.03943359940477594 0.9991050475597477 -0.015300169234947932 -6.754556202978726 -0.7680120174112826 0.040100909490968506 0.6391787372635669 256.7130948991567
0.6027331643119805 -0.011653798939452013 0.797857707620065 69.51505098447808 0.03947025443073783 0.9991047621755247 -0.015224099755365327 -6.785631217317266 -0.796966016624071 0.04066771653864179 0.6026535531944474 257.20904655809403
0.5652720193339986 -0.01037440102289376 0.8248393273610801 70.19302401397118 0.04259919514662358 0.9989538385424399 -0.016629402700790573 -6.806512003257445 -0.8238038921557257 0.04453762751585851 0.5651225946680376 257.667969176285
0.5268922069776663 -0.008869879223909248 0.8498858320202525 70.89706890583697 0.047175005715205116 0.998709266863118 -0.018823366263872952 -6.842127481948998 -0.8486218952289492 0.050011253976348216 0.5266305663496362 258.0847973583265
0.48801132155295845 -0.007934902639498118 0.8728012301527972 71.60314611218062 0.04886974526662114 0.9986384939398583 -0.018245723310065104 -6.87222358892041 -0.871468127950592 0.05155769333119524 0.48773466785195385 258.49861206137115
0.4497775666343803 -0.009607554801989238 0.8930889291908068 72.1021591139162 0.05382671584784897 0.9984161390568264 -0.016367587845962102 -6.887949943006181 -0.8915171480198737 0.05543381785144452 0.4495823246357915 258.74604757669897
0.41280326938526496 -0.010120902560231147 0.9107639804670594 72.61081264612342 0.05768143194294721 0.9982215740138639 -0.01505129835912868 -6.90297102842171 -0.9089919214128618 0.05874739572653975 0.4126529174760572 258.9730532584023
0.3776639636968214 -0.007546957090333345 0.9259119687980505 73.12737117501558 0.05907567240008867 0.998125908934545 -0.015960414908964837 -6.917928678911927 -0.9240562728834658 0.06072654569680023 0.3774020286013987 259.1814499553053
0.3444713297766562 -0.008244129891210317 0.938760638972597 73.65348751854695 0.05969349109679317 0.9981302845171108 -0.013138578708106191 -6.927521015010341 -0.9368971075217267 0.06056376352348716 0.34431938729222283 259.36473991279587
0.3111526992197422 -0.009629422148950339 0.9503111448348616 74.18323649501833 0.06209041568296049 0.9980182336214627 -0.010216929059824227 -6.936103622880878 -0.9483294670358949 0.06218423906564755 0.31113396208585214 259.53730291326
0.2784040433866675 -0.009364581330216767 0.9604183948896771 74.71784566922025 0.06273801723527743 0.9979942121271407 -0.008455397927635742 -6.9423328243761695 -0.9584128180587628 0.06260876278316307 0.27843313919758356 259.6942737903914
0.24604887729109917 -0.006227208193544546 0.9692374176959447 75.25688745209767 0.06010039854186694 0.9981531575358804 -0.008843992099821302 -6.951324127840498 -0.9673923154950618 0.060427609412148614 0.24596872147050394 259.83512385653927
0.21532403817846485 -0.004402430002587738 0.9765327322689141 75.80260515442058 0.05995484517130352 0.9981630016888419 -0.008720011468286076 -6.956664050308454 -0.9747004540488339 0.060425496850206616 0.21519243529316165 259.94759297656316
0.18487298072513725 -0.004260782247073092 0.9827531870884192 76.35006913625006 0.061988115193083414 0.9980499420772274 -0.007333941263255357 -6.968824580886034 -0.9808055131230711 0.062274865349407876 0.18477658556511162 260.0506509139334
0.154194624941158 -0.004483799363471461 0.9880303199712664 77.04932524117699 0.06373524430683357 0.9979521358118515 -0.005417865051198767 -6.981752022018945 -0.9859826754423235 0.063807759495479 0.1541646313385895 260.1658987172802
0.12385624202326279 -0.004996418407389652 0.9922875929462047 77.75262583570317 0.06231383969611871 0.9980528087946045 -0.0027524969623811393 -6.98788545271064 -0.9903416666455067 0.06217416392923824 0.1239264162537544 260.25386990549066
0.0944504542102464 -0.0053106352533261675 0.9955153986014902 78.36290354819913 0.06282950827538525 0.9980240714196588 -0.0006369904252189419 -6.995344931255533 -0.9935449484494147 0.06260790700969524 0.09459749145994246 260.31611012168275
0.06744489115285987 -0.005042112172762616 0.9977102604274529 78.97497444109693 0.0657133790539321 0.9978383592272729 0.0006005563575877937 -7.000811212282801 -0.995556597321665 0.06552240807129779 0.06763043375467281 260.35743464878385
0.042113134279708156 -0.004559892727487227 0.9991024428453035 79.64115638605959 0.06960111616094568 0.9975735877356735 0.0016191606862043157 -7.003476379151095 -0.9966855916237018 0.06947045724976195 0.042328324077609863 260.3804211762142
0.01946352390278441 -0.004176980003422221 0.999801842404452 80.464794298767 0.073767365814542 0.9972717387539387 0.0027303522630160062 -7.00702366088106 -0.9970855264108832 0.07369960597416797 0.01971854713672108 260.3789035320709
-0.0006292338002565056 -0.004295850762815935 0.9999905748211072 81.16026325025581 0.07919037340611136 0.996850097504784 0.004332189343040718 -7.005516525274118 -0.9968593124531787 0.07919235298263907 -0.00028706174913471137 260.3667157020989
-0.018533849791648915 -0.005017485240147823 0.9998156436332479 81.85578566164752 0.08374572768786842 0.9964656090910462 0.006553090327512352 -7.011187628966268 -0.9963147843457553 0.083851742621582 -0.01804815096883809 260.3600605554531
-0.03390793700192964 -0.004887178105784119 0.9994130113713928 82.61211512878276 0.08699338894679778 0.9961781734034271 0.007822858439456846 -7.01095382469424 -0.9956316598460613 0.08720758180786203 -0.03335319456065199 260.33455380612895
-0.04813424061023307 -0.005654201090307341 0.9988248719825247 83.38060735023794 0.08934295072461591 0.9959512864505661 0.009943448761979244 -7.0123425704821 -0.9948371384486476 0.08971658167526003 -0.047434195848684295 260.2948386263536
-0.06139116055678189 -0.006659181523374958 0.9980915692995961 84.13973184910904 0.08947580985656767 0.9959149065202628 0.012148185924178045 -7.01198302118342 -0.9940951689129173 0.09005084270663864 -0.06054453626729198 260.2463871067765
-0.07346372197325785 -0.006486609287761987 0.9972767948036212 84.88810218199974 0.08911564423347104 0.9959358886634706 0.013042531386100056 -7.007818236131703 -0.9933083526814259 0.08983111694759165 -0.0725870988623929 260.1918258764802
-0.084538002743355 -0.0035072702230295877 0.9964140831741327 85.66218512021685 0.08932422418094917 0.9959409251165116 0.0110840720197697 -7.002578834549903 -0.99240843863131 0.0899409402533159 -0.08388157246805404 260.12575250964943
-0.09462184458127544 -0.00014864018520637087 0.9955132768748655 86.39052366670272 0.09015283938242344 0.9958897878357024 0.008717570524380186 -7.004711906043493 -0.9914228018758305 0.09057322115645387 -0.09421952838992642 260.0631199354245
-0.1041209781126924 0.0024292892836867775 0.9945616725323938 87.1729897686006 0.09132646733662977 0.9957954900912891 0.007128693966048151 -7.002255243794529 -0.9903627104655477 0.09157205068920439 -0.10390505883693066 259.985547029148
-0.11160473224347957 0.003645331121133998 0.993745991338772 87.9556053798455 0.09095873260336358 0.9958330406540407 0.006562324658104632 -6.997619826125904 -0.9895811703463488 0.09112226238821025 -0.11147125456010214 259.9032538632121
-0.1172929388024814 0.004341210661539672 0.9930878714379053 88.77939513670208 0.09056740951960716 0.9958701243443155 0.006343482588150956 -6.991460123408375 -0.9889590036194541 0.09068544165647824 -0.11720170575373176 259.8042282026091
-0.12240713957327647 0.006136351377901835 0.9924610004293647 90.10767824807479 0.09139315405747389 0.9958017506763654 0.005115148220110408 -6.9810312323895305 -0.9882630133587484 0.09133027177039253 -0.12245406438918613 259.6415616319975
-0.1272467632990269 0.00771752043710913 0.991841066455823 90.94259234468721 0.09032832978588805 0.9959046399412932 0.003839398585208982 -6.979916615052661 -0.9877494895306258 0.09007989798899108 -0.1274227527181847 259.54303764520154
-0.13153290771490336 0.00857431798901162 0.9912747223949 91.74796074229337 0.09056525298174653 0.9958847095635365 0.003402970746881334 -6.97863267486748 -0.9871661608566278 0.09022264864531061 -0.13176814687552457 259.4383620170881
-0.13475666144905848 0.007566025885977108 0.9908498359728364 92.55372691559698 0.09002972911147955 0.9959282727311427 0.00463933733172852 -6.974427486489303 -0.986780264330016 0.08983112393294797 -0.13488913633694094 259.33687269825896
-0.13719780009806182 0.005481834263857099 0.9905285019328601 93.44969859352776 0.09092840784603778 0.9958322407906965 0.007083279492296058 -6.9772443237096855 -0.9863613882826292 0.09103898997069854 -0.13712444716489514 259.2194337885314
-0.1394386015332467 0.004155686019336493 0.990221998683205 94.36653022206094 0.09076243863565221 0.9958354250043987 0.008601513774868836 -6.974685560536353 -0.9860623997168539 0.09107434644299381 -0.13923507921719858 259.0901952442119
-0.14146359353430538 0.00508194680483633 0.9899304144842879 95.28234730513968 0.09307311906318651 0.9956255980311276 0.008189203441759529 -6.965866756011538 -0.9855584438338547 0.09329438547862032 -0.14131776755226427 258.95421479446435
-0.14248302270099442 0.004859264956168593 0.9897853180291544 96.23812956981746 0.09281692149251418 0.995647137650128 0.008473274087416357 -6.9592338182202775 -0.9854357449000107 0.0930761238621041 -0.14231383572993114 258.8182203419715
-0.14305542195729024 0.0062603640875012 0.9896948792886191 97.20516873143269 0.0945524403614609 0.9954926009258857 0.007370042300343855 -6.953134491716739 -0.9851877903579157 0.09463239056109898 -0.14300254678283716 258.67751613957455
-0.14299877687491702 0.006656245149062138 0.9897004820716185 98.19612775805746 0.09436085670669604 0.9955138798709939 0.006938566550798828 -6.945708286182762 -0.9852143820173631 0.09438119190133723 -0.14298535617827032 258.53056528522734
-0.1426416047457873 0.00805029653735834 0.9897416659518827 99.13675924668351 0.09350165658188059 0.9956046017101808 0.005377478029466221 -6.938882513072063 -0.985348066833233 0.09330953745021937 -0.1427673541424488 258.3978203000819
-0.14148658641817727 0.007912967006545672 0.9899085466935246 100.03134531181459 0.09384248929420594 0.9955721143560278 0.0054545687030593554 -6.93751847807668 -0.9854821830285908 0.0936672305015091 -0.14160267251495853 258.2655056559336
-0.14004570202024114 0.006853390180817072 0.9901213220553774 101.0227139808431 0.09314822688124336 0.9956324240815547 0.006283625256858092 -6.934793115607073 -0.9857538278771919 0.09310804025709947 -0.140072422928084 258.1244147100169
-0.1390320732673134 0.007606130515067248 0.9902586679153994 102.03198937977754 0.0940046503844267 0.9955562804629469 0.005551408549639144 -6.933903309290024 -0.9858160113880745 0.09386074370774518 -0.13912926536690545 257.98328037062134
-0.13803318966309214 0.008366696450212088 0.9903922641771511 103.06882875630323 0.09394036399507039 0.9955668156241089 0.004682268739218362 -6.9301617371400175 -0.9859624975443563 0.0936841182836373 -0.1382072335932923 257.8495160331996
-0.13731259326266718 0.008975143023998511 0.9904871016521019 104.04272405232886 0.09507581152649827 0.9954613413779014 0.004160274592829015 -6.929563387816421 -0.9859542797686196 0.09474262308912863 -0.13754269728390572 257.72104016514606
-0.13642104553291182 0.008827730680606343 0.9906116138561767 105.10546299029839 0.0943351544455548 0.9955319717588755 0.004119689505218724 -6.925040011850955 -0.98614916568004 0.09401151193825534 -0.13664427778594565 257.5743067379116
-0.1355460365574142 0.007174973881249875 0.9907450689876688 106.14419507775176 0.09622475619812035 0.9953418090712947 0.005956459459733883 -6.925419312835161 -0.9860872518536009 0.09614157718950991 -0.1356050473519515 257.43479508979203
-0.13510722832967742 0.005295273327722684 0.9908168331904026 107.20090475820597 0.09789148878673938 0.9951646983431258 0.008029918726346206 -6.921901657975274 -0.9859834143007612 0.09807743497879985 -0.1349723063142626 257.296556049725
-0.13443869318466414 0.006420836746152938 0.9909011104193395 108.25045849227986 0.09924984484909893 0.9950377969640757 0.0070178992803760325 -6.9170292152311985 -0.9859389971353338 0.09929025867807435 -0.1344088481440544 257.1582600955223
-0.13399958116011812 0.008342960591940375 0.9909462686026298 109.30999691211322 0.10129650771886774 0.9948420449621116 0.005321945092364661 -6.915811047324331 -0.9857906115260342 0.10109253475982319 -0.13415353011739792 257.02602734575834
-0.13348834149334118 0.007810496093175743 0.9910196056769698 110.4271591684041 0.10070095710472475 0.9949002778990783 0.005723135026372526 -6.922193048572277 -0.9859209805676861 0.1005605946040304 -0.1335941124800576 256.8810044842311
-0.13340507208501584 0.0074776053686268305 0.9910333859966293 111.57307752445439 0.10055328737937302 0.9949134082356539 0.006028806690988024 -6.918936250594933 -0.9859473226999458 0.10045593825586976 -0.13347839274556714 256.72139404826055
-0.13345634511839907 0.006489076415947955 0.9910334483935989 112.70266618009073 0.10005860645248216 0.9949572053913575 0.006959505342212124 -6.912983199498049 -0.9859907095010704 0.10009021594086472 -0.13343264012409015 256.57800364469045
