0.9990499837343453 -0.00034465499221268843 0.043577645798513975 0.04572975778829969 0.0004459692049737839 0.9999972204483422 -0.002315212097854555 -0.018456944983041772 -0.0435767267227888 0.002332446896754546 0.9990473605288196 0.60563385243403
0.9960392509824519 -0.00474725314273014 0.08878780372277992 0.08500795132511349 0.0054094251051485355 0.9999593128303726 -0.007218781326574376 -0.03021938991570433 -0.08874992181600973 0.007670480520016261 0.9960244048748225 1.1060508569453815
0.9910178847875469 -0.004527766440185441 0.1336527267296832 0.15698350618340884 0.006064851139359613 0.9999200482360376 -0.011095707111214503 -0.04508736418663178 -0.13359180218813446 0.011806628083562979 0.9909661113889934 1.5967612565383165
0.98375138872861 -0.002340440828373248 0.17952082751385753 0.22829032958801038 0.004821956795865831 0.9998987516099 -0.01338787741288449 -0.05625548025464243 -0.1794713177841799 0.014035984671283412 0.9836630709888001 2.007173710142467
0.9742620844650355 -0.005004716567053294 0.22536269342091111 0.4427027767100993 0.008271411009556725 0.9998739362624043 -0.013553425509322137 -0.07613767141889229 -0.22526645230427692 0.015068656051858852 0.9741806614129823 2.9289437423643214
0.962756353847572 -0.005894891267253468 0.2703062215027175 0.5124257407404418 0.010258062273177222 0.9998388614352358 -0.014731711451525615 -0.08372769428274641 -0.2701758229089503 0.01695586685600743 0.9626616868322083 3.179360898016168
0.9492820105047671 -0.00820747926163399 0.3143187901099727 0.6835972554872881 0.014362130822147675 0.9997477053141217 -0.01727005840742054 -0.10047727040726417 -0.31409774550333003 0.020908443349949533 0.9491603885889924 3.701869267971592
0.9342640600187152 -0.009997308742417221 0.3564417483618538 0.8771819647588138 0.018085212503145612 0.9996488954394307 -0.019365199080884084 -0.10854577334557 -0.35612300016435655 0.02453853428049434 0.9341168390995328 4.182543336169047
0.9170048845214468 -0.009819172649309352 0.3987550947791024 1.2484826889533294 0.019485040573885618 0.9996061845976014 -0.0201942790923619 -0.13688880039286505 -0.3983997677680571 0.026288011767899612 0.916835080851321 5.041148775365057
0.897568643472207 -0.01028736934447258 0.44075469400499007 1.6614334133325275 0.020634978053301008 0.9996123562205901 -0.018690504858349048 -0.1659979685146233 -0.44039156206290064 0.025870974529201427 0.8974329862116207 5.869576540676492
0.8758202558848099 -0.010130574758896449 0.48253108794866284 2.1318206086072076 0.021300380901869326 0.9996168752757484 -0.01767474009382588 -0.2023340905901512 -0.48216716308278484 0.025757991361972023 0.8757004925918992 6.709499577905989
0.8519741767855774 -0.01053366891612191 0.5234778351656381 2.618841003224119 0.022488208172176633 0.9996111786243175 -0.016485510683865476 -0.23120868444628268 -0.5231006428821724 0.025817307924501365 0.851879794353516 7.507691820018079
0.8265194122141267 -0.01099892022038274 0.5628007506988594 3.1562167566057315 0.024362553812320668 0.9995712135165807 -0.01624361661490723 -0.2649585425057915 -0.5623807671008634 0.02713692803130018 0.826432973647632 8.292788747971503
0.799311313693454 -0.012605694970141933 0.6007849201302943 3.687181044801776 0.027683427601028335 0.9994909158431242 -0.01585991750708868 -0.2890752320556536 -0.6002791447634199 0.029308797337877463 0.7992533658113073 8.997928225448959
0.7706584645719564 -0.011658299808765402 0.6371417542660056 4.244596513739358 0.028532442145540564 0.9994612016957293 -0.016223626294404037 -0.31297895934504094 -0.6366093234699013 0.03068208517193767 0.7705758748628818 9.675943259918748
0.7403577075428155 -0.014648062390037006 0.6720534942622975 4.848381985616842 0.03338285149131406 0.9993301530966127 -0.01499434354047732 -0.33119905319940385 -0.6713836832305766 0.03353623980291419 0.7403507753164207 10.309977462178736
0.7086864114124356 -0.013811593288338555 0.7053884108561757 5.531147657998485 0.033722672759736894 0.9993287292374453 -0.014313359585110364 -0.3611838330383597 -0.7047172139385435 0.03393126598744131 0.7086764547853875 10.965979018968287
0.6746841514777402 -0.012469641662677113 0.7380012220732194 6.230325070921286 0.034815110991705006 0.9992820382761791 -0.014943762084575637 -0.39442233733517623 -0.7372850220853506 0.03577591390041022 0.6746338860398232 11.59871153823535
0.6392202533945828 -0.013454404432435608 0.7689060063827913 6.932826788926725 0.03943359940477594 0.9991050475597477 -0.015300169234947932 -0.4114621526875139 -0.7680120174112826 0.040100909490968506 0.6391787372635669 12.1820979554684
0.6027331643119805 -0.011653798939452013 0.797857707620065 7.667009999060713 0.03947025443073783 0.9991047621755247 -0.015224099755365327 -0.4465095651354634 -0.796966016624071 0.04066771653864179 0.6026535531944474 12.74144837621666
0.5652720193339986 -0.01037440102289376 0.8248393273610801 8.441666597823234 0.04259919514662358 0.9989538385424399 -0.016629402700790573 -0.47036809329549994 -0.8238038921557257 0.04453762751585851 0.5651225946680376 13.265816483851875
0.5268922069776663 -0.008869879223909248 0.8498858320202525 9.250825882177535 0.047175005715205116 0.998709266863118 -0.018823366263872952 -0.5113009877500292 -0.8486218952289492 0.050011253976348216 0.5266305663496362 13.744877403654323
0.48801132155295845 -0.007934902639498118 0.8728012301527972 10.113967736672388 0.04886974526662114 0.9986384939398583 -0.018245723310065104 -0.5480918788183029 -0.871468127950592 0.05155769333119524 0.48773466785195385 14.2507438825523
0.4497775666343803 -0.009607554801989238 0.8930889291908068 10.942772316115747 0.05382671584784897 0.9984161390568264 -0.016367587845962102 -0.5742115876012441 -0.8915171480198737 0.05543381785144452 0.4495823246357915 14.661706497769474
0.41280326938526496 -0.010120902560231147 0.9107639804670594 11.782439411111852 0.05768143194294721 0.9982215740138639 -0.01505129835912868 -0.5990078592398498 -0.9089919214128618 0.05874739572653975 0.4126529174760572 15.036439374343262
0.3776639636968214 -0.007546957090333345 0.9259119687980505 12.668434032488712 0.05907567240008867 0.998125908934545 -0.015960414908964837 -0.6246630311933352 -0.9240562728834658 0.06072654569680023 0.3774020286013987 15.393878739374745
0.3444713297766562 -0.008244129891210317 0.938760638972597 13.56036930900428 0.05969349109679317 0.9981302845171108 -0.013138578708106191 -0.6409251052679428 -0.9368971075217267 0.06056376352348716 0.34431938729222283 15.704613771515229
0.3111526992197422 -0.009629422148950339 0.9503111448348616 14.551070618773801 0.06209041568296049 0.9980182336214627 -0.010216929059824227 -0.6569757278009312 -0.9483294670358949 0.06218423906564755 0.31113396208585214 16.02732962028635
0.2784040433866675 -0.009364581330216767 0.9604183948896771 15.754127826138184 0.06273801723527743 0.9979942121271407 -0.008455397927635742 -0.6709936050029526 -0.9584128180587628 0.06260876278316307 0.27843313919758356 16.380568872794697
0.24604887729109917 -0.006227208193544546 0.9692374176959447 16.699567929745633 0.06010039854186694 0.9981531575358804 -0.008843992099821302 -0.6867636976913207 -0.9673923154950618 0.060427609412148614 0.24596872147050394 16.627609650266756
0.21532403817846485 -0.004402430002587738 0.9765327322689141 17.65496309998797 0.05995484517130352 0.9981630016888419 -0.008720011468286076 -0.696112370299225 -0.9747004540488339 0.060425496850206616 0.21519243529316165 16.824510820257878
0.18487298072513725 -0.004260782247073092 0.9827531870884192 18.273544111381085 0.061988115193083414 0.9980499420772274 -0.007333941263255357 -0.7098525861918191 -0.9808055131230711 0.062274865349407876 0.18477658556511162 16.940956258216207
0.154194624941158 -0.004483799363471461 0.9880303199712664 18.89446125481353 0.06373524430683357 0.9979521358118515 -0.005417865051198767 -0.7213317420598633 -0.9859826754423235 0.063807759495479 0.1541646313385895 17.043292635884917
0.12385624202326279 -0.004996418407389652 0.9922875929462047 19.752971525483947 0.06231383969611871 0.9980528087946045 -0.0027524969623811393 -0.7288187444657304 -0.9903416666455067 0.06217416392923824 0.1239264162537544 17.150677968969514
0.0944504542102464 -0.0053106352533261675 0.9955153986014902 20.477258123265702 0.06282950827538525 0.9980240714196588 -0.0006369904252189419 -0.7376717637156232 -0.9935449484494147 0.06260790700969524 0.09459749145994246 17.22454557630292
0.06744489115285987 -0.005042112172762616 0.9977102604274529 21.141517514243727 0.0657133790539321 0.9978383592272729 0.0006005563575877937 -0.7436041296363359 -0.995556597321665 0.06552240807129779 0.06763043375467281 17.269393657666
0.042113134279708156 -0.004559892727487227 0.9991024428453035 21.81492486422103 0.06960111616094568 0.9975735877356735 0.0016191606862043157 -0.7462982028870403 -0.9966855916237018 0.06947045724976195 0.042328324077609863 17.292629496822432
0.01946352390278441 -0.004176980003422221 0.999801842404452 22.53499075283384 0.073767365814542 0.9972717387539387 0.0027303522630160062 -0.7493994158492394 -0.9970855264108832 0.07369960597416797 0.01971854713672108 17.291302695613126
-0.0006292338002565056 -0.004295850762815935 0.9999905748211072 23.295702983920624 0.07919037340611136 0.996850097504784 0.004332189343040718 -0.7477508929530652 -0.9968593124531787 0.07919235298263907 -0.00028706174913471137 17.27797150187644
-0.018533849791648915 -0.005017485240147823 0.9998156436332479 24.223977519143947 0.08374572768786842 0.9964656090910462 0.006553090327512352 -0.7553197952023838 -0.9963147843457553 0.083851742621582 -0.01804815096883809 17.269089252996707
-0.03390793700192964 -0.004887178105784119 0.9994130113713928 25.057129464390496 0.08699338894679778 0.9961781734034271 0.007822858439456846 -0.7550622427830853 -0.9956316598460613 0.08720758180786203 -0.03335319456065199 17.240991712520284
-0.04813424061023307 -0.005654201090307341 0.9988248719825247 25.84771327412172 0.08934295072461591 0.9959512864505661 0.009943448761979244 -0.756490910380573 -0.9948371384486476 0.08971658167526003 -0.047434195848684295 17.20013485378523
-0.06139116055678189 -0.006659181523374958 0.9980915692995961 26.77976931063165 0.08947580985656767 0.9959149065202628 0.012148185924178045 -0.756049454341734 -0.9940951689129173 0.09005084270663864 -0.06054453626729198 17.140645888052898
-0.07346372197325785 -0.006486609287761987 0.9972767948036212 27.646432655687732 0.08911564423347104 0.9959358886634706 0.013042531386100056 -0.7512263522147181 -0.9933083526814259 0.08983111694759165 -0.0725870988623929 17.077460301611552
-0.084538002743355 -0.0035072702230295877 0.9964140831741327 28.48870213674563 0.08932422418094917 0.9959409251165116 0.0110840720197697 -0.7455254281489826 -0.99240843863131 0.0899409402533159 -0.08388157246805404 17.005566738732533
-0.09462184458127544 -0.00014864018520637087 0.9955132768748655 29.37572709395674 0.09015283938242344 0.9958897878357024 0.008717570524380186 -0.7481232415689351 -0.9914228018758305 0.09057322115645387 -0.09421952838992642 16.92928812250396
-0.1041209781126924 0.0024292892836867775 0.9945616725323938 30.297973131089574 0.09132646733662977 0.9957954900912891 0.007128693966048151 -0.745227720576799 -0.9903627104655477 0.09157205068920439 -0.10390505883693066 16.83785757333536
-0.11160473224347957 0.003645331121133998 0.993745991338772 31.42370715694274 0.09095873260336358 0.9958330406540407 0.006562324658104632 -0.738560018938044 -0.9895811703463488 0.09112226238821025 -0.11147125456010214 16.719485008747913
-0.1172929388024814 0.004341210661539672 0.9930878714379053 32.33549536827733 0.09056740951960716 0.9958701243443155 0.006343482588150956 -0.7317423275593616 -0.9889590036194541 0.09068544165647824 -0.11720170575373176 16.60988127890554
-0.12240713957327647 0.006136351377901835 0.9924610004293647 33.46704937678661 0.09139315405747389 0.9958017506763654 0.005115148220110408 -0.722858036751445 -0.9882630133587484 0.09133027177039253 -0.12245406438918613 16.471306897849168
-0.1272467632990269 0.00771752043710913 0.991841066455823 34.51042985427952 0.09032832978588805 0.9959046399412932 0.003839398585208982 -0.7214651150438292 -0.9877494895306258 0.09007989798899108 -0.1274227527181847 16.34818284855504
-0.13153290771490336 0.00857431798901162 0.9912747223949 35.6854453917897 0.09056525298174653 0.9958847095635365 0.003402970746881334 -0.7195918733431308 -0.9871661608566278 0.09022264864531061 -0.13176814687552457 16.195463310766474
-0.13475666144905848 0.007566025885977108 0.9908498359728364 36.87944621199858 0.09002972911147955 0.9959282727311427 0.00463933733172852 -0.7133605390689589 -0.986780264330016 0.08983112393294797 -0.13488913633694094 16.045074359307275
-0.13719780009806182 0.005481834263857099 0.9905285019328601 38.17963682818332 0.09092840784603778 0.9958322407906965 0.007083279492296058 -0.7174481965379085 -0.9863613882826292 0.09103898997069854 -0.13712444716489514 15.874652712994271
-0.1394386015332467 0.004155686019336493 0.990221998683205 39.4532740804073 0.09076243863565221 0.9958354250043987 0.008601513774868836 -0.7138936331963394 -0.9860623997168539 0.09107434644299381 -0.13923507921719858 15.695118085974652
-0.14146359353430538 0.00508194680483633 0.9899304144842879 40.79050377436664 0.09307311906318651 0.9956255980311276 0.008189203441759529 -0.7010168617387008 -0.9855584438338547 0.09329438547862032 -0.14131776755226427 15.496566324318255
-0.14248302270099442 0.004859264956168593 0.9897853180291544 41.87658060967919 0.09281692149251418 0.995647137650128 0.008473274087416357 -0.6934797056819438 -0.9854357449000107 0.0930761238621041 -0.14231383572993114 15.342032776205896
-0.14305542195729024 0.0062603640875012 0.9896948792886191 43.23823586702581 0.0945524403614609 0.9954926009258857 0.007370042300343855 -0.6848914495600879 -0.9851877903579157 0.09463239056109898 -0.14300254678283716 15.143911930091914
-0.14299877687491702 0.006656245149062138 0.9897004820716185 44.58389540622079 0.09436085670669604 0.9955138798709939 0.006938566550798828 -0.674807133207619 -0.9852143820173631 0.09438119190133723 -0.14298535617827032 14.944361985409857
-0.1426416047457873 0.00805029653735834 0.9897416659518827 45.909896795045796 0.09350165658188059 0.9956046017101808 0.005377478029466221 -0.6651848903483966 -0.985348066833233 0.09330953745021937 -0.1427673541424488 14.757232342408543
-0.14148658641817727 0.007912967006545672 0.9899085466935246 47.25747714088244 0.09384248929420594 0.9955721143560278 0.0054545687030593554 -0.663130144782311 -0.9854821830285908 0.0936672305015091 -0.14160267251495853 14.557917127394054
-0.14004570202024114 0.006853390180817072 0.9901213220553774 48.69174260440978 0.09314822688124336 0.9956324240815547 0.006283625256858092 -0.6591872188175624 -0.9857538278771919 0.09310804025709947 -0.140072422928084 14.35379339697285
-0.1390320732673134 0.007606130515067248 0.9902586679153994 49.97128411601042 0.0940046503844267 0.9955562804629469 0.005551408549639144 -0.6580591380963318 -0.9858160113880745 0.09386074370774518 -0.13912926536690545 14.17486577606825
-0.13803318966309214 0.008366696450212088 0.9903922641771511 51.56300407430736 0.09394036399507039 0.9955668156241089 0.004682268739218362 -0.6523152059102985 -0.9859624975443563 0.0936841182836373 -0.1382072335932923 13.9695153906537
-0.13731259326266718 0.008975143023998511 0.9904871016521019 53.09092716316189 0.09507581152649827 0.9954613413779014 0.004160274592829015 -0.6513764687067671 -0.9859542797686196 0.09474262308912863 -0.13754269728390572 13.767952403379017
-0.13642104553291182 0.008827730680606343 0.9906116138561767 54.47910662941546 0.0943351544455548 0.9955319717588755 0.004119689505218724 -0.6454679079031131 -0.98614916568004 0.09401151193825534 -0.13664427778594565 13.576285077169029
-0.1355460365574142 0.007174973881249875 0.9907450689876688 55.87327873618752 0.09622475619812035 0.9953418090712947 0.005956459459733883 -0.6459770005350238 -0.9860872518536009 0.09614157718950991 -0.1356050473519515 13.389034436963005
-0.13510722832967742 0.005295273327722684 0.9908168331904026 57.333940371822735 0.09789148878673938 0.9951646983431258 0.008029918726346206 -0.641114639948876 -0.9859834143007612 0.09807743497879985 -0.1349723063142626 13.197950295208814
-0.13443869318466414 0.006420836746152938 0.9909011104193395 58.70279985016108 0.09924984484909893 0.9950377969640757 0.0070178992803760325 -0.6347598538942356 -0.9859389971353338 0.09929025867807435 -0.1344088481440544 13.01758056131108
-0.13399958116011812 0.008342960591940375 0.9909462686026298 60.288279813595196 0.10129650771886774 0.9948420449621116 0.005321945092364661 -0.6329370027618144 -0.9857906115260342 0.10109253475982319 -0.13415353011739792 12.819709137928871
-0.13348834149334118 0.007810496093175743 0.9910196056769698 61.697837066948075 0.10070095710472475 0.9949002778990783 0.005723135026372526 -0.6409893658803255 -0.9859209805676861 0.1005605946040304 -0.1335941124800576 12.636729427312392
-0.13340507208501584 0.0074776053686268305 0.9910333859966293 63.07105054791895 0.10055328737937302 0.9949134082356539 0.006028806690988024 -0.6370865757175934 -0.9859473226999458 0.10045593825586976 -0.13347839274556714 12.445459952291678
-0.13345634511839907 0.006489076415947955 0.9910334483935989 64.45890201972506 0.10005860645248216 0.9949572053913575 0.006959505342212124 -0.6297724523990542 -0.9859907095010704 0.10009021594086472 -0.13343264012409015 12.26928557089659
-0.13353398850781384 0.006624009747249529 0.9910220968313797 65.95208091425062 0.10105773130800609 0.9948561666301247 0.006967256339002472 -0.6234866473880005 -0.9858782931255115 0.10108081030978543 -0.13351651931893382 12.076370473706797
-0.13392937405491692 0.006544822022490693 0.9909692669654055 67.43575386054393 0.10201187710951011 0.9947570010064255 0.007217054613743086 -0.6176488263743012 -0.985726381758067 0.10205721068791473 -0.1338948320613987 11.906330485249242
-0.1338933289262319 0.0074660794111081705 0.9909676251660696 68.93450338239779 0.10227860514530318 0.9947356855719256 0.0063247750381784 -0.6152956003440861 -0.9857036387264588 0.1022016316307102 -0.13395209253101473 11.708529315924666
-0.13440763558148294 0.008184280256132296 0.9908923276794938 70.363062674105 0.10172365331369045 0.9947970367859273 0.0055815731165562875 -0.6145380713936858 -0.9856910701908126 0.10154739365748575 -0.13454085248525874 11.525475852501089
-0.1358484616242689 0.008824616070361583 0.9906903257958721 71.93733623360306 0.10066752382740914 0.9949078488535862 0.004941855520818577 -0.6141516817172351 -0.9856019709399813 0.10040168544771196 -0.13604505297320105 11.333415612031862
-0.13702320344541946 0.009613816532868373 0.9905211841496518 73.49425444295504 0.10055165222102624 0.9949227484349535 0.004253220222484009 -0.6200441104488799 -0.9854511692383217 0.10018133148601821 -0.1372941873078081 11.132538381345467
-0.13822641161245028 0.008604809113103825 0.990363274961705 74.88600305489307 0.09917847913282682 0.9950560896357906 0.005196898654953244 -0.6219019187282769 -0.9854222893813815 0.09894107205229496 -0.13839644450453775 10.944896578950335
-0.13931205374891312 0.008269920103369025 0.9902139971247351 76.41709677548944 0.0990050834397691 0.9950710661812919 0.005618425216405586 -0.6207687894685293 -0.9852868339389007 0.09881893376429352 -0.1394441579857105 10.730632764621081
-0.14017413704295456 0.007224862306128791 0.9901005063471696 78.04922276162016 0.09618884391727614 0.9953428162001553 0.006354883523932836 -0.6159214652987062 -0.9854435131503578 0.09612741338141945 -0.1402162714754488 10.526422340778932
