1.0 0.0 0.0 0.0 0.0 1.0 0.0 0.0 0.0 0.0 1.0 0.0
0.9999984530020273 0.0007908352865543697 0.0015711693421787973 -0.00016596465430247415 -0.000789276337508498 0.999999195899127 -0.000992594560956196 -0.019039071509820215 -0.0015719530576042205 0.000991352938630395 0.9999982730899767 1.200357999203504
0.9999938550222327 0.0012646929190478448 0.0032696283572101834 -0.008899014470643956 -0.0012630158591408623 0.9999990698162248 -0.0005149345829420819 -0.04208102653246146 -0.003270276549975769 0.0005108018262118313 0.9999945221713872 2.4298593847372567
0.9999908257396178 0.0007538208582907749 0.0042166563424961044 -0.00673651481062481 -0.0007534272273206115 0.9999997116669441 -9.493914697748156e-05 -0.06654557316053707 -0.004216726693803984 9.176133228433491e-05 0.9999911053583663 3.6406776255245124
0.9999866457058331 0.0005719236863590113 0.005136274261910078 -0.006981698010609033 -0.0005715841127971892 0.999999834362226 -6.758049012518452e-05 -0.08863136054034358 -0.00513631206203211 6.46437748683512e-05 0.9999868069727638 4.838141458690567
0.9999807163580048 0.00023060553581166326 0.006205943378598819 -0.010351820319417698 -0.00023056232606513916 0.9999999733910301 -7.678073870576346e-06 -0.11127713370927618 -0.006205944984071425 6.247069068525899e-06 0.9999807429184967 6.061975599041688
0.9999761330542989 0.0004917871148583262 0.006891405314202285 -0.007074061208308627 -0.00048541504438971326 0.9999994531864963 -0.0009262823236027503 -0.13321200557223992 -0.006891857079600277 0.000922915024256317 0.9999758249747103 7.2376900158684885
