-0.9802270920216853 0.004977176345886435 -0.19781323459852856 -0.10254924217219868 0.005531129082651887 -0.9986037996300822 -0.052534350433157975 -0.02620663956914704 -0.19779852041352985 -0.05258972409116397 0.9788309691883644 0.994382655292419
0.9998751836774369 -0.00048447820882503365 -0.015791844315256886 -0.20638183036247615 0.00025297202935965074 0.9998925255476363 -0.014658559244406434 -0.059933256848824154 0.01579724884796402 0.01465273472204371 0.9997678451990747 1.9884054462615166
0.999730390441787 -0.00013927016338260463 -0.023219109176148042 -0.31779375882334404 -0.00021746473309096343 0.9998819951224598 -0.015360616492157527 -0.08981851697239836 0.02321850848358169 0.015361524460510792 0.9996123870931408 2.9817302941404185
0.9994809621586386 0.0004097766399775362 -0.032212394595054136 -0.47572719701924904 -0.0009482025794946812 0.9998600727837544 -0.016701370145398325 -0.11395669852936688 0.03220104337300868 0.016723245377937013 0.9993414961211802 3.9688849817403553
0.9990554757948248 0.0005700348169709868 -0.04344918117391671 -0.6495321930051385 -0.0013669471293813326 0.9998313548341572 -0.018313747460295585 -0.12897490957640306 0.04343141420587036 0.01835584241601154 0.9988877691258793 4.953550547650331
0.9983910811596833 0.0004830821319934355 -0.05670110838821881 -0.8404946828573892 -0.001574495435397849 0.9998143187695872 -0.019205440568519083 -0.1487299575332868 0.05668130225147182 0.01926381620969107 0.9982064592859113 5.934949073030286
0.9973449908819465 0.0003663555636741475 -0.0728205667808958 -1.0117866520861976 -0.0017690667396210256 0.9998141170389458 -0.019199004466503366 -0.1667994724610176 0.0727999970162136 0.01927685537723969 0.9971602495492907 6.920003667411652
0.9958345352319427 -0.0011180765053826567 -0.09117197126479601 -1.201037756941174 -0.0006293492344521144 0.9998167060955743 -0.01913525886258192 -0.1999987989979591 0.09117665468156731 0.019112930626281173 0.9956513011712247 7.901370991110787
0.9938400259946878 -0.002274348462238285 -0.11080085771306371 -1.3926554597145835 0.00014229224440856156 0.9998147618385493 -0.019246344137075783 -0.23795492834049628 0.11082410605908559 0.019112021054767715 0.9936562525176432 8.88210642350406
0.9911510433320536 -0.0023750404504999205 -0.13271762687992877 -1.6514231397250039 -0.0002241321832184037 0.9998085451046906 -0.019565860584364075 -0.27396823789530417 0.1327386871509054 0.019422469423346127 0.9909607502898148 9.847374432540477
0.9877223735191369 0.0013752500779482838 -0.15621338462803164 -1.9719216111227795 -0.004729569863588284 0.9997661195946786 -0.02110301588647491 -0.3091119800224006 0.1561478274540753 0.02158274305602692 0.9874978689513964 10.793971309373905
0.9833715796273396 0.005668014251824168 -0.18151641797829757 -2.286819342021908 -0.009924476087309248 0.9996964601975211 -0.022549772569568423 -0.36400079633496485 0.18133350808833804 0.0239762608216534 0.9831293392842 11.741508452143645
0.97808222007405 0.008400993855034514 -0.208049499103615 -2.6469745684145476 -0.013558512093342603 0.9996347925190605 -0.02337623440998498 -0.4108883652865109 0.20777713426850442 0.025684720898299755 0.9778389221070837 12.673221803380349
0.97146353078346 0.009164338231569053 -0.2370118631261114 -3.0092345540765115 -0.015142290387606068 0.9996111710188039 -0.023414051683431275 -0.45227572134883964 0.23670513175584215 0.026334799775095702 0.9712245666792279 13.60437957170788
0.9636057102367022 0.011840039622215155 -0.2670652516913517 -3.4217170972079636 -0.018550218499597104 0.9995720965549885 -0.022616657186308668 -0.5137779295454988 0.26668319143290203 0.026747658783717456 0.9634130153556942 14.513266599916268
0.9544115905982564 0.013866534227237121 -0.29817148582691666 -3.872284835839673 -0.02121233840378566 0.9995456337254965 -0.02141407947449388 -0.5441436546319507 0.29773906769376035 0.026762760112169316 0.9542720797760083 15.405492264002303
0.9434809310557151 0.01585529306784094 -0.3310473416536881 -4.350659692690201 -0.023901457206951547 0.9995092483608093 -0.020248031622731026 -0.5692854951228752 0.3305638411526965 0.027016145597470533 0.9433968808510184 16.28328801709135
0.9313915921448922 0.018731232382522854 -0.3635365772728165 -4.864910470656086 -0.02769611247174956 0.9994268987458014 -0.019462770031597992 -0.6015594157681047 0.3629636723361647 0.02819601029902275 0.9313765927740842 17.140320415193823
0.9181034637723023 0.02046941954662971 -0.3958118652500513 -5.422191549206282 -0.030491786554676072 0.9993535513370856 -0.01904548194874933 -0.5913380723740097 0.395166143238518 0.02955473385737239 0.9181341061874427 17.970581412479056
0.9027862083461295 0.020741659837214897 -0.42958915904293477 -6.000581936693667 -0.03172667340207116 0.9993267624401013 -0.01842389931106929 -0.5988198812309424 0.42891780123335665 0.03026227714801671 0.9028364826295836 18.786307212686747
0.8850376220735454 0.015786862856498163 -0.46525174096993327 -6.580504173886192 -0.027856089043704232 0.9994298817772744 -0.01907746612769476 -0.6036734709390321 0.46468531913284405 0.029844369181040473 0.8849728062548542 19.600964589736403
0.8650812636919206 0.011010828559030239 -0.5015108860868657 -7.216917069845847 -0.023917797509959864 0.9995273797516172 -0.01931207107329712 -0.622667509482735 0.5010612199836086 0.028701546671062263 0.8649357635380941 20.372079271467864
0.8409034295587013 0.01263909163445859 -0.54103759159514 -7.881054843560552 -0.025159401829494374 0.9995593225639318 -0.015753259190319356 -0.6618330236384246 0.5406000616500114 0.026859151851670687 0.8408508543765726 21.11866287700445
0.8129399700973344 0.01818717131073433 -0.5820634259407285 -8.61016969364459 -0.030834530617349438 0.9994544201417315 -0.01183612186336996 -0.689553798765036 0.5815305982833164 0.027569709082085107 0.813057239314291 21.802492602913755
0.7813899063825347 0.02152510754206125 -0.6236717758154487 -9.36790690647821 -0.03494609498956877 0.9993459956978519 -0.009292541506519451 -0.7296254901356152 0.62306386883567 0.029055991257794775 0.7816310924749302 22.45382091941291
0.7467080409110154 0.02097581291614629 -0.6648211164752061 -10.15476900755984 -0.03513059795362779 0.9993512907845168 -0.007927086144498448 -0.7600138734789219 0.6642235638143632 0.029274782319063705 0.746960537373908 23.070201143065194
0.7082795431763683 0.016980863800823615 -0.7057278079985599 -10.95314159815452 -0.030095834977968312 0.9995280699559447 -0.006154517619197506 -0.7770789743955047 0.7052902448175881 0.025598586576684085 0.7084563380550859 23.67212305570833
0.6673924954540806 0.013509775220929264 -0.7445836037578683 -11.787697994186711 -0.025676310989071815 0.999658414701441 -0.004876573653246181 -0.7875835060990537 0.7442633835313722 0.022372748827156442 0.6675114051792296 24.22294541947847
