0.9911092943059889 -0.008249168631440026 -0.13279426929342555 -0.41051723163296316 0.00590018996223193 0.9998192671705667 -0.01807265207213768 -0.11582887734012448 0.13291935336396402 0.017128462026727055 0.9909788399809073 -0.3228664881332652
0.9899796132376724 0.01637226521275533 -0.14025802759767997 -0.2924053020350378 -0.014531248693301534 0.9997944293586137 0.014140079027264937 -0.05096383518884226 0.1404606997889508 -0.011960265686308019 0.9900140119510994 0.08745709623070058
0.9901428894132412 0.016144654138154146 -0.13912731107570828 -0.21532816825286452 -0.01224398773877865 0.9995088425747438 0.028847155477600125 -0.01741746649448699 0.13952470501187278 -0.02685933278500379 0.9898542483283561 0.3220842353496015
0.997212913403322 0.017302923738222096 -0.07257419769978485 -0.19393918028616597 -0.015077290940109535 0.9994024437623255 0.031103548025896134 0.02164674016796645 0.07306901285473512 -0.029922637450619332 0.9968779038219444 0.4302393843173274
