1.0 0.0 0.0 0.0 0.0 1.0 0.0 0.0 0.0 0.0 1.0 0.0
0.999046758305687 -0.000742284575831278 0.043646577557772334 0.031166052383434208 0.0008481279394253428 0.9999967446127153 -0.002406541703409092 -0.02805019380624919 -0.043644649132471194 0.002441265569405343 0.999044135573861 1.0014677345262633
0.9960438652533198 -0.004911903326447642 0.08872706293424866 0.1313339229364121 0.005575455023882163 0.9999583033204148 -0.007232283307074701 -0.04613470743810669 -0.08868783903390112 0.00769836516857682 0.9960297196274959 1.9960692610902258
0.9909983932371406 -0.004457453272506971 0.13379953554377136 0.28889595758822684 0.006002185051883427 0.9999198895158081 -0.0111439815728928 -0.07107520359906645 -0.13373914302106343 0.011846757405190844 0.9909457583354268 2.9847652819489228
0.9838044469885902 -0.00210827840580724 0.17923271254890352 0.49836188933433045 0.004566826584276107 0.9999010479726786 -0.013305576202787307 -0.10958803619743188 -0.17918692524964935 0.013908609754487966 0.9837167256859435 3.9553689745055323
0.9743684563716435 -0.00460733981529325 0.22491083488299837 0.729563262911235 0.0077813796218299345 0.9998822273661597 -0.013228058378617832 -0.14120330550130578 -0.2248234003815482 0.014639119410455158 0.974289553892355 4.926279865881157
0.9628555417859676 -0.0055036353043150694 0.26996095208471965 0.9959251095280008 0.009749586625553539 0.9998489305676393 -0.014389635276081534 -0.17171174738125003 -0.269840973932207 0.01648714775772083 0.9627637419149793 5.881775242322815
0.9494974891622822 -0.008085351901273212 0.3136704403656088 1.315667045551359 0.01412759610974277 0.9997557655135516 -0.016994715371911717 -0.20146437705536238 -0.3134564229724482 0.02056784886770828 0.9493798157166985 6.819538913069035
0.9344306850360776 -0.010201348131634749 0.3559989148288298 1.6555858830648253 0.017995851222001386 0.9996652286175661 -0.0185897829945523 -0.23395371030402215 -0.3556900957319486 0.02377736716472508 0.9343014463270999 7.746323781568128
0.9172300858506044 -0.010042347861512542 0.3982312404369123 2.051792968812517 0.019286718255292816 0.9996293479887508 -0.019214295160780638 -0.26774244727420216 -0.3978906785907838 0.025304503334644162 0.917083796608332 8.650050449874003
0.8977786979825051 -0.010574653156519728 0.44031986800445166 2.485231302306281 0.0205858876720747 0.9996266490937809 -0.017966180737473674 -0.29008620158040216 -0.43996548805285984 0.025194029692729863 0.89766120011408 9.534124816374637
0.8759919344925281 -0.010390512680251748 0.4822138197421143 2.9572398600051755 0.021243070205970715 0.9996289333213756 -0.01705073708062479 -0.3143602635223388 -0.481857720361792 0.025180010186851016 0.8758876094652367 10.39453310286232
0.8521613574938776 -0.010422797641434948 0.5231752919275892 3.4758779980306063 0.022049341371326196 0.999628848591787 -0.015999737752487333 -0.33879092817522194 -0.5228143526523378 0.02517002885146028 0.852074892429259 11.22535279998078
0.8265347885393813 -0.010776676745716139 0.5627824682525913 4.009882550275806 0.02373778000706001 0.9995945937019228 -0.0157215152648776 -0.3789890410061231 -0.5623848870075518 0.026353585718184497 0.8264555205123245 12.041483752661224
0.7994114239064142 -0.012322993089152254 0.6006575723065884 4.599677898405875 0.027034603616502086 0.999514720310558 -0.015474304178381729 -0.40296082371124486 -0.6001753956429888 0.028608874913760157 0.7993566330124187 12.816979966627866
0.7708725148720085 -0.011446269539619428 0.6368866058636592 5.223833160204414 0.027812960747010826 0.9994898272787891 -0.01570109488860047 -0.4409064037490451 -0.6363819647266807 0.029817244672202377 0.7707975913887948 13.554412624581504
0.740352229288687 -0.014674257346393873 0.6720589577995398 5.874135687003122 0.03275570647966243 0.9993616052480113 -0.014263437493662018 -0.47106808493464764 -0.6714206135354271 0.032573733704462066 0.7403602579773316 14.271418209120496
0.7086746783881368 -0.013931704309638726 0.7053978365621064 6.566439898085849 0.03323903177260648 0.9993541308473497 -0.01365605818519625 -0.5040865110722095 -0.7047519896944531 0.033124443744259345 0.7086800436362961 14.942990568572132
0.675010196325649 -0.012638318903310382 0.7377001475882377 7.301311070500209 0.03424414053702965 0.9993124171205848 -0.014213790046777017 -0.5373220537059382 -0.7370132791851778 0.03485636073820561 0.6749788592399015 15.560829744567737
0.6402354076437523 -0.013990549913350268 0.7680513572101548 8.06564824972648 0.03872334103607494 0.9991507819049699 -0.014078987097468647 -0.5802731951277029 -0.7672021413279827 0.03875538068202799 0.6402334689860791 16.133482217035965
0.603719046516897 -0.01212891584925602 0.7971048878742689 8.818293893570987 0.0385686044487373 0.9991577636888914 -0.014008069499037979 -0.6139206697417043 -0.7962636344977746 0.03920016148607939 0.6036783677719947 16.716663269351958
0.5658178543000842 -0.010774214009662483 0.8244598668629802 9.587223009257372 0.04166671256429834 0.9990107053362914 -0.015540131517113476 -0.6301290203601542 -0.8234768004135471 0.04314541616393371 0.5657070197944412 17.277697893442866
0.5275239685240908 -0.009076611978120142 0.8494916584332027 10.409183413411025 0.04632848341513982 0.9987623030337942 -0.018097891122558423 -0.6521639105645755 -0.8482759776494011 0.04890273155591116 0.5272915593761419 17.7590945561616
0.48901139956870554 -0.008056051154102259 0.8722401911925743 11.240831375576896 0.04810760905628082 0.9986844842707381 -0.017747079415428007 -0.6761049750713688 -0.8709497741217596 0.050639914264263404 0.48875565474024374 18.22285114013227
0.4505204442207622 -0.009645917576386682 0.8927139998976363 12.085259996704805 0.05325799708290657 0.9984511661309792 -0.016088958897473835 -0.703433772139921 -0.891176141447831 0.05479256451195766 0.45033638514821217 18.679900693758725
0.4138969572540207 -0.010152626748976734 0.9102671217538069 12.975098402555997 0.05721769869145829 0.9982507880815998 -0.014882844181064081 -0.7214363039653539 -0.9085237716935739 0.05824335382307841 0.41375387370165245 19.04935899292815
0.37891639744627736 -0.007692452751878565 0.925398935549958 13.875485718294374 0.058625312324297234 0.9981564723185514 -0.015707626283527946 -0.7517723147888979 -0.9235721068228587 0.06020367878497534 0.3786688270237494 19.39551405332184
0.345686001924248 -0.008318188088661286 0.938313378259391 14.794271745130612 0.059376620349283364 0.9981506546652136 -0.013026417285732362 -0.7658862131027585 -0.9364697566016355 0.06021692734046309 0.34554061502542294 19.727604153865013
0.31242051148494765 -0.009735736376563596 0.9498940148462303 15.732804604262187 0.06180854189378556 0.9980369234044971 -0.010099686641151795 -0.7822227725820683 -0.9479309722508533 0.0618669132775457 0.3124089577605944 20.03330066513764
0.27969425842149764 -0.009588040637998386 0.9600412445737804 16.685739486703383 0.06224563949626594 0.9980274450619273 -0.008166961911380631 -0.8058957722324758 -0.9580692053133478 0.06204263356664621 0.27973935985192633 20.311531117152658
0.24724971135568868 -0.006371401701184841 0.9689308465906591 17.645921385955646 0.05941794264393273 0.998196161727453 -0.008598302422127748 -0.820536262466239 -0.9671282688074481 0.05969780526068094 0.24718228844431173 20.56344304782999
0.2162275085643859 -0.004654594319068339 0.9763319104135457 18.622186908828322 0.05922766766211064 0.9982095088946864 -0.008358213656931396 -0.8349192141094145 -0.9745448927183117 0.05963313763297414 0.21611603589900916 20.7822740907205
0.18593195038559268 -0.0043748878941896 0.9825528841653884 19.621894959476666 0.06138608161870487 0.9980883267000437 -0.007172244321555295 -0.8465101739947751 -0.9806431862860782 0.061648620917419156 0.18584506646577728 20.960427507720265
0.1550852470473568 -0.004396666039140477 0.9878913075212278 20.632150124460097 0.06326095323331694 0.9979819221737848 -0.005489518223770869 -0.8567723822246386 -0.9858735304004632 0.06334628909460518 0.15505041023380214 21.145119103514535
0.12439636913798835 -0.004805382789564607 0.9922209691603638 21.660695137130705 0.062082806691998414 0.998066643170229 -0.0029497295052413053 -0.8677959486424471 -0.9902884773935976 0.06196679826452138 0.12445419821892242 21.294171839052595
0.09514786418168068 -0.005300278831246927 0.9954490398739536 22.708782117573904 0.0627743631314423 0.9980275089086063 -0.0006861451179239174 -0.8885927221762348 -0.9934818887504224 0.06255396475038227 0.0952929074952679 21.391284460378785
0.06782282370475645 -0.00483716265754561 0.997685655124969 23.770144120695058 0.06577982268292855 0.9978340948548065 0.00036615992524955375 -0.8918730175814525 -0.9955265338063655 0.06560275148736389 0.06799411360383474 21.469413742898425
0.04284303160120592 -0.004468174862791745 0.9990718242732172 24.847562762517484 0.0698919270849571 0.9975534945990561 0.0014642204619790523 -0.9050546791196947 -0.996634132052264 0.06976432345121504 0.043050505244713974 21.49419710379095
0.01991883577477487 -0.004139767562316118 0.9997930297346087 25.939476548922002 0.07412211834675284 0.9972456447034341 0.0026524878550922234 -0.9163273994696763 -0.9970502251908718 0.07405394280226703 0.020170820565139354 21.52332656221606
-0.0003538358464120838 -0.004315758020855951 0.9999906244724996 27.043489960577226 0.08013025305438166 0.9967749954857229 0.004330233235889644 -0.9215806819998543 -0.9967843384331615 0.08013103398273268 -6.871941877318104e-06 21.524492982831198
-0.01794532493543646 -0.004958259328773416 0.9998266754679989 28.159359080727512 0.08466980196627741 0.9963881178722078 0.006460897621079211 -0.9262300996210704 -0.9962474541738884 0.08477106951966178 -0.01746069370155994 21.49725793504298
-0.03355173527755945 -0.004665458816683937 0.9994260925920913 29.28791149971333 0.08759190744053472 0.996127522162731 0.007590608728296615 -0.9164905969961116 -0.9955912508709557 0.08779631589062903 -0.03301315048945647 21.453146043114582
-0.04777672681950538 -0.0052431712936520936 0.9988442789189919 30.421735548671055 0.09013468759411909 0.9958839020876715 0.009538954604308923 -0.9153039801270527 -0.9947829524407451 0.09048625706381015 -0.04710748152742984 21.39391487497303
-0.0610804678974579 -0.006198161359339298 0.9981136003668081 31.562392372794562 0.09045468960827874 0.9958316141203367 0.011719447357037612 -0.9120321213907921 -0.9940257167545005 0.09099988524304863 -0.060265208175649745 21.327375164167826
-0.07308470573886312 -0.005843527109658868 0.9973086177197025 32.70781064360233 0.09041024418065566 0.9958266561662604 0.012460281534479825 -0.907159601100374 -0.9932193179425474 0.09107757166088126 -0.07225138341996654 21.230700852723693
-0.08424017615778372 -0.002886288237036499 0.9964412988536352 33.86563500790413 0.09076943297374497 0.9958159639513472 0.0105582184706313 -0.9027163373619573 -0.9923026266006412 0.09133583787244472 -0.08362572547732001 21.137356593041737
-0.09447425842173755 0.0004800594411712429 0.9955271890001783 35.040349479673175 0.09080090367217361 0.9958358249765324 0.008136681487273954 -0.8960069741487608 -0.9913777334537933 0.09116347534095899 -0.09412444090553175 21.02588511968024
-0.10376813327751047 0.0031572854693340782 0.9945965041485753 36.23656531137336 0.09191144273773012 0.995746435041727 0.0064283586987989695 -0.8892197501110285 -0.9903456271473969 0.09208185842041089 -0.10361693944463712 20.892729251421418
-0.11144017266000937 0.0042060521032666 0.9937622437199014 37.45836376538503 0.09148356210161669 0.9957882426429842 0.006044309654284999 -0.885979527310932 -0.9895513355974556 0.09158648884907555 -0.11135559832173318 20.77003899265936
-0.11714171877907266 0.005039420208229714 0.9931024226963955 38.70180559026447 0.09151845464774136 0.995786825256628 0.005742047040496574 -0.8810639543647565 -0.9888893720636172 0.09155983229173613 -0.11710938019789516 20.624754243723853
-0.12211445201369119 0.006895152888786717 0.9924920742635867 39.96154065804927 0.0926967709322224 0.9956842708797378 0.0044879150419976635 -0.873897230993906 -0.9881778024566916 0.09254884974609541 -0.12222659752500524 20.46912361399422
-0.12659942586682021 0.008698266960256431 0.991915785498991 41.245049207082054 0.09162782254510245 0.9957889167272624 0.0029623400865632374 -0.8662277491502778 -0.987712978301812 0.09126211412756854 -0.12686330840369847 20.297556860688367
-0.1304937422083463 0.009493266025086907 0.9914036822327418 42.5490671475558 0.0924088880371163 0.9957176743425467 0.002628766557525116 -0.8741935241661691 -0.9871332132271746 0.0919575494565138 -0.1308121876651691 20.120778470020344
-0.13359869761816232 0.00865011686512271 0.9909977615882647 43.87918969643837 0.0920695515042174 0.9957456277574133 0.003720549395899636 -0.869269553098969 -0.9867495050318215 0.09173778000483104 -0.13382673140760062 19.94703465597442
-0.1359478988651642 0.006800773657124558 0.9906926457140036 45.23057187652172 0.09218219033007698 0.9957251812893874 0.005814390094076684 -0.8603673440850906 -0.9864180719046555 0.09211467214228784 -0.1359936564550796 19.755367696646193
-0.138163310577921 0.005735536048859036 0.9903928529812711 46.60390627525681 0.09259563567460924 0.9956781144109644 0.007151275203861817 -0.8606912772027312 -0.986071471985761 0.09269409964640987 -0.13809727016337942 19.58366998417623
-0.1400580560801669 0.006611752805556348 0.9901212176556382 47.9933005835332 0.09465297727083014 0.9954875010824875 0.006741593454970007 -0.8487468367838514 -0.9856087229833216 0.0946621355843116 -0.14005186634174072 19.37543349058908
-0.14116638724748026 0.006459533486659182 0.9899648102526826 49.40513216058362 0.09449275251767253 0.9955010882041054 0.006978761070271266 -0.8429050549999813 -0.9854659663494878 0.09452966630416489 -0.14114167122184307 19.185410947840413
-0.1416028410153178 0.007910744059600103 0.9898919413475467 50.83885597616121 0.09719443512922132 0.9952476271048275 0.005950001858998999 -0.8446609795114675 -0.9851405367744765 0.09705452524552374 -0.14169877181212165 18.980967139373362
-0.1418323996121286 0.008264925414567642 0.9898561821942407 52.28862274628978 0.0970378302601024 0.9952649727388537 0.005594062704393693 -0.8418746174722183 -0.9851229516759208 0.09684691552662258 -0.14196282976294236 18.77732627688799
-0.14100375090282802 0.009682379952360527 0.9899617132747065 53.76042273078154 0.09700333442401593 0.9952756849035834 0.004082174705441177 -0.8424327934936161 -0.9852452970412786 0.09660518908506595 -0.14127682789432544 18.565787050672355
-0.1397886212147797 0.009677201520619658 0.9901340783699959 55.257418445193636 0.09756071773801601 0.9952213469311199 0.004046846556420828 -0.8395424669325496 -0.9853634089681409 0.09716389444303562 -0.14006473461706404 18.363356513460417
-0.13859996906620278 0.008631869733011808 0.9903108296892249 56.77377697095871 0.096155512731365 0.9953548375501046 0.004781708583094422 -0.8286604645995926 -0.9856693999238375 0.09588659025389136 -0.13878615155434765 18.15885102582934
-0.13747558595260104 0.009568542686095022 0.9904589371891469 58.31343227627848 0.09782352346661098 0.9951958843467651 0.0039635887574129905 -0.8301411855325883 -0.985662732136895 0.09743507977173756 -0.1377511658981828 17.964319624251907
-0.13660019171702895 0.010368571127052573 0.9905719965533325 59.86910524982398 0.0974992357561118 0.9952309939042259 0.003027837409942253 -0.8261816074865841 -0.9858165583159207 0.09699361579604185 -0.1369596723308168 17.759808536229457
-0.13580077365437168 0.011054572338418077 0.9906744905897649 61.45165948115864 0.09835693292496238 0.9951483597824301 0.0023781858493251385 -0.8204396459501132 -0.9858418045611935 0.097762663899641 -0.13622921098933669 17.536347219457447
-0.13460476453282283 0.010908428620242938 0.9908393227714076 63.05239999083648 0.09862152684397975 0.9951220179873865 0.002442081012979751 -0.8267702483944136 -0.985979387111124 0.09804680260849329 -0.13502397079861633 17.321783495506114
-0.13345401551624436 0.009511105077531952 0.9910093665666311 64.67015658197589 0.10011571350379438 0.9949680275006562 0.003932958311499117 -0.8164780048146149 -0.9859852279077097 0.09974047890228908 -0.133734689651286 17.085488217338394
-0.13289390051631 0.007666688785818251 0.9911006170357396 66.30646359325576 0.10155925998433515 0.9948118625661083 0.005922398938353175 -0.8150245214856998 -0.9859132456342178 0.10144249593149902 -0.13298305193592302 16.869292386350924
-0.1320489308246926 0.008603105988814894 0.9912058648108384 67.95313315081849 0.10379837688172415 0.9945847888983461 0.005195637473147228 -0.8308021267955843 -0.9857935771878295 0.10357163829629248 -0.13222684642630927 16.661434937470826
-0.13156753238461746 0.01048334290535869 0.9912517762625964 69.61692032770637 0.10588684944351646 0.9943718914566088 0.0035378801467550467 -0.834738618493809 -0.9856358148612249 0.10542599775451689 -0.13193710418345483 16.44990077375444
-0.13127446823279132 0.010258394161129988 0.9912929836024433 71.29496448109852 0.10456647746719105 0.9945115425354366 0.00355577753667755 -0.8245078574187202 -0.9858158376595009 0.10412279823853092 -0.13162665803961152 16.244194437782944
-0.13133487468730232 0.010067401450889994 0.9912869403552629 72.9859582883065 0.10480919408360422 0.9944851418921022 0.0037862106902457524 -0.8249139873236214 -0.9857820162319954 0.10439324683078009 -0.13166573772136683 16.025859495246962
-0.13145098273854053 0.008913754768503507 0.9912825954857677 74.70001278383592 0.10421546534045895 0.9945427870631408 0.004876626349445565 -0.8224768505931217 -0.9858294862302229 0.1039480142985305 -0.13166257783610688 15.823899692710443
-0.13137936339415418 0.009195714888420048 0.9912895145727302 76.42628338053242 0.10594641415813591 0.9943601717355959 0.0048172806633252074 -0.8229353049708104 -0.9856545136107181 0.10565646072837859 -0.13161265936517275 15.619646443323626
-0.13192140999785446 0.009207071389800165 0.991217418844424 78.17050666930274 0.10677289707582881 0.9942709881214324 0.004975000509077812 -0.8169398475539945 -0.9854929172927699 0.10649146452394197 -0.13214869635881193 15.422441498922767
-0.13180363204579507 0.010183778036680365 0.9912235334395756 79.92434651665587 0.10672673551215962 0.9942804396451007 0.003976338273222629 -0.8150716160504998 -0.9855136764684983 0.10631414771348734 -0.13213665460234916 15.17274141764767
-0.13270133630573178 0.010891533874208003 0.9910962263234289 81.6933229426663 0.10584573920425373 0.9943772689161537 0.003244465311363402 -0.814746641513101 -0.9854882215607551 0.10533385758016517 -0.13310801483120094 14.960378024758224
-0.13399994929299056 0.011731865023341882 0.9909118916092144 83.47703182249758 0.10604404068981241 0.994358119137776 0.002567555055311989 -0.8312694805613277 -0.9852911625624454 0.10542435320104529 -0.13448803191543773 14.748637579479496
-0.13558711379585975 0.012561339594527618 0.990685796466317 85.27221066038574 0.10468322434790442 0.9945041342889981 0.0017173881964186323 -0.8230608519827521 -0.9852195476707903 0.10394103919858533 -0.13615690675717915 14.511759174973369
-0.13678480313802743 0.011605820115633254 0.990532797321692 87.08825404975116 0.10318977947759088 0.9946582994068298 0.002595540883868638 -0.8274662877694007 -0.9852115443100832 0.10256789146978326 -0.1372517416923568 14.270155955294895
-0.13808662771313993 0.011361978188088574 0.9903549811549733 88.91703233149316 0.1023977874349835 0.9947394049699538 0.002865192566380162 -0.8204120041979195 -0.9851125704076842 0.10180580362472423 -0.1385236513130208 14.039470894354857
-0.138376816972509 0.010473745763250466 0.9903242686990181 90.75810697819247 0.09940080015743054 0.9950417851696834 0.0033655154720239745 -0.8119411719298917 -0.985378778669716 0.09890473404249503 -0.13873181369593612 13.772752348859024
-0.14013818107604242 0.011531876149781193 0.9900647989082159 92.61308249350063 0.09933441663880657 0.9950510395846794 0.0024702818618613643 -0.8128834522348992 -0.9851365204253308 0.09869369004103132 -0.14059015495531116 13.522948083435292
-0.14277635398346278 0.012473968222297833 0.9896763677384539 94.48551178611577 0.09798799768647538 0.9951863217548467 0.001592890910976992 -0.81205950087376 -0.984892514466724 0.09720383278887763 -0.14331137372367755 13.260582310379252
-0.14689321669974365 0.01339056853381952 0.9890617147387439 96.36877581669944 0.09830325432309481 0.9951558675558158 0.0011267025875405143 -0.812179768834194 -0.984255481608862 0.09739349025254669 -0.14749798296700833 12.982428224793669
-0.152035992692709 0.012329760160778238 0.9882980491432336 98.26655559343838 0.09649255669006564 0.995330748229083 0.002426547578028584 -0.8265556342646554 -0.9836535179774221 0.09573232810347636 -0.15251582844587389 12.725758279708643
-0.15700399414037378 0.011478228988061789 0.9875312633447451 100.16954192726273 0.09442018006247077 0.995526490612311 0.003440361333801462 -0.8262558829949551 -0.9830740437123451 0.09378303017302296 -0.1573854117465328 12.432423175989573
-0.16086519081422845 0.012198881216226178 0.9869009968995752 102.07079751985293 0.0932477237593725 0.9956387373552351 0.0028925233566911646 -0.8377996001419244 -0.9825615768988727 0.09249157785844961 -0.16130113337251104 12.094989494496525
-0.16547156114127684 0.013884896031738366 0.9861168146399583 103.98705794355385 0.09282041514361482 0.9956816509365884 0.0015558022871673494 -0.8363931686044759 -0.9818368158640404 0.09178921314826467 -0.16604579899409264 11.761158520040684
-0.1706130965792977 0.01548313974295308 0.9852164450816505 105.91560813255042 0.09242334142267722 0.9957197389228453 0.0003570429782463996 -0.8530817627854774 -0.9809939333328683 0.09111791208714817 -0.17131383149351406 11.449540461021185
-0.17539416596335275 0.015686559306946152 0.9843733125207789 107.8520862636092 0.09082613094872877 0.9958667157921721 0.00031355094903209326 -0.8657043308716026 -0.9802996993179718 0.08946181439263863 -0.17609396151677859 11.098980661496672
-0.18043075058913244 0.015450837390413308 0.9834663267574435 109.80201015604298 0.08931117020513149 0.9960034994114852 0.000737588412210944 -0.888216139528531 -0.9795245066451548 0.08796761213089052 -0.18108959135620342 10.759917812261591
-0.18470600440522492 0.01478346382576276 0.9826826248255185 111.755677636744 0.08762056679262259 0.9961528178806031 0.0014831397351464212 -0.8976031817269766 -0.9788801398596245 0.08637715337892751 -0.18529074224730308 10.382076530501706
-0.19196445472143675 0.014465594625354369 0.9812952637690848 113.737038498941 0.08715328409353044 0.9961921081727367 0.0023640402007878607 -0.9056597143706064 -0.9775244003068236 0.0859769165909867 -0.19249419892114292 10.10093642286997
-0.19758335600129098 0.014117110230405204 0.9801844339867937 115.71588275457599 0.08661665036675395 0.996236856028713 0.0031116827069964633 -0.9073163485251796 -0.9764519308755102 0.08551510912562821 -0.1980625981873436 9.75329072532194
-0.203244744828161 0.01570087529785548 0.9790020716089514 117.70005571627709 0.08728654199714933 0.996180937408476 0.0021446515218717273 -0.9166688698448461 -0.9752295285141428 0.085889594590099 -0.20383901553734174 9.395509886661209
-0.20643449078107115 0.01635780007883159 0.9783236802779243 119.6770719570415 0.08710845393521488 0.9961973425028547 0.0017239615038635526 -0.9372341364769111 -0.974575250182857 0.08557614835239563 -0.20707439379168105 8.95247177455719
-0.21259369962132857 0.016492912640696616 0.9770014855228952 121.67541848205124 0.08772354538955963 0.9961422667277829 0.002272448617855202 -0.9502628747642711 -0.9731949950886535 0.08618914241980402 -0.21322038660347736 8.534565732599159
-0.21823297329596134 0.01651410134591616 0.9757569645271011 123.68267003868797 0.08633399955491382 0.9962632425307436 0.0024478772397947142 -0.9502003364180347 -0.9720703729089053 0.08477520886949065 -0.21884321802120732 8.119400063169866
-0.22412930902592149 0.017485825489310856 0.9744025342447146 125.6960085898937 0.08596436152479572 0.996296411303208 0.0018945637976640994 -0.9592131116583836 -0.9707606200208161 0.08418851899936569 -0.2248023840743155 7.710339101073712
-0.2292894805212942 0.017957408742255723 0.9731926148474105 127.71640573152249 0.08517953555595811 0.9963641962518222 0.0016837903467695108 -0.9748786870862093 -0.9696240409791563 0.08328217035310832 -0.22998543270505056 7.2649015961773085
-0.23506856427176545 0.017135818405401786 0.9718277284677516 129.7549412148832 0.08657666853419754 0.9962394735994956 0.0033751603991004206 -0.9906847012548412 -0.9681153085024184 0.08493100122909801 -0.23566814480003911 6.878794816899163
-0.23972645425379224 0.01697405143615924 0.9706920771844947 131.79364946479436 0.08853932333372393 0.9960627491409318 0.004448370197671216 -1.0000069102958458 -0.9667947121051671 0.08701081169401793 -0.24028546209422913 6.422277495839249
-0.2432850551363478 0.01790463802154057 0.969789567836561 133.82831220819946 0.09000459069833472 0.9959325299564821 0.004191590116698023 -1.0081114358958718 -0.9657699289170956 0.08830526434929434 -0.24390700007927532 5.927367950539697
-0.24660520286656484 0.01839954547503678 0.9689413453070594 135.87470482050324 0.08974110855524463 0.9959573829402021 0.003927442193029141 -1.0062915620502046 -0.9649520233433465 0.08792239813162415 -0.24725946807426363 5.430517538909352
-0.24964860125139257 0.018453751280742923 0.9681606452221106 137.92532660516943 0.08926137297981668 0.9960000736989689 0.0040324292190701055 -1.0155148853425815 -0.9642136605477976 0.08742603877173677 -0.25029723242117835 4.917519573499112
-0.2534059114325956 0.018901116046940388 0.967175367688403 139.9839589409607 0.08771793488538886 0.9961391495088071 0.0035154964533233544 -1.0165175959807493 -0.9633748013885667 0.08572947350853569 -0.2540855159616363 4.373449106024421
-0.25508273764328127 0.018159533482862623 0.9667486893190472 141.9775256698817 0.08479486404100514 0.9963917177162911 0.0036573075679509166 -1.0445910568413694 -0.9631939721513412 0.08290823969946479 -0.25570216229289017 3.630518445377359
-0.259935645427453 0.017477532379601517 0.9654677602582777 144.05038772706865 0.08338812206270593 0.9965073811732088 0.004411390502823667 -1.0516810354592772 -0.9620186491617879 0.0816552210776084 -0.2604852079019038 3.0888944931119675
-0.2635802295409006 0.017271001007187863 0.9644828537197422 146.0920324236568 0.08206236601074147 0.9966166718260242 0.004580122611673251 -1.0508713588989458 -0.9611405884051967 0.08035497472234404 -0.2641057503302153 2.407348585136309
-0.2672777959279623 0.017618029444585973 0.9634584499823445 148.15250907241006 0.08129655442548221 0.9966805628336064 0.004327344246768195 -1.0493465334446517 -0.9601840709168413 0.07948245534817797 -0.2678228691680186 1.7762640686531825
-0.2721446470019602 0.017066491010771803 0.9621049973847757 150.23784826794468 0.07950758875620371 0.9968226680186484 0.004807479002325787 -1.0466530967757675 -0.9589660236099897 0.07780297814841429 -0.27263686866028297 1.1913966459067735
-0.2765638132763917 0.016150607343458554 0.9608598311244259 152.33611071069208 0.07903885246476913 0.9968535150568257 0.005994107098094919 -1.0614988799240765 -0.9577396916631764 0.07760301154780251 -0.2769701348731265 0.5883517801828083
-0.28016485352915715 0.016082885371543218 0.9598171678216186 154.42019078184092 0.07917851163221545 0.996839854039365 0.006408486130494227 -1.0564234027815944 -0.9566809385279376 0.07779232736525749 -0.28055291062543525 -0.053547989804463736
-0.2838964075310387 0.017012054291478236 0.9587040313880794 156.5199799680044 0.08022548200491499 0.996758262385132 0.006069464890056705 -1.0540248559376193 -0.9554929104017735 0.07863559229608649 -0.2843408901234469 -0.68956996278354
-0.28767960514831625 0.01821654535907542 0.957553446162088 158.63507803095555 0.08051664087421169 0.9967395553687232 0.00522774384350701 -1.0625558101139023 -0.9543361647365378 0.07860290222721307 -0.2882083767648279 -1.2970336459719702
-0.289794992838728 0.019700053032895536 0.9568859754621257 160.7229800392109 0.080166626650149 0.9967743947913177 0.003757374074823275 -1.0626774397546204 -0.953725418607022 0.07779918893474146 -0.2904395153968535 -2.008406197805252
-0.29351959375623804 0.020943707989296373 0.955723605011843 162.85753283012613 0.08139800821117392 0.9966766746246164 0.0031576127803102003 -1.0784689550625848 -0.9524812923834403 0.07872081906888266 -0.2942489087570207 -2.6273676964671875
-0.29718077814072463 0.021670000715322886 0.954575296230042 164.98834159803454 0.08081302927797776 0.9967260621975376 0.002532041687525797 -1.0802148060666246 -0.9513952067372382 0.07789459548125613 -0.2979590451592656 -3.2779252488034727
-0.300643226493911 0.02146077378031217 0.9534951942994168 167.1206781247119 0.08083832567099525 0.9967225447653395 0.0030551365298570696 -1.0951244031059062 -0.9503045908897015 0.07799746114622057 -0.30139273479747775 -3.952028914198241
-0.3047196557143458 0.021358474091671194 0.9522025766641294 169.26245181799175 0.0797590430945605 0.9968091477931034 0.003165109891803145 -1.0893482267383392 -0.9490966370533469 0.07691123754343396 -0.30545087178393654 -4.626505815668439
-0.3082414666623558 0.02215261330395629 0.9510501879257721 171.41107613159198 0.08226924199587593 0.9966041677998206 0.0034502964294502387 -1.1050022243262576 -0.9477441479910418 0.07930570249252204 -0.30901720906917746 -5.311947929806507
-0.3116672592183196 0.02247177503887001 0.9499255438495927 173.5697785586562 0.08480092967154582 0.9963888413390178 0.00425196212717563 -1.1251564100990856 -0.9463996628582368 0.08187976661967093 -0.31244740671051474 -5.990308283764106
-0.31432075045834595 0.022165391455833742 0.9490580389275005 175.72794620187446 0.08550920263471642 0.9963245790674861 0.005050684188456874 -1.1237784682812153 -0.9454579007528994 0.08274073100720189 -0.31506083434206245 -6.694327488004399
-0.31752101291439816 0.021811800262355328 0.9480003437378759 177.90413484406048 0.08514385724866161 0.9963529673169972 0.005593575907580641 -1.1210978266463658 -0.9444209495403182 0.08249248382688822 -0.3182201442106334 -7.377524252685248
-0.31982252879719125 0.022580416608498407 0.9472083587361112 180.07474516624106 0.08515235890088564 0.9963553990685124 0.004999452033924286 -1.1427400653636572 -0.9436432725598093 0.08225596350910588 -0.3205796790500045 -8.09775369256024
-0.32278450083561294 0.02462378855782274 0.9461521204633877 182.25403016144145 0.08488983177755485 0.9963857379706674 0.003029460253297605 -1.1636977347713306 -0.9426578819917036 0.08129655715777558 -0.32370818233898524 -8.814948030249933
-0.32588074841650744 0.026548576040089467 0.9450380473408156 184.43906719174768 0.08462069186506847 0.9964125283348346 0.0011882279489968655 -1.177622906171916 -0.9416162043634212 0.08035699401810142 -0.326958219337885 -9.54975281116671
-0.3291058993246919 0.027584597450874913 0.9438900343859765 186.63274398619913 0.08407871452670117 0.9964590969092244 0.00019480859758212103 -1.1989626804912017 -0.9405424375291235 0.07942517340443987 -0.33025984472298664 -10.288829824116611
-0.3320536084329671 0.02813209774840662 0.9428409124570915 188.80693551359388 0.08211900331416569 0.9966221971132058 -0.0008157915994849341 -1.2150819459354387 -0.939679131630226 0.0771542694704564 -0.3332421766240676 -11.095903148915545
-0.33564351654810404 0.02841043961221125 0.9415605539317502 190.99716672788023 0.08277631021562032 0.9965679937116848 -0.000562473602945129 -1.2356915474549377 -0.9383450923121577 0.07775011788098767 -0.33684329725138135 -11.874884571062976
-0.3389658531223616 0.027631155446211857 0.9403928273151267 193.2058170471072 0.08248007443735252 0.9965926133439214 0.000447603777032449 -1.2539444005305889 -0.9371761775343204 0.07771539279344644 -0.3400898851555599 -12.655561014510967
-0.34251594154025594 0.027082672136919003 0.9391215888588214 195.4135432093142 0.08239057714887214 0.9965992568452412 0.001309218311814216 -1.2684233845095567 -0.9358924204137297 0.07782319786179673 -0.34358248978476164 -13.45860233585975
-0.34644043870373026 0.027022252300512053 0.9376826863664357 197.63235993177477 0.08291431293933946 0.9965548400721517 0.0019150557602330084 -1.2951357718657994 -0.9344004704304069 0.07841076845290418 -0.34748742747049255 -14.240072780098563
-0.3504603816872055 0.02713195503449138 0.9361844785530604 199.86215443840877 0.08214912288917174 0.9966182961006749 0.0018690869232927314 -1.3189148922121636 -0.932967867869092 0.07756177469213407 -0.3515040947562469 -15.035225378366665
-0.35478586019142805 0.02773773517904142 0.9345360407471544 202.07631194665828 0.0813073994605135 0.9966882439718567 0.001284959635383221 -1.3344711160534257 -0.9314054435106113 0.0764405806848261 -0.3558661790945714 -15.826447749839167
-0.358274357925847 0.02845830509431515 0.9331825166193278 204.31703718217298 0.08165309594921911 0.996660353578191 0.0009547393896269454 -1.357394757898859 -0.9300388467019703 0.07653930020945665 -0.3594015569647925 -16.629745329120798
-0.3610213277701839 0.029019731484626058 0.9321059253537737 206.5166563437616 0.08249514174599058 0.9965910379633367 0.0009244671261144431 -1.3819940491717255 -0.928901583852328 0.0772279627836868 -0.3621846066316446 -17.495037986695753
-0.3635477195108746 0.02873194985364803 0.931132391605002 208.732834395541 0.08372712845574391 0.9964868280733635 0.001941503757740395 -1.4005203656062046 -0.927805380238226 0.07866687062476417 -0.36467615752487686 -18.358510753234263
-0.36626262923962893 0.02824240313196892 0.9300828205529906 210.9555853440761 0.08500744414795176 0.9963751125761854 0.0032201674220272754 -1.4168312727454657 -0.9266204297671774 0.0802433904077111 -0.3673357829479299 -19.218563666799966
-0.36888968060431154 0.028931349080580135 0.9290228095068644 213.17972306794553 0.08612010927988115 0.996279718346429 0.0031701087016843474 -1.4335694592925428 -0.925474867471436 0.08117696626467846 -0.3700088780378018 -20.08324882747374
-0.37146637815853467 0.02971112448832886 0.9279708933902079 215.39838551728118 0.0861327707367567 0.9962803248905948 0.002580705542924845 -1.4559725247410242 -0.9244424674921591 0.0808873495518858 -0.3726437453916021 -20.95354470090203
-0.3741999495138592 0.029936227037150907 0.9268647258875516 217.62166985686684 0.08569356697059757 0.9963186083023715 0.0024172981363989343 -1.4781870501852898 -0.9233802089950177 0.08033089730112968 -0.37538771500292123 -21.83972957907957
-0.37708087504410276 0.031097189209253848 0.9256581326274071 219.8619874075308 0.08550848307846987 0.9963365121524118 0.0013615702644496229 -1.5058430939095413 -0.9222246542993711 0.07966504487697111 -0.3783585173181084 -22.724886375630476
-0.3803344304578978 0.03218516761078192 0.9242888271498977 222.08421848679427 0.08530651947507847 0.9963546714011416 0.0004080590276429317 -1.531655033071335 -0.9209063572064841 0.07900306173173173 -0.381693591109017 -23.592877992460803
-0.3824013302647186 0.03176639875836928 0.9234501169644729 224.2696711187024 0.08258569555743124 0.9965839633146335 -8.338699777665293e-05 -1.5576157817288128 -0.92029822639244 0.07623188292322544 -0.38371848342881615 -24.58106488581677
-0.38501761290358416 0.032474373363367726 0.9223377108351818 226.45437381819116 0.08304045207633164 0.9965460874278368 -0.00042302627279341325 -1.5812010886106123 -0.9191657745330741 0.0764284679090557 -0.38638448237486206 -25.58120116289614
-0.38755722071783594 0.032091573324478824 0.9212868888630876 228.67570508652952 0.08474890140783141 0.9964018938719729 0.0009431853000091906 -1.61049629225092 -0.9179417325623853 0.07844358998607884 -0.3888824742907086 -26.49338311528293
-0.39038747460561146 0.03144150259388919 0.9201136079776738 230.91304370748608 0.08544745952700407 0.9963402322726247 0.0022075360272962577 -1.6320629807335068 -0.9166767976399508 0.07948316469271491 -0.39164534364523806 -27.37983388933025
-0.3937340041711614 0.03088703656356849 0.9187053526194705 233.13883251736002 0.08440393167277428 0.9964280353868762 0.0026733150257028057 -1.6523042268720873 -0.9153411988310823 0.07859491883938652 -0.3949345875649645 -28.28963648382456
-0.3966334281979967 0.030995776332914178 0.9174536421451635 235.34131987466606 0.0829899077746922 0.9965479366479799 0.002210242113598615 -1.6812601144841162 -0.9142180258797428 0.07701604905584662 -0.3978365610956019 -29.25253764266145
-0.39979077596823565 0.03059846376963802 0.9160955569511595 237.54461296176817 0.08149927448700554 0.9966707996957161 0.002277123622567356 -1.682097081518961 -0.9129760148595412 0.07557149627233041 -0.4009535449928747 -30.231421657825464
-0.4039901684563351 0.029930586767298515 0.9142735388090306 239.77443417069082 0.08063263816076675 0.9967393763509578 0.0029988822480446296 -1.7030998263643073 -0.911202678581367 0.07493180637932041 -0.40508629073183283 -31.139527071540275
-0.40725584802716425 0.029910816866450043 0.9128241984533811 241.95753663314272 0.07987911228101743 0.9968001172156337 0.0029755234992366155 -1.7239103089075114 -0.9098142676771305 0.07412738598709356 -0.40834192654912166 -32.15755499129614
-0.4108081147662875 0.029540021679319056 0.9112431508446881 244.13889805801665 0.07875894722136476 0.996888586183566 0.0031898228025785623 -1.7216606129927392 -0.9083136688802785 0.07307895631517256 -0.41185646173045987 -33.17297161645375
-0.41462630041085285 0.029075192947582953 0.909527165159277 246.32397505018753 0.07765807516596417 0.9969737974508095 0.0035313677277161925 -1.7264098012485058 -0.9066720765354626 0.07209632689375853 -0.41562948076297646 -34.17417170620042
-0.4181401660693488 0.029234460550218316 0.9079119714134383 248.502523843244 0.07675304965662892 0.9970448557700382 0.0032442180736517653 -1.7216504105391495 -0.9051341176245129 0.07104155050982525 -0.4191483355725694 -35.19124572531701
-0.42184317077262645 0.030074575988853096 0.9061698842665145 250.67720498164405 0.07684128574823357 0.9970397329818038 0.002680981187958449 -1.7305450435934655 -0.9034067500727765 0.07076221261847698 -0.42290537143465357 -36.211104042855254
-0.42577706235666235 0.030734441327167454 0.9043059699500157 252.88208281242794 0.07741352016129853 0.9969957732783444 0.002564168744608279 -1.7465568757564098 -0.9015104214967059 0.07109727267217408 -0.42687719282178954 -37.17372975615509
-0.4296708780725924 0.030807494330850692 0.9024598799001443 255.06449808007676 0.07732393706148194 0.9970021470256565 0.0027798531511177135 -1.7597084829401053 -0.8996687975547671 0.07097617289826477 -0.4307649447054346 -38.16705845259233
-0.4334918669080149 0.0313886608525398 0.9006106557744522 257.25186501024956 0.07618561762658534 0.9970918053344979 0.0019192190198003929 -1.7607478047780432 -0.8979312629547213 0.06944554488715918 -0.4346225526866569 -39.1717852099772
-0.43705116574970715 0.03183036738224983 0.8988732425815855 259.42182599216335 0.07668805989093966 0.9970531680346857 0.0019802985025184176 -1.7681499566014627 -0.8961613805487194 0.06979833683051767 -0.43820425852415884 -40.22415480666922
-0.44053395679157575 0.032593473560998766 0.897144078949857 261.5966046217575 0.07744152625421698 0.9969952602771295 0.001805822902338411 -1.7833665671689585 -0.894389536457676 0.07027173305224249 -0.4417343552508213 -41.26932329279968
-0.4447453749654056 0.033908219012992534 0.8950149630761759 263.79607635750415 0.078995076278856 0.9968738978024224 0.001486540918229418 -1.807694559579219 -0.8921666488782125 0.07136290747699918 -0.4460336378187756 -42.27287035473222
-0.44803820312727316 0.03614241874655818 0.8932835463085803 265.9712278329271 0.08157096779750454 0.9966673627026458 0.0005876528988907046 -1.826819086423144 -0.890285317047891 0.07312929433885917 -0.44949322637659145 -43.321696156734426
-0.4510774118929059 0.036937738560401175 0.8917201197405169 268.16672265958664 0.08285504430131034 0.9965614093312679 0.0006317163154371442 -1.8427000004203127 -0.8886305250855535 0.07416846298608798 -0.4525868192783078 -44.3816461431966
-0.4532569188851475 0.03886893192262829 0.8905320721983783 270.28770153965087 0.08423603931530262 0.9964456372271998 -0.000617844113669806 -1.8560669526558318 -0.8873908130937658 0.07473485252592697 -0.4549200442437268 -45.53824493560546
