1.0 0.0 0.0 0.0 0.0 1.0 0.0 0.0 0.0 0.0 1.0 0.0
0.9999801517938997 0.0005235478472016019 -0.006278687434576318 -0.013485632393670339 -0.0005222776795313102 0.9999998428180137 0.0002039361994634854 0.001174497154490123 0.006278793218037951 -0.00020065293339193533 0.9999802680523878 0.09067506400574246
0.9999114877818519 0.0010243382922320726 -0.01326526791838587 -0.02338429390555529 -0.0010223031066160077 0.9999994646156826 0.00016020208035523795 2.376213511088059e-05 0.013265424917494863 -0.00014662677591068934 0.9999119996291408 0.18452699223885377
0.9997882227898516 0.0013297427316280065 -0.020536342297930145 -0.04212569550650562 -0.0013413800711196229 0.9999989474967179 -0.0005529059243494453 -0.0006984698049207251 0.020535585460728298 0.0005803358717674515 0.9997889541998656 0.28076736955415715
0.9995571144444294 0.0018600409507717316 -0.029700424427729515 -0.0546159542625668 -0.0019166204078111416 0.9999964023687844 -0.0018766501274175029 -0.002414087782451234 0.029696826930468205 0.0019327434257620582 0.9995570833989982 0.3844378304609668
0.9991510779598217 0.0019558840092467568 -0.04114970145054111 -0.06993431136380174 -0.002103841069300763 0.9999914764667025 -0.0035525831024419033 -0.0010065981384183018 0.041142402269209025 0.0036361396682477974 0.9991466765314448 0.4981032599882771
0.9985007641656015 0.0017621586280499766 -0.05470940282693176 -0.08778897946599705 -0.00201190283622474 0.9999878051769189 -0.004510182305236202 2.252071706843105e-05 0.054700787998780157 0.0046134904810201955 0.9984921329173776 0.624815732425614
0.9974824208008037 0.0015981345861156853 -0.07089616462978035 -0.11326877923962214 -0.0019243061480476238 0.9999878760653338 -0.00453263369264188 0.00034449351211326355 0.07088806133064188 0.004657648353809799 0.9974734026893125 0.7633489060342272
0.9960147806530452 0.000188315076441681 -0.08918812285331594 -0.14124161609776595 -0.0006399138247622658 0.9999871201932047 -0.005034874178998972 0.0078665347433054 0.08918602598480926 0.005071881813829777 0.9960020726805258 0.9151097304851674
0.9940333385697931 -0.0011446129217746299 -0.10907067283669929 -0.1753088951030507 0.0005768229329426285 0.9999861198472723 -0.005237116391782913 0.00604951676422824 0.10907515339019709 0.005142953825998873 0.9940202014742199 1.0775159379206212
0.9913508802417036 -0.0014637833486331306 -0.13122991115712834 -0.21896566433479198 0.0007343753560450037 0.9999840139771221 -0.005606467964723809 0.0029769565754857283 0.13123601996721773 0.005461604939146096 0.9913361074502698 1.246114801504277
0.9878781591822133 0.0020928454025491506 -0.15521714663297673 -0.27531780976695003 -0.003219644903899317 0.9999702572198735 -0.0070084636199904595 -0.0017984929759353 0.15519786241264655 0.007423252234766337 0.9878555151583679 1.418771601684356
0.9835679474576507 0.006308468695435731 -0.18042809081920452 -0.3409889663661775 -0.007973752078457658 0.9999320329282517 -0.008505809882959334 -0.00817643764514435 0.18036216901483443 0.0098047308322291 0.9835513993897685 1.595656865341449
0.9782111181609309 0.009008982835290384 -0.20741708351680035 -0.40920777296960265 -0.01119823016561026 0.999893272992552 -0.009383084002601967 -0.014761641897666409 0.2073104144694615 0.011501341335483944 0.9782076012789847 1.7802103637108306
0.9715213525410702 0.00927970231906522 -0.23677024450221681 -0.4821963645098474 -0.011890977261940373 0.9998831860807117 -0.009603064762923056 -0.0168187341758211 0.236653472859635 0.012145012060694415 0.971518210053481 1.9715968279851734
0.9635634090916606 0.01114095430308649 -0.2672478920344816 -0.5690653061460413 -0.014079076253197383 0.9998596540006762 -0.009080303602012327 -0.02066540008473025 0.2671092216145187 0.012512051744802008 0.9635850311672662 2.1649182631250237
0.9541950067642518 0.012905092447191287 -0.2989069213904205 -0.6648686136005619 -0.01604591510516254 0.99983880374606 -0.008055751491053614 -0.024161165559090182 0.298754778496692 0.01248299293347321 0.9542482681214651 2.36152238905427
0.9429402381609422 0.015221218047346122 -0.33261392300705195 -0.7668492643784535 -0.01854264918727916 0.9998048521524913 -0.006813792883023829 -0.030164021546310264 0.3324452998887237 0.012592542773022262 0.9430384671095907 2.559842663409387
0.9305758711489249 0.01960028078266822 -0.36557403768410646 -0.8815592023623605 -0.023135119484687498 0.9997183465317317 -0.005290921875207519 -0.05432324096695339 0.3653673689341307 0.01338120327552358 0.9307672260651696 2.7508976136579246
0.9168904043145802 0.022431809278304564 -0.3985082187462985 -1.0085972209815184 -0.0264177541168815 0.999640803425277 -0.004512914212212545 -0.05610971051988476 0.39826384312822816 0.01466553987306871 0.9171536584438651 2.9445232860453134
0.9009497420320678 0.023058031851596904 -0.4333103847122539 -1.1389310293013846 -0.027391367649453446 0.9996177165153524 -0.003759495567896018 -0.05662029078508363 0.43305805073990167 0.01525608061604607 0.9012369148529115 3.1393535997201765
0.8827020362186323 0.018466109817609495 -0.4695701417719026 -1.273526584020746 -0.02327798641284988 0.9997191552537155 -0.0044436434781300735 -0.05602698150516 0.46935620865611644 0.0148530605264214 0.8828839878426583 3.3336329741031143
0.8620016299226723 0.0139382199253484 -0.5067138403832772 -1.423513612147989 -0.018958123550950674 0.9998090001130272 -0.004748983513962513 -0.05980227481123966 0.5065508657203969 0.013699975120474455 0.8621012302042119 3.5233012398697676
0.8360377747748916 0.016201998272549912 -0.5484326160992107 -1.568616862166748 -0.019935376889218044 0.9998009065287871 -0.0008532599257421868 -0.07391989370264936 0.548309602230102 0.011646568429899685 0.8361943180541684 3.728002703572825
0.8073132443524951 0.021980561431994346 -0.5897136427217733 -1.76255833594689 -0.02483238336016693 0.9996862929576942 0.003266253076133731 -0.0814798481310142 0.5896004394754998 0.012007105881017744 0.807605814230346 3.9058541737252988
0.7749556982032769 0.024858761094892996 -0.6315264901958578 -1.9650330615037794 -0.027874165920875812 0.9995982128453686 0.005142348739720408 -0.08349607601112305 0.6314005833830748 0.013618181713152915 0.7753372481896771 4.080998248904729
0.7396433717958422 0.024412234430067233 -0.6725561131746622 -2.1826901025523893 -0.02740738441644591 0.9996054770634641 0.006142109098181399 -0.08600659496335743 0.672440716969107 0.01389003365209185 0.7400206410143013 4.2484468471994745
0.7003580801197299 0.020242265162094295 -0.7135045972606717 -2.4075788266050613 -0.021290242007432555 0.9997454672079028 0.007465011220198783 -0.08702195385501124 0.7134740956799138 0.009962504622844731 0.7006107787462088 4.4187184554189605
0.6578306888869 0.016490438012157424 -0.7529852921623063 -2.650372573274067 -0.015882909055181773 0.9998416872612103 0.008020823810661945 -0.0846493256193486 0.7529983518962915 0.0066832528624951835 0.6579884620361096 4.58438684711792
0.6134380346379378 0.01602053287109625 -0.7895803443513969 -2.9141267041514 -0.013015381276908395 0.9998635222516615 0.01017529953949456 -0.08551838293950868 0.7896355979246128 0.004034773479126193 0.6135628273398018 4.735230772642814
0.5652848869055723 0.016706523759319348 -0.82472655389531 -3.193165957168371 -0.010178893922217686 0.9998600408104499 0.013277383365952782 -0.08639779048623461 0.8248329447558908 0.0008892999525119591 0.5653758240240913 4.886437005234314
0.5216267314825043 0.016018961862641658 -0.8530234146046184 -3.5094610641097 -0.007630937456843335 0.9998713261099954 0.014110280527672618 -0.07787843701767358 0.8531396848092397 -0.0008509311858803135 0.5216818514379316 4.805160621151652
0.4863608794359577 0.018371691045239745 -0.8735648664652328 -3.728969074584314 -0.007275897585596743 0.9998294197767728 0.016976238192442927 -0.09694582125884804 0.8737277357784893 -0.0019006096340143126 0.486411586431094 4.5498122245929284
0.4472247969896571 0.020639308407896413 -0.8941834263203516 -4.030917784417243 -0.007082559346581653 0.9997840985529791 0.01953442176543493 -0.10427368287092158 0.8943935477800934 -0.0024031706247133722 0.4472744196355148 4.36600400048132
0.3930668530551254 0.022652005819286662 -0.9192308391594047 -4.374160803846808 -0.005548852818512168 0.9997367465791053 0.022263148290956235 -0.10840315871465717 0.9194931534610461 -0.0036502290050928034 0.39308906950775363 4.493461996827688
0.33940987158344954 0.025765621186141043 -0.9402856331118744 -4.746034881640595 -0.003263431790758137 0.9996510177105185 0.026214362537978184 -0.10639494597879376 0.9406329194136538 -0.005828855395166744 0.33937550789667925 4.584932473769995
0.2866896515516541 0.02744619361669457 -0.9576302784212423 -5.130183140880938 0.0018798632432341855 0.9995714990087262 0.02921103359410046 -0.10320910257609973 0.958021664581432 -0.010174715003568546 0.2865152096612296 4.666102637549502
0.23667710772791908 0.02786652576939304 -0.9711886549064969 -5.529646089846862 0.004936292922252832 0.9995412138668929 0.02988301848349218 -0.09880111603458655 0.971575822923632 -0.011866698068240075 0.2364309662189465 4.727034291884258
0.1896214667140592 0.029096955888765864 -0.981426037212798 -5.948466776354708 0.003377081394740663 0.999535558410768 0.03028634665535135 -0.0911480219735844 0.9818514626370235 -0.009057297084783571 0.18943513583033061 4.771538122447795
0.14764578217153357 0.029607014307932743 -0.9885970603389058 -6.384433497177512 0.0016694772551892308 0.9995429601569459 0.030184162177956057 -0.08180743821041601 0.98903889501508 -0.006107004540739494 0.14752887392944133 4.8011445086000855
0.11020002439131417 0.028325780694982185 -0.9935057145141006 -6.834329448930543 0.00041527617708695926 0.9995924113282406 0.02854538072422308 -0.07182434713751147 0.9939093430337852 -0.0035582809071062135 0.11014334508782486 4.816553533360877
0.07606696490102878 0.0256992807232594 -0.9967714702082183 -7.298764699198253 0.0019465176613829972 0.9996620642469607 0.025922352796379465 -0.061847833396463756 0.9971008113123465 -0.0039120679714372865 0.07599123505015111 4.8258254319528415
0.04495272311551314 0.023035729376391628 -0.9987234891883728 -7.776218154267482 0.0026591792862724877 0.9997278039545336 0.023178584205457743 -0.05428129574323529 0.9989855761971859 -0.003697725293161068 0.04487923102764653 4.826631221663422
0.07338146211403133 0.03477314116233427 -0.996697541720512 -8.016521939219274 0.006062801818409361 0.9993579347930909 0.03531232929444794 -0.1643151706168238 0.9972855175184876 -0.008634050022625982 0.07312352376690523 4.407454557907454
0.053164259119065034 0.03272162422272452 -0.9980495262563617 -8.526373685013164 0.005211625126664906 0.9994402822922431 0.03304483462117741 -0.15089310526528113 0.9985721809242735 -0.006958264139040573 0.052963969302832134 4.390827391541801
0.037029991779768345 0.03180875171477202 -0.9988077808182806 -9.055489913343882 0.005921800593828228 0.9994687446941344 0.03204934722047931 -0.12979121691877166 0.9992966086135372 -0.00710152757369123 0.036821954315365966 4.397730582867002
0.021473846680211666 0.032071687874607936 -0.9992548627580596 -9.151825983058707 0.010367881325426813 0.9994244449850783 0.03229993503230034 -0.09258952788476682 0.9997156500453398 -0.011053759683595621 0.02112897184627541 4.933125456836875
0.009131918449446753 0.0340726178933593 -0.999377638720882 -9.700521077363117 0.010960696022367822 0.9993558602997032 0.03417202989794389 -0.11665887672128 0.9998982304255456 -0.011265930699851375 0.008752576610818462 5.038500807780534
0.002394130274062743 0.035730005716618704 -0.999358611726402 -10.277579085996623 0.009325664365731193 0.999317220650877 0.03575086704885115 -0.10683913548349855 0.9999536489879759 -0.009405275227089144 0.0020592895702539298 5.031876793327007
-0.002091494882080525 0.0367576946639976 -0.9993220189369124 -10.867399382718935 0.009689152858988722 0.9992780401017106 0.036735798444563136 -0.0907160893050605 0.9999508717762253 -0.009605751062397035 -0.0024461358289914197 5.027192172826515
-0.0034861496963553298 0.03723947441810927 -0.9993002893551857 -11.474960330893056 0.01187641883209321 0.9992374245368084 0.037195699761815186 -0.06997133583148521 0.9999233957839065 -0.011738438997983752 -0.003925762839412095 5.027103401467389
-0.0025284679174523896 0.03928043860621815 -0.9992250267046426 -12.098118634538956 0.013932053753567115 0.9991326230635452 0.039241552063694875 -0.051426451978835414 0.9998997473388008 -0.01382203577853454 -0.0030735319648215013 5.031506492484704
-0.0008779006425815587 0.04184346730124556 -0.999123792897893 -12.737221013635653 0.013082970677401964 0.9990391476794007 0.04182842672478885 -0.034478051827424194 0.9999140288888418 -0.013034786082877937 -0.0014244939654546426 5.026563885070573
0.0007824281309878632 0.042048769241030445 -0.9991152530171555 -13.392082659555408 0.010982872057249475 0.9990549372538445 0.04205483170922444 -0.016401889931190843 0.9999393803264244 -0.011006059877707152 0.000319872434570933 5.0216728319986785
0.002242611943649938 0.0396670600175548 -0.999210435814816 -14.057283792248572 0.009084796164830667 0.9991709049853886 0.03968588047811785 0.004790112998841408 0.9999562176267085 -0.009166623164703779 0.0018803854505504512 5.0258668337184425
0.0036319620474090284 0.039529161821258534 -0.9992118164920767 -14.74059829606389 0.009065594731757462 0.9991760436110335 0.039560698501949515 0.030487723797941013 0.9999523107847921 -0.009202132335028524 0.0032706141079182818 5.021428281864284
0.005290050185982112 0.04207675885472637 -0.9991003762051698 -15.440548857850294 0.009748974335879266 0.9990647045388317 0.04212687555629982 0.06142913791030491 0.9999384845421382 -0.00996305721246302 0.004874897183842402 5.0265072830743405
0.007184325113276746 0.04566082940218496 -0.9989311658622791 -16.15737424229498 0.00866702942858181 0.9989165810765557 0.04572249611744388 0.08602237953188098 0.9999366320290254 -0.008986251088754182 0.006780797727334936 5.025227665580046
0.008986710991052974 0.047842227703172854 -0.9988144774050695 -16.888785221170117 0.008186740961871457 0.99881781608527 0.04791604682228785 0.10768242145151685 0.9999261054187886 -0.00860764306010795 0.008584415120628547 5.029018499823399
0.010788828176571685 0.04736121067769015 -0.9988195617376148 -17.63022487432135 0.006486916099649069 0.9988533634059718 0.0474328823928563 0.1338882204612859 0.9999207574133523 -0.0069910039137361804 0.010469229111334024 5.030618440119069
0.012443739619054222 0.04434973782935106 -0.998938563725899 -18.385257751332496 0.004422181073357095 0.9990037031997598 0.044407716758703 0.16848690191303117 0.9999127950270699 -0.0049700852743771295 0.01223521938985165 5.033299681918437
0.014037033032236626 0.04381187655125022 -0.9989411800385 -19.152073581927862 0.00393650390444441 0.9990294458900356 0.04387106314712873 0.19635338255516901 0.9998937271733739 -0.004548155418087366 0.013850943709030665 5.032628861060763
0.015531547766836934 0.04589299758208427 -0.9988256123052204 -19.93868643231006 0.006530902420287115 0.9989201414299551 0.045998895194731534 0.22651316438944663 0.9998580490937413 -0.007237666646787527 0.015215053202892022 5.051081014885794
0.01648024488507651 0.047742166734435945 -0.9987237290882952 -20.731870569830846 0.008797224160025437 0.9988137963928592 0.047891637916896136 0.2551409372656766 0.9998254899609258 -0.00957526243954401 0.016040697416499373 5.072115379954568
