0.9999794905341821 0.0005154755605278194 -0.00638379165888972 -0.09202467506621297 -0.0005132646600508301 0.9999998077402864 0.0003479637611153823 -0.01651934590341182 0.006383969798358568 -0.00034468004990887926 0.9999795628538 0.9956196816002991
0.9999095480341406 0.0009766757757726156 -0.013414240738475592 -0.17528540698727407 -0.0009725396798676614 0.9999994775160093 0.0003148559665624824 -0.032162245146511226 0.013414541241944957 -0.00030178160582788253 0.9999099754533559 1.9920246847106
0.9997760640430378 0.0010718999116846753 -0.021134635014372315 -0.24633922982249956 -0.0010786674470839549 0.9999993705552253 -0.0003088133610838571 -0.0461249555614727 0.021134290694272268 0.0003315414494643222 0.9997765909627597 2.989399427211314
0.9995460466312712 0.0017273300423489898 -0.03007851383830739 -0.39376928280932555 -0.0017773066907407075 0.9999970841639297 -0.001634883655082775 -0.0592242373134829 0.030075602150638633 0.0016876002380324302 0.9995462021140961 3.978385154253865
0.9991407362446761 0.0018423574071107683 -0.04140525202955285 -0.5344829988252613 -0.0019762529599714257 0.9999929492966709 -0.0031930833349822435 -0.06794787638271176 0.0413990772926708 0.0032721668860865305 0.9991373325640402 4.968397037135267
0.998505673389831 0.0015896703620567319 -0.054625023171252535 -0.698587601102534 -0.0018081502807767065 0.9999905622580078 -0.00395044142795925 -0.08315605873146494 0.05461822773472246 0.00404330842919607 0.9984991241138195 5.954722729136174
0.9974987030801572 0.0014641033706066806 -0.0706696098384885 -0.8713116062090709 -0.0017608167597577356 0.9999898944524577 -0.004136486105523551 -0.0802904237441893 0.07066283944013692 0.0042505757589779815 0.997491200827343 6.939688812915751
0.9960247743464299 1.5393658730608953e-05 -0.08907664481320908 -1.0595098955502262 -0.0003974173941087447 0.9999908003770175 -0.004270974215200064 -0.08346055570929348 0.08907575959574074 0.004289396736991678 0.9960156174117325 7.921814738727908
0.9940360796637127 -0.0011082821960594683 -0.10904606383254135 -1.2561077825730165 0.0006324495991059627 0.9999901283921895 -0.004398082045295999 -0.100135067796263 0.10904986168859351 0.004302886094990418 0.9940269678620154 8.90215713374346
0.9913542857256932 -0.0013753720316013072 -0.13120513909552106 -1.4936214373560097 0.0007564328500976093 0.9999883513956865 -0.004767062227443705 -0.12301955393451075 0.13121016722283235 0.004626599692183902 0.9913437782084703 9.873271722288912
0.9879364014435413 0.0020701377638320047 -0.15484631488164075 -1.8067516774301464 -0.003107452498722848 0.999974323523477 -0.006457246528733661 -0.13952030404364926 0.15482897158398254 0.006860526466927903 0.9879174675724905 10.82283854879295
0.9837148428706255 0.006369176626231715 -0.17962333229601324 -2.1585393547902902 -0.007934062476639128 0.999936563573566 -0.007994965997729874 -0.1698605398102591 0.179561016283148 0.00928990946091151 0.9837029729616411 11.75842653511555
0.9785411570882264 0.009303598944589223 -0.20584131492757446 -2.5344152171230987 -0.011334243473838558 0.999898020568663 -0.008688117618075999 -0.21602972938606155 0.20573949258543056 0.010834736247274889 0.9785468152731078 12.683945698639043
0.9720941109635081 0.010070203926423046 -0.23437497823561954 -2.9221532366347507 -0.012540808322859863 0.9998803765747072 -0.009053213099843494 -0.22760737957946356 0.23425577379581533 0.011739826817382884 0.9721041142334611 13.60564259363301
0.9643242464570128 0.011932723552498994 -0.26445483131100905 -3.332160833049509 -0.01461385959470235 0.9998598069346422 -0.00817322362147309 -0.2629552410412768 0.26432022775955116 0.011746343483821454 0.9643634380314817 14.517039477307893
0.9551442234137572 0.013787231437642017 -0.2958199194250039 -3.7725921924340313 -0.016736369166581222 0.9998322604471764 -0.007439416389037639 -0.2693190061221628 0.29566772976848676 0.012056666967884084 0.9552147561439653 15.414803199099262
0.9442193082702403 0.01594770714766279 -0.3289309479608167 -4.241804904562907 -0.01908686627821675 0.9997978760317606 -0.006316535289048267 -0.2848503816954549 0.3287637288773606 0.012242455599784876 0.9443328506705361 16.297751774696653
0.9321842416024507 0.018333968337053766 -0.3615195780494883 -4.7540985923362244 -0.02196877255781198 0.9997409733919093 -0.005946356338200384 -0.29634751802013387 0.3613169145506025 0.013485241058788589 0.9323455558607117 17.156485128726846
0.9188953815905169 0.02117995900806427 -0.39393233813440043 -5.3071372868878 -0.02534018744190347 0.9996645075191131 -0.005361651515928394 -0.29605682229803976 0.39368661723765536 0.014909116103437373 0.9191238032305477 17.98964063511487
0.9033407414584349 0.021565587433006392 -0.42838117402611786 -5.862045070376018 -0.026176014409750932 0.9996454674788126 -0.004873973603426592 -0.28812387484447266 0.4281241888645703 0.015616170712941873 0.9035849789152753 18.821514664141436
0.8856250831416514 0.017280155717934606 -0.46407931254119417 -6.4409195165879485 -0.022412936233519164 0.9997334140519163 -0.00554627059311322 -0.2928127110504487 0.4638597550981716 0.015313296394433153 0.8857762869674266 19.63691785909339
0.8651722430943197 0.01266132653629655 -0.5013149514920585 -7.047261671975779 -0.017984307596858783 0.9998215292638807 -0.005785697943798709 -0.3142103967790999 0.5011522268327313 0.014021427558440006 0.8652455403582375 20.43183377266231
0.8407466485203702 0.01430656317987276 -0.5412396837370166 -7.6990836004646575 -0.018792191111420328 0.9998195931928056 -0.002763081794867081 -0.3356807225688355 0.5411025102094774 0.01249413133249282 0.8408638237712748 21.1899018294036
0.8127014980431081 0.01999573654179852 -0.5823370549764452 -8.427217088746893 -0.02393949243149933 0.9997129881939986 0.0009175719856806927 -0.3562833318122524 0.5821882648942787 0.013195141392865081 0.812946930902019 21.875027464403708
0.7809913774552689 0.023306535461840368 -0.6241067807236899 -9.181483944012571 -0.027263518166405577 0.9996231179755543 0.00321287815234075 -0.38654212036581304 0.6239464471552926 0.014506116420244634 0.7813324539968184 22.530897799731427
0.7468534973713907 0.022657523993856968 -0.6646025053147107 -9.976934587856737 -0.026879504029427542 0.9996311774092689 0.0038731659519591097 -0.389471753058737 0.6644451412473829 0.014971498182453906 0.747187063937083 23.13690907888404
0.7078683737699984 0.018369645911711217 -0.7061054606256039 -10.754166669427448 -0.02099402053383794 0.999767283023924 0.00496295242636476 -0.38711100123350456 0.7060323055767654 0.011310875476280288 0.7080892935060643 23.766118661001222
0.6665729363037208 0.01501508320866497 -0.745288580258461 -11.57958929897731 -0.01589142856264604 0.9998561339500854 0.005930758857673547 -0.396809624593775 0.7452704093721113 0.007890416885464416 0.6667156502105672 24.330550587217218
0.6226152451312343 0.014158269870834227 -0.7824000255140829 -12.4252272829345 -0.01380506870055154 0.9998794407822337 0.007108022170873692 -0.3708161367309232 0.7824063372751695 0.0063755231372183705 0.6227356390125593 24.863674136388752
0.5760222708762747 0.014623758401015511 -0.8173031806770168 -13.315693629967813 -0.011943013606353532 0.9998838030703749 0.009473372341629814 -0.35314154589929136 0.8173467488652161 0.0043041895582594854 0.576129990602562 25.318379836423972
0.5259450003389105 0.015779958715855132 -0.8503721829419335 -14.222211801532119 -0.009879074432104593 0.9998737661575001 0.01244410054534104 -0.37548199954971834 0.850461204586587 0.0018559776247377507 0.5260344996672631 25.73995508327125
0.4747810632450058 0.017085043372420748 -0.8799380905932555 -15.161949700983733 -0.00904859577747231 0.9998534747896584 0.014531065532262275 -0.3588020413337515 0.8800574213643096 0.001063129347488792 0.4748660915011648 26.08144364724988
0.4218167547492041 0.019198367004024483 -0.9064778254967016 -16.11759382716554 -0.007936490236798476 0.9998156781710456 0.01748204238910855 -0.3518897775981749 0.906646368511765 -0.00017996597503295328 0.4218913723657746 26.37588634915342
0.36796384366115553 0.021303686777897117 -0.9295960212306087 -17.087517570651475 -0.007713192599689522 0.9997730413015116 0.01985881533846717 -0.34865390832023424 0.9298081073092604 -0.00013717287084278538 0.3680446505053084 26.61927377892792
0.31447476543674097 0.024306515509551322 -0.9489545906982542 -18.0670607599835 -0.005492460218759256 0.9997019801801816 0.023786208284850584 -0.3418481606396945 0.9492499432627071 -0.002268066932188768 0.3145145482933005 26.820392654300914
0.2622861585568083 0.02607970745323287 -0.9646376624871471 -19.0531556154144 -0.0010939293441556476 0.9996421275550825 0.02672863886806435 -0.3339705064061183 0.9649895203307148 -0.005955306566684438 0.2622208229252472 26.986389216485183
0.21251603353337775 0.026432050913536464 -0.9768000215887309 -20.04530367620007 0.001688448343936006 0.999622658186846 0.02741697251075043 -0.32773654139826985 0.9771561209107941 -0.007475822628286525 0.21239121319536775 27.111302559085203
0.1664790346959551 0.02743145164958322 -0.9856633535173662 -21.043797919992713 -0.0007382887720008948 0.9996161454317962 0.027695066740639 -0.3172171918996396 0.9860447180206344 -0.0038829437899470585 0.1664353832907291 27.165140913435035
0.12511518116187229 0.028114098592054975 -0.9917438121325431 -22.043366840892247 -0.003113036039716539 0.9996046369703577 0.02794420787884239 -0.30608191111966215 0.9921373395097313 -0.00040891040185195987 0.12515323544693477 27.192306293861073
0.08807058947750368 0.026570953854660493 -0.9957597881418687 -23.04302060457501 -0.0044600781316858264 0.999644667736545 0.026280144005557646 -0.2816279966411001 0.9961042510561556 0.0021266586813804573 0.08815780368582572 27.202019111246877
0.0544479828013611 0.023801343750370685 -0.9982328952727114 -24.042760599058656 -0.003593013328481529 0.999714063341432 0.02364068130544625 -0.2636311603788632 0.9985101438764078 0.0022994766885120997 0.054517932672423684 27.188017778653467
0.023439362005766587 0.02124393640237381 -0.9994995204975815 -25.042466013254767 -0.003309416621147793 0.9997703689511941 0.021172083714688695 -0.25941731978382376 0.9997197827743487 0.0028115001913589016 0.02350428463671422 27.164115720699982
-0.002461253884427555 0.01942759927815842 -0.9998082369212631 -26.040749952609527 -0.004279828861200021 0.9998019037564899 0.01943801198215256 -0.25192844633055844 0.9999878125728512 0.004326850030537691 -0.0023776195191844893 27.106037556122004
-0.022868099058970626 0.017242590487214753 -0.9995897874221805 -27.037982287139904 -0.004454822592807913 0.9998395737298829 0.017348814348934417 -0.24184762718793934 0.999728565462194 0.004849729573635445 -0.022787617733473188 27.03237597826411
-0.03887101814215249 0.016344021700473516 -0.9991105629024486 -28.035354197970754 -0.003862902747828717 0.999856296238391 0.016506509467739277 -0.22476339712168777 0.9992367697052355 0.0045010917678046025 -0.03880229686429079 26.961967309986242
-0.051695881637207695 0.01664711850554113 -0.9985241155161027 -29.032292485070222 -0.0031869199779034183 0.9998532146570049 0.016834271029917167 -0.21045326718388682 0.9986577889161065 0.004052478934767812 -0.05163524040495054 26.885095651383473
-0.061179819045816417 0.01780005215285845 -0.9979680294903628 -30.028408878367095 -0.00429190554730622 0.9998270363695413 0.01809632258979705 -0.2085608764077941 0.9981175328027729 0.005390314263242386 -0.061092841019626476 26.79706991729176
-0.06801929891223696 0.01932220730284059 -0.9974968808374464 -31.024362153585137 -0.005951906492596611 0.9997867902828816 0.019772424862869512 -0.21287606347900695 0.9976662517017358 0.007281914638368486 -0.06788979256566043 26.70730114352829
-0.0723050400350873 0.020206499757320872 -0.9971778570310726 -32.019604459787494 -0.005885008696331162 0.9997687070824535 0.020685719985648398 -0.20120898880505503 0.9973652028510764 0.007364082172133611 -0.07216940096463022 26.610571565251686
-0.07377433678262793 0.02102746623407645 -0.9970532547943759 -33.016488313185796 -0.0035646083158457327 0.9997657417126228 0.02134842536031816 -0.19180183543133936 0.997268590099898 0.005129070245691942 -0.07368209985184186 26.532251272229033
-0.07275770253185103 0.023060862437624702 -0.9970830022349795 -34.01279285263064 -0.0016620215491109024 0.9997284558724172 0.023243325995304525 -0.1770379886124491 0.9973482613443799 0.0033483044345839004 -0.07269961795467982 26.44763878196479
-0.07122980576995407 0.02555076195076612 -0.9971326257493084 -35.00963041164875 -0.002560497846957939 0.9996638833186368 0.02579853172333534 -0.17303443657519776 0.9974566449830042 0.004390780345165758 -0.0711404415730616 26.368273597520343
-0.06947064656445624 0.025574303213671608 -0.9972561277229897 -36.005336720350066 -0.004709550918617841 0.9996517895973724 0.0259638149145468 -0.16587346244720655 0.9975728792404402 0.006500351521808478 -0.06932601267945243 26.275982496855434
-0.06788350392154478 0.02309563967479609 -0.9974258976602451 -37.001756441593756 -0.006685668351533237 0.9996990479159009 0.023603292879087887 -0.15702482950086932 0.9976708534050835 0.008270732981705602 -0.06770866445233156 26.191902649022328
-0.06667756801308321 0.022925434824082214 -0.997511166033738 -37.998912800613994 -0.0070343125216590155 0.99970035806106 0.023445949328990023 -0.1399283031142882 0.9977497784370634 0.008580124166740786 -0.06649632394407258 26.118507250998842
-0.06490549481806128 0.02556347405270379 -0.9975639255390001 -38.995492475758844 -0.006600641515255324 0.9996389505980029 0.026046112548937277 -0.12377712593538125 0.9978695848025485 0.008275097684109375 -0.06471332539986463 26.037463617294982
-0.06316721605833521 0.028949374513663393 -0.9975829973143627 -39.992525905796946 -0.007345609020388884 0.9995386372355648 0.02947125211779799 -0.10778581840463239 0.9979759239799125 0.009189471613693496 -0.06292542227035086 25.9621735285056
-0.06138582705142149 0.031087887707922663 -0.9976298529389912 -40.989731858981884 -0.007754732516501029 0.9994698038785368 0.03162238540334937 -0.09791132651483526 0.9980839866267825 0.009677518941341487 -0.06111220227032826 25.888127857852716
-0.05953429367989907 0.03039360609052086 -0.99776344720823 -41.98641850000832 -0.009410008414384552 0.9994748643643628 0.03100721279768734 -0.07911020843324981 0.9981819070779021 0.011234954946687359 -0.05921702601169017 25.80899355708293
-0.057666648117427964 0.027351571690815417 -0.9979611461479566 -42.982365580247695 -0.011615937531956194 0.9995385776410403 0.028066025771048924 -0.058273238776219136 0.9982683144777036 0.013210727965167767 -0.057322325288459194 25.72149947695079
-0.05588174889348669 0.026684805568492995 -0.9980807338549209 -43.979257149174245 -0.012543746083633957 0.9995451235611588 0.027426272063451374 -0.04064943475962293 0.9983585951825104 0.014052299344977362 -0.05552160217721171 25.644710276309322
-0.0544629602078697 0.028920298325467084 -0.9980968902417052 -44.977310497011025 -0.010021547178150042 0.9995142990497267 0.02950821220086251 -0.02449354109705835 0.9984654999335496 0.011609579660823014 -0.054146681362267385 25.584473394154305
-0.05343581601524285 0.03096081292424102 -0.998091199054403 -45.975529655943625 -0.007547877932182147 0.99947814943001 0.03140793451796601 -0.010535800432481496 0.9985427597782215 0.009211779145968749 -0.053174242067564305 25.526476219952126
-0.05217117018718524 0.03271698240733003 -0.9981020829872358 -46.97351411154781 -0.006768102397012456 0.9994286568099118 0.03311423767928657 0.0033540924695838054 0.998615222090693 0.008482865629913931 -0.051919930657326016 25.46455629385724
-0.05161886744806217 0.028147676617111327 -0.9982701041423803 -47.971838404579664 -0.006705666904821238 0.9995704134951829 0.02853107948241567 0.01713152725619851 0.9986443443762859 0.008166808809372879 -0.0514079437356738 25.408353373709332
-0.051322021050361495 0.021256585547620187 -0.9984559117588336 -48.970012103770074 -0.0055763388620691376 0.999751771593855 0.021570805266497295 0.026723678158442718 0.9986665883067294 0.006674785824763805 -0.05119074754281217 25.348710797594535
-0.05130292698262975 0.016704674300836195 -0.9985434209585073 -49.967650363247685 -0.0024593433376133705 0.9998549539878254 0.016852970549808853 0.036335759222341224 0.9986801096013497 0.003320367827209147 -0.05125440316820955 25.280699834330502
-0.05201839453616129 0.01731712328545513 -0.9984959708837075 -50.966243317859046 -0.0014394175390743378 0.9998473017124159 0.017415548672112553 0.04643597337794308 0.9986450894622321 0.00234318149507469 -0.051985524845409664 25.22864143755756
-0.05210154159563836 0.024679547318509885 -0.9983367915225365 -51.96457501462568 -0.0017772323517784155 0.9996907098321756 0.02480576788591715 0.05134137934193817 0.9986402108910529 0.0030666951911843313 -0.05204156581117295 25.171111095794515
-0.052335616700956385 0.03165161882329377 -0.9981278266085947 -52.962309550326594 -0.0031167386736525625 0.9994875405123792 0.03185815908925671 0.06361107622007794 0.998624688841895 0.0047782200013331685 -0.052210146993167554 25.10496556829487
-0.0527261190199492 0.03681554881290868 -0.9979301437168335 -53.960279405227126 -0.0051149326590420215 0.9992971219544168 0.037136229177367655 0.08057210943351657 0.9985959111857953 0.007062394723097679 -0.05250074993547791 25.04357768624838
-0.0531460812011657 0.0371394806472058 -0.9978958628184689 -54.957898640903565 -0.006474468803361912 0.9992743166157964 0.03753560184343009 0.09661268079238285 0.9985657591299005 0.00845571577632761 -0.052867055564279404 24.976506524943076
-0.053357139478535036 0.033790171502204154 -0.9980036272361545 -55.95524831579399 -0.006663429189978422 0.9993930185866553 0.034193465920909716 0.10740358355589687 0.9985532606616933 0.008474592031826206 -0.053099594271480484 24.904554023850228
-0.053682265729147624 0.031095022303725593 -0.9980738018473972 -56.95317796820532 -0.007148743382691123 0.9994774534199728 0.03152325448261258 0.1240727393710317 0.9985324780968493 0.008827213210177065 -0.05343192390985467 24.842436972385954
-0.05377723070359309 0.03238344924739732 -0.9980277158840306 -57.95051989736956 -0.008568538032936605 0.9994222339436901 0.03289040065099763 0.1379267904948453 0.9985161939667438 0.010320393105219433 -0.05346868122857652 24.770902913376165
-0.05384498535434308 0.034612002789037914 -0.9979492606416037 -58.94855075344986 -0.009051122755497859 0.9993411082309281 0.0351486354876879 0.1531305770296083 0.9985082847573459 0.010925139024885143 -0.05349622985063039 24.710048700813363
-0.05374144900722109 0.03290347689655345 -0.9980126341217949 -59.94582867039713 -0.009504223213195287 0.9993948380335922 0.03346083461190232 0.16751188926094449 0.9985096526322215 0.011283568581317098 -0.053396204737347484 24.637730554903676
-0.053385511452398095 0.027859829691126974 -0.9981852618910723 -60.94376522293077 -0.010428115527057642 0.9995406673245618 0.028455382108230363 0.18008125009973422 0.9985195248834755 0.011928296355827634 -0.053070464220010063 24.574765260611034
-0.05324893851062224 0.023645051374750578 -0.9983012882356601 -61.94138815787784 -0.011753198334942547 0.9996355331440393 0.02430356362209783 0.19429888764927483 0.9985120995142689 0.01302737200356439 -0.052951626058972925 24.50733886778067
-0.05248814541572341 0.02423413981490043 -0.9983274518204189 -62.938455467618084 -0.01126039690412876 0.99962757907111 0.02485772761124717 0.20631707260742504 0.9985580594298866 0.012546299369348956 -0.052195711698906265 24.431758955914795
-0.05183798166678402 0.02675042870674851 -0.9982971692941539 -63.936399812815296 -0.01012958713625125 0.9995756690694416 0.027310680490039683 0.20899493987918244 0.9986041333387143 0.011528068718788151 -0.05154501440926821 24.367728549732533
-0.051601004360262825 0.03162924177211715 -0.9981667833653525 -64.93480962680583 -0.009914896900356986 0.9994328486476005 0.032181918270966885 0.2175577512720061 0.9986185613979287 0.011557340051450196 -0.05125813810964794 24.312010495311103
-0.05087617489949876 0.037385137287666965 -0.9980049931426092 -65.93272566906876 -0.009105783741334058 0.9992402153868588 0.037895602067807066 0.22790722019871343 0.9986634565908842 0.01101560091905171 -0.050497098989353284 24.248320299148528
-0.0509177063955305 0.04055269885158354 -0.9978791839653098 -66.93037594195576 -0.009358558198377215 0.9991120177261754 0.04108032891274663 0.24194056849100357 0.998659003145652 0.011430426544299545 -0.05049297758252387 24.181260787189274
-0.05065362484388581 0.04063701205748313 -0.9978891940196648 -67.92829737002475 -0.008960859482605133 0.9991131378871622 0.04114171482331147 0.25760011866072724 0.9986760802620183 0.011025921834914432 -0.05024455950829406 24.118750132983543
-0.05059095529593549 0.03621490834262457 -0.9980626411483305 -68.92604865730813 -0.00871924613523016 0.9992882395010656 0.03670135067944261 0.282131949300761 0.998681395635805 0.010559110218074291 -0.05023917995274857 24.056375955555737
-0.05015236387041717 0.03195392234107028 -0.9982302776640426 -69.92377350732666 -0.009849623298573773 0.999423624430826 0.03248697970616412 0.2968863314248954 0.9986930085462133 0.011461491027495883 -0.049808723175174714 23.99059288886189
-0.04979740058399333 0.029285714817057117 -0.9983298882647622 -70.92060328146363 -0.01376889753532028 0.9994548945784264 0.030005518890523053 0.3103341903321256 0.9986644262993153 0.015240098781887174 -0.04936702374439029 23.91217390847543
-0.05055251479728453 0.027577169809281266 -0.9983405946634554 -71.91862337460906 -0.016779557591728524 0.9994541570792487 0.02845758851405979 0.3222549134737939 0.998580437268174 0.01819031616876795 -0.0500621883559248 23.85041817969053
-0.05130882735852737 0.025858472478866534 -0.9983480072781002 -72.91734880623349 -0.014627106805457717 0.9995380447318667 0.026641037519200706 0.3256792290881215 0.9985757116922062 0.015969863326197327 -0.05090689033665326 23.800061786956714
-0.052627893001240815 0.022004630569568365 -0.9983717249159993 -73.91601273154917 -0.011068889011761346 0.9996829249530892 0.02261701247473912 0.33433308880107643 0.9985528451585808 0.01224115152810418 -0.052367639196079535 23.74911617885218
-0.053227330302241076 0.02053378306487392 -0.9983712811684549 -74.91401722724171 -0.006996562511759333 0.9997563512726749 0.020935286073228053 0.33962617469136075 0.9985579098990285 0.00809949646543192 -0.053070695634138 23.686195674886967
-0.055013761798008466 0.023935015369773303 -0.9981986781458296 -75.91183668580254 -0.006607345327137461 0.9996820312927848 0.024334734394704047 0.34668824296232864 0.9984637344443518 0.007934188653009626 -0.05483812223133233 23.620572239216955
-0.0570747876084343 0.02993571360027508 -0.9979209997142536 -76.91037244937475 -0.003742239205631628 0.9995369243360879 0.030198220717166456 0.35314786322976155 0.9983628920714056 0.005458016122838641 -0.05693633106218665 23.566863932845582
-0.05871464380991806 0.033833453570408914 -0.9977013020046503 -77.90773086210794 -0.0017719448327055108 0.9994203971313241 0.033996029317808235 0.35735889365455137 0.9982732345474284 0.0037639364190172695 -0.05862066162070614 23.494348804954303
-0.060153783009927964 0.033027741620455874 -0.9976425665903835 -78.90526971602978 -0.0016695606422433037 0.9994477264479353 0.033188170562959175 0.3647970163993011 0.9981877253086501 0.003662018774746573 -0.0600654198490035 23.424628727169285
-0.06130695456756381 0.029211413124381323 -0.9976914105398164 -79.90194264112961 -0.00452388910709238 0.9995532460084312 0.029543913440106373 0.37364963423438396 0.998108707380613 0.006324692663401287 -0.06114741624726393 23.343605943149043
-0.06274426630340423 0.025804085053422115 -0.9976959989097903 -80.89893016342688 -0.008993629252703996 0.9996104943219494 0.026419202756596444 0.3812278964684642 0.9979891140082204 0.010630561414384275 -0.06248775468123849 23.266415073708036
-0.06409434956616483 0.02446077557961295 -0.9976440170781034 -81.89536352363123 -0.013274880166812152 0.9995902058414807 0.0253613474078976 0.38638559320311505 0.9978555466149635 0.014869123842079581 -0.06374337021151216 23.182189561918154
-0.0649960258986046 0.025460625685417165 -0.9975606613921261 -82.89152752716551 -0.014856017370141278 0.9995389727617472 0.026479061129326183 0.391835477379057 0.9977749322193289 0.016540812256343383 -0.06458781746285024 23.09485367682482
-0.06601684288041018 0.02697034521575055 -0.9974539472752852 -83.88869521420307 -0.014611611489551916 0.9995013282182975 0.027992779417893403 0.3981676864059423 0.9977115200626794 0.01642240447692345 -0.06558984193771729 23.019910451267105
-0.06703160992915301 0.026519184037986476 -0.9973983638187233 -84.88530637459162 -0.01636536130474276 0.9994830157085584 0.027674469452772216 0.40242762323917786 0.9976166288808901 0.0181778488300071 -0.06656295961150126 22.93776407017125
-0.06765487662753014 0.026446506479373025 -0.9973582104557777 -85.88242113542418 -0.017268544849116472 0.9994678363051633 0.02767384234743541 0.4051667007021207 0.9975593290763753 0.019095195377715538 -0.0671621804751691 22.8619047847511
-0.0682222571372004 0.028003936903963002 -0.9972770443307044 -86.87887208602054 -0.015741154816840006 0.9994513346368054 0.02914182111231314 0.4145638207579156 0.9975459586786657 0.017686413163460684 -0.06774401164142423 22.778255653313416
-0.06836389898921272 0.03086147489332724 -0.9971830056125116 -87.87521934275588 -0.014783817599746858 0.9993803493049647 0.03194301426392487 0.42526697889362797 0.9975509090027287 0.0169259206690926 -0.06786528683600691 22.693535133946035
-0.0685368311842807 0.03503456462842009 -0.9970332401943857 -88.87165984786647 -0.01497375932538799 0.9992345063033744 0.03614122223055067 0.4315204967905926 0.9975362095196759 0.017406340624891253 -0.06795976753320704 22.609468533629
-0.06918003976615666 0.037272979742038734 -0.9969076422011738 -89.86838430710698 -0.014971204599037124 0.9991504535908659 0.03839575656269841 0.4392379598816558 0.997491847150044 0.017581128243596544 -0.06856324670605607 22.52896528453224
-0.06995624574479259 0.03724378921197919 -0.996854565042679 -90.86513751274498 -0.014307763939050307 0.9991625418980781 0.03833409394829837 0.4543488303313783 0.9974474480253879 0.01694446909484638 -0.06936478497577314 22.449878694995018
-0.07046648332341611 0.035297864785185026 -0.996889429911682 -91.86274289889755 -0.013743943308327311 0.999244504950787 0.03635276259096958 0.46499458101738367 0.997419459781274 0.016262843148253485 -0.06992811439161756 22.381540261359756
-0.07054353796871919 0.03188561411903794 -0.9969989552968992 -92.85897624045784 -0.01334908500373502 0.9993693013737267 0.03290594781120328 0.4761578382069048 0.9974193757795259 0.015630325781709562 -0.07007340248295886 22.295549035920484
-0.07007314153451599 0.02905079487676571 -0.9971187522820502 -93.85452784935083 -0.013742371166279905 0.9994528837881442 0.03008455288502156 0.4870588902257424 0.9974471926223524 0.015810895123032506 -0.06963557657689512 22.201964095382827
-0.06900476973581211 0.026838157902753165 -0.9972552607201904 -94.85176310619309 -0.014232482214374216 0.9995098492536229 0.02788364565509163 0.49078117011905664 0.997514800994815 0.016117522309215742 -0.06858897339140534 22.127748415481932
-0.06667826286252054 0.026200136641371392 -0.9974304798338631 -95.84760330064745 -0.016481710069658127 0.9994898701790156 0.027356034850018092 0.49278153741741904 0.9976383926527771 0.018263412865867426 -0.06621242523631472 22.036653488950442
-0.06275946628399365 0.02704322423569526 -0.9976622241092856 -96.84526306686868 -0.016656844265345572 0.9994652041860211 0.028139921117802152 0.49863304512568124 0.9978896727248302 0.018383950727033516 -0.06227544800961093 21.968530580021543
-0.057036618982343606 0.028663197667395522 -0.9979605429046495 -97.84341341500742 -0.01591464711212122 0.9994346748357307 0.029615110050360157 0.5018067150039082 0.9982452344501125 0.017571335620210883 -0.05654821007036676 21.907819869845913
-0.050305010728774115 0.030163715609585938 -0.9982782959456756 -98.84250215182486 -0.014866428819105687 0.9994104602835429 0.030947070459160973 0.505506137697275 0.9986232498744184 0.01639762593980664 -0.04982692719598334 21.865299401407135
-0.04155648970381844 0.03163332490172681 -0.9986352642076877 -99.84063383728548 -0.015777330099758236 0.9993532762408538 0.03231261551771681 0.5071128647018488 0.9990115785206999 0.017098597086729322 -0.04103052472545312 21.804221280055305
-0.02993650594745664 0.033356346311045726 -0.9989950749490387 -100.83982894735799 -0.01801184237358159 0.9992627392019802 0.03390503763255768 0.5132475451055548 0.9993895032198247 0.01900874018270212 -0.02931362568327904 21.76457941199201
-0.015412992845210353 0.03482702839790085 -0.9992744956940136 -101.83959372507539 -0.021242529713900938 0.9991562407210597 0.03515055560747792 0.5248174675862102 0.9996555379644072 0.0217688934292066 -0.014660173803891988 21.74623530859439
0.00265309749280521 0.03618894661128014 -0.9993414437602693 -102.83957922218194 -0.022514904937075947 0.9990937943213479 0.03612020493085498 0.5298660827559014 0.9997429870368528 0.022404247180800942 0.003465483933516802 21.744365265429785
0.02459118052033694 0.03715749892705374 -0.9990068038377428 -103.83927041296941 -0.02336661459105026 0.9990573547008795 0.036584195230107405 0.5340416738716358 0.9994244719653258 0.022443758410018572 0.025436244716215164 21.76886154067204
0.04891712914223258 0.03714422687134898 -0.9981119280354344 -104.83449117918042 -0.022824919894879128 0.9990888646218967 0.03606194143861351 0.5528675211693677 0.9985420058807117 0.02101777815705977 0.04972037301817132 21.864680087811497
0.07738003314962795 0.036596058109493165 -0.9963297942953474 -105.82758778667704 -0.021248989468213166 0.9991596465114289 0.03504969657124877 0.5645439553188777 0.9967752058093856 0.018458854623281104 0.07809263582217138 21.981396706440762
0.11079195483498921 0.03687046019480975 -0.9931594594569721 -106.81784666110997 -0.020055415638960346 0.9991910543609046 0.03485709667618092 0.5626109254306211 0.9936412446388239 0.016056339874548377 0.11144178257028499 22.120621722160976
0.14738428852965293 0.037125305248158304 -0.9883823061977787 -107.79853730969108 -0.01925629344972429 0.9992136058757787 0.034660712561957185 0.5715570678245394 0.9888918376936816 0.013924135267784713 0.14798328216341955 22.31598240992037
0.1869805552612317 0.0369212903229094 -0.9816695422977598 -108.76948743492753 -0.019122551708565947 0.9992409191375008 0.03393985175860887 0.5751702548219727 0.9821774788551995 0.012425934256004505 0.18754465118341995 22.55523704244203
0.23046139926736203 0.03767397696045316 -0.9723518987011406 -109.72385248793832 -0.018187607439721015 0.9992424619605054 0.03440513262185281 0.5853096599376877 0.9729114833238167 0.009755699620832257 0.23097201549443133 22.853707339214782
0.27707801062430387 0.0361591510298983 -0.9601668041675238 -110.65914032072844 -0.014677161537163384 0.9993343309611943 0.03339874086780497 0.5899291416512089 0.9607353209691477 0.004838466610380525 0.27742428207200953 23.207565093437378
0.3253004158377878 0.031310599982007296 -0.9450922102020151 -111.56484725267836 -0.0068264135906085655 0.999503377942851 0.030763575187561235 0.5841809123985818 0.9455860825611031 -0.0035558134930695033 0.3253526035813299 23.631430509906252
0.37497223728274276 0.026051385039983926 -0.9266699232222193 -112.45408349980683 -0.001689115336459825 0.9996226067938195 0.027418805154663974 0.5890175498410646 0.9270345021392438 -0.00871603833331336 0.3748747291018926 24.088853163183426
