1.0 0.0 0.0 0.0 0.0 1.0 0.0 0.0 0.0 0.0 1.0 0.0
0.9998795825563519 0.001509388342150457 0.015444809282347732 0.011310635696238757 -0.0014942262172056157 0.9999983904297638 -0.000993189757100406 -0.0008698588639964117 -0.015446283531883317 0.0009699921207793711 0.9998802285475688 0.09915339039118971
0.9993167357711991 0.004546950790326672 0.036679515347207516 0.024275018861803166 -0.004529533393228482 0.9999895859617188 -0.0005579384821643894 -0.0018060837330755135 -0.03668167028415299 0.00039141617314504703 0.9993269244138998 0.20507926518397374
0.9979344157546876 0.006157707146360615 0.06394516787881753 0.045055934828979426 -0.006237393192626136 0.9999799995719032 0.0010466051486621242 -0.004241178504439663 -0.06393744426008191 -0.0014432944523846561 0.9979528646797967 0.32691798972255665
0.9951741476062752 0.005860669825576546 0.09794931590021039 0.07797262407054409 -0.006208153249584088 0.9999754699978071 0.003243182988176586 -0.0051940060865923645 -0.09792790597859893 -0.003835616229590235 0.9951861199186743 0.45820562554682814
0.990742724099557 0.002776716609840279 0.13572451690338733 0.12238697439383157 -0.003550014800868662 0.9999788152855441 0.005455856947655879 -0.00736490853309428 -0.13570649224964462 -0.005887174618465849 0.9907315928829104 0.5900823298522572
0.984542678197206 -0.00012842607582478792 0.17514479242905331 0.17267154504591917 -0.0009101649908261674 0.9999824769658417 0.005849560748399669 -0.007901945704384737 -0.1751424745970052 -0.005918552863901097 0.9845253091333075 0.722506163365431
0.9757411543013206 6.832079129724062e-05 0.21892737411067634 0.22551194919507528 -0.0016453967964828058 0.9999739964265577 0.00702133463672843 -0.007280187775072897 -0.21892120151348682 -0.007211227563201337 0.9757158939593651 0.8575698747038432
0.9636503100115903 0.0005037139708585486 0.2671662895778613 0.28442613866098987 -0.0032546471532780533 0.9999461515917863 0.009853993539871597 -0.005090132384490582 -0.26714693950422447 -0.010365335933375915 0.9636000583875628 0.996631596056962
0.949197845808384 -0.0033878867582750696 0.3146616782133418 0.35626409476844123 -0.002138351676299598 0.9998495136251111 0.017215619528126284 -0.008577164314122664 -0.31467265048750587 -0.01701388629742895 0.949047759972187 1.132601331629563
0.9322699348568222 -0.012668850334165878 0.3615415173853025 0.4367014293140517 0.003837202951574598 0.999676694647668 0.02513527504965187 -0.01125306947063075 -0.3617430641153537 -0.02204555305551959 0.93201713994696 1.2558462687910483
0.9109103300534844 -0.017758655720731327 0.41222202846141587 0.5185436056809605 0.006213950142481703 0.9995504786455074 0.029329634555581508 -0.01061580288463156 -0.41255758073931753 -0.024155139960880895 0.9106112078093436 1.3753929920686259
0.8858467959371388 -0.019091078535142348 0.46358492733076406 0.5971729822012333 0.003974811135309499 0.9994287144341978 0.03356256308516502 -0.01084158434513188 -0.4639608334809559 -0.027888626441115533 0.8854166078806542 1.4789856576960632
0.8575318051713877 -0.021263522631081614 0.5139913089973586 0.7002923869918766 0.0019048349662540347 0.9992697795688605 0.03816122697388599 -0.009562858283270647 -0.5144274241554894 -0.031745397236742634 0.8569461214283132 1.6034489972407657
0.8254086626418277 -0.025943926548916373 0.5639392274980112 0.8274929277253741 0.0025736389233041155 0.9991060037523093 0.042196796664952275 -0.006032176381951749 -0.5645298185379772 -0.03337822555672043 0.824737520693804 1.7353260389071046
0.7893841124776924 -0.031469258610753004 0.6130924960642521 0.9693930856042549 0.004358964811670867 0.9989474211672593 0.045662338628820937 -0.00550287320994247 -0.6138841278234648 -0.033372676035524095 0.78869039686093 1.8684551608597806
0.7515104635180113 -0.035484026926491434 0.6587662006023254 1.1297179484882867 0.004808261080994839 0.9988205437824731 0.048315649053509824 -0.0018716229857086968 -0.6597036485031141 -0.033142195931545694 0.750794706294946 2.0026870485839674
0.7118669455757484 -0.038479395752159896 0.7012594298112521 1.3165028836288535 0.005703016117916681 0.9987817258090907 0.049015709695703076 0.007051575154020008 -0.7022911984382352 -0.030893369715253076 0.7112191450627743 2.143221666724638
0.6702144880676545 -0.04030197195826625 0.7410723925774636 1.561372727830299 0.004763803326758564 0.9987375388780233 0.050006345734647975 0.018093668959175226 -0.7421521718367973 -0.02998465427755174 0.6695603590011733 2.3151943091295317
0.6280442159055768 -0.04019659780037159 0.7771387883723369 1.8251416107182405 -0.00019458078129771508 0.9986568574841119 0.051811612002309236 0.031407365136993624 -0.778177630753974 -0.03269119950741248 0.6271928415319309 2.4885518994232734
0.5863263566765042 -0.04113943084379854 0.8090296352398375 2.206756021177017 -0.003113333310470615 0.9985878089011727 0.05303484769142993 0.04470174074216078 -0.8100689542391772 -0.03361450793635945 0.5853702710541779 2.7218079044647014
0.546548845470448 -0.042346131213649864 0.8363558839908739 2.5678380971880927 -0.005143099003325343 0.9985321028657643 0.053918346405625414 0.06010829336974577 -0.8374114329572782 -0.033770471091048956 0.5455287776412223 2.917672284863101
0.5082588751873578 -0.044836425434425474 0.860036400827049 3.002482620073221 -0.00653754535871684 0.9984141842844548 0.055914015419122685 0.07372939621264439 -0.8611795261697552 -0.03404132156468624 0.50715975011052 3.1339338094159004
0.47123859722392925 -0.044551599383729094 0.8808798666553656 3.438276782238542 -0.00973314487427322 0.9983999851773796 0.05570220362485629 0.09144210995250975 -0.8819520680724545 -0.034822759657446044 0.4700509813121975 3.3373888090665873
0.4346600703447117 -0.04380465005008812 0.8995286409458674 3.9184656480021944 -0.010852884140765543 0.998489087013268 0.05386796841572977 0.11325759917518047 -0.900529198945685 -0.03317673506239355 0.43352793000779344 3.5452197272109114
0.4014706758097792 -0.04256034254137881 0.9148824589572145 4.423773425554249 -0.009490879358951258 0.9986727329235345 0.05062307501557824 0.13523814537517795 -0.9158227010037656 -0.02900671918365689 0.40053388192307443 3.735195666374259
0.3717490262553517 -0.04076403696440535 0.9274378441537535 4.956833366001544 -0.007448708473609219 0.9988723088580345 0.046889522696385244 0.15941402700423718 -0.9283033869486162 -0.024339348532453314 0.3710261687438538 3.9269584140442815
0.34634965411606566 -0.038954102977499634 0.9372963751956472 5.577395103313422 -0.00625430460861007 0.999019408789054 0.043830406530530865 0.185833165977654 -0.9380846447776148 -0.021042783180635516 0.3457663958635487 4.1367724480682035
0.3262508686899871 -0.03844603761203134 0.9445010708680868 6.141776148392033 -0.0049711508344946614 0.9990889768029201 0.042385187156304405 0.20855680601931176 -0.9452701509824633 -0.01852346141595894 0.3257625255285848 4.317276752661893
0.3115201481122615 -0.03898270900516099 0.9494395956135036 6.735519724732461 -0.003963206716656777 0.9990961661507126 0.04232190656703439 0.23105018283241102 -0.9502312825373804 -0.016946951984551126 0.31108408912349966 4.505248470372919
0.2998475750972417 -0.04051175447350776 0.9531265547962567 7.338021448134301 -0.003059586552937845 0.9990519484284893 0.04342629700266912 0.2522923175038808 -0.9539822171499993 -0.015937443042005502 0.2994393549132338 4.69144554815981
0.2892273404383083 -0.04254463943116432 0.9563145398866707 7.980173453412423 -0.0041913420565808076 0.9989460108835919 0.04570886119258901 0.2748763808608118 -0.9572512617880151 -0.017228493707543004 0.2887441788327885 4.878734170201438
0.27892564463637576 -0.04428947193850951 0.9592908461147691 8.673423774967526 -0.005496777531446815 0.9988459165034391 0.04771394472451719 0.30211507188884085 -0.9602969697968184 -0.018581651159476572 0.27836029177890187 5.0761023635379905
0.2689930857315522 -0.0460868667565995 0.9620388352562369 9.333692483781821 -0.0062922747227526525 0.9987491005383989 0.049604853114916164 0.3285048041534673 -0.9631215536511634 -0.019396775152030858 0.26836661119869254 5.258182948915739
0.25878523701354783 -0.04798087662891688 0.9647424716377746 10.093598168163183 -0.0072766434590914725 0.9986403571341259 0.051618674556738756 0.35893772066962915 -0.9659074756744617 -0.020378237925441522 0.2580842417801653 5.463841136271125
0.24832414612570833 -0.049424626147036764 0.9674152804153775 10.806503160905535 -0.007540169899472828 0.9985686070654409 0.05295170272306541 0.39067254360536763 -0.9686476471291429 -0.02044366194228559 0.24759602661909683 5.647238535766821
0.23802174999019368 -0.05058913792340278 0.9699414341370166 11.538472458793583 -0.0075450798473851504 0.9985161556527207 0.05393105478857429 0.42401007230820975 -0.971230517591834 -0.02015504960744445 0.23728686367689858 5.823877665421957
0.22759057340097852 -0.053354572339657624 0.9722941018588285 12.320804793622216 -0.009003290003307669 0.998339783347072 0.05689128013709683 0.45967220337784465 -0.9737152929209492 -0.0217017648354581 0.2267323570531922 6.006841083294754
0.2161159922604829 -0.05685989381010196 0.9747106393002851 13.097814029494023 -0.01074015088934099 0.9981039902341956 0.06060588946175809 0.4974995801294526 -0.9763086228484008 -0.023566441277388023 0.21509555038953793 6.183678108776114
0.20391009314988467 -0.06081361272915777 0.9770989604018792 13.886756729310745 -0.011760619016468571 0.9978445814262054 0.064559113676618 0.5314101966619872 -0.9789189760914612 -0.024655543498147112 0.2027553758174023 6.350338883933098
0.19081876807553125 -0.06313939744709644 0.9795925756354801 14.677011617724197 -0.0127180998178101 0.997686461250475 0.06678304406455692 0.5669928450292487 -0.9815428914149197 -0.025202014354450318 0.1895742883022831 6.505603216101559
0.1769872566789635 -0.06359980020868697 0.9821560855519194 15.460024891621677 -0.013219342126242062 0.9976663171270724 0.06698633191818133 0.605927243978706 -0.9841243620432347 -0.024839184437466817 0.17573347703120593 6.642346183096398
0.16244154162759833 -0.06241778583217933 0.9847419791831039 16.259707128974856 -0.014852406640219949 0.997729469823696 0.06569102725882502 0.6472673072484676 -0.986606381274033 -0.025296740049546514 0.16114565886868568 6.775397024402873
0.14596964616345195 -0.06151455189428272 0.9873747122061419 17.065221813960083 -0.015382705342832493 0.9978031210966387 0.06443837293214259 0.6829828127580999 -0.9891694671669016 -0.02459454075708445 0.14470270830117804 6.891402963946134
0.12550353024616429 -0.05972466522039143 0.9902938090587367 17.840949292731338 -0.018240913808085943 0.9978786441739859 0.06249384421631733 0.7206781565722192 -0.9919254674415794 -0.02590706208352312 0.12414786013058912 6.9891213132163585
0.1003243616652737 -0.058630068021438005 0.9932258240602971 18.651386637078232 -0.022701439520975336 0.9978675055951685 0.061197107128944384 0.7526586981917442 -0.9946957661014401 -0.028687216684048365 0.0987794335820547 7.066607675305606
0.07054991983501144 -0.05810718722019324 0.9958143720616962 19.43843741999103 -0.026505726190372086 0.9978401915173244 0.060103233455363336 0.7858347600571035 -0.9971560335726773 -0.03063506138440542 0.0688573723255484 7.113867846857185
0.03750223303039706 -0.058053117540146304 0.9976088502321957 20.221759004588975 -0.029465793275325874 0.9978127893142631 0.05917266689566688 0.8155754210507823 -0.9988620272812405 -0.03161444329352869 0.03570962658514766 7.137649196395822
0.0031292493432559143 -0.05747664615840801 0.9983419469024272 21.047357234848416 -0.030929748644785694 0.9978636190132805 0.05754605545550968 0.8453693104699442 -0.9995166624160491 -0.0310585414354791 0.0013448258558312425 7.1368582624827095
-0.030772752515229953 -0.05619544050719358 0.9979454444852376 21.91487429818713 -0.03198164140925853 0.9979624279476805 0.05521020754842021 0.8771403639006574 -0.9990146206714924 -0.030216963298327897 -0.03250727324186856 7.104661031754296
-0.06378881131870301 -0.053933099638651026 0.9965049966326882 22.73041818183415 -0.03411877142506124 0.9980727199189856 0.051833919299644156 0.9094413375690823 -0.9973800163362966 -0.030693102105928162 -0.0655060035120733 7.050231720111791
-0.09614085629862569 -0.05098585215094786 0.9940610537741675 23.548229925570556 -0.03634298678931319 0.9982011282000598 0.047683277691021826 0.934482902674593 -0.9947040379235418 -0.03154283659674526 -0.09782088937457198 6.9679423142636105
-0.12847402523628537 -0.04638639361168083 0.99062744123474 24.38017402392869 -0.03342166313584599 0.9985405975078374 0.04242248886999081 0.9569519620279224 -0.9911495433449083 -0.02765822872840325 -0.129836840345054 6.8510989246687615
-0.16013024543180057 -0.04056277182450713 0.9862621183234526 25.18931839681647 -0.028268523269929634 0.9989339623618625 0.03649423834204541 0.9725031978406369 -0.9866910332470286 -0.02203634229951821 -0.1611061902223803 6.707232485552884
-0.19067668217865769 -0.03417462194417732 0.9810578464536692 26.028948839665805 -0.021980139303835456 0.9992919082099939 0.03053777434936089 0.9854846786726287 -0.9814067843404808 -0.015740946636115784 -0.19129282853645063 6.529199606003633
-0.2192221354284479 -0.028369079795541617 0.9752624521890222 26.82376613754505 -0.01573787488093986 0.9995499644536289 0.02553796888909985 0.992366318823241 -0.9755480380957275 -0.009750070374255664 -0.21956994670326369 6.328827631783431
-0.2470223125802514 -0.02236542019441675 0.9687516529364124 27.63958001008576 -0.007274115355669431 0.9997482360538967 0.02122620439254017 0.9945177677911059 -0.9689824891778472 -0.0018034651781085112 -0.24712280991453317 6.100980360938272
-0.27265314946719027 -0.01186650619624854 0.9620392123589951 28.392197911410584 -0.0010558537002453615 0.9999270241090793 0.012034601336310161 0.9890768697272396 -0.9621118153616999 0.0022654992947766413 -0.27264578165517217 5.86636327222989
-0.29775183578790015 0.0037972449952869518 0.9546357552571454 29.127975896816388 0.003736252056703573 0.9999890656188581 -0.0028123056895033617 0.9775113038863729 -0.9546359959196512 0.0027293906221359265 -0.2977627675202657 5.621874960153547
-0.3224010299029809 0.02110867197340011 0.9463677931359541 29.804884093895836 0.004840781129642329 0.9997750303797178 -0.020650798224007557 0.9569408784324019 -0.9465908000585852 -0.0020766792610248394 -0.322430681926666 5.382408207437589
-0.34762084929180037 0.036139146508025334 0.9369384756894757 30.437667129628757 0.004981752786210059 0.9993140301402964 -0.03669674786592543 0.933486948568156 -0.9376219532822516 -0.00808895879762653 -0.3475624281603897 5.144845865877303
-0.372283046511141 0.046460610554189825 0.9269556326746793 31.225756325309302 0.008698789845675518 0.9988770670482884 -0.04657183677105322 0.8872143316642075 -0.928078479620988 -0.009274513029844951 -0.3722691486981632 4.823855030286112
-0.3959864166674571 0.05064900248324967 0.9168584603756015 31.974232886664094 0.011684351630950352 0.9986747384210086 -0.050122278147486043 0.8383534841852487 -0.9181820264750511 -0.009134844671992194 -0.39605343183841696 4.498158219838243
-0.41831250946355586 0.05034591670280501 0.9069067940519887 32.70497734808905 0.015381127957035973 0.9987121256746609 -0.048347812082546175 0.786677301467833 -0.9081729269963249 -0.006275245154903299 -0.4185481525095702 4.152487239124252
-0.43844288793387387 0.046091361702218316 0.8975764147952191 33.43143753011682 0.01900804180096054 0.9989363048309609 -0.042011346533501935 0.7343581224909058 -0.8985580272676316 -0.0013584060881553922 -0.43885262488197857 3.7869880072310065
-0.456152796144731 0.045028813567940876 0.8887615161099216 34.162185578251744 0.026923594122987796 0.9989601356565831 -0.03679357890286285 0.6851455372173876 -0.8894940959044327 0.0071451604351622545 -0.45689079661721366 3.397319708337278
-0.47009218135804187 0.04527726728963427 0.8814552229653076 34.8730955703948 0.02899537812987958 0.998936520499448 -0.035848236491643044 0.6375256757451876 -0.8821409235905243 0.00870615180424109 -0.470905079445549 3.013283395978014
-0.4810892530851729 0.04948228969987695 0.8752740334158253 35.56454939996256 0.033096049821979584 0.9987192081156282 -0.03827002517732599 0.5918766112794166 -0.8760466780098716 0.010556815189704772 -0.4821107461993763 2.623322172448559
-0.49086998661929176 0.0519971940264761 0.8696797962754732 36.26473049118993 0.033915530504365576 0.9986012338138427 -0.04056245327982616 0.5448628844724485 -0.8705724513370406 0.009584760760897466 -0.4919468867003562 2.2235257016056567
-0.501641254595678 0.05146195691846554 0.8635436981866034 36.952226443162175 0.028065941486845 0.9986716750871664 -0.043210974382091295 0.4954622116507365 -0.8646203528810386 0.002559759503305092 -0.5024192402915661 1.833379322941363
-0.5127763677049988 0.050030969796408996 0.85706318249269 37.63190674588604 0.027429210033940245 0.9987456081020945 -0.04189091469150444 0.44780708305460815 -0.8580839324682535 0.002027894969599763 -0.5135054551626603 1.4299869880698193
-0.5215283469234433 0.05131870788654386 0.8516892470708759 38.32561024986043 0.02940763177835794 0.9986776560822053 -0.04216788393245018 0.40113619443563153 -0.8527270222928843 0.0030544169668969903 -0.5223478687508007 1.0010039536247928
-0.5287405907423671 0.054419934431468156 0.8470371057031012 39.0119654177826 0.03264920855782198 0.9985079453682323 -0.043771134518752905 0.3533877598751291 -0.8481553023367598 0.004511515597405573 -0.529728448683903 0.570247085689437
-0.5322642953356745 0.057403163073110025 0.8446298578549181 39.69759030199845 0.03376722997119161 0.9983441002336823 -0.04657071728749361 0.3088723407851144 -0.8459045419495574 0.003732880630417385 -0.5333212648219732 0.1399968534645521
-0.5320730208311367 0.05977683813925619 0.8445857150850357 40.41603495787888 0.03371651182317369 0.9982093695419559 -0.04940902133343813 0.2624205955690014 -0.8460268892500442 0.002187277011155888 -0.533135741144008 -0.3079203711832825
-0.5285739952819571 0.059914433137880904 0.8467702121670526 41.135743764703086 0.03583574173616985 0.998191801123518 -0.04825896584061031 0.21091802430005807 -0.8481304918029349 0.004836204250553554 -0.5297653065297495 -0.7592915829642723
-0.5227233407146115 0.05877734045372359 0.8504737111288877 41.87788758019279 0.03403623665599704 0.9982638137162907 -0.048071746576377195 0.1592167512300458 -0.8518226597516958 0.0038187005372969972 -0.5238163550899817 -1.207242941176745
-0.5158112334686291 0.05747054840099301 0.8547724302374639 42.646916601753496 0.0318577135940442 0.9983440110584472 -0.04789907794822924 0.10868300539427408 -0.8561097228230335 0.002524212792104294 -0.5167879360411285 -1.6611656988403118
-0.5084058433745137 0.056986700660392055 0.859229896110751 43.396531961040125 0.03024854255586993 0.998373919517433 -0.048317103603625206 0.05846909932024916 -0.8605861514664847 0.001425754270767107 -0.5093028991954245 -2.1027313096785036
-0.5020046316927895 0.055484220309418575 0.8630833395771478 44.203091245109135 0.027322627349997693 0.9984593442963141 -0.048295049664196905 0.003240830725612494 -0.864433238482695 -0.0006626341600020316 -0.5027471900690154 -2.562607521873801
-0.4980630247969656 0.05309975106009908 0.8655135121807472 45.05041182488657 0.02272760702820593 0.998579834009233 -0.04818475888560245 -0.05251666166263767 -0.8668429380279157 -0.0043279957772290765 -0.4985625229032806 -3.0313763624113
-0.4965843002502608 0.05040272545104028 0.8665238588821809 45.91680952799394 0.01857191737348126 0.998701046987068 -0.0474478938627009 -0.10953751062490591 -0.8677897882725008 -0.007468869662847798 -0.4968753358297517 -3.5160442754915335
-0.49716105620201173 0.047740979192291165 0.8663438596203364 46.79389745069083 0.01542044959686948 0.9988135647480219 -0.04619169416224777 -0.1685548116947302 -0.8675212354348053 -0.009605299636630458 -0.49730739416236364 -4.004085332686918
-0.4981133013908932 0.04665706336520312 0.8658557948155112 47.648819699729856 0.01432841514143509 0.9988578807722212 -0.045581032664488486 -0.22487912660098763 -0.8669935613930476 -0.010298177380580462 -0.49821291838493986 -4.485669752622586
-0.49862552726152615 0.04591916298953975 0.8656003777919145 48.52094830363496 0.014142721564827895 0.9988939154377022 -0.04484338444269867 -0.28040700347623976 -0.8667021212561471 -0.010118111082410893 -0.49872342720010626 -4.981623377124767
-0.49860376161509334 0.045431993987005474 0.8656386213805641 49.3719531165026 0.014373101308042369 0.9989215870715399 -0.04414835037987296 -0.338196640386735 -0.8667108530888881 -0.009570621967248647 -0.49871905952459106 -5.469894108568239
-0.4986486881694176 0.04447617692119139 0.8656623796107774 50.282543668332856 0.014455474511046848 0.9989705540555139 -0.04299850447026422 -0.3978042043330918 -0.8666836360769595 -0.008927587383708167 -0.49877828054149204 -5.9884926193162995
-0.4986395709216702 0.044225104462837575 0.8656804944356223 51.15328743804936 0.014118914991384393 0.9989795018142194 -0.04290234485992073 -0.4539941202947073 -0.8666944297447162 -0.009170337521848062 -0.4987551206345828 -6.491252254426532
-0.49896991557061837 0.042614012954379096 0.8655709498679897 52.168871064369306 0.012102746072361427 0.9990355396012831 -0.042207986816247905 -0.5183146993466843 -0.8665347926615286 -0.010584730204243862 -0.49900442542481127 -7.067128575774284
-0.4990880986542084 0.04192364473418167 0.8655365259733 53.06799520992196 0.011719791197574596 0.9990642165308031 -0.04163337293539086 -0.5786244709410592 -0.8664719939363376 -0.010634813580604459 -0.4991123966243415 -7.575524312569492
-0.4984571628184611 0.04117878954026022 0.86593577367318 53.95347813421887 0.010690478143455515 0.9990872418395418 -0.04135694464682796 -0.6386786071721902 -0.8668484126489674 -0.011357397829408478 -0.4984424129250145 -8.078930322523574
-0.49720780951416516 0.03972808609723969 0.8667214508324896 54.852988907907154 0.010322753708306256 0.9991512927429566 -0.03987649641023939 -0.6978228278174519 -0.8675700749299755 -0.010879953360584787 -0.49719592888605674 -8.587844822535976
-0.49530027798573517 0.03762659094904327 0.8679066045841606 55.785858424604534 0.010659462702192375 0.9992495885848766 -0.03723755587917578 -0.7617787127082645 -0.8686564398438281 -0.0091923536979137 -0.4953296782460535 -9.112414489932629
-0.49300806081638593 0.0362330393852521 0.8692699343857311 56.69554307529787 0.011128979542631702 0.9993133190597164 -0.03534170573405244 -0.8204034063440735 -0.8699535607056313 -0.007749658493084831 -0.49307275833170366 -9.615874367395486
-0.49063329233191827 0.03606081546996728 0.8706196586588102 57.60237204714824 0.011562672098626254 0.9993247685485106 -0.034875658838288824 -0.8762046149786269 -0.8712894335807604 -0.0070444696823845614 -0.490718960686677 -10.11862506211747
-0.4885809194487981 0.03632672975693762 0.8717620396964605 58.50064248899175 0.011821301929645712 0.9993168096209794 -0.03501672214292233 -0.931019817946539 -0.8724385032604048 -0.006803140018616316 -0.4886765549058318 -10.614159806044672
-0.48761844514820785 0.03684786449630356 0.8722789042693316 59.38125315766114 0.011751819660244734 0.9992954522092435 -0.035643988674048895 -0.9874512006030187 -0.872977746959175 -0.007129801959710842 -0.48770792410837305 -11.103493491693136
-0.4884930919557242 0.038240396218903204 0.8717294139861045 60.30496205563404 0.011043459745668139 0.9992301495244285 -0.03764505649130365 -1.0455294122068588 -0.8724978745580887 -0.008762441349814246 -0.4885393315928713 -11.613638554775068
-0.49139104283267476 0.04012489391245368 0.8700142733957473 61.17923106272224 0.009925056377482023 0.999131297163107 -0.04047399517060605 -1.1028766964508063 -0.8708825042907453 -0.011253617981821746 -0.4913624118739645 -12.100074089094294
-0.4958477247300688 0.040480075390381884 0.8674655021246679 62.050488445627344 0.008694770852101652 0.9990943238065405 -0.041652528103111375 -1.1645434489095061 -0.8683659567485607 -0.013110897526105596 -0.49575061222979555 -12.592009157923268
-0.5013817892078559 0.039034847241186416 0.8643451753504416 62.86764754622464 0.009833476576811773 0.9991743512020401 -0.039419774712635296 -1.2185830997736717 -0.8651702746795812 -0.011264839139502714 -0.5013516721923038 -13.060878390687325
-0.5067835613806801 0.03691831705215502 0.8612824506399456 63.71615535700513 0.011338491266340291 0.9992816187255138 -0.036161928780410836 -1.2741020025921352 -0.8619987590072952 -0.008560627509297775 -0.5068380955754312 -13.559278633282162
-0.5119396399626168 0.034534028644491226 0.8583269807599706 64.55575093581092 0.008887923654990621 0.9993510458749896 -0.03490690363906504 -1.3302683330045215 -0.8589754419353609 -0.010241483005179321 -0.5119143504315988 -14.056103470849044
-0.5167809894903792 0.03807703283624744 0.8552704534074185 65.4172042550896 0.011292662960832265 0.9992267011677446 -0.037662653075418016 -1.384847062699558 -0.856043155842389 -0.009805062152459063 -0.5168113544530434 -14.577093522477291
-0.5216702788183347 0.03960430606828324 0.8522274456613387 66.21059783493595 0.011735614699164875 0.9991605496069527 -0.0392488401964256 -1.4369716614644348 -0.8530664660770769 -0.01047354047023049 -0.5216971433741853 -15.061709317397806
-0.5264385700083921 0.040589210144200034 0.8492437506554809 67.08028050953914 0.010570493337962542 0.9990950552073373 -0.04119872972361164 -1.497803203104664 -0.8501474558440497 -0.012711674953250082 -0.5263912201412292 -15.593341631070523
-0.5303443534386995 0.04032272542806519 0.8468228531338418 67.9372561058756 0.008924310106230338 0.9990784455304097 -0.04198352493142556 -1.5600126263358423 -0.8477353498968973 -0.01470841563842507 -0.5302154647354149 -16.118204126548275
-0.5337046924605835 0.0396137452037137 0.8447425953723944 68.74729581233521 0.009838300949303614 0.9991255121504513 -0.0406376525469771 -1.6167527767379322 -0.8456136878504179 -0.01337767397693483 -0.5336277061388232 -16.62686176379678
-0.5360947072601153 0.03281664551424033 0.8435197286518458 69.55984829680834 0.01079916539402156 0.9994289226622721 -0.03201884715167423 -1.668365359960811 -0.8440887648076374 -0.008055825427751477 -0.5361429481045088 -17.14053034973289
-0.5383854767608907 0.023901761694097676 0.8423596525243041 70.49730165518007 0.01015131255527097 0.9997091007139994 -0.021878409517407892 -1.7252937682055067 -0.84263754323336 -0.0032279618220757422 -0.5384714950636866 -17.731555974152002
-0.5400621785175653 0.02251547003499842 0.8413238953839145 71.37284740091965 0.011202018985759928 0.999745843060781 -0.019564356706275845 -1.7698392138737344 -0.8415505677649462 -0.0011414428548216882 -0.540177136690091 -18.28729351286018
-0.5411706498802898 0.02693687105066008 0.8404812506452147 72.18545617945992 0.010613155180983996 0.9996259963473674 -0.02520373709664686 -1.8056639837918076 -0.8408458174036715 -0.0047193648441988985 -0.5412541352730883 -18.8067054074484
-0.5424676951358783 0.03351314391390124 0.8394079276007425 72.85791466151387 0.012620225563365488 0.9994163026868352 -0.031745611200688695 -1.8413175738725758 -0.8399818626855563 -0.006627451152718504 -0.5425740016352802 -19.23658600687598
-0.5426806018100905 0.037292848005108556 0.8391108436355147 73.51526477941857 0.018396821484632345 0.9993019405075945 -0.03251443767033178 -1.8821584157804032 -0.839737650327946 -0.002207982206270243 -0.5429878483320567 -19.666528495307997
-0.5425280093621727 0.03853823692870054 0.8391532418765627 74.34994942923213 0.021926640599922373 0.9992564134373678 -0.031715022249549675 -1.9356223661597665 -0.8397514998435665 0.0011935236549621953 -0.5429696068950501 -20.21069688970198
-0.5420626598773318 0.035038687597277 0.8396072672018577 75.07563416703324 0.020651322318995156 0.9993840373104027 -0.028373735313415683 -1.978580060255649 -0.8400842788989616 0.0019586578617110315 -0.5424523647346301 -20.677095011751703
-0.5413897632630417 0.03027176857799624 0.8402266029239656 75.88929943265897 0.01960534602145969 0.9995344212486731 -0.023378861102676306 -2.0211555014813363 -0.8405431307442622 0.003815857209022779 -0.5417311921907343 -21.196131706443126
-0.5406399976962097 0.023346946173398497 0.8409300285965641 76.61684207514837 0.016274656233721218 0.9997180158295293 -0.017292321716363936 -2.0585963858407377 -0.8410966225443519 0.004336926359125593 -0.540867509298016 -21.656806431506784
-0.5403282011376256 0.01764709508893346 0.8412692880940674 77.4109311779145 0.007645457060256039 0.9998417521743556 -0.016062926111184005 -2.093490343186588 -0.8414196230429363 -0.0022473637524270213 -0.5403776154824025 -22.144341092362364
-0.5388672658650498 0.012433546872184382 0.8422989235961912 78.044151784768 0.00011138709363373456 0.9998921106553941 -0.014688588836774208 -2.1167368606936536 -0.8423906797751509 -0.007821378476817933 -0.5388105127655561 -22.533358320571743
-0.5366832171948897 0.013301134503937008 0.8436789698707977 78.7864679258219 0.0034555375132087436 0.9999020074035556 -0.013565944524203727 -2.1457312004023428 -0.8437767380307646 -0.004365250422042928 -0.5366765887822157 -23.007008475627398
-0.5335395941511905 0.016567324281270106 0.8456128104748303 79.59361696490397 0.00751881643195882 0.9998615314512845 -0.014845380539193737 -2.1807506966732566 -0.8457416679296612 -0.001562590813428067 -0.5335902823679463 -23.51854540100246
-0.5283530844661598 0.019745072912038544 0.848795116757155 80.4119856619115 0.009779480315663643 0.99980474954375 -0.017170455862149298 -2.2104967639936377 -0.8489684210262775 -0.0007712881800983303 -0.5284430198372317 -24.02238427070912
-0.5207522519734362 0.021989829325268676 0.8534245950702612 81.22479670018373 0.014746881581756823 0.9997507558044989 -0.01676173475347985 -2.2414354886946732 -0.8535804716300674 0.003856640322604177 -0.520946738906401 -24.517057364610576
-0.5124224406114666 0.025200334169729444 0.8583636674018309 81.99143886176799 0.022431455299351706 0.9996210395805593 -0.01595641065635835 -2.279357784461349 -0.8584404884270902 0.01107792334398211 -0.512793532957899 -24.98384127585367
-0.5022744851504606 0.0241892389431142 0.8643698411479843 82.57369403932003 0.01944967276290233 0.9996717954644373 -0.016673679327714887 -2.2983227390583125 -0.8644894746590359 0.008436946856558594 -0.5025801091681643 -25.321738109990342
-0.49134210823777347 0.021830567174795076 0.8706930337434001 83.3751906651905 0.01771075411237317 0.9997295534202263 -0.015071469966970015 -2.3302072418812143 -0.8707865765279292 0.008015382400172548 -0.4915958622524685 -25.76445053343457
-0.4799577804989272 0.01853807591351494 0.8770957009813509 84.15473837913584 0.017887523880909674 0.99977566430426 -0.01134273134587574 -2.3591854050769987 -0.877109209521798 0.010245038135585275 -0.4801817091119226 -26.1834132922131
-0.46882851937698616 0.017812356148181822 0.8831095851519404 84.75105015945269 0.017768166643326422 0.9997845257311925 -0.010732863671386613 -2.3810397441264834 -0.8831104753500083 0.010659365689567586 -0.46904399180692885 -26.49442575992848
-0.4570111618815435 0.01703476862252672 0.8892978210777633 85.58546888963157 0.01834379952249961 0.9997844485265603 -0.009724273932741792 -2.404716933315552 -0.8892717823785706 0.011868999217189763 -0.45722513483274574 -26.91448449055829
-0.4451219878367608 0.018100891782995555 0.8952869783823004 86.3944634351844 0.019182968901844663 0.9997589930863069 -0.01067564738850749 -2.427936258919026 -0.8952644467688645 0.012422296877517645 -0.44536193920442463 -27.311213142749175
-0.4330475587342626 0.021982405573418396 0.9011029828601724 87.00742892404463 0.019017067758949 0.9997028711804115 -0.01524862247851832 -2.4542608701943567 -0.9011704405983069 0.010532957744460447 -0.43333692872060503 -27.60084046630223
-0.42090687560172657 0.03125838721976809 0.906565119172148 87.77315717828478 0.021665815322196337 0.9994674135716598 -0.02440249279890101 -2.481728927605019 -0.9068450774623066 0.00937029544864982 -0.42135994475695965 -27.961432328760353
-0.40805880597136435 0.03611538252666649 0.9122410262722107 88.48433389827508 0.02146935106120669 0.9993205233804371 -0.029959280960316716 -2.5087332438991288 -0.912703170715559 0.0073600744290462684 -0.40855691337947525 -28.278269949287342
-0.3964146186312529 0.03262142599729406 0.9174918488473566 89.29370972484979 0.020074180287415977 0.9994375803217045 -0.026861688824124028 -2.549768600837881 -0.9178520999710281 0.007769530654990107 -0.39684651563567336 -28.62151916068141
-0.3843822914618013 0.028966023167380325 0.9227194717314904 90.14106444837178 0.018421331299843066 0.999549286105569 -0.023703991203760218 -2.5895110168964575 -0.9229901996032871 0.007886326629890384 -0.38474263773147194 -28.971177493521726
-0.3745852930978716 0.029734726057340843 0.9267155465735294 90.74919111610491 0.01534573197542453 0.9995475553857656 -0.02586876557699182 -2.61865733894137 -0.927065459773429 0.004531069259438977 -0.37487211513587715 -29.211648409257062
-0.3672637734409611 0.034260467283200154 0.929485632540623 91.51594781968052 0.010496244062012073 0.9994104052668391 -0.032690529285437156 -2.6568386979134098 -0.9300576055161833 -0.0022499390898716998 -0.36740684288074305 -29.509834275900943
-0.36217595052998597 0.03933281546235844 0.9312795018067905 92.29322502959484 0.004984020317834131 0.9991767193800184 -0.040262178163313074 -2.6974844573078194 -0.9320964222649779 -0.00994047668811793 -0.36207381364031366 -29.80060065931382
-0.35824390151385854 0.04147922781332173 0.9327061598853833 93.18344322556187 0.0030833346025731377 0.9990597041321246 -0.04324581629659678 -2.7544021448336378 -0.9336229432034415 -0.012616704777436571 -0.3580349405919788 -30.13930564758066
-0.35482800569745254 0.04108102677468507 0.9340286053499137 93.99674152540675 0.001261423045629197 0.9990542921030029 -0.04346182511660658 -2.8052305545130944 -0.934930743523106 -0.014243267522031535 -0.35454426260430094 -30.435961991241246
-0.34959347863990237 0.0412704862538502 0.9359920654881758 94.74059335485046 0.0005653762826872777 0.9990384398206463 -0.04383920745618646 -2.8509544744429944 -0.9369013181985125 -0.014796713320813927 -0.3492806568259839 -30.712182055087535
-0.34346456777005224 0.03675760521152791 0.9384460395492344 95.58016804805379 -0.002883135677311647 0.99918781623879 -0.04019198189468768 -2.901661156459725 -0.9391612099182954 -0.01651018894713678 -0.34307963426256105 -31.02455303972166
-0.3379492992820653 0.03296095560210492 0.940586969142437 96.93872635398358 -0.002974626976147368 0.9993441616563788 -0.036088753894540304 -2.9862556190822613 -0.9411596159574172 -0.014994064462446478 -0.3376296126257031 -31.502840088035448
-0.33205100503778184 0.03022821054542974 0.9427769541840841 97.81891040285349 -0.004557497237447242 0.9994232993833546 -0.03364963400423213 -3.03511530297681 -0.9432504223547047 -0.015470098154481601 -0.3317217460323656 -31.804818770765788
-0.32656015634217034 0.028651066829086545 0.9447420709692836 98.67052858975009 -0.013401883273026098 0.9992996130348548 -0.034938129788584155 -3.0781383329048215 -0.9450814006288096 -0.02407072408431029 -0.325947459612042 -32.07881066130015
-0.3204914363817733 0.02891838057686666 0.9468098892970847 99.5185798267978 -0.020622134544121692 0.9990839880512037 -0.03749549821704767 -3.1221680471353905 -0.9470269092126111 -0.03154222700622122 -0.319601503661507 -32.342815104926885
-0.3139095861500008 0.033126613652430456 0.9488748069113524 100.17686171920877 -0.01902796554704431 0.9989709365708377 -0.04117043130599984 -3.160258630284667 -0.9492621915204854 -0.03097895018725088 -0.3129562212115623 -32.55389221117257
-0.3066013881013055 0.03645021324408138 0.9511398271383721 101.06712987186708 -0.017165223554675823 0.9988922548089739 -0.04381344979524073 -3.214078025255537 -0.9516832161568627 -0.029759792289313424 -0.3056360758291247 -32.841798436071784
-0.300114388078465 0.034731995123879165 0.9532707079224674 101.90558141541469 -0.01868327267031327 0.9989311989932833 -0.0422775945409175 -3.259177215464548 -0.9537202364376118 -0.030498330979814813 -0.2991447181830738 -33.096523737248276
-0.29305940173901684 0.029943852149260704 0.9556252156420066 102.79628650935712 -0.01912723749674168 0.9991257904825736 -0.03717261866366026 -3.3121798445563746 -0.9559028903806662 -0.029172255844104364 -0.2922304632492197 -33.36231002909123
-0.28591982349173184 0.027125535163657774 0.9578695422010981 103.60804809565417 -0.02057036554029256 0.9991951876991291 -0.03443598322161287 -3.360077232776556 -0.9580327314846789 -0.02954965686747689 -0.28513172952693094 -33.59825820740041
-0.2795245427724895 0.03049314340390566 0.9596542076150028 104.61599884867132 -0.02262395716068894 0.9990088598033333 -0.038333465755572844 -3.411359898351075 -0.9598719636233892 -0.03242632017036792 -0.27855761919212874 -33.87722326306038
-0.2729373187805856 0.03335851558700945 0.9614532903135208 105.16748391546939 -0.021731420367075833 0.9989298407823758 -0.04082791402123201 -3.441649505209936 -0.96178634081884 -0.032037206999470456 -0.2719203044680165 -34.031253912774716
-0.26596642759496225 0.03355638264461669 0.963398063406908 106.01011137140163 -0.024716328295857785 0.9988280056745682 -0.041613918293455704 -3.495355142097936 -0.9636653789090611 -0.03487956800149761 -0.2648253258812004 -34.262075674403384
-0.25920749850070607 0.032884950547778125 0.9652616498900574 106.75826573801186 -0.025316861697534877 0.9988454158576413 -0.04082758545348635 -3.5390823313661404 -0.9654897872244914 -0.035020211987422716 -0.2580756778884089 -34.45100024081321
-0.250964532240553 0.032714777401037266 0.9674433042286664 106.76062021762026 -0.02112405862036057 0.9990056453407884 -0.03926187367710197 -3.539222420331705 -0.9677657659292788 -0.030289666832663032 -0.2500239156130517 -34.45161778692039
-0.2433480101451569 0.03355510837654046 0.9693584479748604 107.53358850876168 -0.01930087080925125 0.9990360011431967 -0.039427716213514166 -3.58766444479583 -0.9697469888297652 -0.02830411845734548 -0.24246578012980613 -34.64879166414833
-0.2368292720753405 0.03411013539080561 0.9709523132223766 108.24538862831953 -0.01820384537204715 0.9990522545932913 -0.03953748355333313 -3.628740762140986 -0.9713807265444042 -0.02703869922315806 -0.2359838825902837 -34.81525158599702
-0.23017888141934312 0.03278601886180847 0.9725958870547068 109.10543173123794 -0.024337707507850106 0.9989257619506887 -0.03943346427206531 -3.6797263652394574 -0.9728439538496407 -0.03274750491910891 -0.2291336779693696 -34.99984095593839
-0.22452738628142066 0.031011938016175647 0.9739741847246843 109.80686510007445 -0.028225668563899544 0.9988671353243472 -0.038311324736311166 -3.720363795996269 -0.9740589122038534 -0.03609301413585571 -0.2233976944528176 -35.14585534856209
-0.2200935557927713 0.0309442723241166 0.9749878351594056 110.65904827343893 -0.025498118337134272 0.9989727153116965 -0.037461447169584675 -3.7700981416045116 -0.9751454623079365 -0.03310537831085764 -0.21907843633533486 -35.329655559804195
-0.21618885411038413 0.031325763667015054 0.9758489001321448 111.45792376929444 -0.024153657054953575 0.9990076735853051 -0.03742016793850791 -3.8107934406171413 -0.9760527548290155 -0.031660142898489445 -0.21521769244729072 -35.48215335421459
-0.21151909580096273 0.032698353192321054 0.9768267450321232 112.38750173073575 -0.023304031723475796 0.9989873490335605 -0.03848634272476827 -3.860051618633465 -0.9770960005122187 -0.030904597868396964 -0.2105428973240808 -35.67504926955141
-0.205648242788606 0.031780440968540796 0.9781098117337352 113.2537529648409 -0.01709852200000048 0.9992033129842095 -0.03606078017449528 -3.906736338960742 -0.9784765918423257 -0.02414006821081657 -0.20494100693468645 -35.859854195454766
-0.20017653898059726 0.030617718227166225 0.9792813224872159 114.18416802361963 -0.009782344169786822 0.9993993128103829 -0.03324634260601 -3.9550121048196725 -0.9797110078917621 -0.01623480473224801 -0.19975678244057857 -36.05647739450799
-0.19562462993428123 0.02985063105947441 0.9802244355189407 115.09185588183041 -0.008128015793494196 0.9994529503448576 -0.032058312591557864 -4.000380957965411 -0.9806451649410888 -0.01423867523010771 -0.1952749871472417 -36.230666561668286
