1.0 0.0 0.0 0.0 0.0 1.0 0.0 0.0 0.0 0.0 1.0 0.0
0.999981055684391 0.0030279905547227694 -0.0053590620010862755 -0.014903140188975289 -0.003033422209173319 0.9999948934376267 -0.0010057078952236042 0.0786983301370162 0.005355989360694363 0.0010219451404702346 0.9999851343925559 0.04460581067357296
0.9999788627020769 0.0033296782124364772 -0.005584567312024979 -0.09535039943487758 -0.0033312611515818953 0.9999944137491327 -0.000274170874528449 0.06864516310264619 0.005583623214443583 0.0002927687314319084 0.999984368596964 0.0929241769687849
0.9999090015404933 0.003927503430641485 -0.012905942627173128 -0.10094439800188032 -0.003944096017192794 0.9999914276443361 -0.001260454064907563 0.06790222404552164 0.012900881555178654 0.0013112416424432998 0.9999159204155389 0.1908125148787112
0.9998943662104564 0.004383636367624022 -0.013857855273677146 -0.1914932737911582 -0.004408501445371618 0.9999887261934474 -0.0017642565042945229 0.05734562005410447 0.013849965183923523 0.001825162514197945 0.9999024188620612 0.2417632135222418
0.99985652517142 0.005063122677324455 -0.016164586629042733 -0.3046716553761979 -0.005120759648926881 0.9999806715563013 -0.0035262351632811594 0.05655894068726705 0.01614642043151938 0.0036085042002471047 0.99986312653517 0.26037767833428976
0.9998183190135347 0.0047808561037799655 -0.01845189366608881 -0.41859283260547314 -0.004842837612917589 0.9999827758304556 -0.003315865840446676 0.04495506227399857 0.018435723170101285 0.003404622935345444 0.9998242508830557 0.31750223083960527
0.9997120027779599 0.005390863802166857 -0.02338482604482758 -0.5541045676875387 -0.005521787490296026 0.9999694213742311 -0.0055377052465495225 0.06762832047885664 0.023354257954222604 0.0056652364427390665 0.9997112001630549 0.3485386201943491
0.9996142153456024 0.0037445856899898087 -0.027520874931696897 -0.6958801219935866 -0.0038674853126952104 0.9999827802431388 -0.0044138163258730274 0.05501716066121757 0.027503873115469875 0.004518550122857974 0.9996114843620173 0.4086307130380984
0.9988087412704711 0.0028193744024755975 -0.04871498218901221 -0.7035972170097375 -0.003080367131753516 0.9999812988567033 -0.005283301543008206 0.054447795055688544 0.0486991755580187 0.005427067793883298 0.9987987471133162 0.5744009669708678
0.997776700067198 0.0030762133174405152 -0.06657472279055004 -0.8006939050387523 -0.0035220591260438465 0.9999721450846336 -0.006580589209887457 0.06353325927423518 0.06655262506111713 0.006800438696307554 0.9977597416868514 0.7187291313797971
0.9954236741690661 0.007895748435154658 -0.0952332193113614 -0.770638307899365 -0.00899139652710613 0.9998981749958272 -0.011081264752118222 0.09303204026623686 0.0951360273095816 0.011886832911374934 0.995393308954349 0.8954640275127318
0.9920838186449537 0.01252408346446926 -0.1249513670042159 -0.746131920115985 -0.014367217659296268 0.9998007140371848 -0.013860565192870851 0.10239677692384291 0.1247528750753972 0.015546045931696739 0.9920660464990788 1.082422618783689
0.990564109085152 0.015372957740383253 -0.1361852340110772 -0.9407234077298773 -0.017662488646299507 0.9997219954342754 -0.015619485898394953 0.10804823743459276 0.13590725619759533 0.017877472282825893 0.990560252431733 1.1117377847451257
0.990320681741825 0.01415417396887418 -0.1380746416749518 -1.1422121662750093 -0.01714792691215505 0.9996424432419535 -0.020516682769717784 0.13901641363127748 0.13773487545651927 0.022685789131451653 0.9902093006301551 1.1318275263871296
0.989955129386333 0.014340156282162326 -0.14065277003846088 -1.3496861517202694 -0.017833145978038707 0.9995622912437134 -0.023605186467040996 0.16074450356665168 0.14025270302641213 0.02587635680347938 0.9897775474581976 1.1694655818548112
0.98917388071293 0.014864515546237021 -0.14599342414265803 -1.5674554917703556 -0.018696827768578447 0.9995147717940366 -0.02491284000083535 0.1775434056941635 0.1455522667178855 0.027372744529746838 0.9889718249324373 1.1577187188500953
0.9834549439616245 0.016529314417190816 -0.18039721439738496 -1.6264253318490445 -0.021285549145652144 0.9994741460591237 -0.02446133187203622 0.18055816060183977 0.1798980227656948 0.027896471538234286 0.983289625838039 1.3728476839062038
0.9825373898761025 0.01760494220059104 -0.1852305145098127 -1.8478198716732521 -0.02327109975202874 0.9993240100308018 -0.02846012811442262 0.21044076922365468 0.1846042616295388 0.03227365777336168 0.9822828908222627 1.3545304738686532
0.9821312416592894 0.018692976381259392 -0.18726664623149608 -2.0721039700062023 -0.025268693012188235 0.9991428316037365 -0.0327886445026851 0.23564382867453346 0.18649320982340992 0.03693473553279283 0.9817617368796182 1.4064361603794748
0.98156007195346 0.01789335650967641 -0.1903146156750351 -2.2972664279108823 -0.025442556153749782 0.9989802610106269 -0.03729764667513671 0.26015473309260095 0.18945316435225346 0.04145197105033324 0.9810143896054537 1.466827360976267
0.9738021447960817 0.012969796375332335 -0.2270267983576685 -2.411014930375161 -0.022398102494781254 0.9989880467902581 -0.0390026585609064 0.26534985379658566 0.22629120132074138 0.043065842058036936 0.9731072014185531 1.6739386201781585
0.9630848667787973 0.007823840691701327 -0.26908423755117483 -2.486204074601902 -0.019233331426457605 0.999022899757197 -0.03979101309293273 0.2637434293877202 0.2685099967299285 0.04349750886605783 0.9622943148426794 1.9037829212893294
0.94949946264607 0.005121613103983632 -0.31372685494556796 -2.632871013735254 -0.019189691959938842 0.9989429484479805 -0.041770102567967926 0.3659933292650717 0.3131812991819705 0.04568101164892257 0.9485940749432419 2.0803918619780624
0.9327536514519308 0.007550448531960655 -0.3604353151815958 -2.7615234751447657 -0.023644393339502946 0.998909324901012 -0.040262926985151014 0.36925267817578944 0.35973819420058367 0.04607766652914338 0.9319148460457817 2.310042690100114
0.9125804887187158 0.008178555683067525 -0.40881531629434953 -2.8957347190852643 -0.027127629996515887 0.998808204499825 -0.040574158211947986 0.3696378583836229 0.4079962540277572 0.04811737576775163 0.9117147442311897 2.541694819066429
0.9107332503757517 0.009358350251722485 -0.4128890504004491 -3.1667772334429416 -0.02463646773704969 0.9991939165693036 -0.03169481895100526 0.3254736547324404 0.4122596161612968 0.03903765325249166 0.9102296800868884 2.5393704607956638
0.885797422908155 0.0037669467463395372 -0.4640568237635146 -3.313245730530551 -0.021104971534550078 0.9992594321696123 -0.032174017414519765 0.3355540974130082 0.4635919603981471 0.038293567766326315 0.8852209311363629 2.7802308774051596
0.8790377521469379 -0.0011993788030130043 -0.47675065997955957 -3.6044994647438084 -0.015162765763667482 0.9994206200110681 -0.030471541331024202 0.32670379637552 0.4765109871082248 0.0340144937810199 0.8785102693639767 2.7415865470226253
0.8524171687236988 -0.002800022861622467 -0.5228547889587011 -3.876907458436066 -0.013883214042639064 0.999511883185931 -0.02798663498815395 0.30208304797705704 0.5226779379626805 0.031115193107038253 0.8519622162543318 2.8739065371465946
0.8431509401842359 -0.0055118219818603865 -0.5376486881643806 -4.176112574911412 -0.011410817720822346 0.9995388140151477 -0.028141650913445043 0.31374642362347893 0.5375558438947354 0.029862670604490684 0.8426991963915638 2.7687054516820813
0.8346337939016134 -0.00893649106299749 -0.5507327566114806 -4.464107783671751 -0.010897020779170857 0.9994047816466345 -0.03273129022787176 0.34536777259949 0.5506974532495476 0.03331998723474871 0.8340396234203381 2.6177754146204646
0.7986445519561124 -0.0076855743548161085 -0.601753946042448 -4.67421344094644 -0.01505994255465539 0.9993500696770455 -0.03275112771699375 0.3596515492389204 0.6016145591332305 0.035218889581032295 0.7980097443362509 2.8812174550820493
0.7586746347183204 -0.006005628678577855 -0.651442039677513 -4.890508141448024 -0.02057785348528245 0.999237625998666 -0.0331770814642921 0.37732536526031446 0.6511446464350003 0.038575889007579134 0.7579726579543052 3.1603525600706623
0.7578551533221556 0.0005817953753574591 -0.6524225839877047 -5.1663673306597495 -0.021018606390749418 0.9995022972310703 -0.023523945570499312 0.3389557899091561 0.6520841853383986 0.03154075687034595 0.7574901952418945 2.9226387674387224
0.7312765654992668 0.0017773834372791205 -0.6820787532680621 -5.540000756497567 -0.02037923112741297 0.999607093586313 -0.019244359968041157 0.330118355086862 0.681776555544595 0.02797319002260817 0.7310254639543737 2.839085332082934
0.7302467412711819 0.004575167387365228 -0.6831681818602193 -5.856398920070471 -0.01642472911341531 0.9998061157148159 -0.010860904787490376 0.2955596412043897 0.6829860358282377 0.019151992654279908 0.7301803037887289 2.6091581040464322
