0.99997903445025 0.0004418901046093091 -0.006460293575458717 -0.07601238802555992 -0.00043986572302470337 0.999999853717409 0.0003147750093279532 -0.01072466009829724 0.006460431726392033 -0.0003119267481923152 0.9999790825430362 0.9970491854604525
0.9999093264735088 0.0009544603478292038 -0.013432342935545261 -0.17158418981252097 -0.0009507249638408515 0.9999995075988651 0.0002844715634885814 -0.029104938278964883 0.013432607838271788 -0.0002716753056970356 0.9999097415463015 1.9923020056928022
0.9997758782924103 0.001055404936988937 -0.02114424992895269 -0.23680395926332143 -0.0010640017794035313 0.9999993558051237 -0.0003953347332464889 -0.03375970661524068 0.02114381906970599 0.0004177436496995678 0.9997763571946431 2.990162063149418
0.9995477123582112 0.0017419039475147298 -0.030022266571730172 -0.3959429240004549 -0.0017937363801780214 0.9999969468949566 -0.0016996207118382396 -0.05449494363620657 0.030019214334569454 0.0017527040261596598 0.9995477851505308 3.9772004720885947
0.9990488770493889 0.0016518303039154791 -0.04357307337107906 -0.4229420513835974 -0.001841365033445692 0.9999890164226061 -0.004310035842389765 -0.01335393715643572 0.043565475335039974 0.004386170402087379 0.9990409455412903 4.9759889591310005
0.9985779608304582 0.0015936509849872598 -0.05328711307831682 -0.7361512282605834 -0.0017912560977236675 0.9999916950995739 -0.003660755860967778 -0.08923635229269929 0.05328083656696508 0.0037510009889749766 0.9985725223769701 5.922636652435793
0.9975753826099396 0.0015196866837470003 -0.06957762975996912 -0.9015591122753672 -0.0017950561017045917 0.9999908018650009 -0.0038953766165295126 -0.08523053541516412 0.06957107002356533 0.004010827567487015 0.9975689346997528 6.908853750819538
0.9961807025935433 1.0321819626364376e-05 -0.0873155637540864 -1.115784486908321 -0.0003461823211345324 0.999992600345887 -0.0038313719829717098 -0.09902249906814212 0.0873148781023854 0.0038469659384255317 0.9961733347741416 7.885540625637612
0.9943202883938176 -0.0012184836554755697 -0.10642217525504753 -1.3435774250582857 0.0008213481704683989 0.9999925356611581 -0.0037754482052814193 -0.12605879361558037 0.10642598120580136 0.0036665950893483338 0.9943138672495887 8.858874790827784
0.991628942128537 -0.0013762406579455463 -0.12911292380969963 -1.563181241886019 0.0008343628859207792 0.9999906166934978 -0.004250925020872772 -0.14296317688566557 0.12911756259940974 0.004107613249796258 0.9916207856543635 9.834317451864488
0.9882206897248205 0.00209972918588343 -0.1530211081424564 -1.8642793318277164 -0.003048695478501082 0.999977548958429 -0.005967163058961944 -0.1569392939800894 0.15300514323276446 0.006363388754336967 0.9882049045759093 10.787808190139108
0.9840559324702551 0.006410311164769497 -0.17774371910384573 -2.2160724850643163 -0.007863351339434386 0.9999411691506186 -0.007471676077473988 -0.18877947159253267 0.1776853665212997 0.008750208481225622 0.9840484461527929 11.723344272011675
0.9790747789487961 0.009503058085840833 -0.2032787965169578 -2.623753116069835 -0.011367607463991302 0.9999033302190711 -0.008006729504376402 -0.24456261787109487 0.2031830571846733 0.010149980484157441 0.9790881590384293 12.634763344157832
0.9728085387116399 0.010437212885853578 -0.2313754775184675 -3.032784993420032 -0.012688907955716535 0.9998854932008242 -0.008245732316559473 -0.26313309431974335 0.23126292098954138 0.010957420942921334 0.9728295823532838 13.547094447230373
0.9651590482336043 0.01245794562382588 -0.26136719611235887 -3.446104892730532 -0.014930545216280813 0.9998605797997829 -0.00747661567736149 -0.29561098329023267 0.2612376129739878 0.01111847801077875 0.9652104894862967 14.45710094608748
0.956081175931368 0.014188711615873078 -0.2927583739064922 -3.8829401902452987 -0.016865204073132006 0.9998358553925968 -0.006620208676955769 -0.30305996213393754 0.292616386966389 0.011266886616826179 0.9561635358790357 15.356611599378923
0.9450383110610115 0.01587740832488957 -0.3265738791327853 -4.316791373578548 -0.018771502840063157 0.9998074825028153 -0.005712146051076868 -0.3033411670844965 0.3264203138716643 0.011528479356275012 0.9451544174660859 16.257596088961215
0.932686295863199 0.017442131007909794 -0.3602666312259402 -4.77976751401001 -0.02084852061527413 0.999767124227512 -0.005571041375328941 -0.29340365983102124 0.3600855630223728 0.012707060232565532 0.9328327384494537 17.14391111039971
0.9197507908293459 0.02065088015379482 -0.39195921205868595 -5.356486197927914 -0.024461644007032175 0.9996895771864506 -0.004730458460818014 -0.3056203742836441 0.39173985084653523 0.013938809620979126 0.9199704336798464 17.96076256125014
0.9040940915951277 0.02094648915644754 -0.4268197724271912 -5.896042569456251 -0.02526113582044286 0.9996709873653596 -0.0044488242299145836 -0.29162767382000865 0.4265861560808575 0.014804107942944785 0.9043257653236317 18.802595742834797
