1.0 0.0 0.0 0.0 0.0 1.0 0.0 0.0 0.0 0.0 1.0 0.0
0.9990465505704587 -0.0007322791744593006 0.04365150123968963 0.03109400886433526 0.0008384996809831417 0.9999967320615181 -0.002415115850099804 -0.02799047797353206 -0.043649590050228 0.002449414929134167 0.9990438997636449 0.9991254822928523
0.9960443493430373 -0.004913698360764888 0.08872152901198611 0.13126423244970023 0.005582273360012126 0.9999578526951945 -0.0072891053874704695 -0.04610485235129606 -0.08868197317346617 0.007755540060819008 0.9960297983657043 1.993943316930809
0.9909981532188273 -0.004454766668853229 0.13380140272358765 0.28859990722956497 0.0060050991563979075 0.9999194085288035 -0.011185492011055505 -0.071061128761772 -0.1337407907147084 0.011888292616420229 0.9909450385352715 2.981179793081479
0.9838079172527303 -0.0021566944296602317 0.17921308718947343 0.4993882910524232 0.004618025582780033 0.9999006466732075 -0.013318056247741851 -0.10984283297950334 -0.179166558795333 0.013930019800355603 0.9837201323332769 3.957945578119347
0.9743893008606382 -0.004663499561382827 0.22481935446077045 0.7308686569718197 0.007835210556897794 0.9998819438814587 -0.01321770688752804 -0.14150693278196239 -0.22473117239013732 0.014640699152585264 0.9743108077428257 4.93027664152728
0.9628829702568616 -0.005552440710559637 0.2698621055122029 0.9991769953550331 0.009792360336376897 0.9998488281234552 -0.014367692201462903 -0.17223060577552707 -0.26974153419220803 0.0164769931209898 0.9627917809315389 5.893121435414879
0.949532445143222 -0.008129372484805797 0.3135634687321492 1.321692442864065 0.014163319854760876 0.9997556813323009 -0.016969914981489635 -0.20208281606154688 -0.31334890456330927 0.020554584568668183 0.9494155955440081 6.839226610003008
0.9344618256912537 -0.010212855900217751 0.35591683565143467 1.6657549638572764 0.018005437677343212 0.9996650799254122 -0.018588496221239797 -0.23496446976912921 -0.35560779032498185 0.023778678518393825 0.9343327426073126 7.7775980844522445
0.9172771637597824 -0.010065159175769217 0.3981222141699403 2.066946419487639 0.019292727456081647 0.9996299214871256 -0.01917839239740654 -0.26916672981407336 -0.3977818441207626 0.025272764755957668 0.9171318835639045 8.69295614383753
0.8978313828457811 -0.010581455655898662 0.4402122678588533 2.5069392123137546 0.020602191121574968 0.9996258693660078 -0.017990859213606717 -0.29184751671947173 -0.4398572014850077 0.025222095282826328 0.8977134777930659 9.590674237255945
0.8760491618246673 -0.010361630215882803 0.48211046730554113 2.987657297347292 0.021265810396263015 0.9996266115203376 -0.017158171480637665 -0.31664201355516863 -0.4817526661830613 0.025283871531829934 0.8759424036235909 10.467201261302648
0.8522468938107374 -0.010435376950749262 0.5230356918010908 3.5169473674319205 0.02211267829790866 0.9996260517462485 -0.016086830909174885 -0.3416769262444402 -0.5226722313730117 0.02527567166472448 0.8521589517064607 11.3152988484824
0.8266232503109251 -0.010787287413330996 0.5626523229096846 4.0638717561797275 0.02378448828252942 0.9995925824804026 -0.01577869345980068 -0.38292839658344763 -0.562252879194531 0.026425432454783526 0.8265430396277244 12.151465182858349
