0.9977822120635979 0.0031914304835788474 0.06648663069326069 0.04248036250436253 -0.00018392594121883175 0.9989783108946844 -0.045191819317786104 -0.049367990263707834 -0.06656292857681143 0.04507936482995032 0.9967633758349103 0.9976865515379718
0.9960936878877645 -0.008449368652173021 0.08789751486551076 0.17668611812263008 0.009206599548639156 0.9999238889483191 -0.008213089261687477 -0.13143437616010034 -0.087821429474269 0.008990243592312985 0.9960956641032261 1.9854252513283779
0.9243431159587052 -0.37204720910756967 0.08467985696150128 0.27344663330267793 0.30362076394605864 0.5827742653502076 -0.7537828515868064 0.14494840860925107 0.23109356477531712 0.7224645526534806 0.6516446381875957 3.3142011805894107
0.9885586672157328 0.052326659750871723 0.14146972167913133 0.45616437226799 -0.04526110145220136 0.9975835897856036 -0.05271066387176099 -1.5502326779806408 -0.14388604577229813 0.045704508199790383 0.9885382662103817 3.2873592056108496
0.958385756963818 -0.03486913758789144 0.2833388150126395 0.4479184321002243 0.04284226092023802 0.9988398087771901 -0.021990386108203322 -1.69589661509429 -0.28224330200756254 0.03321414827783929 0.9587677189111269 4.3251161621912955
0.9372364286271825 -0.011129644425293201 0.3485168688444381 0.7277739022454508 0.02111915585278508 0.9994674254535477 -0.02487662986262458 -1.723168897356512 -0.34805438958621143 0.030675665799176594 0.936972329056492 5.293019791803341
0.7151414073287228 -0.35924648828574557 0.5995954704450772 0.7323837424333985 0.3105356888178579 0.9318032687081137 0.18791022961854065 -2.373432719436539 -0.6262111093667311 0.051813406365862694 0.7779299566326353 6.672784540928171
0.4102747655060842 0.8477598016661947 0.33612190566492706 3.0381279739294063 -0.7623197662662047 0.5211043555698913 -0.38382134459397443 -0.21956375922183047 -0.5005428960126851 -0.09876016041391579 0.8600600211416942 6.840702494390395
-0.37232160198076003 0.910872843432365 0.17800923514222405 0.7810863372380141 0.6988778443033041 0.14895542559289177 0.6995584606938912 -3.256047065137179 0.6106933628593371 0.38486743728702144 -0.6920481719329038 16.24132436260294
-0.016944526634602886 0.9933574433685153 -0.11381508125682084 4.057386339419018 -0.43862690669008064 -0.10967837782189208 -0.8919512823948677 3.766378381357007 -0.8985094989729485 0.03480866476505157 0.4375717508165425 6.532186242866604
0.30607838213590666 0.9113669285130424 -0.27518420303820046 4.526245677751104 -0.6087353474766494 -0.034883800367871975 -0.7926060794646839 2.483863731797746 -0.7319544389656691 0.410113937930178 0.5441040867277639 6.086400351559126
0.3156246961053012 0.9140998168670823 -0.2545635009423061 4.222974894165223 -0.5578167013617514 -0.038281375289800385 -0.8290808549157407 1.695702788176657 -0.7676076985611398 0.40367816526224015 0.49781759711784124 6.659454749126937
0.3370222423184351 0.9141968094328758 -0.22507821264041689 3.856445816698839 -0.4878664538700095 -0.034889687189235435 -0.8722207478133837 0.9149051209350554 -0.8052343332042883 0.403765901669009 0.43424735494698957 7.289384261871551
0.3469852558716951 0.9138932475000031 -0.21071393969444138 3.649839643477662 -0.460598022637064 -0.029660337623286695 -0.8871131415523605 -0.0033797617830981785 -0.8169765564264863 0.4048696043740144 0.4106457228604097 7.5741286186195635
0.38603904837886815 0.9052344532829649 -0.17755122561173775 3.293191427908641 -0.39287160143879407 -0.012809172884555992 -0.9195041217269938 -0.8805453962384093 -0.834641095267693 0.4247193304754397 0.35069606842797574 8.066436186509264
0.34230243512878483 0.9065769770034414 -0.2468749231335709 3.808641028993471 -0.46955901979461023 -0.0625292891154804 -0.880684060791517 -2.0004609140496026 -0.8138448069714691 0.4173826455065125 0.4042874687589964 7.679106571245823
0.3046395308849862 0.9350443567969733 -0.18134720026598344 3.21087765560956 -0.645069190472878 0.062462867809287205 -0.7615668911183732 -3.6025868569495123 -0.700771357665851 0.34898487211793955 0.6221969650424087 5.9877966312872495
-0.08175063927082121 0.5969833646697236 -0.7980774995490276 7.967997622239443 -0.47123602899701356 -0.7287483715452359 -0.49685250924725277 -7.703578410505235 -0.8782103608782672 0.3354648614650756 0.34089571538562957 8.716165299443745
-0.7342683532990874 0.4808390634420189 0.47921162382777094 2.9707763473266424 -0.5723822786994326 -0.058963976667363964 -0.817864155276666 -7.986515759090378 -0.3650048114399194 -0.8748240077431414 0.3185191408721554 -1.1623699082548855
-0.42029033017500744 0.36344360750192983 -0.8314233473552246 12.412560943166907 -0.024178454603323036 -0.9204406854815776 -0.3901337550676652 -13.702488090911672 -0.9070674951150975 -0.14386691306963276 0.39563982437241596 10.719416228250285
-0.35044914015179196 0.3979976488052023 -0.8478108702490199 11.590270455657002 -0.6069590834307619 -0.7859164812475197 -0.1180506482167929 -15.563060844730789 -0.7132924163397207 0.4732157605670456 0.516992043210719 9.80111464387141
-0.6251949629914711 0.4746924009713997 -0.6195146347828276 9.005390433475993 -0.6747129487549682 -0.727707376537723 0.12330616738411314 -18.10862805202844 -0.3922928689543912 0.4950849407855103 0.7752400959541111 6.886666945137625
-0.9663391924696279 0.23763785913458746 0.09857389615449774 1.2811630820288613 -0.0525920774928646 0.19259404433416305 -0.9798681582090488 -8.79386118377894 -0.2518385166771204 -0.952069210715765 -0.1736133045734896 21.544677810502886
-0.23932533785531762 0.08738824908182286 0.9669987986460226 -13.206192629804244 -0.7054358130619108 -0.6999751671819933 -0.11133318902384887 -16.689459309133948 0.6671459332935471 -0.7088004368303902 0.22916859391925573 18.6841730064224
-0.8920299429247667 -0.2565792253639324 0.37208827183516846 -2.6297412546864347 -0.24705684124396218 -0.4125741299801693 -0.8767813321836071 -10.669519709598902 0.3784778700534458 -0.8740421548087651 0.3046388246712106 15.104629312296336
-0.08342859065936829 0.18344706000347133 0.9794829485175708 -13.041224498795088 -0.7351045928704022 -0.6749453241211911 0.06379691989257211 -20.58344898146681 0.6728007935499415 -0.7146999269784636 0.19116251352068547 20.78706940401478
0.4883329151245863 0.5409652811467528 0.6847536262041539 -7.356388901518084 -0.3887563347685936 0.8373697289912201 -0.38429214036518944 -14.268500055059807 -0.7812806641554696 -0.07853980877863126 0.6192188807310408 18.945820834106215
0.28970933386612713 0.6575439344150382 0.6954886599972976 -5.606272154611261 -0.28520566439630457 0.7529485766940364 -0.5930650637583418 -12.890278546581735 -0.9136335320395734 -0.026540820793923926 0.405671485274079 22.362464737258176
0.5397085995149888 0.37535948706914435 0.7535382426106576 -7.169905768303595 -0.36712757114867756 0.9104400673833141 -0.19056817731598907 -18.262392986258153 -0.7575829816673825 -0.1737933806859575 0.6291771505050888 18.68216746566368
0.279318318223139 0.6076362540883361 0.7434779484439953 -4.871662717553971 -0.44834556056554276 0.7672397297613411 -0.45861689392881316 -14.908857203635877 -0.849098071736219 -0.20523493804232734 0.4867351279500952 21.247021666014785
0.3545339021624488 0.7426825876527778 0.5680917938281109 -2.0533058833340156 -0.6054180930777574 0.6453382411017545 -0.4658406241900599 -14.692323516016913 -0.7125830792206325 -0.17877675623264502 0.6784277608112557 18.14936583569016
0.606718427523012 0.5449441448453016 0.5787301864451404 -1.856338809097045 0.19418585136824984 0.6043771239900824 -0.7726707883218205 -15.009085562416546 -0.7708337076389377 0.5811748196509363 0.26086629558321583 25.13675656266833
0.7066451841344525 0.7036860486141253 0.0740170840105508 5.521525048543085 -0.5328762442727595 0.46044050963980304 0.7099559460786251 -38.24564209340096 0.465505630502301 -0.5411288959836433 0.7003456474500127 13.073787259305917
0.4496887763163405 0.8786343410819554 -0.16056680580552823 14.478622884910852 -0.2769356586638085 -0.03375319532359078 -0.9602954559748207 -12.077809327764427 -0.8491682079632713 0.4763007626247577 0.22814674687034125 29.467256610834323
-0.06145485414783827 0.9953308958397881 -0.074429219318981 15.961047186211282 -0.8617219497395716 -0.015281522665032715 0.5071506249646821 -33.12911607386655 0.5036452940698424 0.09530415967733669 0.858637603945633 10.328359515895686
0.5364285039572031 0.27388394559408913 0.7982681532467967 1.8005981063067282 -0.7702670942775538 0.5454070093483798 0.33048418665175006 -31.042732892495867 -0.34486673312375404 -0.7921608286828308 0.5035356570145549 20.848819575019313
