1.0 0.0 0.0 0.0 0.0 1.0 0.0 0.0 0.0 0.0 1.0 0.0
0.9999952522651054 0.0006001935897123833 -0.0030224518032444703 -0.05288020750083753 -0.0005970991065937462 0.999999296802376 0.0010246303775145191 -0.012611312510621316 0.0030230646544479552 -0.001022820809569672 0.9999949074458762 0.0738230818138827
0.9999771049608751 0.0017922864294201983 -0.006525125548356354 -0.14540844247174925 -0.0017873776562973534 0.9999981153251641 0.0007580417097593937 -0.01233898497302146 0.00652647187848577 -0.0007463614907551007 0.9999784238219064 0.09242264344520758
0.9999479155039267 0.002020646271864319 -0.010004162533447018 -0.24290412554878055 -0.0020171460826555634 0.9999979007762348 0.000359951114874215 -0.022585275695884744 0.010004868866349602 -0.000339752509737166 0.9999498923282101 0.09053127259885961
0.9998822620027857 0.0029084940595215285 -0.015066611911712588 -0.3467166365850325 -0.0029235735597759782 0.9999952471988246 -0.0009789266584429408 -0.030412787204030626 0.015063693100730993 0.0010228597497992807 0.9998860129575264 0.08227252034094676
0.9997288050869979 0.0034599499182332008 -0.02302922113069653 -0.4069471278330407 -0.0035568815616941977 0.9999849820616583 -0.004169441773342269 -0.015208756178292345 0.023014449219550776 0.0042502232539632645 0.9997260978535129 0.17869652318434415
0.9995714485819991 -0.0015703880207024751 -0.029231029081240784 -0.5068287481235296 0.0013857860436926237 0.9999789768730809 -0.006334462006200495 -0.044015818853621276 0.02924036211685856 0.0062912394113819395 0.9995526106863725 0.2533270397054871
0.9989564483689841 0.0017232778172562922 -0.04564038316655259 -0.528805717890767 -0.0023007029246293583 0.9999179432949289 -0.012602120571256143 -0.0002501180220070994 0.04561492111226092 0.012693974570812257 0.9988784420446349 0.3853964921935941
0.9980989936390832 -0.004205787392735546 -0.061487480425341336 -0.573326133179694 0.003878706769006364 0.9999776924128181 -0.005437859002960274 -0.0673907949612388 0.061508979266849256 0.005189029691870986 0.9980930414747948 0.5172315049654955
0.996670344066263 -0.005549295917401883 -0.08134759107470922 -0.60513116497063 0.005103824836663103 0.9999708264800223 -0.005683059114449585 -0.07018784481150492 0.081376754855878 0.00524895262721759 0.9966695903183979 0.6800819692760999
0.9954233696771557 -0.009610161466236986 -0.09507870369945833 -0.7502843094383447 0.009015175769714891 0.9999370140079691 -0.006685403702718515 -0.09698810554717859 0.09513696288203487 0.00579765585560495 0.9954473092435188 0.7725657062073974
