0.9990467583145752 -0.0007422843761397385 0.043646577357723024 0.031093134938286592 0.0008481277392490955 0.9999967446128744 -0.0024065417078610427 -0.02798456626211706 -0.043644648932906746 0.002441265564967762 0.9990441355825901 0.9991246573934697
0.9960438652815573 -0.004911903019505426 0.08872706263424625 0.13128140325898335 0.005575454723919119 0.9999583033212334 -0.007232283425146795 -0.04607276250498879 -0.08868783873562375 0.007698365258098536 0.9960297196533631 1.9939287225490485
0.9909983932928026 -0.004457452823118545 0.13379953514647572 0.2886101626162536 0.006002184652552517 0.9999198895133417 -0.011143982009282107 -0.07097633370903454 -0.1337391426265324 0.01184675778245731 0.990945758384163 2.981160951372424
0.9838044470074245 -0.002108278282306687 0.1792327124469742 0.4994050506418274 0.0045668265231450025 0.9999010479681468 -0.01330557656432338 -0.1097335118632603 -0.1791869251477989 0.013908610098997172 0.9837167256996252 3.9579226399876077
0.9743684564640662 -0.004607339362375305 0.22491083449187727 0.7309398940983376 0.007781379255333673 0.9998822273630317 -0.013228058830661799 -0.1413943808445425 -0.22482339999367804 0.014639119766662672 0.9742895539765069 4.93023390989031
0.9628555418155831 -0.005503635047436457 0.26996095198432674 0.9993425396331539 0.009749586403823684 0.9998489305673982 -0.014389635443071166 -0.1721365717437217 -0.2698409738345415 0.01648714785809669 0.9627637419406342 5.8930500593532305
0.9494974892267277 -0.008085351862188315 0.3136704401715346 1.3219160634285392 0.014127596162949188 0.9997557655077137 -0.01699471567111306 -0.20215268593715247 -0.3134564227748353 0.02056784916684192 0.949379815775464 6.8391184260794455
0.9344306850741048 -0.010201348145006405 0.3559989147286311 1.66607162475725 0.017995851220772595 0.999665228618214 -0.018589782960914562 -0.23504696475322348 -0.35569009563210874 0.02377736713175927 0.9343014463659483 7.777454674991311
0.9172300859340315 -0.010042347741788011 0.3982312402477753 2.067358319408492 0.019286718150613655 0.9996293479893759 -0.019214295233357017 -0.2692688933682965 -0.39789067840353737 0.02530450335748207 0.9170837966889417 8.692767653327858
0.8977786980301818 -0.010574652944794817 0.44031986791232536 2.5074583592827 0.0205858876340271 0.9996266490872097 -0.01796618114670724 -0.29195605794693147 -0.43996548795735085 0.025194030042338018 0.8976612001510793 9.59042975444989
0.8759919344966416 -0.010390512584888897 0.4822138197366949 2.988278454094351 0.02124307013563021 0.9996289333216721 -0.01705073715089751 -0.31668327355998716 -0.4818577203574132 0.025180010214445225 0.8758876094668526 10.466900290853127
0.8521613574448813 -0.010422797578906969 0.5231752920086393 3.5176543712373283 0.02204934140560913 0.9996288485882968 -0.015999737923326124 -0.34161974590948113 -0.5228143527307518 0.02517002901598168 0.8520748923762864 11.314921110573229
0.8265347885428046 -0.010776676523675404 0.5627824682518143 4.064712520430717 0.023737780089213286 0.9995945936918662 -0.015721515780272362 -0.3828004897751799 -0.562384886999052 0.02635358619044601 0.8264555205030498 12.151002163883394
0.7994114238530532 -0.012322992767940175 0.6006575723841949 4.66988470102641 0.027034603493480067 0.999514720308213 -0.015474304544807494 -0.40739725421533285 -0.6001753957196044 0.028608875134063343 0.79935663294701 12.946716705007564
0.7708725147503146 -0.011446269231615996 0.6368866060164887 5.315434027462097 0.02781296074196481 0.9994898272715734 -0.015701095356901756 -0.44664348874329063 -0.6363819648743129 0.029817245032329156 0.7707975912529773 13.709426217333869
0.7403522292256766 -0.014674256967370795 0.6720589578772278 5.986920315063735 0.032755706715116205 0.9993616052286095 -0.01426343831235879 -0.4777876925428306 -0.6714206135934193 0.032573734470470864 0.740360257891038 14.449788428290523
0.7086746782514721 -0.01393170403287895 0.7053978367048707 6.704272468927657 0.033239032037265366 0.9993541308296772 -0.013656058834322303 -0.5120007461626788 -0.7047519898193955 0.033124444393847416 0.7086800434816848 15.145658642544973
0.675010196255125 -0.012638318761629023 0.7377001476551943 7.469238250868039 0.03424414092202901 0.9993124170997115 -0.014213790586778966 -0.546597358495285 -0.7370132792318801 0.03485636138801702 0.6749788591553514 15.788799704893105
0.6402354074954454 -0.013990549627221283 0.7680513573389919 8.268731831605052 0.038723341346570087 0.9991507818841778 -0.01407898771905477 -0.5915240781253327 -0.7672021414360738 0.03875538132136668 0.6402334688178514 16.38779186198117
0.6037190462796889 -0.0121289155575023 0.7971048880583662 9.05871443749314 0.03856860498289064 0.9991577636576735 -0.014008070255070972 -0.6268407222397718 -0.7962636346517502 0.03920016237206473 0.6036783675113664 16.99990314034092
0.5658178539715115 -0.010774213859144248 0.8244598670904421 9.866426214151975 0.041666713235027276 0.9990107052986369 -0.015540132139411971 -0.6438665781532767 -0.823476800605374 0.043145417073401963 0.5657070194458436 17.58923480087217
0.5275239682737979 -0.009076611862849058 0.8494916585898622 10.72909586657125 0.046328483931257484 0.9987623030018922 -0.01809789156194068 -0.6669927939926967 -0.8482759777768648 0.04890273222886153 0.5272915591086748 18.094473604663275
0.4890113992217261 -0.008056050986947042 0.8722401913886473 11.602204852170463 0.04810760976790118 0.9986844842263716 -0.017747079983059674 -0.6921274152858793 -0.8709497742772708 0.05063991516582037 0.48875565436971696 18.58135033468575
0.4505204439569622 -0.009645917275112536 0.8927140000340212 12.481293119275053 0.05325799772188464 0.9984511660865553 -0.01608895953918551 -0.7205779259831463 -0.8911761415430047 0.054792565374505865 0.4503363848549257 19.0571595266003
0.41389695671443383 -0.010152626613061782 0.910267122000671 13.404690010993423 0.05721769940192852 0.9982507880343966 -0.014882844615738666 -0.7392593910887828 -0.9085237718946492 0.05824335465580102 0.41375387314290935 19.44055121233219
0.37891639698947466 -0.007692452557050856 0.9253989357386203 14.337625710803126 0.058625313143726425 0.9981564722623346 -0.015707626797525236 -0.7706920281679174 -0.9235721069582576 0.06020367974192135 0.3786688265413698 19.799219537626517
0.34568600117877707 -0.008318188025257732 0.9383133785345926 15.277981302614958 0.05937662129142112 0.9981506546044173 -0.013026417649819122 -0.7851372670343043 -0.9364697568170804 0.06021692835697299 0.3455406142643875 20.139105839170867
0.3124205106362615 -0.009735736182796986 0.9498940151273484 16.228684448989853 0.06180854274887812 0.998036923347218 -0.010099687068354318 -0.801685668854596 -0.9479309724748096 0.0618669142320639 0.3124089568920285 20.44876642406518
0.27969425785265006 -0.009588040505295508 0.9600412447408302 17.18833276925057 0.06224564025431447 0.9980274450120222 -0.008166962232376092 -0.8255254452531332 -0.9580692054301643 0.06204263438993706 0.2797393592692514 20.72895700971517
0.24724971049171537 -0.006371401641940253 0.9689308468115143 18.15549214532484 0.05941794331644731 0.998196161685888 -0.00859830260010445 -0.840272325709511 -0.967128268987008 0.05969780596199986 0.24718228757238547 20.982699542836123
0.21622750759571588 -0.004654594379201608 0.9763319106277885 19.131178153374506 0.05922766843685791 0.9982095088483013 -0.008358213706657586 -0.8546467397084783 -0.9745448928861502 0.05963313840472959 0.21611603492921222 21.201400685686885
0.185931949311906 -0.0043748878732370235 0.9825528843686582 20.115603890679644 0.06138608249454783 0.9980883266453232 -0.007172244440258138 -0.8660605110852488 -0.9806431864348253 0.06164862180482908 0.18584506538651507 21.376830710255373
0.15508524586860142 -0.004396665933704736 0.9878913077067442 21.09925134697249 0.06326095421222853 0.9979819221107207 -0.005489518407725759 -0.876052437254799 -0.9858735305230757 0.06334629009545731 0.1550504090452799 21.556657969326572
0.12439636785421555 -0.004805382599984169 0.9922209693222296 22.088857885866172 0.062082807775973976 0.9980666431020752 -0.00294972975136228 -0.8866586755209416 -0.990288477486904 0.06196679937694358 0.12445419692259334 21.700067891754735
0.09514786299108766 -0.005300278275725241 0.9954490399907109 23.084398368799686 0.06277436414180004 0.9980275088446589 -0.0006861456966370645 -0.9064127859049883 -0.9934818888006073 0.06255396581771773 0.09529290627142202 21.792311710027267
0.06782282241565452 -0.004837162262048366 0.9976856552145191 24.081695208713334 0.06577982379548744 0.9978340947816059 0.00036615953866734284 -0.909495083361227 -0.9955265338206762 0.06560275262992968 0.06799411229192658 21.865725007734824
0.04284303061198436 -0.004468174355030543 0.9990718243179081 25.081355980445515 0.06989192810113419 0.9975534945285671 0.0014642199802350308 -0.9217254176148325 -0.9966341320235261 0.06976432449166034 0.043050504223945095 21.88871973629021
0.0199188346841992 -0.00413976669333421 0.9997930297599336 26.080947099571546 0.07412211928733142 0.9972456446356656 0.0026524870500900135 -0.9320450117349247 -0.997050225142735 0.07405394376345562 0.020170819415701105 21.915386265302057
-0.0003538370316940592 -0.004315757045993154 0.9999906244762868 27.080935220685717 0.08013025411209565 0.996774995404503 0.004330232359146853 -0.9368033062964127 -0.9967843383477123 0.08013103504556263 -6.873196858713496e-06 21.916442779160953
-0.01794532601599356 -0.004958258247786271 0.9998266754539644 28.080628829602443 0.08466980314104806 0.9963881177786377 0.006460896656028146 -0.9409686640196213 -0.996247454054582 0.08477107068270384 -0.01746069486223674 21.89204322904013
-0.033551736254642736 -0.004665457761197827 0.999426092564216 29.079828649357736 0.087591908605943 0.9961275220673219 0.007590607800818102 -0.9323454882118554 -0.9955912507354955 0.08779631702922507 -0.03301315154656931 21.852987359642263
-0.04777672769400622 -0.0052431699970859795 0.9988442788839679 30.07846637242086 0.09013468899850191 0.9958839019715509 0.009538953457399062 -0.9313003509858785 -0.9947829522714979 0.09048625841695938 -0.047107482502285 21.800818348220503
-0.06108046866550399 -0.006198160206130192 0.9981136003269672 31.076765147397523 0.09045469112899186 0.9958316139938357 0.011719446368813443 -0.9284368378370297 -0.9940257165689238 0.09099988670592928 -0.060265209027654684 21.7425830262413
-0.07308470661147082 -0.005843525615038351 0.9973086176645125 32.073213359856354 0.0904102456112703 0.9958266560527484 0.01246028022604853 -0.9241980205813893 -0.9932193177481126 0.0910775729979026 -0.0722513844074053 21.658481922401332
-0.0842401769298025 -0.0028862866347832057 0.9964412987930077 33.06997200000756 0.0907694345207385 0.9958159638251801 0.010558217070770919 -0.9203728635725974 -0.9923026263935927 0.09133583929865666 -0.08362572637645042 21.578122844393594
-0.09447425909329088 0.0004800611338046431 0.9955271889356312 34.065483803479516 0.09080090513584012 0.9958358248552689 0.008136679994853551 -0.914687014996719 -0.9913777332557387 0.09116347665668695 -0.09412444171722724 21.483656341153832
-0.10376813384708732 0.003157287252048061 0.99459650408349 35.059329557515 0.09191144411723351 0.9957464349246418 0.006428357111377469 -0.9090480225894143 -0.9903456269596884 0.0920818596254159 -0.10361694016784845 21.373027145592395
-0.11144017312367031 0.004206053657219905 0.9937622436613285 36.05432204124102 0.09148356340063225 0.9957882425319464 0.006044308286344664 -0.9064092985816373 -0.9895513354251457 0.09158648998498892 -0.11135559891869182 21.273112228148616
