0.9990803700885826 0.00044781223163037516 0.042874392915420924 0.007286876512197791 -0.0003431135461531144 0.9999969415621897 -0.002449314059294493 0.006071965454931066 -0.04287535861955139 0.0024323508118307396 0.999077468113846 0.9999550054098952
0.9954568913974282 -0.0024598177665410524 0.09518154582651249 -0.18896171074650459 0.0033118532954923676 0.9999558410119034 -0.00879475149881856 0.05698819906962288 -0.09515570921977423 0.009070023303842385 0.9954210795839866 1.9791863414660615
0.9904009604687888 -0.0018144927777436091 0.13821231898228445 -0.03658099216369476 0.00355608345121916 0.9999173513820592 -0.012354945389421045 0.020179428200600442 -0.13817847796595964 0.012727844320509555 0.9903255576859378 2.966822514914117
0.9826869537339089 0.0008383526222263905 0.18527182226677566 0.07999642129335977 0.0019652628260929503 0.9998863368418511 -0.014948282142395384 -0.009140955553103482 -0.18526329561787266 0.0150535896670889 0.9825736108480319 3.9595712251969344
0.972979206251032 -0.0019339329588695955 0.2308846554156918 0.3137856685951334 0.00556130157074722 0.9998711112330638 -0.015060970964624523 -0.03550981885521586 -0.2308257700690097 0.01593803077135492 0.9728645553452854 4.9315008784611125
0.9611997910238498 -0.0027034065814835707 0.27583990525042423 0.5885183753146764 0.007582341265252571 0.9998330839157007 -0.016622647459318338 -0.055809097676155696 -0.2757489253590031 0.018069197560343565 0.961059849469782 5.892807207961706
0.9474441677074935 -0.005072518347302582 0.3198809444694562 0.9175974615263999 0.011861216140781164 0.9997438049426386 -0.019277863742572187 -0.08236929367048004 -0.319701205235008 0.022058876590429214 0.9472616034310962 6.836735961102946
0.9324365396561713 -0.00714957675342053 0.36126303861075015 1.2991796707169443 0.015813495972022133 0.9996537402618748 -0.021031712378856246 -0.1217666785758077 -0.36098757992369795 0.02532356871949616 0.9322267342273233 7.760230868339515
0.9150947887252293 -0.007861723540950551 0.4031621521806005 1.713821508001028 0.018087127230763955 0.9996038978842504 -0.021561613185271677 -0.16134269314611427 -0.402832947357172 0.027022965003470453 0.9148745137372419 8.669354548508746
0.8954239337914993 -0.008327954645709137 0.44513663516360447 2.162214587752379 0.019391594512903083 0.9996057347451376 -0.020306184449102652 -0.19164198638824875 -0.4447920242715735 0.026814552691641964 0.8952323915656443 9.562677322683975
0.8734185214453939 -0.00808707362635018 0.4869031583757741 2.6468654836784546 0.020024291702680327 0.9996128602865736 -0.019317279609230565 -0.232554487042433 -0.48655843856411335 0.02662196066891428 0.873242324370615 10.436427662522691
0.8493119977810485 -0.008016071393373176 0.5278303449258868 3.1751188795179623 0.020673991792775882 0.9996226947289999 -0.018084641165501868 -0.2671139438180934 -0.5274862239798461 0.02627186293640164 0.8491572720817588 11.284810815190989
0.8236896535715895 -0.008267131893040075 0.566980607366229 3.7515108198908944 0.022366420122370858 0.9995892569349193 -0.017918165955406698 -0.30473967192016116 -0.5665995921724833 0.02744033437403728 0.8235362349037328 12.101117507346524
0.7963956242342575 -0.010043017144439845 0.6046926057983212 4.362065442024557 0.025991930444726957 0.999506648528727 -0.017631763911434478 -0.33676639795686375 -0.6042172037043333 0.029758987776948586 0.7962637586843995 12.892443813120941
0.7675381286132192 -0.00902884931708333 0.6409397015358985 4.999798463302301 0.026705940057066346 0.9994830347183806 -0.01790128698738669 -0.37421068021350185 -0.640446729939802 0.030856817563478665 0.7673824619570534 13.66179061352908
0.7371072899826375 -0.01215873644920989 0.6756663438283802 5.685288923400505 0.03167822381307096 0.9993606725149732 -0.01657517319576022 -0.4012621291186144 -0.6750328386015758 0.033621590658074456 0.73702120420726 14.389369494631705
0.7047486572083757 -0.011107969799797642 0.7093701030984589 6.386603807895093 0.032070232712186446 0.9993541190357558 -0.01621249333244695 -0.42421450216638207 -0.7087318465659473 0.03417539719147701 0.7046497086425475 15.101851495357161
0.6710045418610738 -0.009904414677825917 0.7413870833590912 7.144181693351108 0.033324126382086906 0.9993032111991899 -0.016810552871874617 -0.46778096208038156 -0.7407039944557346 0.03598603419212875 0.6708670493774767 15.753140748330503
0.6351933265647084 -0.011202296347387347 0.7722719381436857 7.902525546688072 0.03809685621587817 0.9991321184257799 -0.016841599581989015 -0.5018406210254243 -0.771413032968802 0.04011880465017197 0.6350688262537494 16.404105048226125
0.5985543810943398 -0.009461226785482363 0.8010263029766783 8.695100937185009 0.03824706931016376 0.999127441977613 -0.016778449763165414 -0.5396320986203282 -0.8001686163315549 0.040679723142927206 0.5983939718639045 17.012706752627157
0.5606511028092102 -0.00812440852847179 0.8280122794408781 9.519318266187755 0.041336684727173605 0.9989797291562285 -0.01818733709795723 -0.5675507829750774 -0.8270197212972508 0.04442403314660853 0.5604149229494217 17.578291690223157
0.5221810001664556 -0.006589846970988232 0.8528092266046721 10.383170941804725 0.04623588739599 0.9987182592499492 -0.02059323572090509 -0.5942170135736882 -0.8515804399948749 0.05018378779696074 0.5218163869221476 18.08132990644044
0.48343005830820535 -0.005508815408463478 0.8753656559843552 11.2597938241255 0.048080135161236166 0.9986378229215651 -0.02026818278371565 -0.6203665029081877 -0.8740615992749033 0.051885947840164974 0.48303640555316885 18.56179687346229
0.4452474308761656 -0.007476324373548749 0.8953763621360771 12.163359906440022 0.05348288974312591 0.9984018162616705 -0.018259074185792423 -0.6488129059157802 -0.8938088754330525 0.056017121126126376 0.4449356991047608 18.98930022672015
0.4083622701850546 -0.008315214811981888 0.912782073384408 13.080580826742844 0.057492053573245806 0.9982074886089425 -0.016627491120399532 -0.6840912491835404 -0.9110076399598626 0.059267755885122966 0.4081083349395135 19.386114039301223
0.37329827424876383 -0.0055001961322639365 0.927695071823388 14.015095178652698 0.05907274868324243 0.998094025891987 -0.017852894491705906 -0.6949685042300796 -0.925828714615128 0.06146595253660461 0.3729116891073097 19.741873215426246
0.34004491126007685 -0.0061468037112981525 0.9403891083643307 14.96033534168622 0.05977273338641062 0.9980979499525936 -0.015089819215184758 -0.7157778546855069 -0.9385076870594308 0.06134084368970365 0.3397655400799085 20.06758472139738
0.30661386810827845 -0.007716916623254278 0.9518027028126725 15.91073331211039 0.062059864232735885 0.9980014787224479 -0.011900492394081185 -0.7423644539242923 -0.9498086697514887 0.0627176025182479 0.3064800045668062 20.37748281844629
0.27390951832586286 -0.007436990734613992 0.9617267111499538 16.87490790186338 0.06265356225659414 0.9979839552515875 -0.010127003355202727 -0.754822527250677 -0.9597125126344096 0.06302948698197115 0.2738232584418948 20.642458547303953
0.24161131653744358 -0.004328304693700805 0.9703634563912232 17.844113572697907 0.05997907768680112 0.9981445976966088 -0.010482000234463152 -0.7732400897170069 -0.9685176725082939 0.06073407501191648 0.24142263806769043 20.888021453735266
0.21075725811671642 -0.002552220102690757 0.9775350962107042 18.82078499773305 0.060094310404026935 0.9981390403521674 -0.01035036143901215 -0.7883805939439835 -0.9756895264417811 0.06092571129991961 0.2105184212709441 21.1022261984343
0.1801423917874286 -0.002231923149146782 0.9836380112623548 19.802930441283962 0.06222674678065902 0.9980202634255824 -0.009131581299338108 -0.8054790581701687 -0.9816702861277808 0.06285357834671773 0.17992464262244004 21.28957066788372
0.149531912977658 -0.0023223709103947165 0.9887541724789819 20.79190459705271 0.06388260970986642 0.997930594072468 -0.0073172119572606845 -0.8184759081131562 -0.9866910454533869 0.06425835360110897 0.14937082986505737 21.437087382574138
0.11910921408421482 -0.002824828767100632 0.9928771401652255 21.784312845279036 0.06270842967041522 0.9980209014907833 -0.004683271911191075 -0.832994866094865 -0.9908989090560701 0.06281958715209873 0.11905062579225974 21.559214565099083
0.08962290018485473 -0.003127505976489937 0.9959708602508521 22.77997007767018 0.0632925273870315 0.9979917306319356 -0.002561555628016672 -0.8458322900817808 -0.9939626712001896 0.06326708699348013 0.08964086101740676 21.651420075414844
0.06250467414297393 -0.0027518550649922443 0.9980408774213518 23.778801672822716 0.06610344892662903 0.9978118087389662 -0.0013886616134192121 -0.8510711738626925 -0.9958531516997293 0.06606074200895203 0.06254980907198301 21.699461501515366
0.03744831971278607 -0.0019635100726173 0.9992966366294262 24.77869529917376 0.07005432763193364 0.9975429558120307 -0.0006651990934960497 -0.8485253146802321 -0.9968400145112181 0.0700299645722531 0.03749385991442259 21.7138223713911
0.014782498656392598 -0.001569088564075135 0.9998895017423434 25.778654494041106 0.07429887520196263 0.997235909672404 0.00046647998393300203 -0.8574901362228013 -0.9971264487903205 0.0742837695659713 0.014858220010242115 21.712717575048774
-0.005528604187214054 -0.001417442847627323 0.999983712563117 26.778387982976977 0.07969251026590389 0.9968177707871767 0.0018535507551267348 -0.8511338997298431 -0.9968041624829115 0.07970145982763896 -0.005398051322777177 21.690524572598438
-0.023057025373363686 -0.0022187569001629655 0.9997316893540736 27.777650096604063 0.08395040472699507 0.9964613020194752 0.004147664864134391 -0.8603396457000331 -0.9962031435039264 0.0840235127536896 -0.02278916798447824 21.653235666598665
-0.03838141157362615 -0.0020789217080172213 0.9992609996042814 28.776188416616733 0.08693282805371166 0.996199476875072 0.005411624563473725 -0.8584809701835608 -0.995474535411227 0.08707629044903173 -0.038054815587992695 21.59921947651088
-0.052844215572103684 -0.002462968769207199 0.9985997309560076 29.774924967325266 0.08905993352608399 0.9960004654066439 0.007169459538756346 -0.8502167637491671 -0.9946234549420685 0.08931409012350898 -0.05241351146900154 21.549651491169186
-0.06598057227550738 -0.003407115696379253 0.997815090908545 30.77224085674317 0.08921239012078173 0.9959692062007404 0.009299986494834966 -0.8489036328607548 -0.9938247901572653 0.08963108758962017 -0.06541066125921531 21.4764444395837
-0.07809920427465897 -0.00313010726271217 0.9969406786364918 31.768635007223622 0.08905938541391656 0.9959750686326698 0.010103886967077341 -0.845243732313537 -0.9929596870776571 0.08957602966570875 -0.07750609490851326 21.391678396758028
-0.08951991865052579 -0.00023250503976411045 0.9959850049605212 32.76531411905098 0.08922249539152256 0.995977536192779 0.008251891629862954 -0.8426414004660367 -0.9919806099319237 0.08960297618253402 -0.08913908333788946 21.31029070778734
-0.09986163106621397 0.003307362990367833 0.994995837172621 33.760820683771364 0.08972373389969669 0.9959504126288578 0.005694485007801585 -0.8405145594173474 -0.9909476808671032 0.08984340228674338 -0.09975398162304368 21.215622148350977
-0.10949105736893781 0.005766779704078606 0.9939710521982399 34.756309349946754 0.09099109964340893 0.995842655992903 0.004245502406484633 -0.844111750864019 -0.989814289724044 0.09090736360078246 -0.1095605910044294 21.120809935371646
-0.11728951965009732 0.006764000971992321 0.9930747287445694 35.75066472560327 0.09080699247763543 0.9958607084890432 0.0039420051835696145 -0.8473581465669915 -0.9889374392232374 0.09064048531727704 -0.11741824272246752 21.014758873057634
-0.12295168806401782 0.007618333745620674 0.9923834155169807 36.742327499367356 0.09046634761674725 0.9958931390430233 0.003563082362092645 -0.8420174422323802 -0.9882806900628448 0.09021539002838454 -0.12313594540560466 20.8860095040971
-0.12809831931066992 0.009265690865235036 0.9917181895894475 37.73475267566403 0.09165343733378212 0.9957877390689733 0.002534984182290428 -0.8436576652146759 -0.9875173254250693 0.09121910815553881 -0.12840796818197805 20.763169937502745
-0.1326501669939241 0.011054149303623962 0.9911012758440264 38.72660047162034 0.09070229361250524 0.9958775167298816 0.0010322816258158608 -0.840922856679224 -0.9870040664201505 0.09003209125138265 -0.13310595559548663 20.63577115226953
-0.13706883150297128 0.011895739603952007 0.9904900942511665 39.71829188230802 0.0910409389929766 0.995846945871496 0.0006386123161591803 -0.8440416934614577 -0.9863689385101728 0.0902626820878274 -0.137582576529968 20.507169446116816
-0.14016371453398982 0.010922409496915893 0.9900680956877742 40.709008729428234 0.09045706052008787 0.9958986949087665 0.0018192528907141708 -0.8417577549620151 -0.9859876537412106 0.08981364289347628 -0.14057686943485267 20.37124706952956
-0.14236651186511556 0.00910079315564941 0.9897721716957382 41.69838750757063 0.09104579478820506 0.9958389155152889 0.00393923808835033 -0.8385443226773496 -0.9856177958776626 0.09067540961733082 -0.14260270172750997 20.225922304900752
-0.14461840450687832 0.00787430173979291 0.9894561700499903 42.68726990901359 0.09035552186182864 0.9958955734167669 0.00528076869071663 -0.8324602250882018 -0.9853534374766039 0.09016652494689442 -0.14473631552599167 20.07734720647261
-0.14683292175671253 0.008747925353705475 0.989122624799571 43.677042034518784 0.09290978529281324 0.9956620444890819 0.0049864777813810966 -0.8321679364229083 -0.9847882335229379 0.09263134980030709 -0.14700873494096375 19.934690155682077
-0.14797216115632994 0.008443790738479395 0.9889554802521141 44.6667658474385 0.09237126059760199 0.9957104260445918 0.0053195565328966405 -0.8287361510639506 -0.9846683653587807 0.09213821066236062 -0.1481173872224436 19.791739195598165
-0.14893843949082433 0.009915210932226606 0.9887967586082629 45.65600930149031 0.09404486744321669 0.9955591740193227 0.004182574990456436 -0.8235686392658934 -0.9843642131597552 0.0936142062837283 -0.14920950449700437 19.645552105068727
-0.1491408206905793 0.010295233998461354 0.9887623697130961 46.64538524629303 0.0936298899064493 0.9955999868456881 0.0037563158774466874 -0.8193451855395782 -0.9843731301289388 0.09313793185261252 -0.14944854074353262 19.500233894632657
-0.1483735251648153 0.011727785693711702 0.9888618488307092 47.6337245166379 0.09353909356109961 0.9956131164161578 0.002227194619560867 -0.8200711960605608 -0.9844977069581888 0.09282769771370993 -0.14881963422626132 19.34796787871676
-0.1475419027317078 0.011583712664125176 0.9889879698657725 48.62393876861377 0.09428189674942815 0.995542636072779 0.002404933801909757 -0.8264222540436713 -0.9845518325022993 0.0935984901703888 -0.1479763891780918 19.2085570497028
-0.1468310017791333 0.01040844863218901 0.9891068299802641 49.61509604628599 0.0931621712275953 0.9956453036372946 0.0033524911869673517 -0.8299323528781803 -0.9847646758331121 0.0926395894964434 -0.14716127102343873 19.075911242669367
-0.14560248242768659 0.011098682509275789 0.9892809188281423 50.60404415010143 0.09406333124909809 0.9955626216253803 0.002675095647148504 -0.8310983695522981 -0.9848614150352402 0.09344455933309986 -0.14600036817016937 18.92765380317651
-0.14489581419388425 0.011991293390591596 0.9893742527031478 51.59576318144151 0.09390381466317997 0.9955798468002103 0.001685893523340055 -0.8294444923464848 -0.9849808508904082 0.093150295373067 -0.14538138068926076 18.799238042585824
-0.14426401102631708 0.012734182935865273 0.9894572935238563 52.58598156359748 0.09453406344455483 0.9955211540206259 0.0009709511320939212 -0.8255339944961689 -0.9850133024336563 0.09367749186648801 -0.14482168879813703 18.659766742143812
-0.1435029207199426 0.012563198864842426 0.989570147983016 53.575840594947806 0.09308062005662088 0.9956582057283258 0.0008576337941289122 -0.8184840482633242 -0.9852628633591742 0.09223287591814672 -0.1440492509010263 18.517888708916995
-0.14258576354541064 0.011031222523940405 0.9897209769242034 54.566186497710156 0.09490887633862673 0.9954826268398155 0.0025777610903248 -0.8205705508723985 -0.985221602090773 0.09430085784194552 -0.14298861137853458 18.37928633019034
-0.14232200552082266 0.009169313244200962 0.9897779399638894 55.55642311520758 0.09624774551176653 0.9953466927299793 0.004618739589244317 -0.8201569032825916 -0.9851298484100617 0.09592124356012448 -0.14254226322549413 18.239890310652708
-0.14164977679798232 0.010289362169987203 0.9898633591356014 56.54693854135391 0.09767374780203188 0.995211859959639 0.0036321874923512 -0.8203952354671107 -0.9850863818586595 0.09719816264626266 -0.14197653839562274 18.102489023308213
-0.1411557613254059 0.012191872708997221 0.9899123240391002 57.53864677317115 0.10000353052498082 0.994985060969258 0.0020055748651461734 -0.8255051960675627 -0.9849235223747995 0.09927782576108352 -0.14166710410313185 17.9740808800751
-0.14069268064686147 0.011675260510507365 0.9899844735673443 58.530761869255485 0.09956318245270956 0.9950283119237285 0.0024147815847557334 -0.835039849282837 -0.9850343863603374 0.09890574686147094 -0.14115562661646133 17.84911405843976
-0.14069091982503978 0.011724125634636356 0.9899841463159332 59.521314382414964 0.09961067677390564 0.9950236606658155 0.0023722959012763773 -0.8316414988251181 -0.9850298361732127 0.09894675130241494 -0.14115864215580018 17.712022301256457
-0.1406095794084616 0.010584505865876996 0.9900085425965528 60.512868822996275 0.09973925140137804 0.9950073546364807 0.0035278816879315365 -0.8376592055512022 -0.9850284401520931 0.0992387648798922 -0.14096325633527756 17.582470927009613
-0.140405493219897 0.010639706996496844 0.9900369155282575 61.502951284187645 0.10077446753006851 0.9949027836969433 0.0035996786110705924 -0.836719873189574 -0.9849521836960949 0.1002758576482919 -0.1407620268580657 17.441986701219147
-0.14065603864521706 0.010736913578826415 0.9900003017572448 62.494558945026064 0.10155455606042747 0.9948233147050547 0.003639321724698973 -0.8318620699810093 -0.9848363066703024 0.10105093372179773 -0.14101828909027392 17.31279448506606
-0.14066136851342462 0.011909352950359012 0.9899861346100935 63.48442987045491 0.10205537622896625 0.9947754930783663 0.002533486423089238 -0.8341099893545743 -0.9847837730134935 0.1013897710964749 -0.1411418957160121 17.17084210625847
-0.14152828106173423 0.012660680916612555 0.9898532481223862 64.47748421401822 0.10204149198435655 0.99477839316554 0.0018661201975295211 -0.8419106590796499 -0.9846609972845043 0.10127021106778053 -0.1420811907923418 17.053444490090644
-0.14230945133364442 0.013258244135828353 0.9897334181604416 65.46691485192437 0.10155754008102996 0.9948288485161781 0.001276014366657331 -0.8500936057774404 -0.9845984390165385 0.1006964801887765 -0.1429200222634469 16.908668690469476
-0.14361792989842082 0.014003563308595784 0.9895341279745505 66.45661978217016 0.10047668166090146 0.9949392863960441 0.00050282018970252 -0.8501323020533764 -0.984519337877171 0.09949731956385265 -0.14429815225948783 16.765545912583576
-0.14446192024694915 0.013199902080244543 0.9894223143752297 67.44524658955565 0.09924184535969867 0.9950626012563187 0.0012147882979322818 -0.8536948179847196 -0.9845211067966815 0.09836758696887436 -0.14505863678442277 16.615198567415803
-0.1456089870510764 0.012829096709517837 0.9892590344129171 68.43413513459197 0.0981897852644805 0.9951665053388115 0.0015468424131880164 -0.8519558936976664 -0.9844576115606358 0.09736036631686341 -0.14616487304058862 16.466549983035492
-0.14626992700723446 0.011813462377500552 0.9891741760478553 69.42478544733211 0.0954941024362874 0.9954274919435393 0.002232640338626954 -0.8535799624497672 -0.98462479394599 0.09478686823420827 -0.14672922257398008 16.330134073888004
-0.14809780820574714 0.012896481657533017 0.9888886286966346 70.4147499109778 0.09505238214826267 0.9954714837261339 0.0012528910682840454 -0.8517746009389753 -0.984394272561859 0.09418177025807721 -0.14865298617404327 16.188829150447525
-0.1508320506285711 0.013513500979458208 0.9884670342477072 71.40387679105297 0.09424950381782007 0.9955483092110875 0.0007713994028395762 -0.8634645239075128 -0.9840562603496164 0.09327887927190237 -0.1514342337402705 16.042229898015087
-0.15520348772636175 0.014451128677355868 0.9877768180502735 72.3932894399897 0.0945840532240687 0.9955168349297805 0.00029706413054552956 -0.8669620181538372 -0.9833441586104413 0.09347404052110721 -0.15587453119537742 15.897142484163965
-0.15964135169534366 0.013519482195479191 0.9870825003159813 73.37953812513759 0.0925220401778985 0.9957097538073816 0.001325991765356872 -0.8730507627028363 -0.9828297466551367 0.09153856987089407 -0.16020730106892261 15.731986684284323
-0.16445231728134163 0.012758555081447331 0.986302516783279 74.36578395817803 0.09069213850389178 0.9958764590694335 0.0022392599037610547 -0.8758749207612488 -0.982206888264578 0.08981813593901475 -0.16493129206446153 15.566725796771127
-0.1689749038110583 0.01354045005999525 0.9855273401048882 75.35197075879219 0.08925321776585567 0.9960076522264628 0.0016185872756180335 -0.8811726677079509 -0.9815708558226867 0.0882349869297933 -0.1695088259678969 15.401173665490147
-0.17332732247056018 0.01528563499396151 0.9847456466763472 76.33735063886019 0.09036899842615177 0.9959082508858916 0.00044714746647625905 -0.8927263464270153 -0.9807094796159758 0.08906798066776835 -0.17399945807710238 15.23119430066833
-0.1769954717139491 0.01694010925331059 0.984065869589654 77.31923380692157 0.08970015205194339 0.9959683025968681 -0.001011407025012971 -0.8961769333489967 -0.9801155471242217 0.0880918436678328 -0.17780140990607218 15.04173845428821
-0.18199917943549496 0.017200761719046494 0.9831482250815948 78.30423731295895 0.08835553159987725 0.9960884264091929 -0.001070891852459426 -0.9031960871624191 -0.9793209886040976 0.08667168263014824 -0.1828070586972755 14.86934702592293
-0.18637790031811996 0.01678572183349103 0.982334727990178 79.2842576243441 0.08674955687246426 0.9962299915450719 -0.0005642061112644553 -0.9110636745909014 -0.9786407883669255 0.08511194680321643 -0.18713140798894853 14.670605308257484
-0.19130750865220947 0.015754692344079446 0.9814037022563281 80.26515433019834 0.08542062883564784 0.99634476206521 0.0006567149620475298 -0.9247083625473008 -0.9778060918723123 0.08395775589165229 -0.19195400991651707 14.476555173150954
-0.19590176635412004 0.015392802298613957 0.9805027075825599 81.24751691379896 0.084861762906058 0.9963918694363448 0.0013129042694999438 -0.9297563590234134 -0.9769447165197267 0.08346438856506791 -0.19650118754258838 14.289637404939652
-0.2013935442116135 0.015248201287800738 0.9793917156620078 82.22698664136381 0.08491718910852837 0.9963861063947506 0.0019488400175910448 -0.9317977136010334 -0.9758225818988759 0.08355967532844072 -0.20196056376236957 14.08805648903853
-0.20711676574431176 0.016893161125948988 0.9781703667842264 83.20784241118314 0.08552618830170204 0.9963355142123154 0.0009023490798392363 -0.9348932522513248 -0.9745706318488131 0.0838460746037212 -0.20780259697931924 13.893345532868603
-0.21209495966734696 0.018011828106152924 0.9770830579495177 84.18420066542033 0.08536481257685354 0.9963497489189383 0.00016310391226759887 -0.9414930524557011 -0.9735135216613184 0.0834431056315733 -0.21285833614198155 13.677287711857282
-0.21862329575768094 0.01798322764016052 0.9756436122251256 85.16651903178254 0.085880902904366 0.9963050214266868 0.000880225141113024 -0.9502143423950532 -0.972022800693676 0.08398159205212964 -0.21935990319110074 13.490272883008657
-0.22529556531652875 0.01808724673926463 0.9741225588980568 86.14648056630337 0.08479453300361314 0.9963978392279502 0.0011104749298053301 -0.9547610287941665 -0.9705935273951718 0.08285045254712552 -0.2260177141096057 13.29113800785527
-0.2325900756381397 0.01984969609716376 0.9723722776177312 87.1162907766276 0.08377707256687408 0.9964844758304979 -0.0003025573357833815 -0.9476828406234428 -0.9689598850451789 0.08139213103038241 -0.23343534903600985 13.047379858756987
-0.2334311090193027 0.016070374925621432 0.9722405362829548 88.06629112926665 0.0853345406414065 0.9963442468454498 0.004019695447718627 -1.0410775641380023 -0.9686216668625246 0.08390402152294132 -0.23394910056834814 12.749425607430942
-0.22970018388091723 0.009757322246551303 0.9732125257042519 89.0184875677823 0.08717531585378725 0.9961367147825914 0.01058819002178443 -1.1202229085997888 -0.9693494157582508 0.08727221851610002 -0.22966338420482416 12.45436978685542
-0.233619232748693 0.009940398552348849 0.9722773485824565 89.99327841562891 0.08913579897700849 0.9959561143941734 0.011235103096508433 -1.1111821506948591 -0.9682338888050962 0.08928945445840325 -0.23356054866324968 12.231432469093479
-0.23755832654439318 0.010435031811149142 0.9713172250096911 90.96427010064865 0.08907121555604768 0.9959635783589801 0.011084635390606229 -1.0999812837389327 -0.9672809106194501 0.08914965335588726 -0.23752890194190984 11.992581745413535
-0.24048375083442644 0.011368070922317309 0.9705865919886333 91.9370165755385 0.0897848035684654 0.9959049757768298 0.010581506089543698 -1.0947128583917416 -0.9664917250720643 0.08968860678177633 -0.2405196440641931 11.760770358109756
-0.24448016691726807 0.011625331580538776 0.9695846015947998 92.9086531483776 0.08952057427197649 0.9959282307642893 0.010631366268125077 -1.0945508144783795 -0.9655130836845854 0.08939692853982166 -0.2445254064540647 11.524291344107603
-0.24689019937849221 0.011990802260591248 0.9689692720164016 93.87805410675921 0.08861611751093154 0.9960130755829838 0.010253632771519774 -1.096695829125386 -0.9649831154834441 0.08839781631280139 -0.2469684451564428 11.278818003800271
-0.2492967965081414 0.012810224331302238 0.9683424009116608 94.84639569996506 0.0887297650480397 0.9960088243738877 0.009666983183218415 -1.0981900033563288 -0.9643537401002263 0.08833074165842053 -0.24943845740537918 11.029193673432795
-0.2707339183635318 0.012938236309016799 0.9625672690720064 95.84389023613932 0.07844128659459354 0.9968810936846909 0.008663117879737317 -1.0546096630433204 -0.959453026471286 0.07785041486867872 -0.27090441653812336 11.084919657496995
-0.2830705387053567 0.015147305520275819 0.9589794728004006 96.84123294900304 0.07658997052436486 0.997039079822761 0.00685927993726578 -1.0226663097137527 -0.9560361115209682 0.0753898696222261 -0.2833925211190434 11.019443591377032
-0.2908465008251822 0.02076816891379749 0.95654429908798 97.82561980575346 0.07702978173106731 0.9970272131608539 0.0017745261801776161 -0.9031746442576783 -0.9536638431251383 0.07419851330497101 -0.29158164369370104 10.890198711871413
-0.29509207857888164 0.02054174573741274 0.9552479792399742 98.77851808179926 0.07617350379759172 0.9970923881385398 0.002089697437522478 -0.9113566359705788 -0.9524275628514697 0.07338123873471727 -0.2957988020979206 10.587019044808224
-0.2993898218502544 0.019726387146963804 0.9539269386187815 99.72962388079665 0.07522220286044547 0.9971623197546482 0.002988019134730626 -0.9102981890433421 -0.951161056167299 0.07265106820725765 -0.3000241115628029 10.278155614140822
-0.30335692238459117 0.01970240309754422 0.952673287624635 100.68219480399523 0.07528949507499079 0.9971560845875327 0.0033518504461152662 -0.9083372927789165 -0.9498979258703005 0.07274309783231699 -0.30397758493852073 9.97384529364141
-0.30640186894276905 0.020725281483569637 0.9516766033773262 101.6269607351244 0.07641472483582998 0.9970719361151228 0.0028886051830385086 -0.9087664512018208 -0.9488301663293803 0.07360717980649621 -0.3070884213777707 9.646099765524426
-0.3103040783994519 0.022016109234238333 0.9503823808672237 102.57900869395912 0.07661959923506667 0.99705855067858 0.0019192529238994276 -0.9113868200339859 -0.9475446247759108 0.07341346915188102 -0.31107820014485255 9.34016219387654
-0.3126451019034971 0.023719801353161443 0.9495738050723167 103.52367027477804 0.07672803735925969 0.9970519951363687 0.0003567598367011601 -0.913721607309805 -0.9467659946041286 0.07297047360646337 -0.31354339642687457 9.01212404595303
-0.3162458339327519 0.02511319640127171 0.9483448211946375 104.47929599871706 0.07816874843603035 0.9969400863995214 -0.0003330129994510184 -0.9234490151931031 -0.9454513309991792 0.07402561378485374 -0.3172412161363219 8.717701164230338
-0.31950719502245367 0.02573235468898013 0.9472343945671756 105.42417224825955 0.07763924502732196 0.9969811159060584 -0.0008956329027270356 -0.9312248816396079 -0.9443978504637057 0.07325640210158757 -0.3205404804243281 8.390365879008113
-0.3232062686597984 0.025608907599068982 0.9459819722122574 106.36922542652192 0.07704972812904232 0.9970270287857546 -0.0006657821635183147 -0.9312269177862555 -0.9431866449935811 0.07267246880511848 -0.3242185450949991 8.063449268460342
-0.32653389038789543 0.025638451299940593 0.944837704710754 107.31046987393158 0.0770417203630844 0.9970277775061924 -0.00042919058365707734 -0.9441785507731018 -0.9420404406136921 0.07265177696382483 -0.32753858940948655 7.72597167598423
-0.3300917869065977 0.026582082053275433 0.9435744830857401 108.25125853194466 0.07932531344207076 0.9968487268047083 -0.00033243818609929814 -0.952866818547165 -0.9406098590085709 0.07473960651183054 -0.33116020949735187 7.387089402979189
-0.33270989106945403 0.02687879912283058 0.9426460940046725 109.19252435881305 0.0814835888189285 0.9966746253453104 0.00034050840125106346 -0.9613602936113961 -0.9395022901184098 0.07692347723873404 -0.33379368704599843 7.0495298022401425
-0.3352429880467468 0.026566965810697292 0.9417570468507795 110.13753107591245 0.08262388255209024 0.9965799554745249 0.0012986063339351143 -0.9704469940772334 -0.9385016957882942 0.07824697229928679 -0.336291507963682 6.722605167940939
-0.33789313363769463 0.02631982663978226 0.9408163991800687 111.08242961890424 0.08267843424026311 0.996574626050355 0.001814173137221106 -0.9750231749558106 -0.9375460024724517 0.07839822343806717 -0.33891180535602045 6.395273864792942
-0.3411706712872352 0.026704067278498434 0.9396219802900537 112.02609890018444 0.08164456974595298 0.9966606358866893 0.0013195093544454005 -0.983216048545573 -0.9364490041024189 0.07716521019684743 -0.3422116202744444 6.0644851945055915
-0.3439827029548682 0.02873701634403552 0.9385361388670683 112.9675541091751 0.0809013823936127 0.996721733413314 -0.0008674493408385678 -0.9884151293023936 -0.935484295108508 0.07563048349177115 -0.3451799003014736 5.727387227997884
-0.34722057305818155 0.03049081851855956 0.9372876738927146 113.90590847153295 0.0803923052932685 0.9967597938705766 -0.002643969121897516 -0.9986693091934099 -0.9343312854093984 0.07443267635354694 -0.3485467340200822 5.381864547933686
-0.35118617407101294 0.0314020675566128 0.9357789168893119 114.85015605936246 0.07941680803582207 0.996834826599159 -0.0036467904277675497 -1.0092817040173263 -0.932931531111883 0.07303587222860124 -0.35256846090517163 5.052799432866391
-0.3543088944709882 0.03208010096835293 0.934578019440114 115.78629113534554 0.07747266410413715 0.9969826727829362 -0.00485144176494972 -1.0179016491301942 -0.9319137264872486 0.07068534001086374 -0.35572515948720096 4.701264518440511
-0.3587475351446587 0.03254510393962573 0.9328670978425547 116.72658300051958 0.07799332913664976 0.9969423878976206 -0.004787047437705943 -1.0257359222023639 -0.9301705470707029 0.07104006913388779 -0.36018892534285113 4.360985496969973
-0.36171015022382563 0.03166755698940309 0.9317526136584647 117.65876665771664 0.07771079919109104 0.9969690165083206 -0.0037164245602990384 -1.0413007656987234 -0.9290461769546958 0.07106297176978565 -0.36307472389180007 3.999334636468232
-0.3655702214044862 0.030937416463564085 0.9302694714354733 118.59124802493722 0.0770187544346867 0.9970254521425648 -0.0028912359367992335 -1.047782458314745 -0.9275917877426475 0.07059124621702594 -0.36686557656711605 3.6381747446650556
-0.369470689484442 0.030898870729657742 0.9287285229815669 119.5248308723799 0.07711156711822628 0.9970193507963936 -0.0024940637737621884 -1.0565781664323832 -0.9260373728033112 0.0706942283723939 -0.37075208731222153 3.2799210880479484
-0.37253476893901377 0.0309154586242474 0.9275031430402854 120.45280475607417 0.07627327125513772 0.9970835630882032 -0.0025992905516333733 -1.0688253339323108 -0.9248784968976154 0.06977537271404612 -0.3738063179495764 2.9074771888233975
-0.3757441455328755 0.031473482405117256 0.9261888344193446 121.38058258445187 0.07562694407994312 0.997131036818042 -0.0032032395015514892 -1.0818185331466996 -0.9236324498559451 0.0688412326986516 -0.37704639270735807 2.5345704203879738
-0.3788401624812553 0.03214967237971496 0.9249035246213807 122.31210193547582 0.07607436889194562 0.9970960069355176 -0.003499050004961152 -1.0977038886464658 -0.9223301045118633 0.06903587124909784 -0.38018577931323166 2.171225771124261
-0.3814624151032262 0.032588719436679174 0.9238097213328571 123.23237335729517 0.07635473537453927 0.997074055109075 -0.0036445869763572056 -1.1075676717622758 -0.92122547742097 0.06914697385874191 -0.38283458014745747 1.7800695415110388
-0.3841412623169184 0.032298388552948636 0.9227092200051147 124.15644546693613 0.07713230727435193 0.9970169684014758 -0.002787811698156994 -1.11692728014097 -0.9200467910710278 0.07009977757747991 -0.38548660602346224 1.3979660032982892
-0.3869055294280634 0.031685712755096976 0.921574808089496 125.08068277817902 0.07824363504996891 0.9969332452658386 -0.0014276056491201391 -1.1317671528347202 -0.9187937988864276 0.07155501443591206 -0.3881981904091244 1.01643599047501
-0.38946739586783485 0.032580867543233145 0.9204638149466047 126.00637551179447 0.0797427162369921 0.996814285443294 -0.0015425768443311113 -1.1439504884703469 -0.917581738464247 0.07279950141521836 -0.39082475079071116 0.6383559602375403
-0.3918814408274617 0.0331194100969497 0.9194194043035107 126.9208739848688 0.07918998580216377 0.9968572104163305 -0.0021559660535150006 -1.1562739266877462 -0.9166012669005218 0.07196392648960205 -0.3932725655325489 0.2339543583425749
-0.3946439733447844 0.03342486039562715 0.9182259596690642 127.84382708264553 0.07865181951160075 0.9968990502122808 -0.0024849493689396026 -1.16453224475716 -0.9154616461600953 0.0712394721582384 -0.3960491282864533 -0.15086944482844883
-0.3975395224180527 0.03442710261107139 0.9169389852773374 128.76014705463515 0.07818757086357865 0.9969324084773521 -0.0035322358355586317 -1.1798742589776632 -0.9142477956648708 0.07028902854181356 -0.39901180507419615 -0.5510223050363974
-0.400085907179666 0.03555907888785153 0.9157875401996202 129.6733931782139 0.07808303818657299 0.9969362584235024 -0.004597367518565857 -1.1941695165711226 -0.9131452819917397 0.06966813151789068 -0.4016367082663482 -0.958179698901158
-0.40242121559636185 0.035194526071418604 0.9147778476616901 130.58506849584725 0.0755503957324994 0.9971288020634161 -0.005127358017374163 -1.2112564720941026 -0.9123317943284698 0.06704847075201502 -0.4039247450048172 -1.3687355795910678
-0.4054491271518216 0.03605973143482652 0.9134060986552881 131.49840322900684 0.07638565913665425 0.9970634210375356 -0.005455777413317087 -1.2279763755630915 -0.9109205433900813 0.06755908671505971 -0.40701294012861766 -1.7756017615628108
-0.4077289462940873 0.035387569687502944 0.9124170243181158 132.40476529133122 0.07753889150241428 0.9969812323889501 -0.004017781575201369 -1.2428839742697877 -0.9098048288828139 0.0691096388054611 -0.40924202028346035 -2.197840503840084
-0.4101014157710742 0.034360618565972896 0.911392438346031 133.31117942810502 0.07763275148111742 0.9969784894031515 -0.0026547250102732195 -1.253117855253274 -0.9087298744291549 0.06966519618269082 -0.4115297993594087 -2.62010660517503
-0.41295332238086346 0.03375738303979696 0.9101263608010213 134.21962440836523 0.07655596754935375 0.9970627558470883 -0.002246048795311397 -1.2646605370975548 -0.9075289181988555 0.0687480908310407 -0.4143247067698203 -3.037951629479372
-0.4157355539826587 0.03378616631525283 0.9088577689168145 135.12448724060485 0.0750865874408613 0.9971733006751307 -0.0027226470851370653 -1.2805913587638649 -0.9063806890822497 0.06711112714283946 -0.41709728250421324 -3.4633566644194316
-0.4201567181057982 0.033439305238389685 0.9068352359142968 136.0564328523523 0.07390669416394642 0.9972619484090636 -0.002531168329817672 -1.2912747523877137 -0.9044369147642735 0.0659577070593783 -0.42147769584065425 -3.8257973103814686
-0.4238017106104077 0.03304047288406936 0.9051521624761713 136.9711579493215 0.07330170093667633 0.9973076348545444 -0.0020837707703321167 -1.300014243590236 -0.902784011114219 0.06546608749902715 -0.42508260451833 -4.229779486062772
-0.42736660323679904 0.03317738037881039 0.9034694504348445 137.87762095242044 0.07285447130608806 0.9973402380762919 -0.002162296148601682 -1.3180867412642492 -0.9011381761131569 0.06489769599241231 -0.4286470303248643 -4.651677801822275
-0.4317247071878562 0.03276358023148058 0.9014101868816299 138.79169422165168 0.07232115623341667 0.9973800906545399 -0.0016140405824737155 -1.3363431940446482 -0.8991014556570455 0.06449420575800158 -0.4329631275975155 -5.0568157294577905
-0.4359138436416815 0.03235456305036979 0.899406639497038 139.70138292323577 0.07134837661983177 0.9974506082800492 -0.0013012284476081567 -1.34251095009499 -0.8971558003352856 0.06360398015515888 -0.43711097404797716 -5.47206072340185
-0.43964330674495966 0.03239289579665122 0.897588136695369 140.59660834056606 0.07033402411676634 0.9975222926374662 -0.0015494330684753285 -1.3469033118829916 -0.8954143665844859 0.06244978777545067 -0.4408323220011224 -5.91765262113307
-0.4438775046631987 0.03295141168426252 0.8954814153973191 141.49917951695798 0.07025213727891494 0.9975274882525045 -0.0018834511919008873 -1.3620953802491385 -0.893329389453696 0.06207346170999332 -0.4450949194156466 -6.347925154076209
-0.44696665882139186 0.03330781312727681 0.893930307958467 142.38504573726436 0.0704119558459668 0.9975160698971327 -0.0019613186692842306 -1.371647336872158 -0.8917751747923822 0.06206673732084878 -0.4482016931498107 -6.811767562491781
-0.45028275691051917 0.033399192045670247 0.8922611348701446 143.27443445349067 0.0701634297697643 0.9975336396780902 -0.0019315365706795205 -1.3763662772274547 -0.8901250091711852 0.06173436386063221 -0.45151559925069784 -7.268894922262837
-0.45418899297830184 0.03363235488036156 0.8902703091547853 144.17451301619724 0.06924737748551421 0.9975967301072817 -0.0023589808469699058 -1.3961998034221297 -0.8882100874054132 0.06057746102684622 -0.45542640661999984 -7.70417091768964
-0.45821683538008745 0.0341335992781131 0.888184794496381 145.07145078826477 0.06975579221324814 0.9975613303287001 -0.0023498267031006243 -1.4029549184226542 -0.8860990132185889 0.06087930381626938 -0.4594804121395009 -8.146276087824413
-0.46148876469816164 0.03485176781746782 0.8864612085914203 145.95967132257368 0.07037685113435688 0.9975171387967714 -0.002580044789081195 -1.4114173618524681 -0.8843501675703885 0.06119568683084119 -0.4627957098240253 -8.605615449825088
-0.464466968788237 0.03592104121310064 0.8848616353435339 146.83878255713879 0.07142134301496243 0.9974417176928532 -0.0030019273588857455 -1.4209289678304906 -0.882705741833938 0.061803710277746726 -0.46584426016566693 -9.082137166657727
-0.46739211089394045 0.03807145133139776 0.8832299696385008 147.71595828066611 0.07349054316945491 0.9972874952903489 -0.004097780150197353 -1.4281750844694279 -0.8809902126237055 0.06299378009789426 -0.46892219922948025 -9.562251969437192
-0.46997037535245545 0.038811449884596255 0.8818285080722481 148.59528052014147 0.07482763670960511 0.9971884224787835 -0.00400934642169076 -1.4431793575608 -0.8795047874090989 0.06410086919948291 -0.47155318628161386 -10.038242779173135
-0.47369015111027213 0.041024181178458546 0.8797355610066948 149.49017510078644 0.07660668988952343 0.9970475881091986 -0.005246151903907638 -1.4531934944157816 -0.8773534383618125 0.064908578818716 -0.4754343494010878 -10.484407980186512
