1.0 0.0 0.0 0.0 0.0 1.0 0.0 0.0 0.0 0.0 1.0 0.0
0.9999998284287691 -0.0004987680347081578 -0.0003072016926761791 -0.0028296110320052657 0.00049927894087301 0.9999984887944326 0.001665271566496313 -0.01914501483969796 0.00030637064420481464 -0.0016654246601193704 0.9999985662478371 1.310627327296572
0.9999920275495506 -0.0023235001209778116 -0.003247488957156034 0.07548821274885764 0.002330985085404992 0.9999946314150617 0.0023029653897287906 -0.051981063059617666 0.003242120582374111 -0.002310516877775473 0.999992075051541 2.622754012051809
0.9999873738285144 -0.0036258352307997695 -0.0034792962550310464 0.08025511761199375 0.003629687820126811 0.9999928058794767 0.001101615005131423 -0.06337906242083556 0.0034752769500580433 -0.0011142298551909376 0.9999933404488004 3.939295422414845
0.9999896836806867 -0.0036710711434701187 -0.0026750268896167943 0.05457475459905513 0.003674418451347916 0.9999924711941053 0.0012474791183546244 -0.08785398199017008 0.0026704271652650807 -0.0012572954171227433 0.9999956440040073 5.258285876802406
0.9999872784400154 -0.004234780765468046 -0.002740363114615024 0.04504017951972441 0.00424083288024708 0.9999885733277197 0.002206479203031587 -0.1084305369852867 0.002730987845695334 -0.002218072555174309 0.999993810910611 6.5788175204246295
0.9999807288035587 -0.005539078305623684 -0.0028036820483746095 0.04820962666991642 0.005548964190409144 0.9999783716065589 0.0035306253707108074 -0.13073824357766278 0.0027840649988398955 -0.003546114862623436 0.9999898369740882 7.905853777124392
0.9999833415227295 -0.005111293244534253 -0.0026816708233709315 0.02232834088868751 0.005122234744850532 0.9999785202356973 0.004089227120574309 -0.1470646290814674 0.002660711982756844 -0.004102895147742973 0.9999880433600952 9.235787796614506
0.999985715773099 -0.004215829762449571 -0.0032855789713916064 0.0254397093636154 0.004223458002886051 0.999988393959031 0.0023182643799840516 -0.16531207850340576 0.0032757674308569865 -0.0023321077701704525 0.9999919152778624 10.566435267883922
0.9999924365255412 -0.0014077075318505885 -0.0036256380427250306 0.02489520870695206 0.001408119459191907 0.9999990024315838 0.00011106496169244673 -0.18432149234900738 0.0036254780789198313 -0.00011616945313537791 0.9999934211850384 11.90100029361737
0.999991767808444 0.0020273478305717347 -0.003514850795881915 0.010203347461524761 -0.002030148434952912 0.9999976244983858 -0.0007934071573354894 -0.20418935045078643 0.0035132339340688797 0.0008005362946981544 0.9999935081434107 13.238662380499886
0.9999808870028413 0.005579773592518532 0.0026630350480613737 -0.20549247130311826 -0.005573317697393162 0.9999815272302319 -0.0024255572837643107 -0.1857466781076902 -0.0026765199149072516 0.0024106689837327 0.9999935124370539 14.559588283019114
0.9999747871028802 0.006585060530480328 0.0026574680354688714 -0.20530108018375565 -0.006580730793904234 0.9999770105396758 -0.0016347398421297245 -0.20509626884776472 -0.002668171802525026 0.0016172105438674415 0.9999951327327996 15.909812153436686
0.9999861167928815 0.004059758677102083 0.003359253038615997 -0.20890199162642104 -0.004063448682243134 0.9999911475226003 0.0010923649755279834 -0.22416318967760165 -0.003354788562716562 -0.0011059999623318577 0.9999937610594295 17.26136243086974
0.9999937749409464 -0.00024054688825083954 0.003520258023318455 -0.2085149874928027 0.00023020282519884382 0.9999956559584158 0.002938549124515992 -0.24587991061056785 -0.0035209495900191965 -0.002937720458531758 0.9999894863009773 18.613777471941894
0.9999923317335827 -0.0023846272828909176 0.0031064492196934317 -0.1941451870017109 0.0023823724880201835 0.9999968961763962 0.0007293414168398501 -0.27047652488456864 -0.003108178785264267 -0.000721935104899121 0.9999949090042127 19.965591482160463
0.9999889691119696 -0.003633313776075749 0.0029766903408701578 -0.19046199694332328 0.003636987875075038 0.9999926299185738 -0.0012298080056849566 -0.28983003789578854 -0.002972200124051077 0.0012406206264881502 0.9999948134299919 21.32021717323945
0.9999932375068854 -0.0012186376721146403 0.003469850533149907 -0.19086820638260638 0.0012286038201026373 0.9999951224091174 -0.0028715310598944705 -0.3146557105065763 -0.003466334252712394 0.0028757747128056827 0.9999898571718867 22.68479082183675
0.9999902488282701 0.0014533201222139594 0.00417014496116634 -0.19165288323949214 -0.0014498851187404952 0.9999986072668282 -0.0008266181385081796 -0.33391042108131014 -0.004171340494041258 0.0008205638468905931 0.9999909632558969 24.051241963003477
0.998595927943906 0.0025454649211557896 -0.05291212811997767 0.6038577044963926 -0.002507710930997376 0.9999965515642497 0.0007799009526811534 -0.35014374617541727 0.052913930866420385 -0.0006461175934781467 0.998598867640215 25.174789218624973
0.9986195196090026 0.0003035288285702224 -0.05252583103707642 0.5375931357652908 -0.00015875311065070494 0.99999617741328 0.0027604268290048035 -0.36777137202576454 0.0525264681216539 -0.002748277474829902 0.998615750485434 26.54482563268537
0.9985982056568026 -0.003953213511710493 -0.05278253273522958 0.45419874665402726 0.004005733962768405 0.9999915816017233 0.0008892812288835079 -0.38267559127700024 0.05277857287227711 -0.0010994674235057598 0.9986056345810146 27.916839658537288
0.9985928377676566 -0.004227779015935848 -0.05286274911250331 0.3899549821830333 0.004162545917254037 0.9999904333285353 -0.0013440472072854012 -0.4068810542948064 0.05286792572652911 0.0011221122943237789 0.9986008828823323 29.290721110467242
0.9987147981244735 -0.004455446637751527 -0.050486641821880555 0.2446744556583703 0.0042452831645532416 0.999981875485806 -0.004269223669858941 -0.41171490749326484 0.050504748074269815 0.004049406765030165 0.9987156115365406 30.66301548893247
0.9987503379489007 -0.0007833362971894405 -0.04997148017822748 0.1765410609459072 0.0005260180310305723 0.9999865371709039 -0.00516224582677302 -0.4337773479817996 0.04997485119526117 0.00512950886445385 0.9987373039928075 32.046875957420674
0.9987627572897058 3.6816662693959774e-05 -0.04972879744774004 0.1092678853471326 -0.00040639706002276873 0.9999723752705462 -0.0074218284278241165 -0.46026873808788643 0.04972715045621053 0.00743285546178599 0.9987351817009301 33.42774322310374
0.9987404015236685 0.0007445639288097704 -0.05017026997035363 0.042740333066019556 -0.001074010529960378 0.9999780376571741 -0.006539931550809275 -0.494850337385903 0.050164298716555075 0.006585577261231686 0.9987192665140755 34.819097879508575
0.9987255125905478 0.001012590502391373 -0.0504611252472927 -0.020855022258804486 -0.0012827108806127113 0.9999850209995614 -0.0053209425202416965 -0.5271033483738705 0.05045498145421554 0.0053788880803958975 0.9987118515415113 36.2146940181571
0.9987034249609295 0.0025943266636782075 -0.05084032297765413 -0.08709893573725952 -0.002791361901041555 0.9999888652630736 -0.0038049505395024753 -0.554231230343689 0.05082988559939376 0.003941930876204542 0.9986995463656325 37.611092151751514
0.9986989797064497 0.005296204785146415 -0.05071782870126462 -0.17373983560606426 -0.005481625750293394 0.9999787891482106 -0.0035175322048921725 -0.5756335134482367 0.050698123362021355 0.003790971979918221 0.9987068282629379 39.00411307608245
0.9987081924113387 0.007515452561151218 -0.050253998679493525 -0.2678071682532165 -0.007722297485308734 0.9999624870263989 -0.003923093362081579 -0.5974044734251975 0.05022262968051188 0.004306101807934796 0.9987287644576952 40.40373939283723
0.9986674862139526 0.010343059220016127 -0.05055959953437738 -0.33121693727419566 -0.010536513084163247 0.9999381479105024 -0.0035612140263827433 -0.6254097693818272 0.05051963846993185 0.004089190541621573 0.9987146963220188 41.80892005882873
0.9986536455943941 0.01114446297592198 -0.05066258072784292 -0.41645145105683923 -0.01133893634675179 0.9999294005808326 -0.0035527984155483824 -0.6481563077674947 0.05061940994866688 0.004122474867784595 0.9987095075833682 43.213929521850424
0.9986406047153535 0.009559168302200164 -0.05124026654032885 -0.4932262091623387 -0.009740875873230687 0.9999471190932648 -0.00329762858775434 -0.685897840363129 0.05120603432190423 0.003792270883082282 0.9986809103665564 44.62116964646462
