0.9991480366484663 -0.00025436400727718757 0.04126907026414238 0.03558378147309777 0.00032241520271312883 0.9999985994218639 -0.001642316275169562 0.006038528283183683 -0.041268594717435894 0.0016542228575464864 0.9991467192743945 0.9993484431226941
0.9958231754041625 -0.0043368676523970594 0.09119975277892163 -0.08165635841770007 0.005013148966942804 0.999961602520192 -0.007187615924959416 0.061974780332633594 -0.09116507919925301 0.007614792460407695 0.9958066796674839 1.9908754803686848
0.9910782663158546 -0.003907152136446766 0.13322388749223252 0.08665409719034213 0.005261858932349397 0.9999379570363232 -0.009818091392949441 0.0085987615310039 -0.13317726111065817 0.010431502298658253 0.9910373357663458 2.9751633301216107
0.9833384420420871 -0.0015212050852329308 0.1817778708680734 0.21179400393503298 0.003749779710174187 0.9999219611005212 -0.011916830997067135 -0.02063029551232303 -0.18174555717916868 0.01239990499867461 0.9832674075762186 3.9668717781879304
0.9742435166387544 -0.004481213796338621 0.22545396206379872 0.467478021354926 0.007178042981969009 0.9999121454160664 -0.01114348008424735 -0.050451856299804906 -0.22538421858307275 0.012474781455020218 0.9741900912251916 4.933172113358289
0.9631803994202421 -0.006112977051298148 0.26878643880269243 0.7600438905516804 0.009701888145165517 0.9998806174196675 -0.012025983322914633 -0.07454865280916559 -0.2686808358239976 0.01419092738458718 0.9631247198784192 5.889113814818832
0.9497577983776763 -0.008697209515175771 0.3128649596350461 1.0823334327605858 0.013767374609995997 0.9998072098081484 -0.014000093285151382 -0.09621285409418767 -0.3126828805949215 0.017604026877224413 0.9496944321309714 6.835507017121881
0.9353283882361623 -0.011087515040819843 0.3536069472871868 1.4576131579795473 0.017582687506127827 0.9997304591771443 -0.015161071648064333 -0.1300497520153236 -0.3533435371697146 0.020397941162663403 0.9352712273649388 7.761800799989229
0.918880489743657 -0.011510842769458797 0.3943680337796087 1.8645477271650566 0.019033825858804112 0.9997037555066789 -0.015169531931438926 -0.16376219673396117 -0.39407659032431047 0.021445319409582688 0.9188273718353119 8.674635783692784
0.8999759369816355 -0.012163550279460589 0.43576984854235495 2.304057718736762 0.020033752830259044 0.9997085592822137 -0.013470161298835357 -0.18743783511401396 -0.43547900248067517 0.02085292647279007 0.8999573289084081 9.572561399462812
0.8788338362682919 -0.012280309273764787 0.47696989657010685 2.779335607679615 0.020411354667932178 0.9997212091800298 -0.011869309846783112 -0.22121920841162554 -0.4766911629457562 0.02016675283132479 0.8788394832104796 10.451748368827248
0.8552941115040148 -0.012439880989258493 0.5179934673212893 3.2979548103862104 0.020839634496943024 0.9997287304302037 -0.010400730092017654 -0.24821444419575447 -0.5177235676117055 0.01969047773382518 0.8553213388113391 11.306327422998931
0.8302201998496059 -0.012904532507109443 0.5572861857272742 3.8649101574997258 0.022160928312889162 0.999705742684437 -0.009865155856303291 -0.27798426880566807 -0.5569948949658263 0.020540230878233187 0.8302618779020732 12.129537828619576
0.803662924050452 -0.015071977338369366 0.5948938897028524 4.4660297404886355 0.025433616439217734 0.9996357033261125 -0.009032817419334024 -0.3017120241873071 -0.5945410294180719 0.02238964347237249 0.8037534872108983 12.928344576570424
0.7754668846082545 -0.014240477587203506 0.631227629048394 5.09426726335133 0.025763645423064956 0.9996266494894542 -0.009099242001508866 -0.33047708073581783 -0.6308623823390354 0.023318885663251458 0.7755442502661866 13.705834233343515
0.7458042242212221 -0.017976636801074627 0.6659225928462738 5.779584757649766 0.030649194805602138 0.9995032222379135 -0.00734408563376594 -0.3565281685342332 -0.6654597553508026 0.025887241362302145 0.7459846947110244 14.433612532555367
0.7132004471775549 -0.016804512114432034 0.7007586820855896 6.4695063798348595 0.02994933029262665 0.9995302061465953 -0.006511882643904341 -0.38234187122075547 -0.7003200409532484 0.025631530838807405 0.7133686738749467 15.157036189959252
0.6789189940565484 -0.015118013339490184 0.7340575217119651 7.203945394921888 0.029721784817224983 0.9995343688349082 -0.006903696479441653 -0.42750966465401363 -0.7336113514774179 0.02650455037288274 0.679052202553683 15.834206171245945
0.6439482902180911 -0.016848898357574877 0.764883464424048 7.966166051299868 0.03425547126910933 0.9993898066013829 -0.0068247453711991575 -0.4507400166054504 -0.7643017481422693 0.030596226652752308 0.6441325241759531 16.481106474016464
0.6074439655517704 -0.015514439808647517 0.7942110115530784 8.76618252707862 0.03383633378922874 0.9994071727330801 -0.006356540362103919 -0.47587132194943077 -0.7936415634469024 0.03073443097073725 0.6076088079697836 17.08055791989671
0.5692159153731824 -0.014814159758594514 0.8220546103249574 9.593308097430175 0.0365485841484933 0.9993052215104882 -0.007298990246222822 -0.4988430544078118 -0.8213753360569154 0.03419963351442223 0.5693618729638193 17.64210539822928
0.5309571197384455 -0.013782764204482365 0.8472865940223169 10.460776197169055 0.04117058650794851 0.9991065160205578 -0.009547379318640043 -0.5126140590065806 -0.8463979677466421 0.039952535040296354 0.5310501625441876 18.13940755520309
0.49197460711675683 -0.012463791121054559 0.8705203270821447 11.343378118311023 0.04173493342655987 0.999085602231043 -0.009281958118541014 -0.506318179196052 -0.869608636850045 0.04089759559588383 0.49204492212630546 18.609486474883337
0.45280102658554344 -0.013625558102382872 0.8915074730418568 12.245344378493261 0.04576028689525713 0.998920618072285 -0.00797464314858918 -0.4988960152278732 -0.8904365370234656 0.044406564339995624 0.4529357907884692 19.041229172559678
0.4129931572209069 -0.015050642458738299 0.9106097573880301 13.159920242557911 0.04903841912507947 0.9987804411908188 -0.005732690850379622 -0.5238349557483714 -0.9094129345563654 0.04702242503585082 0.4132275474908798 19.444873840697202
0.37817216568209266 -0.012554756998256615 0.9256501451304544 14.092728265268015 0.04978475599457835 0.9987368661499431 -0.006793398527286069 -0.5238238705531532 -0.9243956356311275 0.04865234084507101 0.3783195191321996 19.805247497676532
0.3442648892103891 -0.013835974175312958 0.9387706066316623 15.036403477394302 0.05036542916220785 0.9987238148313252 -0.0037503645250647785 -0.533740302985062 -0.9375206715599743 0.04857270331558986 0.34452239824190006 20.13597206342024
0.3128466010937865 -0.01606180730273051 0.9496678485292823 15.99428450458927 0.053084271199387634 0.9985898569118971 -0.0005981838397170443 -0.5548912474913335 -0.94831907306312 0.05059956540175208 0.31325807195642785 20.4223573900189
0.28219804504429175 -0.016419539403640573 0.959215649423503 16.97047566118142 0.054170512025192935 0.9985310310072775 0.0011557432549087188 -0.5485198937520674 -0.9578255681490802 0.051635054384740746 0.2826729597230276 20.63917577409913
0.25180729583572575 -0.01393658862400981 0.9676770418178913 17.943734960488257 0.05172537616218508 0.9986609202621776 0.0009229311893208933 -0.5642233213786402 -0.9663941076107511 0.04982105818451558 0.2521909810770306 20.868347584510843
0.22394888045740677 -0.011985840010623148 0.9745271871944438 18.9311784530318 0.052463986258595614 0.9986227912202694 0.00022583466369616037 -0.5541692817516068 -0.9731877666143015 0.051077005537493905 0.22426928103864482 21.025999877093383
0.19917288408436515 -0.010943738349148049 0.9799032589171556 19.926407901057843 0.05662347099895413 0.9983955397175048 -0.0003588930508230995 -0.5276319352632366 -0.9783271154258921 0.05555700552708647 0.19947299155353468 21.119883289675613
0.1753998336259779 -0.010749275042424344 0.9844385970948326 20.92617558876152 0.06040787899834042 0.9981737672347699 0.0001362324054827534 -0.5110843215609423 -0.9826422474730574 0.05944395251334451 0.1757288536088767 21.13369369521255
0.15069373374904457 -0.011062605049900797 0.9885185973861507 21.922414819765102 0.060785255809001446 0.9981490506614371 0.0019040325378081283 -0.5103914296471289 -0.9867099631021298 0.059800430041770505 0.15108725056010816 21.220336032154407
0.12928119560142473 -0.010420533397143184 0.9915532184142141 22.919240976282737 0.06388952281694066 0.9979546447951159 0.002157731697109302 -0.4593896682896941 -0.9895476245932228 0.06307090783849649 0.12968253254134895 21.159209815161258
0.11031322584585368 -0.010212140748825657 0.9938444065269013 23.91817438468763 0.06851907987044181 0.9976462976804739 0.0026458303328877743 -0.43493339684395227 -0.9915322122337678 0.06780543419054694 0.11075330783792263 21.120044568621253
0.08511531277849649 -0.007725495127977002 0.996341156560165 24.912796706452536 0.07371416998659305 0.9972783766001903 0.001435516936772387 -0.3905828389903255 -0.9936405812333784 0.0733222769062425 0.08545313941265047 21.213636477351
0.06724089779683531 -0.011729989676979136 0.9976678149592951 25.899356213632814 0.07968565145921652 0.996799822217714 0.0063491242114926995 -0.553796129956115 -0.9945495757452192 0.07907288896272012 0.06796042683866467 21.20577889647245
0.04885209517943717 -0.009768188859019887 0.9987582566782587 26.897558937734438 0.086706759852733 0.9962186821854156 0.005502277764112786 -0.4955268515257488 -0.9950353815781725 0.08633029451569989 0.049514337887250355 21.219778683985474
0.03840598626069869 -0.011226636947476897 0.999199150741329 27.895353467594518 0.09262131033470127 0.9956721963446535 0.007626945528568507 -0.504916093097663 -0.9949604379527989 0.09225421426180128 0.039279598517699514 21.154067966419458
0.03122655187134194 -0.010782542857215374 0.9994541706490395 28.887377244293134 0.09850927586618209 0.995106667560151 0.007657855159936193 -0.4750664578807678 -0.9946460802851164 0.09821637820069748 0.03213593046094543 21.031602436952312
0.023879907203618992 -0.01249920379874279 0.9996366939725375 29.88540363149301 0.10270266179794431 0.9946619985644137 0.009983580092445111 -0.5002460480265194 -0.994425418667264 0.10242694233570915 0.025036137725170052 20.974075931872434
