1.0 0.0 0.0 0.0 0.0 1.0 0.0 0.0 0.0 0.0 1.0 0.0
0.9999912757791034 -0.002762823138663147 -0.003132917807049378 -0.005718598652767656 0.00275647595567365 0.9999941435441632 -0.0020284766898926053 -0.007222052193274845 0.0031385037815896614 0.002019823180407666 0.999993035029911 0.6690414617283484
0.999974521632908 -0.0013314239907055096 -0.007013087422367203 -0.018503289115650776 0.0013067762125133734 0.9999929581539921 -0.0035179508749336843 -0.012435019018122558 0.007017721921478538 0.0035086967074700603 0.9999692198395147 1.3877011153302643
0.999939827474899 -0.0014185187127470076 -0.010877924164605784 -0.03354557641937801 0.0013640604732543993 0.9999865090340732 -0.005012094260178563 -0.01588446734836378 0.01088488716039963 0.004996954523426891 0.9999282722660641 2.1080706972022893
0.9998739053976993 -4.577928084133686e-05 -0.01587989952771292 -0.047998333993464135 -4.1195661091932446e-05 0.9999850020503088 -0.005476675758286207 -0.026192921340682778 0.01587991208005631 0.005476639361993644 0.9998589074532608 2.8352592079280137
0.9998008852354313 -0.0011451229773388576 -0.019921811559555965 -0.07068688917062532 0.001035226241543541 0.9999841965677742 -0.00552584123297457 -0.037362741871976315 0.019927824494322163 0.0055041173742928695 0.9997862704112582 3.5576127398954984
0.9997030462099961 0.0005545069867193531 -0.024362100083040895 -0.09648101404558307 -0.000716577969036077 0.9999776692457643 -0.006644360452526789 -0.047934533914330585 0.02435787171467806 0.006659844728707203 0.9996811194344529 4.289150898860003
0.9995744723882353 0.003253703237558174 -0.02898771403583091 -0.13169459117177368 -0.0034646553549363968 0.9999678608134387 -0.007230041733397381 -0.057006154872995374 0.02896325798408589 0.007327397589667194 0.9995536198381306 5.06328534717432
0.9994403542827758 0.0037657358421794027 -0.033238493718679346 -0.16453681034852646 -0.003954675808629913 0.9999763851967338 -0.005620461557718295 -0.06613816295047041 0.03321654362465182 0.0057487635575032316 0.9994316449598699 5.833668936756947
0.9992845415028809 0.002935354954538452 -0.03770661486620234 -0.19630763637711748 -0.0030508207242879682 0.9999908310667555 -0.003005041651573784 -0.0740354375996901 0.03769744827286721 0.003117927791066504 0.999284334371356 6.625108570537091
0.9991490370044318 0.0027102822047955855 -0.041156484586114546 -0.23435833698538006 -0.0027229550605805783 0.9999962610330279 -0.00025186445221730665 -0.0858275892847383 0.04115564807963513 0.00036371738286802196 0.9991526811958273 7.445619723044759
0.9990330923307231 0.004279470892903722 -0.04375576027210252 -0.2766356727317594 -0.004323493354907332 0.9999902382296086 -0.0009115101208360763 -0.09372796388559022 0.04375143235738674 0.0010998065134849877 0.9990418422630305 8.246104285355576
0.9989361362284738 0.0038757602434384636 -0.04595186850894715 -0.31562662570890465 -0.00392939464938895 0.9999917000219662 -0.0010769145122833683 -0.10037089509249669 0.04594731324699562 0.0012563318481972256 0.9989430744720491 9.01762684872531
0.99884886335088 0.0005887579773983425 -0.04796458638098833 -0.3507543687257625 -0.0006632760288385136 0.9999985977640558 -0.001537704403132107 -0.1080683335401664 0.04796361378758703 0.001567748055617842 0.9988478532381544 9.81517339224986
0.9987431258192188 0.00019283832650514012 -0.05012116760647352 -0.393107804620499 -0.00022337723517898937 0.9999997928239249 -0.000603700851172761 -0.11582067983965413 0.050121040805904904 0.0006141380030039252 0.9987429619792305 10.650864607107094
0.9986797576974106 -0.0011303635351328919 -0.05135624444719385 -0.43938429805324514 0.0010916805019919426 0.9999990989219205 -0.0007812739776168436 -0.1262788502800872 0.051357081294823 0.0007241778959431865 0.9986800918048044 11.476554794433493
