0.9999079416597809 -0.002648862405492846 -0.013307581811019119 -0.0361842331395951 0.0025876083752477044 0.9999859888332676 -0.004618053707820053 -0.01367410955058656 0.01331962794512475 0.004583193767312185 0.9999007860014386 0.9588473745399086
0.9999374265901625 0.0037127582884031334 -0.010552645646230723 -0.06107464086313241 -0.0037890277511702236 0.999966780409851 -0.007216740639499249 -0.020725568437954114 0.010525501078042806 0.007256273330631361 0.9999182768228648 1.955740981189022
0.8163917619410456 -0.07599937800790652 0.5724758384222046 -0.5171117798865048 0.10805769824206628 0.9938977805751804 -0.02215255331462381 -0.23899419982101938 -0.5672988849675465 0.07994558343111915 0.8196222781284296 1.6518758110278027
