1.0 0.0 0.0 0.0 0.0 1.0 0.0 0.0 0.0 0.0 1.0 0.0
0.9990979307256866 -0.000337559851121475 0.042464230512256756 0.03857889456999879 0.0004267878407307152 0.9999977202679328 -0.0020922024462881293 -0.01740610782469192 -0.04246342746164246 0.0021084383519943068 0.9990957971165356 0.6048981606388881
0.9960788523140314 -0.004701490039406313 0.08834486948415139 0.0783665957743556 0.005347234965438991 0.9999606811570545 -0.0070741231360605845 -0.02804288515693485 -0.08830813694664136 0.007518785229618163 0.9960648276180041 1.1031949628463955
0.9900837081887564 -0.004126628945105228 0.1404180248855231 0.0061062073328142785 0.005727827627243882 0.9999230837145063 -0.011000847492135117 -0.04071018587896144 -0.1403618280369508 0.011696050120534436 0.9900311912468736 1.5937615949397346
0.9828371489888901 -0.0014881885939101976 0.18446930330572503 0.08523603626013652 0.0039737562640266115 0.9999062271628038 -0.013105195237077545 -0.0511581767135296 -0.1844325020937056 0.013613308773283829 0.9827508992596743 2.0020077100589924
0.9729181187245728 -0.0036701502005095496 0.23112088666960412 0.27626422364439474 0.006886035921402533 0.9998903601707642 -0.013109162706630264 -0.07624081951723247 -0.23104743401892053 0.014345648646382343 0.9728367209342929 2.9275863190473306
0.9608695342829144 -0.00406901935583425 0.27697144468052454 0.33997782063216797 0.008309241596204496 0.9998655377664599 -0.014137287260433682 -0.08491334010490859 -0.2768766775859443 0.01588551127505696 0.9607741440840813 3.177670373443451
0.9469968963463344 -0.006418539811881509 0.3211785806324776 0.5143250398379002 0.01241660390640072 0.9997846056846217 -0.01663039937816493 -0.10188709506096771 -0.3210026577114919 0.019736883815055672 0.946872615064682 3.697321282968096
0.9317626650203057 -0.008012317533774842 0.3629795295082012 0.7090026039801604 0.01588023246090484 0.9996990711616197 -0.018697201276731076 -0.11227292689794208 -0.3627204905864085 0.02318555339716813 0.9316095082288619 4.177232137090477
0.9140629812278449 -0.008100503116242193 0.40549136636694 1.0518691452567994 0.01752347999284619 0.9996556649919495 -0.019531489918688298 -0.13428765111818447 -0.4051935265990864 0.024958631748700777 0.9138901863481345 5.047762999252712
0.8939752035979402 -0.008641029707351675 0.4480331103362984 1.4037657459614994 0.01923630960631763 0.9996324457933853 -0.019103342897633477 -0.139946194423365 -0.4477033613284034 0.025696418480623668 0.8938128407740166 5.904145705483958
0.8719115101519872 -0.008351969228643842 0.489592241640413 1.8801272741925417 0.019764411149917227 0.9996399911532506 -0.018145416474308042 -0.17584027318860687 -0.4892644341420882 0.025497699840041438 0.8717626860484963 6.738924500676854
0.8476876099415533 -0.008504811817102121 0.5304275484244123 2.3735802500998857 0.0206976784425998 0.9996403992848352 -0.017049288100737865 -0.20442115455521834 -0.5300918053117434 0.025431089115704485 0.8475588107309873 7.533150525575676
0.8229578979973661 -0.011474451803898951 0.5679864743808223 2.9163321644995603 0.025068949567027404 0.9995555947590524 -0.016129499480228973 -0.24242960638310593 -0.5675489810504132 0.027512723269005394 0.8228798236479982 8.313963459075888
0.7970303863061495 -0.014661577478653553 0.6037612122772605 3.455841308698375 0.03029142442550433 0.9994175114147024 -0.015718380448287873 -0.26107354966320145 -0.603179072010082 0.030816813973553434 0.7970102452701441 9.012500146211234
0.768063659321157 -0.013535843637541036 0.640230424274896 4.012853095476377 0.031054158484585394 0.9993876167327481 -0.01612546935911894 -0.28761975874645135 -0.6396200860440574 0.03226720406632206 0.7680136542215473 9.69072104927261
0.7374635070384661 -0.016409528054913813 0.6751876059107876 4.604135525563355 0.03572875523260558 0.999252834298002 -0.0147386972605447 -0.30940431600560325 -0.6744412738230471 0.034992864078615016 0.7374987916108885 10.336313878976704
0.7053393083846312 -0.015405247722889901 0.7087024328941492 5.2680315008176954 0.03598675589818739 0.9992528635817732 -0.01409496447494443 -0.334243939552432 -0.7079557990774661 0.03544563395147653 0.7053667085894851 11.011073879305554
0.6709434619538448 -0.014123271483110492 0.7413739974291005 5.955469004375319 0.03723322649448634 0.9991990473061916 -0.014661197332040304 -0.36133077568232264 -0.7405731278585521 0.03744058045774802 0.6709319229465736 11.655017131276683
0.635376073282723 -0.015232723641265548 0.7720525951192033 6.660009368733659 0.041877475538221784 0.9990138238302069 -0.014753197575225467 -0.3826008346275302 -0.7710664838665813 0.04170544241003603 0.6353873885520626 12.234895930724155
0.5988207169082967 -0.013702216440084788 0.8007658823064719 7.395351307211071 0.04216335293011483 0.9990064362573978 -0.014435788374170646 -0.41183332462095357 -0.7997724680627131 0.04240742365343989 0.5988034817433459 12.78970623255428
0.5610723467229656 -0.012447599145176085 0.8276731716192723 8.171332792237864 0.04526736426574897 0.9988520882051245 -0.015664342331989337 -0.43348265041203177 -0.826528092369047 0.0462554122647585 0.5609917551631225 13.309346287095623
0.5227542179256564 -0.011083814269850374 0.8524113893550268 8.97707563265691 0.050309788433369 0.9985737969040567 -0.017868892646298606 -0.4596310072701901 -0.8509976221052116 0.05222567565715885 0.5225662885925844 13.78339369475361
0.4835903938512184 -0.009913208738066928 0.8752382871351888 9.839889866148663 0.05178401293619398 0.9985084069586984 -0.017302521117629407 -0.49348164823410473 -0.8737612642930831 0.053690683785154285 0.4833824195144409 14.28375236592349
0.44519897907845296 -0.011421733515191409 0.8953588180338715 10.668060426179645 0.0567516685500461 0.9982682457997896 -0.015484106193001192 -0.5156956796373058 -0.8936314213053883 0.057706615143485775 0.4450762063112256 14.690019854288513
0.4082284387174808 -0.011904401312521077 0.9128021839652218 11.509039963011087 0.06044855119192581 0.998072881935666 -0.01401766754602165 -0.5402628858271677 -0.9108762344474054 0.060899980082296495 0.4081613381310027 15.059917632646322
0.37297200149298676 -0.0094226160656957 0.9277947512293837 12.395930438786445 0.061869790987216636 0.9979754373965213 -0.014736190702476356 -0.5647662769189519 -0.9257775192050804 0.06289865387828357 0.37279987161315686 15.412705676991028
0.3400019824871515 -0.010025944356618882 0.9403712736704396 13.288891963232892 0.0624976849035753 0.9979734853167499 -0.011956671210318836 -0.5792997833003164 -0.9383457205563949 0.06283631946968435 0.339939561788568 15.719939426628533
0.3064409345186791 -0.011471403739846092 0.9518205506016123 14.28118121299472 0.06479840989863607 0.9978592564955691 -0.008835739964369847 -0.5983430139986723 -0.9496815886000564 0.06438409059967426 0.3065282518002639 16.03743237146632
0.273641452434032 -0.011222078104308954 0.961766302421131 15.475618935823093 0.06538081741770528 0.9978361180555168 -0.00695918225720386 -0.6150823508127751 -0.9596070571976771 0.06478538775771187 0.273783033275433 16.379558122769264
0.24129409326393028 -0.008152959219468962 0.9704177913723057 16.421496781781016 0.062738162954807 0.9980039404839942 -0.007215101348964571 -0.6297955775198018 -0.9684219552782733 0.06262319086716535 0.2413239575769899 16.62097947092285
0.21058202818742025 -0.006297254026264826 0.9775559083736344 17.377693817459807 0.0625889580647201 0.998014462838064 -0.007053672406829903 -0.6369825597862167 -0.9755705160227248 0.06266958239671663 0.21055804831299116 16.81409968249407
0.18007463345534944 -0.0061170478538510945 0.9836339299309858 17.992289639572125 0.06465966479334176 0.9978914835938048 -0.005631582350256755 -0.6481063903278862 -0.9815254729933067 0.06461554531619106 0.1800904694001242 16.9275702754938
0.14927732045766628 -0.0064023254535487215 0.988774641577021 18.61138229562167 0.06635045027139633 0.9977900430632306 -0.0035563622789355144 -0.6588326962579321 -0.9865667232102259 0.06613652691715007 0.1493722211844456 17.026345441332953
0.11888250584920337 -0.006926339744869153 0.9928841702941754 19.469591074213515 0.06498003263911256 0.997886228185683 -0.0008191187768858438 -0.6659188928708512 -0.990779766225186 0.06461502468535804 0.11908128914181522 17.128940199155004
0.08929569540296245 -0.007211045854882941 0.9959790558039765 20.191526138207482 0.065535906855662 0.9978492999535915 0.0013488864789466713 -0.6733055795318934 -0.9938467304846899 0.0651519408752024 0.08957622957619282 17.198925555435668
0.06212168589556063 -0.006916660698522516 0.9980446162102551 20.853337301796778 0.0684027336531079 0.9976542536884064 0.002656336991096817 -0.6778468337871356 -0.9957218297146425 0.06810396392435468 0.06244908267953118 17.24018953826678
0.036748507163490235 -0.006287571719051189 0.9993047651558222 21.52508936573849 0.07237452851309754 0.997370977802361 0.0036138981818540764 -0.6786553038240795 -0.996700293390025 0.0721914058558203 0.03710695456108602 17.260167917757414
0.01446475782987526 -0.005762581584968285 0.9998787743693732 22.244632356495977 0.07662235732000182 0.9970493994849194 0.0046378168880644435 -0.6789386395723497 -0.9969552573408945 0.07654598382827042 0.0148636206932611 17.256253099088486
-0.0056472219818922776 -0.005703408677660586 0.9999677894879131 23.00460395175076 0.08229230422307715 0.9965892674413146 0.006148876843809196 -0.6758331031597593 -0.9965922363482187 0.0823243776182936 -0.0051586141760018465 17.239236607565864
-0.02378326133519968 -0.006461017445453673 0.9996962597378423 23.929141083855615 0.08662811093253096 0.9962044624576915 0.00849937501485618 -0.6816271725879219 -0.9959567896633481 0.08680394134457028 -0.023133285337921528 17.225713846151887
-0.039368456485143075 -0.006269121098595812 0.9992050954406853 24.76170164812724 0.08981451882258318 0.9959104198947633 0.009787121829439398 -0.6797301791231964 -0.9951801228132751 0.09012842873193552 -0.038644397933816584 17.193297191026264
-0.05375370446250304 -0.006964705823474892 0.9985299355198874 25.552054106372935 0.09213694321799346 0.9956751778207094 0.011904787530367425 -0.6795847525880567 -0.9942943844511051 0.09264142240105881 -0.052879522544236945 17.14817081147665
-0.06697373400432247 -0.008065374042885992 0.9977221400244994 26.48365997900419 0.09228499121010744 0.995630759997557 0.014243249068855162 -0.6776937167375272 -0.9934777296703075 0.09302870249678537 -0.06593679671394374 17.08346117747422
-0.07925040009822132 -0.007871965971404238 0.9968236585454907 27.347570302158015 0.09195498607781676 0.9956475528076437 0.015173368893528109 -0.6716833509969579 -0.9926044804551811 0.092865401199239 -0.07818160039551508 17.01554839699479
-0.0904388905443293 -0.004908530385471252 0.9958899102845484 28.189173087681016 0.09203255019747429 0.9956676386377759 0.013265107373298165 -0.6641822471562187 -0.9916404674988107 0.09285396975321339 -0.08959533202019582 16.938884305216316
-0.10076554154728626 -0.0016260062148554049 0.9949088710733619 29.075726659594665 0.09266734509746441 0.9956362210327752 0.011012652730505005 -0.6647956205181565 -0.990585215309248 0.09330525961254556 -0.10017514531741845 16.857379699213975
-0.11024984945774534 0.0009476876394793037 0.9939034523446845 29.997396536742507 0.09383119171491013 0.9955431850477642 0.009459078512901332 -0.659757020835472 -0.989464844325408 0.09430200736512157 -0.10984740894078604 16.760408171535094
-0.11793645279239637 0.00214033473805405 0.9930188377215993 31.122308281123075 0.09345590385281484 0.9955831603588234 0.008953482282944625 -0.6504613998188157 -0.9886136693055585 0.09385941496273384 -0.11761557331005547 16.635166697556002
-0.12363240396543321 0.002899580065815621 0.9923238489148438 32.03237065276987 0.0931759003605496 0.9956116565110895 0.008699483389566312 -0.6428755899175005 -0.9879439661649484 0.09353620611659606 -0.12336003349377292 16.520050550347765
-0.12874908420806375 0.00465479565390663 0.9916662776322512 33.163079938624456 0.09412950516999587 0.9955313475830069 0.0075479954964383054 -0.6330330106162338 -0.9871997313472266 0.09431685351506863 -0.1286119029133013 16.37469023345089
-0.13354943081139212 0.00631026915677778 0.9910220633432548 34.20562198742218 0.09311729615389347 0.9956357869629734 0.006208774082621483 -0.6291425799550379 -0.986657852898836 0.0931104732121471 -0.1335541878462399 16.24509115742544
-0.13780016748872956 0.0072626082885948 0.9904334244970353 35.37960097008613 0.09346198802566621 0.9956065153092915 0.0057029350320750224 -0.6245077339587082 -0.9860405522261081 0.09335374226315885 -0.13787352237139439 16.085112408899505
-0.14106488864380992 0.006410774343055801 0.9899795953272128 36.5722968708357 0.09309887898803995 0.9956335201470491 0.0068185255566153725 -0.6156640571748706 -0.985613157340688 0.0931278450943559 -0.14104576755437162 15.92736627238313
-0.14355171557394594 0.004406337812983625 0.9896330073026338 37.87111035575882 0.0939479403505627 0.9955346480859466 0.009195051075315234 -0.6169605047465637 -0.985173431158019 0.09429394809566738 -0.14332467300806068 15.748814468049096
-0.14568475785953244 0.0031978582699292574 0.9893258942481467 39.141211327385115 0.09391152308363002 0.9955239968535047 0.010611197902977714 -0.6105682054685181 -0.9848637353256146 0.09445499135201257 -0.1453329881656913 15.563010820302992
-0.1478189840302026 0.004133087317696562 0.9890057965196681 40.477680932991035 0.09637270661819104 0.9952925937607552 0.010244716885913965 -0.5979510138642035 -0.9843078021530476 0.09682752911343313 -0.1475214568339956 15.362513393825509
-0.14869613412208416 0.003990306153411108 0.9888748844793004 41.562009491045664 0.09592397758235022 0.9953342513567607 0.01040762224802428 -0.5843392457246052 -0.9842195132296089 0.0964043854442257 -0.1483851213740555 15.196497433971768
-0.14921264441179896 0.005435250446884336 0.9887901925081064 42.92000573234717 0.09756302620855753 0.9951863400821259 0.009252266261385823 -0.5695175191157066 -0.9839802044069111 0.09784991858209638 -0.1490246649679532 14.985317266401818
-0.14917905961611294 0.005745985905951309 0.9887935031228822 44.26417269210658 0.09724239873396215 0.9952210439958279 0.008887602394318374 -0.5566376297134503 -0.9840170344361513 0.09747849626365278 -0.14902489290604992 14.777845000412025
-0.14885680437085508 0.007064824737380121 0.9888335249393233 45.58710342357593 0.09654715517159759 0.9953007316546049 0.007422964103351475 -0.5472159438770996 -0.9841342889162885 0.09657402248657905 -0.1488393750322583 14.58292175421403
-0.14755463065296473 0.0069726589078278845 0.9890293286857688 46.93335128453275 0.09702539232951259 0.9952539572547333 0.007458807686056862 -0.5423197556406283 -0.9842833454936499 0.09706154025435872 -0.14753085503473548 14.375442380138905
-0.1462239798140355 0.005925981088612377 0.9892337592679914 48.365354042729926 0.09615630434166773 0.9953320492622828 0.008250869450987902 -0.5354939805008491 -0.9845671703153105 0.09632753738927449 -0.1461112339206701 14.162772886478027
-0.14498651859546172 0.00673902782491536 0.9894106806223304 49.64249086565743 0.09715423085547768 0.9952413941435033 0.0074580701375423775 -0.5300379978275839 -0.9846522050208638 0.09720675330074016 -0.14495130996400346 13.970806370716396
-0.14401325323825273 0.007570491827008082 0.9895468005835966 51.230740460209304 0.09703316102869619 0.9952598747992801 0.006507478413369653 -0.5189650280521017 -0.984806960044716 0.09695601718314627 -0.1440652011398568 13.744038749246915
-0.14328980256752996 0.008191861045120638 0.9896468692886244 52.75528660532355 0.09819741582519093 0.9951489844993943 0.00598048284664982 -0.5159217223342251 -0.9847970857011172 0.09803770734998835 -0.1433991210996259 13.536747230490244
-0.142310196783185 0.00806257648712866 0.9897892718917096 54.14319170970319 0.09778453117169303 0.9951898062909794 0.00595272358297287 -0.511259894118445 -0.9849801994736059 0.09763321317519096 -0.1424140524317187 13.343359641080692
-0.1415295335923306 0.00639856255909237 0.9899133545509501 55.53493460523959 0.09955772446314183 0.995001196370073 0.007802481774720807 -0.5098740664247122 -0.9849150474131563 0.09965780260120675 -0.1414590815742855 13.148073813299359
-0.14106414274259085 0.00456904248026742 0.9899899148390916 56.99421419955778 0.10119268891184781 0.9948183033299035 0.009827668624974747 -0.5042168230688131 -0.9848151843585116 0.10156607312791915 -0.14079554483820209 12.948256898055757
-0.14042006486116834 0.005707501897609674 0.9900755677252492 58.36150390065229 0.10249402060070709 0.9946946739132679 0.008802353644332548 -0.49627255601511344 -0.9847726545378321 0.1027128527043565 -0.14026007544503175 12.756360963449147
-0.1398026825868805 0.007617950403441297 0.9901500779039322 59.941620155223 0.1045171065657126 0.9944977038971642 0.007105728562254619 -0.4912057469632471 -0.9846478479012915 0.10448102112307124 -0.13982965296544528 12.540637514217956
-0.13932066784845823 0.00715378677793437 0.9902214776730485 61.350146774796606 0.103855582983704 0.9945646576732046 0.007426950282374557 -0.494059031507247 -0.9847861541438201 0.10387475652013692 -0.13930637302186738 12.349904156104847
-0.13907246888125788 0.007037052131972023 0.9902572031025897 62.72229249386096 0.10403261603786179 0.9945452828004878 0.007542894644426649 -0.48703907928625884 -0.9848025503620467 0.10406805636981019 -0.1390459508357563 12.151311971341325
-0.13910014135011847 0.006053440905225774 0.9902598176890669 64.10891697262748 0.10372414665709012 0.9945698660349063 0.00849016934856672 -0.4790596817384396 -0.9848311794803395 0.1038948383150761 -0.13897269694025738 11.966537909480106
-0.13904748703220274 0.006271905464375137 0.9902658529667047 65.60020522604805 0.10503894700408027 0.9944322026517036 0.008450676987996248 -0.47145448296003595 -0.9846992515292702 0.10519152784862171 -0.1389320931483045 11.764830058157152
-0.1394931883170886 0.0061793185974365105 0.990203749959979 67.08198138152736 0.10582223598322026 0.9943469834868889 0.00870234462869442 -0.4618347652027138 -0.9845523372501059 0.10599949269782512 -0.1393585403308988 11.579590014025852
-0.13943530823613334 0.007164673205827247 0.9902052626980672 68.57746150895188 0.10615451234618509 0.9943194156246046 0.007753658522847506 -0.4562665278777273 -0.984524765724885 0.10619589055043031 -0.13940379659307287 11.375544597341689
-0.1401431434950809 0.007879343956447191 0.9900999016615107 70.00146366292554 0.10562982480647237 0.9943806152616013 0.007037904753096507 -0.45506543507363756 -0.9844806953123422 0.10557039324912872 -0.14018791897504262 11.184092471881751
-0.14171322112126566 0.008565266775127103 0.9898706982048242 71.56676001168267 0.10466961081224271 0.9944865874850122 0.006379646136682083 -0.4529287930224577 -0.9843584893380309 0.10451346093918487 -0.1418284208142518 10.982873250150204
-0.14313017978526685 0.009175241948107824 0.9896613393327188 73.12214340041031 0.10400007045360946 0.9945602587942127 0.005820392841837838 -0.45420991102408687 -0.9842244342528196 0.10375792288968926 -0.14330581445752905 10.77249783291128
-0.14434747936999986 0.008253483384362827 0.9894926403018627 74.51182051405414 0.10257404665933477 0.9947030318398021 0.006666588380463426 -0.4515585110601023 -0.9841963067150057 0.10245856948410874 -0.1444294685575416 10.576487467651202
-0.1451941345980129 0.007922674705696882 0.9893714643670706 76.04108286955365 0.10254438719778913 0.9947032089098405 0.007083419985883883 -0.4509555966006573 -0.9840748507774018 0.10248296155934514 -0.14523749742219358 10.351205011016237
-0.14607609730849327 0.006948627450954646 0.9892489526765581 77.66897258869976 0.10012644758487044 0.994944174605679 0.007796403802967077 -0.44924414147795894 -0.9841933083948271 0.10018885164913584 -0.14603330344847223 10.1336336034615
-0.14772489095214045 0.008016255272711832 0.9889960041600676 79.11251632793523 0.09970422664161144 0.9949936925723984 0.006827805719433427 -0.43882102724209876 -0.9839900526849741 0.09961571860176914 -0.14778458926585233 9.918488542334984
-0.15032716963436246 0.008870504953183202 0.9885965082942568 80.78578227464853 0.09878914595933187 0.9950897332444976 0.006093228374282408 -0.4386643531903309 -0.9836881857124996 0.0985785825282088 -0.15046533273941082 9.672545590369516
-0.15454759574465876 0.009900644152443036 0.9879357357110389 82.30234586500511 0.09922292847244098 0.9950497515691992 0.0055499880566119335 -0.4343559045694757 -0.9829902599288053 0.09888361415038566 -0.15476491765790842 9.45025334438424
-0.15919350128368592 0.009052055567896946 0.9872059002249918 83.69315007845358 0.09774100862945712 0.9951897593401746 0.006636123608134632 -0.43889969403310414 -0.9823971317044545 0.09754692816507211 -0.15931249927240704 9.247424311120966
-0.16421723290768447 0.008179390995642131 0.9863902868434397 85.63064206950058 0.09633367081401628 0.9953186552728861 0.007784493128735012 -0.4422218312176519 -0.9817089814622467 0.09630094510810872 -0.16423642618994388 8.949394222703587
-0.1687864324207636 0.008863547427914571 0.9856127930164378 87.22043391967476 0.09518668382157719 0.9954323126409975 0.007348889252611531 -0.4458416182438606 -0.9810456846924733 0.09505760609856082 -0.16885916045358237 8.688725232618603
-0.1738679096462838 0.010557292180490868 0.9847123912986201 88.8865954283914 0.09585838517528626 0.9953753360112916 0.006253834983073959 -0.45249619664329443 -0.9800924038001825 0.09548028090776017 -0.1740758339659959 8.418658748026425
-0.1779219174623014 0.012118817951958447 0.9839699820309482 90.39301501755847 0.09531565727362058 0.9954346662789156 0.004975002380149191 -0.4563917130756821 -0.9794175395432928 0.09467290753764812 -0.1782647576312608 8.132047089784784
-0.18273292712636321 0.012309778452997903 0.9830855235930741 93.08262388581474 0.09400078381304282 0.9955595344062174 0.005006605178184564 -0.46198051544268004 -0.9786585359492689 0.09332568139218023 -0.1830786366737539 7.6712797259183025
-0.18704717159359882 0.011982230659626426 0.9822778536377849 94.78135899681533 0.09228363339252606 0.9957179734067816 0.0054266419235816715 -0.46491556000396056 -0.9780066904713435 0.09166320735776391 -0.18735199441206613 7.349668925673643
-0.1892949022076854 0.006706885883618316 0.9818973763484279 96.28874397444126 0.06503823611294321 0.9978663646675747 0.0057224215535936745 -0.22037424916023093 -0.9797639857850978 0.06494409863000715 -0.18932721994376817 6.832682961483735
-0.20271214257521544 0.0028898173166128156 0.979234106947078 98.22976118355432 0.029177280096004933 0.9995694758620238 0.0030901862596561685 0.10095014101867233 -0.9788035929535436 0.029197806095607494 -0.20270918711404878 6.205248656684874
-0.20861335720220744 0.002878768004914642 0.9779939569811245 99.95869136296879 0.029268659084512514 0.999566130523723 0.0033009551991957636 0.10295871250416759 -0.9775601325709945 0.029313195059672188 -0.20860710391349277 5.876789302187571
-0.21423237557981223 0.004438257616551909 0.976772640445441 102.30293253010973 0.029629161351649603 0.9995590448926284 0.001956673436043087 0.09737898662240432 -0.9763332433401157 0.029360136966072155 -0.21426941057067675 5.407903917398273
-0.2188295357247153 0.005470810494004951 0.9757477668573182 106.64513242970958 0.02933486104860296 0.9995691653149144 0.000974514702491886 0.06679150075341009 -0.975322049490201 0.028836677759147215 -0.2188957418362686 4.364713079972507
-0.22404016945992436 0.005505514393128581 0.9745643599986789 109.11724336780846 0.029717350379817768 0.9995576396593092 0.0011849409751550834 0.056799291753452746 -0.9741267276667717 0.029226944930637298 -0.22410467227447517 3.791476745960308
-0.23024889867636109 0.0055983491203784735 0.9731156679169481 110.58366810043779 0.02921703828606361 0.9995724152330558 0.0011624882567126246 0.04676553851218926 -0.9726930704657634 0.028699219367130067 -0.2303140149352701 3.4784619301457527
-0.23484989726152675 0.006761904293316332 0.9720081287759775 111.93655116450563 0.029245471826539627 0.9995722533848395 0.00011243130478996743 0.04082771399252618 -0.9715915953392631 0.02845324082566421 -0.23494719609440612 3.1616210052684734
-0.24121854564113768 0.004380551001382358 0.9704609337895563 113.8442370621737 0.010996599317064502 0.999937950772173 -0.0017802834067397947 0.30029180895577146 -0.970408516060239 0.010242332667545134 -0.24125174938079313 2.6569977205548376
-0.24404712772759812 -0.0015416626171100315 0.9697621475002431 115.09977206163073 -0.0029306322311905934 0.9999953425537661 0.000852212122922607 0.3959294004325233 -0.9697589447087538 -0.002634036285238976 -0.2440505091373774 2.2316264778266572
-0.24764428940685068 -0.0017975814045521345 0.9688493560018858 117.40424032838176 -0.0007461331794390495 0.9999983360981934 0.00166465796001915 0.37361272613213337 -0.9688507362898867 -0.0003106476127768239 -0.24764521858619876 1.6316266989285382
-0.25134461827965954 -0.0009226443128081376 0.9678972216042999 119.34712692927339 0.0008902854205090698 0.9999989022517045 0.0011844354168661963 0.36016209331762145 -0.9678972519093767 0.001159406252674645 -0.25134352094975315 1.1662567547768656
-0.2547488968549325 -0.00034019185877542674 0.9670071787844664 121.6852089759658 0.0010735520773969122 0.9999992223742125 0.0006346155593569159 0.35340378840121484 -0.9670066427057951 0.0011998001793148915 -0.2547483335419442 0.5853480848870735
-0.25767988015763615 -0.0004441629328216069 0.9662302427895921 123.47012906905309 0.00018459499408628372 0.9999998534649794 0.0005089152273584186 0.3450666113662785 -0.9662303272443045 0.00030949848074979594 -0.2576797604082555 0.10295675468081378
-0.2613822859885167 -8.386111913539297e-05 0.965235356552343 126.06716728323426 -0.001394331241909098 0.9999989856668761 -0.00029069848245672966 0.32161321809818866 -0.9652343531038492 -0.0014218412473141905 -0.26138213778998426 -0.6016193905050877
-0.26607331068393136 0.00024717207051604535 0.9639527645313636 129.8510772913298 -0.0026685798076557356 0.999995946304236 -0.000993003981132316 0.2560100585720209 -0.963949102402976 -0.0028365967397445805 -0.26607157250528246 -1.6039266331889306
-0.26780316962330875 -0.0006280160885636706 0.9634734391437579 131.57528979527862 -0.007699059340390564 0.999969254408801 -0.0014881943356023293 0.23700345295102515 -0.963442881973282 -0.007816382340947786 -0.26779977098966623 -2.431753997667731
-0.268431855383282 -0.0019226968145769816 0.9632967571067842 134.06000916859662 -0.010145138797999631 0.999948191300117 -0.0008311885435162135 0.09871577131419755 -0.9632452518306326 -0.009995896787420697 -0.26843745430389776 -3.560080409548906
-0.2731700886562965 -0.0015088534245699075 0.9619645658883975 136.25797069160095 -0.010954004475502667 0.9999388138250441 -0.0015422036556454965 0.08670652577392021 -0.9619033799969009 -0.010958648069355283 -0.27316990241062483 -4.15889347938064
-0.2779489410165767 -0.0018397724873757207 0.9605940877524476 139.22624570193062 -0.011574458827948253 0.9999319855062702 -0.001433968036499127 0.04413709067634425 -0.9605261152569482 -0.011516926616257821 -0.27795133083097856 -4.961722926634067
-0.2815781561664402 -0.0026831081827890313 0.9595345449228944 140.9694023318921 -0.01214904155873155 0.9999259018780385 -0.0007691180642641598 0.02679277594536275 -0.9594613815881871 -0.011873991909716679 -0.2815898889467021 -5.515456337624052
-0.28610564030938834 -0.002879093151939864 0.9581937556704155 140.98651089680462 -0.011872160314142151 0.999929377398097 -0.0005403940513899253 0.02659571701333984 -0.9581245296894505 -0.011530439665421492 -0.28611961584010964 -5.520409768393461
-0.29019701661581027 -0.002112230753649166 0.9569645918363568 142.5884085564261 -0.010545869841068567 0.9999438997877242 -0.0009909120113021377 0.006741315726598214 -0.9569088128847905 -0.010379583737426252 -0.2902030118121785 -5.987839109849888
-0.2938870202840929 -0.0010123009205411499 0.9558396280524165 144.49734785699243 -0.010371825812806263 0.999943942677227 -0.0021299606645500796 -0.011593325413253875 -0.9557838900807266 -0.010539769920164208 -0.29388104517335595 -6.563231427820144
-0.2998432369641796 0.0005177776476410396 0.9539883464451486 147.3545032352425 -0.011145213535202295 0.9999297057609337 -0.004045707862459205 -0.011188867636572751 -0.9539233813373578 -0.011845481972516994 -0.2998163889695512 -7.283426097522895
-0.30321483243514336 0.001561006594665802 0.9529209456454075 148.7272609433763 -0.010156143450581254 0.9999365675695299 -0.004869659893598135 -0.03240521178517303 -0.9528681011249877 -0.011154554929691871 -0.3031797449744646 -7.696634271069485
-0.30664123802799553 0.002191211646231969 0.9518226461543022 150.19594578186167 -0.010562750412318831 0.9999279387597277 -0.005704874358848981 -0.05298461215431027 -0.9517665572210371 -0.011803214784312453 -0.30659599585834485 -8.158829535016961
-0.30988453298419727 0.002151905804193492 0.9507717631054123 151.67394406012687 -0.01041017783439092 0.9999298156184263 -0.005656150171039656 -0.0747891217867237 -0.9507172052795841 -0.011650456588085927 -0.3098403822077859 -8.643383946048994
-0.31364666273477604 0.00223549983066007 0.9495371364490403 153.18264974934624 -0.010804682573164413 0.9999240851077748 -0.005923078243096258 -0.09423656820540234 -0.9494782934800727 -0.012117201074827565 -0.313598698416115 -9.144180769418746
-0.31747848698385656 0.0029445600875868433 0.9482609028470648 155.00326865168051 -0.008523472501276705 0.9999459205815278 -0.005958718728230724 -0.12630313003740085 -0.9482271672542196 -0.009974240735653908 -0.31743622005496797 -9.740438602423753
-0.32058948194222964 0.0032321759826114196 0.947212720093237 156.62784870833963 -0.006366369527926357 0.9999642387657984 -0.00556691373855401 -0.14924566158875058 -0.9471968398421985 -0.007815000189125997 -0.32055744003999853 -10.2807031945215
-0.3234774888425437 0.002869438195496861 0.9462315152945195 158.31278204371756 -0.005824120563385775 0.9999704219615272 -0.005023427291178916 -0.1630224356047415 -0.9462179420364982 -0.0071359320714842025 -0.3234512090589336 -10.842520910797973
-0.32589915660402213 0.0023335853959108354 0.9454016575530134 159.88060738435132 -0.006295665585505019 0.9999694238879688 -0.004638521747328107 -0.18136661081957264 -0.9453835752326264 -0.007463623005279598 -0.32587450040163085 -11.388251964855709
-0.32886997184490563 0.002911016288198647 0.9443707257231659 161.86985805184833 -0.00699238892973873 0.9999603315138317 -0.0055174174941217125 -0.21192049437093424 -0.9443493252582895 -0.008417920344064451 -0.32883657111290826 -12.051834906608024
-0.33175191174255236 0.004801423289514911 0.9433544484389496 163.50698826774254 -0.007394974908635155 0.9999430870846617 -0.00769005446653754 -0.24302180795649922 -0.9433376825937055 -0.009527272746833675 -0.33169752436933425 -12.603302979900828
-0.3350075104722128 0.006677018653581999 0.9421917986000028 165.13833613060777 -0.007887069858667311 0.999919983245599 -0.009890461827771998 -0.26565649272596403 -0.9421824462683728 -0.01074451153016406 -0.33492804214595634 -13.157528567014353
-0.3379724765882519 0.007724602998839741 0.9411242933732569 166.7993244213103 -0.008436033939608473 0.9999012817944115 -0.011236547390718624 -0.30038405805443436 -0.9411181851394509 -0.011737000230229357 -0.33787394753875655 -13.74110630626037
-0.34080049263681494 0.008415766445313094 0.9400979731355878 168.4740523276623 -0.010230127674630442 0.9998675331595137 -0.012659408409188541 -0.3336814885133686 -0.9400799799518472 -0.013931654914180556 -0.3406692535071037 -14.357419703127936
-0.3454789382626447 0.00878560288509087 0.9383853773364437 171.1033061612344 -0.009522413771681693 0.9998718728607592 -0.01286707029124584 -0.3804458794208218 -0.938378189672414 -0.013380995623063795 -0.3453510128887116 -15.249460995209732
-0.3486691337126121 0.00794394309912318 0.9372122112756177 172.94655862614917 -0.009892832502845063 0.9998771801738596 -0.01215551038183599 -0.4226332544783706 -0.9371936657175867 -0.01350993470044022 -0.34854772213173724 -15.937867291429315
-0.3525327407959272 0.007189444692519574 0.9357718624493491 174.70885490630866 -0.010150423157273547 0.9998822839531154 -0.011505961343186204 -0.4584483089304896 -0.9357444285576271 -0.013554708470336348 -0.3524182661293885 -16.58224984742384
-0.35625061402319175 0.006987299759959662 0.9343643174105923 176.8806171708171 -0.0102397093454555 0.9998827990590275 -0.01138141021166346 -0.5005081770091647 -0.934334334358221 -0.013622253409404384 -0.3561373131973547 -17.400517489740146
-0.360093930963528 0.0069694015430009125 0.9328900194156678 178.78649097857803 -0.011373196466409273 0.9998649887789612 -0.011859789887910888 -0.5402850304605775 -0.9328467244329964 -0.014880579833506142 -0.35996604986921815 -18.11846645324571
-0.3636445424694162 0.0075247963782500565 0.9315073935142295 180.7560544498345 -0.012085957946835747 0.9998450969882915 -0.012794985306070575 -0.5853141932488806 -0.9314593798726365 -0.01591098576270854 -0.36349726846201036 -18.87408030187201
-0.3671766189884966 0.008087234486599289 0.9301160825975079 182.6514375792455 -0.012009258602217588 0.9998376357261596 -0.013434280529662517 -0.6326729796572708 -0.9300737111519718 -0.01610275826941956 -0.3670198809330571 -19.588912837685395
-0.36980813486782643 0.008750290058372601 0.9290669382824215 184.72833605111586 -0.011231562427899848 0.9998404819474467 -0.013887500297997556 -0.6808747807268503 -0.9290402549895281 -0.015570583900195712 -0.3696508643652812 -20.413970626384803
-0.37213039115947477 0.00836951923104373 0.9281427277759259 186.65758506036966 -0.010345515372359861 0.9998598276729581 -0.013164167937401189 -0.7282135753050688 -0.9281228056066592 -0.014500901821784037 -0.371991641786719 -21.19531842191442
-0.37492835264205293 0.00772957262247312 0.9270215661419045 188.71447933474352 -0.009328209373760001 0.9998831613581628 -0.012109836592077624 -0.7750079945395469 -0.9270068580625472 -0.013187772347194777 -0.374812443450752 -22.021925679867767
-0.37745665943589324 0.008506004161558122 0.9259881846658189 190.76321930123606 -0.008088265576967546 0.9998893857429079 -0.012481836348388236 -0.8216911678827272 -0.9259919277226193 -0.012200990610399436 -0.37734610852726796 -22.85137914014967
-0.38008036299834885 0.009217044962954026 0.9249075433497086 192.91720683400342 -0.008265582416754218 0.9998765771387728 -0.013360787273386273 -0.8736017057261736 -0.9249165355913771 -0.01272307240424717 -0.3799572681476713 -23.723054913351973
-0.38278022228601843 0.009331293910723822 0.9237923080328265 194.77098855370875 -0.008838504304136055 0.9998662348452743 -0.013762022307845241 -0.9201454318084845 -0.9237971542867688 -0.013432772248778174 -0.3826465449489655 -24.47539203302594
-0.3852825955286364 0.010374132552399048 0.9227403204350079 196.58432088580494 -0.009253234546823988 0.9998431021828057 -0.01510459095394431 -0.9731281521235207 -0.9227522415216008 -0.01435786861793079 -0.38512615124866806 -25.252040196593544
-0.38778308301172976 0.011414794488981169 0.9216799786241919 198.22870911852502 -0.009611703898738595 0.9998188760952872 -0.016426507593536598 -1.0165337632744313 -0.9217005455559203 -0.015228836801668751 -0.3876031306008603 -25.96760790687059
-0.390627619150883 0.011289042438143838 0.9204795601627127 199.7847125459852 -0.012078911771128324 0.9997758616752498 -0.017387532945700983 -1.0533968955326753 -0.9204695340134501 -0.017910441991819223 -0.3904037051831348 -26.5985657776938
-0.3937766191170505 0.012083783590379473 0.9191267357719961 201.46211875106238 -0.01134759297810233 0.9997734889133306 -0.01800563799676758 -1.1098918637655573 -0.9191361196092495 -0.017520075348245175 -0.39355030248933043 -27.30644369119927
-0.39598608768889465 0.011570063599120942 0.9181836156157186 205.4753656623539 -0.009803626907457357 0.9998103581184575 -0.016826666291987716 -1.2431561851316406 -0.9182041751464117 -0.015664655353847676 -0.39579756355533957 -29.069711775532383
