1.0 0.0 0.0 0.0 0.0 1.0 0.0 0.0 0.0 0.0 1.0 0.0
0.9999981651724906 -0.0011401419932919367 -0.0015393920511740107 -0.0007066448041146091 0.0011365800839829973 0.9999966797108552 -0.0023127371182427073 0.0010695582161052142 0.0015420237886552338 0.0023109832324222234 0.9999961407521205 0.8604420093802841
0.999992855029746 0.002335132170491423 -0.002972717141540508 -0.012196073108170022 -0.0023466605063473013 0.999989717462878 -0.0038804836014849024 -0.0021647551391872615 0.002963625132371222 0.0038874318334576204 0.999988052328534 1.7196864784692818
0.9999869394683477 0.0038088091329264648 -0.0034079122224626736 -0.047832211086842345 -0.003825379188323166 0.9999808294926336 -0.004868995922164603 -0.01419220700145805 0.0033893018149197107 0.004881968886980732 0.9999823393505477 2.579301674558993
0.9999680630715253 0.006875954308912484 -0.004073584333699934 -0.09308359164184848 -0.006897614453973558 0.9999620209444476 -0.005327249153221966 -0.028220191536253426 0.004036799701044406 0.005355177031426444 0.9999775129107332 3.4374253171650517
0.9999577581655722 0.007660855543472261 -0.00507869833966481 -0.11576263074657862 -0.007688140583322685 0.9999560006570378 -0.005374871566221508 -0.03852841764632782 0.005037298765641149 0.0054136902686023995 0.9999726584156294 4.297499965307799
0.9999058957315812 0.01211209236779967 -0.00644180872879757 -0.13178339034783554 -0.012157842829419358 0.9999008052259131 -0.007111017248311912 -0.04176535839405463 0.006355040437295342 0.007188666569297995 0.9999539672074889 5.1567426213722225
0.9998084608973152 0.017837285817073126 -0.008054362347323367 -0.14716890025504228 -0.017906153642315802 0.9998030219251339 -0.008560783323273015 -0.04524203874325546 0.007900074675578576 0.008703366248199092 0.999930917731855 6.017136356665316
0.999740231043493 0.020739151363159104 -0.009452937841739402 -0.16993407369120983 -0.020816534340373612 0.9997499907489333 -0.008162591228534579 -0.0446466772281285 0.00928128930482494 0.008357248245928747 0.9999220039936095 6.876280511496619
0.9996856762697159 0.022155211438723014 -0.0117343626698197 -0.17859627382750964 -0.0222298494490106 0.9997332320840348 -0.006268848401758226 -0.05057524503205539 0.011592344656526725 0.006527731069474175 0.9999114992200305 7.73652301948247
0.9996036212001728 0.024790243674422723 -0.013343324250906301 -0.19234201443401294 -0.02485957893474381 0.9996781688749925 -0.005055690845934521 -0.055667063077752925 0.013213698145837938 0.0053853962997320245 0.9998981926616358 8.596996151969444
0.9995194833959434 0.027531613275304807 -0.014241228260447797 -0.20730349295585568 -0.02761989370394002 0.9996002511718698 -0.006039811993632245 -0.06289116868349624 0.014069249578075252 0.0064302509744510435 0.999880346885924 9.455969392198787
0.9994897285029738 0.028217817422652475 -0.014967878839511934 -0.21987414349375997 -0.02831723129355013 0.9995780351280172 -0.006471947271144325 -0.06953031453950179 0.014778938693967295 0.006892493707993934 0.9998670294101939 10.316284301538834
0.9995482390593172 0.025653445293390083 -0.01565945522673508 -0.23285298250206501 -0.025766953007487044 0.999642832305197 -0.0070902717546243235 -0.07576958318552678 0.015471972276637254 0.007490565093736934 0.9998522438382823 11.17652088273103
0.9995011591304781 0.02695713371335989 -0.016454356225383854 -0.24604305398612997 -0.027072529122745912 0.9996101315745449 -0.006831033627462583 -0.08395606182199798 0.01626379610453434 0.007273087066815958 0.9998412829748475 12.03597324632199
0.999530150295731 0.025887339451442688 -0.016411103129290117 -0.2562035362412309 -0.026000202252157375 0.9996394744341148 -0.006701539818139743 -0.09467048121730333 0.016231701470928013 0.007125083102180689 0.9998428701841836 12.891716901341423
0.999460840621309 0.028416749941631694 -0.01644738238450362 -0.2767174111534085 -0.028557432491555575 0.9995570032675611 -0.008382736323152803 -0.10540247224781087 0.01620188612592837 0.008847911704353435 0.9998295921528002 13.75507365586377
0.9994680625462845 0.028588525983599487 -0.01569356976798355 -0.3229596178111631 -0.028743804937539266 0.9995391653433272 -0.009759642538438694 -0.13151280601573215 0.015407323832846686 0.010205543927222298 0.9998292160391492 14.624177133654316
0.9993274847021544 0.032861002117035444 -0.016270613348324397 -0.3480138360226419 -0.03304912727579961 0.9993883502203424 -0.011431562892743155 -0.14041421964472195 0.015885008818835464 0.011961604563223692 0.9998022737077061 15.505390907069593
0.9992511678440708 0.0354237973882816 -0.015564643936040942 -0.3647464624731186 -0.035598999713886685 0.9993042052273017 -0.011127292321232397 -0.16248404207215614 0.015159643189483743 0.011673045601959777 0.9998169458579617 16.39688305586062
0.9992536826447455 0.03558693369534908 -0.0150215801791378 -0.40045426829249825 -0.035740699139705054 0.999310108860437 -0.01009498659470308 -0.18105279367961696 0.014651967305468765 0.010624334308791986 0.9998362082734226 17.29770572995158
0.9991714232478335 0.037770914938551996 -0.015159978548945269 -0.4264846694863551 -0.03791541744462565 0.9992371121395358 -0.009360280072784262 -0.19373056072553763 0.014794866842915137 0.009927321277457084 0.999841267505675 18.203408135064613
0.9991767331744509 0.03757120260207757 -0.015305574731673025 -0.4467650064012412 -0.03771011712785989 0.9992491685704633 -0.008890791721845485 -0.22025479313558038 0.014960045088042934 0.009460647243808691 0.99984333433028 19.115842869889104
0.9991523727686007 0.03815251052754609 -0.015457099706012035 -0.43957092356994826 -0.03829907164339154 0.9992230501435444 -0.009299310355424072 -0.2384870762379524 0.015090298278379904 0.009883420575773245 0.99983728721007 20.030733082557873
0.9992096643404198 0.0366055636025309 -0.01549449586297235 -0.4663178342215256 -0.03675984901469012 0.9992761482779853 -0.009792496266605444 -0.2546068100504608 0.015124820300545305 0.010354332236091309 0.9998319996953594 20.94870936197882
0.9991730854030393 0.03765304821786233 -0.015342534538819208 -0.48059253073300484 -0.03779395452345583 0.9992450245334801 -0.008999885919496674 -0.2607356006845665 0.014992078163166016 0.009572298835093605 0.999841791828768 21.877275756176953
0.9990368530939934 0.04106514043245613 -0.015460284645320075 -0.49337920634424964 -0.041171142920346876 0.9991302995807829 -0.006601624818751428 -0.2758856567815784 0.015175742179018287 0.0072317840729544045 0.9998586890898326 22.813212949763145
0.9989653753229023 0.042875596993242164 -0.015161203397059437 -0.5050089956246495 -0.042950651363223374 0.9990663279924196 -0.004659808925057463 -0.27608074452804454 0.014947255716309962 0.005306171333107113 0.9998742041338676 23.75047396253662
0.9990096367328754 0.04203662476455825 -0.01458313729116747 -0.5119179867068403 -0.04208620133669031 0.9991091449014519 -0.003109377966292459 -0.27847715967355624 0.014439438074138423 0.0037200474047277754 0.9998888257578489 24.694453881779076
0.999018477114095 0.04222969697352059 -0.01336918390028846 -0.5318425309388028 -0.04226677562496377 0.9991032251748626 -0.0025030228638026606 -0.2899115606481689 0.013251492855677713 0.003065638385780325 0.9999074956206617 25.641056148873194
0.999132521267607 0.039564545139217686 -0.012994295416158525 -0.544157332552915 -0.0396281893709628 0.9992035473190112 -0.00467735312798301 -0.293134100759045 0.012798888725772464 0.005188236023114417 0.9999046307795327 26.590399145331457
0.9992005143784756 0.037788691061023984 -0.013051700796644567 -0.5587909911353249 -0.03789845859179994 0.9992473922885282 -0.008267759124578705 -0.30593280648738674 0.012729450190651352 0.00875578851223063 0.9998806415094617 27.543505189704348
0.9993184247265958 0.03470615035055839 -0.012576530912795031 -0.5777646588367042 -0.03483424068591128 0.9993419344100699 -0.010113051239647088 -0.32075076504893446 0.012217269653734339 0.010544252338793629 0.9998697700524921 28.503238316206957
0.9994196012167873 0.03180275081493365 -0.012208429230741339 -0.5874442540256183 -0.03191760384721272 0.9994469466765805 -0.009330988346003904 -0.3353324723428031 0.01190492622115636 0.009715236459505285 0.9998819364866056 29.472949994796803
0.9993895932641171 0.03260598692031369 -0.012541550635219608 -0.5975676683117935 -0.03269205470438927 0.9994428811806637 -0.006719882178980679 -0.34024001183601754 0.012315455110902986 0.007125789377078796 0.9998987712219495 30.449915569879757
0.9994473944699498 0.0306777359106346 -0.012797742247242757 -0.6097084013708033 -0.030746790219842328 0.9995134997607931 -0.0052343755223014255 -0.3417231921665693 0.012630937352647677 0.0056249724736050595 0.9999044049839286 31.430669130261073
0.9996376844305953 0.023116314642769663 -0.013788976161217345 -0.6134516200626896 -0.023192264474351555 0.9997165806714985 -0.005373750928286428 -0.36532483576439817 0.013660846781582633 0.005691601516620512 0.999890487472196 32.41099611461288
0.9996894961384905 0.019882538801548666 -0.015019852235510311 -0.6330682215605257 -0.02001082469828983 0.9997641420013705 -0.008439624586316393 -0.38198114706815484 0.014848508519914164 0.008737563680371686 0.9998515773731945 33.39122881560895
0.9996809500446905 0.019006449557149866 -0.01663589471525629 -0.6515956958071697 -0.01920460968446951 0.9997455372206754 -0.011834009219646842 -0.397293949822353 0.01640673899995818 0.012149719444292639 0.9997915798969363 34.3767665004702
0.999632051005787 0.020676260425500095 -0.01755718817980757 -0.6711024017581928 -0.020894792467255903 0.9997053250513793 -0.012355999015330958 -0.4228983284379913 0.017296538662824303 0.012718306441246432 0.9997695106531064 35.389607615085076
0.9996020093665358 0.021435750148764296 -0.01833934257122158 -0.6914202044396222 -0.021658338853707052 0.9996930996691262 -0.012025923333904003 -0.4333900016307181 0.01807592953302446 0.012418336824820122 0.9997594939194238 36.44980944614745
0.9994587957446707 0.026451557418404482 -0.01955583592572787 -0.7109291092473133 -0.026667762472682027 0.9995851541169888 -0.010878883840579626 -0.4454493961061455 0.019259959847147762 0.011394506529773979 0.9997495782282827 37.49419149346112
0.9994121426449988 0.027626960536661156 -0.020300743465177726 -0.7329143325419001 -0.027832287810113987 0.9995635591868877 -0.009902267462389173 -0.47580319768407947 0.020018313839785876 0.01046146247651239 0.999744879913803 38.54006150558466
0.9992906989262599 0.031129870837074025 -0.021190332256354638 -0.7541522660631351 -0.031327698872100615 0.9994680260057185 -0.009068642434890972 -0.481669170094343 0.020896753882998057 0.009726054385001409 0.9997343294812144 39.57488967057152
0.9992365482709401 0.032362732001466735 -0.021885478678315303 -0.7715821663034366 -0.032539287082525854 0.9994403341453098 -0.007759721623431704 -0.48840823412075096 0.021622104331880172 0.008465935324193522 0.9997303699214842 40.61259903420546
0.9989767861088917 0.038936199965074275 -0.02300767584590018 -0.796531232721986 -0.03909926597824557 0.9992129997299369 -0.006680461860093471 -0.4950397616446227 0.022729456999952054 0.007573209556159352 0.9997129679470531 41.63805153662146
0.9990024875947654 0.038077775140113006 -0.0233262260095807 -0.8256400302630222 -0.03824533403535418 0.9992453808725367 -0.006779618678373914 -0.5222540104886562 0.023050470797691274 0.007664975230160082 0.9997049184387989 42.662138217033764
0.9990532648113751 0.03643532049265905 -0.023770601387639652 -0.8481671889269339 -0.036638226478076116 0.9992953041371399 -0.008156928956598532 -0.5299729263005929 0.023456650022414365 0.009020119182084636 0.9996841616328963 43.67437774783238
0.999017636516437 0.03753120959539162 -0.023562050747320124 -0.8884873530842002 -0.03776820720063161 0.9992394938654386 -0.009695175315213888 -0.5512771329911754 0.02318026000636437 0.010575547543714077 0.9996753639758198 44.68125946704366
0.9990014348129271 0.03761113066718719 -0.02411505943697599 -0.9073880525138548 -0.037847165376405215 0.9992392593670011 -0.009407157522800235 -0.5795893377293125 0.023742900300598037 0.010310450505361748 0.9996649285113948 45.684337984475896
0.9990487256917467 0.036026031211744435 -0.024571706673079903 -0.9330841758163964 -0.036255946383472015 0.9993022223944414 -0.008976339419268798 -0.5889227500236238 0.02423117920234709 0.009858670937886716 0.9996577697201188 46.68566099189447
0.9989902266646334 0.03745598874574813 -0.02481080280086465 -0.9597300600369392 -0.03767015282241589 0.9992564082189077 -0.008221327130349673 -0.614766997007605 0.024484415755349976 0.009147652186587567 0.9996583585628603 47.68259827530969
0.9989381785253678 0.038523408691022186 -0.025267814849040185 -0.9895454747631808 -0.03880739353393914 0.999187840834716 -0.010846424994478942 -0.6392613821118779 0.02482945209872487 0.01181548606208628 0.999621874809467 48.67088171953005
0.9989528836391143 0.03756723011368337 -0.026112056423891288 -1.0192471823040115 -0.037949676014454654 0.999177209375451 -0.014308261777199896 -0.6592937720495333 0.025553049905966973 0.015284223443555036 0.9995566187836639 49.65076780607358
0.998908615732462 0.038840435168393805 -0.025942205214412976 -1.0546031431844396 -0.03924229803312263 0.9991146353035355 -0.015165340990683696 -0.6861754280531753 0.0253302084582123 0.01616682152477509 0.999548405241712 50.634252453306516
0.998900804459624 0.039016330559218326 -0.02597900690192644 -1.0838494029438077 -0.039354577248783294 0.9991453791497684 -0.012638377001655815 -0.7123151854177774 0.02546370160613096 0.0136468777879866 0.9995825941997758 51.61703452988805
0.9989348133907126 0.03802741024529469 -0.026137227590143215 -1.109525152901569 -0.038327999813199475 0.9992035918403216 -0.011097138537492399 -0.7208812320934803 0.025694416249104825 0.012087105668313475 0.9995967681271187 52.595806314548895
0.999008875252437 0.03619010932489233 -0.025914149685327684 -1.136781081737664 -0.03647052416401511 0.9992802869501071 -0.01043115430403103 -0.7465884043103699 0.025517994318974432 0.011365918351143367 0.9996097477845901 53.56768209526786
0.999140636386982 0.03178495239192063 -0.026602735228925357 -1.151500669014243 -0.03209260854493698 0.9994219344414886 -0.011218798242903675 -0.7669382595340191 0.02623076813588194 0.012062908383838493 0.9995831296317104 54.532782797909796
0.9992428655396518 0.028320206801235284 -0.026676985490135814 -1.175991935615934 -0.02864556779167251 0.9995188653740725 -0.011894082865875183 -0.7929107327218138 0.026327307382228392 0.012649254842198395 0.999573343601128 55.49797284165207
0.9992587961891594 0.02729242542350469 -0.027147407852219835 -1.1995037639792026 -0.027612608757066105 0.9995526609603397 -0.011490074183155416 -0.8028841073843297 0.026821671764107533 0.01223116844817595 0.99956540378415 56.458642895372975
0.9992631068248056 0.026478647430260627 -0.027787129558510485 -1.2267884240889009 -0.02674746866204981 0.9995985174068109 -0.009347562157001048 -0.8107573281289021 0.02752846270699028 0.010083909379317512 0.9995701568737533 57.422559235303304
0.9992087852181076 0.0277748631514928 -0.02846683192541322 -1.2532874566446788 -0.02797433670120868 0.9995866343419497 -0.006633018246738526 -0.8176467870646527 0.028270833540617147 0.007424110845751459 0.9995727299947057 58.386203574492185
0.9991168493641934 0.03116412836951861 -0.028183655184094932 -1.288135387641317 -0.03131492473208677 0.9994974339782297 -0.004924932482700546 -0.8445500496115811 0.028016009808527923 0.0058031520662122525 0.9995906295181567 59.339525377838996
0.9990710716500941 0.03218822586862177 -0.02865156029543687 -1.3234134476252777 -0.03244243222455801 0.9994378679388797 -0.008452024677093536 -0.8676252813762008 0.028363398655440103 0.009373699654769517 0.9995537261055529 60.282218653053405
0.9989120204370966 0.03500861594913071 -0.030808638976816106 -1.350075005245417 -0.03553466117791377 0.9992289707115496 -0.01669586612634031 -0.889471645846901 0.030200385448672422 0.017772475912603794 0.9993858493188141 61.20890930194429
0.9988208759199694 0.03724234212334048 -0.03114266815211858 -1.3849654631268036 -0.037913208019611344 0.9990553669287825 -0.021235876917567467 -0.9180901619801457 0.030322375964402827 0.022391555639670484 0.9992893333524124 62.12535583689412
0.998577940391538 0.04246672048657428 -0.03222847521228466 -1.3931150226788163 -0.04312793481204429 0.9988672212186405 -0.020106108867711806 -0.96033452715475 0.03133812697405075 0.021467464360454783 0.9992782744419548 63.03815519715417
0.9983863430468558 0.04614143400794929 -0.033101028461603135 -1.4244370815269662 -0.046772181745894495 0.9987335034039668 -0.018540555362993514 -0.9873804503257141 0.03220361830997887 0.020058844586099064 0.9992800256792967 63.93881831108212
0.9982124062085064 0.049047697419986866 -0.03415136116205609 -1.4335188208729424 -0.04966886236958095 0.9986109441143738 -0.01758369716275093 -1.007657375350041 0.033241483154868356 0.019248523912163397 0.9992619767232552 64.8245007822596
0.9981583966122798 0.04972497584743286 -0.03474538889370614 -1.4448086463950889 -0.05034122315087717 0.9985858169794365 -0.01709173423575176 -1.0557309044730308 0.03384636648262615 0.018809383415843362 0.9992500340612652 65.6949013936919
0.9980086732013 0.05191861266399851 -0.035821025585907364 -1.455990093073881 -0.0525122886335775 0.998494708373702 -0.01583593673200653 -1.100189414936054 0.034944924630686706 0.017685446241527594 0.9992327442762241 66.55176083850108
0.9979492218745507 0.052626643160502785 -0.03643881158374814 -1.4725592450161105 -0.05317573825046282 0.9984832494911058 -0.014266791762724431 -1.1577099215211528 0.03563272963859276 0.016175194445192522 0.9992340424861251 67.39579601074767
0.9979017165025702 0.053732190552531416 -0.03612500380139003 -1.5058623184705873 -0.054257196590445436 0.9984328331199193 -0.013712562352742942 -1.1882695119005904 0.03533158387858853 0.015643830942533403 0.9992531960089355 68.22634170990254
0.997870098268487 0.053763114808176075 -0.0369431247698799 -1.5161127267222574 -0.054222225102758835 0.9984622148501651 -0.011539316331964387 -1.2470300502837397 0.03626592459245689 0.013517877149400285 0.9992507441632597 69.04377979884227
0.997674525175431 0.05724957296678745 -0.0369868653862268 -1.5592059719828368 -0.05759798114037167 0.9983043247444653 -0.008423049628912042 -1.289857729587684 0.03644193167947817 0.010533830814011356 0.9992802529940489 69.8490473100999
0.997442218893241 0.06057364086466035 -0.03794540817710421 -1.5897384735450442 -0.0608407688345253 0.9981299048335692 -0.005924012538337837 -1.298954843728746 0.03751560764470884 0.008217488018226079 0.999262253902207 70.64543988267346
0.9971933671379634 0.06454812003310269 -0.03793321415650343 -1.640209198438797 -0.06474841035136782 0.9978933029172401 -0.004074229975402718 -1.3304110204174555 0.037590316479405354 0.006518910423817959 0.9992719709437791 71.42257731376063
0.9970283137760927 0.06761856481765158 -0.03690895854399086 -1.688412519415953 -0.06795179483112014 0.99765773436231 -0.007848480508500063 -1.3515945810907077 0.036291804970686126 0.010333187265506028 0.9992878114601949 72.17738262902681
0.9969373839038005 0.06829675019489306 -0.038097329143423925 -1.7177764607883077 -0.06892736184455493 0.9975014048853209 -0.015490837322792729 -1.3681006977717431 0.036944165495999215 0.01806934322624432 0.999153955840228 72.9106055834897
0.9969334818221123 0.06812126430029501 -0.0385113771782969 -1.7469027123833718 -0.06897611597967572 0.9973904503649385 -0.021320997753010544 -1.385243274805314 0.03695846650495659 0.023911981744617575 0.9990306746455021 73.62580470689117
0.9968834695484593 0.06877725572916567 -0.03863984000213618 -1.7740734928447228 -0.06967672754476233 0.9973173470636351 -0.022433521449075688 -1.4006738208517993 0.03699326668028488 0.025055904300546498 0.999001351290379 74.32339800835827
0.996652462103493 0.07159129275597322 -0.03947855854224771 -1.7897982486289634 -0.07237913589191194 0.9971981009563289 -0.018899950704480077 -1.4316285014720846 0.03801487170286473 0.021694106356800975 0.9990416584301149 75.0025237487091
0.9965893832890032 0.07216255834949288 -0.04002706944181883 -1.815114701248328 -0.07291191367606452 0.9971833153847813 -0.01758659609788452 -1.4434089573767488 0.03864523204404714 0.020445065191191356 0.9990438155304249 75.66177124748546
0.9967697643950749 0.06908711782418009 -0.040951275175925936 -1.8396942959647915 -0.06998684311138641 0.9973277241634406 -0.020958349321326678 -1.4575666778253522 0.0393938901238341 0.02375669938607732 0.9989413099152477 76.2950591118945
0.997264392782053 0.06071743787518525 -0.04215594414688923 -1.867918268892948 -0.06185405645263801 0.9977412222904617 -0.026201699232870582 -1.4750874649694794 0.040469823194529506 0.028737537824402713 0.9987674140311119 76.90836735559506
0.9975116745215811 0.05682734114968614 -0.04172664006373112 -1.893629212946079 -0.05813019040513549 0.9978367632998855 -0.03070300914684742 -1.4943737169616969 0.039891605089462885 0.03305218759879454 0.9986572048197121 77.50426038238147
0.9974172657091346 0.05876991676507553 -0.04129037356018405 -1.9166825701915695 -0.060078242397524996 0.9977061722606653 -0.031192925855014757 -1.5141976279198166 0.03936245489978576 0.033593015887209796 0.998660155622454 78.08788385632828
0.9972016153831403 0.06304884307915203 -0.040171901419219974 -1.9363566949526712 -0.06423777994030291 0.9975124166489673 -0.029025613851888402 -1.5304610002815346 0.03824193909304639 0.031524942783741856 0.9987711109542995 78.65990937487462
0.9974089316953628 0.06131294186039169 -0.03763171713779212 -1.9565536046264311 -0.06235383393884737 0.9976850743512591 -0.027138382594585123 -1.546403501620194 0.03588066843637678 0.029414547032848855 0.9989231011721629 79.21633625639332
0.9977557230255112 0.056982065791298976 -0.03516477424916519 -1.9742031101369455 -0.05785606773343327 0.998027738912224 -0.02435791017675527 -1.562265017809547 0.033707456093022635 0.026337739840589652 0.9990846464958945 79.75989826267603
0.9981658476254855 0.05133170004508483 -0.032093569520647645 -1.9851566884214855 -0.0520757937059823 0.9983829334567096 -0.022795391908633337 -1.5764063212848796 0.030871545863256827 0.024424879792082153 0.9992248860507604 80.29157732537985
0.99822551959132 0.0532326047759519 -0.026685236094245716 -1.999642582179196 -0.053880501235514876 0.9982546335967172 -0.024178049741336347 -1.5897749086365458 0.025351600013569186 0.02557296016209644 0.9993514497339261 80.80384074637703
0.998185603560082 0.05762388019015345 -0.01746394220171069 -1.998688793346135 -0.05805995125446542 0.9979851740226499 -0.025585825984537666 -1.609655875868791 0.01595440082619653 0.026553358785901225 0.9995200729507459 81.30546949906802
0.9980485785309333 0.06213821676739866 -0.006154421934696405 -1.9869314552544082 -0.062279481245540655 0.9977119884447805 -0.026306925501648468 -1.6287184543225306 0.0045056751068887815 0.02663888380789862 0.9996349677563807 81.79305223649109
0.998189678624172 0.05935753890603473 0.009697838067830245 -1.974456895870449 -0.059065889489909006 0.9978610971327098 -0.028008061837109497 -1.6423274770576703 -0.011339584954359402 0.027384546812464928 0.99956065369188 82.26732948507151
0.9980930243534752 0.05458596016652784 0.028821653138401265 -1.9586676933261442 -0.05371423395255058 0.9980995578173312 -0.030200227743172048 -1.6572654951493908 -0.030415387681611755 0.02859450362477111 0.9991282493026759 82.72709496147661
0.9971863278119543 0.05278496957059711 0.05322757379723309 -1.93190449974977 -0.05114430519860904 0.9981871120327286 -0.03172931479741153 -1.668846902023234 -0.05480590908524639 0.028917751627553265 0.9980781913107543 83.18119083097532
0.9953632954116245 0.051481192906262734 0.0812502118413123 -1.8907302068990253 -0.04893644992672512 0.9982563382611834 -0.033007680771960944 -1.6817522462551315 -0.0828078137368636 0.02887853698376592 0.9961470253360184 83.6292929806297
0.9921514435766929 0.05100019050031143 0.11416870664772817 -1.8325615297741864 -0.047262255349494256 0.9982616519604065 -0.03521297267428733 -1.6952565143978175 -0.11576611001481518 0.02954073110491453 0.9928371230860703 84.06292267302373
0.9872210690366088 0.050798886724497574 0.1510431526344899 -1.7563525567252949 -0.04553024047884365 0.9982346084073365 -0.0381400547953339 -1.7051495030686286 -0.152713974645914 0.030775634606033508 0.9877911227898554 84.49484619594466
0.9801252497212555 0.05031874629362161 0.19189194519386085 -1.6716301894282954 -0.043271839800230416 0.9982322748818138 -0.04074154224600413 -1.7188962208049863 -0.19360279631025173 0.03162829675651068 0.9805700424269208 84.9181065972271
0.9701645339570707 0.05249056878090089 0.23669710019541074 -1.5621389652013913 -0.0427348307832915 0.9980193673078197 -0.04616358647704184 -1.7255488685469105 -0.2386514430917658 0.034671063836539694 0.9704861699388923 85.31642698879472
0.9567505077005585 0.053731839979756134 0.28590445149929467 -1.4115658089369827 -0.040493736251104896 0.9978247575713332 -0.05201932815922342 -1.7392204688178072 -0.2880776342223546 0.03819217917454986 0.9568451463589867 85.70466853702207
0.9402744983111108 0.05415211258253965 0.33608245495508365 -1.2029647623839186 -0.03717804008421704 0.9976964471579404 -0.05674145454533635 -1.7594965349578053 -0.33838094089544163 0.04085765572413681 0.940121795730449 86.04177688770173
0.9194204796405842 0.05504063822008323 0.3894053283685305 -0.9836817259825235 -0.03373831429122417 0.997546590157503 -0.06133943767207284 -1.781744539058439 -0.39182611930072236 0.04325885585016624 0.9190217427374996 86.37942429473237
0.8936407948321081 0.05560067668466056 0.44532538055229337 -0.7682720997080933 -0.029090371753291638 0.997385443627039 -0.066151546559025 -1.804112190528831 -0.4478391229929477 0.04616103977493817 0.8929217649513334 86.71198840934962
0.8604131213312363 0.05576001097550759 0.5065373449382085 -0.5687111023514579 -0.02020965104481858 0.9969473205577423 -0.07541624518222856 -1.827815002799761 -0.5091962594576723 0.054652183933953144 0.85891344624797 87.03283612621954
0.8218144026549459 0.054825159733394836 0.5671113554224613 -0.35122688649995454 -0.010772373252401414 0.9966767685926311 -0.08074264624263365 -1.8608814357694368 -0.569653441632195 0.060246334394383705 0.8196739203052855 87.35158093704862
0.7814001542501664 0.053873031698047975 0.621700486885346 -0.12007649254049152 -0.004402299872050324 0.9967176333542982 -0.08083674360366389 -1.8914287404751315 -0.624014758394104 0.06042893194711528 0.7790724776874607 87.64346354831353
0.7371211250330494 0.05553123255492013 0.6734751140472393 0.14319465947129195 -0.00013087655202648403 0.9966295547960534 -0.08203361127214656 -1.9199247376664788 -0.6757606306239949 0.06038056573064652 0.7346439664087004 87.9272824306562
0.6896152593059177 0.055275695381193576 0.7220632878304755 0.4192595512406951 0.005268302607383514 0.9966733602252944 -0.08132931823677479 -1.95248283301803 -0.7241567779977403 0.05988998678700032 0.6870299486649649 88.19154626699124
0.6399470332358793 0.05992571246339811 0.7660787842241483 0.7071099291825991 0.015417991078290783 0.9957524187687276 -0.09077117420932393 -1.9746593775841303 -0.768264329644235 0.06990013949902994 0.6363048721283772 88.43249058130466
0.5899268043346537 0.058091844081677425 0.8053643294675348 1.013903456382525 0.025646697812098832 0.9955573641148254 -0.09059680815611951 -2.0092249960203525 -0.8070493246505059 0.0741004211049569 0.58581611037358 88.65461971162456
0.5395273350447919 0.06117587267793902 0.8397426792426094 1.3235393381473088 0.028317605385507996 0.995474223784416 -0.09071484446355066 -2.0443034895374876 -0.8414917515725837 0.0727226400985839 0.535353200842581 88.85594866957383
0.4882389764935682 0.06515915280786325 0.8702740870770961 1.654554040624511 0.028394891971471756 0.995494785018263 -0.09046470644053328 -2.0802748660247565 -0.8722479188524562 0.0688797343694426 0.48418916783706967 89.0396408873632
0.43932417684408376 0.06967880470492654 0.8956222037305458 1.995335862405399 0.031382949889374664 0.9951882891680705 -0.09281906894044678 -2.120475535662613 -0.8977802504491335 0.06888492779718325 0.4350235495072284 89.20552053345614
0.3928470096442508 0.07000154268315946 0.9169356635203728 2.3409357172592595 0.041580944291714675 0.9947266037420366 -0.09375504722223783 -2.1493179935105666 -0.9186632963634604 0.07495844068423888 0.38786464144699817 89.35203140324846
0.35151337562132595 0.06861011176242922 0.9336653572470418 2.7037947976639902 0.058547470097596845 0.9937476234634297 -0.0950676317468673 -2.1867706290628295 -0.934350330713524 0.08808128873224988 0.3452986331724969 89.4854357051769
0.3117555261171619 0.06840271578781294 0.9476969771019963 3.0695010906572326 0.06345031805868204 0.9936801992669417 -0.09259437738364248 -2.2219507058023518 -0.948041427931113 0.08899848345710186 0.3054451192418573 89.60252167861849
0.274524805022631 0.07545229541259661 0.9586151900237421 3.4387567412330826 0.06130086582222943 0.9935156237769818 -0.0957544211014885 -2.260806671017029 -0.9596240593465399 0.08505090492173761 0.2681193918672467 89.7069280924031
0.2467699074274382 0.08879014466282976 0.9649978875619396 3.8136178091017303 0.05222151095919773 0.993128391550235 -0.1047325722494327 -2.305367776102264 -0.9676660201647013 0.07623849491954868 0.2404374457338334 89.79909116605295
0.21497910961863945 0.09620881009952396 0.9718682252686366 4.195270203234058 0.04813332679968468 0.992882705333609 -0.10893629468918747 -2.350490366417217 -0.9754317840211953 0.0701982785305203 0.20881818985083606 89.88437845652467
0.18617022560115276 0.10204211581570145 0.9772042026615877 4.589621430219822 0.049169641308540846 0.9923782952839565 -0.11299409463728133 -2.3961419084602684 -0.9812863972730924 0.06908491622028978 0.17973391688167895 89.96028248912339
0.16152715368785053 0.1063584155021906 0.9811202097976391 4.993853949982148 0.05717728384659049 0.9914968079052646 -0.11689669852309025 -2.441320181556663 -0.9852105038180561 0.07497977971116773 0.1540723719588845 90.0216806362396
0.13872017575801615 0.11405890485227112 0.983741469625818 5.41076803178631 0.06286382916808766 0.9903280362404865 -0.12368718453578102 -2.49401054864941 -0.9883343825952787 0.07899966366993882 0.13020829973563888 90.07925770648804
0.12077346449406365 0.12005381594725906 0.9853937545725573 5.833677380279971 0.06733294280385921 0.9893830343322345 -0.128792415106301 -2.551673016913098 -0.9903938838096051 0.08190416748885981 0.11140764004539118 90.12785282639629
0.10423244704222548 0.12195451779557095 0.9870474621682779 6.278526257895221 0.06655019151283947 0.9893737551366643 -0.1292696586844005 -2.607192393778524 -0.9923238730339983 0.07916229049254958 0.09500875102209881 90.17109423000619
0.09192933547288848 0.11979345087930884 0.9885335231573781 6.742155760031993 0.06770201456865971 0.9896881251777613 -0.12622936308749158 -2.6613456635463617 -0.9934613402155411 0.07852989245220851 0.08287111371633943 90.2101793287918
0.08177125144875055 0.11897556909122395 0.9895242677145031 7.213865808571831 0.07079609161831198 0.9896477609482477 -0.1248407892545235 -2.715088649528242 -0.9941334798949676 0.08026283828485126 0.07250173061646899 90.23659359546441
0.06974996530120212 0.11887153627102962 0.9904567129385541 7.697743155095615 0.07453377976035869 0.9894786399778477 -0.12400297053790332 -2.7701981467816292 -0.9947761848853824 0.08247168539659586 0.06015615590053505 90.26530267510559
0.059725957088821696 0.12034090382035961 0.9909343454122086 8.191889182020967 0.07888780229215273 0.9890326178179445 -0.12486470895212527 -2.82871783816524 -0.9950927216593133 0.08563029697416503 0.04957749026299997 90.2905767244226
0.052704079744519995 0.12272456622334034 0.9910403426821611 8.702978360102351 0.08262512919873984 0.9884808674842948 -0.1268016665599811 -2.8912369615842244 -0.9951860971713663 0.08856780150139235 0.0419568413257617 90.3053740432214
0.04760007234618997 0.12516729609325142 0.9909931286852299 9.22968524753046 0.08465293432277399 0.9880429043630677 -0.128860776997265 -2.9544939826060785 -0.9952728840992218 0.09002425854456725 0.036435134833280376 90.31785133119784
0.04444962905974214 0.12691645484218536 0.9909169712779885 9.77153656926206 0.08697301184745058 0.9876396327808397 -0.130398048185977 -3.0217460521752075 -0.9952185316233998 0.09197917835478146 0.03286190899118235 90.33480048544705
0.04170715404171559 0.1293828625818754 0.9907172089813819 10.331183071872177 0.08889992661282975 0.98716649403696 -0.1326616602451931 -3.0918187507824944 -0.9951669791296212 0.09360762747178844 0.02966977804313315 90.34784357927929
0.038572837881360865 0.13120800068595934 0.990604157438162 10.910230849306346 0.08971904409690792 0.9868832344786256 -0.13420869804652827 -3.169010828342744 -0.9952198899258983 0.0940528684357921 0.026295030611966256 90.3585253785568
0.03678354218863725 0.13229588999426656 0.9905275203217127 11.50815847596008 0.09215421016874033 0.9865257224845404 -0.13518358045462592 -3.2487984581300795 -0.9950651097150549 0.09625381222051217 0.02409628728219363 90.37067435366791
0.035362856392251764 0.1330162276970654 0.9904827871078945 12.121799439887102 0.09325810305386353 0.9863387854129485 -0.1357892727902522 -3.33300146349211 -0.9950137660367208 0.0971724423864761 0.022474915752256932 90.38503979524074
0.034030264002007184 0.13351169400223883 0.9904628053069966 12.755728535567568 0.09400120263434145 0.9862159001356187 -0.13616891063304354 -3.418833823529999 -0.9949903090157478 0.0977385588411496 0.02101092764263352 90.39891724500283
0.0331700856439246 0.13392631454566511 0.9904360088822445 13.404821632931128 0.09613543704021052 0.9859587544343431 -0.13654051523034264 -3.5058578768864725 -0.9948154216554269 0.09974505915831261 0.01982927154593208 90.41223939395785
0.03344648072275498 0.13404926603402087 0.9904100803217836 14.0725660605377 0.10047049337311831 0.9854936813042073 -0.1367767672919801 -3.596773845454813 -0.9943777013231074 0.10408169092219144 0.01949329951939546 90.42473624831514
0.03372583085814197 0.13415995441937464 0.9903856193236644 14.75297306394454 0.10289754262905806 0.9852172378493306 -0.13696382721520925 -3.6855295854529206 -0.994120045092056 0.10652746535390693 0.019422540293252178 90.44420351578695
0.034682091534169235 0.13488551886622638 0.9902540327244335 15.452783125048308 0.10330923276811511 0.9850581010290915 -0.13779600872966005 -3.7886571589676103 -0.9940444431471267 0.10708143815409858 0.02022895576076686 90.42817258703539
0.03637235709071809 0.13537501029612073 0.9901265869710748 16.168489897686086 0.10389233024114966 0.9849012566547786 -0.13847706798204193 -3.892901610457823 -0.9939232542589651 0.10790329571965991 0.02175875493006093 90.44560958207522
0.037956152845717316 0.13550559070989568 0.9900492742018014 16.900186133071486 0.10234358975626595 0.9850261570564998 -0.13874170083398224 -3.9976211133451387 -0.9940247079911826 0.10659129796032756 0.023519674788971965 90.46278767773121
0.03902970179732363 0.13549263703267186 0.9900093068691544 17.652441352442676 0.09990429158715644 0.9852707715505837 -0.13878270515661162 -4.100001756885908 -0.9942312683174286 0.10432282606434319 0.024918528485213417 90.48254607103337
0.04014758409809482 0.1354586633148203 0.9899692530700374 18.41703444047557 0.09649405326963637 0.9856115944227137 -0.13877565572935907 -4.205299795595218 -0.9945235387735601 0.1010976531502051 0.026498968901409174 90.50236641375257
0.04047823789156905 0.13570739283673708 0.9899217220501064 19.197872013714186 0.08905645025414508 0.9863006254983362 -0.13885252900009673 -4.309113771070288 -0.9952037283518016 0.09377942029596491 0.027838092672240373 90.52941225420682
0.041121011959379665 0.1362977818044246 0.9898141123719287 19.98571325201042 0.08474432399317873 0.9866065706408328 -0.13937673521529928 -4.416545132911584 -0.9955538468241574 0.08961244022751502 0.029019797209738452 90.55540443575634
0.041333106833408594 0.13881657197254713 0.9894551700937682 20.781276922439684 0.07762176816292557 0.9868623454635483 -0.14169535000643538 -4.526680157757247 -0.9961257126421148 0.08265996886023982 0.03001489898808786 90.58024088182496
0.040648773265512014 0.14337471565862192 0.9888333368883846 21.577622063159954 0.07227715781574975 0.9866367204026025 -0.14602737555429451 -4.644982247475304 -0.9965559139807904 0.07740589682322055 0.02974285539262724 90.60744521341373
0.038694738176052026 0.1482775051269032 0.9881884935126635 22.377940122435575 0.06494469458696156 0.986465044338788 -0.1505619571561171 -4.771843134170217 -0.9971383574421833 0.07000355541695952 0.028541169325933553 90.63210919570798
0.03793046724869419 0.1507698012481707 0.9878409521202703 23.18383602385861 0.06294553119626227 0.9862286813871746 -0.15294066859974334 -4.896948931440768 -0.9972959138373718 0.06798128448994789 0.02791782947115802 90.65310917241624
0.03874762866390988 0.1497833707547133 0.9879592922374277 23.989909805649116 0.05960464426759849 0.9865948329715384 -0.1519141926733526 -5.044414788913243 -0.997469752751761 0.06477327689116501 0.029300425698676785 90.62415809186369
0.039058610471437 0.14850856769388052 0.9881394791574476 24.799707657800646 0.05609819196685743 0.9870085505215418 -0.15055601633749507 -5.175697156574206 -0.9976609733802824 0.06131334698806258 0.030220120367584126 90.6112952361721
0.04041424657630819 0.1469696579532029 0.9883150349533226 25.605615486628604 0.05631878424953764 0.9872156066301164 -0.1491091565484386 -5.32073893816038 -0.9975945485087244 0.061686835443644415 0.03162042249283434 90.58954927970215
0.04138670468330034 0.1455737874391554 0.9884813670909919 26.410601963848617 0.052799519827171085 0.9876280152649163 -0.1476587761357379 -5.473101446095407 -0.9977471379971378 0.058302451702337416 0.03318844292851301 90.57382813101076
0.042730581598200215 0.1448017733613737 0.988537578358901 27.213531209393746 0.050992239698199084 0.9878356426929761 -0.14690314671891047 -5.623741369581408 -0.997784490201588 0.0566850020442592 0.03482702479973526 90.5456165363826
0.04348526453560063 0.1440147966507952 0.9886196286306975 28.011748366432997 0.046978016328328695 0.9881663061095921 -0.1460151274751385 -5.782210511936854 -0.9979489454627055 0.05279289550077509 0.0362051437577609 90.52207386186522
0.04394037727832205 0.14384667169241036 0.9886239822539478 28.810474569153342 0.044168048056696434 0.9883324661597304 -0.14576734842031164 -5.93142664021305 -0.9980573263973878 0.050070663842644164 0.03707427473136677 90.50584278438355
0.04206493091596846 0.14357666749136846 0.9887448013209006 29.61407096234363 0.04206674856113727 0.98848865781477 -0.14532915067889968 -6.053739504571883 -0.9982288967228561 0.04770653963168231 0.03554090353159125 90.53984805182633
0.03963001130612257 0.14292245512216256 0.9889401569487051 30.416711350280327 0.04064780752217668 0.9886678118816632 -0.14451198390710032 -6.172350573895521 -0.9983873085869623 0.04592526070671083 0.03337143211646713 90.56774492858104
0.036131630373891443 0.14187963757878375 0.9892242787796086 31.221990826171293 0.03996839523090082 0.9888734697300252 -0.14328917700499594 -6.286756491759573 -0.9985474614004047 0.0447149785263899 0.03005890926486695 90.59319447415169
0.031827879252220574 0.14154604108214472 0.9894198827374944 32.02733881018998 0.03924845629243199 0.9889808883905132 -0.1427457918012778 -6.397177419779908 -0.998722456331572 0.04337649884769949 0.025921700691667698 90.61295991048596
0.02696449833104533 0.1431214292055383 0.9893377443178434 32.827382620498064 0.040609356211859744 0.9887237769547031 -0.14413942233992103 -6.509923617420825 -0.9988111913759352 0.044063016085963816 0.02084837153340171 90.62048066507401
0.018470039440222245 0.14613402799100908 0.989092363485938 33.62207940127712 0.041395580599239826 0.9883010993994197 -0.14679013193246918 -6.6219005047054695 -0.9989721034893468 0.04365527217900294 0.012204657350728848 90.62781785046727
0.009923715846512842 0.14824519143773565 0.9889008459291488 34.41546595922891 0.04297533806912708 0.9879725664844131 -0.1485372956265452 -6.738466107237065 -0.9990268465770297 0.04397239008505829 0.0034334717947821225 90.6268543342707
