1.0 0.0 0.0 0.0 0.0 1.0 0.0 0.0 0.0 0.0 1.0 0.0
0.9999998482577569 0.00011529014333474571 0.0005386953183981134 0.01819326282339554 -0.00011326825977650745 0.9999929554787197 -0.0037518213225912938 -0.017326302313871892 -0.0005391240715655281 0.003751759736200246 0.9999928167962594 0.9616003629905131
0.9999947398576978 -0.0032430661814638402 5.271316913856743e-05 0.04964512347460562 0.003243281978470897 0.9999832034888171 -0.004803526022748279 -0.010839775515213507 -3.713413094510775e-05 0.0048036717191893554 0.9999884616129681 1.9243871308656797
0.9999927155693489 -0.003805267397647689 -0.00029790648157092844 0.06949554886174436 0.0038044876696524442 0.9999894460829686 -0.0025755768769785705 -0.018624424934597573 0.0003077040962107288 0.002574424733831594 0.9999966388220908 2.8879019498402063
