0.9919219008071011 -0.016671827592155953 0.12574972311685198 0.07234220883148132 0.02367648301211338 0.9982376173587326 -0.054415838155242646 -0.05411744169446556 -0.12462089251567979 0.05695357280011397 0.9905684851103923 0.9951957944884994
0.9962309783187598 0.000409285741085421 0.08673909339639439 0.295138163734163 0.001030856980141926 0.9998623802562301 -0.016557713677692286 -0.14892912846438328 -0.0867339332206996 0.016584722895728182 0.9960934553517251 1.9672691694208166
0.9941416829889251 -0.006697268203474649 0.10787706309757426 0.46098302094011545 0.005372464175292524 0.9999066037428974 0.01256663917001927 -0.20584132207547856 -0.10795114993659162 -0.01191345415717 0.9940848147102 2.9524757090834592
0.9878914046647214 -7.070450772806661e-05 0.15514692259415253 0.6318582442755162 0.0050521506043660295 0.9994842203463308 -0.031713862157706524 -0.1679910505170912 -0.15506465865513705 0.03211367745306966 0.9873822275879822 3.9402916353980824
0.9582009074894691 0.023639799261326686 0.2851178366522193 0.7091759145013066 0.023722199139728853 0.9865836854906147 -0.1615236477786791 -0.03741922307482396 -0.28511099269290285 0.16153572798189242 0.9447845947257116 4.999673070711275
0.9647499169586056 -0.022926079775266422 0.2621678710187456 1.1880477548216835 0.05185016196389648 0.9932303782988618 -0.10394698806900356 -0.40046454670249887 -0.25800999676888736 0.11387629468172031 0.9594076459341361 5.818270030837767
0.9550522599382033 -0.038260250827139075 0.2939580480163365 1.530713745147358 0.038558509953010994 0.9992448975576226 0.004782887753229853 -0.8290263576703858 -0.29391907406143963 0.0067666765624527225 0.9558063559064489 6.721182513435356
0.9379478103175815 -0.014240926318357945 0.34648391180262483 1.8236769815440792 0.02481904827187116 0.9993508858796932 -0.02611171641909671 -0.7351083634775147 -0.3458871491734445 0.03309082817138156 0.9376924213875247 7.687255712019373
0.9135548183430823 -0.05531041785682786 0.4029371558427455 2.168419135898323 0.02517438405208839 0.9965000527359565 0.07971132469626883 -1.154458739736329 -0.4059357637234444 -0.06267697004274478 0.9117498303572777 8.646543166142065
0.8388632393043188 -0.09967666489362029 0.5351383262480364 2.2922879853066744 0.13942807424128997 0.9896404479440054 -0.03422858318063117 -0.6142672886245694 -0.526182741884633 0.10332640644517256 0.8440707173417974 9.794399437417102
0.336669175770568 0.6042537929850166 0.7221711845187311 3.224232950295595 -0.35091039900756915 0.7922096420083599 -0.49926523509787346 1.5723481832362323 -0.8737938875697832 -0.08533016331993694 0.4787515068106603 12.33032122428838
0.8453072177004685 -0.46797441726568234 0.25778993868717653 5.565822688604305 0.48449056729046025 0.8747962618002585 -0.0006249374861858892 -2.204516098190524 -0.22522121993733485 0.12542505780400776 0.9662007850156199 9.048110406429803
