1.0 0.0 0.0 0.0 0.0 1.0 0.0 0.0 0.0 0.0 1.0 0.0
0.9999743380672289 0.000402445718730804 -0.007152708889012392 -0.002720295372327329 -0.0004023059791873979 0.9999999188549629 2.097538684331813e-05 0.0006834470529152524 0.007152716750060198 -1.8097271020914437e-05 0.999974418830593 0.07154292194760013
0.9998997261252535 0.0016124611402560341 -0.014069032081648466 0.0012756796341622531 -0.0016223167737626203 0.9999984465894166 -0.0006891349934771986 -0.00017727989309141063 0.014067899023267761 0.0007118903179778387 0.9999007887931914 -0.014380153361528855
0.9997626992691384 0.001410499501745369 -0.021738344951769708 -0.005086803258137494 -0.001436547310957817 0.9999982688064997 -0.0011826731699332387 0.00011271523026015474 0.021736639158571304 0.0012136206817107778 0.9997629947357178 0.06919273534713219
0.9995154550505939 0.0018316542742052287 -0.03107249841297317 -0.01550821486875667 -0.001918115398407654 0.9999943709465141 -0.0027529817659562843 0.0020787661470981706 0.031067280993399244 0.0028112484602187023 0.9995133420489053 0.17351269578686335
0.9990959129986219 0.0019126521789074495 -0.04246997046258774 -0.03133278277430875 -0.0020938642781679873 0.9999888919716741 -0.004222755693615235 0.00021602484304233228 0.042461422042074454 0.004307864309129102 0.9990888198469938 0.277660589749285
0.9984293388122972 0.0019776949412776902 -0.05599057172023353 -0.049954255275567905 -0.0022739758055386502 0.9999837462775125 -0.00522840461585006 0.0009922599602367641 0.055979321475659156 0.005347513769076423 0.998417607849348 0.395200826996671
0.9973763014020142 0.0018146485576326673 -0.0723686427415302 -0.0720912138353762 -0.002203484907431545 0.99998356151196 -0.0052935205788421395 0.0006786827431966897 0.07235784723097882 0.005439095188373286 0.9973639045943211 0.5298660225765082
0.9958431712459204 0.0003355951644216648 -0.09108383862549141 -0.10399173893146985 -0.0008326958293266389 0.999984966785069 -0.005419669871865669 0.0008518598176164494 0.09108065052756684 0.005472986364847185 0.9958284799701831 0.701637501209454
0.9938031742112787 -0.0009163869876545689 -0.11115039884083155 -0.1378621473180501 0.00030451769760969334 0.9999847087749887 -0.005521728458804646 -0.002296488717821277 0.11115375925518176 0.005453664005949395 0.9937882567993803 0.8603853227660158
0.9910660058729491 -0.0014429947510451015 -0.13336449965859826 -0.1924117255373827 0.0006623541505910012 0.9999823895489842 -0.0058976163729521115 -0.004198763815465946 0.1333706612790796 0.005756592573022188 0.9910495085271618 1.0624601044155493
0.9875249754403256 0.0021621999124326 -0.15744760326255663 -0.26439927297436955 -0.0033686467131877123 0.999966974602771 -0.007396074844304375 -0.010627158949830982 0.15742641170053545 0.007834193980206178 0.9874996457233661 1.2805860829320266
0.9832018078899523 0.0065003879362829625 -0.18240600296757709 -0.3501131669064374 -0.008243302233152774 0.9999273138181488 -0.008798582199079464 -0.02032673796483847 0.18233555037409135 0.010154409736606359 0.9831839273669388 1.4962576977666329
0.9778047053052575 0.009190587853189701 -0.209316725031259 -0.43272742409318926 -0.011463671703328236 0.999887735182392 -0.009648899569620187 -0.0273687434578417 0.20920454706811986 0.011834277617966658 0.9778002901202696 1.706489382236985
0.97107523519535 0.009625222964121735 -0.2385796359146924 -0.5127681034318212 -0.012330847815937646 0.9998754500045239 -0.009850617766953685 -0.029975111680745205 0.23845510642977727 0.012507580147309912 0.9710729749387643 1.906157528462612
0.9630549322271393 0.011529109280553673 -0.26905812968980797 -0.6048212482504172 -0.014559173515355385 0.9998510472324564 -0.00926897053127468 -0.03477896494368401 0.26891118976258727 0.01284379178268299 0.9630793368321805 2.1061197745047515
0.9536445290423663 0.013009403982964506 -0.30065406638788683 -0.7326014509875357 -0.016246549141543887 0.9998338205729747 -0.008269273211089896 -0.038415089986829 0.3004965255515531 0.012770538221088278 0.9536974108620554 2.3621441930214497
0.9424816448871982 0.015576679580363753 -0.33389476800928203 -0.853512565792129 -0.019052687686802915 0.9997930003352138 -0.007138037028485812 -0.04414077266126976 0.3337144649886047 0.013089061615011395 0.9425833291138812 2.5777433418930977
0.9299927518647495 0.018020378815888093 -0.3671358705252904 -0.9763123309589348 -0.021983041127024556 0.9997364620790393 -0.006614551571555596 -0.046353454514371 0.36691991957624526 0.014222247959345713 0.9301438062370486 2.7847515543137025
0.9160827449809268 0.020326915626338364 -0.4004737455181431 -1.0744969955592991 -0.02481472342988618 0.9996739233366975 -0.006022997734735829 -0.04541225980066023 0.4002207314086924 0.015455209533814039 0.9162884385655845 2.9372762997720265
0.9000517459761684 0.021130534313744394 -0.4352704390202337 -1.2150862665579956 -0.026028763122196374 0.9996471783168311 -0.005293616299461759 -0.04636953260483797 0.4350050092304451 0.01609407974421054 0.9002841898765118 3.1413767149613996
0.8816743664362093 0.016554748777958903 -0.47156786559540714 -1.385942699689155 -0.021952226327164412 0.9997413351085004 -0.00594664903568827 -0.048869070424224496 0.4713474422637615 0.015594972535127167 0.8818097218238402 3.384541602678204
0.8604525762166233 0.011628392777102814 -0.5093978254405861 -1.504939641358829 -0.017608062342262733 0.9998210248573379 -0.006919132443660902 -0.05140988131679377 0.5092261975023743 0.014923094003702933 0.8605033300590005 3.542497651139807
0.8353055601939985 0.013351562533793453 -0.5496238321678718 -1.6633964177913494 -0.018354421765659244 0.9998250381803869 -0.003606692284547038 -0.057873146128894964 0.5494795140045158 0.01310071774725794 0.8354044738232299 3.7232550431727636
0.8061857693848259 0.018909442970774445 -0.5913602440204548 -1.8747508008562976 -0.023399620235362347 0.9997261891326228 6.734392011867492e-05 -0.06593550442279791 0.5911995965951241 0.013783313422315552 0.8064075007444219 3.922889295192523
0.765912164384593 0.023488952620772056 -0.6425160119035851 -1.8736868591575373 -0.030069840544220097 0.9995475574840992 0.000696431774055771 -0.08750246041255641 0.6422416687955974 0.01878694845763574 0.7662719422178371 4.2804791863672085
0.7297946281284469 0.020843090969778648 -0.6833486418466698 -2.087257476971181 -0.026640658585874416 0.9996429948922972 0.0020391353238098224 -0.0948540738199423 0.6831471847742427 0.01671670785721471 0.7300893613890311 4.391161931754939
0.6923011954420126 0.013628383399569717 -0.7214799525665804 -2.333593340144064 -0.02164236421408163 0.9997640051168006 -0.0018820584576862186 -0.05428571216148973 0.7212840375752021 0.016917483226752152 0.6924327663394382 4.5580127840911455
0.6507562294432792 0.0036276917446471796 -0.759278058219367 -2.542663161088216 -0.00500500000823197 0.9999873557820087 0.00048810964256035467 -0.1132051883779942 0.7592702284534039 0.003482546297090768 0.6507661577368667 4.6987949843899415
0.6058331228505583 0.005256001538326812 -0.7955743847717633 -2.849777268336971 -0.0048035134002528375 0.9999841160310057 0.0029485495927633063 -0.10903154993376814 0.7955772454740985 0.0020352232104855015 0.6058487470898405 4.87413264940125
0.5599993352554006 -0.0009908103639258304 -0.8284924639417865 -3.142805759476792 0.009200392294354341 0.9999450599809161 0.005022927571776038 -0.15194499486275406 0.8284419697813117 -0.010435291782411291 0.5599776847252722 5.022646853028446
0.5093362524286232 -0.0001522515036349603 -0.8605675794389688 -3.4678239820963226 0.010704076701205326 0.9999237454107125 0.006158417474193595 -0.15626536283041345 0.8605010195833244 -0.012348286654082075 0.5092990429136579 5.153683404885026
0.4563198750298992 0.0013372941775512332 -0.8898148028084161 -3.4708164164459894 0.0118036538045039 0.9999017857929856 0.007555959559237747 -0.15629245484590285 0.8897375148938933 -0.01395100040427582 0.4562592729777216 5.15478847197696
0.4020200679911054 0.0034976303869421422 -0.9156241759117677 -3.812251220804591 0.012514500698778741 0.9998783092899041 0.00931417649727537 -0.15654392360900884 0.9155453305023665 -0.01520306525798236 0.4019273747856372 5.248907661285746
0.3426595358615464 0.004084247318050647 -0.9394507764683548 -4.134812032496004 0.013115968062989869 0.9998722908088274 0.00913090655288535 -0.1582429567975397 0.9393680928501459 -0.015450598582316859 0.342562206231989 5.40918333893722
0.2891513291301565 0.008644226628434152 -0.9572443712074051 -4.491515160451021 0.015058840415477129 0.9997944238551755 0.013577236590641781 -0.17394676954834187 0.9571649493099949 -0.018340866230724763 0.2889617144853302 5.455354034966305
0.23751929645976738 0.009648986186965327 -0.9713348963538895 -4.8255081496319985 0.016645642987910193 0.9997634091365003 0.01400172565368776 -0.17563336282194128 0.9712401898494399 -0.019494173932892225 0.23730248798505663 5.503314831100804
0.18496585379800137 0.010369170018817993 -0.9826902427733256 -5.230697102245901 0.019909545380565292 0.9996995705927256 0.014296102946554071 -0.18678165452239825 0.9825432524482144 -0.02220920687102778 0.18470383915513042 5.572973805559783
0.1346785089619132 0.011956251639554832 -0.9908172118360318 -5.663318891465148 0.01781992819477668 0.999736267010859 0.014486082366347908 -0.19129948461701962 0.9907290998971054 -0.01960725554286615 0.1344299302504761 5.618108078811324
0.09428759735630765 0.011530089205335058 -0.9954782298110252 -6.026490532673485 0.016171905108733262 0.9997832530690743 0.01311168821214804 -0.18933170416596634 0.9954136418946291 -0.017335049049122152 0.09408069730043242 5.6180990662263595
0.05636953646883337 0.010034395428228633 -0.998359547591287 -6.35459569323196 0.014223101769410045 0.9998399522185704 0.010852341849720656 -0.18773800525450643 0.9983086590500685 -0.014811510927523152 0.056217794422211115 5.616390841689055
0.022071802455576123 0.007368173301352547 -0.9997292361227431 -6.824918225616528 0.014658329999552206 0.9998629678420226 0.007692782316310388 -0.18872845094193078 0.9996489228214005 -0.014824154624906806 0.02196077279311005 5.599688236569574
-0.009441627403551787 0.004611426862856821 -0.999944793683262 -7.208165437998466 0.014655109169168798 0.9998826041862874 0.004472764345159405 -0.19014545741432073 0.9998480301761925 -0.014612069940159334 -0.009508099960120813 5.576820951145802
-0.03588712394557128 0.002846810940813826 -0.9993517949162761 -7.657260335978137 0.013937733844890679 0.9999001085674856 0.002347863283695316 -0.19517308652749338 0.9992586521567799 -0.01384444127428765 -0.03592321722255136 5.540932105171368
-0.056669819362712204 0.00038604126789301696 -0.9983928998873828 -8.208495154375331 0.012665719161136266 0.9999197313499609 -0.00033228775576851083 -0.19547349656348753 0.998312631960314 -0.012664194769541908 -0.056670160043097786 5.489630735813852
-0.07296842933288254 -0.00039408192176120763 -0.9973341731937854 -8.671059732619163 0.013016642009096911 0.9999143720464577 -0.0013474441526669394 -0.19448701641692026 0.9972493045129184 -0.013080262779336087 -0.07295705157230781 5.447708312699516
-0.08586789040002925 -3.5769086025759435e-05 -0.9963065312035355 -9.21364969338026 0.013390281201533252 0.9999096381042539 -0.0011899561182941911 -0.19537404913613632 0.9962165456202746 -0.013443003637286078 -0.08585965225654885 5.389775757429158
-0.09509453725195273 0.001168726136984785 -0.9954675600259679 -9.78888860206024 0.011706440611828408 0.9999314757261891 5.5679863665543264e-05 -0.2036725981785913 0.9953994114088269 -0.011648087021576253 -0.09510170259095832 5.311170926596203
-0.10184803172153137 0.0026313798913805446 -0.9947964888731351 -10.345300141798727 0.00992814141272616 0.9999493886206268 0.0016285592784013618 -0.2139454720875472 0.9947504262087749 -0.009710614661368994 -0.1018690017638318 5.2447387942134185
-0.10642233079149227 0.003575805814752497 -0.9943145886095013 -10.906993042410853 0.010174300770061085 0.9999450975433093 0.0025070905331794277 -0.21714957566614082 0.99426896316477 -0.009849645266526421 -0.10645286926793977 5.180814431084832
-0.10769865876829521 0.004179139418537138 -0.9941748003712583 -11.523479765838683 0.012436239005982307 0.9999185880975237 0.002856070104291359 -0.21584107893905785 0.9941057986245209 -0.012056200511561362 -0.10774186359223906 5.108725118452146
-0.10698111547947509 0.006435227686124777 -0.9942402268945848 -12.150263203093198 0.014716964265331998 0.9998797511418817 0.004888171361710925 -0.2182328876726568 0.9941521271382866 -0.014109255865432586 -0.10706295813839453 5.044593724523557
-0.10533220210649438 0.00890824889147913 -0.9943971894072733 -12.773636306803299 0.013875719308692561 0.9998756929078157 0.007487532689834847 -0.22450322260067507 0.9943402795889659 -0.01300929797500355 -0.10544271692788738 4.97448858377344
-0.10355780773217758 0.008902415013859227 -0.9945835950108098 -13.424880444238925 0.01131721430766593 0.9999057563476375 0.007771684706233642 -0.23215887771171467 0.9945590485828478 -0.01045109706106301 -0.10364879860471395 4.90087300243187
-0.1019095605203403 0.006360125529944596 -0.9947733361312991 -14.064944475069796 0.009456831722257218 0.999940570575016 0.00542435727881161 -0.2333705493155718 0.9947487169171559 -0.008854610175193237 -0.10196365073062737 4.83298394118572
-0.10052869288360303 0.00623164284144133 -0.9949146438436873 -14.775166192318023 0.009124258157413469 0.9999441081498912 0.00534120673585272 -0.23322256969449826 0.9948923207162629 -0.00854091352344463 -0.1005799332669989 4.753410738612037
-0.09876892909420659 0.008823446989914961 -0.9950712765570113 -15.47603733680353 0.009479575771481553 0.9999236587466052 0.007925548687309597 -0.23002344167952132 0.9950652422272505 -0.008650055607817637 -0.09884503148466968 4.683590532741957
-0.09669501197763504 0.012469076265890656 -0.995235950313151 -16.18082859360035 0.008411457528391987 0.9998960536361878 0.011710222244914343 -0.23323806261806607 0.9952785148092433 -0.007239064846555282 -0.09678984398817006 4.605676957963139
-0.09493262994532728 0.01464464067522863 -0.995375974328875 -16.909216482116705 0.007805561112755149 0.9998719990272584 0.013966344437554994 -0.240222225700444 0.995453097331752 -0.00644360618961298 -0.09503478811411425 4.534121508903462
-0.09291725141154425 0.013965468841432044 -0.9955758886544828 -17.697067355993646 0.006246453127860342 0.9998901276904868 0.013443004516203215 -0.2380844423087074 0.9956542402930073 -0.004969731093349701 -0.09299427702506469 4.448538436826488
-0.0910990202695473 0.010935576533125288 -0.9957817942058477 -18.471195260969797 0.0041085805738986896 0.9999353213170551 0.010605316978986892 -0.23631270509103916 0.99583336360638 -0.0031251157490826075 -0.09113805780220709 4.361606751116815
-0.08955740344356043 0.010347175830702863 -0.9959279127731968 -19.230328947217888 0.0032138797563233804 0.9999438299657656 0.01009989555922495 -0.2347123871139991 0.9959764768634647 -0.0022962721362840325 -0.08958562758008047 4.288190839001647
-0.0879136406115612 0.012731948246493156 -0.9960467304741633 -20.01449023655844 0.005999476373008314 0.9999069459736466 0.012251762195858084 -0.23483342146174938 0.9961100331176628 -0.004898661807347136 -0.08798184491601813 4.213210702122774
-0.08694642856591853 0.01499943518105957 -0.9961000629976294 -20.82474114992132 0.008298905874111353 0.9998628557114903 0.014331710636051811 -0.23791825899836178 0.9961784211279244 -0.007020449608969002 -0.08705898326056681 4.148935042569251
-0.08567429569415305 0.016765031880905563 -0.9961821363402094 -21.620580327229984 0.00874719833233171 0.9998325395534132 0.016074183385368063 -0.23766070952861273 0.9962847994316915 -0.007336658381293884 -0.08580659569724523 4.081545080347233
-0.08503592005834416 0.012099891171947692 -0.9963044137880039 -22.398466940253616 0.008859516460617643 0.9998959133394856 0.01138733748859665 -0.23861124168591571 0.9963384973330675 -0.00785844263338336 -0.08513426813841106 4.013162348854897
-0.08472141559044659 0.005255196378208644 -0.9963908192327835 -23.235767951059035 0.010288926250588422 0.9999373912094174 0.004399051933496028 -0.2471399743188767 0.9963515542904325 -0.009879097748788037 -0.08477018161304777 3.9361522142356753
-0.08479953506990914 0.0006270604024465739 -0.9963978350273444 -24.04715364891541 0.013319213027743195 0.999911168190051 -0.000504274853928943 -0.24860817460387066 0.9963090069934372 -0.013313997298272165 -0.0848003541248075 3.867390350778772
-0.08542764295736067 0.0013275885843176474 -0.9963434926406157 -24.862142016050075 0.014447123263369279 0.9998956304869219 9.36086172373847e-05 -0.2535920459188842 0.9962396290291623 -0.014386300487303985 -0.08543790675178248 3.797004753710689
-0.08529884222031028 0.008574252209311788 -0.9963185182033534 -25.74643035411963 0.013814913212283486 0.9998770225468983 0.007422126089321346 -0.26321692570099997 0.9962596326705263 -0.013130955098538176 -0.08540680493607337 3.716822297851135
-0.08558882926959058 0.015642842089865723 -0.996207736265691 -26.591420258976708 0.012083925790716037 0.9998194952043543 0.014661369199152343 -0.26619628456434474 0.9962572614750397 -0.010783250931927373 -0.08576240701842357 3.6422703539971426
-0.08589888263019127 0.020803493965430787 -0.9960866411119643 -27.44880446867709 0.010094760785313201 0.9997488274306637 0.020009444162681633 -0.26552649591407135 0.9962527178219249 -0.008336467467846082 -0.08608731348221772 3.565661224003937
-0.08611292520076741 0.02105832180942825 -0.9960628048451252 -28.28632043057935 0.008519217655443495 0.999755604073209 0.020399878792562942 -0.2646375984749697 0.9962489583652804 -0.0067289825963987 -0.08627127997955723 3.4802980450268564
-0.08631659553068943 0.017589074786546404 -0.9961124784802894 -29.134004568025492 0.008552140912120022 0.9998203814885791 0.01691347527418465 -0.2653479456450082 0.9962310506211953 -0.007058980676024678 -0.0864515157183777 3.3953246776135617
-0.08671968661525242 0.014936803251168633 -0.9961207697172009 -29.954916304687888 0.008366540236179781 0.9998632524244749 0.014264552415905001 -0.26373151318720683 0.9961976194299145 -0.0070970669847194535 -0.08683279727375835 3.320053775064292
-0.08671085662435307 0.016247989179613506 -0.9961010140498254 -30.79487705837483 0.006716705630410113 0.9998538021052649 0.01572451211068833 -0.2655292320402037 0.9962108778812573 -0.005327031374408127 -0.08680731264006948 3.235067170644624
-0.08638584648362921 0.018736679286925184 -0.9960855497278365 -31.637026242306046 0.005724763281648278 0.9998159618282303 0.01831036752385789 -0.2711239381184848 0.9962453074482589 -0.004120597382487778 -0.0864772112439774 3.151731839250488
-0.0861984163594208 0.017081899096672303 -0.996131538372508 -32.47006179730581 0.004808268507615591 0.9998484896508979 0.016729563556050882 -0.2759230342128886 0.9962663868519739 -0.0033476060204835796 -0.0862674907647429 3.069719425919316
-0.08581953879499268 0.01183102914473792 -0.9962404496457626 -33.30285887372394 0.003855272290867318 0.9999259488419243 0.01154269068023301 -0.27645495527112535 0.9963032387965916 -0.0028501898099298852 -0.08585879559759353 2.9896832655139343
-0.08553872577022523 0.007774502518713384 -0.9963045134416451 -34.15135374585335 0.0027023232569100874 0.9999676876002745 0.007571076830524587 -0.2814718352971382 0.9963311818078472 -0.0020447165928465304 -0.08555697102769337 2.906758259484956
-0.08494204076934374 0.00857288942386669 -0.9963490127846094 -35.01460623556441 0.003496817697569329 0.9999593918279435 0.008305838974978897 -0.28781652634704313 0.9963797579115752 -0.0027785359480249194 -0.08496856925979404 2.8159295181389257
-0.08436928664499306 0.011003100410010404 -0.9963738029737549 -35.85551660473274 0.004472017696891562 0.9999331406972626 0.010663732602891902 -0.293663006385859 0.9964245202365977 -0.0035561097669390466 -0.08441285183306976 2.747134669381797
-0.08409857694765822 0.01586583635255452 -0.9963311219630818 -36.67652504333776 0.004956714431463179 0.9998675233779687 0.015503763286739258 -0.293224035242848 0.9964451115527758 -0.003634684421002402 -0.08416607827228248 2.675536460877251
-0.08341248794719372 0.021436380219902976 -0.9962845168211376 -37.524490240444564 0.005625995566076977 0.9997628011213648 0.02104019172564323 -0.29061061497776997 0.9964992248006769 -0.0038500775354652216 -0.08351330357865837 2.5978813194797854
-0.08367803446867607 0.024877013482742953 -0.9961822728535371 -38.33338082849656 0.005709190427498438 0.9996838976290225 0.02448489260559649 -0.2954979506281243 0.9964764882786357 -0.0036385466088063403 -0.08379361125082219 2.5294094651583117
-0.08312406095545279 0.025004334635695253 -0.9962254633062242 -39.187992840037175 0.006035873629296008 0.9996794626349287 0.02458739952639174 -0.29391843595478195 0.9965209273867788 -0.003969286505835598 -0.08324833959202574 2.4457555396838924
-0.08292196843362235 0.020738883037190573 -0.9963402259677483 -40.007427825325614 0.006204339685652658 0.9997748043444863 0.020294008155322472 -0.29087363302380154 0.9965367295389361 -0.0044988141007367335 -0.08303196584164815 2.372594181345335
-0.08274648815217445 0.016505539786648753 -0.9964339345158986 -40.83490412155873 0.005000409779627646 0.9998571249971133 0.01614699645575096 -0.2918869864859211 0.9965580839070636 -0.0036464707399873736 -0.08281720021000798 2.306197610118677
-0.0825999173857723 0.013543682611336105 -0.9964907537499721 -41.64758511208642 0.0013950002258085814 0.9999082417252352 0.013474498295595718 -0.28933689904415705 0.9965818118058516 -0.0002771123804666594 -0.0826112316001583 2.2262775722705355
-0.08302139063286008 0.011609438153009905 -0.9964801401147733 -42.48675487458039 -0.001746609008168631 0.9999289095353149 0.011795135967339242 -0.28936898704394787 0.9965462347800823 0.002719709779897546 -0.08299521145436335 2.1386167268391674
-0.08356115894466663 0.009847541198617164 -0.9964539922385611 -43.31455462871953 0.000290395703755611 0.9999513690137868 0.009857752167113553 -0.2975153015744689 0.996502608318794 0.0005343592373368796 -0.08355995496675467 2.0649805005568656
-0.08487238703159014 0.00627858301763656 -0.9963720476382562 -44.14240672126361 0.0037830122118680167 0.9999749696108299 0.005979044273462263 -0.30832060301160374 0.9963846479839829 -0.0032618318641233985 -0.08489401459894186 1.9964817209524333
-0.0858544016683454 0.0047530280349162984 -0.9962963567326092 -44.960825076428605 0.008100172775432827 0.9999589002083632 0.004072480213333191 -0.31454646008672016 0.9962747657725649 -0.007720532273046734 -0.08588937341861498 1.934082438097242
-0.0875147840989727 0.008094709733391261 -0.9961303319538277 -45.79473867813551 0.008457792057943126 0.9999369796035892 0.007382585912473838 -0.32314702395045336 0.9961273153154748 -0.0077789777980533 -0.08757773225428137 1.8515232299360989
-0.08930381437296347 0.014495324466529628 -0.9958989478391118 -46.60586621086636 0.010747551669967666 0.9998499022417403 0.013589080921199783 -0.33245684213884685 0.9959464437767431 -0.009489918639881514 -0.08944619931929895 1.7794423345684582
-0.09104468874756437 0.018186406903492856 -0.9956807315875909 -47.41732815562516 0.012552632735838476 0.9997747564977094 0.01711337726295251 -0.3349730720873046 0.9957676918148425 -0.010940332439445043 -0.09125246880964993 1.6989290827571732
-0.09267049513640974 0.017560182848061986 -0.9955419726508349 -48.21708217719356 0.012567506322930197 0.9997854547917105 0.016465180586764154 -0.3411863294581453 0.9956175154726823 -0.01098564359854611 -0.09287130083470319 1.6273883743148423
-0.09382014641588884 0.013771955134743377 -0.9954939042396332 -49.006358736307845 0.009289204721782948 0.9998729043511851 0.012957076057575108 -0.3481679476855181 0.9955458255661259 -0.00803171190292563 -0.09393615279417404 1.5488806398572994
-0.09506830706748072 0.010050889563379005 -0.9954200101516486 -49.81790513596603 0.004282304279753263 0.9999439047259001 0.009687583371245458 -0.352303550278432 0.9954615406239359 -0.0033417092189452343 -0.09510601515213007 1.4625707224109163
-0.09619286612192063 0.008674958103854782 -0.995324910574003 -50.60708569548172 -0.0002260387859559579 0.999961804240279 0.008737217348353274 -0.3608998841297275 0.9953626883773165 0.001065440013085965 -0.09618723108532129 1.372940295193902
-0.0970068724624989 0.0098675494929235 -0.9952347954940329 -51.40700771584355 -0.0021117934608986025 0.9999465604734414 0.010120105024743666 -0.37138046241436656 0.9952814712549531 0.0030834500706252823 -0.09698085023466727 1.2828971139137673
-0.09801399522974115 0.011426929506852281 -0.9951194310338585 -52.19776121020228 -0.0019532537771666143 0.9999299423445321 0.011674553633516877 -0.37868973448110177 0.9951831196010045 0.003087990431543501 -0.09798480890581159 1.2015290090812911
-0.0987940896994477 0.010815232126322785 -0.9950491237092327 -52.98191883970658 -0.0038438973962517595 0.9999293293892536 0.01124991910921474 -0.3834719439137775 0.9951004734665065 0.004936292253355654 -0.09874553521818023 1.109534458659595
-0.09913506168197962 0.01062725526373483 -0.9950172365295338 -53.77400505500332 -0.00466143980156845 0.999927037116755 0.011144120507379852 -0.3883007160003579 0.9950630686164005 0.005742986023495777 -0.09907829019138084 1.0202845943874244
-0.09969558675391647 0.012337140593660288 -0.9949414982519148 -54.56359053123124 -0.0027956448630531124 0.9999157107377136 0.012678950654206846 -0.39356535812903226 0.9950140573638107 0.0040455385135212745 -0.09965269322273033 0.9362755173526136
-0.1000561913326601 0.015253985135306068 -0.9948648523862396 -55.346086956459644 -0.0018803705422941082 0.9998777900417044 0.015519960951621368 -0.3968840089972818 0.994980011247777 0.0034235827444415506 -0.10001528032538913 0.853677583099466
-0.10026203335923294 0.01946164012933316 -0.9947707118879953 -56.09871340929322 -0.0020972690790812256 0.9998023258746374 0.01977146019074512 -0.39923904386151515 0.9949588565006507 0.004068628656023388 -0.10020139785341016 0.772719385501631
-0.10083508935840686 0.021508413076900712 -0.9946706353969619 -56.83692093347282 -0.0019124360433906678 0.9997602533992931 0.021812343096514426 -0.4006587552140609 0.9949013153787981 0.004101693539688545 -0.10076978102409684 0.6951199275494849
-0.10143351889869061 0.021613714018451045 -0.9946075048028533 -57.59703322200415 -0.0017591752176861347 0.9997585077370755 0.021905056719585453 -0.404789303523883 0.9948407644172926 0.003971595858516633 -0.10137100117861199 0.6143173897486706
-0.10149893358093412 0.01967917667675379 -0.9946409887428018 -58.358229877662254 -0.0008338402784351771 0.9998022962031171 0.019866384103895927 -0.40637735227876154 0.9948352985255015 0.0028457885196508455 -0.1014624575662261 0.5276096031106452
-0.10164672621568886 0.01604647464414223 -0.9946911348258453 -59.116579969121666 -0.00017624466000478053 0.9998695966186455 0.016148024507230192 -0.40633719057874146 0.9948205426042693 0.0018167028268776632 -0.10163064303341882 0.4406723009162964
-0.10128423189218666 0.01308343335901568 -0.9947714954408123 -59.8484250378624 -0.0003468789595773607 0.9999129958305347 0.01318637342833213 -0.40765626066241817 0.994857469211041 0.0016806370054877476 -0.1012708813739597 0.35391477474352384
-0.09981106878583826 0.010886492855002277 -0.9949468502493723 -60.5683318353326 -0.0010417543667966631 0.999938452656935 0.01104561659178039 -0.4159963728101818 0.9950058619403547 0.0021389650234019527 -0.09979358462827526 0.27131938269845385
-0.09743112645558785 0.010184504900339453 -0.9951901584408532 -61.29590890819026 -0.0032318175304662036 0.9999391297862632 0.010549506042432998 -0.4253249771506878 0.995237022499186 0.004244123257460772 -0.09739228134061989 0.1880447579913701
-0.0933761509545537 0.011106222025745497 -0.9955689560574031 -61.98513545125708 -0.0037294594510735384 0.9999268646376335 0.011504629857296467 -0.43428774626086414 0.9956239177345607 0.004787192106594775 -0.09332790165121767 0.12045403546228915
-0.08748998925081239 0.012711920152082426 -0.9960842880333671 -62.66690525371576 -0.0027899335545976383 0.9999115286256383 0.013005813788425191 -0.44254101837227294 0.9961614919538166 0.003916887486939057 -0.08744678347864486 0.05887859003951689
-0.08044561055385306 0.014276547265813583 -0.9966567533212147 -63.312794010527014 -0.001750503126957656 0.9998938555563568 0.014464209603188598 -0.45032420339131385 0.9967574627166935 0.002908232935899528 -0.08041208055864635 0.01168404573844898
-0.07165266152715816 0.015794932276065855 -0.9973045754484778 -63.94593168619523 -0.0028817541200475355 0.9998671570429246 0.016042560895631153 -0.4581884120262062 0.9974254817224524 0.00402347875512424 -0.07159762586455616 -0.03403837830478809
-0.0599600087081446 0.017370348554904883 -0.9980496322061342 -64.57461659180646 -0.004819298813966654 0.9998318891240349 0.017690897365712773 -0.4617559276276637 0.9981891462616997 0.005870645768873749 -0.05986621587836897 -0.06954215907620034
-0.04518733462416767 0.018943356409620367 -0.9987989057049977 -65.17313265538449 -0.0077714803857105485 0.9997832705864472 0.01931362079155786 -0.4643983918523279 0.9989483014061229 0.008634877150467811 -0.04503032327685768 -0.09218638971220203
-0.026629541893375637 0.02026297382925744 -0.9994399828854873 -65.78447193664805 -0.009053570273008392 0.9997486453732634 0.02051045927412377 -0.4692296084413003 0.999604371921142 0.009594684253200573 -0.02643939617730954 -0.11156865937006226
-0.004305024706082323 0.021387425213361882 -0.9997619940791019 -66.34097257323022 -0.009505740150329284 0.9997252123081852 0.021427570547011096 -0.4783229014239225 0.999945552350964 0.009595723948487046 -0.004100538431717287 -0.11551937458096043
0.021222735373024285 0.021811655416687222 -0.9995368163260769 -66.84155344038359 -0.00886163783994768 0.9997268208316282 0.021627646304624618 -0.4808412613613071 0.9997354984585074 0.008398535459711434 0.021410224754816975 -0.09871766598799446
0.05025465849891963 0.021375218368790107 -0.9985076711467183 -67.34190851225044 -0.006924910053798611 0.9997543702902011 0.02105337755299732 -0.4831916894549397 0.9987124285398193 0.0058565455115440965 0.050390335926320744 -0.05490155623513606
0.0844863696501941 0.021555732407628897 -0.9961914493427964 -67.75301565108758 -0.005313045689782772 0.9997615105991859 0.021182385841324695 -0.4858867963074282 0.9964104700818981 0.003503187805865849 0.08458074713767784 -0.004511086490118263
0.12154869933915495 0.021792284687690188 -0.9923462147945394 -68.16223459188821 -0.0041026792639505035 0.9997614484401894 0.021452604402038156 -0.48525725094991534 0.9925769903195505 0.0014637420755920076 0.12160911046183706 0.0721305506568873
0.16187690208464905 0.021569095397493503 -0.9865752088387436 -68.53967218691548 -0.003459577807644874 0.9997673594498173 0.021289863788462683 -0.488085468468066 0.9868048945424166 -3.3203497809519396e-05 0.16191386291685453 0.16066299643253265
0.20865284211693683 0.022182259367194267 -0.9777381749967068 -68.91864156741376 -0.00316756512460282 0.9997528263549917 0.022005743031896657 -0.4719452805994728 0.9779846409876314 -0.0014945114823879948 0.20867153238456607 0.21393540116793647
0.25942975777959276 0.02154398223645521 -0.9655216505122073 -69.3103632675606 0.0008114865603888076 0.9997459353242678 0.02252568072591599 -0.486259162602527 0.9657616384325816 -0.006627339737700064 0.2593463631902653 0.3079332697720646
0.312042755745173 0.016476288325235535 -0.9499251815327256 -69.6555133333475 0.00828892058883909 0.999764345438987 0.020063583538953506 -0.4779903125114158 0.9500319007183025 -0.014134550292682027 0.3118326508010241 0.39530208157132285
0.36510576668967415 0.011797637169372282 -0.9308912905850848 -69.98854034963172 0.012506288221390353 0.9997673177497219 0.017575639801976572 -0.4765226374588549 0.9308820397262313 -0.01805896222780148 0.36487326840752 0.5692073324702925
0.41772278570171384 0.005351848576006115 -0.9085587664110777 -70.3381153477242 0.019164782010583532 0.9997082673717084 0.014700043508180794 -0.4563337048389456 0.9083723825811124 -0.02355287382624682 0.41749835532423124 0.7207466786969863
0.4670367797072349 0.006764047337356605 -0.8842120187287172 -70.6789577934411 0.01879460973734791 0.9996688950294956 0.01757449729940325 -0.46798707933969264 0.8840381264660006 -0.024826356440765748 0.4667550138781152 0.9135977293628655
0.5061640793407823 0.0020296581506335084 -0.8624348121875006 -71.05409201789259 0.02813225364287842 0.9994262188621599 0.018862909527894364 -0.4373239128208606 0.8619782486177193 -0.033809962121782264 0.5058165530815028 1.104109120790716
0.545600069254046 -0.011052320773374764 -0.8379727982670454 -71.4267694539592 0.04867604390447625 0.9986428815250437 0.018521283140371336 -0.3781326948598162 0.836630866738605 -0.05089441408326409 0.5453976085713353 1.2522655443045574
0.5969674360700199 -0.021065702290634883 -0.801988850582718 -71.77618757891452 0.0558546786811098 0.9983208573161109 0.015353198919259056 -0.3446544974204521 0.8003187709540597 -0.053960189349433536 0.5971416605998583 1.4529758224042337
0.6383676722702892 -0.028373137863443754 -0.7692084763235483 -71.94269080901172 0.05987783282263469 0.9981226668264304 0.012875834099512037 -0.33224067372349914 0.7673990879175432 -0.05427805279369906 0.6388681654678428 1.630438036867132
0.6790647658690793 -0.032400040668807216 -0.7333629941030786 -72.09326151761861 0.05684174255619551 0.9983467941645808 0.008526129513331909 -0.33485742400055996 0.7318743471787678 -0.04747542465278827 0.6797838068060238 1.7996880796409602
0.7192868448877562 -0.042528287626295735 -0.6934102534019755 -72.25551890487657 0.05677756678908442 0.9983841186101448 -0.002336582237866501 -0.31642443868986425 0.6923891555194432 -0.03768947410907101 0.7205392153522621 1.9976387153437278
0.7589577362013756 -0.04369302938862221 -0.6496722818798166 -72.41666656576001 0.05079431592374643 0.998678469804872 -0.007826328515774675 -0.3280546587486258 0.6491556763442199 -0.027059806559604188 0.7601741081745911 2.20856578748235
0.7961079790382161 -0.043719538456954 -0.6035732661978973 -72.67853888929734 0.04994267089357506 0.9987311380753215 -0.006468652316198666 -0.34800217325411725 0.6030902215553681 -0.02499431527133212 0.7972812984564569 2.6120146367340205
0.8309452306538898 -0.04427489526807091 -0.5545897197952327 -72.93499067442663 0.049131652891556826 0.9987735523065375 -0.00612142933656067 -0.3566012258635311 0.5541805701553393 -0.0221613370982054 0.8321014185784822 3.0442645896335394
0.8617808045785765 -0.04262166476768577 -0.505487129957165 -73.18959965877411 0.04593068913861836 0.9989270722954459 -0.005922502047221124 -0.36424596015131894 0.5051972057079814 -0.018113473650262595 0.8628138185131068 3.5425451889898065
0.8879912488268681 -0.041143718632923126 -0.45801608751653444 -73.41883965812264 0.04508862191965994 0.9989802926014629 -0.0023218887311901326 -0.37264440883173106 0.45764457626009825 -0.018589497329108497 0.8889408711544126 4.051387348514641
0.9097428367414749 -0.03469017916579995 -0.413720391649987 -73.64137079996537 0.038343390094272956 0.9992644829501773 0.0005268305152122849 -0.37579853665921187 0.4133978174031067 -0.016342722654382174 0.9104038444462926 4.577804422260654
0.9275319736935046 -0.03067747544491995 -0.3724826576856406 -73.81324068580133 0.03330982529729247 0.9994448738502756 0.000632197017583937 -0.37725293875120225 0.37225648861355753 -0.012993715201262806 0.9280389377878346 5.040164279969842
0.9414304829919539 -0.025825535907562442 -0.33621672681266684 -74.00714552995014 0.028656764733871444 0.9995833195573892 0.003460794362006637 -0.37728091542848885 0.33598725500906107 -0.012892980947622798 0.9417782836282435 5.6031327897040715
0.9515541027505494 -0.025110762975681034 -0.30645430184837635 -74.16971444828272 0.028558557868697917 0.9995691869096984 0.006771215041848436 -0.38511757782307365 0.30615224694758786 -0.01519507036712553 0.9518612879645232 6.166787702920626
0.9590814280216154 -0.02576134231879894 -0.28195596760124114 -74.33856226094503 0.029523480436220186 0.9995226444775759 0.00910204809280667 -0.38504889659896274 0.28158689338630555 -0.01705392677612136 0.9593841696914555 6.78136259879792
0.9650812914575301 -0.025735014516067606 -0.2606833518016126 -74.50649301320604 0.029847519989210564 0.9994844712450536 0.011828663935021359 -0.3811766639905297 0.2602445511997499 -0.019196373820380704 0.9653518906611145 7.3926337115893155
0.969937251140228 -0.022645740822987807 -0.24229919371123762 -74.66848987008109 0.02716122846989776 0.9995137950737987 0.015311470379317854 -0.3839480547486745 0.24183464705981195 -0.021432309249093683 0.9700807490109814 8.016851851161519
0.9737294112861554 -0.018005939356677776 -0.22699519762365153 -74.81293968737857 0.02251948233696114 0.9995965430681569 0.017309650529799724 -0.3777975984709507 0.22659193831995056 -0.021966730163411944 0.9737420378387364 8.628845283510136
0.9768017772762453 -0.0143701863701923 -0.2136627849056882 -74.959721962387 0.018880476926958992 0.9996396050949372 0.019083697667035833 -0.37387518750809573 0.21331154563449925 -0.022675045078724906 0.9767210588646578 9.268162273457172
0.9795434379188858 -0.016233550523011186 -0.20057698040270447 -75.09537920113432 0.0205003739750905 0.999605202500883 0.01921389601430146 -0.36456167605908346 0.20018588336076928 -0.02293274886671478 0.9794895104759846 9.924228972949312
0.9822311164626626 -0.01625662056954807 -0.1869699337866093 -75.21724317689404 0.020227048009790336 0.9996081952858038 0.019347414459465063 -0.35966055245014883 0.18658215450926974 -0.022785482332275408 0.9821750971255401 10.592338948771095
0.9849159936257794 -0.01582202254646548 -0.1723082966739638 -75.34156991242405 0.019612917291437788 0.9996011289442239 0.02032034666905243 -0.3483386050196993 0.171918058898601 -0.023393302801665156 0.9848334551631389 11.2879521978213
0.9873241612998682 -0.014424662767775369 -0.15805989250137967 -75.4602042445977 0.01803185314290506 0.9996081266058432 0.021411340354762408 -0.3422384213616632 0.15768910167080186 -0.023990046427440175 0.9871973586303117 12.001372785320553
0.9892464236284912 -0.014249199989710146 -0.14556261071405943 -75.56272847640706 0.01721495013180339 0.9996686926772934 0.019135056122962877 -0.34174205722446105 0.14524172551370743 -0.021435138920069256 0.9891639783116232 12.723188272620614
0.9908176753326206 -0.013911471140677348 -0.13448719351359753 -75.6676552839045 0.015960271238712177 0.9997722426550191 0.014168011806125935 -0.3360235492362865 0.13425946518010753 -0.016184368608441125 0.9908140401822618 13.455784424046486
0.9920819202060802 -0.01558523529011998 -0.12462168367169608 -75.76021424959374 0.016772873660550355 0.9998233106810999 0.008486349500840581 -0.3342698190645104 0.12446740259756345 -0.010509417663924384 0.9921680391097975 14.190225814255305
0.9930420251710188 -0.015879652167058847 -0.11668493000938426 -75.84250174868137 0.016974750081883892 0.9998206556971851 0.008397279375281685 -0.32924432864904757 0.11653065735633394 -0.010319548841988088 0.9931334818682722 14.940767193520598
0.9938076887227164 -0.013934299538059318 -0.11023662336989434 -75.93012024355427 0.0156516525582707 0.9997690176333938 0.014728786526805414 -0.32874459331696804 0.11000592533044534 -0.016362966624077418 0.993796231485837 15.695597698046475
0.9943948018695955 -0.009449323931348948 -0.10530758895715081 -76.02335602181871 0.011929110050477618 0.9996655996832842 0.022943084868032294 -0.3283503226052906 0.10505557742514876 -0.024070710149444712 0.99417499795799 16.47100403440708
0.9948454858581919 -0.008609528922402446 -0.10103630673828318 -76.10931816454982 0.011358102141466136 0.9995800266643952 0.026660153963350273 -0.32328798335942277 0.10076434281690218 -0.027670314514653425 0.9945254651899758 17.23605631155135
0.9951941055074768 -0.009851215199927725 -0.09742507850783556 -76.18617627323866 0.012421022471412229 0.9995897994758498 0.025806026129442022 -0.31753310818423647 0.09713089397271044 -0.026892124180017647 0.994908238529136 17.9943365951712
0.9954970113177685 -0.009717836536141762 -0.09429349983136608 -76.25889464866997 0.012153865882072712 0.9996061527056784 0.02529472310721906 -0.3170257233071687 0.09401055260720273 -0.02632685180584883 0.9952230467952804 18.74296619280404
