0.9990467583056871 -0.0007422845714658998 0.04364657755784481 0.031093135040920913 0.0008481279437904638 0.9999967446122304 -0.0024065419033449534 -0.02798456635963937 -0.043644649132384604 0.002441265769341199 0.9990441355733762 0.9991246573867563
0.9960438652626862 -0.004911903235726865 0.0887270628341227 0.13128140366479357 0.005575454940942743 0.9999583033201531 -0.0072322834071946295 -0.04607276288210603 -0.08868783893392049 0.007698365260451184 0.9960297196356879 1.993928722502749
0.9909983932648154 -0.0044574530387607916 0.13379953534658157 0.28861016332356426 0.006002184868188891 0.9999198895124072 -0.011143981976969135 -0.07097633404922936 -0.13373914282423813 0.011846757780176426 0.9909457583575076 2.9811609512751445
