0.9993745743603101 -0.004428823911486658 0.03508340976743962 0.057823812705210545 0.004555883733916866 0.9999833470457348 -0.003542535054530747 -0.02804556877755467 -0.035067136261064516 0.0037001553981679566 0.9993781090280482 1.0482362573357242
0.9960734531063132 -0.0032147121188751773 0.08847226482269942 0.11015336837311282 0.0038241108185104655 0.9999701125727255 -0.0067193852202808045 -0.04810307634817652 -0.08844801972521969 0.007031328984163233 0.9960559764488158 1.9982498652503051
0.9909599993877393 -0.003900847978483422 0.1341009433169666 0.2669674237745319 0.0051914471344847645 0.9999435029327656 -0.009275765154444063 -0.07677770359866752 -0.1340571836572042 0.009888090189683275 0.9909242641000874 2.9853652161197397
0.9843307223093373 -0.0038934343216629054 0.1762891666755535 0.4969207798034817 0.006018462877428737 0.9999155171273978 -0.011521141976479111 -0.11063716263781354 -0.17622941645074816 0.01240160380886578 0.9842709957122566 3.963818344765221
0.9682546443166313 -0.004466283619794835 0.24992598118223128 0.5061737490665649 0.0074799055443002535 0.9999103102089443 -0.01110957023929318 -0.13754541924280178 -0.24985394688161694 0.012626315712867108 0.968201209139504 4.944725857540407
0.9629337743579788 -0.00609420266617341 0.26966906922107436 1.0205281868467253 0.010521235582239604 0.9998325248619766 -0.014974172095592795 -0.16045573293187856 -0.26953265071697724 0.0172563878604133 0.9628366254331476 5.866685340202944
0.9495066808059923 -0.0072052099310929065 0.31366406879755326 1.3418423848849674 0.013046506954810681 0.9997782879784377 -0.016527659942737208 -0.19295278465952095 -0.31347544044321146 0.019785343988760078 0.9493901665817809 6.813191360897271
0.9342919804553524 -0.008765584006814526 0.3564009817520629 1.6851220307355186 0.016276208530100568 0.9997040549440209 -0.018080032200387536 -0.22605280700812344 -0.35613702460246877 0.022692885790525773 0.9341581518360792 7.752021050671866
0.9171870872999618 -0.009021223585308836 0.39835469674052515 2.0885315717765325 0.01837897405751947 0.9996374201267276 -0.019678455096211404 -0.25088960296539914 -0.39803273760182706 0.02537017554934238 0.9170203345563235 8.666266439796924
0.8976016044483784 -0.009807038016680859 0.4406985156510466 2.5271854076363374 0.01990304264268314 0.9996345569344232 -0.01829266180968115 -0.2811516002217913 -0.440358068604698 0.025190763939571315 0.8974687720622272 9.564939257441669
0.8759031615301717 -0.010072075977976297 0.4823818040794489 3.009255944094579 0.020905367721970016 0.9996354259131595 -0.01708744743446568 -0.30792590998327474 -0.48203383410488837 0.02505131822699727 0.87579439038694 10.440395985153561
0.8520145562997585 -0.01160767897366709 0.5233893938953766 3.5361054765684865 0.02284235081424317 0.9996263190829542 -0.015014966065338918 -0.34535545322837624 -0.5230195243608068 0.024748413797827953 0.8519613213942803 11.288737488893302
0.8265977968879547 -0.011011205740361161 0.5626853788113948 4.087303794173095 0.023957382933639998 0.9995907439205906 -0.015632929068210365 -0.3725256190415437 -0.5622829590010269 0.026402613818033212 0.8265233063868354 12.122684432143668
0.7992379081299311 -0.01198683136118945 0.6008952338652805 4.688981307573369 0.025915902117878538 0.9995585148441888 -0.014530706104539656 -0.4073566721104478 -0.6004557704156971 0.027186233214595425 0.7991957060057908 12.921017141793138
0.7706587257616737 -0.011439274231813581 0.6371454083742916 5.338688372641612 0.02815285438565396 0.9994738399505009 -0.01610776348662861 -0.4256843091558678 -0.6366259067908981 0.030351050387925054 0.7705752841501066 13.683373081001179
0.7400347481842049 -0.013949157358591585 0.6724239678126633 6.0066954820841705 0.03073136286141371 0.9994419838624988 -0.013088324173588493 -0.48055911093417203 -0.6718661732939235 0.030350319635517303 0.7400504734688054 14.424476458149165
