1.0 0.0 0.0 0.0 0.0 1.0 0.0 0.0 0.0 0.0 1.0 0.0
0.9999791270880943 0.0004563826360314589 -0.006444928473022573 -0.006916071772802062 -0.0004541635251093982 0.9999998370864233 0.00034577828066009383 -0.0009526502538526408 0.0064450852302594345 -0.00034284401182611086 0.9999791714502648 0.0914137263397331
0.9999090427176247 0.0009477741924559567 -0.01345392194134022 -0.015900637926765264 -0.0009440138445499635 0.9999995135648012 0.00028584615146815136 -0.0016723674477877313 0.013454186314484399 -0.0002731194631029174 0.9999094510386298 0.18536185935725313
0.9997786194423623 0.0011711107310723229 -0.02100810809139697 -0.025136050744930163 -0.001180182932228352 0.9999992156146791 -0.0004194499649431346 -0.002039081326098391 0.02100760039059027 0.000444150517483866 0.9997792173555856 0.28297612390969284
