1.0 0.0 0.0 0.0 0.0 1.0 0.0 0.0 0.0 0.0 1.0 0.0
0.9999791681770706 0.0004667712650663555 -0.006437805253367768 -0.007074884831584868 -0.0004646012291188962 0.9999998347585607 0.0003385683819661646 -0.0008679921529568017 0.006437962223567523 -0.0003355703167360454 0.9999792198015769 0.09140241544296637
0.9999091686015027 0.000955863431726304 -0.013443990172260016 -0.016150854306054882 -0.0009520328956430975 0.9999995043821606 0.0002913224994503231 -0.001828651228709124 0.013444261973702716 -0.00027849691732760085 0.9999095830421116 0.18533960739434255
0.9997788144085512 0.001178533790564035 -0.02099841227179829 -0.02538620072263105 -0.0011874750067034847 0.9999992095260346 -0.0004133405547848814 -0.0022027766489970055 0.020997908537289247 0.00043818421956300996 0.9997794235888481 0.28295385010431573
0.9995432785026305 0.0016824775019553336 -0.030172896275768066 -0.0377065449925601 -0.0017377454528035683 0.9999968600564729 -0.001805579667572744 -0.0024703820779279086 0.03016976368740902 0.0018571878338244732 0.9995430637108117 0.3866584877772362
0.9991323701462764 0.0017505009652508108 -0.04161060768908362 -0.053496861737905285 -0.0018927000845190766 0.9999925026060966 -0.0033782270476891262 -0.0030415548021860738 0.04160438212825939 0.003454052397739907 0.9991281924306608 0.5002665975944676
0.9984777657964848 0.0016077507901504273 -0.05513226231034643 -0.07281701544740175 -0.0018447508760163344 0.999989275072358 -0.004248133056430012 -0.003973565550632841 0.055124841081544265 0.004343371692184199 0.9984700230943732 0.6267646684967301
0.9974531773450264 0.0015348190526847246 -0.07130780696941331 -0.09747773517355003 -0.0018403546250557574 0.9999894054967557 -0.004219240346197056 -0.0053804744166105105 0.07130057572814982 0.00433972634165532 0.9974454344354451 0.7654392283753508
0.9959565105834534 -0.00014675649081371937 -0.08983655986826362 -0.12666797852464937 -0.0002388843602061739 0.9999908039762044 -0.004281926819387533 -0.0058597154302276015 0.08983636212967529 0.004286073442738154 0.9959473166858521 0.9171564274287074
0.9939599206854395 -0.0014793458445829248 -0.10973371226230813 -0.16034131975758525 0.000993406255228134 0.9999894583615603 -0.004482890782214871 -0.007400959625075952 0.10973918723503918 0.004346803610160981 0.9939509123107475 1.0796476207769778
0.991259642254918 -0.0018301627449796524 -0.13191274442213294 -0.20338015842861057 0.0011956878681598129 0.9999873346276416 -0.004888856188016323 -0.01012754088953629 0.1319200211005669 0.004688399367807573 0.9912492758858357 1.2484112277583472
0.9877705274186347 0.001746337166117973 -0.1559048923851166 -0.2588300354543511 -0.0027604561708241735 0.9999764173149299 -0.006288457340714223 -0.015008130696658437 0.15589023396236698 0.006641921446333033 0.9877520538245713 1.4213569731090672
0.9834355733764776 0.005863469338964899 -0.18116316608237487 -0.324251925909132 -0.007404710612086652 0.9999419108593913 -0.007832315597581865 -0.01949095616633849 0.18110671792738772 0.009044038598982814 0.9834218637428137 1.598392720920848
0.9780889939427744 0.008795366179158758 -0.2080013496633768 -0.3957939065564068 -0.010844746503573345 0.9999032204491008 -0.008714425327566312 -0.02694105596698885 0.20790457282437314 0.010779205410929204 0.9780897184458199 1.781650477269585
0.9715997044355028 0.010156759150788808 -0.236412467066347 -0.48079142534705605 -0.012599371516095343 0.9998816937437935 -0.008823511400891599 -0.033632297668761926 0.23629487971228477 0.01155156957279512 0.9716127268938798 1.9679056620783095
0.9636321169664386 0.012019138732698892 -0.2669619513243494 -0.5670680173413031 -0.014767112268392342 0.9998566083427367 -0.008288253652695764 -0.036574332574867176 0.2668240535372192 0.011929084519897791 0.9636714281312296 2.1615080412887817
0.954280294119927 0.01400760690913233 -0.2985848408795483 -0.6641792883193329 -0.016929459489835964 0.9998307526700322 -0.007201348252826156 -0.04048716068826877 0.2984334325369192 0.011926984696716391 0.9543559259418237 2.3574615236212337
0.9431019375541229 0.01587897963912819 -0.33212436433854053 -0.7678797600404824 -0.018995901762305433 0.9998007079577266 -0.006140039369989344 -0.041748593157303476 0.3319606770355432 0.01209968482433859 0.9432156203802262 2.5549751676258055
0.9308026558784903 0.018409855426890703 -0.36505820499299785 -0.883416302718539 -0.02198284301715535 0.9997424756954336 -0.005633551566092957 -0.04556429553634008 0.3648604807627591 0.013268741972233327 0.9309676525336646 2.7470188591717637
0.917191376871888 0.02081460355795292 -0.3979029158859928 -1.0106841892924439 -0.02489157036202072 0.9996772355069136 -0.005082768356585694 -0.04408072967502304 0.39766869114473 0.01456629973532709 0.9174134482310892 2.940496079323727
0.9014619158391726 0.021367611924057728 -0.4323307061177024 -1.1448815689838299 -0.025836468233409255 0.9996562115612064 -0.004464929598518668 -0.0437990675423667 0.43208667093627434 0.015194862544905072 0.9017040672811942 3.1326860825698386
0.8832693600872277 0.016861741612006903 -0.46856260969149993 -1.2805271547553394 -0.02184344655929594 0.9997478842348702 -0.005199212470269122 -0.04470891274679735 0.4683568098933868 0.014827327396052647 0.8834149925084922 3.3262325573574714
0.862326600992165 0.011999190334615805 -0.5062102850126743 -1.4266063293402658 -0.017164441981706934 0.9998373350935886 -0.005539429971280258 -0.04925953192682068 0.5060614736894676 0.013465614886211598 0.8623922901226445 3.5189099537532553
0.8376917522257552 0.013774751427901456 -0.5459695820062169 -1.5952133449752952 -0.01795589311021615 0.9998360782754843 -0.002324323840019803 -0.0542446034360199 0.5458480687476672 0.011750438366219298 0.837801774313377 3.7051994410774265
0.8091063397517225 0.019423394753929943 -0.587341180839385 -1.787376770660215 -0.022909914839515225 0.9997364063570701 0.0015012016175415966 -0.0593503098589263 0.5872155198695078 0.012241304688772157 0.8093380527838165 3.88505700464619
0.777539528614491 0.02268670848003505 -0.6284246929428353 -1.99713224628597 -0.02623855840154925 0.9996491418185791 0.0036237155497931537 -0.06616073716763489 0.6282864151762023 0.013671375926337057 0.7778619890348909 4.051285116778021
0.7423295162684213 0.022009276615039396 -0.6696734137022121 -2.2129199708768073 -0.02572680406788113 0.9996596053553687 0.004336470131388757 -0.06715815118153787 0.6695409030291907 0.014009466928839628 0.7426430596236827 4.221151494757831
0.703399236178639 0.017848523458860777 -0.7105708583622364 -2.439227417199504 -0.019888773772690955 0.9997874794124929 0.005425190119411578 -0.06643698973624976 0.7105166790590672 0.010316308465315328 0.7036047346049642 4.389534419620541
0.6637023193701924 0.014445272229755335 -0.7478573161859386 -2.70224490579829 -0.014390143554186812 0.9998750533320186 0.006542284981700804 -0.07688762047106058 0.7478583789937212 0.006419644421628916 0.6638272615179213 4.520351211625553
0.6198651659477947 0.014079352293900255 -0.7845820211319507 -2.9653154286097605 -0.011694632853295774 0.9998937350039168 0.008703692454518675 -0.07972742409110098 0.7846211898788733 0.0037802829127561066 0.6199639488342525 4.672360165972137
0.5720044873677976 0.014536235294735184 -0.8201216765179168 -3.244825650545657 -0.00887485903897842 0.9998941109718277 0.011532723914836788 -0.07745709894210433 0.8202024770190227 0.0006816944430465951 0.5720729254077184 4.822679440542112
0.5211623668516868 0.0151672332699347 -0.8533227656710458 -3.5414012440335 -0.0071358728180845495 0.9998845643166313 0.013414073224180714 -0.0747815491494539 0.8534277161521479 -0.0009017074220311297 0.5212104375653399 4.9596348447352065
0.46872555690264134 0.016638517829991182 -0.8831871330758444 -3.8568110486559792 -0.005898306084847578 0.9998592531650636 0.015706172211268993 -0.07353246717881799 0.8833241547085856 -0.002152576275455528 0.4687577243350131 5.079071977078279
0.4145524630308205 0.018734878007320776 -0.909832544890064 -4.193553513533724 -0.0044672769732630535 0.9998179100073299 0.018552365483094743 -0.06855036045593463 0.910014449792707 -0.003626454828752214 0.414560671064985 5.1867375420662345
0.3595239750055049 0.02071734309834616 -0.9329058382769324 -4.547744901667908 -0.003455291008919141 0.9997762112869066 0.02087075247425805 -0.0662395151463421 0.933129451019677 -0.004280074735734792 0.35951510204714876 5.279589476352401
0.30496750706572373 0.023867672487902253 -0.9520636290942573 -4.9223887612601285 -0.0009087225339104933 0.9996927480532624 0.024770621975887173 -0.06459369946178381 0.952362322783442 -0.006689073158979206 0.3048954942973079 5.3589650428923985
0.2520247715900088 0.02568473524715817 -0.9673798679320791 -5.31046703930282 0.0034748780580449133 0.999617249269142 0.027445950267301268 -0.06304970838402768 0.9677145445468329 -0.010278586424058926 0.25183905760155145 5.4186433164571355
0.20158858573113203 0.02606615039128952 -0.9791233823715477 -5.711780766501094 0.006308799683676565 0.9995905337631311 0.02790992400006093 -0.05828027647947017 0.9794499686811327 -0.011803415392021625 0.20134159589019385 5.465837482371696
0.15417501496846703 0.02647497303143509 -0.9876887873021832 -6.131233675417834 0.004009813704430624 0.999615942321306 0.027420599029605513 -0.03859910719779948 0.9880354174590742 -0.008188019300870535 0.1540096431604199 5.499331316445052
0.11227579056683816 0.027065656475070643 -0.9933084098567597 -6.568303973919975 0.0019789825845076075 0.9996209071413399 0.027461347997761485 -0.03881333569219125 0.9936751131433854 -0.005048984600631216 0.11217966515363159 5.498807616166722
0.07605897246837741 0.025368745733833502 -0.996780547285583 -7.016522112658338 -0.0011957644179217842 0.9996778904423994 0.025351242732656397 -0.02218923056624729 0.9971026039753932 -0.0007362747621215788 0.07606480818988007 5.459214608603196
0.04184181131368789 0.022747165259652657 -0.9988652708441912 -7.481067408798362 -0.00016511798740933046 0.9997409396832143 0.022760190187538377 -0.015545072365221565 0.9991242342982369 -0.0007873969600757744 0.041834727726941204 5.4529597229778055
0.010759138929040958 0.020082452865242646 -0.9997404343210394 -7.958099397807993 0.00016152973921043417 0.9997982559064242 0.020085352738118522 -0.010603896441383102 0.9999421057429512 -0.0003775889121822253 0.010753724422936227 5.432084623714454
-0.01568599744004196 0.018309926503276723 -0.9997093057863148 -8.452903844637454 -0.000428858875928193 0.9998321028124836 0.018318904596910497 -0.006684521594615 0.999876875202329 0.0007160844997459788 -0.015675511430689668 5.4053333012001925
-0.03414914126807144 0.015879445635945833 -0.9992905880458137 -8.955615482893474 -0.002337015379633524 0.9998697639970064 0.01596851288269076 -0.004225410663129458 0.9994140155660051 0.0028806684752581144 -0.03410758331173556 5.317695547388317
-0.05032131972568169 0.015079406766650368 -0.9986192348801577 -9.48350225404556 -0.0016295580680476208 0.999883439994645 0.015180611482303319 0.005931154814634159 0.9987317504323004 0.0023912164351388376 -0.050290881503426824 5.276594114000453
-0.06295275949377976 0.01557948025104893 -0.9978948992089426 -10.026528197514958 -0.001063114168379418 0.9998765354982233 0.015677485395746586 0.010638217007233082 0.9980159416864952 0.0020478171734882476 -0.0629284242965023 5.227472169943996
-0.07254124891339006 0.016872989626355927 -0.9972226779547056 -10.583784923366753 -0.0024089022602291187 0.9998510074293964 0.017092692366046706 0.010242751660765948 0.9973625040054317 0.0036421372144022227 -0.07248979542339169 5.180414933935052
-0.07951466063207242 0.018519905759111856 -0.996661643605913 -11.159381086078477 -0.0038321335798347585 0.9998143332521163 0.01888422028707851 0.0076658437117202004 0.9968263306598553 0.005320912919623871 -0.0794289266508687 5.137769098790856
-0.08388998257067173 0.0194549502293654 -0.9962850875807916 -11.746824671573844 -0.0038473983559541253 0.999795616968313 0.01984746373821051 0.01728381614982942 0.9964675952333732 0.005498108995090454 -0.08379798593817792 5.083111902086913
-0.0852927380600951 0.02004196556263652 -0.9961543396736262 -12.352608068943503 -0.0016410787257476554 0.9997934855116098 0.02025569522778383 0.028930377076234352 0.9963545833160133 0.0033624314016880625 -0.08524223343062398 5.033599363376878
-0.08425066789141342 0.022099152620415813 -0.9961995043229597 -12.973714954384295 0.0002662190380520865 0.9997545013374948 0.022155500058438467 0.04222733443932408 0.996444556454233 0.0016014084036428701 -0.08423586768028302 4.98126391564953
-0.08407792084303557 0.024260790441088947 -0.9961638004233472 -13.612495351955825 0.00038348359347818305 0.9997042816571676 0.024314649424957327 0.05348693070891471 0.9964591091294435 0.0016623126957985004 -0.08406236107471378 4.956843563701721
-0.08252611415732504 0.024249980765926146 -0.9962938215782254 -14.265569125178924 -0.0020587656633551197 0.9996976276035288 0.024503364010240468 0.061343314365984 0.9965867759337538 0.004073302926025702 -0.08245123551067765 4.905585693447537
-0.08104113844397488 0.02170709246241504 -0.9964743529145811 -14.92858056296815 -0.0038245351108163084 0.9997486827324967 0.022089461419925106 0.07168476180220307 0.9967034196845563 0.0056012062508347905 -0.08093775186922929 4.848418173139262
-0.07963713277842842 0.02155952533615131 -0.9965907454668197 -15.609868902575121 -0.004231700894251922 0.9997497620577022 0.021966018599374273 0.08506191295645232 0.9968149375838882 0.005966584688606947 -0.07952597108354656 4.791268989534089
-0.07774830195753196 0.024226015409839683 -0.9966786351277342 -16.307867422189872 -0.004006996241575629 0.9996890541775407 0.02461176423445872 0.09894395504004132 0.996964967049414 0.00590721042242386 -0.07762705289513915 4.7319452017515635
-0.0757670275039876 0.027738384742687125 -0.9967396548522974 -17.02278123890925 -0.00533480495244614 0.9995874114400362 0.028223159758000653 0.1110507820738987 0.9971112763374647 0.00745579656863935 -0.0755877880229186 4.675405339608327
-0.08888446592750726 0.02406263655151803 -0.99575124465851 -17.726070068174973 -0.0025905153010931806 0.9996991809114634 0.024389278698281947 0.18607063099726934 0.9960385740257528 0.004747336846824364 -0.08879539315531029 4.8630283471260825
-0.08699280277951103 0.023405258148559042 -0.9959339567238206 -18.464379720546585 -0.004255468140943931 0.9997061185585394 0.023865613495561745 0.19696159090079873 0.9961998510617561 0.006314301831353886 -0.08686763687885149 4.79090132616531
-0.0853167770567444 0.02039286513502079 -0.9961451594041077 -19.217269215218824 -0.0064941195626024755 0.9997579000927197 0.02102302578842252 0.2063618999850811 0.9963327124830114 0.008262702571127024 -0.08516368816851844 4.72496236839904
-0.08393680351918789 0.019856372075392214 -0.9962732243230195 -19.98183892666367 -0.0071995302875281645 0.9997632636448928 0.02053249691952346 0.21412898344607909 0.9964450711296728 0.008896131412859323 -0.08377397607410599 4.660492704901986
-0.08239618690436708 0.022148943777932178 -0.9963534978475979 -20.76661695347821 -0.0046682083384608705 0.9997334593896866 0.02261013064175536 0.22522877662285265 0.9965887196905894 0.0065141742569971 -0.0822708290903896 4.597167244107113
-0.08171325527810333 0.024341118480920097 -0.9963585970236589 -21.55873719280912 -0.002273936762289559 0.9996945639044251 0.024609106272699043 0.23110739339051045 0.9966532863154847 0.00427654662522243 -0.08163294693630523 4.543185412319007
-0.08069585759008115 0.02621904871706555 -0.9963938679318405 -22.358768720049866 -0.0013451804203166535 0.9996501928482066 0.026413678808129944 0.2373556283027145 0.9967378637623019 0.003471803985596543 -0.08063236025100226 4.480682018781826
-0.08000769779382225 0.02161707860214044 -0.9965598176760098 -23.158569314200353 -0.001209287174768766 0.9997619773220426 0.021783625172296896 0.24357779909441646 0.9967935121770508 0.0029479847060445885 -0.07996251289142638 4.412339480869029
-0.08369362497792335 0.013461038758418427 -0.9964006109861633 -23.9653307575858 0.0006673883612287599 0.999909289892691 0.013452381910587695 0.269786857794986 0.9964913104141094 0.00046089243579118836 -0.08369501686081769 4.444684980026572
-0.08367929327235886 0.009002626789729004 -0.99645207039191 -24.784211749676416 0.0037835577736005654 0.9999548522863432 0.00871654057354344 0.2722466002842446 0.9964855546208441 -0.0030407400219776785 -0.0837095773021601 4.369883041648271
-0.0873144422090705 0.009826081372890167 -0.99613233875152 -25.616056178823722 0.006227557133944916 0.9999371965942884 0.009317746470988554 0.2753369844091272 0.9961613351831424 -0.005389897216785298 -0.08737015104788423 4.375252457967378
-0.08747768557746763 0.017269586426586568 -0.9960167749142907 -26.458874290090105 0.005716000949082924 0.9998419612893306 0.016833887793779645 0.2753147931396786 0.9961500799875281 -0.004220643287241911 -0.08756257368923105 4.308677604924464
-0.08781337617689712 0.024342490432134278 -0.995839472065642 -27.304881520146697 0.004510875680619459 0.9997008418876804 0.024039108337372595 0.28196642524261667 0.9961267303737049 -0.002381152792954885 -0.08789691204113945 4.233985956721044
0.02011034051680449 0.03772651510169944 -0.9990857241811535 -27.545262491877928 0.005919109856177163 0.9992658082050929 0.037852459507036494 0.2198220893572492 0.9997802450252795 -0.006674924007251561 0.01987226828242677 3.422271855637581
0.019232816262604754 0.03817802329770106 -0.9990858508234862 -28.392985446602445 0.004545075353121639 0.9992570198945834 0.038272058756088315 0.23520772431382714 0.999804701463562 -0.0052769999502777784 0.01904500467002943 3.4519240380533627
0.013498355107642579 0.03345235006018823 -0.999349155543166 -29.220465978431385 0.006396392307328892 0.9994168732590143 0.03354101385803746 0.2802958950242502 0.9998884340639399 -0.006844977766578015 0.013276509501233139 3.6068588228322165
0.01396766101334788 0.030704285889588123 -0.9994309137073092 -30.060522863521722 0.005941353196711348 0.999508226577179 0.03078969513869265 0.29717623637815 0.9998847957479938 -0.006368032078448577 0.0137783670817599 3.5904636704107737
0.01390718721957923 0.03199327771616561 -0.9993913249196313 -30.905450302446233 0.004562926079078149 0.9994755475182925 0.03205947003001728 0.3139728813303445 0.9998928791871834 -0.005006005791548118 0.013753910599482298 3.594084375550473
0.011141480614943399 0.03407952881649428 -0.9993570198509405 -31.743477084121764 0.004991199586307882 0.9994047062146785 0.03413680012305077 0.3324806666030701 0.9999254748912018 -0.005368324840881017 0.010964750430643825 3.6724457969644435
0.01069170555848681 0.03258017190779515 -0.9994119370063126 -32.58741149331923 0.004481507969278957 0.9994574654972549 0.03262959926392125 0.34118585557352044 0.999932799501332 -0.004827738628107521 0.010539896639283125 3.6940599725235215
0.010345097274954529 0.02759136410021027 -0.9995657535097239 -33.4214726412579 0.0036294578999392637 0.9996116242980359 0.02763019369447734 0.3509959265558556 0.9999399011929284 -0.003913718862079756 0.010240937796135132 3.71566436105667
0.010721164924270664 0.023512560132903516 -0.9996660523088017 -34.25827493101239 0.0023574648363000146 0.9997201370402666 0.023539115440801204 0.363783228793085 0.9999397476759344 -0.002609044305173072 0.01066273443359873 3.710726442626035
0.011317448159521145 0.02419610795555853 -0.999643168199013 -35.09754996347377 0.002803553229941288 0.9997024966797317 0.024229284380628588 0.3729804473064511 0.9999320254179495 -0.003076766502913061 0.011246246104506204 3.7132734938490985
0.011938527474700462 0.026527174797471575 -0.9995768007306897 -35.93726525957844 0.00398468614092254 0.9996388430642755 0.02657641272772694 0.38224385203057243 0.9999207937822342 -0.00430028305818813 0.011828513326927624 3.7221496902923823
-0.07385801291144664 0.029936565197418087 -0.9968193396964937 -36.26457722569859 -0.0007791015545107515 0.9995473045838837 0.030076218177487984 0.38655826171216995 0.9972684628170789 0.002997993207604398 -0.0738012541030758 4.499163145507213
-0.16539111706936344 0.0382669153563959 -0.9854853736020921 -36.68906687466264 -0.0033099277434910485 0.9992197812700322 0.03935572508544554 0.34955273278687377 0.9862225016561325 0.009770972713846892 -0.1651354150972593 5.227630332384695
-0.16548431646973144 0.04138802140596683 -0.9853435810348823 -37.51390645806314 -0.0034462614500677773 0.9990886440370683 0.04254414928270679 0.3661154590596588 0.9862064004479807 0.010436141062227277 -0.16519086740847871 5.084182705675196
-0.2604883842238539 0.048921235083816995 -0.9642367522773234 -37.95758390965765 -0.004532333683750627 0.9986424570147343 0.05189124202553859 0.29184982305731866 0.9654663430880563 0.01788730850205838 -0.2599130326834861 5.788081948539014
-0.26033069801283637 0.04462054526915628 -0.9644879131497881 -38.76092035832009 -0.0043200801297005225 0.9988677310643811 0.047377133154801215 0.3213088294153911 0.965509846961605 0.016500387212971285 -0.2598431693194943 5.569505767686576
-0.35703209445578377 0.052703874497964126 -0.9326040881003148 -39.26372562019436 -0.003564605425322493 0.9983228339180387 0.05778246157803995 0.21648183896675546 0.9340853157590466 0.023954558872138834 -0.3562454238198194 6.221146007666616
-0.3568066639216807 0.049072597935835856 -0.9328884631685126 -40.03379960059787 -0.007267685511504116 0.9984432961842967 0.05530067858482608 0.2526452635770645 0.9341499801040445 0.026511590606076125 -0.3558945774174548 5.913093171028858
-0.4485848097127455 0.05469962621542462 -0.8920648067191495 -40.60282293832793 -0.008370156710561237 0.9978244407864243 0.06539362236411062 0.16995142825777154 0.8937010736099742 0.03680130787284756 -0.4471510424534721 6.511114604981543
-0.4491432247752762 0.0539184271197217 -0.8918313556134937 -41.34399810321752 -0.006133746855915258 0.9979678023466326 0.06342430629450818 0.2071557724635071 0.8934387168619754 0.033956865231751225 -0.44789975498504003 6.147227504804421
-0.45322160663733296 0.05244633912151436 -0.8898536715605699 -42.117112561836905 -0.0017666385100687226 0.9982128497858317 0.059732616808766674 0.2396203726208978 0.8913961264586295 0.028644162323226398 -0.45231897782356073 5.857928218176146
-0.4544272850286538 0.05301559326949351 -0.8892048073935336 -42.86181762384503 0.0029860010729767725 0.9983124227854323 0.05799474381245297 0.2789363564144592 0.8907788313712212 0.023699227467652184 -0.4538187085151484 5.505129667195451
-0.456019052406092 0.0562838832262929 -0.8881884644216114 -43.59429546147472 0.003422999322076364 0.9981017342504024 0.061491553582421324 0.317063951151518 0.8899634301016479 0.025001051484043017 -0.45534606675187256 5.12735245980555
-0.45835546021866225 0.062418924180421734 -0.8865743905572155 -44.33714295669754 0.006555596496198307 0.997741074689932 0.06685635370821738 0.36312905226012904 0.88874478690022 0.02483195080411561 -0.45772926274921966 4.766716407798304
-0.45989020850099355 0.06653947802232725 -0.8854792453747462 -45.06185345384361 0.008834318121928869 0.9974820024436829 0.07036767456908641 0.4037719284784884 0.8879318391341947 0.024538799185301188 -0.45932003699632973 4.387695916035357
-0.46126988408878217 0.06589813352608255 -0.8848093184582208 -45.78230979974448 0.009196809651620423 0.9975395938047844 0.06949947830032467 0.44219536997793724 0.8872122140305291 0.023920593419981317 -0.4607410253987397 4.013088191018073
