1.0 0.0 0.0 0.0 0.0 1.0 0.0 0.0 0.0 0.0 1.0 0.0
0.9999886236417307 -0.004726495301026067 -0.000642517927129263 -0.2324177075095737 0.004726620881799843 0.9999888106327085 0.00019407323575272473 -0.12113158742987155 0.0006415934515233492 -0.00019710796655734994 0.9999997747531209 0.8195554387711915
0.9999766210444666 -0.005460478486549333 -0.004115888626936293 -0.45416909127052485 0.005463753818205918 0.9999847655048254 0.0007849538034185183 -0.20042325928838328 0.004111539700094364 -0.0008074236542191931 0.9999912216156385 1.6459829994340063
0.9999448545311455 -0.008751121785611427 -0.005805666557763086 -0.6682734357990994 0.008762337779076458 0.9999597872169194 0.0019092893282294074 -0.28932608109056585 0.005788724672317843 -0.001960055250986056 0.9999813242506487 2.4746013087477756
0.9998831941312292 -0.008734562764102073 -0.012542149227732613 -0.8664109883580131 0.008782601790665886 0.999954286765233 0.0037802494125114415 -0.37798524644121057 0.012508557059762927 -0.00388996055946095 0.9999141984226088 3.3061670300343224
0.9998036482555299 -0.013300439869344493 -0.014688881312562279 -1.0985483551598134 0.013379412363370521 0.9998964917918132 0.00529122171481845 -0.4495158894559351 0.014616985316524007 -0.005486711374441787 0.9998781124409863 4.131602938487553
0.9996974461701758 -0.014345522341562406 -0.01998054327530109 -1.3002634651317169 0.014468280790645046 0.9998772491279022 0.006012946647204782 -0.5232959968686292 0.01989183178572293 -0.006300211517624854 0.9997822874821505 4.963728183837027
0.9995720905634425 -0.014662841813745055 -0.025310804739754746 -1.5129661248191837 0.014848370408761108 0.9998641374346401 0.007157692944481566 -0.5802772624656078 0.025202413829495156 -0.007530454304246368 0.9996540054414519 5.79561562642283
0.9993601327883838 -0.018715560682646865 -0.03048036714867682 -1.7132550705898968 0.019024012727418927 0.9997703943764119 0.009861311686619722 -0.6234840044609283 0.030288808707688984 -0.0104348606491808 0.9994867191465332 6.630280009302776
0.9990759572762322 -0.02248856064681129 -0.03662644171380455 -1.9013607107860577 0.022974795792665013 0.9996526961378982 0.012909138720919382 -0.6631487453999267 0.03632341326011877 -0.013738695144200848 0.9992456444262686 7.468832428332178
0.9988467046743494 -0.025217906465970923 -0.040857285209205924 -2.073359993020646 0.0259340218167781 0.9995175117297537 0.017092988561638284 -0.7062357587202882 0.04040652266156706 -0.01813286902381864 0.9990187745920318 8.310965689823563
