0.9988843004100434 -0.005701162540349078 0.04687911197992774 -0.013882141108434515 0.0059235366913334185 0.9999718477858531 -0.004606012246304764 0.010766637715038803 -0.046851532604649235 0.004878563460200469 0.9988899506508012 1.0019695407862237
0.9956282058222364 -0.007355505056478107 0.09311483403066645 0.05026208120082444 0.008267116348222536 0.9999215668915092 -0.009408233230206411 -0.008084740172638523 -0.0930383284376895 0.010136893537624512 0.9956109244232545 1.9997290129320258
0.9903036859992075 -0.005730309660716025 0.13880119973391952 0.18572114114417734 0.007452899654961261 0.9999014897560579 -0.011893908960020627 -0.04387346319763227 -0.13871937061245698 0.012813053297652574 0.990248838364416 2.9898621197849646
0.9821713870920566 -0.003763139928506696 0.1879500070644958 0.3038789468061524 0.00635455527163743 0.9998928535612073 -0.013187153768938571 -0.0731499804446092 -0.18788024378567658 0.014146383817230627 0.9820900640063162 3.9824304031751923
0.9723986246850992 -0.00554668327933957 0.233259831550841 0.5402204256471043 0.008997813457029297 0.9998652030227242 -0.013733722631496116 -0.09786181040517336 -0.23315221222094493 0.015453481449985988 0.9723174563112369 4.953787234565641
0.9604491017453418 -0.0068562773036074985 0.2783711810121557 0.8186722903852802 0.011419232858058258 0.9998256575654226 -0.014773476056895125 -0.13264592428363664 -0.27822135805415754 0.017367957145451727 0.960359948137725 5.913822654520015
0.9468229295395084 -0.008792154156577815 0.32163494543272253 1.1499361503443801 0.015091942840460379 0.999739900524658 -0.017098671300638565 -0.15712239833913644 -0.3214009541982159 0.021043510264068963 0.9467093520802686 6.857044435165465
0.9314605324488913 -0.010586964629982982 0.3636883180278848 1.5341329567063442 0.018480199492053276 0.9996630107905023 -0.01823038902497819 -0.1941480869264981 -0.3633727545052907 0.02370192053804123 0.93134228951876 7.779552424709588
0.9139826384749014 -0.010835087576086892 0.40560860129400167 1.9512925001195318 0.01967313136936595 0.9996510705176799 -0.01762682940805304 -0.23058094163399753 -0.4052760842544024 0.024090207348120972 0.9138768830872913 8.687653010659385
0.8940589153279972 -0.011049618038000157 0.4478130880889252 2.4022391568845305 0.0207413676899353 0.9996446490370373 -0.016744292101180724 -0.2571192776257596 -0.4474689392448106 0.02425863955033457 0.8939703948220492 9.579807873854019
0.871877666905618 -0.01095508310743673 0.4896011847466524 2.8896100799674485 0.021219379915972232 0.999655929773417 -0.015419467721914448 -0.2942648495629988 -0.4892638060057152 0.02383292308875858 0.8718101398296804 10.452212028647855
0.847760261934866 -0.010689251103354057 0.5302718908210929 3.420435896643635 0.02189048949395185 0.9996501413174592 -0.014845923133959596 -0.3252546668473868 -0.5299276787957419 0.02419369493966759 0.8476976585854907 11.299127230241599
0.8221857016168745 -0.01193145894382985 0.5690942912595766 3.999076259547849 0.024565407292820605 0.9995925812627053 -0.014533143125286871 -0.359470367195457 -0.5686890299815058 0.025928975529973013 0.8221438289050523 12.113993160374239
0.7950466964619456 -0.012554498114015602 0.6064182838784238 4.6115398841046975 0.026965350995899497 0.9995288652218168 -0.014660062552925249 -0.38829304239912377 -0.6059485294070903 0.028007716177741407 0.7950106587611839 12.903967396159633
0.7658954992936002 -0.013674800028223785 0.6428196356723987 5.251124006914844 0.02964981388799741 0.9994613878432584 -0.014064947452274481 -0.42220769089423826 -0.6422810698582161 0.02983176251273493 0.7658884339426788 13.671939473928314
0.735370844063371 -0.014952098315049012 0.6774999309649432 5.938372307101543 0.03232838139348899 0.9993923144517692 -0.013033709035170742 -0.44543211693934687 -0.676893342749065 0.03148708577676703 0.7354073469658047 14.397990066951408
0.7028177284718813 -0.01371007033739393 0.7112378466567771 6.641495329610627 0.0332430775642902 0.9993549565044308 -0.013585606504026324 -0.4653204871872131 -0.7105928076892422 0.03319194000614256 0.7028201453991969 15.108778623508398
0.6692083405793435 -0.014990753341863913 0.7429235991764465 7.400753379085161 0.03710497672758064 0.9992233828159919 -0.013260917608221184 -0.5056104640456531 -0.7421478407979691 0.03644047952496957 0.6692448534362461 15.75832087356587
0.6337443389916705 -0.014278383397120663 0.7734107838423097 8.16052188381733 0.038835236881508334 0.9991560950761619 -0.013376174659207162 -0.5363161445532415 -0.7725671085235044 0.0385126659648655 0.6337640234250522 16.40779348887976
0.5969375706775912 -0.013142638582853736 0.8021800345088481 8.95430022877215 0.040542619975259035 0.9990824941979535 -0.013800933038696842 -0.5708758307804712 -0.8012626489978664 0.04076077573203619 0.596922713994571 17.015018361988602
0.5589694272198499 -0.011668251537453014 0.8291061640945458 9.779657793895256 0.04431181033147943 0.9988925365099495 -0.015816572633373546 -0.5960683775839155 -0.8280034075404884 0.04558017563347592 0.5588674303361763 17.579066693965732
0.5213398618360731 -0.010581867335659948 0.8532835241257358 10.644236523146638 0.04784987826229641 0.998712404781869 -0.016849975818987242 -0.6196033096553853 -0.8520065361316355 0.04961407681805168 0.5211749281867502 18.081020682951316
0.4829534512590836 -0.011087652499828259 0.8755758264587845 11.52122087756476 0.05133261587402457 0.9985586803072671 -0.015669222397414737 -0.6414760701193288 -0.8741401068847429 0.052513102603567945 0.4828265191458282 18.561046717752696
0.44613620262393483 -0.01222242675376141 0.8948816128363265 12.424689268204663 0.05573374842660979 0.9983453935101806 -0.014150072202040075 -0.6655194996560708 -0.8932279876910567 0.05618796616049127 0.44607922442558584 18.989038083209945
0.41055916593165204 -0.011694046472832348 0.9117589706422405 13.341269119801547 0.0585821894779419 0.9981902641605457 -0.013576583188397006 -0.6971900356234404 -0.909950162561377 0.05898682744640693 0.41050122514108356 19.38764555983297
0.3767510158873533 -0.010691379844249725 0.9262528631129158 14.274610163059503 0.06007612335910408 0.9981102453765448 -0.012915009737357395 -0.7039761658756704 -0.9243643932075644 0.060511424304839294 0.37668134556759014 19.746581501558918
0.34394319258410405 -0.011770837974674563 0.9389166776921307 15.218526895455907 0.06166789251077969 0.9980458429633334 -0.01007801453109851 -0.7197768810575038 -0.936963260383422 0.06136727724923168 0.3439969563450855 20.076388922451073
0.31112242844357973 -0.012444332814748094 0.9502883631299321 16.16755787552929 0.06295074970423574 0.9979881446807707 -0.007540967332423786 -0.7416610354096005 -0.9482826781245367 0.06216752896351761 0.3112798752112406 20.390817249143122
0.2791577772505799 -0.010199579347374144 0.9601910768079719 17.13034181164854 0.061490261568946415 0.9980811694422835 -0.007275090164886318 -0.7506045138338051 -0.9582744299691491 0.06107329846881772 0.2792492955791298 20.660947583114496
0.24762002423082974 -0.007821551151617374 0.9688256535298321 18.098096382352683 0.06022141210599531 0.998158104361659 -0.00733349992163106 -0.7660185765309766 -0.9669838184395242 0.06015997036837131 0.247634958843442 20.91237785008047
0.21689382669799342 -0.006860646864674064 0.9761710912872289 19.073406437949398 0.06133218127184749 0.9980955052398743 -0.006612560804894251 -0.777707627801633 -0.9742666121143316 0.061304925940412175 0.21690153197868905 21.132908855347114
0.18635759231180005 -0.006812277232985745 0.982458365869338 20.054361840406884 0.06335210761745955 0.9979782214636016 -0.005097052557483835 -0.7909020888879895 -0.9804373300972246 0.06319068256672714 0.1864123906519525 21.32669394351638
0.15634865546518695 -0.006935601956320005 0.9876775766208991 21.04233933935536 0.06376425859258934 0.9979602175204909 -0.0030860286118362325 -0.7997638034165038 -0.9856415257386252 0.06346102482594466 0.15647198173371157 21.481044725138705
0.1263089267259866 -0.007309364931153208 0.9919640256650606 22.033871690834793 0.0634409975064477 0.9979853281276277 -0.0007243461735037618 -0.810201318459553 -0.9899602491336283 0.06302267866645625 0.12651816908645253 21.61049063132256
0.09775892847522537 -0.007416345912305797 0.9951824906602231 23.028817285068918 0.06516038255631806 0.9978742667088917 0.0010355603829771305 -0.8191788670595844 -0.9930746781831109 0.06474523653135832 0.09803437100327769 21.710541432526377
0.07183113081242658 -0.006963569627406874 0.9973924991417634 24.02719168922592 0.06863106974757556 0.9976400580902259 0.002022562492200914 -0.8208039646196558 -0.9950527950372838 0.06830683122335346 0.07213953074918592 21.767569284835723
0.04817310910784915 -0.00615690806553346 0.9988200258514823 25.026865514834817 0.07280593997137684 0.9973426415539136 0.0026363693115767028 -0.8148769821505699 -0.9961820349031429 0.0725930287378569 0.04849335536851508 21.79243281215336
0.02703070160624909 -0.00633298367154285 0.9996145429556785 26.02679644968894 0.07767551470459953 0.9969697796275305 0.004215794683068985 -0.8201051869337788 -0.9966121891618869 0.07753161824217408 0.027440710389862025 21.803189362284133
0.008008592338058146 -0.0065035549447002745 0.9999467816948281 27.0267061200575 0.08228623135363697 0.9965917279761167 0.005822702052714815 -0.8098412024585715 -0.9965765593161308 0.08223522057281915 0.00851644990364179 21.794315524455165
-0.00847962201115531 -0.00711325374556831 0.9999387469398809 28.026432318307236 0.08583026667526417 0.996279122512689 0.007815073115511165 -0.8151683703381144 -0.9962736879658118 0.0858912781747885 -0.007837537910602686 21.771472262175465
-0.02309581280119341 -0.007394687354234247 0.9997059077698729 29.025671111015384 0.08829299287470029 0.9960501229357015 0.009407444339632915 -0.8094310359794272 -0.9958267574434215 0.08848429916492692 -0.022351688102051126 21.732882840020377
-0.03723063920467491 -0.00798021173782504 0.9992748349303263 30.025026331777084 0.08914867454391134 0.9959545092275236 0.01127516635919506 -0.7971805298801782 -0.995322256021372 0.08950380868981625 -0.03636859769831263 21.699107195017376
-0.05020875409203379 -0.008265840199647465 0.9987045393399989 31.02338089104139 0.08894222675302792 0.9959556316783548 0.012714559700734452 -0.7921360792547701 -0.9947705068571029 0.08946538779865913 -0.04927050916417384 21.64198367362985
-0.061767431042099426 -0.006725503801869833 0.9980679095437697 32.02102439061882 0.08886682998521951 0.9959686624335177 0.012211059690670656 -0.7857561833073357 -0.9941264864144986 0.08944937701852408 -0.06092075147402905 21.573671924934636
-0.0731088250679783 -0.0035389537907058112 0.9973176903591187 33.018914218123726 0.08889937054085602 0.9959898986915025 0.010051050787431928 -0.7812121402917777 -0.9933539155883052 0.0893957354159537 -0.072501040508544 21.508900841592837
-0.08344704537086196 -0.0005734533049277855 0.9965120479804448 34.01585994584277 0.08962355702982212 0.9959429511469687 0.008078123915244753 -0.7769623317068842 -0.9924737823460094 0.08998504993594708 -0.08305710170617354 21.43091825667258
-0.09217005056078385 0.00111639289932562 0.9957426552310173 35.01284499239313 0.09017976024724264 0.9958992548245145 0.007230842394059639 -0.7778335899919178 -0.9916512958804475 0.09046230102574344 -0.09189276071462578 21.353318604988413
-0.09911674247070665 0.0017748000419253508 0.9950742291139927 36.008964721093136 0.0898393326502268 0.9959304453302671 0.007172333875293429 -0.7779255125829907 -0.9910119906797072 0.09010770305067134 -0.09887282831989083 21.265299105553535
-0.10410627589711664 0.0031999200924929896 0.9945610307217125 37.00290256829631 0.09045745037312211 0.9958806180615755 0.0062645224310802095 -0.769635008176911 -0.9904440080038983 0.09061763118012414 -0.10396687899747445 21.155673594278536
-0.10869288362133371 0.004682301832967788 0.9940643505828103 37.997546315255754 0.0905433440334432 0.9958788910844076 0.005209332369216265 -0.7685974435240612 -0.9899433114584487 0.09057212784315272 -0.1086688996753116 21.052314273811692
-0.1133348445992213 0.005885473314244659 0.9935394175389005 38.99171648581174 0.08988693466012128 0.9959424596344141 0.004353857457632572 -0.7628262686066248 -0.9894824667355535 0.089799656464942 -0.11340401104767432 20.944646156478722
-0.1170373100311945 0.005817709792616773 0.9931104784027963 39.98581383453557 0.09005638441991033 0.9959252029928896 0.004778877356232037 -0.7621441073695286 -0.9890359526760761 0.08999524596522561 -0.11708432866008686 20.83615368793549
-0.12019710961894171 0.004263793705262626 0.9927408901130703 40.97910611558114 0.08972355153228083 0.9959449338902068 0.0065858149736054365 -0.7553666802303172 -0.988687179617337 0.08986383433657487 -0.12009226510746834 20.720722315091976
-0.12230209493599543 0.002971545228147721 0.9924884722218309 41.97125531880195 0.09004280306317682 0.9959048431907679 0.008113995667914516 -0.7477210152551416 -0.9883999651916178 0.09035880271523099 -0.12206881494090671 20.595895736801594
-0.12424844847712051 0.0031728273572955374 0.9922460663653897 42.96302987261423 0.09143941409797342 0.9957763347811635 0.008265871957177115 -0.7380399945914998 -0.9880289249816759 0.09175742071545977 -0.12401378610137875 20.46826752306722
-0.12572614747536626 0.0033387872648041796 0.9920593673468353 43.955615319530196 0.09248582316565003 0.9956788216033281 0.008369989485112831 -0.7345922896609005 -0.9877445562261395 0.0928037537506385 -0.1254916528515597 20.346766746992603
-0.12701650832691896 0.003831066869807654 0.9918932047045573 44.94817882019198 0.09296065002334081 0.9956371718203548 0.008058513312263609 -0.7280511639120745 -0.9875348723765022 0.0932306012862999 -0.1268184955916107 20.225214701167225
-0.127144404357452 0.004893846952129508 0.9918721443324225 45.94037711567879 0.09391333320644368 0.9955548706621405 0.007126383861748606 -0.7200761716424093 -0.9874282689323022 0.09405609902020508 -0.127038828514975 20.100799762013004
-0.12723849471405646 0.005855234999816215 0.9918548692656592 46.9327454137402 0.09330452838210557 0.9956189798070484 0.006091964491508782 -0.7132441222110516 -0.9874738631712197 0.09331968319207827 -0.1272273802396179 19.97768019044921
-0.12595858033412655 0.006488914047127657 0.9920142791485919 47.92430355598717 0.09360905629693032 0.9955945312439123 0.005373447349086069 -0.7111617603727662 -0.9876091233982238 0.09353835230377024 -0.12601109486424716 19.848033738028942
-0.12479726033269364 0.005586587292125238 0.9921665353436797 48.91752323057354 0.09327033301318734 0.9956219766080492 0.006125738705729776 -0.7140960181325551 -0.9877885850692251 0.09330417856403422 -0.12477195786484979 19.731817896986552
-0.12419448148148561 0.005204522158876403 0.9922442459992613 49.91150538280425 0.09299209249899718 0.9956461684270604 0.006417010921942878 -0.7141739720076987 -0.9878907841974239 0.09306782604967266 -0.12413773903283826 19.622275692332988
-0.1229040758849405 0.006078118216569067 0.9923999418630647 50.903637969383325 0.09386798399128485 0.9955693082065582 0.005527579807457099 -0.7123811372990961 -0.9879693263013174 0.09383394394386985 -0.12293006650798688 19.49709700391728
-0.12226211982195727 0.006612834572275643 0.9924758155620524 51.89806500000121 0.09393677363628122 0.9955659160666749 0.004938554963665643 -0.7076395879101738 -0.9880424366470529 0.09383377422465101 -0.1223411876651108 19.39177633750814
-0.12130936270211214 0.007288901574190867 0.9925879862433603 52.89125920210361 0.09428678642480008 0.9955361644935079 0.0042127296661202285 -0.7004911882184707 -0.9881265305751534 0.09409897501778339 -0.12145510476760998 19.275525990323374
-0.12071097134813186 0.006439503900962622 0.9926668092495589 53.884151463861684 0.09378542756170755 0.9955801469940776 0.004946158946017376 -0.6897111213501702 -0.9882475170589888 0.09369473678260183 -0.1207813782252084 19.156998486369233
-0.11990086115566004 0.00472570562207707 0.992774622560682 54.87747181945743 0.09565607913940354 0.9953911172571585 0.006814558622732278 -0.6876331627214791 -0.9881668371372344 0.09578199931051735 -0.11980029461680315 19.04162807846759
-0.11941594219025757 0.004287558037368133 0.9928350565914207 55.87069402716363 0.09696129314780684 0.9952609082333206 0.007364249703227259 -0.6837723429879773 -0.988098345501052 0.09714597978641529 -0.11926574625356329 18.925460180072676
-0.11876777057400956 0.005653579712820642 0.9929059641825657 56.86415729362949 0.09834888634874776 0.9951333139452204 0.006097870969875092 -0.6814201365224748 -0.9880393277733628 0.09837542636672494 -0.11874578838983987 18.81133231792211
-0.11805735495850025 0.006338534509950429 0.9929865477036782 57.85863221370735 0.09921018334311817 0.9950516106325157 0.005443500588966119 -0.6836604970255241 -0.9880383598126267 0.09915702273618017 -0.11810200836932949 18.706380951888324
-0.11815670768382996 0.005825313058817829 0.9929778739514215 58.85342883524039 0.09917460788020577 0.9950521762426437 0.005963531385572679 -0.6896462382900986 -0.988030054998897 0.099182822517541 -0.11814981225684897 18.60467620527436
-0.11808391552507334 0.005469172977416625 0.9929885583636957 59.846883097632215 0.09919013065456882 0.9950484608633922 0.0063149437150556535 -0.6825010550369233 -0.9880371991352322 0.09924035812278106 -0.11804170637814979 18.490669346052986
-0.1181021466510024 0.004572856910379954 0.9929909223835345 60.84119492066471 0.0992857511460259 0.995032722688654 0.007226368256194691 -0.6847061848548137 -0.9880254159563874 0.09944329921358151 -0.11796952007075232 18.38418380299063
-0.11776580008840057 0.004534948373713915 0.9930310420992824 61.83428094632152 0.10031041688956967 0.9949290236657586 0.007352423474026072 -0.6800200036827139 -0.9879620623247521 0.10047722185027018 -0.11762351506510953 18.266888446389054
-0.11801594266716593 0.00530601548606897 0.9929975244057974 62.828604571862726 0.10088656892349207 0.9948755480697783 0.006674133929143549 -0.6718039680468738 -0.987873543267165 0.10096776739395719 -0.11794648133901296 18.160808288081107
-0.1185352975128587 0.006013469167629663 0.9929316297873225 63.821769278610056 0.1004116427189398 0.994928119320556 0.00596149240927123 -0.6708694486660912 -0.9878597497873977 0.10040854333089277 -0.1185379229451328 18.044071062501168
-0.12005281564719893 0.0066089416014919605 0.9927455078448294 64.81698433783382 0.0999125103978479 0.9949812530403884 0.005458604599967048 -0.6750952414360818 -0.9877270937466368 0.09984301672669402 -0.12011061689015488 17.946401090326443
-0.12086033877699126 0.007124348634046807 0.9926439553874551 65.80940503659993 0.09948405340252207 0.9950267378383579 0.00497132832955409 -0.679630918973585 -0.9876718592879483 0.09935308069353778 -0.12096802770727641 17.823598064292725
-0.1219456474058168 0.007135300596186351 0.9925111317079415 66.80203990383013 0.09826584194296259 0.995148041890067 0.004919250919250105 -0.675605657054122 -0.9876604089392338 0.09812982323314301 -0.1220551285535158 17.702519621544255
-0.1229466540876684 0.00644086131309879 0.9923923798348077 67.79379031144532 0.09726940627216284 0.995242382712217 0.005591266115135437 -0.6747624397175853 -0.9876349441226275 0.09721684503652003 -0.12298821971651264 17.574338523391454
-0.12339860440639194 0.005934655679146769 0.9923394400569421 68.78578692939216 0.09556991387857645 0.9954050491638355 0.00593124442120936 -0.668693517125994 -0.987744489223703 0.0955697021085271 -0.12339876841804863 17.448220043253677
-0.12510174290243029 0.005793741399127758 0.992127001186529 69.77923709850961 0.09380686626632996 0.9955722453004022 0.006014667805207312 -0.6661986898464829 -0.9876992587645608 0.09382077034493021 -0.1250913157969762 17.333981679587414
-0.12738762885371985 0.007093307144207568 0.9918276448097147 70.77200351799007 0.09318069186030174 0.9956374150055302 0.004847319418139635 -0.6607667642809908 -0.987466328883907 0.09303667467651618 -0.12749284876287675 17.214043140363444
-0.13080016704755898 0.0076306913726390015 0.9913793869399884 71.76403584711392 0.09315530918475087 0.995640837587312 0.004627191278675936 -0.6686703801132226 -0.9870224945111545 0.09295749070199516 -0.1309408272899039 17.088309310419373
-0.1357747760271597 0.007397458856315236 0.9907121114618741 72.75612048961952 0.09174948635023013 0.9957688607914805 0.005138835715041602 -0.6679443093081907 -0.9864822562769396 0.09159505161582897 -0.13587900709914746 16.962725114157298
-0.1404359823592542 0.0065119637986087164 0.9900683457147177 73.74551200619722 0.08990894745030907 0.9959306748264353 0.006202588825566276 -0.6691853598417505 -0.9859990446380599 0.08988706952196787 -0.14044998649193316 16.817457672108713
-0.14498721058533023 0.006653909467544197 0.9894111553118268 74.73489175944837 0.08835506820714964 0.9960694427815229 0.006248766199555581 -0.6676178845022064 -0.9854806394286968 0.08832548129336458 -0.14500523668302662 16.672113011739857
-0.149361626520857 0.008037882030063764 0.9887499668649884 75.72424196771877 0.08801426941894112 0.9961056523916932 0.005197850706735452 -0.669211995993605 -0.9848576510855223 0.08780046540759472 -0.14948740874239472 16.526566552549333
-0.15368861251856947 0.009449310981999014 0.9880741474727913 76.71266029470655 0.08834972548937678 0.9960805933035272 0.004216355066323013 -0.6771946006188659 -0.984161641392341 0.08794408545239983 -0.15392108837281626 16.374974984314736
-0.15767711883614197 0.010502525161983137 0.9874348703386749 77.69824846365097 0.0872382140339174 0.9961818971092752 0.0033349488658903073 -0.6769427955602736 -0.983629717021453 0.08666789969179813 -0.15799131291089055 16.205866357084066
-0.1626147557259315 0.010771091889624631 0.9866308452504926 78.68630036313154 0.085742446717913 0.9963120178502604 0.0032551371658760676 -0.6794443602076101 -0.9829571069232976 0.08512547601422306 -0.16293857518197022 16.05170154466335
-0.16750585722338138 0.010296099637344094 0.9858173147840926 79.67014833641218 0.08414384182009321 0.996446024536737 0.003890253036504573 -0.6852489611078694 -0.9822736898032101 0.08360209636839717 -0.1677768988961056 15.872798427454795
-0.17246013386619574 0.009466576659985656 0.9849710077729168 80.65490602044927 0.08330611450354992 0.9965114169605966 0.0050087077680603005 -0.694093678593311 -0.9814874393048405 0.08291790996838376 -0.17264711608741065 15.699114684292983
-0.17770464623512824 0.009286175882228062 0.9840400528657018 81.6406844636194 0.08317792198924316 0.9965188827810573 0.005616898997260166 -0.6945021755043177 -0.9805623345815386 0.08284855580080047 -0.1778584403443437 15.531062253930465
-0.1827313016051884 0.010057281690270608 0.983111449683441 82.62405769076219 0.0835144391536916 0.9964923198366574 0.005328692091094742 -0.6925311162232832 -0.979609416995629 0.08307772018754414 -0.18293026688310007 15.349498547839465
-0.18861229774246643 0.011534039206846028 0.9819838934931077 83.60845295828483 0.08360933990466606 0.9964890943818191 0.00435465943656594 -0.6921596507426333 -0.9784860139118041 0.0829243674541891 -0.18891445117118366 15.173524745148534
-0.1938401501840087 0.011880711675789545 0.9809611841794346 84.58893013516861 0.08358711390342688 0.9964905457717822 0.004448210511176762 -0.6968310762861211 -0.9774656978973404 0.08285795603038336 -0.19415295144944536 14.977043906142786
-0.20129708973234134 0.011813856354724945 0.9794589907001316 85.57456711909654 0.08327386624394778 0.9965136760363871 0.005094769203034336 -0.7013046594960254 -0.975984090477951 0.08258889919642348 -0.20157908835851077 14.808222304705403
-0.20760955450307814 0.012294140066987673 0.9781345137551622 86.55739354754981 0.08227545998019058 0.9965973994542064 0.0049368093097941846 -0.701832912800733 -0.9747456188996594 0.0815013958231789 -0.2079146481486866 14.623580510338977
-0.21231789412886773 0.012984044887978684 0.9771143875775399 87.53334200725138 0.08142657840285514 0.9966694114179955 0.004449345267615131 -0.7034291623533981 -0.9738022510562835 0.0805077569061125 -0.2126679969239844 14.405635340919705
-0.21835286741281024 0.01022805986244805 0.9758162798826707 88.52267109052576 0.08198089819458122 0.9966026021154107 0.007898467446437029 -0.7476287485388048 -0.9724202577197844 0.08172294811277235 -0.2184495413772797 14.211120836275082
-0.22332327553868372 0.009801465172870822 0.9746951553604538 89.50799635533234 0.0834576988278411 0.9964697563376338 0.009101494974920002 -0.7454423346056713 -0.9711650359794843 0.08337839039512643 -0.22335289768902378 14.039848159040389
-0.22600086558943916 0.009983995107966163 0.9740759357434663 90.48420990817895 0.08470514195181113 0.9963613379660639 0.00944050493347539 -0.7400839594159848 -0.9704373486628316 0.08464280269556025 -0.22602422054304894 13.823021613350138
-0.2293906749295159 0.01084133305508733 0.9732740537756932 91.45783662694815 0.0852810335326043 0.9963162709833001 0.009001860560044653 -0.7339751733683991 -0.9695911837341501 0.08506676008594856 -0.22947022193192698 13.594956578073097
-0.23245394806164663 0.011183016959253366 0.9725431106959955 92.43255002797405 0.08492183398153404 0.9963483924702916 0.008840980436507238 -0.7301210883536092 -0.9688928961158526 0.08464526539361181 -0.23255479978422094 13.371530820987283
-0.23629915380057823 0.01126787516115371 0.9716150188744945 93.40623242221942 0.08385502505273003 0.996438771178069 0.008837989960741564 -0.7301328977027728 -0.9680552900979029 0.08356321129835063 -0.23640250639739555 13.143619313810216
-0.24070101935242982 0.01095454459492248 0.9705374888356555 94.37783714001425 0.08262593209205982 0.9965377594912753 0.009243876569255679 -0.7430231140863216 -0.9670759921684634 0.08241657515832092 -0.24077278399053628 12.906598191205648
-0.24489072144784646 0.010589517638010275 0.9694928553965463 95.3484016776431 0.08197454893044875 0.9965860325324042 0.00982105335345493 -0.7532920963760282 -0.9660790381104442 0.08187882435352993 -0.2449227434234746 12.665609909852918
-0.24921925206989157 0.010660175367137061 0.9683884164212553 96.31931090943831 0.08181964667146767 0.9965961160460413 0.010085975436305461 -0.753782209125723 -0.9649846163624983 0.08174681732696047 -0.2492431504387485 12.425889365220378
-0.2629702266427687 0.012547601464191517 0.9647223525952674 97.34920037981486 0.0801983375668836 0.9967392191017507 0.008896952059033863 -0.727083299025943 -0.9614649689671263 0.07970876239114727 -0.2631190351288038 12.362499303383359
-0.268792989258618 0.012710854528048009 0.9631140966171059 98.31807999369964 0.07935051149767304 0.9968062361220883 0.008990214300749963 -0.7291326516968818 -0.9599238642988683 0.07884010277316074 -0.2689431407272612 12.11493350398222
-0.273105183391318 0.012078336477901425 0.9619083493726011 99.27788328699684 0.07866335955254038 0.9968528991447935 0.00981699192869112 -0.7297912780836224 -0.9587625538519432 0.07834801372432376 -0.2731958163602638 11.834260804425618
-0.27741794709103673 0.011304967710465689 0.9606828198405866 100.23596638142872 0.07767815088450265 0.9969210692401242 0.010699840199359186 -0.7209855878987806 -0.9576039826081328 0.07759239273403486 -0.27744194542795475 11.547905698317946
-0.28144714765705897 0.011484633283874477 0.9595080021938542 101.19538962963432 0.07768962620766569 0.9969184883309274 0.010855855732812333 -0.7114227838473784 -0.9564265915664498 0.07759916766508108 -0.2814721018542831 11.26609789816892
-0.2840842422757564 0.012636707304588 0.9587160460319356 102.14790421278391 0.07844418573048435 0.9968672944178889 0.01010480306781607 -0.7045179837827714 -0.9555849794841317 0.07807631490059093 -0.2841855661990124 10.961686833394943
-0.2879383346707846 0.014000928915058828 0.9575465990835806 103.10700025578386 0.07821070321667045 0.9968967482072263 0.00894199732789095 -0.7000007353415261 -0.954449894614362 0.07746513669628151 -0.2881398120136428 10.678641826150997
-0.2898375694885754 0.015628063137883643 0.956948246748754 104.05966348650308 0.07906174207905159 0.9968402413242555 0.0076664343749537405 -0.694825502610726 -0.9538047097033954 0.07788001617333083 -0.29015733461083 10.374692764897455
-0.29418248311782064 0.016390928547252694 0.9556087086710715 105.02134512080796 0.07912240359205663 0.996838474258464 0.007259579042436978 -0.6970698598646805 -0.9524685358984025 0.07774569891265076 -0.29454930728849926 10.100493293662877
-0.29748012231888576 0.016551262545310964 0.9545845339902055 105.9737843310637 0.07882138591817518 0.9968621793223955 0.00727904928836651 -0.6969181751235164 -0.9514687414450759 0.07740704841783184 -0.2978512764924145 9.795764672581223
-0.3011723832526727 0.01658188754933265 0.9534255275432933 106.92633615163842 0.07813004669898897 0.9969161417857194 0.007341801542495352 -0.6888357125859474 -0.9503635574708854 0.07670232885888716 -0.30153915397325143 9.49149548807761
-0.30458621630886634 0.017087019315190608 0.952331491974077 107.87544590900274 0.07953609077957746 0.996803370112335 0.007553250703788874 -0.6937115804174994 -0.9491581781231984 0.07804534005059993 -0.3049716016258482 9.176588407240176
-0.3073812936658449 0.01747960077950669 0.9514258793310708 108.82423984499287 0.08161258703919645 0.9966315635155071 0.00805681335303534 -0.6941957219377141 -0.9480802318058736 0.08012484109953125 -0.30777245474163817 8.86069305887723
-0.3100173714660968 0.017187856418546806 0.9505755135605946 109.77366682375329 0.08280478376111128 0.9965252642347523 0.008986964344703127 -0.6942075338746276 -0.94711804817326 0.0814983149125967 -0.31036337975167033 8.546706225034452
-0.3124925817071203 0.017041202500076885 0.949767331400365 110.72652043311678 0.08367872057896818 0.9964460278906331 0.009653249362105237 -0.6948206558196476 -0.9462273818170153 0.08249188395431024 -0.3128079778096827 8.24327637931998
-0.31513256945111606 0.017415568637734382 0.9488878551442012 111.67924784158559 0.08330982034667418 0.9964795597148769 0.009378747477690182 -0.6914970778263364 -0.9453840158924522 0.08200722553208203 -0.31547405195291084 7.939468134565776
-0.3183120334748805 0.018539533672837366 0.9478046924531872 112.63085896686934 0.08244137426989155 0.9965622302080086 0.008193969204976436 -0.6924721449400807 -0.9443944457447726 0.08074656038515922 -0.3187461746160848 7.632164836332109
-0.32118414429638636 0.02048071213576139 0.9467952713670525 113.58040264031628 0.08176385551092975 0.9966325810128311 0.006178219459588845 -0.6907097390056669 -0.9434804806590243 0.07939797789689046 -0.3217771646983344 7.318534858196459
-0.3240238840294133 0.021766268893145497 0.9457984733107604 114.52728590154427 0.08100918941977171 0.996701722071507 0.0048154386346771225 -0.6936875123612043 -0.9425741529492747 0.0781786848070756 -0.324718431004141 6.996972562109722
-0.32873597816276545 0.022272491194400713 0.9441591988628641 115.47903639988179 0.07911072212329329 0.9968576932751567 0.004029020137073834 -0.6966578230834067 -0.9411026247474282 0.07601759989718965 -0.3294649817497604 6.690099474222223
-0.3325857293396101 0.022544799380074636 0.9428035132839463 116.4238222332059 0.07815124551928163 0.9969345378461569 0.003729621060460697 -0.6986104367819745 -0.9398293012368908 0.07492168758364862 -0.33332810452494643 6.362424255593003
-0.33663401556346123 0.022545426130033387 0.9413656268030159 117.37205199628477 0.07813718333653295 0.9969343260916077 0.004065715251363583 -0.6977453285410415 -0.9383880434798018 0.07492431661942159 -0.3373636415401937 6.044839041811464
-0.3398368421374671 0.021651594312888985 0.9402351456894945 118.31281860120478 0.07796843852396244 0.9969421444540667 0.005223332792596384 -0.7044105783261626 -0.9372469489521785 0.07508374707642916 -0.3404858111651549 5.705849801453352
-0.34375830549201025 0.021136220840365948 0.9388202637213631 119.2537588373911 0.07727530949863708 0.9969926344180917 0.005849227125302954 -0.7020394598683539 -0.935873257416382 0.07455834684769233 -0.3443578066026493 5.367285628637673
-0.3475702817352023 0.02127235495714745 0.9374126018830181 120.1957062682114 0.07679258734264076 0.9970299412245898 0.005847634642645307 -0.7023103047321066 -0.9345040383988359 0.07401880312642241 -0.34817153674589335 5.031524345935737
-0.350923598892758 0.02150027962359009 0.9361572334369173 121.13241624108608 0.07581850813123966 0.997106350092343 0.005520908464998807 -0.7063366666214703 -0.9333296210690551 0.07291546188315047 -0.35153826797869253 4.681441211100222
-0.3541944965536636 0.02198891830882985 0.93491322917301 122.06890982279663 0.07540878635411369 0.9971395778725856 0.005116364009853459 -0.7110984580175704 -0.932126479374819 0.0723128599329972 -0.35483950842122186 4.330788939112136
-0.357408750484974 0.02261656310719613 0.9336741809378626 123.0089037894072 0.07610754122390695 0.9970871726345152 0.004981198305584761 -0.7185777573339595 -0.9308418916473511 0.07283997007774268 -0.3580889715049218 3.9896797673651334
-0.3601358155292582 0.022569368697494416 0.9326268374702036 123.9382537393298 0.07659565464829116 0.997047346644133 0.005449242047628869 -0.719622127426972 -0.9297501277558792 0.07339763038743465 -0.36080117487535124 3.6204812532750537
-0.3628681809459066 0.022125512201912497 0.9315777718294982 124.87117215346404 0.07740115102293063 0.9969790343227571 0.0064704668446665375 -0.719801957884405 -0.9286203449619936 0.07445311834077496 -0.3634845087373056 3.2603935232659262
-0.36567859080050097 0.022013214984732712 0.9304808362326419 125.8042868510351 0.07849866761565526 0.9968877414462143 0.0072656821312752735 -0.725666055858975 -0.927424998268175 0.07569841028913205 -0.36626851252458437 2.900862498755223
-0.3682307587416009 0.022681594436808842 0.929457720173645 126.73863394692987 0.07900068222033446 0.9968501799005811 0.006972161852743819 -0.7292844337642977 -0.9263719558175888 0.07599515843777963 -0.36886275953084524 2.5445152282537364
-0.3698606515832153 0.022935382278551738 0.9288041056380925 127.66295164381543 0.07847806851879392 0.9968937661763708 0.0066341329690396585 -0.732960146646318 -0.9257668665339006 0.07534445698542186 -0.37051170241919895 2.162909965953138
-0.372652195354436 0.023738684505132356 0.9276674060003864 128.59511794981242 0.07784198249458286 0.9969490801955112 0.005758233985966393 -0.7327203032354183 -0.9247004742395402 0.07435728851491191 -0.3733631296551359 1.8008797411225854
-0.3755746967334349 0.024699716040592304 0.926462935686638 129.52108321585803 0.07738372810673537 0.996989875566044 0.004790265452631155 -0.739776516150329 -0.9235558487703327 0.07349225841078708 -0.3763555262724208 1.4233369531134623
-0.3777158263919543 0.025163757138348366 0.9255795696857867 130.44424761290654 0.07602586006137045 0.9970981527532364 0.003916934772546965 -0.7457031209358516 -0.922795114364489 0.07184747109513089 -0.3785328490398981 1.0389769390772976
-0.38069404793395883 0.025454750298963585 0.9243506356112245 131.365904810983 0.07519058114897875 0.9971630130640797 0.0035074040892061737 -0.7541729173104408 -0.9216389848384962 0.07083770933749571 -0.38152798136136873 0.6510647305780204
-0.38360781726336773 0.025473648363228484 0.9231446992609024 132.2890091179816 0.0760631818579273 0.9970945975682594 0.004093392949472353 -0.7617930763933797 -0.9203583187542125 0.0717875806756118 -0.3844308889262931 0.26659024923164404
-0.385854165795818 0.02482292374641676 0.922225777776079 133.2055863593033 0.07703009527209764 0.9970141823600399 0.0053930135650316 -0.7672306745435462 -0.9193383094162797 0.07312005627473633 -0.38661418780225115 -0.13323051348218007
-0.3881439764531673 0.02431343547200182 0.9212779767250884 134.12220324389276 0.07682520767284991 0.9970261919553468 0.006054751939047767 -0.7684387614870394 -0.9183910610459711 0.07312748738038727 -0.38885759550288407 -0.5329956165923216
-0.39094828113617686 0.024189086263131494 0.9200947394602493 135.04077004538797 0.07553924181458362 0.9971254786113767 0.005882418729640371 -0.7715861304326088 -0.9173076171180226 0.07180298050769009 -0.3916517171767099 -0.9282488961003055
-0.3935416640342484 0.023808823116321227 0.918998421440957 135.9560893837058 0.07413294844156691 0.9972308533605364 0.005910250517235718 -0.7791288805716515 -0.9163128639414121 0.07045399241797595 -0.3942169077143356 -1.330906833642319
-0.39822080661826786 0.023570739232423338 0.9169867007914203 136.89676094032612 0.07331987833639325 0.9972891672868286 0.006205824125826296 -0.7810878757086015 -0.9143546273831783 0.0697046416272351 -0.39886950036144153 -1.6702206617927045
-0.4019075593631995 0.023552466595426265 0.9153772965526227 137.82124069798903 0.07264173535426527 0.9973386230020778 0.006232924918547247 -0.7813073629701878 -0.9127943317152202 0.06899965496718567 -0.4025488238747842 -2.051451768170533
-0.40549620088227356 0.02337892198287719 0.9137977112451979 138.73799721455387 0.07218876542136937 0.9973696988822655 0.006516586409893939 -0.790860481080888 -0.9112417973386535 0.06860837965159672 -0.40611731928668204 -2.4507838830287687
-0.4098705656105174 0.02287536254087072 0.9118568074181049 139.6619487282045 0.07148369861310182 0.997416430852964 0.007109451253488701 -0.8003886324420378 -0.9093383310290534 0.0680968520062287 -0.4104468521844647 -2.8331749346613506
-0.41410204940741435 0.022702640190976394 0.9099472967182983 140.58166521403268 0.07045201219121527 0.9974893665456434 0.0071747896540745966 -0.7979505152581208 -0.9074998659254924 0.06707871314158019 -0.41466183763216163 -3.2257507303650503
-0.4178714554446409 0.02325995750907064 0.9082083577578738 141.48770503020467 0.0699710154446574 0.9975268819930759 0.006646555409802777 -0.7940434150933445 -0.9058076527178491 0.06632566681043073 -0.4184655328697102 -3.6489245773295087
-0.42218505266043893 0.023592864713922704 0.906202603199027 142.4007285471364 0.0699390678526964 0.9975293459083051 0.006612929732352539 -0.8008741687782703 -0.9038076720729896 0.06617084544071977 -0.4227920423986973 -4.056774392982759
-0.4251736646164075 0.023702684128068103 0.9048013802386576 143.29790041649767 0.06983622421852623 0.9975360734463754 0.006684606202872631 -0.8018483928164031 -0.9024135729827831 0.06603003057937169 -0.4257813738976056 -4.4984548970795455
-0.4283605782090293 0.024242894200057298 0.9032826230572749 144.19845194299882 0.0692648208416914 0.9975798198949076 0.006073510699119612 -0.7982756225411115 -0.9009492769463734 0.06516736161030866 -0.42900304818329266 -4.933189469540107
-0.43250684181013493 0.024357444456801842 0.9013015847578194 145.10922617488765 0.06895477479119272 0.997600957286201 0.006129360093160376 -0.8097890966360216 -0.8989900282099448 0.06480003797213026 -0.43314880151962953 -5.345933552992043
-0.4365561668567109 0.024955489464782512 0.8993308271848289 146.01690033064807 0.06938018582300606 0.9975722649082363 0.0059971744194559605 -0.8081291841600395 -0.8969978277535231 0.06501384338296987 -0.4372277406272773 -5.765605954805902
-0.4399198967256647 0.025704496571297534 0.8976690722760233 146.91629275203226 0.07003866612143833 0.9975276483139464 0.00575986954521721 -0.8082492248377372 -0.8953016640846861 0.06540542565616682 -0.44063256868044287 -6.202748115157066
-0.44308672772381313 0.027294284969168116 0.8960631527537695 147.80695942748136 0.07157658888212899 0.9974225162278266 0.005011591139561216 -0.809592080253163 -0.8936167767219908 0.06635771341579864 -0.44389831068750896 -6.6574028590986325
-0.44574995764990777 0.02877342951671307 0.8946949564007568 148.69584959299132 0.07312183793042165 0.9973134993047416 0.004356710021187743 -0.8085389964212458 -0.8921660002896215 0.06736374290653906 -0.4466564161285929 -7.115522015606625
-0.44793965269597213 0.03031268143474418 0.8935497797475234 149.58724844886743 0.07505844072930246 0.9971718995267669 0.0037991143001684805 -0.8152451906545582 -0.8909075698510458 0.06877022712203042 -0.44894805695501816 -7.568690629000881
-0.4516660262949878 0.03267437331486026 0.8915885744105161 150.49326049640516 0.07671126462348549 0.9970506468017276 0.002321549508974849 -0.817594073195325 -0.888883109621709 0.0694434521084469 -0.45284039615354593 -7.991936064102916
-0.4541421265042212 0.03418208487744465 0.8902732805198946 151.38620863345838 0.07809401056467262 0.9969447799940128 0.0015592166670351639 -0.8210557048723809 -0.8875000025059983 0.07023311694721444 -0.455424038491305 -8.442081876015402
