1.0 0.0 0.0 0.0 0.0 1.0 0.0 0.0 0.0 0.0 1.0 0.0
0.9999912757791034 -0.002762823138663147 -0.003132917807049378 -0.005718598652767656 0.00275647595567365 0.9999941435441632 -0.0020284766898926053 -0.007222052193274845 0.0031385037815896614 0.002019823180407666 0.999993035029911 0.6690414617283484
0.999974521632908 -0.0013314239907055096 -0.007013087422367203 -0.018503289115650776 0.0013067762125133734 0.9999929581539921 -0.0035179508749336843 -0.012435019018122558 0.007017721921478538 0.0035086967074700603 0.9999692198395147 1.3877011153302643
0.999939827474899 -0.0014185187127470076 -0.010877924164605784 -0.03354557641937801 0.0013640604732543993 0.9999865090340732 -0.005012094260178563 -0.01588446734836378 0.01088488716039963 0.004996954523426891 0.9999282722660641 2.1080706972022893
0.9998739053976993 -4.577928084133686e-05 -0.01587989952771292 -0.047998333993464135 -4.1195661091932446e-05 0.9999850020503088 -0.005476675758286207 -0.026192921340682778 0.01587991208005631 0.005476639361993644 0.9998589074532608 2.8352592079280137
0.9998008852354313 -0.0011451229773388576 -0.019921811559555965 -0.07068688917062532 0.001035226241543541 0.9999841965677742 -0.00552584123297457 -0.037362741871976315 0.019927824494322163 0.0055041173742928695 0.9997862704112582 3.5576127398954984
0.9997030462099961 0.0005545069867193531 -0.024362100083040895 -0.09648101404558307 -0.000716577969036077 0.9999776692457643 -0.006644360452526789 -0.047934533914330585 0.02435787171467806 0.006659844728707203 0.9996811194344529 4.289150898860003
0.9995744723882353 0.003253703237558174 -0.02898771403583091 -0.13169459117177368 -0.0034646553549363968 0.9999678608134387 -0.007230041733397381 -0.057006154872995374 0.02896325798408589 0.007327397589667194 0.9995536198381306 5.06328534717432
0.9994403542827758 0.0037657358421794027 -0.033238493718679346 -0.16453681034852646 -0.003954675808629913 0.9999763851967338 -0.005620461557718295 -0.06613816295047041 0.03321654362465182 0.0057487635575032316 0.9994316449598699 5.833668936756947
