1.0 0.0 0.0 0.0 0.0 1.0 0.0 0.0 0.0 0.0 1.0 0.0
0.9999801517938997 0.0005235478472016019 -0.006278687434576318 -0.013485632393670339 -0.0005222776795313102 0.9999998428180137 0.0002039361994634854 0.001174497154490123 0.006278793218037951 -0.00020065293339193533 0.9999802680523878 0.09067506400574246
0.9999114877818519 0.0010243382922320726 -0.01326526791838587 -0.02338429390555529 -0.0010223031066160077 0.9999994646156826 0.00016020208035523795 2.376213511088059e-05 0.013265424917494863 -0.00014662677591068934 0.9999119996291408 0.18452699223885377
0.9997882227898516 0.0013297427316280065 -0.020536342297930145 -0.04212569550650562 -0.0013413800711196229 0.9999989474967179 -0.0005529059243494453 -0.0006984698049207251 0.020535585460728298 0.0005803358717674515 0.9997889541998656 0.28076736955415715
0.9995571144444294 0.0018600409507717316 -0.029700424427729515 -0.0546159542625668 -0.0019166204078111416 0.9999964023687844 -0.0018766501274175029 -0.002414087782451234 0.029696826930468205 0.0019327434257620582 0.9995570833989982 0.3844378304609668
0.9991510779598217 0.0019558840092467568 -0.04114970145054111 -0.06993431136380174 -0.002103841069300763 0.9999914764667025 -0.0035525831024419033 -0.0010065981384183018 0.041142402269209025 0.0036361396682477974 0.9991466765314448 0.4981032599882771
0.997137115764328 -0.0034185793089400868 -0.07553731316843264 0.04449344727690255 0.0027294879155347696 0.9999537338568099 -0.00922388429803888 0.010009455135008958 0.07556535092829471 0.008991299201625176 0.9971003130466617 0.554324552573883
0.9958430692839446 0.0048289926592830785 -0.09095747461879726 -0.030760399697315394 -0.006500498031062327 0.9998152396453781 -0.0180895024310668 0.09588484853352162 0.09085331520908144 0.018605574507442886 0.9956904678225895 0.6368050943435677
0.9918401123568169 -0.0023082514394564546 -0.1274671075035003 0.08454959816802013 -0.0017021086625425615 0.9995072056967523 -0.031344035897940485 0.18121403747149506 0.12747664235505085 0.031305234954600414 0.9913474103049443 0.6941892623002281
0.9859356709667403 -0.0079008363494881 -0.1669384003168291 0.21362822886049831 0.0016992230146214817 0.9993041851152593 -0.0372593377863117 0.2034564664783911 0.16711662202339375 0.036451644628281266 0.9852630675344446 0.7960894045168564
0.9794309896498167 -0.010309617055798304 -0.2015158760736809 0.27059574301454153 0.002148753159179509 0.9991701499867301 -0.040674245356938865 0.2139426757378027 0.20176798401491067 0.039404608507868026 0.9786403616522774 0.9603625695310218
0.974203783881677 -0.006889511251417398 -0.22556489555189874 0.2045747370010862 -0.0026448229097931833 0.9991166620744814 -0.04193924745298676 0.20185101745194267 0.22565458644219538 0.041453952765250546 0.9733250111949954 1.1291931308201175
0.9654659027239836 -0.00393410423276111 -0.26049973800610465 0.2042815760468864 -0.008376828037445373 0.9989002385625678 -0.04613179111715356 0.20973107737587598 0.2603947377144831 0.04672083286427371 0.9643711652403725 1.3178186704605364
0.9579202643238877 -0.0015769307365134932 -0.287030103799419 0.12357953237899873 -0.013231926527991664 0.9986792089807296 -0.04964628556078152 0.21597948047451376 0.28672928576971485 0.05135514423187887 0.9566341860099458 1.4972770273466682
0.9546017799679061 -0.00365808399258339 -0.2978624852236485 -0.07124613563252223 -0.014164968873831238 0.9982360184417358 -0.05765592027185459 0.2772621688678663 0.29754797149183915 0.05925765694907516 0.9528660633866634 1.5130166858369802
0.9435517417751358 -0.006901096297511837 -0.3311532658196192 -0.13974901034574438 -0.015764608863541904 0.9977142310707992 -0.06570989443138701 0.33893036126751497 0.33084979628297545 0.06722118705212643 0.9412862074368327 1.7039055995773966
0.9355202498445679 -0.007071915181440554 -0.3532022793618738 -0.3121758936697774 -0.019152125789697008 0.9973140018783743 -0.07069637710009122 0.37894795226951505 0.3527535374854407 0.07290246685132955 0.9328720020016132 1.832401665360194
0.9255738009535984 -0.010837474898745805 -0.3784120612852172 -0.49051874764858555 -0.01811707661441822 0.9971767505075816 -0.07287180375212485 0.4087016787549389 0.3781334559692585 0.07430395268732322 0.9227643318268127 1.9630751580168935
0.9074355887898681 -0.016843844027884358 -0.41985347100619413 -0.5329035328168167 -0.021828830889481884 0.9959573096382327 -0.08713517957847106 0.49990287448655607 0.4196238247997641 0.08823447340205709 0.9033994262583289 2.1633996541693143
0.8922375825990534 -0.013037093891582047 -0.4513780348894471 -0.6780115035782193 -0.028943800747814597 0.9958766134584909 -0.08597689901781069 0.4760591534334898 0.4506377176802532 0.08977641644279472 0.8881811991112071 2.34230718753051
0.8743603502997341 -0.014758269605227987 -0.4850527510508368 -0.8205655767450027 -0.031975616064791997 0.9956131249684171 -0.0879321634437623 0.4848765662868307 0.4842226118233251 0.09239425777007429 0.8700527359477205 2.5281743550071685
0.8573114761809298 -0.016860970272983174 -0.5145218561829303 -1.0283855340088723 -0.033172314834332695 0.995576995216626 -0.08789791876925536 0.45647425197319036 0.5137281677473082 0.0924237754957473 0.8529602660066321 2.6371007782663747
0.8367228053633415 -0.012286527954022537 -0.5474888019089834 -1.1843354707265392 -0.03279369469450243 0.9968299484578307 -0.07248880910763282 0.3225665773795403 0.5466438699676263 0.0786072203324485 0.8336674302972512 2.7645086453119703
0.8257394450810716 -0.0220885459691095 -0.5636190779011777 -1.4127988871526598 -0.034079719689934604 0.9954536618206127 -0.08894144069998522 0.41625877301856323 0.5630212620701451 0.09265043607508848 0.8212325828606877 2.8112332645121265
0.7956001569000105 -0.016679321333407084 -0.6055924294280228 -1.6018645706069645 -0.043726324115543995 0.9954327910093973 -0.08486204783402357 0.395483191494212 0.6042420036045331 0.09399658942269487 0.79123715929984 2.9932336385103677
0.7628381183454778 -0.013896834017204873 -0.6464401621213122 -1.8097914057270172 -0.051314299312675296 0.9953144857132163 -0.08195069990845086 0.372266199110448 0.6445501127803637 0.09568674168208502 0.7585507231432094 3.160275337617976
0.7266253674560682 -0.014435354606134689 -0.6868822285564884 -2.0297167182582565 -0.05557234280451624 0.99526829163949 -0.07970409256887868 0.34932420782975976 0.684782659012734 0.0960866702222853 0.7223849816552409 3.3231447492370996
0.68631275610925 -0.018571133370905837 -0.7270694009563627 -2.25773756431118 -0.054344641017102645 0.9955699558289127 -0.07672758984575834 0.32675853081370504 0.7252733696989341 0.092171449246156 0.6822631187081829 3.4876612338543134
0.6434309020654064 -0.02227274140957624 -0.765180109031461 -2.5071194549067584 -0.0537920240503981 0.9957901638193477 -0.07421837905261666 0.3076222847692522 0.763611872888222 0.08891498541156409 0.6395240675325696 3.6420727798338524
0.5988874287811476 -0.02265803936367749 -0.8005126238230719 -2.7763163779423783 -0.05552586037798463 0.9960192196252687 -0.06973229500278116 0.2841878863909276 0.7989059559655252 0.08621094703843818 0.5952452823278361 3.7810142505754265
0.5502219157211524 -0.021930495036922015 -0.8347304336416516 -3.059000059978482 -0.057368004455936136 0.9963002449554809 -0.06399010834802728 0.2607952555156499 0.833045470262511 0.08309557923911552 0.5469281206758592 3.923386030049355
0.4988193541361194 -0.0212871460021718 -0.8664445217983123 -3.3606084970838386 -0.06025828821091275 0.996427435777919 -0.059171817032532416 0.2433605157109987 0.8646086922077032 0.0817265112685177 0.4957545629792644 4.047681663462916
0.45900766595142484 -0.019306083166576934 -0.8882225158993604 -3.6961335625712777 -0.06444937186717184 0.9964062107652643 -0.05496309320202521 0.2413412513174885 0.8860915534321224 0.08247386435212511 0.45611382420956603 4.013491211099752
0.40492090166504124 -0.017290134197700816 -0.9141882271470108 -4.035309774025004 -0.06727767665295682 0.9965476289132911 -0.048647071150046656 0.22592288120617138 0.9118732245323085 0.08120267585937684 0.4023597243938894 4.112152015879335
0.3508373112850149 -0.015191400659251718 -0.9363131967222885 -4.393724931739954 -0.07046438463755282 0.9966054068408291 -0.042572685530470625 0.20901488328127002 0.9337815330728876 0.08091281976074886 0.348575908648908 4.1851660932769645
0.297041179398306 -0.012116755717007755 -0.954787788973318 -4.770818424767341 -0.07164843520756486 0.9968177693848067 -0.034940468958007044 0.19138226999811095 0.9521727991672365 0.0787878091432453 0.2952277792763354 4.249592790388108
