1.0 0.0 0.0 0.0 0.0 1.0 0.0 0.0 0.0 0.0 1.0 0.0
0.9999308366195664 -0.0026758955076411697 0.01145257877189272 0.009917573290723299 0.002663502394404841 0.9999958509010832 0.0010972399981579335 -0.004054325462349247 -0.011455467353592414 -0.0010666601383494897 0.9999338150617071 0.21198675679441625
0.999820887689809 -0.004669264559146045 0.01834095165576896 0.01748710303831933 0.0046490246221083395 0.9999885365377045 0.0011460206119174685 -0.0069103188978155 -0.018346092478388466 -0.0010605478096775696 0.9998311338066633 0.42783032152773437
0.9997730052582199 -0.007436992599954009 0.019965698034778642 0.02736534108894014 0.007442587751427414 0.9999722823527337 -0.00020594617423439453 -0.009187585385691014 -0.019963613012429302 0.00035449588517811703 0.9998006443727456 0.6618487399079962
0.9998225996492267 -0.008853191111545965 0.01662498835502943 0.039360159396054153 0.008888765447316706 0.9999583575289459 -0.0020671373527074836 -0.009179901900378235 -0.016605995287395734 0.0022145462638682775 0.9998596585048124 0.8936760500608569
0.9998902450061498 -0.011399012419853532 0.009463638697352348 0.043242905637821905 0.011436053671320917 0.9999271202735739 -0.00386921410936063 -0.008347043327126682 -0.009418843770265396 0.003977016123858772 0.999947732996471 1.1285542635701358
0.9999100665676273 -0.013137423300212808 -0.002695716185809093 0.03400449348212329 0.013121680536850396 0.9998972198416148 -0.0057767856890938605 -0.012375348140990223 0.002771331198584808 0.005740893836320564 0.9999796807242373 1.3900893384289572
0.9997522734162194 -0.012409547645104501 -0.018476875448648296 0.017152421801315224 0.012300792811204162 0.9999064124216381 -0.005988062650316399 -0.01680718883985529 0.018549455391380355 0.00575929903132033 0.9998113562964519 1.6078799716135503
0.999254858504216 -0.007858028579923203 -0.037788611281128724 -0.008291734435109648 0.00762888548962224 0.9999516528890161 -0.006204191382473361 -0.018184238330472016 0.037835537024144 0.005911283393750941 0.9992664954188812 1.855376587195253
0.9983276361497335 -0.004405836569743868 -0.05764130033062908 -0.04476586149449393 0.003982625123637805 0.9999642803823362 -0.007454975289062283 -0.022531150242051844 0.05767208680817475 0.007212944167028333 0.9983095230636806 2.1283672486155223
0.996969072450529 -0.004158098172915242 -0.0776877004210853 -0.09006928323314947 0.0035698412634602994 0.999963909920582 -0.007709415652001699 -0.02890936905807557 0.07771695317294418 0.007408716213085214 0.9969479355079623 2.450356169474224
0.9951188620835282 -0.005594226851057671 -0.09852489508506464 -0.16016946753783434 0.00493704771654691 0.999963919231801 -0.006912726988698189 -0.038508586304475484 0.0985600115940975 0.0063925629065847145 0.9951105763954358 2.958907884929864
0.9930388197622315 -0.006917036012901031 -0.11758425514511192 -0.22236933249295787 0.006260236256015067 0.9999626777727465 -0.0059542004985369485 -0.04445678203888053 0.11762105205809645 0.005176647018498891 0.9930450596213609 3.3191037042803266
0.9907883811339145 -0.005866409360098996 -0.13529216182490672 -0.2970340652721678 0.005198461396997662 0.9999724964579171 -0.005289832400416947 -0.051517989802202506 0.13531947313354772 0.00453779339991573 0.9907916272465762 3.750487794251666
0.9885081413486779 -0.004687363932598691 -0.15109494732367998 -0.37364921794076533 0.004037659754126221 0.9999812386285932 -0.004606483966550887 -0.05819395216207267 0.1511137048420565 0.003943476916067092 0.988508521561003 4.1754070908412055
0.9863237381762031 -0.004137902657686183 -0.16476759776034933 -0.4543278955722037 0.0033895746516418826 0.9999826263706341 -0.00482262797337192 -0.06392642848172005 0.1647846907142824 0.0041981803777489494 0.9863206278831006 4.612239895437307
0.9842400368394656 -0.005658152427692104 -0.1767470938752671 -0.5549491227101804 0.004745438501163983 0.9999731370646908 -0.005586229715331115 -0.07343695191637258 0.1767739536687437 0.004659448476566724 0.984240447677403 5.108393864401362
0.9823227888287802 -0.009506325304412316 -0.18695338543833445 -0.6340526743836868 0.008140445430840361 0.9999342828956761 -0.008072362609377553 -0.07890898157718677 0.1870178379081398 0.006407781918609333 0.9823356191419752 5.5584225133726815
0.980695410830959 -0.008631571461829267 -0.19535098451043423 -0.7211143842625298 0.00682255029192237 0.9999274078049762 -0.009931360829947958 -0.08647658279444563 0.1954225268043855 0.008406848072837347 0.9806831093288336 6.009822446893418
0.9791492016876374 -0.008143755419671142 -0.20297911242816805 -0.8285129920290188 0.00593654737752667 0.9999164738286438 -0.01148053880814515 -0.09725236587597409 0.20305565306018122 0.010036165291361157 0.9791157628935138 6.520614476478308
0.9774919626973881 -0.00871602010791213 -0.21079253747579907 -0.9555114018898593 0.005867469270906095 0.9998828775678138 -0.014135202547650067 -0.11083895434716251 0.21089105165075794 0.01258022814525204 0.9774286174414224 7.054471003806791
0.975673325258734 -0.01275957325652251 -0.2188578435169188 -1.0706057946936254 0.009516975003877727 0.9998288678619419 -0.015863863863597057 -0.12213836088638287 0.21902280603932608 0.013395084181094568 0.9756277887362786 7.570959671860563
0.9737336494776231 -0.019059472577571228 -0.2268909790627519 -1.1778513615933743 0.015557616513322721 0.9997308085000851 -0.017212527536360774 -0.13349199018225533 0.22715796363635085 0.01323053441212404 0.9737680486213108 8.0875583770142
0.97177387988748 -0.01956915645877985 -0.23510120051570438 -1.3242409180365942 0.015396012520928612 0.9996898813920704 -0.019573038618550836 -0.15134407144486522 0.23541131911377802 0.015400946652711509 0.9717738017024903 8.617319508506574
0.9697255980740666 -0.015491633869206906 -0.24370530096810836 -1.485065073830493 0.009977565712534713 0.9996658954169947 -0.023844196832560605 -0.16508035123162823 0.24399326347738756 0.020690742379148266 0.969556177102417 9.178142484588381
0.9675189360988397 -0.01253443807642468 -0.25248761583942625 -1.6441049546290132 0.00596547788147561 0.9996239340826079 -0.026765714689792726 -0.18370678358768167 0.25272815704589585 0.02439012651295677 0.967229859115643 9.732157787922205
0.9653832425718776 -0.015113323021060358 -0.26039735488032206 -1.8289135804825536 0.007951362523135216 0.9995611531771842 -0.028535537372246796 -0.20612887715980815 0.2607143471223495 0.025477215828231717 0.9650797587133452 10.338093782159655
0.9631483676047038 -0.01780386986782425 -0.2683807820953727 -1.9974654119175965 0.009901041365950505 0.9994774153082308 -0.03077118243824376 -0.22889895819523287 0.2687883765348941 0.02697996490930864 0.9628213178639266 10.90639029257035
0.9609418066105744 -0.017306349203948506 -0.2762088604394086 -2.1800080676169027 0.008420491239596017 0.9994091120771293 -0.03332449586246442 -0.2517543377669958 0.2766223773220264 0.029697086968834396 0.960519725664328 11.50629455225696
0.9585166858041135 -0.01661825647286438 -0.2845515710497849 -2.3641276878522266 0.006351992603681149 0.9992964217493546 -0.03696368040250108 -0.27549700163905155 0.28496563867431696 0.03362283495985377 0.9579478533533028 12.113283201650592
0.956123172871097 -0.01781868505259966 -0.2924225927692709 -2.556094052407157 0.005715085048013376 0.9990931310319161 -0.042193048334243866 -0.30345704996123113 0.2929092284339988 0.038670531258803896 0.9553579297364738 12.73978492260773
0.9544788030250425 -0.01916147395972074 -0.2976626488015812 -2.784926596575093 0.004565142483635394 0.9987560186855405 -0.04965455279742109 -0.34355914328474996 0.29824381644886894 0.04603534571499077 0.9533789240878543 13.417603348243226
0.9532212322983902 -0.019766783408193784 -0.30162651834550697 -2.993510938251549 0.0024943066265074743 0.998339941776438 -0.05754249810592864 -0.38549622823001595 0.3022632308601095 0.054098381930621546 0.9516881339716792 14.041140867267131
0.9520066737368684 -0.019690986662571793 -0.30544321600703234 -3.2243135554552618 -0.000574687603563166 0.9978117086030358 -0.06611704703666232 -0.4336666897471952 0.30607672713655065 0.06311940445650872 0.9499120895569406 14.713620400064503
0.9506586434224831 -0.019055146783427825 -0.3096531044042457 -3.4478437887258973 -0.004424372913051012 0.9971777360811647 -0.07494656488704958 -0.48326788504715235 0.31020729941516667 0.072618620512266 0.9478913267587401 15.369207303677538
0.9493391831398376 -0.018205711692706184 -0.3137254650441184 -3.673887585683488 -0.007853040047487162 0.9966343152022119 -0.08159884511088383 -0.5445772565349218 0.31415512906428694 0.07992867960362864 0.9460010365001835 16.02391425529204
0.947744046226184 -0.016382224532134525 -0.318610805783796 -3.906425368370962 -0.012420300546990573 0.9960289716654591 -0.08815908199028594 -0.6060137676973457 0.31878983512204934 0.08750948704241315 0.94377705561241 16.674076654100794
0.9462482956707094 -0.01516485562379766 -0.3230854222867182 -4.162038880747424 -0.016103098884694494 0.9954526492597852 -0.09388670453256048 -0.6770666357459877 0.32304001787176045 0.09404281065336119 0.9417011716132823 17.36146325584119
0.9446481588486939 -0.01299449252212995 -0.3278276973470442 -4.4091033127593615 -0.0207260244436847 0.9948559184591311 -0.09915711481077776 -0.7492329577352377 0.3274298213274603 0.10046315081128152 0.9395194875224979 18.028410133150167
0.9428161353296499 -0.01034172083064932 -0.33315279343317006 -4.6543979291982485 -0.0252057856419212 0.9944443368069401 -0.10220141565936325 -0.8231762022603526 0.3323588472302745 0.10475452163446378 0.9373174952303502 18.71010344291617
0.941022730434238 -0.00918892481939667 -0.3382185454210859 -4.927590466219177 -0.027485509369264183 0.9942511633342317 -0.10348512445389615 -0.9053408558008667 0.33722509927465905 0.1066779633719625 0.9353603821789794 19.4358000602267
0.9388902205260786 -0.008797253110441935 -0.34410428962482054 -5.210044041460788 -0.028257727038636864 0.9943292887213621 -0.10252202911315997 -0.9895583132141635 0.3430548857881218 0.10598053561187812 0.933317454786054 20.162840568788056
0.9365696716496398 -0.008258297296240925 -0.35038414728958966 -5.49126790577317 -0.029056795957646948 0.994451173475206 -0.10110670691136744 -1.0737866642454417 0.34927489568355974 0.10487451596814358 0.9311328493537783 20.902926115893273
0.9340751532053476 -0.008651079232086384 -0.3569716613297568 -5.7844091304096565 -0.02875697561880757 0.9946367233484045 -0.09935202524361733 -1.1531774857515527 0.35591662579551636 0.10306768356215855 0.9288166708707726 21.630162863582427
0.9309448375944135 -0.007901362117124361 -0.36507434562429225 -6.082844035383659 -0.029253725438683275 0.9949387132436426 -0.09613103784440544 -1.2365655181686908 0.36398616581440174 0.10017247808544254 0.9260019145390318 22.361472491363333
0.9276158600665384 -0.005906434511141525 -0.3734888621958918 -6.383884501719921 -0.02999280557036229 0.9954688434899125 -0.09023421332772946 -1.3176885349268097 0.37232948817819217 0.09490466622996657 0.923235536881431 23.09475351707543
0.9240335245862511 -0.002440277607097683 -0.38230366266347804 -6.700374327399479 -0.03260053319378061 0.9958344558450192 -0.08515246201570081 -1.3932082061915818 0.38091895552228844 0.09114703284832962 0.9201048677877725 23.83799863972384
0.9204920979164861 0.0014214279707849805 -0.39075859199233226 -7.042313957466787 -0.035962590427106755 0.9960576060380901 -0.08109215463557863 -1.4712526266958768 0.38910280102188693 0.08869737874476512 0.9169142736596095 24.59855433802649
0.9169136097191402 0.0023556171251558787 -0.39907879344783015 -7.408319630504763 -0.037039962655033544 0.9961686114531759 -0.07922208481203132 -1.547141461056978 0.39736315062965993 0.08742167136019907 0.9134878093867806 25.369883781017478
0.9129336373632247 0.002321402865343631 -0.4081014394234462 -7.7558338045687805 -0.037610914290651526 0.99620675405767 -0.07846988145844075 -1.6204692082701002 0.40637125008663333 0.08698686256336224 0.9095579656318828 26.122432274509038
0.9091546410042226 0.002490602707821989 -0.4164512404095284 -8.124488135460135 -0.03811381855361353 0.9962831370750591 -0.07724796188341006 -1.6916571354420458 0.41471095425096405 0.08610289006781571 0.9058703642057313 26.899080659108453
0.9052283795619515 0.003295776648836112 -0.4249126012392715 -8.489956655203 -0.03909112616313258 0.9963753973060219 -0.07555098608598611 -1.758411943973973 0.4231234627043756 0.08500120881227409 0.9020761219595111 27.653535808777026
0.9013512365335402 0.0025458924239588976 -0.43308136283061544 -8.864455255279006 -0.037993078204153735 0.9965922657257612 -0.0732146290311359 -1.8301912435999022 0.4314191400575901 0.08244619049634395 0.8983763973216403 28.428292609777703
0.8974093932747269 0.0032699611198744863 -0.4411866818213812 -9.246411108176565 -0.03765090009874606 0.9968923141849272 -0.0691962689801603 -1.8974084981666341 0.4395893431192803 0.07870845744451468 0.8947436438123852 29.208816613530747
0.8934636230893357 0.0054035059899616355 -0.4491030575926795 -9.638092558318702 -0.03788256608608323 0.9972710972763568 -0.06336615598207551 -1.962150862814661 0.4475350996322082 0.07362853156370602 0.8912301464475726 29.99459829837667
0.8897694256940974 0.0058712139682165826 -0.45637254293672724 -10.074656698315874 -0.036918788024255585 0.997566458298576 -0.05914528187822959 -2.0314528762266124 0.45491468671698815 0.0694743846620795 0.8878208927959568 30.814008749543095
0.886195198624007 0.005160101507459169 -0.46328332938730854 -10.50239055510781 -0.03567204545030238 0.9977296721920633 -0.05712273103510759 -2.0941494123977926 0.46193676527112254 0.06714815395787452 0.8843673163968133 31.60599916689554
0.8829668423726847 0.004287850454396887 -0.46941577477636065 -10.945950585935318 -0.03470615023483683 0.997817969889292 -0.056167446994579685 -2.1479664838389385 0.4681506578082392 0.06588560771893 0.8811889969179256 32.418715439108404
0.8798558896521389 0.004661998560901574 -0.4752177176977527 -11.40225939172291 -0.03459173528406279 0.9979277028607342 -0.05425598320125895 -2.202862726615019 0.47397998406523456 0.06417605186139247 0.8781938334291602 33.245764526137776
0.877046946793061 0.0035312741060160883 -0.480391697705276 -11.871523241807683 -0.0330318116001779 0.9980496688642799 -0.05296940534224788 -2.2614723445786087 0.4792677253304038 0.062324863281752976 0.8754530592062211 34.07512803489244
0.8743573865549864 0.0020582849030470448 -0.48527819242161646 -12.34930062102016 -0.03166231831512241 0.9981022538851766 -0.05281466073205696 -2.3192932585156503 0.4842485499984954 0.06154392132931015 0.8727632482934683 34.925938062680174
0.8724668483616708 0.001035613185520659 -0.48867220712373516 -12.864550759958467 -0.031056665339710687 0.998093729440476 -0.05333283031659593 -2.3771691799960717 0.4876854334997406 0.06170765557798795 0.8708358531866028 35.80124414946662
0.8709738619006245 0.0014352629034402307 -0.4913272554075431 -13.323687572771837 -0.03195451142645229 0.9980440771144771 -0.053730152951655195 -2.4345023705360385 0.4902891402890826 0.062497681213862254 0.8693161673162892 36.621062603056906
0.8704010517389945 0.0013537082951460297 -0.4923415243563182 -13.815180883421696 -0.0314010329534352 0.9981129267418059 -0.052768935941173024 -2.4912756339048325 0.4913410060854973 0.06139016977300201 0.8688010490291396 37.47775076394708
0.8701556967206835 0.00195652952320456 -0.4927730060147025 -14.314658880226451 -0.031142746982855442 0.9982114552612278 -0.051029598231062116 -2.5533333964740446 0.4917918185318896 0.0597500006484235 0.8686603160313072 38.35438571105807
0.8697667084312626 0.0004572661802385617 -0.49346293053509765 -14.816282965066451 -0.029098857767240506 0.9983069329666968 -0.050363916321798124 -2.61592535890983 0.4926044349996132 0.05816406535196452 0.8683074410140941 39.23651811901422
0.8692106801948339 -0.0014865230999926973 -0.49443966637427716 -15.34571375120264 -0.027373366713522928 0.9983171523128189 -0.051123010404229355 -2.6786841639553094 0.4936835952611757 0.05797114495244291 0.8677072398700513 40.15237018488865
0.8680760862431974 -0.0038838848747715015 -0.4964159787224535 -15.859814259633485 -0.025107511153818825 0.9983461620628554 -0.0517160862597661 -2.7339743573718804 0.49579584646944436 0.05735726747890135 0.8665429143966277 41.04402389012644
0.8665562566528332 -0.004191441246273085 -0.49906180566750186 -16.408674487512922 -0.02383767629367197 0.9984758521107033 -0.049776881588974156 -2.7964926994748587 0.4985097985443681 0.05503094195163022 0.865135582543667 41.97530302061211
0.864455585192984 -0.0034374403071851314 -0.5026974490016725 -16.945824322404842 -0.0227779991014245 0.9986817678846946 -0.045998796197686834 -2.8560509791788506 0.5021928951962483 0.05121435832689278 0.8632377340660999 42.88772876638455
0.8614498327809161 -0.0038823931540850295 -0.507827837583888 -17.457653840991288 -0.02022359339273555 0.9989153097024501 -0.041942941150370415 -2.915794252575298 0.5074398406432195 0.046401843341135215 0.8604369105649343 43.77161991048549
0.8575853431885165 -0.003880124994039662 -0.5143270591542545 -18.02120755400827 -0.01939349246444907 0.9990165251647716 -0.03987323535577083 -2.9772470763101038 0.5139759445715963 0.04416930017258562 0.8566666804095974 44.68434263935255
0.8521069146129534 -0.00767015169328253 -0.5233115466352657 -18.55468659182356 -0.01688264202530881 0.9989694124139962 -0.04213181054121199 -3.0330191719023167 0.5230953856296545 0.04473568859688364 0.8510992513794883 45.57381374762088
0.8460519511780216 -0.011152178587405654 -0.5329837941444525 -19.133326768138225 -0.015361257017683599 0.9988560238817004 -0.04528438293801402 -3.094396669107595 0.5328790929382556 0.046500241590712664 0.8449127764694454 46.48701905502729
0.8398644711332593 -0.011370269846241222 -0.5426770559841948 -19.698497099917653 -0.015322955048872555 0.998885477866308 -0.044643131121904794 -3.1504437933380545 0.5425798348414907 0.04580959584433174 0.8387541974571329 47.356397777305304
0.8340999741529556 -0.008072681914182188 -0.5515542266402735 -20.301845957172816 -0.016347470615572474 0.9990919622128036 -0.03934477406521393 -3.209963244893055 0.55137101240681 0.04183399154374557 0.8332106119277446 48.245719628706986
0.8290327193550031 -0.0033557600050103534 -0.5591900295191579 -20.913398824387986 -0.019468942884948937 0.999202545496411 -0.034860197022325574 -3.264919826388746 0.5588610833666898 0.039787082681211186 0.8283062703794579 49.1253168436349
0.8250167462389087 -0.003557506368260226 -0.5650970824325703 -21.525000186954145 -0.020640096172034626 0.9991232732906339 -0.036423497896531196 -3.3168639583961155 0.5647312235527377 0.04171365384918037 0.8242200047482334 50.000181935048914
0.8215363047395399 -0.00587051577558978 -0.5701259834803442 -22.12267685874866 -0.021021439616803146 0.9989552390708551 -0.040577449517287124 -3.3702786413824892 0.5697685486856378 0.04532071686788986 0.820554589013578 50.85289835487178
0.8185378574355043 -0.008214899378692821 -0.5743938469143721 -22.752356508934472 -0.02339765532613529 0.998591238259829 -0.04762445376002773 -3.427758540754808 0.573975892934653 0.052421887593824754 0.8171925232348662 51.723651398613356
0.8151970841846502 -0.00949633643188518 -0.5791058051265037 -23.35971649954134 -0.023071477435530872 0.9985395456115743 -0.04885164049213092 -3.4910922010989185 0.5787239591254063 0.05318454140258298 0.8137874315139126 52.57076540723569
0.8119170839357747 -0.00782566308615509 -0.5837203164277301 -23.976811301811193 -0.02259499074110023 0.9987396214452562 -0.04481779723274988 -3.5513429528606846 0.5833353368403431 0.049577490382715785 0.8107169402699774 53.414423242348654
0.8086634131855382 -0.0051920569927199605 -0.5882486946175902 -24.612427828817413 -0.022268178771665537 0.998974205932381 -0.03942922895469755 -3.6123759178349983 0.5878499914002784 0.04498420195972317 0.8077182734002856 54.28282162203116
0.805775574193382 -0.003671848050740373 -0.5922096263699341 -25.292857932370886 -0.0221643866786185 0.9990932227238205 -0.03635206005842012 -3.6680137481173705 0.5918061033788728 0.0424175652203492 0.8049635309529815 55.16562991419832
0.8026865502948204 -0.003459725146374839 -0.5963910900388362 -25.945701771948098 -0.023172950780919514 0.9990471378594585 -0.036984195096405326 -3.7171881182508026 0.5959507666979752 0.043506857353013115 0.8018415286297905 56.02910722901228
0.7989697974917361 -0.004672983117004544 -0.6013529961052836 -26.574907725387376 -0.023198625564401408 0.9989859940708853 -0.0385850673464198 -3.771528843014207 0.60092352797002 0.04477886643265147 0.7980512305942963 56.86595990859502
0.7950588880946169 -0.0074695889408845206 -0.6064862485685923 -27.24998736464433 -0.02206618466304998 0.9989059933046595 -0.04122984397796899 -3.8253709743987563 0.6061307185386385 0.04616299146595357 0.7940242630189253 57.73172674166146
0.7907465006760681 -0.008668010366327172 -0.6120823778421015 -27.917862944740502 -0.021186819770764816 0.9989131265896363 -0.04151727586099793 -3.8816698643383574 0.6117769939582175 0.045797719628888886 0.7897034117567431 58.58712106081273
0.7862143040848535 -0.008922771593842789 -0.6178895145569737 -28.587327634028814 -0.020632221025262357 0.9989592430483539 -0.04067852238988349 -3.9366113609303905 0.6176094069134093 0.04473046920549392 0.7852119494867118 59.42836253099845
0.7812021916975084 -0.00838230118435576 -0.6242218137119714 -29.227982495319683 -0.021065915464056433 0.9989864394256806 -0.03977839927978853 -3.9926547028584447 0.6239225616153574 0.04422477665806576 0.7802338151072883 60.227349757665884
0.7759629026988939 -0.009511900303214426 -0.6307068236413235 -29.900936919726835 -0.021026885307876428 0.9989405417728585 -0.04093487628902104 -4.046171388962911 0.6304279845702878 0.04502574547045005 0.7749407967809376 61.043006663289866
0.770542979475974 -0.010777027337547849 -0.637296926449558 -30.571037166590923 -0.02052520489087245 0.9989189590790614 -0.041708861847243636 -4.10246591192809 0.6370574799376232 0.04521912067002735 0.7694887902896012 61.84422061027222
0.7650196789786408 -0.01199835706070191 -0.643895123605747 -31.277246336520555 -0.020115939657401754 0.9988933677078006 -0.042513396959883584 -4.160971310018772 0.6436926593857629 0.04547614074669012 0.7639317252710943 62.66923843836574
0.7593939027702126 -0.013476283237756305 -0.6504915758297871 -31.99845968766745 -0.01953450544367481 0.9988624994928491 -0.04349839311939228 -4.220747583641798 0.6503378379984474 0.045739445744279864 0.7582668392924161 63.49060001938174
0.7533636237101594 -0.015104757934143946 -0.6574306782909108 -32.712299577468904 -0.018697088109335097 0.9988400030465279 -0.044374172783773445 -4.284470924577552 0.6573383218454009 0.04572192692530943 0.7522073092118345 64.29798111192841
0.7468497454837792 -0.016291792771288352 -0.6647932273715719 -33.42092143677934 -0.01771831817257781 0.9988574136751648 -0.044383874856714536 -4.34136213442133 0.6647567366126861 0.04492710356186558 0.7457077420099598 65.10524285745699
0.7401523679392877 -0.01619194304273041 -0.6722442214064507 -34.14597916974534 -0.016876127339954024 0.998947876207579 -0.042641962271609796 -4.39844298708403 0.6722273934911234 0.042906428432913306 0.7391003787302921 65.92057183412713
0.733557493645044 -0.016886602676236425 -0.6794175786416298 -34.882150567411955 -0.01575651666878485 0.9989999996707346 -0.04184175952728044 -4.454408723742048 0.679444726007691 0.041398590651462785 0.732557861873317 66.70603360673013
0.7271649413034237 -0.018592368533566526 -0.6862109529667239 -35.63941565795572 -0.01457735849475605 0.998989510205427 -0.04251422254771182 -4.517496791009157 0.6863079838953517 0.04091799520789169 0.7261591209298854 67.50500012394022
0.7209019120283744 -0.02017743737623882 -0.6927433177265305 -36.442903495859824 -0.014504538340515526 0.998917869553619 -0.04418945862971869 -4.580768468952377 0.6928853091250825 0.04190418722976335 0.7198291377064777 68.31678102903972
0.7147301165767599 -0.019544819897239184 -0.6991272133691796 -37.22409568782955 -0.01585369222579151 0.9988998738259901 -0.044132782749686884 -4.63754906311028 0.699220652513196 0.04262677662697078 0.7136339657089018 69.110797011158
0.7095923112265728 -0.018881203225409475 -0.7043594622157711 -38.07001727438655 -0.016236816469302487 0.9989372972039741 -0.04313516020326599 -4.703915803145971 0.7044253811718252 0.04204493334017808 0.7085316548619038 69.93411508750457
0.7045397001721723 -0.018564156291747225 -0.7094217243519401 -38.89677161918389 -0.0170043730644617 0.9989291761096307 -0.043027344952004984 -4.764856285934118 0.7094608249776647 0.042377744372604324 0.7034695903903031 70.74801441612674
0.6997379361445806 -0.01963864735630947 -0.7141296410667577 -39.727376195024604 -0.016895252895318093 0.9988875874256189 -0.04402429007525004 -4.827995805015899 0.714199811782196 0.04287086676335141 0.6986277389520358 71.54554082054106
0.6945603409229816 -0.021424358983611964 -0.7191153799350226 -40.56075274131622 -0.01763392272177482 0.9987492197618264 -0.04678718622214049 -4.891045802109032 0.7192183101022891 0.045177349051090866 0.6933138030836562 72.3341412971715
0.689425382990732 -0.023926306436835736 -0.7239614445178502 -41.3837955303092 -0.01716159197822009 0.998634248074841 -0.04934691816891633 -4.954584831578715 0.7241533822670816 0.04644534887679564 0.6880731854380449 73.11374175542653
0.6843457071351164 -0.024425146009731835 -0.7287484925323275 -42.21655935356875 -0.01751456129586398 0.9985997848266147 -0.049917030028357304 -5.022468474533018 0.7289473185823165 0.04692421535456697 0.6829596801751977 73.88394592536662
0.6795030302767634 -0.023984030217455012 -0.7332805725908899 -43.0763072654199 -0.01717179470061576 0.9986718274389602 -0.04857685196147872 -5.0892340282173185 0.7334717181401437 0.0455998615596113 0.6781886841538196 74.67143246976168
0.6742565327344288 -0.023849740197726767 -0.7381119955382424 -43.91301542468394 -0.016744324254220847 0.9987277209142645 -0.047566449128228466 -5.157653973570558 0.7383073585372247 0.0444311756529103 0.6729993424661612 75.43616861531534
0.6690562532458901 -0.025157933720526306 -0.7427858428668954 -44.765803834125876 -0.015749717252497613 0.998722541853048 -0.04801281913253097 -5.222558315020267 0.7430448683619558 0.04382194388089554 0.6678053315416572 76.20356884483594
0.6644063216977325 -0.026299906767477853 -0.746908665495394 -45.65003312396168 -0.0145428722845629 0.9987364723631046 -0.04810367592415802 -5.290517224532019 0.7472300479462819 0.04282258371144249 0.6631843497629247 76.97176017967382
0.6598114816917939 -0.027161495883788588 -0.7509401186306628 -46.5081169571997 -0.01355839114241381 0.9987534859895781 -0.04803794597289409 -5.350275876807878 0.7513088437236097 0.041877528162730805 0.6586207512504232 77.72641970004662
0.655644284275243 -0.028168688361540253 -0.7545442978998611 -47.39635927275795 -0.01216214819760853 0.9987802685268959 -0.04785454369817829 -5.419550211870122 0.7549719561999786 0.04055243762502911 0.6545019825441671 78.49819339878965
0.651694962707898 -0.031023644350413868 -0.7578464284222564 -48.27887656961041 -0.009582621918951295 0.9987466359250247 -0.04912566117218874 -5.48722053234355 0.7584206279752078 0.03927710172180852 0.6505808637994401 79.25390988925955
0.6473555675213891 -0.03586018317331769 -0.761344085457972 -49.17898037130492 -0.006154448936738643 0.998614083219628 -0.05226887748657928 -5.558552518924704 0.7621632974352306 0.03852220214626966 0.6462376869112924 80.01786831992281
0.6427725203947765 -0.04011458635082342 -0.7650060829740168 -50.131961144922286 -0.0015690665841052893 0.9985569758551531 -0.053679642333623184 -5.633879757356938 0.7660554973730034 0.03570414447810503 0.6417820416712252 80.79347728186026
0.6358550154116874 -0.0437411378711884 -0.7705680451676775 -51.053989322618264 0.0036434451808860617 0.998551752120467 -0.05367609937727686 -5.711224426377649 0.771799925293476 0.031322694566066775 0.6350935081719109 81.57222039023318
0.6275058052361476 -0.04754962933061272 -0.7771586048841348 -52.00874028301993 0.008540730471572233 0.9984938068532813 -0.05419569723376681 -5.78908957484803 0.7785650392343241 0.027370612455030904 0.6269667688609112 82.33985943809115
0.6184760746958243 -0.04832351435517112 -0.7843163793962294 -52.95854661366638 0.011200197080326563 0.9985480608299018 -0.052690851181248194 -5.870760032197789 0.7857238068266773 0.023803532788394366 0.6181193179415972 83.09218124706005
0.6093160034232866 -0.04667363983644225 -0.7915526383739055 -53.834904765580895 0.011498073404776595 0.9986812269279856 -0.05003599993596172 -5.942687639827212 0.792844122309203 0.021386405168500357 0.6090491108225325 83.78033784533562
0.6008153211455406 -0.046259447649015344 -0.7980482525386472 -54.897923298198194 0.010918418318650093 0.9987059664680877 -0.04967072258848046 -6.027330032800025 0.7993132915310482 0.02112950648384437 0.6005429259741137 84.5427493929927
0.5914824130938833 -0.047414247020008606 -0.804922632418894 -55.87981849423891 0.010024407996103895 0.9986248424093755 -0.05145809331074534 -6.102285313658001 0.8062555836984716 0.022367684331984997 0.5911443313207535 85.25022153382078
0.5817197854817392 -0.04953554635088278 -0.8118794989570794 -56.871515870346634 0.01049226209478164 0.998517801294475 -0.05340517703539367 -6.177453838152156 0.8133215868370963 0.022548395636205917 0.5813773011040421 85.94567180372549
0.5720626640839448 -0.051211151141076 -0.8186096300190862 -57.91527879037522 0.01100537502205463 0.9984383341149361 -0.0547701989261956 -6.255251325335405 0.8201360802219364 0.02232287993510173 0.5717328912609454 86.6567408940495
0.5618978075684474 -0.05192703587246112 -0.8255752157103989 -58.924099143469675 0.01387551532188714 0.9984790149459127 -0.05335847437091427 -6.334747870218435 0.8270902755590366 0.018526728209254092 0.5617636837830806 87.34511295155846
0.551671536219033 -0.05204607445786372 -0.8324360169161701 -59.914021836284725 0.01523564157091289 0.9985134761999209 -0.05233271513185916 -6.408969606056078 0.8339222933533159 0.01618777256685272 0.5516444186862309 87.99370269968982
0.5412837615265301 -0.05256652732150178 -0.8391952393293517 -60.91370376712723 0.015355025880025904 0.9984954463609258 -0.05264092302305327 -6.487013700611246 0.8406997755964452 0.015607812205850159 0.541276531460799 88.6394911363536
0.5309816707413496 -0.05334862833462439 -0.8457023053010668 -61.949380880694115 0.014522177333487034 0.9984425717882285 -0.05386591878361085 -6.5702760796484965 0.8472588575531205 0.01632037670281875 0.5309294431485778 89.29419218344472
0.520838751654731 -0.05361715833177365 -0.8519695975251502 -62.98099844398105 0.012967479083592633 0.9984073481351741 -0.054905479470682465 -6.650110012907319 0.8535565823429382 0.0175490034507506 0.5207045162248242 89.92298727138
0.5108619191411576 -0.05460052264482888 -0.8579270846047025 -64.03982163993213 0.011965112627641201 0.998335892426644 -0.05641171839701159 -6.734169268628236 0.8595795109535942 0.018553404528748867 0.5106650913555498 90.54974264838475
0.5012120541866181 -0.054463397087812136 -0.8636088322358018 -65.11607167204384 0.011235705452363175 0.9983427965132998 -0.056439521374576994 -6.816218413570936 0.8652515447319452 0.018584913980400592 0.5009933785104584 91.1662789986016
0.4926670642456014 -0.052228287782986986 -0.8686491637956472 -66.23495203827883 0.010356560963783163 0.9984785325990242 -0.05416051683562854 -6.901771056510417 0.8701562534698137 0.01768688480644481 0.4924583928142766 91.7854864508561
0.48471832962763123 -0.050565806699597635 -0.8732074439191508 -67.35695931700249 0.010795438944668698 0.9985973460274724 -0.05183434194508575 -6.9862715723601925 0.874603681344293 0.015698397998110136 0.48458431761593634 92.40060005150251
0.47693231722820073 -0.050660960010003996 -0.877478792857242 -68.4686178324527 0.01089473709866857 0.9986015552587945 -0.051732374179690066 -7.072253023690958 0.8788724989933911 0.015112940335399335 0.4768172915777379 93.00316126016052
0.4693483208719146 -0.0537795130678629 -0.8813738807503297 -69.55663926355166 0.012742737302936383 0.998452172177655 -0.054137625730635644 -7.150083202351417 0.88292116088626 0.014178287904595063 0.4693071486898025 93.58067639958611
0.4624695238612951 -0.05735139260071103 -0.8847783661834554 -70.69486260042306 0.015549356215605409 0.9982769307464509 -0.05658080116722905 -7.234839323797925 0.8864988195258839 0.012409162187851226 0.4625644340770364 94.16708426356533
0.456510732744259 -0.059926043165133884 -0.8876974823890561 -71.85547696510689 0.016424904356897547 0.9981267433729472 -0.05893408759437198 -7.327573845802879 0.889566283874431 0.01232369726522219 0.45663985051630057 94.7497784085005
0.4509123411017455 -0.06333590374851153 -0.8903182711471785 -72.61183815078937 0.018389364145095 0.9979267098149449 -0.06167749284996231 -7.39094812273524 0.8923787827646287 0.011438755801105873 0.45114217596810996 95.13599503043245
0.4464151926624787 -0.06425623264412494 -0.8925158891171094 -73.565129968341 0.020968614775327948 0.9978957266438532 -0.0613549993100762 -7.468557565834463 0.8945802328212512 0.008674981978058013 0.4468231772560093 95.59967884073681
0.441947054285544 -0.06161649791423591 -0.8949224594304882 -74.63741912898516 0.022690120091868868 0.9980868053781515 -0.05751423632677365 -7.5576752618626 0.896754124416802 0.005112349246711868 0.4424996092954584 96.13678518869507
0.4382105369684345 -0.05922807695827302 -0.8969189262077479 -75.7515542462631 0.025263075691676476 0.9982441407632356 -0.05357623016287649 -7.6547261841373295 0.8985172799097585 0.0008187378663350713 0.43893738434072116 96.68439358736343
0.4351677438703594 -0.05903739126297516 -0.8984117213881628 -76.79415794655684 0.027393478113145887 0.9982540791435838 -0.05232963625002462 -7.727355325975441 0.8999325708360845 -0.0018384520819605225 0.4360252149157169 97.16257878141448
0.4320883210976046 -0.05848573701002296 -0.8999328315699155 -77.85447152696787 0.02851962626188386 0.9982819332437703 -0.05118410570638834 -7.813520074781685 0.9013802270345929 -0.0035496937156171684 0.4330139558785492 97.68115315011542
0.4301517422826213 -0.05784432058512907 -0.9009015002691849 -78.9576545789464 0.030495815330199915 0.9983065797041429 -0.04953764393632465 -7.889781957431617 0.902241366740946 -0.006165021935122905 0.4311873243104074 98.18286454369394
0.42787669778677206 -0.057082640986379905 -0.9020327619266971 -80.06801884330193 0.03220211879998234 0.9983328337220295 -0.047901739606557074 -7.9657689833748675 0.9032632811289727 -0.008551327999944193 0.4290015381715535 98.70156962347636
0.42578746317831556 -0.057511239866046365 -0.9029936287091082 -81.06409848948722 0.0339933537057081 0.9982901779119214 -0.047551788488162654 -8.047129868364296 0.9041844325711494 -0.010448826424742952 0.4270144422877674 99.17432227555287
0.4241656537886241 -0.058342166666092786 -0.9037033195328946 -82.23926097568497 0.03670571388097467 0.9982101108636923 -0.047215094387106055 -8.118692152204568 0.9048404216847055 -0.013144054100662998 0.4255479351697554 99.69271889223549
0.42216203554788995 -0.0580952745341132 -0.9046569265853582 -83.32148163476074 0.04039694553689387 0.99815864099135 -0.04524836135807233 -8.183386813272053 0.9056198443791689 -0.017443236256712194 0.42373155532192996 100.18678146236871
0.41982571568147686 -0.05738899759646259 -0.9057885357010251 -84.4074867315183 0.042008224671444015 0.998158013416674 -0.043770872872637485 -8.254279287070256 0.9066320518890164 -0.019674430282788962 0.42146321225055816 100.70633210039057
0.41774438143787307 -0.05842412955267177 -0.9066842079043286 -85.43311493454544 0.04407477734499355 0.9980585987946965 -0.04400508350130328 -8.329213153974498 0.9074949287897299 -0.02157902819823122 0.4195084024938505 101.1979618158697
0.41636878680223843 -0.05997825672360073 -0.907215322895964 -86.47042748683424 0.04551392528265612 0.9979456703132442 -0.04508793306878151 -8.391120866657094 0.908055899150595 -0.022517722430298565 0.4182432739379747 101.67833279966017
0.41627414041464 -0.06118210966215017 -0.9071783669595188 -87.58027670888994 0.04540114605272007 0.9978875618093246 -0.04646665388578333 -8.470134223400452 0.9081049366450724 -0.021844071129948146 0.4181725249192231 102.17476374714869
0.4169921628983984 -0.0617727727712219 -0.9068085027311271 -88.55916011721068 0.04429998097517751 0.9978833631801136 -0.047605726272629066 -8.539724009082937 0.9078298561773087 -0.020320384654345422 0.4188460745913534 102.61331035733782
0.41939463009760497 -0.06137665145057246 -0.9057268080950271 -89.617164684586 0.04199423182255681 0.9979554379391374 -0.048181203610306526 -8.618015423624875 0.9068321943661489 -0.017828363481245082 0.4211146170778863 103.09330032005758
0.4234420150603626 -0.061598858166648965 -0.903826554463954 -90.55768417247366 0.039988665095581806 0.9979840952832301 -0.04928135778959615 -8.68480823475607 0.9050402016184095 -0.015275019943615372 0.42505165241442094 103.53452687600912
0.4285525129035598 -0.06197383983952839 -0.9013889209767263 -91.55154161686933 0.038656428145743674 0.9979889499172676 -0.050236803302385696 -8.761588753680819 0.9026895503145339 -0.013315367759626986 0.4300863596237032 104.00058576723939
0.4339827947158178 -0.062452481396087126 -0.8987539270891215 -92.5368794974379 0.038303711659040465 0.997971437270913 -0.05085111665017163 -8.825948641737568 0.900106526786573 -0.012357101557390436 0.43549459523318035 104.48117264897297
0.4407148610863965 -0.0614610475637687 -0.895540591402735 -93.5401091803329 0.03717356179715334 0.9980470275180378 -0.050202162958604406 -8.893961898795379 0.8968771027966482 -0.01116559424183084 0.4421388831400334 104.97240396383664
0.44856033707081877 -0.05978831203049248 -0.8917505154197871 -94.48726155483924 0.03544063156307498 0.9981650909124369 -0.049095956230395 -8.968140190403 0.8930495986457425 -0.009581702787654744 0.4498562051704589 105.45342274667958
0.4577809646353396 -0.05938742295207305 -0.8870793213758551 -95.45391265663984 0.03504774360374175 0.9981964143509651 -0.04873986094730691 -9.036388593090097 0.8883739325789687 -0.008777948051111721 0.4590367126300341 105.93351287736074
0.46753045377775515 -0.059287935911695344 -0.8819865165895084 -96.4175619797818 0.03458931369704794 0.9982111633150894 -0.04876528284653999 -9.099784727310947 0.8832999797171578 -0.007708053481037655 0.46874484716442566 106.42181188575479
0.47660207215076444 -0.060159837726696565 -0.8770582983737701 -97.29720519283087 0.03338014740214637 0.9981747407525147 -0.050328448049398046 -9.159372665085332 0.8784851908717679 -0.0052896926515169146 0.4777402940622079 106.91607995594454
0.48740417500600597 -0.06179166023523662 -0.8709873483077042 -98.21421801757332 0.031650930580636366 0.9980876422579915 -0.05309686398708584 -9.223915637371846 0.872602652288023 -0.0016879269108680205 0.4884278474070147 107.40488782249712
0.4992352880872449 -0.06264477310499489 -0.8641989120168271 -99.16370292089978 0.03005020260940143 0.9980347870031477 -0.05498680982485914 -9.29953332369004 0.8659452133083118 0.0014820034429821492 0.5001366725348346 107.93123135135117
0.5113450716918851 -0.06069496904862012 -0.8572294549235964 -100.08445459792785 0.027710830020583655 0.998148619731417 -0.05414280033242782 -9.374968650578916 0.8589285928154851 0.003931114403559351 0.5120802854861296 108.47716633104822
0.5242021273076751 -0.05798024319955474 -0.849617808855621 -101.0233776889189 0.02604994168254542 0.9983044231173843 -0.052054580226932934 -9.451025860082636 0.8511953537610754 0.005154627317925329 0.5248236842528835 109.04283069698933
0.5369341929357203 -0.05543562422379545 -0.8418007864235948 -101.94272076126727 0.025277430462337255 0.9984478299827205 -0.049628442570947943 -9.526426343282015 0.8432453521755615 0.00536864691652542 0.5375020499166475 109.60639251705997
0.5490783768611986 -0.05515049353933094 -0.8339492545268191 -102.83264940025013 0.02574544783058106 0.9984630268957927 -0.049079077396526144 -9.595546408755515 0.8353742322932115 0.005477863128957499 0.5496543323181097 110.16795947714563
