1.0 0.0 0.0 0.0 0.0 1.0 0.0 0.0 0.0 0.0 1.0 0.0
-0.979631491574095 0.0030456678748191158 -0.2007806380692871 -0.009541277164474974 0.0038602062779037804 -0.9994145604384307 -0.033994634740651515 -0.0015500479845159808 -0.20076662950751 -0.03407726941605758 0.9790462196369177 0.09116891103509282
-0.9810110699606323 0.002545343040169538 -0.19393504542372786 -0.019142059756699456 0.004119586715654591 -0.9994148461424638 -0.03395576998578439 -0.004012213639145718 -0.19390799266659361 -0.03410991848191891 0.9804265417873841 0.18502654170998034
-0.9824318164340347 0.0021603230538945317 -0.1866093756016192 -0.027471506103474732 0.004126277220706413 -0.9994370974586765 -0.03329357384952576 -0.006365856684208448 -0.1865762575849919 -0.03347866824828546 0.9818698889760802 0.2826946156332721
-0.9841014735178075 0.0013361913584982346 -0.17760209574420405 -0.03631961738018859 0.004402702472236888 -0.9994808838535856 -0.0319151848215909 -0.00972724377767437 -0.17755254442282964 -0.032189709596528206 0.9835847277001968 0.3866990692713861
-0.9860480463792728 0.0008582733529738582 -0.16645874443378217 -0.039931532066985506 0.004251880683997225 -0.9995305798734475 -0.030340425318359933 -0.013451031165915157 -0.16640664572747288 -0.030624879831625446 0.9855815263046633 0.501283319670532
-0.9882021763424412 0.0009635503460156483 -0.15315198412947015 -0.04678620866903022 0.0036117728862688227 -0.9995554948781574 -0.02959337350657966 -0.01599223727878686 -0.1531124219933862 -0.029797386288273837 0.9877594352886266 0.6290426817879802
-0.9905041737547113 0.0021643632460613864 -0.13746562227057357 -0.05038591259874093 0.001862271960703443 -0.9995731217669926 -0.029156580460221994 -0.023434359946121024 -0.1374700466197683 -0.029135713012180063 0.9900773184502464 0.7696571226967359
-0.9928825019922847 0.003628855845892521 -0.11904271772263363 -0.05296614271982889 -0.00017695950429470384 -0.9995795442324584 -0.02899488640026948 -0.028941281649944715 -0.11909788378839783 -0.028767449613763523 0.9924656809783625 0.9240379009586092
-0.9950441069608638 0.004958146272460119 -0.09931083519937856 -0.05171228792175891 -0.0021050716529114966 -0.9995826043307284 -0.028812944881328968 -0.03207661388772996 -0.09941224208211646 -0.028461094584349377 0.9946392171130531 1.0899543100385019
