1.0 0.0 0.0 0.0 0.0 1.0 0.0 0.0 0.0 0.0 1.0 0.0
0.9999984530020273 0.0007908352865543697 0.0015711693421787973 -0.00016596465430247415 -0.000789276337508498 0.999999195899127 -0.000992594560956196 -0.019039071509820215 -0.0015719530576042205 0.000991352938630395 0.9999982730899767 1.200357999203504
0.9999938550222327 0.0012646929190478448 0.0032696283572101834 -0.008899014470643956 -0.0012630158591408623 0.9999990698162248 -0.0005149345829420819 -0.04208102653246146 -0.003270276549975769 0.0005108018262118313 0.9999945221713872 2.4298593847372567
0.9999908257396178 0.0007538208582907749 0.0042166563424961044 -0.00673651481062481 -0.0007534272273206115 0.9999997116669441 -9.493914697748156e-05 -0.06654557316053707 -0.004216726693803984 9.176133228433491e-05 0.9999911053583663 3.6406776255245124
