1.0 0.0 0.0 0.0 0.0 1.0 0.0 0.0 0.0 0.0 1.0 0.0
0.9990958417861674 -0.001678269260647918 0.04248155291274571 0.09451626139129878 0.0017891750092031554 0.9999950897794005 -0.0025727941766033944 0.016406296530394406 -0.04247702647756894 0.0026464748964397417 0.999093938722604 0.598740844163269
0.9963900337914161 -0.0072643402736567156 0.08458208983898088 0.1977809155866769 0.007894094204667372 0.999943539778852 -0.007113405037498771 0.03518036143991678 -0.08452564012078669 0.007755424870901979 0.9963911227762134 1.0875964987129398
0.9922753992582133 -0.007342152756704235 0.12383708983923554 0.38931689290185756 0.008635600821083387 0.9999135933840678 -0.00991121406387682 0.04512153318358685 -0.12375361984771428 0.010904061567063264 0.9922530639992649 1.545038064377628
0.9855303581412791 -0.00511735753469204 0.16942173955483078 0.43062937344131935 0.007242414836635603 0.999902637571298 -0.011927397255706337 0.04035632031037543 -0.16934420748657708 0.01298183460931009 0.9854714665381844 1.9589295385079883
0.976715081569576 -0.0080184050238007 0.21439065888095907 0.6133557864536345 0.010702191744155494 0.9998781947782469 -0.011360400471178034 0.02467025109214315 -0.21427345268700182 0.013390324412369543 0.9766819270805225 2.8863893339583813
0.9656314642455053 -0.00961297066716783 0.25973730200730644 0.6892867495085517 0.013589020761793628 0.9998163023138645 -0.013516661650220826 0.02256364993298914 -0.2595596535939631 0.01658168937060333 0.9655847108378421 3.133182203406464
0.9521362860473719 -0.015448932726090214 0.3052831853698185 0.6685405357797047 0.02097347711812754 0.9996701143786887 -0.014824833074090622 -0.020368634752800194 -0.3049534489876999 0.020518111407339855 0.9521462078141061 3.6794866434289784
0.9383380764159774 -0.005028154910222791 0.3456824728072907 0.6445796713400069 0.009649996063093677 0.9998855649770956 -0.011650516143784232 -0.007383741659349914 -0.3455843340256424 0.014267957409282637 0.9382792193517987 4.196766951134343
0.9241229901120896 -0.01903851058930861 0.3816205370008701 1.0137486731632712 0.025937025940388693 0.9995798143684378 -0.012940842033150164 0.004337709835183041 -0.3812138111764307 0.021857031401819552 0.9242284892528694 5.056675638087367
0.9054698981192758 -0.019498938300436107 0.4239623273417408 1.4112046317341418 0.026744462723018197 0.9995801602266884 -0.011146165028612839 -0.017747766081494747 -0.42356699271015763 0.021431161572433903 0.9056112344710231 5.892615568801478
0.8845053408664877 -0.019340209231584655 0.46612901463601064 1.8652941041889488 0.027047870829153744 0.9995856003366159 -0.009850902664039637 -0.04646578376583949 -0.46574533241060956 0.02132097339629448 0.8846619136320757 6.73998936697939
0.8614231684053183 -0.01974441160843007 0.5075039735261007 2.33745845184075 0.027858613652008788 0.9995765962315525 -0.008397970679385401 -0.06779221386221829 -0.5071232814414384 0.021372563636134042 0.8616084905243727 7.547277232009017
0.8374371905108403 -0.021717594524215105 0.5461019117686678 2.86135726086607 0.030287902074162643 0.9995187829202732 -0.006696684069115473 -0.09838785072905688 -0.5456936823321835 0.022148333518741153 0.8376919818078037 8.341183439506864
0.8121883256714553 -0.024706652075475267 0.5828719456160341 3.3833987304657285 0.03402789369711673 0.9994081115830026 -0.005052618393883938 -0.1155662428226649 -0.5824021171781034 0.023937582278039382 0.8125483161395056 9.052905874153272
0.7828822055320724 -0.022376416105867637 0.6217674390505635 3.9210037247105674 0.033617692347497875 0.9994145196006838 -0.006361507098404745 -0.11551421656712009 -0.6212610586721722 0.0258826971854005 0.7831760868182466 9.747118588384351
0.7532011048273504 -0.026349822648094046 0.6572623392019916 4.511793973281969 0.0389369255095036 0.999231261108525 -0.004560992801347906 -0.12215379434187533 -0.6566368947285306 0.02902711955879485 0.7536480709266049 10.393494932812919
0.7223641155587056 -0.025921292405447553 0.6910268961141247 5.1802252840621374 0.039321163406898035 0.9992200582902946 -0.003622322275598911 -0.1349110632735761 -0.6903940401404245 0.029788617127546636 0.7228199690297793 11.064101199625425
0.6889715938276249 -0.025061607196702463 0.7243549259467638 5.865648135499115 0.04040810740674167 0.9991757865576658 -0.0038642480090236085 -0.15127146387965415 -0.7236610586140646 0.03193216875798144 0.6894164262939952 11.710549017552616
0.6552342351182585 -0.026405943833639343 0.754964120511198 6.555565763097972 0.04515259011592155 0.9989710716100262 -0.004247551311018479 -0.15813602414605377 -0.754075155892843 0.03687172652007005 0.6557523427702063 12.308090235728466
0.6190057867331924 -0.025450171948833214 0.7849739643699005 7.2764212010234655 0.045463780610154714 0.9989599841116836 -0.003463350432253251 -0.1824387988913968 -0.784069436111021 0.037831718059846205 0.6195190719140019 12.88182675079276
0.5830793890971331 -0.024002879193725034 0.8120605197893362 8.038427516693154 0.047967036756611764 0.9988368123271724 -0.004917898421347245 -0.1951272392309008 -0.8109978972814325 0.04181966200848923 0.5835525053280047 13.422037009003052
0.5494667985383257 -0.023403147896436802 0.8351877213971611 8.809242647270313 0.05453008081865449 0.9984809057332222 -0.007896275835793078 -0.1786207164645849 -0.833734194806687 0.049881595350403825 0.5499082822210845 13.951374118790119
0.5085377888846426 -0.02504708607911782 0.8606752934500126 9.58312602582813 0.05906189667210631 0.9982371993897167 -0.00584688943527426 -0.15529724479298213 -0.8590116469744823 0.05380647947524675 0.5091206665699863 14.58106737718828
0.474318876716655 -0.026815343873807834 0.8799446235549039 10.371892958628228 0.06408230854302199 0.9979360644989963 -0.004131453019434699 -0.15388599022346125 -0.8780176882740164 0.058348509022804564 0.47505830228801144 15.059876260434418
0.43780634898405957 -0.027420786984157598 0.8986510453064741 11.200038649640234 0.06742585397880863 0.9977213893146644 -0.002404894850951079 -0.16698993026519848 -0.8965374253228229 0.0616451923931235 0.4386576287383341 15.458219700994821
0.4030970217237592 -0.02490377843430374 0.9148183387411577 12.074836189057619 0.06832900466906741 0.9976584840625217 -0.002948948796725905 -0.18016696663014947 -0.9126028370536493 0.06369733901636912 0.4038548140159575 15.840567928623638
0.37028155195326135 -0.025596020327860868 0.9285668613656537 12.957426386521677 0.06847794293170285 0.997652611799959 0.00019365062004578952 -0.18370038735583177 -0.9263921111575412 0.0635146432887404 0.371165120226803 16.176731790656675
0.3372718454029728 -0.02702549456534915 0.9410193010464624 13.938532000442272 0.07039854878864715 0.9975130941448304 0.003416334008731182 -0.1855315704272021 -0.9387714027530476 0.06509415990014032 0.338335637673552 16.527774225350427
0.30482040773508867 -0.026772680261810587 0.9520334776780774 15.120227292788583 0.07057398615051882 0.9974916329735819 0.005454780153537182 -0.18217165212618294 -0.9497914673795714 0.06552606915797644 0.3059452610413556 16.911957327294033
0.2727819664733809 -0.02357703543020824 0.9617869421900255 16.057349541114515 0.0674667368936811 0.9977073261366473 0.005322667205529681 -0.18414617805244168 -0.9597073711188389 0.06343669894930477 0.27374723203455587 17.185788733093776
0.24228590035608272 -0.021753377014339253 0.9699609956473073 17.006731057154568 0.06687042489642868 0.9977455404659843 0.005672984612370965 -0.1793632359294637 -0.9678976644061147 0.06348721972738396 0.24319433416194805 17.410091431118335
0.21199474364546547 -0.02166338638512865 0.977030668073947 17.617438739035403 0.06845259494044544 0.9976279006222297 0.007267334174366027 -0.18387965427897868 -0.9748704893023539 0.06533964792077804 0.21297478605923276 17.54329454255722
0.18145420346671742 -0.02192892483672111 0.9831548679123578 18.23292137846924 0.06974165680489114 0.997521008134627 0.009377613565633765 -0.18607142074584102 -0.9809232759754282 0.06686524198403099 0.18253373952244828 17.662975871572804
0.15114398873383908 -0.022297688531155706 0.988260242929864 19.087138838902206 0.06791365268968703 0.9976175567791374 0.012122136130614351 -0.18065444595045055 -0.9861760646294189 0.0652841748986089 0.15229821423719356 17.794814382039693
0.1216705006893326 -0.022594002682516018 0.9923133579191558 19.80635782642096 0.06808444016894241 0.9975761289016705 0.014365794528658894 -0.17860596496755715 -0.9902326990505246 0.0658132060329871 0.12291388710300698 17.888955773444774
0.0945427743039857 -0.022336429023348453 0.9952701883234479 20.46641703653085 0.07062482339788138 0.9973797819578518 0.01567497565313341 -0.17449511583997318 -0.9930124864003078 0.068808825598125 0.09587255797611283 17.952377343823223
0.0692078376141431 -0.021832506320891065 0.9973633324323306 21.13709927062532 0.0742335825196461 0.9971014482258361 0.016675646081617777 -0.16699831714047042 -0.994836494324103 0.07288376783405712 0.07062794027322307 17.994564587874766
0.04687531919757616 -0.021501544667802294 0.9986693086437696 21.85635387139329 0.0782007709833513 0.9967788850115488 0.017790272981137816 -0.15914996181833305 -0.9958349983143456 0.07726278516875038 0.04840576577467548 18.013767301949873
0.02650760357122536 -0.02154117944637308 0.9994164920297097 22.616362448865704 0.08364085734299676 0.9963099020165064 0.019255807611946296 -0.14603102041534277 -0.9961433400549528 0.08308162692147397 0.028211510633813913 18.02218671279716
0.008528031172596671 -0.022388974725962345 0.9997129620521285 23.540830317828604 0.08792595900974257 0.9958938080933752 0.0215533926214171 -0.1397317412973973 -0.9960905071410602 0.08771691291875312 0.010461585514041461 18.039645902214897
-0.006906638980233598 -0.022349530003236508 0.9997263609841606 24.37391403767701 0.09094065627226391 0.9955933183448693 0.022885399359026126 -0.12692192000592792 -0.9958323630886703 0.09107383255187303 -0.004843722695069768 18.035292111221167
-0.021183713950257022 -0.023183815519569214 0.9995067588371923 25.165271162797847 0.09307404497877902 0.9953437720308546 0.025059880899133743 -0.11636967430192148 -0.9954338111670512 0.09355899837720122 -0.018927266260423292 18.01696262224276
-0.03453454041113058 -0.02431524568186032 0.999107669045746 26.098426831610677 0.09307915065701007 0.9952805382695993 0.027439421545409445 -0.1016908050036448 -0.9950596149133782 0.0939437010619011 -0.0321083135531991 17.984016556789722
-0.04674258025878373 -0.02411019456887728 0.9986159570668812 26.963980080612284 0.09257638869914851 0.9953015262494505 0.028363428934789228 -0.08360162953394187 -0.9946078339959799 0.09377403885599447 -0.04429092672838429 17.94555005742059
-0.0579402637552429 -0.021184553288681282 0.9980952562445796 27.807526612504226 0.09266265617270439 0.9953447142993664 0.026505317717998786 -0.0648937213261797 -0.9940103409859433 0.09402188265649612 -0.05570751829633066 17.897506734985747
-0.06805946108846304 -0.017844812500228444 0.9975216651397506 28.696272945251444 0.09333449434530497 0.995341295958911 0.024173885168547623 -0.05375427521149534 -0.9933058853755239 0.09474844181129101 -0.06607685565066015 17.846257523598673
-0.0776016374782162 -0.01529518568399717 0.9968671140907361 29.620574160535217 0.09435986987387639 0.9952812245048013 0.022616345982689356 -0.03651985516003588 -0.9925090431920929 0.09581931664917914 -0.07579220104205782 17.780878128532486
-0.08509817261869342 -0.014067971358180475 0.9962732522751103 30.748900868862435 0.09387580169794706 0.9953391895323086 0.022073324097988074 -0.012319191880463112 -0.9919403383634148 0.09540434981190601 -0.08338090407545773 17.694325051221753
-0.09079503544082118 -0.01336050925250936 0.9957799748598155 31.662174453995124 0.09339585911781607 0.9953888031518573 0.02187107815262962 0.00874049545354175 -0.9914804461203176 0.09498751156034675 -0.08912854541967967 17.61059548406879
-0.09593887405909081 -0.011583267057557712 0.9953198281801425 32.79692695559266 0.0941412585255053 0.9953445019261296 0.020657829718030554 0.0353409168934409 -0.990925403795617 0.09568255018392058 -0.09440176747706376 17.504016100923675
-0.10077435018636609 -0.009969187512540063 0.994859359731242 33.84316861367041 0.09300126082145072 0.9954770528447945 0.019395946614250776 0.05304743598315488 -0.9905530252490954 0.09447778871132724 -0.09939140611784114 17.41036861535584
-0.1049738648518515 -0.009068152330036673 0.9944336359513318 35.021787772025114 0.0931837241125467 0.9954692593825532 0.018914205901069223 0.07333778494490906 -0.990099631985883 0.09465052687476451 -0.10365325129366401 17.29084240562651
-0.10829193451514886 -0.00989659060520692 0.9940698740095493 36.21897997513364 0.09274769064249497 0.9954884667315251 0.020014456899982668 0.098114625476869 -0.9897831695878899 0.0943650894076308 -0.10688548592600897 17.17421263730366
-0.11081697055667086 -0.0120002513823516 0.993768379957525 37.52306442660133 0.09336324228772443 0.9953794068212716 0.022430815091236896 0.11419669679532454 -0.9894457559796619 0.09526715301138151 -0.10918454804110513 17.04040678299377
-0.11306253221357841 -0.0133265056546002 0.9934984992723908 38.79845963627223 0.09316258202040485 0.9953627260895965 0.023953639029975642 0.13745341555554674 -0.9892105929076699 0.09526514451007234 -0.111296698606608 16.89706621225448
-0.11513526812542212 -0.012459320590328981 0.9932716825542325 40.139926885584146 0.09544045496292054 0.9951566244597992 0.023545962504196685 0.1710978874732204 -0.9887542614776216 0.0975092719909534 -0.11338850155829897 16.736308361138477
-0.11615382778462599 -0.012675662136133836 0.9931503490813419 41.22968354865269 0.09516845344126497 0.995175866070635 0.023831933621918308 0.19548106001241172 -0.988661344324019 0.09728475307041873 -0.11438716300114454 16.612409703729785
-0.1167589397642606 -0.011316704819011869 0.993095807149122 42.59446942290381 0.09689418241932383 0.9950350907818858 0.02273071767400249 0.22517437335683255 -0.9884224134439769 0.09887922079347 -0.1150827193668087 16.452884273392705
-0.11669875406671526 -0.010914515464206248 0.9931073829911139 43.94463071039123 0.09670365798528828 0.995063381574735 0.02229953320852292 0.2561614824967912 -0.9884481793860213 0.0986394444491414 -0.11506718327665821 16.291330117609775
-0.11632519662667852 -0.00949288344481241 0.993165813846645 45.27315169389896 0.09585064189615707 0.9951796625283633 0.02073870145471361 0.286300982146206 -0.988575289534317 0.09760801429102176 -0.1148545709508527 16.141820361150153
-0.11517204913032889 -0.00963968652260201 0.993298784627701 46.625520864878574 0.09620919807623196 0.9951435128401407 0.02081295408425757 0.30929227954235994 -0.9886754721872333 0.09796155008946641 -0.1136852910425069 15.98050082704229
-0.11371383022037002 -0.010683780543084291 0.9934560995081368 48.06373637205742 0.09553757948772988 0.9951906201880448 0.02163793879649106 0.3354653106919555 -0.988909366788604 0.09737292397295169 -0.11214623468810365 15.81692230896844
-0.11271179092598736 -0.00995150926818225 0.9935778880639117 49.34713993813247 0.09640926439405786 0.9951222488296432 0.020903674873829124 0.35641925853550316 -0.9889394854718119 0.09814620393840717 -0.11120259316772899 15.674109164375274
-0.11170845955401096 -0.009186256750603885 0.9936985623170556 50.9432055684093 0.09636047853306924 0.9951448991965397 0.020032168629160584 0.38674712816176576 -0.9890580762730501 0.09799103168158416 -0.11028091162586111 15.513679541261046
-0.111005493923848 -0.008605921878255983 0.993782530751748 52.47342681454328 0.09750643150232999 0.995043678264409 0.019508310068198288 0.4112731536504878 -0.9890249117865549 0.09906571785769745 -0.10961618224940664 15.355434807133378
-0.11009778510358635 -0.008733594274331706 0.993882388437554 53.86615295740388 0.09678000638123649 0.9951154371454624 0.01946527985011504 0.43868620182826584 -0.9891977092978588 0.09833102809310425 -0.10871476824250155 15.202911081756957
