0.9999799690047003 0.0004702970421707941 -0.006311926017531946 -0.008433909939144597 -0.0004681078012661166 0.9999998297759141 0.0003483148420715003 -0.0015151839148607764 0.00631208875453008 -0.0003453532031687193 0.9999800189337386 0.09127859737043445
0.9999097610566478 0.0009475463572162848 -0.013400444005281118 -0.01628864600874522 -0.0009434005518944271 0.999999505165563 0.00031569610011330113 -0.002991863178472381 0.013400736510969605 -0.0003030256257605978 0.9999101601826205 0.18531909216723336
0.9997749462733672 0.0010783369072626542 -0.021187118577112873 -0.023257524640419094 -0.0010854497827260245 0.9999993583399466 -0.000324219777475431 -0.004361702573268863 0.02118675536403312 0.0003471443638623741 0.9997754752382833 0.28311239585701664
0.9995467149914303 0.0016644303534395217 -0.030059844002239662 -0.03865477159722104 -0.001714603648453584 0.9999971796574876 -0.001643414554798588 -0.005732132350442799 0.030057023874115418 0.0016942103378162186 0.9995467497656936 0.38639628173132246
0.9991419843794096 0.0017870351555810857 -0.04137754893330987 -0.05479794533094082 -0.0019200953680891795 0.9999931123411225 -0.0031762405595757636 -0.0067376485717710365 0.04137158788532509 0.0032529641356106257 0.9991385339081761 0.49995177406297114
0.9985062986200219 0.0015332022050981095 -0.0546152076544787 -0.07580175196137118 -0.0017515730587967387 0.9999906618977913 -0.003950709940856255 -0.00868655586513606 0.054608640414894445 0.004040471286293879 0.9984996599818259 0.6261696047979338
0.9974961008402424 0.0014914331760024584 -0.07070575956451011 -0.10013674614550458 -0.001787067981787715 0.9999899236641695 -0.0041181255634928325 -0.0082863294021791 0.07069890520044324 0.004234170191400342 0.997488715027017 0.7649082509163723
0.9960277886631496 -4.550957912223086e-05 -0.08904292301847569 -0.12921896141883277 -0.0003360890326169223 0.999990824637087 -0.0042705603614091045 -0.00878169114694948 0.08904230036874684 0.0042835231429854655 0.9960186344514473 0.916646142826936
0.994049077343515 -0.0012779548470964624 -0.10892565659161745 -0.16183334875905864 0.0008004710359416824 0.9999898795726498 -0.004427188543257835 -0.011557157123824026 0.10893021196448124 0.004313650853478701 0.994040040107886 1.0793368180000997
0.9913590285797867 -0.0014881595743320769 -0.1311680671292465 -0.20257447793846295 0.0008800957202101157 0.999988597662765 -0.004693610122221271 -0.016109938402365732 0.13117355634755223 0.004537612316788841 0.9913490344926948 1.2486305376032885
0.9878902787400844 0.0018734059127976412 -0.15514279719382437 -0.25565710255968876 -0.0028511643586917055 0.9999774517542731 -0.006080036581282751 -0.0213183293720732 0.15512790861942913 0.006448746646900074 0.9878733449354965 1.4223079612288863
0.9835458965328713 0.006103735586647876 -0.1805552929859406 -0.31665068408695296 -0.007578699015456651 0.9999433025662231 -0.007480305754933641 -0.02798328451407304 0.18049939815573818 0.008725598251264205 0.9835363903794176 1.6008496562413799
0.9782751182979504 0.008980757290340717 -0.20711624493897962 -0.3875043930364438 -0.010911564340479447 0.9999069933868507 -0.008181829851037914 -0.036608192601201135 0.20702350273042677 0.01026404279802795 0.9782821263534695 1.7843231614846946
0.971690508704445 0.009631066198163066 -0.2360610045254909 -0.4626266445880941 -0.011984047134869547 0.9998917630448607 -0.008534917065130345 -0.03897468716011858 0.23595325364988398 0.01112226410970485 0.9717007550337232 1.9748786438230683
0.963784763776085 0.011493512719224361 -0.2664335344479917 -0.5474510695264422 -0.0140730944217449 0.9998707436630643 -0.007774572661357545 -0.04571639860077303 0.2663097390755225 0.011242558963292258 0.9638219377776605 2.169026920638225
0.9545622418577049 0.013182874144315019 -0.29771989898038087 -0.6441954871913839 -0.01598901509640635 0.9998477204027177 -0.00699195264106356 -0.04700663970658009 0.2975823882823713 0.011434501947314369 0.9546276626776417 2.365196564927754
0.9435828741300476 0.015364200979362872 -0.3307798376212567 -0.749251654580774 -0.018357685102812042 0.9998139135114787 -0.005927372649529584 -0.050416311377508544 0.33062721461813344 0.01166531941809325 0.9436893372698076 2.5619669754323873
0.9314820691137718 0.01774919868038118 -0.3633539883718509 -0.8644587606320338 -0.021215860295423824 0.9997595035558668 -0.005551785447125326 -0.05294575110379794 0.3631680632867542 0.012880256050646223 0.9316346155079351 2.754229702945187
0.9181276003394011 0.02060232650843371 -0.3957489780624245 -0.9929237920682743 -0.024595951205044805 0.9996848731944954 -0.005019311748025121 -0.05283718841463369 0.3955208574517058 0.014342191204439358 0.9183450075391727 2.946919802704648
0.902513164760269 0.02102525065017953 -0.4301487257559891 -1.1233919967411665 -0.02544193456741672 0.9996660916658395 -0.004518090195170798 -0.05094238394685581 0.42991010153271736 0.015021451615657445 0.9027467311441717 3.141651594352862
0.8847592171740833 0.016676474794359172 -0.4657499573955288 -1.2605854245806658 -0.021517090937945575 0.9997555848424006 -0.005077930089787923 -0.05199106809734714 0.4655514390731405 0.014514329638729303 0.884901797835255 3.3341032877252075
0.8642314300296061 0.012147538047857568 -0.5029477832423148 -1.4075970599757888 -0.017195370029917088 0.9998375739888552 -0.00539860070886942 -0.057089422807229506 0.5028005117325528 0.01331401364936315 0.864299937777406 3.526056402579784
0.8397428964077369 0.013789506029695897 -0.5428090985385216 -1.5717959715855656 -0.018000198628682924 0.9998349886602647 -0.002447100336213077 -0.062433487417967296 0.5426857845771101 0.011825606715281572 0.8398525431548934 3.7162329209397456
0.8116201711122598 0.019589103124602273 -0.5838569729672504 -1.7638583500172176 -0.0232438492965463 0.9997290675822085 0.0012308131810222895 -0.06784550677374038 0.5837228977122506 0.012572130685799873 0.8118556030578548 3.896189433444971
0.7794974681304907 0.022672328521943928 -0.6259949382363634 -1.9622864867867078 -0.0264797044033941 0.999644125453141 0.0032322904778048413 -0.07368164045327517 0.6258454461229742 0.014056598678808615 0.7798204213796397 4.075821671034147
0.7442039558657383 0.02226839329835962 -0.6675811491749124 -2.1735982282500625 -0.02617927665535042 0.9996486037758424 0.004161062702046629 -0.07676053356553518 0.6674392238605624 0.014380112270678242 0.744525415834472 4.251200665226787
0.7046240040956111 0.018381708004410448 -0.7093427420246926 -2.391133372742165 -0.020430526702928976 0.9997755171157499 0.005613283760421463 -0.07900549397837424 0.7092866884630715 0.010536991353071224 0.7048413760430895 4.430760712989447
0.6629427151441709 0.01488627670644908 -0.7485221140374507 -2.6331988631226224 -0.015354256694313256 0.9998623568192301 0.0062860335076077205 -0.07951889716192344 0.748512660706979 0.007325720559280264 0.6630800333139637 4.597507477735564
0.6182012884734323 0.013966708824798767 -0.7858957297087141 -2.8867633043803003 -0.013057167862291682 0.9998866337820231 0.00749866331217164 -0.07252147407748141 0.7859113673291699 0.005625889143651851 0.6183135709930188 4.76477073385094
0.5708696183739569 0.014363268096196159 -0.8209150841269579 -3.1664268943576057 -0.011006388921226682 0.99989100274925 0.009840834518124746 -0.06727730117843195 0.8209669531841635 0.0034174772413596045 0.570965482869864 4.914729988058685
0.5202926614583595 0.015204344970916637 -0.853852665467868 -3.462935386823119 -0.00936633397005287 0.9998829564455012 0.012097321925312246 -0.06806737030722694 0.8539366593726605 0.0017033214049525299 0.5203741735286762 5.0518544338228075
0.4684586174542742 0.01653483344331336 -0.8833306985584913 -3.777896180623111 -0.008370842969195826 0.9998630409658353 0.014276844838290746 -0.06345217169545736 0.8834457836906665 0.0007061115729482367 0.4685328683087572 5.172388793652044
0.4153802969036424 0.018331030085040525 -0.9094631285985504 -4.116021940065679 -0.0076873876572098885 0.9998319694401293 0.016641422910293434 -0.05584451750960061 0.9096153654238974 7.887644009915002e-05 0.415451418054214 5.275467779481086
0.36114004663017457 0.02034143282444541 -0.9322897043465642 -4.470669740280718 -0.007305125127033992 0.9997930906113067 0.018984496642493083 -0.05375527841847811 0.9324829767169129 -4.556905782324127e-05 0.3612139200759392 5.366566264613268
0.3070914779731293 0.023546161344821695 -0.9513886705454311 -4.845102276578081 -0.004924096057441727 0.9997198087716029 0.023152909702362418 -0.05330579517943863 0.9516672619326028 -0.002425332058149474 0.30712137719493143 5.44694838023379
0.25453982582800905 0.0255054469197998 -0.9667258914733112 -5.2322830751175 -0.00037268913421658906 0.9996546545219313 0.026276087902244522 -0.05280476361470163 0.9670622204234105 -0.006328022602560913 0.25446142725310106 5.512212523100946
0.20459956138114413 0.02594867434623802 -0.9785017556357867 -5.633506682189799 0.0023636878050311873 0.9996325506324738 0.027003271949414497 -0.051531856241975205 0.9788429048946541 -0.00783773026370396 0.2044630468366093 5.560386595444621
0.15826279582280325 0.027025923086494166 -0.9870270953422063 -6.054160223383412 6.597411027282028e-05 0.9996250556839203 0.02738144803210257 -0.0482273534256837 0.9873970240515045 -0.004398582753667796 0.15820167307583236 5.582513654459324
0.11661813533594763 0.027420964475822797 -0.9927982177753859 -6.491012011313348 -0.00200386821058773 0.9996232509254886 0.027374088502649992 -0.04033883583594604 0.9931748058740527 -0.0012028783695720723 0.11662914756040496 5.593873800326019
0.07948312144735972 0.026020384933890577 -0.9964965494033969 -6.941189800298616 -0.0034598042340362707 0.9996604393028192 0.025827037142408568 -0.03122681169553513 0.9968302077884917 0.0013948694510128037 0.07954615754119206 5.594503760435625
0.04579723244753918 0.023360639960563173 -0.9986775725932665 -7.40566295849004 -0.002581410042146634 0.9997259589607651 0.02326678538542885 -0.024497146301187267 0.9989474209498423 0.0015124419361553087 0.045844985516949883 5.584256930330925
0.014802356703136905 0.02076403546899471 -0.9996748196624118 -7.882919746884766 -0.0023034139534673552 0.9997824121742784 0.020732163204519368 -0.02243215405413574 0.9998877859641017 0.00199578005355934 0.014846964059555387 5.568719965542182
-0.011240811582385327 0.018959169685926147 -0.9997570675117979 -8.377412509120493 -0.003164257763635922 0.9998145556233581 0.018995837345873123 -0.01875165647501472 0.9999318134891877 0.0033770176910786183 -0.011178735337218231 5.536691893333858
-0.03162254442571642 0.01663199569081793 -0.9993614918553668 -8.886147319894572 -0.003588215221654517 0.9998532080127345 0.016753720129129422 -0.0122482690514201 0.9994934413969746 0.004115719376090135 -0.03155822330947405 5.497296300898303
-0.04762803208048402 0.01581631674116612 -0.9987399134333641 -9.414031789102236 -0.0032215634373628814 0.9998669971114119 0.015987795858888636 -0.004565407786809977 0.9988599461832275 0.003978971242615198 -0.04757074414691303 5.455632316033567
-0.06051785028605683 0.016251490820484386 -0.9980348084324845 -9.957244916051724 -0.0025300646316360033 0.9998617408825519 0.016434655222155307 0.0009246830431472279 0.9981639086691699 0.0035196825741939265 -0.06046836581935072 5.408710521902213
-0.06993944934448876 0.017448543699161684 -0.9973986273041326 -10.513808653527303 -0.003641690206576668 0.9998358856794842 0.017746543324249398 0.0006534130079768 0.9975445912428326 0.004873400280972511 -0.06986442908857465 5.354063189481597
-0.0767312788518081 0.01891259975327133 -0.9968724213340132 -11.088127288572966 -0.005373773584056191 0.9997977151208736 0.019381728419997295 -0.0014000606461968945 0.9970373279888944 0.006844151492463622 -0.07661412524538096 5.296703457122883
-0.08096001720391499 0.01980643992134676 -0.9965205369444142 -11.674903268891851 -0.005302041090104012 0.9997798348993814 0.020301972535772997 0.005707298185051437 0.9967032476994453 0.0069272408797813245 -0.08083717807527013 5.23495141192853
-0.08250874908691856 0.020501762429744712 -0.9963794377953542 -12.280498429325183 -0.003003118452469343 0.9997787218190586 0.020820390904315315 0.012670909372614381 0.9965858154738474 0.004710109884319919 -0.08242892247994857 5.182352284536111
-0.08130661792427994 0.022542786711242383 -0.9964341707554024 -12.901250912311884 -0.0012667020561510827 0.9997410432050398 0.02272095942513293 0.02009693255484757 0.9966883310983515 0.003109549579767377 -0.08125700802881532 5.124899866182248
-0.07990331492525014 0.025074573098390666 -0.9964871931178491 -13.538113746937226 -0.002013944592543099 0.9996774615172771 0.025316337838438206 0.022333985824858467 0.9968005840142428 0.00402972930917683 -0.0798270442303884 5.06864816338341
-0.07809273206413558 0.025058388349910747 -0.9966311265318096 -14.18988325517238 -0.004170701298777283 0.9996671025977427 0.025461524591224288 0.026695383630411573 0.9969373753899673 0.006145010751674899 -0.07796222414366065 5.002527579079615
-0.07650665648164026 0.02261190475287174 -0.996812636997268 -14.852545659557197 -0.006035016833560889 0.999713997410269 0.023140915146085784 0.03227288415305408 0.9970508061707888 0.007786215089937057 -0.07634831215393305 4.940829387230569
-0.07535747917163038 0.02245041563204339 -0.9969038214245373 -15.53396708622337 -0.006360108426035371 0.9997153604353388 0.022994502178754955 0.042947635221463644 0.9971362992859637 0.008073224113586543 -0.0751932423739363 4.88470748385886
-0.0733842084751212 0.02517151543640984 -0.9969860343841905 -16.231717681338925 -0.00607940225154109 0.9996515668667514 0.02568629457730244 0.05338416576677677 0.9972852143768827 0.007946047538404345 -0.07320561121781308 4.8218652834757325
-0.07174646582510988 0.028571774027454932 -0.9970135898625104 -16.946338073880536 -0.006938804609328242 0.9995511446510515 0.02914381953974267 0.06394723634593934 0.9973987656059139 0.009009048545522137 -0.07151600808283838 4.761440016889375
-0.06991969114708872 0.030768190444406995 -0.9970780086064843 -17.675540004562954 -0.007353113644575473 0.9994811697447077 0.03135798216530703 0.06985291429825631 0.9975255227359482 0.00952416833778465 -0.06965717269490593 4.70081646440976
-0.06818978238330076 0.030173036406583767 -0.9972159953854156 -18.414803298997775 -0.009040606021222313 0.9994828356592187 0.030859822834477937 0.08221974136763485 0.9976314053904317 0.011119761535810839 -0.0678817345248312 4.639506546227163
-0.06633493989499065 0.027162488284297435 -0.99742762894324 -19.167457479219628 -0.01137236898705233 0.9995438897045065 0.027976450418286395 0.09672134886197342 0.997732601939393 0.01319893119119544 -0.06599578200657873 4.571828694921475
-0.0645776524967182 0.026523341262165878 -0.9975601431323848 -19.9318905224258 -0.012292888292346022 0.9995497271114391 0.027372028220038817 0.1093691214327166 0.9978369664907418 0.014030516730947112 -0.06422252645931709 4.506516635569387
-0.06313436086223133 0.02885126506812699 -0.9975879194248928 -20.717328706430575 -0.009733135881831079 0.999516711633635 0.02952302882479593 0.12051867853880624 0.9979575735192474 0.011573576329406345 -0.06282303547683854 4.451996755788615
-0.06218228166826853 0.030913958118595052 -0.9975859316570026 -21.509443008495918 -0.007285867635327289 0.9994795011764852 0.03142678572179492 0.1306989738304069 0.998038215690827 0.009222468294598538 -0.061924680856881215 4.398570507932472
-0.0610154193590314 0.032614054449486764 -0.9976038502596144 -22.309750783896963 -0.006507341083885824 0.9994317933166976 0.033071816094473384 0.14295120582361937 0.9981156110954584 0.008509639248206075 -0.06076851921353651 4.340661038122762
-0.060489221635940386 0.028113484784498752 -0.9977728629498547 -23.110649955372857 -0.0062983163967195895 0.9995726364774228 0.028546026275817083 0.15332401868000328 0.9981489794997768 0.008011016093142146 -0.0602863031269176 4.2873381517168285
-0.0601912570508649 0.021283152730603883 -0.9979599390679379 -23.91656349271118 -0.004962202481338868 0.9997539305697442 0.02162070435671193 0.15955495018797616 0.9981745283872814 0.006253456659475249 -0.06007083450924615 4.232005354828697
-0.060045941827248726 0.01677562226242777 -0.9980546394700978 -24.736500652346557 -0.001929355528960432 0.9998549519382967 0.01692195827049887 0.16775098158403856 0.9981937499590559 0.002941697158779684 -0.060004866140210396 4.170334138903198
-0.060735017422975116 0.017527411057184666 -0.9980000238077468 -25.56675873580036 -0.0007373585075860307 0.999844753678975 0.01760468241861556 0.1729707174421585 0.9981536524809509 0.0018051045015462118 -0.06071266454930449 4.118877313718551
-0.060783707122454324 0.024860924937781505 -0.9978413077036296 -26.410236722570176 -0.0010522029620200078 0.9996876217126884 0.024971020470828137 0.1756064067142388 0.9981504064104663 0.00256776277443926 -0.06073856087326954 4.06132282439247
-0.06095474355414003 0.03183144595646938 -0.9976328374139302 -27.2571737054527 -0.002317325634121363 0.9994841541404562 0.03203210302245663 0.18633564398511993 0.9981378408016376 0.004264348772814127 -0.06084953647637268 3.998601612987319
-0.06130791869973923 0.037126822865284466 -0.9974281618886824 -28.103686580083338 -0.004323216557656556 0.9992887084027563 0.03746180798287541 0.1977636300121352 0.9981095375274713 0.006608803422709425 -0.061103803596979915 3.9368759535931948
-0.06168346826114506 0.03750716637878684 -0.9973907770846441 -28.949442642332944 -0.005919193198388105 0.9992623504026426 0.03794361895847183 0.20894758401917757 0.9980782098088091 0.008244242719592293 -0.061415955311499196 3.871135707070073
-0.0618732674602497 0.034129913148159004 -0.9975002996502264 -29.789713364262028 -0.005989996596172205 0.9993844687640151 0.03456593024995184 0.2201805379726704 0.9980660392552043 0.00811373044695318 -0.06163074446787104 3.8034548644942223
-0.06234388385009611 0.03142900053924304 -0.9975597516297405 -30.62792299781497 -0.006310144842340426 0.9994716695435647 0.03188359847739342 0.2333041351158425 0.9980347800645801 0.008282493881870499 -0.0621126241318337 3.7444489443631475
-0.06227870592336992 0.03264979553887334 -0.9975246130496128 -31.470281399695114 -0.00791317424437079 0.9994172088704198 0.03320578695103212 0.24537197361196472 0.998027426708249 0.00996159951658752 -0.06198404692485459 3.6774839988545627
-0.062194093918350346 0.0349992331034727 -0.9974502235018267 -32.309624223316504 -0.008724278481984524 0.999327713588097 0.03560909742965587 0.25628150226480634 0.9980259423715622 0.010916709071635331 -0.06184693861785858 3.6130127328815576
-0.062010893740340245 0.033412561282281844 -0.9975160398740873 -33.15130900797524 -0.009667974890260904 0.9993724896338217 0.03407575713931521 0.2654622113849406 0.9980286465422955 0.01175702818122288 -0.061648949458206585 3.547815510274817
-0.0617544055430216 0.028376801690805396 -0.9976879023631731 -33.98369809852576 -0.010612123550123195 0.999520584849462 0.029085791994473607 0.27512804792816936 0.9980349574187197 0.012383763078707926 -0.06142366141989243 3.490754497128147
-0.06162329668745843 0.024245556274289256 -0.9978049520353762 -34.8181609760374 -0.011959730273289922 0.9996152039277173 0.025028162703999185 0.2852066874843621 0.9980278223362113 0.013475795987546604 -0.06130961397156642 3.4275398042346668
-0.060865160388684794 0.024886420353761762 -0.9978357070845056 -35.654584498583695 -0.01158344372454993 0.9996042035319127 0.025637084717458323 0.2952491400631443 0.9980787825028344 0.013118779032586292 -0.06055279972350088 3.3584855028666807
-0.06037804044649101 0.02735352347581289 -0.9978007200765591 -36.492302381976664 -0.010414953074497822 0.9995527741813358 0.028031774450631063 0.3003012995306484 0.9981212456331637 0.012084551288864633 -0.06006615216450104 3.299412669676598
-0.06011476406245682 0.03227530586762626 -0.9976695443747223 -37.333542598728954 -0.010103581013388888 0.9994062514442599 0.03294028270732055 0.3078815564457623 0.9981403372233892 0.012060232389282012 -0.05975297484055142 3.2432070135233433
-0.05943704451291124 0.037826973598628855 -0.9975150915188896 -38.17515519653404 -0.00915065727768854 0.9992191326858635 0.03843683579454222 0.32145441700612776 0.99819011376138 0.011412490651867179 -0.059044490396349805 3.1821388690164762
-0.05957933952838705 0.04097093175247757 -0.9973824166550636 -39.01024475689972 -0.009387027621180955 0.9990901720659653 0.04160182440276604 0.3342563675133969 0.9981794357798605 0.011841065515114067 -0.05914053731296756 3.1215301227238923
-0.05935774292341626 0.04092021839729274 -0.997397711086884 -39.843473879792036 -0.008995667507686048 0.9990969564269476 0.041525288975521824 0.3506397281615382 0.9981962413879993 0.011437105609694352 -0.05893603561611523 3.064084361599005
-0.059259554727053014 0.03659624879672333 -0.9975715612163167 -40.67452352831516 -0.00894692282693675 0.9992681615398998 0.03718997048394729 0.3689331686626763 0.9982025133936903 0.011129056863740189 -0.05888876249203649 3.0091784292647166
-0.05887686285351358 0.032466345277789896 -0.9977371655124568 -41.502032526502695 -0.00996049009131148 0.9994021359718035 0.03310829582048757 0.3791535123284877 0.9982155597152699 0.011887263743156462 -0.058518281784680694 2.949502424461407
-0.05847467618746789 0.029803499083758664 -0.9978439074760816 -42.32905170091363 -0.01379143158637695 0.999434744991818 0.03065920608785048 0.3911319235199592 0.9981936228305454 0.015554483131991368 -0.05803059016525366 2.877989617259853
-0.05918693957798774 0.028028206307202264 -0.9978533588832541 -43.15651700810443 -0.016889401719312722 0.9994345537592982 0.02907440216952345 0.4029412899001392 0.9981040297949684 0.018573971119618535 -0.0586800929097115 2.819533133814917
-0.059996580860894405 0.026226983324365988 -0.9978539751039254 -43.981538755418335 -0.014609531521931868 0.9995246255396435 0.027149300700831727 0.40798329083956264 0.9980916650657451 0.01620704431838002 -0.059584896079042785 2.7700123839047293
-0.06140367329609639 0.022501357566675515 -0.9978593477105893 -44.80612362993642 -0.011110579677826962 0.9996685025731142 0.023225847292388198 0.414040181324991 0.9980511729991448 0.0125129481291698 -0.06113331501029448 2.7202419861112204
-0.06203837628339876 0.021000120940514594 -0.9978528121865484 -45.62929284525807 -0.006915747287444921 0.999745575128406 0.021469919669811037 0.4194338710198735 0.9980498045225877 0.008232856834398516 -0.061877360648049495 2.665821910257257
-0.06401207387921899 0.02431000084928879 -0.997652984888227 -46.45224670040758 -0.006467979819191679 0.999672148258239 0.0247742050087412 0.4253728174971657 0.9979281635642617 0.008038647614131927 -0.06383385081440715 2.6074712824386883
-0.06598412856396943 0.030372930625231158 -0.9973583006436996 -47.27759376350018 -0.003877295805085919 0.9995212674256778 0.03069531790038543 0.43140065768241626 0.9978131394980191 0.005892456957904458 -0.06583477497573714 2.5548533447373183
-0.06769876937242184 0.03410394990217099 -0.9971227593564043 -48.09398387273745 -0.0019704936936511984 0.9994090923689859 0.034315932812653833 0.4387397418922649 0.997703860762332 0.004287970530391322 -0.06759156403477948 2.491869151047737
-0.06929695379624132 0.03321932436419843 -0.9970428319201475 -48.90453670180735 -0.001946866257265114 0.9994390155419963 0.0334344720942457 0.4460426353339198 0.9975941769609212 0.004258016114430084 -0.06919340570048171 2.4300999522415787
-0.07031466030035119 0.02946985096753756 -0.9970894525722339 -49.707588104351004 -0.00513386115360992 0.9995395819801492 0.029904306121415838 0.45131580227788426 0.9975116500655526 0.0072216299336798715 -0.07013099204060518 2.3568812262971885
-0.07168810821588366 0.025984720094016082 -0.9970885665085439 -50.50563247083187 -0.009614134810759001 0.9995961540725334 0.02674130092646796 0.4573937734534221 0.9973807615711605 0.011503177171329749 -0.07140933666333009 2.2859614055811135
-0.07297818882615864 0.024496653307090013 -0.9970326463724272 -51.30276604159524 -0.013795905784712473 0.9995778609005336 0.02556898474895582 0.46353891998763225 0.9972381144637587 0.015620946650739044 -0.07260942835818242 2.2103861612923406
-0.07389302337179839 0.025624334908405738 -0.9969369160370561 -52.09750515556591 -0.015364246852511096 0.9995219425914665 0.02682957690377325 0.46666058394652865 0.9971478130225376 0.01729970342758048 -0.0734639996575733 2.1353347857202305
-0.07492856177832599 0.027052715233436452 -0.9968218803920437 -52.8914353017947 -0.01506461835793217 0.999487156323151 0.028257417058008896 0.4730323861948902 0.997075106450643 0.017134028818669392 -0.07448259630866594 2.066615295512186
-0.07582998095551277 0.026629597997887496 -0.9967651069829627 -53.67809729482094 -0.016887317276019994 0.9994656453360028 0.027986466520546167 0.4760547322784407 0.9969777492519605 0.018954901834552413 -0.0753397583811961 1.9928540195648785
-0.07642413264869571 0.026539231994259088 -0.9967221383685871 -54.46094989990626 -0.017713561753167233 0.9994518011064689 0.027970108956725373 0.479326977231409 0.9969180416056831 0.019793090465848113 -0.07591213269892759 1.922608460319387
-0.0768920324807045 0.02820740241709117 -0.9966403352212202 -55.24017263590522 -0.016033448601684985 0.9994354860297846 0.02952351250011431 0.485875465850748 0.9969104994265646 0.018249704471238797 -0.07639636391733032 1.849880194644288
-0.07712782785101073 0.030881781809434038 -0.9965428308523719 -56.015401225085114 -0.01494427399809799 0.9993720948365836 0.032126075649032346 0.4985659670862093 0.9969092069219011 0.017370423547285175 -0.0766178930807512 1.77831868956793
-0.07729608437586794 0.035000676379620344 -0.9963936310480551 -56.788707795734716 -0.015080989968476692 0.9992282214812426 0.03627016869277912 0.5049935834238316 0.9968941162840358 0.0178301443740938 -0.07670858406899252 1.706109238352826
-0.07783099771863788 0.037135552135727584 -0.9962747043670718 -57.553299647788116 -0.015055655700726693 0.9991482972092326 0.038418841930900206 0.5140935713044517 0.9968528793285105 0.017989745730970483 -0.0772056087534617 1.63699617616921
-0.07860011061804947 0.03703906271511948 -0.9962179131314675 -58.30971372933989 -0.014586879872366133 0.9991598393582756 0.03829932570076671 0.5267392218053109 0.996799501176851 0.017542042262224944 -0.07799378954026343 1.5697749321281864
-0.07895137690319444 0.03513961339931104 -0.9962589460854226 -59.05785556150901 -0.014062369889673377 0.9992398414511888 0.036359166790347314 0.5348469763142397 0.99677927839526 0.016880368086900174 -0.07839721509770074 1.5063174437824032
-0.07911020637428354 0.031641446566257315 -0.9963635852973619 -59.79123122909819 -0.013730933424579903 0.9993667229864757 0.03282703846773057 0.5443070755167774 0.9967713061252855 0.0162779558442325 -0.07862564110279377 1.4379838341765154
-0.07880765367213867 0.028923621434114328 -0.9964701590342927 -60.51770258903094 -0.014052244627321561 0.9994474655475005 0.030121388274964134 0.5480370317822948 0.9967907945720736 0.016376438373873262 -0.07835766792446486 1.3667858821699777
-0.07776287319491401 0.026623059974415456 -0.9966163495699188 -61.227642481567 -0.014587650784219553 0.9995059876809586 0.02783848118178616 0.5526996990311325 0.9968651543699725 0.016703091555447844 -0.07733608947587846 1.3074636564083275
-0.07528466031120461 0.026023338201432152 -0.9968224544976306 -61.922303276958566 -0.016831959957611088 0.99948381388048 0.027364044198820332 0.5529409439714345 0.9970200123597378 0.018838568411200636 -0.07480777562797021 1.237142436577432
-0.07150481373358047 0.026977879743642765 -0.9970753510229124 -62.602871690044026 -0.01705393537226501 0.9994549700748239 0.028265280487748783 0.5536640911965489 0.997294452456868 0.019025162214027037 -0.07100576245267361 1.1828882185436227
-0.06563641994433715 0.028572614727681977 -0.9974344419883016 -63.26848350948632 -0.016320538409095704 0.9994255022334413 0.029703627917654102 0.5565066925706531 0.9977101284455959 0.01822830691689846 -0.06513239151156369 1.1340808818197947
-0.05884137230211964 0.030121192603976207 -0.9978128114339472 -63.91910227536971 -0.015396172565704962 0.9993984087889295 0.031076975085780327 0.5586723101383113 0.9981486115684027 0.01719111009415434 -0.0583422227704806 1.0978915493074093
-0.050031531720167305 0.031491211863501935 -0.9982510452832506 -64.5542091338145 -0.01642468595719153 0.9993416754208839 0.032348809223640154 0.5620449760985102 0.998612575288806 0.01801442039999773 -0.049481361467836604 1.0571575960722337
-0.03845132740859641 0.033195738363833896 -0.9987089357640679 -65.17389195502683 -0.018633286322106934 0.9992504583291095 0.033931138647295835 0.5658670300751644 0.9990867310005449 0.01991392687401219 -0.03780396083879646 1.0272938579868527
-0.023929637418746638 0.03465297988156969 -0.9991128782266472 -65.77558534188077 -0.021663166076112406 0.9991464195218054 0.03517299521386339 0.5728485510964993 0.9994789040738008 0.022485625232205545 -0.023158518289190005 1.0111296212965402
-0.005922866996503527 0.03600876027369353 -0.9993339225854858 -66.35992093616728 -0.02310562358101757 0.9990797167385304 0.036136543285009946 0.5758175913476329 0.9997154844281816 0.02330426538659245 -0.005085411420644585 1.0050436717127682
0.016063885411520384 0.0368618158058585 -0.999191252023846 -66.92139147263288 -0.023959913789839565 0.999047429376066 0.03647130911081831 0.5796692672056633 0.999583850468118 0.023354665327688838 0.016931789355015537 1.0111904631625812
0.04077554611878981 0.037194728641200846 -0.9984757918948372 -67.46062723397057 -0.023431878942397677 0.9990676497979325 0.03625987005580211 0.5840564513804004 0.9988935388157955 0.021917647878872754 0.041609071408941586 1.0484073621142593
0.06950720499217805 0.03671418788962309 -0.9969056208396967 -67.97440122245291 -0.02187296893588747 0.9991383807105924 0.035271368288515716 0.5900126726006959 0.9973416273695312 0.019353671450653784 0.07025036453481916 1.0998181776469458
0.10308031803278982 0.03700131799810748 -0.9939845826272468 -68.46710250935804 -0.02058246580427876 0.9991732381838977 0.03505998001309643 0.5881978635562931 0.9944600595980084 0.016844659791932323 0.10375667352425703 1.1628201039626422
0.1397695943576047 0.037323759066733596 -0.9894803674162712 -68.93918534211704 -0.019752447480116064 0.9991955890832388 0.03490007987302722 0.5909758171489959 0.9899870207793917 0.014666688983094782 0.14039439776079743 1.250689766730794
0.17943121412509935 0.037128778708464934 -0.9830696278439338 -69.38862983095046 -0.01958646788756437 0.9992242961072988 0.03416396265894361 0.5926771091109819 0.9835755231161876 0.013124780397786216 0.1800192502657074 1.3577223318159044
0.22319779454881908 0.037926163921065965 -0.9740350869443953 -69.83327215761913 -0.01883452673291197 0.9992240583839935 0.03459106458852952 0.598344193646567 0.9745911989707738 0.010624840556592869 0.22373892743967508 1.488694749549614
0.2703043783595793 0.03636551650338936 -0.9620878817702068 -70.256452796441 -0.0155482738739458 0.9993209650168083 0.03340449157545526 0.6031492693603673 0.9626493620312552 0.005929425546846279 0.2706862532407247 1.638972003807385
0.3188201080074135 0.03140052146713952 -0.9472949625020356 -70.66736151348266 -0.00753622691779445 0.99950346075692 0.030594725342494557 0.6019883948226221 0.9477852837082802 -0.002615183842652388 0.3188984427674175 1.8248716148925774
0.3669224785304214 0.02458616943778857 -0.9299265643164889 -71.04661800946401 -0.0010078989354888618 0.9996605976012719 0.02603216747032227 0.6028126445211628 0.9302509762901778 -0.008614515415472312 0.36682272453506426 2.043698662148103
0.4166401814396886 0.022282654909793212 -0.908798350845816 -71.39521996934292 0.0037195214342346343 0.999649396587496 0.026215435578197558 0.534970140266542 0.9090638725470307 -0.01430269878118886 0.4164112251577402 2.312722829765991
0.48187253630434 0.021821650741425953 -0.8759695624361283 -71.8000325285387 0.005845108168847195 0.9995875619258497 0.028116556574887847 0.454845536072831 0.8762218289144122 -0.01866873327394265 0.4815462438144737 2.1745691055812486
0.5261544776634102 0.020458508143299366 -0.850142879214603 -72.14183217522157 0.007830772952867507 0.9995516203092482 0.02890047287011343 0.45790188294999085 0.8503529529728847 -0.021863389071826774 0.5257583547492027 2.453552477448923
0.5782302256371403 0.014270744079446278 -0.8157488290050077 -72.53802430199018 0.015098282152815203 0.9994886291952827 0.028187266369188994 0.48635568125867307 0.8157339321345265 -0.02861513537889661 0.5777190718607018 2.642865102723092
0.6311167853374634 0.006566383636543622 -0.7756600324054633 -72.9228176804219 0.023904868551205445 0.9993245650068933 0.02791005254979079 0.5064724208483307 0.7753193925891808 -0.03615655375890006 0.6305335384382206 2.8337664698797083
0.673977368480367 0.0015002109856578722 -0.7387504694707671 -73.23663395113017 0.025414881229296353 0.9993589140329019 0.02521596230721152 0.5086648202847263 0.7383146961752699 -0.035770243359201086 0.6735071633632727 3.124294474474104
0.7121548863874974 -0.003402528690744023 -0.7020141313342061 -73.52129075183328 0.023027235115191048 0.9995633720346699 0.018515175657517542 0.5166059360212084 0.7016446139160203 -0.02935111727324341 0.7119222904766015 3.429101744259894
0.7488538914152967 -0.010931491910859584 -0.6626449666275075 -73.79968356330438 0.020917309230752128 0.999755671374201 0.007145889004518329 0.5295955870064519 0.6624049482655704 -0.019211976465804415 0.7488995823697352 3.7588423900648267
0.7860874571464931 -0.013820959306830558 -0.6179607518287873 -74.05762503851693 0.01679528748533983 0.9998584516020603 -0.000997536071608374 0.5350021156012125 0.6178870673798296 -0.009594677887678777 0.7862083147111742 4.112865083047465
0.820646220297586 -0.01495542971644671 -0.5712408565861541 -74.29545244432602 0.01573117910377754 0.9998698564251507 -0.0035777390000328573 0.5311303382062348 0.5712200198831372 -0.006050234238763946 0.8207746850082327 4.511293395372147
0.8524595129437224 -0.016103467264732767 -0.5225451723380536 -74.52179134922449 0.015943498654233328 0.9998613559917372 -0.004803503411669905 0.5227497946281592 0.5225500776408086 -0.004236406073212333 0.8525980701486292 4.934385107984217
0.8810831714946373 -0.014736225019213973 -0.47273173003420826 -74.73711285567803 0.013065453231783165 0.9998914015533127 -0.0068175531973686705 0.5167183449258842 0.4727808571006242 -0.00016962291697098907 0.8811800226896116 5.37075212038034
0.9051764365175257 -0.013006808400525998 -0.42483695897210566 -74.93637625878335 0.012068999790986041 0.9999151676008344 -0.00489865755480301 0.5033824661361995 0.42486463493385757 -0.0006932077798613352 0.9052566273966146 5.842848612068304
0.924753912443927 -0.006798168185908603 -0.3805049097304353 -75.1262016400919 0.005901894492976349 0.9999763806582719 -0.003522182132654365 0.494067982893195 0.38051986684146294 0.001011451876223624 0.9247721924366329 6.330970269117061
0.9406981264305274 -0.002633245948843529 -0.3392345809994452 -75.30276573599556 0.0010086701418336045 0.9999871647434808 -0.004965171984779523 0.48781340527904793 0.3392433013555927 0.004328552190555791 0.9406887084053319 6.842657969297527
0.9529462904538283 0.0020914604866956463 -0.3031319734098024 -75.46375455827074 -0.0032608809859593774 0.9999890663281845 -0.0033516979696980374 0.4796577428819202 0.303121649120422 0.004182465435273656 0.9529426912555644 7.380674906487936
0.9619378841361462 0.002868769666247087 -0.2732531376293358 -75.61194050748863 -0.003337027283484617 0.999993652248516 -0.0012488841347994572 0.4676469046795596 0.27324782032540396 0.0021132021377269767 0.9619413511561608 7.937863419646478
0.9684335952461838 0.0022259212570213873 -0.24926174370149282 -75.74761110276059 -0.002209148114482351 0.9999974996126835 0.00034703456347632677 0.4576145849616435 0.24926189292220272 0.000214576181128583 0.9684360911768531 8.517097404100895
0.9735829224670047 0.0023291281227246574 -0.22832185231115087 -75.88515242319814 -0.001818113811607096 0.9999953497870049 0.002448441653929154 0.4515612107407876 0.22832649330021978 -0.001968645867743757 0.9735826297190555 9.11218568235338
0.9776311291304661 0.004893280346191955 -0.21026990075268515 -76.01786396773836 -0.0038958648572576223 0.9999791111846307 0.005157463660466776 0.44421890238191486 0.21029074537911713 -0.004222913904950127 0.9776297711332477 9.726687349788593
0.9807267673972572 0.009663468682698188 -0.19514513850861148 -76.14843015108775 -0.008508619767044506 0.9999409828014694 0.00675531669800968 0.4390741040150604 0.19519890138058332 -0.00496470412502684 0.9807511104315731 10.354881090013883
0.9832422867828728 0.013506121580493797 -0.1818026131876008 -76.28121859995632 -0.012252739680920697 0.9998928042987658 0.008015627352906732 0.4327391527429874 0.1818913847665668 -0.005653723675772641 0.9833023744282826 10.998542172061756
0.9855276254416961 0.012089769662297087 -0.16908322495376332 -76.39186673532403 -0.010926693923482429 0.999909820927638 0.007807520243993239 0.4276753170396994 0.16916236830676917 -0.005847006239985598 0.985570852687352 11.660120829607925
0.987761279338133 0.012180738872656662 -0.15549689592018034 -76.50152582488083 -0.01113763094382749 0.9999092614987822 0.007577726962482992 0.42099816549292607 0.1555750886782794 -0.005753118239267607 0.9878073159342717 12.337308264811382
0.9899253588574554 0.01257698776661482 -0.14103050474864307 -76.60694152836514 -0.011538286495413812 0.9998999694193584 0.008180409519979425 0.41932234587013484 0.14111928229582413 -0.006470744461283981 0.9899714529371177 13.030600756565565
0.991797582926754 0.013741683788603928 -0.12707761654714406 -76.70576883501494 -0.012742426717287054 0.9998811978233855 0.00867299259916613 0.4187857679774443 0.1271817009714985 -0.006982575880335172 0.9918548576137898 13.740732247151868
0.9933295855994215 0.01401952847231726 -0.1144543017727868 -76.79499229112731 -0.013412655505326117 0.9998916175653123 0.006070732650786603 0.40982861818553756 0.11452700574614631 -0.004495102227509771 0.9934099652262333 14.459774042283978
0.9945003615065325 0.014802056418889624 -0.10368186962602938 -76.87514755636576 -0.01478477024452646 0.9998902618785839 0.0009352909665162248 0.39968324383905035 0.10368433600208675 0.0006027654166295554 0.994610071908413 15.193639218540051
0.9954643683665976 0.012797513939952892 -0.09427043518223828 -76.95407658766459 -0.013350267684691015 0.9998971766109434 -0.005235127334604575 0.39557278275377195 0.09419374536156354 0.006469918269895977 0.9955328615833541 15.93619224035995
0.9961637453886151 0.012609194050083695 -0.08659561535513655 -77.01742304483012 -0.013127881314322392 0.9998991204798017 -0.00542287708827588 0.3850622645591571 0.086518501521493 0.006538890511761883 0.9962287848709003 16.696345512218855
0.9966876005322004 0.01444362596145763 -0.08003254721956064 -77.08665314658869 -0.014443163322629045 0.9998955211210614 0.0005847010136435385 0.37226465421109356 0.08003263071148944 0.0005731589003009534 0.9967920793777775 17.468894402936755
0.9970043366778166 0.01844299382761209 -0.0751146365517552 -77.15754791628628 -0.017831384993316934 0.9998022379949769 0.008804919616563442 0.358481349468231 0.07526217080876557 -0.007439145038825958 0.9971360312245484 18.244856437182747
0.9973059023228403 0.019155979738378872 -0.07080950241520456 -77.22766735095888 -0.018316112119826783 0.9997542131741591 0.012491328085129589 0.3482648009580424 0.07103138200007128 -0.011160720441764815 0.9974116407433699 19.019110949539797
0.9975622040869294 0.017984697787546054 -0.06742551166078765 -77.28941900051537 -0.017249911869206512 0.9997854833013043 0.011464201693976885 0.3420493273472025 0.06761722796546052 -0.010273170176055998 0.997658444787995 19.78590035848076
0.9977590241226271 0.017578101144926018 -0.06455958598072796 -77.3452612540346 -0.016930666408577787 0.9998008789406628 0.010561960255450344 0.3364635557856977 0.06473239001323666 -0.009445254343584567 0.9978579582553618 20.55417336037265
0.9979655717660769 0.01621722152639992 -0.06165808378122178 -77.39870028261488 -0.015453520305340262 0.9997981044526062 0.01284285961715833 0.3305694248234012 0.06185391078809001 -0.011863897291247472 0.9980147001228399 21.325725466247334
