0.9999986000006768 0.0007122129800144733 0.0015335134751056558 -0.011011020507165447 -0.0007055718890534293 0.9999904000013644 -0.004327035925143886 -0.01712164122630781 -0.0015365806781263607 0.004325946939502045 0.9999894999959513 0.9617130961683948
0.9999968000013666 -0.0013839638204582816 0.0021292654749451175 -0.016995291014876575 0.0013950703207134855 0.9999854000009389 -0.00522326701466114 -0.033041582330789514 -0.0021220067356023976 0.005226220030625447 0.9999840999946444 1.924885192480665
0.9999935000016745 -0.0028752128181981974 0.002196983475724271 -0.031067021525221405 0.0028772214688912983 0.9999954999994914 -0.0009111930834347559 -0.06341853488244809 -0.0021943537420834945 0.0009175082005409658 0.9999971999981063 2.8880542887895397
0.9999894000015572 -0.004378257814817424 0.001426927476908507 -0.04462738203426672 0.004370282618573669 0.9999750999939017 0.0055463750621747914 -0.09503621755956317 -0.0014511756670061299 -0.005540079044440346 0.9999836000004259 3.848312384806418
0.9999613000016514 -0.008800743815283726 4.930308674392338e-05 -0.05337242254144513 0.008800422062272838 0.9999503999910724 0.004659577973246806 -0.12221730979316565 -9.030840865733074e-05 -0.004658962954023393 0.9999892000012579 4.806551480621121
0.9999329000015932 -0.011541219816880032 -0.0009928830238170032 -0.06458549303425934 0.011542811337046628 0.9999320999902848 0.0016082326679268668 -0.1448705115875332 0.0009742547792050471 -0.0016195846486585313 0.9999982000011561 5.738958573856217
0.9999251000012581 -0.012108509818485528 -0.0017919515243764673 -0.0754279235271658 0.012105901393777941 0.9999256999910942 -0.0014632656393690267 -0.15356731198364137 0.001809536663022971 0.0014414626577402753 0.9999973999999368 6.676395667601197
0.9999307000007187 -0.01148260981882203 -0.0025961935244938057 -0.08936429401707366 0.011477131331313253 0.9999318999921553 -0.0021156057047511554 -0.16788141294593706 0.002620309743778378 0.0020856627218353856 0.9999943999997273 7.606157760577448
0.9999351000001154 -0.01082458981760669 -0.003547008524072891 -0.10130340450620236 0.010825331266602992 0.9999413999920505 0.0001915057257863154 -0.17916611360514825 0.003544727835887233 -0.0002298908100600225 0.999993700001326 8.53548685351089
0.9999331999997499 -0.010746279816069342 -0.004252912523535272 -0.11413170499517825 0.01075959126037076 0.9999372999901659 0.0031190148184046945 -0.18658481387738732 0.004219128903294987 -0.0031645658035706443 0.999986100002421 9.465868946552057
0.9999266999992635 -0.010904909815378288 -0.005254531523291514 -0.12755740547987973 0.010928221277733144 0.999930499988787 0.004428359949151708 -0.19163011391611368 0.0052058770020587475 -0.004485456935580067 0.9999764000026405 10.388921038861746
0.9999050999992353 -0.012462979815030157 -0.005868031523168539 -0.14219450597957417 0.01249287143449771 0.9999090999860224 0.005084306014631187 -0.1997185142453962 0.005804133062689398 -0.005157132001941828 0.9999699000026447 11.339521133925324
0.9998968999987643 -0.012630689815081761 -0.006826217523185894 -0.15488130644573944 0.012664781452173523 0.9999074999858812 0.004973289003352035 -0.215560115383464 0.006762771158644714 -0.00505922799206434 0.9999644000025406 12.223451222316946
0.9998889999984433 -0.01287235981590298 -0.00750084752347453 -0.1693123069262079 0.012898121475857994 0.9999110999869927 0.0033947248453735073 -0.2354858169171363 0.007456483228138431 -0.0034910938351224354 0.9999661000022634 13.13325131329441
0.9998698999977123 -0.013365739817052353 -0.009034486523874652 -0.184906307406673 0.013376921524526617 0.9999098999878948 0.0011778176233993728 -0.2602522189359479 0.009017931384536146 -0.0012985176156068358 0.9999585000011825 14.041361404101027
0.9998367999971636 -0.014686989817709363 -0.010519980524100967 -0.19928460788343438 0.014686711656261758 0.9998921999865168 -0.00010341050500122179 -0.27605742006042167 0.010520370535461843 -5.111030018260126e-05 0.9999446999999311 14.945521494516555
0.9998230999962192 -0.014326709817990457 -0.012186250524192708 -0.21694830835717777 0.014319711620408503 0.9998972999873653 -0.0006616167611352701 -0.285110620512024 0.012194480702693867 0.0004869960634417955 0.9999255999986113 15.846271584596233
0.9998219999952165 -0.013041429818461467 -0.013636810524347794 -0.23671300882871507 0.013021221491300755 0.9999139999897283 -0.0015693376521818164 -0.29336102088572297 0.013656110848198757 0.0013914896532259968 0.999905799996931 16.74309167428441
0.9998147999940494 -0.011596489818491838 -0.015361250524346367 -0.2548521092969813 0.011572751347326504 0.9999316999917942 -0.001633664658941587 -0.2982439209249476 0.015379151019771758 0.001455589658887667 0.9998806999952922 17.634841763466447
0.9997831999933401 -0.01213663981797807 -0.016918450524159724 -0.2730779097656116 0.012126891403519163 0.9999262999906576 -0.0006787546637466141 -0.3044055210919311 0.016925451174699447 0.00047343916095297684 0.9998566999941928 18.526841852672884
0.9997673999925333 -0.011484229817248543 -0.018255990523894906 -0.2937433102324013 0.011499041341401518 0.9999336999908117 0.0007061480744878759 -0.3138402215890283 0.01824668130651224 -0.0009159099783201184 0.9998330999932362 19.41419194141394
0.9997406999917196 -0.011322859817066619 -0.01975877052381921 -0.31460341069572345 0.011345591326812092 0.9999350999908053 0.0010386276074472876 -0.32368822213092013 0.0197457314563534 -0.0012625336130663474 0.9998042999913125 20.294782029478885
0.9996912999910196 -0.012467839817082643 -0.021493260523813278 -0.33356691115355896 0.012491541442277614 0.9999214999892496 0.000968508400101088 -0.3220398215261084 0.02147950163033763 -0.0012366926098890494 0.9997685999886158 21.16890211690167
0.9996528999902173 -0.012687799817403698 -0.023088090523910886 -0.35177491160874813 0.012698851463814552 0.9999192999892998 0.00033180783612246417 -0.320508920935491 0.023082021790714943 -0.000624884748594096 0.9997333999856088 22.037932203814997
0.9996296999896723 -0.012613779817157557 -0.024111980523814597 -0.3725490120604354 0.012636501458091778 0.9999198999891352 0.0007899135817340227 -0.3172185201724706 0.02410009189250248 -0.001094311595575271 0.9997089999839378 22.900892290123572
0.9996067999890975 -0.012367239816127971 -0.02516463052344242 -0.3933684125092794 0.012440261438985361 0.9999188999880836 0.0027471297772488465 -0.3159266196124131 0.025128621995267945 -0.003059102792184112 0.9996795999825425 23.757732375819153
0.9995691999889342 -0.013638159814614425 -0.02598840052290486 -0.4121035129584628 0.013788171574165465 0.9998892999834219 0.005601314062500375 -0.3140241189904794 0.025909132074022432 -0.005957232081345952 0.999646599981122 24.615432461599948
0.9995559999885242 -0.013276699813906237 -0.026675190522644398 -0.42803281339026134 0.013466651542351278 0.9998851999823914 0.006953739197604202 -0.30573831774540466 0.026579802140933258 -0.0073098762168018905 0.9996199999795081 25.442182544287505
0.999541299988028 -0.012824919814530397 -0.027436740522855097 -0.44740231382088874 0.012987631494842423 0.9998990999844705 0.005760452078130077 -0.29884921664200675 0.02736009221872696 -0.00611414709745871 0.999606999978002 26.26621262670416
0.9995371999873428 -0.011429929815984195 -0.028193220523352394 -0.46907741424654187 0.01151922134840485 0.9999291999891472 0.003006464802588891 -0.2930490156529261 0.028156862297661213 -0.0033298368197435435 0.9995979999761014 27.08037270813447
0.9995205999868252 -0.010923009816826671 -0.02896974052363507 -0.49162301466411384 0.010968221293705515 0.9999388999910268 0.0014019506419864422 -0.2934051152885421 0.028952662376970407 -0.0017190246589230893 0.9995792999738243 27.87697278780611
0.9995004999861962 -0.010204249817073933 -0.02990979052370532 -0.5147234150804124 0.010236901221049727 0.9999471999922287 0.0009386498954712644 -0.2982767153778384 0.029898642471207965 -0.0012443646118295846 0.999552199971372 28.669572867075757
0.9994550999854936 -0.010424349817278232 -0.03131936052375763 -0.537728715492781 0.010446021242670502 0.999945299992196 0.0005283536541629363 -0.30303861545993177 0.03131214261268786 -0.0008552283728015677 0.9995092999676126 29.454712945599407
0.9993979999844536 -0.010119999817599088 -0.03318482052383966 -0.5610502158972573 0.010122451211252693 0.9999487999929126 -9.415487845839668e-05 -0.3024561150143389 0.033184082799747654 -0.0002418135116178193 0.9994492999622745 30.226653022805937
0.9993347999834847 -0.010139919817791285 -0.03503166052387688 -0.5837097162966459 0.01012933121286798 0.999948599993075 -0.00047999254741087254 -0.289316613315634 0.035034732984849284 0.00012482612505648313 0.9993860999567267 30.993253099484484
0.9992571999824768 -0.010454389817184074 -0.037090500523632525 -0.609882716694205 0.010485591249518231 0.9999447999920492 0.0006466137648367241 -0.2849460124977774 0.03708169318976671 -0.0010350485907680985 0.9993116999509373 31.753313175506424
0.9991825999814797 -0.010441669815788535 -0.0390529905231089 -0.6373473170844014 0.01057814125974101 0.9999386999900897 0.003289435828720668 -0.28595821222651224 0.039016253383308774 -0.003699854857258486 0.9992317999453163 32.49745324993432
0.9991165999803908 -0.009676450815133835 -0.040894570522838125 -0.6694970174718838 0.009870614189905565 0.999940999989826 0.004548579954259467 -0.2913155123940049 0.040848143566173466 -0.004948215982494491 0.9991530999390503 33.23490332369345
0.9990482999791058 -0.008212273815021612 -0.042838770522748676 -0.7070281178543487 0.008425613046381798 0.9999529999911866 0.004801790979184273 -0.2980989127101969 0.042797333760395254 -0.005158163004250497 0.9990704999319376 33.96228339644769
0.9989870999776589 -0.005570436815522307 -0.04465125052286577 -0.7475972182434079 0.005752148779952993 0.9999756999944267 0.0039420938928458275 -0.30118091264976643 0.044628213942159135 -0.004194940909301388 0.9989948999248912 34.70353347059239
0.9989141999764546 -0.004076821815984756 -0.04640854052297585 -0.7861231186048775 0.004225973628218562 0.9999861999961983 0.0031161988098968325 -0.3012987123187245 0.046395214118123154 -0.003308935821478374 0.998917699917673 35.39317353957653
0.998844699975591 -0.003602321815247409 -0.047920240522676225 -0.8225011189664341 0.0038241925887926966 0.9999823999951906 0.004539097951872229 -0.2935002111941799 0.047903054268739774 -0.004717108962546304 0.9988408999115073 36.08573360885556
0.9987976999748441 -0.0024219198144457836 -0.048961570522356716 -0.8579745193252091 0.0027248954793833136 0.9999775999941489 0.006122218109964499 -0.2845601099578012 0.04894565437246674 -0.006248272116283716 0.9987818999069563 36.7733836776437
0.9988037999743233 0.0006059605858644416 -0.04889413052222107 -0.8979841196791203 -0.00027075662020539315 0.9999763999942805 0.006862042183958439 -0.2829222094584653 0.04889714436609288 -0.006840594177103476 0.9987803999071461 37.4492137452485
0.998848799974284 0.0037484941846980344 -0.047823700522632864 -0.9356939200247179 -0.003523552146012605 0.9999823999965834 0.004787030976684907 -0.2753503083723108 0.047840814258786196 -0.00461300995598905 0.9988443999119325 38.11124381147512
0.9989247999748961 0.005352123182907892 -0.046051010523291774 -0.9662440203646043 -0.0052913393236818426 0.9999849999988689 0.0014417476425272373 -0.264395206951462 0.04605804407957258 -0.001196525615179779 0.9989380999186764 38.76355387672769
0.9990193999759449 0.005712810181853532 -0.04390410052370833 -0.9940685206975278 -0.0057430683699321635 0.9999833999997949 -0.0005630371575104359 -0.2590333060971624 0.043900163863505814 0.0008146292857458576 0.9990355999262841 39.40063394045299
0.9991413999773295 0.00692814318230949 -0.040847870523611586 -1.0229670210305164 -0.006919997489150519 0.9999759999988337 0.0003408668335029095 -0.25469090534512523 0.0408492535577538 -5.7906962148489716e-05 0.9991653999381209 40.03748400415535
0.9992323999782703 0.011976390183888633 -0.03729938052309898 -1.0545710213711126 -0.011852760984191054 0.9999234999929661 0.0035339728535275583 -0.25614160516655027 0.037338863204164754 -0.003089158807946147 0.9992978999511307 40.68683406910618
0.9993047999794474 0.016416040185785165 -0.03347332052247605 -1.0827790216883206 -0.01618094141889886 0.9998425999838356 0.007282553229141463 -0.2559993048504123 0.03358760282680515 -0.006735859174984089 0.999413099962547 41.29211412964905
0.99934759998079 0.02131604018616784 -0.029153610522390926 -1.1073470220018278 -0.021087631911725378 0.9997446999745512 0.008120117313750673 -0.2542439043755982 0.029319262397459578 -0.007500038254019803 0.9995419999735979 41.890894189540816
0.9994043999829145 0.025019990186224337 -0.023766150522444598 -1.127463022307644 -0.0248305522887237 0.9996577999664663 0.008233077326100601 -0.2504927037074845 0.023964011860006032 -0.007638046269805968 0.9996836999850016 42.475694248033264
0.9994264999852386 0.028709240187291395 -0.017957910522133882 -1.1432250226050462 -0.02852866266143267 0.9995405999543653 0.010232931527196867 -0.2472759031002553 0.018243451286062397 -0.009714743479468716 0.9997863999932419 43.04425430489916
0.9993682999878001 0.03372431018809397 -0.011207550521911476 -1.156523022892123 -0.03359318317126815 0.9993671999371321 0.011690241674200214 -0.24612650270967576 0.011594700618648679 -0.011306360641346847 0.9998688999986932 43.59239435972072
0.9993065999909159 0.03700958018785088 -0.004072654522062533 -1.163695023168409 -0.03696271351184254 0.9992556999267965 0.011039521610460182 -0.24633070246402286 0.00447819190532084 -0.01088133060062225 0.9999308000008136 44.119474412432375
0.9991738999940752 0.040507880188174264 0.0032608954780085383 -1.1653110234343829 -0.04054268387355345 0.999112499912776 0.01142537165038126 -0.24603110217686938 -0.002795184823763342 -0.011548140669209395 0.9999293999970258 44.62705446319138
0.9989308999971886 0.044946970188064865 0.010811069477943023 -1.165281023686678 -0.045064964329637046 0.9989242998948378 0.01092935160213143 -0.24015690134421186 -0.010308201577231738 -0.011404860657303442 0.9998818999880672 45.110474511536346
0.9986110000004773 0.049322160186694226 0.018532369477443984 -1.1621190239288979 -0.04947620477478077 0.99874369987887 0.007946645305225045 -0.234850200577585 -0.018117142360195904 -0.008852517404453818 0.9997966999739875 45.574474557937386
0.9983445000044091 0.05105621018516766 0.026487559476919463 -1.1539110241596018 -0.051195704950888286 0.9986779998740822 0.00461426697335706 -0.23686610055473692 -0.026216963170910584 -0.005962677116411958 0.9996384999523074 46.01395460188007
0.998077800008471 0.051515620185573444 0.03445098947711332 -1.1397040243808163 -0.05171685500707529 0.998649399870908 0.004974725010730434 -0.23803010045464001 -0.03414819396415823 -0.006746859195085453 0.9993939999238662 46.435624644039045
0.9978050000125901 0.050996900186478705 0.04224350947751848 -1.1191100245891874 -0.05130814497016863 0.9986628998712894 0.006315814146104262 -0.2395256003990183 -0.04186495473548399 -0.008469386367059453 0.9990873998898023 46.83267468373249
0.9973383000164608 0.05274012018716997 0.05034722947787337 -1.0981580247840348 -0.05316651516016514 0.9985599998606299 0.007166380232444616 -0.23917470017145465 -0.049896785539365184 -0.009824091503495804 0.9987060998478567 47.204564720910696
0.9966453000205946 0.056185380187453886 0.059509619478121986 -1.0777420249740843 -0.056705295518794746 0.9983658998415388 0.007082539225475248 -0.23875249994149023 -0.059014446452563235 -0.010433290566319873 0.998202599792662 47.56732475717621
0.9958318000241508 0.060822990187566275 0.06796720947831482 -1.0594870251374284 -0.06141123599380931 0.9980907998147168 0.006596950178185713 -0.2404153999466462 -0.0674362172967012 -0.010743400599901054 0.9976657997343028 47.878404788273805
0.9949463000281956 0.06439773018803174 0.07703780947868547 -1.036133025294465 -0.06510727636814179 0.9978555997913565 0.006731623192971473 -0.2443984001893962 -0.07643911819840213 -0.011713320698885936 0.9970054996635872 48.176644818083545
0.9942173000331317 0.06384319018851681 0.08634872947915122 -1.006263025439814 -0.06469375633162736 0.9978799997932303 0.007085064229624375 -0.2532706009320534 -0.08571335912523434 -0.012630310790281927 0.9962397995823166 48.450884845487394
0.993296600039006 0.06279192018779158 0.09705213947929602 -0.9730963255804287 -0.0635833862262481 0.9979635998021151 0.00508064203063942 -0.26077720154189205 -0.09653550020640261 -0.011217490648406523 0.9952663994783499 48.716564872034205
0.992137900045711 0.061522640185647876 0.10898359947907285 -0.9369557257174302 -0.06192852606717131 0.9980805998156792 0.00034015555814532247 -0.2675893020851121 -0.10875351142675692 -0.007086672234600089 0.9940434993474018 48.97559489791481
0.9905372000526612 0.062487170183864967 0.12219399947909675 -0.8977462258530895 -0.06247046612847964 0.9980388998134033 -0.003971707871416839 -0.27344250253301405 -0.122202612771103 -0.0036993918963987354 0.9924982991837705 49.2323949235713
0.9883707000605837 0.0643165701834575 0.13779249947981476 -0.8567415259878737 -0.06411000630078593 0.9979251998027412 -0.005941497066594881 -0.28056800310888913 -0.13788881433941935 -0.002961477823623816 0.9904432989690958 49.487084949015205
0.9857258000691601 0.0662868001835017 0.15476019948090103 -0.8084309261265223 -0.06596478649537445 0.9977957997900947 -0.007220978192727204 -0.28609220351927966 -0.1548977160398642 -0.003090815837655878 0.9879256987077936 49.749704975249095
0.9830186000776281 0.0666916701834393 0.17095829948207755 -0.7577117262514473 -0.06621707652933777 0.9977691997875642 -0.008483377317375971 -0.29157140393800673 -0.1711427176630734 -0.002981040826904064 0.9852417984302737 49.98615499886474
0.9797322000873477 0.06595410018338448 0.18914269948360843 -0.6971579263805013 -0.06530127644760281 0.9978185997924315 -0.009688392436257097 -0.2967619043220231 -0.18936911948352653 -0.002859232814311639 0.9819017980861315 50.23058502327337
0.9757277000979826 0.06503198018375833 0.2091082994856538 -0.6296551265108334 -0.06433369636169768 0.9978768997977416 -0.010146710480510043 -0.30229080473743575 -0.209324221476447 -0.003552284883103975 0.9778398976692447 50.47733504791018
0.9713025001081945 0.06551318018380702 0.22864719948772208 -0.562625326632168 -0.06460929639999703 0.9978449997945866 -0.011444960609004377 -0.30678430505792204 -0.2289043234322777 -0.003656216893765562 0.9734420972185654 50.70727507086677
0.9659140001190829 0.06760924018350069 0.2498780994900328 -0.488921126757821 -0.06623732657460826 0.9977069997814407 -0.013905500853859014 -0.3117062054159277 -0.25024532556437956 -0.0031197438412868296 0.9681774966797299 50.94530509462866
0.9596674001308674 0.06892286018332329 0.2725583994928648 -0.4074937268827414 -0.06707060667062824 0.9976179997729359 -0.016118531074159358 -0.317908505901499 -0.27302012783900853 -0.002812226811268763 0.9620042960494002 51.18149511820184
0.9522731001435223 0.07018360018385895 0.29706929949649524 -0.31721922700923544 -0.06815286679264161 0.9975265997634911 -0.017201021181645296 -0.32550410652350953 -0.29754183028785236 -0.003866057917359004 0.9547009953056745 51.420205142021686
0.9436113001565231 0.07308946018481956 0.3228864995007385 -0.2212449271361157 -0.07102643709466794 0.9973086997412626 -0.018184191279536726 -0.3340796072422729 -0.3233466328652505 -0.0057746681098535466 0.9462629944478448 51.659305165877036
0.9334129001707174 0.0754964801857132 0.350771499505747 -0.11471402726446524 -0.07333123734115213 0.9971174997216828 -0.019472971408406856 -0.3439537080877799 -0.35123063564947493 -0.007546181288363407 0.936258593432136 51.9007551899612
0.922274200185427 0.07613570018631055 0.3789638995113026 0.00027355981355633996 -0.07373827739819566 0.997059499715411 -0.02085934154752675 -0.35449580900482575 -0.3794378384645637 -0.008706115404721259 0.9251762923084268 52.12982521280259
0.909590200201603 0.07427774018603459 0.40881349951764395 0.1309525724932569 -0.071088957150765 0.997204499729865 -0.02301366176403554 -0.36427210984392266 -0.4093801414508021 -0.008129124345974821 0.9123277910068394 52.355955235342144
0.8944222002195046 0.07169632018515827 0.4414391995251799 0.27603157237393705 -0.06712497677375938 0.9974060997504384 -0.025988392063380293 -0.3733939106157722 -0.4421575447185819 -0.006387003170307484 0.8969146894469208 52.580455257711485
0.8771443002375945 0.07145361018390751 0.4748813995334735 0.4279777722570624 -0.06473981655548108 0.9974359997545998 -0.03050080251734889 -0.3824345113806034 -0.47584324807688666 -0.003990131930478001 0.879521087687744 52.80031527961327
0.8575413002558273 0.07341493018278156 0.5091493995427655 0.5907910721407149 -0.06409369651197587 0.997299699742393 -0.035851393056099114 -0.39190681218721196 -0.5104066515226251 -0.0018892147214833758 0.8599311857080794 53.01901530139313
0.8354269002744407 0.07568777018226971 0.5443648995534799 0.7701078720207812 -0.06394528651915547 0.9971310997264129 -0.04050415352614724 -0.402597313109385 -0.5458689550571897 -0.0009713067309693221 0.837870083481152 53.24411532380372
0.8104782002932204 0.07887974018265986 0.5804334995657451 0.9652369718987073 -0.0651826366658334 0.996882499701713 -0.04445771392749756 -0.4147601141740853 -0.5821309586709419 -0.001802182715855977 0.813093080982542 53.47280534656428
0.7831650003114828 0.08302927018421301 0.6162456995793288 1.1722929717795445 -0.06828228699900024 0.9965350996661648 -0.047489684237849224 -0.43025341557307023 -0.6180536622504694 -0.004886408026629557 0.786120878265014 53.694775368644905
0.7530585003296741 0.08748648018616344 0.6521110995943176 1.4017119716549276 -0.0718832473828269 0.9961272996242375 -0.050628494560253846 -0.44674041706224527 -0.6540151658326672 -0.00874964641549633 0.7564309752756341 53.9268053917193
0.7198925003488476 0.0885776701870916 0.6884101996111268 1.658261971532868 -0.07134170735318084 0.996013299612118 -0.05355265486283878 -0.4647131186977841 -0.69040946945444 -0.010560210597182465 0.7233418719462156 54.15343541423872
0.6834437003685139 0.0863170301879936 0.7248819996301675 1.9460799714175578 -0.06813306705742979 0.9961927996288145 -0.05438583495808492 -0.47763991982866977 -0.7268168730744495 -0.012218780761763574 0.6867227682647672 54.36895543563332
0.6444403003874394 0.08503336018853855 0.7599117996503372 2.269728971304194 -0.06511601678061998 0.9962903996378302 -0.05626252515922173 -0.47776911967289853 -0.7618770765584972 -0.013224590861622287 0.6475867643318554 54.58519545708763
0.6014973004058917 0.08478487018941133 0.7943628996724402 2.612680971195921 -0.0630907266034215 0.9962879996366997 -0.05856425540491446 -0.4832195200515881 -0.7963797799852332 -0.01489068102810228 0.6046137600153312 54.78988547737412
0.5561716004236318 0.08472528018922974 0.8267373996956181 2.9737629710949833 -0.05939500625863017 0.9962982996378965 -0.06214531578018478 -0.47927581949300996 -0.8289424832158729 -0.014540610993058823 0.5591450554496763 54.983835496581875
0.5082200004400552 0.08368613019016172 0.8571516997205183 3.3592629709963897 -0.05674312601761132 0.9963588996428758 -0.06363336594780916 -0.4860892200098557 -0.859356086230756 -0.016297721168194473 0.5111180506302805 55.16957551495038
0.4595568004546133 0.08166095019173737 0.884386199746064 3.7661449709085013 -0.05479782584569937 0.9964739996525117 -0.06353594595781101 -0.4913921203818489 -0.8864563889142945 -0.019264061463708695 0.4624112457453757 55.335415531318446
0.4095444004672881 0.079794530194274 0.9087937997723615 4.19836097082605 -0.054805535867856116 0.9965202996543543 -0.062799265905017 -0.5166196227504555 -0.9106425913067064 -0.024087841945085037 0.4124924407410767 55.48396554593412
0.35973400047754794 0.07961125019791396 0.9296522997982625 4.6414159707513765 -0.057808246187666924 0.9963408996328262 -0.06295296594168154 -0.5396177249012795 -0.9312624933441136 -0.031095242645820035 0.3630199357828161 55.61845555913924
0.3103427004873779 0.08045242019806274 0.9472141998234951 5.10371897069285 -0.054978585922719196 0.9962635996250919 -0.06660545632879616 -0.5645924272622388 -0.9490336950939118 -0.03140597267737313 0.3136062308303884 55.72143556918227
0.26361260049696045 0.07622494019479488 0.961612199848325 5.585535970644796 -0.044319464872719636 0.996777399678955 -0.0668628563759899 -0.5957735302515126 -0.963610096521653 -0.02499224203352376 0.2661413260762214 55.802275576997936
0.22007480050543263 0.07093645018981624 0.9729002998718297 6.088518970610916 -0.030599003514389243 0.9973636997415434 -0.0657985062900594 -0.6266796332230948 -0.9750030976311742 -0.015289191060149497 0.22166512162322471 55.85617558210864
0.17704230051173078 0.06939967018687769 0.9817532998945088 6.6123719705816315 -0.0218062026474979 0.9975425997620289 -0.06658344638902913 -0.6532414357601304 -0.9839617985000302 -0.009620226492356852 0.17812061726373624 55.902805586483616
0.1394343005156721 0.07225282018584192 0.987591699913599 7.126376970557973 -0.017753612252193955 0.9973565997449189 -0.07046066679484823 -0.6821309385375806 -0.9900722990893136 -0.00770869330279326 0.14034841348148913 55.93790558970956
0.10748170051944105 0.07204208018238265 0.9915933999304466 7.658630970541781 -0.008852842370019001 0.9974009997526766 -0.0715044469149878 -0.7242890426481365 -0.9941677994776017 -0.0010930026410912296 0.10784011022803199 55.95413559103222
0.07852152052209434 0.07027376018007514 0.9944323999460501 8.209579970523738 -0.002181921709597086 0.9975220997667191 -0.0703198268109021 -0.7737852474885927 -0.9969101997332793 0.0033518448043817375 0.07848028729116273 55.97135559244035
0.05379933052419941 0.06807411017748247 0.9962285999595645 8.774943970513226 0.004677948971056299 0.9976453997811792 -0.06842356663369474 -0.8137508513789715 -0.9985408998799121 0.008341446304557288 0.053354214778576034 55.97751559273974
0.03425250052562117 0.06829690017532408 0.9970767999699347 9.351660970502275 0.0101166105109428 0.9975874997775087 -0.06867942666920858 -0.8573790556337643 -0.9993620999490285 0.012439471714213682 0.033478932790473516 55.98323559298734
0.018746350526400217 0.07007914017416403 0.9973651999778689 9.93324597049487 0.013316280827893791 0.9974345997636395 -0.07033431684261644 -0.9020616599967265 -0.9997356999766384 0.014599701929225044 0.01776507121809673 55.98182559251886
0.005284248526590657 0.0696221701743521 0.9975593999850426 10.537669970487645 0.013919430885676957 0.9974715997670807 -0.06968979678495876 -0.9473740644187946 -0.9998892999846367 0.014253711894884313 0.004301784871993288 55.97984559198109
-0.006190261473342948 0.07029766017455899 0.997506799990967 11.137539970479125 0.014314760923123823 0.9974299997628363 -0.07020342684215625 -0.9965387692263447 -0.9998784999773422 0.013844491853587174 -0.007180649276483097 55.97900559155774
-0.014798599472558707 0.07371512017234172 0.9971694999950877 11.755009970476788 0.01910705140087015 0.9971174997343001 -0.07342773716920609 -1.0552540749934167 -0.9997080999533596 0.017966332263821546 -0.01616442217631923 55.96304558960833
-0.02122259947183305 0.07564821017016754 0.9969085999983315 12.382759970483054 0.023703871859489856 0.9968910997140769 -0.07514227734414976 -1.1171940810899832 -0.9994938999262408 0.02203587266964758 -0.02294978285558831 55.9295455858979
-0.025909029471854066 0.0747496301702382 0.9968656000009619 13.020269970487686 0.023921231880430303 0.9969612997208771 -0.07413508724580693 -1.1679770860655196 -0.9993781999121044 0.021925482659115147 -0.02761840332191688 55.903045582888
-0.029699049472315785 0.07235375017163564 0.9969367000032636 13.673079970489 0.021535511641193397 0.9971914997421484 -0.07173070700715956 -1.217524090911238 -0.9993269999062082 0.019339202401859615 -0.03117381367627547 55.88330558054672
-0.03224635947274074 0.06482052017286974 0.9973757000058123 14.333569970492505 0.019300011417195933 0.997749099795439 -0.06422080625723137 -1.2695380960048126 -0.9992936999026771 0.017178472190017717 -0.03342481389779591 55.85852557769616
-0.03357980947252458 0.0589657201721404 0.99769500000758 15.013209970503182 0.020692001556188246 0.9980850998287368 -0.05829234566499206 -1.3174291006888101 -0.9992219998941021 0.018686852344094746 -0.03473562402603685 55.82149557361265
-0.03403685947208366 0.05685168017075092 0.9978022000082798 15.697979970516569 0.023321911819133196 0.9981540998366086 -0.056076185443642776 -1.366117105454338 -0.9991485998851884 0.021361992612751766 -0.035299924081398815 55.779015568981066
-0.033723959471544135 0.059220880169095255 0.9976750000078263 16.387179970527345 0.026477522134785807 0.9979454998177462 -0.0583419456702028 -1.417061110442523 -0.9990804998769417 0.02444843292004825 -0.03522269407475855 55.74074556476701
-0.033059019471325925 0.06730529016848112 0.9971845000061557 17.082519970538772 0.027706552257815657 0.9974081997659895 -0.06640186647608919 -1.462354114864128 -0.9990693998755567 0.02543336301403155 -0.03483813404013416 55.70318556062361
-0.03087264947118588 0.0751268201681129 0.9966959000037089 17.784719970547755 0.028323302319862468 0.9968365997105109 -0.07426013726102357 -1.502437118760195 -0.9991220998816596 0.025937113060017235 -0.032902833850334455 55.67210555712723
-0.02869259947092109 0.07658907016730195 0.9966497000023756 18.504679970555113 0.029704332458350236 0.9966852996964057 -0.07573665740765408 -1.5457461229746206 -0.9991469998845915 0.02743173320863611 -0.030872523648028234 55.643005553817915
-0.026660609471077207 0.07158414016779857 0.9970781000020962 19.241549970560992 0.028592892347531634 0.9970792997344823 -0.07081969691474209 -1.5939081276706906 -0.9992356998950904 0.02662124313041012 -0.02862953342145944 55.61503555061028
-0.024196009471117257 0.06403547016792535 0.997654200002049 19.978239970564154 0.028157242304377786 0.9975941997845644 -0.06334873616617707 -1.6477241329305654 -0.9993107999041132 0.026558403128343667 -0.025940853149103445 55.59027554772087
-0.021549819471472467 0.06329704016905092 0.9977620000006912 20.71280997056635 0.025855772074650875 0.9976952997934682 -0.06273439610330094 -1.6967251377075356 -0.9994334999189376 0.024445982917539955 -0.023136742868437272 55.56904554518803
-0.01813134947009702 0.06898441016468095 0.9974528999982432 21.43849997057501 0.033897402879524585 0.9970858997376871 -0.0683428666628246 -1.741686142087669 -0.9992609998993998 0.032571903726842065 -0.020416912599137343 55.53688554156888
-0.01465584946973216 0.07434465016345268 0.9971247999956074 22.167139970580607 0.03594039308446442 0.996626799693862 -0.07377927720493331 -1.7879321465930298 -0.999246599898745 0.034755753942184824 -0.01727839228787117 55.51011553848653
-0.012522029470834556 0.07473476016694183 0.9971246999941334 22.903319970573772 0.029175582408245804 0.9968057997084876 -0.07434447726012633 -1.839076151575642 -0.999495999928235 0.028160743282570108 -0.014662462026564816 55.50537553760075
-0.009302732471419555 0.07218496016872987 0.9973477999927187 23.63215997056539 0.02558215204942182 0.9970817997339407 -0.07192709701655173 -1.8957751571145787 -0.9996295999451051 0.02484517295248947 -0.011122231671432413 55.501645536817
-0.0045866574707866675 0.06657880016666687 0.997770499991312 24.373309970563415 0.029249072417007905 0.9973631997631053 -0.06641717646314896 -1.9558011629907541 -0.9995617999389368 0.02887922335897552 -0.006521933208829014 55.4845455346881
-0.0012519104699607374 0.06911428016390293 0.9976078999893103 25.111639970564777 0.034204472913230706 0.9970279997326635 -0.06903119672310457 -2.0084711681337826 -0.9994141999234107 0.03403622387317664 -0.003612208919097423 55.46362553218241
0.00185953052994865 0.07309744016402821 0.9973229999869901 25.83504997055644 0.033656472858988894 0.9967551997059402 -0.07311859713037189 -2.059391173094835 -0.9994318999270895 0.03370233383756163 -0.0006067067204713685 55.46181553159643
0.00533107652936623 0.07446070016571166 0.997209599984797 26.568059970540872 0.030177832511707647 0.9967576997048099 -0.07458830727550009 -2.1136971783863365 -0.9995304999405337 0.030491253515740373 0.0030667277461859433 55.47262553226571
0.009153452529174768 0.07318056016614294 0.9972765999829519 27.304919970522132 0.029116822406301517 0.99687609971602 -0.07341842715650759 -2.1676141836350897 -0.9995341999434453 0.02970955343830137 0.006994071139478623 55.48963553355316
0.013076420529881155 0.07048501016371692 0.9974269999814843 28.04412997050717 0.03351330284675662 0.9969210997223846 -0.0708886369016344 -2.2265461893894605 -0.9993528999251413 0.03435404390418601 0.010673980508674052 55.49768553394084
0.01709323053059823 0.07022556016114538 0.9973845999795609 28.777649970489247 0.03809348330562089 0.9967604997087379 -0.07083447689435489 -2.288673195462066 -0.9991280999024431 0.03920463438929955 0.014362720877597783 55.51027553478387
0.02071775053101666 0.0712687401594938 0.9972418999775705 29.51231997047287 0.04090596358762082 0.9965603996904814 -0.07206987701621213 -2.343893200844036 -0.9989482998849359 0.042286254696813325 0.017731171213890902 55.52232553557581
0.023460260531007825 0.07155827015930588 0.9971603999760754 30.246299970456207 0.041048673602425464 0.9965248996871597 -0.07247843705570815 -2.3954012058540024 -0.9988817998796509 0.04263246473126457 0.02044136148474537 55.536205536552984
0.027004530531226856 0.07039721015831812 0.997153399974437 30.985589970440632 0.042707723769057244 0.9965251996879344 -0.0715094669570558 -2.4452222106950576 -0.9987226998647568 0.04451722492034928 0.023904191831523612 55.54859553737924
0.030709060531403355 0.06867484015744918 0.9971662999727917 31.726299970424392 0.04416618391566503 0.9965691996928692 -0.0699938968036365 -2.4961122156422966 -0.9985521998489086 0.04619046508859832 0.02757060219892671 55.56188553829422
0.03356629053118352 0.06985875015788061 0.9969918999710542 32.46494997040493 0.04308927380851761 0.9965254996882897 -0.07127678693050195 -2.5374432196291963 -0.9985072998464624 0.04535214500412364 0.030439492485256348 55.58466554016411
0.03662308053067578 0.0712528501592163 0.9967855999691215 33.20739997038238 0.04027483352762566 0.9965392996886333 -0.07271499707274376 -2.578228223557741 -0.9985173998505021 0.04280842474902795 0.03362664280334991 55.6134855426363
0.03950202053091636 0.07135192015811596 0.9966685999676383 33.9510099703609 0.042130263713787974 0.9964412996798991 -0.07300545710042686 -2.620601227646167 -0.9983310998324398 0.044873764955460325 0.036355373076136906 55.63975554485206
0.042268270530425596 0.07092015015944714 0.9965859999661567 34.69840997033481 0.03944885344615312 0.9965811996925465 -0.07259297705768694 -2.6677162322044814 -0.9983272998348699 0.04238254470663558 0.03932604337345646 55.673165547777444
0.04429263053020521 0.0718146601599095 0.9964339999649073 35.44251997030781 0.03837120333878029 0.9965546996896074 -0.07352900715027347 -2.7118932364682093 -0.9982815998319077 0.0414911546170143 0.04138441357889831 55.70930555097904
0.04741274052950497 0.0713330301618379 0.9963249999632156 36.19784997027822 0.03453945295617572 0.9967332997055446 -0.07300592709625568 -2.761384241259714 -0.9982781998351468 0.0378739242556343 0.04479405392018482 55.74855555448306
0.050770750529220234 0.07342347016226482 0.9960075999610618 36.95092997024875 0.03333449283635483 0.9966135996935213 -0.07516735731075348 -2.812393246203815 -0.9981539998250981 0.037017704168855955 0.04815128425497773 55.787045557911476
0.053975840528969726 0.07769258016248212 0.9955150999586394 37.70473997021795 0.032350732738631954 0.9963090996635853 -0.07950858774338768 -2.8675542515624395 -0.9980181998136971 0.036497174114410995 0.051263204564225645 55.82660556144443
0.05735005052881013 0.07908020016247426 0.9952170999566168 38.46574997018586 0.03198206270246945 0.9962007996529969 -0.08100135789102476 -2.9229922569462388 -0.9978418997980226 0.03647452411136378 0.05460300489760459 55.86855556521245
0.06039293052776247 0.08181733016524174 0.9948157999543706 39.23006997014914 0.02627180213200461 0.9961594996466799 -0.08352275814150885 -2.9734132618223725 -0.9978289998012241 0.031179783580434217 0.05801150523738588 55.92107557003829
0.06297842052700511 0.08056066016728694 0.9947579999530871 40.00219997011091 0.022298501735177872 0.9963743996659993 -0.08210329799808085 -3.024315266743805 -0.9977658997982847 0.02735234319845783 0.06095370553235626 55.976315575131785
0.06664603052724723 0.08105877016596089 0.9944785999511384 40.778299970075096 0.024457421951884988 0.9962624996561639 -0.08284322807036917 -3.080932272239366 -0.9974769997702215 0.02984355344726102 0.06441445587820235 56.02494557955931
0.07069430052700246 0.08200656016604155 0.9941212999488264 41.555499970037324 0.023875401894555136 0.9961901996490159 -0.08387508817156454 -3.1359192775695406 -0.9972123997461785 0.029664523428824592 0.0684670262831232 56.07788558441808
0.07416550052609942 0.083020100168217 0.9937841999466844 42.33950996999445 0.019365301444256158 0.9962209996501804 -0.084668898249074 -3.1887742826799585 -0.9970579997348458 0.025524433014299974 0.07227750666394522 56.14130559032236
0.07831116052587198 0.08192870016827933 0.9935566999446745 43.13030996995182 0.019009061409545155 0.9963134996591875 -0.08365431814553317 -3.244326288059542 -0.9967478997061893 0.025437643006239914 0.07646507708333619 56.20333559608271
0.083322980525635 0.08026167016822668 0.9932849999423127 43.937949969907386 0.018869951396752564 0.9964454996721579 -0.08209998798758933 -3.2971812931641438 -0.9963440996685066 0.02558405302182159 0.08151226758898614 56.269725602271606
0.0881460305248243 0.08493966016953985 0.9924793999388785 44.71371996985842 0.01544655105547239 0.9961213996392725 -0.086623248437536 -3.352539298520899 -0.995987899637151 0.02296587275738736 0.08649212808509982 56.34391560925594
0.094219850524256 0.0942272501694872 0.9910820999340462 45.50439996980786 0.013860910898285818 0.9952900995577398 -0.09594507936694129 -3.4025803033407658 -0.9954550995878587 0.022777222733232915 0.09247000867889137 56.42297561672214
0.10170010052355057 0.09855422016975912 0.9899211999293119 46.30755996975255 0.012040090717928872 0.9948858995177741 -0.10028540979736943 -3.461241309017278 -0.994742399521433 0.022117772664815044 0.09999338942963609 56.50810562478445
0.10888450052243819 0.10094680017132351 0.9889153999249886 47.122239969689915 0.008008224316417128 0.9947089994989747 -0.10242001000720478 -3.5252773152230525 -0.9940222994552337 0.019071402358834304 0.10750001017974245 56.60533563404799
0.11580080052132596 0.09873063017319232 0.9883532999216179 47.914109969624576 0.004086352925875292 0.9949918995251018 -0.09987257974885222 -3.5924683217464204 -0.9932641993850382 0.015604082013407305 0.11481741091306939 56.70663564372887
0.12345220052079195 0.0968439701730897 0.9876135999179281 48.72686996955668 0.003804220899523921 0.9951731995430193 -0.0980607995639179 -3.662244328522457 -0.9923433992971117 0.0158629120403711 0.12248791168142624 56.811925653796514
0.130656200520286 0.09388208017303329 0.9869725999146652 49.54067996948727 0.003680755888958505 0.9954536995706335 -0.09517607927189571 -3.727642334858264 -0.9914209992087101 0.01606814206258876 0.12971661240609564 56.921625664306816
0.13811810051934637 0.08777174017439976 0.9865187999117723 50.356819969412825 0.0014189466646481487 0.9960468996276216 -0.08881813863226252 -3.792894341174151 -0.9904148991131583 0.013667211825999162 0.13744761318265888 57.04097567578097
0.14524650051842097 0.08101518017582293 0.9860728999091924 51.16787996933589 -0.0007262742480573752 0.9966503996854689 -0.08177725792451644 -3.850124346684935 -0.9893953990160325 0.01116169157929448 0.14481881392358442 57.16787568801685
0.1529056005177157 0.07734363017612844 0.9852094999058231 51.98906996925671 -0.0012737766008254134 0.9969472997142463 -0.07806743754977631 -3.912550352712209 -0.9882400989047946 0.010682001533400392 0.152537314697769 57.29726570049379
0.15997380051716856 0.0803584701754148 0.9838448999015806 52.773789969179695 -0.001057041577295692 0.9966942996901419 -0.08123612786334686 -3.9680253580519187 -0.9871207987964591 0.011955681659059946 0.15952991539613684 57.424905712818365
