0.999999857193189 -0.0004604399309563183 -0.00027130918177754176 -0.018546254007664287 0.00046087872527437725 0.9999985824282162 0.0016194852137517216 -0.018484467709663065 0.0002705631215171034 -0.0016196100231078703 0.9999986518285763 1.1502395370284142
0.9999987250549869 -0.001452243507202623 -0.000663985841066113 -0.027994213492004327 0.0014533705995965537 0.9999974986076957 0.001700144773434205 -0.03824472564827109 0.0006615151559683208 -0.001701107623342872 0.9999983343138888 2.285634765131257
0.9999959799350945 -0.0027301677307668137 -0.000765700863559484 -0.04164157133253558 0.002730779044988352 0.9999959526405511 0.0007984662315676238 -0.06694100809574079 0.0007635178177531369 -0.000800553981554293 0.9999993880767449 3.693388320310677
0.9999948129030067 -0.0031346114559848396 -0.0007405255571181757 -0.052594950996519334 0.003135172396526879 0.9999947983945633 0.0007575472657872873 -0.08456673171839771 0.0007381470888584248 -0.0007598650116015555 0.9999994388718622 4.870084940307185
0.9999928631539421 -0.003645519346611081 -0.0009918819858781467 -0.06334998221182453 0.0036469268397444224 0.9999923404207506 0.0014209238032423513 -0.1063330495311528 0.00098669438326447 -0.0014245309833638723 0.9999984985717085 6.529217577538584
0.9999867613332133 -0.005081099265412378 -0.0008121505804899441 -0.08042164679127417 0.00508322126860182 0.9999836153535647 0.0026324676536464663 -0.12863993839608473 0.000798761444228459 -0.0026365611443882313 0.9999962052555437 7.692533812744602
0.9999889480673475 -0.004607261863570228 -0.0009364193930891779 -0.09472821053671358 0.004610219406738028 0.9999843130437648 0.0031811229794616105 -0.1516466014291173 0.0009217484369323588 -0.0031854049207634657 0.9999945017725399 8.922556166606597
0.9999925025183842 -0.0037561371005896418 -0.0009414569030455076 -0.11966333892469223 0.0037574637625758674 0.9999919447131497 0.0014113734037256385 -0.1718326931463189 0.0009361480073353804 -0.0014149003121766294 0.9999985608409723 10.148786920627956
0.9999993301900258 -0.0009088285996752122 -0.000716693850762483 -0.14862292769740687 0.0009082166616546624 0.9999992231705218 -0.0008536983351194348 -0.1898800141556011 0.0007174691594766112 0.0008530468500063907 0.999999378774346 11.311494657343895
0.9999964259861571 0.002633432172231793 -0.00046157329441152593 -0.16919920461698199 -0.002634304830778371 0.9999947246014059 -0.0019003177144357908 -0.20884915828965622 0.0004565665016223477 0.0019015268474323888 0.9999980878695114 12.491512322405262
0.9999865548120658 0.0051795106938102 -0.00025072707790844165 -0.19137771713370919 -0.0051799850008484825 0.9999847221604122 -0.0019295598339932915 -0.23576233092144933 0.00024072907154643682 0.0019308326532007473 0.9999981069655984 13.626514326238821
0.9999803204947958 0.006271952606767042 0.000145717615833088 -0.20834019841364013 -0.006271802380789006 0.9999798225141474 -0.0010094847542044846 -0.26037603250381425 -0.00015204611615298063 0.0010085509759532793 0.9999994798533187 14.766114968811548
0.9999922424911408 0.003893083650587825 0.0005990469331093636 -0.21797049454177583 -0.0038941261780758712 0.9999908881770475 0.0017490981071186056 -0.28378497522613355 -0.0005922320894550973 -0.001751417302819477 0.9999982908978315 15.907132631344277
0.99999967121705 -0.00012421203878111358 0.000801334612267617 -0.23640358229072456 0.00012129546745323324 0.999993372681133 0.003638664758026061 -0.3118284904729691 -0.0008017812675350898 -0.0036385663634395677 0.9999930589667201 17.185049868723574
0.9999968436541808 -0.0024573783043704022 0.000523424822243341 -0.2524735119054486 0.002456620910513463 0.9999959417240338 0.0014427574862637751 -0.33316993277789486 -0.0005269680989856044 -0.0014414670760596032 0.9999988222379521 18.381826792738345
0.9999936196491269 -0.0035193847593283107 0.0006120391753734207 -0.26908790317789394 0.003519688245778174 0.999993683120712 -0.0004954930119649406 -0.3532802805206591 -0.0006102914786406175 0.0004976440376364098 0.9999996899473138 19.601720876005064
0.9999984083383002 -0.0013605571011825455 0.0011542119558016013 -0.2836418253053888 0.0013629480907108005 0.9999969219302399 -0.002073283036008835 -0.3778653591575304 -0.0011513875830987282 0.0020748528670243302 0.9999971846421442 20.73417586099655
0.9999969449246208 0.001394900745052525 0.002040684526050753 -0.2990212444648718 -0.0013946681936586097 0.9999990207940074 -0.00011537614676722851 -0.3973232077541106 -0.0020408434660727105 0.00011252971648202529 0.999997911145324 21.887542034740243
0.9999946564595619 0.002132370506474207 0.002477912093742629 -0.3074089670078852 -0.0021405342436068013 0.9999922751260331 0.0032966348616796934 -0.4181152746324996 -0.0024708633052337387 -0.0033019213016679343 0.9999914960389643 23.15155427757976
0.9999962656632266 -2.886162789136372e-05 0.0027327324433219866 -0.3067410622266799 1.4770878369425259e-05 0.9999867067807103 0.005156165599456579 -0.4316737759474145 -0.0027328449318426147 -0.0051561059797398945 0.9999829729198922 24.284066028392825
0.9999894719041197 -0.00390669274586527 0.0024070381609126385 -0.317704067833392 0.0038987424218381896 0.9999869586623684 0.003298835053906503 -0.44735054107567174 -0.0024198943048895738 -0.0032894159016664923 0.9999916618925284 25.408341000170523
0.9999871350794264 -0.004455337754614504 0.002424797132082188 -0.33174746758688006 0.004452396008111214 0.9999893471893871 0.0012172417706242484 -0.47173465751302457 -0.0024301945243940903 -0.0012064299538348286 0.9999963193338973 26.66216022577666
0.9999833569758891 -0.004916446189026628 0.003018994551140174 -0.351294328739545 0.004920454521397076 0.9999870210136131 -0.0013217154082707735 -0.4891796568434938 -0.003012457224968348 0.0013365482363180319 0.9999945693553948 27.842276349857983
0.9999921255413312 -0.0012636901282228183 0.003761906775597833 -0.3639281019301893 0.001272227573486935 0.9999966189845705 -0.0022679189639243347 -0.5100870731844606 -0.003759028109725978 0.0022726871068184376 0.9999903522539537 28.997325556091063
0.9999913425683117 -0.0001334705614010707 0.004158963095866395 -0.3803578216999779 0.00015153902002256717 0.9999905513498182 -0.004344450138970094 -0.5383739292870385 -0.004158343943079277 0.004345042772381093 0.9999819142259317 30.136419857488402
0.9999902105303493 0.0008219653325248715 0.004347782935879269 -0.39682327915752713 -0.0008055873989543036 0.9999925789373207 -0.0037673729874813542 -0.5618060194953749 -0.004350847320699272 0.0037638335877507065 0.9999834517052355 31.275475192528532
0.9999909060433811 0.0007965974598583407 0.004189661444812823 -0.40812801653648884 -0.0007857533942240796 0.9999963390490372 -0.002589301088122984 -0.587202664910219 -0.0041917087373366455 0.0025859855004296967 0.9999878710548716 32.44927966391951
0.9999916712934631 0.0017391919793398117 0.0036922289966532544 -0.4238557875922513 -0.0017357004400190435 0.9999980437119265 -0.0009486391833440535 -0.6280319815908881 -0.0036938716392479897 0.0009422226789118731 0.9999927337379696 34.4094003081385
0.9999815665359724 0.004705688062555078 0.0038370676457529524 -0.44504134207092755 -0.004702689562194251 0.9999886301582682 -0.0007901044680775255 -0.6541569879405431 -0.0038407420040640554 0.0007720453657474591 0.9999923262939636 36.02444966301244
0.9999657082471652 0.007135343885816494 0.004203474440757409 -0.46817337169786905 -0.0071303167252970865 0.9999738472282699 -0.0012097284354315092 -0.6775049312574509 -0.004211996336644482 0.0011797148476130562 0.9999904336341123 37.375902661915624
0.9999490883657879 0.00916238063333002 0.004227464672565496 -0.4862985323904373 -0.00915996446566443 0.9999578722639141 -0.0005905492455134308 -0.7061927791642904 -0.004232697416019004 0.0005517957535050691 0.999990889855519 38.691482442260444
0.9999437394416166 0.009910808668002105 0.0037807172680106773 -0.5020196464181653 -0.009908908179389567 0.9999507697950761 -0.000521080535409012 -0.7286207194230011 -0.003785695472011305 0.00048358843886553703 0.9999927172994897 39.93179658924988
0.9999533083516358 0.009097029213648803 0.0032596282153552042 -0.5158826962338653 -0.009094389983166652 0.9999583060225449 -0.0008235820262883393 -0.7466434498654635 -0.003266984458242293 0.0007938992416947563 0.9999943482523019 41.15804601855985
0.9999616401747796 0.008321287800025683 0.0027339254399878993 -0.5356782292516259 -0.008318015437847189 0.9999646772933493 -0.001206144593750614 -0.7709260049809773 -0.0027438655466340517 0.0011833574922384279 0.9999955354234887 42.4153611343163
0.9999663618396021 0.007894490375795923 0.0022253563702389362 -0.5531528368359363 -0.007892406818951456 0.9999684093507103 -0.0009435121684342873 -0.7999437240293036 -0.0022327346175188816 0.0009259170126289076 0.9999970787826411 43.697577596650795
0.9999638453280087 0.00843375963871312 0.0010861561473868497 -0.5630508272410577 -0.008433967846463188 0.9999644159278936 0.0001872547700915864 -0.8271050460481908 -0.0010845382358054604 -0.00019640860598074846 0.999999392600054 45.039822104920596
0.999959010540161 0.009053862414231912 6.938965404527474e-05 -0.5809164821620706 -0.009053847193734367 0.9999589896245784 -0.0002166102083504558 -0.8574696654343203 -7.134796737286296e-05 0.000215973086289819 0.9999999741325474 46.631973436720024
0.9999534745271406 0.009593967116929752 -0.001002285416291742 -0.6088157661982652 -0.00959392400635278 0.9999539761090118 4.781146268947246e-05 -0.899592216986973 0.0010026979888184326 -3.819338812262877e-05 0.9999994965688784 49.05381382767291
0.99995303519002 0.009435946407684973 -0.002211408975238749 -0.6299741764100293 -0.009433681844758587 0.9999549690500231 0.0010322398059739463 -0.9318143034290112 0.0022210495528815644 -0.0010113295983274187 0.9999970220712305 50.57389385215553
0.9999628778682503 0.008143642629125081 -0.0028149547373158344 -0.6489904556720535 -0.00813840520853607 0.9999651396454501 0.0018670443260781538 -0.9584786748761438 0.002830061148760668 -0.0018440657751175875 0.9999942950713837 52.02076480586662
0.9999704346085605 0.006919262991613497 -0.0033546547388787844 -0.6695465222915287 -0.006912564443078941 0.9999740992979052 0.0020042919353931298 -0.9871704245678476 0.00336843607397942 -0.0019810434106515766 0.9999923645235611 53.48775796562409
0.9999813755804946 0.0047400127843524285 -0.0038445768224513953 -0.6839560863542117 -0.004735069731303837 0.9999879525180363 0.0012938057906839253 -1.0143659046615463 0.0038506631609704807 -0.0012755773549613055 0.9999917726139722 54.97084443858991
0.9999847124797449 0.0038184108783490436 -0.003999318087274289 -0.7011964819690473 -0.003812072196393469 0.9999914677931981 0.0015913661973613307 -1.0397324104927663 0.004005360454265421 -0.0015760961800341702 0.9999907364613259 56.36209150381761
0.9999888433811389 0.003114095603220413 -0.0035518335859179907 -0.714225846707176 -0.003106463558660658 0.999992858808369 0.002152258447429661 -1.0684502615963936 0.003558510560162478 -0.00214120079390224 0.9999913760936919 57.79226331415932
0.9999940045454385 0.0015332721304716582 -0.003104826846540047 -0.7394852736655421 -0.001524744449924463 0.999995064299524 0.002747095002610979 -1.0868685514205216 0.0031090235662525932 -0.002742344465026333 0.9999914067227287 59.26969678996662
0.9999967576198987 -0.0006328141957747907 -0.0024666365518892217 -0.7724480365236044 0.0006387376506117449 0.9999969126837185 0.0024013823612174575 -1.1092547914958368 0.002465109307755018 -0.0024029501086600042 0.9999940745158834 60.59212541862102
0.9999935362702864 -0.002940963152373655 -0.002068369739694418 -0.8150577372091046 0.0029444029657212777 0.9999942841384638 0.0016619812202333805 -1.1445167232105637 0.002063470091651393 -0.001668060591632593 0.9999964798263269 62.605558034267986
0.9999960833043586 -0.002308456509255351 -0.001582531037276689 -0.827858727456079 0.002310557124474039 0.9999964504093694 0.0013268362505597878 -1.1755052798102692 0.0015794624761606873 -0.0013304875821097668 0.9999978675482674 63.94186081083657
0.9999992972720188 -0.0008167659362265497 -0.0008592722914859697 -0.8510493997294674 0.0008177631106509045 0.9999989919301491 0.001160776541940568 -1.2034808101559527 0.0008583233425411091 -0.0011614784074132631 0.9999989571239315 65.21374676573238
0.9999979027528582 0.0020265574164893808 -0.0002958968057017857 -0.8869025070274978 -0.0020258246832609078 0.9999949321276594 0.002455962815330677 -1.2290131216280384 0.000300872455793233 -0.002455358229517861 0.999996940341185 66.72644060554792
0.9999831471539696 0.0058001686220455866 0.0002518967947294612 -0.8925980435275234 -0.005801066037527836 0.9999762491035252 0.0037214058731694383 -1.270871129608453 -0.00023030603037865467 -0.0037228044268309826 0.9999930438189726 68.29748106470886
0.999953310499542 0.009612210546403883 0.0009910748789101996 -0.9167178950409688 -0.00961615871818965 0.9999455253281228 0.004059047643262745 -1.2876640756416176 -0.000952004469865836 -0.004068388461694078 0.9999912709133096 69.60837473566089
0.9999048669286001 0.01370637391190067 0.001546740664897063 -0.9354122525814473 -0.013712029739672706 0.9998991131837798 0.0037072489405328207 -1.3085842245965118 -0.001495771678991803 -0.003728105212552228 0.9999919319167583 71.0383263558788
0.9998607174315493 0.01650197375950132 0.0024961168456123024 -0.9833545598388653 -0.016509580248038825 0.9998590311007283 0.00305805270462434 -1.3266859588923186 -0.0024453010652805422 -0.0030988366125613153 0.9999922088268243 72.55179215329814
0.9998270560390227 0.018371236965776486 0.0028906166620331084 -0.9837713831293928 -0.018379469147452577 0.9998270282349125 0.002847582272507486 -1.3510248424939972 -0.0028378030582584066 -0.0029002178001080268 0.9999917677713734 73.73687961804643
0.9998190410819588 0.018728565916318617 0.003335552228466375 -1.002903789833167 -0.0187395381241677 0.9998189891568011 0.003289168947161434 -1.3899802718827603 -0.00327334703990761 -0.0033510804508591896 0.9999890276692891 75.33816174065169
0.9998403298550853 0.017537548961023785 0.003427706479848817 -1.0219040658103238 -0.01754762002599194 0.9998417341316792 0.002930481185301539 -1.4157956479433527 -0.0033757705336393156 -0.0029901613658162287 0.9999898315024573 77.17103051566671
0.9998621751247528 0.016310361803583615 0.003098846984400618 -1.0243671463484318 -0.01631634434605137 0.9998650453568494 0.0019151973067606813 -1.4353383599842062 -0.0030671912196126067 -0.0019654951994051975 0.9999933645613084 78.6319361704779
0.9998753923449748 0.015574810151197582 0.0025739214701575863 -1.029964193260435 -0.015579969626037079 0.9998766311109237 0.00199677357746895 -1.4624616716392271 -0.00254250455894072 -0.002036626382521888 0.9999946938976966 79.89377711695322
0.999884051279993 0.015060401665308204 0.002251287983743312 -1.0532575182339794 -0.01506554874018759 0.9998838925193897 0.0022870770489326485 -1.4852989653676507 -0.0022165822933704372 -0.002320728754124743 0.9999948504772354 81.21216071308994
0.9998848977745116 0.015048742776931013 0.0019304256749147698 -1.073709886982894 -0.015052051040284084 0.9998852478399265 0.001710821898073539 -1.5073100369995187 -0.0019044584357169301 -0.0017396818444551446 0.9999966732670406 82.46829684729988
0.9998855664756725 0.015040232203398349 0.001626459003287227 -1.10785563767134 -0.015043517700646348 0.999884785237419 0.0020270239041991246 -1.5262335906545375 -0.0015957847009978056 -0.0020512596095164023 0.9999966228968996 83.64572601215848
0.9998944188116382 0.014509537824965 0.0007902793429651765 -1.1340600868313768 -0.01451172739563187 0.9998906683963329 0.002839193886793293 -1.5559968978358447 -0.0007489975493639081 -0.0028503624397214597 0.9999956572088876 85.054018568299
0.9999208728740123 0.012579608714209253 -3.788758247197169e-05 -1.1617363541369352 -0.012579368305708412 0.9999134053321056 0.0038654016839398788 -1.5901840100135296 8.650954231710998e-05 -0.003864619223960925 0.9999925285892665 86.51131414727139
0.999944327626845 0.010513878009676979 -0.0008944361867732115 -1.1855165364881053 -0.010509888122936559 0.9999352891103338 0.004354290237599221 -1.6142073967450183 0.0009401587833891914 -0.004344647399673419 0.9999901200214114 87.7472466305934
0.9999553538128805 0.009314105129410636 -0.001593055740763555 -1.193175718964818 -0.009307124483028213 0.9999472929610579 0.004334597294589968 -1.6436993623104759 0.0016333446704086961 -0.0043195770032617925 0.999989336662998 88.90228080740133
0.999965538832066 0.00799890697236329 -0.0022223041063854326 -1.2036998321905392 -0.007990374185892348 0.9999607711280981 0.003822319356716537 -1.6728688403672287 0.002252791304856001 -0.0038044305937638464 0.9999902255718284 90.31488972257276
0.9999728436801256 0.006945183527097039 -0.002465020903659299 -1.2223773887692433 -0.0069366684492985844 0.9999700024960045 0.003446264493782348 -1.6944210362802516 0.002488881898577773 -0.0034290718731935284 0.9999910234262032 91.62259171206544
0.99996720526 0.00765128333563633 -0.0026544807063496553 -1.232661771243069 -0.007644115972561255 0.9999671386929709 0.0026998194730042985 -1.7172975481780144 0.0026750505603878386 -0.0026794397747617765 0.9999928323278094 92.83894718658355
0.999967525403185 0.007599101450118653 -0.0026836162502728816 -1.2454164892697657 -0.007593095638445216 0.9999686607007271 0.00224109683317714 -1.7507750948376624 0.002700562469815583 -0.002220647099617266 0.9999938878257243 94.28502726710016
0.999957704107112 0.008875035037789409 -0.002413244684599897 -1.2679482343842834 -0.008871794850603451 0.9999597334664158 0.0013500747755645038 -1.7730396494978409 0.0024251294725391617 -0.0013286078611817412 0.9999961767667885 95.51991253301365
0.9999439279688487 0.010374434773804436 -0.0021241519131460053 -1.285568827547227 -0.010370832986189864 0.9999447769191263 0.001699686831961525 -1.8106957037449878 0.0021416679011078414 -0.0016775623023414 0.9999962995148156 97.15889668531581
0.9999384160183207 0.010929307823682639 -0.0019272782006876383 -1.3018872951052576 -0.01092340922806607 0.9999357014822313 0.0030450011609077293 -1.8346292465782397 0.0019604340345676812 -0.0030237611891309867 0.9999935067622534 98.4573993513725
0.9999244134444616 0.012154499172194903 -0.001853523028820335 -1.3238885643744611 -0.012146504983274405 0.9999171330771752 0.004264902743256785 -1.8603879159725267 0.0019052071899336373 -0.00424206654724399 0.9999891874700315 99.8778393342192
0.9999351460801837 0.011220429253657566 -0.0019507949561446637 -1.3374660547036281 -0.011214803104460769 0.9999329892763413 0.0028714366097383663 -1.8837330478102372 0.00198288298329955 -0.0028493726044898342 0.9999939746072657 101.23166632622124
0.9999334630777221 0.01141009415762745 -0.0016968113341173693 -1.3633989922487104 -0.01140924546882361 0.9999347828874223 0.0005090085569662631 -1.9082702976705204 0.0017025085085442793 -0.000489615352079685 0.9999984308695622 102.53921782931775
0.9999417539135228 0.010640952006156038 -0.001805248112214397 -1.3838162421339475 -0.010642040274928082 0.9999431952768101 -0.0005943049595593247 -1.9369050841211337 0.0017988215950441276 0.0006134818667362704 0.9999981939388037 103.80526129565094
0.9999650446666177 0.008143567371135807 -0.0018951926965330413 -1.3940716262907746 -0.008142447979034382 0.9999666711423486 0.0005976164271121635 -1.9607511695084567 0.0018999962615624877 -0.0005821640292903274 0.9999980255476756 105.0562195238159
0.999981428121442 0.005955158973086003 -0.0012959528549099058 -1.4082049110232706 -0.005951780329129819 0.9999789196289407 0.0025954977646463176 -1.9899870278339618 0.001311382137546347 -0.0025877363346690735 0.999995791939922 106.29647006195437
0.9999903152371586 0.0043906259363116415 -0.0003030441720817319 -1.4264940933425083 -0.004389651013929785 0.9999854164355709 0.0031460896602639662 -2.0162093585678016 0.0003168530554785585 -0.003144728932975844 0.9999950051295656 107.70684844183302
0.9999928678587996 0.0037238017051581954 0.0006305016960843614 -1.4427547837299055 -0.0037248920518179107 0.9999915538299763 0.0017370802826838054 -2.043149869820766 -0.0006240278282404473 -0.0017394164443396809 0.9999982925083939 108.96579447083009
0.9999836854306077 0.005553538801491156 0.001336816889516436 -1.4584147283447655 -0.005552791383274393 0.9999844251169525 -0.0005621666712958553 -2.067284369586725 -0.001339918083170918 0.0005547344344822075 0.9999989484440662 110.3142742869858
0.9999682084376388 0.007566881352276704 0.0025148400776841863 -1.4779467260362813 -0.00756044939489821 0.9999681492969643 -0.002557341695171075 -2.09810286709839 -0.0025341110794435437 0.002538247072138146 0.9999935677707323 111.64810169203844
0.9999388664692018 0.01044562735778709 0.0036265952883481494 -1.4914218328299216 -0.010436570296342176 0.9999423937943471 -0.002507407680579976 -2.1226752896069803 -0.0036525778202188084 0.0024694051772307796 0.999990280309433 112.83916170598869
0.9999205931723663 0.011568897651112343 0.004996794668232358 -1.4947818092262333 -0.011565713060862343 0.9999328932748494 -0.0006657539924797946 -2.1465307855077738 -0.005004161389505012 0.0006079096337091342 0.9999872943266157 114.07941792067642
0.9999152455856567 0.011505911837122428 0.006092260513769658 -1.5110331268119916 -0.011515115619918295 0.9999326068137084 0.0014778169701488825 -2.174191868100312 -0.006074846305151262 -0.0015478448028411204 0.9999803500163569 115.48129166632145
0.9999182849638161 0.010843008129657527 0.006771452555909777 -1.5134435127791126 -0.010856835590699637 0.9999390454404021 0.002008612627942032 -2.232114344757978 -0.006749260401946562 -0.00208196504119955 0.9999750561416993 118.26097859928936
0.9999014241262297 0.011763600111067312 0.007665490379638857 -1.5073224879797398 -0.011773889683827563 0.9999298421434677 0.0012985810133226694 -2.2850852434132642 -0.007649676597511283 -0.001388705642668272 0.9999697765155666 120.85731948770497
0.9998630613909276 0.014041671344174682 0.008757278790808171 -1.5141393777905514 -0.01404777300292765 0.9999011231369549 0.0006356281218740056 -2.3200039929081706 -0.0087474876173673 -0.0007585613444211445 0.9999614522795723 122.74291653504909
0.9998105049963961 0.01658736993672817 0.010188879105604965 -1.5347471279078324 -0.016591442735809765 0.9998623028178761 0.0003153278829783481 -2.363680421388571 -0.010182245665416046 -0.00048431633414415927 0.999948042305648 124.50409830357495
0.9997911017703632 0.01714138335341832 0.011132196437816511 -1.532961126842109 -0.01713251015725195 0.9998528299240532 -0.0008919577169013537 -2.387187869301134 -0.011145847500781004 0.0007010489199685602 0.9999376373624017 126.12615373069433
0.999755294306069 0.01859201104681798 0.011987019321601955 -1.525961224737783 -0.01857247086253531 0.9998260037966556 -0.0017393843924001352 -2.4238405465618587 -0.01201727227958801 0.0015163301880548603 0.9999266402640345 127.79228950392711
0.9997581242812398 0.017715658174331475 0.013032589501061224 -1.530549595163767 -0.017690791837453982 0.999841463485301 -0.0020208363936440143 -2.4476866381315645 -0.013066323806519519 0.0017897907744211683 0.999913030133705 128.94260925583833
0.9997524347733332 0.017422365085511704 0.013839449397101878 -1.5251531891192345 -0.017408857555358766 0.9998478537699763 -0.001095896976807238 -2.469158233791515 -0.013856436894275789 0.0008546966676235738 0.9999036296814818 130.16471713345425
0.9997576096449288 0.016290933227389108 0.014809708019929436 -1.524830806030914 -0.01628761675473604 0.9998672886123772 -0.00034453356550835873 -2.4936577246856984 -0.014813355376337352 0.00010323520541545214 0.9998902709022562 131.45393539469995
0.9997665018293223 0.015385370693654525 0.015173403987721558 -1.5285885854939003 -0.015387151625289313 0.9998816107742257 6.275455362345192e-07 -2.517529435063341 -0.01517159796514964 -0.00023410286683783087 0.9998848772788957 132.6773101304938
0.9997991621403108 0.013381991336305613 0.014918367585074605 -1.5023904691691705 -0.01338616266543844 0.9999103851477216 0.00017978549151213662 -2.547684858629711 -0.014914624789876693 -0.0003794490789769243 0.9998886987989085 133.94403941443494
0.9998235786532284 0.011779450570972365 0.014630656625527833 -1.4999389339903724 -0.011792118533761574 0.999930166424081 0.000779881778542651 -2.566710335558443 -0.014620448335595384 -0.0009522706279054282 0.9998926620748441 135.16138798909762
0.9998502573230602 0.010113518029212966 0.014042068368980889 -1.5034146720528283 -0.01012005125243854 0.9999487132377239 0.00039428018066918393 -2.6012479606971106 -0.014037360637042135 -0.0005363275916852846 0.9999013275614053 137.22854425462873
0.999877102023362 0.008848970106781066 0.012941274180267637 -1.5019020327632464 -0.008851642844649343 0.9999608123018404 0.00014926348161499258 -2.621888146658451 -0.012939446213433714 -0.0002637966744350087 0.9999162470642252 138.45482455515653
0.999900645458261 0.0075100071534206 0.01192891464907583 -1.4996968471607035 -0.007524260544807741 0.999971030587307 0.0011504300959017466 -2.6506632616828343 -0.01191992933717394 -0.001240072057284677 0.9999281861743321 139.68424950571483
0.9999209038175322 0.005914390862630537 0.011099823847701898 -1.5053490302484274 -0.005929800478071222 0.99998149935895 0.0013558783533411003 -2.6774882726748808 -0.011091599299300625 -0.0014215908492995885 0.9999374757975829 140.90741471167243
0.9999372858599804 0.005425861515410096 0.009797161516919848 -1.5084259696014561 -0.0054398129232318924 0.9999842269761726 0.0013979392756391592 -2.699886534940928 -0.009789421961140502 -0.0014511463309119432 0.9999510294969419 142.11404885446208
0.9999535712265157 0.004866397353779244 0.00831706487468695 -1.501579725942404 -0.0048740353918020575 0.9999877183112281 0.00089833495670862 -2.7250818282424305 -0.008312591072227794 -0.0009388309166750681 0.9999650091009069 143.30942302972878
0.9999601212236069 0.00473256205048301 0.007573560517081614 -1.5136944035024504 -0.004737323784446093 0.9999885922079054 0.0006109152174463678 -2.7564945368381184 -0.007570582925302914 -0.0006467692632670752 0.9999711335652105 144.86373637205892
0.9999759994625982 0.002298428633250841 0.006535879787300909 -1.5173959400766859 -0.002287318804975408 0.9999959275144534 -0.0017067885583255424 -2.7881190765615416 -0.006539776101717549 0.0016917979537368019 0.9999771843138343 146.31311527583847
0.9999796102786288 -0.0031661566030830274 0.00554567212920854 -1.5262301885829923 0.003178317669303322 0.999992561015001 -0.0021854545163678416 -2.8080054377222314 -0.005538711383788275 0.002203035863274052 0.99998223449679 147.5621150970306
0.9999281675750525 -0.011189866506440225 0.004294947911646379 -1.5316310058293057 0.011189068292758626 0.9999373783995698 0.00020983356690218273 -2.8344350413913415 -0.004297026964735835 -0.00016176202855257282 0.9999907546534175 148.8310586344343
0.9998402891186066 -0.01768024579511036 0.0026086708960302 -1.5247427971526877 0.017675895498670074 0.9998423554348089 0.0016813675634071135 -2.859982088141691 -0.0026379866450332817 -0.0016349884365644783 0.9999951839080395 150.02236718099903
0.9997847702504085 -0.0206866701138111 0.0015731671680923453 -1.5253311412033785 0.020689253200896623 0.9997846031474181 -0.0016438100068618912 -2.8850055396289807 -0.0015388233574932782 0.0016760038639122453 0.9999974115135117 151.22841966769317
0.9997954141630745 -0.020158239698334593 0.0016658903773207616 -1.5297042330862407 0.02016573925102279 0.9997860002973793 -0.004614820670167583 -2.915610622528552 -0.0015725072160405992 0.004647470454186877 0.999987964047285 152.4403118452043
0.9998575854053009 -0.016748679132669916 0.002071389579778045 -1.5381944687410665 0.016762415211985456 0.9998363638450274 -0.006801982755338393 -2.9453104114439346 -0.001957126398915883 0.006835735545921693 0.9999747208683856 153.66349599446022
0.999853025090971 -0.016923730810891525 0.002741450687808098 -1.543589314510218 0.016942208515779267 0.9998329145429943 -0.006863276699825088 -2.980037939231775 -0.002624840383917807 0.006908714199543591 0.9999726895676047 155.0312894851976
0.9997925496354925 -0.020061588114123653 0.003519996548186556 -1.5543961227859142 0.020073115530107613 0.9997931650487761 -0.0032706504941267525 -3.0186016710142076 -0.003453654046792989 0.0033406292938654414 0.9999884561681934 156.37508012621743
0.9996724518585852 -0.025309659521968883 0.003796067692499585 -1.5568501158127832 0.0253114618059628 0.999679522227815 -0.00042748052772978353 -3.0480326244961446 -0.003784031750572523 0.0005234245296874703 0.9999927035386174 157.60641165179362
0.9995776400393477 -0.028852670617089123 0.003473461044698463 -1.5510223681453696 0.0288507055185001 0.9995835428476139 0.0006145398975024919 -3.0706515383113713 -0.0034897456142457574 -0.0005140685387265331 0.9999937786851906 158.91791487423126
0.9995315647255381 -0.030425056764091945 0.0033116518866878816 -1.5536900323470584 0.030424021277934893 0.999537016540975 0.0003626205096769913 -3.092692465744251 -0.003321151396232251 -0.0002616968779748588 0.9999944507186768 160.20216202745593
0.9995877075629226 -0.028421591248938595 0.004077749376689056 -1.5625102829192559 0.028417756264505774 0.9995956384437065 0.0009953558144262836 -3.1180685523742437 -0.004104390087709033 -0.0008790649488588266 0.9999911905746093 161.70926771679305
0.9996932771745136 -0.024229037223340084 0.005128871933518853 -1.5666363810891752 0.02422913850789852 0.9997064304333731 4.2394762683851906e-05 -3.14687148173911 -0.005128393437090428 8.18863892225435e-05 0.9999868463511783 162.99017771372422
0.9997718823252804 -0.020518557163410025 0.005930609049275782 -1.5817496988879352 0.020532504329261795 0.9997865392469456 -0.0023004796397492213 -3.165526592555605 -0.005882140574009846 0.00242172511566102 0.999979767630192 164.22626123887562
0.9998138293734204 -0.017953278293219858 0.0070701055283046875 -1.6104437256117046 0.017974063084033282 0.9998342844774668 -0.0028873239637383736 -3.184490874561437 -0.007017096971428244 0.0030138649516019793 0.9999708380588647 165.42184454056326
0.9998431315957367 -0.01605262214560102 0.007485019911711359 -1.6183884578014278 0.01606513892344544 0.9998696428455595 -0.0016151245316373148 -3.2124396654923792 -0.007458117201989507 0.0017351190543542989 0.9999706824950768 166.60086212492266
0.9998716025440738 -0.014294624069017336 0.0072416951515974215 -1.6310729599611542 0.01431081550286539 0.9998951989329096 -0.0021889976127523747 -3.234439766855406 -0.0072096453162543445 0.0022923511142691 0.9999713826609159 167.9836591458078
0.9998965452918939 -0.0126107349298117 0.006918676019529683 -1.651077024904928 0.01264342493360637 0.999909014886501 -0.004701675727181433 -3.254532415692304 -0.006858754936683995 0.0047886650775830816 0.9999650124716836 169.22787231848193
0.9999348590765956 -0.009363229831840146 0.006527444414394195 -1.6801708525464842 0.009412461343912703 0.9999271780385336 -0.007552760510703797 -3.277582841586245 -0.006456250840560628 0.007613707835133677 0.9999501728976729 170.6123611062108
0.9999699475832134 -0.004248118658766623 0.006485169102226239 -1.7036662125782989 0.004305114919888169 0.9999520101307021 -0.008800194377521865 -3.314882907230421 -0.006447473609871494 0.008827849308671306 0.9999402477951542 171.9760233904725
0.999974471347665 6.32733919474068e-05 0.007145113675341995 -1.7315668779071594 -8.671505982692403e-06 0.9999708023405618 -0.00764162228624977 -3.3465651539008885 -0.0071453885661070535 0.007641365247033855 0.9999452749822871 173.34293901197523
0.9999667850099526 0.00279434204319735 0.007656404469626329 -1.754297114278678 -0.0027499326064468923 0.9999793714503851 -0.005804700193830977 -3.385577889610533 -0.007672466846905399 0.005783452794471317 0.999953841397821 175.09104219243017
0.9999642254545188 0.0038647720704175904 0.007524051301367909 -1.7591845656719411 -0.0038371933110847665 0.9999858798960322 -0.003676405314902005 -3.417673258762803 -0.007538153529560621 0.0036474025538456604 0.9999649357332367 176.41001295075347
0.9999772358832766 0.0007509739925365545 0.006705501718900894 -1.7586794402844272 -0.0007326309822754283 0.9999959845171552 -0.0027375539076227168 -3.454790854665401 -0.0067075306248603455 0.002732578931313723 0.9999737706786623 178.03591108805412
0.9999846796930948 -0.0017116560062575333 0.005264087082567914 -1.7901559407387244 0.0017255238095796987 0.9999950501775179 -0.002631005137628219 -3.4815690085510003 -0.005259557650523786 0.0026400481374173747 0.9999826834496456 179.54099827510055
0.9999932600475905 -0.001847842700259858 0.0031725914871641044 -1.7927609786947358 0.0018692283689032234 0.9999754641733121 -0.006751076703957347 -3.515289437119856 -0.0031600387172017095 0.006756961500031085 0.9999721784262771 180.84757037574542
0.9999987496342461 -5.3718624715855994e-05 0.001580456975127452 -1.7966760172039846 7.127878269797775e-05 0.9999382478016557 -0.011112853039562156 -3.542983746808976 -0.001579762411251677 0.011112951797479316 0.9999370013421206 182.15736842505834
0.9999864005926639 0.005110490251419469 0.0010399611121745885 -1.823746151358673 -0.00509784471686333 0.9999171560345866 -0.011819181314122991 -3.6069776053454676 -0.0011002767685565431 0.011813719019999216 0.9999296102396162 184.16535366952132
0.9999624849734075 0.008638463769877291 0.0006368590899784635 -1.8344678515662143 -0.008631006062749812 0.9999032720597103 -0.010906523672509476 -3.6446575453403254 -0.0007310130975094586 0.010900617779315926 0.999940319295048 185.375945550768
0.9999415558074133 0.010779106536373819 0.0008341652846131556 -1.8594145355585114 -0.010772484977239566 0.9999133024665939 -0.007572391812104463 -3.6863274109259327 -0.0009157165826171415 0.007562963216780806 0.9999709811042139 187.00083938804008
0.9999342126389433 0.011437293215149101 0.0008710442251773749 -1.862560846368415 -0.01143213113230042 0.9999183073484761 -0.0057170802970876785 -3.716560715527043 -0.000936360990956149 0.005706746293656494 0.9999832779976057 188.33576401066495
0.9999396409676662 0.010956338562137461 0.0008204064609306626 -1.8751776094580734 -0.010952185515883603 0.9999279866519619 -0.0049062350708837755 -3.746402568433148 -0.0008741017532154784 0.004896953691522715 0.9999876278187999 189.95048987460382
0.9999577332257511 0.009118920559107326 0.0011734776727111778 -1.922249260152738 -0.009113800394687462 0.9999492358280221 -0.004297023308298551 -3.7818222979087794 -0.0012126023162765793 0.004286146845706505 0.9999900792212102 191.57225760461193
0.9999787177543206 0.006436925105601465 0.0010630303870456804 -1.9317401531403915 -0.0064329209042618355 0.9999723586682746 -0.0037281936696820016 -3.8239546225267733 -0.0010869991068998205 0.0037212759349484633 0.9999924852409444 193.50318009333978
0.9999916770668769 0.003827139095949612 0.0014137904050246129 -1.946238745182444 -0.0038218821654277205 0.9999858422623793 -0.0037024980088009056 -3.8637329312558326 -0.0014279403638319788 0.003697063852821745 0.999992146321754 195.25294534693916
0.9999981600398968 0.0004072540277637736 0.001874582879364375 -1.9654333777201904 -0.0004024863913477247 0.9999966856226593 -0.002542980218652043 -3.896932111773931 -0.0018756123052247515 0.002542221045570245 0.9999950095828674 196.626692940641
0.999989411968896 -0.003913744547688356 0.0024204449406252503 -1.9773063298959082 0.003916254631757684 0.9999917977256937 -0.0010331655171204907 -3.924027116328623 -0.0024163815415612277 0.0010426336566402188 0.9999965370016572 197.9680956026017
0.9999764253208735 -0.006398764235549323 0.0024909072120722557 -1.9784270669538602 0.00640208034752449 0.9999786278508815 -0.0013255974816868076 -3.9494490250365217 -0.002482371790274142 0.0013415132192601629 0.9999960190783665 199.35452146940165
0.9999850909965038 -0.0046465280353316105 0.002868372696197906 -2.006259532288707 0.004662224202265447 0.9999740618018085 -0.005489935252054868 -3.982399589273773 -0.002842789157716418 0.005503226399195078 0.9999808163404973 200.7522430701889
0.9999913172672577 0.0025364688780231456 0.0033063145220321036 -2.027689088850916 -0.0025019399965246275 0.9999427266433909 -0.010405946820242346 -4.019517272598717 -0.0033325195185571837 0.010397584267642495 0.9999403905008832 202.10030468542632
0.999923370382044 0.01156211916646034 0.004423885643449996 -2.0443347568361028 -0.011515560264090915 0.9998795149266866 -0.010409010604741724 -4.062848802032515 -0.004543702852280761 0.010357269444506297 0.9999360388215074 203.4621638755121
0.9997943179862728 0.019490514424961223 0.0056072782884919875 -2.066650634832061 -0.01945160851275368 0.9997869117552307 -0.006911295768400022 -4.10033370177043 -0.005740788153272683 0.006800803657078178 0.9999603954262389 204.78945192936038
0.9997738526769047 0.020313455540489377 0.006293411441688368 -2.080281861689518 -0.020282578129720976 0.9997821229967521 -0.004931892183764457 -4.12739228109449 -0.006392224024668591 0.004803130240279828 0.9999680341950516 206.07508118733
0.9998161415131902 0.01828358340188823 0.005778732356954803 -2.08802894411608 -0.018258197850407016 0.9998235548870971 -0.004415575180772693 -4.163360662915254 -0.005858445264956563 0.004309254101102806 0.999973554124394 207.62133937079486
0.9998786982508037 0.014880185175076725 0.004600964401552729 -2.0984453999493695 -0.014860157474261802 0.9998800893539046 -0.0043569064095087115 -4.197508019560798 -0.004665244271102594 0.004288006853598681 0.9999799240450366 208.93318376430392
0.999909829988452 0.01290715010790861 0.003706395627470232 -2.10067831068644 -0.012888617119411784 0.9999045302145424 -0.004981365794383065 -4.231496783337427 -0.0037703370147253007 0.004933146310435406 0.9999807241273593 210.40592695724698
0.9999063709276126 0.013281254271505349 0.0032950968631330875 -2.1255644069042816 -0.013262709883925564 0.9998964359274506 -0.005587302221061024 -4.258699850756969 -0.003368961990972085 0.005543077173400831 0.9999789619739785 211.87916873684122
0.9998952369221397 0.01411685489605516 0.003198372750730545 -2.151419100801663 -0.014099166223926485 0.9998855456982981 -0.005487168249521057 -4.283770119798702 -0.0032754682411794355 0.0054414990078269325 0.9999798304947712 213.22235280953672
0.9998731869325894 0.01562101155201305 0.0030974265688964507 -2.1630583344851138 -0.01560638828708847 0.9998672117279901 -0.004690368420381609 -4.318049622485543 -0.0031702835662525924 0.0046414339786490675 0.9999842030715956 214.5977781358673
0.9998897383752838 0.014576511346114296 0.0028348560409005097 -2.1853400101116818 -0.014561639711766753 0.9998804639993375 -0.0051977265574614595 -4.345083855806871 -0.002910281893685694 0.00515587329538317 0.9999824734613425 215.9307629081968
0.9998920734529188 0.014516668301945777 0.0022600414650460147 -2.1841878111185813 -0.014502561372185663 0.9998759930823214 -0.006137928907971207 -4.3854206236729105 -0.0023488634822879774 0.00610449007244652 0.9999786087918584 217.34568268573818
0.999906585376212 0.013507360249760217 0.002090870717401408 -2.216655110336414 -0.013493450392969538 0.9998876389606358 -0.006529643957370903 -4.413496703518398 -0.002178834038229316 0.006500820932832834 0.9999764957284932 218.6834697746352
0.9999053916976871 0.01365385554901876 0.0016672979729510304 -2.228562022195973 -0.013642851773336621 0.9998861812789177 -0.006441822952070281 -4.45281166280189 -0.0017550639232880186 0.006418466803029059 0.9999778612722021 219.9825338970023
0.9999054435763065 0.0137066631487945 0.0011096358792352515 -2.2367339773085733 -0.013699002784235545 0.9998841207762007 -0.006639453464957113 -4.486392565874084 -0.0012005120476271342 0.0066236247569820845 0.9999773429262817 221.2479876913694
0.9999088733763518 0.013486637237612563 0.0005962878878524688 -2.256066308366775 -0.013482343510851048 0.9998866749859997 -0.006698029478065756 -4.54130983155341 -0.0006865542072967373 0.006689379751117974 0.9999773901653325 223.37385086663465
0.9998962156789789 0.01440668853221026 7.208593345770637e-05 -2.272519426931294 -0.01440585702944083 0.9998727743243143 -0.006848828238300129 -4.580407193955966 -0.0001707456975159065 0.006847078977659444 0.9999765439025978 224.6292187414113
