0.99999834118782 0.0009130657656507793 0.0015760496552916555 -0.0029099303642373757 -0.0009055543421704422 0.9999882604815593 -0.004760133443348247 -0.011061156958827693 -0.0015803774681147058 0.00475869834857209 0.9999874285195217 0.7323332163451836
0.9999964849584062 -0.0012726852629841418 0.0023260144138817166 0.0009347347894155021 0.001285924751683504 0.9999829319523894 -0.005699315874366912 -0.024849283283768245 -0.002318721278034526 0.005702286920542162 0.9999810535482714 1.6077981517292592
0.9999931100071889 -0.00299293086871292 0.002195974263361433 0.005048990050048282 0.0029969329076451647 0.9999938503889353 -0.0018214218233709666 -0.04083982070873819 -0.0021905093693736677 0.0018279904613219284 0.9999959300515059 2.62488460535374
0.9999859089227037 -0.0050598003211012035 0.0016063551117573593 0.007384772581527171 0.005053143465239597 0.9999787395359097 0.004121433887983499 -0.053620496217276686 -0.0016271745924119993 -0.004113258669704162 0.9999902166551241 3.286253813963905
0.9999664758628919 -0.00817562617631036 0.00045418825844645327 0.01092211371278929 0.00817376710065055 0.9999587751611019 0.003954429123543406 -0.0647088346256935 -0.00048649946886346806 -0.003950584125674877 0.999992078070288 4.231684716757605
0.9999402702157971 -0.010896147358317877 -0.0008543848693946249 0.019427905158053815 0.010897198697636992 0.9999398602736613 0.0012356765090054535 -0.08055488333428158 0.0008408693735930523 -0.0012449131040002527 0.9999988715643935 5.2097841721657625
0.9999332996984788 -0.01139373377897758 -0.0018918204689617444 0.02382888268063345 0.011389900889896281 0.9999330833494725 -0.002024594017419135 -0.09712898399611247 0.0019147615599175302 0.002002911328744788 0.9999961610098201 5.9461497948375035
0.9999366117653916 -0.010895880349385885 -0.002837647363771398 0.025840937480010172 0.01088864869705865 0.999937461457935 -0.0025515686572930222 -0.11902012633854009 0.0028652714882354494 0.0025205087725901645 0.9999927186009037 7.2128410216451995
0.9999356446683658 -0.010699851172190017 -0.0037709026178532165 0.018669435266062774 0.010697304634962799 0.99994254078711 -0.000694836503005158 -0.13183139467559277 0.0037781205919280294 0.0006544532925196697 0.9999926487208198 7.954651868923769
0.9999355947995466 -0.01032867929544982 -0.004703683332160627 0.018549011011972167 0.010339682163977465 0.999943850567282 0.0023209233992878865 -0.14408313990451618 0.004679447149549251 -0.002369408510405608 0.9999862442442323 8.670874261840305
0.999928784360714 -0.010545912112020005 -0.005586586133868212 0.014518250620282665 0.010565694535828408 0.9999379737458691 0.003523458525589182 -0.14990321526236564 0.005549081534915707 -0.0035822337628262724 0.9999781874097992 9.381312536064966
0.9999102712161861 -0.011854258981016753 -0.006239075282833808 0.009465294382710016 0.011881311784143589 0.9999200959005314 0.004316971688619093 -0.15843278001075659 0.006187402254731175 -0.004390712730679751 0.9999712184333381 10.075234723970851
0.9999062645852046 -0.011856005729075388 -0.0068481509486894195 0.0036521500110946077 0.011885455545833139 0.9999202234105803 0.004275834538813735 -0.1683853840153951 0.006796910307774116 -0.0043568271353613885 0.9999674095027201 10.805959072196428
0.999895486869927 -0.012192320732724178 -0.007769340532049154 0.0019328491264366883 0.012214714646262816 0.9999213603903757 0.0028414399819254796 -0.17866178078794503 0.007734085806540235 -0.002936043291727631 0.9999657811977999 11.533107089266453
0.9998728719755023 -0.012817414687586017 -0.0094843960370835 -0.0015869929700068398 0.012824264339560298 0.9999175467755785 0.0006617359427462427 -0.18491336735382824 0.009475132274056662 -0.0007832822194436843 0.9999548031472992 12.15916379906024
0.9998398058756299 -0.014117011636576285 -0.01100329809813807 -0.008514227753154377 0.014110002275680284 0.9999001937549777 -0.0007143980252867048 -0.19522724896453866 0.011012285065508118 0.0005590270217159326 0.9999392066852989 12.906412459794105
0.9998256971990425 -0.013703028112014097 -0.012680782350118809 -0.020219982233879503 0.013687372663830945 0.9999054515201752 -0.0013205490510572989 -0.215132668886952 0.012697678922194503 0.001146752281963966 0.9999187236516738 14.060139910146335
0.9998260209305714 -0.012323993645581633 -0.014001680283643065 -0.034114054288604125 0.012294417240737685 0.9999220083806302 -0.0021964655148520263 -0.2284997922797043 0.014027657496971548 0.002023940876347315 0.999899559200061 14.693916879972349
0.9998257315994128 -0.01079098003779497 -0.01523355446124824 -0.04872562426192263 0.010754260554194924 0.9999390702868056 -0.0024902999601245993 -0.23701235745655982 0.015259499062301738 0.002326040365690908 0.9998808615153029 15.316149378405449
0.9997965461566809 -0.011193698791693733 -0.016779970218498995 -0.05895235594208234 0.011169516323923016 0.999936442078069 -0.0015341803486849568 -0.250450201802207 0.016796076871177092 0.0013464440625263476 0.9998580293672316 15.932216739543192
0.9997789663600246 -0.010676558196026174 -0.01811158549571363 -0.07296282499913162 0.010673754318182299 0.9999430022403651 -0.0002514742133494447 -0.2610086756914705 0.018113238054990495 5.810001519484078e-05 0.9998359401579597 16.530561567568117
0.9997570222811999 -0.01036238068725616 -0.019455525331431977 -0.08711181057732761 0.010369975957133366 0.9999461884338845 0.00028954307904001657 -0.27362976618139895 0.01945147804353385 -0.0004912260564433999 0.9998106814286808 17.191721096049825
0.9997144618632576 -0.01144510797728836 -0.020976278145718487 -0.09939749073049714 0.011450104529856574 0.9999344384291952 0.0001181081932304395 -0.28507389620324336 0.02097355114694903 -0.0003582550462527558 0.9997799666954763 17.808632512152016
0.9996742640264333 -0.011574853028803305 -0.022746178153077067 -0.11570723045353463 0.011570595959273258 0.9999330076061939 -0.0003187613192969287 -0.29807437852107077 0.022748343947574717 5.547065024143254e-05 0.9997412214021434 18.591676364118268
0.9996505390854558 -0.011655971550843325 -0.023726315208320355 -0.1436517860187971 0.01166019774397713 0.9999320167922245 3.9779464029097305e-05 -0.3152163998683894 0.023724238549002706 -0.0003164190897260853 0.9997184905683345 19.616378526950722
0.9996291741595591 -0.011367360487122365 -0.024744641533767948 -0.16675596050559763 0.011421104571083784 0.9999327130164736 0.002031701230728402 -0.32821531673665405 0.024719881461188812 -0.0023135589619430567 0.9996917399406048 20.452087561085968
0.999595179237424 -0.012484163643026826 -0.02556605764362633 -0.19626953548112494 0.012609884137074173 0.9999091521532159 0.004762169913646575 -0.34749574139943595 0.02550428331384073 -0.005082627113118417 0.9996617920248206 21.894683732009195
0.9995792447082871 -0.012403972930652514 -0.026219744543891622 -0.22713119088900022 0.01257793405366198 0.9998998959374537 0.00648025302059745 -0.367734930348434 0.026136738957892525 -0.00680731663762424 0.9996351991185792 23.003278846859775
0.9995697212978676 -0.011719092370278726 -0.026889312719389533 -0.24857425679966186 0.011869258175989258 0.9999148045486538 0.00543179112071557 -0.38075385090554437 0.026823366210376256 -0.00574861013152317 0.99962365943724 23.76521995843978
0.9995662574676654 -0.009916107979704929 -0.0277302674819545 -0.2667473893641154 0.009998444738126753 0.999946003642141 0.002832119864982923 -0.38919113447452436 0.02770068654211532 -0.0031081510011325268 0.999611430187975 24.452223497172657
0.9995511258297325 -0.009381076435806967 -0.02845245608766701 -0.29434748048621073 0.009416209230082127 0.9999550603323943 0.0011010537554447491 -0.40133785916462383 0.028440848374308037 -0.0013684738004849694 0.9995945405129053 25.292471051349022
0.9995370553733993 -0.008383402649274362 -0.0292471108914191 -0.3166757145528701 0.0084051871589753 0.999964482353798 0.0006219804844012696 -0.4085052182331131 0.029240857790041236 -0.0008675199827797764 0.9995720182381965 25.877019008508206
0.9995065601978893 -0.008657491212847136 -0.030194104843223404 -0.33809982952697026 0.008668993042751767 0.9999623923121624 0.0002500419190922828 -0.4208172650766367 0.030190804577036462 -0.0005116710232751308 0.999544022798273 26.457323801888283
0.9994529087800639 -0.008194858694772477 -0.03204258763026061 -0.36035577273521935 0.008181656358976034 0.9999663821951237 -0.0005431195256458035 -0.4330225711173874 0.03204596121656888 0.0002806609488788783 0.9994863568849438 27.080634173528793
0.9993899538434359 -0.008206721601392289 -0.03394657386796797 -0.3981190181898375 0.008194717544443302 0.999966301340605 -0.0004927347731759768 -0.4519331711031941 0.033949473651044254 0.00021425159777191836 0.9994235275072673 28.020266879591354
0.999319893241307 -0.008043126854931203 -0.035986929329683004 -0.4209261103137544 0.008073562773787776 0.9999671628969032 0.0007005084263328066 -0.4625894506701532 0.03598011334503844 -0.0009905747387964911 0.9993520151605062 28.664442262010922
0.9992522331921379 -0.008358585680150112 -0.0377506093454698 -0.4675134527966749 0.008478791388475147 0.9999594782207417 0.0030252294280300675 -0.4786059284373648 0.037723792984234665 -0.003343046803305564 0.9992826124180052 29.624624319738146
0.9991885053896883 -0.007326332426696301 -0.03960625645394382 -0.5125025675276768 0.007510945716561472 0.9999616020889825 0.0045144259964715085 -0.4911067743257853 0.03957166147086685 -0.004808243006368367 0.9992051663235266 30.536654495773707
0.9991297223993917 -0.006134179721575248 -0.04125735882553718 -0.566788855370912 0.006337739800675019 0.9999683723770664 0.004804924534176712 -0.508473282894735 0.041226579682707716 -0.005062221321081185 0.9991369991362352 31.521081145669
0.9990620339849577 -0.0034763463357460507 -0.04316210451303641 -0.6149744670238257 0.0036590398932960892 0.9999846758716623 0.004154449290252476 -0.5320177632206045 0.04314700078684027 -0.004308484420298683 0.9990594443200564 32.66200238719813
0.9989876388736606 -0.0017407265822113355 -0.04495183253879317 -0.6654551300563966 0.0018968072295679076 0.9999923194226907 0.003429754795989804 -0.546993632765293 0.044945517017424254 -0.003511547606503198 0.9989832678946345 33.7420293018759
0.9989089587714539 -0.001581610850269202 -0.04667323208488391 -0.6978129074323935 0.0017997615091308974 0.9999876510366714 0.004632346346082389 -0.5578628003349537 0.04666532914960922 -0.00471129295184684 0.9988994698036836 34.43329956364248
0.9988642837387026 -0.00016215316327903022 -0.04764573829338409 -0.7421783566849313 0.00047568662255375997 0.999978309107887 0.0065692492697216635 -0.5687796731853314 0.047643639590265616 -0.006584452906829197 0.9988426946153786 35.22879019367569
0.9988634227462881 0.0024476250431244404 -0.047601174683190715 -0.7811262005884688 -0.0020978057276004394 0.9999704374189975 0.0073975333177570286 -0.5832550197299852 0.0476178738574142 -0.007289267432763397 0.9988390284072769 35.873260584429495
0.9989078353033268 0.005572403932917195 -0.04639056891256576 -0.8367807415397235 -0.0053238965844402755 0.9999708196419796 0.005478685034291922 -0.6055797891288791 0.046419744665188396 -0.005225722816529246 0.9989083537173286 36.86268439974709
0.998986166232883 0.007080237805339083 -0.04445795663262002 -0.8877874327719764 -0.006980788717807777 0.9999727736166135 0.002391780586418635 -0.6178906127202943 0.04447368057857817 -0.0020790041164186306 0.999008393096714 37.71736810310616
0.999065116432215 0.007685112472878785 -0.04254212235614684 -0.9151373907494729 -0.007671988700116181 0.9999704585852713 0.00047174796940983 -0.625380260410168 0.04254449103787061 -0.00014492425798961258 0.9990945627313202 38.42122761368547
0.9991870765279304 0.008707019627099298 -0.039362087200534454 -0.9578042549047023 -0.008660818821223982 0.99996159105567 0.0013441096525417862 -0.6409380119625865 0.039372278533444084 -0.0010021090885870107 0.9992241087265956 39.40811812089586
0.9992612411551989 0.01359139736858504 -0.03594782110979901 -0.994724169880196 -0.013451553599652102 0.9999009978170755 0.004129197279280895 -0.6555525148771425 0.03600038375807373 -0.0036425927558195953 0.9993451375212102 40.205478338152034
0.9993376083158194 0.017738792926221925 -0.03177545957401424 -1.0237340462908595 -0.0175018626083389 0.9998170334481858 0.007719095290698296 -0.6646683545065568 0.031906573160683134 -0.00715785249838698 0.9994652248761601 40.708364749052386
0.9993677350373995 0.02260907795270039 -0.027440112251009775 -1.056896534086071 -0.022377194101026475 0.9997114961462549 0.008728439561600496 -0.6744979360536822 0.027629537643331807 -0.008108888157092596 0.9995853413203254 41.53469841526184
0.9994171655083441 0.026353807572716777 -0.02169806704958809 -1.0911821290855135 -0.026164398502104374 0.9996174313201666 0.008967455151495768 -0.6819208970391504 0.021926092636201468 -0.008394511736320212 0.9997243513261129 42.37699757986228
0.9994264633649459 0.02992820010494465 -0.01584446794045648 -1.106702995196758 -0.029755726255982932 0.9994965444038025 0.011011561189748584 -0.6868447597736204 0.016166047161157705 -0.010533782005289084 0.9998138318486338 43.00916647927088
0.99935861101289 0.03465955407225274 -0.009004549178123534 -1.128666563932277 -0.03454859541859717 0.9993285646117762 0.012198955101494774 -0.6974508235924185 0.009421313549115549 -0.011880036299556411 0.9998850451869606 43.72164000516268
0.9992838207632836 0.03779708372044719 -0.0017961132939387882 -1.134301452724836 -0.0377735072209674 0.9992175640758321 0.011722704235255902 -0.7011912123002877 0.002237791983783715 -0.011646463179405988 0.999929673618324 44.195917438217045
0.9991415956078147 0.041020732298599094 0.0057768025721764114 -1.144376175584736 -0.04108677475183459 0.9990856680654298 0.011819678791968546 -0.7092867203305192 -0.0052866687775242165 -0.012046882913847971 0.9999134581279004 44.82875231179636
0.9988791611586835 0.04537413951115491 0.013476233396185512 -1.1421322214869625 -0.04552885865837256 0.9988979187504177 0.011404864986020703 -0.717756929796706 -0.012943895557063012 -0.01200563949590641 0.99984414794912 45.63069312114291
0.9985489663157732 0.04947088175267814 0.02127425035847339 -1.1389543069714827 -0.049665130524134946 0.9987280241256842 0.008701070970120163 -0.7272097686951066 -0.020816740372188797 -0.009745033843910213 0.9997358139206866 46.50054941953722
0.9982592488311972 0.051204138003330325 0.029267872732937968 -1.112406548926039 -0.05138595953452745 0.9986637577676257 0.005493822363407852 -0.7324404452183171 -0.028947457326878746 -0.006988216709623837 0.9995565064274893 47.59959178079034
0.9979730685917755 0.051545860384224616 0.037319949661904224 -1.0635505548606463 -0.05177886892862752 0.9986444919951603 0.005303521490497031 -0.7529013409160951 -0.03699598759310341 -0.0072251563981803 0.999289294457332 48.80777942164904
0.9977123997622094 0.05062497325970792 0.04480044021199729 -0.9515047617552792 -0.05097555781362254 0.998677311047127 0.006717209634204994 -0.7743412158651014 -0.04440112460653356 -0.008985570773950733 0.9989733728441118 50.23719185990343
0.9972268630747553 0.05239290709459195 0.05285420369528207 -0.7431099493362803 -0.05285637259262958 0.9985746437807601 0.007408419161798456 -0.8285916184007507 -0.05239071901047013 -0.010181556084667564 0.9985747585820803 53.82388031812416
0.9965743923558278 0.05521175752721569 0.06157225293401451 -0.6020848061651918 -0.055777574437542075 0.9984149934336666 0.00750753466296681 -0.8460577031043931 -0.06106015632537126 -0.010916167716150407 0.9980743933154048 56.373933401280595
0.9957511651958587 0.05966753903574992 0.07013844734885769 -0.4160195265954963 -0.060298967905749595 0.9981563869792173 0.006918208011915349 -0.879691211003405 -0.06959634674745943 -0.011118089674579718 0.9975132764035748 58.75552035308013
0.9948586758809478 0.0632152131816834 0.07912048942469366 -0.27019804107876155 -0.06397024957047344 0.9979269576427423 0.007042327725367267 -0.9221369763944709 -0.07851128705033489 -0.012067478290614025 0.9968401846702433 60.52831787440611
0.9941521160689913 0.06247656909403097 0.08808091978281611 0.01980441690363194 -0.0634072482062666 0.9979572117690698 0.007805405371447122 -0.9695398928996585 -0.08741333416851807 -0.013344729009705503 0.9960827411501515 62.52037533787579
0.9932434239821261 0.061231208120599956 0.09858113343006096 0.2983301637621317 -0.06211978736924325 0.9980508653277101 0.005966760914350156 -1.0131027903194232 -0.09802363354550628 -0.012050285087946049 0.9951111284152311 64.52446762425983
0.9920749172884912 0.05975716002296011 0.1105280069169116 0.5558579495300533 -0.060285924789188365 0.9981801031836168 0.0014452960446126803 -1.0401567017107203 -0.11024049056198378 -0.008097125066008142 0.9938719589596628 66.32347812091776
0.9904934540944224 0.060447294611882606 0.12356715570978355 0.7760632371113928 -0.060601116106524716 0.9981588903414795 -0.0025168152315728108 -1.070950105754941 -0.1234917896977168 -0.004995418538083421 0.9923330205484868 67.6351859437775
0.9883306970887897 0.06204226150023396 0.13911574670009424 1.0331084447002628 -0.06199170467173766 0.9980655950055298 -0.004700704005770577 -1.1089901295421485 -0.13913828281202925 -0.003978172217789015 0.9902649708042413 69.18818798442105
0.985833691549327 0.06334178541623624 0.15530534706349053 1.6446257444982482 -0.06317959415499586 0.9979842265903461 -0.005985178299665467 -1.1859564056141112 -0.15537139855403806 -0.00391173837983179 0.9878483825032106 72.42350716922489
0.9829606473323237 0.06372182468732518 0.17241779158352133 1.8022317918951591 -0.06342750992594154 0.9979603206796169 -0.0072214495519126115 -1.2066669366191582 -0.17252627852189747 -0.0038376304608467903 0.9849974394950629 73.15776727707984
0.9797056251486258 0.06257295175305654 0.1904245618638823 1.961559367604758 -0.062104923584852444 0.9980340192629372 -0.008430590749585116 -1.2183463846369251 -0.1905777177916176 -0.0035668056825407172 0.9816656311486927 73.78760658660372
0.9758640023971354 0.061231854670763135 0.20961896097210259 2.3597722623639004 -0.06074557155072937 0.998114810969629 -0.00876354152369242 -1.2480592699546749 -0.20976039750729988 -0.004181398885636236 0.9777438782937679 75.16519223325463
0.9712928806068538 0.06126079056984811 0.2298635587064614 2.4985308053325506 -0.060590044297724285 0.9981128222163034 -0.009982016800538932 -1.2590524177143056 -0.23004127154587134 -0.004231981351995382 0.9731716722754494 75.63203233734481
0.9659388219144912 0.06299504647345326 0.25098568970810675 2.641947087631083 -0.061920936775809496 0.9980067050978488 -0.012182535390547205 -1.270456762767223 -0.2512528405953904 -0.003773685140971655 0.9679141332748499 76.09745276686736
0.9595879005745735 0.06398153648038146 0.27403909221221273 2.852490516697029 -0.06246327327715706 0.9979452146736241 -0.014271930546284832 -1.2932071584377627 -0.2743891407515739 -0.0034222068354197 0.9616126496349704 76.76002635706696
0.9522197290421162 0.06485450513680655 0.2984484558285075 3.0840352917637626 -0.06313184448023 0.9978860654439068 -0.015419812106618325 -1.3083835018883363 -0.2988175996079958 -0.004158552192685488 0.9543011833840384 77.35852462324293
0.9435333951364933 0.06730427827809367 0.32436841151331147 3.3151780063780185 -0.06561974139262093 0.9977141272451018 -0.016142175662245625 -1.3411477237298652 -0.32471338408166883 -0.0060542894719502645 0.9457930871904384 77.95647364291328
0.9337136033689086 0.06875919956773745 0.35135605780839235 3.616860849150105 -0.06704369133759756 0.9976041448298019 -0.01706205351735406 -1.377039430946915 -0.3516874327235464 -0.007625135618738928 0.9360864313572315 78.59296117206802
0.9224943836133235 0.06886758906242822 0.37981754485358465 3.9431811451969536 -0.0669784364809125 0.9975883401265866 -0.018204194298421777 -1.4126844221971413 -0.3801552330935987 -0.008646318303811983 0.9248822843645242 79.24116139161791
0.9098139073122492 0.06655409632923279 0.4096452200661191 4.522936310309919 -0.06395455553827227 0.9977511671888795 -0.02006048850679391 -1.4730486482430634 -0.4100591041388078 -0.007947366546747546 0.912024325595458 80.18555039933602
0.8949032589493574 0.06333889131352942 0.4417423932214275 5.0808444983281404 -0.059490524476032515 0.9979735732521883 -0.02257486628589956 -1.5252499435157938 -0.44227710162226075 -0.006077165246442827 0.8968578669126896 81.03173277940886
0.8776968317662832 0.06222454570809196 0.4751593179333142 5.593088546348416 -0.05634650137370474 0.9980563507025464 -0.026619402796815378 -1.5695387271309231 -0.4758921551048865 -0.0034097996623825106 0.8794970323860615 81.72013606251146
0.858197364208037 0.06338289808239954 0.5093916884844666 6.111195369585177 -0.05515803383603419 0.9979884647846828 -0.03125084734938933 -1.6227416547692188 -0.5103477984372247 -0.001277649164706959 0.8599671460252942 82.40350222313033
0.8363585745896048 0.06465940107095342 0.5443560384193344 6.785417960424554 -0.0540853565496584 0.9979073724066837 -0.03543515631804764 -1.671925918874478 -0.5455081199371299 0.0001948064006530915 0.838105514319721 83.21560632793603
0.8119220260746238 0.06701086061822517 0.5799070340443238 7.575923926132682 -0.054491225365413946 0.9977522438416146 -0.03900213157250197 -1.7098439947677722 -0.5812171108398777 6.684480447702399e-05 0.8137485272482632 84.09958829571309
0.7848390210090865 0.07054690962244678 0.6156710523032756 9.002527670891705 -0.056838776871318275 0.9975061377460807 -0.0418432623330151 -1.7896706481440867 -0.6170875663512205 -0.0021537645227254604 0.7868915406541795 85.51561419577985
0.7549483868922664 0.07432574842888189 0.6515586053834707 10.833653690202025 -0.05988409012787308 0.9972187333275552 -0.04436996337775131 -1.9376472565655116 -0.6530442778849858 -0.005520961969872568 0.757299603922123 87.32694556875616
0.7222478326933333 0.0748486171530121 0.6875723617773379 11.471522293428688 -0.058960677139235036 0.997171238784411 -0.04661715448679605 -1.9848529464992468 -0.6891166132963755 -0.006870593238195994 0.7246178911864435 87.87041101583421
0.6861431741401556 0.07176852308324112 0.7239176912296895 12.213234285295098 -0.05455878770094604 0.9973958204294624 -0.04716901604276435 -2.0380786485784417 -0.7254177301841166 -0.007131373240109199 0.6882719377181044 88.42528866296811
0.6478479803778032 0.06990471725029004 0.7585554197463494 12.97190104963199 -0.05108996169676744 0.997525720341114 -0.04829340608990321 -2.089254089375882 -0.7600544783989006 -0.007467781738807262 0.649816452624644 88.90981669131874
0.6059435875602862 0.0690285935311776 0.7925070485299667 13.807004237983591 -0.04861989867200588 0.9975792637685976 -0.04971637508936468 -2.145989067147686 -0.7940204494518348 -0.008406293714234766 0.6078329211866496 89.42169578463053
0.5606651714450314 0.0680180441657054 0.8252442736525879 14.447357995317981 -0.04424743518801405 0.9976576278729332 -0.052167250514417805 -2.19187887351872 -0.8268595588174548 -0.00726658205924048 0.5623615089756585 89.76284610802489
0.5132403582473448 0.06645216061837214 0.8556684200175256 16.290003565440117 -0.04053880348146283 0.997762186538223 -0.05317165153307831 -2.319611529645666 -0.8572869648364123 -0.007397936442944007 0.5147857131447581 90.62973798666597
0.4652028595313016 0.0640032691641718 0.8828872413962046 17.985833972388768 -0.03818480381174972 0.9979052343951605 -0.052221297615027445 -2.445299340546027 -0.8843801333373323 -0.009419379121664911 0.4666723208582267 91.34577681813305
0.41586517868789924 0.061470941694478705 0.9073463927751501 19.15462252294541 -0.037361507218659745 0.9980254729665643 -0.05049032667962328 -2.5055623660037307 -0.9086585007213828 -0.012902660076861536 0.41734068868217117 91.78731978893659
0.36603186103276847 0.06080650218194537 0.9286136150204165 20.03393483654892 -0.039662528371085026 0.9979756219631999 -0.04971460359267449 -2.550081908197288 -0.9297567211653273 -0.018634034977989922 0.3677026137904622 92.08347876199929
0.31686621241515933 0.06082809630486038 0.9465176945676183 20.929110817310494 -0.036943487327949005 0.9979756055224328 -0.051767456246012006 -2.594267718961642 -0.9477504851878049 -0.018564306667896824 0.31847195220964014 92.328628746356
0.26996676916141465 0.05730215997498913 0.9611630486086892 21.667439938825765 -0.0255102372949276 0.9983028521538935 -0.05235115256188271 -2.6434154590251158 -0.9625316469299608 -0.010386425930115739 0.2709703873390858 92.47125099873891
0.22621333171422128 0.05117019794857957 0.9727328201498375 22.2532469154818 -0.011837348296248688 0.9986899152460884 -0.04978283209173221 -2.6799694117402333 -0.9740058550851036 -0.00025303688166531876 0.2265226925327162 92.55472290211733
0.1842928028957894 0.05013821305062582 0.9815917289753947 23.377946782787173 -0.0025925596940213945 0.9987193649830762 -0.0505263163315271 -2.741507589995384 -0.9828679674478387 0.006766801304210188 0.18418677738931932 92.67535770611991
0.14584389359940625 0.05159693358050549 0.9879611911127153 24.33802202930886 0.0010439251721177565 0.9986304408785577 -0.05230824763774965 -2.785841226732599 -0.9893070650308726 0.008660196059329498 0.14559028842685176 92.77552091389823
0.1134370647470919 0.05242214306650623 0.9921612526489231 25.459470933604997 0.010146993093353427 0.9984938703802134 -0.05391687439294622 -2.8490325460699943 -0.9934933673018289 0.016183625349595103 0.1127342867002601 92.84428542934474
0.08438973332262349 0.05064761419875792 0.9951448096059746 26.549674156238268 0.017300744223560156 0.9984823504939042 -0.05228460577912768 -2.9232107589818797 -0.9962826191192169 0.021629029754975656 0.08338541786674068 92.89371230987312
0.059403017607596455 0.0488884202811725 0.9970362099048983 27.029270945969596 0.02423182343675362 0.9984350678737886 -0.05040073385172808 -2.951864693359967 -0.997939928168044 0.027153961078895623 0.058125400348593356 92.90107563921316
0.03950869503598244 0.04797304823339375 0.9980669565012918 27.969913639597028 0.028916448683458603 0.9983735980309809 -0.04913245109100263 -2.9984914350550076 -0.998800731884038 0.030801710956850182 0.038057227829152655 92.90990174511586
0.023760746037159917 0.04991685612584201 0.9984706978285697 28.621635996976803 0.03199916678118679 0.9982029429308285 -0.05066495879345707 -3.0311966337922627 -0.9992054244613899 0.03315406760481899 0.022120748816161863 92.91402760600013
0.010485095729197536 0.049707735145426826 0.9987087682774509 29.27319431063426 0.03298620988452954 0.9982028963901415 -0.05002886762446176 -3.0668307929022505 -0.9994008068462835 0.03346817451018592 0.008826583141421379 92.90849095814183
-0.001368473603476636 0.05051370417916672 0.9987224303929985 29.924417015845016 0.03359036674516724 0.9981620913265058 -0.05043933683764479 -3.1082292820958712 -0.999434747515775 0.03347842781248649 -0.003062732323006294 92.90360862554316
-0.01051279555357096 0.05349380724536221 0.9985128410371328 30.575912200402847 0.03858471453339981 0.9978460408926215 -0.05305184708656673 -3.144236854199243 -0.9992000304914048 0.037969609707191515 -0.012554194703711172 92.89432621689514
-0.016841676582444984 0.055502983577469904 0.9983164712373992 34.254724368360364 0.04295098014253401 0.9975765862529541 -0.05473726212277641 -3.3549647121930875 -0.9989352187377756 0.041956803666401934 -0.019184769777378912 92.76334115163469
-0.021488494204577765 0.05500675155331595 0.998254727962945 35.08234033861839 0.04334152790973507 0.9975978406234408 -0.05403758267999373 -3.39760584753713 -0.9988291928929937 0.0421046988707826 -0.02382095207440783 92.72827876933425
-0.025106975905812557 0.052494207467885405 0.9983055634139205 36.190698279891855 0.04113763516960814 0.9978287343597525 -0.05143453954947377 -3.450637661711692 -0.9988379922357363 0.039776564310316835 -0.027211949547029154 92.7105089220922
-0.027679483781449916 0.0455534900640328 0.998578352319226 37.781332225923485 0.03904208711625183 0.9982481453270621 -0.04445622323913122 -3.5394461124992307 -0.9988541242900283 0.03775605771351845 -0.029409496675971963 92.66915572879115
-0.028925544482803996 0.03984699898381251 0.9987870291250077 39.62709492837707 0.04030328060005869 0.998439078357513 -0.03866590722422882 -3.637271124193162 -0.9987687212008824 0.03913596147514182 -0.030486358755514732 92.59551004251149
-0.029274839443016558 0.03717264264230622 0.9988799619646871 40.70101875070986 0.04296306062796108 0.9984315672740013 -0.03589680894257215 -3.6968431957242465 -0.9986476651938178 0.041864067047633916 -0.03082597432632851 92.55277907045914
-0.028935344962080976 0.03941443691272035 0.9988039086701554 41.85313428983623 0.0460842894074936 0.998212390538322 -0.038056032972116564 -3.7613639295084633 -0.9985183944633826 0.04492800394655477 -0.03070000618316886 92.50179094735712
-0.028208410036787104 0.04670145965108628 0.9985105203600291 43.66117470794306 0.04705530530222402 0.9978626745482156 -0.04534182380977108 -3.85859070302331 -0.9984939077661469 0.045706196625182015 -0.030345670926002287 92.44273345482667
-0.02617585020517597 0.05478120759153042 0.9981552204746772 44.819591971326574 0.04777491255502248 0.9974249659925893 -0.053488269228327 -3.9124975617499143 -0.9985150888175881 0.04628667745146214 -0.028725613903068475 92.42084609655114
-0.024018797606395727 0.05546762261109549 0.9981715484842361 46.520526674703525 0.04836436579855906 0.9973549555083968 -0.05425846333750097 -4.002895433708136 -0.9985409282961044 0.046972710851268314 -0.026637923208031274 92.37608330876928
-0.022115533023814464 0.050984950730813695 0.9984545247521545 47.53900121312159 0.04765149465288097 0.9976174859837348 -0.049886738887595636 -4.064088276921186 -0.9986191657766332 0.046474578626053156 -0.02449235156353464 92.36492192698898
-0.01961459139844964 0.04454596680781729 0.9988147599256982 48.20270382049774 0.047212329678271145 0.9979337757570176 -0.04357952649688699 -4.10431430111747 -0.998692276795321 0.04630157712756102 -0.021677182124953787 92.35386988514661
-0.016880604965309482 0.04303774489812486 0.9989308272798927 49.04900216173712 0.04537396257202377 0.9980768890004104 -0.04223419424797041 -4.153162116848772 -0.9988274368961426 0.04461251121991053 -0.01880093471441261 92.34515554941662
-0.013606807217144298 0.04856582633221512 0.9987272977695294 49.564701412933125 0.053221371671828874 0.9974390908244604 -0.04777808799693418 -4.18223346601801 -0.998490030192953 0.05250352948081547 -0.0161567013134683 92.33185634168596
-0.010274501865552402 0.05426838498756849 0.9984735234357781 50.095136181492116 0.05469255184562199 0.9970620186718754 -0.05362886997297745 -4.211826527774179 -0.998450379029438 0.05405805502240743 -0.01321239203042628 92.32407025252225
-0.007843165766136324 0.054977738942167086 0.9984567757151901 50.592000212641345 0.04873513216867517 0.9973219648401105 -0.05453242466608966 -4.23964714081774 -0.9987809427713699 0.04823221608290368 -0.010501508866131087 92.32504254823675
-0.0045126292429202375 0.05146451243953675 0.9986646284597639 51.206394520807976 0.04421844924907213 0.9977082287605046 -0.05121541769412539 -4.276793620068609 -0.999011694087373 0.043928284998816784 -0.0067779682604425795 92.32960500042662
0.00016436291319448022 0.04761427871778909 0.998865783499975 51.871466849942244 0.04810750718523048 0.9977088972757511 -0.04756704793475828 -4.328055038654788 -0.9988421500603865 0.04806076111537669 -0.0021266179146592124 92.32547461572017
0.003564239387274854 0.048592241109638876 0.9988123398824899 52.54988447821644 0.05281614970301676 0.9974154209290984 -0.04871275421671177 -4.374902067237087 -0.9985978923110836 0.052927045985696045 0.0009885722478991366 92.32075167268854
0.006350497170062248 0.05327911706161672 0.998559465866119 53.81476091042272 0.052486472695724005 0.9971853798038618 -0.05353959739658756 -4.452692291264606 -0.9986014427035713 0.0527508672019923 0.0035361900095651324 92.33647740078794
0.00993716031554013 0.053897883927933446 0.9984970059809671 54.47435784413111 0.048862370617246915 0.9973272756468639 -0.054321027130081974 -4.4938395829292945 -0.9987560871316511 0.049328727521550056 0.007277022645191819 92.34825898812058
0.013679136771437311 0.0533963045262427 0.9984797022874978 55.067635660150316 0.048001022368369235 0.9973867810772072 -0.053995470032569326 -4.5332037229415345 -0.9987536147963519 0.04866665794347859 0.011080312984426383 92.35708404481838
0.017433733510806775 0.05020696998979554 0.9985866637905391 55.53759924776462 0.05201171719919809 0.9973406826002752 -0.05105236629586919 -4.565097737960361 -0.998494289522912 0.052828240505062664 0.014776020955401566 92.35988498069159
0.02107921926895783 0.05080897105158403 0.9984859112554827 56.11942406441702 0.05658384540313036 0.997046395766937 -0.05193027178394977 -4.604745138742791 -0.9981753027171159 0.057592822025314586 0.018141992634620536 92.36382877818244
0.024455514804112746 0.05140870606407539 0.9983782212851423 56.627721689506075 0.05933486624974701 0.996841676363728 -0.05278300779111573 -4.641062522097027 -0.9979385258836289 0.06052947385505563 0.021327947675285352 92.37225927024389
0.027124939870116892 0.05134670212254599 0.9983124530016553 57.20974575952765 0.05982857624909476 0.9968062395772714 -0.052894822088985154 -4.678288597416539 -0.9978400568733691 0.06116238158343478 0.023966309227612625 92.38718205361415
0.03062025017651465 0.049883831455955666 0.998285532119144 58.2205805889383 0.060946070061882726 0.9968023107406103 -0.05167910454130962 -4.742681614466734 -0.9976712769360154 0.06242400709225053 0.027482112644535664 92.41521725885737
0.03449569627047098 0.04879988133081908 0.9982127120613693 58.71076870385486 0.06306913020150076 0.9967100236835938 -0.05090592798756819 -4.7764070061538915 -0.9974128191247801 0.06471244293601744 0.031304440177252084 92.42583900832739
0.037426321572963266 0.04938755486786722 0.9980782233260533 59.31608387334999 0.06127209262860218 0.9967853249791163 -0.05162118335711481 -4.811246073380149 -0.9974191702180326 0.06308633235852505 0.034279929275315084 92.4463266247109
0.04044225417788037 0.051285506618642465 0.9978648309705487 59.96951181739234 0.05847499377188976 0.9968487205247324 -0.053603204116738724 -4.851697803663565 -0.9974693474891289 0.060517974181828776 0.03731588965224287 92.47549380521431
0.04313086163889438 0.0513534912254524 0.9977487397703114 60.46217505815123 0.06033639949152817 0.9967213028756461 -0.053908842412656394 -4.882738906688634 -0.9972458311122111 0.0625257013781637 0.03989096384500459 92.49611242343778
0.04576512517242118 0.051247783134180006 0.9976368167032457 60.99279958433342 0.05802271182883279 0.9968607868296817 -0.05386962588820696 -4.915055150975624 -0.9972657209740944 0.06035094369717196 0.042647923336077746 92.52313569893587
0.04817515260479231 0.05174721502701912 0.9974975590989951 61.715205271136185 0.0563509782583114 0.9969257514733556 -0.054439078781844716 -4.9598409665577226 -0.9972480744132004 0.058832574193486 0.045111044023960566 92.55910206008242
0.05083511874821642 0.051933383138197696 0.9973558614745675 62.51814754074214 0.05316392786403356 0.9970903842067316 -0.05462931901954858 -5.013620510865824 -0.9972910244637331 0.05580044299369805 0.0479262254489597 92.60880908719504
0.05414413786365342 0.05407115296635393 0.997068063249391 63.159773467682086 0.05165781603136857 0.9970439809358037 -0.056875039538916594 -5.0555021650659215 -0.9971960100090005 0.054585808563886035 0.05119088908737423 92.64464605645377
0.05747385389739154 0.05777179352780671 0.9966740570471183 64.07071862142124 0.05056054627032818 0.9968747456725674 -0.06069903295028138 -5.1154942320374435 -0.997065889136233 0.05388099212926415 0.0543732600470021 92.70204824908379
0.060901910854931844 0.05989004468579233 0.996345391820403 64.60098159787259 0.050877922731016205 0.9967144249488853 -0.06302215544860945 -5.152868152989344 -0.9968462239647568 0.05453015355145959 0.05765473199018096 92.7342587231891
0.06368487712445041 0.062411420087877034 0.9960165917635403 65.29068399388832 0.044609979362646865 0.9968669085617075 -0.06531704491086172 -5.1997248476389215 -0.9969725102363189 0.04859198758270604 0.06070117441906957 92.78793309092525
0.06630620157687986 0.06163686734474132 0.9958937615109222 65.99335355342771 0.04071369867673282 0.9970918896715275 -0.06442172220083502 -5.251606812088642 -0.9969683457224234 0.04481807821837222 0.06360391098278097 92.84257700415554
0.06991429857156621 0.06220824090714168 0.9956114330493024 66.63444989196071 0.04261207556661066 0.9969564340192751 -0.06528460525633148 -5.302191626719422 -0.9966424644129663 0.04698939700409659 0.06705068752846668 92.88464739504931
0.07366333446047062 0.06331433328553564 0.9952713239899831 68.36081211497216 0.041414405509431894 0.9969275817367641 -0.06648491399397886 -5.447001017921508 -0.9964228822003561 0.046116070659744574 0.07081488441309708 93.01616182832907
0.07726181988917609 0.06427190661917481 0.9949370498714727 69.57928650661097 0.037531549069037294 0.9970251872699963 -0.06732130995239241 -5.5361528457588935 -0.9963041674167034 0.04254289563209968 0.07461975622678853 93.12235702668336
0.08145257995059983 0.062485432209136445 0.9947165666565675 70.4568419638744 0.03658057784098783 0.9971729484868121 -0.06563514402312248 -5.597357068028807 -0.9960056920240015 0.041733458612413406 0.07893655609434348 93.1984799916572
0.08638899016813854 0.06244290591721618 0.994302683229983 71.01508560214273 0.036868783407992115 0.9971498183227647 -0.06582501522134919 -5.643710917764239 -0.9955790451730808 0.04234528686276649 0.08384057187761912 93.24411072587434
0.09144839979098307 0.06589676404069142 0.9936270963820557 71.93824498663885 0.03330377598823485 0.9970475315092291 -0.0691887159606053 -5.7203089853815134 -0.9952527561783456 0.039418731591938615 0.08898379020410817 93.33122114765199
0.09753609591492979 0.07451188163925498 0.9924387585580544 72.79052443912369 0.03172244060353533 0.9964539360410705 -0.07793099582587486 -5.790098678020182 -0.9947262923818935 0.039083664654622936 0.09482652794095237 93.41935192774787
0.10481546984246586 0.07948432865233705 0.9913102232804781 73.46668178447375 0.029975387693270246 0.9960955069939174 -0.08303744383811414 -5.8474013359706385 -0.9940398349232997 0.03841851695754412 0.10202364500664368 93.49172135628143
0.11206147791163906 0.08257911262408346 0.9902640634328196 74.20084830185709 0.025818230229448295 0.9959626233860133 -0.08597599552124122 -5.911855130960045 -0.9933658158785605 0.03520146270069247 0.1094769969795178 93.58144709719333
0.11903045973027869 0.08065670110703067 0.9896091381060155 74.73001844818732 0.022222575269521323 0.9962289487402505 -0.08386917693816227 -5.963277569272922 -0.992641882455495 0.03197465024711677 0.11678919015382208 93.65148443349851
0.12660833569391092 0.07911869398239223 0.9887924765062382 75.36644428741143 0.021646860975729498 0.9963563019416792 -0.08249565437644361 -6.025348543680371 -0.9917165637129972 0.03184889077535962 0.12443434177775776 93.73362265129876
0.13397174955796562 0.07567490760318832 0.9880915335532573 76.2141053182353 0.021572452340010522 0.996621079955486 -0.07925309008737447 -6.098392344812117 -0.9907503215343488 0.03193323265202636 0.13188657639038123 93.85461041719194
0.14148858230440925 0.07030000091441571 0.9874405759076962 77.36563626775472 0.01948934160019984 0.9970841494876448 -0.07377915968950383 -6.198997002542246 -0.9897480217921524 0.02968347540184183 0.13970592201688922 94.02248774100296
0.1487700405725135 0.0628977437475039 0.9868694690076937 78.32152484884746 0.017437012581032987 0.997653097307263 -0.06621365437334263 -6.275420006547333 -0.9887180718588598 0.02705866339450128 0.14732414301465155 94.17412690869132
0.1562593015353115 0.06036173504339112 0.9858699161787265 78.89390742711215 0.017201266825437645 0.997813211344515 -0.06381936763980951 -6.325668918945742 -0.9875662747903539 0.02693058129518424 0.15487929715687243 94.26912469621351
0.16315770339056485 0.06221362050239422 0.9846364959965184 79.80624277867005 0.016735890075831282 0.9976917009031971 -0.065811700572572 -6.405251322716113 -0.9864580446261697 0.02721645408329802 0.1617398862972445 94.42761433904636
