1.0 0.0 0.0 0.0 0.0 1.0 0.0 0.0 0.0 0.0 1.0 0.0
0.999955612505106 -0.009415188405837962 0.0003567167234600329 -0.6257659260056204 0.00941467948864623 0.9999546974391579 0.001402454807874063 -0.30907088522683746 -0.00036990493952578795 -0.0013990341827988192 0.9999989529362974 0.503243751767637
0.9999574659224982 -0.009063787387142986 -0.0017070747072951522 -1.2266065807456448 0.009068763517159765 0.9999545847615818 0.0029301779062759193 -0.6381475942204053 0.0016804386705413146 -0.0029455343306883453 0.9999942499601592 1.0218623210478934
0.9996919776968208 -0.014350290844264205 0.02024892296651695 -1.8083296400983515 0.014246156008734932 0.9998845900455517 0.005277653684522446 -0.6962293184520902 -0.020322321904587985 -0.004987558733889291 0.9997810397733508 1.6531924172282493
0.999387796928958 -0.022920093295339665 0.026432946729727166 -2.086480047604768 0.022418747763511243 0.9995660170166077 0.019109614707547243 -0.9666691802099145 -0.02685946943258053 -0.018505322177356773 0.9994679194215853 2.420079178206049
0.9992802754650858 -0.02688206851916832 0.026763509832473626 -2.5441104509850287 0.02634399827009591 0.9994476457019588 0.020258263892969103 -0.8504981337335722 -0.02729331093083719 -0.019538625666682182 0.9994364998765505 3.1394036652848
0.9988987938844329 -0.029612541577936476 0.036390891133908705 -2.8855471532562684 0.02880834097362779 0.999333305535584 0.022428195149647345 -0.9000087606156849 -0.03703078538962158 -0.02135513588386762 0.9990859217829113 3.9265089790090073
0.9986316828193578 -0.02842722460168679 0.04389367802796539 -3.1692741385130296 0.02783139467553502 0.9995128095120119 0.014126467775761164 -0.7519165097922249 -0.04427386971783742 -0.012885516010244649 0.9989363282699042 4.725316765266495
0.998422098278658 -0.03533380181707227 0.043644428258295814 -3.218621907215925 0.03473919692453886 0.9992939824309397 0.014308210033096836 -0.6605356194721801 -0.04411917798282038 -0.012769460695932459 0.998944662635351 5.578464835867959
0.9983594016068551 -0.03892512177433449 0.04199214352775039 -3.301470306939999 0.03832219669723706 0.9991518072392047 0.015069018910655442 -0.6600345684588372 -0.04254308949171691 -0.013435065518435306 0.9990042965628402 6.43477276102363
0.9982068891638509 -0.042833096539843726 0.04181306334909904 -3.2839675603077967 0.04221361233229944 0.9989869973376659 0.015588139213280098 -0.6333664677386367 -0.04243839487640505 -0.013795107505296639 0.9990038426598927 7.294779367871652
0.9961466397085814 -0.053517762811167796 0.06948180525136755 -3.862193468908009 0.05109124827408716 0.9980361073589991 0.03624379612419114 -0.9680090556352847 -0.07128503732970176 -0.03255422355676653 0.9969246039603593 7.834946197329558
0.9941210965309135 -0.07396841510185102 0.07906907739119169 -4.123969047462321 0.07017277823095237 0.9962932943801637 0.049753922141576125 -1.1554673381014413 -0.08245621036358383 -0.04391292680339926 0.9956267514646419 8.632866491774472
0.9935696011899238 -0.08167145843283977 0.07841696543955637 -4.059181388124146 0.07788996138906853 0.9957007060532986 0.05013240349087446 -1.1432553427708363 -0.08217421436256676 -0.04370213773278553 0.9956593401618244 9.49069385968997
0.9942271940403027 -0.07104020737362583 0.08040880279582863 -4.119306380356453 0.06699258640391144 0.9963992588635742 0.0519664343883099 -1.148669871513439 -0.08381097778728445 -0.04627964857723424 0.995406406514398 10.348163999628683
0.9928281058957155 -0.07354738353872231 0.09425038205829205 -4.385238096898646 0.06797120378818967 0.99581637152758 0.06107102138681781 -1.2974645285957378 -0.09834768730941437 -0.05422671456259218 0.9936735861582701 11.147948798139284
0.993432671790652 -0.06205438558773779 0.09612897507107387 -4.403248632577594 0.05655971156976785 0.9966621639288222 0.05886875249113124 -1.158612707679236 -0.09946117657675012 -0.0530451149687298 0.9936265345349443 12.000190951493236
0.9932282570861817 -0.06555471430304587 0.09591771868738187 -4.293370773835045 0.0600818930468416 0.9964555642496777 0.058876774739827664 -1.1763010723120328 -0.0994373946433312 -0.05271515824222248 0.993646474677007 12.863773570068222
0.9934947570737221 -0.0609676682935264 0.09618269641612323 -4.201510413048569 0.05550191462761388 0.9967424179569997 0.058515721971989045 -1.0695072152019303 -0.09943694051857518 -0.052796739180413395 0.9936421887139357 13.73406169658587
0.9934947570737221 -0.0609676682935264 0.09618269641612323 -4.201510413048569 0.05550191462761388 0.9967424179569997 0.058515721971989045 -1.0695072152019303 -0.09943694051857518 -0.052796739180413395 0.9936421887139357 13.73406169658587
0.9938909197827998 -0.05371364207511713 0.09641412877958383 -4.0930483128101445 0.04826746301535624 0.9971514599550602 0.05795876054190109 -1.0477595446945702 -0.09925266539172234 -0.052951020429434816 0.9936524029297772 14.628971950250481
0.9915796748646718 -0.05177853553518121 0.11869596308680173 -4.441634708357324 0.04398193470984882 0.9967567767721162 0.06739078110573093 -1.158090805120673 -0.12180040153648934 -0.06160285071889067 0.990641080800133 15.458097818608975
0.9918851101678366 -0.04514061346489008 0.1188539155575086 -4.337497070854688 0.037337798232347785 0.9970488010553098 0.06707888741869385 -1.125780944993891 -0.12153113613596518 -0.062096806119016384 0.990643310995092 16.36460949106738
0.9921379237057479 -0.03883681393049559 0.11897076207444832 -4.2356366395941345 0.031026315644365615 0.997282940115159 0.06681395881700523 -1.1260689895915221 -0.12124235267588275 -0.06259743795869245 0.9906471888006468 17.27402285087826
0.9920453825819125 -0.042159210452693684 0.11861096016773448 -4.19813049462808 0.03434173410012783 0.9971484635525666 0.06719811704022742 -1.0421897803133187 -0.12110575625007486 -0.06259027567251542 0.9906643494112098 18.18792288719465
0.9924116954299248 -0.031571326633598414 0.11883719160471777 -4.050045653393071 0.023745387487268222 0.9974902318071712 0.06670377817152084 -0.9834211647148474 -0.1206448645694514 -0.06337577442422793 0.9906706455069454 19.102851311818622
0.992773734758179 -0.018342158849370814 0.1185912171412402 -3.902457528456013 0.010498721570168278 0.9977359862018478 0.06642799623064345 -0.9341348314956541 -0.11954115784820071 -0.06470291374096496 0.9907186505429988 20.02597647768575
0.9928866650619644 -0.006330034409617049 0.1188949158143563 -3.786470045175712 -0.001544191046695684 0.9978171155770049 0.06601984046934072 -0.902252127458178 -0.11905328981654027 -0.06573381569602485 0.9907095334445408 20.955559130498354
0.9927703174601826 0.0014948813528150463 0.12002025703916937 -3.697816814760934 -0.009396571691880275 0.9978216032998165 0.06529741517566306 -0.7979074853617552 -0.11966119341894704 -0.06595311454301891 0.9906217166363903 21.889585031199942
0.9905402421944149 0.005764344267649751 0.137101425698615 -3.902157826467231 -0.015554955792501745 0.9973941841733669 0.07044774465827244 -0.870190968678681 -0.1363380795805859 -0.0719139326716865 0.9880487408746442 22.811324393975134
0.9906052961064997 7.962396547665437e-05 0.13675211510531435 -3.807828990482015 -0.009813330685957012 0.9974631500858595 0.07050505486589055 -0.837716514816133 -0.1363995816217964 -0.07118467447996311 0.988093060522429 23.755496868842386
0.9906038910336341 -0.006781367747733467 0.1365940852324618 -3.7039919192608517 -0.0028945069369255005 0.9975066039228018 0.07051380687490022 -0.8335978521297212 -0.13673168213188613 -0.07024662398911881 0.9881142944616863 24.703120210942345
0.9904397959212141 -0.023312770443841155 0.1359614849498773 -3.582756718173997 0.0138742697914036 0.9974533568268611 0.06995931383727011 -0.7013314665855768 -0.13724618498631688 -0.06740412219633958 0.9882409468432496 25.646239974725056
0.9905869106497867 -0.016292961892011355 0.13591214751484212 -3.407859543700114 0.006867964671707104 0.9975562912975179 0.06952896341819975 -0.638918168942336 -0.13671285056855095 -0.0679410412455288 0.9882781042823393 26.59816572597333
0.9906813573889808 -0.007305513942123042 0.13600396166276593 -3.283094963724649 -0.002136655343439908 0.9976039447874346 0.06915058964674098 -0.58681461331564 -0.1361832692582647 -0.06879679360689757 0.9882920207932172 27.56579547844197
0.9907425469728298 -0.0013774189120599805 0.13574722219968133 -3.175714869599542 -0.007925495410736437 0.9976560975708828 0.06796688533492691 -0.5424559513640496 -0.13552266282907585 -0.06841354907309964 0.9884094263830849 28.539720006365318
0.9907399069806372 -0.007412705004640182 0.1355709722636516 -3.0618415567942554 -0.0018371514735331966 0.9976852083566812 0.06797683355929961 -0.5762407093413422 -0.13576104592430382 -0.06759642616884133 0.9884329322613342 29.513117931880146
0.9907766628684574 -0.010351632354749384 0.13510902272918107 -2.9316596224746063 0.0010911447000813773 0.9976549346213058 0.06843566927415153 -0.6305371091619487 -0.13550060412590703 -0.06765704053052925 0.988464521947128 30.48349052847111
