-0.18774717501494287 0.17458615743303618 -0.9665767801404476 -2.858315000482696 0.2432793218244112 -0.9451477454437829 -0.21796997695826958 1.615662260366506 -0.9516124052609668 -0.27607139097577843 0.13497561719857343 1.3440258166396009
0.6571938460384892 -0.7124434692510637 0.24600925155499181 -1.7604280532025616 0.7535602100630024 0.6143150787702425 -0.23401708015722855 2.3413833850181662 0.01559674770400682 0.3391773682264478 0.9405931396432987 0.3244304069874253
0.5078868688139112 -0.6274315845683687 0.5902376937916005 -2.591171333728933 0.8606169429267263 0.3399320708750997 -0.37918948394967733 2.476785689093786 0.03727473720708622 0.7005539193214128 0.7126252872930838 1.7613689748351136
0.36976006363631153 -0.5008251120382378 0.7825929353703351 -2.168185950730869 0.9288271460469427 0.17783934465835632 -0.32504353594215357 1.9731682125707177 0.02361415054501413 0.8470816812110701 0.5309378468810302 2.6744631329324253
0.3262079440058632 -0.429435544787332 0.8421243911327323 -1.7812937020081823 0.9452157224684012 0.1364226146211069 -0.29657395067416054 1.4815933297774366 0.012474584802954249 0.8927339934679022 0.45041136935122467 3.4433520114345826
0.31469870374587766 -0.41050002422985205 0.8558355309099728 -1.1095436310362303 0.9491390170451862 0.12659916450290773 -0.2882841963578014 0.999939357977546 0.009992606424855803 0.903029557464459 0.42946218245892276 4.020226389533615
0.3174453871838038 -0.4028382105577289 0.8584578045951775 -0.33193823234787734 0.9481892080761487 0.12255480266296023 -0.29311694941127014 0.5697282684243214 0.012870580548336267 0.9070290494018866 0.42087130063412354 4.479558758095419
0.32706400305499966 -0.3997261916208338 0.8562990772142312 0.47074088529757074 0.9447894705613257 0.11908841231131527 -0.3052716927093316 0.14613473275748085 0.020049793567259323 0.9088657336402747 0.4166066297989452 4.898291737139803
0.34071428170674045 -0.3982291673307293 0.8516614987940537 1.2866260692130032 0.939738385857309 0.11690503678746822 -0.32128644310026566 -0.26637040810981183 0.028382113863481266 0.9098058818565611 0.4140624505456216 5.301509336166561
0.35799731125841305 -0.39705241123887397 0.8450960346973256 2.0779375237437367 0.9329881434452966 0.11622164114706199 -0.34062538707439677 -0.7333675361287392 0.0370276831876663 0.9104075531642295 0.4120522270529234 5.695561080598783
0.37885297114877603 -0.3939007386280664 0.8374441082006662 2.8415683147338653 0.9244563204766163 0.11900946291581538 -0.3622392293323921 -1.2517443980131344 0.043022526455115465 0.9114159071712282 0.4092311160855999 6.080384159739456
0.4015908686926567 -0.3905809397058169 0.8283545760851442 3.617195219605121 0.9144961491437927 0.12242310231417064 -0.385628548244225 -1.765704929175882 0.04920942373013622 0.9123919736375891 0.4063487652963308 6.446297263932223
0.42493364570369624 -0.38821706866779865 0.8177523490299176 4.366244594541041 0.9034096515371576 0.12469802547211577 -0.41024554105178 -2.3173815565582405 0.05729221813194185 0.9130924980736275 0.4037074333018708 6.812991875576413
0.44929936643464097 -0.3873870506493785 0.805022578758265 5.112465343966514 0.8907590030059164 0.12526278761257856 -0.43687255876677883 -2.870062425046333 0.06839939974398279 0.9133676735185573 0.4013489941260109 7.183890976068469
0.47505319505489013 -0.3864298213761428 0.7905671729962886 5.835810249513975 0.8764463020821519 0.1276122201962372 -0.46428116569930894 -3.4687250220857884 0.07852605576917207 0.9134479264894031 0.39930758089165685 7.527907166128739
0.5011895957554582 -0.38585601773863126 0.7745476890943296 6.522422977178229 0.8606811133553488 0.12954818002234053 -0.4923873375365141 -4.097020481416595 0.08964937378408645 0.9134179780515516 0.39702718691839795 7.893685877341638
0.5285400152121771 -0.38508391390577346 0.756542022342793 7.187989221492185 0.8428273653904517 0.13156065718573384 -0.5218561349930158 -4.7486024506074775 0.10142723731080801 0.9134561690261167 0.39409433236171765 8.257643735426544
0.555555189549947 -0.3834018058703844 0.7378085704432087 7.829068329916897 0.8238416926970721 0.1338206198774803 -0.55079661134545 -5.4311783009561365 0.11244241520950583 0.9138353773798297 0.39020713257309597 8.608619581518896
0.5819355502291278 -0.38152054128122037 0.7181873654973384 8.419404408983729 0.8037908975621911 0.13564158910567384 -0.5792422224778296 -6.145362191149766 0.12357673072100209 0.9143541085845094 0.38559740110500795 8.984476284489885
