1.0 0.0 0.0 0.0 0.0 1.0 0.0 0.0 0.0 0.0 1.0 0.0
-0.4686529457029587 0.3888149073196986 0.7932133283864524 -0.08417210187518157 -0.23539810902894898 -0.920427141605389 0.31209230567530555 -0.036263246803373735 0.8514412174363741 -0.040457939172769464 0.5228871851636431 0.002289830204657417
-0.46327296640117893 0.3886314971581825 0.7964569781340621 -0.006082765292805811 -0.23275121785590086 -0.9205242821508316 0.3137864186947731 -0.004130964885607213 0.8551052737461319 -0.04000756662540363 0.5169084690970608 0.04444506823366081
-0.45743755543947184 0.38904805052820746 0.7996202206383738 0.0733698100635309 -0.2302020400152043 -0.9203713064940171 0.31610706881582795 0.029098474688899482 0.858928346048958 -0.03947496121211211 0.5105720554347879 0.09131792585317866
-0.45036331866864043 0.3899808001351543 0.8031736155550141 0.16240544514802596 -0.2267492526180728 -0.9200305445244256 0.3195756148069416 0.06354641981601555 0.863572612832826 -0.038193882599629386 0.502775864274581 0.13365596000468818
-0.4414182865590324 0.3912270934004888 0.8075216762915367 0.26229804661561895 -0.2229318375771598 -0.9195435188828723 0.3236373165674438 0.1034412408926608 0.86916701046793 -0.0371628614332964 0.49312029936348295 0.17348477353393504
-0.43015394002246904 0.3921173852526496 0.8131491524104121 0.36815199031725565 -0.2186235779979703 -0.9191765251285431 0.3275946379231238 0.14442087868809675 0.8758831651690261 -0.036857452913115187 0.48111350961934773 0.23257378110482335
-0.416758331348432 0.3923057038091524 0.8200053219403374 0.48917671547434693 -0.21347608317563802 -0.9190898009241594 0.33121277111424524 0.1910918134571495 0.8835951873814494 -0.03701584250013821 0.4667862168491551 0.28748829467800313
-0.4009898337953543 0.39302155663856797 0.8274909118595629 0.623867843797963 -0.20877130316330456 -0.9187292249073461 0.3351882370797683 0.24659017423465304 0.8919762867746371 -0.03834928054793793 0.45045270174923585 0.338953237862684
-0.3839101380196889 0.3936941563829449 0.8352352465956071 0.767948185734143 -0.203245774399224 -0.9183953817709715 0.3394717630828985 0.30728640595506745 0.9007242425484968 -0.03943138308090821 0.43259797146283946 0.394599260076165
-0.36528006874268554 0.3941289872289448 0.8433461998522463 0.9222195146266559 -0.19590972451438746 -0.9182072643027701 0.34425978507853605 0.37270084290690786 0.9100493674631261 -0.03946848372447923 0.41261651393570636 0.44216226512740986
-0.34613039271473917 0.3940095302652522 0.8514400984798024 1.082899243113098 -0.1840152376331 -0.9184219304003124 0.3501993005112914 0.44368451998583325 0.919963120759726 -0.03546333063771056 0.3903975007887556 0.48855280620609
-0.3258810766880716 0.3940003347885794 0.8593981964392935 1.25174021727119 -0.17087756687588374 -0.918596563879014 0.3563442295986379 0.5177283983545404 0.9298399760147986 -0.03072603157188362 0.3666790558358123 0.5291976706357434
-0.3032592323062704 0.39405349938154893 0.8676149362742478 1.4271535555869224 -0.15826600992008172 -0.9186742908309442 0.3619246019134904 0.5972839975043728 0.9396731921923644 -0.02755697718215345 0.34096173521906287 0.5699190610127989
-0.27634939494377314 0.3948486700950278 0.8761994862121287 1.611200258690806 -0.14764848523674984 -0.9183231620094633 0.36726352245252225 0.6683600721077025 0.949647796144183 -0.027876474689765843 0.31207685822144404 0.6250130491643757
-0.24937412579324733 0.39425086408128734 0.8845217925839995 1.8035919736097517 -0.1342733997679045 -0.9186321424847157 0.3715987633304361 0.752727749278839 0.9590532829304231 -0.026100631507675498 0.28202049133933255 0.6533275370295255
-0.22072545471047259 0.39338906212105207 0.8924826717905363 2.002984458016311 -0.12039114958582296 -0.9190428115483409 0.37532157097977276 0.8398550894663139 0.9678771847420824 -0.024603990425130073 0.25021670390064116 0.6755792827019248
-0.18968730896882907 0.3926805474902375 0.8999003902871313 2.2079335434488376 -0.10546157909027504 -0.9193867332850859 0.37895367790161877 0.9264801073427826 0.9761642178199064 -0.0230222127986371 0.21580870595484497 0.6916726755004045
-0.158565348923757 0.3927190644397074 0.9058856255324332 2.414873375906996 -0.09006001197357977 -0.9194213915903859 0.38282306478230477 1.0124075095495875 0.9832325382960054 -0.020881597438876496 0.18115665741118908 0.697707495403421
-0.12745402210482892 0.39210466557350887 0.9110485187325581 2.625122896572111 -0.07314976625219287 -0.9197542478442854 0.38561799137182684 1.109383797462755 0.9891433586424928 -0.017494422193368584 0.14590874286885247 0.692860919531202
-0.09302583312082639 0.3923175237956694 0.9151137387751372 2.8405990106940333 -0.057698004928673954 -0.9196788209898281 0.38840932847964704 1.2011056803629812 0.9939905103165858 -0.016668135636425184 0.10818982694772598 0.6827044509825527
-0.054123334419297064 0.39426057304165973 0.9174035454565229 3.058162681589584 -0.04585106647641573 -0.9187623705499501 0.39213949834773254 1.2926830570601915 0.9974809995054101 -0.02084003374033675 0.06780375077670414 0.6708543935836387
-0.013008651379270585 0.39555954598632953 0.9183482022459568 3.2778195593123303 -0.03321528469405264 -0.9180900058815273 0.394977829710922 1.3908384351525924 0.9993635573963989 -0.02536506809662056 0.025081735754691557 0.6463433694888263
0.029269316113738942 0.3934672994957766 0.9188725653548125 3.50256105114749 -0.014581469865180679 -0.9190005265851353 0.39398656433032675 1.4924974726858204 0.9994652009303799 -0.024930229917612692 -0.021161185350781063 0.5982429360009184
0.07355863777211644 0.3909769900880432 0.9174563314026473 3.73181136941375 0.009747923634773803 -0.9201864961589644 0.39135890212373936 1.601842002515904 0.9972432525687607 -0.01984453346346054 -0.07149887899608215 0.5290355739121236
0.12065375625848697 0.3908526233121694 0.9125113138754568 3.9649934916515273 0.03340005030464687 -0.9203044768617831 0.38977443028988784 1.7073462666392532 0.9921326059254199 -0.016549825320987033 -0.12409268931520552 0.4504832037704654
0.16932734611898662 0.39123716857971075 0.9045782043461092 4.197168570437135 0.054192880443231825 -0.9201393063932022 0.38782314079938834 1.8142355314412604 0.9840687890414808 -0.01664736471540842 -0.17700701591311474 0.3500374912212172
0.22269462445022203 0.3901648901623483 0.8934083404163948 4.437543556124306 0.07087321342217313 -0.9204757096527101 0.38431947069925376 1.9228155028557912 0.9723086402270577 -0.022267160212797715 -0.2326372320069767 0.25004426250689993
0.2761211618645203 0.3893965280905603 0.8787078285082047 4.684098372550362 0.08852324695553807 -0.9206688609181733 0.3801742801454114 2.0310834442424612 0.9570374803104821 -0.02718809383996217 -0.2886868005890002 0.13219170988520834
0.3272871014970453 0.3875489625687859 0.8617940327047526 4.928883047426651 0.10810651140914529 -0.9213925796880826 0.3732943828758806 2.1430980788516143 0.9387204777699307 -0.029008890147645523 -0.3434564730905428 -0.008712765766954123
0.3789690691923148 0.38475571487012755 0.841632630350254 5.180135948343488 0.1281570213253647 -0.9225276757536075 0.36403085769431237 2.2586383953452667 0.9164923472023759 -0.03009530434177327 -0.3989186009401611 -0.1644350117751577
0.42920910721240557 0.3836570635954408 0.8176715721114763 5.426287443938317 0.1493574420534365 -0.9229848834672454 0.35467063508868285 2.365525811785541 0.8907703951014447 -0.030102532190488227 -0.45345555544787025 -0.35072925587245407
0.47809780106928335 0.38197750445021006 0.790895491646466 5.6721325150896105 0.17016497491111313 -0.9236998539893543 0.3432527655439148 2.4768566468461977 0.861664884932777 -0.02952568092416247 -0.506618061501708 -0.5530057493018126
0.5252224765289182 0.3798559864746212 0.7614793363501215 5.917835512384005 0.19015633978191668 -0.9246046309378362 0.3300709664436604 2.587189495516177 0.8294467533178809 -0.028560567005930532 -0.55785515810354 -0.7820666201791677
0.5695389777273646 0.3786785707426481 0.7295395074357336 6.158406040998424 0.20989936451631633 -0.9251332301542746 0.31633963273665944 2.69659023409959 0.7947122810331513 -0.02703787204317994 -0.6063838255185091 -1.0355141696060222
0.6110516106407565 0.375504830869554 0.6968587024117329 6.395911233739703 0.2268680428437494 -0.926472215258165 0.3003000590923601 2.8094524119384485 0.7583843486449227 -0.025403864829116232 -0.6513123854051602 -1.3139286502646745
0.6502334420033354 0.37122847230207434 0.6628618953090923 6.631151174669446 0.2398095449865558 -0.9281752687865916 0.28457345720618316 2.920581939817741 0.7208937876232779 -0.026078569078965778 -0.6925547308342911 -1.608005219184989
