1.0 0.0 0.0 0.0 0.0 1.0 0.0 0.0 0.0 0.0 1.0 0.0
0.9999966010196957 -0.0020853022644158883 -0.0015650762031224042 0.006408062581585447 0.0020902331194420946 0.9999928366652618 0.003155557584527271 -0.02531820505939826 0.0015584847005811263 -0.003158818232963426 0.9999937964771627 1.2799732737915201
0.9999931455914033 -0.002448065977405117 -0.0027777226608803824 -0.008168949359541192 0.002459272689612069 0.9999888220770045 0.0040382791982800275 -0.04321299664791477 0.002767805637797763 -0.00404508269574362 0.9999879882068264 2.614396332938978
0.9999905892698813 -0.0010929703991399522 -0.004198426774650003 -0.020121431334943332 0.001108841607893559 0.9999922417252097 0.003779809476483846 -0.05965736668820267 0.004194262982229165 -0.0037844292960123815 0.9999840429991568 4.003766760646536
0.9999841747653052 -0.000559713126366754 -0.005597940707761046 -0.03550779972579621 0.000580555859361107 0.9999929034922275 0.003722354104474282 -0.07774614268360137 0.005595817531477996 -0.003725545114625201 0.9999774033145715 5.4111344092183975
0.9999772756111674 -0.0005278788386042006 -0.006720833668424913 -0.05561300436405713 0.000554746602254414 0.9999918603014996 0.003996446791035459 -0.09008804011322424 0.006718669323174538 -0.0040000843338665 0.9999694289366289 6.72733568986685
0.9999647218635603 -0.0007142976865230808 -0.008369277576180759 -0.07348237413733472 0.000750816629890334 0.9999902083917476 0.004361123137161089 -0.10669812600435859 0.008366080487325813 -0.004367253077648387 0.9999554669073194 8.157404622188988
0.9999485151509089 -0.002199227849099521 -0.009906081180766807 -0.09347932039929525 0.002234155836322153 0.9999913223043029 0.003516228631779829 -0.11862745582504436 0.00989826223087792 -0.0035381793283644583 0.9999447513197162 9.482014536840728
0.9999289469581544 -0.003163034745759433 -0.01149331311472981 -0.1012068512545611 0.0032084510678739276 0.9999871097196407 0.003935255557698331 -0.136203874831064 0.011480717612639016 -0.0039718516785569235 0.9999262060358965 10.836794789785305
0.9999164753006904 -0.0027731890777180457 -0.012623464048456164 -0.12846872392522923 0.0028217390036817044 0.9999886850624523 0.003829821936151972 -0.14879879009911373 0.012612700394385836 -0.0038651221722935058 0.9999129865240047 12.187335068958571
0.9999062529024968 -0.002156067993342734 -0.013521715027898585 -0.1622484509266199 0.0022087834416256937 0.9999900145364148 0.003884855617521988 -0.16689758797856596 0.013513203994449824 -0.003914357963839679 0.9999010306623026 13.62027860122402
0.9998979452321153 -0.0005332541845749223 -0.014276370707152874 -0.19021025892638757 0.0005957596996803986 0.9999902549974978 0.004374354857542826 -0.18051215886647443 0.01427389894085195 -0.004382413720098291 0.9998885189154899 15.067605807021138
0.9998916153973623 0.0009595521297601833 -0.014691382431997625 -0.22504681456846432 -0.0008852843963752863 0.9999868018999345 0.005060859361702803 -0.19010721099899341 0.01469604469204108 -0.005047304790843718 0.9998792682042955 16.50882304503452
0.9998786591818957 0.0017691055045924863 -0.01547698867116933 -0.24770382424228382 -0.0016772790113043549 0.9999809272131619 0.0059440680534127354 -0.20397861443447904 0.015487209165376407 -0.005917387567076006 0.9998625559928968 17.80851481460247
