0.9987720849342018 0.0005290791134740288 0.04953829257735332 0.051966307810769954 -0.0007253788418127524 0.9999919565850097 0.0039446914733323735 0.002318718076668103 -0.04953580706644058 -0.003975781756537483 0.9987644351786366 1.0072342295355163
0.9957648725645165 -0.005042827821205833 0.09179808524222023 0.14361916433041835 0.005440767931817978 0.9999768542826256 -0.004085210317317589 -0.032071991371094434 -0.09177535949744005 0.004567361009411166 0.9957692617280999 1.9945157461300749
0.9907777441263954 -0.004005391150570723 0.13543787721882694 0.30519559192988466 0.00535288444783326 0.9999397214410141 -0.009586454639507776 -0.05261114814263149 -0.13539131571817764 0.010223029208513739 0.9907394618677013 2.9812159918018186
0.9898908335630515 0.0016946582325415849 0.14182124580372973 0.2294148422776826 -0.00016277994983880922 0.9999415312944949 -0.010812376940739247 -0.09714566059263424 -0.14183127698267045 0.01067998716738828 0.9898332317838037 4.009193150758932
0.9865490409175256 -0.0015999910627580668 0.16345773121302434 0.6016330249506537 0.003802824593606646 0.9999061134043095 -0.013164456000871667 -0.11600897710033228 -0.16342132171115384 0.013608982522132947 0.9864625016719548 4.944918949559965
0.9729714693051135 0.04898128794395377 0.22567089610669785 1.0539625741376206 -0.04570217564426582 0.9987601491905577 -0.01973513441140209 -0.18712520133473173 -0.22635775016470983 0.008888071793528633 0.9740036812662278 6.873749549194786
