1.0 0.0 0.0 0.0 0.0 1.0 0.0 0.0 0.0 0.0 1.0 0.0
0.999999867512535 -0.0003035995574175278 -0.0004156948654906754 -0.0026769775221206957 0.00030414176209991243 0.9999991023769226 0.0013048920022874135 -0.014663713037923139 0.0004152983277189902 -0.001305018259574469 0.9999990622268808 1.3106854461165003
0.999998879238222 -0.0014171519210072875 -0.00048291068829724783 -0.007196038427847195 0.0014178000000979766 0.9999980912979679 0.0013443375992960554 -0.03311255983737791 0.0004810046359533051 -0.0013450207633877705 0.9999989797763227 2.625420226484991
0.9999957169847714 -0.0028205088633613254 -0.000781499753670756 0.003831640043588579 0.0028207919184673057 0.9999959562787748 0.0003613295608319337 -0.050942276491481184 0.0007804774602746993 -0.0003635324614413623 0.9999996293494731 3.9418526838379937
0.9999955294265537 -0.0028838264703444404 -0.0007903618131740291 0.012664125542258653 0.002884292404868995 0.9999956669492782 0.0005890161216296219 -0.082096803412539 0.0007886597682132118 -0.0005912931229646263 0.9999995141939884 5.26092269880406
0.9999938810489409 -0.0033694108589557526 -0.0009407099129939415 0.007941035343258034 0.0033706825297614876 0.9999934032148499 0.0013535235743065955 -0.09967980903444032 0.0009361431303036921 -0.0013566861266313833 0.999998641518474 6.581523567691846
0.9999891258857784 -0.004545441618490614 -0.0010426268220837572 0.013812148541614926 0.0045479763287556 0.9999866768406859 0.0024417314419963292 -0.11893936044962969 0.0010315141832829648 -0.002446446732436284 0.9999964754322263 7.908598360408328
0.9999909623526771 -0.004120409282626826 -0.001047587853312039 -0.007769338661672556 0.0041233365775813725 0.9999875574187265 0.002807686449256529 -0.1332948975807299 0.0010360060013069037 -0.0028119806316903896 0.9999955097181648 9.238631835971876
0.9999938499488162 -0.0032509553171535407 -0.001315809283415981 -0.007321233068625891 0.0032527019247906323 0.9999938288900287 0.0013274456857502765 -0.1602714142645964 0.001311485696801984 -0.0013317174572801853 0.9999982532654149 10.569134526662694
0.9999987516974826 -0.0005885853372600883 -0.0014663460633443353 -0.012025037960620731 0.0005878756743146179 0.9999997099031533 -0.0004843509067607391 -0.18991075091856743 0.0014666307198038856 0.0004834882729635205 0.9999988076159999 11.903497613133123
0.9999957247013956 0.0025899128739619425 -0.0013575456662748542 -0.032640033071335194 -0.0025915362276908755 0.9999959274609298 -0.0011954085224532946 -0.21075645391660677 0.00135444413369527 0.0011989215404998104 0.999998364032776 13.241066646875433
0.999987687868953 0.0047739507504299394 -0.001354069694753445 -0.04056433559979345 -0.004775814714671036 0.9999876480859872 -0.0013766877885739812 -0.2283763051035247 0.0013474807296997625 0.0013831376245864184 0.9999981356112593 14.579474957659453
0.9999819021992621 0.005865569352112959 -0.0013380471296922751 -0.05073665394149714 -0.005866630112517585 0.9999824789443067 -0.0007902249821223271 -0.2446700956497267 0.0013333885662576647 0.0007980605083710914 0.9999987925864493 15.929700857267216
0.9999928398487387 0.003619583398418268 -0.0011040232230922727 -0.04585490907674546 -0.0036180355423233233 0.9999924737554666 0.0014008037825463265 -0.2535120552051749 0.0011090852400593742 -0.001396799357318651 0.9999984094394779 17.281352681747777
0.9999994676827562 -0.00044388651763972893 -0.0009314499257085233 -0.050981237928332396 0.0004465713452906231 0.9999957409961281 0.002884192025261415 -0.2686674920079428 0.0009301657047054953 -0.002884606448802654 0.9999954069081505 18.633847503342082
0.9999952569046229 -0.0028082978285086085 -0.0012647654185751083 -0.046019612565197335 0.0028096347637331593 0.9999954948398805 0.0010565284839708406 -0.2997074766517372 0.001261792673957189 -0.0010600770016434612 0.9999986420570773 19.985596187311533
0.9999897892481805 -0.004304137420706496 -0.0013768806932210945 -0.050646542246574916 0.004303392975007742 0.9999905928368439 -0.0005431820324956894 -0.32425436565070204 0.001379205670792185 0.0005372512274961383 0.9999989045758182 21.340134828034675
0.9999969900253487 -0.002211070309576064 -0.0010635357675648303 -0.06034923728700419 0.002209111486776369 0.9999958680899693 -0.0018394644405449806 -0.3532743659047788 0.001067598558340872 0.001837109434722934 0.9999977426285738 22.7045912835112
0.9999992241096699 0.0006403859379158329 -0.0010684970326902527 -0.05967871654310787 -0.0006407770868653842 0.9999997278078202 -0.0003657718017880357 -0.3607864725155006 0.0010682625067354853 0.0003664561864051804 0.9999993622623368 24.07115749097107
0.9999977413548212 0.0016761865957093034 -0.001306783743570494 -0.05444215914903717 -0.0016734935841628586 0.9999964796118219 0.0020591705095990755 -0.3614726661500589 0.0013102306971910342 -0.0020569789644527617 0.9999970260621079 25.447904073536645
0.9999990132312926 -0.0003202135218429449 -0.0013678449259791816 -0.04395679777446985 0.00032497988440563096 0.9999938718499842 0.0034857783281170545 -0.36919259822735845 0.0013667203502655569 -0.0034862194105459926 0.999992989150277 26.819593528902136
0.999984784357837 -0.005193982536665796 -0.0018583859177003015 -0.059060941576665776 0.005198162208320994 0.9999839550915194 0.002251370511220761 -0.3939260451254384 0.001846662520949571 -0.0022609964466185337 0.9999957388572226 28.193914950069836
0.9999800152488508 -0.006027292142006901 -0.0019081017643099182 -0.0555317265139877 0.006028684380209108 0.9999815646907255 0.000724736733490631 -0.42732012122706453 0.0019036983878450624 -0.000736225593109691 0.9999979169499926 29.569100679390033
0.9999682200302481 -0.007688983933965139 -0.0021067642489493157 -0.053123962845557794 0.007687258244920373 0.9999701114495863 -0.0008259952655815452 -0.46205685937657537 0.0021130523451465123 0.0008097737746341693 0.9999974396348326 30.9486329264548
0.999988374191774 -0.0044549115063863345 -0.0018453305294284373 -0.05449417257323404 0.004452292971185693 0.9999890793014177 -0.0014206918041591104 -0.4831221942605216 0.001851639433395395 0.0014124593353229786 0.9999972881913404 32.334184470541196
0.9999902629824067 -0.0040245301512066255 -0.001810275514780894 -0.05825334795587806 0.004018530965342821 0.9999864625086448 -0.0033054815576565124 -0.5094820954894853 0.0018235540183849093 0.0032981747239125016 0.9999928983218994 33.716686877017274
0.9999941429707587 -0.0028978131716867485 -0.0018211817591107285 -0.06997404894254827 0.0028925037615896466 0.9999915789336998 -0.002911268396385061 -0.5312772199085132 0.0018296027347238712 0.0029059835699121878 0.9999941038892802 35.1098405584355
0.999994433149601 -0.0024635135837749343 -0.0022505045280073344 -0.058428131758416726 0.0024593198826155143 0.9999952380169769 -0.001864320006127016 -0.5574690267615069 0.0022550865888027118 0.0018587749172048276 0.9999957297610247 36.50696399219427
0.999995598787719 -0.0006234066552216076 -0.002900649812243853 -0.045870112700228644 0.000621548225984433 0.9999996010446909 -0.0006415514494841771 -0.5770474370560451 0.002901048602457647 0.0006397457321350966 0.9999955873114664 37.905002227547335
0.9999935684159545 0.00210260712174881 -0.0029055412605844527 -0.06255872743831312 -0.002104041516110149 0.9999976661052681 -0.000490706955204743 -0.5926000243924037 0.0029045027154184716 0.0004968171786208005 0.9999956585089094 39.30069259655821
0.9999896346727826 0.003568171078245819 -0.0028281976859518307 -0.10105922042933907 -0.003570023640070672 0.999993416028053 -0.0006502551462693593 -0.6096155153777946 0.0028258588435713743 0.0006603451387596767 0.9999957892241818 40.7030137614504
0.9999753237470704 0.006439274403285167 -0.0028084946324214827 -0.10873160704111991 -0.0064403087009972035 0.9999791964162014 -0.0003593864836390229 -0.6332863257966176 0.002806122017483237 0.00037746518774518345 0.999995991591594 42.10968309958252
0.9999694673558159 0.0072978456421592145 -0.0027938870965215157 -0.13163190759676519 -0.007299012794872717 0.9999732787052039 -0.00040778399355106965 -0.6493427942453296 0.002790836495600672 0.0004281641604924726 0.999996013945609 43.51718147779609
0.9999766349057001 0.006206235529839289 -0.0028657081532263294 -0.1433019306069026 -0.006207333335055218 0.9999806642512359 -0.0003743481334621006 -0.6790712983321603 0.002863329449927196 0.0003921277925307673 0.9999958237814074 44.92665782804197
0.999978247765299 0.005994028496891207 -0.0027523841701411517 -0.1659327965076261 -0.0059966641644808635 0.999981568264345 -0.0009503422961447391 -0.6953751026350086 0.002746637060118997 0.0009668267475960842 0.9999957606064639 46.33960863597773
0.9999790435046235 0.0058084124339206535 -0.0028591776046779467 -0.1725768747459772 -0.005810518184065149 0.9999828532662485 -0.0007287330962625568 -0.7229283512963689 0.0028548957967436056 0.0007453311280342715 0.9999956470162754 47.75526959622918
0.9999722997040418 0.006684314271469404 -0.0032741055770319468 -0.18476795373796728 -0.006683043694485911 0.999977588669515 0.0003988554628929458 -0.7479496693461689 0.0032766982752327777 -0.0003769634238469067 0.9999945605587014 49.17777258016125
0.9999578394717441 0.008521030563562893 -0.0034221801729000206 -0.19376585897094314 -0.008521881304539685 0.9999636607099059 -0.0002340911700649983 -0.7605659810176436 0.0034200611152872436 0.0002632447138938257 0.9999941169247889 50.60040402370992
0.9999511624820457 0.00924818853693914 -0.0034847754001746467 -0.21765139652540255 -0.0092483753887951 0.9999572321583406 -3.7508649733676835e-05 -0.7789766926727885 0.0034842794767876864 6.973532895079409e-05 0.9999939274483179 52.02637110744965
0.9999461978974519 0.009611777141451297 -0.0039006474606485316 -0.22961664541624005 -0.009608833638562995 0.9999535355771619 0.0007726595889904335 -0.800813910949005 0.003907892851091223 -0.0007351373457479253 0.9999920939420209 53.455132869348226
0.9999591264746039 0.008053291883309416 -0.00410972870010689 -0.24166061295625846 -0.008046698041070019 0.9999663150386697 0.0016184679855536402 -0.8199496892343078 0.00412262425914604 -0.0015853320871808468 0.9999902452981188 54.882602068225985
0.9999679365137735 0.00684615888624863 -0.004154040549786304 -0.261972637926518 -0.006839131990561733 0.9999751619833432 0.0017034347662204915 -0.8360064840436305 0.004165599356719868 -0.0016749701165491933 0.9999899210777619 56.31447396964694
0.9999814859907268 0.004291309854271618 -0.004314201607683884 -0.26973810081370775 -0.004286584634507701 0.9999902032265714 0.0011039216694751519 -0.8557042645611782 0.0043188966123667944 -0.0010854080411374588 0.9999900844615592 57.74336659955758
0.9999853119048963 0.0032324064857469203 -0.004350577292445648 -0.2893591647033629 -0.0032264683617762263 0.9999938547934631 0.0013712320086129593 -0.8791644775203278 0.00435498293648778 -0.0013571748678372652 0.9999895960458797 59.17130220916317
0.9999878869055816 0.002495865002380431 -0.004242251760475954 -0.29793245817435815 -0.0024881854762114877 0.999995258136835 0.0018145624491020433 -0.9051586800055895 0.004246760547210002 -0.00180398495991892 0.9999893552749047 60.60070964482838
0.9999901212776693 0.0017204349641465127 -0.004098469300344394 -0.31502698725545414 -0.0017113114950701993 0.9999960525140409 0.0022285352372251087 -0.927194285496161 0.00410228717163537 -0.002221499464518416 0.9999891180308369 62.02535408123966
0.9999904138598168 -0.0015237817215861017 -0.00410490898035882 -0.3370320005968529 0.0015320873981385507 0.9999967841929837 0.0020209680593396085 -0.9306886548804922 0.004101816265575024 -0.002027237765375791 0.9999895326504006 63.4494023115594
0.9999801918615673 -0.004743251179345785 -0.004137324347007291 -0.3566991791168917 0.004750198109293996 0.99998732180832 0.0016708801714059966 -0.9448789400534415 0.0041293464888726514 -0.0016905001846709397 0.9999900453038024 64.8692320791929
0.9999767302540171 -0.005488538326500002 -0.004051530269264317 -0.3946969722643074 0.005495202755950377 0.999983563609728 0.0016356213074158843 -0.9588594996241974 0.0040424865064982605 -0.0016578472272250095 0.9999904548771534 66.28635054265594
0.9999825588146191 -0.004429729203326994 -0.0039063494149663685 -0.39597271968228354 0.004436324951121236 0.9999887458554461 0.0016814230227220305 -0.9849358928203842 0.0038988572036785145 -0.0016987235320887883 0.999990956584542 67.69997401174955
0.9999925532022936 -0.00010282449662059323 -0.0038578448751414676 -0.39067768343115944 0.00011134009136304877 0.9999975579433694 0.002207195207200093 -1.0055068435836378 0.0038576085003297206 -0.002207608303464736 0.9999901226123371 69.11290204184017
0.9999898489435326 0.0033144584920976167 -0.003052273709047942 -0.40932361673394085 -0.003305207329210986 0.9999899443272929 0.003030981492786145 -1.0170350289661905 0.0030622890787307113 -0.0030208623276879528 0.9999907483454012 70.52699019945378
0.9999686667202918 0.007370461901432227 -0.0028882293886669137 -0.4145558581433915 -0.007360950630194468 0.9999674955489403 0.003290023009208163 -1.0362586129341647 0.002912384497600348 -0.00326865980805831 0.9999904168938808 71.93680029556742
0.9999436989960963 0.010252301257836272 -0.002736632405582581 -0.43949835246700664 -0.010243327310920269 0.9999421781677973 0.003273311265920193 -1.0517635234808602 0.0027700331416917515 -0.003245094753749773 0.9999908980967943 73.33670235851602
0.9999202600989163 0.012352866297985373 -0.0026230017041633 -0.44848087070623815 -0.012344690465370305 0.9999189630505094 0.0031106187984774065 -1.0702458219424245 0.0026612142022283255 -0.0030779906139140624 0.999991721922112 74.73925646437974
0.9999103009715651 0.013174826567795868 -0.00241121460327526 -0.47051659537866247 -0.013167010261892348 0.9999080964737312 0.0032293106143446225 -1.0884275779963994 0.002453538611428204 -0.003197272460895032 0.9999918787655694 76.14123437104669
0.9999085488433881 0.01333771572233017 -0.0022359090367104445 -0.48475623802880013 -0.013329850896592521 0.9999050411088288 0.0034962608923283733 -1.1125415598779347 0.0022823288511406 -0.0034661368211482534 0.9999913883981965 77.53739776328507
0.9999248689304041 0.012037450225487575 -0.002314365265792213 -0.48102822166073705 -0.01202965451829289 0.9999220182884343 0.0033533198707871377 -1.130222232382557 0.0023545502086624115 -0.0033252269177019306 0.9999916994451808 78.93159653036393
0.999944701318106 0.010208480470546214 -0.002526110117670083 -0.4785337100625962 -0.01020092453412206 0.9999435104072224 0.002986156916741264 -1.154857864707614 0.0025564515433048494 -0.002960223127524611 0.999992350788016 80.32199466090664
0.999957277922954 0.008908281596074881 -0.00246674845114225 -0.526099893576559 -0.008900669879774304 0.9999556457703712 0.003079702526583461 -1.166425692297068 0.0024940738977540385 -0.003057615241654782 0.9999922152619125 81.70679871696125
0.9999529668607985 0.00937562211869117 -0.002482292523897035 -0.5324310969906715 -0.009367817725921315 0.9999511997800895 0.0031372040759933416 -1.1875854246683561 0.002511584627401806 -0.0031138028595310467 0.9999919980551905 83.0930327025441
0.9999528403210821 0.009193728826321666 -0.003129294500119467 -0.5251753204782785 -0.009184792890878115 0.9999537344451082 0.0028580673251453192 -1.2120893973326559 0.0031554260175278488 -0.0028291906177297906 0.9999910194432233 84.47942830543964
0.9999418068599218 0.010172404703842348 -0.0035923636029417927 -0.5306839996412124 -0.01016214093779914 0.9999442629444778 0.0028638952471594556 -1.2337062127415244 0.003621296076655809 -0.0028272224828692514 0.9999894464581905 85.86136938386046
0.999931320746316 0.011079911639116107 -0.0038196005808660547 -0.5375520199787235 -0.01106904523591636 0.9999346621758077 0.0028544030759207126 -1.2430589888105446 0.003850977550338534 -0.0028119277060350187 0.9999886314526198 87.2461248388026
0.9999389488960359 0.010318005659920741 -0.003954395009681436 -0.5524600530613271 -0.010305703432096193 0.9999420308575095 0.003118878216694955 -1.2633556597472337 0.003986346379886233 -0.0030779349835135597 0.9999873175989671 88.62500034358786
0.9999527539140263 0.008613849804450366 -0.004504612225381715 -0.5711852700492904 -0.00859899818423996 0.9999575628278355 0.003306020817253756 -1.279851641552789 0.004532898629147486 -0.003267129468363263 0.9999843892256797 90.00223328907815
0.9999617813597521 0.0073950115916023886 -0.004663649149663926 -0.5829784427408846 -0.0073801117876863 0.9999676335199671 0.0032040384640766874 -1.3010631888408857 0.004687192105338739 -0.0031694977580202614 0.9999839921289391 91.37108632845415
0.9999678569011184 0.006375561969652641 -0.004861828272920152 -0.5851493994167806 -0.006361265102575708 0.999975414267999 0.00295045180268999 -1.3337785189199698 0.004880519529619822 -0.0029194295874987422 0.9999838285992455 92.73696450230673
0.9999733289797588 0.005377840515246722 -0.004941675882949693 -0.5970752124321534 -0.005364498504781927 0.9999819410431381 0.0027091960784658554 -1.354999491419143 0.0049561562658726995 -0.0026826142085572364 0.9999841199219499 94.09908229393997
0.9999722282851359 0.0054895789429923025 -0.0050405536887374635 -0.6046282642117082 -0.005477459690468148 0.9999820824092983 0.0024150146384552817 -1.3762862328859529 0.005053720787665949 -0.002387338139709687 0.9999843801394136 95.45663153445322
0.9999748038965189 0.005011608733054888 -0.005027459599597403 -0.6158604253725924 -0.005000155006323515 0.9999848811317794 0.002288221531056104 -1.4059473142305328 0.005038851261106564 -0.0022630257995036387 0.9999847442297305 96.80964087196277
0.9999717893134527 0.005565258873890238 -0.005044647749721325 -0.6287630408755138 -0.005556043519849836 0.9999828742007575 0.001838935996448029 -1.424044196392093 0.0050547955109696155 -0.0018108558363613245 0.9999855848178425 98.16139832798478
0.999960175295179 0.00735474878014436 -0.005055244209359008 -0.6242127199147747 -0.007345633391650331 0.9999713653836667 0.0018193632958396367 -1.4339072783430853 0.005068480414361471 -0.001782156869566239 0.9999855671074367 99.511386628159
0.9999549501954249 0.008050969837696589 -0.005027868767013539 -0.6295464806236286 -0.008035845459998761 0.999963148388987 0.00302110107891146 -1.4493407246119439 0.005052006275612649 -0.0029805618024934134 0.9999827965939878 100.85664350615828
0.9999397121899305 0.009697407596686738 -0.005150948594500873 -0.6309059316439867 -0.009676408306534032 0.9999448336174108 0.004086177203108083 -1.467003807575578 0.005190289761151049 -0.004036088174666625 0.9999783852086214 102.20195235939501
0.9999455750287234 0.00899334142266291 -0.005288363691330614 -0.6370722420005135 -0.008977769262222112 0.9999553150352559 0.002961011958437447 -1.493134912325647 0.005314756772484488 -0.0029133730964512063 0.9999816326401454 103.54243371103829
0.9999480233084522 0.008583882879453351 -0.005501603060149163 -0.647004803570686 -0.008576526980598145 0.9999622971046145 0.00135924766520865 -1.5307813181656271 0.00551306325654704 -0.0013119923689301394 0.9999839422758515 104.88075779045964
0.9999558222302641 0.007635498727277428 -0.005482038579104389 -0.6676727555819064 -0.007633679008010324 0.999970800815749 0.000352789900773555 -1.5515061292127188 0.005484572234888413 -0.0003109261924801737 0.999984911282317 106.21688652269007
0.999969629399691 0.00555486859774772 -0.005466599775617077 -0.6752871728208115 -0.0055472207342583645 0.9999836154895436 0.0014131859707238845 -1.5722539385437706 0.005474360270427683 -0.0013828186157964421 0.9999840594691026 107.56157275221649
0.9999799226674997 0.0035319608968447185 -0.0052611323994691496 -0.6716803372219533 -0.0035161698386300495 0.9999892951242477 0.0030076879123343237 -1.5882118861372327 0.005271699115796979 -0.0029891284909240243 0.9999816369810486 108.90286900907343
0.9999854313262969 0.001935381068141225 -0.005038991494456829 -0.668667318174476 -0.0019174239612823225 0.999991803436228 0.0035660266004322373 -1.6099895913218538 0.005045851812412875 -0.003556312765122139 0.9999809458279715 110.24132765875949
0.9999880197710215 0.0005677872631378923 -0.004861885648087367 -0.670132014144051 -0.0005555459030430845 0.9999966734972812 0.002518801922227694 -1.6353723503807904 0.004863299618661516 -0.0025160707457510933 0.9999850087400421 111.57344825764022
0.9999887911690387 0.0018880426614355027 -0.004341984706717599 -0.6922452457139586 -0.0018882276226806858 0.9999982165555327 -3.8499361804088424e-05 -1.6381631762218685 0.004341904274591683 4.669758573170105e-05 0.9999905727988672 112.9020177301862
0.9999856187327322 0.003477375786652378 -0.004082913831216612 -0.6875706513065749 -0.003484087274289599 0.9999925892836289 -0.0016378381148977874 -1.6717837919085203 0.0040771881952972235 0.001652039788831443 0.9999903236036621 114.22535916496714
0.9999757390578198 0.0058847417418726325 -0.0037270779973940732 -0.6919091650297144 -0.00588911595245052 0.9999819818434573 -0.0011637447022086707 -1.6963542363869761 0.0037201625052934763 0.0011856656631561897 0.999992377264882 115.55681309636617
0.9999710998989786 0.0069601869017434665 -0.0030586214410472093 -0.6971247445592896 -0.006958315277399497 0.9999755971012999 0.0006221337485572923 -1.7113610197193925 0.003062876968986048 -0.0006008329165281203 0.999995128880376 116.88976270429085
0.9999715958682759 0.007085869116244809 -0.0025686407924677746 -0.699891336869164 -0.007078925480784681 0.9999712927274024 0.0027023203228633908 -1.7273908419157658 0.0025877153419144984 -0.0026840603490442243 0.9999930497505233 118.22417913081857
0.9999763240380642 0.006404730775999141 -0.0025161055238462045 -0.6974889643668005 -0.006396650238436513 0.9999744001162436 0.003206552336678328 -1.7454852023390814 0.002536578216273014 -0.003190381771468244 0.9999916935830545 119.55803114545067
0.9999783561879401 0.006104131638885444 -0.0024549404473846476 -0.6992090004033236 -0.006097149657252983 0.9999773749184533 0.0028415519101730726 -1.7577835959896628 0.0024722301110754186 -0.002826522268850249 0.9999929494002157 120.90133264855055
0.999967699386801 0.007705395959112804 -0.0022862756136625443 -0.7155299387448055 -0.007699116989943274 0.9999666003634871 0.002742581825082053 -1.7814821092940754 0.0023073319318007634 -0.002724890934586542 0.9999936255740592 122.26543866975045
0.9999584120101324 0.008867776242355208 -0.002129975279186452 -0.7406955473285909 -0.008861886399587219 0.9999569267432316 0.0027589178447934657 -1.7972325692039197 0.002154349000333169 -0.0027399275079880298 0.99999392577037 123.62125438447644
0.9999600674392312 0.00868082749204176 -0.002122913324156744 -0.742737951662586 -0.008676327420503834 0.9999601129645643 0.002119863766873762 -1.8126102926523717 0.0021412308191047905 -0.002101360024199354 0.9999954996981879 124.98081751133756
0.9999596913481537 0.008734522956395173 -0.0020793719315537963 -0.7566356948189378 -0.00873085253312328 0.9999603228655033 0.0017677411477293218 -1.8296706662280198 0.0020947298036699687 -0.001749515202770951 0.9999962756448673 126.33448906108667
0.999971066711973 0.0073709344327949605 -0.001880176722214955 -0.757351667996957 -0.0073673711844374126 0.9999710647920202 0.0018951043628437443 -1.852958666364421 0.0018940910089124453 -0.0018811975714384927 0.9999964367511255 127.69028768047158
0.999975920193209 0.006831723547656347 -0.0012192567873677077 -0.7667968140757838 -0.006828505265572842 0.9999732414753618 0.0026244712034850645 -1.864669940254205 0.001237153823576058 -0.002616082305332927 0.9999958127731281 129.04768939968974
0.9999865668555101 0.005161529277969806 -0.00047405067567217593 -0.7798827163760579 -0.0051599814218633135 0.999981534022165 0.0032103280838191597 -1.8706099367919413 0.0004906121242595489 -0.0032078388663386312 0.9999947345209133 130.40546279155762
0.9999905839926121 0.0043233541303479206 -0.0003748802186935292 -0.7818183722590282 -0.004322048734134581 0.9999848262138167 0.003415733722765227 -1.8836898173002194 0.0003896419568398704 -0.0034140813096165813 0.9999940960965508 131.75436078772168
0.9999975739534543 0.0021679873086232243 -0.00038976689880963294 -0.7795196844403465 -0.00216662491811743 0.9999916584288986 0.003462485969275819 -1.9004385436600957 0.00039727027317914925 -0.003461633090448455 0.9999939296179141 133.10855641761708
0.9999993875436188 0.0010659768580893185 -0.00029766713827132765 -0.779161072642554 -0.0010648172107867537 0.9999919479236898 0.003869141002097675 -1.9229255252244009 0.00030178915620184097 -0.0038688216713256333 0.9999924705427442 134.46052851824194
0.9999998191454952 0.00020457592695940553 -0.0005655596050907133 -0.7699934599474861 -0.00020264632295602055 0.9999941660699596 0.00340980358903829 -1.9426962597595685 0.0005662538693856421 -0.003409688363785548 0.9999940266730685 135.81401785879189
0.9999994850292171 -0.00045468110244556144 -0.000907307222339623 -0.7758426705822599 0.0004573581675887399 0.9999955366615995 0.0029525379571267514 -1.9518291660213891 0.0009059607095072379 -0.0029529514010246134 0.99999522964523 137.16026474920787
0.9999991581187837 -0.0006654420081415973 -0.0011139787509048882 -0.7595905726644375 0.0006689110709986053 0.9999949195163721 0.0031166487491383213 -1.967676887003977 0.0011118991423519045 -0.00311739127800964 0.9999945227609585 138.51217544983086
0.9999969843727611 -0.0018723159352576004 -0.0015892383151004052 -0.758531473568828 0.0018771284953422326 0.9999936412147908 0.0030321475224369013 -1.984230111423453 0.0015835510713511282 -0.003035121583137454 0.9999941401843213 139.86254141789993
0.9999974117269049 -0.0012953290875300685 -0.001870471075859838 -0.7559187907569783 0.0013004406155068338 0.999995416700889 0.002734123519991464 -2.0048245439387897 0.0018669209132071956 -0.002736548879890344 0.999994512938212 141.2130918620119
0.9999972204944901 -0.0007806591834121881 -0.0022247639274320524 -0.7410897258867964 0.0007850406428693256 0.9999977529553101 0.0019692119035337402 -2.027481553689617 0.0022232216449315904 -0.0019709529602022586 0.9999955863052327 142.56239400131182
0.9999965000044736 -0.0005781467419869473 -0.002581806566536543 -0.7522490338975951 0.0005818767686938395 0.999998787826477 0.0014442177827553018 -2.0465928256380423 0.002580968467133239 -0.001445715021261877 0.9999956242453507 143.91016155856718
0.9999899000329349 -0.002828384596671235 -0.003492860245402303 -0.7427884324189116 0.0028256898385837685 0.999995706487002 -0.0007761987497997959 -2.0749165789602384 0.0034950406373493777 0.000766321170514945 0.999993598700915 145.25801924482036
0.9999585954683603 -0.00811774373777924 -0.004112126645822513 -0.7502814452709113 0.008112740509709265 0.9999663323357902 -0.0012319238333529737 -2.0982008488446917 0.004121988642107085 0.0011985122097030027 0.9999907863466129 146.6014698282871
0.9998758891182649 -0.015153615583285526 -0.00430979056484154 -0.753863956066341 0.015156085395399272 0.9998849935911365 0.0005409868220179652 -2.113458502889673 0.00430109700496929 -0.0006062392335035173 0.9999905664747769 147.95457143314184
0.9997680367720622 -0.020937310314192402 -0.0050499193798529095 -0.7396258026355951 0.020946259186298503 0.9997791136184507 0.0017257457537855716 -2.138110954694077 0.005012671447063619 -0.0018311223644302491 0.9999857599565356 149.3037297180666
0.9996724957784472 -0.024864771086787925 -0.006053457102474345 -0.7423609322563947 0.02486006697393335 0.999690578464974 -0.0008511159840769308 -2.1747260220607134 0.006072746836597933 0.0007003478910077455 0.9999813154547889 150.64865792319895
0.9996723776587942 -0.02483537914422381 -0.006192034300216496 -0.7450335495282412 0.02481740826365747 0.999687611401207 -0.002962407471209247 -2.2163375309323325 0.006263672492025006 0.0028077666771268556 0.9999764411490899 151.99191370794267
0.9997473902264293 -0.021606650797853198 -0.006189376119013878 -0.7147641450805864 0.021579800863160376 0.9997575673336602 -0.004372499718636959 -2.2689750044530284 0.006282350686592708 0.004237829678357552 0.9999712860224875 153.33672454234443
0.9997551449740877 -0.021238999400204628 -0.006209267454259979 -0.6917315964169292 0.021210959896718784 0.9997646810996892 -0.004547263561503502 -2.296610483747247 0.006304385624326325 0.0044144456182059815 0.9999703832573159 154.68359520521452
0.9996966115430048 -0.023836520517086433 -0.0062052525389896035 -0.6785666656330059 0.023826282740930512 0.999714636622279 -0.0017185965015455288 -2.311177372755285 0.006244447147935172 0.0015702269977318577 0.9999792704186381 156.03237714835242
0.9995789018947541 -0.028353610627921303 -0.006171843422934683 -0.6687906561583031 0.02835718240463527 0.9995977331784143 0.0004919661036429821 -2.3305332599640143 0.006155411679752825 -0.0006667750273659262 0.9999808329753702 157.38245499194
0.999464199934736 -0.03211451022488148 -0.006322284542284852 -0.6694306111299757 0.032125966580712345 0.999482349855211 0.0017188947500462745 -2.3518719300965683 0.006263810347750323 -0.0019210832680462407 0.9999785368291683 158.73152579407045
0.9994105916481675 -0.03374249512649124 -0.006317699272503961 -0.6806807950329179 0.03375310757764003 0.9994289514339219 0.0015807480966410832 -2.3710248313889206 0.006260753174446401 -0.0017930583736988097 0.9999787937308254 160.07825429100126
0.999461341913027 -0.032211797458921665 -0.006279022684763872 -0.6825634060198665 0.032226709553363576 0.9994779650630131 0.002288349812157753 -2.387537781044689 0.006202032954887971 -0.0024894694143665053 0.9999776684152806 161.42880422075768
0.9995681991107208 -0.028733665601703085 -0.006147502553015756 -0.6800576302545459 0.028744890044092253 0.9995852565387697 0.0017453385564129963 -2.413475548623221 0.006094802942087345 -0.0019212942026044834 0.9999795807943698 162.77856343340034
0.9996354062762199 -0.02639510977006235 -0.005687943319218959 -0.7043282098205518 0.02639589534477429 0.999651565662086 6.3073682788602e-05 -2.427681488830341 0.005684296607673753 -0.00021318904310084897 0.9999838215303821 164.12925109453394
0.9996681258548943 -0.025164454271604703 -0.0055125666413363954 -0.7350433069290331 0.02516536178065242 0.9996832975907305 9.531302757685763e-05 -2.4476664295109116 0.005508422297876006 -0.00023400712951652158 0.9999848011467228 165.4801806524577
0.9997143943906435 -0.023185514070644373 -0.005793236179245207 -0.7410447224447146 0.023192081705243867 0.9997304558926515 0.001069068215732558 -2.465739250189651 0.005766887750412387 -0.0012031200906602124 0.9999826476033076 166.83860407011252
0.9997573551412805 -0.021254126654224263 -0.005787308621213103 -0.7540254371604531 0.021259106947791432 0.9997736792596401 0.0008003945441037346 -2.4902386458005776 0.005768987146227658 -0.0009232333454009282 0.9999829330681078 168.1996183311936
0.9997948195216345 -0.019607707912551585 -0.005084943275763981 -0.7923021112564167 0.01959986352197941 0.999806643195017 -0.0015879461682380752 -2.5008687925144386 0.005115096052026435 0.0014879561584616452 0.9999858107887573 169.55947837030644
0.9998600165019806 -0.016050421351815128 -0.004725608435695878 -0.812132638658924 0.016033236165386155 0.999864788849992 -0.0036523083149389087 -2.541880688112586 0.0047835905681064 0.0035760302559704497 0.9999821644753892 170.91860132952493
0.9999301190682116 -0.010967878557473793 -0.004411645971740711 -0.8319419106205301 0.010946598917412767 0.9999284716515356 -0.004819082149848514 -2.564375570535092 0.004464185521768472 0.00477045286887922 0.9999786566857576 172.28298100160328
0.9999674609140193 -0.006328662344400781 -0.005002513977906115 -0.8477335423962505 0.006309330649479924 0.9999726043401721 -0.0038707771688517916 -2.5890298989022202 0.005026873772447074 0.003839088702535398 0.9999799957689199 173.65184901857762
0.9999799907517171 -0.003337031077161603 -0.005374227366368555 -0.8594873038287805 0.0033232918503060082 0.9999911922992207 -0.0025634069638162072 -2.5993433459082453 0.005382734200483785 0.0025454955459614514 0.9999822731553553 175.02833728271588
0.9999824042422836 -0.001817547025534527 -0.0056469220493530455 -0.8670753430188617 0.0018142456346130155 0.9999981803799375 -0.0005897029698593817 -2.6286497341203345 0.005647983586979386 0.0005794476899117474 0.9999838821309947 176.40781354671847
0.9999731741495673 -0.004454834667630449 -0.005814243658676116 -0.8702995210902319 0.004454509975559269 0.9999900762549585 -6.87930313101147e-05 -2.6438981175963554 0.005814492421185375 4.289157950062433e-05 0.9999830947762045 177.7844580215871
0.999964399017844 -0.00603569910879384 -0.005896696799873051 -0.9000932876149057 0.006034079078004269 0.999981752003857 -0.0002924875698371122 -2.653533036262366 0.005898354563937347 0.000256896022202894 0.9999825715570603 179.15976424776667
0.9999660881010173 -0.005950790515135898 -0.005693043139918533 -0.949320175931111 0.005927472149622682 0.9999740104524488 -0.004104082548233624 -2.6970758024166517 0.005717317715804659 0.0040701980163423464 0.999975372579867 180.53964119870952
0.9999772012972861 -0.004229121286235023 -0.005264163636580244 -0.9838766746143365 0.0041880247053502385 0.9999608597315229 -0.007793552082482108 -2.733943392133207 0.005296917472809772 0.007771327952242071 0.9999557735855844 181.91828275979145
0.9999857659450727 0.0008022058000257508 -0.0052748813351515865 -1.00829490786438 -0.000845852141395864 0.9999653843573074 -0.008277355936447522 -2.766912166139251 0.005268058598803106 0.0082816998857814 0.9999518293425944 183.30633032949592
0.9999748002861579 0.004537772284703342 -0.005459616776844675 -1.031118301829709 -0.004580217914783536 0.9999591893398356 -0.00778724975025708 -2.7860832909196107 0.005424057200189156 0.0078120597483609016 0.9999547746403218 184.70036754061326
0.9999583280505576 0.007074884649180015 -0.005769590066332331 -1.0256841936580499 -0.007108774668756625 0.9999574756796832 -0.00587470467560524 -2.7710432460169456 0.005727781860508563 0.005915474580921658 0.9999660992630902 186.09597427744188
0.999951612789659 0.00795959689011919 -0.005780734962415673 -1.0365927112181936 -0.007986875775128542 0.9999570059226535 -0.004711276000825923 -2.779792030256479 0.005742986567245138 0.004757218047356851 0.9999721931042572 187.4955737625659
0.9999529218124588 0.007782739080523332 -0.005795095437559006 -1.0466874136076032 -0.007807089367282066 0.9999607409135217 -0.004191179701804004 -2.7965281613107478 0.005762249069347587 0.0042362252166329335 0.9999744251137508 188.89724728806348
0.9999632417099176 0.006313236759659104 -0.00580157483866912 -1.0555761426246622 -0.006335172936455377 0.9999728240635845 -0.0037705063540114593 -2.823104224814305 0.005777613076123781 0.0038071217365518964 0.999976062219104 190.30174630332002
0.9999776910477124 0.003355842765087612 -0.005775441647267853 -1.0749345055822181 -0.0033750930064418774 0.9999887711510675 -0.0033266077280727675 -2.847456390983466 0.005764213223229803 0.0033460261676524867 0.9999777887307308 191.70970028987816
0.9999831896420568 0.0006601414095208816 -0.005760611652984074 -1.0848948167732633 -0.0006795204220815215 0.999994115077963 -0.003362746115644709 -2.873151261372184 0.0057583578642732315 0.0033666040399407135 0.9999777533985169 193.11826551416348
0.999982738330388 -0.0020803338364066577 -0.005495020690294531 -1.0906120414737073 0.002065299333046052 0.999994112679285 -0.0027402819991950156 -2.888266427519859 0.005500689040709864 0.0027288858347857643 0.999981147623383 194.53695951697875
0.9999680583693813 -0.00612571671891632 -0.005133988278913871 -1.1028401474469112 0.006116719099306901 0.9999797325260997 -0.001766432702033632 -2.9015441960787247 0.00514470489227635 0.0017349731151315069 0.999985260831309 195.95667089248025
0.999947896069097 -0.008831874629954209 -0.005118900028914145 -1.117120482052086 0.008822333617160687 0.9999593086515468 -0.0018834730336900435 -2.926899395935073 0.005135326331672061 0.00183821425353327 0.9999851245852737 197.37864123884063
0.9999504836272726 -0.008338864449815055 -0.005430804108961861 -1.1439873793987831 0.008310555620824205 0.9999518706068348 -0.005214511977723888 -2.9659957119886773 0.00547402583621012 0.005169120774391885 0.9999716572141254 198.79848210831406
0.9999894634938714 -0.0012764239077193646 -0.004409494670096454 -1.1985950713061801 0.001230645451539245 0.9999454836908821 -0.010368951633659161 -2.99829065892833 0.004422489458485421 0.010363415856577398 0.9999365185844417 200.2211984203846
0.9999629326531674 0.0073812920544935184 -0.0044328148260620185 -1.2041872215340663 -0.0074268949439145835 0.9999187445618373 -0.010360767605343121 -3.0313882603656928 0.004355978784147526 0.010393305609195845 0.9999365003075676 201.6546751633786
0.9998444230871987 0.017058034172645734 -0.004489219485690333 -1.1750349349130422 -0.017096963454191462 0.9998152757334273 -0.008781130379252093 -3.0105934658615685 0.0043386013958298915 0.008856516259581492 0.9999513681463075 203.09239295966336
0.9998184110708109 0.01856737372172027 -0.00428923267211865 -1.170775802390238 -0.018599885026643156 0.9997975989841238 -0.007668464160283149 -3.016690932624939 0.00414598128713317 0.007746850886641704 0.9999613978251897 204.53029036756715
0.9998407835800747 0.017307078635329164 -0.0043442512693808435 -1.1780977657897578 -0.017338907045915505 0.9998222923221607 -0.007399059272206427 -3.053144866780488 0.0042154231619245365 0.007473205789422198 0.9999631900239104 205.96791053873508
0.9998783634010915 0.014891312256471018 -0.004637587911199595 -1.1759521854587929 -0.01492656333412076 0.9998592384906894 -0.007661652031519113 -3.0803458678904936 0.00452284306452413 0.007729943343898074 0.9999598951290567 207.4157685757367
0.9998954639555818 0.013589792603998962 -0.004937478914474318 -1.1722973879213716 -0.013630190313400665 0.9998731318299997 -0.008242460584628939 -3.117573739096041 0.004824839175668545 0.008308897727675853 0.9999538405073907 208.8650569195569
0.9998872086734704 0.014156857268154889 -0.005015308910128626 -1.1890489121144239 -0.014199062358245076 0.9998632114501368 -0.008482040837346149 -3.1623557826850783 0.004894543831818999 0.008552296820669216 0.9999514496513167 210.31976081288664
0.9998639806739246 0.015709329914837873 -0.005023654498436696 -1.2071002607517856 -0.015751122697889013 0.9998407359952045 -0.008390755527636077 -3.1955154469374736 0.00489104126428446 0.008468742421120634 0.999952177915102 211.78139083057155
0.9998284574431011 0.017819358345973275 -0.005052341544850261 -1.2077522961886658 -0.017859188311244053 0.9998088964010373 -0.00795110496750954 -3.229440617495273 0.004909692435535614 0.008039971733695455 0.9999556259028247 213.24177535164742
0.9998424500374271 0.016988511102164008 -0.005144472148391383 -1.2245435146455537 -0.01703087976896383 0.9998204544628048 -0.00830710371227241 -3.2674514404053463 0.00500242315773343 0.008393409815027494 0.9999522620776595 214.71054219414174
0.999845174462299 0.016787754388859752 -0.0052724194667023265 -1.226322909626798 -0.01683454570494069 0.9998181469260226 -0.008959416740135248 -3.3078008625645867 0.005121052173314436 0.009046788380108799 0.9999459637623647 216.18253420983436
0.9998537080413411 0.01625045442529371 -0.005337157197503684 -1.2355087759185857 -0.016298493016250356 0.9998259037573426 -0.009084123579812703 -3.352213447647421 0.00518860688226189 0.00916978226489167 0.999944495185526 217.65718655367496
0.9998388715901949 0.01711724347841468 -0.005406554627987622 -1.243420243201192 -0.01716681986417587 0.9998097546483717 -0.009260389069282947 -3.3846744687458856 0.0052470137216978074 0.009351710306902539 0.9999425055278631 219.1375311396756
0.9998265769358916 0.017811987522606734 -0.0054359132766390785 -1.2560321000265409 -0.017862973083678645 0.9997955049728271 -0.009479579565685126 -3.4211549565330204 0.005265951506462551 0.009575037160496219 0.9999402924265564 220.61468897545595
0.9998182236923148 0.01824998109428291 -0.005518855207532474 -1.2563481111546178 -0.01830247935005748 0.9997862478962533 -0.009616536131733891 -3.4618868376770733 0.0053421739380251874 0.00971579680677498 0.9999385303457536 222.10061398942568
0.999798875970228 0.019260689963151917 -0.005588687753902648 -1.276249164209406 -0.019315069485046313 0.9997649727340276 -0.009845170639309371 -3.5010875938054835 0.005397749480581617 0.009951136431213484 0.9999359175388552 223.584343187923
