1.0 0.0 0.0 0.0 0.0 1.0 0.0 0.0 0.0 0.0 1.0 0.0
0.9999983959622805 0.0008810532789125245 0.0015594287369968599 -0.004685532544160597 -0.0008738591305159599 0.9999890012571616 -0.00460800769578262 -0.019222358606517796 -0.0015634714855308435 0.004606637583324245 0.9999881671535368 0.9617250130495268
0.9999951331054641 -0.0014699653950812522 0.002751902455118413 -0.01880414900013023 0.001485390047064209 0.9999831524296323 -0.005611459106388864 -0.0286885936527646 -0.002743607441545877 0.0056155194445265035 0.9999804690890592 1.9248972250784147
0.9999918520132804 -0.003054179060845854 0.0026396775018613177 -0.012521715858458014 0.0030579559198066113 0.9999943049110502 -0.001427953450859585 -0.0505486611609155 -0.0026353012431336634 0.0014360138333570074 0.9999954965156737 2.8883795110595694
0.9999858580427645 -0.0051900944863882605 0.0011604454741699544 0.017248318136982955 0.005184456244622926 0.999974992241388 0.004810021339206332 -0.07415526112850451 -0.0011853809192616477 -0.004803937037305162 0.9999877584555814 3.8485021982994914
0.9999617961252737 -0.008713223877546026 -0.0006971510428157475 0.03508772720269879 0.008716538278665718 0.9999499974255613 0.004901490493346893 -0.09097463656511089 0.0006544083994666698 -0.00490737998116885 0.9999877446105865 4.80685302091495
0.9999368316067804 -0.011061014783634202 -0.0019966842889049007 0.04451744423992362 0.011064742096879084 0.9999370437925295 0.0018654580634067468 -0.09795214661494568 0.001975924726017039 -0.0018874330221239264 0.9999962666520632 5.739528830704825
0.9999250993145449 -0.011540779199696259 -0.004075067638869524 0.07962868599691425 0.011534811649778334 0.9999323693322176 -0.0014848844606516279 -0.11421821460011694 0.004091928763021362 0.001437768104113198 0.9999905944267062 6.676270054287547
0.9999261060116755 -0.011102028668389106 -0.004952522162859058 0.07653548795151367 0.011090933566099383 0.9999359348579168 -0.0022621610146641375 -0.12533199197797706 0.004977319455260406 0.002207065760271593 0.9999851774660313 7.606175120727652
0.9999295372005094 -0.010304126733518248 -0.0058945403751758515 0.07114317026569827 0.01030166448343245 0.9999468361217038 -0.00044792752225086005 -0.1409773101371877 0.0058988425005054934 0.0003871723827945251 0.9999825267246925 8.535502062990385
0.9999267023103141 -0.009934311396524833 -0.006920943858851014 0.07267068679189108 0.009950152224117525 0.9999479462293704 0.0022581634973831595 -0.1508584586285147 0.006898150298259627 -0.0023268624241460497 0.9999735002657429 9.46594842801113
0.9999171216202798 -0.01003638409756307 -0.008063552868361207 0.0714843200610069 0.010064766518095073 0.9999432690290838 0.0034870042106940466 -0.15942160219752255 0.008028098501569658 -0.0035678729903613994 0.9999614092137625 10.389071444891886
0.9998967480717335 -0.011474635003394747 -0.00865019925270543 0.06163552904958957 0.011512106950783132 0.9999245108718628 0.004294642152649367 -0.1722305796999872 0.008600266805533878 -0.004393780741508633 0.9999533639633746 11.3396813028547
0.9998879225316097 -0.011743617517097701 -0.0092860014556243 0.045882567904021 0.011782520175556607 0.9999219890906569 0.004145835416021478 -0.18127177013276094 0.00923658994079209 -0.004254783260784869 0.999948289775861 12.223657734395015
0.9998757705320509 -0.012163238442357708 -0.010024925612297036 0.03394061968604124 0.012190808675001972 0.9999220611464943 0.0026936622646599566 -0.19327994130497472 0.009991380624680168 -0.0028155395825506515 0.9999461210735665 13.133632767389143
0.9998559848136818 -0.012340697945630573 -0.011649755640250762 0.028685145009037037 0.012345220214926868 0.9999237448225088 0.0003163510319814859 -0.19858615000268504 0.011644963293536282 -0.00046012427145768024 0.9999320892518386 14.042183647662453
0.9998842566631005 -0.01394747258613015 -0.00607793433151038 -0.11973153994174453 0.013950620039287258 0.9999025721807221 0.0004757592831289378 -0.24386674289135116 0.006070706532063779 -0.000560495169644599 0.9999814160110008 14.933185409415348
0.9998797292511924 -0.013322616328869533 -0.007939453804642869 -0.12077784647871018 0.013322159586022647 0.9999112499980768 -0.00011041398473489325 -0.2611953403073955 0.007940220181258466 4.6300345509755125e-06 0.9999684759441348 15.833986848343741
0.9998841232020006 -0.011951495853312783 -0.009428781227432651 -0.13316439262342253 0.0119423796809064 0.9999281643913354 -0.001022557837819766 -0.2765128405770344 0.009440325000952762 0.0009098372617455418 0.9999550252186513 16.730846256686707
0.9998857232481568 -0.01033924448086753 -0.011029073763235373 -0.14588852667590096 0.01032761934464372 0.999946052101568 -0.0011104796983470477 -0.28914859140691185 0.011039960288976516 0.0009964487207834583 0.9999385612960252 17.62261387345948
0.9998644417203741 -0.010724318339899898 -0.012493485476388394 -0.16108887244173617 0.010719519384412738 0.9999424425861627 -0.0004510199395642224 -0.3008808713369039 0.012497603265084154 0.00031703464033412026 0.9999218516472502 18.514614742740456
0.99985054583252 -0.01037165961893932 -0.013831654823643045 -0.17965825669450644 0.01038496400604947 0.9999456783790976 0.0008904007856813039 -0.3157373326183501 0.013821668531859812 -0.0010339089490607773 0.9999039416420362 19.40193689927288
0.9998326583472358 -0.01014649762487508 -0.015221822763643325 -0.19604664171365802 0.01017005877607503 0.9999472012805412 0.0014712429112423977 -0.3290240851068458 0.015206091108189117 -0.0016258035432072425 0.9998830589404185 20.28257637815492
0.9998006328160124 -0.01099954741783839 -0.016664470507749354 -0.21331059684464274 0.011023032128276012 0.9999383758299866 0.0013180687339027573 -0.34278840394480475 0.016648945414047146 -0.0015014989480586001 0.9998602692964198 21.156624801621415
0.999770352184297 -0.011013359560073566 -0.018383383923720114 -0.22762690927583693 0.011031017557781072 0.9999387871574974 0.0008594123764207944 -0.35591362927206366 0.018372793607023513 -0.001062002445079743 0.9998306419618676 22.02562986994194
0.999750550536772 -0.010893843615198762 -0.019497714550908783 -0.2459782931359257 0.01091924589662782 0.9999396669956624 0.00119684487401932 -0.36848697994805096 0.019483499954323084 -0.00140944666131155 0.9998091851396639 22.888559526760442
0.9997291891733858 -0.010811299975316487 -0.020607379929723724 -0.26403482171968834 0.010877380183055181 0.9999360428139709 0.0030972377838074864 -0.3804092815784467 0.02057257677291645 -0.0033205533243552887 0.99978284792776 23.745380268820405
0.9997032828149016 -0.011841811983208621 -0.021286564261596697 -0.2844374720210568 0.0119680810832365 0.9999114756162764 0.00581428981609096 -0.39162611915641965 0.021215828154795894 -0.006067323943449688 0.9997565084638717 24.602971010857747
0.999688825804071 -0.011706716755985093 -0.022027354477394283 -0.3035100981859162 0.01187304376721729 0.9999018683402832 0.007435356165800035 -0.40465491694372746 0.021938149287927436 -0.0076945742186097996 0.9997297190408091 25.429593356296614
0.9996817535427337 -0.011196155204378017 -0.022606143907447307 -0.32806125709039846 0.011341116159648222 0.9999158758670962 0.006294463693669577 -0.4141975763065144 0.022533768392750255 -0.0065488394068747655 0.9997246330787518 26.253458839696425
0.9996742263945257 -0.009448755769179147 -0.023709957758722946 -0.34171813555763886 0.009537813029253847 0.9999478676330015 0.003645838563646917 -0.4253515842749964 0.02367427306434188 -0.003870791989707264 0.9997122314767622 27.067737097270324
0.9996611461435073 -0.008994173067406271 -0.024427397362028893 -0.36412196581827394 0.009043677987612967 0.999957267786409 0.0019168958229272227 -0.4358153025666817 0.02440911263248383 -0.002137159791202776 0.9996997688148785 27.8642724996531
0.9996414445209548 -0.008172593423250786 -0.025498845322808616 -0.38390225744370754 0.008215264673475152 0.9999650229879645 0.001569148502836701 -0.4494864009998672 0.025485129436654572 -0.0017780656392384696 0.99967362006816 28.656859455501692
0.9996074834830515 -0.008468701121759405 -0.026705056936665722 -0.40680529644567776 0.008501541173063173 0.9999632380128249 0.0011164320797562052 -0.46473422334668274 0.026694620476099003 -0.0013430280028009435 0.9996427329368333 29.441868854964024
0.9995569713217858 -0.00805917084124883 -0.028651541797429354 -0.43123720700484386 0.008071501146515668 0.9999673753768575 0.00031472394253575413 -0.4787395387065397 0.028648070637655128 -0.0005458454632709001 0.9995894107589727 30.213647723675532
0.9994950399534612 -0.008083561983875802 -0.03072980855914116 -0.4548758069931451 0.008093770602405613 0.9999672233051501 0.0002078288311455876 -0.49106690298854705 0.030727121340344714 -0.00045644390702288546 0.9995277063058811 30.98023166099698
0.9994410461541275 -0.007822081838078875 -0.03250246603045532 -0.4857262708210479 0.007864182859951666 0.9999683950746864 0.0011676813351722748 -0.4971857754506079 0.03249230509347951 -0.0014226339914621075 0.9994709731764293 31.74010416994135
0.9993760171038318 -0.008083845137961352 -0.034383540909370854 -0.5175363188548849 0.00820794091056798 0.9999602952053381 0.0034695415923385355 -0.5067997781855024 0.03435412848100722 -0.003749594729807598 0.999402688807506 32.48400971607328
0.9993204348989796 -0.007021875412765303 -0.03618510272199479 -0.5509013621586961 0.007209856574146066 0.999961170378579 0.005067119821166187 -0.5192997553438365 0.03614811698406932 -0.005324565784119387 0.9993322583794225 33.22131925010825
0.9992607916533762 -0.005749374239779309 -0.03801072164690047 -0.5855218804287878 0.0059577797558384256 0.9999678237278666 0.005371812481308981 -0.5319827704962625 0.03797861404327591 -0.0055943011006189996 0.9992628926716671 33.948764734695736
0.9992075791845895 -0.003052847050739407 -0.03968493196361058 -0.6219314157178406 0.003238010085458144 0.9999841665264682 0.004602389276286758 -0.5422780220681357 0.03967025322276234 -0.004727242457162441 0.9992016434073722 34.69016565249437
0.999141390050921 -0.0012156655963439747 -0.04141261696959649 -0.6555363811546885 0.0013798824524426817 0.9999912978275484 0.003937028523163741 -0.5514787965171135 0.041407470479734594 -0.003990792694769945 0.9991343728258665 35.38000163735273
0.9990890084673166 -0.0008164363539515075 -0.04266716057430228 -0.6928471699845374 0.0010317457221838832 0.9999868449757725 0.005024477700648891 -0.5583419582134711 0.042662497120516875 -0.005063922104407627 0.9990767077819213 36.072521962698694
0.9990399527714499 0.0006343871002825066 -0.04380377060739519 -0.7256360230494038 -0.0003318720457537044 0.9999760493845657 0.006913068651535835 -0.5666630141442808 0.04380710704170682 -0.0068918945321728466 0.9990162356850834 36.760312992534715
0.999033230776567 0.0036343779877265493 -0.04381090162021245 -0.7578268928199279 -0.003304922281032117 0.9999657338431821 0.007590034794491904 -0.5765178207641922 0.04383698544437052 -0.007437905357530955 0.9990110090840054 37.436490744697025
0.9990542511151694 0.006903496148535503 -0.04292953609852023 -0.7861619022160102 -0.006665779691536417 0.999961662843292 0.005678047620541741 -0.5895082789611863 0.04296708868204716 -0.005386518783443907 0.9990619674002134 38.09890416020021
0.9991138115727739 0.00859989037552859 -0.04120234714250784 -0.8167287284874388 -0.00850241163301207 0.999960626633732 0.0025405075665592687 -0.5968026866637542 0.041222572953973434 -0.0021879368825025464 0.9991475929067 38.75126458913247
0.9992077535307412 0.009246135323209934 -0.03870883963171155 -0.8502123857913881 -0.009227117535891824 0.9999572048315543 0.000669930923671101 -0.6034785865922166 0.03871337735237678 -0.0003122291603022782 0.9992503074439978 39.38805983718969
0.9993187513881336 0.01045291495021178 -0.035394486761418875 -0.8776644466971906 -0.010406770758675465 0.9999447414172585 0.0014876943055831422 -0.6126828359476786 0.03540808165429189 -0.0011183385060554339 0.999372311539873 40.02492217281251
0.9993665921166681 0.015207771754218433 -0.03217356429411811 -0.902680310880509 -0.015080481643567976 0.9998774816011281 0.004195337934220822 -0.621963836487761 0.0322334241822704 -0.003707487728354389 0.9994734918446964 40.674494660875006
0.9994102403189575 0.019412875933924555 -0.028325108889050363 -0.9264976559357087 -0.019200323146528444 0.9997855664516151 0.007756848979492503 -0.6322614045597993 0.028469617782320104 -0.007208423058882021 0.99956866672597 41.279875814134066
0.9994131347646407 0.024421259758558515 -0.02402057725613983 -0.9446269928199151 -0.024217343649509972 0.9996684777558226 0.008743846288485799 -0.6400791124827453 0.024226149641961573 -0.008157000255004133 0.9996732251192715 41.87883692816395
0.9994076204100969 0.026934746328667495 -0.021422598031917407 -0.9243256582382042 -0.026715252151952196 0.9995882838790312 0.010466997383669295 -0.6576036027924876 0.021695703922306676 -0.009888486839878925 0.9997157167211754 42.463379952711435
0.9994113415735467 0.030600553669855073 -0.01551052704652625 -0.9379300737033126 -0.030410856193502922 0.9994615284271928 0.01232205419386543 -0.6578950403026876 0.01587923674931476 -0.011843112305335536 0.9998037760136649 43.03200471342378
0.9993326541877302 0.035389580027665075 -0.009045656392502016 -0.9425808004023302 -0.03526598524218926 0.9992870984853325 0.013476093115654668 -0.6595457475735601 0.009516121006135443 -0.013148095916504192 0.9998682768318871 43.58028502863314
0.9992579551355153 0.038455612301970005 -0.0021690967863325673 -0.9416346920017926 -0.03842403795471296 0.9991757953930398 0.013089049161026056 -0.6656961144544383 0.00267065640670624 -0.012995991042069579 0.9999119820320146 44.10737715442402
0.9991111071983296 0.04179942460773238 0.005459265096133041 -0.949050103335472 -0.04186807260377329 0.9990368434936063 0.01313201579253545 -0.6707725144542079 -0.004905096265367878 -0.013348911745634087 0.9998988681790949 44.61488028719267
0.9988440664276927 0.04620384222045284 0.013256542771701926 -0.948572914695237 -0.046371309300478745 0.9988445974233532 0.012616333537818037 -0.6728382485371323 -0.012658303043844073 -0.013216473139443767 0.9998325320781499 45.09833137663848
0.9985179950820775 0.05038404717726749 0.020573314932375665 -0.9364473844685672 -0.05059361654985484 0.9986712796638549 0.009795975651427556 -0.6757950685764941 -0.02005241785107416 -0.010822336374184173 0.9997403550791227 45.562204630679055
0.9982319403634189 0.052165904969063696 0.02849055276827528 -0.9214226459422191 -0.05236945934448039 0.9986069786391746 0.006445303802365306 -0.6773214427878522 -0.028114639714036375 -0.007925942965766685 0.9995732821868808 46.001506417749745
0.9979693106798193 0.05262855704457518 0.035881609839188144 -0.8948955758592634 -0.052884842636579416 0.9985811801020018 0.006230583070336991 -0.682972146365963 -0.03550279370063788 -0.00811552398173004 0.9993366249217289 46.422544654096974
0.9963890596795689 0.04804995762139476 0.07000030945250282 -1.1764458960426416 -0.04810547227030294 0.9988418619867395 -0.0008934654514857242 -0.615339271234108 -0.06996217041026596 -0.002477158744217823 0.9975465695375034 46.69499702607044
0.9957197299747638 0.04971482886525475 0.07791440900040057 -1.1436626402933145 -0.0498629695149899 0.9987560674743401 -4.42078873496858e-05 -0.6258451862861836 -0.07781968652038151 -0.003841025135110698 0.9969600508123589 47.06588270298187
0.9948273414915205 0.052897510465947956 0.08672032061413315 -1.1124431213551174 -0.053113036161349145 0.9985884906340585 0.00017822153260330385 -0.6343366661567401 -0.08658848659398274 -0.004783279178178399 0.9962326807677349 47.427773652278496
0.9937693559936832 0.05749749345853313 0.09548039240538153 -1.0851177684540616 -0.057721836329126454 0.9983326194517306 -0.0004129763169584399 -0.6415486736553256 -0.09534493535942656 -0.005100900374519608 0.9954312252067826 47.738109127716314
0.9926319163243515 0.06111114018541342 0.10462938038373235 -1.0586805630259086 -0.061394568719033496 0.9981134424923924 -0.0005126868325139736 -0.6431962720703304 -0.10446332191754612 -0.005914766370966195 0.9945111512259319 48.0361137200587
0.9910529654436719 0.06003607583362407 0.11920440127697782 -1.053528612762567 -0.06056188702451906 0.9981641316056286 0.0007900734203297572 -0.6654654050908241 -0.11893812477642648 -0.008002248089097653 0.9928694206692983 48.311170188220224
0.9898720444596915 0.05878444109395 0.12921967761321027 -1.0098701167086075 -0.05913736890462043 0.9982492400732521 -0.0011073807892565172 -0.6689556065927711 -0.1290585417406725 -0.006545546458891662 0.9916153733304693 48.575412511868116
0.9883616903576102 0.057446119018947576 0.14085848374559426 -0.9603946920574041 -0.05726391154461193 0.998344741727833 -0.005349869063458525 -0.6790898981454223 -0.1409326557901248 -0.002778502122763976 0.9900152859718363 48.83211967944181
0.9811567241062796 0.06392857512040849 0.18233107256885095 -1.190614844488092 -0.06182230627628138 0.9979386423729982 -0.01721826081280698 -0.6466008680501542 -0.18305596190158618 0.005621684961866987 0.9830864211606604 48.94814140485481
0.9691503899385498 0.07152374077864689 0.23586410533819113 -1.4362445171345803 -0.06613125443298701 0.9973383836005775 -0.0307051426328876 -0.6012774193511465 -0.23743247222963412 0.014159911794053216 0.9713008380666154 49.01303373847863
0.9650346654701 0.07296134659607593 0.25176325455455034 -1.3609732295116264 -0.06702645210579299 0.9972353148360718 -0.03208085974393026 -0.6150345879671818 -0.2534078711467383 0.014084344027577977 0.9672569886509954 49.26892176364894
0.9487696887975116 0.0780667972059877 0.30617258661263613 -1.5924124625182483 -0.06948050017849874 0.9968261227438512 -0.03886053409830167 -0.6009916500913012 -0.3082345498382988 0.015596672384160253 0.9511825303781202 49.337840171472784
0.9359620385690405 0.08446670373867744 0.3418193065308163 -1.7427658409903861 -0.07132611190889711 0.9961557527053378 -0.05085569891389084 -0.5238206874968411 -0.34480088184000524 0.02321836151806019 0.9383886505978065 49.52459733360332
0.9695249719702169 0.08068899603569746 0.23132361454227104 -1.4904517841280192 -0.06829514903036119 0.9957919708190521 -0.061107474757412156 -0.5181550691483996 -0.23528089881048733 0.04344694202194474 0.9709558496058777 49.56676711587932
0.9584606719031197 0.09433176545879694 0.2691740300260163 -1.6559686575824744 -0.07545807470615962 0.9939630572592281 -0.07964621626622995 -0.3818664429929022 -0.2750622100119533 0.056026411890410965 0.9597925931127136 49.67360891004035
0.9520995802569834 0.09619186339990889 0.2902645598245315 -1.5779295956958683 -0.07531892605469595 0.9937597638557706 -0.08227144777679134 -0.4047231606461862 -0.2963670842931837 0.05646819597769483 0.9534033218898403 49.90919816717679
0.9193255537437387 0.10754760266089636 0.3785155735180018 -1.7646198911283084 -0.07929786124115851 0.9928254635204271 -0.08949552049139646 -0.39591762069246716 -0.3854249284054496 0.05226004350688933 0.9212581138944248 50.075101174262024
0.8940768507574147 0.11441424315362429 0.43305422974875396 -1.861363820158295 -0.07895231186631088 0.9919433041364402 -0.09907075163662266 -0.3682970943316089 -0.4409003485944054 0.05438623302329311 0.8959068144996268 50.30976553526401
0.8810806568127876 0.11671581991317877 0.45833862326051117 -1.742691283227737 -0.07901966509057497 0.9917785511057955 -0.10065385285949537 -0.3972488355348937 -0.4663183126570518 0.05246639828006125 0.8830597422214416 50.536772252685125
0.8573480146855761 0.13148718717323096 0.4976600258449261 -1.9102990687768395 -0.08422145766876656 0.9896277572609997 -0.11637718043805005 -0.24074073725635461 -0.5078002833623168 0.057862091803131746 0.8595294355339539 50.667758089614104
0.8478928069593572 0.10979808989041982 0.5186734689214372 -1.7894665234988123 -0.03611550794952525 0.9880090461509669 -0.15011260709681523 -0.016756534883180668 -0.5289361568205845 0.10854724400126604 0.8416911772304616 50.69995949303619
0.818263692393531 0.11465663931605509 0.5632924504830974 -1.9543283517665089 -0.02850744153016477 0.9867946125289112 -0.15944816857310878 0.04544432829270548 -0.5741357465686223 0.11441262056548829 0.8107267707232991 50.89298541173896
0.7978408114612676 0.11173232288762673 0.5924237736527469 -1.7774917373733075 -0.019013315081647494 0.9868501043995082 -0.16051593471143058 -0.002844965476533741 -0.6025682811237514 0.1168022237323136 0.7894736899446079 51.08773738980583
0.7452916509111474 0.1167453471215672 0.6564380237368959 -1.9671083354717156 -0.007094469686603336 0.9858836628740218 -0.16728141492098367 0.002806249501997026 -0.6667008501434528 0.1200163622326776 0.7355991090359154 51.2762086768255
0.7269001499593107 0.12189188020090333 0.6758391387972585 -1.7107678399765442 -0.0015305942124687302 0.9844072325849768 -0.17589786160082424 0.011048664970160917 -0.6867414573698667 0.1268257465007586 0.7157523319934329 51.36920979483577
0.6984205938546314 0.12367555223716739 0.7049205854978102 -1.4829612520449824 0.005387449914729582 0.9840193377298883 -0.1779801066328669 -0.03859135278308909 -0.7156672756687709 0.12810269611706912 0.6865930743783962 51.53826257731464
0.6512273103085557 0.13623145399823078 0.7465547409599727 -1.595689332189819 0.005961951797670789 0.9828062909947395 -0.18454335401721722 -0.01586613235923076 -0.7588593054308859 0.12463059545187818 0.6392180920767686 51.81628842290529
0.596459866555317 0.15153819297903068 0.7882079698007775 -1.7441854154420922 0.004205271324469677 0.9814122693263968 -0.19186524778786232 0.019816837747959865 -0.8026318852885805 0.11775454846527313 0.5847357719806775 52.079078393440824
0.571002552261251 0.14388531740994254 0.808240744298985 -1.5659094007013867 -0.01974953375081356 0.9866435444589038 -0.16169252330950573 -0.2522722872750001 -0.8207106927704566 0.07636446563297433 0.5662176499905559 52.048615378054116
0.49922095659105414 0.15705875509573117 0.8521214607954032 -1.7166445632873113 -0.01376276406237259 0.9847481224148105 -0.17344083061916882 -0.18677155284803335 -0.8663654095274559 0.07485775075623727 0.49376846226347926 52.34943203830082
0.4553416958390377 0.15406422155920899 0.8768854860617685 -1.3829318383628162 -0.0030443226579865727 0.9851777148574902 -0.17150977303852522 -0.24964068277803975 -0.8903115590230104 0.07542602855465336 0.44906151258651583 52.468337396667174
0.4089264700549454 0.15206243269158787 0.8998089567526641 -1.0190965022440754 0.007048453671165094 0.9854635375810649 -0.16974078884893015 -0.3164042934857648 -0.9125401149479662 0.07575376335290565 0.4019103207789331 52.589477517737826
0.3594757249461994 0.1509594821038498 0.9208628768374483 -0.6402380946661617 0.01612926810617837 0.9856753577594738 -0.16788071901231214 -0.38064646783542777 -0.9330150319714915 0.07520188740097827 0.3518914978321689 52.698486849006756
0.3255216810055219 0.14585125216650988 0.9342178800669574 -0.2745368038681081 0.023166326761013375 0.9865045869854275 -0.16208646199208437 -0.4950970941574714 -0.9452507373706412 0.07440505425151352 0.31774979370896267 52.552967085483715
0.2795857944856298 0.14020077737776396 0.9498292086183229 0.12804084157959955 0.030697663680985754 0.9874699265184038 -0.154792757150539 -0.6252183790673644 -0.9596298437243227 0.07243539358909697 0.27177872762455957 52.48850216403907
0.23633273726557627 0.13189777928225083 0.9626784578024847 0.5295982274238128 0.035151994401324424 0.9889349642887865 -0.14412485454197105 -0.767218213450592 -0.9710361345419485 0.06790148914085585 0.22908123708912748 52.38046642103494
