1.0 0.0 0.0 0.0 0.0 1.0 0.0 0.0 0.0 0.0 1.0 0.0
0.9999983279857785 0.0008980214022723318 0.0015929793496828946 -0.005470337142717773 -0.0008906804138825525 0.9999890091220622 -0.004603077609226019 -0.019343507945458204 -0.0015970955036507077 0.0046016510773083125 0.9999881369762919 0.9617184401468427
0.9999956245011354 -0.001529996570253184 0.0025318153722349445 -0.012383319618158107 0.0015441639686230215 0.9999831092312279 -0.005603285632916948 -0.028890276532719635 -0.0025231996001264076 0.005607170653820033 0.999981096371845 1.9249685244145935
0.999992266578787 -0.003073615165015326 0.002453502076120179 -0.0067857657308897715 0.0030770530019367647 0.9999942877409774 -0.0013986530086299142 -0.051117736410899964 -0.002449189139982866 0.0014061917481856482 0.9999960120407102 2.8884466270885785
0.9999856638310648 -0.00516903821195612 0.001397560842317212 0.0105413169757693 0.0051622695067559 0.9999751349328877 0.004804215804145192 -0.07366639664009134 -0.0014223592669431835 -0.0047969323443757 0.9999874830887633 3.848899869652878
0.9999622050337723 -0.008677512449976924 -0.0005378491203704448 0.03093096610255029 0.008680038360024704 0.9999503867688413 0.004886812346850611 -0.09030328743298237 0.0004954170609572123 -0.0048912962009397135 0.9999879148186795 4.807203011242108
0.999937878449621 -0.010991465160426449 -0.001851198341094666 0.04116482612119516 0.010994864462946341 0.9999378687045101 0.0018362151626506585 -0.09685020597822865 0.001830900628756205 -0.0018564547689722821 0.9999966006835117 5.739873466088652
0.9999260450540732 -0.011481688740114312 -0.004009394741674526 0.07845036072537559 0.011475679864658438 0.9999329992161001 -0.001518502663355974 -0.11299878313082942 0.004026561084015555 0.001472379832067127 0.9999908094095 6.676532697915286
0.999927226773262 -0.01102701777698621 -0.004893468757414715 0.07580644407868346 0.011015657024311253 0.9999365819216101 -0.002342527534515645 -0.12315444405231384 0.004918989515795662 0.002288452287737361 0.9999852831558426 7.606450107563883
0.9999324669032689 -0.0101126417218164 -0.005726788816577736 0.06866032335217177 0.010109718189170476 0.999948750106467 -0.0005392204095029393 -0.1390390321862423 0.00573194826207102 0.00048128777321436206 0.9999834564287554 8.535761159635216
0.9999296512327266 -0.009723845968600122 -0.006792599294603734 0.071572177629562 0.009738412949191607 0.9999503443119242 0.002114763271687932 -0.14794546970798886 0.006771698371098027 -0.0021807636376279375 0.9999746938653638 9.4662140628261
0.9999201294249555 -0.009823356522055163 -0.007952134142565355 0.07096103509449059 0.009850163766248803 0.9999459113554833 0.0033389575065199267 -0.1565617199878688 0.007918904252410071 -0.00341702064565928 0.9999628067710061 10.389337145586625
0.9998997975016235 -0.011283167736163007 -0.00854898134577245 0.06118335755496216 0.011318962116515528 0.9999273257276513 0.004150224060544978 -0.16953856427577016 0.008501532380556075 -0.004246573793712886 0.9999548442595781 11.33994546091806
0.9998913237516913 -0.011562645497713363 -0.00914581407995859 0.044390850099574844 0.011599823566944893 0.9999246289992917 0.00402248851392973 -0.1791934629222121 0.009098614142093939 -0.004128141194672767 0.9999500855897611 12.223896265573586
0.9998786081971588 -0.012031485117420868 -0.009900112907555176 0.03224500561806125 0.01205770551581211 0.9999239409416817 0.002593081053561503 -0.19180117493602492 0.009868161298186037 -0.0027121389207900876 0.9999476304762502 13.133860490712763
0.9998606363974043 -0.012103460242098608 -0.011498436117397466 0.027693749194093065 0.012105907816872555 0.9999267105475653 0.0001432810344624627 -0.1957150778439037 0.011495859207006551 -0.0002824600739767288 0.9999338805328077 14.042422236188028
0.999823628870237 -0.01331794253444438 -0.013241735513137965 0.020511565729070175 0.013298378384240816 0.9999103488430855 -0.0015644196522972423 -0.20305180254823818 0.013261383227258757 0.0013880501245179928 0.9999111005643211 14.946776465686927
0.9998048105154156 -0.012651137102274015 -0.015175295722105943 0.014930783040286848 0.012619441846542965 0.9999179897081527 -0.0021825548075871675 -0.22173838995657044 0.015201662991778959 0.0019906250339700145 0.9998824665200698 15.847534076663985
0.9997986587886764 -0.011260861213089314 -0.016608277728385492 -0.004800236321900932 0.011210930596622929 0.9999323613280534 -0.003096417940280207 -0.23884896985007475 0.016642022699219893 0.0029096002547989892 0.9998572784687003 16.74422954648713
0.9997877018718586 -0.009605335372641553 -0.01822878817054246 -0.02317146701202371 0.009548298604685366 0.9999492507389491 -0.0032134001260290695 -0.25287110555668146 0.018258728858910007 0.003038664014543416 0.9998286779951172 17.635877978158874
0.9997542853578569 -0.009979771139351598 -0.019793258362555934 -0.043291809129224576 0.009930140150402708 0.9999473039105797 -0.00260417329607153 -0.2656392074386712 0.019818204388745406 0.0024069835829886644 0.9998007027427203 18.527767206206047
0.999730505233806 -0.009643476008057391 -0.021116824463944365 -0.06890713341021647 0.009619291893123048 0.9999529565839306 -0.0012465322020703813 -0.28265003574568753 0.02112785195976902 0.0010430673697914654 0.9997762379062769 19.414875222638887
0.999702155056373 -0.009428217655989378 -0.022510217401765602 -0.09171494528091699 0.009415980770553082 0.9999554577057191 -0.0006495465144420389 -0.29806663069763345 0.022515338810953658 0.0004373972761010208 0.9997464019449388 20.295337113372906
0.9996628955188458 -0.01025510350693882 -0.023852215304643515 -0.11689563412452691 0.010239740581310408 0.9999472789816575 -0.0007661396784604327 -0.3142454414593241 0.023858814633266348 0.0005216409123325004 0.9997152018725405 21.169151925660792
0.9996209905636587 -0.010255523755717514 -0.02554798342385083 -0.1376299195866023 0.01022783407988385 0.999946957072965 -0.0012142695550657738 -0.3293839760231339 0.025559081254298045 0.000952508799911351 0.9996728595357697 22.03799480632684
0.9995926240499141 -0.010132630061209246 -0.026681749437575498 -0.16190431791001597 0.0101138624869095 0.999948502237318 -0.0008382475412028384 -0.34416091336901744 0.026688869039409785 0.0005680505145924893 0.9996436272932522 22.900743234758437
0.9995644740115049 -0.01004515568972885 -0.027748101579608195 -0.18692290369129708 0.010078667665814773 0.9999486384665318 0.0010681231255880172 -0.35783367715150255 0.02773594693146794 -0.0013473218243860849 0.9996143766331679 23.757362805758582
0.99953541341322 -0.011044977295929188 -0.028407143633170137 -0.21365053839411616 0.011156677366933702 0.9999306304361194 0.0037766209440273342 -0.3706892833263225 0.028363460349423116 -0.004091795713024848 0.9995893013257245 24.614756725345114
0.9995144721099631 -0.010921152169520101 -0.02918130356978093 -0.23817244933376974 0.011083459988602808 0.9999239626337275 0.0054060952215732845 -0.38545595739851835 0.02912004391175539 -0.005726900222097992 0.9995595158150534 25.44120614172641
0.999502005831011 -0.010437804789176637 -0.0297790626274303 -0.2687506573985086 0.010570443080810309 0.99993488517487 0.004300132950845572 -0.39706487148766684 0.02973223962066636 -0.004612769396213343 0.9995472556540972 26.264843417953827
0.9994859108399203 -0.008662871695661656 -0.03086857117650767 -0.2883606178256343 0.008718431101343297 0.9999606063801924 0.0016657271352035668 -0.40997630901029464 0.03085292517129852 -0.001933996313939037 0.9995220641219644 27.0789740875712
0.9994677936335534 -0.008204280190506185 -0.03157244488208068 -0.3167462825221611 0.008206584427595346 0.9999663238170678 -5.660222247786751e-05 -0.4220583006976462 0.031571846023143876 -0.0002025298360957288 0.9995014644913518 27.875295849031158
0.9994392759132541 -0.007396956433450722 -0.03265606831067741 -0.34196359023302775 0.00738697978900449 0.9999726250904464 -0.00042614471516938627 -0.43696209732585917 0.03265832652765352 0.00018467604896380373 0.9994665575211463 28.667706226099803
0.9993963048539575 -0.007740995728610683 -0.03386890652774005 -0.37049297166910383 0.0077151120869599224 0.9999698376858994 -0.0008948541341093806 -0.4535888159994474 0.033874812025173034 0.0006330115048878857 0.9994258833984111 29.452503288495603
0.9993332947440392 -0.007309902541177362 -0.03577053732977919 -0.4009755129019162 0.007253726018123203 0.9999722463523549 -0.0016999952585441435 -0.46915997370516743 0.03578197136655053 0.0014393921854588584 0.9993585836301504 30.22403685421181
0.9992540681562881 -0.007388665690847846 -0.03790402211397212 -0.4296027416584879 0.0073243398071413555 0.999971491802354 -0.0018356549141839784 -0.4825634416059665 0.03791650457910283 0.0015566637027092482 0.9992796983220564 30.990432645626072
0.9991891110264605 -0.007093243133351423 -0.03963339889540221 -0.4666295060431792 0.007064712366620853 0.9999746749051385 -0.0008598764674335904 -0.490172399636493 0.0396384944886637 0.0005791806397799349 0.9992139181899236 31.750015783962787
0.9991087163405066 -0.007378779589139865 -0.04156111817792286 -0.5031493324348709 0.007445691460004308 0.9999712213324838 0.0014553987435596328 -0.5014808085816206 0.04154918303777823 -0.0017635528331270847 0.9991349034391195 32.49368116028195
0.9990402349497932 -0.006320243003934101 -0.04334355176761962 -0.5423618535986429 0.006459264413316911 0.9999744319154524 0.003068129496387066 -0.5156518328126792 0.043323052232038806 -0.003345152274406291 0.9990555155253193 33.23067260173568
0.9989633578967708 -0.00509762876300931 -0.04523520488073375 -0.5822571759709785 0.005255210347262023 0.9999805283446007 0.00336536712097335 -0.5304765507477903 0.04521716868417851 -0.003599598956472741 0.998970695537932 33.95780736448128
0.9988995433934804 -0.0023580808980941488 -0.046841665883843024 -0.6248562084892144 0.0024822890382469195 0.9999935555454189 0.0025936670490738422 -0.5422579553407383 0.04683524793813038 -0.0027070873847913593 0.9988989594691075 34.69885627535519
0.9988228724358653 -0.00046393128596459066 -0.048504167519172206 -0.6640017507615664 0.0005575601883480443 0.9999980074717987 0.0019168148237280146 -0.5524030305949673 0.048503181602884485 -0.0019416024809413674 0.9988211409227401 35.38838679529221
0.9987690623631365 -2.363910770460261e-05 -0.04960201112306516 -0.7081652827539715 0.0001740815680385476 0.9999953984063079 0.003028673276672207 -0.5608544749193536 0.04960171127962993 -0.0030335799646204137 0.9987644705488533 36.08048632173204
0.9987107651754997 0.0014733456607095433 -0.050740878738259776 -0.7454740528261649 -0.0012266779677123996 0.999987281134316 0.0048921192505668246 -0.570175982862175 0.05074744115450795 -0.004823569442052873 0.9986998700280821 36.76803414897115
0.998704298647684 0.004534625100443372 -0.05068689216982108 -0.7825447319786927 -0.004258793044336628 0.9999755377836931 0.005548559814859044 -0.5810895999226946 0.05071081289470869 -0.005325505554591725 0.9986991801569413 37.4439456665063
0.9987288705357038 0.007828577407243966 -0.049793137421286174 -0.8149923618704942 -0.00765667056745096 0.9999640541325056 0.0036422299082953837 -0.5953735279485837 0.049819861042538396 -0.0032563505127886734 0.9987529111982807 38.106143732429224
0.9988015014048605 0.009521518212314348 -0.04800938952255236 -0.850691584222772 -0.009507320572071196 0.9999546670730228 0.0005240748227132662 -0.604246278939719 0.04801220310437202 -6.700606311422358e-05 0.9988467469353107 38.758223871906736
0.9989146844026716 0.010168697418419179 -0.04545383237442832 -0.8894628984631398 -0.010239554482127738 0.9999466947896151 -0.0013263119285060144 -0.6126059835333273 0.04543792258364741 0.001790299454502482 0.9989655599764922 39.39469917498176
0.9990495733982749 0.011443032167647957 -0.042059563805799983 -0.9220160152611715 -0.011475535398113095 0.9999340126581113 -0.0005314289927661359 -0.6227555821075393 0.042050707247924424 0.001013579921797079 0.999114963693214 40.0313067846
0.9991130272864988 0.0162539276501145 -0.03884544429340283 -0.9509184209994298 -0.016183887233758885 0.9998667915009131 0.002116848524188146 -0.6325948537367866 0.03887467685283056 -0.0014863006473189411 0.9992429886719119 40.68070973143384
0.9991775959303051 0.020464743123564152 -0.03500465797321089 -0.9785481378531533 -0.020279085426217043 0.9997783897023795 0.005650679462958339 -0.644060605633485 0.03511254028422239 -0.004936169871817273 0.9993711741599245 41.2859078657944
0.9992042568825478 0.025500203973897947 -0.030669082560193617 -1.000771730306373 -0.025307991831585906 0.9996576540930557 0.006639289315953451 -0.6531112425103077 0.03082788635710795 -0.0058578332562600095 0.9995075423488788 41.884713680263424
0.999249593192069 0.029319385667404906 -0.025310553719146117 -1.017079915307366 -0.029154522967276233 0.9995513881140261 0.006858302258882373 -0.6572509683290212 0.025500280312858947 -0.006115238622457276 0.9996561106503359 42.4696296616573
0.999267974441312 0.032982679965593696 -0.019381900790268462 -1.033130224571963 -0.0328189042133522 0.999423377145504 0.008708199659549602 -0.6596891951944047 0.019657944505756638 -0.008065732289320261 0.9997742291039744 43.038185486685165
0.9992032075088899 0.037755838872634395 -0.012940121134252169 -1.0394829126344427 -0.03762928602572258 0.999242847986684 0.009887749018634486 -0.6637217295533062 0.013303643754243425 -0.009392943015094309 0.9998673840486928 43.586436378302714
0.9991490473788512 0.040790177786426136 -0.0061108524843377435 -1.0398352826053006 -0.04073092904134104 0.9991247478748239 0.009525208842807689 -0.6721467759417832 0.0064940389098651465 -0.009268202642454341 0.9999359618887683 44.11349778424278
0.9990247720574027 0.04412861095246829 0.0014732654410936094 -1.0492967854853668 -0.044140718183081275 0.9989795335125885 0.009564968439725138 -0.6792479737157346 -0.0010496732520346539 -0.009620671409876913 0.9999531693372885 44.62094259984736
0.9987778881691771 0.048555771041435804 0.009223188325625313 -1.0504522313578493 -0.048638865944505255 0.9987757968636167 0.009009346207134282 -0.6828719753976051 -0.008774441517883003 -0.00944694119909768 0.9999168787844472 45.10438337430566
0.9984717270116643 0.05270217359703648 0.01663403909132422 -1.0407368234936796 -0.052811917287685445 0.9985850531802188 0.006228399269335799 -0.6878913361576637 -0.016282252631087655 -0.007097356071623123 0.9998422454497765 45.56829563319613
0.9982144160704518 0.05446448809615351 0.024527516905517657 -1.0271307100010754 -0.05455075418874838 0.9985068992367704 0.002861362264518887 -0.6910601701120743 -0.024335052220311248 -0.0041942476076160685 0.9996950602661002 46.007634869864
0.9979796620729644 0.05491238990485508 0.0319565881105709 -1.0025944498197144 -0.05502507073652675 0.9984814387240404 0.0026567111266950563 -0.6984777032472101 -0.03176217371610077 -0.0044097571937268855 0.9994857269427722 46.4287663986057
0.9977495447804844 0.0539588971328088 0.039803056547796166 -0.9807113560225117 -0.054155631199548845 0.9985249673284617 0.0038803648118394297 -0.7021624244020388 -0.03953496553324128 -0.006027191875612289 0.9992000097369801 46.82573319263337
0.9972999885213553 0.05569742067426659 0.047859484175430435 -0.9604819439387341 -0.05598321846440115 0.9984208768041403 0.004651022685270795 -0.7106408394285146 -0.04752485818676007 -0.007317792828819856 0.9988432498457622 47.19756674250558
0.9966455556443051 0.05888492071006589 0.05683487069945093 -0.9411825862126275 -0.059253846855023946 0.9982312790869642 0.0048264982425096385 -0.7173025680488471 -0.05645013770873769 -0.008177992747172725 0.9983719258809778 47.56032696488167
0.9958314955220567 0.06346930642911533 0.06550785958731262 -0.9222070888959835 -0.06388345327634902 0.9979483384972241 0.004244771857068581 -0.7236234200668175 -0.06510404690795013 -0.00841194579375431 0.9978430248511894 47.87130409042203
0.9949421229551212 0.06704864010239565 0.0747974052355835 -0.9060153308966389 -0.06753874812563816 0.997708474160051 0.004039565675228719 -0.7227581328036304 -0.07435515766359664 -0.009070857161386137 0.9971905685871584 48.17004386968921
0.9942514018851261 0.06610802496323366 0.08422516776428716 -0.881885075008802 -0.06672136850612616 0.9977615656373912 0.004485211421071526 -0.7257556415643318 -0.08374012678597753 -0.010079046199042926 0.9964366532768588 48.44497524607809
0.9933661903476081 0.06473198033919102 0.09504410868458231 -0.8529693887509959 -0.06525785577977473 0.9978654709080862 0.0024319186683677396 -0.7273036385491797 -0.09468381135815276 -0.008618160520087487 0.995470091552702 48.711252804620116
0.9922760510113012 0.06332201448630748 0.10667033828958274 -0.8125002697674286 -0.06348140040273924 0.9979812054077457 -0.0019040629743145093 -0.7366604388433583 -0.10657556189073218 -0.004882226367027105 0.9942926196414097 48.96956229358043
0.9907142620178019 0.06393851169141732 0.11998799005404302 -0.7766228787634899 -0.06367251092623735 0.9979524878568171 -0.006053373665793652 -0.7400245055672078 -0.12012935689027414 -0.0016427729837086495 0.9927568881201753 49.22689358079415
0.9886169805638116 0.06561568161706761 0.13539220090839804 -0.7304849881396418 -0.06512531168362995 0.9978446015105596 -0.0080526402094392 -0.7528682038867955 -0.13562875623923742 -0.0008564824342696363 0.9907593587339149 49.480478870698356
0.9861730263102498 0.06700017308837396 0.15157090414789842 -0.6811893672965633 -0.06634101764408708 0.9977526604121406 -0.009407338541946465 -0.760649109837161 -0.15186056616525057 -0.0007781045069696552 0.9884016202927566 49.74285857098127
0.9834761652804919 0.06696548889747689 0.16819707376140788 -0.6223975434242712 -0.06612255731185407 0.9977550583291547 -0.010613717215277922 -0.7646015909397534 -0.16853023390394734 -0.0006832827432218599 0.9856962480323105 49.977462423880766
0.9803423100712688 0.06567077186767178 0.18605457480651255 -0.559641928497908 -0.06460035965062592 0.9978412502163337 -0.01181663656519288 -0.7706133358212673 -0.18642893717751488 -0.00043484365955126747 0.9824683518026698 50.221317554157196
0.9764740195203521 0.06441114420871002 0.2057904120786282 -0.5061040819452548 -0.06329526965730084 0.9979225994930283 -0.012008091442292899 -0.7838892119140914 -0.2061363578818071 -0.0012999703079802235 0.9785224126387818 50.47117796019841
0.9720142264302493 0.06429434429544757 0.22595260766103623 -0.43846163757160056 -0.06291250273652312 0.9979301711439107 -0.013318803253750625 -0.7882759026570163 -0.22634124815559079 -0.0012691778061284591 0.9740472414472854 50.700940554611215
0.966708507960921 0.06602286120595834 0.24721578111873893 -0.36911806494795385 -0.06417559083108204 0.9978177480725925 -0.015531747255927625 -0.7957663324547295 -0.2477017443972712 -0.0008505466002586842 0.9688359625824333 50.94021066388921
0.9604968180364489 0.06699640416443162 0.2701061724042838 -0.2882666677660822 -0.06464268019505907 0.9977530678902736 -0.017610775472604798 -0.803886952674659 -0.27067912080368506 -0.0005452931168504416 0.9626694740233334 51.17654034478397
0.9532669877194669 0.0678346451079658 0.2944155414500568 -0.19540142080891246 -0.06521678683610933 0.997695647097707 -0.01871273569153445 -0.8143177438689003 -0.29500647592727064 -0.0013626024233265432 0.955494281759765 51.41414692657155
0.9446640538807433 0.07029931378189906 0.32041821388209896 -0.10679168518076952 -0.0675845728684597 0.9975210021882077 -0.01960040059850252 -0.8237708436669287 -0.32100179254295197 -0.00313953423742856 0.9470733828531896 51.6560402455158
0.9348045763937105 0.07182851108087146 0.3478233300819262 -0.0014072387803320957 -0.06888630934115349 0.997406920496961 -0.020835338493148232 -0.8320341051729517 -0.34841796787584084 -0.004483295737986768 0.9373285548411484 51.89805322020922
0.9238528403884438 0.07226801368632388 0.37586335749050875 0.12828672138530448 -0.06899371976356176 0.9973704238756647 -0.022183421991756887 -0.8408091218832108 -0.37647814802374907 -0.005437993739471591 0.9264095381011024 52.11920663367403
0.9112716860494499 0.06983162644550442 0.40584166635840685 0.2595717877505114 -0.06563774672340203 0.9975485108392007 -0.0242622078048916 -0.853149578308934 -0.406541019344503 -0.00452906949259091 0.9136213039984695 52.34485972630086
0.8963675316717766 0.06653433524175245 0.438290349424425 0.39916928209317915 -0.06101187330102296 0.9977801576406065 -0.026689105173959157 -0.8677148588505548 -0.4390931558120059 -0.0028176679408339397 0.898437121487324 52.57252564208372
0.8790478728670574 0.06535119123535975 0.4722330558230979 0.54875905413553 -0.05756893809905847 0.9978623260751356 -0.030928879159564816 -0.8773353728916577 -0.47324481462985785 2.009876368516683e-06 0.8809309538334499 52.79397125868901
0.8596767586092822 0.066828513903901 0.5064482406292217 0.7141243119646419 -0.05623817322511005 0.9977609925878071 -0.03619764553802819 -0.8848872103759515 -0.5077333341226874 0.0026365506993613753 0.86151024951597 53.01082350341118
0.8381991511792868 0.0682310274005175 0.541079208491874 0.9022023794920918 -0.05501083266006429 0.9976604713651556 -0.04058807910584765 -0.8985195751559696 -0.5425827045274936 0.004255675660332662 0.8399916058939544 53.228492093824016
0.8137174655110564 0.07087140744741564 0.5769238510658794 1.0979300232892792 -0.05550067751303314 0.9974774802500899 -0.04425326190831831 -0.9104356555191706 -0.5786048402129531 0.003989987513049146 0.8155982582630915 53.45668307323346
0.7865223023938079 0.07441521935228566 0.6130620221200255 1.3041933531995074 -0.057643011939334673 0.9972258923662736 -0.04709355336828151 -0.9256933816661453 -0.6148657991884938 0.0017013885625090774 0.7886299222482329 53.67940615309496
0.7572787022802676 0.07810058135605905 0.6484051713740102 1.5438300771058102 -0.060240673370005014 0.9969444966521345 -0.04972657103552073 -0.9415248564679422 -0.6503076413088211 -0.0014034909575372878 0.7596696662816604 53.900915585531926
0.7244914995077381 0.07871358556516017 0.6847745896194641 1.7977691585801372 -0.05914948549525932 0.9968932763009866 -0.05201090300630337 -0.9600032449120028 -0.686741148837519 -0.0028226075464304968 0.7268965726841494 54.13042721570645
0.6887230030032064 0.07566036146171391 0.7210659712104908 2.0869452014859533 -0.05455021626259678 0.9971286398371552 -0.05252379957894412 -0.9828297060783495 -0.7229695007674594 -0.0031599556939828177 0.6908727202893904 54.343291875439505
0.6501685486904798 0.07355877957114146 0.7562208435647086 2.405116607930916 -0.05053595293332726 0.9972851074466977 -0.05355867741225048 -1.0066726813083087 -0.7581074961737523 -0.0033941733946827716 0.6521207739614884 54.566242383569794
0.6082446692348629 0.07262252478006859 0.7904203889335982 2.7407209676887465 -0.0475137014193742 0.997351241135653 -0.05507222514665155 -1.026869951097025 -0.7923262399572557 -0.004058410987223742 0.610084140734256 54.781893880736334
0.5633124451137571 0.07157061182966996 0.8231383460283496 3.1025662673121697 -0.04265942055714257 0.9974318635201174 -0.057531308628564114 -1.0517683063874377 -0.8251419653718317 -0.0027065027457835672 0.5649189427034621 54.97284002943162
0.5156097397251563 0.06999143901471297 0.8539600662590763 3.485017125662009 -0.03881729054969226 0.9975428468129364 -0.05832226613158566 -1.081332499255497 -0.8559438148937915 -0.0030768875495249385 0.5170596856341344 55.16261182529049
0.4672686236175276 0.06759464214084744 0.8815276500124269 3.886050892164951 -0.036185471909312254 0.9976997612662182 -0.057321880569567774 -1.1093741616443842 -0.8833745779709089 -0.005113777779896586 0.468639738254809 55.34000853206757
0.41808121140943677 0.06513765399950182 0.9060712922821574 4.31345965765993 -0.03540643997311706 0.997836417807462 -0.05539735829082851 -1.1363467629943227 -0.9077193865258402 -0.008920164158440703 0.4194829507817194 55.50158961141477
0.36776966678293666 0.06470777351382537 0.9276628569912945 4.749302818316564 -0.03772372963757232 0.9977930347349213 -0.054644121886143454 -1.1609699266780875 -0.9291514367510814 -0.014898452314244436 0.36939903045628175 55.65763018121483
0.31845395433278606 0.06479564729891246 0.9457212078942326 5.204755493312632 -0.03587853788808299 0.9977701414574192 -0.05628032813564118 -1.1937712836655605 -0.9472591036716538 -0.01600840114305523 0.32006862014889503 55.785847291399634
0.27222011036452276 0.06114045607336537 0.9602906102551808 5.685332679825961 -0.023950681609669754 0.9981006258474298 -0.05675830805619346 -1.2262550098552822 -0.9619368879316142 -0.007548861775816821 0.2731674181199695 55.87328517323411
0.22886924120354762 0.05503983075581722 0.9718999369591929 6.186732268444919 -0.010064020998516629 0.9984807279472477 -0.054175191732711785 -1.2579116358356621 -0.9734051499310313 0.002617813649908063 0.22907544857413353 55.93998327393075
0.18680218545672192 0.05393076763610822 0.9809161104858928 6.708704170238686 -0.00025969363848048124 0.9984946936559438 -0.05484778300111555 -1.286720091880574 -0.9823975142821801 0.00999094805828814 0.1865349964191436 56.00336534959765
0.14850233338402796 0.05524870372739293 0.9873675291986979 7.2209830946777736 0.0032517997972799973 0.9984054751708074 -0.05635541630609478 -1.3171570432987665 -0.9889067108567812 0.011579632351572468 0.14808588500267317 56.05732540186791
0.11605749347672438 0.05594818136549872 0.9916654976401029 7.752820298729846 0.012461372082054625 0.9982516712758768 -0.057778153317252307 -1.3521851936910252 -0.993164322966614 0.01906310039874329 0.11515739572191934 56.09278410431863
0.08754373547898277 0.05405808078598998 0.9946928260926188 8.304528157650795 0.019996086659411626 0.9982299414214314 -0.0560101827177475 -1.3920466815557735 -0.9959599645049471 0.024793304570014964 0.08630782787095992 56.110693418733746
0.06260408367683999 0.052287221164261974 0.9966678359463108 8.870030719551732 0.02700049984254959 0.998172458540395 -0.05406214960280797 -1.4283305298402993 -0.9976731437275617 0.030295041085026557 0.06107789101156678 56.12342253197049
0.042786699650699554 0.05143791448586032 0.9977592090711794 9.447693098395453 0.031691672972360675 0.9981013265632972 -0.052814579206879556 -1.4572588121650827 -0.9985814619735407 0.03388042009674782 0.04107530811636225 56.12625109813977
0.027048965471113608 0.05327597120859069 0.9982134162385934 10.030102167596405 0.034516542548531606 0.9979335472884516 -0.054196342005558645 -1.4893748353902325 -0.9990380181742025 0.035920830837683444 0.025154167736035384 56.12906490696585
0.013628708801713324 0.05307314810235177 0.9984976210522002 10.635212081561498 0.03552694799464081 0.9979341546771926 -0.05352811312668751 -1.524398729705903 -0.9992757848875276 0.03620309212240281 0.011715027024835081 56.1299979577482
0.0018813780371066107 0.05395933595951136 0.9985413614265007 11.235869432174212 0.03635595534605877 0.9978793023738556 -0.05399205871925044 -1.562730331023738 -0.9993371327672944 0.03640450462066709 -8.435500547774227e-05 56.12816924505636
-0.007423858737936446 0.05691327283434659 0.9983515241119844 11.855191571629248 0.041274907674583715 0.9975456392623746 -0.056560406514410244 -1.599156564236682 -0.9991202471764318 0.04078697051637881 -0.00975472799222462 56.118968295390964
-0.013830252427968742 0.05884487565406702 0.9981713303471683 12.485471900232039 0.045643880498581396 0.9972633431920268 -0.05815892449567328 -1.6366778175223697 -0.9988620326605723 0.04475606031276179 -0.01647831224581406 56.099791279769484
-0.018597219828439964 0.057999555886170305 0.9981433739356583 13.123956690494056 0.046030322703928796 0.9973071544231321 -0.05709333698609171 -1.6807683222800265 -0.9987669161553285 0.04488308426837705 -0.021216878661408072 56.090125223828714
-0.022279693041844535 0.0553032005379652 0.9982210032293543 13.777718647933412 0.04366356655297271 0.9975699514327205 -0.054292586550963924 -1.7198461796005375 -0.9987978315123814 0.04237626704627686 -0.02464028728297083 56.0815365305983
-0.024732930563711675 0.048411764125182895 0.9985211981926162 14.439504883708612 0.04197758439364042 0.9979960860108176 -0.047346538580597716 -1.7584273953603031 -0.9988123770529707 0.04074448921482347 -0.026715576812371643 56.07071733450311
-0.026067381193475243 0.04278143861843946 0.9987443317223135 15.120498903311885 0.04313693179341275 0.9982013608146088 -0.04163229976009315 -1.795082135393772 -0.9987290407078212 0.041997521088755645 -0.02786595537990802 56.04883241095833
-0.02657045379683885 0.04019346918600432 0.9988385735542173 15.806931246833727 0.045836522681750175 0.9981893928206449 -0.0389480326691631 -1.8329284351073083 -0.9985955258128667 0.04474842002961109 -0.028364674004438286 56.027306370968184
-0.026179260940928623 0.04249431427861762 0.9987536630974511 16.49739453321078 0.04916261679256237 0.9979418697324166 -0.041171127566254774 -1.8693878392670475 -0.9984476367875758 0.048023513917238664 -0.02821451230034571 55.99587793203796
-0.02552440949558502 0.049835310581307524 0.9984312426698027 17.1938370886375 0.04986534661260087 0.9975767953675952 -0.04851787867709076 -1.9078032932379325 -0.9984297430100463 0.04854872978136832 -0.02794761366393962 55.9746171684848
-0.023137658836667407 0.0579817851507102 0.9980494783998912 17.896810530606945 0.05046942281136838 0.9971115532780365 -0.05675726984756614 -1.942584570356974 -0.9984575534816919 0.0490577507657961 -0.025997134171976025 55.957999986663296
-0.020882908763639883 0.05871305181495497 0.9980564521449394 18.617299363758473 0.051064202691889875 0.9970338401913902 -0.05758444856601337 -1.982533295887777 -0.998477015922255 0.049762426184669084 -0.02381910189751679 55.9388983127242
-0.018957581247963932 0.05431637709473887 0.9983437991456294 19.35482699997827 0.050454903974805294 0.9973029808916314 -0.05330166010135582 -2.0281740254526412 -0.9985463999124528 0.04936086996771219 -0.02164697987966428 55.93187574148251
-0.01658058435793397 0.04774767952191628 0.9987218047697876 20.09209300574818 0.04979908596411629 0.9976588816004889 -0.046870107753247445 -2.0778497401547025 -0.9986216176608076 0.048958299234499784 -0.018919558043918146 55.91799679209432
-0.013837169786259944 0.04617552175015786 0.9988375012600431 20.827133850124337 0.04796656016564114 0.99781374067271 -0.04546370014209337 -2.1236169540871845 -0.9987530935312202 0.04728171016191068 -0.016021799086960473 55.909918258298426
-0.010482570313026034 0.05157453956035889 0.9986141309779114 21.553321465181238 0.05572310331991923 0.9971472887922006 -0.05091385087342778 -2.1686804182909802 -0.9983912316702458 0.055112170375525814 -0.013326559963806908 55.89252295726795
-0.0071654082558154615 0.05718103313063913 0.9983381122518763 22.282546820168566 0.05736366628537765 0.9967432057052871 -0.05667796459513782 -2.2129129510530716 -0.998327634954992 0.05686221355575765 -0.010422185697447996 55.88577828420638
-0.0049081190534358485 0.05777405632947305 0.9983176191887009 23.01902840120634 0.05137177667609612 0.997025983704733 -0.05744674384811461 -2.2595082938767805 -0.9986675377364077 0.05100339432673506 -0.00786147814682197 55.8905769336595
-0.0016198992437315225 0.054376176852827626 0.9985192072851228 23.748791275935172 0.0472783031505722 0.9974080891329488 -0.05423896923211713 -2.302023351871199 -0.9988804422840821 0.047120432118455124 -0.00418651398269554 55.89924709021766
0.00327339158654344 0.0509264821386892 0.9986970403102728 24.491037632317358 0.05176090312249043 0.9973549932382629 -0.05102770199262995 -2.349340110630563 -0.9986541412398319 0.0518604944026012 0.0006287327353130301 55.89373357461534
0.006938358222215437 0.05205428386223891 0.9986201533700236 25.23000616706745 0.05665180344796292 0.997019826560661 -0.052364478523546705 -2.396747749832367 -0.9983698875423249 0.05693695615800896 0.003968711653340707 55.88913876678811
0.009860300222210745 0.05690975468289945 0.9983306337589065 25.954052757467554 0.056677098169737664 0.9967423721716214 -0.05737900365766942 -2.4375422724361813 -0.9983438691265583 0.057148257537925864 0.006602699280832087 55.89238645149878
0.013483712811845823 0.05755734358748557 0.9982511415911126 26.687332440724408 0.05276882540278455 0.9969097516091074 -0.05819276769735398 -2.487991357730412 -0.9985157187317678 0.05346119476610931 0.010404811375609417 55.90358989446827
0.01723877132259419 0.05720691232067545 0.998213501184001 27.42481331041839 0.05205271761273504 0.9969566645229875 -0.058033814731831564 -2.535078060510637 -0.9984955379732133 0.05296015715549015 0.014208532705723184 55.911586583333616
0.020869676071211662 0.05411940241744158 0.9983163561229784 28.164628970954155 0.056217071061901096 0.9968905099461762 -0.055217317034370404 -2.5848783641938797 -0.9982004295440392 0.05727478905445231 0.017762347729512507 55.924315497160215
0.024500876751136373 0.05484649419429032 0.9981941540166528 28.89918360276677 0.060989920909082465 0.9965519549446069 -0.056253272292252264 -2.6327128002662357 -0.9978376303717603 0.062258036996664684 0.02107131328115134 55.93885322284399
0.02804967830811078 0.055765247198944594 0.9980498247841397 29.63431643032404 0.06394894456255928 0.996297322368744 -0.057464579787954974 -2.679957499138321 -0.9975588945200914 0.06543609589295579 0.02437969069003244 55.95565186784246
0.030404037564040837 0.05561764404932783 0.9979891142543623 30.367932054653267 0.06452290894216064 0.9962590257335167 -0.05748693648252867 -2.730467225165636 -0.997452950630478 0.06614099572055814 0.02670168465934403 55.984449663728284
0.03377675392239921 0.054075627755132034 0.9979654089082216 31.10685114820857 0.0661415574250665 0.9962251820877399 -0.05621993379253067 -2.780678483372357 -0.9972383994190422 0.06790591327077694 0.030072606588212095 56.010195158457435
0.0373289451367464 0.05275495053484634 0.9979095475287545 31.8463509020041 0.06819060347857292 0.9961433796522629 -0.05521239690682037 -2.8398794797155027 -0.9969737165302839 0.07010907479801831 0.033587589653918774 56.04264683981949
0.04012377122976828 0.05297679808681598 0.9977893273866832 32.58411730358572 0.06639616762230244 0.9962450025991966 -0.0555647705043269 -2.8917394067506588 -0.9969862746835451 0.06847885557306074 0.03645565020722472 56.07166966412065
0.04296537886858433 0.05462191171311296 0.9975822888260816 33.32563979170073 0.0636810941857404 0.9963242024947526 -0.05729573951440432 -2.942884473936732 -0.9970449811628292 0.06598886484855224 0.039329063731719 56.10709138170588
0.045762693507580526 0.0546429812161548 0.9974567261223627 34.06868414055053 0.06540789314872636 0.9961962405329643 -0.057574802316931316 -2.9921532229158263 -0.9968086994989444 0.06787632099487913 0.042014540952199676 56.13707852096839
0.048340867227487594 0.0543610662769684 0.997350507609499 34.81521666726502 0.06315417232144907 0.996353596795419 -0.057367766831424534 -3.04494929455106 -0.9968323384973463 0.06576005342199029 0.044731468787083464 56.180028143884975
0.05065039252170461 0.05463914783501948 0.9972206883439894 35.55875038557293 0.06144144017435539 0.9964405074958873 -0.05771710708828118 -3.096724616268947 -0.9968247023256893 0.06419406939275538 0.04711299489630992 56.217900980670386
0.05322876744624074 0.0546357137276152 0.9970865745268201 36.313456232932154 0.058402096569745564 0.9966226305571252 -0.05772804671608529 -3.150890837008502 -0.9968730578325472 0.06130473918768833 0.049858154004308555 56.26260535608004
0.05661576080576284 0.056736103014911526 0.996782659481527 37.06630355807827 0.05689285755082688 0.9965783923896894 -0.059955905311189675 -3.202497174828921 -0.9967737247681075 0.060104263049008094 0.053194164860909686 56.304684263655574
0.0601931784208869 0.060229632038448416 0.9963679906019183 37.82019741029916 0.05603535546455677 0.99639999031851 -0.063616807773061 -3.255347001236424 -0.996612673113057 0.059661132387735676 0.05660149355503791 56.345773134384046
0.06333619859434603 0.062287634450398546 0.9960465734804728 38.580192419692445 0.05619862318065831 0.9962441435434187 -0.06587352433291428 -3.3142086024831725 -0.9964086715300189 0.06014862467267383 0.05959783762662737 56.39973952598534
0.06618960105385045 0.06459409936377761 0.995714084986104 39.34358167575537 0.0501478171252739 0.9964259904250637 -0.06797383351703307 -3.3698131454105202 -0.9965461018688013 0.05443204876553577 0.0627137857036561 56.45999552442798
0.06871577646090003 0.06395456225534599 0.9955842284970682 40.11489560801266 0.04645544354349428 0.9966554328366766 -0.06722975503684953 -3.4261788121394545 -0.9965540797320305 0.050870051738372016 0.06551491437514433 56.52102838609439
0.07216741425767262 0.06462276370721223 0.9952968214207273 40.88969209200421 0.047936642241908044 0.9965208637629666 -0.06817804936842095 -3.49142480513168 -0.996239902157073 0.05263142118500445 0.06881853568707957 56.57877837103288
0.07588339501075729 0.06555141688891522 0.9949596585316899 41.66572129896615 0.04736463965318844 0.9964733577234257 -0.06926354205442944 -3.555528148758674 -0.9959911150568395 0.052381858417373306 0.0725109621821228 56.63823869573267
0.07966115195640577 0.06658896061989392 0.9945954007497423 42.44957540930499 0.04352039365771859 0.9965825857805871 -0.07020772788487455 -3.612549039757936 -0.9958715159119961 0.048878011850336064 0.07649093902353885 56.69995430385454
0.08390071455077794 0.06468951383610869 0.9943721319996437 43.23978629275645 0.042664525414836965 0.99674230304246 -0.06844355043932294 -3.67137096924419 -0.9955603489337034 0.04816687788575577 0.08086744404111615 56.7663258376705
0.08875059339049904 0.06453086481858362 0.9939613169830102 44.04617113496158 0.043573277296838346 0.9966923154620504 -0.06859881780694224 -3.737045841196093 -0.9951003475421203 0.04939833787348415 0.08564521315806232 56.83642594611501
0.09365926674684577 0.06802011846303316 0.9932780100438738 44.820648455646385 0.04016640584651119 0.996593038163064 -0.0720345481438432 -3.802125830784894 -0.9947937482683624 0.04664311062942994 0.09060804951544973 56.91603357465031
0.09973200300972357 0.07679939688902664 0.9920460575059759 45.610021737675794 0.03820936838203723 0.9959858665070711 -0.08094564772737974 -3.8677434119414458 -0.994280429126268 0.04597832484596458 0.09639720898887409 56.99674105150056
0.10679104266906142 0.08165628907682365 0.9909227637206931 46.41132189400176 0.03642887552741438 0.995631487013842 -0.08597022213775297 -3.9391144748985774 -0.9936139140699793 0.045279051677444074 0.10334987782154595 57.08936128825467
0.11398272618909408 0.08463051289963713 0.9898715140950597 47.224291927730775 0.032073732529007824 0.9955322497152582 -0.0888077443612606 -4.016975894315597 -0.9929648603108576 0.04187142299016962 0.11075906339717127 57.19072802788152
0.12094750774836781 0.08275989220872958 0.9892029622939155 48.01503058279732 0.028137997033430194 0.995832236405972 -0.08675488492083795 -4.09701573372848 -0.9922600231251919 0.03832697713465841 0.11811472952732936 57.29152759818974
0.12854523406899984 0.08112552819511251 0.9883798720498155 48.82713122111985 0.027896988424697004 0.9959582027086712 -0.08537573715140936 -4.1757410033617255 -0.9913111927316162 0.038547465965718584 0.1257625223691199 57.395587635899574
0.13584348239427158 0.07776173528833033 0.9876738635885555 49.639548159826504 0.02678091568213751 0.9962624486843047 -0.08212134860546427 -4.255857245656841 -0.9903682804120013 0.03760646043569635 0.13325322993186658 57.50585056703474
0.1433534589579747 0.07236924352486543 0.9870220252843512 50.45522635409222 0.02427159457673099 0.9967657583959949 -0.07660882838133527 -4.332652732927449 -0.989373880543391 0.034938738971187995 0.14113330229827434 57.621429156634626
0.15029311567809747 0.06508718663167938 0.9864966485073037 51.26514927346401 0.02111395136816796 0.9973916297620404 -0.06902273493744196 -4.404491979252814 -0.988415995640193 0.031202484147815516 0.14852684789496015 57.74816227686159
0.1577134850131721 0.06233382569980687 0.9855155761420648 52.083927756614415 0.020843883360426092 0.9975732065063346 -0.06643214724158394 -4.481198220239744 -0.9872649032409986 0.031019217177366734 0.15603146796158274 57.88494637499748
0.16473965434785418 0.06425475939002503 0.984241927668741 52.86684902912736 0.020315998901196064 0.9974430707408459 -0.06851701117035931 -4.549280764307323 -0.9861278347526741 0.031283326658182335 0.16301302708434467 58.01743794678146
