1.0 0.0 0.0 0.0 0.0 1.0 0.0 0.0 0.0 0.0 1.0 0.0
0.9999801517938997 0.0005235478472016019 -0.006278687434576318 -0.013485632393670339 -0.0005222776795313102 0.9999998428180137 0.0002039361994634854 0.001174497154490123 0.006278793218037951 -0.00020065293339193533 0.9999802680523878 0.09067506400574246
0.99991174945237 0.0009053688530765976 -0.013254192330764424 -0.02353183486550519 -0.0009033141156824819 0.9999995790494023 0.0001610112627529292 0.0004221500078909556 0.013254332525986531 -0.00014902435439647228 0.9999121463713861 0.18451534428262156
0.99978432215553 0.0010490678284178745 -0.020741471227931234 -0.035610509134089086 -0.0010598455318696564 0.9999993090085831 -0.0005086352377288504 -0.0005624818669935677 0.020740923302888337 0.000530508291982475 0.9997847431629949 0.2818144004721944
0.9995515431215076 0.0016429599558998522 -0.02990005561861784 -0.048497723762833816 -0.001701534308427575 0.9999966828518135 -0.0019336665604318625 -0.0007561353087468656 0.02989677949897571 0.0019836753648210838 0.9995510230136512 0.38545027601749426
0.9991494080428197 0.0017834608883302164 -0.04119805426161884 -0.06869486918742958 -0.0019307052032565308 0.9999918896378784 -0.0035345488939283404 -0.000925527908345512 0.041191416400769856 0.0036110837327938414 0.9991447479165235 0.49835956505900525
0.9985002739500036 0.0015991263388330293 -0.05472335622676111 -0.08834237704087566 -0.0018378899938206292 0.9999890097938974 -0.004313055968952054 -0.002614061438483221 0.05471585768439673 0.004407163075397754 0.998492239244496 0.624799357000015
0.9974848178126585 0.0013356694275645383 -0.0708678645115586 -0.11396480829460501 -0.0016558367590055693 0.9999886865713007 -0.004459252631620651 -7.510735014936451e-05 0.07086110666561653 0.0045653824139231915 0.9974757444898292 0.7632833140440443
0.9960063295362598 -0.0002025949577936384 -0.08928241976442855 -0.14331272886986354 -0.00020741572178754235 0.9999894765476072 -0.0045829873184510895 0.00042536337396349504 0.089282408695257 0.004583202954900053 0.9959958060896881 0.9149700140030823
0.9940276143883078 -0.0016491679096258874 -0.10911636943509619 -0.17869561876286374 0.0011332197902748768 0.9999878845207427 -0.004790263524783716 -0.0019104899097174834 0.1091229473868694 0.004638001394545269 0.9940174401370767 1.0770880246790266
0.9913661973763062 -0.0020791060138203284 -0.13110583517840302 -0.22417751668727515 0.0014146869667841584 0.9999856825982096 -0.0051607421345119565 -0.004816518278626028 0.13111468781349137 0.004930711589234541 0.991354944872317 1.2452066732721363
0.9878895434331756 0.0014612984478460478 -0.15515190808442703 -0.2809007378461566 -0.002522271337305853 0.9999747630303538 -0.0066416451041226236 -0.008809567574905603 0.15513828709475036 0.006952546960246535 0.9878682978859442 1.4177617908890758
0.9836145739600978 0.005630885972959061 -0.1801961792504355 -0.34871735011445676 -0.007234262889771656 0.9999398655323434 -0.008242011866108366 -0.014581566605038586 0.18013893342011664 0.009410549522686305 0.9835961601307439 1.5938565481563212
0.9782224332518653 0.008190481184639518 -0.20739765452088513 -0.41383275721940976 -0.010304591436487529 0.9999053595475297 -0.009115225913427887 -0.021401122256041814 0.20730336822668227 0.011053866567397382 0.9782142534004414 1.779519249026637
0.9715299113271652 0.00825285432773393 -0.23677314415295564 -0.4854113096756968 -0.010788572858029716 0.9998974692676025 -0.009415819026049484 -0.02243599585125404 0.23667116024627524 0.011702194139969412 0.9715193361740119 1.971445749100452
0.9636374748079908 0.01006840457569878 -0.26702330305608035 -0.5745942885627027 -0.012930840042576924 0.9998762161758014 -0.008963576393163721 -0.02606758147970928 0.2669000009769063 0.01209047374021551 0.9636483850052701 2.1637148096672507
0.9542860061459995 0.011780972930848902 -0.2986627314391945 -0.6698834481282027 -0.014875514495396036 0.9998566243935254 -0.00809010042473368 -0.028647073212079086 0.2985246012348313 0.012163031414397455 0.9543244328447208 2.360582773760509
0.9430683319900415 0.013279819754434471 -0.3323338195020344 -0.7728352540710399 -0.016604702352015627 0.9998364480983002 -0.00716665291307357 -0.02817964716202899 0.3321842938149274 0.012276947563023619 0.9431345988252225 2.558491142248072
0.9307792663666047 0.015429701180700148 -0.36525591251000944 -0.8891548143621323 -0.019225155291611038 0.9997923494939263 -0.006756574385639162 -0.03089124922725788 0.3650758150111547 0.013310980989000624 0.9308826279822029 2.750080378299327
0.9171370777790333 0.018395012885971427 -0.39814721406015186 -1.0165766451402949 -0.022677326136626826 0.9997245381474646 -0.0060486944981605825 -0.034603717976563315 0.3979262738777481 0.014576396220052544 0.9173015912070622 2.943426290309772
0.9010775461871104 0.018708204811770133 -0.4332542657956604 -1.144368960981553 -0.023431372924531717 0.9997099632641454 -0.005564181276073857 -0.03340413834973822 0.4330245102996914 0.015165501083787196 0.9012545595205558 3.13992996667422
0.8827248643384944 0.013888984316813223 -0.4696849050089153 -1.277102128670366 -0.01919471327724135 0.9997945721313838 -0.006509724942604641 -0.031099473871731214 0.4694980051723236 0.014761763149136058 0.8828101231227123 3.3354737770341476
0.8619049741461917 0.009360795040120952 -0.5069834228633806 -1.4255510353886223 -0.015008612555365036 0.9998624786739073 -0.007054451731634168 -0.03481699441302347 0.5068476665539812 0.013689384803118978 0.8619269363771488 3.5263494196212966
0.8377058933603274 0.010895990890880183 -0.546012924400038 -1.5981284652158685 -0.01571565059029302 0.9998678542719575 -0.004158403553805848 -0.03812549356018923 0.5458954611973797 0.01206446750164876 0.8377664316908401 3.7090049164471575
0.8090683010003566 0.016667289409364166 -0.5874782428142687 -1.791061860013942 -0.020756174329703572 0.9997845431206236 -0.0002203730514001201 -0.04737433887885936 0.5873479935639447 0.012372097673043451 0.8092399308336053 3.8878700995001285
0.7768790461978273 0.019498651713417182 -0.6293478769012517 -1.99324356452759 -0.02398918126410067 0.9997112922138579 0.001360662477393644 -0.049903564514893785 0.6291927103527444 0.014040470129526299 0.7771225118586584 4.0633456936858
0.7416583397294847 0.0190745332586448 -0.670506576619998 -2.2104252654291185 -0.023746609843020426 0.9997156471308797 0.002173339055603386 -0.05385656319052876 0.6703573715792704 0.014310383036526325 0.7419004025519067 4.231382599957679
0.7025623815445766 0.014893843645946436 -0.7114662841342962 -2.435636761313343 -0.01783802114944005 0.9998353917370492 0.0033157852002678426 -0.05658190789689265 0.711398555691453 0.010361604676510667 0.7027124106692891 4.401208217181736
0.6605574821159353 0.011158423757782978 -0.7506925485176323 -2.681084611031307 -0.012737680612560118 0.999912193876022 0.0036545903537085157 -0.055172505616257174 0.7506674125824757 0.007148014919035517 0.6606416135617328 4.5629296173441265
0.6168749984786929 0.010762586391174627 -0.7869875494479474 -2.94730833767042 -0.0101044971139209 0.9999323906803876 0.005754407552483198 -0.059036973731312455 0.7869962740635994 0.004402363271904622 0.6169420425028882 4.7093224985821065
0.5690231614682981 0.01149203584676451 -0.8222411901776265 -3.226728078800833 -0.00749225660528348 0.9999332934076186 0.008790610101376736 -0.06250823537923901 0.8222873632761143 0.001158381237123932 0.569071305153692 4.859786969824092
0.5182674178119926 0.012120355908560553 -0.8551327268951525 -3.5250852542284403 -0.006151139908533055 0.999926534073812 0.010444612628522802 -0.05936027762373267 0.8551964961997425 -0.00015306137353356293 0.518303896821065 4.9928061630512985
0.4660806505299654 0.0136477352399686 -0.8846369687755448 -3.842849553055483 -0.005351338279247327 0.999906213501832 0.012606640276079866 -0.057348298215125895 0.884726053860847 -0.0011417194266266652 0.46610997210590327 5.1058191333966025
0.41204752244200943 0.015653758595724574 -0.9110278805235483 -4.180912187993106 -0.004194843039247609 0.9998744073924342 0.015283086517624231 -0.05359860457218216 0.9111526999034131 -0.002475738971679229 0.41206143737950846 5.209316828988417
0.35733467390764834 0.01765289027940523 -0.9338095663935436 -4.537013644803303 -0.0037956297960506204 0.9998405552733088 0.01744870267994938 -0.05089458829389683 0.933968695416376 -0.0026906310682107727 0.35734470261456097 5.2945388755672855
0.30277395174900246 0.0208780547726342 -0.9528336900903555 -4.911535904269852 -0.0016937515893744174 0.9997702371348774 0.021368297658560586 -0.051401853436646106 0.953060892780649 -0.004855900347231311 0.3027397477768185 5.374501528752502
0.24943501376224383 0.022736715548971102 -0.9681245868561931 -5.298689577462412 0.0032036684961197284 0.999699488673681 0.024303679839648217 -0.05039802837721797 0.9683862403078628 -0.009163738954505934 0.24928721481611846 5.439920570578017
0.1989718545535718 0.023266884313172864 -0.9797289692511241 -5.7003657283415 0.00597513849852626 0.9996707448388774 0.02495395025257151 -0.04856944992989651 0.9799869891051805 -0.010819150042485567 0.19876731918734172 5.484143479926892
0.15168710786152198 0.02436440661991406 -0.9881282290263075 -6.120867010316688 0.004027566374204552 0.9996726168338439 0.025267327948883037 -0.04285168838055414 0.9884203559304664 -0.0078124799285833185 0.15153931879105562 5.508554591777789
0.1094458421580154 0.024701889522890663 -0.993685777440898 -6.557651158803282 0.002194219444162371 0.999682722054899 0.02509264087215094 -0.035284287664566864 0.9939903385020175 -0.0049266498664696165 0.10935691603981719 5.522450756669466
0.07193331316031877 0.023367738875773952 -0.9971356714297275 -7.00784816458407 0.000709306633640056 0.9997240653417127 0.023479566877160497 -0.02859571367417161 0.9974091915266675 -0.0023962379834276655 0.07189688937393485 5.517826738610508
0.037771411476267946 0.020773158629785255 -0.9990704661612375 -7.472327750823938 0.002190535111548178 0.9997797829768648 0.020870723673576216 -0.021148506939877465 0.9992840046908671 -0.0029768156267191326 0.03771758923511691 5.508400779393389
0.006479281112689326 0.018064270162716518 -0.9998158335712389 -7.949618006201709 0.0029357339667673284 0.999832168531252 0.018083590245600693 -0.015285087797297666 0.999974699871122 -0.003052361967854818 0.006425161793922381 5.4950093274741905
-0.019952705086922134 0.016152426223616408 -0.9996704400385186 -8.444102189510074 0.0023532895505343886 0.9998674780927006 0.016108639943659124 -0.010498179397860448 0.9997981554233869 -0.0020311030583735233 -0.019988072252235884 5.462995137781181
-0.04054718387680293 0.01387659801708869 -0.9990812609128115 -8.952754013339067 0.0016644915862326756 0.9999031074765605 0.013820460429280996 -0.002151972511004307 0.9991762383821091 -0.001102581602463975 -0.040566352638483565 5.422881893165885
-0.056680690515764874 0.012920320460446002 -0.9983087521613021 -9.480641702896548 0.0021046747726029868 0.9999155846405869 0.012821619904480394 0.009447845554060509 0.9983901390071713 -0.001374376976226038 -0.05670309886743011 5.382176202233482
-0.06957045479675256 0.01332480624545014 -0.9974880457217994 -10.023659988893787 0.0030053373666043878 0.9999090509640945 0.013147537693312642 0.01624992633382793 0.9975725135380821 -0.002083107919767703 -0.06960417296907334 5.3332153509067775
-0.0792130748143149 0.0145886202885439 -0.9967509523128325 -10.580724214225976 0.0019768281138796842 0.9998932412241486 0.014477510313420486 0.015991668511979827 0.9968557473020212 -0.0008235971974863542 -0.07923345731814525 5.28393071203407
-0.08595841821228145 0.016111288191465727 -0.9961684479701484 -11.155170833749143 0.0002278585630314774 0.9998695302944038 0.016151485050113164 0.014356597700102858 0.9962986993963803 0.0011613705955952733 -0.08595087433773953 5.227853504610066
-0.09049411302616828 0.017188310626847166 -0.9957486517617797 -11.742544065365903 0.0005543827831239765 0.9998517647231007 0.017208754743788128 0.018702994471232783 0.9958968361067013 0.0010052650879683333 -0.09049022750974844 5.17178505098368
-0.09197237305048292 0.017928436061998478 -0.9956001475370689 -12.348051453869893 0.002660115926129922 0.9998387574048917 0.017759025150674474 0.02721264248095645 0.9957580059325274 -0.0010150721223499103 -0.09200523490467298 5.1184086328355605
-0.09105489336570363 0.02017172059113677 -0.9956415560243321 -12.969471888119045 0.004781034148711836 0.9997921614053131 0.019818569700204118 0.033417311542093105 0.995834397933025 -0.0029556185285160613 -0.09113241032961149 5.068531658051155
-0.08926577394937206 0.022633950304855252 -0.9957506343933791 -13.605666617683541 0.0038799759713231637 0.999742077903866 0.022376850871441274 0.03807988514855455 0.9960002848331333 -0.0018660016232871777 -0.08933056951716087 5.0053015190951085
-0.08760793044598307 0.022711649543142767 -0.9958960947297671 -14.257784951241671 0.0018658437031057063 0.9997420494259497 0.02263522115814448 0.04306197796206286 0.9961532859707126 0.0001248384235531092 -0.08762770831832026 4.942761143379445
-0.08611239717854442 0.020172567220433302 -0.9960811827275434 -14.921090112982197 1.183490705939142e-05 0.9997950133494716 0.020246756319605423 0.051327530570603526 0.9962854284350949 0.001731708193549889 -0.08609498402713586 4.88875025400156
-0.0847649642077005 0.020050816744499773 -0.9961992097922713 -15.601698529404958 3.248458583100213e-05 0.9997975621671589 0.02012047786108527 0.06378362842149736 0.9964009733975675 0.0016731504670014663 -0.08474845591452278 4.823821032036266
-0.08317893949293245 0.0226824150240587 -0.9962764536379988 -16.29992644257404 0.000823582624215492 0.9997421515081376 0.022692558461790788 0.08132548231767747 0.9965342872859384 0.001067026971101835 -0.08317617277171839 4.768287107794567
-0.0813164326903395 0.02614248150148807 -0.9963454262631318 -17.01417168026177 -0.00022706801484435987 0.99965543970439 0.026247862951871963 0.09248299701467949 0.9966883094602018 0.002360620759031971 -0.08128247815487594 4.703677952183437
-0.07954000439237885 0.028256661326038175 -0.996431105893411 -17.74335935795985 -0.0006932331224391378 0.9995963483147138 0.02840175810981197 0.10024796901630748 0.9968314336582186 0.002949835011639726 -0.07948830948199727 4.643092641787291
-0.0777641084372138 0.027630103042488172 -0.9965888424244107 -18.482437159091436 -0.002368505022795255 0.9996079516867261 0.027898621984351918 0.111469653792793 0.9969689732498818 0.004529937144183939 -0.07766817911183112 4.579373438926396
-0.0759937332446966 0.02442188876997956 -0.9968091712341137 -19.2352004783037 -0.004409297142139864 0.9996820031471138 0.024828424889374166 0.13214795596294643 0.9970985460857154 0.00628203252791054 -0.07586188411232649 4.514576119847783
-0.07425861381003379 0.023860909531428002 -0.996953517106663 -19.998866828716423 -0.004779059708304718 0.9996937143661322 0.02428246373726522 0.14508886108341612 0.9972275662371743 0.006567682481678913 -0.07412183675208758 4.440889326969217
-0.07286541601845409 0.02619723247652615 -0.9969976610599588 -20.78457595644276 -0.0021491728054210102 0.9996485159630906 0.02642395861797075 0.15969124356745545 0.9973394668841252 0.0040681129977713 -0.07278350260826492 4.39131307768402
-0.07199545410625807 0.028248360081537093 -0.9970048569293619 -21.576987410791794 0.00015598186611375398 0.9995991624238127 0.028310601393657344 0.17283912605876445 0.9974049479813563 0.0018827199252493252 -0.07197100185485776 4.343206042442304
-0.07097350356479025 0.030047649628632878 -0.9970255265255417 -22.37753945836034 0.0016523082184699439 0.9995483511039636 0.030006060769447604 0.18184862421732131 0.997476832647902 0.0004822417894832466 -0.07099109643868444 4.288147853615595
-0.07050783497166928 0.02544957590587436 -0.9971865243242203 -23.17802169981077 0.002019670448102206 0.9996760817279738 0.025370308478362073 0.190795853840609 0.997509180979749 -0.00022518263105065605 -0.07053639595197474 4.228662280829658
-0.0703070578755938 0.018511094341229984 -0.9973536268541704 -23.984100062037907 0.003295229671071341 0.9998266583609761 0.018324701693065215 0.19942660084932035 0.9975199542236204 -0.0019981534012731227 -0.07035586904226387 4.176123213129481
-0.0705150184276398 0.013905418851725089 -0.9974137915141876 -24.8043762567356 0.00672291308445863 0.9998867470808779 0.01346459994504643 0.21041700608331057 0.9974880623926331 -0.005756069716344452 -0.07060051731830401 4.119610984030717
-0.07091478722408516 0.01473505675790899 -0.9973735363720573 -25.633461168071776 0.007817608956792274 0.9998683854918924 0.014216071329168117 0.2140265467503843 0.9974517421625781 -0.006788946617739376 -0.07102064672093654 4.05172347519225
-0.07101968653116021 0.022287536323448043 -0.9972258870735589 -26.47668438642849 0.007264805524239653 0.9997353838492093 0.02182624293299022 0.21368856382461326 0.9974484581800261 -0.005694559202072834 -0.07116280819208422 3.9904938464020363
-0.07107718622362322 0.02936318849848694 -0.9970385332371736 -27.323072730660783 0.005734124470627039 0.9995621303606234 0.029028733446167725 0.22327948425555064 0.9974543365062325 -0.003653862358604157 -0.07121443585942835 3.920593186177339
-0.07119976961752272 0.03483363648924859 -0.9968536555459616 -28.16906971608608 0.0034648818056559646 0.9993926391938236 0.03467488023451407 0.230365118475582 0.9974560578794864 -0.0009851366097902194 -0.07127722010134466 3.851574386699313
-0.07157063464552865 0.03519182884633324 -0.996814516065495 -29.015113809825962 0.0018093765989334115 0.9993803219236922 0.035152500736386996 0.23992940841420077 0.997433892753179 0.0007122739282346168 -0.0715899591639196 3.789380408653701
-0.07182317582042637 0.031830986601487116 -0.9969093337445709 -29.85585498456981 0.0016030971423897928 0.9994930305516684 0.03179798670034015 0.25418958547701176 0.9974160924582183 0.0006856898853664951 -0.07183779182826353 3.7284486137330832
-0.07237342288304924 0.0290822493446793 -0.996953514680221 -30.69408893920164 0.001200758261245799 0.9995766105134257 0.029071599441560583 0.2684069874473098 0.9973768825473097 0.0009069109914404015 -0.07237770148784936 3.6700446986748596
-0.0723418219664 0.030415663147139095 -0.9969160186444502 -31.53617686430556 -0.0003721823921396135 0.9995340092885172 0.030522545042816103 0.28090010679630867 0.9973798284880486 0.0025790911080302496 -0.07229679117504333 3.599834588175697
-0.0721513142134748 0.03292345386281379 -0.9968501562637244 -32.37542971217719 -0.0012336274351768337 0.9994513281422222 0.03309865311611316 0.28945189578241914 0.9973929346153502 0.003617853022550759 -0.07207111154191824 3.533853840238986
-0.07208793439926461 0.03127888667043439 -0.9969076993196039 -33.21701898199975 -0.0016966386014410548 0.999502847535439 0.03148299836430023 0.3001726845163817 0.9973968373378291 0.003960936405517284 -0.07199902673847772 3.467666205735427
-0.07163427711922625 0.026074261509586628 -0.9970900978489035 -34.04898336978142 -0.002610983257702205 0.9996499276819447 0.026328783715022376 0.31507903184578895 0.9974275477988537 0.004489428940758253 -0.0715411204815244 3.405746570779968
-0.07136484473965679 0.021972559642270014 -0.9972082358053665 -34.88303238123429 -0.00379556452652873 0.999744117687793 0.022300063645261593 0.32438297055688314 0.9974430573347084 0.005376408785113739 -0.07126318547023928 3.337177986084353
-0.07083887940064038 0.022678485932369978 -0.9972299330851822 -35.72048683872419 -0.003454921928805508 0.9997299375707595 0.022980762372746894 0.33523740817948383 0.9974817876431269 0.005073283018135063 -0.07074139608242491 3.28217010867592
-0.07031034164497707 0.02518876168683501 -0.9972070909006066 -36.558333131755234 -0.002293058060963887 0.9996744137079797 0.02541276180066875 0.3421566568000693 0.9975225299423048 0.004073433722587452 -0.07022969026851852 3.2251430391787297
-0.06976451037819066 0.03009677699259494 -0.9971093706842542 -37.39922838444966 -0.002244957946053406 0.9995375054116317 0.030327140308874144 0.35370950013266167 0.9975609621750005 0.004354226699621252 -0.06966467867102048 3.1646174948001726
-0.06939323107075285 0.03569446567315704 -0.9969505928589787 -38.24198547458197 -0.0011946482204684636 0.9993559750574842 0.035863741195470186 0.36881789642591595 0.997588668889734 0.0036797061314929307 -0.06930589776920452 3.1226946327931318
-0.06955872091260415 0.03894834106610619 -0.9968172405577669 -39.07659570800151 -0.0012806217348539355 0.99923322529188 0.03913210294323983 0.383441310761148 0.9975770368011563 0.003998524851287549 -0.06945550695257344 3.0561830157766297
-0.06928749525254371 0.0388040024896781 -0.9968417589529494 -39.91007980085311 -0.001141362123246839 0.9992394690136276 0.038976670687327394 0.399900222633612 0.9975960807331458 0.003838353311747816 -0.06919051054676396 3.002586657233522
-0.06907562889903128 0.0345087120736627 -0.9970143962266647 -40.74068640986076 -0.0006151134260893892 0.9993998774009967 0.034633895050183265 0.414656803652028 0.9976112364682332 0.00300563502293789 -0.06901294828097508 2.9403955703609177
-0.06852935113351528 0.030302842685627183 -0.9971887814041982 -41.56778111730344 -0.001630152219023835 0.9995338604820185 0.03048613379319631 0.4246891916102063 0.9976477688227258 0.003714764472209018 -0.06844800864856368 2.875199586268677
-0.06840534143738056 0.027511548236226244 -0.9972782079121562 -42.395466970706174 -0.005301197652536968 0.9995955703163157 0.027939096396437543 0.4405220504164338 0.9976435268001717 0.0071979523231604035 -0.0682318321318532 2.8127197926410923
-0.06895511295144814 0.0257290956081951 -0.9972879253440493 -43.22237791156459 -0.008590125006336125 0.9996149974196491 0.026383075751165563 0.4533155607425861 0.9975827795978782 0.010386075914443233 -0.06870754890745912 2.747068628521343
-0.06961101917702717 0.023949248122391083 -0.9972866887327377 -44.046723476935256 -0.006081372233625254 0.9996830145744887 0.024431276737407043 0.45821539546229284 0.9975556740958831 0.007765557651310241 -0.06944330920594538 2.687327624243003
-0.07079864460914906 0.020227426122510335 -0.9972855173690064 -44.87108960029305 -0.002398200696276595 0.9997880326077614 0.020448434847765803 0.4644839648255027 0.9974877445637756 0.0038394122937412357 -0.07073512817766638 2.6340811170505973
-0.07154965919720373 0.01850324612494883 -0.9972653990546372 -45.69405255578385 0.0018307169826502078 0.9998286713318517 0.018419458681361776 0.4777800081035735 0.9974353586794954 -0.0005078047110103397 -0.07157127489630212 2.5779261543761742
-0.07358179507728936 0.021989882696950527 -0.9970467213186047 -46.51750408601757 0.0020797889882484817 0.9997580863219402 0.02189619399935187 0.48427373623065456 0.9972870168166076 -0.0004624855319348161 -0.07360972895048998 2.5271470196705343
-0.07517007508372459 0.028143781849844274 -0.996773488489284 -47.342493596607774 0.00436917043895693 0.9996013344143962 0.027894131759826517 0.4894665217160019 0.9971611555619198 -0.002258269281461907 -0.07526307234142027 2.469111717363911
-0.07685025528607553 0.03188374139249074 -0.9965327216390253 -48.158720224889464 0.006368193945401268 0.9994838723100539 0.031487062390360414 0.4981843743524467 0.9970223088619127 -0.003926324861428106 -0.0770136325902354 2.4042135768911237
-0.07840030579579256 0.031026869903080376 -0.9964390224168986 -48.969182379051425 0.006655497270495461 0.9995095879521912 0.03059882265257932 0.506035464517816 0.9968997424050269 -0.004232840140957405 -0.07856835658923043 2.3413318712895914
-0.07951997557087143 0.027352337045422715 -0.9964579384717464 -49.77246755645905 0.0037086398743306553 0.999624673103643 0.02714330327572608 0.5103758621899425 0.9968263737860725 -0.0015370688303111718 -0.07959156955306489 2.2706606265809866
-0.08098769814659319 0.023836663998882776 -0.9964300307589699 -50.57080081149168 -0.000664114387654909 0.9997124777132272 0.02396916470302598 0.5173954554482545 0.9967148798432762 0.0026029509955130745 -0.08094858210690634 2.20316166651293
-0.08215321734039956 0.022384263716538132 -0.9963683021947709 -51.367881964450504 -0.005136137847409924 0.9997249526677888 0.022883161962463684 0.5223722892515045 0.996606476483388 0.006997410324999948 -0.08201565265307666 2.1269502923924297
-0.08303351424456876 0.023351293455372586 -0.9962731315287785 -52.1619179624722 -0.0066251756349181646 0.9996904000447274 0.02398355908158682 0.5294085326764609 0.9965247325380359 0.008591923671364443 -0.08285310065182822 2.0450354894583973
-0.08402033254022759 0.02471205139348931 -0.9961575669720909 -52.95587161466334 -0.006465487041852785 0.9996578756577117 0.025344212610049908 0.5373958051850691 0.9964430647042215 0.00857007301236822 -0.08383181169115626 1.9767577939584169
-0.08492146828588398 0.02429394111866282 -0.9960914358878371 -53.74242470364208 -0.008307127724703618 0.9996507065851602 0.02508897073927238 0.541951338835393 0.9963530176865704 0.010405251016364223 -0.0846899929044241 1.9019217485520363
-0.08530691496647481 0.024111725799688923 -0.996062927197807 -54.52519072348195 -0.009525551683470933 0.9996417135248853 0.025014164910251536 0.5492264471854574 0.9963091860080526 0.011621930131968208 -0.08504667316232602 1.8310149428995401
-0.08575164705101679 0.02569085865581835 -0.9959852583294418 -55.30409773506368 -0.007939493356823337 0.9996181282138128 0.02646813539996516 0.5581030138949334 0.9962849087852707 0.010177304546916873 -0.08551492851476006 1.7552163538630807
-0.08596182391919688 0.02855701288737233 -0.9958890810945944 -56.07943025560396 -0.007049555178011395 0.9995466713260026 0.029270387986851318 0.5649100009969975 0.9962734908649721 0.00953671096652766 -0.08572154072147659 1.683980075298298
-0.08603497808129114 0.03288088107285023 -0.9957493812232198 -56.85245712046377 -0.007116170353241401 0.9994094679744642 0.033616594748763204 0.5701820263696553 0.9962667025782082 0.0099781252182966 -0.08575018572033888 1.6087455101619499
-0.08664896985309728 0.03499837125011872 -0.9956239601542523 -57.6170838767517 -0.006970603053262263 0.9993369710601582 0.035735542046859005 0.5786454176124484 0.9962145184228502 0.010036547322054636 -0.086347559324982 1.5399384147301876
-0.08728880409431983 0.03479695802613887 -0.9955751284518466 -58.37338333019376 -0.006610741305881335 0.9993475123290305 0.03550841732836305 0.5954196766476813 0.9961611128623576 0.009680976908639524 -0.08700181553809229 1.4723319934348513
-0.08741403988175357 0.03290280593800001 -0.9956285406681339 -59.12063988167617 -0.005996700954655751 0.9994188965564256 0.033554564273696304 0.601661345355578 0.9961540168112621 0.008903626639942819 -0.08716593499438238 1.3990007337328823
-0.0875825486400563 0.029243257025915247 -0.9957279392947799 -59.85392047897126 -0.005675952353336057 0.9995381423770094 0.029854405008315148 0.6136900669500447 0.9961410947946057 0.00826642921908333 -0.08737611463879061 1.3300535285917676
-0.08739722639165659 0.02640803063363329 -0.9958234485776578 -60.58099302177616 -0.005901362285506259 0.9996172961304206 0.027026564711092483 0.621022550165997 0.9961560614392814 0.00823876173710304 -0.08720793577891031 1.2655907797120678
-0.08603289175815321 0.024134480993550443 -0.9959999339171174 -61.290246043000955 -0.006409602307478251 0.9996724519545755 0.024777122540511422 0.6253330141176004 0.9962716790785485 0.00851561097628964 -0.08585001942754969 1.198530466290695
-0.08380210433975506 0.023458768657715443 -0.9962062504729094 -61.98588496048439 -0.00903691082659706 0.9996638562729463 0.024300384857346913 0.6297675029074644 0.9964414390976227 0.011039050437733866 -0.08356193998760594 1.138817985277291
-0.07956675573736949 0.024405100264472106 -0.9965307433604402 -62.6661317801284 -0.009446610033283526 0.9996369015701153 0.02523542308303221 0.6325793594072642 0.9967847776427515 0.011421738063081024 -0.07930731970826872 1.0807338953608645
-0.07407208332836929 0.025948183187818264 -0.996915251293031 -63.332399246478616 -0.008519420397305431 0.9996084875238386 0.026651287893814563 0.6358003637617249 0.9972164990349337 0.010467256543929736 -0.07382201970248778 1.0419187609854295
-0.06706379897859258 0.027584748684485325 -0.9973672986952066 -63.98295561842081 -0.00761010079619064 0.9995745301330642 0.028157504774695634 0.636534958753534 0.9977196666561363 0.009478414913843878 -0.06682534263503857 1.0045690760912689
-0.05829835223851026 0.028991217511115816 -0.9978781546028044 -64.61836973244196 -0.008825273532119916 0.9995242059197765 0.02955463292826685 0.6401304706909309 0.9982601948757441 0.010529534066828787 -0.05801475880306376 0.9689695980747381
-0.04656835736776441 0.030760036758270645 -0.9984413894819759 -65.23836294390009 -0.01120842539555109 0.9994467560607344 0.03131378290510744 0.6429252662696763 0.9988522209477342 0.012649187258700744 -0.04619782212911982 0.9463012940262074
-0.031814078373984804 0.032458173527152495 -0.9989666317692979 -65.84013165197429 -0.01446128929581192 0.9993529917915502 0.032931275547442136 0.6461326545843469 0.9993891812147645 0.015494023640100274 -0.03132410736674293 0.931841493948334
-0.013454558454897677 0.03370859404532731 -0.999341135721067 -66.42443752172252 -0.016317976170752497 0.9992911033868872 0.033926602327810106 0.6551068882898569 0.9997763242398147 0.016763692293344724 -0.012894964529597042 0.9320641646680695
0.008643454792599163 0.03462656049157945 -0.9993629430781253 -66.98590582520403 -0.0170956281643654 0.9992593288156357 0.03447511091486057 0.6574272307168911 0.9998164982570125 0.016786753213447084 0.009229015637475673 0.939116614026603
0.03431304598351028 0.035138334093838534 -0.9987932280269247 -67.52595570239087 -0.016519867477917293 0.999265132708982 0.03458740421907379 0.6577130476991491 0.9992745913180452 0.015313132573426716 0.03486831107098657 0.9620424673614639
0.06356358580092014 0.03479717819491734 -0.9973709575427798 -68.03965881117175 -0.01509582220920939 0.9993111210631419 0.033902794447587314 0.6626576907282712 0.9978636112775923 0.012901151467934585 0.06404509020092311 1.0142623994242874
0.0974146832358223 0.03484072717498989 -0.9946338538477281 -68.53178707794208 -0.013914392735919705 0.9993370596185864 0.033642695309224944 0.6681456887987199 0.9951466068699907 0.010562433564131245 0.09783489066968022 1.0813946591249157
0.13471546545223992 0.03527445100185724 -0.9902562579830058 -69.00459283418883 -0.0130315458302918 0.9993427978938798 0.033825302820607306 0.6689398374740014 0.9907986284716285 0.008347778396097752 0.13508661078948656 1.1653296151486148
0.1747955147804345 0.03501065454579552 -0.983982104553187 -69.45224680697196 -0.012783173415882282 0.9993640762287065 0.033287138972347155 0.6747241790859899 0.9845217714657523 0.006759971288388947 0.1751319054259323 1.2794859553072517
0.21876779938397325 0.035730473364981835 -0.9751225477988955 -69.89490928173771 -0.01175974484696877 0.9993533231759968 0.0339800508861694 0.6816387611946838 0.9757060819497994 0.004033451401318444 0.21904650856830674 1.416944333499879
0.2664883389392993 0.034410558883613517 -0.9632236908666085 -70.31676155081874 -0.00882040040553677 0.9994077135443538 0.03326293199244149 0.6842276851993097 0.9637977826007175 -0.00036816486137411335 0.26663401641308926 1.5709643015837833
0.31448624238882517 0.02929675252920061 -0.9488098353407817 -70.72040909316979 -0.0011089137554302665 0.9995342908709901 0.030495437090011367 0.6877289798063333 0.9492613832124641 -0.008538247142745509 0.3143722708466653 1.7721169409146165
0.36548812293091915 0.02415441901387725 -0.9305025502590183 -71.11267580632993 0.004110149431467695 0.9996116241495269 0.027562792616079846 0.6862701024667978 0.9308069287817344 -0.013898377863911513 0.36524689789876025 1.9666577794604005
0.41668173226360194 0.01916230985246157 -0.9088504496774614 -71.49602948724905 0.009382071668135738 0.9996339047753614 0.025377808313146445 0.6948960238163457 0.9090040212941956 -0.019101369183466783 0.4163494049068628 2.193517819268778
0.46707719284613836 0.018580328244908757 -0.8840213047915103 -71.86330139183251 0.009142007363661034 0.9996242808718755 0.025840293975681092 0.704317720146008 0.8841692822216425 -0.02015114125051727 0.4667318415128406 2.4267605800416603
0.5144227275994765 0.01725831175545807 -0.8573630549565731 -72.22104150438562 0.010578347786639072 0.9995936782122842 0.026468415822303897 0.7120605322097773 0.857471489839295 -0.022685439237292628 0.5140311420131966 2.6848886829589813
0.5584976380826645 0.013156896537593783 -0.8294017629168541 -72.55294244707228 0.018214339958554968 0.9994386145186235 0.028119275043454697 0.7131100345390876 0.8293061112013824 -0.030811554368358585 0.557944461430926 2.973779229809517
0.6020533118496892 0.006766767703155324 -0.7984272168116977 -72.86373614707861 0.028355799881158494 0.9991521155258478 0.029849600555511665 0.7139066043202098 0.7979522280838126 -0.0406110932514189 0.6013509630831265 3.2709670413358376
0.6438435893214524 0.0014177915029315747 -0.7651558157375036 -73.15993125635117 0.029958749372105808 0.999184773091376 0.02706035030068854 0.7197608699648981 0.7645704060619458 -0.04034574438018013 0.6432762354421936 3.5793923319255483
0.6846255994122523 -0.003069995691316001 -0.7288884439719638 -73.44183962294923 0.026598384567284694 0.9994303280184978 0.02077367024022942 0.7238602359096417 0.7284094415696609 -0.03360944157962552 0.6843172443164649 3.8868185749892317
0.724578931167314 -0.010620935200245311 -0.6891099826906487 -73.71109166917896 0.02359084339578504 0.9996775274639436 0.009397509853843604 0.7368336920360861 0.6887879533037063 -0.023065923329659493 0.7245958311808324 4.224065073461996
0.7635585130771281 -0.013224016497798802 -0.645603223733519 -73.97324889114361 0.018708212364846613 0.9998236299910975 0.0016467244875171764 0.7415773763461772 0.6454675823754105 -0.013335452714172536 0.7636712419643354 4.574986981927386
0.8001717193834234 -0.014903494506336596 -0.5995857781422741 -74.22321909351037 0.017829676753479216 0.9998404789922496 -0.0010579203261911882 0.7465238457836375 0.5995058983244805 -0.00984390268388095 0.8003097996739184 4.965899262458837
0.8339502698101919 -0.015933091882636058 -0.5516095394992441 -74.4611769896346 0.017523296077263384 0.999843604415834 -0.0023876355130143198 0.7471301172858029 0.5515613126190927 -0.007674847999401454 0.8340990439570645 5.382650744492922
0.8643165042334119 -0.014585590877863498 -0.5027367512411227 -74.67772483487873 0.014492119771568425 0.9998866027565187 -0.004093909202158925 0.7439290312066944 0.5027394543640481 -0.003747287922296538 0.8644298692542767 5.818440461914776
0.8903215534691122 -0.012790303494376619 -0.45515265523214155 -74.88714455117562 0.013216226261832631 0.9999101384476093 -0.00224641783292139 0.7373498252620397 0.455140486873825 -0.00401536626047458 0.8904105873371291 6.286264080831879
0.911577668750019 -0.006815083742893853 -0.41107141529162344 -75.09021979840338 0.006989953806492979 0.9999749891999691 -0.001077738514826486 0.7359312588361868 0.4110684789448877 -0.0018909278411904928 0.9116025065837825 6.769111482928633
0.9291618424650148 -0.002592363158082144 -0.36966410450607196 -75.28153500351294 0.0017973140750101842 0.9999952720151051 -0.002495117142185003 0.7328378813120047 0.36966882498952325 0.001653965142943862 0.9291621086926493 7.27549791695229
0.9426790811336383 0.002288182999448895 -0.33369284411206795 -75.45573501862935 -0.002744801870615741 0.9999958307951263 -0.0008969141862697116 0.7316790802990973 0.33368940057444213 0.0017614229836983475 0.9426814315203951 7.809444681546136
0.9526519736040518 0.0030596113492489824 -0.3040474567673557 -75.60835845275447 -0.002784813352784177 0.9999952280512656 0.001337418890508297 0.7214090185363431 0.30405009785049447 -0.00042737932809226503 0.9526559480442107 8.365468946556925
0.9599633410020257 0.0025664547929383384 -0.28011390047983115 -75.74886676112666 -0.001786352087190855 0.9999937830019259 0.0030402144199531645 0.7129737158855481 0.2801199615851201 -0.0024181123411674515 0.9599619575036584 8.943573973983346
0.9658629314767959 0.00277638838898086 -0.2590387794647052 -75.90358877369309 -0.0015195336072687511 0.9999860835791601 0.005052095172397849 0.7115004828733323 0.2590492011504122 -0.004486013322329448 0.9658537089372305 9.53445741489034
0.9705756127386074 0.00527653869173142 -0.2407387341009164 -76.05400085341684 -0.0035857232464192408 0.9999657377359985 0.007460961258574805 0.7144481488531416 0.24076985389761082 -0.006378204569981049 0.9705612788281768 10.144904853820846
0.9742318113996004 0.010093004492100667 -0.22532312113357608 -76.19959015289973 -0.00824902436127116 0.9999243530479743 0.009123693258689898 0.7138180134825427 0.22539816160328519 -0.007029896294679228 0.9742413711724341 10.769808627732987
0.9771678360256156 0.013888702811386714 -0.21201444330807503 -76.34284502223944 -0.011941054078468266 0.9998739490826344 0.01046408970690199 0.7128718496040708 0.21213305132513138 -0.007693495961913217 0.9772105088748138 11.411252027405014
0.9799065768941027 0.012937559644801146 -0.19903698176499685 -76.46675898737148 -0.011082583072740593 0.9998841780437064 0.01043105221436155 0.7084397086038975 0.19914888127257468 -0.008015612783820496 0.9799364637769028 12.070479342803903
0.9825605112255948 0.012807322083750078 -0.18550152096719072 -76.58583487916006 -0.011149025183650409 0.9998880436272556 0.009979952340325102 0.7107884370391894 0.18560856935376696 -0.007737745944648194 0.9825932964712019 12.74610344971113
0.9851820992235488 0.013019645908959425 -0.17101672488352496 -76.69909558711149 -0.011346857945934843 0.9998777788803711 0.010755283167447161 0.7130127816407356 0.17113585300642448 -0.008655409965016871 0.9852094212369774 13.438156061996633
0.9875151249626505 0.014179372852681114 -0.15688474545189454 -76.81329565530224 -0.012562818057605514 0.9998573348996845 0.011290945476495853 0.7166284014162534 0.1570224619997165 -0.009179064920042323 0.9875523738996024 14.145968979396558
0.9894027130269043 0.014411012252368564 -0.1444804283661411 -76.90744369464213 -0.013300519292410143 0.9998741365342481 0.008649119980994008 0.7105973786181752 0.14458688613271126 -0.006635798049631093 0.9894698573189028 14.864413081788333
0.9909469767511034 0.014708633968330683 -0.133445664428014 -77.01195201177832 -0.014383577772602388 0.9998907716740237 0.0033996193295953124 0.7084849630442461 0.13348109213782977 -0.0014494164040501122 0.9910503000523125 15.595275201187855
0.9922087286104675 0.012128437909176056 -0.12399491869864389 -77.10575690439825 -0.01257279956080027 0.9999170338532057 -0.0028018068121339096 0.7088596326877683 0.12395064977806228 0.004338940434235344 0.9922788972942552 16.336107284758132
0.9931809301965014 0.012195220910119747 -0.11594359180638553 -77.18760134148275 -0.012605886771013205 0.999916596193876 -0.0028093192718347195 0.7012102984826244 0.11589966140040546 0.004251734117755671 0.9932518267006922 17.0945261753036
0.99391657363756 0.013955994652645343 -0.10924776822355928 -77.28150836450497 -0.01366323998568083 0.9999007778020924 0.00342788912685035 0.6944372507719971 0.10928476802220317 -0.0019143573406299628 0.9940086391547633 17.864541738610995
0.9944007459848844 0.01844346519268837 -0.10405284703645648 -77.37712758901816 -0.017332463668317588 0.9997828197603799 0.01157147420046553 0.6858337650012024 0.10424366689584767 -0.009703190386243296 0.9945044524829614 18.637921378212592
0.9948316450315575 0.018699045500595087 -0.09980152173775962 -77.46028357312476 -0.017250042392816634 0.9997331842426045 0.015362173075134 0.6816369858622422 0.10006215109246724 -0.013561195430751004 0.9948887676002962 19.410940542774096
0.9951891197170324 0.017353946651767423 -0.0964233194432042 -77.53305952207636 -0.016070273729046573 0.9997718137272292 0.01407361996223941 0.6834866840020536 0.0966455498153536 -0.012456364324137383 0.9952409138940738 20.176785260925854
0.9954924515698432 0.01758997221131214 -0.09319534186357749 -77.61117772430576 -0.016424949565220427 0.9997772614243238 0.013253247551482968 0.6792874243465292 0.09340770792201074 -0.011662779106464948 0.995559631405507 20.94312257093917
