0.9999785821571884 0.00043890807620566803 -0.0065301291411373665 -0.06979546141996988 -0.0004370614958650332 0.9999998641029724 0.0002842028953236134 -0.006947358128327141 0.006530252992658265 -0.0002813427403000559 0.9999786380928917 0.9975371206987824
0.99990709187912 0.0009200787988641587 -0.013600039148657839 -0.1547668637624463 -0.0009166648875959416 0.999999546772916 0.00025725366210534303 -0.025991923338254605 0.013600269678392184 -0.0002447630827935014 0.9999074820980731 1.9937384784450936
0.9997703545461294 0.0010211080226782228 -0.021405501842111065 -0.20736540636907008 -0.0010319449743431434 0.9999993449183693 -0.0004952296461075077 -0.021032417389297377 0.0214049821367953 0.0005172052189199184 0.9997707533422274 2.992341891084566
0.9995397196788518 0.0017012654648327378 -0.030289511058127 -0.3693355466163448 -0.0017558397319407484 0.9999968827559479 -0.0017752479328165417 -0.046673856577724875 0.030286396470329192 0.0018276143481048225 0.9995395910191035 3.9788043440958036
0.9990341194965057 0.001573830905992141 -0.04391299509394762 -0.38785127385378104 -0.001762658029015791 0.9999893656773262 -0.004261639230583847 -0.012303580428335662 0.04390582100945693 0.004334926589718575 0.9990262695709995 4.978041967623773
0.9985280175384813 0.0015970638999162833 -0.054214828023059505 -0.6742168402098494 -0.001811214852686051 0.9999907502599065 -0.0039011402675412153 -0.07154023147340238 0.054208096179701265 0.0039935925592386535 0.998521674039699 5.934329458750785
0.9975678271016322 0.0015370998891309881 -0.06968549099819007 -0.8755258268098765 -0.0018099640767240022 0.9999909403985172 -0.00385268100554842 -0.08121929366940212 0.069678937719866 0.003969438854596264 0.9975615716302481 6.913809416994653
0.9960995199676388 2.241705206835684e-07 -0.08823687619237833 -1.0549256582453335 -0.0003598085852804052 0.9999916962283761 -0.00405931177388829 -0.08233117132857357 0.08823614258353156 0.004075226894961442 0.9960912486653685 7.897585023481286
0.994100627625165 -0.0011388317525324455 -0.10845572929768262 -1.2428849634820354 0.0006750612732294552 0.999990472209577 -0.004312746496734413 -0.09465849628384877 0.10845960744687477 0.00421408973648318 0.9940919248239382 8.879684466574833
0.991557088435326 -0.0013749762363539514 -0.12966360250281642 -1.521279867637591 0.0008068791009297891 0.9999898453661821 -0.004433746794317558 -0.13045591821945315 0.12966838211289364 0.004291690211222178 0.9915481289757724 9.839483822474731
0.9881733708799884 0.002080281605940967 -0.15332664971269866 -1.8318349844112547 -0.0030496707324603593 0.9999768208940489 -0.006087461133763334 -0.14792703575217742 0.1533104321046163 0.006483062784786846 0.9881568100786553 10.789878613826515
0.9839589913355706 0.00640681839808141 -0.17827971294541642 -2.175544369905487 -0.007897445872559878 0.9999395309767902 -0.007652760195311806 -0.17676702605924713 0.17821990270050098 0.008937956585873959 0.983950089798 11.728511712008219
0.9787897641458327 0.009308268271596866 -0.20465569560881683 -2.542782778853366 -0.011268890800046371 0.999901080661147 -0.008416709143543397 -0.21842565134023317 0.20455710621604253 0.01054443144291622 0.9787978367681774 12.657705173875058
0.9723386425992611 0.01001460108726057 -0.23336081906200376 -2.921334636344195 -0.012424642384561015 0.999883559523148 -0.008859777476618643 -0.22519855387307913 0.23324491927980331 0.011514128728760538 0.9723498508611883 13.583260465911783
0.964636042060607 0.012054918914284833 -0.26330967564374935 -3.3374001330532104 -0.014680385665062076 0.9998601872201583 -0.008005765971775958 -0.2624060464448372 0.2631763527264019 0.011588137988470111 0.9646781444728538 14.491833569857231
0.9555043921565022 0.013787408431470957 -0.29465448229812635 -3.7775626181079516 -0.016653777263417418 0.9998352428079884 -0.00722073001511673 -0.26811400824673515 0.2945063806991175 0.011806549361880907 0.9555765783649531 15.389733556467778
0.9447655515733445 0.01608140330963904 -0.327352166676664 -4.2618169089932465 -0.01909284616942202 0.9997997854184495 -0.0059876792142646434 -0.28955782970624444 0.3271903357152599 0.011907037617093552 0.9448834354933523 16.26439802069803
0.9326803432529446 0.018357488994602822 -0.3602365610364692 -4.762004101849281 -0.021877525588309625 0.9997444315461117 -0.00569609222840311 -0.29577922561905795 0.360039929985136 0.01319371783670749 0.9328435960148641 17.130292959952957
0.9195659787200805 0.021332702320964465 -0.3923561221546885 -5.324785687423193 -0.025317086144907786 0.9996670517372593 -0.00498305328755583 -0.3010464949314819 0.3921191858730086 0.014515560017457838 0.919799892687354 17.95688180777757
0.9040805864985128 0.021869352961043777 -0.4268020905731013 -5.8805376086734125 -0.026314722388851974 0.9996434897066641 -0.004519831045494516 -0.29440887306293334 0.42655108545413656 0.015317470030897722 0.9043337584154147 18.78820348080541
0.8863178590269215 0.017451480642658293 -0.4627484182504706 -6.450416583094492 -0.02243628183418376 0.9997343832184223 -0.0052703195669100604 -0.29509337872055746 0.46253352962503225 0.015053532285121766 0.8864739844678746 19.6099318214455
0.865951713699452 0.012899150292954607 -0.499961239960361 -7.057282401893149 -0.018050380881946486 0.9998221252927879 -0.005468228692074554 -0.31765018417175234 0.49980177399745046 0.013759712814297286 0.8660305173677594 20.404415961257143
0.8431383979810676 0.01523056030136649 -0.5374808572245385 -7.779539895399983 -0.019113343425853184 0.9998159600449231 -0.0016511034290329274 -0.3692429085996247 0.5373567920413808 0.011665164909010496 0.843274333757788 21.094113204977212
0.8154299433586543 0.021256271838175182 -0.5784653648937357 -8.511107691823003 -0.024562946784276195 0.9996960589948702 0.00210980458743212 -0.3907295594842431 0.5783343921291333 0.012488416139204195 0.8157042174360504 21.775543218480774
0.7838342681679928 0.024463360811318207 -0.6204880208540384 -9.258847496020433 -0.027766947625372854 0.9996050297997412 0.0043337072614315405 -0.41686017701716377 0.6203489636205707 0.01383215011750689 0.7842039498485136 22.43902069061435
0.7501149496935274 0.02391913917463786 -0.6608747513919869 -10.058002771051166 -0.02730868660906167 0.9996136119808445 0.00518289285021881 -0.4242107576451777 0.6607433676412986 0.014159856063996541 0.7504783145396556 23.040100382205374
0.7104187536630778 0.019516419101985462 -0.7035085669906475 -10.808883289427849 -0.021519611921033906 0.999750400156822 0.006003639649551472 -0.4089895547225579 0.7034501409101904 0.010874133147484874 0.7106614190187363 23.700363012400153
0.6701135686388756 0.01616881322938703 -0.7420824580899509 -11.648767971936781 -0.016222924468578863 0.999842938899044 0.007135422580949787 -0.42219176081487286 0.7420812771171075 0.007257204177583988 0.6702706252997871 24.242967290872844
0.6258730765199343 0.015351944688938041 -0.7797738196950061 -12.481301032937779 -0.013940758063837154 0.9998667299749447 0.008495737390929608 -0.40067565938459876 0.7798003253090355 0.005553384866715752 0.6260036841460634 24.796524640005043
0.5789284017213194 0.015702188594545207 -0.8152271750584249 -13.358758746247197 -0.01183285180593669 0.9998710613393704 0.010855612107052852 -0.3823085600835753 0.8152925176269785 0.0033618401837960878 0.5790395571392697 25.275826830568025
0.5297936970927697 0.016945788648645384 -0.8479572387613952 -14.276017904720385 -0.00980181796401728 0.9998559392898373 0.013857309675279256 -0.40421072544334546 0.8480699044803882 0.0009700071709843787 0.529883474172118 25.67351504087504
0.4792684991171317 0.01843477349008433 -0.8774747089690853 -15.219551743442405 -0.008631799222897736 0.9998300378722147 0.016290715472942172 -0.39646097168004935 0.8776258871502068 -0.0002334412432694103 0.4793461668867277 26.00470051309149
0.4263558957375593 0.02053266417353471 -0.9043224313660256 -16.173324249525944 -0.007469749924414313 0.99978817165513 0.019178494585288055 -0.3867936549709147 0.904524655830835 -0.001421801824465831 0.4264189553404983 26.305074495990414
0.37276340223399645 0.022646509493237488 -0.9276500318345859 -17.14274839508935 -0.007026917167540072 0.9997423691144133 0.021582813362014425 -0.3827892435995159 0.9278998159230644 -0.00152676300443826 0.3728265020149078 26.550432949701477
0.3190072577474031 0.025589535650366528 -0.9474067474794975 -18.11902919324523 -0.004689955573450916 0.9996658105032026 0.025421873017008212 -0.37231913557008134 0.9477406680211636 -0.0036664664422919697 0.31902066265780743 26.76668779826837
0.26712266339715846 0.027381366681631478 -0.9632734520676121 -19.105164602061855 -0.00016604423558327572 0.9995975378953232 0.028367845581193412 -0.3642476736960012 0.9636625213885412 -0.007417748462481422 0.2670197031659408 26.93243395100974
0.21743971890840763 0.027739270340474194 -0.9756795075853599 -20.096757744205494 0.0026407266938263934 0.9995757153607687 0.029007168485301774 -0.3568326164649721 0.9760701794459052 -0.008883813482072846 0.2172742107440608 27.061616137872914
0.171424068521297 0.028774932073097247 -0.9847770265475296 -21.094935201091726 0.00035935969235018463 0.9995714836799908 0.02926977749133229 -0.34555283431205874 0.9851972693791927 -0.005371433511570865 0.17134026995955615 27.120899449601733
0.12923345627618746 0.029179598309180602 -0.991184778344293 -22.093248174939113 -0.0014442545554650924 0.9995714294124484 0.029238187890711184 -0.32612344509394176 0.9916131442794062 -0.002347028944937724 0.12922021338568457 27.175614020618944
0.09282675611002598 0.027804319634747034 -0.9952939832831996 -23.09299781219852 -0.0029561192430084017 0.9996133145987824 0.0276492791199968 -0.3037511572620513 0.9956778870242682 0.0003756148069440266 0.09287305424290689 27.175261824620353
0.05937388273104234 0.025051835893606177 -0.9979214135230288 -24.092753307333332 -0.0020292443143370273 0.9996860065053692 0.024975399193174857 -0.2849555562746767 0.9982337522929955 0.0005421399316902936 0.05940607601366458 27.163614703982148
0.028159306196682467 0.02246765797558716 -0.9993509182562516 -25.092640250190488 -0.001649542764261925 0.9997470531829513 0.022430083831157903 -0.27859602303743924 0.999602087074247 0.0010168564775493369 0.028189244752453185 27.149989812443035
0.0016358122924289905 0.02062057064348676 -0.9997860352017729 -26.09178989621911 -0.002297846367957254 0.9997848108706894 0.02061678574191067 -0.26806691772390556 0.9999960220021945 0.00226362951817584 0.001682843186764309 27.110126266074637
-0.018369309425478073 0.01838192166306647 -0.9996622796860967 -27.088961619840035 -0.002761080564663611 0.9998262361044425 0.018435672793194205 -0.25572402997221877 0.9998274575672279 0.003098798669673714 -0.018315363536068656 27.035989993470356
-0.03428645319413485 0.017565362068069693 -0.999257673066754 -28.086470900425716 -0.0022513524040256943 0.9998416411601495 0.01765287553149146 -0.23945566195692866 0.9994095109311896 0.0028549356551523884 -0.03424147781106504 26.967356507389706
-0.0471281625510438 0.017927386556052072 -0.9987279635145058 -29.083622980463737 -0.0014860353699860226 0.9998365689705357 0.018017409583649436 -0.22612203882348564 0.9988877454416196 0.0023332724863836885 -0.04709381961640777 26.893127646379458
-0.05723419593584144 0.01903384168917576 -0.9981793224096204 -30.08117412311722 -0.0024422293321528406 0.9998125838062272 0.019205019619975113 -0.22198622114207295 0.9983577927433968 0.0035369666758186136 -0.0571769843142088 26.823309365074568
-0.0632417145404835 0.020638956869626218 -0.9977848059583357 -31.075569842280757 -0.004366771800785365 0.9997708453926326 0.0209568129003261 -0.2267562668437091 0.9979886857304646 0.005682443333031768 -0.06313709679536299 26.717695062434743
-0.06509555104404642 0.02223694301985382 -0.9976312382836674 -32.06618537409356 -0.004967259699343657 0.999732069056851 0.02260788425275065 -0.22420511089902356 0.9978666722390079 0.006427166128105669 -0.06496765326076143 26.581040970277176
-0.0708839827542104 0.021675880342982415 -0.9972490246674888 -33.0638865177876 -0.0011022284827587863 0.9997615514168613 0.02180883767927592 -0.17967430751275604 0.9974839578064768 0.0026450935533391695 -0.0708431887962527 26.63212338034192
-0.0698177571295646 0.023727989309986416 -0.9972775257232576 -34.060640791372784 0.0008021182659972682 0.9997180844411979 0.023729901970039383 -0.1668783032730541 0.9975594405325855 0.0008568340128014779 -0.06981710707119022 26.55264281479432
-0.06821945657036567 0.026294955316052315 -0.9973237594032196 -35.05730101066458 -0.00011520126599305364 0.9996523966096925 0.026364231093754825 -0.16401617084090803 0.9976703325617701 0.0019134464777998046 -0.06819271404383544 26.471032793340754
