1.0 0.0 0.0 0.0 0.0 1.0 0.0 0.0 0.0 0.0 1.0 0.0
0.9999792407440048 0.0005228578295595512 -0.006422203728775601 -0.007256491032384438 -0.0005205911027231484 0.9999998016154057 0.0003546181793072496 -0.0015958398994885355 0.006422387869600875 -0.0003512674755766147 0.9999793145586628 0.09137836498275427
0.9999091692502671 0.001012778249182381 -0.013439774159522046 -0.01596256766150945 -0.0010090042551888754 0.9999994496023237 0.0002875855747143841 -0.0022297649319489117 0.013440058022716427 -0.0002739986637852885 0.9999096408001467 0.18535333232734325
0.9997795884501477 0.0012412263232871486 -0.020957907234930764 -0.026064676945929514 -0.0012503754474874386 0.9999991286256376 -0.00042344917759769285 -0.002625909088277116 0.0209573633764819 0.00044956109714544925 0.9997802692667654 0.2828815971031463
0.9995436295677533 0.0017799605552802195 -0.030155668305375975 -0.038439232339781394 -0.0018388676793171055 0.9999964548954136 -0.001925814701152209 -0.0011370574652070386 0.03015213352617313 0.001980388100059574 0.9995433591929832 0.3865694366442236
0.999133991718431 0.001881927864234701 -0.04156591079608986 -0.055619226738286974 -0.0020307338458451004 0.9999916790636862 -0.003538067754742736 -0.0009407859664366301 0.041558906540500096 0.0036194130606533666 0.9991294996827261 0.499976985893741
0.9984801889935472 0.0016858205655331257 -0.05508602541871828 -0.07513126117794261 -0.001930772932511959 0.999988483220996 -0.004393807148150277 -0.0017823136400030742 0.05507798383468598 0.004493487998524406 0.9984719446545874 0.6264462361790004
0.9974562565569732 0.0015416064573115906 -0.07126457538553568 -0.10075682261553541 -0.001860610349311874 0.9999885442150431 -0.004410166414884231 -0.0017192975904246097 0.071256960252862 0.004531543689485348 0.9974476982415231 0.7649528810600331
0.9959602378172474 -6.461135122931604e-05 -0.0897953256711378 -0.12891740494508286 -0.0003305724597669748 0.9999903265497635 -0.004386060732185571 -0.004254229140807491 0.0897947404298339 0.004398025951591102 0.9959505820867157 0.9168441717682347
