0.9982762439976209 0.0008069039674123739 0.05868466218689202 0.08739353705708315 -0.0013495116086887893 0.9999567030018288 0.009207113561283196 0.023667015393206446 -0.05867469206071962 -0.009270438376890542 0.9982341105591814 0.9407152674157129
0.9940259212816256 -0.005232415210303515 0.10901875825417766 0.21137300288152105 0.004866164901352395 0.9999815886792681 0.003625291938588072 -0.002983561430583285 -0.10903572010753493 -0.003073130904164355 0.9940330817468186 1.948415383488643
0.9890982349262974 -0.003776654519588017 0.14720875838863362 0.3709145867143908 0.004411689169195944 0.9999823179586429 -0.003987576799736672 -0.02276661688327031 -0.14719109573733674 0.004593544459246516 0.9890974070762408 2.9582754756679526
