0.9968773400919175 0.05352049789023347 -0.05806139093102301 -0.014407176963191186 -0.05291820663231411 0.9985283849301456 0.011862878892353984 -0.0008618286691258609 0.05861085409788254 -0.008753330473394985 0.9982425291418615 0.9990805216677584
0.996595158288638 0.05492533117508383 -0.06149226350486563 -0.08233480802741569 -0.0543971343842425 0.9984669508004427 0.01023229837568374 0.00923258378848183 0.06196000521648722 -0.006852456097905689 0.998055109499971 1.9966109571935202
0.9964172133125718 0.05465744404247809 -0.06453914180675133 -0.16523785306375904 -0.054215659970832615 0.9984924024397289 0.008578139895440078 0.0236258125087374 0.06491070195534503 -0.005048374083015592 0.9978783065538516 2.9928868139532083
0.9959927038889423 0.05614510545176625 -0.06961509127914409 -0.2483671482257575 -0.05568697120783642 0.9984120454401822 0.008505807289680868 0.02882758264494695 0.06998210512474679 -0.004595068417514892 0.9975376636040102 3.989789718954669
0.9957913215399141 0.05521273470883889 -0.07315188221613052 -0.34050857174524146 -0.054735581138203114 0.9984645935170525 0.008513028267942755 0.03161173481120413 0.07350959191326287 -0.004473188884788046 0.9972844782096763 4.985565073261395
0.9953383011723673 0.05710418118928591 -0.07772244662905925 -0.43283529839828083 -0.0566722700216343 0.998362729767805 0.007753297438661582 0.03140651915124387 0.07803793968257193 -0.0033124464189773937 0.9969448869766172 5.981473345108008
0.9948015243055643 0.05981987039153554 -0.08241062034511047 -0.5306046253963311 -0.059396441969464406 0.9982056758036797 0.007582313280791799 0.02919827724189277 0.08271632197271651 -0.0026479991804981267 0.9965696153202973 6.976680421018909
