0.9990466730872409 -0.0007400052234588495 0.04364856682165927 0.031094054442421783 0.0008459899463445525 0.9999967387806156 -0.0024097155732754456 -0.027986663258432614 -0.04364664127199577 0.0024443445752708203 0.9990440410138439 0.9991247028760143
0.9961347142634794 -0.004951973037600562 0.08769896807973951 0.12706959594195494 0.005613102942318888 0.999957647157807 -0.007293625023372939 -0.045852355627185155 -0.08765913594472184 0.007757696414369273 0.996120321061551 1.9944552262709543
0.9911054127892553 -0.00442667457765821 0.13300550850255552 0.2859476207287306 0.005962024109164014 0.999920091014896 -0.011147459499082977 -0.07107578877154969 -0.13294553399178782 0.01184128949673399 0.9910526065021437 2.981255448093764
0.983825055175538 -0.0031717579483576206 0.17910388259433935 0.49960010154934686 0.00514933046871043 0.9999307962451229 -0.010577670647090512 -0.1001070349607364 -0.17905793812220075 0.01132884248770985 0.9837733032174205 3.9630269992021523
0.9743434260844659 -0.005515163953987852 0.22499882446925284 0.7280408306869286 0.00809462883987942 0.9999116520529436 -0.010543484845982325 -0.13498785737767327 -0.22492079723744893 0.01209425712119184 0.974301988048242 4.934176508393349
0.962803478596859 -0.005835675867829706 0.27013960555415345 0.9950121729088586 0.009625923230605947 0.9998729159048023 -0.012708014871974654 -0.16359167517746773 -0.2700311152510882 0.014835664029408262 0.9627372953558306 5.894231143146658
0.9495243364038862 -0.008001030400617882 0.3135913233641643 1.318020603104789 0.013725313825812435 0.9997769749635625 -0.016050423455190435 -0.19001676095453918 -0.3133929647218367 0.019544407006516055 0.9494223853573398 6.840128543530885
0.9340920884559006 -0.009858231065941025 0.35689604307745465 1.660734025240357 0.017411536685727685 0.9996871408349693 -0.017957138954902863 -0.22052983482442975 -0.3566073592543139 0.02298772997611217 0.9339714961369057 7.779502473379461
0.9170699114859829 -0.00954215793963337 0.39861224851846505 2.0636849564406807 0.01858785499483917 0.9996498208122675 -0.018834208151450756 -0.25347140524094175 -0.39829294381620955 0.024681632276987546 0.9169261409374047 8.693923507254665
0.8976763304033534 -0.009938410805019445 0.44054333932570144 2.5048520179466034 0.01981954164202868 0.9996445036845042 -0.017834013077854784 -0.2748222597375614 -0.4402094860434853 0.024740538474978205 0.8975541845221928 9.590958056456317
0.8759063509622274 -0.009476542106392769 0.48238807975917153 2.9861811574563433 0.020277506374553913 0.9996467523014129 -0.017181191706858567 -0.29836767739892045 -0.48205485899352274 0.0248307422954624 0.8757890997025432 10.467127566029477
0.8521449912105652 -0.009686585500851393 0.5232160968625487 3.5163028652019133 0.021239604305682027 0.999645008535222 -0.016085276483602706 -0.3240304743996788 -0.5228745482079649 0.02481989065146309 0.8520482262550434 11.31446569385195
0.8264698047473223 -0.010027041158944717 0.5628917482842675 4.063092944956287 0.0228553978072806 0.9996146938692058 -0.01575101875576905 -0.36580181015257557 -0.5625169265293208 0.02588285622512446 0.8263805328791548 12.15082405617761
0.7993635291546023 -0.011551160866463572 0.6007366469095553 4.668519418068007 0.0261811535921441 0.9995352003924926 -0.015618270484405809 -0.39009067620491744 -0.6002770155970353 0.028212654234874512 0.7992944080168082 12.94629672395169
0.7708513227946411 -0.010738974192843287 0.6369245736969461 5.314314331631693 0.026991072287087074 0.9995105784474805 -0.015814094611331524 -0.4299848687724717 -0.6364430219293353 0.029381592960020925 0.7707639079722058 13.708660707600552
0.7403272167020124 -0.013958328860904845 0.672101761094004 5.98580677129385 0.03194445513611671 0.9993854494772212 -0.014431741380336469 -0.4611505262518796 -0.671487277613141 0.03215413548244021 0.7403181394340337 14.449033358133022
0.7086629250287088 -0.013243995163844393 0.705422891095727 6.703267215524082 0.032393401262184464 0.9993802074991788 -0.013779274783710344 -0.4961337802171634 -0.7048031826293216 0.03261590794379266 0.7086527191118235 15.144692542523247
0.6750819648283574 -0.012073257893061885 0.7376439366031089 7.468658818570606 0.033564271992698895 0.9993333761218222 -0.014361163412506197 -0.5311622326265355 -0.7369788195118527 0.03445344413564772 0.6750371691826367 15.786990708452596
0.6416662007737033 -0.014796529729523347 0.7668412805089485 8.27474425503081 0.03898599960961558 0.999150666147028 -0.01334309455818371 -0.5801058124707592 -0.765992544754242 0.03845788665427303 0.6416980694493377 16.378215988199326
0.6043956838129 -0.013057811228056547 0.7965772724314123 9.059385324112176 0.03875988295153456 0.9991635952633571 -0.013030018188221935 -0.6180495962713692 -0.7957408679098488 0.03875052859425915 0.6043962836349559 16.995813487980566
0.5657786077721967 -0.009789130925049253 0.8244990842342313 9.864827510707563 0.04050166375470967 0.9990524598428083 -0.015931029945779784 -0.6248947538072863 -0.8235618873044418 0.04240702061882137 0.5656389859104304 17.593202182394702
0.5274966360141503 -0.008079609032547118 0.849518698388467 10.726686442784093 0.045255727194354 0.9988022345698204 -0.01860148850074072 -0.6444512931799832 -0.848350881504737 0.048257809069767836 0.5272304673612112 18.099607841453974
0.488965523497103 -0.007190083296467499 0.8722734774905132 11.599730753022882 0.04710270564306334 0.998724749232951 -0.018171692014829495 -0.6716202563300664 -0.8710304540900426 0.04997177174934617 0.48868064221526586 18.586539468510082
0.45005300320411656 -0.007726656716162489 0.8929684166211844 12.479371383281958 0.05145549300238198 0.9985255487590167 -0.01729337200740298 -0.6954625728861182 -0.8915181582821726 0.05373106412025723 0.4497870009256246 19.066137278622488
0.41362574219753484 -0.008746403250763259 0.9104049900026429 13.402340880959155 0.055905632542913204 0.9983108950521925 -0.015808765608574384 -0.7165011244276815 -0.9087289505906118 0.05743567924439582 0.41341605811605814 19.44779776429875
0.3787926602196107 -0.006622133756335625 0.925457869331858 14.335263560777333 0.05760646355747903 0.9982040667981156 -0.01643582623734967 -0.7528252008526043 -0.9236869685776403 0.059538125367000906 0.37849385161139953 19.803842849137247
0.345651284917748 -0.007416785073212096 0.9383337255656358 15.275549612704163 0.05855480332111613 0.9981904623926874 -0.013679758634504288 -0.7700924441429225 -0.9365343155713698 0.059672372899447115 0.34546010430991086 20.142221663214873
0.31242892334733674 -0.008925853100454625 0.9498992036013356 16.22619154772225 0.061104058623036125 0.9980738429791505 -0.010719047561369415 -0.7884600859975409 -0.9479738719373101 0.06139163711173896 0.3123725420342261 20.451148086392593
0.27969323960457165 -0.008772540329245983 0.9600493394902525 17.18585342296374 0.06161184966788021 0.9980611291431437 -0.008829636120242706 -0.8128302321872571 -0.9581104694658134 0.06162000510942145 0.27969144296941395 20.731443729948083
0.24724259554572797 -0.005555540805388811 0.9689376837104489 18.15302320502691 0.05883719279161798 0.9982243643319128 -0.00928995148271549 -0.8282374721380058 -0.9671655926945567 0.05930644501661599 0.24713045519983518 20.985184453400937
0.21621922807164606 -0.0038307261583423228 0.9763373243655084 19.128714121745443 0.058685877697028724 0.9982352042965222 -0.009079904295211536 -0.8431955112623816 -0.9745795058234246 0.05926046270643363 0.21606245483375555 21.203846744975397
0.1859186200226322 -0.003544799748395584 0.98255875199584 20.113162589666185 0.06076522731076397 0.9981208468050051 -0.00789698190016111 -0.8552339879849408 -0.980684380358304 0.06117360188842952 0.18578465101629035 21.379295357760878
0.1545058889804899 -0.003211474254095508 0.9879866480390626 21.099619160664442 0.06225827919427586 0.9980389569000707 -0.006492086073601094 -0.8625411611671614 -0.9860283144728225 0.0625134141039724 0.15440283713374325 21.565556010729196
0.12415194523447447 -0.00382862891725689 0.992255831978381 22.08736188973669 0.06129681114610115 0.9981122790715405 -0.0038182862564608783 -0.8758487445582813 -0.990368111076793 0.06129616600759805 0.1241522637528362 21.704795970917303
0.09506380211910626 -0.0046996058679743295 0.9954600882161692 23.081907945583993 0.06244801549728408 0.9980474329204144 -0.0012517992739701086 -0.9015108595140644 -0.9935105026556637 0.062283507814324755 0.09517166472870293 21.794202070338912
0.06778172883122263 -0.004120863457204427 0.9976916636521607 24.0789252321881 0.06537198456773963 0.9978609128609205 -0.0003197155710217673 -0.9047260392738666 -0.9955561967414622 0.06524275491376974 0.0679061268291456 21.86671568125859
0.042825682655539404 -0.003688495829642147 0.9990757508335395 25.078451882894527 0.06950930516505954 0.9975810551866234 0.0007034402712643494 -0.916483700641723 -0.9966616363643969 0.06941493593787529 0.042978474474823385 21.88937776194983
0.01992031756009706 -0.003334628131602412 0.9997960097957621 26.07792690188874 0.07375997279272538 0.9972742949993874 0.001856595565082202 -0.9270393872627166 -0.9970770518680693 0.0737079425075738 0.020111982731170854 21.915762283614416
-0.00034065822394254125 -0.0034825078956794604 0.9999938780266259 27.077866755409957 0.07965894055669874 0.9968160377642749 0.0034985776134641845 -0.9315694210671378 -0.9968221191071945 0.07965964470602187 -6.216069157174892e-05 21.91672136651806
-0.017932063724802095 -0.004137181523155753 0.9998306480697684 28.07758276685119 0.0841767784710006 0.9964349155733927 0.005632849411348537 -0.9366899577186814 -0.9962894715175971 0.08426353158568248 -0.017519879791110558 21.892320139351355
-0.033531404484973715 -0.0038635275835731224 0.9994301966960348 29.076739734112223 0.08714851455130966 0.9961722935015599 0.006774811535615887 -0.9294713842147775 -0.9956308459086453 0.08732602598569297 -0.03306635542028803 21.853075807688157
-0.04775340856167401 -0.004427623332351119 0.99884934205433 30.075372772137058 0.08963192065249753 0.9959369613544524 0.008699874033913589 -0.9286314919321037 -0.9948294983417437 0.08994423360998974 -0.047162528234026516 21.80089692058443
-0.06105401410639704 -0.005388241512413803 0.9981199197565882 31.07364205790625 0.08997500874479038 0.9958845949753674 0.010879857173871047 -0.9268211295210619 -0.9940708753217095 0.0904701074618177 -0.06031794503277078 21.742540635488705
-0.07306515633169768 -0.0049588509901846226 0.9973148413249852 32.07016132920282 0.0899892254598367 0.9958758277961467 0.011544475409453431 -0.9221222381918469 -0.9932589905112171 0.09059108901099462 -0.07231757988510648 21.65863467183965
-0.08421697709073654 -0.002064612597714174 0.9964453011302318 33.066872706146754 0.09033977211849611 0.995863776306674 0.009698691344215245 -0.920525559975001 -0.9923438045069236 0.09083543589939741 -0.08368212020312271 21.57802662125388
-0.09444833530349472 0.0013304737000784874 0.9955288754215672 34.062362434924445 0.09046343045392344 0.9958733768067047 0.007251559702585086 -0.9155265184789743 -0.9914110548651882 0.09074385492883479 -0.09417894182750067 21.483483755028004
-0.10374401103938158 0.004009980733724224 0.9945959482262005 35.05623607405954 0.09157944480795936 0.995782375534742 0.005537676683766611 -0.9107129115140351 -0.9903789100451026 0.09165904553781469 -0.10367368956958262 21.372855616307273
-0.11141945012907377 0.005062771242769253 0.9937605720093132 36.05125788230195 0.09116634740500835 0.9958223702463543 0.0051482052953743945 -0.9089205958734681 -0.9895829440899648 0.09117113174836318 -0.11141553528102985 21.272944161014564
-0.1171188374301708 0.005855722194832127 0.9931006436593329 37.04444388325422 0.09112051851127381 0.9958279432865417 0.004874266707250528 -0.9063667426120834 -0.9889288291000721 0.09106271403419608 -0.11716378744084874 21.15672872575233
-0.12209075524483465 0.007706834692373879 0.9924890186711233 38.036878360786375 0.09235157514491724 0.9957198497810921 0.003628680224731333 -0.9019876602281275 -0.9882130509419497 0.09210095249749102 -0.1222799267952688 21.034042219429423
-0.12657610273499692 0.00950677934641617 0.991911342491292 39.02803467150314 0.09128515151798389 0.9958225706894632 0.0021044756517771494 -0.8969933075769838 -0.9877476961900523 0.09081315351802721 -0.12691516780650366 20.901481725493085
-0.13046411378972703 0.010345318690549379 0.9913990565832969 40.018912580071365 0.09209856073536134 0.9957483945971378 0.00172909447366814 -0.9029364252463722 -0.9871661309645576 0.09153201100388268 -0.13086222082040702 20.767086475851663
-0.13356879771880845 0.009499720434564603 0.9909940118828245 41.01047074096781 0.09176210339579417 0.9957769582651175 0.002822369332698025 -0.9002282464693789 -0.9867821910920008 0.09131267546149163 -0.13387644544031121 20.637497434142503
-0.1359158768306009 0.0076664690381870165 0.9906907184776966 42.00052912309512 0.09189957616689604 0.9957562127421592 0.004902314324673333 -0.8942953485377491 -0.9864488543891733 0.09171035949051534 -0.13604362401967468 20.497019405951157
-0.13812907121106976 0.006587634890389672 0.9903923276928781 42.99276920955924 0.09229866470911088 0.9957117537857163 0.006249789267552777 -0.8957127917795294 -0.9861041102131564 0.0922751669709929 -0.13814476964834022 20.37284537334529
-0.14002508553873985 0.007462000160372373 0.9901198381880215 43.98172099973272 0.09435202287143271 0.9955217632656312 0.005840774311487942 -0.8881417213852835 -0.9856422632983711 0.09423766454075419 -0.14010207486674495 20.224646996123294
-0.14113306290028135 0.0073117837848747525 0.9899636338645312 44.97276912547499 0.09419305461170326 0.9955354115505163 0.0060755914824468385 -0.8848831410355049 -0.9854994302480852 0.0941051654630507 -0.14119168110717398 20.09120392019052
-0.14156725960704178 0.008760051518811356 0.9898898789788384 45.96274475262842 0.09689285486857033 0.9952820105053672 0.005049182093496262 -0.8870692355286556 -0.9851753578337054 0.09662805525199658 -0.14174813316388488 19.94998325680656
-0.14179726228378955 0.009118569876671008 0.9898537205528026 46.95302277811151 0.09673918550800893 0.9952987195404979 0.004689228965786859 -0.8859530658294629 -0.9851573815366091 0.09642256252792093 -0.14201275660827054 19.810856821154953
-0.14096818692585208 0.010550149215696924 0.9899579105327477 47.942849648328476 0.09671472812203975 0.9953071109628625 0.003164842972568562 -0.8868611554452195 -0.9852787583415755 0.09618965234518538 -0.1413269936798853 19.668573303777652
-0.13975012163703873 0.010550249802784415 0.9901305952911117 48.93380153984616 0.09727071217841195 0.9952530570419149 0.003124260076993056 -0.8856998022724955 -0.985397540109948 0.09674732387938705 -0.14011296609321894 19.53447600766858
-0.13856647784579132 0.009483715487172988 0.990307725082446 49.92482691202013 0.09585327606774978 0.9953879131101355 0.0038796779930815022 -0.8801354955459224 -0.9857035460443929 0.0954618330790302 -0.13883644240868379 19.400803213373976
-0.13743961636882734 0.01041811610279818 0.9904553572520356 50.916918836372616 0.09751806656880983 0.9952290392588441 0.0030636756681198967 -0.8820453853380115 -0.9856980158979064 0.09700836187044334 -0.13779985189448624 19.275370778886536
-0.13656432952732472 0.011217101356290006 0.9905676960904359 51.90837817903309 0.09719503839398297 0.9952630756562749 0.002129494495099066 -0.8804579278825516 -0.9858515651011279 0.09656907824130459 -0.13700768122729576 19.144975641219997
-0.13576491004349112 0.011890182241488464 0.9906697294089218 52.898541193835236 0.09804288947677361 0.9951810721168363 0.0014918188328524754 -0.8781523929577343 -0.9858780254290725 0.09733065943806762 -0.13627641655628794 19.005088959097545
-0.13456678627231256 0.011741240740236573 0.9908349626947068 53.88963807519144 0.09829748875620455 0.9951558561040247 0.0015574871074297784 -0.883015945201885 -0.9860169287271721 0.09760617463944474 -0.13506905987563744 18.872132334898858
