-0.9802366059107568 0.004979510047787 -0.19776602567742468 -0.10279346062452356 0.005522773899735938 -0.9986047294896075 -0.0525175514417813 -0.026277581022003782 -0.19775160024892896 -0.05257184342090106 0.9788414099731974 0.9971921655690978
0.999873387734308 -0.0004807344736810397 -0.015905263125266505 -0.206731055261065 0.00024734118806805276 0.9998923198441689 -0.014672680020456637 -0.06002283280930655 0.01591060410716177 0.014666888252517551 0.9997658401175415 1.9921587018707827
0.9997265190903368 -0.00016923274363597242 -0.023385003480795707 -0.3178261778231397 -0.0001902801976085868 0.9998818476563461 -0.015370573209147502 -0.08982388565856622 0.02338484169210354 0.015370819353887634 0.9996083668574538 2.981727680015899
0.999474933383838 0.000406251318708133 -0.032398958273972954 -0.47587117591924677 -0.0009487693409896262 0.9998595717480842 -0.01673130659796846 -0.11395210370922497 0.03238761142952954 0.016753260685719452 0.9993349643049054 3.9688633244231273
0.9990337218265452 0.0005903513475924366 -0.043946264217649224 -0.6509937665731207 -0.0014035850403961011 0.9998283073348425 -0.018476628506792214 -0.12960436648554693 0.04392781126388405 0.018520457262984284 0.9988630236725828 4.954905822018247
0.9983488196217409 0.000544917251492829 -0.05743985920130462 -0.842521304696799 -0.0016683967950086164 0.9998082094639469 -0.01951309151905106 -0.14961992167985624 0.05741820975971889 0.019576704362212826 0.998158254904654 5.9367868733318785
0.9972838300987098 0.0003136989797495349 -0.0736536748343102 -1.0140323369050943 -0.001755981404553236 0.9998079634788821 -0.019518009466060214 -0.1672835933385556 0.07363340785917125 0.01959432971960147 0.9970928660309858 6.9208734575394235
0.9965217810515352 -0.0009050400789093623 -0.08332779123637095 -1.1915672688668404 -0.0006112116714093935 0.9998347446659552 -0.018168923442439103 -0.19957137765669558 0.08333046447830103 0.018156658867204842 0.9963565473406653 7.905870980888453
0.9946806408493706 -0.0022080394364668385 -0.10298323786584364 -1.393159613043798 0.0002793884355837636 0.9998243802244744 -0.01873848048396164 -0.24015401888292326 0.1030065272766148 0.018610031450611703 0.9945065721591889 8.886564873144618
0.9920135777250935 -0.002223302703575751 -0.12611153212196183 -1.641633911847721 -0.00015511189337887046 0.9998223739394012 -0.018846657806638186 -0.273609766235019 0.12613103325256986 0.018715701837448057 0.9918370254005299 9.859447861675438
0.9887420506327095 0.0016482324012909526 -0.14962098997325293 -1.95151119560531 -0.004717281285988361 0.999785646462392 -0.0201595730372704 -0.308397857487268 0.14955569052327572 0.020638421880742486 0.9885378854522365 10.815697770044295
0.9843194792180124 0.0060404173366388056 -0.17629145240305996 -2.2558915995291864 -0.00994357153428656 0.9997244172831815 -0.021265344411629958 -0.36320309134979806 0.17611441797060143 0.022684859404500365 0.9841082811035965 11.765464175842295
0.9800805113298481 0.007308125488568169 -0.19846607421236304 -2.6068223522555396 -0.012407593768930032 0.9996237371239283 -0.02446294739511905 -0.4062764399133548 0.19821262050709373 0.02643814441738478 0.979802419670148 12.695315509535963
0.9738813541011575 0.008105383351534608 -0.2269127825725582 -2.9704158826779565 -0.014047034327561684 0.9995991182848265 -0.024582179537166737 -0.44323468821536216 0.22662256939832096 0.02712757794057298 0.9736047994717272 13.634729137294405
0.9682858621946753 0.01142212851901866 -0.24958370149913586 -3.3907971452326495 -0.01729788887508403 0.999622162768795 -0.02136152480282179 -0.510486028281446 0.24924540540274776 0.025001333595057452 0.9681175864553279 14.551162316786026
0.9620802472477157 0.020712671671563307 -0.27197901221969484 -3.880240354685344 -0.02465895322818785 0.9996343031787035 -0.011099366383586528 -0.5919016522816621 0.27164965282780146 0.01738519889598809 0.9622391703614454 15.407877279140319
0.9521840360650173 0.02205113498640781 -0.30472825420158467 -4.306939061977839 -0.028167199171000076 0.999480106977085 -0.015688360269167853 -0.5849763764669249 0.3042238819583297 0.023521547629465487 0.9523101209392452 16.30265959193984
0.9394334565209416 0.019673783552194575 -0.34216622131627467 -4.759490439540688 -0.02786692003165625 0.9994301997088658 -0.01904496463228969 -0.5791855744406167 0.34159656839181807 0.02742659568078563 0.9394464148168842 17.187733892152373
0.9277893131168046 0.01640307807064559 -0.3727437853218435 -5.278225428228659 -0.026786039109440978 0.9993835682304839 -0.022693427677028522 -0.537788430314288 0.37214177214480515 0.03103904928816818 0.9276567677994976 18.0332700508576
0.9184283153884469 0.03395900174171014 -0.39412715675711363 -6.089400186019299 -0.04203131497444865 0.9990458450349561 -0.011864572470542688 -0.6000903515572464 0.39334818933644383 0.027462441972566826 0.9189793339497059 19.005109678700585
0.9223866851450965 0.00817300281073698 -0.38618131116367693 -7.383867746532085 -0.023623738218117973 0.9990982033998468 -0.035280291322491227 -0.41598452918111195 0.38554470825008486 0.0416651171635663 0.921747956847263 20.24844368706788
0.8730651045528132 0.0074194389702682195 -0.4875472029840312 -7.088588919632052 -0.022194972738339185 0.9994525431045286 -0.02453563259903132 -0.5545667311190319 0.48709825127722456 0.03224230151922681 0.8727518132868094 21.19455625811241
0.850226455947575 0.012846533710384033 -0.5262603349849337 -7.5186692112692555 -0.027044190999012015 0.9994480031324979 -0.019295096985282714 -0.6055373900485556 0.525721965814665 0.03063748694149828 0.8501045577185634 21.761956379955375
0.8266875351883032 0.02260594257887974 -0.5622069819242809 -8.188562893420883 -0.03512835626925171 0.9993169619386084 -0.01147206030363421 -0.6860849793352799 0.5615636364207615 0.029233216414039864 0.8269169857416048 22.306170742347486
0.7951498773579544 0.02865704808091453 -0.6057354588703873 -8.873586199912355 -0.04058685595345777 0.99915794646398 -0.006008755419863305 -0.7563733392787723 0.6050532039923793 0.02936275895025233 0.7956434180745707 22.95675046767653
0.75927151638187 0.029831093431593594 -0.6500898939960931 -9.594970798821443 -0.041763241313165514 0.9991232393146828 -0.002929903812976157 -0.8005108904168884 0.649432518500725 0.029374453629140485 0.7598516601204446 23.618657940373634
0.7189066856217106 0.025265818122997594 -0.694647259983787 -10.347765493916441 -0.03579599074275522 0.9993588749091563 -0.0006972711450307276 -0.8123620091971581 0.6941842870701931 0.025366859775713638 0.7193501914992222 24.279982373114755
0.6762290149318451 0.02019286256043682 -0.7364146710012792 -11.15838443872954 -0.029687706219294938 0.9995592120941366 0.00014702784020905173 -0.8022191052293044 0.7360930372335716 0.0217630379167126 0.6765304211318902 24.886162597610653
0.6316438485209805 0.018006779632195383 -0.7750495497146507 -12.000178293524119 -0.025995655020048913 0.9996599755090837 0.0020394325821005803 -0.7854763793626908 0.774822737499155 0.018859725672869226 0.6318971721742876 25.429899401109378
0.5847270253866631 0.017658327192227364 -0.8110379086474553 -12.888514167695554 -0.023363149082541296 0.9997149261361507 0.004922369910703387 -0.7668948336392251 0.8108936237555535 0.0160701568555846 0.5849728891249795 25.907968177604527
0.5352245913083223 0.018038360158122442 -0.8445171723663444 -13.808564758270125 -0.02191344444972294 0.9997319962284009 0.007465699533544828 -0.7606622108680697 0.8444255075559889 0.01451045416181472 0.5354764317024885 26.321223530202992
0.48446439181832707 0.019338653901523766 -0.8745972041605075 -14.738387832417006 -0.021837245579128455 0.9997114372553432 0.010008842409230433 -0.7400857498776395 0.8745383855301133 0.014249866179478843 0.48474689637815305 26.675591270182117
0.4312315929606901 0.02160863371828599 -0.9019824722140755 -15.692931327782636 -0.021389027515265332 0.9996770403312675 0.013723138725109153 -0.7346437030560174 0.9019877065318235 0.013374676943624557 0.43155451020944824 26.991150146630343
0.37694134762160025 0.02376485499568456 -0.9259322070865916 -16.669719017226946 -0.021278056473765728 0.9996291522424194 0.016994184293493163 -0.7329954095564037 0.9259926915294275 0.013296227063947902 0.37730722969478436 27.256708626085963
0.32223301503112395 0.026608503876935388 -0.9462863581101565 -17.64968963368322 -0.018460705244243793 0.9995914381004127 0.021821073260351247 -0.7217149704095694 0.9464803676705813 0.010437643305822503 0.32259257464545554 27.493848938340278
0.26946699611156955 0.028330190162640347 -0.9625928206318373 -18.647755036455592 -0.013804854235853932 0.9995781155429274 0.025554195882019032 -0.722267349383576 0.9629106729111149 0.006402441174927693 0.2697444063198852 27.67630143568024
0.21883273232128253 0.02881120170929705 -0.9753369417390426 -19.64902400643653 -0.010946921950392324 0.9995735713260226 0.02707102521797915 -0.7169618186374925 0.9757009788683291 0.004752910961362924 0.2190548097458246 27.82348355744597
0.17270993769885226 0.029999725124048783 -0.9845157662082109 -20.652958481638972 -0.01313348156083311 0.9995173467803714 0.028152888789926632 -0.7078119029054486 0.9848851654290217 0.008067835992894078 0.17302057952810662 27.88203222595389
0.13090768564671523 0.030513435394392593 -0.9909248751035841 -21.65469917085588 -0.015003068704534547 0.9994727491730667 0.028794645159812306 -0.6917283387590166 0.9912810326885455 0.011097473625321982 0.1312964596288394 27.926769958310828
0.09321720582164544 0.029200156545396826 -0.9952175156198415 -22.660561033567014 -0.015903915462373828 0.9994859860657475 0.02783575274975966 -0.668354251748724 0.9955187682870533 0.0132330841418169 0.09363368770012691 27.95599619504959
