1.0 0.0 0.0 0.0 0.0 1.0 0.0 0.0 0.0 0.0 1.0 0.0
0.9999983013877708 0.000906285147967483 0.0016049513400074728 -0.005454562839227771 -0.0008989129225191424 0.9999890701026671 -0.0045882056144817395 -0.019326044428775713 -0.0016090920206583337 0.004586755109400023 0.9999881861804345 0.9617188804558672
0.9999956572952898 -0.0015136164403501862 0.0025287063555435797 -0.012353984357885739 0.0015276812808809243 0.9999833236921855 -0.005569427926979393 -0.028838431836827452 -0.0025202342083843763 0.005573266797962736 0.9999812933833979 1.9249694017228145
0.9999922703238802 -0.0030644646465736985 0.0024634019001347476 -0.006743262183559426 0.0030678387288779786 0.9999943597208382 -0.001367074264414946 -0.05104430476366258 -0.0024591986551077694 0.0013746210171277006 0.9999960313716418 2.8884479252094333
0.9999857340874704 -0.005149200273582899 0.0014203373139285772 0.010589714334027963 0.005142308365896459 0.9999751906744134 0.00481401083718839 -0.0735842958493998 -0.0014450903822375702 -0.004806638348479037 0.9999874038914559 3.8489012645239056
0.9999623625094598 -0.008660028760342935 -0.0005267507662698771 0.03100433796577147 0.008662488007314074 0.9999506655589623 0.004860838375383649 -0.0902205638219757 0.0004846297791850805 -0.004865218397820905 0.9999880473205258 4.807203884808397
0.9999380985658325 -0.01097034564752117 -0.0018575663976334216 0.04124930418992914 0.010973775406221041 0.9999380816918626 0.0018463574225459716 -0.09676380905640665 0.0018371962011506531 -0.0018666276468232716 0.9999965701997913 5.739874242829648
0.9999260561779877 -0.011485371985124514 -0.0039960488860158495 0.07852839239430674 0.011479515325364833 0.9999330048004834 -0.0014854758736405672 -0.11288223954332796 0.00401284241290716 0.001439493327449069 0.9999909124360724 6.6765342498819
0.999927233085785 -0.011050535383030097 -0.004838822290052751 0.07592706265441675 0.011039391512737855 0.9999363641063729 -0.0023236980776133835 -0.1230037532791675 0.004864192475098378 0.0022701113355542905 0.9999855930092636 7.606452151232668
0.9999331912915449 -0.01010031908930116 -0.005621077103295922 0.06886716035714045 0.01009761749105527 0.9999488883193172 -0.0005087926552780737 -0.13887562370500703 0.005625928768766566 0.00045199917702114234 0.9999840721842682 8.535764078887452
0.9999305522775745 -0.00971440302252495 -0.006672405546799848 0.07189432416197286 0.009728661566377724 0.9999504538947832 0.002107818716995318 -0.14778199706316605 0.006651598754577314 -0.0021725859091845184 0.9999755177525469 9.466216613991055
0.9999213078375803 -0.00983698549601499 -0.007785361182013679 0.07142701937592977 0.009863236927797054 0.9999457766227702 0.003340714233671563 -0.156400134496919 0.007752076475974527 -0.0034172402075511076 0.9999641132459072 10.389339762386939
0.9999009428926088 -0.01131177105379847 -0.00837545450101206 0.061821274285649944 0.011346698559433533 0.9999270764564214 0.004134513407294249 -0.1693745563485707 0.008328075064108601 -0.004229137611876859 0.9999563778289458 11.33994986318828
0.9998925378395453 -0.011587081207136378 -0.008980663777962677 0.04517519438612326 0.011623664944161952 0.9999243131180501 0.004032176665438074 -0.17902163065269042 0.008933262901059544 -0.004136131585753468 0.9999515434407034 12.223903521678833
0.9998798154083071 -0.012089257824521627 -0.009705904610204742 0.03320410159588606 0.012115283858353908 0.9999231560150331 0.002627158534828785 -0.1915987975839992 0.009673398372943344 -0.002744432580307681 0.9999494454489836 13.13387048434687
0.9998620174701888 -0.012166016528689306 -0.01131079406001089 0.028816557002103886 0.012169003992061254 0.9999259358498563 0.0001953372220208859 -0.1954629417182784 0.011307579859789604 -0.0003329513669664617 0.9999360118433084 14.04243324722767
0.9998248667609664 -0.013384513274329574 -0.013080160963293732 0.021782047726436427 0.013365823622764731 0.9999095253210323 -0.0015152330359219054 -0.20274402595732496 0.01309925819661272 0.0013401405438596963 0.9999133029708227 14.946789086189304
0.9998062672041346 -0.01272299419766322 -0.015018437934138026 0.01633617862619021 0.012691966270824001 0.9999171218412974 -0.002159500126444552 -0.22138934168249885 0.015044668541234058 0.001968468252746843 0.9998848849148693 15.847548377201305
0.999800387322926 -0.011316957731646236 -0.01646547832976072 -0.0032698584664102096 0.011267711481669536 0.9999317720115017 -0.003080584344552705 -0.23847369616472625 0.016499217766110654 0.0028944411616373573 0.9998596891681689 16.74424708745227
0.9997896574011877 -0.009657314044207358 -0.018093568997510023 -0.021526423729619815 0.009601473152778435 0.9999488783165225 -0.003170562540785477 -0.25245894969370514 0.018123263141955878 0.0029961707194534433 0.9998312709123007 17.635898452443488
0.9997559028592835 -0.010032995297367323 -0.01968435173894541 -0.041547924740893694 0.009984733232459344 0.9999469035829212 -0.002548551981972754 -0.2651728375884956 0.019708876180445735 0.002351386886753732 0.9998029961844541 18.52779067817917
0.9997318926771858 -0.009697428733414355 -0.021026236944660014 -0.06708436450345583 0.009674887340648869 0.9999525085725592 -0.0011735222161203215 -0.2821168381564302 0.021036618526711647 0.0009697811125833206 0.9997782355130334 19.414902246715858
0.9997039032036252 -0.009497829289221658 -0.02240306135844233 -0.08979400499851972 0.009487784790995801 0.999954836156824 -0.0005546046692423904 -0.2974489632723197 0.022407317090563875 0.0003418850277481923 0.9997488660935955 20.29536814883073
0.9996652245539958 -0.010326774020389897 -0.023723333571436304 -0.11486039845048238 0.01031438359179678 0.9999465975679158 -0.0006445955862855688 -0.3135227759030492 0.023728723280680493 0.0003996882289787006 0.999718354308246 21.169188183764376
0.9996237794909022 -0.010319783094070095 -0.02541262586227596 -0.13548837845857906 0.010295934424342358 0.999946423915973 -0.0010691267403700852 -0.3285348170915464 0.02542229750935804 0.0008070777835351604 0.9996764753733061 22.038035788291932
0.9995954997362396 -0.010189748911512544 -0.026551947653197377 -0.15965734175173338 0.010175446492425964 0.9999480018440415 -0.0006737186272466158 -0.34316781299570115 0.02655743202453089 0.00040326818526935734 0.9996472078583687 22.900789628813893
0.9995685357000093 -0.010136417532346524 -0.0275680154916808 -0.18453160402283864 0.010174253733178446 0.9999474813220324 0.0012325415598127823 -0.3566903179216254 0.027554074100076688 -0.0015124937466640537 0.9996191701658953 23.757415786488245
0.9995396384017545 -0.011145118079346442 -0.02821874566113057 -0.21109008437663077 0.011260075364580633 0.9999289268177153 0.003918164870950718 -0.36940526327408063 0.028173071654935173 -0.004234106301146835 0.9995940928083538 24.61481705850678
0.9995170701968251 -0.011007200364027917 -0.029059730303315576 -0.23549398172251362 0.011172968669558483 0.9999221881269134 0.0055481945346668535 -0.3840453560422913 0.02899639902236752 -0.005870198602397047 0.9995622790062174 25.441272218350548
0.9995047622360248 -0.010537114197996583 -0.02965129831703827 -0.26595837866004773 0.010674556313429706 0.9999329858531482 0.004480809114344958 -0.3955108210792564 0.02960209646324117 -0.004795104502109947 0.9995502602959964 26.26491571964236
0.9994912446568932 -0.008762067560384267 -0.030667214191731393 -0.28542545731399305 0.0088225886598932 0.9999593896962182 0.0018387190391950998 -0.40826851142838233 0.03064985780640089 -0.002108347797217978 0.9995279591317157 27.079052240222367
0.9994732343763851 -0.008307402076446284 -0.03137261283265245 -0.3136404910220317 0.008314869955932055 0.9999654250841827 0.00010758171700362426 -0.4202069952464317 0.03137063440262554 -0.0003683842425347525 0.9995077526413819 27.87538222804053
0.999446049244899 -0.007509141924882401 -0.03242232928576181 -0.33869328077817795 0.007503690452617541 0.9999718049214029 -0.00028981342850922884 -0.4350020388146397 0.03242359138580569 4.6365763428374805e-05 0.9994742160615558 28.667799859454703
0.9994028882937851 -0.00785567059998514 -0.03364751565069676 -0.3670519940487498 0.007833501430113674 0.9999690050894647 -0.0007906426062760525 -0.45153814377056184 0.03365268377683663 0.000526592642350796 0.9994334492975531 29.45260501984095
0.9993410919291845 -0.0074187070876890315 -0.03552949150961072 -0.39736306434956076 0.007367403989737145 0.9999716204936397 -0.0015746637027374071 -0.46702960297916424 0.03554016516895265 0.0013118660266134945 0.9993673877345064 30.22414694319375
0.9992638498501742 -0.0075356810840990236 -0.03761611214900456 -0.42579504143507396 0.007475727894168303 0.9999705525564847 -0.0017342180749248012 -0.4803360838117127 0.03762807296500968 0.0014517336111665223 0.9992907587856807 30.990551690666575
0.9991998211103174 -0.007235680773217328 -0.03933652776818563 -0.4626085501332256 0.007212334831321715 0.9999737203824414 -0.000735371185278344 -0.4878498547061358 0.03934081493042627 0.0004510745474139346 0.9992257486736228 31.750146139534184
0.9991172219577287 -0.007523433881098453 -0.04133007053111475 -0.4989420238950255 0.007596230741912079 0.9999698608302562 0.0016045901763316439 -0.499055408643765 0.04131675284900559 -0.0019171264316911064 0.9991442591339144 32.49382219818544
0.9990479694545531 -0.0064554506362191275 -0.0431448940874493 -0.5380049018092647 0.0066000960839407204 0.9999730639223526 0.003210944008473115 -0.5131103685312711 0.04312300384268969 -0.0034926475382060897 0.9990636656153384 33.23082380627468
0.9989719483500452 -0.005240241891784831 -0.04502872721530067 -0.5777604216706533 0.005403833588745589 0.9999792316746259 0.0035120936733605175 -0.5278207785690064 0.04500938782364764 -0.0037518108082494825 0.99897951877073 33.957968544770786
0.9989116616395001 -0.0024604992084367194 -0.04657722817276796 -0.6201908921570306 0.0025919905018735923 0.9999928239726875 0.002762894925299628 -0.5394758516218453 0.046570095832529745 -0.0028806156937939945 0.9989108710127111 34.69902912123841
0.9988355611396931 -0.0005440171735055423 -0.048241329252719824 -0.6591635802986004 0.0006449680871948983 0.9999976348714246 0.0020770815399906222 -0.5494983611398293 0.04824008518774496 -0.002105777023381498 0.9988335496388808 35.388571221886345
0.9987816903944932 -8.193681270479811e-05 -0.04934701834029565 -0.7031569013872068 0.00023965903166090846 0.9999948823348976 0.0031902770354889035 -0.55782935343969 0.04934650439765003 -0.0031982167489633426 0.9987765986011883 36.08068304593202
0.9987240063260234 0.0014218062859550173 -0.050481062340072484 -0.7402978006061746 -0.0011675249597920252 0.9999864846878469 0.005066293231848777 -0.5670253639212879 0.05048758336032067 -0.0050008907734557795 0.9987121682536497 36.768241648731845
0.9987183688784145 0.004486855378777644 -0.050413170835100864 -0.7771904806650325 -0.004201877299853175 0.9999745978984322 0.0057574113128950125 -0.5777987343188694 0.05043772290653206 -0.005538202477231211 0.9987118525487344 37.444165151875566
0.9987432035056522 0.007806214443540456 -0.04950834745099818 -0.8094613233092393 -0.0076252647491216845 0.999963543616228 0.0038427563000886494 -0.5919373664243682 0.049536539935416325 -0.003460412480836913 0.998766317391956 38.10637497143976
0.9988144798810534 0.00952741331750882 -0.04773743997553434 -0.8449885537558177 -0.009501955568816337 0.9999545664417604 0.0007601925013010651 -0.6006569790427219 0.04774251376193573 -0.0003056922441801624 0.9988596292432401 38.758466566393565
0.9989252841267711 0.010221490983347684 -0.04520838256702763 -0.8836053856307255 -0.010279801800802875 0.9999466022378294 -0.00105751971904868 -0.6088453985878062 0.04519515911229418 0.001521116398344039 0.9989770186534407 39.39495348405491
0.9990590153661489 0.011519086446701915 -0.04181380708634541 -0.9160123910783267 -0.011540741806514154 0.9999333651814557 -0.0002765419403336578 -0.6188385169192189 0.04180783532038067 0.0007588440701478595 0.9991253820524734 40.031571020218266
0.9991206335886207 0.016344804032060973 -0.038610968890024 -0.9447696265093327 -0.016264495069203702 0.9998648603392536 0.0023931692185795027 -0.6285142451281925 0.03864486689868026 -0.0017630768328231589 0.9992514527497394 40.68098286552527
0.9991845324991538 0.020543908466547134 -0.03475942806441265 -0.9722649374576049 -0.020349721706848716 0.9997753295113911 0.005931216303854674 -0.6398006329457702 0.034873469011567224 -0.005219034901918545 0.9993781080420922 41.28619048866299
0.9992105989395793 0.025580458285481802 -0.03039439291565961 -0.9943427755755135 -0.02538153864025679 0.9996539370469768 0.006912571354578378 -0.6486755322757252 0.03056070128547297 -0.006135658105185063 0.9995140805594267 41.88500432113063
0.9992539454965818 0.02942099185227247 -0.025019145627750972 -1.0104953965219394 -0.029249864320252932 0.9995463535693035 0.007178614320038847 -0.6526307951327923 0.025218997735058233 -0.006441452067476918 0.9996611975306939 42.46992589142477
0.9992696537545033 0.03309441627316698 -0.019102845256480382 -1.0263945449209126 -0.03292647247991703 0.9994168909360389 0.009040216909518674 -0.654892108802864 0.01939088691586712 -0.008404625112414956 0.999776652948715 43.03848669044837
0.9992023442901313 0.03787570102319256 -0.01265331723727165 -1.0325826175988957 -0.03774690823523462 0.9992345871552486 0.010266973817087582 -0.6587195599902967 0.013032501056438385 -0.009781160702172923 0.9998672325921735 43.586740930340056
0.9991461085292488 0.04090487749923492 -0.005817629038590369 -1.032792250342302 -0.04084607646907121 0.99911649720305 0.009890553765628305 -0.6669388156962951 0.006217061037245685 -0.009644480985548067 0.9999341639020931 44.11380565701736
0.9990179068805626 0.044274134050853606 0.0017386161238347084 -1.0421239162280511 -0.04428928420008739 0.9989692537335901 0.00994431495871121 -0.673859072358373 -0.0012965481182305508 -0.010011550779036267 0.9999490426086598 44.62125537175904
0.9987668979467352 0.0487347269227954 0.009466253620922693 -1.0431672092612239 -0.04882396571668641 0.9987628220220501 0.00943640388318685 -0.6772762890645527 -0.008994661614028973 -0.0098869478764366 0.9999106681719809 45.10469790198109
0.9984582473274202 0.05287083579602772 0.01690571104937783 -1.0333425177994071 -0.05298941958763116 0.9985729655542419 0.006644838295460668 -0.6820902297858743 -0.016530267862969964 -0.007530417414482669 0.9998350079177771 45.56861003107423
0.9981980516417432 0.054632265548403926 0.024818647418338582 -1.019622527628559 -0.05473085883910954 0.9984956560221891 0.0033102863247047084 -0.6850585734048263 -0.024600463194024966 -0.004662667248127426 0.999686489227884 46.00794712100409
0.9979571767176767 0.05511584160733033 0.03230661606542561 -0.9949619916259356 -0.055244533601564366 0.9984680305312533 0.0031037902934651267 -0.6922799063303852 -0.03208605530177796 -0.004882213735169597 0.9994731857554833 46.42907479499239
0.997729978789594 0.054102695616157555 0.04009722872694474 -0.9729597575814124 -0.05432071082899711 0.9985139908896343 0.004366963783630787 -0.6957693135650996 -0.039801379367403626 -0.006535160649937552 0.9991862398350624 46.82603676227502
0.9972765721409345 0.05584785141417096 0.048171113244841704 -0.9526237379754219 -0.05615701912019348 0.9984089863151575 0.005087754777266453 -0.7040667302554061 -0.04781033217162266 -0.007779044771697709 0.9988261403267729 47.197868573654105
0.996611295195478 0.05911938945189718 0.05719111888768712 -0.9332084367639132 -0.05951582652635652 0.9982135455651734 0.005252032281883037 -0.7105617509380419 -0.05677845261783104 -0.008638011405423945 0.998349433854341 47.56062562587245
0.9957948048284428 0.0636517122940072 0.06588752688273547 -0.9141090760389319 -0.06409544357510912 0.9979329825596988 0.004640736193091184 -0.7167453623923592 -0.06545594541057563 -0.008844311253275582 0.9978162643337007 47.87159792103265
0.9948994089354258 0.06725019931944107 0.0751836204996435 -0.8977928194514435 -0.06777809963786813 0.9976903205957034 0.004489253737721582 -0.7157532838959643 -0.0747080672311778 -0.009562158811581069 0.9971596009714004 48.17033052525191
0.9942050465598337 0.0662995535635985 0.08462088744645295 -0.8735462367688368 -0.06695596869974182 0.997743703485441 0.00493967717927969 -0.7186346466865503 -0.08410245924131418 -0.010576925471225613 0.9964009760117349 48.445252901590095
0.993310635850938 0.06498629726324226 0.09545031101791886 -0.8445149474213408 -0.06556324046426462 0.9978441512752911 0.0029174073282044813 -0.720068655820688 -0.09505494308676925 -0.009155923421871857 0.9954299206177513 48.7115185120698
0.9922100705115748 0.06355525743566652 0.10714431962404992 -0.8039028310661951 -0.06376845157298214 0.9979636841997341 -0.0014386113016387793 -0.7292876022682077 -0.10701757126471632 -0.005405022736228802 0.9942424378238041 48.969810506831735
0.9906401856349567 0.06418335776537984 0.1204679176839163 -0.7678929870268092 -0.06397452379690295 0.9979357956995537 -0.005604281083058192 -0.73254549034668 -0.1205789488679391 -0.0021550516141620175 0.9927014016523006 49.22712465133236
0.988533972157043 0.06585168869419039 0.1358828207962322 -0.721624849553615 -0.0654205047777701 0.9978285274824948 -0.007641158075667313 -0.7452929307932655 -0.13609093814813414 -0.0013359783826977225 0.9906954485187265 49.48069105916432
0.9860796885665656 0.06724679487725924 0.15206813070199804 -0.6722089335421899 -0.06665167127776069 0.9977355922704767 -0.00901346950745387 -0.7529685896573431 -0.15232991338652255 -0.0012475958545589778 0.9883289133644918 49.74305122276163
0.9833682543512161 0.06742531262592386 0.16864371779446025 -0.6132447710187576 -0.06663722185945865 0.9977237451397547 -0.010334846256941688 -0.7566426899110099 -0.168956671951996 -0.0010749891151966397 0.9856228930992353 49.97761633804853
0.9802314777120693 0.0661364785156762 0.1864730980918093 -0.5503936313607349 -0.06512286327216263 0.9978102581288706 -0.01156293440401028 -0.7625863223567565 -0.18682950190386755 -0.0008093097934389426 0.9823920206496028 50.22144852737554
0.9763314702595196 0.0649907502242692 0.20628393676234377 -0.49668614520718435 -0.0639176777079168 0.9978845886574897 -0.011869212117871276 -0.7758257512342738 -0.20661895038285058 -0.0015969048684326107 0.9784201854201133 50.471274450874745
0.971857766899377 0.06488295884742937 0.22645680066749674 -0.42891793222347874 -0.06355619625945717 0.9978915821689117 -0.013152952271459076 -0.7801965284434268 -0.22683273757194955 -0.0016099340448380909 0.9739323987207658 50.70100027680616
0.9665582125959438 0.06658071809568192 0.24765344665721323 -0.3594702253820074 -0.0647746710604731 0.9977804186950052 -0.015442734791072462 -0.7876717541545775 -0.24813194806864622 -0.0011153684069614153 0.968725602170694 50.94024064979789
0.9603514349613799 0.06761087961811527 0.27046975861430916 -0.2784067267335321 -0.06530792863008701 0.997711411025091 -0.017516128806598096 -0.795782342994858 -0.27103504538281653 -0.0008421802577955195 0.9625691117560058 51.17649799837495
0.9531142017210634 0.0684576310640403 0.2947657904620533 -0.18546644254138944 -0.0658955925760325 0.9976526283301085 -0.018628045122345158 -0.8061939254749497 -0.2953490974366993 -0.0016691120772318827 0.9553879446110877 51.414076073811614
0.9445103425987388 0.07093241283113715 0.3207316721715608 -0.09678596773486527 -0.06825958765778073 0.9974753463803916 -0.019584740389082044 -0.8156504259146486 -0.32131112868495876 -0.0033950218366222092 0.9469675983949634 51.655943327185064
0.9346988356271061 0.07247616133304109 0.34797312067997194 0.008639107333805782 -0.06960232319495602 0.9973585668080774 -0.020770311032882564 -0.8239014392833327 -0.3485593253424676 -0.004805752070676875 0.9372744003032606 51.89793901597346
0.9237167332923474 0.07300553845043056 0.37605529911341007 0.13836201077377933 -0.0697837839515141 0.9973150491556533 -0.022201716714372106 -0.8327099190714771 -0.37666645740379107 -0.005734464510270518 0.9263312019918449 52.11907411427654
0.9111680824836912 0.07049028403093707 0.40596039870932044 0.2692891649810338 -0.06637243409497207 0.9975006062204671 -0.024233047313724953 -0.8448956856454638 -0.4066539382021292 -0.004864200554919837 0.9135693263774008 52.34494345094846
0.8962986975749975 0.06712237895177912 0.4383414547692429 0.4085395617304214 -0.061668954345504776 0.9977398878260088 -0.026684383277033426 -0.8593961709536003 -0.43914187319736936 -0.003114881185109699 0.8984123289002137 52.572825955857056
0.8790330055466735 0.06597081587632056 0.4721745721787584 0.5583585793064761 -0.05828700282731992 0.9978214886132194 -0.0309014912764261 -0.8689241458726684 -0.47318453108801944 -0.00035820987098093057 0.8809632632662369 52.79412053563484
0.8596722576587941 0.06736265436823684 0.5063851125460705 0.7237015263079124 -0.05694160687808544 0.9977262137775921 -0.036056285820537395 -0.8764865687285825 -0.507662548173462 0.0021622066266185277 0.8615532845068427 53.010989414123166
0.8381581009923412 0.06882862960611369 0.5410671099664587 0.911759361931082 -0.05580380277197108 0.9976215631920435 -0.04046173810466479 -0.8901210070181442 -0.5425651420217652 0.0037197312816864355 0.8400054941856578 53.22867534513068
0.8137341386882339 0.07125655729046224 0.5768528881581755 1.1076580643430933 -0.05614001157594238 0.9974521077819195 -0.04401808471139173 -0.9021554023752842 -0.5785197063485135 0.0034344904305140815 0.815661175759831 53.45671326763365
0.786614338827458 0.07465683570319004 0.6129145444789406 1.3141939979302573 -0.05818823341536164 0.9972086335669861 -0.04678750507842743 -0.9174171051823973 -0.6146966824727781 0.0011393077948426656 0.7887627593482762 53.67918329731482
0.7573823752065875 0.07835584887400479 0.6482532673837141 1.5537806588931808 -0.0608063326118335 0.9969235283547387 -0.04945774486405095 -0.9331901928247388 -0.6501342381698766 -0.001959479515745853 0.7598168416133583 53.90075103163704
0.7246172874731603 0.07889828070526754 0.6846202217264629 1.8073848415816791 -0.059677998414611425 0.9968769418005224 -0.051719429730648525 -0.951503559496242 -0.6865626870142766 -0.0033799716257217173 0.7270627569828778 54.13064585746083
0.6888991857164373 0.07582013890976008 0.7208808628718989 2.0968145338473985 -0.05506712067759889 0.9971146375231317 -0.05224951537949941 -0.9742185254833263 -0.7227624257939167 -0.003702184870923068 0.6910866585947611 54.34317743965287
0.650407337168182 0.07373859282421659 0.7559979601071013 2.4149099596871144 -0.05109377825738187 0.9972697785768145 -0.053314299777233363 -0.9979971617852185 -0.7578652397235136 -0.0039507803856489035 0.6523991644332197 54.56624319718441
0.6085132704882034 0.07276893790169886 0.7902001526932328 2.750431565318153 -0.04808423819135212 0.9973380324273822 -0.0548156465932407 -1.0181297223842998 -0.7920855418938705 -0.0046401239785659795 0.6103924668376527 54.782029460848456
0.563587195695555 0.0716700163433282 0.8229416027916965 3.1122017116415344 -0.043230550709968 0.997422920342002 -0.057259387542524375 -1.0429630708945778 -0.824924597968403 -0.003305561038492666 0.5652331208739341 54.97312640444191
0.5158702515808696 0.0701247326616407 0.8537917810584867 3.494582865223408 -0.039396671723639184 0.9975315503572777 -0.058126657386309025 -1.0724454773210141 -0.855760355351303 -0.003650741149272373 0.517359532915042 55.16305131396303
0.4675670853575603 0.0676992620239734 0.8813613507589521 3.895550185220597 -0.036784829786238996 0.9976894149937658 -0.05712011473197726 -1.1004357942637473 -0.8831918800508933 -0.005713241707317894 0.46897703769093 55.3406062457597
0.4183694446253237 0.06524517696832158 0.9059305021282096 4.322898439634061 -0.036022046694239765 0.997823776046207 -0.05522792870320663 -1.1273611678540179 -0.9075623504508407 -0.00952779299003112 0.41980924382972146 55.502355149900765
0.3680687211198606 0.06485097790905904 0.9275342404447549 4.758684521675273 -0.03832627341256214 0.9977750459405109 -0.05455322597900389 -1.1519329701725274 -0.9290083494239942 -0.015469594779744317 0.3697352814350483 55.65856312844595
0.31876368365518354 0.06497333504633208 0.9456046635436685 5.214087399565635 -0.036503964678149606 0.9977491249086882 -0.05625072716616805 -1.1847188398224864 -0.9471310229030367 -0.016587630237721387 0.32041797074718187 55.78696093255061
0.2726051031838661 0.06129710602003141 0.9601714026733362 5.69462470091458 -0.024591064085037955 0.9980863295914819 -0.05673586387611221 -1.2172181947769265 -0.9618116953360868 -0.00814515046958766 0.27359078792705777 55.87461192675879
0.2291943247251292 0.055194178562266806 0.9718145729338636 6.195894762691864 -0.01065753328583513 0.9984735062068152 -0.05419478191975326 -1.2489811928566952 -0.9733223404905753 0.0020639902870209625 0.22943269480621448 55.94222670464026
0.18713952879753395 0.054097274821620814 0.9808426385604931 6.717838329391118 -0.0008599944592322774 0.9984911258657604 -0.05490657498748084 -1.2778484499411094 -0.9823329665500212 0.00943167133650261 0.1869036821596434 56.005814994299115
0.14884256741803234 0.0554619521691139 0.9873043411157466 7.230092064729977 0.00265546814772131 0.9983998839730206 -0.056485574898151945 -1.308345053770326 -0.9888573398692669 0.011029213219864104 0.14845712459301416 56.059980061162186
0.11642124186801037 0.05618777572240862 0.9916093123308584 7.761906944456525 0.011865320833735378 0.9982485640016571 -0.05795704124730099 -1.3434876743582302 -0.9931290493200874 0.018513193349531394 0.11555065152815032 56.09565957147387
0.08789936608848117 0.0542871091434964 0.9946489889514213 8.313599705510788 0.019418341599993758 0.9982307552420386 -0.056198641428547594 -1.3834628301693677 -0.9959400732226548 0.024254258796150074 0.08668968496597616 56.113779249393566
0.06296209604846392 0.052539137242583946 0.9966320351659325 8.879088956056949 0.026417787376450702 0.998175713779594 -0.05428945506016752 -1.4198721290401826 -0.9976662142075949 0.029746991081489732 0.06145926740761782 56.126739228103744
0.0431383272116612 0.05171852202805891 0.9977295621583097 9.45674165588987 0.031107420373888077 0.9981054680136866 -0.05308298332668603 -1.4489699867386838 -0.9985847050316062 0.03332670401363132 0.04144777046507936 56.12979510964713
0.027411763644080864 0.05357033536893022 0.9981877650935123 10.039139455304127 0.033931724540513665 0.9979376815492665 -0.05448873107148541 -1.4812695081751348 -0.9990481636455901 0.03536386450226122 0.02553749799486879 56.1328314967125
0.014003825928244774 0.05336415812234499 0.9984769198570711 10.644237726741345 0.03493598361264616 0.9979390282068474 -0.05382539391949704 -1.5164871414146415 -0.9992914339212492 0.035636534756699645 0.01211063508434528 56.13399217486936
0.0022934507867461863 0.05425668851281738 0.9985243872009893 11.244883225146655 0.03578870195283701 0.9978828793655778 -0.054304031909184834 -1.5550155626036184 -0.9993567475611588 0.03586043531088079 0.00034681882062814116 56.1324269564512
-0.006999346976301099 0.05720995909435217 0.9983376331293573 11.864196898245087 0.04069758763466607 0.9975512126007389 -0.056879562230324525 -1.5916504483834129 -0.9991469939416432 0.04023181352135674 -0.009310514387440778 56.12348855012566
-0.013413550469189918 0.05914436452986899 0.9981593163459267 12.49447220853472 0.04506133063891088 0.9972706980183483 -0.05848616379150061 -1.629391591866262 -0.9988941651370575 0.044193879874406206 -0.016042064604822315 56.10458009500991
-0.018181848193170504 0.058281183466688716 0.9981346222078473 13.132947744758088 0.045451122591822886 0.9973158028442157 -0.05740544270659149 -1.67367473376597 -0.9988010892321961 0.04432260203235847 -0.020781989742504725 56.09518749028197
-0.021867986642084877 0.05555892594582372 0.9982159069599961 13.78670239115564 0.043086849592588405 0.9975793661099537 -0.054579590543058505 -1.7129340662955213 -0.9988319751351602 0.04181643288718828 -0.02420891133826567 56.08687459772527
-0.024334052152703376 0.04869317003611371 0.9985173153719784 14.448481045890402 0.04141171723926135 0.9980048558994582 -0.04765896847809607 -1.7517201323645308 -0.9988457956967747 0.040190580898200476 -0.02630197000112771 56.07632775824313
-0.025685829077146338 0.043065958841699795 0.9987419893914865 15.129471467804057 0.04257568012247209 0.9982122341776885 -0.0419481465632925 -1.78859997139768 -0.9987630097509251 0.04144464654248532 -0.027473471317616505 56.054710797754886
-0.02619597362111815 0.04048189151225021 0.9988368172157209 15.815899849495736 0.04529136218266562 0.9982017289277955 -0.03926831900142397 -1.8266656036854254 -0.998630293691153 0.044210008201191024 -0.027982346169868083 56.0334468568009
-0.025827865779349174 0.04275669857460482 0.9987516138040948 16.50636356528464 0.048644993986354336 0.997955083576769 -0.0414646321984244 -1.8633322194802433 -0.9984821410067131 0.047513323292350675 -0.027854949297478317 56.002269990961764
-0.02518199000968596 0.05008438384502691 0.9984274745188133 17.20280298913673 0.04935526669721238 0.9975885242867789 -0.04879747801447374 -1.9019377614145434 -0.9984637825321444 0.04804883667884167 -0.027593192374404194 55.981252450682796
-0.02278661467717849 0.05818604413006717 0.9980456675223068 17.905773136129962 0.049949177095525765 0.9971243651252327 -0.05699193084183468 -1.9369008658363407 -0.9984917875971898 0.04855290662869241 -0.025627433716076023 55.964879372708474
-0.020536801854839005 0.0588923805544875 0.9980530683697134 18.62626041629319 0.05053841005037121 0.9970485529257838 -0.05779318487659444 -1.9769996666178722 -0.9985109457983691 0.049253128034928845 -0.023452515848396294 55.94603541881668
-0.01861645933345015 0.054517970315842934 0.998339230098931 19.3637803190166 0.049944195958291755 0.9973164153630153 -0.053530784951692674 -2.022807156746189 -0.9985784920235181 0.04886469645977009 -0.02128935668189096 55.93929227656954
-0.01625420797590351 0.04797881847247029 0.9987160926414779 20.101038300778384 0.0492922950371331 0.9976719751812249 -0.047126421336282136 -2.072671512051999 -0.9986521268054487 0.0484630056432563 -0.018581353852004448 55.92566599046729
-0.013521198707469038 0.04640008038943514 0.9988314220755004 20.836071008197315 0.04747068011000782 0.9978261672218771 -0.04571077047251691 -2.118610992451612 -0.9987811130149609 0.04679714251053966 -0.01569444925576508 55.917828722794404
-0.010161481023484199 0.05176753539182149 0.9986074637127771 21.562254246648898 0.05522010794839595 0.99716416875689 -0.05113081483359715 -2.1638355238668407 -0.9984224977340879 0.05462364713964632 -0.012991273670680616 55.90067044332795
-0.006838754568400525 0.05734133235111605 0.9983312090885226 22.291473630295602 0.056850996464980576 0.9967621098151784 -0.0568617678034396 -2.208202532110682 -0.9983592517911024 0.05636726036443803 -0.010076523314897957 55.89416805278617
-0.004600010771746421 0.05796549502826085 0.9983079891932288 23.027944170969064 0.050886366490316116 0.9970387208758155 -0.057657321995826516 -2.2549468809147646 -0.9986938557968157 0.05053504190604608 -0.0075360422796779975 55.89920560428932
-0.0013271450900379938 0.05458948922003253 0.9985080001445183 23.75769480652657 0.04679331637910111 0.9974184938542725 -0.054467730443990545 -2.2976258585242153 -0.9989037111894985 0.04665121417680146 -0.0038781422968786287 55.908097507629904
0.003557040894391855 0.05113243876315758 0.9986855466893506 24.499932648960517 0.051287539921001594 0.9973681694597512 -0.05124766138426453 -2.3451009088330457 -0.9986775934749538 0.051402414871642904 0.0009252223712091133 55.90280325392362
0.007215743947942143 0.052249237905324625 0.9986080062655166 25.23889278497007 0.05619553086226818 0.9970346756899978 -0.05257297578460089 -2.392659276497647 -0.9983937075875343 0.05649666016724474 0.004258173265759536 55.898420666194305
0.01012095644335404 0.057111453198724224 0.9983165070027648 25.962930395883365 0.0562354661738902 0.9967550881374777 -0.0575922444106317 -2.4335968743039498 -0.9983662346979061 0.05672368275754493 0.006876425637231999 55.90186343888533
0.013735891909741007 0.05774713106346904 0.9982367425252299 26.696197531658214 0.05233470246933337 0.9969210361227155 -0.05839115218470507 -2.4841849829492824 -0.9985351291721728 0.05304447746890852 0.01067142067206401 55.913259411003494
0.017482565397248157 0.057393645784666984 0.9981985420399465 27.433666228618755 0.05161303552950445 0.9969682676697116 -0.05822686513186424 -2.5314267934790298 -0.998514123320526 0.0525380117933516 0.014467302659464757 55.92146101207718
0.021104676120935462 0.054325277607775814 0.9983002338268124 28.173468047273303 0.055772153154142204 0.9969037895713632 -0.05542834356902776 -2.5813859792724965 -0.9982204463836528 0.05684715077374899 0.018009493899754245 55.93437039262003
0.024732562969107058 0.05502897806524374 0.9981783968319861 28.908010371540737 0.06055131208225872 0.9965681138791576 -0.0564405262595527 -2.6293557515395687 -0.9978586267273005 0.06183693049006596 0.021315606805123757 55.949082863002026
0.028284780243450686 0.05590356782397647 0.9980354514300229 29.6431320421629 0.0635255908705647 0.9963161460375942 -0.057607607564805915 -2.676711071931865 -0.9975793053743263 0.0650302102821842 0.02462927606588387 55.96605723580173
0.030648314844893346 0.05575979585421712 0.9979737100562641 30.37673345960557 0.06409959132388945 0.996277879450665 -0.057633577968022986 -2.7273233695804135 -0.9974727681442119 0.0657360790097937 0.02696005799584745 55.995036219520266
0.03401494250386412 0.05419308509554124 0.9979509472986566 31.115640269541895 0.06574427157305061 0.9962446227065123 -0.05634130353202455 -2.7776208982353445 -0.9972565740278606 0.06752600429602028 0.030324318657242718 56.02096513722943
0.03759021044106646 0.052872715934622644 0.9978935073386803 31.85512287132493 0.06778778723545467 0.9961640907572257 -0.05533462015366394 -2.8369195710834663 -0.9969913700633096 0.0697250327753685 0.033861893387060506 56.05362858301515
0.04036375415044164 0.053130795324255284 0.9977714597737773 32.59287401172688 0.06601861043555896 0.9962613626635316 -0.055721094210010494 -2.888891686190272 -0.9970016601927194 0.06812059785421015 0.03670522743349093 56.08283799769341
0.043181245055931614 0.05474019534912127 0.9975664845455462 33.334382232977816 0.06330801273905365 0.9963412081499704 -0.057413347448906735 -2.940124425726319 -0.9970594142770277 0.06563313153733469 0.03955776088394598 56.11843121001676
0.04596582986355378 0.05469848892319964 0.9974443432064133 34.07741541743089 0.06502895404083689 0.9962179722233614 -0.0576280049587715 -2.9894644019259817 -0.9968241457856585 0.06751168142397318 0.0422350002959432 56.14857739150501
0.04867960532987807 0.05445742482900791 0.9973287747307403 34.823929887995554 0.06279122707156877 0.99637064739953 -0.05746994695915274 -3.0423268645735027 -0.9968387822651024 0.06542111189542762 0.0450834813495127 56.19175852463496
0.050977909776960095 0.05471415199919269 0.9971998868259968 35.56744684597214 0.0610844489814799 0.9964578747701186 -0.05779614088541771 -3.094157448191724 -0.9968299467850067 0.06385973206667309 0.047455155810212486 56.22988392276291
0.05353318118831986 0.05467726456054678 0.9970679993119997 36.32213585586414 0.058048222548758154 0.9966408455420798 -0.05777048429862349 -3.1483552886693675 -0.9968774259510477 0.06097066292360286 0.05017943694251612 56.27483351069317
0.056911075285456955 0.056756548154224866 0.996764678222232 37.074969358796906 0.05654110633249543 0.9965972455311287 -0.059975274025750085 -3.199972621609114 -0.9967769222873033 0.0597714349951838 0.05350834284544726 56.31714553802024
0.06047803805715563 0.06025049608217728 0.9963494791661248 37.82885051984535 0.055702918982121916 0.996417420581928 -0.06363575078309296 -3.252826971454723 -0.9966140635821003 0.059348139673525195 0.05690524218086809 56.35846077617619
0.063618715670713 0.062289598747140254 0.9960284458309052 38.58882984343037 0.0558760417947227 0.9962623121835302 -0.06587316051382368 -3.31168401886247 -0.9964088151806775 0.05984489293704019 0.05990043254927899 56.41265252754308
0.06646574978166564 0.06459598675211155 0.995695567230005 39.352202699521655 0.04984254291237021 0.99644146507285 -0.06797152050307571 -3.3672733013688116 -0.9965430372151459 0.054145777111354765 0.06300960084794896 56.47312994070329
0.06898008773802358 0.06395722500518387 0.9955657792759302 40.123500664561355 0.046163136697745064 0.9966692252931286 -0.06722663284606313 -3.423623239350109 -0.9965494028425675 0.050595738192364854 0.06579786448578487 56.53437870248306
0.07242716262289434 0.06460316399676808 0.9952792258034941 40.8982832162796 0.047645736945600835 0.9965365972261017 -0.0681519929270763 -3.4888451003229326 -0.9962350073478171 0.05235686765485792 0.0690982528293167 56.59234244059947
0.07613242999852514 0.06551005680998552 0.9949433579653021 41.67429985734089 0.047084597330866264 0.9964900176933906 -0.06921477682991879 -3.5529072175384155 -0.9959853883449834 0.05211599652868321 0.0727806918702504 56.65201080280338
0.07988964781982284 0.06655040589369361 0.9945796537465507 42.4581421683594 0.0432587940166505 0.9965973239302168 -0.07016017870098848 -3.6098792190359874 -0.9958646097293785 0.0486293883419711 0.07673891892668275 56.71392109077609
0.08411657221941612 0.06467861612999752 0.994354604199912 43.24833913356322 0.0424250762249099 0.9967538938302337 -0.06842359272631694 -3.6686835105441413 -0.9955523668724635 0.047941127956846234 0.08109952567591786 56.78047368982631
0.08894878916908738 0.06452882732136402 0.9939437324868456 44.05471000001869 0.0433357324706346 0.9967035439946106 -0.0685861478712432 -3.734344633088921 -0.995093024393491 0.049173934488832706 0.08585916940141602 56.850747208410496
0.09385040238205399 0.0679896685331281 0.9932620535112984 44.829174008124916 0.03993620579774927 0.9966053656915368 -0.07199197553420111 -3.7993895468078116 -0.9947850026207695 0.046423593652285725 0.09081656519160465 56.93051283854544
0.09991441246469857 0.07677519642285825 0.9920295758676074 45.618535129424046 0.03798549497438493 0.995997482920209 -0.08090807245360743 -3.864963175372624 -0.9942706937013598 0.04576661699141333 0.09659815948441304 57.011374809405105
0.10698253779138575 0.08160517737195373 0.9909063182934128 46.419821771857926 0.036201312795309845 0.9956455099779432 -0.08590391965828204 -3.9362787499304615 -0.993601631218271 0.045062328910658624 0.10356246884627962 57.104154547570886
0.11417249639554744 0.08459986680275304 0.9898522635240901 47.232776856889096 0.03186283257555405 0.995543154726998 -0.08876140476850325 -4.014081321987082 -0.9929498481630727 0.04167360811319658 0.1109680558528294 57.205686211928
0.12107543040675375 0.08272630025827726 0.9891901229780836 48.02350382140966 0.027928543867252124 0.9958428184598606 -0.08670108049716256 -4.094068520550558 -0.9922503396770761 0.03812401038057013 0.11826167275676318 57.30661917157961
0.12865557375996348 0.0811163344758405 0.9883662699736863 48.83559363066643 0.027707209856118225 0.995965989232806 -0.08534669773053065 -4.172768835210341 -0.991302201078199 0.038365200021908956 0.12588906848807468 57.41078253147715
0.1359628480257656 0.07776527448263881 0.9876571601731858 49.64799713283496 0.026584420133376918 0.9962692213902095 -0.08210302745159345 -4.252855810069546 -0.9903571944318338 0.037419254337637785 0.13338825601199067 57.52116564512252
0.14347517520711664 0.07239373010404998 0.9870025440397348 50.46365935986595 0.024067827294075396 0.9967707012021368 -0.07660880441791462 -4.329633761081652 -0.9893612150214037 0.03474646840502903 0.14126949120297855 57.63686849131399
0.1503987468859527 0.06513518058689485 0.9864773819936506 51.27356421384665 0.020901029088000986 0.9973947386713397 -0.06904261186971342 -4.401469811368701 -0.9884044536110692 0.03100231476264203 0.14864552654271249 57.763718808074344
0.15781881489650165 0.062363448073871494 0.9854968401821492 52.09232406781867 0.02063523118322938 0.9975775220425013 -0.06643248263881885 -4.478171917956369 -0.9872524544910877 0.03082025080819108 0.15614961812774825 57.90061667867423
0.16482982112718714 0.06428049472058298 0.9842251511039819 52.875232628493485 0.020114444534249293 0.9974474550133533 -0.06851265290778338 -4.54624131830546 -0.9861168993523318 0.031090070534832745 0.16311611914792742 58.0331900827791
