1.0 0.0 0.0 0.0 0.0 1.0 0.0 0.0 0.0 0.0 1.0 0.0
0.999999901627988 -0.00040254021998399804 -0.00018629381519407313 -0.007385037456407924 0.0004028459165353498 0.9999985677849255 0.0016438197179698853 -0.01841128896988417 0.0001856318448303604 -0.001643894603966761 0.9999986315747383 1.3106200911258183
0.9999983345064216 -0.0017264399665646519 -0.0005919370108656202 -0.011824430648605971 0.0017274296293679884 0.9999971043547552 0.0016754906685150963 -0.03640123693338359 0.000589042662772284 -0.0016765104075274172 0.9999984211695511 2.6253615054011226
0.9999950991241342 -0.003001389334303026 -0.0008907242991344412 -0.0008744268203300445 0.003001779162637339 0.9999953993233214 0.00043663949614385685 -0.047417355938791546 0.0008894096760732984 -0.0004393111138686764 0.9999995079779657 3.9418692623032223
0.9999949489564314 -0.00306765041129676 -0.0008316144410820052 0.007857009660877925 0.0030682175469898248 0.9999950607506344 0.0006815536803094528 -0.0784490539016876 0.0008295195651031997 -0.0006841018117725659 0.999999421950834 5.260942848536844
0.9999927376263731 -0.003681326223422869 -0.0009861702432850345 0.001272364075385386 0.003682890631198297 0.99999195525929 0.0015892555806205323 -0.09860551496799295 0.0009803117415564716 -0.0015928759960024698 0.9999982508659456 6.581498978611698
0.9999874747821567 -0.004909072506081841 -0.0009753388826177972 0.004240127608394646 0.004911854141297462 0.9999838172844469 0.0028703411156718846 -0.12064220098994144 0.0009612323863321142 -0.002875095886353873 0.9999954049174145 7.908540233222177
0.9999894655445898 -0.004479125115002088 -0.0010031141759800145 -0.01727251120272603 0.004482421250527313 0.9999844819983127 0.003308120659639044 -0.1343940083032812 0.0009882811233225043 -0.0033125821906885757 0.9999940250319755 9.238581206692643
0.9999925615193239 -0.0035562240245564205 -0.0014933776174726682 -0.012980107642805027 0.003558542658325537 0.9999924627115734 0.001552834244586375 -0.15407113258632907 0.0014878441350081029 -0.0015581369418156152 0.9999976792618575 10.569205021979846
0.9999984403999699 -0.0007310380641175943 -0.0016077254045789417 -0.016388440442143694 0.0007299034537034156 0.9999994842628485 -0.0007061975539453293 -0.17366888732358973 0.001608240832708006 0.0007050229682341951 0.9999984582508308 11.903757299917556
0.9999954618968234 0.0027357450790498343 -0.0012616991008303124 -0.03702376284669305 -0.002737815706342836 0.9999949035207023 -0.00164234520705952 -0.19494642479482657 0.0012571996327886891 0.001645792053542443 0.9999978554065004 13.24131922382698
0.9999870610610526 0.004914730513538407 -0.001312682161750307 -0.044850490099636924 -0.004917199591562631 0.999986135026404 -0.0018843840190646334 -0.21321655610661375 0.0013034027218091224 0.0018908143573244578 0.9999973629777287 14.579719393360563
0.999981388341462 0.005993199133827225 -0.001142162345869426 -0.05485193698746868 -0.005994567942745897 0.9999813138362513 -0.0011988050318578556 -0.23013409818091024 0.0011349563259583032 0.0012056294898918972 0.9999986291648962 15.929938901786945
0.9999937925759982 0.003425092483131043 -0.0008267714034087884 -0.05374248843837637 -0.003423923069884099 0.9999931418623896 0.0014117290810976716 -0.24641320489133714 0.0008316010359607024 -0.0014088895162150533 0.9999986617341289 17.281529977483764
0.9999994229667764 -0.0008710209376238173 -0.0006287993642191636 -0.06055428848631496 0.0008730293967513436 0.9999944958835779 0.0032009408338167624 -0.2672916630709967 0.0006260078167480074 -0.0032014879470971943 0.9999946792804142 18.633941123566547
0.9999951906085063 -0.0029352353501180635 -0.001001575407282626 -0.05240862135100467 0.002936195351940762 0.999995230129203 0.0009583713778862756 -0.29094766322314713 0.000998757584350555 -0.0009613075897586271 0.9999990391850413 19.985823756857258
0.9999906465780187 -0.004195863446545295 -0.0010495172289106468 -0.05527239112719722 0.004194756575026415 0.9999906458369406 -0.0010546354322559831 -0.3095472776100145 0.0010539325178151608 0.0010502230985091486 0.9999988931282331 21.34046199275114
0.9999984594118125 -0.001718272513643929 -0.00035876673511056937 -0.06567911593356549 0.001717277969445727 0.9999947324756076 -0.0027542653129835107 -0.3334320389058908 0.00036349742368080426 0.002753644967584509 0.9999961426470682 22.705012816204686
0.9999993993433884 0.0009684792152218618 0.0005131869756070138 -0.07461465859353171 -0.0009681470907449219 0.9999993220189166 -0.0006470339390888739 -0.35338668430226067 -0.0005138132665973143 0.0006465367099661966 0.9999996589930467 24.071424927943752
0.999998486408771 0.0013925692662538442 0.0010430393117227754 -0.08055135349382986 -0.00139546216901748 0.9999951678046806 0.0027779583553943724 -0.3708202415181888 -0.0010391657721242442 -0.0027794096726013 0.9999955974984939 25.448058460247196
0.9999985081147889 -0.0009246906921767505 0.0014590117615221959 -0.0725201352529386 0.0009178236220589401 0.9999885321880084 0.004700328953558541 -0.38488587866976537 -0.00146334138028297 -0.0046989828257477185 0.9999878890228661 26.819714091146892
0.9999865230538925 -0.005036876133992516 0.0012584074847510707 -0.08248277060750182 0.005033384457782402 0.999983516386719 0.002762606695330003 -0.39587751748374633 -0.0012723016493798752 -0.0027562354151531698 0.9999953921968086 28.194260993637634
0.9999859295042872 -0.005180855505588997 0.0011399691560815028 -0.07161349507310029 0.005180256178175923 0.9999864429541538 0.0005280661205317198 -0.4176084107742965 -0.0011426895357350743 -0.0005221533581159332 0.9999992108079362 29.569642048904015
0.9999838116142374 -0.005488131919556453 0.0015023040620069554 -0.06490141053422595 0.005491141623227948 0.9999829102089745 -0.002006652352556551 -0.4362592716624768 -0.0014912656151167766 0.0020148692324597865 0.9999968582094851 30.9494713001733
0.9999966258710924 -0.0016344653186897871 0.002019101174341251 -0.06025577648119513 0.0016404617178260028 0.9999942387525415 -0.002971758246869664 -0.454019119161337 -0.002014232306009502 0.0029750604779551705 0.9999935459208573 32.33506204915328
0.9999970709034427 -0.0007436271433459245 0.00230330267368727 -0.055938476434348024 0.0007557017564127817 0.9999859547427228 -0.0052458776330458565 -0.4775130945663873 -0.0022993693462098185 0.005247602877239787 0.9999835876476435 33.717614501721826
0.9999972745943516 0.0003854857529985112 0.002302651646046418 -0.0619921453361509 -0.0003745975784998745 0.9999887570444201 -0.004727098624980539 -0.5018985046293565 -0.0023044479866089953 0.0047262231739885 0.9999861760714427 35.110761406452404
0.999997798760184 0.0005908735422869128 0.0020132916438888545 -0.05136709526137094 -0.0005837943569733271 0.9999936519605288 -0.0035149996861715887 -0.5318053385153718 -0.00201535578374954 0.0035138166005136747 0.9999917956833259 36.507817564578986
0.9999963197734759 0.002164962212114339 0.001635046826270546 -0.04161221949042071 -0.002161602642317246 0.9999955548780036 -0.0020537035450010088 -0.5552047754241839 -0.0016394857488575146 0.002050161665366772 0.9999965544558765 37.90581944067537
0.9999866812002315 0.004878384525178863 0.001684869897316266 -0.05196339829307303 -0.004875328747583314 0.9999864719582128 -0.0018130279009272439 -0.5726353831345204 -0.0016936917515812495 0.0018047894589253329 0.9999969370669388 39.30154901227888
0.9999723637734085 0.007050113624796231 0.002359573541847135 -0.0836319948618518 -0.00704496886402042 0.9999728040764397 -0.0021816326930155306 -0.5916064514145625 -0.002374890129438555 0.0021649492787853904 0.9999948364324153 40.704016008063256
0.9999477587635625 0.009915113668386856 0.0024840017453762113 -0.08400757694240282 -0.009910683916521877 0.9999492870534983 -0.0017893198448837703 -0.6173726446917626 -0.0025016170839794747 0.001764608212456161 0.9999953140239315 42.11066940293154
0.9999385188431378 0.010793185362710237 0.0025427708347249404 -0.09948772389233106 -0.010788499072128107 0.9999400919322983 -0.0018495497283018381 -0.6353763162169376 -0.0025625810352924968 0.0018220033350537887 0.9999950567289242 43.51824539127512
0.9999536130984047 0.009390464894304576 0.0021426200117958807 -0.10395943685502695 -0.009386680279753853 0.9999543782974112 -0.0017696206269664481 -0.6670796760465815 -0.002159139822196466 0.0017494264507368306 0.9999961388037063 44.92771992726705
0.9999586632602704 0.008930137175476523 0.0017100937870191347 -0.11671290462789732 -0.008926066207839612 0.9999573448462049 -0.0023735690807185046 -0.6844875347287116 -0.0017312171401916503 0.0023582065547466057 0.9999957208653737 46.34078124330967
0.9999659877912175 0.008197632719877253 0.0009066854607366236 -0.11760364027341402 -0.008195813487146429 0.9999644290508136 -0.00199230378302654 -0.713925123953714 -0.0009229853837535629 0.0019848049954465804 0.9999976043206859 47.75641958920811
0.9999613873047377 0.00878719082011443 9.579705255521279e-05 -0.1242707824816765 -0.008787116139601465 0.9999611083188675 -0.0007539493688256643 -0.7425746200468705 -0.00010241842381905757 0.0007530784769817984 0.999999711191595 49.17889074734766
0.9999491577041032 0.01005934808093445 -0.0007010870424625802 -0.12889535209308245 -0.01006036185992371 0.9999483306289504 -0.0014578036981465138 -0.7568358898869884 0.0006863862629030245 0.0014647827694020022 0.9999986916418121 50.60152759466909
0.9999465863325221 0.01021440723413465 -0.00157808960181368 -0.14958188027331323 -0.010216133658424782 0.9999472200422505 -0.0010898361564614413 -0.7767820711262664 0.0015668742799908957 0.001105899918612458 0.999998160943489 52.0275240275834
0.9999459052264366 0.010062621083814727 -0.0026325420806158693 -0.16136550002055428 -0.010062921954744581 0.9999493624113921 -0.00010106820854302308 -0.800259546759016 0.0026313917639471194 0.0001275538067809748 0.9999965297476839 53.456261291849856
0.9999607879041801 0.008184082629903583 -0.0033828162170316473 -0.1689473455372041 -0.008181211264441081 0.9999661619884089 0.0008617774755316257 -0.8223489203383141 0.0033897546073258997 -0.0008340681492904061 0.9999939069284492 54.88371851933101
0.999970058946223 0.006758241319098928 -0.0037692685444196523 -0.18848378882150588 -0.006754426456250716 0.999976664394025 0.0010239094912058429 -0.8394081035469846 0.0037761004136848543 -0.0009984195870995807 0.9999923720829041 56.31558962565502
0.9999820257663841 0.004166317925176471 -0.004311605165740672 -0.19367411833583995 -0.004165079629598881 0.9999912821684113 0.00029613992581583746 -0.8579584704571638 0.004312801390974505 -0.00027817642408092824 0.9999906611374122 57.74450929078576
0.9999858694464956 0.0031122042256186413 -0.004309883083600793 -0.21325040314965418 -0.0031096957353781603 0.9999949916521695 0.0005886110857367002 -0.8825639884319995 0.004311693376115724 -0.0005752003432912086 0.999990539177644 59.17242624310173
0.9999902843781945 0.002384411439252249 -0.0037075236083303088 -0.22139279988484742 -0.0023797920963319116 0.9999963872252939 0.001249850366055494 -0.9094994415708488 0.003710490371393241 -0.0012410150876019774 0.9999923460420864 60.601818775642876
0.9999941783185848 0.0016144645226747886 -0.0030061326058081076 -0.23730378510533512 -0.001608925159396716 0.9999970051477556 0.0018441950413014122 -0.932193517680289 0.003009100990352463 -0.0018393476626034602 0.9999937810363652 62.0264665891744
0.9999970960819808 -0.00048136093307816715 -0.002361380794734246 -0.25726538513376085 0.00048422212769766524 0.9999991492133755 0.00121123963572624 -0.9365055781493007 0.0023607957422621065 -0.0012123795512183526 0.9999964783834427 63.45054269186314
0.9999954102241279 -0.0024322829804592104 -0.0018065243372639374 -0.2740447273461898 0.0024327646192727477 0.9999970058538096 0.00026446119223887 -0.9521944866021272 0.001805875683809423 -0.00026885482691278847 0.9999983332636594 64.87039375972839
0.99999731206617 -0.0021336408316323854 -0.0009074344253678248 -0.30814987164311536 0.0021334708647863417 0.9999977064328378 -0.00018823159140579664 -0.9683720510957244 0.0009078339627155698 0.0001862951005435346 0.9999995705657235 66.28758787670805
0.9999998986042404 -0.0003879090454809416 -0.00022873146098428636 -0.3046356288472142 0.0003878094986246156 0.9999998301473364 -0.0004350966444424895 -0.997253610941283 0.00022890020005799944 0.00043500789609237267 0.999999879186407 67.70115302748441
0.9999961339387928 0.0027802299344490485 4.9284677082360764e-05 -0.29406034694169586 -0.002780273308904182 0.9999957273130295 0.000903014956580145 -1.0203457579116308 -4.677387729048469e-05 -0.0009031484903412432 0.9999995910674206 69.11401244988987
0.9999831082610156 0.005765839296314201 0.0007336823884807226 -0.308924058790764 -0.005767420527717283 0.9999810102171184 0.002171650433855225 -1.0390402454468557 -0.0007211470686017582 -0.0021758452057710313 0.9999973728188217 70.52806884399956
0.9999506063859455 0.009847596986730864 0.001345221902433711 -0.30854583997727364 -0.00985107825286632 0.9999480805440764 0.0026062374167073283 -1.0593355248892289 -0.0013194868835126523 -0.0026193605714505187 0.9999956989430308 71.93787358217374
0.9999058722261545 0.013565764311725789 0.0020534668957190457 -0.3271336685864365 -0.013570317634092454 0.9999054547204681 0.002219932332869327 -1.0759852691944238 -0.0020231576713013837 -0.002247589573606693 0.9999954275766191 73.3378612985388
0.9998560397345755 0.016755972722534086 0.0026715509376832036 -0.32908050259695587 -0.0167600379905703 0.9998584055706082 0.0015066307957370601 -1.0962515171142493 -0.0026459275964359676 -0.0015511891959770568 0.9999952964285542 74.74041817838223
0.999828225072833 0.018208065393497348 0.003462181730421117 -0.34329912457211414 -0.018213087660692222 0.9998331129761768 0.0014246523191448611 -1.1167559238475955 -0.003435663774625883 -0.0014874646189498592 0.9999929918071598 76.1424651146776
0.999823943263903 0.018353356324772644 0.0039034328270688866 -0.3492960217830921 -0.018360793467970885 0.9998296625771185 0.0018780559498494636 -1.143190270872103 -0.003868299296334975 -0.0019493954294025752 0.9999906180149958 77.53864624295763
0.9998429972978474 0.017303595419044797 0.003816587484981386 -0.3371363381985645 -0.01730959850235327 0.9998489832006628 0.0015455071293017306 -1.1632703541061569 -0.0037892682860720295 -0.0016113280775203053 0.999991522497907 78.93276447673772
0.9998622963963301 0.016206088546125586 0.0035708457110744368 -0.32630591788275676 -0.016208469904574377 0.9998684299610646 0.0006389605204395284 -1.190762705819866 -0.00356002084399314 -0.0006967504785150366 0.9999934203735343 80.32306911308184
0.9998815601387661 0.014930488646768575 0.0037344615723470063 -0.3654557260588458 -0.014933252969821367 0.9998882382391582 0.0007134330593715195 -1.2053494592278668 -0.003723392298152374 -0.0007691162198248444 0.9999927723788975 81.7081081594439
0.999879677936148 0.01508700203742034 0.0036072177404996336 -0.3634368021544337 -0.015090299925290533 0.9998857399287987 0.0008887829891877718 -1.2296821825783288 -0.0035933965087747216 -0.0009431100465840999 0.999993098998673 83.09430307157936
0.9998847213537629 0.01490334918167684 0.0029041670882226952 -0.34717746287440043 -0.01490466676421749 0.999888825715112 0.0004325721912573052 -1.253269696549299 -0.0028973974451105195 -0.00047580796759821755 0.9999956893381201 84.48063821586388
0.9998783712788067 0.015442951965162315 0.0021812573075592223 -0.3415900002036395 -0.015444172790312044 0.9998805836885886 0.0005439571572746389 -1.2766731657935915 -0.002172596525606059 -0.0005775787112192453 0.9999974731103916 85.86254987903172
0.9998969037562568 0.014319606372111698 0.0010633588285686862 -0.3411647980337278 -0.014320996774627084 0.9998965889505409 0.0013116617143084288 -1.288624713169901 -0.0010444663860736452 -0.0013267548452667744 0.9999985744047578 87.24730231340033
0.9999264148624492 0.01213075851190853 9.776632525686918e-05 -0.3500636275894491 -0.012130949892565607 0.9999238191557742 0.0022794603820153942 -1.3104862311888847 -7.010729390364023e-05 -0.002280478646002484 0.9999973972476687 88.6262057753282
0.9999521934183475 0.009721640923571157 -0.0010490832133967264 -0.3626815072909995 -0.009718772311092767 0.999949111018639 0.002705704676687522 -1.3268231523900307 0.0010753337159329693 -0.0026953795253095232 0.9999957892844415 90.0035101141537
0.999964794195288 0.008226149000606012 -0.0016555490312439901 -0.37009508856876183 -0.008221755268808258 0.9999627066907022 0.002643476518407677 -1.3487874775503763 0.0016772329220622888 -0.0026297719337191683 0.9999951355828192 91.3723820107922
0.9999717595951934 0.0071981397392755905 -0.0021602769235637143 -0.36841691215501077 -0.007193363046173659 0.9999716834731245 0.002210832424693858 -1.3824073140879682 0.00217612963275757 -0.0021952303336997187 0.99999522270039 92.73823891837989
0.9999777560192527 0.006237679087570701 -0.002361953915763679 -0.37678088821808686 -0.0062333733072795 0.9999789052260559 0.0018259682663598238 -1.4047395638474343 0.0023732938949497604 -0.001811204709065279 0.9999955434968644 94.10036547541152
0.9999766621482522 0.006351612074651132 -0.002516382898750683 -0.3808834184993715 -0.0063482831857506585 0.9999789667436062 0.0013286726391128559 -1.4273600630281564 0.0025247691842021774 -0.0013126669195026902 0.9999959512148656 95.45790796327243
0.999978166014599 0.006180048766205799 -0.002339763091834367 -0.3886005318542785 -0.006177694725607976 0.9999804057839355 0.0010119960827447718 -1.4586093760364156 0.002345971431153755 -0.0009975196447254142 0.9999967506810217 96.81090616901461
0.9999720284434843 0.007129385926720953 -0.002261456816003107 -0.39781897568889246 -0.007128984645565899 0.9999745712688526 0.00018545510621485772 -1.4786320209794015 0.0022627214910503515 -0.00016932802782891675 0.9999974257064225 98.16266662044063
0.9999575037707088 0.00893044622195513 -0.0022886203112910935 -0.3895320265486197 -0.008930114308770573 0.9999601136893588 0.00015520565640093385 -1.4907426058135118 0.002289915082438583 -0.00013476141975650842 0.9999973690606762 99.5126188662899
0.9999528525716316 0.009451859485537301 -0.0022259798116668356 -0.3957826983556137 -0.009448521713307154 0.9999542288049413 0.0015052350470954232 -1.5097687326293956 0.002240105196068828 -0.001484131860549884 0.9999963896341478 100.85782578463214
0.9999362219707191 0.011063627295720779 -0.002268951737137392 -0.3967291497062459 -0.011057573287160422 0.9999353155452545 0.002663606279148559 -1.5301715796339534 0.0022982741183667894 -0.002638347299470806 0.9999938785110655 102.20309623354005
0.9999397329029878 0.010788689209528293 -0.0020334077409679113 -0.40314732278066034 -0.010786443627660446 0.9999412062114704 0.0011120945174615045 -1.5518469832566002 0.002045286231344018 -0.0010900942567832728 0.9999973142457648 103.5436558573876
0.9999365150062748 0.011101116597166491 -0.0019316229967676025 -0.4063071843850956 -0.011103450036588984 0.9999376329302679 -0.0012015186624810487 -1.5807927855595048 0.0019181643283358914 0.0012228900635104989 0.9999974125894034 104.88222950640443
0.9999458794923952 0.010202488667356515 -0.002036494825009866 -0.4203400849555037 -0.010207281741285499 0.9999451259086879 -0.0023572379834421245 -1.6050399662995503 0.0020123333803948986 0.0023778974849695206 0.9999951480471875 106.21838512308834
0.9999659065350738 0.008014802350691986 -0.0019871363231673644 -0.4253811584353124 -0.008017257652357113 0.9999671039049686 -0.0012307264699459137 -1.6291531548929878 0.0019772069247379676 0.0012466158941094267 0.9999972682970631 107.56302732750717
0.9999820503219232 0.005864338473668221 -0.0012282378548668248 -0.43045383511725416 -0.005863378714917197 0.9999825032590426 0.0007835597123543767 -1.6587691391816939 0.0012328114240751328 -0.0007763440240146473 0.9999989387324109 108.90408679119523
0.9999899184671289 0.004486914991017464 -0.00017480837299543753 -0.4349676875662089 -0.004486670163070666 0.9999889872730926 0.0013766348029546536 -1.6862284827872767 0.00018098329121339307 -0.0013758366168541759 0.999999037158862 110.24243671648479
0.9999934142997179 0.0035929566812627316 0.0005118783824724955 -0.4322236491773888 -0.0035929499035508828 0.9999935452344121 -1.4159828215746118e-05 -1.7098992809620632 -0.0005119259540666624 1.2320581578496208e-05 0.9999998688900014 111.57458681766592
0.9999855641608195 0.005273394953059406 0.0010309101006874967 -0.4407253987375516 -0.005270767668152322 0.9999828966800781 -0.0025348284965601518 -1.7220026984733048 -0.001044259620502593 0.0025293582165562246 0.9999962559274193 112.90326091737388
0.9999708157855849 0.007336655651361186 0.002130976528321118 -0.43937576432257536 -0.0073265370460689466 0.9999620306456907 -0.004717957381927716 -1.748333904225941 -0.0021655096452070292 0.004702207013568905 0.9999865998188062 114.22677502956556
0.9999409213171779 0.010313458767039253 0.0034331390319906814 -0.4451114908166584 -0.010297972600437522 0.9999368564828949 -0.004498311619422779 -1.7767279483592475 -0.0034793154029254475 0.004462691493412554 0.9999839892463084 115.55814762562862
0.9999205733297707 0.011606994600156491 0.004911690972941714 -0.45231180434943635 -0.011594265648381282 0.9999293723455228 -0.002612149452409731 -1.8002913480275917 -0.004941663276317417 0.002554994528153623 0.9999845258637876 116.8909641899112
0.999911317267158 0.011850518708821714 0.006076414023731643 -0.4549063858663189 -0.011847976454186702 0.9999297071037893 -0.00045420839878447224 -1.8231723431278093 -0.006081369500118556 0.00038217490806340387 0.9999814352713465 118.22528107361758
0.9999111307863783 0.01151614922062563 0.006716311237103729 -0.44503922213803815 -0.01151584737571665 0.9999336869352419 -8.361406145414063e-05 -1.8458682329832983 -0.006716828769930097 6.262615604041527e-06 0.9999774418315919 119.5590283955862
0.9998968602204508 0.012072634455089156 0.007779487039452643 -0.4337524481291708 -0.012066100986212129 0.999926809229662 -0.0008862227576367525 -1.8629135192879893 -0.0077896166962018384 0.0007922632765780297 0.9999693466254986 120.90223173589379
0.9998531140823098 0.014481384384475772 0.009167320558140048 -0.435454232538586 -0.014469186832469325 0.9998943420543217 -0.0013954784701713855 -1.8919579756360148 -0.00918656041800903 0.001262629820126917 0.9999570055125487 122.26633098560616
0.9998077393752239 0.016523385520692387 0.01055755730925291 -0.4443780035280614 -0.01650542926025245 0.9998621815859363 -0.001785676103116986 -1.9135185782604467 -0.01058560769811476 0.0016110757725849706 0.9999426730290675 123.62227093764211
0.999785646864483 0.017271136952767486 0.01141788737575384 -0.4286614518502008 -0.017238012576250954 0.9998469341871019 -0.00299317875719353 -1.9354802281740728 -0.011467835287780387 0.0027957154737644676 0.9999303339377209 124.98165433736054
0.9997606667644836 0.01802724071535464 0.012394667515720265 -0.4237501524289269 -0.017981865662837267 0.9998312333911844 -0.0037626111605032105 -1.9597126573774113 -0.012460405206824624 0.0035388313963971036 0.9999161039679426 126.33527893314228
0.999755187939203 0.017531201719924058 0.013498931620825053 -0.4044240362246116 -0.017478380779544937 0.9998391556903291 -0.004021063761461718 -1.9907911590589538 -0.013567254474417789 0.0037841398895699764 0.9999008000253438 127.69078377544857
0.9997514791020937 0.017059931724549202 0.014350566634432967 -0.3937345208241438 -0.017017657854519537 0.9998504981757382 -0.0030627795992405824 -2.0143913243598397 -0.014400672009392042 0.00281780540150135 0.99989233451327 129.04802162062654
0.9997663324397911 0.015427556066428965 0.015141698507961949 -0.3852680157659828 -0.015395553066105964 0.9998789994553879 -0.0022278675633634754 -2.033485157118719 -0.015174236905938259 0.001994232160095319 0.9998828759271827 130.4057104148164
0.9997759386029079 0.014598882962718527 0.015327922459187477 -0.3662467764157415 -0.0145702801446095 0.9998918951730799 -0.0019760829165956445 -2.053843293120408 -0.015355114040006753 0.0017523080284315253 0.9998805678126722 131.75438546176437
0.9998058978705732 0.01243639420734256 0.015280794558401162 -0.3429392639218193 -0.012408809544824163 0.9999212051286619 -0.0018986784150850354 -2.077910852103357 -0.01530320322340272 0.0017086934081929435 0.9998814391406312 133.10827213718835
0.9998288304924189 0.01089405236168188 0.014954241515449778 -0.3220317042799234 -0.010877843358516085 0.9999401560672446 -0.001164821051085552 -2.107478194904986 -0.014966036216348422 0.001001951772489483 0.9998875005982505 134.45994628783433
0.9998496597150206 0.009783745641265364 0.014315596005196426 -0.2927492058554728 -0.009761455391222576 0.9999510336806283 -0.0016261087562195113 -2.1341339338802827 -0.014330804457606124 0.0014861232347623656 0.9998962043538964 135.81303177607523
0.9998781475793842 0.00840388515885164 0.013155406016368425 -0.27928197841211844 -0.008379924333588095 0.9999631291301383 -0.0018754328632356817 -2.1498302709320587 -0.013170681887510778 0.001764963030206925 0.9999117051240674 137.15916348631296
0.9999067900534244 0.007034766610799616 0.011701421443060241 -0.24510259406083312 -0.0070216855318311995 0.9999746764529025 -0.001158613483347503 -2.1719803244692475 -0.011709275697010503 0.0010763417873981122 0.999930864785665 138.5106511768755
0.9999308130411966 0.005229896828478162 0.010536475213969571 -0.22734729758815267 -0.005220226211795876 0.9999859278978922 -0.0009451161241192753 -2.194774682667884 -0.010541269803434379 0.0008900479503171511 0.9999440431572044 139.8608098915423
0.9999441990051323 0.005023368550514491 0.009293258007271835 -0.2092275506562557 -0.005015178901617295 0.9999870149898455 -0.000904340799671424 -2.220503005267247 -0.009297680171354059 0.000857682985069859 0.9999564078115245 141.21115325399265
0.9999584716534955 0.004732221241720752 0.007788520432309192 -0.18023907944029835 -0.004720725110138756 0.9999877416453065 -0.001493758197709085 -2.2479606492987547 -0.007795493752136187 0.001456928700425542 0.9999685533235142 142.56013630063543
0.9999690963889314 0.004496412589776834 0.006448917810482034 -0.16667610245263784 -0.004484301284463153 0.9999881570025088 -0.0018912685464511124 -2.271876465009094 -0.006457345359667292 0.001862291209002696 0.9999774170261838 143.9078051204551
0.9999841233675241 0.002165665121550915 0.005202202174641227 -0.14242073975185482 -0.0021433371250209336 0.9999884847334438 -0.0042937753176273494 -2.29944582273586 -0.005211441149341471 0.004282557073882037 0.9999772500342472 145.2554933994516
0.9999863725158562 -0.003433691908115212 0.003932498246638705 -0.13180528189560806 0.0034523383226915676 0.9999827844956694 -0.004744688861490324 -2.326620272865194 -0.003916138746947694 0.0047582005177190185 0.9999810115122924 146.5988498835016
0.9999325522298707 -0.011256177003252502 0.0028617250617311543 -0.12222123525599643 0.011262884724056288 0.9999338366894894 -0.002338732804138022 -2.3543725348034306 -0.0028352105301203854 0.002370806341307821 0.999993170405949 147.9517236955744
0.9998407288745863 -0.017812971527531547 0.0011022381302174464 -0.09943828524482114 0.017813904432115314 0.9998409649196622 -0.0008424235285244986 -2.3814604856060417 -0.0010870567693599031 0.0008619245194943063 0.9999990376963882 149.30071803796216
0.9997726236270251 -0.021323682309501997 -4.0233049023026726e-05 -0.08660927226036508 0.021323338212472506 0.9997642257928745 -0.004099764901792903 -2.4088120217170217 0.0001276456474175324 0.004097974809207976 0.9999915951192047 150.64580812420868
0.9997888869299197 -0.020543284769938795 0.0003937287056128395 -0.08339219061124882 0.020545586998783248 0.9997630242413122 -0.007195430128907056 -2.437469643072051 -0.0002458176312735334 0.007202000466937208 0.9999740350443934 151.9894015016581
0.9998607614059536 -0.016685574222692668 0.0002222916241778914 -0.034363123570065615 0.016686921522087415 0.9998173103689842 -0.009321616632612998 -2.4816064117621432 -6.671448760386039e-05 0.00932402806670663 0.99995652807999 153.33396508369552
0.9998669558347247 -0.016311105836429377 0.00013585357428627388 -0.0028362526207453657 0.01631165927251998 0.9998212904775747 -0.009555986580871128 -2.516112583918324 2.003941253348364e-05 0.009556931209827929 0.9999543312893203 154.68050516492775
0.9998138349670671 -0.019279902716281768 0.0007620759130574742 0.006787919880982497 0.019284158798916484 0.9997957981724367 -0.006040130475225964 -2.548063877426861 -0.0006454671678070282 0.006053702007061483 0.9999814678603519 156.02901721142004
0.9997071671195072 -0.024170033633009205 0.0011787637884142018 0.01715147198846461 0.024173791157869863 0.9997023739022879 -0.00328503199152398 -2.5808814848039723 -0.001099013623826822 0.0033125652157891014 0.9999939095218254 157.3788305376054
0.9995993935632184 -0.028276909286268186 0.0012119361626163263 0.023411554347905837 0.028279028964318737 0.9995985028326022 -0.0017690832809626085 -2.611794786045522 -0.0011614253662240604 0.0018026469526587095 0.9999977007748977 158.72770153447556
0.9995522044388666 -0.02989033169948358 0.001399525740060284 0.022370050418611544 0.02989303593014213 0.9995511955197443 -0.0019529306001474563 -2.6356580360641413 -0.0013405238832131638 0.001993892159726408 0.9999971136907211 160.07440139510683
0.9996056434528047 -0.027976801871531346 0.0024199451120985745 0.016235554577069388 0.02797980741322488 0.9996077475024896 -0.0012171730023050305 -2.6577934935640837 -0.002384943274655358 0.00128440260034968 0.9999963311710378 161.42485825618527
0.9997112930514196 -0.023788451843490776 0.0033823223306874996 0.018103877810074456 0.023795873150290223 0.9997144806271949 -0.0021710931147333615 -2.6827414170078296 -0.0033297096681291437 0.002250951618199653 0.9999919230925506 162.77463716353577
0.999788494484407 -0.020116625517805943 0.0042764090519487475 0.013090893524223074 0.02013614213425953 0.9997867990734003 -0.004570796266826524 -2.7029323553176785 -0.004183548320758077 0.004655939898699821 0.999980409881667 164.12545737107826
0.9998305901754461 -0.01748780651499103 0.005741739519827002 -0.0034606758802023397 0.017516861912263627 0.9998338162340951 -0.005049699348680896 -2.729550970344504 -0.005652477170761816 0.0051494211383052565 0.999970766054575 165.47652028223376
0.9998677127837936 -0.014986646747507652 0.006321182782578544 -0.0008106988250190829 0.015013190367218392 0.9998785885002373 -0.004172813651518753 -2.7555138939113153 -0.006257878834157837 0.004267162762077966 0.9999713147258066 166.8348264846415
0.9998958080863574 -0.013035804697721072 0.006200061871745585 0.0024103248212988815 0.013063967524062046 0.9999044296722355 -0.004523745613008185 -2.7871766604764616 -0.006140498665486674 0.004604271682235676 0.999970547045469 168.1957510388554
0.9999175061574954 -0.011524836449296177 0.005670892750886094 -0.0048011901719625 0.011565012618670581 0.9999078905334225 -0.007103585864235347 -2.8033276455313225 -0.005588502742690621 0.007168583808365055 0.9999586891683458 169.5560762128996
0.9999590771068165 -0.007237640678705649 0.005427768334195105 0.002295587565198179 0.007290676134131269 0.9999252447864581 -0.009815848422260043 -2.845146558450029 -0.005356318996376961 0.00985501883039935 0.9999370922466376 170.91530072253795
0.9999842605742687 -0.0020999688280105558 0.005202762213884649 0.000544313479786146 0.0021577949853027996 0.9999356875682343 -0.011133941271788106 -2.875149674439758 -0.005179046681990839 0.011144992524161297 0.9999244804569499 172.27967862934335
0.9999811117467071 0.0026581267700579747 0.00554170658678757 -0.007937182556370825 -0.002602328546853528 0.9999460932222506 -0.010051792660614126 -2.90954802826744 -0.00556812679040021 0.010037181458559313 0.9999341233063371 173.64840127731847
0.9999675625267006 0.005294012697041151 0.006070199664975742 -0.014623738662693073 -0.00524428961078478 0.9999528060606216 -0.008178207503275954 -2.9349278986587377 -0.006113208722701811 0.008146108337850094 0.9999481334539606 175.02472813605803
0.9999587557338067 0.0065862432232689574 0.006253657449933809 -0.014541186762526909 -0.00654900726903057 0.9999608163670963 -0.0059561929317681565 -2.973348283188625 -0.006292641344249062 0.005914992024863825 0.9999627070717476 176.40400152579974
0.9999790068083383 0.003466900499167685 0.005474170579924234 -0.0019678214271320327 -0.003438064623645842 0.9999802122863868 -0.005268277452509214 -2.995845008857785 -0.005492326852334127 0.00524934630233637 0.9999711389380918 177.7804929848726
0.9999914030000445 0.0012812155314125347 0.003943654747121016 -0.017082031933356473 -0.0012597170338317179 0.9999843601988742 -0.005449079797831822 -3.012442020361467 -0.003950574514813696 0.0054440650630326595 0.9999773773024027 179.15597247440823
0.9999971007323025 0.001231400893057741 0.002069342608136605 -0.02329700759195921 -0.0012112385754356907 0.9999520599815189 -0.009716513769368844 -3.0506607579708467 -0.0020812083275464827 0.009713979131001686 0.9999506523730755 180.53687086717878
0.9999962810491716 0.0027058732251608996 0.00034079013453616877 -0.00901248857594732 -0.002700800430252467 0.9998969857755609 -0.014096932786393008 -3.0721252648375152 -0.0003788995412880751 0.014095959954451263 0.9999005752314075 181.91619721081491
0.9999697973122521 0.007766801825284657 -0.0002850485930240395 -0.026241742245660733 -0.007770148249756916 0.999862167616476 -0.014672101603357746 -3.1137839539900685 0.00017105399858361202 0.014673873336280688 0.9998923182932449 183.30411902531554
0.9999385794046427 0.011072304942409445 -0.0004914076590942468 -0.0422275852387068 -0.011078059144740984 0.9998423331829747 -0.013877513495264233 -3.1415025320701266 0.0003376741191511174 0.013882104973235 0.9999035819206272 184.69810766571712
0.9999185948262904 0.01275171516490604 -0.0004443883099780416 -0.04467427197915303 -0.012755736529678572 0.9998615461973928 -0.010685486481427748 -3.1588139900081087 0.0003080685027173509 0.010690285127743606 0.9999428098134834 186.09369651469729
0.9999079066238316 0.013571104400961575 -5.827937140840345e-05 -0.05550920317139034 -0.013571088008520618 0.9998686472705265 -0.00886079994542387 -3.1871284617041775 -6.197912488122072e-05 0.008860774838919916 0.999960740643272 187.49303748897694
0.9999137655200256 0.013132418894785211 -3.3129068034000384e-05 -0.05764559075443327 -0.013132257966235695 0.9998811322227849 -0.008078689596114127 -3.209508105555607 -7.296760584155216e-05 0.008078427993985643 0.9999673663059578 188.89466699488642
0.9999337023529322 0.011514479636556527 8.75068972407411e-05 -0.05850149518456789 -0.011513499760079399 0.9999055982704159 -0.0074989246400078745 -3.2414629158227135 -0.0001738448515015159 0.00749741996830843 0.9999718788404929 190.2990818016347
0.9999634685803219 0.00854352936851703 0.00026383847501225746 -0.06955089245503523 -0.008541479162174627 0.9999391410911923 -0.0069826390090741135 -3.270965978655551 -0.00032347879953412774 0.006980130352521629 0.9999755862728484 191.7070270044328
0.9999809058681717 0.006135288125797521 0.0007390119647331554 -0.07078602178902275 -0.006129874631020075 0.9999558824445666 -0.007117429417736384 -3.30188591392449 -0.000782646841524453 0.007112763465906298 0.9999743977021605 193.11552189927897
0.9999933008090964 0.0034039902860528532 0.0013458034997927907 -0.07016110403322771 -0.0033954814272718387 0.9999745469972537 -0.0062750349412892415 -3.3267900839146956 -0.0013671294030372007 0.006270423252844086 0.9999794061626592 194.5340892161176
0.999997772477623 -0.0009314303316734144 0.0018940637077231798 -0.07644030090014661 0.0009404924461192021 0.999988089286992 -0.00478923356183963 -3.3549470434959208 -0.0018895803106687857 0.004791004246324436 0.9999867377943371 195.95362223263
0.9999915779038187 -0.0033571213668063264 0.0023609018529165754 -0.08050293642015131 0.0033688916216009267 0.9999818285583598 -0.004999312184814967 -3.3846129368954805 -0.002344075654171164 0.0050072237025987855 0.999984716393265 197.37557508762112
0.9999947340132642 -0.001836669741046689 0.002675554148768869 -0.0957812217557221 0.0018615447634809986 0.9999547929959183 -0.00932451690889342 -3.4121023589660346 -0.0026583071369249323 0.009329448469926274 0.9999529462901801 198.79586004641288
0.9999778674538976 0.005919601060081929 0.0030369270067719285 -0.08912346734837688 -0.005875182151496367 0.9998785863037445 -0.014432424810570693 -3.4466645098183712 -0.003121992479446802 0.014414262884917782 0.9998912351793277 200.21955517247665
0.9998764237969935 0.015219064327438872 0.003939189755785902 -0.08352760038000184 -0.015160691219830952 0.9997806964594335 -0.014446883014258696 -3.4856470953406724 -0.0041581939194503 0.01438537688376688 0.9998878788920481 201.65288393895486
0.9997120441252454 0.02344191380235225 0.005128889568537029 -0.08844023990020307 -0.02338528822856445 0.9996678086975431 -0.010835153359309777 -3.5205485567635244 -0.0053811825271151085 0.010712092752393534 0.9999281443901221 203.0906156626167
0.9996897655115213 0.024218566215929313 0.005816681353129073 -0.08416370315155176 -0.024167290086014214 0.9996698139904117 -0.00872955246703665 -3.550147226616219 -0.006026178010782181 0.008586270833193565 0.9999449790522278 204.52822128236483
0.9997305785620759 0.02256626498246825 0.005434516784206659 -0.07734781599137475 -0.022520873484016466 0.9997121373142668 -0.008273618558897031 -3.587986890400173 -0.005619657058373203 0.008148999403744344 0.9999510054313976 205.96580813996346
0.9998038581230771 0.01938171762444715 0.004073610700092504 -0.061892463083753305 -0.01934689769102798 0.9997773757371384 -0.008420006763317538 -3.6163758316913177 -0.004235898008995539 0.008339543517939682 0.9999562536341121 207.41356247214273
0.9998412757897802 0.017550309334573962 0.0030675510306022204 -0.04622512809086503 -0.01752192188231015 0.9998055375126637 -0.009048171780226653 -3.6547182219490915 -0.0032257527206538948 0.008992986226778863 0.9999543593175185 208.86274168267408
0.9998371437610397 0.01786551920165804 0.00255130935423374 -0.05174277892933233 -0.01784104440813622 0.9997974568289343 -0.009313562842579592 -3.7006593291435474 -0.0027171842397464875 0.009266528047276111 0.9999533730968434 210.31749542324903
0.9998101110583706 0.019339086358888754 0.002396156140946234 -0.05892110842950568 -0.019316326642139968 0.999771250022747 -0.009182981705756854 -3.7349526008237617 -0.0025731984965229895 0.009134953024375825 0.9999549646272768 211.77919312788396
0.9997827180316833 0.02072682834996893 0.00221705023178275 -0.048977260313441046 -0.020707549499562408 0.9997503603667723 -0.008391325296538535 -3.7698304862811383 -0.0023904223272259413 0.00834359233544382 0.9999623344646718 213.23952150129855
0.9998040888567786 0.01971741927225058 0.0017341518124140292 -0.05098824219321882 -0.019701217034105937 0.9997662054869753 -0.008910466516987873 -3.804313862321136 -0.0019094377814621421 0.008874555956079609 0.9999587973031387 214.70846999314898
0.9998083113147213 0.019538608445549353 0.0012583346201943207 -0.042966063977293835 -0.019525316194658117 0.9997610609288923 -0.00982766899292695 -3.8457726361264566 -0.001450052931274107 0.009801215758640538 0.9999509155534324 216.18041040125846
0.999818679282369 0.01901489321725311 0.001020976980630905 -0.042728841850751965 -0.019003740788002498 0.9997693722553368 -0.010003006359696951 -3.8914964792177495 -0.001210947612793435 0.009981790225515055 0.9999494474571059 217.6550512663413
0.9998069716607203 0.019639334090118126 0.0005621166386713512 -0.04145473529707688 -0.01963256031257794 0.999754926801593 -0.010229805057495359 -3.9252669703214673 -0.0007628854381495569 0.01021679462640269 0.9999475161794087 219.135387156376
0.9997928279961102 0.020350287675323056 0.0004085083488704698 -0.045391100586572 -0.02034482318788048 0.9997369384510184 -0.010589715106569478 -3.9632863396991374 -0.0006239046348495953 0.010579210183941822 0.9999438439506937 220.61255478512558
0.9997895672589253 0.020513880752853268 4.3550747372852856e-05 -0.03730887503528175 -0.020512219384788234 0.999731482874355 -0.010780120859874214 -4.00571104550051 -0.00026468116707190694 0.010776959047008218 0.9999418918605107 222.09841048793632
