1.0 0.0 0.0 0.0 0.0 1.0 0.0 0.0 0.0 0.0 1.0 0.0
0.9999954988419613 0.0029851204814734214 0.0003022441533084906 0.004783483790384544 -0.002985616234579148 0.9999941763389455 0.001653294859908814 -0.015317264741859137 -0.000297307108792758 -0.0016541898032182893 0.9999985876312916 0.8292606943216948
0.9999831244315665 0.005755831461557573 0.0007881981149026648 -0.0064924058792986085 -0.005757323232838002 0.9999816145439587 0.0019036289686139166 -0.02468166077485659 -0.0007772266560121852 -0.0019081347551120056 0.9999978774679881 1.6712238010370457
0.9999730865050067 0.007281297980811943 0.0008994250189743381 0.0004960039678817375 -0.007282580748215115 0.9999724573725909 0.0014312630323242326 -0.0360838356852827 -0.0008889787938188683 -0.0014377746473614335 0.9999985712593631 2.4526819762142584
0.999956674574997 0.009240180213717315 0.001126073945768007 -0.006234077134675361 -0.009241198988389626 0.9999568915827262 0.0009028939411634582 -0.04270760573094118 -0.001117682499772221 -0.0009132610963082133 0.9999989583694573 3.25755512070631
0.9999559724947297 0.009302231903686443 0.0012335127601912623 -0.005974965043301359 -0.009302974988709571 0.9999565475518883 0.0005980505558380913 -0.0575773986874653 -0.0012278959560814773 -0.0006094995635204049 0.99999906039046 4.005079062491031
0.9999546024747188 0.009389507986227806 0.0016217673704256204 -0.00839443647119262 -0.009391912181983162 0.9999547979125062 0.0014812553205599789 -0.07110106261395545 -0.0016077858044929723 -0.001496419571956755 0.9999975878737265 4.759936021518752
0.9999484646521725 0.009928976883068147 0.002117417724101799 -0.012226016656704496 -0.009937763822090325 0.999941880454462 0.004180497985982994 -0.08154238184745113 -0.002075786592883398 -0.00420132493982002 0.9999890199291043 5.47453785079191
0.9999482213053043 0.009510941031796682 0.003618937557834218 -0.01559727832578829 -0.00954035455067391 0.9999208749430469 0.008199115085112507 -0.09114266186140327 -0.0035406699091063937 -0.008233216493034226 0.9999598380948974 6.148187339240695
0.999951156745409 0.008652655317871759 0.0047765761239781865 -0.006640708425156362 -0.008708395338057165 0.9998927546912448 0.01177467479763929 -0.10324400307970988 -0.004674181656092926 -0.011815695997450353 0.999919267418096 6.79064849483386
0.9999521751001779 0.007870032771319155 0.005806039665810114 -0.00989012500400218 -0.007950234649644219 0.9998714740379019 0.0139222546409879 -0.11002173638002857 -0.0056957248387008415 -0.013967748188282721 0.9998862238920538 7.413478287723596
0.9999404461422847 0.008291916274310519 0.007095653124818979 -0.006080404950746914 -0.008389456931589198 0.999869179329178 0.01382899996343834 -0.12137380899138527 -0.006980055956862976 -0.013887705069434304 0.9998791979368025 8.025585543026894
0.9999228088176221 0.009365086946315462 0.008165265014953111 0.006270374289812221 -0.009456414311537561 0.999892350086862 0.011218933378022869 -0.12803713701873767 -0.008059319738353379 -0.011295281504235265 0.9999037273563366 8.587571970548298
0.9999148849250966 0.00926934348599664 0.009181621674232622 0.005023530621403291 -0.009346280487199397 0.9999212727630328 0.008372294608472315 -0.13257759034073163 -0.009103293156035423 -0.008457396011484292 0.9999227982731568 9.10045261876501
0.999914365540822 0.007507418219922066 0.010719153733662824 0.01255919258198148 -0.007580053400481399 0.9999484771144851 0.006751733619424617 -0.13483533933237926 -0.010667913363941621 -0.0068324071960766805 0.9999197536984487 9.585206715012841
0.9999116051672062 0.0034422837131029005 0.01284260623000498 0.014802402219150948 -0.0035003391504135053 0.9999837450884352 0.0045007982335408606 -0.14516767533732883 -0.012826904450121144 -0.004545353863613749 0.9999074008529399 10.052671479290398
0.9998907928782271 0.0016274802783455857 0.0146885542274706 0.02569219203154876 -0.0016777914344256943 0.999992766415841 0.003413521919566532 -0.15432680197760612 -0.014682892536973611 -0.003437793469129508 0.9998862906564983 10.493613486080179
0.9998416881208166 0.005922311441899267 0.016778704446413408 0.0247099729811471 -0.005946764456938116 0.9999813267791777 0.0014078655647945765 -0.16069787013099252 -0.01677005331561711 -0.0015074216861867417 0.9998582364473733 10.92526084557492
0.9997492544503827 0.010015717121834862 0.02002782155999181 0.018145273807248348 -0.01003459687028252 0.9999492973283681 0.0008424002334005779 -0.17141212326348915 -0.020018368853490624 -0.0010431601208354695 0.999799068175905 11.297932150623769
0.9996719284446379 0.010622355233932356 0.023306673916764328 0.023754384848746545 -0.010668955978223756 0.9999413252389778 0.0018760217618595636 -0.1758766873979358 -0.02328537863366096 -0.0021240641704989693 0.9997266023735124 11.646728264721293
0.9996359718385961 0.006476301439897584 0.026191245216003876 0.04624785068319104 -0.006539414050961006 0.9999759155140605 0.0023247485210666496 -0.1824285524143065 -0.02617555864113233 -0.0024951776441144557 0.9996542473367226 11.97764487250568
0.999586971037356 0.0018055500265032288 0.028681480461534577 0.06980782220018769 -0.0018681920798200484 0.9999959277062251 0.002157412644484333 -0.1848121030062885 -0.028677468345662788 -0.002210104085213466 0.9995862735398163 12.28508980411749
0.9995054422426218 -0.0018550675367865687 0.031391553829251295 0.07284265189453625 0.0017447171236796798 0.9999922039481379 0.0035423163471616603 -0.1917062497510885 -0.031397880335130225 -0.003485795085628236 0.9995008866144555 12.574324930153754
0.99942711791199 -0.002211445975740791 0.0337719630585733 0.08683657143336439 0.0020531364013336574 0.9999867456466649 0.004721563502626282 -0.2003189486525587 -0.033781956915649156 -0.004649520156768132 0.9994184115520696 12.794912605990813
0.9993533896998295 -0.001542893163183061 0.03592244390555931 0.09664885721919153 0.0014057105388589133 0.9999916245590394 0.0038437988570619863 -0.20594899055659022 -0.03592807361022839 -0.0037908168591495543 0.9993471885356957 13.014740301095886
0.9992679196911032 -0.0005777310720618672 0.038252985543923215 0.09778713290804504 0.00048449281293552163 0.9999968896134929 0.002446636477566026 -0.21214168154349136 -0.0382542800602682 -0.002426312046608337 0.9992650914882016 13.225362851478339
0.9991720880653309 0.0015641045127979035 0.04065331484934543 0.10259256446703771 -0.0016315193480074966 0.9999973484928044 0.0016251621386582618 -0.21619221602794733 -0.040650665133353435 -0.0016901433172651736 0.9991719906201253 13.433548728735877
0.9990955317186119 0.004245725662001464 0.04230948254833163 0.10550865705435855 -0.004299538717538499 0.9999900595824047 0.0011809755265009742 -0.22914475586225724 -0.04230404787630776 -0.0013618186299316475 0.9991038549536774 13.641668122894687
0.9990308519547442 0.0056113045510992506 0.04365627221617855 0.11206949432538804 -0.005603950413134791 0.9999842554529317 -0.00029083674486795144 -0.23593709836000404 -0.04365721684149589 4.590729628346367e-05 0.9990465681389308 13.841780080730793
0.9989540921149939 0.004873272865403161 0.04546397539027919 0.13007720152857158 -0.004784712821237629 0.9999864384984949 -0.0020565364848280257 -0.24087058204372677 -0.0454733808939567 0.0018368534711485115 0.9989638620087311 14.035323646298192
0.9988904779683768 0.0035428024017600908 0.04696021268318208 0.14095468311908618 -0.00337772932396045 0.9999878367777792 -0.00359405635888342 -0.24255712116859576 -0.046972374527179964 0.0034314497867310176 0.9988902948690812 14.226817510592804
0.9988460272847762 0.0027768569171049517 0.04794687521707711 0.15638435460618336 -0.0025564284291501446 0.9999858834839332 -0.004658058237454719 -0.24615012849545892 -0.047959133135479656 0.004530110210449025 0.9988390258947509 14.418387211368136
0.9987655063061828 0.0034677129826917266 0.049552380161036434 0.16216066275661806 -0.0031788167887101208 0.9999774966354477 -0.0059077361591962675 -0.2544425940145018 -0.04957175139913873 0.005742925158186659 0.9987540539461404 14.60984654400676
0.9986982790983457 0.004295005178421688 0.050826176882784 0.16292029271295597 -0.0038963474808287315 0.9999608863893763 -0.007940035748100387 -0.26024633610465836 -0.05085829138214682 0.007731663591349898 0.998675951235334 14.80052223053886
0.9986538028392047 0.004551988367883012 0.051670702305017656 0.1771519363681156 -0.004030839512362158 0.9999400001696689 -0.010185695533831569 -0.26242585636735377 -0.051713967239235034 0.009963707270940717 0.9986122321150481 14.990766913379208
0.9986219893087075 0.00357495564901802 0.05235782807974041 0.1875260063712319 -0.0029294740629898447 0.9999188278857859 -0.012399831500071068 -0.26913631103170954 -0.05239790693180754 0.012229363500339747 0.9985514017903849 15.18080201356809
0.9986513082892072 0.0028236457217358573 0.0518419856592447 0.2014748589958449 -0.0020853517252904003 0.9998957209039622 -0.014289808470633724 -0.27471458862645154 -0.05187692898039583 0.014162427150163658 0.9985530581279993 15.37054818810035
0.9987581307733552 0.002447856275190902 0.04976147318729482 0.21055017558967482 -0.001678540886634394 0.9998785212480408 -0.015495975197549848 -0.2786211172774369 -0.049793360145763854 0.015393204555491214 0.9986409117089623 15.559194574284923
0.998903406429811 0.0026162594531557387 0.0467454790262515 0.2178758393896843 -0.001850417411146632 0.9998634868708736 -0.01641900051229864 -0.2856099123630803 -0.04678205401993874 0.016314496893625456 0.9987718841721485 15.74870867479835
0.999079956939778 0.003203978765873593 0.04276650747114198 0.21761026349544832 -0.0024533930298014026 0.9998422432334226 -0.017591745467653682 -0.2909366360164265 -0.04281612434413849 0.017470637252980415 0.9989302059353907 15.938274331590105
0.9993071731479636 0.0035925060160292275 0.03704413037919171 0.2219705158518901 -0.00290423624558308 0.9998224738380104 -0.018616826267409323 -0.29824224934080745 -0.03710443513726623 0.018496343124138306 0.9991402034670503 16.127599901567155
0.9995271830073891 0.0034319327612508314 0.030555396689221245 0.21554643616120292 -0.002842624216182891 0.9998095198814347 -0.019309154357982673 -0.301547674410947 -0.030615844213070228 0.01921316715112551 0.9993465486462362 16.316677421159934
0.9997176185670303 0.0034931643689000884 0.02350491287704641 0.20681267704931508 -0.00302184072766684 0.9997942542020919 -0.020057859883331395 -0.30621514949342615 -0.023570142241452548 0.019981167813083213 0.9995224866542739 16.5027856211774
0.9998721832622357 0.0034444571317930796 0.015612586380148737 0.1921943190400084 -0.0031167803346837716 0.9997753740400642 -0.020963948659420632 -0.3124077248910136 -0.015681288810416444 0.020912608113689224 0.9996583216295093 16.688630705673432
0.9999816982554486 0.0021996494198557866 0.00563601779440419 0.18246924754663693 -0.002073998434726885 0.9997513104246275 -0.022203959888556123 -0.31551609461780183 -0.005683457103019417 0.022191864425270626 0.999737575300983 16.878017219130964
0.9999730450813505 0.0005112665875588822 -0.00732446019909304 0.1705437948996632 -0.0006861283847051736 0.9997143316630439 -0.023891092385089092 -0.32110720611669363 0.007310153115452139 0.023895473922682754 0.9996877352390792 17.069681528758938
0.999727075663065 -0.00033763583687181596 -0.02335937045851914 0.14203709014897714 -0.000264810271775473 0.9996675425470253 -0.02578244079816716 -0.3254971364023082 0.02336030953768895 0.02578158994384749 0.9993946195363825 17.268431017022436
0.9990972249501626 6.480011918508493e-05 -0.042482124450514025 0.10823758357316487 -0.0012021681315762542 0.9996414890988617 -0.02674786092369683 -0.33042226674316516 0.04246516088121926 0.02677478427839457 0.9987391156043592 17.46641390562188
0.9979266014890026 0.0008388245223311645 -0.06435677442220247 0.07636978823222784 -0.0025312907306529425 0.9996529615888466 -0.02622115470158442 -0.34081275552784907 0.06431244520189258 0.026329693505019274 0.9975824059355124 17.677243074661025
0.9961108368768917 0.0015181533168710842 -0.08809594693812518 0.04004894445040769 -0.003713666623359361 0.9996864446925311 -0.0247632990172363 -0.34941052164893255 0.08803072950185664 0.02499414948568942 0.9958041389524641 17.891886492173466
0.9933820898401372 0.0024654110595992832 -0.11483007155422797 -0.008482127422810987 -0.005160869688131733 0.9997179385264483 -0.023182079554910192 -0.3561382422664655 0.11474052905971827 0.023621285670667316 0.9931146186892836 18.128214469868485
0.9894465891512247 0.003512424347706525 -0.1448554800213285 -0.06881392719596106 -0.0066235430082371245 0.9997575198194467 -0.021000720046851995 -0.3651343478433804 0.14474659199796697 0.02173854732197766 0.98922993265737 18.36424376960441
0.9840961546873971 0.003743717820904301 -0.1775971365376044 -0.14774893146331802 -0.006974657986477294 0.9998212786075169 -0.017571709922525193 -0.3691830247251982 0.17749961260648076 0.018530931452767026 0.9839463868036932 18.622811257491396
0.97675050020222 0.004682916962373313 -0.21432809112068615 -0.2320747891994941 -0.007798205088427916 0.9998758518242863 -0.013691929595797802 -0.37170999141968747 0.2142373645098176 0.015044973492199562 0.9766657567563776 18.89527809151696
0.967243970148559 0.006584000709303956 -0.25376318319629015 -0.3363206805060637 -0.00897993180374855 0.9999253619891537 -0.008284399535244808 -0.3766822029328227 0.25368969832465427 0.010291811576172007 0.9672309008599899 19.157881333835594
0.9555430450069488 0.010523210862517368 -0.2946637934527953 -0.4775722730629692 -0.012044693001001416 0.9999218516733146 -0.003349017276911918 -0.3815647338740597 0.29460552355541525 0.006749265097210822 0.9555951197611299 19.435750916013095
0.9415918794774145 0.01416248954138011 -0.3364582535652537 -0.6312604650071656 -0.01467545213498366 0.9998917910637037 0.0010184635741884778 -0.38444827880452687 0.3364362697552452 0.003978699964617784 0.9416978317590884 19.725250247772586
0.9249761502176581 0.01653248813775127 -0.37966537683135626 -0.7807902783336925 -0.015126467077927292 0.9998632314751392 0.006686429378385307 -0.3859764033551538 0.3797239938722086 -0.0004417918818526035 0.925099720731594 20.01575064517095
0.9059277200650786 0.019611574874180873 -0.4229779570481698 -0.9643217501821756 -0.015018374052247643 0.9997865311072122 0.014189455854045279 -0.38575769710182156 0.42316594198791085 -0.006502180216014257 0.9060288666449451 20.321847053770142
0.8844675755764893 0.023742465001593674 -0.465997213628468 -1.162601792142472 -0.015847291668511163 0.9996569282513866 0.02085399591864387 -0.3912928212309207 0.46633246841778164 -0.011059889450160999 0.8845403935065544 20.611529550553524
0.8599516214713068 0.02845649384197682 -0.50958162907143 -1.3669178122374164 -0.018129315224253047 0.9995174847278414 0.025221531532180513 -0.38645833536266805 0.5100534645097228 -0.012450930951163869 0.8600525784276678 20.881287909376745
0.8325494217546697 0.03197226857452626 -0.553027336013478 -1.6116391358239326 -0.019327953047572483 0.9994017213770912 0.02868151912813878 -0.3899725781213846 0.5536134848131475 -0.013189895780684736 0.8326692837389518 21.165148578566185
0.8023345586319736 0.03549676613248769 -0.595818122935995 -1.8731373678527417 -0.021775973981220678 0.999306297212876 0.030211443326334006 -0.3831445261792982 0.5964772107817755 -0.011265165104274997 0.8025509535681634 21.440423660429776
0.769031174556334 0.03795803923513695 -0.6380832546133223 -2.151906747122285 -0.022146475149998623 0.9992181898681394 0.032749697327905405 -0.37267283079107016 0.6388275089560068 -0.011054243260519231 0.769270574965013 21.714393496390276
0.7326775612623448 0.04199161228952597 -0.679279247231939 -2.4529913709336104 -0.02335810908480282 0.9990582423999649 0.03656538024792673 -0.3628741955333083 0.6801749701089027 -0.010923954870794794 0.7329684012611565 21.980251818166156
0.6943807151451361 0.04321807730820424 -0.7183088613043221 -2.7709121451508376 -0.02134707362573257 0.9989927091090779 0.03946985678366114 -0.34941829095786203 0.7192911266532823 -0.012073315231835129 0.6946038512541994 22.239031856087227
0.6542004895676696 0.0430646016071131 -0.7550941395202604 -3.1369436013636416 -0.018353854972989796 0.9989875642341951 0.041072892679482484 -0.3402538672578867 0.7560984429669545 -0.01301101817116831 0.654328555046391 22.508495540447356
0.6116141756017662 0.041948056704673845 -0.7900433283951417 -3.52570564848776 -0.012916995260127516 0.9989897357681852 0.04304252621839508 -0.3252464973881705 0.7910507262094023 -0.016120433260705593 0.6115381265261108 22.782113836982095
0.5676810265907852 0.041844846380400175 -0.8221844445623093 -3.937119626957836 -0.007971208033520458 0.9989399457911556 0.04533701076658291 -0.3102213484239276 0.8232100047322795 -0.01918315756500053 0.5674128079048956 23.027322916517996
0.5218947911475043 0.043346781036372684 -0.851907790518955 -4.385619152830021 -0.006464481815519915 0.9988803248106697 0.04686477548209818 -0.2880649820789834 0.8529853676634558 -0.018951339792094665 0.5215906529761867 23.25151498990652
0.47272182677901686 0.0428755420993806 -0.880168030762532 -4.841959962105255 -0.0051287231491170295 0.9989325811465574 0.04590636690847823 -0.2653339633095477 0.8811967831793136 -0.017186803471278975 0.4724371313739751 23.453840183753933
0.42097611469253354 0.04175914610299614 -0.9061099737753291 -5.356906598284683 5.7629388869050256e-05 0.9989384874122573 0.0460640320137583 -0.2440870779421622 0.9070717212752438 -0.019444075788261166 0.4205268366935787 23.655222988342306
0.36792873383758634 0.04079700504594681 -0.9289585842199595 -5.884882686291457 0.005126088773588089 0.9989328721182438 0.045900329143499334 -0.2184743566038312 0.9298398625734202 -0.021649974154194288 0.3673269777576468 23.835475453259065
0.314814543604206 0.03983485641401566 -0.9483169234753486 -6.448748625813139 0.0076495549468022775 0.9989799884273115 0.044502438482451785 -0.19317367260569962 0.9491223774858502 -0.02126421727323438 0.31418871020354183 23.980506243057004
0.2621737500030506 0.045605879132310664 -0.9639424405004205 -7.029494278771941 0.008049954435462149 0.9987445621234929 0.04944186345941304 -0.15926784432550242 0.9649871102988506 -0.02072205147472957 0.2614774818980663 24.100425191618616
0.2113110271602985 0.05070851082743388 -0.9761026056363765 -7.636317393983454 0.010527527934395875 0.9984773192323403 0.05414992275331166 -0.12992366294353577 0.9773621749157533 -0.02171842324532654 0.21045543265899933 24.19802810299291
0.1632689731303027 0.051970049426676594 -0.9852118332498679 -8.295817321985908 0.01625079802007935 0.998334461578972 0.05535534651264015 -0.10490582181601851 0.9864477451830322 -0.02504828909152642 0.16215248760626555 24.28674100197826
0.1190729476880974 0.0533997867277254 -0.9914484837379608 -8.9593072863872 0.01881114285213529 0.9982521173283336 0.056025450949501544 -0.07906331465677839 0.9927072952454141 -0.02532139464823965 0.11786031112975995 24.350048290516757
0.07901811365873453 0.05175650815399281 -0.9955287045472478 -9.662764550649344 0.01862863813791064 0.998400259800978 0.053384408495982506 -0.04651579529875034 0.9966991078329225 -0.02276367925105336 0.07792755194418079 24.376962691717
0.04365125617649952 0.04749038564128956 -0.9979174470395112 -10.357779825881739 0.015966654714194478 0.9987088034149664 0.04822646492003159 -0.009120311748895098 0.9989192328569175 -0.01803854908486147 0.04283663123381315 24.384200093026536
0.015460167067051897 0.04747698252753358 -0.9987526817807998 -11.083904457090366 0.013274328538561203 0.998774287343503 0.047683489210914046 0.02959143501290582 0.99979236616215 -0.013994965936267971 0.014810992280515781 24.36935869980627
-0.005445259456213128 0.051607828060452304 -0.9986525828496804 -11.840896665644513 0.011776401297008826 0.9986014442445267 0.0515409732662912 0.06300511784805224 0.9999158292186137 -0.011479879599871366 -0.0060453984505679905 24.350353647823013
-0.018413613869206695 0.057566810981382235 -0.998171829445066 -12.654391149966218 0.013469035540218445 0.998264783533083 0.05732370399112743 0.09997351898873194 0.9997397280822111 -0.012388875295194987 -0.019157031686251165 24.332692261099147
-0.026326555669315677 0.06009635287694662 -0.997845349158616 -13.439997546277121 0.012984679506513894 0.9981276734052827 0.05977077614243847 0.13839808524904862 0.9995690624287574 -0.01138314339037785 -0.027057595640606735 24.308466877321457
-0.03028798944100158 0.05722524062648242 -0.9979017534461312 -14.257394335326712 0.013966282514428 0.9982865537271101 0.05682340715212457 0.17759088247215737 0.9994436355534766 -0.012215911054446376 -0.031035316475926646 24.285628062711805
-0.029534351596829524 0.0531055500902061 -0.9981520538602181 -15.073106969170587 0.021407815990677925 0.9983922283098262 0.052484891778950674 0.2211278175353426 0.99933449229488 -0.01981814825243564 -0.030623740946859844 24.26273366760963
-0.02519361023118568 0.05117885582097641 -0.998371677643339 -15.950102584459023 0.03310494287582976 0.9981836349188377 0.05033382299611064 0.26858052581608943 0.9991342976600837 -0.031782946639219496 -0.02684212253569757 24.251616427375502
-0.019805700151673218 0.051323811114453416 -0.9984856537047443 -16.81735053300538 0.03325530713723404 0.9981627663559692 0.05064757060122572 0.31108735567226 0.9992506286156201 -0.032201836489334536 -0.021476101555075986 24.245376690503882
-0.014806823675858852 0.04974934375084265 -0.9986519717944752 -17.719783711395948 0.031234629567756505 0.9982970537856112 0.04926855304078754 0.3515597921980384 0.9994023993809494 -0.03046301362847036 -0.016335510774829934 24.23362973867015
-0.01193676713705024 0.043265191391942834 -0.9989923106831878 -18.615162041928254 0.03504528220231071 0.9984678045190836 0.042823726299808185 0.38880266890066256 0.999314435893767 -0.034498790597049155 -0.013434718518254184 24.22812287960414
-0.009686906722184398 0.032670194593322356 -0.9994192424720422 -19.562476661235852 0.03301964883006125 0.9989315300926624 0.03233420754976137 0.41903452537704244 0.9994077579393191 -0.032687253967962335 -0.010755314906538298 24.21062064884189
-0.009171390618440273 0.024347400931483153 -0.9996614875356588 -20.50100482457992 0.025248614272444108 0.9993904422536767 0.024109156130430364 0.4464381377806584 0.9996391314226584 -0.025018952813452358 -0.009780538260900265 24.197265748147945
-0.010650648135382915 0.021430758182843606 -0.9997136021371347 -21.46182868857701 0.019360230575943757 0.9995873233342104 0.02122179308151168 0.47591460331433677 0.9997558427767972 -0.019128659996369098 -0.011061157281259521 24.178643222899694
-0.013987664682323184 0.027644032059470882 -0.9995199611454642 -22.44397245073258 0.009845932063930474 0.9995731005242317 0.027507714012006454 0.4979174507065048 0.9998536907260626 -0.009456436954203423 -0.014253874617234208 24.144256038541638
-0.018680615092510285 0.035854693449434066 -0.9991824035567345 -23.448323906662008 0.00488836993083243 0.9993481199110547 0.03576924754113921 0.5201722814483465 0.9998135518481365 -0.004216181671498838 -0.018843708576820148 24.10862369780253
-0.02295086492327492 0.045492080051420164 -0.9987010205521317 -24.48280134185063 0.0030165770766898883 0.9989627571498976 0.045434679378365594 0.5526868439619236 0.9997320431305659 -0.0019698934158191676 -0.02306428966858415 24.073085201335235
-0.024375131689646713 0.055454838316014235 -0.9981636207869217 -25.529569108274245 0.0015423696372128806 0.9984611787334922 0.05543370507215988 0.5911804001070927 0.9997016925318353 -0.00018833340049325092 -0.02442315457748442 24.03389992447248
-0.025282348799046006 0.06312049803302164 -0.9976856246169267 -26.580798216251768 0.003055167936870114 0.9980048544255188 0.06306327371756017 0.6372416946741641 0.9996756818028948 -0.001453709448868751 -0.025424750554477377 23.999671283538774
-0.026672808273353707 0.06387910220369007 -0.9976011335200377 -27.624774616477136 0.004010544074542661 0.9979549956379575 0.06379453125048959 0.6916642514874044 0.9996361722321981 -0.002299344013862974 -0.026874452218917422 23.966889926180425
-0.028622385816406856 0.061291416796725576 -0.9977094372898491 -28.672231008688435 0.0031409697618274947 0.9981189579208491 0.06122646607434351 0.7431906762950147 0.999585360706695 -0.0013813276394622986 -0.028761060391099134 23.938333843559754
-0.03137237807299104 0.05643840209271596 -0.9979130626779402 -29.799942446251585 0.0029536442000381137 0.9984053870716739 0.056373389575223525 0.7916184798085635 0.9995034016350253 -0.001178912838710979 -0.03148905023232463 23.895202256111574
-0.03594743721346874 0.051232354171611164 -0.9980395922225825 -30.951506102759843 0.003191040729890989 0.9986858535242268 0.05115059363923729 0.842885829451905 0.9993485873391955 -0.001346052235547819 -0.036063681544391935 23.85356977911029
-0.04166305303704637 0.046629244271830406 -0.9980430369429321 -32.04433690533912 0.0036081526141964115 0.9989108809795835 0.0465191691166619 0.8838491573161505 0.9991252029882675 -0.0016629609826792845 -0.04178592244315306 23.804686068227547
-0.04821255207797314 0.04471592295658232 -0.997835675878684 -33.17526476971888 0.0027399647484872202 0.9989995733085658 0.04463569336842495 0.9255726061204768 0.9988333406606467 -0.0005820338856288333 -0.048286839006609836 23.741385873661287
-0.054766857721041895 0.046899612554553355 -0.9973971213301133 -34.282446130290936 0.002670166415984104 0.9988996028502461 0.04682364399457773 0.9771002994939604 0.9984955991423676 -9.883244814311239e-05 -0.054831822197271084 23.684688731280893
-0.06087131504072473 0.051882066373359924 -0.9967963353634702 -35.43080421417413 0.0013637475074762774 0.9986515972918889 0.051895350650073876 1.0130669211458532 0.9981446905123276 0.0017995597207561605 -0.06085999003337749 23.602653371609552
-0.066768121064619 0.054865981896520324 -0.9962588730044174 -36.55280421659295 -0.001505372316485834 0.9984803017244599 0.055089208765598904 1.0581277303092917 0.9977673836439487 0.005177943487689853 -0.06658405993591278 23.515266973741006
-0.07135759618343576 0.05717252103757445 -0.9958109239735878 -37.69442162212243 -0.0046763404400428435 0.9983257876938112 0.05765200313622681 1.1060841653267763 0.9974398354321988 0.008770659253375225 -0.07097077024557875 23.422016595495993
-0.07395035366016531 0.05847548951068368 -0.9955460623798494 -38.812269082880384 -0.009286513156930843 0.9981957658204954 0.05932093872672755 1.1556621162915084 0.9972186850771119 0.013631956004915739 -0.07327389650180678 23.32899245165394
-0.07545565204027337 0.0595131094974314 -0.9953716061718482 -39.94725116226372 -0.013513962039948882 0.9980646552634788 0.060698572831453995 1.2181272985429155 0.9970575797842176 0.018031464492360764 -0.07450536143862937 23.2355314803793
-0.07665135634661198 0.05888340937890017 -0.9953176948442856 -41.057944366784014 -0.015565241903914775 0.9980622849586646 0.0602444901012642 1.274454260128635 0.9969364537495349 0.02011018257017014 -0.0755862933493711 23.141605690773797
-0.07792292791049187 0.05811977480052411 -0.9952638389306594 -42.1639625889349 -0.015799034189761012 0.9981019314411869 0.059522474512088974 1.3221540361439772 0.9968341927444746 0.02036237290955797 -0.07685678854184015 23.050822557073168
-0.07902211953972114 0.05727186876681222 -0.9952263248484778 -43.27233801664116 -0.017108075809003198 0.9981233533167075 0.05879698381654811 1.3773479925628738 0.9967260498078521 0.021672669696349806 -0.07789401146859483 22.962336984140133
-0.07999096382578443 0.05653823233305081 -0.9951908731448842 -44.37855122622523 -0.019230811006650427 0.998116772852424 0.058250181619359645 1.4240509473344856 0.9966100649773962 0.023797815767752358 -0.07875304661050048 22.867117540333993
-0.08065722331573409 0.05417387347920744 -0.9952686088485136 -45.48819883762994 -0.023668040930979208 0.9981362543073607 0.05624803708361874 1.4712242597179725 0.9964608553101755 0.028092868659670582 -0.07922470930830415 22.766623704909406
-0.08094802149210954 0.04944018882606113 -0.9954913789407509 -46.599616506056165 -0.02886566007158628 0.9982337975357009 0.051923589302782076 1.5130051626626757 0.9963002516737339 0.032938627571527566 -0.07937792721254246 22.662446516051496
-0.0803692876475601 0.04879269465018386 -0.9955702137728906 -47.71913384546969 -0.03044368289519477 0.9982150488746229 0.05137994133910644 1.5597838623031455 0.9963001353883284 0.034438193172800655 -0.07874040307359609 22.575846383176444
-0.07847575190120662 0.0528126970485098 -0.9955161351751182 -48.83894619609387 -0.03145256418169505 0.9979674966538946 0.05542212400074846 1.6105296547109338 0.9964197371439095 0.03566082798842918 -0.07665515492935314 22.482796153893872
-0.07655250912759451 0.05578481488839804 -0.9955037758713616 -49.94681961531459 -0.03161422961520568 0.9977958104567747 0.0583443323789416 1.664325625481806 0.9965642246398912 0.03593848999018396 -0.07462017894054476 22.393769979083952
-0.0752443555680137 0.055326505407902196 -0.9956290799060186 -51.06343215287764 -0.029416941468980853 0.9979018614290828 0.057675978630463094 1.7167519118964194 0.9967311224747454 0.033628154212214476 -0.07345894591208565 22.312782561764358
-0.07262990123964592 0.054511515271677614 -0.9958681600235578 -52.19723744329048 -0.029210238110834567 0.9979606574817906 0.05675639266214853 1.766977236458804 0.9969311207076589 0.033211757275057346 -0.070889489653087 22.223670564785973
-0.06899109380345768 0.0553104578667479 -0.9960828189595355 -53.32689159640546 -0.03337935943566898 0.9977748451442817 0.05771634743266724 1.8105322000464548 0.9970586980411272 0.037230520381464925 -0.06699135028239453 22.143903763576276
-0.06364075841013409 0.056470729473659685 -0.9963738809210614 -54.46730523281638 -0.03819222977352072 0.9975285620573038 0.05897560058883457 1.8543346325982326 0.9972417998930401 0.04180699214963843 -0.061326731149561504 22.06317072061182
-0.058029943327213805 0.05622328146162966 -0.9967303889714252 -55.58382423308603 -0.041720913415596396 0.9974040384288744 0.05869028462650421 1.9028093107019468 0.9974426755765011 0.04499029614770472 -0.055533613166560934 21.994963195277847
-0.05221641660738246 0.05549785065733416 -0.9970924903985098 -56.717091273661275 -0.043300755931686884 0.9973897358453196 0.05778199863406677 1.9524668136916337 0.997696592342797 0.046192027481147445 -0.04967701908078045 21.927166816764
-0.04612708578375253 0.054878682096632526 -0.9974270009421425 -57.84713305762561 -0.04268295724845791 0.9974696386964704 0.05685494735956091 1.998894625748106 0.9980232748376288 0.04519568707375636 -0.04366798314905899 21.856455124633495
-0.04094878912340139 0.05454461195796253 -0.9976713296350078 -58.98569828273396 -0.04101376180207134 0.9975754973876975 0.05622275655399916 2.0482942969217093 0.9983191213295329 0.043220508072472144 -0.03861242895477133 21.81445369122088
-0.03579557759658288 0.05533586102706239 -0.9978259462997154 -60.13087968492028 -0.039985203415201204 0.9975870007037333 0.05675702189838491 2.092335798534455 0.9985588916695762 0.041929923817274437 -0.03349658723371101 21.77529270148237
-0.02994769409969547 0.05689390529915968 -0.9979309691346006 -61.27613800593025 -0.0388355754635909 0.9975587068618147 0.05803812921342999 2.1435761917439216 0.9987967429344787 0.040493331599083686 -0.027665075446922035 21.73285194690432
-0.024393095388829594 0.058265608812454794 -0.9980030539668039 -62.43269049841957 -0.03952644809553514 0.997463280795669 0.05920019734164987 2.1945745559327157 0.9989207359937538 0.040891591972596925 -0.022028184392823957 21.693459014175556
-0.018899344660201274 0.057418289498948186 -0.9981713053391346 -63.57639065610593 -0.03890973178470227 0.9975510896505065 0.05811932819233729 2.245353814861742 0.999063985710554 0.039936994980858294 -0.01661893161552434 21.661920628159226
-0.014212873224329273 0.05266537703290654 -0.9985110676886325 -64.71646404126876 -0.03911369710851704 0.9978183262137239 0.05318558611639519 2.298348108570583 0.9991336812124858 0.03981137945390918 -0.012121927766017672 21.648357853009216
-0.01013622457326442 0.04728581924359784 -0.9988299696394096 -65.8611461549852 -0.03897826673310159 0.9981034315557464 0.04764697932844758 2.344190170966342 0.9991886466898453 0.039415621460331604 -0.008273881254425252 21.638142094971514
-0.006281760851851152 0.04657067925976563 -0.9988952454155972 -67.02335323961927 -0.0390482883655184 0.9981416528081267 0.04678110842191827 2.389656609040948 0.999217579237037 0.03929901732542463 -0.004451581846099237 21.622183272187197
-0.0031370345436984924 0.04879935917213073 -0.9988036751827973 -68.21765757505341 -0.038564719775605286 0.9980596695505646 0.048884132448535615 2.4315294219578507 0.9992511803360062 0.038671935056399195 -0.0012490140483506177 21.62113414163653
-0.0007868461619685549 0.04832052065542629 -0.998831571465734 -69.43204626170315 -0.03875091576164278 0.9980801854227456 0.048314697496009834 2.4777434674761167 0.9992485913929288 0.038743654320229505 0.0010871288622398636 21.611323197724072
0.0004069881327228275 0.04795554604145569 -0.9988493880283089 -70.63317225330596 -0.0405162531766452 0.9980300856043076 0.047899702057357406 2.5255625393119305 0.9991787966070871 0.04045014008039396 0.0023491654455806443 21.604928068588567
0.0012629419390422574 0.04892824451805963 -0.998801497729174 -71.8332010611238 -0.04131320786697839 0.9979521133441906 0.04883439697183222 2.5664753324209664 0.999145446786102 0.0412020188855313 0.0032817383134386524 21.595637326858117
0.002335733035845637 0.04862445977714067 -0.9988144003079692 -73.03509619458931 -0.04212629468896323 0.9979352482199563 0.04848314816461176 2.60731663815401 0.9991095633847994 0.041963106076103866 0.004379278648565117 21.59609731567112
0.003932598609951291 0.046394009001735154 -0.9989154772036128 -74.25083357094282 -0.04274881172895459 0.9980178231108071 0.046184021575940225 2.651384426255535 0.9990781119431734 0.042520826449064755 0.005908092260038245 21.583445730354637
0.004604476373759582 0.045048869047650084 -0.9989741729368447 -75.49049278304344 -0.04099294612091989 0.9981535375052165 0.04482291751044812 2.6917093893677455 0.9991488263345214 0.04074450838271092 0.006442660242505441 21.587846763607274
0.005242397057478702 0.044607772194929715 -0.9989908227470854 -76.68382100536664 -0.03777321248904621 0.9983004124625922 0.04437872119917896 2.7330520234526343 0.9992725862803152 0.037502441744803675 0.006918466002555147 21.589486213624372
0.006102832314135635 0.04488954902033112 -0.9989733148720733 -77.87864612626717 -0.03538249486554805 0.9983760634728375 0.044646555763784505 2.7782953866850044 0.9993552093699396 0.03507369774105073 0.007681225939549627 21.579205851912526
0.006611331909215837 0.047404166597344796 -0.9988539108796637 -79.07393406630437 -0.035392806871767234 0.9982609895131322 0.04714176532543543 2.817143957384989 0.9993516095509752 0.03504057370352069 0.008277601246989882 21.576157285598214
0.0071372820866315795 0.05097099922120393 -0.9986746299184783 -80.27680821927062 -0.03744357983525112 0.9980133091689853 0.05066964624596143 2.85791359360182 0.9992732546873943 0.03703230967630532 0.009031639192372829 21.56961975171441
0.007563925908853662 0.050776589391659556 -0.998681393135267 -81.46264815430126 -0.03922195384990769 0.9979564997675058 0.05044266951681132 2.905420770717268 0.9992018941940822 0.038788690897443176 0.009540026070275189 21.57198375309568
0.007771915934704006 0.04871005481880417 -0.9987827230595524 -82.64140246971442 -0.040498044820198656 0.9980087633270023 0.048357178249430664 2.9451229918023296 0.9991493910764525 0.040072919559911914 0.00972910219392109 21.581553319758857
0.0075441640409187995 0.04644585858728426 -0.99889232042749 -83.83000600412683 -0.040626954187081996 0.9981102121872457 0.046102656333561746 2.9775355831459076 0.9991459033506594 0.04023414653773333 0.009416860940661591 21.59738575460547
0.0077270504078836635 0.04576942372129529 -0.9989221453868246 -85.05348638776763 -0.0385633250565009 0.9982225009346868 0.045439064562160035 3.0125277486745183 0.9992262820065241 0.03817064945633063 0.009478336747618488 21.59735711829577
0.007649252235170743 0.0472937522014451 -0.9988517357160436 -86.26051754923932 -0.03718389139197827 0.9982035848672594 0.04697830753762984 3.046006022223744 0.9992791637781673 0.03678184553361775 0.009394076748078486 21.613959870881324
0.00866530558541879 0.05002898758183968 -0.9987101746155636 -87.46184073258154 -0.036870000424410264 0.9980845278809493 0.04967774424594001 3.0803916512758494 0.9992825003710494 0.03639197172725351 0.01049327622754161 21.605086932390417
0.009382062556768163 0.05220566524905896 -0.9985922818738817 -88.66245509820503 -0.037447663512413826 0.9979540628659072 0.05182046803038769 3.122691619143458 0.9992545468496218 0.0369087648849247 0.011317847632276867 21.608484588962664
0.00966720339358994 0.05257292513549665 -0.9985702943314739 -89.86042715643285 -0.039304119329959364 0.9978652268313898 0.052155299677345515 3.1572434193807126 0.9991805299255208 0.03874373011772254 0.011712898630219893 21.613343150946204
0.010175248472387937 0.05033245341439015 -0.9986806839284593 -91.06767123139134 -0.03880553554867952 0.9979999220153314 0.04990276613746902 3.19962311356712 0.9991949733306841 0.03824656573705736 0.012108074992153654 21.62212007063693
0.010507920086165287 0.048891470698156886 -0.9987488211299355 -92.25188278089904 -0.03748266730091031 0.9981212644349932 0.04846639180605224 3.2403335930298467 0.9992420293740016 0.03692648880762716 0.012320761213015917 21.633038593838442
0.011014978138473675 0.04984415007789949 -0.9986962656181421 -93.42728347990538 -0.035772491315876204 0.9981371772211506 0.049421698817897354 3.27620354877333 0.9992992540383814 0.035181474556977795 0.012777508612097229 21.632850636222685
0.011013051606216963 0.052700420666914716 -0.9985496374020927 -94.59668466628096 -0.03359775659828677 0.9980658530928646 0.05230433673771951 3.3168541117754176 0.9993747562580727 0.03297299730902175 0.012762366652708579 21.65666490195496
0.011101961287006306 0.05501042804740342 -0.9984240578339572 -95.77080350594484 -0.03232721273610867 0.9979834048465471 0.05462668732043984 3.3606197572156744 0.9994156781701483 0.03166980355057846 0.012857906935873476 21.673711290812342
0.011812688179105616 0.05674521695195836 -0.9983188071708657 -96.9364592232009 -0.03306685290199591 0.997864582374248 0.05632813224511518 3.4056034651035856 0.9993833316786619 0.03234587448409228 0.01366384889840223 21.682438227646383
0.01224831822538016 0.0586131464908438 -0.9982056289958972 -98.09502411254749 -0.03529185753972128 0.9976838799205245 0.05814946722130955 3.4516468213804914 0.9993019881357423 0.03451629767470837 0.014288516465507772 21.688976622399277
0.012656189924132652 0.05782680677516927 -0.998246403086329 -99.25744532819095 -0.03728311981441777 0.9976594476477438 0.057320114236629124 3.496181143508509 0.999224594289747 0.03649228599832762 0.014782531214518512 21.699237068295744
0.012876814249704624 0.05402357657454778 -0.9984566294180607 -100.42848358091838 -0.03984488595717688 0.9977740462256779 0.05347277570405412 3.540896169336692 0.999122901708213 0.039094831532192814 0.01500071430403549 21.703903072128988
0.013167680852254391 0.052253265259120225 -0.9985470486916154 -101.59801446873095 -0.04070009528653384 0.9978340330795586 0.05167924798066413 3.586779598382021 0.9990846382687714 0.03996046418574218 0.015265872966187753 21.71673057092415
0.013205550877155614 0.05045536772653635 -0.9986390084978719 -102.76560470281265 -0.04061130069021344 0.9979290861782212 0.04988247403394157 3.6317199453246536 0.9990877517426993 0.03989730350635027 0.015227261429497126 21.7319785860069
0.013458252782443393 0.05079712119973188 -0.998618309420504 -103.9346890945525 -0.03961980335198794 0.9979515485498112 0.05022925372112451 3.6705327556931304 0.9991241897854316 0.03888906304928282 0.01544325615779422 21.74601461877939
0.013414697432373862 0.052850923017992484 -0.9985123062981978 -105.10152356628575 -0.039400284494802276 0.9978545537432839 0.05228677801813723 3.7166326072233584 0.9991334562882618 0.03864025763288332 0.015468258322703956 21.761146065559473
