1.0 0.0 0.0 0.0 0.0 1.0 0.0 0.0 0.0 0.0 1.0 0.0
-0.9785843422096662 -0.009119396466940972 0.20564416303448446 0.014145465997834726 -0.005042163246120078 -0.9976565088983543 -0.06823537823260961 -0.004426244862947034 0.20578450323548264 -0.06781096416381766 0.9762450570257953 0.12643962149491292
-0.9826706804678954 -0.012166071460899746 0.1849603212961407 0.02899677071708645 -0.0006023067091534304 -0.997628865173228 -0.06882066985873894 -0.011938981149199447 0.18535903262423292 -0.06773945732278723 0.9803333080877249 0.2685157644942394
-0.987302440887345 -0.01417954783518211 0.1582176685489976 0.037147227468564206 0.003046972332502544 -0.997515299455426 -0.07038425471621447 -0.02126323428163269 0.1588225619283849 -0.06900846162277334 0.9848924946647538 0.4326656082881808
-0.9920938913897221 -0.014407864691795015 0.1246680556607062 0.032175468381220575 0.005346258731219354 -0.99733826364133 -0.07271729776659785 -0.03171366216239632 0.12538392315116353 -0.07147587923152905 0.9895302271802021 0.6110154691006169
-0.9961500052800883 -0.011661887208966833 0.08688594458947503 0.015707099250686203 0.005154295888413305 -0.9971890449124131 -0.07474919357802076 -0.042699217010577314 0.08751342876595958 -0.07401357371046932 0.9934099811720385 0.8031931174593773
-0.9988349024542571 -0.008766841064765196 0.047455032788313485 -0.012907781842834403 0.005189346495959828 -0.9971706510451932 -0.07499175539384823 -0.057685660396266034 0.04797820674159919 -0.07465812207557224 0.9960543441429334 1.00887324726221
-0.9999534141100141 -0.009053195733107297 0.003348022811237174 -0.048984779732336364 0.008772901754913458 -0.997074505850649 -0.0759306655935719 -0.07406010775724203 0.004025643367854755 -0.07589775642074184 0.9971074790441462 1.2252994153359418
-0.9988876493193425 -0.010023577498467245 -0.046075936576592896 -0.08702588936829093 0.013614440467357634 -0.9968374326774576 -0.07829291043112513 -0.09797522628765415 -0.04514544326993326 -0.07883311935441623 0.9958650652798368 1.4551115369743746
-0.9954137389729645 -0.007987828435342275 -0.0953293389295778 -0.1547986243013297 0.016136097751739527 -0.9962491802090007 -0.08501292420709236 -0.10876481541942826 -0.09429270710510479 -0.08616127627758345 0.9918090138010487 1.6941171360408167
-0.9894568951073097 -0.00011372610420957649 -0.14482762095323987 -0.24312422202872697 0.013566234334510801 -0.9956756259196633 -0.0919021503310362 -0.12605366669992904 -0.14419088046954717 -0.09289798176419369 0.9851796561914766 1.9436666509599507
-0.9799909636130494 0.004244069783408921 -0.19899673140139815 -0.33381217192641743 0.014972010625901887 -0.9953684363575436 -0.09496059604360757 -0.14992479924801144 -0.19847808477155485 -0.09603990719910603 0.9753885308381487 2.1972757815013813
-0.9669828928310564 0.004856486525277688 -0.2547950146896738 -0.4455382186039377 0.0207054161553041 -0.9950156755606385 -0.0975453285936463 -0.17165955247867298 -0.2539987612448473 -0.09960030083908664 0.9620625807913152 2.45187162758444
-0.9508162601552047 0.0064845777420270215 -0.30968756784213586 -0.5883112360317166 0.026027134825803835 -0.9945727868014977 -0.10073509818659344 -0.1825156792442888 -0.30866005196207247 -0.10384084940624672 0.9454872026195592 2.709269799334407
-0.9307230731512943 0.011104081220430738 -0.3655560975884008 -0.7432313046141343 0.028640116399148242 -0.9942564606534786 -0.10312048381122772 -0.20540759917276696 -0.3646015699862707 -0.1064461827829844 0.9250594063812754 2.9719426130031477
-0.9067666319149245 0.01626181612184303 -0.42131915287829397 -0.9215369612552946 0.030612849800450367 -0.9940794418462617 -0.10425409692535022 -0.22764517563545852 -0.4205200692865429 -0.10743191627744814 0.9009002468043817 3.2341879660865924
-0.880221765817833 0.020523463482178796 -0.47411858266390666 -1.1228356354260443 0.03317234697400551 -0.9939597144818226 -0.10461205180785951 -0.2493915072184033 -0.47340177268021727 -0.1078094310990916 0.8742241635812393 3.498284176817688
-0.8510902823527288 0.023791230455404516 -0.5244800364534097 -1.3434729910393612 0.035709714946625865 -0.9940361781574361 -0.1030383073065031 -0.27899358551298226 -0.5238035390708836 -0.10642393465558621 0.8451649534790472 3.764002196025254
-0.8193602650173895 0.02541607849899673 -0.5727152687543487 -1.585604693029037 0.040071790925606615 -0.9940340369537219 -0.10144252042167283 -0.3136112707986028 -0.5718767416870941 -0.1060676969261607 0.813453524170946 4.036840184379133
-0.7862511295084091 0.024714740844698144 -0.6174126196732053 -1.8499453116476066 0.048000415183497264 -0.9937374077772186 -0.100905522774654 -0.3461555833887371 -0.6160398700481668 -0.1089731433390528 0.7801408414778982 4.3125266897818655
-0.7528237964432679 0.025290530295157744 -0.657736056930236 -2.1402032781276112 0.053438569439575756 -0.9936146297684539 -0.09936944604027094 -0.37823280753885474 -0.6560492746775932 -0.10995615756968044 0.7466652480245176 4.593389032014648
-0.7200878208756258 0.026485757680159722 -0.6933772673420295 -2.4587427410582814 0.057558700909848555 -0.9935473267224276 -0.09772771107668822 -0.41202305322149707 -0.6914915228519888 -0.1102824292570032 0.713916843631673 4.875483604492106
-0.6881906519594051 0.02863067279642822 -0.7249647654409922 -2.805527510564706 0.060996187886741216 -0.9934004482477501 -0.09713400272023696 -0.44380954506435827 -0.7229613348021965 -0.11106679970357258 0.6819025402391693 5.158867347720497
-0.6568897850718318 0.028256414570212524 -0.7534569565037665 -3.1787462335300507 0.06581125001398788 -0.9933349113707755 -0.09462892382147466 -0.47832416682884793 -0.7511089732121953 -0.11174671756991506 0.6506519664709164 5.447632351653963
-0.6257328480044249 0.027983628533632787 -0.779535322780413 -3.579550790401236 0.06814568606341156 -0.9935742779300165 -0.09036769171996015 -0.5168042505224683 -0.7770550613690238 -0.10966800248905081 0.6198050990681209 5.73488834162479
-0.5966618978954519 0.027435583705419764 -0.8020236083473729 -4.008480495637705 0.06841033015074857 -0.9940384438595333 -0.08489757863439656 -0.5567038146361789 -0.7995715142052411 -0.10552185023046591 0.591227987155104 6.021100213244395
-0.5708834021006953 0.026701646567612893 -0.8205968335769483 -4.467098331383692 0.06751738415629263 -0.994558987558632 -0.07933361899624353 -0.5946791091026546 -0.8182502942514756 -0.10069479796358807 0.5659743930783835 6.308464809362653
-0.5486518868035445 0.025696135360199792 -0.8356559194635438 -4.955212626914523 0.06719207449852067 -0.9949390771683507 -0.07470915504793665 -0.633562105182451 -0.8333464659020849 -0.09713877367427327 0.544148625301546 6.598824872576342
-0.5307165256128741 0.02572642780428375 -0.8471588519007697 -5.465157126777193 0.06672685458700622 -0.9951684137395626 -0.07202329603682497 -0.6732439055229131 -0.8449186329572352 -0.09475219895872909 0.5264356793323958 6.901024739431866
-0.5177946984046079 0.026644896095531553 -0.855089878209384 -6.005574831434614 0.06620016676774494 -0.9952699715529519 -0.07110008189102097 -0.7125760969914677 -0.85293973305504 -0.09342233799817612 0.5135816181863894 7.207425640864264
-0.5076974179125774 0.028451283159441714 -0.8610655354451733 -6.567229846315611 0.06544166974553099 -0.9952935059378242 -0.07147184689730608 -0.7523323597282373 -0.8590464013694591 -0.09263563852306725 0.5034460435534324 7.525072473400354
-0.49775739987307677 0.030063586117089383 -0.8667951036210197 -7.1507521148188085 0.06697894448516772 -0.9950820893364872 -0.07297572526110783 -0.7937837954381313 -0.864726194738685 -0.09438122838526858 0.4932958461828363 7.854524149773388
-0.488333939573736 0.031221445405113426 -0.8720981509022996 -7.760529572023169 0.06871708975927047 -0.9948808099539439 -0.07409544898576201 -0.8429306053161012 -0.8699470817442921 -0.09611136942214912 0.4836886184648007 8.187829542095779
-0.479359466805855 0.032811564379012795 -0.8770050757131387 -8.391481224311207 0.0696550289148237 -0.9947260089609338 -0.07528840577093057 -0.8891266589363047 -0.8748500891755572 -0.09717802395426202 0.4745458388078679 8.52357318350246
-0.47025424031869284 0.03441317951765237 -0.8818597862119436 -9.04600600428602 0.07095502293121386 -0.9945303573326096 -0.07664693773859269 -0.9363049619035261 -0.8796739931264985 -0.09861592883179994 0.46524032971951274 8.862735651035953
-0.4608292919939691 0.035911712060122 -0.886761925534271 -9.719166998149959 0.07138219515780646 -0.9944439355365415 -0.07736821885663903 -0.9854702307094745 -0.8846134443104451 -0.09895255434553907 0.4557054379022733 9.205573230102322
-0.45132816173822154 0.03714663481180545 -0.8915845545679648 -10.410034487306422 0.07175813347438238 -0.9943867604962204 -0.07775436212911847 -1.0379075092384846 -0.8894681898203385 -0.09907117679724889 0.4461291754926338 9.550190677979122
-0.4414798310754017 0.039565536847560465 -0.8963984198154297 -11.117758668005566 0.07339996805987903 -0.9940865689035027 -0.08002710924725015 -1.0907738998425078 -0.894263945064567 -0.10112597005530734 0.4359650613729603 9.901430073744313
-0.4311177921058614 0.04268325444565681 -0.9012855203095714 -11.839099576630979 0.07539509331032956 -0.9936830997825238 -0.08312326456126644 -1.1451699675952296 -0.8991401610619411 -0.10378842419327369 0.42517635607943033 10.241892669985225
-0.41995010878394945 0.04624292757867387 -0.9063683013992175 -12.571363980128815 0.07639486624516276 -0.9933551895759762 -0.08607724294992705 -1.1995117903897667 -0.9043261195739798 -0.10539003269489294 0.4136268976563736 10.572832221168767
-0.4078571038956584 0.048328849507971984 -0.9117658170314799 -13.311098602100914 0.07781080969917298 -0.9931255133809593 -0.08744822791666898 -1.252633266155617 -0.9097241673693209 -0.10661161745814757 0.4012927887804014 10.897757749590136
-0.3949266773203883 0.04891980300102719 -0.9174092720345804 -14.055823792187534 0.07836163662798272 -0.9931485338226417 -0.08669165860059207 -1.3094106705926816 -0.915364612297013 -0.10612654069684127 0.38838741472151134 11.21167434510469
-0.38172930281393364 0.04773670149062765 -0.9230405986217416 -14.812180621272091 0.08003013818549934 -0.9932075642908944 -0.08446248408233875 -1.3668411114808805 -0.9208028650885037 -0.10611287182120818 0.3753160562494726 11.513077008787048
-0.3662723480327512 0.0466278560113321 -0.9293386950463011 -15.576564639484829 0.08100202207672427 -0.9933545490306553 -0.08176437084443144 -1.422239026434295 -0.9269753176250466 -0.10522634158750517 0.3600613524804518 11.804978796482333
-0.34709648395912096 0.04478685548042791 -0.9367593972837375 -16.34929221073698 0.08417433672318224 -0.9933398101711813 -0.0786810178270092 -1.4722868124147273 -0.9340442772483684 -0.10616100557764642 0.3410148516330549 12.082681643714032
-0.32308385614416885 0.04284564731526816 -0.9453999536731265 -17.133456089260587 0.08909009801484517 -0.9931612803111075 -0.07545611788653916 -1.522934672307628 -0.942167594610809 -0.10860442807242106 0.31705725329716494 12.343399550308382
-0.2941604983271461 0.04182907570567416 -0.9548402639444642 -17.925000712016534 0.09356782767801144 -0.9929824037034738 -0.07232570468989358 -1.5704865042438134 -0.9511648978213721 -0.11061769461022378 0.28818234295594153 12.585542136581171
-0.2624249550776953 0.04145214359252671 -0.9640616488296038 -18.732614320676703 0.0972315118876617 -0.9928561266141164 -0.06915739252497585 -1.611190047176612 -0.9600412366396077 -0.11188579729527176 0.25651976983283764 12.795894853254575
-0.2288350254960382 0.04095915209022179 -0.9726031456695365 -19.547680217288704 0.09930897906807792 -0.9929195645581906 -0.06518025003043186 -1.6513700263651976 -0.9683864196603964 -0.11150374961239486 0.22314716229361412 12.98289566181859
-0.19562246123576263 0.03980706044114357 -0.9798710377386903 -20.370385288654532 0.1005190393756706 -0.9930993359303972 -0.0604121816987007 -1.6882780989034527 -0.9755141082439827 -0.11031367509805663 0.19027116887039222 13.141985904603183
-0.1635369739840511 0.03776640642824852 -0.9858140578656993 -21.20086756073849 0.1025334703682275 -0.9932046169446868 -0.055058844285058625 -1.7209117387247423 -0.9811944484119268 -0.11008309327619244 0.15855335688769695 13.270922919808013
-0.13158860783698953 0.03484286246321907 -0.9906918861194394 -22.035754576442308 0.10489946282509383 -0.9932814801942457 -0.04886720579423047 -1.7442884827686047 -0.9857385763915945 -0.11035341425845478 0.12704952961334434 13.373754615500355
-0.09952420504899273 0.031496608396271004 -0.994536523345874 -22.875417098240955 0.1023105407086991 -0.9938775031843371 -0.041714049479305876 -1.7598222987194279 -0.9897613277296994 -0.10590312707186848 0.09569243338498588 13.442677561337126
-0.06788250387296757 0.026856138717159257 -0.9973317970871787 -23.718589389402748 0.09660030614689837 -0.9947639706876132 -0.033362006446543704 -1.7765395653461973 -0.9930057132364645 -0.09860725346047539 0.06493275787088904 13.48183713143317
-0.037374938290816256 0.022006463721290035 -0.9990589720042763 -24.559890539003742 0.08986205094681259 -0.9956330089555244 -0.0252927514873605 -1.7854527911286981 -0.9952526944386473 -0.09072280326716368 0.03523417630593042 13.492705636642638
-0.008023355607468235 0.01784990080048299 -0.9998084850641192 -25.404369886530137 0.08368787484838631 -0.9963210309128419 -0.01845922436434173 -1.7853587736144905 -0.9964597158782458 -0.08381995229171404 0.006500017665965932 13.482904989859177
0.020467774649037502 0.013727051585123454 -0.9996962730028034 -26.25515820513238 0.07509168506997137 -0.9971025618618526 -0.012154010115304035 -1.781931293208213 -0.9969665536186587 -0.07482011215782863 -0.02143925797273588 13.446444864362594
0.04700046958064788 0.004440969595745303 -0.9988849952062792 -27.09675257681748 0.06851142578565303 -0.9976495958225104 -0.0012118135165701122 -1.7636096982650176 -0.9965425933676959 -0.06837807941315457 -0.04719425663947693 13.377761135839126
0.07306271114638148 -0.010690865698742474 -0.9972700464921986 -27.92873582880322 0.0632375265053142 -0.997880751962666 0.015330365420116876 -1.7421473078634004 -0.9953204787812955 -0.06418496905846498 -0.07223180923619331 13.303643019654317
0.09937901368979217 -0.02874375891636049 -0.9946344091983759 -28.754345095680787 0.06210731218936684 -0.997454525623032 0.03503071633217055 -1.710938903955797 -0.9931095072602284 -0.06525538780430822 -0.09734084934832218 13.223439191492446
0.1260138700431817 -0.04458088950547476 -0.9910262604228208 -29.573147043605246 0.06165394642400247 -0.9967065906488897 0.05267601966182768 -1.6692510098604092 -0.9901107490816788 -0.06773858906094601 -0.12285026701210698 13.12201309752755
0.15174604711866693 -0.05511552776410973 -0.9868816625022185 -30.39372371661433 0.05713252755617474 -0.9962857098983375 0.0644256047500451 -1.610075614909758 -0.9867669489189933 -0.06615937463164073 -0.1480335288691315 12.991664152716021
0.17666896017712802 -0.05898788714526021 -0.9825011489459289 -31.210416850161803 0.05344716265721453 -0.996154860093894 0.06941826499710531 -1.5402347437233768 -0.9828181313517892 -0.06477595141295238 -0.17283690810912244 12.839453962870232
0.2007046561105077 -0.05797479380611943 -0.9779348466532424 -32.0240965444824 0.04930323438756571 -0.9963846251785704 0.06918720825907787 -1.468682963596389 -0.978410359764493 -0.06210154580119748 -0.19712068870266805 12.669208746501623
0.22253140177289302 -0.05264719293250764 -0.9735029780649459 -32.83259115635015 0.045205750905445 -0.9969096362439956 0.06424653491776575 -1.394817315692603 -0.9738768994642307 -0.05830480460641462 -0.2194637429047032 12.476309423289564
0.24159698717083433 -0.04974218858011262 -0.9691009289363188 -33.630592402399806 0.03670110158973023 -0.9975023600613853 0.06034957178031292 -1.3270586145786025 -0.9696823835318827 -0.05014734636276765 -0.23916797177025304 12.261685802482095
0.25660625020547534 -0.0497613670095196 -0.9652341885308605 -34.421314407673854 0.034211928432080804 -0.9975802597137603 0.06052412231817128 -1.2607339619837015 -0.9659103355428187 -0.048553391053259114 -0.25428289739733984 12.045101303456196
0.2685357714801426 -0.053500366056561735 -0.9617828498509309 -35.19885616401435 0.029622836319817315 -0.9975255467641785 0.06375947867726281 -1.1939929238497342 -0.9628141186147674 -0.04561243673211232 -0.2662864596847257 11.820437010967902
0.27945115224669625 -0.05599128281627242 -0.9585259671790752 -35.96935951491711 0.02895251878340807 -0.997352913254422 0.06670021048703066 -1.126891553460568 -0.959723296145346 -0.046391191744834775 -0.277090332138102 11.600087896078296
0.291425491153014 -0.05691876187131437 -0.9548986530796139 -36.73618156213773 0.034521847031215226 -0.9969521935497198 0.06996117390350129 -1.05314113522792 -0.9559704102030436 -0.05335333469839748 -0.28857234187077385 11.382157414767558
0.3037460489813958 -0.05557993359623301 -0.9511304898433387 -37.50205701716498 0.03480438790882095 -0.9969833839354699 0.06937425126711001 -0.9823556209483258 -0.952117110606926 -0.054175669243842005 -0.30089533820167097 11.149733205642281
0.31287946735023037 -0.05672460895004047 -0.9480974410102058 -38.25853899080253 0.032688949083913676 -0.9969804802865245 0.07043688334559209 -0.9168285323428185 -0.949230146760217 -0.05303056351875092 -0.3100804537768516 10.883770829627156
0.32097067243288147 -0.05942545900488556 -0.9452229590208027 -39.02371361323607 0.029157979981947562 -0.9969364403359754 0.07257786255881914 -0.8467600897530453 -0.9466401848861868 -0.05085615746685153 -0.31825463328339854 10.62657998814336
0.3246421620460218 -0.06249502103817572 -0.9437700138103149 -39.79819361320401 0.027772425016608007 -0.9967546601619115 0.07555686503693357 -0.7788330348149265 -0.9454290872565637 -0.05073972596447999 -0.32185294961871636 10.35712997193442
0.32400804069633254 -0.06514956048824726 -0.9438084150569497 -40.58724376746972 0.027677427867059592 -0.9965462294808077 0.07829158635670341 -0.707662349789009 -0.9456493798183263 -0.051489292826506064 -0.3210858190164099 10.081605992692491
0.3203963401881383 -0.06472619573179378 -0.9450696824997274 -41.398553522333586 0.026027360817306475 -0.9966847452695591 0.07708498580034871 -0.6341514907268109 -0.9469259536431189 -0.049295416957804324 -0.3176494926550703 9.811802296869333
0.31382480497131066 -0.06387297447280446 -0.9473300559555337 -42.229475383008904 0.02821591696031934 -0.9966666824785729 0.07654662675287392 -0.5584738976410853 -0.9490615648180074 -0.0507520164047887 -0.3109764927065079 9.54396023665132
0.3061918572302244 -0.06273718199478656 -0.9499003066434174 -43.07763693939459 0.031010425289610895 -0.9966391904282174 0.07582003446283013 -0.48373783966434136 -0.9514646079015556 -0.05267228965917806 -0.303217298010513 9.278444114531347
0.2982838068362415 -0.06243674506589577 -0.952432897082443 -43.94441527889993 0.03283716114830281 -0.9965961896649482 0.07561584220933339 -0.4062894256742179 -0.9539122032068768 -0.053830173795769924 -0.29521825987244926 9.017224220904293
0.29125966918261365 -0.061576381279601154 -0.954660229807518 -44.828320163128275 0.0359737339490366 -0.9965154879823147 0.07525139651284204 -0.3293598348109311 -0.9559674134474437 -0.05626038997268218 -0.2880296390073828 8.756109011737413
0.28659611734738805 -0.06017676035732353 -0.9561597267372741 -45.73157682828521 0.04086971435954152 -0.9963489479711608 0.07495625607599568 -0.257207276203877 -0.9571793624862422 -0.06056014687612694 -0.2830903330048029 8.496180987948838
0.2848921851079833 -0.058201254542704264 -0.9567910204606088 -46.65208709513705 0.044944569869529695 -0.9962461383030403 0.07398390065089902 -0.1749387239423531 -0.9575053151307511 -0.06407999598887737 -0.28120690889525435 8.231961483484037
0.2853570813575681 -0.05610041981256256 -0.956777967459506 -47.58678261211634 0.048369830221310105 -0.9961702771932637 0.07283638075204976 -0.09295084236871255 -0.9571999245943604 -0.0670635648735603 -0.28155067505335124 7.960856874595615
0.28639892500216435 -0.0551754292907499 -0.9565204272571417 -48.53453698996502 0.04909297376370062 -0.9961839345815177 0.07216265245071518 -0.00669068627719456 -0.9568518880603406 -0.06762573832696853 -0.28259728206600127 7.686354580435457
0.2867388055469888 -0.05428106249561458 -0.9564697714239757 -49.49152028654681 0.049323596574771 -0.9962329155720614 0.07132433491956836 0.07603080895204885 -0.9567382297234771 -0.06762798374295037 -0.2829812990295433 7.403893439151854
0.2868863905711872 -0.05379323327802622 -0.9564530761927273 -50.46372609529171 0.04928610925977922 -0.9962710361873702 0.07081597198497067 0.1605030833599523 -0.9566959173839233 -0.06745598941264556 -0.28316534242963365 7.1165277083983245
0.2870675170027309 -0.052934185614753944 -0.9564466596079411 -51.451256548308024 0.049253629343260115 -0.9963355880432309 0.06992478813028886 0.23932950432396682 -0.9566432567464219 -0.0671816045644332 -0.28340838260316964 6.838554609577611
0.2873795092053031 -0.052410375119011206 -0.9563818119709319 -52.44099112029327 0.05013669636520197 -0.9963098217448219 0.06966384121181217 0.3254405590403402 -0.9565037006548902 -0.06796978501279538 -0.28369134452572164 6.549057981550512
0.2876100949462897 -0.051021455683413125 -0.9563876015219618 -53.43780758398389 0.05171289790510405 -0.996296054314309 0.06870188023624506 0.41272664818382154 -0.956350463729296 -0.06921692869294796 -0.283906335447226 6.2609989359391465
0.28745874021794293 -0.050494728269520076 -0.9564610578007343 -54.43133866757184 0.05218521570798736 -0.996300296594478 0.06828193221684324 0.4968642625690857 -0.9563703131809461 -0.06954136483232218 -0.2837601498509504 5.969850950421262
0.2868530851822017 -0.04990278478115691 -0.9566739358802127 -55.42241571399709 0.053876388755970527 -0.9962213468672229 0.06812020831347801 0.5809885926786041 -0.9564583850100667 -0.07108262880016253 -0.28308058504035594 5.6767207080888555
0.285148057908108 -0.04852102399941754 -0.9572545613896448 -56.40994810522601 0.054699018378409535 -0.9962664365771223 0.066792250586133 0.6639886645363828 -0.9569214191665216 -0.07140656538421643 -0.2814293871655142 5.378713639507883
0.28278519927911466 -0.04619502802474166 -0.9580702220894164 -57.399685156299 0.05463429846282953 -0.996442250969541 0.06417112991235668 0.7515727974545655 -0.9576260358303459 -0.07049014022221471 -0.2792552875619487 5.090977862135953
0.27985452080577394 -0.044347119949433404 -0.9590176120055147 -58.386515621975335 0.05371724438942936 -0.9966442957283249 0.06176249223757979 0.8392064461694084 -0.9585384211599314 -0.06880029610678585 -0.2765332067145674 4.802580250784971
0.2773079544224915 -0.04416122845997592 -0.9597656403075273 -59.374303486566156 0.05345147258604823 -0.9966868938370901 0.0613039617949416 0.9164741364784078 -0.9592930931120026 -0.06830096305527911 -0.2740287210372758 4.5319646263695645
0.2751718362453763 -0.044343897220494186 -0.9603718442960751 -60.36021245679217 0.053495292545282874 -0.9966818163778157 0.061348272814418944 0.9967855694609509 -0.9599055756754618 -0.0682566896436978 -0.27188657581065223 4.261228166115308
0.2739867039406792 -0.0451924398041356 -0.9606710828625327 -61.342423661002805 0.05332419200174583 -0.996644867575497 0.06209298255665333 1.0742065594033954 -0.9602540375395882 -0.06823966090163078 -0.2706575919292621 3.9841468114170353
0.27485955338508583 -0.046670235854581736 -0.9603510373807214 -62.31745155452748 0.05374349598841804 -0.9965139202184745 0.06380943072736646 1.1588479478806606 -0.9599811782279335 -0.06915125375642486 -0.2713931494198417 3.7137078363698293
0.2778606238306657 -0.04907903933891279 -0.9593668337096096 -63.285561052025045 0.05477651246823841 -0.9962595624772297 0.06683126404981389 1.2434271829200458 -0.9590583962440701 -0.07112054604858249 -0.27413292491691194 3.4329144706117685
0.2825864691758979 -0.05005984592362261 -0.9579347051155426 -64.24728739048736 0.05541012878193958 -0.996117977266497 0.0684009721778252 1.3305050658146733 -0.9576401229413195 -0.07240847459107243 -0.27871563956894474 3.150711595924407
0.28878245924426177 -0.04833415291555122 -0.9561738863275714 -65.20985009649961 0.054113696511604394 -0.9963041743010429 0.06670607258838716 1.415506363557391 -0.9558642158186923 -0.07100564718565266 -0.28509962992796123 2.8654068883002743
0.29470771258057304 -0.04541972384350522 -0.954507418950479 -66.16455047674141 0.052973205290313956 -0.9965572842379467 0.06377631812482411 1.5010575089372893 -0.9541180239712455 -0.06935869028656977 -0.2912870893378819 2.5700050979052103
0.3006693802754499 -0.043344476934461446 -0.9527429769271742 -67.11415641478595 0.055833807314894346 -0.996453447928739 0.06295325306647152 1.5833147900083802 -0.9520927001744619 -0.07212338338019073 -0.2971829534887456 2.2820059281910874
0.30594184106835776 -0.046630006112681074 -0.9509075835293535 -68.05175410718118 0.053641104803499415 -0.996368953678106 0.06611762262707642 1.6614645012327285 -0.9505378591929736 -0.0712358805401316 -0.30232966702675484 1.9793706256092305
0.31117747569266796 -0.048590467687956274 -0.9491088162436402 -68.98248130125587 0.05244855481288277 -0.9962919446787553 0.06820197992921044 1.7428175540268176 -0.9489034343491317 -0.07100230572375905 -0.30747511259015875 1.6756726326493592
0.31655785487432064 -0.05013038348592095 -0.9472476282202676 -69.91477164860223 0.05349966601650023 -0.9960694801126975 0.07059303452992953 1.8249513774812363 -0.947063308471767 -0.07302421132457015 -0.3126316591564793 1.3796944188900584
0.32050179536151235 -0.05054039790691125 -0.9458986559613338 -70.83630872300886 0.054543892857353234 -0.9959341207174286 0.07169512495817343 1.9109805173541425 -0.9456762463560195 -0.07457141121243248 -0.31644200370332226 1.0687060825067112
0.3243071395300438 -0.049475176075262806 -0.944657126264425 -71.75731213711357 0.05355173235663554 -0.9960695538656573 0.07055250401987102 1.9968272449748041 -0.9444347998731527 -0.07346870635986777 -0.3203829863996581 0.7630498717310079
0.32691639812557344 -0.04160336560038521 -0.9441370814703348 -72.68053311269956 0.052259900114117915 -0.9967060776548629 0.06201530138539569 2.078062996594369 -0.9436072124971607 -0.06961432852926051 -0.3236653731661084 0.4478134024767007
0.32944806850889874 -0.03186431116766653 -0.943635859762422 -73.60134596781037 0.0521372726532569 -0.9972914885619419 0.051878624135442905 2.1600237321705924 -0.9427330878652949 -0.06628991262414526 -0.32689443636783927 0.13465680871443597
0.33083349691717606 -0.03002913501103593 -0.9432112427065537 -74.51245705005559 0.050298588561997266 -0.9975117378465858 0.04940025148676921 2.2366630828629845 -0.9423477326901262 -0.06378545217190344 -0.3284998733409224 -0.18609739903782407
0.33200091086744316 -0.03507320776062877 -0.9426267900291011 -75.4104915151677 0.05042835289430973 -0.9972194985956266 0.05486577116066618 2.300592222496604 -0.9419301335064892 -0.06575060241600439 -0.3293090977704343 -0.4982515225113299
0.3334160803004495 -0.042009134740585374 -0.9418433786970266 -76.30376931023319 0.04851778118122693 -0.9969184500405316 0.061641129759561944 2.3637499717396433 -0.9415305317972075 -0.06624829482433496 -0.33035045198475693 -0.8112762067400627
0.33316481732336584 -0.04483887312088883 -0.941801826264494 -77.1914237959764 0.04222881535829742 -0.9971566393390083 0.062412849442803085 2.442425425809264 -0.9419224658385214 -0.060564941008673503 -0.33032401709426584 -1.1442983400839648
0.33311670848095787 -0.045322025671893855 -0.941795716978904 -78.08618350516262 0.039111971523553675 -0.9973201803146442 0.06182808116629973 2.514602598945824 -0.9420740481588221 -0.05743145415329563 -0.3304513819905807 -1.4614745909144211
0.3328243253503773 -0.04163422968592619 -0.9420692964816998 -78.98231957335673 0.040554661395041235 -0.9974685825626836 0.05841015527735794 2.589280804292587 -0.9421163876582327 -0.05764562185327812 -0.330293345962266 -1.770200816751697
0.33186568445674014 -0.03669759556086091 -0.9426125683228025 -79.87545633561577 0.04146127761822824 -0.9977099470344117 0.053439910617964895 2.658214599482551 -0.9424150518419797 -0.05681679389620143 -0.32958416526440254 -2.0843845644191132
0.3311752947764843 -0.029864917150334187 -0.9430965013471907 -80.77243384551772 0.044915433326462376 -0.9978669874577085 0.047371712985430296 2.725423901280147 -0.9424996169648041 -0.05804792903869721 -0.3291274980239627 -2.387962933575119
0.33084807449325004 -0.025679684321508734 -0.9433345670636986 -81.66464612610405 0.05360511454523204 -0.9975042099905724 0.045954790236459764 2.7897185233833177 -0.9421603065820058 -0.065771611385401 -0.3286457847547514 -2.6808212777225235
0.329252805686778 -0.021938680827215215 -0.9439869089298567 -82.55689025593874 0.060976461887444315 -0.9971493198216654 0.044442154255608816 2.8440742337396254 -0.9422709063974497 -0.07219368575403219 -0.3269764681046241 -2.973793424315908
0.32681734942717505 -0.021932840513453015 -0.9448329855696225 -83.44100778514128 0.05788276977040332 -0.9973893668046478 0.043174482611033724 2.9027415427305505 -0.9433133122547883 -0.06879972014503762 -0.3246946156480922 -3.281331306226091
0.3229865986932168 -0.024676622489896105 -0.9460817730868073 -84.32062955313592 0.05365184544397461 -0.9975749529561747 0.04433613328812126 2.961576566457114 -0.944881546303578 -0.06507900995695491 -0.3208793946609533 -3.5903015631483486
0.31696588802780784 -0.027467880645635274 -0.9480391032861352 -85.20149488147541 0.05144311769437089 -0.997611180438166 0.046103560672170044 3.020742764634139 -0.9470407760327029 -0.0633833432189135 -0.31479568029718447 -3.8848093626866635
0.308114392785578 -0.02862977737321902 -0.9509184280504471 -86.08451540381697 0.0463566778689749 -0.9979079183263507 0.04506489718752002 3.076994053878485 -0.9502192270078125 -0.0579665626816845 -0.3061426109438928 -4.176561359512301
0.29943266916694256 -0.030217454820352447 -0.9536388111123306 -86.97490144335652 0.039600719394651096 -0.998243485234086 0.04406503388324623 3.137012176583609 -0.9532952636297867 -0.05095929367530097 -0.29771007831299234 -4.453654779406967
0.28839406135602325 -0.029677564337828345 -0.9570517789281576 -87.86262820923793 0.0430910207481513 -0.9981046234850763 0.043935458443000876 3.1852575718642466 -0.9565417028574649 -0.05391106336076487 -0.28656860948444957 -4.720823412489356
0.2761611563896546 -0.02761809745212064 -0.9607144510179143 -88.75642431218407 0.04579989112648098 -0.9980733067394018 0.041857428815909765 3.2388024611092145 -0.9600194715079113 -0.05556001320555744 -0.27436417269437186 -4.974885695427499
0.26355922861515757 -0.02393088158149124 -0.9643463308990782 -89.65368005766501 0.045939985539102605 -0.9982465431034275 0.03732769629543547 3.2891023449168237 -0.9635486758542344 -0.05414011533779687 -0.2619977045142953 -5.212590713196655
0.2516746547582185 -0.023139554432184992 -0.9675352340731629 -90.54774563499171 0.04737668903237632 -0.9982210298171521 0.03619702981066637 3.3377103896322997 -0.9666516008824789 -0.054948490893424795 -0.25013065757694375 -5.43615768069387
0.2387381668743237 -0.022098426281982577 -0.9708325021512959 -91.44728963022553 0.04787594683657564 -0.9982574452834957 0.03449589324210218 3.3790630662810126 -0.9699030783495779 -0.0547150115775277 -0.23726416947377912 -5.655887723770964
0.2257678552046635 -0.022891645117648508 -0.9739121357392012 -92.34411088715474 0.04724724442531192 -0.9982901123190586 0.034417285485879114 3.425203274219262 -0.9730347236612367 -0.053784981452161824 -0.22430025037812554 -5.8579149004225926
0.21231245371479526 -0.02726099671630216 -0.9768215088006792 -93.23854808372658 0.046744292143148986 -0.9981831874452463 0.03801704162194433 3.4812325126200943 -0.9760831896665555 -0.05373232136882373 -0.2106524257887355 -6.049940546576013
0.1997610921196703 -0.0363505060830296 -0.9791701316843069 -94.12822782071822 0.04331464345728146 -0.9980071517638268 0.045886454323940264 3.5361611024681006 -0.9788867900514968 -0.05157873336717549 -0.1977884893691055 -6.2244935862312705
0.185734369028382 -0.04144251745701205 -0.981725655113715 -95.02107267641274 0.04424616217694044 -0.9977439877446691 0.050489722241044165 3.588080851307162 -0.9816032911997793 -0.05281526925228387 -0.18348167766719428 -6.396146647070454
0.17318622728291064 -0.037897573635481324 -0.9841596946593851 -95.92292719826766 0.04610084814075921 -0.9978521857170152 0.04653737487738532 3.6465683326157725 -0.9838095560016749 -0.05343022901241388 -0.17106714514326374 -6.551355688628458
0.16083172093026665 -0.03417501249441887 -0.9863899969401626 -96.82812218539456 0.04782789228496537 -0.9979563748898863 0.04237412578702439 3.70421127343849 -0.9858223218522618 -0.05399205809786489 -0.1588685223704505 -6.6839638356324915
0.1503438527690741 -0.03560593868368503 -0.987992380064241 -97.72530372839725 0.05119007223200709 -0.9977303331393005 0.04374652944660082 3.7600787275874827 -0.9873076027456847 -0.05715242308243957 -0.14817995173562815 -6.814203072748366
0.14312640455486234 -0.04138699109889225 -0.9888386871916859 -98.61863120761753 0.05457268902173245 -0.9972751809063944 0.04963904875252417 3.821481202035576 -0.988198691525208 -0.06106824474224312 -0.14047781160014722 -6.921311295981461
0.1375411994913726 -0.04806081336318936 -0.9893293570198661 -99.51193747533085 0.0604625417351765 -0.9965520838304459 0.05681747319370904 3.880020871040645 -0.9886489263077134 -0.06763211095378137 -0.13416109003186819 -7.034721382397713
0.13427149853615342 -0.051095690719567384 -0.9896263916603804 -100.40927002632209 0.06233690339005838 -0.996256293628361 0.05989580854800544 3.9422886803096984 -0.9889819387413464 -0.06973254473896116 -0.13058367833552023 -7.137419490187943
0.130128522471138 -0.05089795842760696 -0.9901898633430755 -101.30700364063391 0.0625957460918291 -0.9962675685501875 0.059436557995097644 4.011622940428854 -0.9895192470137627 -0.06971606474119899 -0.12645683099902222 -7.2409115576859175
0.1248688705289983 -0.05126796959739426 -0.9908477988400495 -102.20120158615866 0.06349950747810194 -0.9962037513834536 0.059547445617527894 4.076999282934302 -0.9901391708860169 -0.07035396948925296 -0.12113934643316614 -7.34747763739573
0.11843970138495503 -0.047698676171669716 -0.9918149391027096 -103.10032819071681 0.06696211006499463 -0.9961880648568014 0.055905413445430215 4.138579504047277 -0.9907008190929715 -0.07303544159058147 -0.114794212921134 -7.445607100523734
0.11269228413141572 -0.043899816983629304 -0.9926596874891449 -104.0022272535196 0.06640866470407779 -0.9964570355713951 0.05160683590851866 4.201862370038359 -0.9914082601781489 -0.07173689656704806 -0.10937769115072375 -7.542614746209046
0.10688276104206708 -0.04083753848586234 -0.993432620182385 -104.89870169225244 0.0682145445935615 -0.9965006842894286 0.048302816859823745 4.2700968360215485 -0.9919288539496751 -0.07292929220221787 -0.10372303042702828 -7.6278728784208365
0.1012204464782469 -0.040980272714631685 -0.9940196368598447 -105.79368101345239 0.07650014705122593 -0.9958723488553317 0.048846620011064074 4.3264030529421635 -0.9919184183771786 -0.08098692507805816 -0.09766764689760858 -7.701158459799596
0.09473264133501544 -0.04307263346198084 -0.994570497708604 -106.68592062352558 0.08449082465169053 -0.9951108558379469 0.05114376934824094 4.380764398478224 -0.9919107959969823 -0.08887706588383056 -0.09063023747355382 -7.772902230549982
0.0877017058574256 -0.04690524506861051 -0.9950418628252533 -107.57375309953026 0.08318733120535222 -0.9950568375702299 0.054237974995974596 4.4444385658240195 -0.9926672547820982 -0.087531639935435 -0.08336625992321382 -7.840984240851534
0.08022021412026123 -0.05018527653657282 -0.9955130110980199 -108.4643349125646 0.08112905425680637 -0.9950894544278671 0.05670144832229334 4.501243361278115 -0.9934700769534501 -0.0853136314160719 -0.07575480507998911 -7.908819537726639
0.0734624537538381 -0.048571838740876234 -0.9961144735269108 -109.35884903288388 0.08314041791816387 -0.9950381662201722 0.05465087989767113 4.556983000333754 -0.9938264128090262 -0.08683216136044902 -0.06905966229728329 -7.968867708448302
0.06631565861364147 -0.04349947066033229 -0.996850053656471 -110.25752408959482 0.08377302704686425 -0.9952792038567528 0.04900394177689536 4.61770032954852 -0.9942757732953383 -0.08675887518023168 -0.062358513576069134 -8.014256485563164
0.05908043961088412 -0.04096780251097606 -0.9974122221091967 -111.15735201274688 0.08538943598802282 -0.9952880485168368 0.04593848823365817 4.678043244217205 -0.9945944630235133 -0.08788253317336951 -0.05530383789575287 -8.056158199532392
0.05228893640950168 -0.04489478203174388 -0.9976223361951578 -112.04867673944136 0.0873591526999108 -0.9949535726679841 0.04935348695652668 4.7288181089464425 -0.9948036216101727 -0.08973208334557227 -0.04810309397270255 -8.097479701638015
0.0458338834569576 -0.04749226793375354 -0.997819492500403 -112.94164180624205 0.086780971571123 -0.9949036634398819 0.05133968686186131 4.788828623360567 -0.995172506704453 -0.08894484223613382 -0.04147887340759665 -8.115768600888245
0.038985201733555706 -0.048539361479784056 -0.998060160728264 -113.83500491109295 0.08895636401286086 -0.9946850501891217 0.051849939555178026 4.847345599683283 -0.9952722840245296 -0.09080518331790986 -0.034460112234227534 -8.13253854390717
0.0320322910258362 -0.04800588782827878 -0.9983332945792472 -114.73223666205426 0.08945110877662696 -0.9946998941323341 0.050701279586960774 4.906026354198925 -0.9954759823673632 -0.09092609827184915 -0.027568336598169624 -8.148191877695412
0.024004919935446182 -0.046717115840375564 -0.998619684818224 -115.62796444389765 0.08567594166818257 -0.9951363456438491 0.04861364621045602 4.962578956184012 -0.9960338331794567 -0.08672464855023786 -0.019885635410387514 -8.157899742999462
0.016014129711943926 -0.04701724276446301 -0.9987657015198289 -116.52229696921741 0.08287690801543514 -0.9953940907978774 0.04818736475952572 5.022520845997693 -0.9964311144115127 -0.08354629188356692 -0.012043726380810072 -8.170693823198752
0.009484208110858665 -0.04731554344851265 -0.998834965920137 -117.41662308906425 0.08174033838964576 -0.9955003139487698 0.047933725161378025 5.074312487193932 -0.9966085324120275 -0.08209972153468222 -0.005573943619344018 -8.165085877879836
0.0026007403941431567 -0.047884980433449464 -0.9988494705401258 -118.31129635164513 0.08816644258139242 -0.9949520661465442 0.04792770047962233 5.1154015441229905 -0.996102361482967 -0.08818965199846668 0.001634236349233153 -8.15526683234844
-0.0033144374154676338 -0.047314462375698176 -0.9988745447526015 -119.20632972122095 0.09203587137532952 -0.9946548635971543 0.046809194638553465 5.163662236932223 -0.9957501759401312 -0.09177714297484403 0.0076513490687857375 -8.134732637123824
-0.007918118648093973 -0.04676626763418112 -0.9988744764026369 -120.10087069920684 0.08940112165639347 -0.9949387310427904 0.04587331378416483 5.217053308816697 -0.9959642276927685 -0.08893726824301491 0.01205899970215961 -8.11558413367305
-0.012269578596888205 -0.046376901597516056 -0.9988486574247714 -120.99406607574537 0.08788138270928758 -0.9951083918982979 0.04512372930828055 5.275027765777756 -0.9960553799935814 -0.08722655198847246 0.016285226864981333 -8.088780348711218
-0.017233777976742703 -0.04777007681598688 -0.9987096758606289 -121.88510040554743 0.08705018027237466 -0.9951368393476567 0.04609703990174502 5.323225858819532 -0.996054849398965 -0.08614343117238157 0.02130836114425169 -8.068205486003615
-0.02345602593776425 -0.045615651611385574 -0.9986836471952841 -122.782326198209 0.08083286765484451 -0.9957743021528345 0.043584248057410034 5.373177344310586 -0.9964516357324629 -0.07970414982988198 0.027044151789148475 -8.052443180545602
-0.029209347799602832 -0.04267208606832007 -0.9986620584921101 -123.67703904962596 0.07367979701684524 -0.9964623739382881 0.04042307307501137 5.42300380233908 -0.9968541024205487 -0.07240048615754745 0.0322500866893804 -8.035353460100279
-0.03406432136793316 -0.041626401280976943 -0.9985523845678485 -124.56778991990282 0.07171686376496388 -0.9966583215012479 0.03910091602549549 5.470832318965117 -0.9968431739553917 -0.07028109915695989 0.03693580430733677 -7.998727062196193
