1.0 0.0 0.0 0.0 0.0 1.0 0.0 0.0 0.0 0.0 1.0 0.0
0.9999983564823887 0.000549366220804016 0.0017277816057002173 -0.004480541106107984 -0.0005478662594520479 0.9999994727781247 -0.0008684964216394657 -0.022413049334846738 -0.0017282578173728968 0.0008675484010048363 0.9999981302405963 1.1991937590260435
0.9999935939579777 0.0009011066111539256 0.0034641088150698033 -0.011769195148820017 -0.0008993533714416334 0.999999466732389 -0.0005076400802325118 -0.04041989202319684 -0.0034645644056051543 0.0005045213703269488 0.9999938711070513 2.384626337930686
0.9999902029616391 -0.00021495566506485515 0.004421286555068479 -0.007960833018318434 0.0002153558859968438 0.9999999727568253 -9.004549540589889e-05 -0.06541509757736792 -0.004421267078829235 9.099676331001424e-05 0.9999902220106985 3.5762161160072563
0.9999844518383082 -0.0007800241849420802 0.005521561727366475 -0.010817293831234238 0.0007809893790187042 0.9999996801236386 -0.00017265054450883716 -0.08441955740965217 -0.005521425289549126 0.0001769601411749273 0.9999847411575238 4.7681352449551975
0.9999783995593502 -0.0014868625451114953 0.006402316338046498 -0.008560211714099314 0.001487205937330805 0.9999988929142485 -4.887512324253018e-05 -0.10698942613009703 -0.006402236579543155 5.8395630388968537e-05 0.9999795037683169 5.963324234936859
0.9999731002768112 -0.0011370533859527564 0.007246090834372509 -0.0015774880413375004 0.00114464990113864 0.999998799606816 -0.0010442995408843367 -0.12481266818795493 -0.0072448947118855305 0.0010525656866729972 0.999973201443963 7.154066928484302
0.9999675092411138 -0.0018046479959381186 0.007856443707797865 0.00736512995279528 0.0018143841342495286 0.9999975947154393 -0.001232304162803118 -0.15250445095471732 -0.007854200935577302 0.0012465187311207857 0.9999683783593939 8.346754322553448
0.999961906196562 -0.0023994182543565644 0.00839219564707406 0.00186438967308529 0.002398398768080383 0.9999971151858282 0.0001315422778543074 -0.17291487786212428 -0.008392487062091818 -0.00011140943520715073 0.9999647762540687 9.538339679668907
0.9999698874790492 -0.0033368958016987502 0.007006372923724001 0.012865225965370916 0.0033291850651761858 0.9999938400763869 0.001111906508425897 -0.19481436547850128 -0.00701004008116184 -0.0010885475140191222 0.9999748368845935 10.730056711170525
0.9999790311594264 -0.004192903397287213 0.004935261143643108 0.01665961639794329 0.0041901834948281135 0.9999910635971025 0.0005613271910211275 -0.20962759247654153 -0.004937570630847356 -0.0005406357708539527 0.9999876639785252 11.921879586462198
0.9999878646314568 -0.0037321590410171715 0.0032158325067835683 0.014057821382665413 0.0037322097927009676 0.9999930352329451 -9.7808454639401e-06 -0.2246031704840097 -0.00321577360558845 2.17828883433014e-05 0.9999948291494425 13.114273884930062
0.999993158114848 -0.0032708128588748316 0.0017278618968509859 0.026840087066135485 0.0032709946007002427 0.999994645043258 -0.0001023676242242094 -0.24224407355779995 -0.0017275178188836345 0.0001080187507720799 0.9999985020059451 14.306051392123218
0.9999976130565481 -0.0019192100500213544 0.001044276778418362 0.019351698811875536 0.0019192440866190258 0.9999981577503333 -3.159232810850958e-05 -0.2682297704275815 -0.0010442142222862154 3.359647473120451e-05 0.9999994542438181 15.499300729239945
0.9999963649197167 -0.002613561603462286 0.0006629050441623258 0.011393186771360806 0.002613484076783681 0.9999965779074871 0.00011778919795841914 -0.2901533473352643 -0.0006632106249650425 -0.00011605627800788951 0.9999997733412775 16.690442668305582
0.9999943112465036 -0.0033719677165400665 8.548888508732279e-05 0.008459179777279276 0.0033719221405222924 0.999994175779901 0.0005277758559392423 -0.30929020283132225 -8.726803032902867e-05 -0.0005274845916880644 0.9999998570721376 17.88411638183717
0.999993458935734 -0.003584202151862897 -0.00048536654322177197 0.015883681975298478 0.0035845217597114546 0.9999933582900247 0.0006592265103586727 -0.3278413403188313 0.0004830005184809719 -0.0006609620052512931 0.9999996649198067 19.079901302006483
0.9999920752153829 -0.0037503620135545873 -0.0013357736333479196 0.009928054085360325 0.003750048158869611 0.9999929403679165 -0.00023738815101208201 -0.3506595650575873 0.001336654494781543 0.0002323770543077409 0.9999990796774092 20.273618076728166
0.9999884189287209 -0.004482889850625088 -0.0017509160529141166 -0.002992565178609949 0.004480823891385305 0.9999892623987034 -0.0011820763727434088 -0.3711153343671646 0.0017561963704497148 0.0011742171365509801 0.9999977684917221 21.468257182954197
0.9999890775682123 -0.004069699159424354 -0.002298323960647432 -0.017812838264295958 0.004068028942190414 0.999991458412599 -0.0007309188522876674 -0.39291885637227214 0.0023012789491512337 0.0007215612204859048 0.9999970917280723 22.66255036881485
0.999986115790042 -0.004223572687357663 -0.0031511364457310815 -0.015381408688855427 0.0042206232699224825 0.9999906493978593 -0.0009420488633572115 -0.4134053765357492 0.0031550857925573446 0.0009287360239434266 0.9999945914268931 23.85696615201999
0.9999841856021082 -0.003746121106232148 -0.004194654019834827 -0.004037211211569157 0.0037386831754235186 0.9999914275415044 -0.0017796324390424198 -0.4292432622670977 0.004201284779978605 0.0017639218128162142 0.9999896188391334 25.051167934562955
0.9999809826474393 -0.003314218170494056 -0.005200990423037262 0.002845150470991536 0.003307989941384532 0.9999938017810115 -0.0012056542236175273 -0.44636692289895064 0.005204953987294948 0.0011884264712614234 0.9999857479466955 26.247733835158893
0.9999739292901046 -0.0042308350288695565 -0.005851561763133625 0.0011853091816134117 0.004233731251579953 0.9999909212430581 0.00048265013143164296 -0.4645724085436704 0.005849466625143974 -0.0005074114883072221 0.9999827629883339 27.446620593603416
0.9999686447490125 -0.004819693111964659 -0.006283317366668852 -0.01633746797797328 0.004823442560480409 0.9999881979359855 0.0005817135084856248 -0.48595480647476896 0.006280439529965168 -0.0006120024891199258 0.9999800905679389 28.64215091614251
0.9999622942109079 -0.0052705639418495695 -0.006901544189022368 -0.015972423405352425 0.005266951305055466 0.9999859828894998 -0.0005415242110444002 -0.4997819006773034 0.006904301587295329 0.0005051536952734594 0.9999760374325654 29.833723783193218
0.9999545170598736 -0.005624504155514535 -0.007702516767915862 -0.023006127036942003 0.005613272514394047 0.9999831516919968 -0.0014790212372157855 -0.5237122838330988 0.007710705754635876 0.001435717641316429 0.9999692413927638 31.03359545036248
0.999950237935098 -0.004954607197145409 -0.008658725140784296 -0.033517606852221535 0.00494353840219809 0.9999869365699902 -0.0012992757338794393 -0.5497911569142584 0.008665049429036705 0.0012564063389885252 0.9999616684460977 32.237806301555395
0.9999444162538315 -0.005095283435052724 -0.009230519459985544 -0.037973576668658644 0.005087632544593739 0.9999866948200519 -0.0008521607593196709 -0.5662050143605308 0.009234738646864174 0.0008051519018242217 0.9999570347432628 33.426556223955686
0.9999372133720028 -0.005632939341440362 -0.009687069123835339 -0.06329116465099448 0.005628014413930364 0.9999840191722337 -0.0005355874369819753 -0.5907708879913066 0.009689931247996783 0.0004810348445951736 0.9999529358114247 34.62119411334413
0.9999287585585414 -0.006186917607418177 -0.010207833173293357 -0.07040361815933084 0.006180439099657268 0.999980679065686 -0.0006660839775734776 -0.6104773901515844 0.010211756955108123 0.0006029476335237869 0.9999476768681654 35.81933128393484
0.9999216581005791 -0.006059316932339109 -0.010952732065669126 -0.0715622614678951 0.006051990030261191 0.999981440150219 -0.0007019770422560798 -0.6289617805606872 0.010956782285985678 0.0006356362227756937 0.9999397706304763 37.016526137859
0.999913616885595 -0.0070440804916283494 -0.01109683273709935 -0.08432211262765589 0.007043201343503367 0.9999751893517803 -0.00011830344931452509 -0.6468991451636671 0.011097390756505492 4.013600265156329e-05 0.9999384212577785 38.21454677822508
0.9999160874814672 -0.0067508526866954625 -0.0110564001265152 -0.09614414128465922 0.006763107669118567 0.9999765559719567 0.0010713921411740733 -0.6638668586592587 0.011048908109445947 -0.0011460778624496437 0.9999383021642496 39.4135750301068
0.9999167352528422 -0.0068890017129286775 -0.01091165508513668 -0.12241290780745694 0.0069080946716647655 0.999974671517561 0.0017130532254741471 -0.682787868317946 0.010899577482867967 -0.0017882893348831314 0.9999389987553988 40.61070672357339
0.9999223233739973 -0.006296653729252844 -0.01075636417015958 -0.14385244501125477 0.006310014594485498 0.9999793612274912 0.001208650022180595 -0.7025601077392758 0.010748531721337032 -0.001276428953222161 0.9999414181815666 41.80724822121164
0.9999306813658041 -0.005160291550705277 -0.010583187347419388 -0.1605094091965849 0.0051757448676523505 0.9999855785435514 0.001433307358533429 -0.7258729543489213 0.01057563843859226 -0.0014879838812217503 0.99994296926154 43.00471816294787
0.999948422820997 -0.002432901264267674 -0.009860663732169789 -0.18383759813936806 0.0024640073578667565 0.9999920230539581 0.0031436437763861617 -0.7435171144066673 0.009852936899269412 -0.003167778384097904 0.9999464409729993 44.204723947114594
0.9999635286517055 -0.002008178260254504 -0.008301119593460781 -0.18993777826792768 0.0020594163982207204 0.9999788539547859 0.006168504468014717 -0.757554953406187 0.008288556601039707 -0.006185374956154171 0.9999465190529557 45.40511522911202
0.9999768333257171 -0.001179762448337125 -0.006703802833951597 -0.20004298386618816 0.0012402481677280205 0.9999584991617153 0.009025615698257501 -0.7682448292857958 0.006692876538040475 -0.009033720983940023 0.9999367966470836 46.605915230911116
0.9999850955553823 -0.0008575685813052311 -0.005391960981053637 -0.20018913418665912 0.0009244985256641567 0.9999224079215956 0.012422698529493601 -0.7770303694454983 0.0053808892916406255 -0.012427498236048776 0.9999082974543336 47.81154587636828
0.9999915618839696 -0.0013813641288403936 -0.003868849183194721 -0.20863968561086357 0.0014335019518607133 0.9999077606370804 0.013506120460501949 -0.776672772938162 0.0038498354526869854 -0.013511552497145914 0.9999013034875512 49.014811053833895
0.9999931088139397 -0.0030153304115461835 -0.0021656655193010685 -0.2091705751408204 0.0030402293255496673 0.9999282425275094 0.011587355241583051 -0.7683731474827356 0.0021305704119679173 -0.011593859510783193 0.9999305191318865 50.21388210496934
0.9999981583926096 -0.0016503896450956873 -0.0009795026333538125 -0.20658458101171434 0.0016597611063129672 0.9999521070215154 0.009645146774532128 -0.7678594948862986 0.0009635374716932806 -0.009646754752332854 0.999953004754868 51.415163137129376
0.9999995863805303 -0.0009054522296273196 -8.599435000866845e-05 -0.2107441008481961 0.0009062089092584387 0.9999568112527736 0.009249562940920754 -0.7753545239686624 7.76155986326283e-05 -0.009249637043967472 0.9999572181800449 52.61661554052352
0.9999986797145997 -0.0015341086198688634 -0.000535798283037051 -0.21051883433154658 0.0015387939865531444 0.9999595960882448 0.008856540187988409 -0.7892045016758823 0.000522189740046036 -0.008857352978003556 0.9999606365333081 53.82214640084621
0.9999967891371307 -0.0022935632815402826 -0.0010776283694909222 -0.22149504024389005 0.0023020766385711752 0.9999656178334227 0.007966404092902854 -0.8032566226309548 0.0010593198663795904 -0.007968859296966146 0.9999676870393994 55.026187949059036
0.9999948828541428 -0.0019232591049814745 -0.0025564310951827723 -0.23454263121772717 0.00194419892697411 0.9999643749482812 0.008213946969995542 -0.8111853691675801 0.0025405424738950836 -0.008218875148622896 0.9999629971830107 56.23140750155092
0.9999934721773764 -0.0017807123729504 -0.003143988880312468 -0.2561002522762853 0.0018103406361916685 0.9999537447203607 0.009446220752704286 -0.8227539496018393 0.0031270224520558456 -0.009451850780280435 0.9999504408956535 57.43897608573021
0.9999906681705176 -0.00225352401588426 -0.0036858108187366296 -0.27956499512677085 0.002289623817018495 0.9999491657721065 0.009819546549867114 -0.8360323074011567 0.00366349486941446 -0.00982789403576864 0.9999449941392595 58.643836617589564
0.999987075523818 -0.0009062108435537904 -0.0050027559633530165 -0.26953004271033465 0.0009530998672956023 0.9999555692649602 0.009378224599172298 -0.8395794379038779 0.004994035038403458 -0.00938287151657651 0.999943509072457 59.850091933384704
0.9999826085926766 -0.0003842181444784269 -0.005885141340953054 -0.27561880836446884 0.00043963857215638467 0.9999555472474279 0.009418611735435319 -0.8529291678149736 0.005881260928696794 -0.009421035267658124 0.999938325530317 61.05388551528084
0.9999834398430204 -0.0006053098133739642 -0.005723079568737699 -0.28131895980362664 0.0006558401601492921 0.99996078671116 0.00883147290560037 -0.857984974396793 0.005717509370749358 -0.00883508008044345 0.9999446241900437 62.25775151599155
0.9999876757963666 -0.0018418901567305909 -0.0046103900085946465 -0.3107514988208956 0.0018789059906752542 0.9999659345961889 0.00803737267076406 -0.8727771629520744 0.004595428996189145 -0.008045936105952967 0.9999570715508342 63.45946383595759
0.9999873165790064 -0.001882017359062675 -0.004671690462561133 -0.31594907315872756 0.0019238050498309924 0.9999580386492444 0.008956557088888737 -0.8716405062524192 0.0046546380362004125 -0.00896543091080753 0.9999489763949638 64.65986853969896
0.9999877765548287 -0.0016699147240798677 -0.004653829148554568 -0.3470616697563825 0.0017178490769523803 0.9999453224723874 0.010315088954631733 -0.8788237810235329 0.004636349369757393 -0.010322957444814483 0.9999359683570316 65.86264734696827
0.9999866834520258 -0.001726303136246547 -0.0048634140374460766 -0.3575078453884482 0.0017680724984027916 0.9999614792813997 0.008597317779124904 -0.888658573385201 0.004848385118597223 -0.008605802161138086 0.9999512154754878 67.06014320695573
0.9999870095693374 -0.0004227021031021768 -0.005079568436974261 -0.37206538585375043 0.00046272811297363493 0.999968835679096 0.007881215216360187 -0.9109962143780657 0.005076078729426654 -0.007883463295097839 0.9999560412494181 68.2537059092469
0.9999835991068821 0.001815386636166216 -0.005431932308852654 -0.36602240018247023 -0.001770203640548829 0.9999638935883122 0.008311311495414553 -0.9173082827436068 0.005446824425086413 -0.008301559556134595 0.9999507068914041 69.44833258928763
0.999979340029881 0.003756200660778874 -0.005216365592978031 -0.3725273775625339 -0.0037120389707419313 0.9999574080521827 0.00845002060591861 -0.9258213544967617 0.005247883390790619 -0.008430482676378508 0.9999506921252469 70.63961045028968
0.9999724589147537 0.005458026339724062 -0.005029051645768351 -0.3837217910565898 -0.005414099540081068 0.9999474346322089 0.008707209577950957 -0.9318049079447526 0.005076311471041081 -0.008679741985747213 0.9999494452925658 71.8298017998961
0.999972542027531 0.006242035298970321 -0.003994018818643222 -0.3810781133369283 -0.006202872165877664 0.9999332888573524 0.009743829422374993 -0.9423269164054023 0.004054573700285857 -0.009718787488414713 0.999944551263651 73.01632459993226
0.999963101808827 0.008396605299892654 -0.0018143980564342963 -0.38462259241488783 -0.008377409921505397 0.999911447368891 0.010340039828578859 -0.9480014114431756 0.0019010586199384373 -0.010324458343532886 0.9999448942496963 74.20195842115355
0.9999749730994019 0.007049625910214247 0.0005966149314085673 -0.38064153853724425 -0.007054225448322152 0.999942355985503 0.00809460372630947 -0.9575551701403665 -0.0005395166119667273 -0.008098609799698507 0.9999670601780529 75.38023931663265
0.9999870999186504 0.004050393549904365 0.003065013601572577 -0.3732268579209488 -0.004059883155895583 0.9999869652268268 0.00309624372450237 -0.9725534069860652 -0.003052432644204687 -0.0031086473797999527 0.9999905094381749 76.55554039521846
0.9999759844627237 0.0045383930597862705 0.005237698563417213 -0.3667219661666303 -0.0045525615784261985 0.9999860018176236 0.0026963590039299355 -0.9821539904615008 -0.0052253881081671975 -0.0027201391946588428 0.9999826479303932 77.73120554373197
0.9999555250999745 0.004298105942252282 0.008394885784992583 -0.3619235431271426 -0.004349694152164917 0.9999717105365 0.0061366348668249054 -0.9955790269228031 -0.008368272391390884 -0.00617287712620967 0.9999459323409282 78.90964021724024
0.999922505426311 0.005083679376213641 0.011363949400111156 -0.3446632824060635 -0.005167915843471104 0.999959298258223 0.007395571158269597 -1.0114252713034042 -0.011325890155004324 -0.007453725975784633 0.9999080788658898 80.0834060609648
0.9998698412548709 0.00498319206100683 0.015344977870357815 -0.32857054449031414 -0.0050689720432768115 0.9999717161791005 0.005556290511576855 -1.0224512854538266 -0.015316855792985919 -0.005633350575605734 0.9998668207766018 81.24948190360908
0.9998103256787924 0.005020860158930896 0.018817641439110955 -0.3045629402541762 -0.005067796165629828 0.9999841637132753 0.0024473995761512047 -1.036752631364564 -0.018805055386520594 -0.0025422993384290916 0.9998199370916664 82.41393191828546
0.9997477505176668 0.0036289962231053903 0.022164514911836453 -0.2778992955970881 -0.003609166744198221 0.9999930502070808 -0.0009345870487236863 -1.0565269602411584 -0.022167752485917482 0.0008543558695034634 0.9997539001303128 83.572649426028
0.9996706082538618 0.003259169290155767 0.025456881366177055 -0.24231137702486916 -0.0032096404102486954 0.9999928765497131 -0.001986217074614547 -1.0724291105261912 -0.02546317344304119 0.0019038553959524328 0.9996739479114384 84.73179897034638
0.9995712036443489 0.0028896928622586917 0.02913860875451611 -0.22351354005543306 -0.002887648899605704 0.9999958244358599 -0.00011222601282344325 -1.1012194216059257 -0.029138811383094355 2.8035819212211344e-05 0.9995753742890897 85.89118532920081
0.9994517957381608 0.004150330064885982 0.03284635072755632 -0.1847054077990033 -0.004163380208601056 0.9999912789990636 0.0003289240884917253 -1.120585085127588 -0.03284469913096717 -0.00046549561744839625 0.9994603589201659 87.04498113031089
0.9993219681681929 0.003682454860626904 0.036633911375233655 -0.1455373880043655 -0.0036200334904195157 0.999991881005088 -0.00177010774661076 -1.146415580118222 -0.03664013228656878 0.0016362915711494908 0.9993271852881405 88.19729338012114
0.9991854984155156 0.003625986776075852 0.04018945105418767 -0.11680279356943621 -0.0034699432096974418 0.9999861713856402 -0.003951775754139974 -1.173845580358141 -0.04020322437639408 0.0038091019137398217 0.9991842630327765 89.34682310042012
0.9990528018764055 0.0037108187480656947 0.04335584028850306 -0.06797499218226112 -0.003527710006309694 0.9999845362119455 -0.004299139343160465 -1.1940057295110644 -0.04337112316985291 0.004142120374823902 0.9990504434280515 90.4965070999715
0.9989329835108179 0.0020712446642565914 0.046136800926334855 -0.009514600351489252 -0.0019282094151894173 0.9999931969442459 -0.0031445307564055007 -1.2186461353984688 -0.0461430001476565 0.0030522140763048957 0.9989301815074997 91.64884044549268
0.9988052872186011 0.0018107510258451402 0.04883358890036288 0.05420832676562591 -0.0017242525284185913 0.9999968693367536 -0.0018133587373594822 -1.2327922704689818 -0.04883671956003468 0.0017269908553655903 0.998805282487633 92.80279816509233
0.9986737204221874 0.001083431070870583 0.05147452102954191 0.11427455977220222 -0.0010820243108839393 0.9999994130882205 -5.519606200877678e-05 -1.2489117031010655 -0.05147455061966763 -5.738265459979009e-07 0.9986743065875753 93.95813078105128
0.9985559896209543 -0.0005452149150782664 0.05371813783827799 0.18529402055750177 0.0004964587395653597 0.9999994526717637 0.0009209695396142736 -1.266740416390375 -0.05371861056315359 -0.0008929708110371392 0.9985557137597757 95.11263567646243
0.9984265207061244 -0.001441959609456379 0.05605714497855456 0.24656233341644465 0.0015253910651604123 0.999997791753805 -0.0014455689579090094 -1.2821791262678228 -0.05605493673852738 0.0015288034531747144 0.9984265154868642 96.26510358485973
0.9982889355779214 -0.0025964829027274755 0.05841625954505796 0.3108278848661805 0.0028947482143301304 0.9999832007467331 -0.005021818106482452 -1.2986385589531462 -0.05840223913066477 0.005182325815192364 0.9982796812335059 97.42264497920893
0.9981757666020262 -0.0019075314118735763 0.06034484478701562 0.3745581628836616 0.002377772642922261 0.9999673601007167 -0.007721718102990116 -1.3229624263767876 -0.06032814571752434 0.007851118208013012 0.9981477219215446 98.58138197862279
0.9980869290122707 -0.0015845585768652721 0.061805916456031944 0.46049129157665664 0.0021264950783243825 0.9999598621601475 -0.008703567506526275 -1.344370981307053 -0.061789644387513415 0.00881834694119503 0.9980502375149707 99.74734926057954
0.9980547132214748 -0.001598940615127391 0.06232361354501383 0.5107895134104761 0.0020988201303590677 0.9999661474040714 -0.0079560668624286 -1.375655820980941 -0.06230878245046459 0.008071396085457202 0.9980242823673041 100.92214606051206
0.9980964195405871 -0.001458626418515728 0.06165557322116733 0.564309881355147 0.0018402771683483964 0.9999794952669486 -0.006133712220369396 -1.4023663440840706 -0.06164536219540902 0.00623549954934354 0.9980786381168404 102.10304261583691
0.9981836264575744 -0.0025731409541719314 0.0601899228910831 0.634953154835527 0.002853906176588361 0.9999854431786466 -0.004579153889210829 -1.4320292259181275 -0.06017726390872044 0.00474261282794715 0.9981764395797089 103.28645655416828
0.9982970907143068 -0.0022845027669550102 0.05828979085961514 0.6914797201285319 0.002503949127931107 0.9999900496894094 -0.003691986042387525 -1.455325239190943 -0.05828077650576235 0.0038316535960636645 0.9982928776269041 104.47783066990371
0.9984435859123182 -0.002056841756962994 0.05573307054646353 0.7476984099440532 0.0022438227257590804 0.9999920620930814 -0.003292568966946867 -1.475348424490634 -0.05572585584919827 0.003412499496490682 0.9984402755483478 105.67574169216336
0.9986034943021108 -0.0018217744119661755 0.05279907485558031 0.8034913704413711 0.0020018518752584306 0.9999923584063388 -0.0033579335904455458 -1.497233052461094 -0.05279255398901235 0.003458940144065047 0.998599510302502 106.87490405553312
0.9987927857602281 -0.00035098232341616723 0.04912074841379052 0.8517548164818256 0.000534862679053338 0.9999928992128254 -0.003730341250136768 -1.5192953499690212 -0.049119090333970994 0.0037521107841542414 0.9987858812725712 108.07953895721512
0.9989859810078338 -8.525303464959182e-05 0.04502224429918206 0.9246023888023568 0.00024898855990632466 0.9999933762674652 -0.003631174175484242 -1.5303936071528885 -0.045021636515259825 0.0036387021196783833 0.9989793852189204 109.28500200182076
0.9991667132020281 0.0003164796620581117 0.04081395680008061 0.981490177540667 -0.00021026903275012695 0.9999965807632047 -0.00260657799289761 -1.5529021624880224 -0.04081464217641999 0.0025958240546493294 0.9991633633603106 110.49736157653025
0.999322651502679 0.0005538949548864552 0.036795806745245546 1.017605679263371 -0.0004882863923552228 0.999998275141976 -0.001792007106999705 -1.57765308966489 -0.03679673586139862 0.001772826401949298 0.9993211982723548 111.71299832645138
0.9994721574098654 0.0007206684275761275 0.03247902707111276 1.0546086378427737 -0.0006782605193650591 0.9999989031313854 -0.001316699925409027 -1.596119876884525 -0.03247994034995207 0.0012939756733403851 0.9994715499211673 112.9292863122355
0.9996185945606776 0.00133508828123279 0.027584106797514652 1.0979930465881165 -0.001304469151726486 0.9999985129950504 -0.0011279928721926995 -1.6190389008256214 -0.027585571749876196 0.0010915800331805685 0.9996188497043579 114.14753831626659
0.999740270925641 0.0019358934748239117 0.022707774130894316 1.115740993113882 -0.001909581990420873 0.9999974801601941 -0.001180326176840029 -1.6400910792111802 -0.022710001896684963 0.001136657255291906 0.999741448487626 115.36790234683478
0.9998413037430608 0.0024683249035952564 0.017642978817258643 1.1405835555128 -0.0024430338073557567 0.9999959574137518 -0.0014549027355264695 -1.6609630163598195 -0.0176464986666494 0.0014115694541952258 0.9998432919995434 116.59103929437387
0.999913945341197 0.003685311744639569 0.012590488058285026 1.1803046350747306 -0.0036600243730863405 0.9999912397905985 -0.0020309021763876764 -1.6827891515277824 -0.012597862270615915 0.0019846459146315894 0.9999186742164606 117.81618769015047
0.9999407323941567 0.0057167102161232684 0.009265577334510264 1.1793012661933275 -0.005697572282428717 0.9999815834251389 -0.002090569453144684 -1.7036119267351646 -0.009277357874061849 0.00203765425349664 0.9999548882804763 119.04469668253427
0.9999457631077685 0.007812080658992736 0.006887832648891465 1.2030634218880591 -0.007798011904827609 0.9999674586326961 -0.00206704765288831 -1.7223372041482359 -0.006903756452389544 0.002013224141653102 0.999974142203388 120.27622803705012
0.9999428420290857 0.00883916284950599 0.006015137148404279 1.1975249307285292 -0.008824496964784594 0.9999580365806826 -0.002460351809132021 -1.7431653253044812 -0.006036632182989751 0.002407130620906112 0.9999788821740493 121.50632655365091
0.999930980919553 0.010811695575699781 0.004597894739794994 1.215312893973738 -0.010801032310345609 0.9999389345536199 -0.002337705028935273 -1.7633875546049331 -0.004622888522418818 0.0022878816730398177 0.9999866971610969 122.74750545807105
0.999921768058138 0.011956389477862487 0.003674576729399425 1.2074433373284712 -0.011951187619195208 0.9999275532558833 -0.001434348002900863 -1.7882106811115863 -0.0036914601416487597 0.001390320235157178 0.9999922200355693 123.98810076159876
0.9999279906716032 0.011602456940863438 0.0030653652938729026 1.2038249911194554 -0.011598825112225888 0.9999320114032467 -0.0011999279450296428 -1.8050468201927248 -0.003079078996302305 0.0011642869030755068 0.9999945818395927 125.22955690374356
0.9998748964144745 0.015659478234246897 0.0022298568506588334 1.2073337193846656 -0.015661378079113875 0.9998770026818374 0.000837104920449139 -1.8238339307497902 -0.002216473957964657 -0.0008719228268225592 0.9999971634928659 126.47587427589964
0.9998621854998628 0.016522471291747765 0.001618007988411775 1.1963363600834325 -0.016528981973561396 0.9998549941081585 0.00409676846940925 -1.843225265952712 -0.0015500846282955711 -0.00412294790018396 0.9999902992220763 127.72601170722548
0.9998826785610154 0.015280767859672329 0.0010617190150933073 1.2002208220446124 -0.015284526373944347 0.9998766064313269 0.003627004948643717 -1.8544116197543963 -0.0010061645851488878 -0.003642807295491843 0.9999928587684193 128.97590268045883
0.999885367681579 0.015127078050972674 0.0006503890469758422 1.1936351353644739 -0.015128342360378995 0.9998835896212679 0.001985060078498176 -1.8633278323520253 -0.0006202851761971456 -0.0019946718346292537 0.9999978182629062 130.2262856264729
0.9999254988371796 0.012206220449713479 -7.040986917544484e-05 1.1914361792664978 -0.01220596818050727 0.9999213865182478 0.002869690610748265 -1.876946485384994 0.00010543241022782398 -0.0028686173948380923 0.9999958799506371 131.4819186685137
0.9999477823529564 0.010164818221554756 -0.0010531086964059946 1.1958790567195403 -0.010159777228471835 0.9999374064558078 0.004686373555395282 -1.8905365412672042 0.001100678913909268 -0.0046754294942421976 0.9999884643659511 132.73994341135747
0.9999750855695784 0.006964800954591484 -0.001148820167099585 1.2015756414144927 -0.006957329928667844 0.9999554201364225 0.006383831142394419 -1.8981571550206926 0.001193231066087823 -0.00637567937194638 0.999978963234812 134.00251426732555
0.9999871041799656 0.004863244313379319 -0.0014629861632496097 1.1963344903834605 -0.004852166290081171 0.9999602315110326 0.007482772126382376 -1.9136373453201463 0.0014993185314924828 -0.007475576977755515 0.999970933473964 135.2660032875294
0.9999990813058018 0.000626209978183561 -0.0012021849335386667 1.1954688095745416 -0.0006195046575991486 0.9999842960633576 0.0055699049049629445 -1.9251571895325814 0.0012056539845317186 -0.005569155028758008 0.9999837653235855 136.52940434760797
0.9999972835459271 -0.002053319938018726 -0.0011030766055726785 1.1889755309684304 0.002058356784700491 0.9999873721452716 0.004584617469448742 -1.9410486089315475 0.0010936489896233657 -0.00458687554076108 0.9999888821905278 137.7963566437659
0.9999936721158229 -0.003484452781881666 -0.0007171590630815346 1.179973724096671 0.003487489792484111 0.999984767882089 0.004278015749375538 -1.9583464837575593 0.0007022415953512855 -0.004280489763499485 0.9999905920878089 139.063712362333
0.9999925383883718 -0.003841883525654569 -0.00040385462103737884 1.1790216179470894 0.0038437680042115886 0.999981217530038 0.00477389093639412 -1.9757220146796737 0.0003855063027082708 -0.004775407638944714 0.9999885233675299 140.3376602385126
0.9999952394634579 -0.0030723929952629603 0.0002853974470976765 1.1802122836275928 0.003070371091422017 0.9999719367982207 0.00683362549281253 -1.990754517801641 -0.0003063850210279261 -0.00683271668501754 0.9999766097819096 141.61322553803726
0.9999986966202989 -0.0009168978521417134 0.0013289304085181135 1.168056035461248 0.000905806815419481 0.9999649567458068 0.008322547348601236 -2.003288572366129 -0.0013365147642603555 -0.008321332746940696 0.9999644839441048 142.8875912166178
0.9999972512098037 -0.0011352639710372182 0.0020515234708745086 1.1525833201543458 0.0011215069138113716 0.99997696247679 0.006694530449130438 -2.0220534458619026 -0.002059076268076928 -0.00669221124951433 0.9999754869563124 144.16038622351056
0.9999970300753263 -0.0007637339853029355 0.002314422374046447 1.1535577346131474 0.0007521722067741201 0.9999872555330331 0.004992294911480645 -2.040643720585335 -0.002318205663255598 -0.004990539240556305 0.9999848601056874 145.4315752431021
0.9999950900798545 -0.0009989914105547446 0.00297015695612079 1.1430241808925923 0.000990795100794511 0.9999957010532836 0.0027597463687045348 -2.066506783828974 -0.002972901150492028 -0.0027567900016095145 0.9999917809500417 146.70144670833434
0.9999920633214007 -0.0020291448224092484 0.0034286827640011563 1.14723942253974 0.002033586339694928 0.9999970970958169 -0.0012924111335411276 -2.0893297336428436 -0.0034260503215036717 0.0012993733985213756 0.9999932868814498 147.9686550087191
0.9999900842538152 -0.0021329200904498026 0.003909225746124543 1.146321940994095 0.002151118219402658 0.9999868429133667 -0.00465689709608969 -2.1179327146316616 -0.0038992415227274316 0.004665260126206338 0.999981515460912 149.23460389873762
0.9999882940057355 -0.00226974276907054 0.0042731860782716895 1.1358998644308433 0.0022934461417923875 0.9999819669861002 -0.005550297956385291 -2.1480147080340912 -0.004260511271195165 0.0055600333067536345 0.9999754667357273 150.5000728389137
0.999988574919608 -0.00222719168255411 0.004229615521456058 1.144953746579976 0.002249859194051879 0.9999830930681783 -0.005362062234399727 -2.173949569980963 -0.004217601671225105 0.0053715170117759024 0.9999766790486341 151.76411075614595
0.9999894416290394 -0.0017509969792250048 0.004248604479044578 1.1401011860408794 0.0017717007849998283 0.9999865514202194 -0.004874223530458486 -2.2031583591047035 -0.004240012590670435 0.004881699322489 0.9999790954339773 153.03286534664892
0.9999900955837268 -0.0009964556174441074 0.004337719521815375 1.135537930895412 0.0010132162297412151 0.99999202357494 -0.0038634413892286047 -2.2302445186935875 -0.004333835174445773 0.003867798171916424 0.9999831288626733 154.2965455794963
0.9999917130636957 -0.00043930136313591957 0.004047322355106901 1.140705412480149 0.0004523287749875273 0.9999947185714609 -0.0032184200881034335 -2.2581384440686616 -0.004045887123131307 0.003220224137624049 0.9999866303875717 155.56167807810164
0.9999931186882228 8.859078097019486e-05 0.003708736695132695 1.1408641786722094 -7.437025649693684e-05 0.9999926463044145 -0.0038342934367102083 -2.2739000728803167 -0.003709049105262105 0.0038339912320423503 0.9999857716317603 156.8255985797339
0.9999951632191305 0.0005117301909873557 0.0030678446105445486 1.1462890020443293 -0.0005006022925689417 0.9999932973276363 -0.003626940466287884 -2.292864140405455 -0.003069680062724808 0.003625387153526398 0.9999887167524937 158.08677125123262
0.9999962359667979 -0.00019456699241926902 0.0027368222302861867 1.1308481713476424 0.00020145188230305435 0.999996815580723 -0.0025156004357791396 -2.31683381891542 -0.002736324062285845 0.002516142304965452 0.9999930907553946 159.35127991647624
0.9999976040674753 0.0006186504266695851 0.002099793074727029 1.1263296667552403 -0.0006144739164852408 0.9999978330027622 -0.0019890730467379066 -2.3487956728477553 -0.002101019065370297 0.001987778012978749 0.9999958172199809 160.61284199098475
0.9999978101937906 0.0010255801021277554 0.001824223965370392 1.115808178768627 -0.0010202401056363703 0.9999951994023576 -0.0029257960225453697 -2.373881346312862 -0.0018272158461887266 0.0029239284691680175 0.9999940559446132 161.87342377060548
0.9999982411333581 0.001503951188870546 0.0011206520467244786 1.1177165818673196 -0.0014991095721509427 0.9999895936435973 -0.004308744016924081 -2.3955186038630667 -0.0011271205255066698 0.00430705645820775 0.999990089382883 163.13581990796325
0.9999972965871782 0.0022597546775012843 0.0005480211044723204 1.1124651068801485 -0.002257340843290817 0.999987921301035 -0.004365966599958726 -2.422183533066939 -0.0005578804985364419 0.004364717726526583 0.9999903189573971 164.40018243985173
0.9999985472570234 0.0017036212090937143 -5.620157381975408e-05 1.1042805710665973 -0.001703892746157684 0.9999847720374573 -0.0052490420748672675 -2.45453551968189 4.725833857814305e-05 0.005249130210812258 0.9999862221044243 165.66191794671056
0.9999970147775029 0.0022732781867165507 -0.0008959031011634198 1.1040906593375062 -0.0022789407759988083 0.999977107936326 -0.0063710307046999735 -2.476821447206705 0.0008813994669647208 0.006373053395864404 0.9999793034485229 166.92471700189896
0.9999949865434045 0.0025795384005402027 -0.001836537419911794 1.1167860367433753 -0.0025910191655149563 0.9999769450695821 -0.006276619232448303 -2.4977662474718443 0.001820304298333734 0.006281346268543426 0.9999786153620067 168.18727943961093
0.9999939101351084 0.0026748709839394097 -0.0022415971793028947 1.090671987578586 -0.002685697386202816 0.9999846769186154 -0.004840760014837265 -2.531662793552084 0.0022286144226230215 0.004846750786948209 0.9999857710410507 169.4521061972346
0.999990947846874 0.0029230834001808294 -0.003091893876680183 1.091917662193049 -0.0029369691425411588 0.999985579771489 -0.004496049525280462 -2.554186940624144 0.0030787069631302453 0.0045050896232595354 0.999985112754646 170.7158533997304
0.9999878061121523 0.0033640702546988894 -0.0036153365437463477 1.0779666297109771 -0.003378745558049569 0.9999860470244635 -0.004060767764928717 -2.5802339750692584 0.0036016253909948066 0.004072933550670084 0.9999852196441882 171.98214533516997
0.9999837249583204 0.0036786566736951433 -0.0043608833460597445 1.06416820272742 -0.0036950453303859535 0.9999861193661674 -0.003756023828318731 -2.6081940777015715 0.004347005692112283 0.0037720763605186406 0.9999834373535611 173.24600681835747
0.9999779115574837 0.004080416562607826 -0.005246579629423647 1.0606182104680935 -0.004103972583119429 0.9999815124586409 -0.004486886444468865 -2.6384967556409302 0.00522817426730327 0.004508319155089901 0.9999761703421872 174.51032247060115
0.9999714694854084 0.004831640267186769 -0.005806502176048515 1.0452868011208307 -0.004860734340412476 0.9999756514123554 -0.005006979539266182 -2.6643639542823894 0.005782168871962507 0.005035060552088249 0.9999706069122098 175.7713501405714
0.9999654768749666 0.005092306390109042 -0.0065660851234957745 1.0473439865194747 -0.005122873610772735 0.9999760807971663 -0.004646934420291885 -2.6882544541199844 0.006542264454131054 0.004680411217799203 0.9999676457399234 177.0392221133985
0.9999656584529059 0.004884827381295605 -0.006694802185313914 1.027947448262329 -0.004923775365811664 0.9999709790373571 -0.005813563383663652 -2.715540651934879 0.006666209642110409 0.005846327438982048 0.999960690279615 178.30220618314246
0.9999714679314727 0.003507208258080483 -0.006690501715811357 1.017125010924539 -0.003557356536314978 0.9999655595606819 -0.007498326944399943 -2.7433620506995817 0.006663973097811908 0.0075219135016317855 0.9999495048650336 179.56263653096465
0.9999769053944071 0.0005277640099984639 -0.0067757023970817535 1.0110211515807668 -0.0005778524036473085 0.999972507943366 -0.007392526229476416 -2.772877206107535 0.006771614609800918 0.007396270857915453 0.9999497189423943 180.82443861776503
0.999974075973961 0.0007415521590948111 -0.007162225940096298 0.9940923577235536 -0.0007684663590905265 0.9999926517702494 -0.00375577754380336 -2.8009877098333797 0.007159388205467966 0.0037611841086197728 0.9999672977925953 182.08617204686033
0.9999751461695805 -0.00029676673716203905 -0.007044073582014842 0.9793370602953542 0.00030110391850075467 0.9999997657597557 0.0006146680918756291 -2.831162965325419 0.007043889518965354 -0.0006167738131767821 0.9999750012927866 183.3508545680316
0.9999737571942741 0.0009718000205257711 -0.0071791731756538305 0.9730472830401392 -0.0009721157588521876 0.9999995266756289 -4.0490353268366397e-05 -2.852520711498675 0.007179130429050142 4.7468278067557424e-05 0.99997422858444 184.60796388517812
0.9999718015389675 0.0026543777466691955 -0.00702498439063912 0.9624782964522427 -0.0026771682922618004 0.9999911779083541 -0.003236800178643295 -2.8725663844786578 0.007016330725218529 0.003255515971323931 0.9999700859120314 185.8581107906983
0.9999702963000531 0.002725661322002212 -0.007209527580971659 0.9472837648154488 -0.0027633298709838425 0.9999825574517888 -0.0052200383335304894 -2.896432671232382 0.007195173771854297 0.005239805581998392 0.9999603861713005 187.107688331033
0.9999709233233106 0.0028087788602033773 -0.007089659317547246 0.9356698515468205 -0.002843163966565695 0.9999842228821596 -0.004844626448120436 -2.9262546035472257 0.007075939978803813 0.00486464264639049 0.999963132483063 188.35447637894654
0.9999720168574673 0.0027111239093353698 -0.006972467938689396 0.9179998461554132 -0.0027359331530840553 0.9999899521319331 -0.0035510991193328715 -2.9592787791085753 0.006962770410524732 0.0035700759546124323 0.9999693867243583 189.6014022437437
0.9999745238002823 0.002866567095135585 -0.006537166319309257 0.8897862128305462 -0.0028747851391397006 0.9999950889457417 -0.0012480764404317127 -2.9951077975452147 0.006533556520074536 0.0012668375927739747 0.9999778536356259 190.84644775993922
0.9999804031765468 0.0024980818163868094 -0.005740457308277275 0.8798090853926473 -0.002500303804186815 0.9999968020614934 -0.00037993114184033876 -3.021064678198603 0.005739489851571016 0.0003942765836425704 0.9999834512641796 192.08566263165315
0.9999863032349262 0.002481874076020542 -0.004607997788134242 0.878104389510375 -0.0024861360959918407 0.9999964868905739 -0.0009194203728581794 -3.0438924009988497 0.0046056997141455365 0.0009308638894047459 0.9999889604503458 193.31985552811003
0.999992675364377 0.0013866778675866492 -0.003567399905515754 0.8809096545620293 -0.0013948818313894015 0.9999963861814072 -0.0022982447219380624 -3.0711171355419604 0.0035642000884895573 0.0023032039894464932 0.999990995824019 194.5509833018886
0.9999959380252268 0.0010639049531326352 -0.0026442464514199525 0.8867828039944046 -0.0010735555081447087 0.9999927591521759 -0.0036509069816220204 -3.1005157707117883 0.002640343086812746 0.0036537308970728743 0.999989839367839 195.7778080126698
0.9999992148551362 0.00041102180252577047 -0.0011837863774560758 0.8841533960889856 -0.00041596338575571013 0.9999911890696436 -0.004177170997354913 -3.1308068162007205 0.0011820590388440862 0.004177660129460238 0.9999905749017198 196.99860164606218
