1.0 0.0 0.0 0.0 0.0 1.0 0.0 0.0 0.0 0.0 1.0 0.0
0.9999902563902054 -0.002730551114462267 -0.0034686042239629802 0.0006787646109907942 0.0027227103394805983 0.9999937323382379 -0.002263212903850429 -0.0034164374728141455 0.0034747623024417662 0.0022537468474029014 0.9999914232892647 0.8604359126530464
0.9999713768784212 -0.001179733134686993 -0.007473530197009284 -0.013476616316870887 0.0011509652198705936 0.9999919169616737 -0.0038524395361717277 -0.006553322954216319 0.007478014638748452 0.0038437274940001168 0.9999646519032633 1.7196409583426207
0.9999385856154391 -0.0013397596943901886 -0.011001365431457152 -0.04067454695800368 0.0012806960797661399 0.9999847396175608 -0.005374044059231218 -0.006405489780882561 0.011008397474039732 0.005359624610042595 0.9999250419951953 2.5796485917467145
0.9998776879583988 0.0001337308287031251 -0.015639413001528938 -0.06454505177704353 -0.00022653786252910778 0.9999823765788801 -0.0059325552885662524 -0.015498538158816258 0.015638344016032455 0.005935372584809606 0.9998600969879315 3.4386993310876197
0.9998099584868195 -0.0007810541931879129 -0.019479139224609924 -0.09801745427150006 0.0006623869598989504 0.9999811893235298 -0.006097724380007446 -0.026603039370050808 0.01948353546201994 0.006083662831426906 0.9997916687452711 4.298411659154847
0.9997181559741445 0.0011586773937137872 -0.02371215052148971 -0.13015105129050714 -0.0013297552611057143 0.999973193493838 -0.00720028087514765 -0.04044662536024414 0.023703172078902202 0.007229782875906601 0.9996928977805962 5.157097206780207
0.999590008788433 0.0039023679591415703 -0.028365222626527825 -0.1673949128634913 -0.00412064367444556 0.9999623184334843 -0.007640812053654609 -0.056101707627264845 0.028334336520364677 0.007754562363053599 0.9995684229388745 6.016686639172752
0.9994634521864182 0.003952112506176667 -0.03251443602996095 -0.2052877560553263 -0.004146962040885451 0.9999738336405705 -0.005927456453851748 -0.06751542290579066 0.03249015927076005 0.00605911222204836 0.9994536891270359 6.875220939277873
0.9993109553282036 0.0032206859450706203 -0.036976232137371876 -0.2405104813200379 -0.0033484914536569604 0.9999886306741914 -0.003395015072200393 -0.07669881140674774 0.03696487746521518 0.0035164903524546255 0.9993103782757302 7.734757081405503
0.9991798460259272 0.0025552528995225194 -0.04041170595538368 -0.2812290538483672 -0.0025868143299806884 0.9999963886682925 -0.0007287262830136271 -0.08272547787229181 0.04040969793536098 0.0008326661953209397 0.9991828476208848 8.594370109885228
0.9990708854257574 0.0037473571830467524 -0.0429339400560483 -0.33379482164813656 -0.003809485828778281 0.9999918117841975 -0.001365350606546723 -0.09038824345520648 0.04292847204727903 0.0015276382756163834 0.9990769803218293 9.451860156752474
0.9989939034996604 0.003394324130599952 -0.0447175506284505 -0.38753543220578957 -0.003470240754315045 0.9999926662091347 -0.001620171920911994 -0.09611804892207608 0.0447117232906393 0.0017737225382364475 0.9989983562092277 10.310593500916745
0.998919000611667 0.0003811387119608289 -0.04648316846204571 -0.4238299966698716 -0.00048156910267049347 0.9999975740909337 -0.002149396065668484 -0.10423401360480516 0.04648223648005794 0.0021694574275617925 0.9989167608696344 11.170146400699164
0.9988367037334126 0.0001333610231261847 -0.04822055049259203 -0.47350616490691455 -0.00019330285432062684 0.9999992144804682 -0.001238415299149379 -0.11189364452194743 0.048220347458076435 0.0012462958253025508 0.9988359449067392 12.028268167957167
0.998760981967125 -0.0009816115282209271 -0.049754772021102046 -0.5114171294237875 0.0009000982834653686 0.9999982159816937 -0.0016606795326524954 -0.11795292704582727 0.04975631339985188 0.001613837735874296 0.9987600837061013 12.883277689045892
0.9986690617322992 0.001409189875735986 -0.05155695222395901 -0.5613685123219985 -0.0016205668642151005 0.9999904519372909 -0.0040582998030726245 -0.12479918672741602 0.051550741039950915 0.004136449944956958 0.9986618100638901 13.745471906346816
0.9985927009806115 0.001831846061029834 -0.05300247058634329 -0.6071825929993895 -0.002192634693538354 0.9999748168514354 -0.0067496678465813545 -0.13499982263922716 0.05298877146479424 0.006856384101490496 0.9985715698414938 14.614930336570566
0.9984717960189826 0.005078566063858308 -0.05502981665754114 -0.6619455714173299 -0.005553634606479521 0.999948592813808 -0.008483446961181609 -0.14108325067770774 0.05498390398366856 0.008776098017940293 0.9984486718937008 15.49482161902318
0.9984125238966194 0.005739399892259238 -0.05603116467877129 -0.7217877407728506 -0.006204602502140578 0.9999476842440522 -0.008132138879044137 -0.15065899899556678 0.05598155976902829 0.008466880407468014 0.9983959018856162 16.384682578629125
0.9983280887337606 0.004730819423456114 -0.057607695603796895 -0.7701611597081478 -0.0051241909663717845 0.9999645417958782 -0.0066826505145632315 -0.16570039024316405 0.05757403852551275 0.0069666705492860345 0.998316931434763 17.284979809225863
0.9982341440227913 0.005994344654599175 -0.05909874397351819 -0.8226993549448871 -0.00631585011640688 0.9999662477365164 -0.005254847767457707 -0.18196004282734765 0.0590652498885145 0.005618827272122841 0.9982383107433285 18.189474427318185
0.9981747498711719 0.005181864745843887 -0.060169070105659195 -0.8806905066285138 -0.005501715005375342 0.9999715966598618 -0.005151408111041942 -0.1942078207124015 0.06014066720301317 0.005473038578583428 0.9981749075172619 19.10059406210005
0.9980707359594548 0.005160458551672559 -0.06187225298055043 -0.9409123317868667 -0.005540825680430723 0.9999667831022541 -0.0059776201710062616 -0.20740974733297873 0.061839350515119795 0.006308911131583068 0.9980661763471411 20.013615044314363
0.9980288277659413 0.0035574366407404344 -0.062656233470333 -1.0038199997672155 -0.003984442803933024 0.9999696740064387 -0.0066914335533522 -0.2199034257021399 0.06263052900689851 0.006927893763898186 0.99801273595296 20.92988041227812
0.9979886611102309 0.0033608697270718713 -0.06330352952313965 -1.063176203664264 -0.003687056048109082 0.9999805188443958 -0.005036620830574527 -0.23197059279467963 0.06328536887075457 0.0052598941406199005 0.9979816108528867 21.85659941062086
0.9979761304158249 0.0053379356623746155 -0.0633652078282834 -1.1206714696853017 -0.005463922666288385 0.9999834252565813 -0.0018151477107908815 -0.24355158831326534 0.06335446842452411 0.0021576966838552417 0.9979887552851823 22.790907512123507
0.9980215277895969 0.00544952347397308 -0.06263651301298932 -1.1883288187448542 -0.005341121596406526 0.9999839349550698 0.001897959922404957 -0.24828313108868078 0.06264584973174334 -0.0015596556290647617 0.9980346010964287 23.72578375622273
0.9981370242751423 0.0038890518827366023 -0.06088806160995714 -1.256359214594702 -0.0036106424754997393 0.9999825216794236 0.004681836880443435 -0.2525262406867885 0.06090520529543162 -0.004453269710487679 0.9981336204921704 24.66732792728539
0.9982424341977432 0.004135522864426724 -0.05911801770698017 -1.3194981164556134 -0.0038233909751334513 0.9999781540387461 0.005391950177142075 -0.2567844232450774 0.05913902475029738 -0.005156442174534613 0.9982364383530012 25.612091882995657
0.9983386706926163 0.004329584045503237 -0.05745566379125222 -1.3850935050692115 -0.004193201205516645 0.9999880983052597 0.002494055227938964 -0.2639607565727922 0.05746577819320418 -0.0022489886222213217 0.9983449435875494 26.559224349566442
0.9983763177909899 0.004806796996202614 -0.05675934087656716 -1.4419088069300057 -0.004940575932216469 0.9999853380140672 -0.002216859569144173 -0.2710687260808404 0.05674785267799172 0.002493683927165114 0.9983854279570135 27.51080754660819
0.9984613254083897 0.00415638711335406 -0.05529652891354185 -1.5026714239297778 -0.004453212417922269 0.9999763252327892 -0.005245748096065376 -0.2808612841120662 0.055273416421305906 0.005483923785981759 0.9984561963436489 28.46886769933639
0.998499134845867 0.0012885436172402824 -0.054752327506708956 -1.553536114139988 -0.001527110574104978 0.9999895217631246 -0.004315587706367021 -0.29058153501637757 0.05474619297585819 0.0043927234494513055 0.9984906400839957 29.437353817128724
0.998489527645805 -0.000764696152083097 -0.05493704052324373 -1.6081130312721996 0.0008036676190355369 0.9999994408715197 0.0006872954282851956 -0.302089976931141 0.05493648423421037 -0.000730408408095763 0.9984895839234089 30.412790754244266
0.9984311246275868 -0.004609620997212748 -0.05580359100590797 -1.6621425567919978 0.004847372072826349 0.9999797397976777 0.0041258911953732345 -0.31475766991154663 0.05578344161917748 -0.004389918954892992 0.9984332407590855 31.39204939390891
0.9983041669736124 -0.012163397748117089 -0.056928393252779735 -1.70747346611278 0.01238833899193699 0.9999167808950095 0.003600047441693041 -0.3290443081896721 0.05687986691389929 -0.00429919059622656 0.9983717732889261 32.37151508812277
0.9982015585837118 -0.014391165922514784 -0.05819400986733288 -1.7690761157430828 0.014404711574996079 0.9998962293226212 -0.00018673737028529914 -0.33767351788179467 0.05819065840398925 -0.0006518663934667619 0.9983052751261589 33.35011053168256
0.9981211052409668 -0.014352864011825549 -0.059567227291600466 -1.828585611925451 0.014140730331436195 0.9998920887566514 -0.003981279637812717 -0.35592133423366146 0.05961794208327515 0.0031314751346451304 0.9982163567309629 34.333974299978834
0.9980093818978236 -0.012732928504434093 -0.06176686956310264 -1.8918311291992296 0.012469786643077626 0.9999114655399405 -0.004643867229428424 -0.3737071890878895 0.06182053109607267 0.0038644033781947917 0.998079800577855 35.34519479381145
0.9979587609124002 -0.012853109223657788 -0.06255484874469694 -1.959357351536563 0.012670609034336248 0.9999142352508525 -0.0033132777429268527 -0.38858075986871393 0.0625920696645045 0.0025139065192438846 0.9980360279514597 36.40338655195768
0.9979129903839603 -0.009750042973654558 -0.06383259578737376 -2.0318751772249666 0.009731727626178273 0.9999524668986679 -0.0005978467013847961 -0.4019961465968037 0.06383539065716001 -2.460244630450451e-05 0.997960441247231 37.44541394101232
0.9978267068609935 -0.009890880894617312 -0.06514624739824817 -2.099844311470918 0.009973389629711534 0.999949821355373 0.0009414194874759286 -0.42147357331726837 0.06513366697982867 -0.001589102415179116 0.997875282878214 38.48956412763144
0.9977821975495861 -0.007853701995176085 -0.06609845397655005 -2.163112960652077 0.008106076836477467 0.9999608407775565 0.0035508350796941463 -0.4385280368939371 0.06606797841193765 -0.004078759175659609 0.9978067878863861 39.52255058149763
0.9977928084398429 -0.008489369760019377 -0.06585925923367932 -2.241722808237095 0.008942421464985499 0.9999383180851316 0.006587345703731471 -0.44332733441771777 0.06579927449504187 -0.007161747423329597 0.9978071781911431 40.55743579181806
0.9977816707432627 -0.0026880703994336405 -0.06651700388856498 -2.3159067622542446 0.0032752978753703994 0.9999566094959275 0.008720753937392611 -0.4437763874568441 0.06649067568171695 -0.008919271435304653 0.9977471807248833 41.58052709132217
0.9977725592471757 -0.0028739796855943504 -0.06664578196786773 -2.388558601801827 0.0034307112081894773 0.9999601601911183 0.008240646282834139 -0.455784826215486 0.06661944336263825 -0.0084509331626498 0.9977426679734277 42.60273987447581
0.9977801707318339 -0.002395073607305964 -0.06655069133201014 -2.4517930212617873 0.002829044466033859 0.9999753420204598 0.0064274301609148765 -0.46219400820079237 0.06653365615808358 -0.0066014372283480765 0.9977623432585332 43.613262636634666
0.9977969731600489 -0.0005195723684508844 -0.06633950856917027 -2.534884641154241 0.0008060777566276634 0.9999904640950081 0.004292080812439848 -0.4697245468727955 0.06633664591532593 -0.004336100045453964 0.9977878770786411 44.61771744150707
0.9977157531180054 -0.0004392277519066156 -0.06755059629014247 -2.596343369851028 0.0007378502197210556 0.9999900660484697 0.004395836829363911 -0.483911705391961 0.06754799447226464 -0.004435637875107589 0.9977061659423665 45.61938948300079
0.9976219409490448 -0.002709396856326791 -0.06887032819535777 -2.6610256118889515 0.003107093695746636 0.9999791090312474 0.005668109899986596 -0.49521328857943103 0.06885353226833904 -0.005868617362496827 0.9976095180101414 46.61893120313364
0.9975714631104606 -0.0018689034234408962 -0.06962530565569855 -2.7314593343914804 0.002332660118753891 0.9999756305890051 0.006580039885280433 -0.5066219908872861 0.06961131146894131 -0.0067264721894433905 0.9975515123979612 47.61400447056444
0.9975527636509887 0.000880693718098484 -0.0699121456604661 -2.8048599049317313 -0.0006795694413191818 0.9999955624975793 0.0029005465906018703 -0.5173162476267809 0.06991438991831182 -0.0028459381097853437 0.9975489355007235 48.600255497986744
0.9974875207705198 0.0008675329367004251 -0.0708370898166071 -2.878082798925425 -0.0009616574520275591 0.9999986995425488 -0.001294653681853174 -0.5245344734405256 0.07083587454127514 0.001359521906670332 0.9974870578499547 49.57803181989557
0.997463307861655 0.002088950531761084 -0.0711518499784895 -2.9572339763884736 -0.002276561863881015 0.99999414260457 -0.002555782195427985 -0.5391615381629224 0.07114609431139235 0.002711280551031234 0.9974622209497506 50.559222860838034
0.997463294280245 0.0005744889361193755 -0.07118038020454741 -3.0308763804623964 -0.0005003828718831659 0.9999993141425628 0.0010589293579937663 -0.5527504427584121 0.07118093972815451 -0.0010206257227659407 0.9974628976270504 51.53993249098839
0.9974349863399902 -0.001337244886637728 -0.07156577255264789 -3.0940724817059513 0.001645211980176285 0.9999896386928113 0.004244500507798898 -0.5660163264194613 0.07155935510109389 -0.004351354172390561 0.9974268516610041 52.516946870036215
0.9974251576112404 -0.0031543451920403834 -0.07164569122146798 -3.1650614606731122 0.0035155002528777903 0.9999817403249432 0.004915310231261853 -0.576868358679787 0.07162887840923166 -0.005154524527731074 0.9974180340532895 53.48688969091223
0.9974163366503652 -0.006560320012363702 -0.07153749774978839 -3.241083422454649 0.006845644777125838 0.9999695592779667 0.0037440172294183702 -0.5862813436253503 0.07151075814554761 -0.004224064247161713 0.9974308841973389 54.44927329714585
0.997363139543792 -0.00907649453602776 -0.0720026744384422 -3.3086354307414356 0.009276617050162903 0.9999539810122396 0.002445451671514857 -0.5984240273530392 0.07197716481951387 -0.0031069445940575587 0.9974014410656495 55.412681566490214
0.9972737764714512 -0.010367842844191448 -0.07305835063241169 -3.3795808737830444 0.010659459105641263 0.9999366959820385 0.0036027711694216922 -0.609441538850939 0.07301637277998288 -0.004371711710783311 0.9973211606312045 56.371005407564574
0.9971358654298402 -0.013151758393457419 -0.07447883675678645 -3.4451128267133964 0.013758805606368477 0.9998761294146666 0.00764336935066501 -0.6191764219061232 0.07436908727267051 -0.008646217549000239 0.9971933021136502 57.33306151084094
0.9970664070946434 -0.014080089476211062 -0.07523517078947135 -3.5141763298592523 0.015075038323344841 0.9998060502811649 0.012673004408050862 -0.6271876942196334 0.07504214191325245 -0.013770000055144421 0.9970852842337776 58.29458432796866
0.997072840832193 -0.011683659532981509 -0.07555952735914812 -3.593261618695786 0.012844033942398539 0.9998066494115703 0.0148894118250507 -0.6357146423169516 0.07537095506166148 -0.015816317280796136 0.997030121531324 59.24560137976338
0.9969804599367619 -0.010850611057071542 -0.07689100561165259 -3.672912740199401 0.011727862485068179 0.9998710865024909 0.010966659375571954 -0.640659217867668 0.07676209836771249 -0.011835312248379498 0.9969791901730795 60.185856062807964
0.9969013524791815 -0.009372958553676942 -0.07810147932741189 -3.757795188815225 0.009645148493357937 0.9999486526179275 0.003108574935952466 -0.6415101747423584 0.07806833247687676 -0.003852242923597614 0.9969405677816194 61.109294153238174
0.9968646054485244 -0.007365554419389979 -0.07878265679737655 -3.835704533456282 0.007251418978828812 0.9999722034282392 -0.0017347315832152454 -0.6523927401193038 0.0787932441694826 0.0011580064625579993 0.9968903067510895 62.023472647147535
0.9968156342880508 -0.002733283227719146 -0.07969391696803885 -3.922535639572941 0.0026747091145877377 0.999996068704641 -0.0008417282313870328 -0.663554334484272 0.07969590434937011 0.0006258898147767178 0.9968190262489356 62.93308215160953
0.9967475775597467 -0.00022065117382342406 -0.08058671070242726 -4.005504690328559 0.00033210084468999644 0.9999990069825541 0.0013695776484135575 -0.6739999668467511 0.08058632847950184 -0.0013918861180311649 0.996746661050454 63.83080907084752
0.9966617378008253 0.0022301235903478284 -0.08161131632691128 -4.081462180256327 -0.0020006042141427005 0.9999938111199755 0.0028940118391811123 -0.6866263791887286 0.0816172652483392 -0.0027210789254889576 0.9966600311755578 64.7134177631335
0.9965756429814436 0.002693878403435783 -0.08264218556687745 -4.162042539828558 -0.002496345792457915 0.9999937754610737 0.002493450779991013 -0.6924820314085 0.0826483882105827 -0.0022786088420926284 0.9965761646095785 65.58146630126213
0.9964341675928299 0.004815730359360197 -0.08423632467463574 -4.238431851720034 -0.004552304906976593 0.9999841301975451 0.0033190168865806493 -0.7060572824060669 0.08425097135118755 -0.0029237123944444313 0.9964402770523761 66.4360364130651
0.9963345436104792 0.005544128160627485 -0.08536240303223086 -4.318022075106414 -0.005228069289579168 0.9999786280200882 0.003925658488179138 -0.7188437790171414 0.08538234302244134 -0.0034649886004129884 0.9963422350548016 67.27834301867223
0.9961994334256413 0.005595413485007055 -0.08692168998796165 -4.3920092667790005 -0.005222731379315222 0.9999761714113476 0.00451438660761001 -0.7341614240843641 0.0869448786264667 -0.004043260742922065 0.9962049187407147 68.10667894500622
0.9961085962643564 0.005733250084552994 -0.08794767928559478 -4.471410380526714 -0.005272313987249251 0.999971127206534 0.005472427113632048 -0.7409895963199363 0.0879765147836269 -0.004987443910675381 0.9961100633211996 68.92240668044815
0.9959696922962571 0.008285316455071919 -0.08930691775298744 -4.550013999133732 -0.00759552904510624 0.9999386632682893 0.008060870905304518 -0.7432246457307553 0.08936822682488729 -0.007350049827474144 0.9959715341322307 69.72612521097564
0.9958633912863205 0.01009634348163737 -0.09030044154936419 -4.6285985838893495 -0.009040101837364653 0.9998859468539781 0.012098340493395612 -0.7494186889697981 0.09041229150109745 -0.011231969205124212 0.995841081906795 70.51924702677877
0.9956689389173841 0.013338335521108287 -0.09200789575170915 -4.698376445079849 -0.012109479388151573 0.9998300417274938 0.013901372887101287 -0.7553467122338543 0.09217767942446249 -0.01272699747484236 0.9956612370436024 71.29550425050294
0.9955191442574107 0.016103166276953573 -0.09317897537991049 -4.787447077945926 -0.015259491844926304 0.9998359336618438 0.009759798521692559 -0.764096768823418 0.09332085150505115 -0.008294202457511633 0.9956015392113283 72.0468318928926
0.995393184254657 0.01596248250167776 -0.09453892262850574 -4.857664304556995 -0.01578994914460259 0.9998720208555593 0.0025728226194688163 -0.7755541607500398 0.09456789225411459 -0.0010682053192256988 0.9955178414734768 72.77737200864593
0.9952960828796311 0.014919303026930522 -0.0957241965317715 -4.93984050021347 -0.015311423122705902 0.9998771174003733 -0.0033630969474382874 -0.7792573358295813 0.09566225863118673 0.00481295089430893 0.9954022140709097 73.48862818748422
0.995272473934093 0.015601040845821713 -0.09586088959339589 -5.016860572553425 -0.016104588027449754 0.9998602698277407 -0.004481413221749777 -0.7856590171527502 0.09577758022406059 0.006004027358778486 0.9953846526754865 74.18263084600132
0.9951948566833537 0.01837304750380257 -0.09617498820598845 -5.097528408421623 -0.018559420051544224 0.999827214504739 -0.001043581834579766 -0.7943109083077387 0.0961391967843987 0.002823519278869353 0.9953638945534105 74.85778643742967
0.9951045167326996 0.01840049576679353 -0.0971000645402292 -5.177656395478107 -0.018355296446750914 0.9998306040183571 0.0013588085367962875 -0.8132091102171713 0.09710861893020802 0.0004301439572937573 0.9952736965808169 75.51246905206608
0.9950669075140878 0.015465728762349874 -0.09799316713016017 -5.242642837172421 -0.015726463589426122 0.9998745474145543 -0.001888855608949031 -0.826780571729419 0.09795166110546838 0.003420623684422715 0.9951852950181135 76.14290595627017
0.995208167036419 0.007323684426279705 -0.09750419432227253 -5.304626423697732 -0.008069761432860024 0.9999410869875319 -0.007259580195192704 -0.8357294168279199 0.09744528318203984 0.008011629086395737 0.9952086367113956 76.7539121112328
0.9953325960350575 0.0034509393953335516 -0.09644228474794156 -5.360328086032668 -0.004637598417831989 0.9999162445930467 -0.012082900308038354 -0.8459910733898858 0.09639250982845202 0.012473765118391912 0.9952652356195024 77.34797737258421
0.9956395327124159 0.005952373905300705 -0.09309398554736883 -5.42572360212115 -0.0071527174117468496 0.9998954674104471 -0.012565543588400301 -0.852843138066689 0.09300945937822618 0.013176626917986054 0.9955780315822738 77.92868149263019
0.9959586778478988 0.010895959980271555 -0.08914925729120678 -5.486243747916459 -0.011796244426267128 0.9998845487754506 -0.009577981914279781 -0.8655785276979914 0.08903460359265496 0.010590900633224574 0.9959722246061266 78.49792650193588
0.9963907779983545 0.009482534327638561 -0.08435341761042706 -5.532908964732662 -0.010060164932431786 0.9999287516988465 -0.006425309916234436 -0.8811253097929153 0.08428647935087928 0.007250728840092721 0.9964151827074506 79.05277207029052
0.9968787566793466 0.005793534895838472 -0.07873486797379539 -5.564618513013683 -0.005984353583033164 0.9999797002732188 -0.002187819388713634 -0.8930667539651922 0.07872059446951292 0.0026521679613285857 0.9968931908742642 79.59579568867844
0.9975053443696249 0.001446377904715193 -0.07057617122650453 -5.592386768912154 -0.0013587344829496103 0.9999982451027566 0.0012898185969412827 -0.9073364711325658 0.07057791293769576 -0.001190706666196137 0.9975055590937801 80.12685865918131
0.9981682365441258 0.005173088031742674 -0.06027777960912505 -5.608403573945495 -0.005101251113104927 0.9999860832147244 0.0013455905605079918 -0.921968025284559 0.0602839015946334 -0.0010356336665660075 0.9981807344721887 80.63904197572046
0.9989286899047594 0.010421311374435055 -0.04508734583448581 -5.6340462878747255 -0.010396649034446634 0.9999456480275118 0.0007814599767244207 -0.9278769703034175 0.045093039086049426 -0.00031186548022632456 0.9989827428769263 81.14037530161198
0.9995123210822935 0.015813597380718584 -0.026926755143667873 -5.648410951379042 -0.015789225954051727 0.9998747179338179 0.0011174884971166107 -0.9300992493390405 0.026941053217318774 -0.0006917909003628796 0.999636784575724 81.6282556769471
0.9998856947279303 0.014282249971088904 -0.004961331898565059 -5.634932910405404 -0.01427458414420211 0.9998968691739238 0.001577106114468786 -0.935730628752494 0.004983344856065599 -0.0015061048932717915 0.9999864488692317 82.10266727004182
0.9997187849621063 0.010978000125079603 0.021019859826927237 -5.598430099456926 -0.011031958228302725 0.9999361378754297 0.0024527675021685062 -0.9424717318312716 -0.020991590972075015 -0.002683967962637757 0.9997760496353357 82.56144699792942
0.9986748839102096 0.010097631009634084 0.050462997284373784 -5.553614820424469 -0.010304216983496876 0.999939554866816 0.0038353259459802114 -0.9479657134836138 -0.05042121933557797 -0.004350225367515283 0.9987185670547865 83.01423267091356
0.9964309254625524 0.009819083343345142 0.08383911011060342 -5.50553184729136 -0.010299612189049316 0.9999329066685656 0.005300957471062028 -0.9553872527657831 -0.08378143452219379 -0.006145548279142067 0.996465204342707 83.46177078281302
0.9925694536721017 0.009880830350400325 0.12127756935498239 -5.430330673327189 -0.010668842108501468 0.999925974199286 0.0058499512539773365 -0.9625263680668433 -0.12121078930990362 -0.007100374158919732 0.9926013949424383 83.89292562036111
0.9865710636623249 0.010051551771034138 0.16302301264294983 -5.337934481052749 -0.011135507763956939 0.9999215425571485 0.005736653813226107 -0.9678747478097578 -0.16295256000145578 -0.007474960677366108 0.9866055889522644 84.3217588697835
0.9783031605628811 0.009784764891375763 0.20694729862624095 -5.210084396473147 -0.01117190040399534 0.9999222719078937 0.0055352311533303404 -0.9734225334032062 -0.20687705207209742 -0.007727128740877317 0.9783364333435515 84.73423894110903
0.9666164166542515 0.011849470097731015 0.2559536932980221 -5.080309180541152 -0.01323465817946324 0.9999056091597985 0.0036900668891093925 -0.9865778306670822 -0.25588580827659796 -0.0069543388741357985 0.9666820006048816 85.12625560339306
0.9514000773248927 0.01277591037285656 0.30769249093914053 -4.910888401198064 -0.013640756245347456 0.999906742691926 0.000660066874322806 -0.9940504413121543 -0.30765536341049454 -0.004825145942694799 0.9514856253939882 85.50682289457257
0.9312841028301939 0.013161212986743505 0.3640559054437641 -4.743021160348144 -0.013574360425382204 0.9999068502004096 -0.0014239597391328283 -1.0020773419603368 -0.3640407347465435 -0.0036157150073577674 0.9313760089513703 85.86643898059923
0.9073244719556177 0.013592578393530614 0.4202113092279593 -4.533254616220392 -0.013418964832421472 0.999904284183701 -0.003369548027223442 -1.0091803588581028 -0.4202168892051893 -0.002581527396186053 0.9074200249845807 86.21072571687576
0.8781681208880258 0.013989685271750691 0.4781475087899041 -4.313607833296372 -0.012842540332784945 0.9999014635633291 -0.005668537881547683 -1.0131176982874002 -0.4781796948990986 -0.0011626994070335532 0.8782612524279405 86.5412409457808
0.8447386221391342 0.012772581076743896 0.5350266548865722 -4.077586822646156 -0.010032437027076528 0.9999174241102824 -0.00803088836659541 -1.0182650770106214 -0.5350850497573028 0.0014163803503941808 0.8447970072111576 86.83720928670098
0.8078378404254662 0.012015689639720939 0.5892823150063142 -3.8184689462486134 -0.00877106927914158 0.9999265468657247 -0.00836476042034201 -1.0375401414595817 -0.5893395387384253 0.0015887339837523033 0.8078838926503672 87.12439811939882
0.7683387665434493 0.010342160400953038 0.6399598265084551 -3.546462669846644 -0.007998531133645684 0.9999465151506981 -0.006556701737936655 -1.0558720619491533 -0.6399934088146497 -8.097047069071306e-05 0.768380394152264 87.37981081288449
0.7253142246122455 0.010072384249867653 0.6883442617256716 -3.256780453136981 -0.009812494760766998 0.9999426433822729 -0.004292422654399235 -1.0667420758779522 -0.6883480155573249 -0.0036410192525034453 0.7253714582592127 87.63796374351116
0.6804718735874444 0.009191004906066717 0.732716558216893 -2.946011293069313 -0.008694731410280836 0.9999522165350961 -0.004468365725049698 -1.0689050726094043 -0.7327226152522498 -0.003330176476762681 0.6805192716026037 87.86274163076148
0.6339275707139642 0.0078108479117483635 0.7733529761652123 -2.629265750131288 -0.005658292455424056 0.9999690774539721 -0.005461489022427532 -1.0793563897493292 -0.7733717209823368 -0.0009136688419467747 0.6339521641212902 88.0651442809604
0.5871242675124431 0.00511348568719638 0.8094806648475946 -2.2969225474729624 -3.223674793861441e-05 0.9999801952841041 -0.006293488727125571 -1.0898111194060822 -0.8094968149775327 0.003668964934857666 0.5871128045252788 88.24979832323235
0.5405546055480844 0.007005471782011685 0.8412797642793187 -1.9664657396318599 -0.0016301499840085836 0.9999721753952179 -0.007279494926618187 -1.0994227852928367 -0.8413073522986622 0.002563552314360823 0.5405509847995354 88.41815554459633
0.4933218637127538 0.009658746056136824 0.8697932210632582 -1.622138098290678 -0.005388199057673549 0.9999530966560127 -0.008048092877642604 -1.110142373551869 -0.8698301593379542 -0.0007163188363717723 0.4933507685140819 88.57918685844814
0.44756619354296584 0.01190729449934956 0.8941715264618786 -1.27059414976359 -0.005812881925278491 0.9999289596755901 -0.010406056208579527 -1.1160625778570907 -0.8942319122024128 -0.0005403145372007208 0.4476036139923562 88.72631335612216
0.4053510615221767 0.009256481877587382 0.9141142349105468 -0.9119599697226193 0.0016726670616009848 0.9999395503263264 -0.010867284761453868 -1.1224863151881783 -0.9141595698277989 0.005934074185194677 0.40531107517044185 88.8406674099374
0.3660349587554708 0.001818262842082744 0.9305993245694506 -0.5344000389050226 0.01718699605867043 0.999814322030438 -0.008713703535028284 -1.1224974657982516 -0.9304423765797434 0.019183727037628107 0.36593574365124015 88.93185193144113
0.3307962737044384 -0.001968651489813864 0.9437001376044033 -0.16009143970401118 0.02140136748677699 0.9997562931274251 -0.0054162553307070685 -1.1272567695883577 -0.9434594886760932 0.02198815052302367 0.33075778821310164 89.02436291326724
0.29781886020729725 0.002253878048367463 0.9546197392357699 0.21346831309621067 0.018971978147170686 0.9997857354484128 -0.008279326002826333 -1.1323299155594395 -0.9544338586565393 0.020576764265085312 0.29771228765768093 89.12021487857619
0.2662442537794805 0.010195266372132143 0.9638516762827198 0.586485636176053 0.008234576508498796 0.9998835145958401 -0.012851030666745545 -1.144466296301225 -0.9638704213114616 0.011358423441359908 0.26612928650900813 89.22843376127835
0.23791662792728754 0.014615758319455734 0.9711756060386073 0.9704626844006106 0.0032282212902848585 0.9998693528353305 -0.015838429466326333 -1.1619509866184912 -0.9712802153565214 0.00690339549831184 0.23783836189224086 89.3134304327671
0.2121258553690606 0.016385562174181068 0.9771049763644543 1.368445982096787 0.004411264146258771 0.9998331797815602 -0.017724371823221542 -1.1772884815350169 -0.977232399295366 0.008070065683247848 0.2120181874445962 89.38222310478875
0.18879975437391444 0.017921458696235425 0.9818520632287477 1.7762094507379007 0.012021084086546781 0.9997163691162032 -0.020559057821332487 -1.1842417958425524 -0.9819420279658748 0.01568447127944906 0.18853076957078 89.43603151491614
0.16868376144186964 0.02424304509157034 0.9853720431342218 2.197939356897814 0.018686485137843458 0.9994391628532122 -0.02778803750654079 -1.1856479079017648 -0.9854930765353032 0.023100530728965278 0.16813614002059368 89.48131568979383
0.14912092951622122 0.03081154574748885 0.9883388068010224 2.6247258348632094 0.020936781337867798 0.9991919507732937 -0.034308842840753785 -1.188138477585681 -0.9885972888731942 0.025808800020761465 0.14835533786844324 89.53016097922539
0.1315002017339925 0.0314874298784403 0.9908159459271786 3.0715453139958675 0.018210480197278958 0.9992500336459469 -0.034172337783065034 -1.2037560246333467 -0.9911488663944004 0.022536903474650427 0.13082817978887648 89.58448582009048
0.11582928461910263 0.027178514241843626 0.992897227908424 3.5366609200951715 0.016147642573279657 0.9994419410168592 -0.02924141200044525 -1.2244175828476769 -0.9931378708235598 0.01941996138152955 0.11532577611266034 89.63599414850675
0.10147655630781896 0.023771318257809357 0.9945538863974099 4.010009934217314 0.0166592078799451 0.9995336995722465 -0.025590119425907443 -1.2466567918437823 -0.9946984363678872 0.019165277136148778 0.10103322641376875 89.67526904912448
0.08830009608906597 0.021263827930591544 0.9958669301931862 4.496358060273591 0.01929825369811294 0.9995479537860514 -0.023053535223950167 -1.264083800232237 -0.9959069587239894 0.02125412204389662 0.08784982561894032 89.70933299355539
0.07669606522020825 0.020568895039762676 0.9968423316335343 4.993743315137135 0.022964646594147188 0.9994855171234185 -0.022390311908045326 -1.27630655837108 -0.9967900172988011 0.024609380678450154 0.07618424900253132 89.73583086965027
0.06651991274624226 0.021198477298824205 0.9975598858055811 5.508037804844793 0.025955479902132622 0.9993992036640265 -0.02296834296941323 -1.2903996742628867 -0.9974474493783034 0.027419997737451726 0.06592973117490991 89.76117466612988
0.05859000856944701 0.02176037423335309 0.998044937369584 6.037861040881885 0.027901026324408867 0.9993361467326174 -0.023426450086389196 -1.3064566388863148 -0.9978921502977552 0.02921903398180514 0.05794397662650875 89.78580772277394
0.05296830149644295 0.022076515654262434 0.998352135517899 6.583221778023342 0.029912190192776775 0.9992719025858289 -0.023683867512923652 -1.321363685431718 -0.9981480951814987 0.031117393192002712 0.052269378478046566 89.81360001632794
0.047393413470853456 0.02309055701357591 0.9986093783539106 7.146714144972314 0.031418335609047957 0.999203660308775 -0.024595394144109772 -1.3383508562551945 -0.9983820674206538 0.03254030427561643 0.04663020534495192 89.83533242022018
0.041531324005821324 0.023859273864994503 0.9988522834618534 7.730362739371046 0.03198131717307646 0.9991708186913653 -0.02519663524168827 -1.3535223467525752 -0.9986252272390276 0.03299106130852436 0.040733836003237496 89.8575402165728
0.03700345044803167 0.024008276720035072 0.9990266999954877 8.333104100172994 0.03448272566351064 0.9990853386329606 -0.025286908855735958 -1.3698859074690657 -0.9987200239735639 0.03538486650529398 0.03614173400166941 89.8791316894153
0.03382011537311989 0.02400312975108643 0.9991396546821175 8.952060080855345 0.035671361821699304 0.9990455918671763 -0.02520831839987167 -1.3878187143229332 -0.9987911462072214 0.03649322036921963 0.03293161285375089 89.89971441364344
0.030787273049563614 0.023625981914316564 0.9992466946639132 9.591380149436748 0.036534384501645464 0.9990259527161923 -0.02474640476091061 -1.4056092938461564 -0.9988580392464479 0.037268737275219004 0.02989412408238762 89.91918790290677
0.028400467525814974 0.023128586322143395 0.9993290158596688 10.245934097879532 0.0386137234712011 0.998960707763414 -0.02421744628380566 -1.4236283009051987 -0.9988505362685678 0.039275601071894296 0.027477870303877282 89.93670800888107
0.02766994933269443 0.022854294705238348 0.9993558200748381 10.919526943986456 0.04302803853113826 0.9987847729546591 -0.02403258650402744 -1.4421518624626035 -0.9986906236688566 0.043665301183397565 0.026652948588743494 89.95200690705327
0.028390807748871573 0.02247664465745323 0.9993441661811556 11.60503170936567 0.04640204526719116 0.998639778193957 -0.02377905809207547 -1.4667131940583478 -0.9985193098935989 0.04704671990338287 0.02730922767023103 89.97827855714412
0.03074977113293435 0.022419114348534632 0.9992756551057869 12.311922154579944 0.04800199764876913 0.9985617374117993 -0.02388021773051531 -1.4859924432947473 -0.998373807647717 0.048701538876678316 0.029629382613272633 90.00195633216923
0.03464151485651669 0.02226618768846649 0.9991517313873143 13.034635839577234 0.05064398330965344 0.9984282156988203 -0.024005937828002446 -1.5091792972572606 -0.9981158010987392 0.05143262566010395 0.033459417429632196 90.02550304471546
0.038756311490506255 0.02182038276584241 0.999010419973487 13.772935221581898 0.05075861002747952 0.9984278772889452 -0.02377682401772399 -1.5297654051420944 -0.9979586724046892 0.05162988231870873 0.03758780951355395 90.05913150438352
0.0425254680191308 0.020384447247875376 0.9988874105123923 14.531011148929188 0.052061759184534796 0.9983883184714553 -0.022590678837790545 -1.5489829130211052 -0.9977380206248361 0.05296451500900673 0.04139568032410327 90.10050393175898
0.04620390478817606 0.01883305785813708 0.9987544818993491 15.301327285477585 0.05171482380615712 0.9984364332359733 -0.021219467140491433 -1.570928302182708 -0.9975924900384042 0.05263083429644976 0.045157713629416674 90.14756303781765
0.04988172098407577 0.016819846739814726 0.9986134921316235 16.087006419019765 0.048301913223875045 0.9986475910762093 -0.019233148899700177 -1.596002838585106 -0.9975864569502637 0.04919432480819262 0.049001829721817845 90.20497121513147
0.05362740487394514 0.015674845200586495 0.9984379803845723 16.88018506692666 0.04741641426804091 0.9987089167362379 -0.018225896123161733 -1.6202310700600469 -0.9974346019185658 0.04831975640944834 0.05281492247541536 90.26146484377534
0.05745454802843428 0.016796182814630946 0.9982068238364763 17.681208604025382 0.044311394192994305 0.9988302166031723 -0.019357136801017968 -1.641274367248332 -0.99736426407583 0.04534409160318206 0.05664307637444205 90.32135304170141
0.060780651878788026 0.020717904519629248 0.9979361105749733 18.485012781129107 0.04174279022559471 0.9988571508135514 -0.023279427244164853 -1.674901533161796 -0.9972779210537913 0.043071576485542246 0.05984636561796016 90.36220768397322
0.06193681464179442 0.02588270767252535 0.9977444143845492 19.292761587521248 0.035757058174519914 0.9989644180480199 -0.028134041030134213 -1.7036866098657928 -0.9974393534359534 0.03741893795285878 0.06094718451042803 90.42485173955457
0.062007898643410456 0.02909031737258863 0.9976516295486071 20.106487930527493 0.0334054387684989 0.9989546287679127 -0.031204588185813956 -1.7276678591166077 -0.9975164646092379 0.03526192136461455 0.06097130255426057 90.47809645234163
0.06233361990480093 0.028512050749947893 0.9976480255037828 20.924016862043434 0.03088533204388428 0.9990580258508914 -0.03048208075999931 -1.7651017361979238 -0.997577373487442 0.03271274896661121 0.06139429909156637 90.52893379220475
0.06224997277735087 0.026771928020545597 0.9977014607382722 21.741589412229 0.028513402134696407 0.9991844443325022 -0.028590769535894105 -1.7980443096115866 -0.9976532096815631 0.030227637585697395 0.061435845709680116 90.58945639041795
0.06218645191617952 0.02560575347099339 0.9977360325192529 22.55832573335414 0.029387683305636274 0.9991904236223349 -0.027474741333585725 -1.8317350751058727 -0.9976318004494469 0.031029707227148415 0.06138361345988997 90.64241057481335
0.06245187061159641 0.024883808095702037 0.9977377210227991 23.37443535002283 0.026689393846796892 0.999289989482491 -0.026593103921400133 -1.8671710585295183 -0.9976910544418064 0.028289804077443165 0.0617433953719501 90.70701784465678
0.06282719854172894 0.0252767844740396 0.9977042784763688 24.189702272545652 0.0255597657419201 0.9993105792382554 -0.026927023558531143 -1.897475197514335 -0.9976970690037216 0.02719283709281713 0.06213781547678688 90.75805857690133
0.06248008913424176 0.025799827002905205 0.9977126877956388 25.000322325937752 0.022130828281943748 0.9993842155716042 -0.027228957120786112 -1.9343373550883693 -0.9978008142416664 0.02378147583626108 0.06187064332716327 90.82404088480415
0.061206644750258186 0.027168642652792587 0.9977552863777875 25.81030338309824 0.019432164531810067 0.9994075784654678 -0.02840568758892705 -1.9665900409358192 -0.9979359386353539 0.0211271617165188 0.06064243908171695 90.88220356387642
0.058208539398698245 0.026666011168510827 0.9979482400352392 26.62085257895123 0.01594477735780476 0.9994908433134306 -0.02763726121775742 -2.002584704404493 -0.9981771035322744 0.017520787110441013 0.05775371852054562 90.94218973620478
0.05413396075960849 0.025261931487317913 0.9982140797995225 27.430102761598505 0.01332413280662172 0.9995726510695397 -0.026018891574481555 -2.037555423885616 -0.9984447815364801 0.014708842624190116 0.05377423333928778 90.99668379241672
0.04908872946854221 0.022823100769101847 0.9985336262292062 28.241597553289033 0.011468172665484097 0.9996601070509756 -0.023412633054566187 -2.070610622856524 -0.9987285805737611 0.01260065244805042 0.04881030529513778 91.04762476413643
0.04285852013067701 0.020797651304496644 0.9988646579754563 29.053089991517954 0.009169841885472546 0.9997330066141892 -0.021209184000102903 -2.1022190095826567 -0.9990390689317433 0.010068425218045265 0.04265636601522535 91.0882420017073
0.03571234093622388 0.021111633478899747 0.9991390932381277 29.860117671165966 0.009041193085144334 0.9997290992269345 -0.021447260582655506 -2.1310536966549165 -0.9993212123899166 0.009799341342957844 0.03551179208083106 91.11494872736677
