1.0 0.0 0.0 0.0 0.0 1.0 0.0 0.0 0.0 0.0 1.0 0.0
0.9990472026224662 -0.0007320816761249953 0.04363657856253831 0.031151009179940025 0.0008383372341092083 0.999996728222767 -0.002416761147372767 -0.02804560377730192 -0.043634666526822484 0.002451040632267533 0.9990445476939014 1.0014683311151347
0.996043972584311 -0.004891087746950571 0.08872700794637382 0.13130408160563556 0.005556412888218068 0.9999582583636005 -0.0072531238959856375 -0.046156265034977495 -0.08868782867045452 0.007717434229489985 0.996029572981964 1.9960708721334464
0.990999889038734 -0.004425608944839524 0.1337895134555923 0.28885033393660187 0.00597424676193049 0.999919700084992 -0.011175945488747379 -0.07111414660837825 -0.1337293098047108 0.011874652306793916 0.9909467515117795 2.9847689692784845
0.9838045684822765 -0.002065003435314211 0.17923254948310552 0.49832055928981667 0.004530743846507726 0.9999006338680181 -0.013348960653670024 -0.10967624600995277 -0.17918717418833038 0.01394482524623519 0.9837161676292877 3.9553697790976248
0.9743664008843934 -0.004575875242487669 0.22492038189848126 0.7295359477986966 0.007757252031064992 0.9998819548205923 -0.013262784966880591 -0.14132156086544292 -0.22483314228227116 0.014667576143192976 0.9742868778453108 4.926276354187628
0.9628557298651156 -0.005484324981767027 0.2699606742572142 0.9958920673820437 0.009736725027329534 0.9998486860878396 -0.014415308327015843 -0.17185032720276155 -0.2698407672158851 0.016508395073874485 0.9627634357620917 5.881772677962365
0.9494947145695976 -0.008053540927976745 0.31367965742604326 1.3156478414565917 0.0141063079327001 0.9997554478316898 -0.01703104833430026 -0.20164419393331515 -0.3134657861408583 0.020595752216873077 0.949376119306629 6.819530321091415
0.9344239297031308 -0.010182261204717014 0.3560171922181813 1.6555893066559264 0.017986158834230607 0.9996649030403956 -0.01861665167602137 -0.23415492205506813 -0.3557083323293796 0.023799226583975267 0.9342939468526253 7.746306139801232
0.9172263940401513 -0.01003627050675915 0.3982398967336352 2.051800353973681 0.019287840384880257 0.9996289945842394 -0.019231546994200877 -0.2679559309394129 -0.3978991345672778 0.02532087006439412 0.9170796760640776 8.650030612376538
0.8977701046299605 -0.010581847480596847 0.44033721593411485 2.4852605069748663 0.02059775047380891 0.9996262833269198 -0.01797293402390052 -0.29030123858250073 -0.43998246772812283 0.025205518957287145 0.8976525552272245 9.534094241754069
0.8759778117121205 -0.010384223359416127 0.48223960983443365 2.957298942887071 0.021245652452179627 0.9996286019734013 -0.017066937879552404 -0.3145762362102191 -0.4818832800999909 0.025195754045574083 0.8758730948819863 10.394486110376942
0.8521408983014229 -0.010402838306305453 0.5232090121521389 3.475974443337299 0.022043093025791327 0.9996285687970498 -0.0160258071440525 -0.33903747376048593 -0.5228479621189132 0.025189390622540234 0.8520536973150018 11.225281583282214
0.8265070434411087 -0.010759628261746262 0.5628235403231695 4.010023435921018 0.023743148975630766 0.9995939015613734 -0.015757374084298423 -0.37925587884584705 -0.5624254350746936 0.026386783831693978 0.8264268676779943 12.041382456599571
0.7993879788166851 -0.012291894848922173 0.6006894111305758 4.599861419146813 0.027031724237816825 0.9995140841633461 -0.015520355789689792 -0.40325732191459623 -0.6002067520514123 0.028644456359494263 0.7993318146500635 12.816845325596582
0.7708541152390143 -0.011401087462403009 0.6369096860809632 5.224034213138008 0.027802296136518415 0.9994892327115557 -0.015757728998925358 -0.4412432215732719 -0.6364047182010939 0.029854461950282685 0.7707773645826954 13.554261068281745
0.740339845622325 -0.014614906703930543 0.672073892876332 5.874346621480484 0.032737784369036 0.9993612254244244 -0.014331035998831308 -0.47145579272826926 -0.6714351424065605 0.03261204716402671 0.7403453950159027 14.271255547850894
0.7086688051192368 -0.013858210096708883 0.7054051847440512 6.566653067422884 0.03321434345031607 0.999353870366501 -0.01373496169123385 -0.5045561644806743 -0.7047590595657764 0.03316310896780775 0.7086712045536715 14.942821569492228
0.6749967712345588 -0.012550662270584023 0.7377139280910255 7.301538886192646 0.03421353351283007 0.9993121834484323 -0.014303640658716804 -0.53788410338145 -0.7370269960778146 0.034894711463157 0.6749618997872516 15.560638347019582
0.6402141762344209 -0.013888693563795866 0.7680709034585109 8.065894068553229 0.03868728363944855 0.9991507501664875 -0.014180004455104518 -0.5809384077359647 -0.7672216776350121 0.03879281676853206 0.6402077902791253 16.133259042066374
0.60368874350097 -0.012025435396420057 0.797129405977315 8.818564544683946 0.038547652585634494 0.9991569963789503 -0.014120023623639524 -0.6146974813803018 -0.7962876235697482 0.03925156672696568 0.6036433840100639 16.716401594821736
0.5657785806393049 -0.010656601418029082 0.8244883471195887 9.587524922401865 0.04164139421154224 0.9990098459908716 -0.015662755230625117 -0.6310269715900318 -0.8235050649376071 0.043194495708513574 0.5656621284500092 17.277389856961015
0.5274755343004683 -0.00894485231529622 0.8495231311338695 10.409516262792186 0.04629919183228995 0.9987612348236149 -0.01823130958777423 -0.6531945453570157 -0.8483076950907096 0.048948804180143066 0.5272362554104392 17.75872760143563
0.4889531074744517 -0.007910488168150561 0.8722742016522209 11.241198179616825 0.04807471978651517 0.9986834929042355 -0.01789140346770926 -0.6772781289085673 -0.87098431674085 0.050682395144052345 0.4886896917410239 18.222415909408266
0.4504523641813553 -0.009495927296595524 0.8927499621776558 12.085664106821328 0.05324177869016393 0.9984495234623322 -0.016243832668122016 -0.7047600859646804 -0.8912115240532604 0.054848668740636826 0.45025952841893835 18.67938734574334
0.4138371988322055 -0.009989050895587152 0.9102961011258476 12.975533551418023 0.05719784857766197 0.9982494348342975 -0.015048985716421851 -0.7229274337058814 -0.9085522433964931 0.05829480864718215 0.4136841020682183 19.048762809944893
0.37884656047004084 -0.007515589855445952 0.9254289813535909 13.875947570715983 0.058602158073053294 0.9981550410727221 -0.015883987229089236 -0.7534389076414888 -0.9236022253595975 0.06024972937895829 0.37858803391095425 19.394832978467395
0.3456246404596669 -0.008128382723621413 0.9383376456806072 14.79476180099941 0.05934983092073201 0.9981497790326581 -0.013214241814683603 -0.7677406366051729 -0.93649410327925 0.060257348193848856 0.34546757664336447 19.726837000869285
0.312368314898489 -0.009533100348604912 0.9499132359564332 15.73331064323861 0.06177847001952205 0.9980367474026056 -0.010299100741101101 -0.784259532373075 -0.9479501339677766 0.06190129911214917 0.3123439973470003 20.032474637071743
0.27965115420383585 -0.009372884316743352 0.9600559259710071 16.68626118724388 0.06221252657384328 0.9980277599588206 -0.008378059971021385 -0.8081263405968924 -0.9580839386451281 0.06207043894773204 0.2796827258145821 20.3106348816417
0.2472152227217706 -0.0061440550024625335 0.9689411149511371 17.64645605131292 0.05938206531385779 0.9981963522223248 -0.008821152368339417 -0.8229720359149768 -0.967139288817121 0.05971844772071227 0.2471341802101493 20.562485378503037
0.21620242358586889 -0.004415203048283807 0.976338577552705 18.622730260944284 0.059189016417180884 0.9982098094271378 -0.008592828347188719 -0.8375738009415897 -0.9745528063533364 0.0596463104096136 0.2160767115710457 20.781263169530707
0.1859170127648677 -0.004123648485703606 0.9825567972833708 19.62244006339303 0.06134480666093986 0.9980890630992971 -0.007418680293645471 -0.849420608690925 -0.9806486012126466 0.06165401564159276 0.18581470150380014 20.95938992469316
0.15506070311320205 -0.004137244147723877 0.9878962807708622 20.632701060738487 0.06323760234500093 0.9979819564553939 -0.005746323965811673 -0.8599503642864528 -0.9858788891135135 0.06336322119594812 0.15500941326248047 21.144034551855547
0.12436136837505478 -0.004537498869687918 0.9922266178448813 21.66125156466455 0.06207759568550547 0.9980661437595102 -0.0032163325275750853 -0.8712353796359522 -0.9902932001027732 0.061995030325249466 0.1244025483870029 21.293029818153933
0.09510287673937357 -0.005043408193411417 0.9954546734380683 22.709339701205927 0.06278684119374668 0.9980265152495357 -0.0009420359757952439 -0.8922966547532305 -0.9934854077483006 0.062591044828019 0.09523185233171826 21.39007293391318
0.06778851437664693 -0.004569388578780136 0.9976892492187256 23.77070596721715 0.06578946798951579 0.997833521140527 9.994975736416281e-05 -0.8958440678536598 -0.995528233261249 0.06563066947939532 0.06794226963697035 21.468132603575633
0.04281981114488853 -0.004189742320398962 0.9990740262026663 24.848122526597653 0.06989838592026498 0.9975534097767417 0.001187555698821594 -0.9093072919484539 -0.9966346770102162 0.06978281093567926 0.04300790483919758 21.492855064900887
0.019906826571303014 -0.0038509501150548924 0.9997944230886031 25.94003456102808 0.07412508323264641 0.9972461469934835 0.002365236225964942 -0.9208773931809173 -0.9970502446173982 0.07406276047962787 0.02013745809490284 21.521933550689532
-0.00035404049773960975 -0.004016806314825411 0.9999918699281292 27.04404635802819 0.08012921001898214 0.996776329267154 0.004032259221824645 -0.926464355909045 -0.9967844222082628 0.08012998614580755 -3.103567094237946e-05 21.523077474319646
-0.01793409867904773 -0.00464942619465048 0.9998283607402983 28.159913654114224 0.08466418359139717 0.9963905499234027 0.006152076083809798 -0.9314633291525104 -0.9962481338107355 0.08475998383317022 -0.01747572657225819 21.495829611849867
-0.0335295425732097 -0.004346936852898304 0.999428273521832 29.2884690573635 0.08758130440464551 0.9961308398321217 0.0072708358620082415 -0.922089703991953 -0.9955929313196297 0.08777501965450278 -0.03301910100289659 21.451714804045217
-0.04774366949043882 -0.00491513979892085 0.998847527615875 30.422293834032637 0.09011884416872447 0.9958884495500239 0.009208147400108332 -0.9212835017046854 -0.994785974946009 0.09045461543562063 -0.047104422267055246 21.392491167017884
-0.06103727007044967 -0.005860710236350949 0.998118281436561 31.562951605440947 0.09043347360052313 0.9958375060773166 0.011377536739261934 -0.9184052107955463 -0.9940303006019942 0.09095775703718341 -0.06025319842028468 21.325949506682196
-0.07303150226744817 -0.005496772018521513 0.997314486595847 32.70837393118419 0.09038336835121986 0.9958334509489938 0.01210721671173212 -0.9139435302225535 -0.9932256774782092 0.09102485082873536 -0.07223039616088928 21.22930340928223
-0.0841768593843777 -0.002530360917073108 0.9964476170967612 33.86620301574437 0.09073672662427182 0.9958227403019446 0.010193936385776186 -0.9099279424012514 -0.992310990962861 0.09127248857763452 -0.08359563411536906 21.135998329142538
-0.09440099375807945 0.0008450671116612446 0.9955338960774089 35.040924724901124 0.09076213032450023 0.9958423571764136 0.007761143748322235 -0.9036661463762284 -0.9913882630314149 0.09108943690077605 -0.09408520823516309 21.024577096613456
-0.10368456840487988 0.00353117893867281 0.9946039619114728 36.2371499933781 0.09186634901923676 0.9957530184235661 0.006041541047821805 -0.8973491740696243 -0.9903585634468813 0.0919970492769187 -0.10356861846993314 20.891482879646915
-0.11134683252539726 0.004591005286443977 0.993771002574045 37.45895711517688 0.09145150988124752 0.9957935230178557 0.005646313498810474 -0.8946013579716723 -0.9895648054710728 0.09151055778513538 -0.11129830900266238 20.768866944742523
-0.11703852140047928 0.005433167060990588 0.99311251386944 38.70241097458141 0.09147881598010718 0.9957927423322464 0.005332967776158161 -0.8902019531311675 -0.9889052587256618 0.091472919567002 -0.11704312987365591 20.62366867423297
-0.122000914875376 0.007298392114250506 0.9925031537693569 39.962161170508345 0.09265657473563861 0.9956898174576879 0.004067747452147611 -0.8835725442639059 -0.988195595986863 0.09245821155323132 -0.12215131267631792 20.46813671404269
-0.12647653144644644 0.00911033346890565 0.991927763910943 41.24568803794206 0.09157961687520506 0.9957945407509964 0.002531083464096291 -0.8764457147681612 -0.9877331931074647 0.09116048724418326 -0.12677896039618064 20.29668364142856
-0.13038038187437945 0.009916447621449463 0.9914144542464892 42.549715044890775 0.09237233511996897 0.9957221314403034 0.002188301730251428 -0.8849944943848048 -0.9871516133435514 0.09186457982568427 -0.13073863716084577 20.11999938754214
-0.13349538465568841 0.009083781925659104 0.9910078037944803 43.87985034497397 0.09203846662869117 0.9957500798728854 0.0032709469242142653 -0.8806619114677073 -0.9867663872144564 0.09164749499614698 -0.1337640972931902 19.946337458341183
-0.13585454506320632 0.007242969805014288 0.9907023175374503 45.23124600384408 0.0921421826804444 0.995731457219645 0.005355676813017274 -0.8723888736204862 -0.9864346713070027 0.09201306696141323 -0.13594202717262074 19.754737355778797
-0.1380796234155235 0.00618895889542144 0.9904017944174073 46.60458712005198 0.0925665650238948 0.9956840675789234 0.006683457874982587 -0.8733424913181485 -0.9860859235569212 0.09260094144921191 -0.13805657175815744 19.58309572535349
-0.1399833542287646 0.007074503067454116 0.9901285835411556 47.99399281590225 0.09462178926677686 0.9954935813953338 0.006264694457455414 -0.8620710648359309 -0.985622330071118 0.09456469112221624 -0.1400219327753401 19.374897699251225
-0.14110159522654964 0.006933599560528178 0.9899708404905972 49.40583040672597 0.09447199320726732 0.9955063464056958 0.006492824148891263 -0.8569238547329829 -0.9854772358223051 0.09444066636315424 -0.14112256450658173 19.184899755870752
-0.14154657061505013 0.00839596376819314 0.9898959925868598 50.8395548994096 0.09718380810809718 0.9952515007740769 0.005455057154198287 -0.8593792255399804 -0.9851496717700966 0.09697400682322141 -0.14169038856578295 18.980467900038924
-0.1417860194232472 0.008761469901209459 0.9898585562297693 52.28932206274701 0.0970372178776882 0.9952677372868256 0.005090133841032085 -0.857333043554236 -0.9851296884383653 0.09677483020461328 -0.14196523939401345 18.7768210544854
-0.1409671933717039 0.010190240786451763 0.9899618221858968 53.761118713055225 0.09701220551794691 0.9952767918448199 0.0035692570131602014 -0.8586363390088981 -0.9852496548456389 0.0965415278923867 -0.14128995370781025 18.56526190979857
-0.13976157788773177 0.010196348988754005 0.9901326859636709 55.25811075913103 0.09757887407823355 0.9952215523101693 0.0035249327596949638 -0.8565168508860805 -0.9853654472732225 0.09710868284883514 -0.1400886827527782 18.362794709720635
-0.13858366877751035 0.009159560132741747 0.9903083707645525 56.77446735530672 0.09616303706600307 0.9953565195637174 0.004250795718998058 -0.8464493712155856 -0.9856709578000205 0.09582015143056706 -0.13882096934330665 18.158233202604126
-0.13746820585939318 0.010107495074747515 0.9904546082083296 58.31411243709757 0.09784036436408403 0.9951962326724166 0.0034236786840238682 -0.8487702119557259 -0.985662089906528 0.0973770867193207 -0.1377967615844256 17.963629107712013
-0.13660279534698563 0.010918795349778649 0.9905657253365381 59.8697756495805 0.09752551655256847 0.9952299375078281 0.0024789331008643607 -0.845654142048238 -0.985813597960865 0.09694406323377158 -0.1370160526331939 17.75902919706257
-0.13581292503546497 0.0116133429834913 0.9906664320840095 61.452317599440214 0.09837279836999407 0.995147968432617 0.0018202926387913226 -0.840785603178733 -0.9858385476000466 0.0977018484430163 -0.13629639348365066 17.535460192962525
-0.13462656993406197 0.011478465097722325 0.9908299205750661 63.053037116684045 0.09864664758146602 0.9951207577769604 0.0018751966151230224 -0.848033613746466 -0.9859738970118472 0.09799450127638631 -0.1351020063909677 17.320768924057393
-0.13346495117631862 0.010092429189848453 0.9910021441351947 64.67078312928984 0.1001501529249561 0.9949666779439982 0.0033550931717941847 -0.8386875259228811 -0.9859802501453122 0.09969680363046449 -0.1338039374206071 17.084361931188138
-0.13291380879625728 0.00825929275979858 0.9910931860901789 66.3070732695059 0.10160328109836457 0.9948106880057282 0.005335569286905699 -0.838184470216226 -0.9859060263033796 0.101407490417013 -0.1330632488180138 16.868034149615212
-0.13205770188973803 0.009184501505338285 0.9911994795719485 67.9537191762332 0.10383201306200514 0.994584129146304 0.004617695721753511 -0.8549200721194185 -0.9857888599670288 0.10352803959500792 -0.13229613971133738 16.6600642932045
-0.1315848864042857 0.011075984139961904 0.991243027841964 69.61748645537034 0.10593011806332459 0.9943691977961933 0.002951027150693922 -0.8598426926378746 -0.985628848886366 0.10539080154114644 -0.13201723824354628 16.448394321214444
-0.13130264080965384 0.010859603930775487 0.9912828483933734 71.29551734214023 0.10459959200117422 0.9945100118300504 0.002960020773542894 -0.85062107257901 -0.9858085726293926 0.10407644004412614 -0.13171770100537897 16.242532108474702
-0.13137270333064027 0.01067984798874961 0.9912755185449396 72.98648795574383 0.10485226056854086 0.994482720383728 0.0031815580845885177 -0.8520597417343565 -0.9857723957756517 0.10435544885206512 -0.1317676895965682 16.024021966262996
-0.13149899029431353 0.009537415679634988 0.9912704238772243 74.7005207148291 0.10426850902407961 0.9945400465557744 0.004263076674460784 -0.8506640163132574 -0.9858174747778988 0.10391887941558424 -0.13177546404220214 15.82186789666868
-0.13143609244247673 0.00983069376815683 0.9912759005763689 76.42676503583337 0.10600931955080771 0.9943562880226002 0.00419483471537513 -0.8522070295114712 -0.985640186767884 0.10563583639064578 -0.131736450150371 15.61739800549896
-0.1319874109478022 0.009853332460932927 0.991202418878562 78.17096485148821 0.10684604676985794 0.9942660883524397 0.004343712926835334 -0.8473229819785617 -0.9854761517362818 0.10647937542900848 -0.1322833964157969 15.419954935618865
-0.131879473996429 0.010841251348407648 0.9912064727430042 79.9247686548602 0.10680971384756022 0.994273883284016 0.0033361725261283693 -0.8465885988237303 -0.9854945405055419 0.10631045239543674 -0.1322822676901556 15.169995916976672
-0.13278754687174857 0.011560155452013755 0.9910771060829275 81.69371122809328 0.10593921518240218 0.9943692201790623 0.002595505156796952 -0.8474229775902117 -0.9854665646699138 0.10533858156633553 -0.13326452322832405 14.957352110473762
-0.13407621050913182 0.012389243687391721 0.9908935747174706 83.47737780681564 0.10612844018740052 0.9943505611890017 0.001927601230889873 -0.8651095872895002 -0.9852717005775117 0.10542043494489284 -0.13463360626949428 14.74534949692361
-0.13565420222040672 0.013210042986928763 0.9906681746095565 85.27252942726602 0.1047786019327484 0.9944949794488885 0.001086475021341946 -0.8580434378552732 -0.9852001735672631 0.10394821121710958 -0.1362915528849805 14.5082281161232
-0.13686262915340397 0.012265697256996692 0.9905140955140517 87.08853395012044 0.10329585799338037 0.9946487522892088 0.001955835097930853 -0.8636226292364948 -0.98518961954673 0.10258368408435421 -0.13739723904450227 14.266357156152933
-0.13817473846756548 0.012033071762658049 0.9903347650332068 88.91727993668279 0.10251464064150669 0.9947290257340403 0.002216712960295033 -0.8577670472970733 -0.9850880621059034 0.1018301062857164 -0.13867998900445938 14.035382714231595
-0.13847697480786705 0.011153085783701189 0.9903028507106123 90.75831463983155 0.09950787817707979 0.9950330890267404 0.0027081215994185785 -0.8505187790317909 -0.9853539007020566 0.09891794791342556 -0.13889899190361288 13.768352609863822
-0.1402481257390056 0.012222480791754519 0.9900409457138597 92.61324406128124 0.099452599856872 0.9950406652244 0.0018041428688483764 -0.8527099977213057 -0.9851089501209531 0.09871517367192079 -0.1407681458232559 13.518214125600469
-0.14289694151461632 0.013175702998883747 0.9896498698813919 94.48562331429967 0.09811790922047561 0.9951743731264576 0.0009181299272124921 -0.8531634160915287 -0.9848620918666594 0.0972335740515894 -0.14350014662425659 13.255490580998734
-0.147023217017404 0.01410366233936454 0.9890324870126729 96.3688308832042 0.09844593450181698 0.9951423020061009 0.00044355164404626265 -0.8545651125496292 -0.9842218101819928 0.09743143982623959 -0.14769747084993856 12.976957986227264
-0.1521768888451391 0.013054015491981024 0.988267062681415 98.26654536308266 0.09664876177544213 0.9953170379273623 0.0017351826342693769 -0.8702706621779537 -0.9836163944082519 0.095778842606473 -0.1527259046798425 12.719883491602744
-0.15715599149190643 0.012213624454424036 0.9874982641584158 100.16946573476616 0.09458982559265028 0.9955125578695928 0.00274080613891879 -0.8713198571335227 -0.9830334476672447 0.09383802268603811 -0.1576060476816376 12.426122503946871
-0.1610276631400063 0.012945524640812217 0.9868649882812973 102.0706336139504 0.09343005980395357 0.9956234485094315 0.002184651737789379 -0.8842061333034427 -0.9825176413829421 0.0925546442376603 -0.16153241842225258 12.08824351050195
-0.16564389842984753 0.01464290005169499 0.9860769160623529 103.98681250754836 0.09301601957739312 0.9956642580759089 0.0008398167218867496 -0.884190522414627 -0.9817892436846829 0.09186006024505096 -0.1662877335128334 11.753941915405456
-0.17079521791519378 0.016252541751097634 0.9851724967861885 105.9152697082292 0.09263265878040211 0.9957002841831751 -0.0003668852906303288 -0.9022983613321669 -0.9809424978379602 0.09119648548146854 -0.17156636316962923 11.441828015245163
-0.1755676157914333 0.016444075884674454 0.9843300283205896 107.85165190980057 0.0910289890476015 0.9958481625660334 -0.00040033339278501795 -0.9163248511425633 -0.9802498331743212 0.08953228178792709 -0.1763355751956019 11.090792003762335
-0.18061480680736228 0.01621970054746598 0.9834201609058518 109.80147198512279 0.08952767543646906 0.995984334758296 1.5716723876209256e-05 -0.940249776653059 -0.9794708198271569 0.08804615965630568 -0.1813416302918189 10.75122926235189
-0.1849008377573507 0.015563681596020836 0.9826339359150026 111.75503074991946 0.08785019939488083 0.9961334123645882 0.0007531514850179468 -0.9510873929314044 -0.9788227738783517 0.08646384554284738 -0.18555317499582952 10.372865053591063
-0.1921689392302415 0.015257438395930838 0.981243246788848 113.7363070072034 0.08739829333786847 0.9961721197271635 0.0016267144543558164 -0.9606229836442962 -0.9774623456260363 0.0860715891097781 -0.192766813615222 10.0911755100932
-0.19779760731295185 0.014920614786437055 0.9801293189144318 115.71504892365333 0.08687585269952068 0.9962163344031282 0.0023667036409248865 -0.9637889682351719 -0.9763855246566305 0.08561769865388533 -0.19834544844339091 9.742958238629928
-0.2034677453601274 0.016516247300265904 0.9789423324043071 117.69910702583788 0.08756000772994753 0.9961582740441145 0.0013921565214793919 -0.9746527887360082 -0.9751585110352056 0.08599945714110764 -0.20413224078287276 9.384583623634274
-0.20664782029744658 0.017161255828257817 0.978264877047476 119.67597791565068 0.08737440805820305 0.9961750597041986 0.0009814478146155069 -0.9967356908148359 -0.9745062294222618 0.08567812860777983 -0.20735685929208064 8.940970339724347
-0.21281574771948908 0.017288826758691662 0.9769393809197707 121.67418923700644 0.08800408013535904 0.9961189198989197 0.001542497629449466 -1.0112598629355936 -0.9731211329542306 0.08630291935221822 -0.21351128005133657 8.522467525427341
-0.21846568108200498 0.01729776103479895 0.9756913106370071 123.68131277498614 0.08660875070466832 0.9962408996503866 0.001730365615338876 -1.0126777034037011 -0.9719936576391605 0.08488143099034738 -0.21914258413708282 8.106685801898807
-0.2243714587409505 0.01826179130273786 0.9743325692395154 125.69451467202708 0.0862533654594046 0.9962725238522375 0.0011896066649048581 -1.0231540544690836 -0.9706790434790407 0.08430637695634907 -0.22511026043943325 7.69698763199986
-0.22954141000934306 0.018745141292747992 0.9731183693512517 127.71475418323216 0.08548225635563532 0.9963392195472461 0.000971308566873687 -1.0402826998993713 -0.9695377893301905 0.08340730945125573 -0.23030348627589248 7.250889528669355
-0.2353284571002976 0.01793605222739868 0.9717503873471269 129.75314694958047 0.08689357223191173 0.9962140613205097 0.0026553967822946943 -1.057592925905856 -0.9680237726334885 0.08506375290210215 -0.23599604564195353 6.864094391441137
-0.23999389443020408 0.01778694987671262 0.970611433607862 131.79168860797697 0.08886960010855291 0.9960363185208443 0.0037210702743996644 -1.0684292587060014 -0.9666980525545559 0.08715088411212148 -0.2406233541984349 6.406867120668553
-0.24356049057637721 0.01873001069823299 0.9697048386645497 133.82616683738777 0.09034745198944376 0.9959043079644799 0.0034564861931588773 -1.0780583214147013 -0.9656684862566504 0.08845222482805283 -0.2442551505572765 5.911226892308157
-0.2468900527674354 0.019236943326867952 0.9688525387570255 135.87237622005472 0.09009643088903624 0.9959279553025805 0.0031844917767471404 -1.0778110858970569 -0.964846068026165 0.0880763751425881 -0.2476178853721836 5.413619146860322
-0.24994305475274817 0.019303165976715733 0.9680681056434726 137.92279417291832 0.08962897687128121 0.9959698177636134 0.0032815558688087296 -1.0886271877704 -0.964103270342899 0.0875871559487356 -0.2506658617102449 4.899838146364928
-0.25371079275440567 0.019762183231849285 0.9670782231825115 139.98121207381547 0.08809842417006597 0.9961079592619634 0.002757018990861502 -1.0912232952402028 -0.9632598306265465 0.08589755298537698 -0.2544643572142119 4.354962216942339
-0.25539984620469763 0.019026812939808836 0.9666482808901964 141.9744626788054 0.08516673084311964 0.9963625212471283 0.0028903652986493494 -1.1208232156540792 -0.9630771238670938 0.08306447281129004 -0.2560912861470883 3.611243009974071
-0.2602629303446699 0.01835663633436336 0.9653632689256904 144.04709438185182 0.08377381205632159 0.9964781578660038 0.003637211779091889 -1.1295577990472283 -0.9618966449166764 0.08181879245296757 -0.26088413079292583 3.068762215687892
-0.26389881720995256 0.018156694018451932 0.9643794630421729 146.08846262705342 0.08244108851012509 0.9965887079735708 0.0037965859443465652 -1.1303858620334344 -0.9610207496201394 0.0805064072101556 -0.26449543889764654 2.3863887481827435
-0.26760646972386426 0.01851040066040453 0.9633504774635883 148.14867810814047 0.0816683043985663 0.9966532917573816 0.003536111683323146 -1.130523709071746 -0.9600609696360928 0.07962148640012384 -0.26822258198153465 1.7544503298363736
-0.2724649068179027 0.01794596849660751 0.9619983455117955 150.23378176862897 0.07987340295467056 0.996796880365942 0.0040272562824918414 -1.1295229827011157 -0.9588446767089827 0.0779353675005309 -0.27302557469842376 1.1687384204573108
-0.2768934086333321 0.01704239035046516 0.9607494976249316 152.33178082343105 0.07941819743087547 0.9968277901955517 0.005206400933657833 -1.1460685038341258 -0.9576130691319151 0.07774261138522345 -0.27736852056922556 0.5648220373565821
-0.280503312624104 0.01698712541417726 0.9597027295871721 154.41559142736045 0.0795707369278255 0.9968134185888835 0.0056130513897872545 -1.142694568566539 -0.9565492091009579 0.0779387329336615 -0.28096114406983086 -0.07796315355060845
-0.2842428479954679 0.01792900142099114 0.9585846620259856 156.51510448531653 0.08063071526738529 0.9967301301603225 0.0052664395994551985 -1.1420319982197051 -0.9553557929477877 0.07878831473404517 -0.28475903908826794 -0.7149002069087658
-0.2880346671891733 0.01914590228797394 0.9574285690968298 158.62992265293644 0.08093497393232263 0.996709595695575 0.004417221178052862 -1.1523372812495354 -0.9541936703268353 0.07876176911383426 -0.28863648978301837 -1.323310133288929
-0.29015946233728857 0.020622396778874747 0.9567560834231637 160.71749855571966 0.08059667332923226 0.9967424054705937 0.0029586119978579394 -1.1541892824754687 -0.9535783463692942 0.07796982677797543 -0.29087633703657584 -2.035636700659788
-0.2938917323859385 0.021878871953024053 0.9555882819484846 162.85174682166732 0.081841100885451 0.9966426164601507 0.0023514381387737403 -1.1717874161874169 -0.9523285587658548 0.0788974652161032 -0.2946956160878954 -2.6555987728662576
-0.29756225922263224 0.022617325578596387 0.9544344704954847 164.9822418315136 0.08126918229605853 0.9966907077340007 0.0017184660675111617 -1.1753510899906487 -0.9512371007773266 0.07807745961778562 -0.29841563029502965 -3.3071757027386317
-0.30103346833482636 0.022420677360992097 0.9533499694073425 167.11423448865784 0.08130739157406801 0.9966865690734398 0.0022340778936550667 -1.192075910306712 -0.9501410205952204 0.07818693148658562 -0.301858981524462 -3.9823236132391235
-0.30510099903076987 0.022305373807156588 0.9520587432977814 169.25568904339895 0.0802216715861182 0.9967742655370558 0.0023552008386772327 -1.1881250641732064 -0.948935120963681 0.07709431796432546 -0.30590619859568086 -4.657826232663647
-0.30862913453952984 0.023113066964307784 0.950901595039616 171.40396330001576 0.08274477967557631 0.9965672926358166 0.0026329992323782863 -1.205607005030353 -0.947576571444135 0.07949476324903913 -0.3094821866701828 -5.344320573914778
-0.3120611742882314 0.023445909010754083 0.9497726637740799 173.56230743737828 0.08528931375665133 0.9963503332955167 0.003427287678423889 -1.2276206904138998 -0.9462259542312134 0.0820749821356704 -0.3129219405005977 -6.023762338900507
-0.3147227804846884 0.023152527838093274 0.9489012234678037 175.72011573217418 0.08600981302941578 0.9962853598484156 0.004218271489188817 -1.2281370815409711 -0.9452787332351406 0.08294240294576634 -0.3155450431981943 -6.728883329331954
-0.3179321077595237 0.022811482808249642 0.9478390217266206 177.8959500201213 0.08565721386778602 0.9963133259814788 0.0047537547402606226 -1.2273733580178148 -0.9442362080369484 0.08270062106061299 -0.3187139637797404 -7.4132126211273714
-0.32022396996322217 0.023567313735059523 0.9470486739256374 180.06616910994666 0.08565782379178094 0.9963158877924385 0.004170006669050578 -1.2509408564660967 -0.9434613644894262 0.08245746452369845 -0.3210629537334901 -8.134559748722921
-0.3231764700580834 0.025597545792137782 0.9459924602501955 182.24507325731724 0.08538794855482117 0.9963453270307128 0.0022107794235949507 -1.2738089209613295 -0.9424785766490378 0.08149082741928676 -0.3241810876718811 -8.852852029360834
-0.32628163142028993 0.027534583974843253 0.9448714958570018 184.42972146641713 0.08513145731914584 0.9963696622266581 0.00036217268296481406 -1.289627225654778 -0.9414313209004855 0.08055645771548138 -0.3274411781494519 -9.58877375344519
-0.32951590540182896 0.02858288993093519 0.9437172704207605 186.62299839292763 0.0846022894468467 0.9964145948735021 -0.0006385479036881187 -1.312890368411536 -0.940351913225876 0.07963022997749897 -0.3307526353125029 -10.32897862061331
-0.3324741941158811 0.02914209179025574 0.9426620013202429 188.7967435100106 0.0826552099486584 0.996576826923911 -0.0016565948843935779 -1.330938540229336 -0.9394833827776513 0.07736515058058184 -0.3337448231213558 -11.137212751028041
-0.3360718665273295 0.02943346417979861 0.9413763178002806 190.98653028358765 0.08332570122846067 0.996521368803324 -0.00141033085964125 -1.3535200468265007 -0.9381431276962072 0.07796686927615382 -0.33735536049046677 -11.91738808105746
-0.33938474427426674 0.028641400784699143 0.9402115004162533 193.1947442308785 0.0830224714628084 0.9965475993307401 -0.00038923045174058056 -1.3737640748282072 -0.9369766617083362 0.07792658358498487 -0.34059093203530005 -12.699248970820834
-0.34294333926360554 0.028105789851534536 0.9389355306044983 195.40201894201138 0.08294611587218455 0.9965539249641883 0.00046529580695089403 -1.3902265277619859 -0.9356868108060763 0.07804062541581282 -0.3440927968851758 -13.503492186086234
-0.34685741721850116 0.028032811670077772 0.9374988499141652 197.62039134915915 0.08346338834577387 0.9965102562650678 0.001082573032311637 -1.4189199711187424 -0.9341968716102368 0.07862232907004028 -0.3479866871666917 -14.28615290711501
-0.35088642166446077 0.028154975857337446 0.9359946668790292 199.84972961920877 0.08271175531842147 0.996572980227797 0.001029860200051164 -1.4447060101200966 -0.9327579989598888 0.0777791258266562 -0.3520126744337271 -15.082521289709904
-0.3552209401567745 0.028773091501890054 0.9343394420014405 202.0634323258977 0.08188390416409178 0.9966417778192691 0.0004392540169304384 -1.4622766006323324 -0.9311890838669573 0.07666339355043852 -0.35638408238352526 -15.874973123768893
-0.35869929341065027 0.029499454440229143 0.9329869233244543 204.30369537126484 0.0822228049147209 0.9966139675255913 0.00010042337496121343 -1.4872434888302308 -0.9298248368691041 0.07674882357813272 -0.3599102538421439 -16.679497963263298
-0.361453812458219 0.030074115060100954 0.931904871251767 206.50280777036568 0.08307732541428178 0.9965431019610684 6.273611277359486e-05 -1.5138723561112042 -0.9286814843967918 0.07744284045127818 -0.36270278052616234 -17.546017740279524
-0.363987343943579 0.029799976433131994 0.9309270513061082 208.71847666442346 0.08432159164817703 0.9964380158928814 0.0010722244981815141 -1.5344670432305438 -0.9275791516796921 0.07888752682167946 -0.3652036082531795 -18.410749381258373
-0.36669066225517843 0.02932415848142125 0.9298806654319773 210.94072889373183 0.08561440860710534 0.9963255938755364 0.0023418000371164577 -1.552879380919077 -0.9263952349044735 0.08046989945261969 -0.36785386232629225 -19.27204773502019
-0.36932489851095024 0.030026503215774384 0.9288151207019141 213.16436463109417 0.08673947982776223 0.9962284096092975 0.002284409450502945 -1.5717233024139863 -0.9252434176902238 0.08140862971430858 -0.3705364395426619 -20.137979731694845
-0.3719099667706667 0.030819101644853717 0.927757058496699 215.38249820986115 0.08676455139130765 0.9962274159649744 0.0016876912080147227 -1.5962650033567807 -0.924205003902547 0.08112409416167708 -0.3731809106960595 -21.009565069112245
-0.3746523480681041 0.031056924582879508 0.9266450698743889 217.60523560103275 0.0863379475906311 0.9962647525991666 0.00151708086716303 -1.6206209490985426 -0.9231367054195676 0.08057301138702341 -0.37593431998572935 -21.897064734403735
-0.37754172765179694 0.032230530149106734 0.9254314868254729 219.84499105768018 0.08616563200083226 0.9962807222023217 0.0004543455910817286 -1.650459061064279 -0.9219749062439787 0.0799119233551946 -0.3789147090864641 -22.783572106363913
-0.3808036219939207 0.03333116542451226 0.9240549955969919 222.0666617304318 0.08597683966816982 0.9962970074931533 -0.0005058664448528795 -1.6784800082713072 -0.9206500879905377 0.07925469242656868 -0.38225921730075363 -23.652928719663905
-0.3828827161995469 0.03291635739671094 0.9232103438823631 224.2514692770132 0.08324818018063429 0.9965283390566335 -0.0010049644961804835 -1.7065988319166427 -0.9200383503595216 0.07647079751616251 -0.3842937040792783 -24.642482062916894
-0.3855073406294764 0.033629797527344366 0.9220917129218008 226.43551114822398 0.08369559539536882 0.9964904514762081 -0.0013518240109303308 -1.7323609664416386 -0.9189010488796949 0.07665387684267266 -0.38696904983833597 -25.64400697114786
-0.3880531372210047 0.03326120777073304 0.9210366196577475 228.65622087327924 0.08541654447272765 0.996345328628781 7.067109123901896e-06 -1.7639178753249116 -0.9176702984314543 0.0786745077978732 -0.38947598796265664 -26.55762571299847
-0.3908906531231563 0.03262484271490481 0.919858748362368 230.89295331716298 0.08612793083031055 0.9962832834920138 0.001264343806112335 -1.7877930202981316 -0.9163986451495012 0.07971975082875336 -0.39224773357657483 -27.44554584094647
-0.3942463569214751 0.03208300803111792 0.9184446040180226 233.11811200596404 0.08509782240497256 0.9963711106944859 0.001723483497862583 -1.8103459433738163 -0.9150563756818901 0.07883711289177749 -0.3955458746527541 -28.35683419842039
-0.39715615004938476 0.0321960468073507 0.9171861354424912 235.31992117918932 0.08367686402282197 0.9964921531145132 0.0012534785625848948 -1.8415966367653156 -0.9139284298593937 0.07724508625912442 -0.39845705131615305 -29.321213482246637
-0.4003238535860533 0.03180306881919165 0.9158216950169373 237.52254725881556 0.082179592997943 0.9966166710757944 0.0013135556681374925 -1.844747322014909 -0.9126813938854593 0.07578770182214666 -0.40158298956481275 -30.301592730222644
-0.40453185550384524 0.031148002417402013 0.9139933149799422 239.75171621892153 0.08132736077369329 0.9966853778433498 0.0020292813614283 -1.8681338442852329 -0.9109005644263275 0.07515357302659546 -0.40572417008250106 -31.211239914215756
-0.4078068815844963 0.03113280860917398 0.9125372844768784 241.93407959084215 0.08056734157930992 0.9967471627875377 0.0019992363131283416 -1.8912692630339905 -0.9095067073986712 0.07433600542871178 -0.4089886398101184 -32.23080116713198
-0.41134997400523526 0.03075635793559373 0.9109584212972798 244.11473094331487 0.07946096870776403 0.9968354939955947 0.0022253904335718306 -1.891342980316366 -0.908007242998599 0.07330105290577839 -0.4124921845380684 -33.24774429397387
-0.41517769642353625 0.030295906338152243 0.9092357441563758 246.2990919734884 0.07835418488145644 0.9969222962304485 0.002560662057312616 -1.8984018339419928 -0.9063598083013221 0.07230555537273134 -0.4162737135085904 -34.250491868718846
-0.4186827592197113 0.030459429345651 0.9076216008315959 248.47693234760087 0.07744300066406727 0.9969942072892495 0.0022654535584559436 -1.895966379962278 -0.9048244740170964 0.07123744658266139 -0.4197831552409739 -35.269090135622484
-0.42239381443907154 0.03130420316808527 0.90587168649187 250.65088555654413 0.07752525401191261 0.9969889462805288 0.0016958728809574883 -1.9072238489003646 -0.9030909702316818 0.07094425881247314 -0.4235488302752692 -36.29047589564666
-0.4263169587109882 0.03195095960081295 0.9040093953582579 252.85506811296608 0.07809177926539776 0.9969449041646078 0.0015912483730154184 -1.9256257515775006 -0.9011967181068619 0.07127407832310034 -0.4275096268303371 -37.25464990447517
-0.43020088526463196 0.03201062251033667 0.9021654606357029 255.03677258490532 0.07799641264865767 0.9969519801468177 0.0018190369096476766 -1.9411108613980097 -0.8993574138969823 0.0711482208339679 -0.431386338147945 -38.249505206967925
-0.43401330407722827 0.03257751193355933 0.900317253861209 257.2234540288888 0.07685220323657335 0.9970420237116803 0.0009704692682999004 -1.9444662320469832 -0.8976225212981526 0.06961256114477529 -0.435233156583012 -39.255717922269525
-0.4375794776768698 0.03303276733563883 0.8985727777972076 259.3926890515551 0.07736836320699826 0.9970020489807261 0.0010250380007672721 -1.954175212861894 -0.8958450407803284 0.0699696406335102 -0.43882332697671067 -40.30956438881528
-0.44105154376106986 0.033782759671089846 0.8968457285927077 261.5667384179932 0.07811553808911363 0.996943939714843 0.0008624238487570165 -1.9716856656339379 -0.8940757789220249 0.070437960041813 -0.4423426221043166 -41.35621310434041
-0.4452510799351587 0.03508471081401325 0.8947181337626249 263.76550992362496 0.07966350445563851 0.9968216577806854 0.0005555512682205613 -1.998321052466482 -0.8918549219881122 0.07152374183767382 -0.44663089064586203 -42.361234942544264
-0.4485482823991048 0.03733326964549169 0.892978535763538 265.9399272527684 0.08225275754419488 0.9966114395611546 -0.0003498745752186207 -2.0197351195924083 -0.8899656859863696 0.07329301135455887 -0.45009911381093753 -43.411537740768104
-0.45157636807367113 0.03811574489272896 0.8914179568466563 268.13469350605493 0.08353001516867113 0.9965052182224212 -0.0002943151470270166 -2.037908201935536 -0.8883138636559235 0.07432724969186337 -0.4531820159603966 -44.4729587428367
-0.45376277171832696 0.04005156794301783 0.8902220054052864 270.2548717186222 0.08490330463830457 0.9963879879522678 -0.0015512336787561495 -2.0534834690451023 -0.8870686421376857 0.07487889802699214 -0.4555242855943755 -45.630997002006666
