1.0 0.0 0.0 0.0 0.0 1.0 0.0 0.0 0.0 0.0 1.0 0.0
0.999930672575382 -0.002674765929436278 0.011467156149920173 0.012784615639437872 0.0026602138407777285 0.9999956371798298 0.0012840886369553195 -0.00770340655595328 -0.011470540757316534 -0.001253494526892737 0.9999334255070212 0.28860236341214185
0.9998346880657322 -0.004920901475495024 0.017503750145847125 0.034084257358358 0.004904022362456259 0.9999874680722004 0.0010071063590545858 -0.004922675574786024 -0.017508486661282328 -0.0009211010902122345 0.9998462904204892 0.5810699976235705
0.9997956201107108 -0.0077665055646026476 0.018665460046681667 0.05885255922866145 0.007775185117075775 0.9999696957687656 -0.00039247995827044113 -0.006208801409665799 -0.018661846206484416 0.0005375271504183928 0.9998257080915294 0.8789778187077799
0.9998219202894701 -0.009348151001861376 0.016393284647154917 0.06741488735497174 0.009382279626240652 0.9999539729493945 -0.00200619334480344 -0.0072332438103562754 -0.01637377591428671 0.0021596424630255127 0.9998636084020364 1.185063522427569
0.9998836235005799 -0.01203195629524266 0.00937931143847927 0.07245841038991355 0.012064958341989345 0.9999211948577434 -0.003469993439302884 -0.011001956271459742 -0.009336821491100607 0.0035827506153952174 0.9999499925808647 1.5007201014632852
0.9999027406936593 -0.01374381904010469 -0.002369934915063219 0.05610105473241882 0.013731104152854475 0.9998916754711432 -0.005300386990929135 -0.01722261826260017 0.0024425257526259933 0.005267329655812839 0.9999831445110686 1.823764265384823
0.9997491703662185 -0.013004845310487907 -0.01823376950902544 0.022342719885558998 0.012901010919677955 0.9998999526963583 -0.005800734011382198 -0.018830744418696525 0.01830738291805616 0.005564044955851627 0.9998169238087646 2.1600552056574123
0.999291515181661 -0.00834562416515211 -0.03669902237436804 -0.02318547818900386 0.008142136032996822 0.9999506592798353 -0.0056907492163280286 -0.02597437327356587 0.03674470447235236 0.0053879089744532024 0.9993101606258802 2.512743843765751
0.9984154707142783 -0.004771487403425732 -0.05606942791170048 -0.06659773468599631 0.004380679344897103 0.9999652636728096 -0.007090916460221891 -0.02773282995295607 0.056101314484275855 0.0068340585106950935 0.998401691784128 2.870352152103338
0.9970899767425712 -0.004634317798401894 -0.07609271567004539 -0.11086390351365782 0.004075837924449716 0.9999636196665513 -0.007493122752398155 -0.03200382632637126 0.07612467290381335 0.0071611760146155804 0.9970725910049755 3.240991725190392
0.9952629735964788 -0.0060132616719305925 -0.0970332627090303 -0.15283738222176788 0.005352071712660642 0.9999606639506347 -0.007072897552526354 -0.03181700212340263 0.09707197698758041 0.0065200640695384764 0.995256007290713 3.6244432435842278
0.9931668699941626 -0.007627885396995597 -0.11645335422549442 -0.21091156456972632 0.0069664268716762776 0.9999572138588141 -0.006085996086086916 -0.03780067365168449 0.1164947949165102 0.005233145907442358 0.9931775153220453 4.014780803059096
0.9908900805972781 -0.006697556046002634 -0.13450647165445287 -0.27492002006814104 0.006028089288725014 0.9999673375863526 -0.005383855494809556 -0.043720938195712565 0.13453813702235748 0.004523991984131554 0.990898089201448 4.412324492015618
0.9887395363036608 -0.005393852864255151 -0.14954944233028852 -0.3526280472911994 0.004782192175270915 0.9999786668077867 -0.004449333356879132 -0.05269809612628233 0.1495702510127609 0.0036840576272130655 0.9887442377740459 4.822406052297273
0.9866640813315054 -0.00469610595297929 -0.1627019889218773 -0.43901139945604045 0.004000288117372815 0.9999814003217077 -0.004603988012033368 -0.05959026752140539 0.16272058353273652 0.0038917347693970747 0.9866645154738516 5.242408077987085
0.9846357386033102 -0.005890319482458424 -0.17452153563817888 -0.5246251738731289 0.005031081222943644 0.9999729499887073 -0.005365399576043232 -0.07090701665870226 0.17454841874632296 0.004404932153510693 0.9846387388712071 5.676701287847112
0.982793610734928 -0.009875389739359527 -0.1844429325729197 -0.6013293943060505 0.008595984541536405 0.9999331378195605 -0.007734916941350487 -0.07574228093034927 0.18450698563567858 0.006016358352332189 0.9828127877087335 6.123306237426972
0.9813013661908896 -0.009065210021695937 -0.1922640129591505 -0.6922648249730865 0.007349251412323475 0.9999265624096861 -0.009636300702391533 -0.07911813863768126 0.19233724864303403 0.008043118475504058 0.9812959242907396 6.5832514455385365
0.9798810364306204 -0.008749473419935311 -0.19939057439740557 -0.7979281570253001 0.006677484546562992 0.9999165212997824 -0.01106171920963032 -0.0903821933444841 0.1994707137496226 0.0095077414045681 0.9798576617088832 7.053572906703618
0.978141096284027 -0.009592508421221977 -0.2077209174408555 -0.902536904961929 0.006843534563586435 0.9998792945376761 -0.013948562274182189 -0.09743611999770092 0.20782964609256038 0.012222116716368235 0.978088675973714 7.5451806946860245
0.9763459046130369 -0.013620681494312146 -0.21578496606803102 -1.0017513654300991 0.010482015444151947 0.9998220674606354 -0.015683136515685935 -0.1061102876874822 0.2159601859083737 0.013050304761636294 0.976314953100714 8.040131120757547
0.9745352014179818 -0.020108934075333585 -0.2233310815080775 -1.1173449424500623 0.01674960739188725 0.9997164367445259 -0.016926215024223337 -0.12058695105043557 0.22360812116162349 0.012754484434209753 0.9745956757945248 8.55247462723123
0.9726367087812658 -0.020478619344696757 -0.23142700551336257 -1.2567529973481018 0.016485517806862474 0.9996802192551648 -0.019175164473497753 -0.1398741737947493 0.23174568050728914 0.014835274843462974 0.9726632789339447 9.06970789203563
0.9706477680458684 -0.016779294713892622 -0.23991949828323292 -1.410754870689542 0.011542225009927716 0.999663816706241 -0.02321703275897696 -0.152137584221178 0.24022840679110796 0.01976635619469485 0.9705151228772226 9.59757103818816
0.9684287173044166 -0.014045365951341015 -0.24889465079710935 -1.5537927194459034 0.007746335903764857 0.9996248850363947 -0.026269440345027588 -0.1635247705821778 0.24917025059221679 0.02351205884791538 0.9681742453239212 10.139494575522596
0.9660202658661398 -0.01627862644441684 -0.25795319780339077 -1.6771241913286408 0.009259505584989282 0.9995536828987864 -0.02840240411996825 -0.17753321846954565 0.2583004210066906 0.025048778903483022 0.9657398465338431 10.694691344734705
0.9635354332824264 -0.01905157124496753 -0.2669016793546724 -1.8194562955395779 0.011173198724953998 0.9994567584050025 -0.03100560769953461 -0.1926524795783572 0.26734739280475334 0.026892856145502422 0.9632248677483563 11.257677910255579
0.9614833393174828 -0.018540065812390157 -0.274237222445412 -2.0061534915111436 0.009755463786630378 0.9993957159803779 -0.03336216129653209 -0.21804030406475863 0.2746900419403838 0.029401850957725954 0.9610831972410349 11.816390015273035
0.959113274052653 -0.01800058628766386 -0.28244947588781355 -2.1788620407022083 0.007862111884961245 0.9992848059633926 -0.03698734604447069 -0.23920067040575743 0.2829132636210408 0.0332544051819522 0.9585688445820081 12.397810429162496
0.9567923319552485 -0.01901467111839043 -0.2901497471890965 -2.354402614136302 0.007033462347332849 0.9990810287362585 -0.042280355092034316 -0.262662985552585 0.29068705495609154 0.03841276222246094 0.9560468062701715 12.98786459816571
0.9550724025036587 -0.020282334432806366 -0.29567775175999417 -2.547324345206427 0.0057907258269587385 0.9987421686414518 -0.04980510086092681 -0.2988573500283616 0.2963160027239264 0.04585528854260882 0.9539885319239367 13.586806466099215
0.9538717394161513 -0.020883027691993676 -0.2994872349493727 -2.752677055426362 0.0036901323386242376 0.9983179532682268 -0.05785885503241772 -0.334749605537157 0.30019175149648725 0.05408477915970751 0.9523443437101503 14.194770592184048
0.9525678916944166 -0.020825894392583942 -0.30361273661624066 -2.9504595659349926 0.0005917249744062983 0.9977805895006748 -0.06658487123394444 -0.3752678550885186 0.3043255848173275 0.0632469551712591 0.9504660757160964 14.819338131034577
0.9511840375002776 -0.02032923258056755 -0.30795397238443767 -3.1563755914544482 -0.003097943885187743 0.9971489835126228 -0.07539434609722181 -0.4230712132676637 0.30860869972888644 0.0726679226511165 0.948409217305071 15.454215506001834
0.9498769335396017 -0.019788284973844834 -0.3119971713128123 -3.381350050360952 -0.006220099492183518 0.9966008871775839 -0.08214610178919421 -0.47897642871556384 0.3125621881989402 0.07996934071659742 0.946525109573773 16.09709122134122
0.9483775825577998 -0.017991819943944467 -0.31663268201012945 -3.622465134971385 -0.010718548828273274 0.9960007763243263 -0.08869930254718021 -0.5402047107516601 0.31696225897232455 0.08751427298701046 0.9443919622755776 16.76493440346254
0.9467739840326174 -0.016528959683748682 -0.32147444167581596 -3.8470895044143925 -0.014720078008131373 0.9954129586004549 -0.09453232861685185 -0.6052736547389548 0.3215623461514719 0.09423287824354602 0.9421877849959093 17.41429272815499
0.9451673408063798 -0.014810117472189977 -0.32625045332298974 -4.096205778157429 -0.01887170851902669 0.9948252753623785 -0.09983251032475075 -0.6720516096042353 0.326040728269597 0.10051533176898199 0.9399968678611659 18.086616636307518
0.9435436904861313 -0.011959788363209092 -0.3310321247343202 -4.355002270496607 -0.023504815702314007 0.9944115891974629 -0.10292285901867122 -0.7446504605347685 0.33041311684406754 0.10489306331728657 0.9379896681122368 18.772670158583917
0.9418215580865621 -0.010871527871238205 -0.33593743852858227 -4.617125203684452 -0.02567028569991418 0.9942309624094552 -0.10414331384421124 -0.8252996545220349 0.33513159975669976 0.10670802813337903 0.9361090788879258 19.46829006283478
0.9397033600466587 -0.010408559900407743 -0.34183220591076363 -4.883617894831832 -0.026548575453540436 0.9943002025603802 -0.10325831845316438 -0.9079557608125081 0.3409586019715688 0.10610734691427866 0.9340709088031839 20.177601452974532
0.9374088300387398 -0.010200659086573473 -0.3480813581902942 -5.156126204097724 -0.026986356521741892 0.994436879329453 -0.10181861122201917 -0.9883702807713978 0.34718355653325766 0.10483911285249782 0.931918632976731 20.89433584379595
0.9349051412877085 -0.01042481627839217 -0.3547445559827112 -5.44834254584069 -0.02685495601319597 0.9946246314031425 -0.1000032696650099 -1.071167036984675 0.3538801889500716 0.10302022040223545 0.9295997235675881 21.621694169984046
0.9317045405382911 -0.009315478549329619 -0.3630976053346101 -5.732548221143088 -0.02784310003362721 0.9948977963613589 -0.09696977145394438 -1.1544082637306745 0.3621483272374023 0.10045693930590247 0.926691422440308 22.35877459465599
0.9283837727639263 -0.007661110790533588 -0.37154391106580287 -6.038704770253287 -0.028324672204299118 0.9954204680491567 -0.09130062832925841 -1.2325425519447744 0.37054187808281125 0.09528588127447613 0.9239152111620467 23.11781319110608
0.9249017382832698 -0.004043550709269983 -0.3801847238096857 -6.3468622140672 -0.03108643056855525 0.9957912656209728 -0.08621710472689478 -1.309421533494759 0.37893325052717625 0.09156093605159092 0.9208833729817606 23.860883476981535
0.9214066192542013 -7.118385925535681e-05 -0.3885998416461347 -6.682274797664781 -0.03455729816758107 0.9960230557332209 -0.08212104231690416 -1.3891850157474586 0.3870602474265467 0.08909583256649024 0.9177397765605367 24.614256513213505
0.9176035118682405 0.0007570542099797134 -0.3974961910207377 -7.021094476048759 -0.035650426149277756 0.996124906677519 -0.0804003570395049 -1.4604748790044306 0.39589498875642054 0.08794655857751421 0.9140747019319183 25.37103372243506
0.9136431187818385 0.0008682500470159846 -0.4065162944390438 -7.370884556325638 -0.036477592700723135 0.9961387793991832 -0.07985560348445518 -1.5318998056370385 0.40487731071690775 0.08778825843449822 0.9101470128213806 26.135250018869417
0.9098706736468457 0.001145914719854206 -0.4148904001262142 -7.733616637923207 -0.03703895125171141 0.9962276779965089 -0.07847630014124196 -1.6064637048746417 0.41323537279328887 0.08677038937990181 0.9064807919637634 26.90140755229226
0.9060209674083901 0.0021317473108189555 -0.4232274356297895 -8.109945917330089 -0.038142482569318646 0.9963293895341561 -0.07663483916565665 -1.6795435140911077 0.42151056646282753 0.08557571620442135 0.9027766274977918 27.676006947270455
0.9023663074331956 0.0011570087648693668 -0.430968338210706 -8.5010206072065 -0.03673300809722584 0.9965639082030051 -0.07423653401986517 -1.7491119191610083 0.42940159911848064 0.08281931053728642 0.899308194378668 28.451539282801445
0.8986042610095696 0.0014532768629217602 -0.4387576439012831 -8.902091861764902 -0.03583169005591508 0.9968973721541512 -0.07008365986366412 -1.81398005112665 0.43729449125638664 0.0786989032865683 0.8958682997730801 29.24153368094461
0.8949760070405774 0.003751767933310748 -0.4460984992791155 -9.311595403585045 -0.036304705055157635 0.9972604311715929 -0.06444843528207626 -1.879629221658351 0.4446345861632473 0.07387527771064246 0.8926603654977705 30.0390823231282
0.8912507097974455 0.0037871848690322935 -0.4534951262321541 -9.735739244467759 -0.03484346169068114 0.9975812285847463 -0.060146700264931685 -1.9464570215942436 0.45217043851070066 0.06940712936087529 0.889226936687662 30.83972429127558
0.8875906178865117 0.0025949069285262404 -0.46062583676762286 -10.160167160350547 -0.03315432674992334 0.997750455491273 -0.058265076887600985 -2.0052319841367288 0.4594384459942371 0.06698727509752153 0.8856799756782407 31.652107946242378
0.8843191687183051 0.001931182045534148 -0.46687886905842385 -10.589771134060346 -0.032455361828490306 0.9978266470005207 -0.057346595577082854 -2.0603397674935704 0.4657534297522106 0.0658654163549183 0.882459908212518 32.473672321591344
0.8811101155332984 0.002140136251787954 -0.4729063164324635 -11.02938516011904 -0.03218943551645416 0.9979419762020848 -0.0554585644874737 -2.114082328022637 0.4718143750947286 0.06408768954099556 0.8793656597248197 33.30513325567743
0.8780454384449248 0.0008591107783153785 -0.4785765037637456 -11.474844938403516 -0.03054263879820132 0.9980604328895396 -0.05424499530453671 -2.173895335021355 0.4776016700570698 0.06224655997737701 0.8763686499012161 34.147639208668295
0.8754506909996915 -0.00021343717502762534 -0.4833073991495834 -11.943708908463197 -0.029684095429835432 0.9980882493599234 -0.054209786645564716 -2.232961859475302 0.48239500630362525 0.06180453813610736 0.8737707118913448 34.993931001018915
0.8734943948374604 -0.0012569606620731056 -0.4868325813228121 -12.435726686431556 -0.029003708750741635 0.9980860753305487 -0.05461658273790308 -2.2921422533727487 0.48596947133152346 0.06182722928579341 0.871786135845599 35.83311224689461
0.8721616953154928 -0.0008895211939156676 -0.489216910967365 -12.931863309107458 -0.029893551826216423 0.9980328051451013 -0.05510803401878405 -2.349628883857842 0.4883035457413946 0.06268754745759104 0.870419392367917 36.70797073144873
0.8716224254382253 -0.0010013800903081775 -0.4901768504438983 -13.437474402767553 -0.0294503155731844 0.9980844477929818 -0.05440692958089498 -2.4054833055152325 0.4892923731122577 0.061858162854188894 0.8699232962178216 37.597378004766064
0.8715211987071219 -0.000355297054729669 -0.49035770001918416 -13.945914820548616 -0.02912952210542592 0.9981962113672278 -0.0524956622400754 -2.4745337802421408 0.48949184992807665 0.06003496794466941 0.8699388090422635 38.4910120097966
0.8711707757594397 -0.0019729125296555914 -0.4909761573425395 -14.458877662477567 -0.02700855735777731 0.9982852031393448 -0.05193448779463187 -2.536133943345532 0.49023669517096263 0.05850436572760576 0.8696236093268531 39.39744346887598
0.870359120017657 -0.004408797173351589 -0.4923977708210851 -14.971245089927777 -0.024915799846502076 0.9982847230315104 -0.05297937976148477 -2.5916459798221023 0.4917867476051978 0.058379570650929226 0.8687563643568401 40.317595549817725
0.8691308539314203 -0.006504638322046865 -0.49453943060663946 -15.484733106351452 -0.022933123293017933 0.9983079761423942 -0.05343460139746664 -2.65334884565078 0.4940502308474989 0.05778299447742628 0.8675110921185705 41.2475399176042
0.8674953162728327 -0.007011225211996477 -0.49739593782591784 -16.016688657947693 -0.021508481399916415 0.998436902284386 -0.05158621312551373 -2.7138414360179928 0.4969801419298029 0.055449029547758114 0.8659885355185973 42.17364750871632
0.8654648093308895 -0.0064207912808810766 -0.5009285749976478 -16.566269831938563 -0.02027813263319174 0.9986493728106299 -0.047835421204877215 -2.7707515734484907 0.5005591484997126 0.051557769775899986 0.86416568737076 43.09169817654616
0.8625020411896189 -0.006834367141397499 -0.506007431140608 -17.093582627502418 -0.01780349724792999 0.9988800130862633 -0.04383782547676588 -2.8320052229458277 0.5057403132334652 0.046818915862768894 0.8614143745538217 44.019657598509724
0.8585574932539548 -0.007236479471488141 -0.5126662307411556 -17.646307774044736 -0.016576366927096194 0.9989859111577039 -0.04186135888755152 -2.891985002586019 0.5124492705009769 0.04443852690259725 0.8575668851405961 44.93131670271269
0.8534029395874043 -0.010917472992263547 -0.5211374401125292 -18.205209394058226 -0.014052988312180933 0.9989353339408127 -0.04393986941328656 -2.9587161092987597 0.5210623151054723 0.044821952077326775 0.8523409273224558 45.83537463013421
0.8476123442672003 -0.014442049278941804 -0.5304194010954777 -18.79147468685061 -0.012429614286551136 0.998814826667298 -0.04705790813736523 -3.0261237875765317 0.530470374794435 0.046479772398343056 0.8464282676182611 46.735456405186525
0.8417459819750799 -0.014677992588341656 -0.5396742150245688 -19.389705037829813 -0.0123402423453041 0.9988460666924945 -0.046413936180783676 -3.0851612368165675 0.5397327303839069 0.04572845488873749 0.8405935332643372 47.628086670222054
0.835947177105915 -0.01141545955441459 -0.5486911739510786 -19.979930599989917 -0.013502404270975647 0.9990532141591153 -0.04135650320380253 -3.139101097296619 0.5486437844061979 0.04198050215879424 0.8350015780050608 48.530052352398435
0.8308594657375946 -0.007028095123337876 -0.5564379157400899 -20.585757306120584 -0.01623408080736874 0.9991885464026942 -0.03686059356566086 -3.196120280838666 0.556245451949567 0.03965923116514416 0.8300711671711121 49.416179069850045
0.8269456838832758 -0.007106618655565267 -0.5622369001391717 -21.190732781399227 -0.017495414638643014 0.9991107707630253 -0.038361154987009566 -3.2525116906015015 0.5620095607491413 0.0415591592383652 0.826086006363719 50.29216797298911
0.8234831452326248 -0.009054447512511265 -0.5672684783222371 -21.789958536660272 -0.018325360277123916 0.9989264071736794 -0.04254661234222892 -3.3080828556378434 0.5670446990216002 0.04543181738968285 0.82243313362253 51.16687125872255
0.8203769930531719 -0.011154304740538674 -0.5717142387196514 -22.38871855962487 -0.02107959649040836 0.9985402330559322 -0.04972980575477885 -3.3634352995469188 0.5714343705805919 0.05284869397025514 0.8189443055939775 52.03839309415467
0.8173600277293727 -0.012185914944775769 -0.5759983407503855 -23.018924228362867 -0.021118557897756723 0.9984706520934391 -0.051091715770989025 -3.426295774165496 0.5757400381965438 0.053924580527465724 0.8158526509317597 52.897833886114704
0.8142656418433525 -0.01047070062502668 -0.5803979918485708 -23.653741025431856 -0.020614455590401 0.9986850814516203 -0.046937749271601464 -3.489182739431102 0.5801262868842819 0.05018438516504329 0.8129791010545493 53.758261715013965
0.8111341684479033 -0.0076875786366396495 -0.5848095945784688 -24.28381337957227 -0.02054190279128001 0.9989221970481249 -0.04162300414749523 -3.554785203827548 0.584499265188624 0.04577494270072103 0.8101020081537293 54.62881143608464
0.8082166934322007 -0.006069200484234077 -0.5888539218371579 -24.929336297440987 -0.020547245342083804 0.999047380907928 -0.03849858971265755 -3.608980987996142 0.5885266240081003 0.0432145288820034 0.807322065428126 55.48776543459877
0.8050964066239178 -0.005472489625893649 -0.5931187300183237 -25.56212534031204 -0.02199811111592724 0.9989940108735961 -0.03907747875718913 -3.663243037739081 0.5927359101223632 0.044508629455216234 0.804166103958276 56.3560398527152
0.8014891016423756 -0.006871106859338343 -0.5979699054626616 -26.21337153936285 -0.0218133316424837 0.998932624825391 -0.04071596274327226 -3.7194084046802005 0.597611410961297 0.04567711626169142 0.8004837303398892 57.214311356548826
0.7974863269618875 -0.00942462814179916 -0.6032634040725708 -26.854113520099055 -0.021007734182814167 0.9988379306054848 -0.04337583991416282 -3.7744221486792764 0.6029711712953958 0.04726483648700877 0.7963616024260056 58.0739178247868
0.7933685805353071 -0.010492687804567254 -0.6086511307161332 -27.519443421163512 -0.020261030352412748 0.9988423185401977 -0.04362927162242222 -3.8318811578520005 0.6084042949128896 0.046945992330340434 0.7922375197727445 58.92947304025585
0.788905217977615 -0.010437679164778953 -0.6144262461039117 -28.17480288232496 -0.020009445374610746 0.99888924124533 -0.04266035419604048 -3.892652637733981 0.6141890418621063 0.045949304434172986 0.7878200824290557 59.77754405195725
0.7837984322696293 -0.010181082011033259 -0.6209318506412405 -28.83699823232352 -0.020321868399044048 0.9989096245343295 -0.04203074681062469 -3.9449715610469402 0.6206827202657113 0.04556212881079556 0.782736899080263 60.631890231742254
0.7785001757760236 -0.011534106729515017 -0.6275383977882566 -29.5199301737753 -0.019904430350638293 0.9988745399187734 -0.04305191232079402 -4.004528051862717 0.6273286937237261 0.04600671564035965 0.777394425080905 61.47274293103197
0.773106592185256 -0.01303790349423111 -0.6341421056767756 -30.216600869114593 -0.019061139108303662 0.9988595777095332 -0.043774615861580754 -4.064546913835924 0.6339896451012379 0.045929914983703024 0.7719764069024366 62.30995371369119
0.7676980741982434 -0.01397949076923892 -0.6406592235425482 -30.92156839452535 -0.018981756814854842 0.9988272256794364 -0.04454061236381816 -4.1281549869361545 0.6405305299363409 0.046354579917792106 0.7665323823167001 63.14210476832895
0.7620866417335188 -0.015688081706094564 -0.6472849716961687 -31.635230337848302 -0.018248811362548 0.9987888414578192 -0.04569279005711428 -4.18118581022662 0.6472178391972684 0.04663404627235661 0.7608773451438062 63.97140992109956
0.7561805301941885 -0.017760354198436582 -0.654121988297276 -32.37030794888084 -0.017013222758500805 0.9987600666151126 -0.04678546340849348 -4.241435175534077 0.6541418470076694 0.0465069796237505 0.7549407558475507 64.80426976949072
0.7501959483045189 -0.019177929020403293 -0.6609373995969451 -33.10767079710697 -0.015737367761600878 0.9987782654759386 -0.04684348053693196 -4.298741731741322 0.6610282705024193 0.0455432042281413 0.7489775978927637 65.63037434030561
0.7440125321706681 -0.019181979662781425 -0.6678902631639475 -33.84075391365411 -0.01486454395397087 0.9988652611639939 -0.04524638519074255 -4.355939203109117 0.6680002973846875 0.043591761790563524 0.7428831408761166 66.44273025525548
0.7376314884091238 -0.01902878780621464 -0.6749353247104247 -34.583685585797646 -0.014939584948294005 0.9988981267687289 -0.044489786912271866 -4.423342433663545 0.6750382182579836 0.04290032135721971 0.7365344298256087 67.26981778571594
0.731413170893131 -0.020877337339946296 -0.6816149281153175 -35.3558892504718 -0.013602388462417151 0.9988857415237051 -0.045191264739521446 -4.487814319214591 0.681798906182881 0.04232507727381149 0.7303142059152302 68.07322571524946
0.7248574019329168 -0.022992956192964313 -0.6885151202614 -36.13451378687113 -0.012831408852366425 0.9988188512900821 -0.046864242812902315 -4.547936391912381 0.688779428997357 0.0428045122980241 0.7237062055261124 68.88453424426825
0.7188201161591821 -0.02239680359549238 -0.6948352493890942 -36.917340446586344 -0.014011397484590465 0.998811156057575 -0.046689991170075086 -4.609111048251907 0.6950549052739853 0.04329731774183979 0.7176517407008319 69.69730579940624
0.7133210345618421 -0.02195300169167572 -0.7004935170066519 -37.70979268117923 -0.014071546431576704 0.9988591684001875 -0.04563280929235011 -4.675919308288185 0.700696149006577 0.04240786978396008 0.712198342702186 70.51530582202672
0.7082466143582223 -0.02178318190362157 -0.7056289579065398 -38.51280426851625 -0.014823397565140669 0.9988446126441453 -0.04571330961979705 -4.733109418503976 0.7058094644695133 0.04283611534585504 0.7071054144095745 71.32205582789373
0.7034382473861728 -0.022943046891590275 -0.7103859857243806 -39.33223648817821 -0.014702746135603835 0.9987952903253422 -0.04681663465040563 -4.793085801506421 0.710604293098727 0.04337723623339645 0.7022534827299979 72.11733082930284
0.698289946022898 -0.024411017490525197 -0.715398667533296 -40.1498339729146 -0.015736518214971927 0.9986532911661203 -0.049436484882607774 -4.863108623968582 0.7156420287251216 0.045778884522842435 0.6969654083625937 72.91786140415105
0.6934530742777215 -0.026595086171180796 -0.7200107882291237 -40.9819070604052 -0.01562524030334249 0.9985283970493143 -0.051931610331204504 -4.933335499602413 0.7203323438804058 0.04726247642344561 0.6920170320751394 73.71095803277446
0.688598419171442 -0.02704646758353003 -0.724638327516454 -41.825943531742126 -0.016099651804636666 0.9984876343433517 -0.052566579451100416 -5.002284401712604 0.7249641496835274 0.047863688268587 0.6871215678604244 74.50173387521073
0.6839476916651407 -0.026620266396168827 -0.7290452088059577 -42.67822948405456 -0.015451459792412178 0.9985812746181231 -0.05095773123217239 -5.0750063553016735 0.7293674022440327 0.04611723537945301 0.6825660357392153 75.29181121875726
0.6790244304432601 -0.02636220188787052 -0.7336421860640439 -43.53735701053914 -0.015182804243218254 0.9986369688556385 -0.049936828995610326 -5.151452187045345 0.7339586536832424 0.04504707256246393 0.6776986468460997 76.08144753473206
0.6741486169864087 -0.027650121207595878 -0.7380779857254365 -44.41304709538503 -0.014190775137911699 0.9986296715602144 -0.05037262133863461 -5.220363995634589 0.7384593855563739 0.04443253173909312 0.6728324353113169 76.85476000878693
0.6692038513458572 -0.029105738007761162 -0.742508627127588 -45.279539345279716 -0.012707900487403577 0.9986381922808363 -0.05059911247509918 -5.284695767591118 0.7429701976587445 0.04329684668759468 0.667922651553185 77.63893600467055
0.6644844029498297 -0.029833306820364714 -0.7467064028388738 -46.14468282487945 -0.011843554556500734 0.9986569187528747 -0.0504389615523913 -5.353865018486198 0.7472082764878045 0.04235956127226083 0.6632386140122923 78.44504287595686
0.6603629669125772 -0.030969683044438884 -0.7503076906593358 -47.03274386296903 -0.010590562581069898 0.9986657879702241 -0.05054190263563327 -5.421166978082204 0.7508718878175122 0.04132218133085917 0.6591539163317056 79.23478004351844
0.6562787262796254 -0.03384672706531057 -0.7537590016044644 -47.92362961422477 -0.008083179053115177 0.9986206235027986 -0.05187978923703529 -5.494595916947835 0.7544752452196081 0.04014037097300323 0.6550998816737507 80.02238776034136
0.6520688398757335 -0.03873124838606865 -0.7571698082078893 -48.82956459183739 -0.004439554226297551 0.9984820802240028 -0.0548983226503513 -5.574442536991912 0.7581467657527708 0.039158981983792605 0.6509071022109119 80.79607292770052
0.6474353494398568 -0.04276166332173602 -0.7609197779304 -49.744686038634256 -0.0006083533416371308 0.9983953446368262 -0.05662478003248206 -5.647156420381796 0.7621201337072143 0.03712379233690686 0.6463704246332936 81.57563631851559
0.6408115764863247 -0.04646973453150503 -0.766290471827546 -50.66188891661938 0.004520303206873157 0.9983773943044468 -0.05676394454918868 -5.721766120312227 0.7676848899776713 0.03291112751694962 0.6399818492625664 82.34869793368543
0.6321316037334368 -0.0506359327560236 -0.7732047839190603 -51.58863746722658 0.00980078937800859 0.9983051768530588 -0.05736478358673772 -5.798514335108534 0.7747990578782095 0.02868407541324679 0.6315565245714166 83.12109554746085
0.6234152667330963 -0.051594261428722615 -0.7801867964735927 -52.54523519128829 0.012855693387448124 0.9983619999045937 -0.05574987259205295 -5.881970820051817 0.7817852239276656 0.02472547945191102 0.6230573924721888 83.86914109064078
0.6147806822696633 -0.04991541999404433 -0.7871169948329572 -53.50917794823159 0.013076525191311097 0.9985031992930883 -0.053107113369025405 -5.964213569612839 0.7885897014271541 0.02235647217893966 0.6145131983568329 84.61664644829031
0.6058903983798013 -0.049567957501674434 -0.7940024198579485 -54.480353400743525 0.012550987539730267 0.998528416301063 -0.05275864432555809 -6.045876612953973 0.7954491170797432 0.02200044155023796 0.6056209067631761 85.35856890870997
0.5966863292911003 -0.05089420467217784 -0.8008590415097397 -55.47312552615748 0.011910131022979333 0.9984385554089498 -0.05457655038482471 -6.124366088738647 0.8023861746167663 0.02302674539917331 0.5963607932956306 86.07454565133189
0.5869347295228358 -0.052749049670037435 -0.8079140802330799 -56.46234817268516 0.012336077856005054 0.9983421783544892 -0.05622024636682061 -6.212440322961002 0.8095402673512209 0.02303112410029918 0.5866124128072903 86.80065611942992
0.5772531615985598 -0.05423507618400217 -0.8147621394835319 -57.47188765436257 0.01270331906395094 0.9982675608344659 -0.057450001482745754 -6.296599818168499 0.8164664188496833 0.022813011570670446 0.5769420710902008 87.50715203573174
0.5671842537289913 -0.054918548414453296 -0.8217578568909071 -58.48736751940164 0.015742541472766665 0.9983149254854143 -0.05585232261090016 -6.384747530468321 0.8234404621524652 0.01874200077641744 0.5670930635239966 88.20904435177839
0.5569979768215448 -0.054812790710517374 -0.8287030902508031 -59.514901005193785 0.01663797380087433 0.9983559105339941 -0.05485119624623791 -6.469447235610202 0.8303471753697411 0.0167640650310997 0.5569941960910598 88.90473737825798
0.5467875543886019 -0.05548930568963658 -0.8354306119120928 -60.55315842214918 0.016711740801041278 0.9983259828553782 -0.055371018369217435 -6.545614736504787 0.8371045861092453 0.01631468387458068 0.5467995455420039 89.58857489845622
0.5370356299176673 -0.056259932247673186 -0.8416813840298606 -61.60745046808997 0.01576927188408403 0.9982687056833087 -0.056664991993467854 -6.63082462077365 0.8434121544435915 0.0171584170849527 0.5369930413515233 90.25105251710916
0.5270848709643247 -0.0565946664853873 -0.8479260477930426 -62.67271429813657 0.014170873673811011 0.9982265833420325 -0.05781759808756697 -6.714104308919501 0.8496944892959131 0.018458928319443506 0.5269521257433691 90.9105033435374
0.5176756674926797 -0.05725781062716986 -0.853658858331706 -63.74377994148816 0.012459068792276005 0.9981568423854456 -0.05939435666751924 -6.805355830122122 0.8554862213331307 0.020111218792065916 0.5174348886457695 91.54932450286093
0.508129741307378 -0.057110411751016665 -0.859384993392674 -64.83562513517558 0.011821728182850743 0.9981676274250425 -0.059343359387843686 -6.893793947157736 0.8611994035887787 0.019994710057746726 0.5078738020690168 92.18397848152897
0.49915128017921995 -0.055042695965457536 -0.864764881986023 -65.92761650759604 0.011340812969053185 0.9983099433835687 -0.05699686748146091 -6.98256827739072 0.8664406416233297 0.018642922580767843 0.4989319151758091 92.8230483674943
0.4913599638412844 -0.05393281979695165 -0.8692851297949606 -67.04527396352654 0.012734865886340579 0.9984190827142302 -0.054746310039438056 -7.0619947112609 0.8708634847809092 0.01582991537649315 0.49126999160789836 93.42503072744665
0.48368430559511644 -0.054184138773207983 -0.8735637192708818 -68.15436375975874 0.012712695462458888 0.998411524720377 -0.054889112578115934 -7.144946395025776 0.8751502041907143 0.015443652771934635 0.4836048114876559 94.0442747878749
0.47605025738403406 -0.0573149747419319 -0.8775483725213824 -69.2655417997853 0.014429628265814329 0.9982486734911872 -0.05737047760998553 -7.224382048932333 0.8792996862689678 0.014648533831724776 0.47604357172834044 94.65645039940354
0.46903960659539334 -0.0607171959517545 -0.8810875493165224 -70.38316023265799 0.01745132076981955 0.9980764034956986 -0.05948902578192551 -7.315249945040087 0.8830046992220525 0.012526567800080846 0.4691969589105652 95.26330848401287
0.46294700614324114 -0.06355204413318191 -0.8841047489916024 -71.51253081610294 0.01887368994987672 0.9979070159955319 -0.06184958572675614 -7.406116613661314 0.8861849994954133 0.0119467616277205 0.4631775270411171 95.84622539754167
0.45804603972129787 -0.06721032755214142 -0.8863840010773939 -72.65592934927491 0.02099521408254013 0.9976774002967701 -0.06479973705740548 -7.501742649571195 0.8886804974124634 0.011071441072167707 0.4583932773408901 96.40790091501863
0.4531883341278339 -0.06813433370350887 -0.8888070917703224 -73.77850833650947 0.02346492583238215 0.9976409554580463 -0.06451295411341329 -7.5997184770724235 0.8911059033953931 0.008380725716637352 0.4537180097487238 96.986307958406
0.44924586987118376 -0.0656772552724301 -0.8909908229289255 -74.91804917716938 0.025405787853854448 0.9978300735894025 -0.06074282002092875 -7.695447015695661 0.8930468601071324 0.004652137191667524 0.4499396218075728 97.5447147684573
0.445370667002417 -0.06360104331051786 -0.8930844731959213 -76.08447215962357 0.028406428068614473 0.9979754038233002 -0.05690490495647993 -7.794915222453326 0.8948955491107354 -2.5564370859675056e-05 0.44627564971467826 98.13731630536559
0.4419024187892553 -0.06319226040058612 -0.8948346162803889 -77.17459818843152 0.03000881753546059 0.9979988186840242 -0.0556581420406588 -7.876384967010564 0.8965610537706449 -0.0022574611312889204 0.44291441693730377 98.67506328781445
0.4390278367505328 -0.06257583729925302 -0.8962917065020994 -78.29489412836546 0.03090774948068495 0.9980331369082207 -0.05453960629834794 -7.97116149079451 0.8979416849552018 -0.0037579541557929736 0.44009840740495343 99.23228653540706
0.436124817515804 -0.061767364519191056 -0.8977638532638528 -79.40819536311577 0.032648490439189375 0.9980708186415957 -0.05280830472700133 -8.053914688609652 0.8992937337815986 -0.006279622317552198 0.43730006485787337 99.79472975937165
0.43367230973698906 -0.06104706909115035 -0.8990003243173864 -80.5285130977653 0.03433715695809076 0.9980973217390536 -0.05121226405233736 -8.131270994958737 0.9004161745656396 -0.008659774403022773 0.43494335365409187 100.33808298088698
0.43184859112377094 -0.06175185083988066 -0.8998297079238182 -81.64221487220858 0.036282470668157575 0.9980353521264701 -0.05107854958796152 -8.219533496119286 0.9012160543768781 -0.01058984530787576 0.43324067042433473 100.86754352944347
0.43032959756325984 -0.06158599429159805 -0.9005684886604455 -82.74019375835148 0.03793517958731609 0.9980223271874274 -0.050123413541700905 -8.307238302218401 0.9018743591048148 -0.012593638970114718 0.4318148221712284 101.37758897237893
0.4279917005347566 -0.059962445522405254 -0.901791333624548 -83.81138126330534 0.04026001914336247 0.998071099531158 -0.04725686340886571 -8.397583006270153 0.9028855049960337 -0.016080591022743406 0.42958023634754905 101.9175174068024
0.4258715900731881 -0.05977307939790372 -0.9028070490131473 -84.89051835134914 0.04202195273890651 0.9980453563218513 -0.046256050549100244 -8.456744248976118 0.9038072495043084 -0.01823857734813092 0.42755094437946556 102.437346091505
0.42360780689843625 -0.06171354743848677 -0.9037410381283212 -85.9553943711061 0.04470259986772385 0.9978852001926055 -0.04718903264141646 -8.518545679972961 0.9047420093594433 -0.02040993138460246 0.42547071720755664 102.96150922431558
0.422564650646228 -0.06309198481010281 -0.9041341258225761 -87.02130800457115 0.04584777611334362 0.9977849538134691 -0.0481992465596396 -8.587170929367272 0.9051724131068576 -0.021085241193261533 0.4245212776223709 103.45584787694351
0.4221134523673677 -0.06497629739519152 -0.9042114321923355 -88.07456868470238 0.046384613977085605 0.997669596916144 -0.050038414996664574 -8.655257577075664 0.905355566016302 -0.02081961013067598 0.42414365834856943 103.94506395766744
0.4226181251265063 -0.06536350174942804 -0.9039477490173919 -89.11675442578752 0.04528082768431625 0.9976731066034895 -0.05097076617403629 -8.737327349413103 0.9051759867333974 -0.019390332622149252 0.4245944512614626 104.43025150522492
0.424457446532602 -0.06556236113166236 -0.9030711228280226 -90.14177793078855 0.04329749847961618 0.9977037527768325 -0.05208213052895829 -8.80035975504291 0.9044120757201501 -0.01699407243333221 0.42632147353106636 104.92503329252452
0.4278035791305177 -0.06594867768895155 -0.9014626279520401 -91.15213972662428 0.04119192904954879 0.9977209705813699 -0.053442397432646636 -8.86780588803755 0.9029326235463505 -0.014270135712418353 0.42954515544055816 105.43498793489384
0.4331414592324883 -0.06628530058347856 -0.8988852736698434 -92.16845332621187 0.03962104639811204 0.9977283535967626 -0.05448215406364694 -8.945959938538305 0.9004546901295307 -0.012016295421395169 0.43478380796445987 105.91666587742931
0.43926314771573066 -0.0662265415920156 -0.8959140205664995 -93.18108768875243 0.03872393468437226 0.9977479269538083 -0.05476797551435974 -9.020919496146824 0.8975234503573867 -0.01063576269677469 0.44083844729155497 106.40313397831129
0.44633006201429243 -0.06487155189693802 -0.8925139536706423 -94.18577261367288 0.03750551011415147 0.9978486466317159 -0.05377188044260158 -9.099924394984475 0.8940821061028986 -0.009474184383844043 0.44780288897780185 106.89448065195619
0.4544596397624928 -0.0634803648959275 -0.8885024924554945 -95.17953479637842 0.03600705369810697 0.997951348508673 -0.05288287145859214 -9.173273022768639 0.8900392844762115 -0.007959226244068812 0.4558143512513276 107.3972453211366
0.46297312710130767 -0.06338271030882502 -0.8841032267874294 -96.16424405181928 0.03574073727811755 0.9979637537332937 -0.05282940406036792 -9.238850191246721 0.8856514457058446 -0.007139906754618374 0.464295744596784 107.91194101087316
0.47277951369108706 -0.06296086541033381 -0.8789285868947497 -97.14860492777879 0.035436367680974974 0.9979957388900693 -0.05242870399739557 -9.315819540541014 0.8804679410856465 -0.0063588193911794265 0.474063044474416 108.41696478242362
0.4827136840727982 -0.06379687657375618 -0.8734514627317882 -98.11499680416529 0.03465063995213452 0.9979535357682816 -0.05374080012891481 -9.38920378606995 0.8750924707479626 -0.00432423253553599 0.4839364303844091 108.93974578678656
0.49334172028832596 -0.06496685745628959 -0.8674060493535941 -99.07198302128063 0.032936563417506344 0.9978869805199175 -0.056006757619859 -9.469601189747143 0.8692117865130449 -0.000938904201310673 0.4944390646436634 109.46983944240296
0.505239085494432 -0.06621509483781016 -0.8604353710211885 -100.02388586597345 0.031469739587000674 0.9978025302629593 -0.058307513162250975 -9.53904464640084 0.8624054278464833 0.002381557570069188 0.506212609685361 110.0033358776019
0.5176443811308439 -0.06434057841667418 -0.8531732442198793 -100.96538351118981 0.029114860734318414 0.9979156133877952 -0.057591261848350304 -9.61627986861357 0.855100356430803 0.004971772910325298 0.5184386770930973 110.5610377939192
0.5306177468361327 -0.062116404908602554 -0.8453320998186313 -101.90367899962921 0.028243712257243515 0.9980530193865426 -0.0556099200803172 -9.69199099373079 0.8471405429209932 0.005632293905666483 0.5313390422365779 111.1234764934886
0.5427465576140145 -0.05971336953927192 -0.8377711427928296 -102.81774387059268 0.027394516925762384 0.9981973356171157 -0.05340055813658848 -9.765697341734912 0.8394496498543201 0.006032633352147022 0.5434039866382072 111.71757553492827
0.5540960537819966 -0.059180266193594885 -0.8303464694189252 -103.71725619694121 0.027553315327012683 0.9982270853474194 -0.05275889397333665 -9.841223668054598 0.8319966213859935 0.0063546968499573085 0.5547443013048768 112.3227128687441
