1.0 0.0 0.0 0.0 0.0 1.0 0.0 0.0 0.0 0.0 1.0 0.0
0.999996546249364 -0.0021967563859273476 -0.001442827337041782 -0.015887025702738106 0.002195730673187751 0.9999973358335055 -0.0007121044179464577 -0.012684838880940685 0.00144438781303711 0.0007089338982753026 0.999998705577449 0.5650810837832558
0.999992348312836 -0.0028506733317130405 -0.0026789881178252593 -0.020637776938485397 0.0028449545849347432 0.9999936717234913 -0.002136058608689645 -0.026685950996522757 0.0026850603697584794 0.0021284206647085857 0.9999941301209146 1.12728913521291
0.9999852511627814 -0.0030485285326665224 -0.0044948782736133714 -0.02461277012038657 0.0030325582540719513 0.999989080804581 -0.003555539627766345 -0.03600303365362062 0.004505668357163412 0.0035418562074814313 0.9999835769687725 1.689209170788518
0.9999656134347287 -0.005197055288913689 -0.006462396183376823 -0.033819729449540314 0.005162502400431584 0.9999723519697442 -0.005351996362427291 -0.04695173705327673 0.006490032131853227 0.005318450189845812 0.9999647961655979 2.2514272114140788
0.9999414474182193 -0.007601737443766089 -0.007701644174641298 -0.04324897349058126 0.007545839411159382 0.9999451662784159 -0.0072611806210854165 -0.058454962261496 0.007756419453442127 0.007202640090069547 0.9999439783972875 2.816231743355987
0.9999235533756696 -0.008755760423143692 -0.008730639380210637 -0.05188790679413858 0.0086852685006946 0.9999296408343771 -0.008079572507543853 -0.06757577937859004 0.00880076790090594 0.008003126904299768 0.9999292457189699 3.390616997511566
0.999912274720517 -0.008907000561660975 -0.00980347919038255 -0.059353852548960195 0.008834432923654522 0.9999334399458819 -0.007420813494018687 -0.0812128440483807 0.00986892386023628 0.007333554321755081 0.999924408804411 3.9700511501880613
0.9999016797472217 -0.00931219586921218 -0.010483980483504672 -0.0734177054302085 0.009231424668409875 0.9999275386768025 -0.00772646066082394 -0.0972715692812847 0.010555171115455791 0.007628918917200175 0.9999151903831036 4.557085076973493
0.9998959225832843 -0.008830957491525356 -0.011408689280814214 -0.08528965302500234 0.008712661779200269 0.9999081960112025 -0.010377334645466255 -0.11487699417206508 0.011499283718760703 0.010276854548236281 0.9998810692950187 5.15156843331976
0.999893026336449 -0.0070939308983553094 -0.012791091749621161 -0.09594645758643126 0.006914847018095421 0.9998782115755387 -0.013990958052211646 -0.13425222158209568 0.01288878483233397 0.013901012945529208 0.9998203043870605 5.752682552200187
0.9998923078711999 -0.005648677153485579 -0.013544929177445786 -0.12893475170640037 0.005408464702367743 0.9998286080272668 -0.017706018180872512 -0.1467944752283768 0.013642623265690986 0.017630854110729798 0.9997514850270325 6.364876824779607
0.9998855992573662 -0.003823421725456211 -0.014634542836990365 -0.14619238137477303 0.0035637342634545427 0.9998364607647916 -0.017729961179739632 -0.1595370175699812 0.014699938633813248 0.01767577923727568 0.9997357043901739 6.990756482332808
0.9998765282686037 -0.0011871273679686226 -0.01566904419985137 -0.1637539393255191 0.0010156676835867571 0.9999395749255936 -0.010946000035620296 -0.1690627724344278 0.01568109169290172 0.010928733972217608 0.9998173163818895 7.638996747114662
0.9998662075219354 -0.0002459457185982956 -0.016355627973457874 -0.17643063686076285 0.00023677564776260684 0.9999998137083024 -0.0005626016826501649 -0.17935161633055471 0.01635576329601522 0.0005586537963689561 0.9998660794891188 8.303841537470674
0.9998545915755265 0.0010522358281636944 -0.01702023810350312 -0.18469590510821607 -0.0009472009002581251 0.9999804669824156 0.006178063133770239 -0.19324181693181386 0.017026406426270874 -0.0061610432064893575 0.9998360580769307 8.98049723606717
0.9998287694887513 0.003007946817680231 -0.018258804959588787 -0.2041777669066902 -0.002913737642409619 0.9999823176234106 0.005184069199375488 -0.20586149490715702 0.018274075504974237 -0.0051299801612399235 0.9998198545077928 9.66428620991646
0.9998064437855656 0.005297189941915903 -0.01894768438571747 -0.22538470584457487 -0.0053389450227135015 0.9999834282735198 -0.002153797665295787 -0.2107986685347239 0.01893596131454477 0.0022545414296161427 0.9998181566725203 10.356258051745355
0.9997893790150908 0.004960839296003311 -0.019914509336143475 -0.24492891367435052 -0.005124142505095502 0.9999535974701241 -0.008157577467886375 -0.2118419761157874 0.019873116821666065 0.008257904094643099 0.9997684063060586 11.066864849586215
0.9997764251652576 0.0026934203052992036 -0.0209724860433376 -0.2584967590823588 -0.002835547927598634 0.9999731977181483 -0.006750075058230375 -0.20961522735691873 0.02095374314363132 0.006808034400651552 0.9997572661980859 11.80110270920954
0.9997673141757273 0.0018032865672277607 -0.021495712675093575 -0.2663415628404912 -0.0017553331774316917 0.9999959292813834 0.0022494946318864202 -0.20992243964291554 0.02149968165554846 -0.0022112390687426264 0.9997664097730484 12.561486437659953
0.9997553018964518 0.0017524451891938386 -0.022051423214720117 -0.2718025639748209 -0.0015386377359213573 0.9999516819031856 0.009709091250370463 -0.21675747952070856 0.022067372382171404 -0.00967278630226533 0.9997096920012816 13.338078207241882
0.999744299093389 0.0007803237315651096 -0.022599281518306622 -0.29376714253452635 -0.0005044412993509841 0.9999253193315671 0.012210704264663325 -0.21968794166593528 0.022607122091173524 -0.012196181965578938 0.9996700311483872 14.126742047086298
0.9997401272521309 -0.001140332623892985 -0.022767907312739158 -0.3100924507754238 0.001391452952237591 0.9999383453037547 0.011016780376809398 -0.2166515705988534 0.022753940770255637 -0.011045597887666727 0.9996800752974563 14.930337338925222
0.9997498806976233 -0.0013235365000414856 -0.022325418164560542 -0.3200110809005609 0.0015160276186670801 0.9999618069436782 0.008607340715544639 -0.21648775018232025 0.022313173359001792 -0.008639033804025253 0.9997137037120098 15.751665391922016
0.9997575719562339 0.0009453744553362513 -0.021997808602592338 -0.3423309672564808 -0.0008348710855868319 0.9999869907854105 0.005032022477063995 -0.21164326211145643 0.022002279573888124 -0.00501243723935006 0.9997453551612402 16.584391464855273
0.9997791487761144 -0.002260098151394838 -0.020893674374210476 -0.3614062156503919 0.0022479305864852276 0.999997289888757 -0.0006058244130095099 -0.21477781713964472 0.02089498697266444 0.0005587230862566352 0.9997815198071653 17.43057810048934
0.9997758936425214 -0.005233491207445364 -0.020512753620143428 -0.3631150804202622 0.0050896547753840286 0.9999621393436559 -0.007057995007532507 -0.21854714617769122 0.020548914948641937 0.0069520104315612735 0.9997646781345064 18.290633683804437
0.9997971973700146 -0.0043347981001382084 -0.0196665618880459 -0.3748755031298423 0.004088265856097279 0.9999127807911247 -0.012558538643084594 -0.2248754422631991 0.019719285315527153 0.012475589604945325 0.9997277176564896 19.172339114919815
0.9998123911912115 -0.0029964049343833635 -0.01913645677710838 -0.40343681809194865 0.002740626452310784 0.9999067506973854 -0.013378298712662226 -0.24179557302382726 0.019174759116135517 0.013323342946330306 0.9997273714096121 20.072942240661074
0.999807440073017 -0.0026922944449856226 -0.019437960933773132 -0.42379636859935255 0.0024447787218006755 0.9999157754402093 -0.0127461791453711 -0.26285405304462944 0.019470640247377963 0.012696203228759495 0.999729813795673 20.992913397259446
0.9998169353833408 -0.0013026398957087825 -0.019089233875856544 -0.45351407256742415 0.0010355747587332906 0.9999015489913965 -0.013993566719194227 -0.2881119003483977 0.019105583099819464 0.013971236663501698 0.9997198513786291 21.926856650634342
0.9998141607073521 0.0017252099930637832 -0.019200721328466085 -0.4683353578693025 -0.002034198458828698 0.999868564143231 -0.016084665827520658 -0.30757280010329724 0.01917044823898674 0.016120734742335566 0.9996862586960389 22.87997441413833
0.9997986472423696 0.005317662178979124 -0.01934909406867579 -0.4899696384184098 -0.005645373975610295 0.9998408787881998 -0.01692178645165681 -0.3280555428480926 0.019256030873565387 0.01702761207539768 0.9996695782617404 23.851487253372607
0.9997995875433157 0.007150476850877479 -0.01869907561943378 -0.5266002455602686 -0.007467449604655509 0.9998286774869454 -0.016936731417463362 -0.35220633533013745 0.01857476634087654 0.017072971490353545 0.99968169519096 24.826869198329508
0.9997947097962916 0.00783609794126927 -0.01868512329111915 -0.5567926776998482 -0.008158099520603382 0.9998184497450521 -0.017219551725065382 -0.3755547463584295 0.01854679690839931 0.017368451815147665 0.9996771244786906 25.809298694996524
0.9997961165439713 0.00821092701839909 -0.018447385210174846 -0.5895913673281912 -0.008527638472151806 0.999816461947705 -0.017155809525089362 -0.40384568240077345 0.01830313431307112 0.01730962437118133 0.999682635729183 26.79635416947162
0.9997852591935109 0.008925756556294913 -0.018702041847411727 -0.6189721220540613 -0.009227853842784529 0.9998273260353983 -0.016129625735310363 -0.4302163198518976 0.018554843379042008 0.016298741755201174 0.9996949878859934 27.797290662719078
0.9997698962246258 0.009602148654798968 -0.019182110004180613 -0.6374058919327177 -0.009876850578166455 0.9998492862050222 -0.014277699323202907 -0.45509430306480786 0.019042122404236007 0.014463872804970237 0.9997140560969541 28.804696037281584
0.9997577835799321 0.010225071957456467 -0.01948902447037292 -0.6638016409093866 -0.010482432710617526 0.9998585968794048 -0.013149328911197892 -0.48267815172025536 0.019351815827185887 0.013350436315428996 0.99972359833825 29.818869977619467
0.9997542234020771 0.010269850162659461 -0.019647467199269707 -0.6864611792408057 -0.01055038368067502 0.999843108924212 -0.014228385043862741 -0.5096924157717311 0.019498261304546908 0.014432176357098505 0.9997057217460034 30.83983761619818
0.9997386788174588 0.011403463152241496 -0.019812498692936272 -0.7175832429828025 -0.011705587099761952 0.9998159419752701 -0.015200704021618274 -0.533892784436143 0.019635511375362957 0.015428648684781974 0.9996881531221573 31.868195217801905
0.9997318729787374 0.01127193024590549 -0.020226856872909187 -0.7355397978374588 -0.011565996189393676 0.9998282525885935 -0.014480782360978287 -0.5600365571837146 0.020060156593921002 0.01471084342145376 0.9996905427197242 32.904305572261855
0.9997325723842456 0.010821733456686623 -0.020437069236356173 -0.7677657284758953 -0.011066417784020476 0.9998679811919714 -0.011897671390676037 -0.5859601942211259 0.020305617730290562 0.012120654771233464 0.9997203467052712 33.951108007886006
0.9997199175833543 0.011140115071804294 -0.020880235231393356 -0.7868106649490825 -0.011315350565402501 0.9999015885469609 -0.008293133475696192 -0.6106285878226415 0.02078579391587907 0.008527077896362032 0.9997475880010093 35.006252006478014
0.9997020379088357 0.011173794271189036 -0.02170211331889896 -0.8029953037986273 -0.011305880136363798 0.9999182457508432 -0.005973180802390973 -0.6348155766963064 0.021633595985488648 0.00621676251283744 0.9997466375980444 36.06935411980296
0.9996950241705428 0.010980816646916141 -0.022119681607680894 -0.8291370163023637 -0.011106991901392967 0.9999226934204913 -0.005589446628433269 -0.6563375365222259 0.022056594922171175 0.005833425106789475 0.9997397050092403 37.132168361277834
0.9996931956299758 0.01056050790745407 -0.0224051396751718 -0.8648203634449839 -0.010723157520310047 0.9999169294092183 -0.007151795133713246 -0.6744897766729872 0.022327751877920132 0.007389854773714134 0.9997233925154003 38.203431102106705
0.999673022170065 0.011158121503327924 -0.023007500296335383 -0.8931420075649014 -0.01133684069373664 0.9999064562044412 -0.0076521162929237855 -0.6980695973232451 0.02291996484407707 0.00791044658616458 0.999706006807178 39.27844714388004
0.9996591463232946 0.010777580071840992 -0.023778875919132195 -0.9246253748424454 -0.01093428437260081 0.9999192875857361 -0.006469910300214568 -0.7205734377263087 0.023707226692329865 0.006727709998861387 0.9996963065455076 40.354869144317504
0.9996380610805143 0.010667410825757596 -0.024697230319710682 -0.9492956635462761 -0.010781470511798386 0.9999317985853995 -0.004489774089087598 -0.745948984994006 0.024647651668942797 0.004754421525520133 0.999684894725915 41.432395489341616
0.9996152423386678 0.011034501632256083 -0.025448124841225647 -0.9696092467318075 -0.011090886535168886 0.9999363400398812 -0.002075597145594671 -0.7683181436812845 0.025423601634521953 0.002357040808837928 0.9996739892777817 42.50815546276828
0.9995879722620167 0.011913988254219382 -0.02611403057723545 -0.9979804242418779 -0.011975111771718326 0.9999259074020754 -0.0021854986137072535 -0.7944599285929742 0.026086057716054153 0.002497316562629559 0.9996565815332887 43.58230303484503
0.9995677413156836 0.013076274062302412 -0.02633138009506503 -1.0356821411385688 -0.01324000309154983 0.99989402433547 -0.006053297973311774 -0.8146413446382058 0.026249435026281413 0.006399308936557503 0.9996349413690657 44.64712918645519
0.9995560786408755 0.013925072846029238 -0.026338906551133693 -1.0738640097688288 -0.01419396230537406 0.9998487574141547 -0.010049563743970102 -0.8389705014999125 0.026194982079592703 0.010418955974725842 0.9996025551539204 45.7089135440786
0.9995568735080718 0.014378174800131491 -0.026063858351866403 -1.108544620168751 -0.014655906130066709 0.9998375031538327 -0.010496270890942667 -0.8606076340132007 0.02590870583946551 0.010873609176636757 0.999605173848754 46.781527768069616
0.9995499856731896 0.014782594907102313 -0.026101743783502343 -1.1407092485848687 -0.01498904138152276 0.9998577667100486 -0.00773142859094061 -0.8878085718477351 0.025983740669697226 0.008119189455008807 0.999629393317045 47.85987254056497
0.9995526528563373 0.01536317081323613 -0.025660614770939755 -1.1841601608983643 -0.015511358750583805 0.9998640886351652 -0.00558587571299887 -0.9152813031068869 0.025571310439043163 0.005981407888926394 0.9996551059450937 48.935823811731716
0.9995717550161405 0.013892679360010454 -0.025754611900658572 -1.2083623619182198 -0.014014582008131516 0.9998913985881228 -0.004558784994363274 -0.9368104402656846 0.025688481175245595 0.004917772838126332 0.9996579002064766 50.01190889510121
0.9995834190345981 0.013852561739591377 -0.02531985237624289 -1.2405180760357364 -0.013995319583382532 0.9998871004165031 -0.005469684674332073 -0.9626199477165134 0.02524122463080783 0.00582176553361959 0.9996644375115127 51.09037029499168
0.9996014375302182 0.013032638692690012 -0.02504229255136141 -1.2658774863895117 -0.013220112376027927 0.999885704032463 -0.007335359587012349 -0.9832635078841381 0.024943831227126127 0.007663497909660986 0.9996594800648377 52.160743277989866
0.9996041147288146 0.013133121632158927 -0.024882422177488872 -1.2896370721009225 -0.013375281203737446 0.999864549627327 -0.009590842051834442 -1.006950106390811 0.024753094148910065 0.00991985457238189 0.999644377173862 53.23397645949351
0.999618041663553 0.012117220063705754 -0.02483835257524016 -1.3130793627179038 -0.012420047177609072 0.9998499678225731 -0.012074115839476516 -1.0387093341995326 0.02468832130441769 0.012377997541074982 0.9996185632370196 54.307801981718086
0.9996408394047296 0.010772620222089269 -0.024538599140113342 -1.3493659525794008 -0.011151315065674478 0.9998200209852613 -0.01534841390298227 -1.0746201478183315 0.02436884007322847 0.015616539007790121 0.9995810539135402 55.37350752808744
0.9996644866496023 0.009021247585179807 -0.024280264075892666 -1.3759795255118015 -0.009434227209456985 0.9998118558604476 -0.01694839927094613 -1.1122894860530526 0.02412280018050396 0.01717177838472044 0.9995615141343518 56.44471932778687
0.999681090767132 0.007365402573531139 -0.02415507415779041 -1.4066630797487996 -0.0077221302967214085 0.9998620069572487 -0.014708356369867765 -1.143265224993936 0.024043407959750143 0.014890194369194523 0.9996000183299963 57.515520369683614
0.9996932944429354 0.006040789663796731 -0.02401720021296866 -1.4214631904266315 -0.006256132506387828 0.9999408130874586 -0.008901186890204214 -1.1714892008512099 0.02396200851127799 0.009048711633685294 0.9996719176639285 58.601942374544294
0.999705956578626 0.004999470501737354 -0.023727740640821723 -1.4474272948369238 -0.0050689553857091235 0.9999830365999833 -0.0028691816905714596 -1.196453090180522 0.023712993748439295 0.0029886128852826257 0.9997143402595107 59.687211799476515
0.9997196916941802 0.0032099516865985362 -0.023457072474300195 -1.4829543706020176 -0.0032591818433904108 0.9999925653811591 -0.002060804726214999 -1.2245989014442258 0.02345028299630028 0.002136677930240894 0.9997227209755793 60.76952016869383
0.9997263170314221 -0.00022206271174882034 -0.02339319821961395 -1.5083438658823631 0.00010214539201078721 0.9999868504425656 -0.005127232028715168 -1.2418813285006516 0.02339402917645821 0.0051234392852304265 0.9997131937554798 61.84838097662142
0.9997331791278086 -0.001685224142311823 -0.023037590381737767 -1.5509357763495115 0.0014944591561607155 0.9999644766096588 -0.008295306540522681 -1.266595602213333 0.02305075145927184 0.008258664441714567 0.9997001837144984 62.92531805343814
0.9997337036544595 0.00020475580776370492 -0.02307552496473276 -1.5806854107070885 -0.0004886663899875232 0.9999242503198065 -0.012298570141766722 -1.2961517215989944 0.023071258797432437 0.012306571310964166 0.9996580742034098 64.00394760922569
0.9997397984057268 0.0001453505067698337 -0.022810400191759242 -1.6197807463908056 -0.0005254955058961909 0.9998610692243561 -0.01666031524312321 -1.3243351873186868 0.022804809539904092 0.016667966965324306 0.9996009801611299 65.08469460603669
0.9997446464208559 0.003199075128829689 -0.02236979819218795 -1.6380523845413515 -0.0035855308449024652 0.999844656748216 -0.017257066396170966 -1.3562548008871358 0.02231111654309025 0.017332867343913497 0.9996008132190765 66.16914871332858
0.9997456401996258 0.007107565401424 -0.021404144830062956 -1.6783352263361089 -0.007398922011818205 0.9998806315654748 -0.013563870144239964 -1.3915162450759608 0.02130518375665537 0.013718787639265068 0.9996788904497302 67.26032526918534
0.9997426484497832 0.008219021646898101 -0.021144374045651365 -1.7189895372073078 -0.0084641609744673 0.9998976993581866 -0.011530342458199751 -1.4206366070814644 0.021047442828355356 0.011706344492320345 0.99970994125747 68.34814046066874
0.9997424664342213 0.007571219643910522 -0.021393397138486415 -1.7373598738087512 -0.007806762072200693 0.9999095930244847 -0.010948070312034488 -1.4426711982280869 0.021308572781145466 0.011112263977824912 0.9997111894518926 69.43345853104026
0.9997547384897792 0.006078301433744632 -0.021295941371886538 -1.7640627199333279 -0.006296266016059172 0.9999283294842086 -0.010182972511738385 -1.4716867121848358 0.021232519904366032 0.010314559932461434 0.999721356154759 70.52061788269583
0.9997553582208486 0.005049089982972007 -0.021534400364252162 -1.7931653825187166 -0.005236822659975512 0.9999486991380344 -0.008670339127204465 -1.502261466938716 0.021489518308515212 0.00878098983581106 0.9997305110980517 71.60388486060478
0.9997538178548687 0.003520941977594971 -0.021906771834422387 -1.8137216504827676 -0.0036657056891088212 0.9999716884102432 -0.006571527962985522 -1.5325921213393345 0.021883013650223233 0.006650213948278267 0.9997384199719577 72.68747761259313
0.999740304501866 0.002158639375660785 -0.022686203529088955 -1.838380967986875 -0.0022701738288249517 0.999985458213445 -0.0048917964423413765 -1.5620250950848613 0.022675314006741065 0.004942027690354657 0.9997306669783635 73.76688568130876
0.9997290289954879 0.001155145600361164 -0.023249391871235033 -1.8720990351155784 -0.0012974203734252448 0.9999805205014978 -0.006105351581035768 -1.5878824221779086 0.023241886414723113 0.006133861442468464 0.9997110534848006 74.84078179931241
0.9997191944036778 0.0016563623085871504 -0.023638714109812095 -1.912471902029779 -0.0018896966934884463 0.9999496829390577 -0.009851935671954639 -1.6160717761985435 0.023621206304279697 0.009893839193174997 0.9996720214944251 75.90927041608948
0.9997078062653347 0.0025715289737255646 -0.024035168626217247 -1.9383147944809995 -0.0028584543873008414 0.9999249757330929 -0.011911009348037753 -1.644081188440687 0.02400273589966603 0.011976232458941853 0.9996401545183248 76.97781158010551
0.9996839789382294 0.004416195843746988 -0.024747514390354646 -1.9741638739596468 -0.004668289552662049 0.9999377107586492 -0.010138129778419271 -1.6763491937929769 0.024701200919866887 0.010250454478765186 0.9996423254625102 78.04252173770662
0.9996687688253822 0.005245819346935379 -0.02519591265513647 -2.0120770224360234 -0.0053953958308588824 0.9999682028110771 -0.005872228760229797 -1.7021547439958065 0.025164306844701414 0.0060062256170941445 0.999665285440513 79.11298560094659
0.999651100252873 0.006822858655913082 -0.025517177802088006 -2.0505653335084992 -0.006872395199743242 0.9999746659119252 -0.0018541085598043948 -1.7298608635561332 0.025503881027021648 0.0020288257920348125 0.9996726643849302 80.17843756130378
0.9996320999087076 0.007911053248224909 -0.02594378670534915 -2.0892038963736947 -0.007947721814666605 0.9999675575305838 -0.0013105740248988904 -1.7487281551433338 0.02593257700394547 0.001516285864148659 0.9996625442253565 81.23906561479819
0.9996282655940294 0.007906201042808453 -0.026092577690686545 -2.1297425004976684 -0.007997132834823877 0.9999623017135566 -0.003382457412579935 -1.770557425248616 0.02606485165689588 0.003589865846578344 0.999653808261294 82.29348497806322
0.9996112931416237 0.008148053617749127 -0.026662180067923452 -2.1489594330732325 -0.008262004157222067 0.9999571888824119 -0.004166496092655207 -1.7960785865256679 0.026627089796636094 0.004385159589610379 0.9996358179178736 83.34080477923214
0.9996052557865716 0.007087637179304979 -0.027186356929139233 -2.1794789807775783 -0.0072053641215053255 0.9999650737662821 -0.004234852473264062 -1.8219279992252995 0.02715539231424459 0.004429068390567174 0.9996214123464202 84.37965915908825
0.9995936439718199 0.0058278172722547325 -0.02790310873327518 -2.216828913538816 -0.005941181137590001 0.9999744243350762 -0.0039815879273276565 -1.8431078412896236 0.0278791911258218 0.004145747408357943 0.9996027028177729 85.40439225795288
0.9995810351752205 0.004505364402928718 -0.028591184124354834 -2.243933500884479 -0.004589789681968009 0.999985296815841 -0.002887902839310579 -1.8585988616184335 0.028577752688257744 0.0030179204314927446 0.9995870168262283 86.41544921672038
0.9995620719717011 0.004772775123936649 -0.02920419307663424 -2.266366144707121 -0.004779075618738214 0.9999885695030508 -0.00014594338624941347 -1.8839141019011358 0.029203162703230742 0.000285448520647501 0.9995734559337154 87.4092900304484
0.9995415975225735 0.004025780601707173 -0.030006464512994824 -2.2944619375764046 -0.004005621684003157 0.9999917096243408 0.00073189993324873 -1.905161190674781 0.030009162216685273 -0.00061136988359254 0.9995494367013164 88.38149396122682
0.9994835878660199 0.0030415176897682326 -0.031989166238150214 -2.3274594476881663 -0.0030088698144535384 0.9999949022995789 0.0010686801649010427 -1.926652915631851 0.03199225357659006 -0.000971877048813021 0.99948764432888 89.33449129934321
0.9993819877769379 0.001964700444559319 -0.03509675852811178 -2.367973498810714 -0.00195921866158891 0.9999980625685614 0.0001905816337186804 -1.9478549414753454 0.03509706496636871 -0.00012170162766998748 0.9993839008206312 90.26477244533795
0.999258102960328 0.002008236354282121 -0.03846050773030735 -2.397698135250833 -0.002036529240789793 0.9999976837354476 -0.0006964713853293397 -1.9669458301591527 0.03845901996644069 0.0007742806238787479 0.9992598782462634 91.1706412978636
0.9991384439050406 0.0018184669945762858 -0.0414615857005628 -2.4404720151705286 -0.001838919318986856 0.9999982056053377 -0.000455150351626953 -1.986224635471 0.04146068362622252 0.0005310027250079852 0.999139995070437 92.05522885640035
0.9990106012156486 0.0027005603258622524 -0.04439060297716335 -2.4916880564727744 -0.002673306739290041 0.9999962000403873 0.0006733022078005081 -2.0046682731717977 0.044392252587894344 -0.000553966345314622 0.9990140244418302 92.91613255313622
0.998866388670078 0.0036548749026696823 -0.04746134716423421 -2.5316242274079994 -0.003576968180416386 0.9999921125528131 0.0017263055343358078 -2.022314226609673 0.04746728224613661 -0.001554580846217035 0.9988715835354208 93.75508111300168
0.9987099609961674 0.0045500645303272755 -0.050573814566486415 -2.574992953339764 -0.004398013596360148 0.9999854695647351 0.003117392468398988 -2.0371320285668064 0.050587264043845115 -0.002890946586441333 0.9987154605513994 94.56910423368716
0.9985652325998142 0.005858061026022205 -0.05322743055883926 -2.6300193442109596 -0.005668639889031676 0.9999770547016313 0.0037089880100529514 -2.046974461657469 0.05324793671767115 -0.0034019393389119806 0.998575527461016 95.35424438199571
0.9984311485180432 0.007924604990064924 -0.05542961577256802 -2.6874617643504664 -0.007704194619352252 0.9999615482642218 0.004188959093529945 -2.063312146939905 0.055460680253763585 -0.003755346691260499 0.9984538098064523 96.11312980702363
0.9982554137441182 0.009655031119382892 -0.058248685003569466 -2.736603027518704 -0.00950019042876886 0.9999505659944765 0.0029346122645042836 -2.0779356887781923 0.05827413931049014 -0.0023761189805220637 0.9982977906147107 96.8399719097951
0.9980979203237725 0.01107812082902139 -0.060645005435399246 -2.783530994931661 -0.011149353456269426 0.9999374942968245 -0.0008363114819406668 -2.094568177066374 0.06063195001704255 0.0015108733518244596 0.9981590473961784 97.5376085287679
0.9979090299236145 0.013568315847733207 -0.06319389845522085 -2.833549034534614 -0.013873496686159373 0.999894108370439 -0.004392964350391256 -2.1148461515692745 0.06312760162252097 0.005260499134191874 0.9979915996952321 98.20196523316582
0.9977453324077695 0.015480973313877596 -0.0653038369758357 -2.876171544860921 -0.01598011261352976 0.9998469027655786 -0.0071279050876433235 -2.126931648965134 0.06518349223055171 0.00815539670001108 0.9978399680536434 98.83915530498952
0.9976596325083876 0.017463467519743023 -0.06610813085708678 -2.924126179897979 -0.018031480209042706 0.9998053720081286 -0.008005237358037839 -2.1446060835805394 0.06595546516174153 0.009178529613968728 0.9977803521865044 99.44437027562877
0.9976980620635695 0.01992382879064618 -0.06481988893017869 -2.97718086908913 -0.020457154367537547 0.9997620378897522 -0.007574459037616598 -2.162241719312849 0.06465355202757535 0.008883053576941207 0.9978682325684929 100.02707280153824
0.9978069325389989 0.023932612717310908 -0.061713494680164876 -3.023026202442723 -0.024343855458135884 0.9996861136575119 -0.0059203768269797275 -2.182547627816146 0.061552433571296666 0.007409737435513932 0.9980763466351603 100.58934939656834
0.9980799125761068 0.026454542747185783 -0.05600576113320752 -3.060899421548721 -0.026743361254189003 0.9996325887615669 -0.004413628289263802 -2.1995016179486915 0.055868423468901425 0.005902936039392966 0.998420690192874 101.12754266357713
0.9984444339311962 0.027302970480240808 -0.04861337423765335 -3.087171547026745 -0.027460460953469552 0.9996195748632047 -0.0025746134716703576 -2.2110310424893242 0.04852458589249363 0.0039055541553829586 0.9988143527256215 101.6446879702248
0.9988768554944931 0.027206607841384133 -0.03879211320875089 -3.1044908297380607 -0.027226633956339247 0.9996292864148133 1.2050651644264151e-05 -2.2250011080284304 0.038778060302739586 0.0010441415497063865 0.9992473026271235 102.13915874421585
0.9992678510268173 0.026762651592587863 -0.027340855582481515 -3.107985046227042 -0.026739914797674576 0.9996417079508366 0.0011969468437664302 -2.2381869220058883 0.02736309304266333 -0.00046497835159279503 0.9996254523241552 102.61338178507626
0.9995688446425794 0.025905904954109535 -0.013820597252273664 -3.1085121401538394 -0.025888583735639507 0.9996638105703377 0.0014307578950031184 -2.2521491165847176 0.0138530159916059 -0.0010723453268295493 0.9999034673524426 103.0642380208599
0.9996670614359306 0.0257869106149313 0.0008952770468802914 -3.0911382381428725 -0.02578734740475754 0.9996673359134712 0.00047981401476480956 -2.2633598241948847 -0.0008826062992489919 -0.0005027410864071896 0.9999994841286276 103.49596234237988
0.9995185400796803 0.024554407265211412 0.018967580785137453 -3.0682838867460607 -0.024511538120146305 0.9996964477490207 -0.0024893487046910258 -2.278294684337745 -0.019022947615214822 0.002023225603600093 0.9998170002666421 103.91665606383287
0.9989186009321586 0.02400649789696153 0.039816036599142964 -3.034218372848112 -0.023742866560560183 0.9996930207454355 -0.00708099995429597 -2.2904277535266195 -0.03997380391241946 0.006127995723602105 0.9991819367208276 104.3279932409542
0.9976845857698051 0.02176048238957197 0.06443561688621939 -3.0005443006281456 -0.02105260476793397 0.9997105540959028 -0.011644563613420545 -2.3042346158161875 -0.06467035758227802 0.01026106404984196 0.9978539248881804 104.72886577610748
0.9956421971702795 0.019704934153773758 0.09115004544121776 -2.936265938563688 -0.0184624849575896 0.9997250707052581 -0.014454053153225333 -2.3163038739861452 -0.09140980178914859 0.01270820889665111 0.9957322680136005 105.1250355630236
0.9925067038412615 0.017217059482275227 0.1209711357842883 -2.868187645408128 -0.01544438877435345 0.9997593991484693 -0.015576092888690751 -2.3296860383031177 -0.12121020454377422 0.013591051360152036 0.9925338128433626 105.50729358603016
0.9881098523032685 0.015043345701275747 0.1530118215411057 -2.7807455717996827 -0.01250605172072578 0.9997680982828935 -0.017531352662138244 -2.3422058304959306 -0.15324006803566045 0.015409328535586318 0.9880688407912223 105.88589454541076
0.9820133051606714 0.012478494654799827 0.1883989269039677 -2.6810572031228492 -0.009058417617277804 0.9997783811131169 -0.019003518861128374 -2.3582031504746395 -0.18859430945202846 0.016955112207956622 0.9819087078808952 106.24815794076785
0.9739499321916903 0.009082673954793959 0.22658118769579094 -2.5635881268945377 -0.004841356094110027 0.9998026437365809 -0.019267455683423765 -2.375978419061119 -0.2267114704971374 0.017668576942515186 0.9738016895312172 106.60962234546797
0.9638016619759544 0.006917164013103477 0.26653050334700307 -2.4389319098045394 -0.0016378774874522732 0.9997981451027338 -0.020024644977330038 -2.39238142057451 -0.2666152166132442 0.018863241798477672 0.9636184433577049 106.95282117723896
0.9513888577557522 0.007825202301550416 0.30789285075679773 -2.2988751077112126 -0.001482399020647603 0.9997819499350931 -0.020829188105294022 -2.4104929958762393 -0.307988707311407 0.019360237419049017 0.9511930074257945 107.29350646905965
0.9361366216950561 0.010121602449558929 0.35149079459528304 -2.1417928232888572 -0.002720185419424112 0.9997641862562072 -0.021544662233296444 -2.420723399035246 -0.35162597474113644 0.019212627184119223 0.9359434004489965 107.62282005612853
0.918213550761083 0.010303756479602539 0.39595164831218466 -1.9761914751228016 -0.0023928761950548472 0.9997876419769262 -0.020468148273153665 -2.4302146349798037 -0.39607846361831134 0.01784666782975771 0.918043216360283 107.93558764685928
0.8977399396176335 0.009587782924458528 0.4404214745376567 -1.7920456340533055 -0.0012754694924343893 0.9998155080512197 -0.019165673425532506 -2.4435593350250873 -0.44052397663793963 0.016644046349183 0.8975865427512955 108.24553032547799
0.8743647669299217 0.008599310247605985 0.4851930607653532 -1.5995306561350955 0.0011692829711142986 0.9998027390686461 -0.019827146243592872 -2.4554148461792398 -0.4852678509121735 0.017903486087820223 0.874182233894618 108.53235246099946
0.8495046007661212 0.008815019125522893 0.5275075627088321 -1.3792794105573245 0.003070493771952503 0.9997608645468121 -0.021651461581283744 -2.4719814775537725 -0.5275722749966982 0.020012724912566688 0.8492743876371069 108.80589425736532
0.8216976209165309 0.011127767081740951 0.5698150512051173 -1.1637321968126875 0.003691069242147442 0.9996844949373992 -0.02484525285855576 -2.4893124169028034 -0.5699117438586129 0.02251851197416071 0.8213972977983952 109.0681342944421
0.7911762924313839 0.015567097682610484 0.6113900062679075 -0.9257592819660461 0.002608599485518052 0.9995810166903822 -0.02882683265543929 -2.5070977637271956 -0.6115825941794416 0.024401978238671667 0.7908041944468839 109.32665042953408
0.7571785377650209 0.02193561439341951 0.6528395597458925 -0.6825511824476179 -0.0013640490141140476 0.9994869054653756 -0.032001018320252685 -2.525577506909283 -0.65320655333387 0.023339979100874462 0.7568199548487458 109.57151809316744
0.7200024049983997 0.026586779610674665 0.69346209697896 -0.41358211992422333 -0.004039413706123772 0.9994094931441374 -0.034122546069831776 -2.5433073047476524 -0.6939598114685267 0.021767134935733352 0.7196846336439714 109.81013568850457
0.6808541833176698 0.02652036178398469 0.7319386937918217 -0.12491100192978466 -0.0017371481235313778 0.9993998907045643 -0.03459538663030855 -2.5602499906908354 -0.7324169327474808 0.02228292778227721 0.6804916661901326 110.02852860940457
0.6397460440069441 0.024046326711194214 0.7682101101581301 0.17282976506152214 0.002770706574634376 0.9994318108746735 -0.033591347053174694 -2.5683446903822658 -0.768581370033482 0.02361841619304848 0.6393159219462538 110.22672037545753
0.5961712666669517 0.021895552236651617 0.8025586617768058 0.4956116019715642 0.004284713970139478 0.9995270426872751 -0.030452129039242236 -2.58076716836259 -0.8028458519709237 0.021593418652001945 0.5957954869281923 110.41735856933055
0.5499846993852182 0.020405847199652022 0.8349254049567653 0.8210121582421188 0.004573971080066259 0.9996128822011937 -0.027443843134291553 -2.595676640866972 -0.8351622053414005 0.018912618472473195 0.549678454764059 110.59149213015264
0.5022278143440115 0.017664961087223922 0.8645548979960884 1.1661371533263936 0.0060392655352931165 0.9996952877226359 -0.02393447256466595 -2.612057267821734 -0.8647142590307119 0.017241834442465444 0.5019680959722702 110.75161404934724
0.4518173932726869 0.013862065054035795 0.8920027389468682 1.5220867113856258 0.008115435296386773 0.9997740321150513 -0.01964750412548355 -2.627395504724458 -0.8920735299549168 0.016116074610413353 0.45160280035992506 110.88475070479245
0.4001370074659576 0.014033895118732174 0.916347873377784 1.8879051268769342 0.005227752744321698 0.9998315251164286 -0.01759522618777739 -2.6440320499578567 -0.9164404213354155 0.011830941262267879 0.399996228696491 111.0159547723048
0.3493209814127438 0.018968119657360526 0.9368111135023455 2.263548202304875 0.002073079407815503 0.9997769893384181 -0.021016039854743054 -2.654080661927118 -0.9370008293948344 0.009283427495882535 0.3492037566913071 111.12833942401373
0.29906372805262826 0.024173091625748447 0.9539269092569511 2.6455353003519617 0.001411359324102985 0.9996667824701072 -0.025774640457629 -2.6636649173922695 -0.954232096833953 0.00905459370236709 0.29892995785762694 111.22020428300294
0.2523888723318405 0.026275459289213786 0.9672690718524011 3.0474586848877627 0.002854763001465059 0.9996066766214239 -0.027898788182927504 -2.6767500695410504 -0.9676216757861866 0.009802667647699553 0.25221459167883387 111.29805865008872
0.2115166143155702 0.02587005552116226 0.9770319657492343 3.463831299408252 0.009839165008132637 0.9995426204139176 -0.02859616771562162 -2.6953705398283714 -0.9773248757196461 0.01566174330683533 0.21116533118902206 111.3461765726413
0.1765835750657673 0.02585590287279211 0.9839459910501327 3.8969904262065107 0.017591687114089927 0.9994123427313162 -0.029419410952303066 -2.706299986471924 -0.9841284334686571 0.022504254774003647 0.17602495549095856 111.39207260204041
0.14620115297346284 0.02718778225214161 0.9888812099364832 4.339626577085253 0.02185665971142182 0.999289481845377 -0.030705339917598783 -2.720695390848896 -0.9890134019797151 0.026102796198995748 0.1455030402950544 111.43743538884154
0.11820976550294969 0.025855980629873317 0.9926519629786705 4.80311340458924 0.0200345327852972 0.9993953505954042 -0.02841743662546662 -2.731006542662083 -0.9927865172512229 0.02324653681637706 0.11762027754699503 111.48404922151231
0.092955446795167 0.022239229384266743 0.9954218711619247 5.286199127310639 0.013611878880673469 0.9996287071537252 -0.02360433408313402 -2.748242403682534 -0.995577220342274 0.015743713366429518 0.09261821540597086 111.52062406859594
0.06899064283113136 0.018265868033684005 0.9974500735709663 5.785082868772498 0.00849397293788292 0.9997853712000616 -0.01889613606227475 -2.760951687807795 -0.9975811463863368 0.00977597050576191 0.06882068566348784 111.55489780976143
0.04671178047364399 0.015865612382494107 0.9987824046851813 6.30548976403716 0.012470273904382363 0.999786678824466 -0.01646478405239959 -2.7760377926579634 -0.9988305671302475 0.01322418953550346 0.046503967329650966 111.55486343183033
0.027045271216886217 0.016592301546238326 0.9994964976598 6.840890914841168 0.02064002033403352 0.9996398141754189 -0.017153176846964567 -2.7931635165338746 -0.9994211038723446 0.02109354035555086 0.02669306445226854 111.54087963906379
0.009782278392138395 0.01929296098191728 0.9997660169689764 7.395038088951628 0.025891743422290604 0.9994737516358673 -0.01954066051795219 -2.801971038123641 -0.9996168889389639 0.026076837374838964 0.009277602088536353 111.53469999104031
-0.0047097446420763245 0.02486795702442738 0.9996796501974222 7.968089003128103 0.025861188790225847 0.9993594061939871 -0.024738152031966488 -2.8110793865844608 -0.9996544489071024 0.025736393784514963 -0.0053498425402672585 111.53289342851154
-0.015316940698530436 0.02944015589815765 0.999449182574248 8.559988182915506 0.023388819489035977 0.9993034907711646 -0.029077421747348488 -2.826586493668447 -0.9996091008241906 0.022930559375123245 -0.01599484280000807 111.51322707163425
-0.021553363750299547 0.029371099595538647 0.9993361751781022 9.178192062806557 0.026150055773095572 0.9992429550477596 -0.028804363740309796 -2.838016436890393 -0.9994256486072944 0.02551186578768844 -0.022305102777609654 111.49809394879115
-0.024195252462634848 0.026178818595532144 0.9993644276314892 9.820787938739475 0.03208151474557686 0.9991625384032258 -0.025396816006158236 -2.8634612884820525 -0.9991923569412942 0.03144664224624841 -0.025014846022668086 111.47552882560743
-0.023913258894749913 0.02456211499245671 0.9994122565568887 10.477783001003619 0.03361425727262317 0.9991526164976744 -0.023751434774768335 -2.884004952259104 -0.9991487565708334 0.033026526504425224 -0.024718632446192504 111.46569011120575
-0.022159871442529847 0.02420306047436385 0.9994614309523541 11.15396454661866 0.03231232985408564 0.9992019747229385 -0.023480354536929333 -2.906483280871971 -0.9992321319078221 0.03177460579540543 -0.02292424457850895 111.45317526047347
-0.021190716985370492 0.024801264974248793 0.9994677837575984 11.842640545307965 0.02885011233939621 0.999291122279034 -0.02418520110132843 -2.9194693474642883 -0.9993591068938382 0.028322256089241462 -0.021891214638875115 111.46911115808545
-0.020106656814739853 0.02618307089670517 0.9994549360277104 12.552607987400506 0.027935491645800763 0.999281442682129 -0.025616530163722243 -2.937492888991501 -0.9994074897949492 0.02740520223496997 -0.02082364598764465 111.45646149520839
-0.019123664145169774 0.026948554883238246 0.9994538813068714 13.275421544680123 0.027744347440961947 0.9992660428228312 -0.02641262664472487 -2.9609358665225884 -0.9994321070761825 0.02722408953305026 -0.01985729826432968 111.44612621188077
-0.018262773516630353 0.026455513042441817 0.9994831549021441 14.013752326336117 0.02706778738398103 0.9992965634367993 -0.025955985620607643 -2.98749892802481 -0.9994667608227977 0.02657976924397169 -0.01896601901616089 111.42852126966676
