1.0 0.0 0.0 0.0 0.0 1.0 0.0 0.0 0.0 0.0 1.0 0.0
0.9999974536434196 -0.0018838381320141913 -0.0012425218586137377 -0.004988379415065514 0.0018875799042642077 0.9999936668514879 0.0030171673835588486 -0.022678307764651812 0.001236830134570459 -0.003019505060065756 0.9999946764060349 1.5291126058951987
0.999995360758183 -0.002132000969233167 -0.00217555371768898 -0.03390779420862949 0.0021402002430752024 0.9999905901544933 0.003773479215217704 -0.04034126427525447 0.0021674881847203726 -0.003778117829730562 0.9999905138653234 3.052458326400527
0.9999918701696711 -0.001094440719419563 -0.0038809527277464746 -0.03917545594728769 0.001108296300094005 0.999993014087482 0.003569797689526296 -0.05600013474651082 0.0038770186837987154 -0.003574069913225767 0.9999860972785475 4.56653976549388
0.9999850683026076 -0.0007537603980729935 -0.005412487144676949 -0.047290685930118495 0.0007722539552582482 0.9999938687851012 0.0034155550111607752 -0.07635926484371632 0.005409879449450267 -0.0034196838257321833 0.999979519273707 6.079676366696332
0.999977027696834 -0.000939709204423148 -0.006712750942494558 -0.0706659960404386 0.0009652141948498954 0.9999923245769607 0.003797255419968465 -0.09280137133476331 0.006709131103421616 -0.0038036474307619537 0.9999702594707801 7.61548156771839
0.9999628346849427 -0.00100669220995989 -0.008562465745794034 -0.08916001973801631 0.0010422327844235649 0.9999908568190009 0.0041472917938803954 -0.10808863381576275 0.00855821241127858 -0.004156061740990022 0.9999547410513777 9.099322238134388
0.9999440385754339 -0.003178451367631538 -0.010090449165141931 -0.11261367906327165 0.0032121042054080143 0.9999893277270755 0.0033206653738914373 -0.12475775031982744 0.01007978690371539 -0.003352891118924397 0.9999435764167495 10.599478272693666
0.999924622795382 -0.004052821734988136 -0.011589795662442713 -0.1261322205259625 0.004095433580743001 0.9999849329807372 0.0036553023536245147 -0.1486930536463708 0.011574806749941473 -0.0037024920655009228 0.9999261549740589 12.094285681218983
0.9999086894109708 -0.00392931769908744 -0.012929551533364038 -0.14499380880882595 0.003977386045001912 0.9999852669032875 0.003694100243638313 -0.16783834551665022 0.012914845747561297 -0.0037451887510060026 0.9999095860729285 13.587411967536818
0.9998936166454749 -0.0035645715529256093 -0.014143875751560345 -0.1747477869414318 0.003617473871608773 0.9999865507420042 0.0037164792340888143 -0.18204329969670505 0.014130437870771412 -0.003767248963535336 0.9998930635627121 15.075963776770958
0.9998906543962546 -0.00221655170106126 -0.01462074381096725 -0.20883978484675492 0.002279932529791709 0.9999880707591491 0.004319750809337038 -0.1976469562515469 0.014610994445588284 -0.00435261277300106 0.9998837800481405 16.560454600394557
0.9998836993152908 -0.0004575526717059703 -0.015243965662568108 -0.2396743951592035 0.0005340434681010643 0.9999872868055693 0.005014082648967109 -0.21010963958066528 0.015241477656156494 -0.005021640448011849 0.9998712319524282 18.04307053503988
0.9998727644354972 -0.00023597390749702322 -0.015949898320416416 -0.2758156425345189 0.00032924942524028384 0.9999828597846655 0.005845659218467273 -0.2221785134791512 0.01594824551267689 -0.005850166937571317 0.9998557040952802 19.516756282906606
0.9998661674643896 -0.0006070478918625091 -0.016348659056030168 -0.31924799089953537 0.0006996098519272447 0.9999837564529284 0.005656622344275924 -0.22753402196962444 0.016344959655147987 -0.0056673029871059065 0.9998503507879181 20.989836301325376
0.999856135763914 -0.00017780790057791756 -0.01696101882565632 -0.3523059063136478 0.00027613957329199066 0.9999831687257306 0.005795344009059894 -0.23848872626560752 0.01695970289214511 -0.0057991938748222 0.9998393560108599 22.451747197605183
0.9998540054523584 0.0006112229523087801 -0.017076129168466 -0.37914431360527845 -0.000503490143049051 0.9999799488518756 0.0063125582671555045 -0.2531579380743812 0.01707964515297128 -0.006303039005348976 0.9998342649763231 23.90886572246564
0.9998587445373004 0.00197692243227059 -0.016690798362891304 -0.42084376810514723 -0.00185275958614119 0.9999705231014016 0.007451188510934744 -0.26107698122716794 0.01670503679163474 -0.007419211953186677 0.9998329345644613 25.360932753702123
0.9998583175266557 0.002348058063511298 -0.016668278138316013 -0.4524028425281329 -0.0022475341987187748 0.9999791908426796 0.00604702171697933 -0.2729995644008885 0.01668213004359673 -0.006008702434836385 0.9998427886584254 26.801928117655358
0.9998549056891137 0.0028705452304588065 -0.016790698004963172 -0.4778105192228002 -0.0028045287788642324 0.9999882503646408 0.003953953843116439 -0.28238422240660616 0.016801850723729965 -0.003906290151136066 0.9998512082852684 28.235203697215777
0.9998653636645256 0.000700398001685859 -0.016394022893901173 -0.5110945061119142 -0.0006395707715820538 0.9999928938018329 0.0037152785985433 -0.2947425406287787 0.016396508568431823 -0.0037042932491758492 0.9998587063772002 29.660712778137018
0.999875741735573 -0.00012485949722030785 -0.015763422814993436 -0.5481867728706077 0.00022527662197122642 0.9999796945899245 0.006368646503387258 -0.308112386112103 0.01576230754622856 -0.006371406277068368 0.9998554669765373 31.082039769887082
0.9998701806939888 -0.002176555372682076 -0.015965098361129946 -0.5628030881961519 0.0022969605233792976 0.999969031251429 0.007527317612072489 -0.32595519251711536 0.01594822031842241 -0.00756301162161125 0.999844215427526 32.49353042625744
0.9998732251625865 -0.0028101822386479253 -0.015672794222915305 -0.5863236639143571 0.0029179897140162296 0.9999722123647891 0.006860017077135649 -0.34398800686045294 0.015653080814879677 -0.0069048804519183035 0.9998536411330141 33.88804381201598
0.9998826242536062 -0.0022684673144688938 -0.01515228602441506 -0.6092655247525885 0.002344464788601752 0.9999847531283196 0.004999699565883378 -0.35772414326264035 0.015140713344406953 -0.0050346367234660626 0.9998726975132802 35.27229663613096
0.9998925685719784 -0.0013278318582842933 -0.014597540104007958 -0.6394637239782137 0.0013896235570234918 0.9999901146308323 0.004223693524033838 -0.3718611853775183 0.014591787447114198 -0.004243524852210058 0.9998845294512387 36.640122107163286
0.9999059532305968 -0.0005600434360146347 -0.013702957540682952 -0.6646069202077993 0.0006047940585761451 0.9999944973038969 0.0032618378368519056 -0.39380444315155405 0.013701055366602002 -0.0032698185388464374 0.9999007897629457 37.9964292362186
0.9999214927052846 -0.00043126151173968194 -0.012522876648132942 -0.686851952078197 0.0004867665226715362 0.9999900708924082 0.004429579545467679 -0.41801394193611763 0.012520841999972183 -0.004435327508280575 0.9999117743008651 39.33067976843775
0.999936382929989 3.157085230730955e-05 -0.011279587588737152 -0.6922571215836181 4.092793155468697e-05 0.9999793448623545 0.006427143499383772 -0.43673081391121427 0.011279557517701105 -0.006427196273534485 0.9999157278142315 40.654734069423505
0.9999544007951278 -0.0005871704030190387 -0.009531608540799862 -0.7140001960469557 0.0006578974185586937 0.9999722637450269 0.007418821445079818 -0.45141297731556956 0.009526988057297235 -0.0074247539733744055 0.9999270521027966 41.95795018402978
0.9999724881033474 -0.0002582264865183451 -0.0074132553903554855 -0.7323130252636953 0.0003173598765727842 0.9999681357218999 0.007976642374943943 -0.4634089513275781 0.007410959391989406 -0.00797877559219884 0.9999407066526182 43.24035767319506
0.9999914378229109 -0.0005123916388226179 -0.004106304381801555 -0.7426776476896795 0.0005429247119570981 0.9999721903403633 0.007437995607314081 -0.4789076151878869 0.0041023790201155505 -0.007440161336002072 0.9999639065914667 44.50373968327667
0.9999994333431833 -0.0009574815833711249 -0.0004653410900154862 -0.7465062273554517 0.0009600748636440838 0.9999838312168668 0.005604958616632725 -0.4882420570200696 0.00045996692136534873 -0.005605402202828132 0.9999841838232111 45.74507799611625
0.999995410686547 -0.0011933436876869177 0.0027846968753822044 -0.7366983374688731 0.0011828703082053516 0.999992232822428 0.003759669220849423 -0.5007943967489756 -0.0027891618236795613 -0.0037563580312975197 0.9999890551154347 46.97845374366046
0.999976051981568 -0.0008907849552505719 0.006863087171257894 -0.729827114987668 0.0008615287487547688 0.9999905353793558 0.00426461251766651 -0.5125552089358721 -0.006866821067412052 -0.004258597641743961 0.9999673550244286 48.198702945682115
0.9999257245014411 -0.00027654332800822906 0.012184785761599254 -0.7196190591132747 0.00022761748952352528 0.9999919078224263 0.004016525855024903 -0.5264861112505641 -0.012185797903576115 -0.004013454055218987 0.9999176958710139 49.40832959442757
0.9998272082642707 0.0012795120085808947 0.01854498486100699 -0.7026995215602814 -0.0013389499379300818 0.9999940059463913 0.003193005536139556 -0.5417714037202701 -0.01854078821244655 -0.0032172846174991893 0.9998229284489073 50.60631227309059
0.9996588136901601 0.002745660390421099 0.02597532599608203 -0.6857429370111326 -0.002831002706172591 0.9999907136576041 0.0032493110400283335 -0.5599325072610639 -0.025966163275692147 -0.003321738637773545 0.9996573034881304 51.791940820572286
0.9994067462679489 0.0036887357396397946 0.03424249907286663 -0.6524131740509581 -0.003835748809119024 0.999983702880758 0.004228593615231731 -0.5742375535515052 -0.034226342854379095 -0.004357430611328028 0.9994046078807519 52.96930667038347
0.998984685165759 0.006202746523580825 0.044622020795052356 -0.61205846396237 -0.006428312537554442 0.9999672675046632 0.0049133203821858885 -0.58981488756795 -0.04459008412404483 -0.00519517611084417 0.998991859097453 54.13332773078254
0.9983120261016556 0.008381260118389439 0.057470453449017266 -0.5548682335346883 -0.008676281225561952 0.9999504241406149 0.00488583719547565 -0.6046416135083701 -0.05742665482946678 -0.005376219846102227 0.9983352520948366 55.281029785364375
0.9973243735822811 0.010472074383794607 0.07234935740427285 -0.48937581889849646 -0.010894165621749524 0.9999258486100944 0.0054419148091251375 -0.617897145671373 -0.07228700446219097 -0.0062155401602880375 0.9973645051065314 56.412148114191744
0.9959953666744221 0.012931985924168114 0.0884646443679104 -0.4009307518479494 -0.0135737395024956 0.9998857151126134 0.006656598955724749 -0.6279368817451636 -0.08836845115199268 -0.007830737755542449 0.9960570748642866 57.5305213425866
0.9942754221353144 0.01289357353051233 0.10606668043856209 -0.29027306101161787 -0.013768515717355432 0.9998769249255716 0.007520836145351245 -0.6449307719139433 -0.10595665582012148 -0.008938163289935568 0.9943305769835383 58.639138140614406
0.9920698519694346 0.012527266973378134 0.1250618902604715 -0.16189186015408283 -0.013471721225882556 0.9998867446060798 0.0067090005417706515 -0.6615994872709138 -0.12496368088591409 -0.008340596095908127 0.9921262585559391 59.73033602638424
0.9893370767866243 0.011710522405410343 0.14517235329183717 -0.009574272528571376 -0.012688940395718887 0.9999025803176105 0.0058155537844449936 -0.6678670892361882 -0.14509010747439485 -0.00759562631902444 0.9893892900036305 60.805349093257284
0.986108600619595 0.00883775587198253 0.16586657847562886 0.1684171883602973 -0.009931348192029588 0.9999340645875967 0.005764963175774636 -0.6838989432320075 -0.16580469265721437 -0.00733215851414857 0.9861313519731374 61.865280200888634
0.982297012086795 0.0038059155073715224 0.1872914708482644 0.3816731374691658 -0.005356371195922902 0.9999554445139909 0.007772919299703572 -0.6906504149133554 -0.18725354291165475 -0.008638518042984163 0.9822736312622119 62.90749484640127
0.9775815492156581 -0.001736046012724379 0.21054999590918183 0.6005691219469166 -0.0002512168055024723 0.9999556809641136 0.009411322846121367 -0.7090516540930932 -0.2105570030258583 -0.00925322926545081 0.9775377876199608 63.936666738787785
0.9721551589732567 -0.0067980069968206075 0.23423947998267605 0.8510818973678651 0.004849899739873121 0.9999487061464905 0.008891768579655198 -0.7160003254657438 -0.23428791124212184 -0.007508140704072025 0.9721382630413069 64.9457694323263
0.9657353484097484 -0.012936884454371349 0.2592062380663658 1.1221288521031691 0.011472049111683105 0.9999085363732247 0.007163168093506525 -0.7266884100426082 -0.25927519920170183 -0.003944097941348047 0.965795431326088 65.9328971687614
0.9583082963215331 -0.016344586984144538 0.2852684063783431 1.4170228814805692 0.01476562351881063 0.9998614485609083 0.007685053271382107 -0.728013464972064 -0.28535449105178323 -0.00315248441724461 0.9584168593459602 66.90412696894231
0.9497968639365749 -0.018734990843153717 0.31230580746178194 1.7349317308997816 0.016457210010391368 0.9998152820042993 0.009927845150813241 -0.7308119728891355 -0.31243411704697394 -0.004289753929026838 0.9499297450423919 67.85680722552055
0.9401381105028338 -0.02302089869543759 0.34001525172176805 2.0751621082623943 0.019833425419043104 0.9997207508192107 0.012847397309260267 -0.7375406539512607 -0.34021606137322463 -0.00533466069484617 0.9403321609830001 68.79625392150696
0.9293146321783936 -0.026235996734495757 0.36835578846339045 2.44375354953878 0.023239346988726543 0.9996509050252502 0.012569838254201337 -0.7456398873781354 -0.3685569795441075 -0.003120986630338232 0.9295999205420444 69.70941720202535
0.9173296046104177 -0.025775596705972917 0.39729336153495864 2.8317376137042096 0.02427355237769418 0.9996665337065818 0.008809996710328082 -0.7528123049194705 -0.39738796051247344 0.0015620504216247574 0.9176493714040319 70.59686223723125
0.9042094827782723 -0.02683625917069473 0.42624526560136033 3.235217009980554 0.028069039058675808 0.9996002364338947 0.0033906293848455287 -0.7567169190456021 -0.4261658600828706 0.008898455766376314 0.9046012807777792 71.46760983909022
0.8902318473900324 -0.028745623354974797 0.4545997657615605 3.685206023232781 0.031798141545895726 0.999493877382843 0.0009312724835411164 -0.7616118701825786 -0.4543964525464061 0.013626379274970887 0.890695338317819 72.31158090703302
0.874797039985829 -0.029416039813282422 0.48359573554130614 4.161430462572095 0.031186239167881692 0.9995039788951965 0.004383452889611171 -0.7756887711926328 -0.48348480567500407 0.011246900656409712 0.8752804978445631 73.13922793533253
0.8574153593029326 -0.028321796795733552 0.5138450909152347 4.661726299894288 0.026913437339026944 0.9995858694589482 0.010186091919768006 -0.7857229465705383 -0.5139207803952103 0.005095625993033255 0.8578225143196667 73.95246072434209
0.8377111850893203 -0.028727397827577602 0.5453574121530796 5.16440616932624 0.025178477335388298 0.999585239146758 0.01397833892102781 -0.7961585244581358 -0.545532780550645 0.002021458378468028 0.8380870474185266 74.74973292181726
0.8170114272801733 -0.022498659227162994 0.5761823826069273 5.710948250292796 0.02127181937775399 0.9997343406919174 0.00887455585698346 -0.7903967147490533 -0.5762289800018519 0.005005834024266905 0.8172729680050261 75.50277358633454
0.7955500661771652 -0.015485177745191592 0.605689938397287 6.281789975052639 0.018395999653331184 0.9998297999520307 0.0013994015285057823 -0.783731612324743 -0.6056085199221216 0.010028977918171528 0.7956995288421701 76.22887671537974
0.7732553882909438 -0.013383692406793242 0.6339534535410178 6.860847689106 0.017719719816400532 0.9998428658007984 -0.0005052097346328905 -0.7936471760568408 -0.6338470762010738 0.011624133722908296 0.7733710387042816 76.9401170976376
0.7498503451453306 -0.015746642860500266 0.6614200655589862 7.466737995202243 0.01873172219627926 0.9998212506706 0.0025669614410128634 -0.8022157871974767 -0.6613422581908626 0.010464700000577552 0.7500112716385705 77.63502857080793
0.7243538897304626 -0.01584408657866571 0.6892462603111009 8.059547977504769 0.01884378177915567 0.9998173838843003 0.003179743859858124 -0.8132652216858058 -0.6891707729732942 0.010684746288166779 0.7245201735467045 78.32851628158011
0.6994564925923044 -0.013984595100205147 0.7145383447166123 8.711430300431443 0.01955292810269002 0.9998087318118927 0.00042754567852190065 -0.8234381738620524 -0.7144076553152843 0.01367226728013718 0.6995961485988438 78.94620811912063
0.6733312184939569 -0.011750144965163738 0.7392475933641868 9.374532884994904 0.019485978115732914 0.9998084061494794 -0.0018567847780482294 -0.8371875756495742 -0.739084140580973 0.015655193583487055 0.6734311754407759 79.55436182955819
0.6453912058815605 -0.009423174449429809 0.763794079025258 10.034473795768108 0.01745024258266515 0.9998448291310974 -0.002409708200982993 -0.8589707313698627 -0.7636528533336011 0.014883596443849215 0.6454554966474012 80.16166634865793
0.617486586495029 -0.007864557412009558 0.7865420931109991 10.746901637295533 0.017299288864329358 0.9998439335895764 -0.003583722772817684 -0.8692246205912829 -0.7863911559163829 0.01581951961461315 0.6175262688304486 80.71656585526271
0.5884849342034992 -0.0011707752879149807 0.8085073354650099 11.464290813242865 0.016401750021467973 0.9998104482558596 -0.010490479238398697 -0.8691185653038956 -0.8083417994955696 0.019434424191192512 0.5883925886214226 81.26192950901725
0.5578763959225195 0.008149552144574935 0.8298840350749884 12.20452173183835 0.015187849967817215 0.9996840783700689 -0.02002679871427376 -0.8917650006080088 -0.8297850661983827 0.02377663250399049 0.5575763765269411 81.78196573951183
0.5270475304168057 0.016600183156243634 0.8496736635913384 12.981150662936972 0.014796147040744986 0.9994784153502108 -0.028704899961174833 -0.9019288265381766 -0.8497069934479142 0.02770074309854459 0.5265270117643464 82.27355808458276
0.494522868902455 0.021368240368569907 0.8689019107103161 13.771674392336857 0.012023146201082987 0.9994339185885138 -0.031421112810277346 -0.9429661201229554 -0.8690814553814339 0.025985393557916518 0.4939860152208018 82.75635813814951
0.462009338903613 0.02124447739012131 0.8866205743982422 14.587145700874355 0.011109046981278695 0.9994959955233786 -0.029737922050791635 -0.9507993582408154 -0.8868054802723159 0.023588707322611795 0.4615404782311437 83.19921288742476
0.4283575232911586 0.019891315248137583 0.9033903739898747 15.425457716658924 0.005790376116449421 0.9996767289779455 -0.024757000714670675 -0.9959317193325818 -0.9035907833661724 0.015835817555635075 0.42810386952006063 83.61505492340366
0.39350670384611175 0.02117141103788966 0.9190779321596375 16.269547529632185 0.0017620599905356195 0.9997155827446125 -0.02378337154800463 -1.027685257702739 -0.9193200580715927 0.010978386596645438 0.393357478453093 84.00177661436928
0.3579217127988956 0.024112433912012954 0.9334402166384013 17.13726205778548 -0.005683297307982396 0.9997042650059349 -0.02364492885701831 -1.0638003830029883 -0.9337343024858903 0.0031580151651285464 0.35795290095402515 84.36082697765313
0.32219050866095883 0.02600282862341413 0.9463176681391804 18.025652189745635 -0.010531214300783725 0.9996592896989668 -0.023883007430159375 -1.0929033223931333 -0.9466162737108113 -0.002270995847515066 0.32235457639642157 84.6672988177571
0.28588509044097793 0.02540362144369936 0.9579271220093422 18.9286780584303 -0.013350088155177213 0.9996571171934792 -0.022526055817046503 -1.123708320731672 -0.9581709086638984 -0.006348548020524978 0.2861262059445582 84.94968318969347
0.2498732483048771 0.024829849324610527 0.9679601429625542 19.848955359048116 -0.014345132574246482 0.9996563721273344 -0.021939800287251145 -1.1561322836188967 -0.9681722868131447 -0.008403347412448612 0.2501435723724852 85.18727400391037
0.21352307754108754 0.024403182769449205 0.9766331860161754 20.781754948473775 -0.013577006841424825 0.9996655492432284 -0.022010328063509957 -1.182389852540361 -0.9768436723665707 -0.008560042462294437 0.21378298676562824 85.40954134915273
0.1780147507205108 0.023242779223727097 0.9837532829626915 21.725663834776807 -0.01145270026331931 0.9997022330205405 -0.02154717963966973 -1.2087990004672253 -0.9839611700583465 -0.007430915670542097 0.1782279363896246 85.58725034501364
0.14325596761019016 0.02247114033687009 0.989430530960123 22.68002678685531 -0.003585382880445808 0.9997474238881936 -0.022186334950189124 -1.2383210051236544 -0.9896791766899343 -0.00036916240608164414 0.14330035221676535 85.72421319847676
0.10975546325036024 0.02584096658943904 0.993622656108658 23.63495107397077 -0.0012618906868681477 0.9996648110562818 -0.025858715507615267 -1.2744060507869974 -0.9939578189835777 0.001584292123592944 0.10975128290764435 85.82768538576899
0.07713203713796611 0.030726567899518567 0.9965473028773224 24.594553150284806 -0.000254321400575306 0.999525574767456 -0.030798712739541483 -1.3095147574848318 -0.9970208544296202 0.0021221241490206114 0.07710325817709293 85.90801200754484
0.04813116262633999 0.03474836369071314 0.9982364160884217 25.559103468762373 0.006374878275628073 0.9993636493648995 -0.03509497478332242 -1.3430865436870407 -0.9988206806585479 0.008052797581526333 0.04787901774162864 85.94197735465711
0.022860065241201172 0.033006570916570686 0.9991936667601027 26.530215757196597 0.008504015425326805 0.9994122708487644 -0.033208351337621636 -1.379849381942418 -0.9997025053178624 0.009256303433147562 0.02256594132624778 85.95527515985569
0.0008611771949698986 0.02993359260058794 0.9995515186361644 27.511904555699306 0.010232249793556272 0.9994992980966539 -0.029940844484743264 -1.419403126403381 -0.9999472783292116 0.010253445192682198 0.000554458005201231 85.95036012127312
-0.01777321462308582 0.02727778136188851 0.9994698772278915 28.494780482039435 0.010763942913469972 0.9995750649971286 -0.02708924083364054 -1.459936780013374 -0.9997841018814583 0.010276773810901151 -0.018059278643464613 85.92430856127254
-0.034104639707018804 0.030613577737937506 0.9989492892076852 29.474538043611854 0.01228856239197072 0.999468033968351 -0.03020993726870175 -1.4936477769747782 -0.9993427163815174 0.011245351640722783 -0.034462694057247285 85.88376787262922
-0.048532718900722104 0.034925737513931035 0.9982107833795492 30.45656264969118 0.014979608775690365 0.9993015236930589 -0.03423559647003707 -1.5322594871603614 -0.9987092602539678 0.013291260430822257 -0.04902199383061977 85.824911367248
-0.06023761050745008 0.040259546922305205 0.9973718459842172 31.442448887348107 0.019170067016776936 0.9990486795795096 -0.03916943146143137 -1.5717856807752812 -0.9979999693441487 0.01676021217199205 -0.060952083451058535 85.7525666258221
-0.06908807168929826 0.04368845630617518 0.9966534789664057 32.43333299896597 0.024757878872566735 0.9988080103858645 -0.04206668304921563 -1.621383197297424 -0.997303306814924 0.021768720095937364 -0.0700873529347417 85.68336238270092
-0.07470944553821904 0.04898885435147679 0.9960013006501064 33.42337236332931 0.028593697076724357 0.9984871379819933 -0.046966325936923944 -1.6751264607570902 -0.9967953146132125 0.024970531309097817 -0.07599719291713981 85.59925290893769
-0.07823403595871377 0.05349489614906832 0.995498735159223 34.41503931454949 0.03084731490889285 0.998211060295107 -0.0512164257580612 -1.7337728022045609 -0.9964576653227768 0.02670159528042816 -0.07974425389304202 85.52409973710701
-0.08120789033441729 0.057413683469155284 0.9950421837781244 35.414565036260036 0.03306563658025494 0.997945169936809 -0.0548826154381959 -1.7965425242818789 -0.9961485542954789 0.028444801815059772 -0.08293944191231464 85.45265076552825
-0.08367525508603146 0.060196555911288106 0.9946732259102528 36.41473268150135 0.033511447271508336 0.9977791361582754 -0.05756542668143489 -1.8599572293013624 -0.9959294325342801 0.028516137600767308 -0.08550669744691129 85.35956906392673
-0.08625923828566949 0.06347797049070682 0.9942484051145162 37.41770636770208 0.034398637305332956 0.9975628353784192 -0.06070521578337608 -1.9333852843191046 -0.9956787019726338 0.028964404605498796 -0.08823256600562354 85.28336655220022
-0.0881587453291993 0.06734066129830302 0.9938275861324692 38.42141884564328 0.03568596212133164 0.9972852869467852 -0.06440938244498513 -1.9994811156067598 -0.9954669998194078 0.02978744325007936 -0.09032253592081568 85.19066703685255
-0.09030853254313088 0.06883644141224288 0.993532039384542 39.43190044778395 0.038433305990086084 0.997106188455483 -0.06559062383033298 -2.0693865590980396 -0.9951719700336095 0.03226132789391454 -0.09269280868515446 85.09434041390071
-0.09230873044082438 0.0676163237565007 0.9934319961859803 40.451105800501225 0.03881876074544602 0.9971776212929764 -0.06426426228215952 -2.1400674363991445 -0.9949734680375089 0.032631646512832145 -0.09467298213994595 84.99915298522559
-0.09457779631848973 0.06726370128428294 0.9932424854651957 41.469790098391115 0.0379673639518487 0.9972326155564641 -0.06391861814027401 -2.215554679780999 -0.9947932044993485 0.031665516890665754 -0.09686988862366276 84.89437662301505
-0.09679083202326143 0.06884720407672962 0.9929207407074667 42.49007206199394 0.03788436655942111 0.9971366642237047 -0.06544652497432699 -2.2827530120917365 -0.9945834854885903 0.03128154970011732 -0.09912192008694583 84.79836061758559
-0.09901759035366947 0.07120325179496761 0.992534943331658 43.51249474221506 0.0368930919341077 0.9970135861319073 -0.06784400368445402 -2.353481273241522 -0.9944015368894454 0.029899933147369086 -0.10134879096313118 84.69170180305927
-0.10187046761758252 0.073447228129749 0.9920826137512108 44.54309513868517 0.035117327967213466 0.9969146776742562 -0.0701989936827996 -2.429922827777608 -0.9941776406175181 0.027688086204921077 -0.10413543478802303 84.59354548122805
-0.10452773048113292 0.07706310333707848 0.9915317602903725 45.57850029207389 0.03304236786556534 0.9967119994663071 -0.07398237658870933 -2.5088428490565735 -0.9939729148655395 0.025029347253487693 -0.1067303906568509 84.50136064364568
-0.10672267126664796 0.08134630345905505 0.9909556248143812 46.614326534009415 0.029449751974674764 0.9964690000261058 -0.07862724779364588 -2.589230803881617 -0.9938525964882006 0.02079208744980982 -0.10874146197811717 84.39284128182139
-0.10924867727838222 0.0835724886796841 0.9904950104108604 47.65530590977017 0.027191152195190815 0.9963377370313964 -0.08106636176278365 -2.6808606092354315 -0.9936424748143664 0.018076307782303888 -0.11112101215223673 84.27954656818524
-0.1119812073316703 0.08204252282419805 0.9903177437838752 48.699950370139696 0.025276773859080864 0.9964986560858645 -0.07969638086101219 -2.771714390900382 -0.9933887929244095 0.016107540709479423 -0.11366289290913761 84.16491705991261
-0.11483838137318399 0.07787929039716979 0.9903266947279685 49.75725876475793 0.022338929373908377 0.9968725004741781 -0.0758036280977895 -2.859034600861739 -0.9931329812255817 0.013417672137659271 -0.11621896435776558 84.04991173365863
-0.11685693316604599 0.07636512332910371 0.9902084755797435 50.81080525112972 0.02241364613122241 0.9969882753536229 -0.07424289376441115 -2.942369320509721 -0.9928958080474142 0.013518385493099945 -0.11821661311139532 83.91234899565447
-0.11885054406319892 0.07688601188602545 0.9899308507931985 51.86871133824125 0.021652666335004313 0.9969610174488374 -0.07483242430901557 -3.026711862568111 -0.9926760348756605 0.012540768064257465 -0.12015414649479182 83.79149635970462
-0.12013367771104175 0.07977906311089207 0.9895469673384736 52.92539169165564 0.02289072116773261 0.9967234162894296 -0.07757864593269233 -3.1098724962918487 -0.992493785554367 0.013331635663983338 -0.1215662499482571 83.65907202783292
-0.1208967997297637 0.08259521016398706 0.9892229248622731 53.98607678967731 0.023481346324416376 0.9964915148803989 -0.08033235429240825 -3.196236076021911 -0.9923873186361719 0.013516361542033478 -0.12241208184150285 83.53620266858915
-0.12106779805966653 0.08343084501603282 0.9891318832051147 55.055409871657744 0.021983885220481524 0.9964425704907135 -0.08135669919848366 -3.2802554356778164 -0.9924007744170664 0.01189528535893696 -0.12247124202290487 83.39880083823012
-0.12092179954251231 0.08229485240089988 0.9892449017628125 56.12916787009981 0.018983063597508204 0.9965670742361102 -0.0805835581550769 -3.3718291528750077 -0.9924805094770628 0.009034590018023687 -0.1220688923983206 83.27193315298847
-0.12091357854776305 0.08159953534034797 0.9893035036605375 57.20417007393778 0.015125858045166833 0.9966513814680018 -0.08035690534311163 -3.465729369377954 -0.9925477897517925 0.005247823373896055 -0.12174294808597731 83.14214779671173
-0.12100583504590762 0.08281111639205847 0.9891915420618725 58.281125076426065 0.01123425018916104 0.9965645576761494 -0.0820540919542043 -3.5594969040944138 -0.9925882225311397 0.0011838013526729932 -0.12152044727874996 83.02071552222066
-0.12127093729576487 0.08279397134871698 0.9891605117854818 59.36430350670858 0.0072501141235458795 0.9965626491129089 -0.08252467654136933 -3.6611085091955737 -0.9925929657279459 -0.0028363182772517927 -0.1214543522728925 82.89972624182066
-0.12190695091711862 0.08219804293930456 0.9891320321650904 60.45619091459972 0.0038023833165213407 0.9965962418094243 -0.08234969758564091 -3.7591122076666132 -0.9925342498872279 -0.006277941404670792 -0.1218045576015693 82.78399920496157
-0.12236648018928745 0.07707532658885058 0.9894876646817324 61.56341263096708 0.0038950937849251644 0.997009601486376 -0.07717954902942395 -3.855794584968716 -0.9924773411874389 -0.005590042504365104 -0.12230077127437912 82.6564094842974
-0.1229553403436539 0.06843952310934687 0.9900495017712717 62.667389234827695 0.006867927205259307 0.9976540234404881 -0.06811226827018749 -3.947212521249827 -0.9923884400056643 -0.001575179218970722 -0.12313692766001835 82.53196635583907
-0.12269999023687939 0.06307260863198191 0.9904375590799395 63.776740680982066 0.012271455506963453 0.9979986028170671 -0.062033862969538514 -4.029879233491778 -0.9923679377003304 0.004542556057956755 -0.12322841153260868 82.38781931528081
-0.121728279616834 0.06554498446856505 0.9903969310092512 64.8774355334914 0.02057309633008088 0.997769488576806 -0.06350429412703368 -4.105600363845674 -0.9923502273133792 0.012645262994304626 -0.12280522657804815 82.23427123263869
-0.1204797025911438 0.07116231653614298 0.9901618887680748 65.98131700510321 0.025924180716802064 0.9973127342092031 -0.0685218727000857 -4.184665627749016 -0.9923772357917671 0.017413640899419144 -0.12200076636199435 82.09021781695829
-0.11945366676169311 0.07685546783104798 0.9898606258265145 67.089515529569 0.029414547668282998 0.9968356692482693 -0.07384736217242996 -4.268495798066372 -0.9924039529761322 0.020294964371154994 -0.12133634467263656 81.94684446818543
-0.11887330683103262 0.08122463915117897 0.9895815756762135 68.20353351674844 0.030235587593563176 0.9964823025050167 -0.07815900483740093 -4.356516828362805 -0.9924489640107059 0.020629561048689952 -0.12091102118918368 81.81645779051189
-0.11834252990833152 0.07835543901489338 0.9898764926957708 69.32692293830561 0.027191269489323325 0.9967636335304186 -0.07564980987944889 -4.444139865237171 -0.9926004636702781 0.017963408585818685 -0.12009011397081891 81.67309551514133
-0.11809716814387096 0.07393326211446936 0.9902458945279768 70.45938742902521 0.026257345338855414 0.9971082405949375 -0.07131415254649509 -4.531040064840027 -0.9926548295818395 0.017579228958683853 -0.11969695074254735 81.53917027735069
-0.11786795986087963 0.07205693438715886 0.9904115014704546 71.59603158464571 0.024039593626112774 0.9972786064227998 -0.0696956175788007 -4.615500597992548 -0.9927382545145129 0.015594209762720697 -0.11927941417256725 81.40990423208552
-0.11793368175906602 0.07289728239152393 0.9903421797170325 72.72925529725171 0.022162139135420825 0.9972466906027677 -0.07076635973942925 -4.697499983329056 -0.9927741365968846 0.013602363829807458 -0.11922453355978353 81.28705919350138
-0.11765826233585235 0.07791585512092607 0.9899927539254436 73.86535463098737 0.023505024542172723 0.9968564064023806 -0.075662532575933 -4.79341324325909 -0.99277592996878 0.014367481870776688 -0.11911980666250799 81.15829007396516
-0.11690707835820603 0.08067964095047699 0.9898603591243827 75.00407357579715 0.023129409135084756 0.9966456862891614 -0.07850099639029283 -4.882485133115316 -0.9928734891529769 0.013717563096592635 -0.11838100776679024 81.02252584206482
-0.11657748570214212 0.07972975560678483 0.9899761895612696 76.15489752156569 0.023212053283738765 0.9967190384428058 -0.07753940280916372 -4.972863260364855 -0.9929103133766495 0.01394003143939099 -0.11804569078856311 80.8885639465533
-0.11600021341585916 0.07287428786968152 0.9905722026460078 77.31582889667511 0.024489015511219635 0.9972114865977386 -0.07049495809502923 -5.070891567318972 -0.9929472486525972 0.01608070785181569 -0.11746136483209349 80.74631798995546
-0.11619459512719477 0.07150455937847842 0.9906492386568105 78.47322419434887 0.023745765649731822 0.9973200970941625 -0.06920088544085866 -5.157823156194467 -0.9929425737055148 0.015482955795985973 -0.11758113540395942 80.60756392972647
-0.11585306838130889 0.07453417265048769 0.9904659124139228 79.63019007022766 0.021338009392938753 0.9971371972649047 -0.07254032799648616 -5.242934587272496 -0.9930371372218558 0.01273055136269452 -0.11711181477638866 80.4732250092
-0.11580563800415943 0.07774784419476101 0.9902243821122152 80.79248019887355 0.020910455729064477 0.9969017352644741 -0.0758266646232293 -5.33033817385785 -0.9930517645357914 0.011924887829577275 -0.11707258433382076 80.35272684900721
-0.11578562544610035 0.07720647301120193 0.9902690793240125 81.96758426721222 0.020391443956533018 0.9969491531550361 -0.07534304902792666 -5.4268928398717815 -0.993064891109045 0.01146937437820854 -0.11700673270350534 80.22589572973311
-0.11581636741870632 0.07354989746368838 0.9905437807694406 83.12927699974188 0.020041875528692025 0.9972246767351365 -0.0717026313031489 -5.52263629216092 -0.9930684227500258 0.011548016868007686 -0.1169690174498724 80.10428798577887
-0.11514701802789706 0.0724435545005246 0.9907033338243161 84.29213530243959 0.020532630420496814 0.9972976580518355 -0.07053929636975206 -5.61663000052623 -0.9931362320081243 0.01221935577900583 -0.1163233081417805 79.97254334635234
-0.11396593328753882 0.07317595676353354 0.990786074489162 85.46233889515734 0.021835280862929046 0.9972273120200456 -0.0711400637539195 -5.700368051766679 -0.9932446760791289 0.013526548451699415 -0.11524775888253337 79.83538215656112
-0.1128412859506452 0.07350446304627822 0.9908904773471611 86.6370581560438 0.024793469002892747 0.9971577315870707 -0.07114592209628201 -5.7873942681943475 -0.9933036434443416 0.01653941499587961 -0.11434299135402541 79.70327713492675
-0.1114621677735281 0.0727914286025203 0.9910991842783606 87.8231239355957 0.02419923513635975 0.9972168454693807 -0.0705192181671955 -5.882828553079949 -0.9934739967276635 0.016123617277196498 -0.11291344823296037 79.56226379792244
-0.1098597316273894 0.07358434377972058 0.9912195436517925 89.00896182558196 0.025189021430655174 0.9971416579042754 -0.07123220669949201 -5.974476722916406 -0.9936278742900284 0.017142299216296394 -0.11139923254428179 79.42069067494288
-0.10854009621663457 0.0714189974566038 0.9915232595938329 90.21643571609178 0.025264732871897417 0.9972919280539201 -0.06906883169278832 -6.077832275978869 -0.993770969985636 0.01755383265240545 -0.11005054371976516 79.28027780476464
-0.10714357789429209 0.07059371536928093 0.9917342290484749 91.4298450392559 0.023914680099963555 0.9973705368067143 -0.068411259202002 -6.170236230480052 -0.9939559053558275 0.016387179752722032 -0.10855007391994617 79.14736305838184
-0.10529884841512828 0.0701475300464956 0.9919634451686342 92.64402159855656 0.02551376805005168 0.9973711833126101 -0.067821606715651 -6.250456143931212 -0.9941132733055787 0.018167188169340973 -0.1068117648561418 79.01151945229857
-0.10355158172799402 0.07092707130321434 0.9920919415447248 93.86494907890129 0.022890958227707106 0.9973599195797507 -0.06891440232121945 -6.340507976223922 -0.9943606357620177 0.015573739827743582 -0.10490178585100342 78.87790854020245
-0.10192757308475477 0.07357981794463622 0.9920669232649018 95.08727297252187 0.02343110990753381 0.9971617397335313 -0.0715503172606425 -6.429231797395596 -0.994515838452837 0.015952278922827363 -0.10336233290524766 78.75089470618347
-0.10071957909494646 0.07258572372798897 0.9922635129328414 96.31680235265938 0.021522467564358175 0.9972606811206932 -0.07076663960251742 -6.51647355518588 -0.9946820345099605 0.014228373117663937 -0.10200589993498677 78.62674772355427
-0.10013442610435505 0.07112882251208395 0.9924282277912081 97.54592445474293 0.01761685078663396 0.9974118369843181 -0.06970849311188516 -6.614840112805585 -0.9948179447904572 0.010503240053083373 -0.10112832773893943 78.50152290226991
-0.09983942665885322 0.07206421430594781 0.9923904664500258 98.77662608457364 0.014177335131312769 0.9973755644576395 -0.07099990557303362 -6.707425190348556 -0.9949025540488888 0.0069808623587375275 -0.10059908303619082 78.36979881204991
-0.10037183803850346 0.0714444648367288 0.9923815710567019 100.01735168126875 0.0110913724657813 0.9974369079068749 -0.0706866055345564 -6.797505281783878 -0.9948881724021017 0.003911929110561129 -0.10090699294417693 78.2537311797984
-0.10164745019133022 0.06873384866814075 0.9924431741499703 101.26243762306748 0.008512966138059908 0.9976338835199213 -0.06822143255966216 -6.899451203823051 -0.994784059621549 0.00151410046739805 -0.10199206941052477 78.13780475709231
-0.10292919492532286 0.06724551620468802 0.9924130296315099 102.51115641437738 0.006399809082284965 0.9977363128321685 -0.06694245663089886 -6.994186939737301 -0.9946680970432958 -0.0005390792469279417 -0.10312655389292476 78.0191759062997
-0.10442840648810803 0.06666598247944454 0.9922954976711358 103.75895221070171 0.004831064309474916 0.99777302529829 -0.06652556504634709 -7.086347796747544 -0.9945206728550133 -0.0021533153852591924 -0.10451791471733152 77.90304656442105
-0.1058629535059981 0.06673395498473927 0.9921389087860045 105.00668256784564 0.004877794241299619 0.9977683570389195 -0.06659213778814188 -7.184239392524166 -0.9943687656992866 -0.0022101909306852805 -0.10595221969229084 77.7664396279587
-0.10800477569954463 0.06571274166624347 0.9919762114127529 106.25618050014992 0.005022370449460506 0.997836376175679 -0.06555411638987542 -7.270102960089179 -0.9941376887640644 -0.0020980856261029984 -0.10810112772559809 77.63561824157601
-0.11101271374518891 0.06081982591604811 0.9919562118170703 107.50503157519631 0.0018807387783305084 0.9981367096105399 -0.06098829190502489 -7.36139731045394 -0.993817206637404 -0.004904865277090203 -0.1109202510276511 77.49517440905178
-0.11537489609774171 0.06073391086921891 0.9914635774555549 108.74648560891316 0.0012609150927270613 0.9981372148956058 -0.06099598620870165 -7.453323568721826 -0.9933212186616979 -0.005787254182505209 -0.115236557764725 77.36195058362858
-0.12052461613371741 0.0664747033136305 0.9904821708265056 109.97222116328689 -0.0038495772019559085 0.997716671283982 -0.06742866302528064 -7.543546848092269 -0.9927028748125909 -0.011939751311289043 -0.1199935193143292 77.2107594409329
-0.12778530017238263 0.06970671442463167 0.9893492260187902 111.2094813559688 -0.0030417005515483643 0.9974948642512274 -0.07067350175405457 -7.631189480558378 -0.9917971895088254 -0.012040338722330403 -0.127253153697041 77.06086410362305
-0.13695685796186952 0.06580097354937213 0.9883891191920161 112.43369330389866 -0.0010259272563955348 0.9977813359677671 -0.06656840893128424 -7.7250389236635835 -0.9905764819187225 -0.010131015464053277 -0.13658548969488007 76.90025648118332
-0.1479189350813609 0.0636433353354182 0.9869496007962016 113.66355497855069 0.0013156593674176948 0.9979390912082644 -0.0641548071375195 -7.819735835393431 -0.9889986135909501 -0.008191221264675166 -0.14769782059789516 76.72721883648686
-0.1609910708028808 0.06439590001244645 0.9848528028001601 114.8866391385421 0.00157039304721343 0.9978845953617458 -0.06499129330458077 -7.914673082107511 -0.9869546134384375 -0.00891641190792239 -0.16075163641863532 76.5455269456978
