1.0 0.0 0.0 0.0 0.0 1.0 0.0 0.0 0.0 0.0 1.0 0.0
-0.9796110634287822 0.002891279422122538 -0.20088256497574297 -0.009539192079210564 0.004022134401237352 -0.9994137893800373 -0.03399852984899075 -0.001547631961557992 -0.20086310473252367 -0.03411331265558276 0.9790251759055402 0.09116916113000373
-0.9809895695015893 0.002503094089750734 -0.1940443223829657 -0.019160772034648325 0.004167188372058044 -0.9994145310296529 -0.03395923597271428 -0.004007067385069661 -0.1940157186161942 -0.03412227552137405 0.9804047996838272 0.18502472457350144
-0.982415351259489 0.0022328434023778975 -0.1866951847799926 -0.02751079925129525 0.004058690174807974 -0.9994368110291205 -0.033310475739724885 -0.006356405132954987 -0.1866644171869937 -0.033482460636613025 0.981853003349258 0.28269113571357274
-0.9840852941662257 0.001360949664307496 -0.1776915350313136 -0.03637908791673223 0.004376380988772571 -0.9994817326801078 -0.03189221422558782 -0.009707057916396193 -0.17764284701392966 -0.03216230487357673 0.9835693188840351 0.38669420819037875
-0.9860309746015469 0.0008891543940372008 -0.16655967858634782 -0.04001336433433798 0.004220318581719138 -0.9995313310520184 -0.03032007843738846 -0.013417923734943877 -0.1665085764679787 -0.030599471398116616 0.9855650999871917 0.5012781618611061
-0.9881955596771621 0.0009046721139194849 -0.1531950306070897 -0.04699404282223677 0.003668990589230704 -0.999555983328609 -0.02956982752797063 -0.016067469693415035 -0.15315376045790383 -0.029782843389174404 0.9877534651405981 0.6290284915297204
-0.9905440226968522 0.0011482675190852907 -0.13719045368116292 -0.05058622897661584 0.0029188031532278846 -0.9995622703192862 -0.02944059004685653 -0.023356976748634885 -0.1371642070209696 -0.02956263242437951 0.9901070806112082 0.7696511103181239
-0.9929063605631954 0.0026667833797193122 -0.11886903473805134 -0.05327633843126268 0.0008247758779713226 -0.9995699035165501 -0.02931429222523102 -0.029058260332427945 -0.11889608445151388 -0.029204387518329787 0.9924771155305183 0.9240229488577901
-0.9950734506515901 0.004088357858550691 -0.09905611106013737 -0.05225131934264325 -0.0012108008968180933 -0.9995759907160121 -0.029092486062409818 -0.0323348889361101 -0.09913305084343015 -0.028829223266048493 0.9946564804576253 1.0899381908763592
-0.9970216909722839 0.004448371273930616 -0.0769932446632628 -0.042587451039385146 -0.0022425660744305794 -0.9995852065719006 -0.02871211765113953 -0.035278323672442755 -0.07708903053074147 -0.02845394165349213 0.9966181086937013 1.2638314739133227
-0.9986075101007585 0.0005673720822017584 -0.05275148205770137 -0.022847339778847023 0.0008700314212153636 -0.9996290440469818 -0.027221633732088194 -0.03732716097922959 -0.05274735837641303 -0.02722962332898129 0.9982365770686186 1.4444273408365722
-0.9996172596878403 -0.004020053141376567 -0.027371030432075834 0.007007469206770017 0.004720893287020908 -0.9996614034654687 -0.025588895795296537 -0.03776095446069702 -0.027258893975098737 -0.025708317607157666 0.9992977709897405 1.6308415962263625
-0.9999763788373385 -0.006864242453817024 0.00035205525060563725 0.03223088651508843 0.0068534774568927695 -0.9996725690669337 -0.024653285822893473 -0.037464898266242094 0.0005211661079980222 -0.024650290680895314 0.9996959995694868 1.8260872175502065
-0.9995106573447331 -0.0070471568490862065 0.030475948461774635 0.06252261538080378 0.006309499487823344 -0.9996864177746074 -0.024233372303229774 -0.043186980902566396 0.030637168121638185 -0.02402922589927035 0.9992416926010286 2.028596502517374
-0.9980549257445277 -0.008904742112687594 0.06170146485289123 0.10995825987383831 0.007401493029334457 -0.9996712247747113 -0.024549139666517224 -0.04639076676675943 0.061899782697702216 -0.024044706804949502 0.9977926983981399 2.2351728302411606
-0.9954600675623126 -0.01059684875800874 0.09458837500050728 0.16241887069547725 0.008242947677784211 -0.9996473888793687 -0.02524186443672964 -0.050827788145817815 0.09482250630740578 -0.024347581051529826 0.9951964065422068 2.447474196575969
-0.9914602730772005 -0.012066995803720084 0.12984958421942164 0.22217121886210053 0.008773191183910973 -0.9996258199487552 -0.025908516133314186 -0.058354961316711855 0.13011363505080553 -0.024548069253052415 0.9911951544826141 2.6622764630995044
-0.9862597290520744 -0.014364741720612778 0.16457642919151524 0.29627495218633204 0.010216800141167905 -0.9996091439338588 -0.026022612449450776 -0.06255858262299686 0.16488591160255373 -0.023983610218625693 0.9860210051494218 2.873782951269544
-0.9797309438049131 -0.017531666192467963 0.19954928822637003 0.3808725611360206 0.012507819614908138 -0.99957297044684 -0.026408922745211238 -0.06586270838683006 0.1999270672010569 -0.023377712304618107 0.9795318526560465 3.0893405407594123
-0.9712943617539654 -0.017979622199541474 0.2372003288583715 0.4651879764169943 0.012037204443194173 -0.9995769482762176 -0.02647697460053954 -0.0741670637838133 0.23757602685067059 -0.02286170729334591 0.9710998783881517 3.3078993617469803
-0.9608837386697945 -0.013175865349460532 0.27663845960432193 0.5545378133292771 0.0065043924382478975 -0.9996657901506029 -0.025020009623922534 -0.08355955823122922 0.27687566458424695 -0.022241955284210028 0.960648302859151 3.52650671465282
-0.948242657702971 -0.008529490242053411 0.31743205557822607 0.6602049190204085 0.0009835605810772753 -0.9997132853012506 -0.023924460302479036 -0.08685189657619428 0.3175451065927337 -0.02237398016429489 0.9479791718654041 3.744010811351019
-0.9326658847629257 -0.009720374265590716 0.36061040157422947 0.7911752711363461 0.0003025124743787985 -0.9996576259737833 -0.026163702311860906 -0.09036813396449275 0.3607412589177914 -0.024292903420498613 0.9323495047233145 3.9584667483503457
-0.9132619007005218 -0.01543813736386326 0.4070802926249387 0.9428249523773549 0.003834045232506242 -0.9995631330512023 -0.029306025694737163 -0.08789817556147064 0.407354883149848 -0.025203312472768115 0.9129221172774676 4.173636130840297
-0.8904602378036119 -0.018562572246579416 0.45468230205532123 1.104242831198536 0.005531854153202043 -0.9995354102728338 -0.029972690909334253 -0.09206882667974403 0.45502743156909076 -0.02417425329372776 0.8901492245670543 4.3871833079296225
-0.8645420335136075 -0.018213142016773477 0.5022303791548599 1.2818678501475962 0.003766927454581439 -0.9995498624007125 -0.0297637839037596 -0.0946249951050819 0.5025463984008934 -0.02384017685745263 0.8642214782228552 4.596617636348537
-0.8347894777949614 -0.013332081914154335 0.5504078336603242 1.4669770255871444 -0.0036519515002021445 -0.9995506956875243 -0.02975012606406273 -0.09850444219123172 0.5505571641646825 -0.026845154915212038 0.834365715166031 4.809427243052845
-0.8018287297806901 -0.009027911778998102 0.5974857194169555 1.6735847435715325 -0.01021442034929061 -0.9995326989307548 -0.028810577660477503 -0.1063210316042139 0.5974666130548337 -0.02920411918057169 0.8013618194721245 5.018359280844269
-0.7666279510716857 -0.008084224717394888 0.6420406762397137 1.9036620733961145 -0.014238115400328488 -0.9994608367672678 -0.029585669475630072 -0.10842877438337277 0.641933688713622 -0.03182265041119238 0.7660995093428339 5.216805399821887
-0.727121304997049 -0.008153686679935667 0.686460578047214 2.1458036627992763 -0.018203482114392506 -0.9993488857467269 -0.031151850598124774 -0.11112353318713615 0.6862676162098144 -0.03514714711469958 0.7264994404618615 5.421957020465707
-0.6842699725958518 -0.008496576538528203 0.7291792734237572 2.4101238625581747 -0.02084995914933192 -0.9992953633447127 -0.03120987025335717 -0.11989796782277234 0.7289306440307918 -0.03655933512640966 0.6836106576173101 5.613735175712422
-0.6393184393807043 -0.009785969004227993 0.7688798136760193 2.6975655370503038 -0.022846399776651483 -0.999235825236601 -0.031714469583709166 -0.12693318746408724 0.7686026119426523 -0.037841780803483396 0.6386063142034808 5.790024479374745
-0.5919149046405437 -0.011472008876837888 0.8059188164304808 3.006846357892799 -0.025101395900280408 -0.9991513084439968 -0.03265857863575911 -0.135459408064166 0.805609499440166 -0.03956078673358796 0.5911245880225133 5.961152664537251
-0.5431161452244536 -0.013383326992006726 0.8395509152845683 3.337568914412178 -0.026479047369503586 -0.9991026652233231 -0.03305638204730311 -0.14238905693045226 0.8392399614216038 -0.04018396324752827 0.5422744104701858 6.118165170551743
-0.4936889558762163 -0.016107143652202057 0.869489375880591 3.6873831573705567 -0.029432310737036213 -0.9989462050946405 -0.03521673482446147 -0.14602481103950604 0.8691403534128024 -0.04297719453832721 0.49269463851262374 6.273979106941697
-0.444667302699744 -0.01705072324049732 0.8955335073277333 4.052573712285082 -0.03504844435358664 -0.998721839368335 -0.0364183211738898 -0.15073395964322622 0.895009830369549 -0.04758109294359488 0.44350134513456135 6.418139808538244
-0.3976942758090073 -0.017226462343147377 0.9173562623015611 4.436373381442076 -0.038403326177492376 -0.9986350297570349 -0.03540143896330288 -0.1555880797655663 0.9167139398565156 -0.049308481393239616 0.3964898815044821 6.54453993143328
-0.35318988086675657 -0.01894169056665211 0.9353598881777029 4.8427072043952455 -0.036923015636316565 -0.998733848228363 -0.034167108734669015 -0.16375415115434855 0.9348227633993771 -0.04660378484032789 0.35204330453640204 6.655337327267489
-0.3130257489806738 -0.019888633772160408 0.94953637251122 5.267150188633016 -0.03544148322714609 -0.9988397337885319 -0.03260502218855225 -0.1734843373581477 0.9490831268870757 -0.043859188911024596 0.3119576731005651 6.759184512731454
-0.277041226739244 -0.01908262759865923 0.9606685234828646 5.7085502969405635 -0.034237149078912434 -0.9989718325930624 -0.02971691956794824 -0.1817597783969187 0.9602478723276424 -0.041123363305917336 0.27610304721361995 6.847733505048018
-0.24400455256753 -0.016423888816226976 0.9696350005040417 6.164924247102109 -0.03591173489416262 -0.99901776636093 -0.025958616914444146 -0.19067977480316994 0.9691089338269522 -0.041155295787683246 0.24317507274681235 6.934502433279982
-0.21353241281969776 -0.013777447833079817 0.9768388252964796 6.634643411221387 -0.036799923111818025 -0.9990774694232 -0.02213539586048573 -0.19793719425042758 0.9762426308732698 -0.04067421815035778 0.21282841361879926 7.0201233143146595
-0.1876392802764517 -0.012142209107118135 0.9821629535139957 7.125039231415841 -0.036293756298176175 -0.9991550480071163 -0.019286090730547902 -0.2035637284340671 0.9815672487155959 -0.03926521106396028 0.18704004771438357 7.091135369803353
-0.16738495833076036 -0.010108081410221067 0.9858397955118342 7.630984430783303 -0.035663545066878515 -0.9992309041151916 -0.016300669139663427 -0.21253328750294362 0.9852463586727296 -0.037887028800664704 0.16689573323121626 7.15704752114313
-0.15143761342701237 -0.009093271706353177 0.9884249904009946 8.155883306370322 -0.03615903789995559 -0.9992374449129802 -0.014732707216593461 -0.22478286663731004 0.9878052304061165 -0.037971582709372675 0.15099332994826287 7.226243186168295
-0.13865552345975068 -0.00931943884185654 0.9902968210964714 8.69727945559904 -0.03710090477163655 -0.9992048956953482 -0.014597920522305546 -0.23200489343781208 0.9896454762586596 -0.03876499036659872 0.13819951824318732 7.290666350652504
-0.1290971513454739 -0.010814202316041988 0.9915729819548094 9.252457548332208 -0.03610528634935577 -0.9992262501966452 -0.01559837220942545 -0.23222845218823532 0.9909744365078827 -0.03781473186762624 0.12860681257874615 7.357948063183489
-0.12240870265682516 -0.012692922842751413 0.992398609039524 9.826042580429972 -0.0343838657198144 -0.9992637321280241 -0.017021851595397673 -0.23090685022636281 0.991883994876435 -0.03620612328435525 0.12188214530719159 7.422249771187847
-0.11790727497033322 -0.013694343372109388 0.992930178546648 10.412289830742731 -0.03473344505766169 -0.9992361933563535 -0.01790580020920059 -0.23560212313345236 0.9924169800560133 -0.03659910991147432 0.11734156488726077 7.489047913302101
-0.11644520450678662 -0.01399962000855864 0.9930984467750363 11.01573164351001 -0.036838481920612814 -0.9991517418612204 -0.01840442842022923 -0.2445937713982317 0.992513697939307 -0.038727346608134997 0.11583070416576122 7.562108042799105
-0.11737136138870874 -0.0157721402250035 0.9929628407541166 11.634008497573385 -0.03895689101912904 -0.9990311318008689 -0.02047335670573009 -0.2514546317330163 0.9923236992876294 -0.04108573092205113 0.11664321046128667 7.641959323059161
-0.11915913321630454 -0.018386261386072984 0.9927049140421251 12.269500855321818 -0.03806211885515384 -0.9990089925211859 -0.02307180032123448 -0.2563641345943755 0.9921453401994064 -0.040533668154384604 0.11834122555793956 7.711879878088918
-0.12081945944432843 -0.018855263794513914 0.9924954091817355 12.920430225611906 -0.03604740931499417 -0.999076823639301 -0.023368456270877688 -0.2616628704313721 0.9920197792893336 -0.03860025251272252 0.12002823836371398 7.785753547947501
-0.12231604096425457 -0.016705207302654616 0.9923506044598386 13.58054491927592 -0.03418620876081056 -0.999194108784595 -0.021034165082611796 -0.27056867633307774 0.9919022579132449 -0.036497520725874213 0.12164637983709718 7.870184057557757
-0.12363839732080373 -0.01655287264651857 0.9921892708123244 14.259867809224414 -0.03421621005043355 -0.99919519604351 -0.020933494055165765 -0.2833484909128798 0.9917372624227286 -0.03653714015520625 0.1229725160820545 7.947358290793478
-0.12521453475957162 -0.018984468598980606 0.991948038073043 14.954495699778052 -0.03498551070349938 -0.9991105974002032 -0.02353780370862372 -0.30158252841981714 0.991512649604512 -0.037651083843957114 0.1244389872974542 8.037211313277144
-0.127091943511043 -0.02261798636820544 0.9916330291933777 15.666649268260493 -0.033933330006481764 -0.999055628481393 -0.02713632831319191 -0.31318089799542287 0.9913103283075677 -0.03709821953002341 0.12620441790383236 8.121756362827721
-0.12886135777515256 -0.024787075211972712 0.9913527885544988 16.39257378908287 -0.03347885820806602 -0.9990089596836688 -0.02933026636154818 -0.3215588507463893 0.9910973294916241 -0.036968897389442985 0.12790380799796597 8.213456656770546
-0.13063298179987493 -0.024501692635561963 0.9911279892748801 17.12883528902842 -0.03180274069086461 -0.9990765543254528 -0.028889864688699914 -0.3333156814740881 0.9909205870051463 -0.03529455560244692 0.12973312836050266 8.304026186840643
-0.1324049982657577 -0.021726214700841826 0.990957561164462 17.87874288338866 -0.029760895116674485 -0.9992218548835581 -0.025883852976653784 -0.35455459832555797 0.9907488105246958 -0.032918935551376115 0.13165537636597063 8.396039271908414
-0.1341304362008178 -0.021236612884110127 0.9907361063157988 18.641130715825554 -0.029389383242749877 -0.99924532114901 -0.025397880116728406 -0.36777909825806065 0.9905277836775654 -0.03252375185957771 0.133405079842514 8.481907838779275
-0.1355072268144684 -0.023005321429209462 0.9905092360331588 19.420088091595318 -0.03200714283237612 -0.9991069405393723 -0.027583766489803485 -0.383584208872357 0.9902592258034059 -0.03544117029663226 0.13464987619468893 8.595861656934847
-0.13636384387221998 -0.024541919414976646 0.9903547830327384 20.205292809537838 -0.03430999997057337 -0.9989763593265464 -0.02947977965825301 -0.397983328148508 0.9900645059724204 -0.03799904864741598 0.1353822230408383 8.71269180254028
-0.13739345869207448 -0.025992002212203165 0.9901754659299687 20.999886977275366 -0.03581929253875682 -0.9988714306442641 -0.03119043643018283 -0.40804625976423603 0.989868686135011 -0.039752746618103546 0.13630738551400917 8.824562272660541
-0.13787461477095717 -0.02136433077184931 0.9902192464158792 21.795328692161174 -0.03620148025911295 -0.9989905927849793 -0.02659414135041752 -0.41787764367421387 0.9897878779964977 -0.0395140594951714 0.13696202274135297 8.932108668579
-0.13808863002750413 -0.014226685119722249 0.9903176923026428 22.594800537573143 -0.03747546340061835 -0.9991057368649493 -0.019578462821603082 -0.42768516505425724 0.9897106243241185 -0.03981617754195217 0.13743199083878466 9.04763247736782
-0.13788669726908132 -0.008952252782681419 0.9904075503984914 23.408994225882964 -0.0409160355293029 -0.9990540518812234 -0.014726827773692115 -0.43976070181080196 0.9896025145242862 -0.04255418416355956 0.1373899729142718 9.162132590733432
-0.13750411577973187 -0.009549664531032596 0.9904551590309272 24.23413408773323 -0.04201002456510325 -0.9989975049662907 -0.015464246091122449 -0.4441319719583283 0.9896099110152818 -0.043735443046482525 0.13696508694501094 9.267624928030703
-0.1374225369924003 -0.017165293263240088 0.9903637710628149 25.07171038402661 -0.041457434221925396 -0.9988739999617487 -0.023065414545432598 -0.44483611284273555 0.9896445460236253 -0.04422764867822946 0.13655617019412944 9.38269025609603
-0.13739260868849018 -0.024506334655632157 0.9902134672077118 25.914211234998493 -0.03992752811766183 -0.9987443520133514 -0.030257425862847364 -0.45515993575194574 0.9897116062652722 -0.04369392272591857 0.1362416145699865 9.489634410209419
-0.13728035244435519 -0.030414734277313487 0.9900651740019919 26.756139103305593 -0.03764014927144928 -0.9986463799011853 -0.03589745218092774 -0.4630061451181118 0.9898168133526412 -0.04219421582515059 0.13594971186186464 9.59743330542097
-0.1369391021758434 -0.03111889424568312 0.9900905497560314 27.596704372344757 -0.03600547515108629 -0.9986895896415448 -0.03636907066105955 -0.4735839869460712 0.9899248901075369 -0.04062902856986152 0.1356392051843824 9.711837469884836
-0.13670926239146722 -0.027843344270193242 0.9902198370847926 28.431831203903002 -0.03581190969410762 -0.9988125867810627 -0.03302913277373392 -0.48888995208557684 0.9899636784753483 -0.039977051761921616 0.13554980867556632 9.82625190006915
-0.1361840495764928 -0.02520008198841608 0.9903629943150769 29.263978201856002 -0.03540987849577326 -0.9989138338638481 -0.03028684566515154 -0.5042389230761695 0.9900505265620854 -0.03919321858698571 0.13514379923226544 9.942635306953324
-0.13622134538447325 -0.02683164829685577 0.990315004284656 30.102341402279094 -0.033851183605772016 -0.9989233507602286 -0.03172123381028841 -0.517448935561552 0.990099915377298 -0.0378444441844838 0.13516639972358213 10.048324715124984
-0.13643378132833933 -0.029478160133053256 0.9902105136725328 30.937036324102387 -0.0330093071436939 -0.998866855715244 -0.03428396411497107 -0.5268381537150758 0.9900990904724357 -0.03736365384586222 0.1353061285269166 10.157723823524698
-0.13651858156955454 -0.027937719760223412 0.9902434855634429 31.774067871035385 -0.03256577667885554 -0.9989354196226837 -0.032672581969553596 -0.5383680293611722 0.9901020892188543 -0.03670846275524913 0.13546343302384875 10.267329885215123
-0.13699223024651994 -0.022952951396057 0.9903061601718406 32.6008077676096 -0.03167072834483739 -0.999118914691392 -0.027538323696332037 -0.5542122324245068 0.9900657017684192 -0.03513625375743259 0.1361445917166796 10.379003908883972
-0.13728336955963796 -0.019121702121560644 0.990347230495611 33.43094553639762 -0.03050585626418222 -0.9992577665910033 -0.023522513495595025 -0.5642386366283076 0.9900619521908421 -0.03344064017831748 0.13659814935980444 10.48481848084165
-0.137824550073446 -0.01974920891579157 0.9902597447863127 34.26160199658922 -0.030846276130042795 -0.999230621719685 -0.024221310175179013 -0.5762903170009144 0.989976212161667 -0.03388411670522784 0.13710932130655898 10.60456093740969
-0.13836577494350738 -0.021997343687824834 0.9901368739699392 35.09304492830062 -0.032006392577192025 -0.9991317771868616 -0.02666988281975422 -0.5843422013630739 0.9898638811263284 -0.0353809084974435 0.137541587003416 10.722561750407465
-0.13892780655318945 -0.02685435365374509 0.9899383355826564 35.92821344034972 -0.03207316607522637 -0.9989858323077514 -0.031600931415094895 -0.5969163981407724 0.989782994693398 -0.03614070472791272 0.13792560631564887 10.837614267859658
-0.13929306509667347 -0.03217073379839305 0.989728491002885 36.76135133495206 -0.03312243939689788 -0.9987615167575467 -0.03712595658787803 -0.6136781717096539 0.9896970981185977 -0.0379536102503979 0.1380549797891703 10.971126793452282
-0.13914907811619143 -0.03539961763019702 0.9896385204361494 37.59162123097832 -0.03304224158478681 -0.9986384113637128 -0.04036748221048656 -0.6290699708793737 0.9897200333076355 -0.03831697300932328 0.1377899315949326 11.078954774257092
-0.1394383493009036 -0.035222352134132655 0.9896041292629995 38.41811116453645 -0.03320024833657782 -0.9986390431830579 -0.040221946009828334 -0.6467253665683144 0.9896740323230824 -0.03846358460371509 0.13807918889102788 11.199129127577187
-0.13962708824201803 -0.030847235720464466 0.9897235595243062 39.2435683541285 -0.03372669319952312 -0.998786553101775 -0.03588776266224643 -0.6623746475798618 0.9896296208152229 -0.03839100664846644 0.1384172829296852 11.310342234050983
-0.14017262647850182 -0.026879908917866974 0.9897621458121576 40.066198745813125 -0.032711511957680885 -0.9989600129511931 -0.031762391440131654 -0.6731867676671581 0.989586576188037 -0.03682883409939594 0.1391475663003788 11.418041616433664
-0.1403263457881259 -0.024869938338642435 0.9897929090697631 40.88885998176307 -0.02906141035560631 -0.9991503002934861 -0.02922519207090797 -0.6898917323603423 0.9896787110501544 -0.032865842305812465 0.13948435504971568 11.528348964206323
-0.13980738375260293 -0.023788543138990124 0.9898929238375118 41.71141147307737 -0.025773786314675695 -0.9992852173060112 -0.02765441036588945 -0.7034477412201355 0.9898432236406219 -0.02937957945587357 0.13909433102660299 11.635497142578643
-0.1391715325754644 -0.021500119908759264 0.990034862701565 42.53019315470199 -0.028301972045857698 -0.9992695232870901 -0.025679139547669393 -0.7093083824036601 0.9898637698688201 -0.03159374421467276 0.1384613752191778 11.748195047792624
-0.13800285766018205 -0.017040694144571943 0.9902852245796138 43.347648047222194 -0.032004482862985476 -0.9992531070051741 -0.021655050615968015 -0.7167597561358742 0.9899146045767265 -0.03468202536730559 0.1373544056888065 11.867215913838454
-0.13726217489297593 -0.014450748389193285 0.9904293368103771 44.16435729495042 -0.03623142999701204 -0.9991512159154685 -0.019599265675366385 -0.7311304260688166 0.989871900209326 -0.03857490901653842 0.13662209766485126 11.982877831645634
-0.13526251292788732 -0.017867769122098573 0.990648674063128 44.98040080728144 -0.036482266651656894 -0.9990695681780751 -0.0230009165128878 -0.7388879176706287 0.99013791807828 -0.03925227085245925 0.13448480366396318 12.104145795169401
-0.13369479278795257 -0.023512436571337163 0.9907435933216354 45.79944983915622 -0.03878756502907263 -0.9988283590850225 -0.02893844996950982 -0.7450818507593602 0.990263211060828 -0.0422974516253783 0.1326261603361002 12.21870177492029
-0.13203567002359182 -0.026813163802739032 0.9908822513741528 46.61136396865697 -0.040806134008087074 -0.9986396617435511 -0.032460520945315485 -0.7545688649656037 0.9904046856052001 -0.044720020568138404 0.1307619152951276 12.32462212795024
-0.13051333492370612 -0.025928404110466288 0.9911074549550002 47.41721514146008 -0.04111406387641082 -0.9986565294299798 -0.03153997429351622 -0.7632429583978004 0.9905937124566555 -0.044864842439861774 0.12927197203642993 12.431361526674186
-0.1294335992111046 -0.022911414111356013 0.9913233632365769 48.217651056782714 -0.038189659305108266 -0.9988761174511146 -0.028072262252060717 -0.7681318641342132 0.9908524074338312 -0.04149179544448137 0.128413151948601 12.529130561576418
-0.12801041290265802 -0.020350229254336976 0.9915640182851473 49.012591019904136 -0.033840563895478806 -0.9991176595478527 -0.024874055054589225 -0.7758054323453244 0.9911953139637653 -0.03673922357533783 0.12720880090368905 12.62889499298453
-0.12688364125328003 -0.01986097108503024 0.9917187521721416 49.8081087838833 -0.029387692014459246 -0.9992853614815529 -0.023772460679266704 -0.7811302049891171 0.9914821759065426 -0.0321606616263347 0.12620929721452478 12.719968813658102
-0.12603103733749968 -0.021136009515808473 0.9918011124864614 50.60183939844963 -0.027919521812600222 -0.9993014023949448 -0.024843660625078822 -0.7883141774619304 0.9916333384519652 -0.03082168511366661 0.12535288507794523 12.804779260274286
-0.12504825685093718 -0.022462582291888206 0.9918963483425691 51.39265837088082 -0.02807999488221055 -0.9992630653149388 -0.026169451366222906 -0.7969162081559932 0.991753218974336 -0.031124888661234446 0.12432535525735991 12.902857800044035
-0.12415406258412792 -0.02245759275055742 0.9920087828601659 52.17758799405146 -0.026219748629927837 -0.9993205065866392 -0.02590463080624361 -0.8018441842956822 0.9919164750752152 -0.02922638607961153 0.12348086827960719 12.99312490413663
-0.12377170608055182 -0.02253487818985166 0.9920548089893417 52.95800787496956 -0.024982006065058057 -0.9993544691132863 -0.025817521884734813 -0.8096382433186601 0.9919962016796612 -0.027978997985487572 0.12312884115776143 13.086331160455691
-0.12333769455287494 -0.02377774139945266 0.9920798516834841 53.73567331912135 -0.02657901682123394 -0.9992751096801069 -0.02725455996028322 -0.8188311322754539 0.9920087544811278 -0.029730021657457244 0.12261629926338873 13.173922826682956
-0.12312664340951077 -0.026428406891982358 0.9920389957012076 54.50889062334772 -0.027468819134398526 -0.99917155724505 -0.030027706670092802 -0.8260900657114885 0.9920107326324998 -0.03094735047876095 0.1222986829049108 13.265267055809906
-0.12305391042469017 -0.030730154182609652 0.9919240861845764 55.28067654543848 -0.027402282976214776 -0.9990341353313924 -0.03434983741373817 -0.8316541163862138 0.99202159755566 -0.031407866316766044 0.1220929806194625 13.352296359152865
-0.1224419815126916 -0.032793903440019576 0.9919337281595046 56.04292308980391 -0.027548245528358026 -0.9989565550772452 -0.03642657321947414 -0.8405810691561921 0.992093269471956 -0.03178617569590738 0.12141080554495136 13.443732877687243
-0.12178327052784137 -0.03252535914495314 0.9920236569921286 56.796803056538366 -0.027889168941848466 -0.9989561864574485 -0.036176398302291655 -0.857797096717008 0.9921648196117798 -0.03207239546533495 0.12074904626472045 13.534339011005002
-0.12167733698017702 -0.030509320175180286 0.9921007040859627 57.542990804316545 -0.028513888106456 -0.9990075221131498 -0.034218839056852905 -0.864277000398948 0.9921600595924354 -0.0324523056776347 0.1206866355722144 13.617829380061128
-0.12152892156740407 -0.026795242305637117 0.9922261517479006 58.274614987145114 -0.028847357160784567 -0.9991179552221346 -0.030514611870059334 -0.8766586094891652 0.9921686102712088 -0.032331510056358946 0.12064875569177562 13.702514635366732
-0.121734450088944 -0.02402884807668893 0.9922718065740112 58.99921611626277 -0.028641310535578522 -0.9992055849422734 -0.027710545844055016 -0.8844649157742459 0.9921493834057182 -0.03179329300777648 0.12094952470917278 13.790468936385038
-0.1231150744473866 -0.021859986579069204 0.9921516111112149 59.70691545436055 -0.028151734410258537 -0.9992780910466519 -0.025510323476098978 -0.8891016432689993 0.9919930233088883 -0.031071494024650075 0.12241080003646533 13.872295957999283
-0.12534160764739383 -0.021724012002246086 0.9918757728137607 60.39976722999474 -0.02552354659188042 -0.9993587305233335 -0.025113269324509392 -0.8940649738761574 0.9917852741202295 -0.028463925051185616 0.12470675606775151 13.95849648553225
-0.12955151851204666 -0.022710031533492 0.9913125937457734 61.07722202050424 -0.025106224066811705 -0.999342056156209 -0.026175032198436775 -0.8973780526137392 0.9912548015340605 -0.02827913126724309 0.12889611774774384 14.043121741804848
-0.135012488892682 -0.024020907618069406 0.990552686049667 61.73699384595733 -0.026027404641463303 -0.9992751611226068 -0.027779967080962323 -0.9017042091941162 0.9905019949755948 -0.029532158075460734 0.13428942470936844 14.143678934237418
-0.1419688687588486 -0.02539629245476908 0.9895452837707263 62.38108766477595 -0.026927661808038742 -0.9992017885563369 -0.029507402043743698 -0.9035507488797027 0.989504796013079 -0.03083527323328086 0.14117168480876144 14.242465950170313
-0.15065929688367413 -0.026971034963408594 0.9882177591682524 63.01001666993106 -0.025699683942039173 -0.9991830723272906 -0.03118836673949938 -0.9082481522374543 0.9882516392639055 -0.03009570148045759 0.14984307206074973 14.339716079808904
-0.16224401943736258 -0.029145454551567487 0.9863201410474156 63.621173981463045 -0.02327611783610279 -0.9991725232631217 -0.03335402666078771 -0.9125462461931094 0.9864761023437357 -0.028369195177008515 0.16143137325105153 14.44640024964798
-0.1767988759286102 -0.03137878155985297 0.9837466795563792 64.21279739628744 -0.01998991198262672 -0.9991710331323045 -0.035463360927188894 -0.9174265689806863 0.9840439832087317 -0.025934891886111124 0.17602505643671612 14.55731854685821
-0.1948439756657144 -0.03284651076028289 0.9802841077349237 64.78430241911846 -0.018081143158738072 -0.9991489897530454 -0.03707247681965455 -0.9285391266169857 0.9806675774230794 -0.024948006059507723 0.1940842589825438 14.678778234888432
-0.2164697368986977 -0.03374930699668867 0.9757058149279701 65.33202505472606 -0.017225529889744358 -0.9991147110864254 -0.03838066193681741 -0.9331277813529678 0.9761373541295436 -0.025115301470100063 0.21569674894406718 14.802393102666244
-0.24146298469859154 -0.03394336307754748 0.9698162068781052 65.85549328971719 -0.017689629791659445 -0.9990680466647796 -0.039371501511342784 -0.93615057563425 0.97024878460026 -0.026662449932619237 0.24063750693794358 14.937120293543243
-0.2697750046038824 -0.033088508812063426 0.9623547149962801 66.34711509195851 -0.01895901740211723 -0.9990331795951881 -0.039664363439699056 -0.9447155399174302 0.9627367254603522 -0.028945753618179124 0.2688868550103449 15.094844418894734
-0.30231681656404263 -0.03263885531939518 0.9526485435594938 66.81453386195496 -0.019944821296412944 -0.998978204793741 -0.040555523058278406 -0.9542934424437414 0.9529988176939346 -0.031261021584650724 0.301356934553441 15.262639074970291
-0.3378745737173895 -0.03258993055306527 0.940626742582753 67.25955042211604 -0.020525042458545473 -0.9989075282156341 -0.04198181399379033 -0.9596628336147348 0.9409673188094086 -0.03349099133618918 0.33683654557062553 15.442978814005551
-0.3757710366504143 -0.031990074817217426 0.9261602254080358 67.67370127155246 -0.02039495735035133 -0.9988764737840905 -0.042776580454034895 -0.97095765856881 0.9264880861238046 -0.03496319827836141 0.37469641182802593 15.647455484544565
-0.41694442084076117 -0.03214550061255635 0.9083633726214043 68.07811983188074 -0.020958418434527226 -0.9987686957937183 -0.04496484181268823 -0.9841644550466396 0.908690318329895 -0.037785699581785695 0.4157573165689684 15.873649853032422
-0.4611161951347067 -0.029938888206724773 0.8868345491451255 68.4587361107929 -0.023317564311768565 -0.9986766750874201 -0.04583873723068618 -0.9935464345665956 0.8870333397223907 -0.041815805735183564 0.4598078866349071 16.11183343078744
-0.5049962693804556 -0.023237535360491682 0.8628086606323525 68.81174033659474 -0.03035482120530158 -0.9985409874309268 -0.044659615426755096 -1.0053929952969245 0.8625875913444485 -0.04874334181035812 0.503554102244974 16.392286024614343
-0.551010137986798 -0.01710982416778277 0.8343231279023249 69.15497700836278 -0.03475536855709966 -0.9984517907318643 -0.04342909095060051 -1.0120391960800108 0.8337744852130166 -0.052927077203289256 0.5495624007394306 16.664068760650647
-0.5965164212704194 -0.01114503193767187 0.8025234871440472 69.4828296425338 -0.03909256027024691 -0.998313331780962 -0.04292159502993535 -1.0298452764382449 0.801648258830673 -0.05697613405194278 0.5950746081477898 16.965225734045195
-0.6406332478966547 -0.010360905754113458 0.7677771117462018 69.79363625236647 -0.03783926710420327 -0.9982680965002441 -0.04504439337806708 -1.0486126786971846 0.7669140965938761 -0.05790905923718408 0.6391316838522898 17.269243236185755
-0.6813894529973751 -0.008542850778676853 0.7318711861007461 70.08994245443566 -0.03820636574043557 -0.998153468834361 -0.04722209515515242 -1.06653245884413 0.7309231744587437 -0.06013877579821094 0.6798048548551603 17.595662556812222
-0.7186188808835396 -0.0028426843785270437 0.6953983198018346 70.35455567632931 -0.04472965321661844 -0.9977319197567325 -0.05030183318397077 -1.0787371955221245 0.693964092846893 -0.06725277276121092 0.7168618433109115 17.947014193313674
-0.7546683841600642 0.005445061046390318 0.6560838218241938 70.59679786355902 -0.05364795700855223 -0.9971292474910914 -0.05343370197413048 -1.090908152988014 0.6539094177774528 -0.07552228219573862 0.7527940344037671 18.302098048659012
-0.788588024495608 0.010624854044029325 0.6148300904304042 70.8224493178415 -0.0539694002355091 -0.9971882504676229 -0.051989392836835686 -1.1084779429127911 0.612548962500415 -0.07418022381919925 0.7869441294868391 18.664954354544285
-0.8209634110600631 0.01361963622493188 0.5708183451937471 71.03433333150917 -0.049237270872220025 -0.9976802024210337 -0.04700962512276506 -1.1242165016521912 0.5688539081852938 -0.06669871967457713 0.8197295358446527 19.023921608487907
-0.8518098023513284 0.018826298302459604 0.5235127802741961 71.22766370875915 -0.044721336730559454 -0.9983190655587932 -0.03686523271121318 -1.149787988888479 0.5219387537434098 -0.05481435791876813 0.8512199031429714 19.40910940679908
-0.8809532769883112 0.01935092253872792 0.47280742967984046 71.4112028791614 -0.03820712721325853 -0.9988100513688386 -0.030310010140052454 -1.1675956216646775 0.47165828646772123 -0.04476631637157981 0.8806443310013713 19.806464862974753
-0.9072097602017191 0.020286111086031157 0.42018915346751395 71.57451589106837 -0.035632614217597953 -0.9989526308455645 -0.02870467088728332 -1.1869418435104389 0.4191667541668359 -0.041013595596248766 0.9069824238525832 20.240373337820774
-0.9302818875263731 0.02083830178203758 0.3662531568726891 71.72070505939817 -0.03355140756304647 -0.9990339858694216 -0.028379537142041916 -1.2028013138114457 0.3653079697883804 -0.03868927831711177 0.9300823764336109 20.69719204358422
-0.9498464156671081 0.01869233556808218 0.3121576256242326 71.8419915243894 -0.02870934046678868 -0.9992087804863943 -0.027524294157281744 -1.215432780495176 0.31139614707685515 -0.035105691702411866 0.9496315232740461 21.168303424790288
-0.9653943034055921 0.01699200716103346 0.26024048617513806 71.94962819466319 -0.025699951352701547 -0.9992166002488153 -0.030094821608874306 -1.2257621997070924 0.25952524241873215 -0.03574153717791943 0.9650747075059309 21.669368782056722
-0.9770496135539617 0.010706098727282528 0.21274264289064565 72.04798533624097 -0.017881924693586973 -0.9993331765226103 -0.03183455780255342 -1.2417437244422627 0.21225995718295065 -0.034908190317931485 0.9765895395842715 22.18361934904355
-0.985666375849537 0.005823454641386879 0.16860570244116882 72.12995394011413 -0.011182750968293693 -0.9994613463353076 -0.030853901899065075 -1.2567950291594574 0.16833520606344185 -0.03229712924790267 0.98520056528705 22.71849588008487
-0.9914297665844514 0.0010300386164310551 0.13063673660479233 72.18947433291594 -0.005355960780130325 -0.9994486631297016 -0.032767109307589894 -1.2746365837239344 0.13053096036735107 -0.033185972770170775 0.9908886716462523 23.27669399659693
-0.9950278639024156 0.0007101116989400242 0.09959440646528132 72.22328188137833 -0.004240107127373946 -0.9993700060900252 -0.0352365210991779 -1.2840686254883251 0.09950664072987823 -0.035483611273367646 0.9944040133575766 23.85230711002316
-0.9972054172508813 0.0015842192496181085 0.07469167326326114 72.24067177882064 -0.004368093984602339 -0.9993011591786792 -0.03712294464467048 -1.2960760460167282 0.0745806647894635 -0.03734546175265137 0.9965154494166374 24.446926799494417
-0.9985992072419867 0.001828151535574183 0.05287987478842775 72.26931053316322 -0.0039082648985065485 -0.9992213871264474 -0.03925996656370361 -1.3155194655786349 0.05276692866900572 -0.039411640045334595 0.9978288299441829 25.056751436182417
-0.9994207847306762 -0.00023040623132129963 0.03403001559342928 72.28969947932339 -0.0011916876167396176 -0.9991268261979973 -0.041763202129898806 -1.3400194374598837 0.03400992397734215 -0.04177956539370969 0.9985478421120182 25.684654773018803
-0.9998228547914341 -0.004826757134149065 0.018192345980545824 72.30238309199004 0.004031575961101114 -0.999045481371658 -0.04349566123355108 -1.3614639444861372 0.018384924040577885 -0.0434146123608392 0.9988879646895242 26.32581046934526
-0.9999542957191546 -0.008401925866451918 0.004562248847341646 72.30934850915774 0.00818885267781356 -0.9989593147715145 -0.04486903300773632 -1.3831471687152639 0.00493448727138811 -0.04482962271716034 0.9989824601875678 26.98266190502059
-0.9999346042097058 -0.007424601811756501 -0.008698424680190506 72.29369020168274 0.007807810741882227 -0.9989617617460609 -0.04488247609732644 -1.401881769542832 -0.008356159129589993 -0.04494745662598741 0.9989544037379563 27.65300420574124
-0.9997202703659028 -0.007375179487343474 -0.022471932428183183 72.26992616862738 0.008368929654593764 -0.9989763951430011 -0.04445360461799367 -1.4279326374203172 -0.022121076736086213 -0.0446292356491341 0.9987586741998341 28.33813860232345
-0.9992817842421003 -0.007413020699629841 -0.037161307916065804 72.23707723091944 0.009093026915228324 -0.9989345230299433 -0.0452452821900837 -1.4543689323868296 -0.036786309184868124 -0.045550695088530296 0.9982844793111366 29.038132761902844
-0.9986388937842643 -0.008438866007845975 -0.05146984905596708 72.20188807189038 0.010801999671343399 -0.9988918116466506 -0.045809010340480676 -1.4827538598879166 -0.051026234668479 -0.04630263670435645 0.9976233704208125 29.753681413845193
-0.997907928121008 -0.009213097954909166 -0.06399129487134875 72.14485005235484 0.011992786156120563 -0.998994842686602 -0.04319117231317888 -1.5017897988680549 -0.06352904905200604 -0.043868247191407375 0.9970153643825663 30.47579390657971
-0.9971187474158969 -0.010601855298141854 -0.07511194456271092 72.09539848951574 0.013481727347873786 -0.9991891329338431 -0.03793836652564606 -1.5252009253071885 -0.07464882168843694 -0.03884169526622073 0.9964531479850792 31.212063117069036
-0.9963706412721206 -0.00928049239392169 -0.08461334216251691 72.03345131195805 0.01200331973892381 -0.9994244644982039 -0.03172790692317408 -1.5513661028867052 -0.08427019358130086 -0.03262839596742103 0.9959085913126582 31.955776506069345
-0.9956511285663738 -0.009337524654244797 -0.09269110430801532 71.95613447111005 0.012324379502800473 -0.999421321626436 -0.03170380968181789 -1.5700562702356382 -0.09234143086599271 -0.03270829423558142 0.9951900459881117 32.714478701596306
-0.9950018330950892 -0.009782470438515274 -0.0993763322402971 71.88817468362132 0.013610741124119955 -0.9991881446928872 -0.037918323159656805 -1.5900491473040341 -0.09892471816217867 -0.03908138658373796 0.994327182248995 33.486987680854675
-0.994442343931833 -0.01254504055694142 -0.10453251433304799 71.82120542140603 0.01743916545908815 -0.9987874771484935 -0.04603749558175727 -1.6083201129737483 -0.10382822402148026 -0.04760459482838286 0.9934553349032712 34.263205699678025
-0.9939957195971016 -0.0120099764287841 -0.10875784978024561 71.74213450017056 0.01751706848983039 -0.998604421468833 -0.04982330513346264 -1.630929766604175 -0.10800769293973907 -0.051429270742249636 0.9928189000904221 35.036334248112844
-0.9936323745457577 -0.010925489805056941 -0.11213981419228854 71.65441916820643 0.01645639753926695 -0.9986868774428865 -0.048515026573305906 -1.6593100667266611 -0.11146251044450307 -0.05005151841751252 0.9925074076648045 35.80008713455802
-0.9932605607507127 -0.01134316342689607 -0.11534639613205609 71.57183467719452 0.01694188069607954 -0.9987192435769977 -0.047674366146508114 -1.681651913142008 -0.11465788736786595 -0.049307252534107664 0.9921806104293086 36.56564157662123
