1.0 0.0 0.0 0.0 0.0 1.0 0.0 0.0 0.0 0.0 1.0 0.0
0.9990834487074512 -0.0003699241705392424 0.04280333719388727 0.03685825277661953 0.00046478240366992866 0.9999974583028114 -0.0022062106051523927 -0.016781546571161262 -0.04280241227013732 0.002224082737916676 0.9990810812741036 0.6050230883400198
0.995997650304757 -0.004439528481975229 0.089269094171839 0.06466358068399952 0.005061873166244199 0.9999644312678241 -0.006746379715525844 -0.03231684376162401 -0.08923596823843953 0.007171247177090768 0.9959846962611791 1.1040034724373755
0.9906579164463438 -0.003828497608824275 0.1363166724514941 0.09105340232073868 0.005262170127793423 0.9999345557864954 -0.010158430469826906 -0.05028966041217338 -0.1362688597873148 0.010780851085298223 0.9906132298239014 1.5989966025214932
0.9832860993585896 -0.00027861318813706846 0.1820669359956965 0.12765277786818957 0.002732502129110397 0.9999087825783958 -0.013227242898834245 -0.05214741090822079 -0.1820466430349213 0.013503662365512165 0.9831971678470367 2.0133546780828575
0.9739348597899143 -0.0028847695877932044 0.22680953901991197 0.31441120413066104 0.006086571483562694 0.999891441444802 -0.013418605479388869 -0.06468070632591985 -0.2267462073190533 0.014449340118543355 0.9738466891849885 2.9400589849773953
0.9621832858998998 -0.0038739442441114895 0.27237532357184085 0.3853048739614793 0.008119579660919883 0.9998624509415549 -0.014462075344731725 -0.07354935899304825 -0.27228183332900024 0.016126740313536277 0.9620823932937648 3.1881962531825057
0.9488939006323209 -0.0060745966617788754 0.3155367880583429 0.563567572913886 0.012062907355421143 0.9997822330476781 -0.017028586210623215 -0.0888732132043149 -0.3153646327807122 0.019964612633226943 0.9487605401962562 3.7065684346669947
0.9323632681883149 -0.006350787062264362 0.3614670159736482 0.706441446375451 0.014474453253484103 0.9996997535933778 -0.019771010807549706 -0.09066588116638995 -0.36123292532134527 0.023665801677300487 0.9321752536378308 4.204469519729265
0.9142120924779269 -0.004517130264170525 0.40521086547784796 1.0283646026620081 0.014223488405831193 0.999679424445142 -0.020946138512825133 -0.1059840587044453 -0.40498634834361924 0.024912725166183335 0.9139832677790635 5.083103079187976
0.8945145818009576 -0.005124337774848583 0.44700940046919263 1.446526982045647 0.015598542556003278 0.9996831740758753 -0.01975441570159723 -0.13537504757879984 -0.4467665480041969 0.024643308056188713 0.8943111085927882 5.90865196886901
0.8724615963935805 -0.004925866600396821 0.4886578543895512 1.9217610173769 0.01628220206675359 0.999687021464719 -0.018993393874071587 -0.17192284443618044 -0.4884113560455185 0.02452743266698146 0.8722687385963942 6.744044809142547
0.8483166262011615 -0.005026837582044532 0.5294654215476229 2.414423269651597 0.01718816486265306 0.9996893722111821 -0.018047882885991344 -0.20166294581885816 -0.5292102310985045 0.02441085807455249 0.8481395175964458 7.538719029431257
0.8231425270031371 -0.007179642980967616 0.5677894266059864 2.932833395127174 0.020639312769519063 0.9996376246364251 -0.01728115099312515 -0.24047818089691894 -0.5674596012116554 0.025943633860950648 0.8229924233276987 8.335862328866224
0.7969543142150672 -0.010194298518628159 0.6039535556081315 3.4686654552839555 0.02593699619526336 0.9995129294285695 -0.01735442691320495 -0.2517561575784481 -0.6034824713961111 0.029495426473132635 0.7968305507037303 9.0373807015179
0.767081694127889 -0.008771973942487589 0.6414894597785995 4.012526182784831 0.026600722486145822 0.9994815116047988 -0.018141376006270922 -0.2728804463589788 -0.6409977192604527 0.03098000053805946 0.7669173120158129 9.726379757527273
0.7366245101893445 -0.012377358815574358 0.6761886807519467 4.611109882498438 0.032090975102664114 0.9993459837828877 -0.016666553752100813 -0.29500372169122946 -0.6755401544728987 0.03397654611289966 0.7365399473273464 10.365197177277471
0.7043191960197193 -0.011710996859525521 0.7097868149456509 5.2747018685388 0.03283721168136997 0.9993310947422185 -0.016095981185103195 -0.31991958242763785 -0.7091235348281203 0.03464412841845613 0.7042326296892221 11.040253328187255
0.670068082745322 -0.010279939261833515 0.7422284603373683 5.964518811466386 0.03403920484107578 0.9992777732519392 -0.016889772598596777 -0.3486340979367957 -0.7415187772536813 0.0365821641434462 0.6699340626112297 11.681576173207759
0.6345044908543198 -0.01142828240377803 0.7728346818349957 6.669920608703691 0.03882496442273366 0.9990996753747788 -0.01710148542039629 -0.3725276922438394 -0.7719434391348068 0.04085624832641952 0.6343769334941307 12.260304402232883
0.5978513607459267 -0.009755566835555625 0.8015476151607963 7.405823776449191 0.039044807072909485 0.9990934770776829 -0.01696252049265298 -0.4036784446778389 -0.8006555148719594 0.04143733795191724 0.5976902990082541 12.814265532901935
0.5601632233823877 -0.008180464100702575 0.8283418637114447 8.18247358358252 0.041905120629573404 0.9989508071315811 -0.018472839418523353 -0.4287469274893445 -0.827321656935725 0.045059570995059015 0.559918307458211 13.332752170111755
0.521911617514149 -0.0067196938752321425 0.8529730999380853 8.98994851371158 0.04697805265095562 0.9986777309704388 -0.02087707433667594 -0.45838815140217865 -0.851704952476436 0.050967002834757885 0.5215371880788117 13.80363627601655
0.48262905186545213 -0.0056900422724618024 0.8758063836912765 9.854375552762217 0.048721269460771544 0.9986048628552059 -0.02036088858731957 -0.49514438804775784 -0.8744686593569749 0.05249715516932272 0.4822329442308384 14.300997251957732
0.44435295198219615 -0.007058805710976508 0.8958239934979649 10.683004425051372 0.05372625835279726 0.9983790345542661 -0.018782772050446254 -0.5191348711179087 -0.8942393098204284 0.05647545152033074 0.4440119144206139 14.706227878303386
0.407422967926085 -0.007489493964348749 0.9132088658606297 11.524200661866537 0.05751427057235173 0.9981917630733984 -0.017473202710151774 -0.5461794267737775 -0.9114267024214455 0.059641525907522884 0.4071170034530516 15.075459483940325
0.37207156142066805 -0.004999357069419837 0.9281905836685039 12.411443271259198 0.05909235248577216 0.9980845521995892 -0.018311759561605592 -0.5741003675427783 -0.9263211360320367 0.0616622501165603 0.3716543015368984 15.427106337436308
0.3389584525437119 -0.005616177347498197 0.9407845800188123 13.305020930764837 0.05982743012336111 0.9980868733663146 -0.015597173419820429 -0.5926174078258113 -0.938897143490173 0.0615715174886494 0.33864598355825604 15.732327846360873
0.3055121578195207 -0.007064244106331767 0.9521619704019194 14.298122006463126 0.0622184206577847 0.9979835330295379 -0.012559296665476526 -0.6159481517208385 -0.9501532453006257 0.06307903183377704 0.3053356287556405 16.04698368958904
0.2727287539628844 -0.00681325095739029 0.9620668409072436 15.493119614366844 0.06290830019896367 0.9979612420176176 -0.010765927583372675 -0.6381695642118724 -0.9600320684893445 0.06345816765432939 0.2726013360752762 16.386834590346787
0.24033534065809942 -0.0037435172394425444 0.9706827031061348 16.439184947233645 0.06039538802890086 0.9981127656514074 -0.01110424011521892 -0.6564035597680515 -0.9688092284529466 0.06129349983787788 0.2401078627242982 16.62727908126634
0.20961226049036552 -0.0018885803649822542 0.97778276396975 17.395582410464225 0.06037098559416644 0.998115239779374 -0.011014182609298718 -0.6675294191768137 -0.9759190767427943 0.06133841687203081 0.20933120709804598 16.819216434199937
0.17911227298860177 -0.0017240771482763982 0.9838271297452836 18.010317646557972 0.06256543845533465 0.9979942917767923 -0.009641550281457153 -0.6815985391611046 -0.9818372368044249 0.06328049572281277 0.17886089367250424 16.93159965806983
0.14824186616998644 -0.001986116279229701 0.9889491414913939 18.62950335220483 0.06435272791510734 0.9978979516728548 -0.00764228087709326 -0.6947843963749443 -0.9868551441444301 0.06477448100329015 0.14805806660371634 17.029489897071322
0.11779895154174604 -0.0024991185816845528 0.9930343203645984 19.487836835110834 0.06303933744551533 0.9979986855471646 -0.004966445465459461 -0.7050485266245885 -0.9910345346909438 0.06318526768516228 0.11772074157708425 17.130764207340686
0.08822058402746273 -0.0027981833545292533 0.9960970327853444 20.20986363705306 0.06369935295040294 0.9979650981652234 -0.0028381821251526594 -0.7156332685249732 -0.9940621313517347 0.06370112254890002 0.08821930626828065 17.199379150132902
0.061046433665750306 -0.0024861910981095886 0.9981318308673041 20.871702994370377 0.0666894578712099 0.9977725076583635 -0.001593477324812836 -0.722788909737599 -0.995904538168964 0.06666214679234576 0.06107625593877313 17.239812025690103
0.035894185980403066 -0.001958315912089431 0.9993536773393052 21.543470070522165 0.07080086310537345 0.9974902965266929 -0.0005883184715942151 -0.7282406156739272 -0.9968444438308008 0.07077622011578684 0.03594275267398577 17.258517613123235
0.013255847636703198 -0.0014377004916787592 0.9999111038090979 22.26300796570017 0.07514609278651616 0.997172439094539 0.00043754904594661725 -0.7328565279077541 -0.9970844233275099 0.07513361250161964 0.013326403494704148 17.259714483781767
-0.00692021363400211 -0.0014412463244801333 0.9999750164140562 23.023025048540244 0.08101431371435144 0.9967109371310161 0.0019971922300483012 -0.7361380102692244 -0.9966889141636185 0.08102611068318222 -0.006780691034421673 17.24490581557335
-0.025129734823573606 -0.0022479193013934477 0.9996816709765721 23.94750667441825 0.08529617119905505 0.9963459934748508 0.004384571289593266 -0.7457601301561217 -0.9960386837901823 0.08537920206599767 -0.024846171698979375 17.229856457437897
-0.04076872963100114 -0.0020831712491299996 0.9991664381282136 24.78001038607579 0.08847227597914084 0.9960624071002224 0.005686611010161008 -0.747294108544458 -0.9952439736403057 0.0886303647699644 -0.040423896069008015 17.195992785445164
-0.055095611416087834 -0.002755323928105133 0.9984772815606466 25.57027709785835 0.09090275364209188 0.9958295083570333 0.007763998046995563 -0.7504212082647341 -0.9943345327318031 0.0911920965623656 -0.05461536909687192 17.14949369910052
-0.068324068769691 -0.003845856623449699 0.9976557677944765 26.501771737846934 0.09109266589428329 0.9957914329609932 0.010077115746274143 -0.7523261904780322 -0.9934958217562001 0.0915676330824555 -0.06768619301341855 17.08320251276669
-0.08056926826663662 -0.0036782293746286023 0.9967422252717332 27.36557826843036 0.09085954300284613 0.9958027521600478 0.011019175821629383 -0.7504694227317654 -0.9925991821759138 0.09145135001267968 -0.07989689683939928 17.013746434302604
-0.09169172794413832 -0.0007597908383057419 0.9957871508231568 28.207061161196776 0.09107530990239732 0.9958020078785375 0.009145984433342646 -0.7475779851924949 -0.9916137932445277 0.09153023447448763 -0.09123760860656559 16.935470774625824
-0.10204255488338886 0.0025290522102407913 0.994776819637344 29.093468066601826 0.09174568117376157 0.9957587064576442 0.006879571190198325 -0.7518351789343268 -0.9905402803414073 0.09196848595424627 -0.10184179207206875 16.852493143598338
-0.11153696766973982 0.005089565226679425 0.9937472521566252 30.01498771220463 0.09291847027087999 0.9956594559506667 0.005329695914539173 -0.7505948541045948 -0.9894067225997406 0.09293193262719354 -0.11152575116364691 16.753983085881895
-0.11920987975150688 0.006291400873150448 0.9928491440519476 31.13971683369087 0.09259410297710836 0.9956923285638659 0.004808215150190018 -0.7459681235564677 -0.9885420257447313 0.09250516263495344 -0.11927890937791485 16.626856123104428
-0.1248746424767911 0.00703898016730753 0.9921475577879019 32.04960488231879 0.09231261404140943 0.9957196586259859 0.00455441704188359 -0.7419571793490584 -0.9878687690959443 0.09215646577399694 -0.12498992303746202 16.510192317929178
-0.1300250535286914 0.008802359222809529 0.9914716354626458 33.18006893742428 0.09334706625733352 0.9956278157620928 0.0034026022325113186 -0.737896305082559 -0.9871067878786018 0.09299339198521757 -0.13027823444871245 16.362664298117014
-0.13496732316623983 0.010435023624768378 0.9907951008958867 34.222357980612806 0.09240949733725631 0.9957188707320365 0.0021012543856426106 -0.7391558937557623 -0.9865314523517315 0.09184247791772658 -0.13535380589668117 16.23099447106628
-0.1391429877291044 0.011332834326042818 0.99020745090711 35.39593430612139 0.09286234762303038 0.9956775835449135 0.001653487254451596 -0.740924980989801 -0.985908623230246 0.09218305968180728 -0.13959394739007322 16.06803186169987
-0.14230584073480615 0.01044436934775508 0.9897676307304092 36.58824845406123 0.09263065038686805 0.9956965700558518 0.002811225340947478 -0.7393253168609951 -0.9854788735947956 0.09208287315206586 -0.14266090624412378 15.90719038829799
-0.14481737768016328 0.008470493766344985 0.9894221434035098 37.88668451235075 0.09343867909925517 0.9956117027522149 0.005152726561841691 -0.7444052799678299 -0.9850366187964935 0.09319650249976671 -0.14497334772910347 15.725980861133383
-0.1469696534061531 0.0072678715749743385 0.9891143002810369 39.15642160387154 0.09335877275506813 0.9956109453136299 0.006556303941026111 -0.7421410494345946 -0.9847253731509836 0.0933060749065636 -0.14700311513089742 15.537611737555782
-0.14898535662367557 0.008204858021671778 0.9888053619477195 40.49187134960965 0.09583939324151966 0.9953776202225461 0.006180927373583574 -0.7361007912237263 -0.9841840144072728 0.09568737359204914 -0.1490830383385111 15.330134244674133
-0.15013001511638197 0.008040889734836257 0.9886335633860643 41.576770721926096 0.09552264877584335 0.9954066199763183 0.0064097174795631805 -0.7314342444243073 -0.9840408538937818 0.09539918762543612 -0.1502084979899771 15.16738727418721
-0.15079797091596733 0.009479581078225743 0.9885191497943824 42.93519873810606 0.0972432710871905 0.995246581961799 0.005290304492061132 -0.7262650529413874 -0.9837701551662827 0.09692460284126472 -0.15100299059347388 14.958540098831973
-0.1507717750471765 0.009825413990279233 0.9885197686890452 44.27898748987508 0.09690778022001992 0.9952813619129667 0.0048880222481115536 -0.7190404851622335 -0.9838072748165434 0.09653223227808086 -0.15101249666652972 14.74836149703437
-0.15044895014285461 0.011109608838537947 0.9885553550471353 45.60154552393305 0.09621105999157877 0.9953549543716044 0.0034564061100371165 -0.7151760220062322 -0.9839250709968781 0.0956299712399589 -0.1508189751471441 14.55073843964763
-0.14915470258407496 0.011019722901522307 0.9887524666994414 46.947383136695365 0.09667943345269883 0.9953094479001753 0.003491427775680436 -0.7156546328253619 -0.9840761971739399 0.09611279117693593 -0.1495204652475951 14.340557904244214
-0.14781503490456202 0.009973430048683188 0.9889647345326462 48.37897141947027 0.09582438901975358 0.9953890359022681 0.004284118875955502 -0.7145854675041454 -0.9843619262878648 0.09540019862985835 -0.14808916292635815 14.125010578276683
-0.14673018150980013 0.010729048020641608 0.9891183656988036 49.65653026787942 0.09679923963216691 0.9952975476223908 0.0035635520886125034 -0.7160268208661172 -0.9844288501668047 0.09626878635063757 -0.14707875350926716 13.935799883639978
-0.1458169389179574 0.011512642588674396 0.9892446003821413 51.24457371889257 0.09662491433270666 0.9953173129289768 0.0026594198685721574 -0.7128062913293404 -0.9845816605314135 0.0959734632305499 -0.14624653192722356 13.707347338183775
-0.1450452840239866 0.012152606444228005 0.9893503826951365 52.76817259823244 0.09774100233432818 0.9952096592545411 0.0021048964678055107 -0.7147565898508256 -0.9845854772669987 0.09700540337048781 -0.14553827562482294 13.493191705327252
-0.14409407317644865 0.012026252347472507 0.989490913212393 54.15566050813829 0.09726738231024736 0.9952561373549549 0.0020681865985500247 -0.7146653610839883 -0.9847720316976586 0.09654320437901968 -0.14458027277017524 13.296777951698834
-0.1433467411516871 0.01039876183163045 0.9896178947217763 55.54697928142208 0.09904983015731096 0.9950748658988475 0.003891323964627317 -0.7185075401111622 -0.9847034289302545 0.09857929300192243 -0.14367073482182083 13.098525407968323
-0.14282143665224692 0.008535295294040516 0.9897116680967403 57.00582419347238 0.10070183548973391 0.9948988469641238 0.0059518600836046785 -0.7191523020044965 -0.9846121965330252 0.10051583479084172 -0.1429524025496365 12.895481458835615
-0.14221976266201677 0.009647285930141787 0.9897880929686627 58.37318702156539 0.10201495854873838 0.9947704875923256 0.004962383260618611 -0.7171263176626698 -0.9845641103253057 0.10167894024579614 -0.1424601901228301 12.703953184901003
-0.14147300241091054 0.011631694932987062 0.9898737764290094 59.95150279780196 0.10394626765717416 0.994577865494567 0.0031690548138884416 -0.7151122813581201 -0.9844696861909905 0.10334202021083323 -0.14191498803776165 12.47538172853983
-0.14074304076297217 0.011251615087714639 0.9899822208679863 61.357827261572695 0.10314262515981343 0.9946609060024879 0.0033587118738503305 -0.7188408349939533 -0.9846588218017124 0.10258208044403887 -0.14115212155627727 12.269051427372988
-0.14061639827306807 0.011095421283463205 0.9900019798784507 62.73031959921712 0.10340121243930497 0.9946334308670833 0.003539416287457264 -0.7199159413137896 -0.984649794496903 0.10286510500707564 -0.14100905066374855 12.07274646758946
-0.1407665656211886 0.010118426344185682 0.9899911067537591 64.11662157856343 0.10302415986571158 0.9946687526552275 0.0044827419351791695 -0.7170560642867286 -0.9846678610004399 0.10262402223461344 -0.14105854661526043 11.885419979876701
-0.1405320797289934 0.010337151860272623 0.9900221602865572 65.60752360272478 0.10450686870706165 0.9945142066238516 0.0044505298982636604 -0.7169169540391396 -0.9845450974740013 0.104089558144648 -0.14084145314914587 11.680735622573744
-0.14082650831773724 0.010231849833341678 0.9899814158882086 67.08971570612793 0.10563131764663042 0.99439402344606 0.004748775315025766 -0.7178890866429329 -0.9843830145259886 0.10524179485234902 -0.14111784199379276 11.49860212347341
-0.1407362363272475 0.011232812753446621 0.9899834017305984 68.58469481616201 0.10633142760169415 0.9943233516488518 0.00383404094642335 -0.7237140176480404 -0.9843205470214611 0.10580593690072038 -0.14113172721940975 11.290924778420552
-0.14143315808573792 0.01192459169744647 0.9898759851146729 70.0083524085662 0.1059932722097872 0.9943618078357226 0.0031656537926139463 -0.7310490530003232 -0.9842571249628617 0.10536792315748646 -0.14189965725582754 11.097062068418674
-0.1430222845175874 0.012643257276480515 0.9896387089118995 71.5732211543292 0.10490421084781798 0.9944792991554808 0.002455625708380746 -0.732241167716776 -0.984144162548236 0.10416847698158918 -0.14355903219780078 10.892536306566615
-0.14444208757097726 0.013249456183504418 0.9894245475269856 73.12810407592848 0.1042215717262351 0.9945522943894058 0.0018967634753354566 -0.739585753225553 -0.9840093227836072 0.10339335392378744 -0.14503608874807322 10.678615525554344
-0.14566705307317626 0.01234983215137019 0.9892565851662602 74.51764493326169 0.10282151168957868 0.994696096320703 0.0027226270813385726 -0.7418386387816488 -0.9839760395369636 0.1021134545992213 -0.14616427746534513 10.481636583319526
-0.146581333404032 0.012042579274417188 0.9891253151051773 76.04712625412539 0.10268648545593699 0.9947089188334685 0.003106846932085955 -0.7437071682160521 -0.9838543583286123 0.10202520804963443 -0.14704236981300686 10.257852539215609
-0.14736976438907054 0.010941210829896637 0.9890209514714471 77.67487976449893 0.1002496277710468 0.9949545517486081 0.003930914205690184 -0.7481388091516221 -0.9839878884801776 0.09972828014310546 -0.1477230701820869 10.039302649766142
-0.14892816991982097 0.011953934232881777 0.9887757600491073 79.11814997752833 0.09993192497464806 0.9949896856155135 0.003022563415841771 -0.7446078903803821 -0.9837855511112147 0.09926040990796602 -0.14937657262672818 9.822108748977614
-0.1516245908670812 0.012858691685323326 0.9883545100279215 80.79111856343411 0.09895729902571096 0.9950891711075371 0.002234840945225829 -0.7492766025429252 -0.9834721330134008 0.09814374963621604 -0.15215244984362677 9.574195049665104
-0.15568752491032592 0.014003427720334234 0.9877070914999947 82.30601734757886 0.099341078531283 0.9950522319102908 0.0015510920637595732 -0.7467962092553927 -0.9827984252650898 0.098361373426921 -0.15630833475548123 9.340800426580001
-0.16028213673785702 0.013031486201593381 0.9869852162064665 83.69561821108037 0.09767347300246916 0.9952147936657771 0.002721606220699424 -0.7582214675022854 -0.9822268217241804 0.09683849872939138 -0.16078798415756917 9.130145433074436
-0.16559703432492145 0.012130682178809436 0.986118891803959 85.63277486678918 0.09583823929854732 0.9953894792999816 0.0038492060306227257 -0.7674496356671042 -0.98152567674562 0.09514531543270299 -0.16599612899181163 8.830066913833779
-0.1699648942421626 0.01295670979730826 0.9853649366587383 87.21995407244452 0.09461594181315192 0.995508608557949 0.0032301457903303812 -0.7727955058313266 -0.9808974249533245 0.09378024289926375 -0.17042742667098576 8.553963414369896
-0.17483815425176846 0.014711285175693653 0.9844872766604527 88.88431492104203 0.09536157038232107 0.9954405682093465 0.002060596338729994 -0.7846713242285227 -0.9799682600533829 0.09424252358427705 -0.17544388286974955 8.273185400794077
-0.17903582641851465 0.01622835784291239 0.9837087034586826 90.39118947629417 0.09483959085287257 0.9954922147042042 0.0008381349403392528 -0.7963655730598844 -0.9792607542761538 0.09344458713612529 -0.17976786217079993 7.989189422361959
-0.18388323463953346 0.016380701911431726 0.9828115936553614 93.08095668729058 0.09358026218161378 0.9956113186170659 0.0009147522111671914 -0.8147256199786289 -0.9784833624280616 0.0921399742048817 -0.18460914009062734 7.529679986127827
-0.18809173458150377 0.01609527068219595 0.9820195729433239 94.77713790894158 0.09181174183081589 0.9957755797022115 0.0012644883219158254 -0.8234859990842113 -0.977850757244742 0.09039876730570794 -0.18877489087666174 7.1949627660689774
-0.19448268727276924 0.015711124252855986 0.9807801205804867 96.3633057956417 0.0897508381987535 0.9959625452114752 0.0018427095543078178 -0.826235284468037 -0.9767913141473905 0.08838421301675838 -0.19510755878649266 6.906261726879831
-0.19996065367618054 0.01521328111699519 0.9796858134417639 98.38817979170648 0.08865473905552093 0.9960589507813555 0.0026275104838497324 -0.8321731807015479 -0.9757848503765545 0.0873791888609671 -0.20052132836585534 6.500896441310786
-0.2059905508587716 0.015201772725003723 0.9784358942020258 100.11793577209791 0.0888064940731035 0.9960436892698932 0.0032211296255336237 -0.8339569304214806 -0.9745159308945885 0.08755498370531527 -0.2065256043715116 6.17681278888586
-0.2114790246344785 0.016761608423455372 0.9772387991799697 102.46248657907402 0.08915350787327436 0.9960154465876985 0.0022095684188738656 -0.8408883367059854 -0.9733079030674427 0.08759154435084739 -0.2121307313537898 5.709496240879701
-0.2161134536586298 0.017803840875278094 0.976205920079277 106.80648566564436 0.08884045804387454 0.9960447365509224 0.0015019333401976225 -0.8643934698698009 -0.972318028302621 0.0870511690863003 -0.21684036939281937 4.673638079650795
-0.22156944179041949 0.017805693232693574 0.9749820202204683 109.28168833964142 0.08921751396770354 0.9960099830384909 0.0020853990236758464 -0.8740793546069103 -0.97105469344734 0.08744753270486579 -0.22227395564421557 4.113896946642047
-0.22755691812553797 0.017754767075598768 0.9736029053260364 110.74835172395181 0.08848918773854873 0.9960739554405221 0.0025177264435941203 -0.8851479250764884 -0.9697357952899243 0.08672625634237976 -0.228234624442166 3.8020372804444587
-0.230959352199838 0.02034324281967637 0.9727507029568324 112.11077788760682 0.09484205474247114 0.9954908821794157 0.0016994557584465496 -0.9025684643929915 -0.9683298829859895 0.09265018062167249 -0.23184732421814572 3.5296267642310486
-0.24186785607796638 0.024598023283581304 0.9699973595050603 114.02592083801652 0.08295082605162915 0.996543082565371 -0.004587488251825353 -0.707182293533351 -0.9667570018642759 0.0793525162905922 -0.24307216522002392 3.024370907227213
-0.2417819631047874 0.014947620138750587 0.9702154662596261 115.29389977504498 0.06924799763919234 0.9975976906866046 0.0018874214463525715 -0.617468868691483 -0.9678564961502096 0.0676418227795599 -0.242236220807089 2.636251988894615
-0.24533887613166275 0.014715058614612841 0.9693256949593475 117.600086389437 0.07145776192620039 0.9974392810264082 0.002944303995940832 -0.6344945894568529 -0.9668001986547966 0.06998819697270808 -0.24576213737180533 2.042715818378494
-0.24880034164902692 0.0155668578699485 0.9684296892038085 119.5403167293016 0.07305210548050084 0.9973243710213561 0.002736576642939249 -0.6490051180222446 -0.9657959307639457 0.07142668900987749 -0.24927183598812921 1.5664237645420704
-0.2520655653837703 0.016188207489600082 0.9675747478546733 121.87491826446137 0.07328651451123191 0.9973080246352877 0.002406405796144204 -0.6590130800134528 -0.9649311050735997 0.07151675283690115 -0.2525733883945618 0.9717274335508587
-0.25835114848462826 0.01572079906985934 0.9659231545797416 123.69075677620246 0.07289494742334855 0.9973342806426473 0.00326485760190202 -0.6760741197729913 -0.9632969483585131 0.07125439727917558 -0.25880842364876844 0.6236612480404844
-0.26423254075820624 0.01612296442373158 0.9643242268151593 126.31153610974194 0.07168790047047742 0.9974227005580095 0.002966704855964281 -0.6961003545910541 -0.9617910424466433 0.06991427915496658 -0.2647073558472514 0.013169861303660158
-0.2670858650758205 0.016568450238348187 0.9635302938327373 130.05474721972962 0.0706996379843635 0.9974946529414603 0.0024451057391777567 -0.7492868967594764 -0.9610758044325033 0.06877429614249227 -0.2675881057231879 -1.1324480061581015
-0.27358508068935283 0.015308138020900764 0.9617259820419402 131.87577783732556 0.06673910181447318 0.9977656335367625 0.0031036787817853694 -0.7685341595587336 -0.9595296222176783 0.06503384844307004 -0.27399544274218485 -1.7172943090334136
-0.2707718007103811 0.01451092145230634 0.962534189054427 134.29151081416137 0.06517105121909356 0.9978686845888157 0.003289741628927027 -0.8475311275155478 -0.9604349879211288 0.0636201341997314 -0.27114039260381695 -2.991683572263084
-0.2694241192248886 0.015586525225323935 0.9628954793804435 136.289147947384 0.06127309460568291 0.9981205498257388 0.0009878729715901524 -0.7529620126331521 -0.9610703677969366 0.05926574260873924 -0.26987278465176595 -4.082673357774672
-0.2737797986874996 0.01547741856219799 0.9616678591620308 139.2529762850157 0.06101333593149037 0.9981360969271028 0.0013056989088633243 -0.7939321002060005 -0.9598551946357045 0.059032038129985434 -0.27421382861751603 -4.901847850406869
-0.2775745273325191 0.014669613835570161 0.9605921008451217 141.00005167182155 0.06052846291696197 0.9981639424614156 0.002247030661548576 -0.8049448914657622 -0.9587954354047798 0.058766881828111774 -0.2779528137061433 -5.443256073263703
-0.2820934008906747 0.014430228370060739 0.9592784171882123 141.0171806825458 0.06075513857603983 0.99814862805984 0.0028512170849730577 -0.8050947433594865 -0.9574612923301611 0.059085402693451826 -0.28244785160806796 -5.448140009995524
-0.2859567095410139 0.015398047278379862 0.9581188133047435 142.6183974781941 0.062146597195095396 0.9980638808140317 0.0025080413682453673 -0.8147978682341531 -0.9562251621483038 0.0602610152125491 -0.28635999951111535 -5.918215664920584
-0.2893773596412516 0.01645249661268306 0.9570736957425318 144.5201866299479 0.06171541410991567 0.9980926562161614 0.0015024209161217496 -0.8124761388578072 -0.9552235086032496 0.059500966064235085 -0.2898407901747496 -6.51709324938637
-0.29266666704695554 0.018527120112973278 0.9560350243688496 147.322246532092 0.061418589650594275 0.9981119498563038 -0.0005407396593644681 -0.7962438548625699 -0.9542400006523313 0.058560066379460186 -0.29325200729180806 -7.42825414632689
-0.29631321686353473 0.019696785242319152 0.9548876971472104 148.6973360104484 0.06246255011043253 0.9980465820047726 -0.0012041521053124176 -0.8110705810117557 -0.9530461202616002 0.05928791444897524 -0.29696470472870223 -7.8339189684301305
-0.2995619591992286 0.020365644468433603 0.9538594619366659 150.16741463267374 0.06202714912951071 0.9980727851285743 -0.0018298515121139302 -0.8243832823549893 -0.9520584359016983 0.0586170291901281 -0.3002478618031082 -8.291930698509322
-0.3028806466410682 0.020317613137564965 0.9528118956471321 151.64842619315294 0.06215840754402096 0.9980651336239533 -0.0015236193067945916 -0.839856779582878 -0.9509992882551926 0.05876379532154904 -0.3035575235396532 -8.767443740375588
-0.3066305085035022 0.02040108473405159 0.9516099657930019 153.16023914986144 0.061757089565771923 0.9980900850532276 -0.0014980009367081806 -0.8519949405263608 -0.949823032539879 0.05830932910019822 -0.30730478192933425 -9.25901547179391
-0.3104779303467618 0.021088758426873827 0.9503466309908216 154.9844106344148 0.06398486694526051 0.9979500969706617 -0.0012412728324005084 -0.8763242778826248 -0.9484246894559376 0.06042241491582513 -0.3111908420987851 -9.844687166202238
-0.31361232492045255 0.02142095524210644 0.9493094607842613 156.61230287652546 0.06619120385900346 0.9978067468310674 -0.0006484674998666432 -0.8926904106647897 -0.9472412755943902 0.06263256864378335 -0.31434237251028885 -10.375131835794498
-0.3165594618840827 0.0210087144497148 0.9483399923069948 158.3009423447131 0.06674073837340416 0.9977703359846618 0.00017455780782863584 -0.9018581453563054 -0.9462218455167033 0.06334816924131137 -0.3172557777578544 -10.925805958654907
-0.3190903122153711 0.020432004622675227 0.9475040400111214 159.87220376992684 0.06620164512053764 0.9978059615724423 0.000777967755466024 -0.9120712944025368 -0.9454092842962959 0.0629745681810773 -0.31974284812764026 -11.461780226731252
-0.3219801025987262 0.02103029502770073 0.9465128315144822 161.86456935011375 0.06553379288246647 0.9978503430386718 0.00012201656917814306 -0.9327599220286577 -0.9444755875727836 0.062067862768529866 -0.32266615082836775 -12.116337675744203
-0.32485468450916 0.022969634359102147 0.9454849707160153 163.50485322884487 0.06510341019010452 0.9978767632278644 -0.001873870726543564 -0.9538305639159932 -0.9435205243841155 0.060945560193421636 -0.32566034262500654 -12.658836059604184
-0.32815336553598146 0.024815830233780513 0.9442984397197837 165.13914052655664 0.06451863337880326 0.9979092528438397 -0.0038038185526612107 -0.9673186311119488 -0.9424185453578167 0.059676608972512896 -0.3290683632730461 -13.204635730404174
-0.33149740075416245 0.025807857791426584 0.9431030843812636 166.80549861831554 0.06393329342906286 0.9979424558300005 -0.004836201329669639 -0.9946085330203285 -0.9412874201244541 0.058692498057292465 -0.33246531155482506 -13.773104775283834
-0.33420443952961126 0.026405245709074217 0.9421306467776869 168.48267640961834 0.062375958273095874 0.9980356066227231 -0.00584531801754996 -1.0267606833383873 -0.9404342786331295 0.05681277067928242 -0.33519498304648226 -14.382781228708993
-0.338833086179112 0.026681261695985985 0.9404681015242621 171.11735261564058 0.06318126008771315 0.9979866358638058 -0.00555004603336813 -1.0708722121010315 -0.9387226790080606 0.05753942050068017 -0.3398366475299248 -15.258815337142206
-0.3422557861424904 0.02586412559696848 0.9392507779390397 172.96734560178336 0.06265455072797675 0.9980244328793657 -0.004651736116326757 -1.0941264184474497 -0.9375155380712706 0.057256251911252574 -0.34320014203378996 -15.929820438591728
-0.34615127487701197 0.025101428413266322 0.937842851011103 174.7331780130249 0.062363649926781686 0.9980466540382563 -0.0036947978092133444 -1.1166943502312365 -0.9361036641680406 0.057208344274719554 -0.34704053837630505 -16.56505768523564
-0.34985329621461414 0.02491655018151592 0.9364730837855524 176.90946042678294 0.0622788028100136 0.9980533735289802 -0.003288511513362597 -1.1413991355337412 -0.9347320588534039 0.05717192592937639 -0.35072403544268904 -17.371944808479956
-0.3538294432044819 0.024878105457980873 0.9349790398668992 178.82209577248594 0.06117919506229384 0.99812098794007 -0.0034058075501465002 -1.1687235686337132 -0.9333069330146104 0.05599619007004353 -0.3546866158801359 -18.072278510032927
-0.35736942664636323 0.0254722379567253 0.9336156907378573 180.7970045738946 0.060393875600424175 0.9981661383546222 -0.004115827035000194 -1.1937565933488694 -0.9320084080567151 0.05491379913735287 -0.3582524277320281 -18.814753260485986
-0.36085303183026984 0.026059294439511795 0.9322585492191626 182.69463461680354 0.060390932223821824 0.9981645417810545 -0.0045257967426144165 -1.2225298161622773 -0.930665366672706 0.05466681538495318 -0.36176444625146226 -19.524596861432236
-0.3633832980015969 0.02669856001041537 0.9312570889001884 184.7736865324571 0.061136485324620696 0.9981180677275245 -0.004759520776857562 -1.2508839587404788 -0.9296315984816982 0.05520425499219397 -0.3643316913680739 -20.345139489864565
-0.3657118272175322 0.026305504032834024 0.9303563187783448 186.70721366287734 0.06198594120162296 0.9980695810570323 -0.0038541486724238978 -1.2783156098872186 -0.9286617266403117 0.05625950431899294 -0.36663642160486193 -21.116804844277848
-0.3684645244435222 0.02566373030053736 0.9292875051208163 188.7684716783169 0.06299871504006482 0.9980102668078813 -0.002582488985927376 -1.3043249074110663 -0.9275047472276958 0.057592363149318954 -0.36934816038118673 -21.933396690156897
-0.37104446723252976 0.02642721179002028 0.9282389809812636 190.82182136841766 0.06417611865880414 0.9979347759795811 -0.002758384395713123 -1.3291136041380447 -0.9263948559496763 0.058547291718651355 -0.3719741731658147 -22.752327934184656
-0.37361090868737706 0.027079675334304762 0.9271901531474448 192.9772135191339 0.06382811740744558 0.9979550228187829 -0.003426931423921013 -1.3589591640580136 -0.9253868706319623 0.05790046299082237 -0.37457532760105045 -23.62156298144971
-0.37631120728214057 0.02717376614645188 0.9260947368964347 194.8336521678457 0.0631557315354138 0.9979971162050549 -0.0036207210084666674 -1.3866256601789189 -0.924338265381287 0.057125672685863285 -0.37727367874276974 -24.36825852364275
-0.3788476624041831 0.02822603561627553 0.9250285074549193 196.65233877004113 0.06274466057722199 0.9980182804310731 -0.004755995632201247 -1.4180406192675998 -0.9233296032619864 0.05623880189684946 -0.37986792560213767 -25.13347472101732
-0.38137809204716877 0.029238369257966614 0.9239566378730102 198.30066654802462 0.062360421904323504 0.9980365949739164 -0.005842334532181482 -1.4418018921980138 -0.9223133571007079 0.055390187362076786 -0.3824526094271258 -25.840853539711848
-0.38414644948007765 0.029182009817121792 0.9228108775122258 199.85728843830032 0.05988706016027868 0.9981831025398086 -0.006635799074821728 -1.4615095416525958 -0.9213278707263833 0.05271531188407857 -0.385196119549191 -26.47105453188224
-0.3871483100079617 0.02996964169699315 0.9215302526963147 201.53598560400508 0.06062433750638279 0.9981361651390379 -0.006991819752229899 -1.499675724206687 -0.9200222148186931 0.053160289860847816 -0.3882436191645896 -27.177095300325686
-0.3894431921463497 0.029423476986324606 0.9205803925203367 205.558997160632 0.06208728842684434 0.9980548201130927 -0.005634240394612905 -1.5812236694349437 -0.9189554769991118 0.05496212378591007 -0.3905124789840636 -28.921157350668608
-0.3917872743252032 0.028581751818857724 0.9196117741415635 207.29691273821354 0.06249965896291799 0.9980353210621361 -0.004392099944007421 -1.6041227158245108 -0.9179305661684597 0.055754653396505406 -0.3928038878604541 -29.676843033925532
-0.3951283215570631 0.028078798928862427 0.9181967058066651 207.84060715166368 0.06147780829289536 0.9981001667211983 -0.004066482339609171 -1.6114862906735885 -0.9165664670884497 0.05484193871325926 -0.39610386664001473 -29.90166002790632
-0.39753500358012317 0.028262451959536968 0.9171516530747721 208.64191555721342 0.06011049172354958 0.9981806418257253 -0.004704792145932584 -1.624586536200211 -0.9156159946797054 0.05326011728881414 -0.3985106149063997 -30.269467411054293
-0.40109060526070517 0.02767809353188731 0.9156201447707679 209.86763929084418 0.05852486277417802 0.9982756292872604 -0.004539648487269219 -1.6396924862136768 -0.9141669250245641 0.05176573296655282 -0.4020188329936426 -30.80362023854455
-0.40448187774822514 0.026909062560294152 0.9141500494587291 210.953597665752 0.057651505938485455 0.9983292365920347 -0.0038780444286071495 -1.6598389603531916 -0.9127270755468454 0.051133528312562904 -0.40535743220769155 -31.281999330173498
-0.4079975419749001 0.027132472523589676 0.9125797689392402 211.77116828156932 0.057159664443248416 0.9983565168057429 -0.004127724826073851 -1.6728777742242724 -0.9111919548059987 0.050478651787277506 -0.40887788789632956 -31.64296723886322
-0.4117684010058783 0.026873797575697682 0.9108921906224267 212.9992751393508 0.056619040174402654 0.9983883915339556 -0.0038605621314041836 -1.691216201557883 -0.9095279370216144 0.049984184039568946 -0.41262636018934423 -32.18283187781218
-0.41549653011840404 0.02621492861576428 0.9092169218493666 213.9307352999143 0.05563662320713147 0.9984454211126461 -0.0033626205998431823 -1.7071674259800322 -0.9078916232776224 0.049188602103141854 -0.41630911809070964 -32.61013641500294
-0.4196021206492474 0.026184168166506525 0.9073303972005364 215.35516523791688 0.05492989867498793 0.9984843838113876 -0.0034119666395247207 -1.7301308949890197 -0.9060445720703879 0.04840789834543322 -0.42040445858668973 -33.23809281182974
-0.4234872269982474 0.027051319090743122 0.9054980920492248 216.97833259447552 0.0549991079147597 0.9984779577343026 -0.0041068293508267125 -1.7493450940762472 -0.904230980832839 0.04806239750768799 -0.42433045995768087 -33.98922987806251
-0.4271100746737142 0.027551674817155213 0.9037797792200183 218.5265622771723 0.055399422430066986 0.9984551974310353 -0.004257078501415962 -1.7688718828802432 -0.9025009075378441 0.048250636656131114 -0.42797662080497834 -34.697647569218915
-0.4307460977921958 0.02752579901580867 0.9020532853580979 219.73184931046754 0.05520066122660118 0.998466828115127 -0.004108546441655544 -1.7839857585823744 -0.9007833736459311 0.048024197466054123 -0.43160513229200465 -35.268454828725815
-0.4343674290582677 0.027738630119041933 0.9003085609791958 221.21508267227375 0.05401128513698032 0.9985292345015492 -0.004706264293651985 -1.8142794019810167 -0.8991149635342333 0.046582574476609726 -0.43522677549062627 -35.975425921071356
-0.43802448351109524 0.028175754509080546 0.898521384666321 222.93218153328817 0.05460035905453766 0.9984972572798122 -0.0046933991741201775 -1.8372501104510015 -0.8973033782595254 0.047003766471806374 -0.4389046517200627 -36.80643194762015
-0.4414844162652957 0.0286699752880407 0.8968107619291121 224.25021770001672 0.055173221043524796 0.9984654567047501 -0.004758933394856314 -1.860775264031867 -0.8955710054901156 0.04737894347025351 -0.4423887541982375 -37.44280285632792
-0.4448967730691507 0.0297798955320532 0.895086598679009 226.08650163948224 0.056463928534301884 0.9983913476200796 -0.005151870712084766 -1.8914882910248936 -0.8938001376634114 0.048248055084747214 -0.4458625787094145 -38.34781442772933
-0.4479314065256459 0.031940251045369066 0.8934972162301996 227.4219911080365 0.05849850082775278 0.9982672441641964 -0.00635882298271499 -1.9031140701986364 -0.8921521061169252 0.04941993112074232 -0.44902370756916454 -39.03305760694832
-0.4510006640861542 0.03266881870218611 0.8919255289980506 230.13095261431272 0.0597602763386141 0.9981926019203461 -0.006343409447723931 -1.951204624930129 -0.8905206962029483 0.05044083421289449 -0.4521378239852605 -40.36710792561834
-0.45376818948717823 0.034578067557540254 0.8904486439169387 231.5765188326363 0.06139378257400319 0.9980856548579372 -0.007471882497622722 -1.9779813872487393 -0.8890023811389863 0.05127750784494559 -0.45502239891946716 -41.10710493917202
