1.0 0.0 0.0 0.0 0.0 1.0 0.0 0.0 0.0 0.0 1.0 0.0
0.9999964986707957 -0.00213374124750583 -0.001565181918500903 0.006704688341261652 0.002138609855441894 0.9999928599170572 0.003115519666278834 -0.02406771964594353 0.0015585230301528126 -0.003118856071295314 0.9999939218529136 1.2799958782818797
0.9999929960594113 -0.002532143685396441 -0.002756098778869318 -0.007675997383658055 0.002543206360216815 0.9999886945764268 0.004017812930338519 -0.04187380879772393 0.002745893940364539 -0.004024794117759268 0.9999881304789462 2.6144222541807967
0.9999906345947405 -0.0011640194313452376 -0.004168426750204567 -0.019475713739995758 0.0011797565066745798 0.9999921793610818 0.003774836587074125 -0.058407578880309355 0.004164000167306579 -0.003779718962780872 0.9999841872885636 4.0037929267013475
0.9999843600847794 -0.0005567380321488339 -0.005565036262038 -0.03416137960058091 0.0005771911904001943 0.9999930829171683 0.0036743663599543997 -0.07669797770719275 0.005562952108724566 -0.003677520983080749 0.9999777644544179 5.411165455510591
0.9999766122777186 -0.000391246262026319 -0.006828017570259564 -0.046898649866475454 0.00041754412454802066 0.9999924997662377 0.003850463371478796 -0.08747229083561887 0.006826459879130482 -0.0038532243165295826 0.9999692755819478 6.727472421523161
0.999963784040903 -0.0005317559834415156 -0.00849398859032502 -0.06049859362742016 0.000567987359456858 0.9999907491308001 0.004263688916969727 -0.10471851380666398 0.008491642771454444 -0.0042683589815369774 0.9999548355374092 8.15758079842415
0.9999480758465458 -0.002062580023491182 -0.00997954780728519 -0.08078073070565248 0.002096149951071657 0.9999921764328361 0.0033545832084348644 -0.11577090188444444 0.009972550635309758 -0.003375327653189479 0.9999445761626292 9.482193984375348
0.9999287705046069 -0.00313367323089385 -0.01151668395101883 -0.08914073224439707 0.003177437581054241 0.9999877934817052 0.0037837518429621225 -0.13481349193999284 0.011504686330542819 -0.0038200758726226612 0.9999265219068667 10.836950667011115
0.9999159346617682 -0.0027968904249894115 -0.012661003650323849 -0.11670744628016397 0.0028440375718057805 0.9999890834956059 0.0037073359584233294 -0.1491896030185393 0.012650496423977498 -0.003743032670050245 0.9999129735365264 12.18746697234427
0.9999063498075672 -0.0021847843331804654 -0.013509934564055874 -0.15204420960234194 0.0022359140750250503 0.9999903913676416 0.0037706578524947694 -0.16708370641940426 0.013501566677859508 -0.0038005117825056643 0.9999016270651001 13.620375523992138
0.9998993004050929 -0.0005518267510317182 -0.014180427942880599 -0.179679007282263 0.0006123370096170477 0.9999907251274806 0.004263179846391661 -0.17992316147876847 0.014177943884535414 -0.004271433746749695 0.9998903643704915 15.067716094217996
0.9998924765872227 0.0009680096217633518 -0.014632095599854192 -0.21093191684144613 -0.0008961342216073853 0.999987505362913 0.0049179326464762856 -0.18802957801198167 0.01463667338325074 -0.00490429153197344 0.9998808507601502 16.50902463832783
0.9998781629308583 0.0016325440235981322 -0.015523984476416876 -0.2310995319735942 -0.0015417835927863215 0.9999816611863989 0.0058566367689695115 -0.20384575877432842 0.015533261002314693 -0.00583198858895012 0.999862343381194 17.80873520896644
0.9998733825533721 0.0014331435984991472 -0.01584818477634605 -0.265045813456221 -0.0013414628666949006 0.999982314551342 0.00579405401410569 -0.21735915866204308 0.01585620820550745 -0.00577206063439879 0.9998576218529199 19.201674278974554
0.9998626834809573 0.0021792675777053167 -0.01642756753402416 -0.29285366367827437 -0.0020820996581024133 0.9999802514771946 0.00592971471662395 -0.2285051163661224 0.016440165548858958 -0.005894696636094119 0.9998474751222283 20.486468792465452
0.9998627510228741 0.002890052245655249 -0.016313390664986174 -0.328094796476055 -0.0027882342684448294 0.9999765145931414 0.006260671834345791 -0.23328861461284175 0.016331101207063225 -0.006214327008653782 0.9998473269820721 21.906348925290004
0.9998625480867644 0.003841758030560737 -0.016128416806315497 -0.3572793377463809 -0.00371946436403235 0.9999641591334385 0.00760565798600327 -0.24523879021672906 0.016157057847526236 -0.007544623502202348 0.9998410014286883 23.23008928933497
0.9998607328311219 0.003958192429919217 -0.016212577065371613 -0.3819377829010399 -0.0038576506736233297 0.9999731645867794 0.0062280524710635965 -0.2542889466727047 0.01623679382431072 -0.006164642648990947 0.9998491704788866 24.59201210661967
0.9998567322643007 0.0043573163768405735 -0.016356305809914044 -0.406742775764394 -0.004287855315392294 0.9999816502845003 0.004279414806005939 -0.2671377746183242 0.016374652440573217 -0.004208668231129363 0.9998570687199101 25.889170144313958
0.999873855914632 0.002475864145077851 -0.015688924601185213 -0.44549312241756805 -0.0024149856594319384 0.9999894862516523 0.0038981060044073973 -0.27705060750977334 0.015698410832670043 -0.003859725753467049 0.999869322668936 27.367336452849525
0.9998759328031511 0.0014950806032706732 -0.015680680311102927 -0.4639054189044683 -0.0013926506387041421 0.999977636844689 0.00654112640987565 -0.2890607118126451 0.015690109152832584 -0.006518477161207185 0.9998556545473307 28.698592229549917
0.9998751382119971 -0.00016520670032807439 -0.015801287678109767 -0.4824448648788174 0.0002870713577799546 0.9999702334705186 0.007710367238475058 -0.3011948945257024 0.015799543524284317 -0.00771394060534395 0.9998454228253293 30.01280072440598
0.9998828753432211 -0.0009400800731534512 -0.015275858235434571 -0.5160723728035413 0.0010489151866629803 0.9999741151774361 0.007118198650991786 -0.3118070318768572 0.015268771145845964 -0.0071333880141103605 0.9998579796166733 31.324369652712367
0.999888560580951 -0.000837344557541965 -0.014905209607586156 -0.5400367923078118 0.0009153259510873091 0.9999859266621282 0.005225768468654539 -0.320609193857493 0.014900624072748971 -0.005238829237212525 0.9998752552546072 32.61014052840068
0.9998977368787042 4.564467261174935e-07 -0.014300901532337974 -0.5640411978807035 6.317632405362212e-05 0.99999010065875 0.0044491115129539505 -0.33336314522581784 0.014300761993615775 -0.004449560011313112 0.9998878385209551 33.89372038595954
0.9999084335181068 0.0006782701719172906 -0.013515344203533215 -0.583790988233634 -0.0006322724105804386 0.9999939950617859 0.0034073555680939906 -0.34659253607035434 0.01351757415237314 -0.0033984981892726815 0.9999028579812604 35.10961158272609
0.9999236942250741 0.001255989866390128 -0.012289353796533764 -0.6038963096763736 -0.0012013438181242648 0.9999893637739002 0.00445298911974163 -0.3648203010213507 0.012294815993397538 -0.0044378855917438925 0.9999145676862414 36.3435980245323
0.9999406221983669 0.0016570548137025912 -0.01077061961483674 -0.6228314693820047 -0.0015875886699932124 0.9999779063534234 0.006454949050030065 -0.37610970486414347 0.010781077856968942 -0.006437466455676484 0.9999211605851104 37.46436167674594
0.9999584006840204 0.001125838620980115 -0.009051485450232637 -0.6407680265861817 -0.0010581999771727296 0.9999715095390184 0.007473976389087088 -0.3891754890674611 0.009059642060510556 -0.007464087195084843 0.9999311027706258 38.66093489639454
0.9999759609914316 0.0015945101683594708 -0.006747960920602287 -0.6528384302209429 -0.001540113531475278 0.9999663418984237 0.008058729465257803 -0.39928541331964584 0.0067605835231244376 -0.00804814311546746 0.9999447594256495 39.67093300850995
0.999993466635708 0.001244465340433439 -0.003393816718008055 -0.6632274790815496 -0.0012189231128737965 0.9999709978929396 0.007517818795537422 -0.4138062618079974 0.0034030739550987986 -0.007513632877250121 0.9999659816256963 40.837769860454976
0.999999845552867 0.0005370875844311135 0.0001429376385975067 -0.6658418544907848 -0.0005379090806230344 0.9999829734664879 0.005810630855704184 -0.42921724925595284 -0.00013981438717486317 -0.005810706845722673 0.9999831079262742 41.98778031982781
0.9999931885014138 0.00040390238261794247 0.0036687618675670785 -0.669730311321705 -0.00041870833916978845 0.9999917684228193 0.004035810938074649 -0.44244110328849945 -0.003667101594217089 -0.004037319589342528 0.9999851260975993 43.066594738399026
0.9999696009892457 0.0005953807475745576 0.007774485138844749 -0.666105357704334 -0.0006314142794333507 0.9999890672662843 0.0046332131305543795 -0.4550049111523262 -0.007771641616571777 -0.004637981206390504 0.9999590445197809 44.21459044342173
0.9999127194594862 0.0009705511472529091 0.013176171431990678 -0.6602545999321782 -0.0010305688639183847 0.9999891222312964 0.0045489940532700045 -0.4713886786267276 -0.01317161307324837 -0.004562175966633702 0.9999028428599944 45.27989890332225
0.9997993889322377 0.0025878455968380313 0.019861645095276468 -0.6541234297611781 -0.002659952160907063 0.9999899646841204 0.003604883569839324 -0.484305638900004 -0.019852116895320904 -0.0036569914160875586 0.999796239175042 46.44112903577552
0.9996182686633274 0.003965063359159872 0.02734218767928961 -0.6378432304111207 -0.004065291088766114 0.9999852166890703 0.0036110679411486455 -0.4978015589119687 -0.027327465358046952 -0.003720843435276636 0.999619610132392 47.578128256372636
0.9993472916143037 0.004951656121650393 0.03578368126407049 -0.6075258451279393 -0.0051231640125630066 0.9999758181122761 0.004702805671415715 -0.5155245677661271 -0.035759529270616215 -0.004883061778806777 0.9993484936567467 48.68062903703216
0.9989044407905824 0.007270496113974614 0.046228325246653004 -0.5698260128193602 -0.0075272600508745745 0.9999571830590039 0.005382602049828493 -0.5302176864879026 -0.04618721170389243 -0.005724677716430127 0.9989163976730302 49.779921031499754
0.9982166995093039 0.009469277685203177 0.058938557845201835 -0.5149850012038049 -0.00980480855281247 0.9999373168614285 0.0054062997704861235 -0.5460203232000368 -0.05888366963763726 -0.0059745399895036275 0.9982469726084422 50.82357776819081
0.9971890415812265 0.011583940855008351 0.07402585808069036 -0.46569236747934617 -0.012051343657225058 0.9999101472133969 0.005870486839854972 -0.5560781354425653 -0.07395120327871839 -0.006746096200701561 0.99723904341922 51.68852056907798
0.9958426635322721 0.013845682092449053 0.09003158654796967 -0.3816072862751496 -0.014549149423828248 0.9998685056741383 0.007161955878612319 -0.5662095773760623 -0.08992058574093514 -0.00844206422380866 0.9959131587702055 52.68985868379229
0.9940962017200016 0.013884793342479444 0.10761019579808553 -0.29015146474595527 -0.014832121744033281 0.9998579305013261 0.008007932203367128 -0.5781635019685585 -0.10748371918777228 -0.009556742511975028 0.994160911916237 53.600602270556756
0.9918573311402926 0.013450082639623655 0.1266417385392462 -0.17173291253581846 -0.014461819112665981 0.999870406687159 0.007072879131303602 -0.5888265911879783 -0.1265301958079892 -0.008846756933520801 0.9919233057250701 54.602165338832066
0.9890783356997606 0.01250096712437231 0.1468597006341302 -0.03326755408935825 -0.013549433654490434 0.9998893442754101 0.006141013933478866 -0.5967216190789113 -0.1467666811542511 -0.008063809611094807 0.9891382695445173 55.58853069771546
0.9857909518347855 0.009810066675094315 0.16769007684564102 0.12816493908538207 -0.01093200474701269 0.9999236037544476 0.00576870236083711 -0.6032390572273737 -0.16762067459856544 -0.007519923307244676 0.9858228848026277 56.55846272420024
0.9818955389520171 0.0047712165646836575 0.18936310643475443 0.32812931205435963 -0.006384954630880376 0.9999483088003519 0.007912779642813766 -0.6165502444075152 -0.1893155644433097 -0.008978597875337647 0.9818752475949803 57.57681498755557
0.977190563005325 -0.000571345425746563 0.21236354945644448 0.5457479210254057 -0.0014427750406788642 0.9999554410410855 0.00932921928716701 -0.623832374185884 -0.2123594169645353 -0.009422817876332592 0.9771461960882579 58.56191739965762
0.9717454056714504 -0.005516696594538699 0.23596701594738073 0.782548792471102 0.0035486975341401383 0.9999552983572982 0.00876401922496489 -0.6300589187415413 -0.23600481626915784 -0.007679019849445002 0.971721544143132 59.50612875224398
0.9652850778818648 -0.011502751525068626 0.2609452147979607 1.0394366966098159 0.010049390639262506 0.9999256746894298 0.006903248848606596 -0.6372765454014467 -0.2610052263200508 -0.004041262703514098 0.9653289284121658 60.43692074876365
0.9578785614578836 -0.015172190145817662 0.28677249893522494 1.335084148595455 0.013582246453265775 0.999879382017825 0.007532861138558739 -0.64406698435104 -0.2868521990165969 -0.00332055143450747 0.9579690965044299 61.37547475095032
0.9492973926893861 -0.01780853669602924 0.31387468240346955 1.6558170636044254 0.015474308038997766 0.9998309868156213 0.009926912612324134 -0.6550053442815573 -0.3139984172314362 -0.004566598739180753 0.9494125236966849 62.34598039807101
0.9396249872710831 -0.02215879144918947 0.3414877322208332 1.9981108644609349 0.018955324624679797 0.9997394743625326 0.012715308478284656 -0.6584869827844428 -0.341680521780492 -0.005474610747464464 0.9398002179575055 63.28203476282303
0.9286574805756361 -0.025363489148863546 0.3700702327790049 2.36622713540677 0.02231575348698419 0.9996726351562628 0.012515177427409815 -0.6708603249545803 -0.37026651336195626 -0.003363917051128294 0.9289194761360392 64.216763391411
0.9167937183354951 -0.024797909093156857 0.39859044359490603 2.749557321037035 0.023295368548243635 0.9996915201445508 0.008613382336616366 -0.6741452239179153 -0.39868108034465105 0.0013886164635195102 0.9170885823733382 65.05995744235483
0.9038387486329911 -0.025855603555207652 0.4270913300856668 3.163926325611042 0.027166127019292857 0.9996263542848555 0.0030254523526505976 -0.6750304615827121 -0.42700997413681085 0.008867896253477564 0.9042034297677253 65.91254988679079
0.8899466590038235 -0.027849138810422436 0.45521354285153837 3.6060499164191193 0.030942721826154623 0.9995209443479917 0.0006555727923459355 -0.6842554435294427 -0.4550137273686597 0.01350212121167147 0.8903820531821519 66.72312992078363
0.8742017555977342 -0.028448307673233593 0.4847287739554646 4.072017017805489 0.030373768661557138 0.9995310685869894 0.0038829250112538145 -0.692907457665361 -0.4846119320519598 0.011328579782031134 0.8746558972493063 67.57851205636503
0.8565438280182812 -0.027437911253990317 0.5153443816612406 4.574707830661978 0.02624180015339273 0.9996094785516391 0.00960511917819572 -0.702702199495443 -0.5154066730345059 0.0052963587242645166 0.8569293494657338 68.43067493155652
0.8367996241271002 -0.02766046248852465 0.546810102207031 4.835867421486019 0.02430864923775032 0.9996151534522012 0.013365424084779405 -0.7086750471686651 -0.5469693580384364 0.0021080331237664767 0.8371499731609443 68.84422571664633
0.8157719161449122 -0.021421065256575948 0.5779769189098565 5.344608635877123 0.02031957772572903 0.9997584695796307 0.008373605247480907 -0.7096141762840694 -0.5780166914461086 0.004913294929687688 0.8160101494115303 69.56866426813924
0.7937712245665024 -0.014486131549447846 0.6080439088116305 5.87523240521422 0.017481137650611815 0.9998466934202962 0.000999741435800729 -0.7080399114844439 -0.6079651740656165 0.009835733283806833 0.7939027682746386 70.2789324197847
0.7714165263274144 -0.012310958699960645 0.6362114296402043 6.400421937507492 0.01680443206663005 0.9998582671318239 -0.0010279645237439802 -0.7174400205663289 -0.6361086023407194 0.011484160571496878 0.7715140699197292 70.9155611595358
0.7480346877031501 -0.014720879496032251 0.6634963464102218 6.943829862661862 0.017858937887337847 0.9998384172478507 0.0020488369497427767 -0.7246467481604364 -0.6634192975263733 0.010316738931160321 0.7481767174721755 71.53121018601439
0.7237812155101425 -0.015070949118510622 0.6898649277701591 7.54908605265612 0.018116185980459058 0.9998318671296197 0.0028357146572950106 -0.7399011302232337 -0.6897916757109944 0.010445284331383333 0.7239325522139854 72.15670268504762
0.6984310661709402 -0.01317695657710462 0.7155560171102523 8.183752160053807 0.01882945993087485 0.9998227094622346 3.289840610689633e-05 -0.7496017807462384 -0.7154295893000477 0.013450556083621423 0.6985553559275072 72.7787244229424
0.6720905914892069 -0.010825094193172135 0.7403897988001966 8.869264610030802 0.01878014895562747 0.9998206855879195 -0.002429542282979566 -0.7611602619213972 -0.7402307362146562 0.01553750321671061 0.6721733728413366 73.41011217453813
0.6455503617481747 -0.008661908599436743 0.7636685811176303 9.507139234451403 0.017197998813501227 0.9998469917109497 -0.003197186790380972 -0.7751698534833755 -0.7635240397548797 0.015197516441076185 0.6456005546856445 73.93461872859883
0.6173426109119444 -0.007206253576325648 0.7866614078889443 10.24920625325256 0.01725466284029463 0.9998415260297007 -0.0043817162008395975 -0.7885901691881873 -0.7865051667743136 0.016278597482296802 0.6173691196531603 74.53180949567734
0.5888538490169526 -0.0007724961758795819 0.8082391649428879 10.557394682260949 0.01579801299173821 0.9998194989300251 -0.010554257189595937 -0.7965920097221697 -0.8080851237855033 0.018983487797807907 0.5887597641717697 74.75454353215476
0.5584464329084349 0.008531240516124201 0.8294967145848738 11.265833603419587 0.014712593485246719 0.9996879703550772 -0.02018666689382012 -0.8151578519284692 -0.8294101043300487 0.023477220078199745 0.5581466643926282 75.25448101660751
0.5274361239209406 0.01687594530197437 0.8494270643518593 12.01887198983193 0.013814570143693205 0.9995001674161865 -0.02843541782281609 -0.8380021314678217 -0.8494823675833411 0.026732336320978864 0.52693936023021 75.73828884642307
0.49571624093194566 0.021708206813599355 0.8682132009093377 12.771430834756647 0.011491501439378441 0.9994360992660832 -0.03155041803942605 -0.8667150623759218 -0.8684085178480053 0.025617127878272895 0.4951872462900256 76.17525966155755
0.46321433208345714 0.02139320809834091 0.8859880434857667 13.582380852615861 0.009757228886623403 0.999524913992717 -0.02923598454479733 -0.8959602838724552 -0.8861925744650145 0.022187315184822982 0.46278552700787734 76.60878479186306
0.43042712492704605 0.01984757688160948 0.9024070942866997 14.61587265772412 0.005304240037210573 0.9996853384974377 -0.024517117099875144 -0.9415782874600275 -0.9026097468810452 0.01533941606417747 0.43018640976923656 77.0997895593783
0.39598096303818753 0.021062102221064992 0.9180171375096315 15.624513956788777 0.0011805328062759902 0.9997244093620099 -0.02344593073588228 -0.9807941010451842 -0.918257961170848 0.010367891579675121 0.3958469698893114 77.55306705573817
0.3613000281875888 0.023893068833221936 0.9321434497401015 16.70228576698878 -0.0059624120968620065 0.999710413151695 -0.023313933131342692 -1.0206550308266689 -0.9324305546654048 0.002865501316776726 0.3613378607737763 77.97135734133593
0.32517273491392956 0.02595096019271125 0.945298492611551 17.730398940779146 -0.01091805665000566 0.9996597883377233 -0.023687625874359866 -1.0531256984019586 -0.9455916076761586 -0.0026182524043142025 0.325345441410764 78.35048659834084
0.28892650691628924 0.025385158363212194 0.957014664117549 18.625733931161637 -0.013469842340351677 0.9996572291054222 -0.02244966914218678 -1.0819397895404532 -0.9572565157513827 -0.006404532156389465 0.2891694053999841 78.63777704326306
0.2528481203242598 0.024967918371552694 0.9671837628396577 19.575297196997333 -0.014182751033930841 0.9996551953868362 -0.022098414178716854 -1.1115879247945257 -0.9674020248178095 -0.008129784025179651 0.25311505089604186 78.88687298869013
0.2168800835878277 0.024320481287558288 0.9758952523364778 20.51104548142392 -0.013632229928616117 0.9996675858426176 -0.0218833297915193 -1.1449985561073721 -0.976103064051184 -0.008557570071730905 0.21713953197047584 79.099649523159
0.18136642908390857 0.023164149616490513 0.9831427366226613 21.471198818471677 -0.011435059719775587 0.9997046347809742 -0.021444873668146135 -1.172674394169045 -0.9833491027150818 -0.007352915746996433 0.18157774318308098 79.28552414623343
0.14696808674468423 0.022145535346547916 0.9888932989674978 22.38678377604272 -0.003262209644516488 0.9997547575370778 -0.02190394417023343 -1.2036031520079074 -0.9891358549091434 -6.796490427807625e-06 0.14700428730811077 79.41496570208848
0.11301383270462866 0.025442144542807077 0.9932676229991957 23.310063218992624 -0.0011468282241365285 0.9996747819437904 -0.02547577536912217 -1.2357617125435776 -0.9935927527928303 0.0017400076714103065 0.11300625633507619 79.52637584494964
0.08035203634107153 0.030514652538638682 0.996299355734153 24.284497238737544 -0.0003802854222082072 0.9995321584131632 -0.030582996598101042 -1.2679785837152795 -0.9967664749773844 0.002078527932928463 0.0803260485944086 79.6095744231137
0.051298743314387565 0.0344376945406715 0.9980894169006537 25.241472666461057 0.006456044361965611 0.9993729627372858 -0.034813802448084456 -1.3054135225693486 -0.9986624847392439 0.008229613868301195 0.051044245807120865 79.65426106651844
0.02558917067904738 0.03258533555261615 0.999141326465321 26.24639872711166 0.008370574051891896 0.9994265864807632 -0.03280901896506082 -1.3457235943550088 -0.9996374982132272 0.009202942047592613 0.02530173953838523 79.68397165945258
0.0031815324487823628 0.02962336099817715 0.9995560686296933 27.235223443576835 0.010194532832775384 0.9995082233552827 -0.029654391672838676 -1.3846291922191492 -0.9999429730497628 0.010284353569201425 0.0028779715191167387 79.6917963380955
-0.01570171579138461 0.0269822136243811 0.999512589349996 28.207834024694446 0.010485027277669541 0.9995853043069615 -0.02681946339030724 -1.4236300745148265 -0.9998217442745446 0.01005880517187688 -0.015978113603335998 79.67632723136082
-0.032265917308672405 0.030149887412246987 0.9990244716068059 29.174795161340562 0.011931133496510368 0.999485313520653 -0.029778450429944543 -1.4594489549757068 -0.9994081041465085 0.010958665317868661 -0.032609032808910046 79.64524549336451
-0.04663080355626589 0.03453283911969312 0.9983151061573843 30.102221064121167 0.01482112686089217 0.9993161693929182 -0.033875179533634496 -1.491949823052142 -0.9988022338572689 0.013216527993237625 -0.04711073157502094 79.59109476950673
-0.058456204932188234 0.03981892102883685 0.9974955266230644 31.093349277205476 0.019397497416501937 0.9990608533606862 -0.038744656098518064 -1.5333378486106055 -0.9981015024529835 0.01708405134372117 -0.059173693401563796 79.5236939368194
-0.06708670415998111 0.043244892911986466 0.9968095371544061 32.04520630137809 0.024944040866175514 0.9988207002445033 -0.041653374273217476 -1.5794061645133552 -0.9974352956208327 0.02207007023344084 -0.06808629120221807 79.44847279213546
-0.07287747385397422 0.048561566684986915 0.996157943323127 33.00057286930507 0.028824940521167287 0.9984991966813983 -0.04656690917971099 -1.630153171531211 -0.9969242682413818 0.025320514759772855 -0.07416788337067223 79.37560037788943
-0.07632664513954002 0.05332789919295593 0.9956557529635471 33.97633410544491 0.030824870542368005 0.998217613456188 -0.05110208940813277 -1.6815797486167714 -0.9966062766197036 0.026790508645721835 -0.07783442714322825 79.29872039030337
-0.07931105401354986 0.05737132111501881 0.9951976126502599 35.080986219601705 0.03301717925687274 0.9979459011033966 -0.05489849128024686 -1.7499887914893855 -0.9963029773041832 0.028504560765695564 -0.0810423804584703 79.2192359218075
-0.08169894923456185 0.06037586132964258 0.9948266366873536 35.97555531789801 0.033618232700762064 0.9977623782712539 -0.05779317378866394 -1.8051889786765192 -0.9960899036352323 0.0287226717976078 -0.08354586764622769 79.14080090393723
-0.0843803368433426 0.06370928614864521 0.9943948338626029 36.949482430310155 0.03469851057781029 0.9975365339365425 -0.060966194120583586 -1.87295295949634 -0.9958292886423286 0.029359671665350102 -0.0863830860864394 79.06949963554845
-0.08626950342026615 0.06739463886053916 0.9939897058986464 37.9115981497754 0.035921101947578395 0.9972710217345009 -0.06449948560643183 -1.9391221220135542 -0.9956240491342567 0.030140866966299404 -0.08845496551368648 78.9810236185634
-0.08856413021952529 0.06883863918797131 0.993688903325989 38.856020419292385 0.03852482541486209 0.997099321062772 -0.06564131140456797 -2.007229664792946 -0.9953251894055598 0.032468225866305045 -0.09095923066891688 78.89834066872749
-0.09034705505692375 0.06778917026992773 0.9936005424901173 39.81408348192501 0.03880569915348882 0.9971626739930047 -0.06450363794645664 -2.0710893312560805 -0.9951540219261289 0.03272965000169452 -0.09272131715531474 78.80442027078918
-0.09282109010581666 0.06747396018828178 0.9933939349160923 40.84075832861665 0.03821416673069704 0.9972075380533488 -0.06416232158093557 -2.143085593012842 -0.9949492060867462 0.0320061048252845 -0.0951403519084649 78.71229849974804
-0.09518234860236427 0.06903265033639157 0.9930633482825104 42.04928803816329 0.038117470707324665 0.9971136963629658 -0.06566075656172193 -2.2220243470462937 -0.9947298019771069 0.031603318068123665 -0.09753897347045819 78.60702391265578
-0.09751422209840346 0.07103953564442994 0.9926955025907824 43.00879211738036 0.036971129620231 0.9970193147077921 -0.0677172184470591 -2.295896647654465 -0.9945471894601821 0.030097682220171642 -0.09984997477128489 78.51251537961478
-0.10033829099427695 0.0732985841373953 0.9922497391905931 44.065961554625986 0.03545456655937205 0.9969126731752797 -0.07005780308147909 -2.374267693880418 -0.9943214777276184 0.028150304189643337 -0.10262728342695071 78.41783834113834
-0.10258516271679421 0.07686501147091887 0.9917499959172894 45.02308753891466 0.03321425340920614 0.9967187348174823 -0.07381447713222923 -2.4487677823201155 -0.994169551817414 0.025367965535511267 -0.10480156756342529 78.31464023839096
-0.10499442660011372 0.08098123942685996 0.9911701212424646 46.019082304011995 0.03000354120022252 0.9964831907681151 -0.07823706303307144 -2.5308262281975176 -0.9940200993432476 0.021524157997093625 -0.1070549051849388 78.22153436737483
-0.10766480798798271 0.08343147531842307 0.9906803107194072 47.04424617732572 0.02789317247757763 0.996333782952696 -0.0808762256556526 -2.616185390821572 -0.9937958845004576 0.0189256934710281 -0.10959725396465794 78.11969678444842
-0.1105372123774003 0.08202620094091873 0.9904813107974488 48.04938302185274 0.02577843413652634 0.9964897587569522 -0.07964692728522553 -2.7003995623481845 -0.9935376173116458 0.01672910791731804 -0.1122637071140465 78.01296292675703
-0.11358192355106807 0.07775195241514579 0.9904815902065374 49.06584161798729 0.0226976704700448 0.9968759846520626 -0.07565108709867892 -2.787899661631735 -0.9932693302411348 0.013889028749756678 -0.11499188007296782 77.90501639477294
-0.11589060154317123 0.07625639307537026 0.9903304150580731 50.074228382805984 0.02291720987376488 0.9969884060764799 -0.07408724344095871 -2.866252776995614 -0.9929975679555131 0.014109594757210516 -0.11728916987609524 77.78854020341467
-0.11771367079276203 0.07675954828805019 0.9900764937393002 51.07399870231423 0.022034097180457114 0.9969645495766901 -0.0746738605456252 -2.9449533623205535 -0.9928030974316788 0.013025307442045666 -0.11904768412743164 77.66683914871523
-0.11878072232140467 0.07958020392431273 0.9897262910260437 52.07633918174946 0.02333168374241272 0.9967314782927216 -0.0773433430499865 -3.0261147011653193 -0.9926463481716686 0.013905082659541223 -0.1202492251022097 77.53824847430712
-0.1196911457554961 0.0824364369282136 0.9893827689495689 53.15087293678467 0.02401266999139737 0.9964956165370814 -0.08012414057114246 -3.115330993426189 -0.9925207409961875 0.01416757173832649 -0.12125122103887657 77.42196223224938
-0.12012351269018776 0.0831351328708732 0.9892718996218943 54.130127405860755 0.022548277701034992 0.9964589243996136 -0.08100115528237894 -3.1993781213289836 -0.9925028548430919 0.012576234210022179 -0.1215727003130527 77.3066563985822
-0.1200210455449578 0.08178143590694337 0.989397162603215 55.07274408087202 0.019573019020781936 0.9966024639114263 -0.08000266153125442 -3.284331522672886 -0.992578382573743 0.009763486399379878 -0.12121397931188387 77.19781983408174
-0.12009583311522852 0.0809592683073957 0.9894557027697043 56.21077195247712 0.01587196515212657 0.9966984868179213 -0.07962541740596163 -3.3879125205364775 -0.9926354172557864 0.006141925593416866 -0.12098431782440248 77.07071587605728
-0.12009645587171504 0.08202533690084653 0.9893678210824097 57.30665426005527 0.012012750564567257 0.9966279535067332 -0.08116905883926699 -3.4859417238801953 -0.9926895461879948 0.0021369125582337088 -0.12067683495100352 76.94338393086701
-0.12034048354757593 0.08210467808438246 0.9893315874145507 58.351144034421424 0.007715791032388532 0.9966212677996601 -0.08177111432615383 -3.580631609357847 -0.9927026919416913 -0.002206899648001585 -0.12056738781968988 76.82463920182168
-0.12097871986378457 0.08136540160512507 0.9893148238865908 59.420841020159145 0.004181359088047839 0.9966679360240775 -0.0814588333925799 -3.6788045523512904 -0.9926462942943458 -0.005718104855633004 -0.12091582899092751 76.71315199432753
-0.12134842960863115 0.0764174445652987 0.9896640504724965 60.46029407712818 0.0043516591999145735 0.9970635200073849 -0.07645521651718025 -3.763303310686517 -0.9926004340588046 -0.004971039789684368 -0.12132463504862673 76.59131192968871
-0.12183228874617404 0.06777364230300467 0.9902341272789242 61.49275124253654 0.007296835901843907 0.997700237806563 -0.06738688052245038 -3.8453079502374172 -0.9925238786068025 -0.0009843219543552084 -0.12204663660093104 76.46867512145907
-0.12153678592540107 0.062486180101792285 0.9906181337746696 62.555648779010745 0.012538253638704873 0.9980335223672065 -0.06141563666523446 -3.9212990782904473 -0.9925077339056936 0.004956362334512448 -0.1220812541293473 76.32850631283188
-0.12055485373821381 0.06495287911958736 0.9905794520048524 63.59808795414949 0.021132502000675513 0.9977989478254958 -0.06285441175862583 -3.9925856666094566 -0.9924817099570901 0.013356017834957986 -0.1216621230631907 76.18746485244075
-0.11943274752686887 0.07058082727254521 0.9903303315761393 64.66728047531724 0.02654686584846055 0.9973403220468064 -0.06787890639362201 -4.067273548537915 -0.9924873211944861 0.018183202168303807 -0.12098879463446008 76.0546543731801
-0.11844602215687021 0.07632296629927578 0.9900229010737547 65.59053503884277 0.02998168229185722 0.9968618773187831 -0.07326319864310815 -4.135362447818048 -0.9925077523939873 0.02100481763189135 -0.12036261493539697 75.93858211912638
-0.11775159677108601 0.08061252805400637 0.9897657206524185 66.70262900722325 0.03087316622867092 0.9965150571079445 -0.07748928031776381 -4.231467853126867 -0.9925630504229324 0.02143271513108341 -0.1198300031596153 75.80983731877411
-0.11760433961846663 0.07757766440890594 0.9900257195082173 67.8155561852363 0.027757788051708133 0.9968112472333072 -0.07481204843909434 -4.323008994830146 -0.9926725162435903 0.01868270253566452 -0.11938271282134215 75.67979996803183
-0.11740826933679448 0.07289355481977608 0.9904048808225224 68.9207735629664 0.0268355514844931 0.9971711814663112 -0.07021031284364543 -4.4117194273107865 -0.9927210844279787 0.01833478984923874 -0.11903228139174007 75.55039397286387
-0.11704208136495654 0.07087485975448599 0.9905947231055395 70.10529724614368 0.024609483792234658 0.9973509383666346 -0.06845055914067864 -4.50031072227485 -0.9928220004095591 0.016366428870518878 -0.11847622339012838 75.41236229294351
-0.11677673474301636 0.07156221812237043 0.9905766215493708 71.2252561451568 0.022906117584782927 0.9973293976328252 -0.06934971084681325 -4.582078505482065 -0.992894004413337 0.0145918317818837 -0.1181040831017197 75.2834432001579
-0.11631972564825298 0.07692759571743181 0.9902281890767655 72.33389984448674 0.023551483320540082 0.9969292750858247 -0.07468164506927312 -4.661901893122345 -0.9929325501052516 0.014634394213151986 -0.11777429875612327 75.14381728554454
-0.11566142358966983 0.07970304305783309 0.9900857841725292 73.51517394663463 0.023119107780430654 0.9967214279739283 -0.07753645512305019 -4.752586771065411 -0.9930196080383551 0.013921923176528338 -0.11712488252467554 75.00681767865525
-0.11540995674773037 0.07865097369768612 0.9901992558166729 74.65252685235163 0.02334180280380252 0.996799798033706 -0.07645471131218781 -4.846874695940715 -0.9930436556996655 0.014289400840044934 -0.1168764770955949 74.88143886726023
-0.11481065708483291 0.07206088222866718 0.9907702772450205 75.6976977349098 0.024652617002826532 0.9972649763380932 -0.06967650568371508 -4.93013211490301 -0.9930814475634218 0.01642547478178328 -0.11627313655153601 74.7576234104593
-0.11493829557323243 0.07032271624249897 0.9908803680520656 76.7461858307341 0.023815307638546213 0.9973994771953224 -0.06802289329760455 -5.010818632466167 -0.9930871156816011 0.015779685382569266 -0.11631415303575682 74.63158763589139
-0.11470336205078203 0.07340091509539176 0.9906843313575754 77.93142532315218 0.02140350948285356 0.9972176061524508 -0.07140683273603064 -5.097042429336598 -0.9931691842360318 0.013013517692505687 -0.11595524930421315 74.50235192244313
-0.11436876189762495 0.07667308674530116 0.9904751506579818 79.09691604946326 0.020794343106001003 0.9969835372216647 -0.07477581028491727 -5.184498895094395 -0.9932207114215825 0.012044263278572376 -0.11561813925713449 74.37177182521215
-0.11417913725935462 0.0762536889745545 0.9905294036688064 80.20722920167911 0.02001597886410944 0.9970241182493111 -0.07444641172879615 -5.270832070353136 -0.9932585188181479 0.011326188544865041 -0.11536564587530027 74.24303613223722
-0.11401709396985532 0.07283068275672351 0.9908056287344448 81.33462500818527 0.019631079300006658 0.9972797352014171 -0.0710475227021062 -5.358185100896981 -0.9932848146469299 0.011349951796327291 -0.11513668219136339 74.11974584437793
-0.11324416981791036 0.07162788208072177 0.9909819395482856 82.54008117032868 0.020151210830625144 0.9973584325542671 -0.06978599941931739 -5.45385684020261 -0.9933628172547591 0.012066628424025474 -0.11438841625866022 73.98230607253943
-0.11191254908148451 0.07213697510099658 0.9910962809845277 83.69165952720375 0.021538196298270633 0.9973034350393746 -0.0701567142822346 -5.5408868601216374 -0.9934846186319651 0.0134950095198244 -0.11316446995306595 73.84616051921645
-0.11088031296499268 0.07237337680941293 0.9911950617945933 84.8876161085317 0.02399450927611748 0.9972491505647547 -0.07013127135929781 -5.631091254577216 -0.9935440703468484 0.016007061787720357 -0.11231186157989065 73.71167384311849
-0.10978216274551159 0.07166995757727398 0.9913683946564916 86.04696073124455 0.023770854995713762 0.9973010327047532 -0.06946651437061807 -5.723151529852038 -0.9936713859197569 0.01593949017071429 -0.11118952044777848 73.58645200575263
-0.10855211777952199 0.07229259730113789 0.9914586315631307 87.21215955276105 0.024949997486202424 0.997236177972188 -0.06998216179040867 -5.815350007963437 -0.9937776085981305 0.017140178496035715 -0.11005579916617189 73.46475713596115
-0.10774770292881913 0.0703844057323344 0.9916836531592464 88.36083392166105 0.02515443027374473 0.9973644442550347 -0.0680545367587439 -5.905166543916832 -0.9938599937371289 0.017612517297367108 -0.10923420747771137 73.35446735431326
-0.10672950580723406 0.06976132863962883 0.9918377738403478 89.49521601089052 0.023767781144018306 0.9974295634660736 -0.0675970302851106 -5.987138218064877 -0.9940039764355237 0.016359185502641163 -0.108113236377682 73.2434017557266
-0.1056310048561351 0.06892587468841782 0.992013767349788 90.64552266895946 0.024664662668286628 0.9974696063799552 -0.06667862298874534 -6.075325599240067 -0.9940994644544089 0.0174243549852541 -0.10706375028367476 73.1320362179691
-0.1043143652807668 0.06963784846739801 0.9921033631920123 91.94647922011684 0.022291328903806643 0.9974587090256097 -0.06766993752520212 -6.176599069705982 -0.9942945287246495 0.01505635579395525 -0.10560159231011988 73.00944849591278
-0.10273637919824737 0.0721492275072493 0.9920885672959548 93.14114312118495 0.023099688550749602 0.9972700906393969 -0.07013394830569515 -6.267364045922092 -0.9944403656218366 0.015711629011491767 -0.10412254287959437 72.88863343004179
-0.10205666449703714 0.07083757326847302 0.9922532315115794 94.35444966426459 0.020270832556130117 0.9974023684623502 -0.06912024835874091 -6.366185375096011 -0.9945720338815185 0.013059617112550345 -0.1032274954731202 72.7784357065346
-0.10166356764518858 0.06942463945776535 0.9923934393423863 95.54356388216536 0.016629137041710502 0.9975411865032275 -0.06808122377704157 -6.46004511607839 -0.9946798433741886 0.009581266403294484 -0.10256806773654711 72.66595558667106
-0.10151752605898767 0.07023758257219308 0.9923511847613607 96.78003245896667 0.013555360468674782 0.9975095993586178 -0.0692159764069875 -6.554947472078546 -0.9947413955925567 0.006425043332362109 -0.10221680249719327 72.54231794800728
-0.10183291715826626 0.06969726971520758 0.9923569658027712 97.99039154106158 0.010819080908868472 0.9975612719181056 -0.0689525652707513 -6.643244554517321 -0.9947426825422369 0.0037147494364330414 -0.10233863476370729 72.42393788414167
-0.1029096917728045 0.06718772347203103 0.992418966542796 99.13408777215108 0.008180828695852781 0.9977395628920892 -0.06669961530436744 -6.726527928592582 -0.9946570611929902 0.001254772707464765 -0.10322672214294662 72.31405853965353
-0.10424664032337215 0.06568013452701982 0.9923803494174 100.3829957490141 0.0059781994486652916 0.9978403349547194 -0.06541350830527419 -6.818149735572509 -0.9945335082905161 -0.0008864908148364832 -0.10441415144219554 72.19427618899613
-0.1056561234247544 0.06503120444086372 0.9922740176139969 101.6379968890253 0.004062395787053223 0.997879209274418 -0.06496599601584246 -6.905546689367923 -0.9943944290488171 -0.002833045504704501 -0.10569623138904183 72.0696498519336
-0.10765550015423615 0.06524004407344249 0.9920453769540158 102.99152744351537 0.004007820869712296 0.9978649625885453 -0.06518783483163268 -7.0032193029660625 -0.9941801801778278 -0.0030418887973132705 -0.1076871220440365 71.94271845377591
-0.10997124794739743 0.06393592162849307 0.9918762637297085 104.43064833997197 0.0035621211457471137 0.9979478769738281 -0.06393235594259805 -7.109066428565253 -0.9939283857088677 -0.0034975375542285452 -0.10997332091567345 71.78779346446318
-0.11315416613453208 0.05915714216750128 0.9918147847340106 105.69951533529587 0.0007891863045214383 0.9982309844073269 -0.059449801969012755 -7.197663451681736 -0.9935771293016844 -0.005944266123932829 -0.11300068065667741 71.65543393184076
-0.11748752002782571 0.0591017529037501 0.9913141103814747 106.90866409318018 0.00014129396387691092 0.9982284601789579 -0.059497237959096644 -7.281008395560109 -0.9930743490160884 -0.006850116236216855 -0.1172877369285608 71.5252767120731
-0.12303586508461936 0.0647463652807081 0.9902878793996298 108.09000260755441 -0.005176293215769349 0.9978140243959185 -0.06588155058409732 -7.366813989301052 -0.9923887251936231 -0.013231814001025511 -0.12243176551376911 71.3899849534722
-0.13026261238143938 0.06792820529266577 0.9891498424107845 109.28706868848964 -0.00453204273175936 0.9975990786456381 -0.06910527385120978 -7.45620760440229 -0.9914691686604485 -0.0134847028551121 -0.12964200856461977 71.24496382321459
-0.13941409117825265 0.06393434056586508 0.9881680582154786 110.52912563651529 -0.0024821177390057557 0.9978878145828278 -0.06491339306057459 -7.553530123783626 -0.9902310590324221 -0.011502591165252254 -0.13896093020706748 71.08298170174707
-0.14999987005318377 0.061807171955875616 0.9867522041925442 112.60744038408049 -0.0001488918955924372 0.9980426348433309 -0.06253700397512009 -7.706454626444412 -0.9886860051680878 -0.009527461875945753 -0.14969706294704307 70.7655969474676
-0.1623929105715485 0.06287980826015392 0.9847206062174523 115.23467050764292 0.0006651175533190974 0.9979742013737632 -0.06361643664210383 -7.8990099177468265 -0.9867259499044009 -0.009675903346191552 -0.16210575770062527 70.3237509945079
