1.0 0.0 0.0 0.0 0.0 1.0 0.0 0.0 0.0 0.0 1.0 0.0
0.9999983470584625 0.0008304391640569209 0.001617482963615803 -0.010353573841805186 -0.000823008809870804 0.9999891316392009 -0.004589036933362845 -0.00419973989201806 -0.001621276300222131 0.0045876981452242106 0.9999881621743762 0.9449787908056831
0.9999962622788399 -0.0012454640458548546 0.002433977744373511 -0.009093901366370926 0.0012588041749089741 0.9999841541683785 -0.0054869685803637155 -0.0035815060452532984 -0.0024271053538843985 0.005490011972951422 0.9999819843017863 1.893586186087083
0.999993049369024 -0.0028111066330659103 0.0024492637951293414 -0.007834871259521802 0.0028150384261905526 0.9999947524318961 -0.001603330075214975 -0.003243597532585063 -0.0024447438106413337 0.001610213702758477 0.9999957152105862 2.814416263844838
0.9999852690262158 -0.005110540717762032 0.0018286891859711529 -0.0069317326836512184 0.005102300949034284 0.99997693667856 0.004482481008170358 -0.004617820032619024 -0.0018515549120334978 -0.004473084454291049 0.9999882815612753 3.7427962894967806
0.9999633620226555 -0.00853939290077487 0.0005944587740137164 -0.005491296369086662 0.008536696713846905 0.9999538847503124 0.004399225156198486 0.001023912571901391 -0.0006319980724666821 -0.00439398926322419 0.9999901466698514 4.713666006728824
0.9999363256544749 -0.011266216385031861 -0.0006457592381470287 -0.001015653684107244 0.011267249024179554 0.9999352128060676 0.001618422043838932 0.003887908689169672 0.0006274839082698221 -0.0016255949220203214 0.9999984818513947 5.617584571946684
0.9999275907911502 -0.011923147779822684 -0.0016284107672245704 0.0009527388013082727 0.011920480956208285 0.9999276074353605 -0.0016376881170630975 0.0004887876920620221 0.0016478192798298392 0.0016181580938226623 0.999997333124446 6.524583239374339
0.99992991504947 -0.011555627773569867 -0.0025753554936186677 -0.0009735121512893716 0.011549731607895367 0.999930671233967 -0.002292689550317763 0.0013397110087564792 0.0026016704144440103 0.0022627842025378904 0.9999940555416854 7.418017798747382
0.9999316960554019 -0.01118571804025379 -0.003388648062513794 -0.013276276508067337 0.011184070354712224 0.9999373289111398 -0.0005047973417737328 0.001691102395154939 0.0033940822129824868 0.00046686398378561014 0.9999941311047542 8.381587246295796
0.9999318584287111 -0.0108708774154215 -0.004254706044263085 -0.01632383366229924 0.010881630832058332 0.9999376368305503 0.002512480879495802 0.0016021464515331221 0.0042271278356594885 -0.0025586078155733793 0.9999877923836407 9.303562306391186
0.9999256029590967 -0.011057148852881504 -0.005150534548198042 -0.02447610792431032 0.011076280334613794 0.9999318074657478 0.0037008691184853898 0.010128731150857745 0.005109262259466323 -0.0037576425493030933 0.9999798875785632 10.2414756178094
0.9999067171363241 -0.012422769316075583 -0.005677308180727332 -0.0335773509944997 0.012448150949111725 0.9999125834613584 0.004457462684175912 0.014533770852340283 0.0056214378594368584 -0.0045277188685102455 0.9999739492597998 11.130917811662805
0.9999011479142446 -0.01251681884120266 -0.006404970403718332 -0.04325215115977696 0.01254527083095719 0.9999115295833447 0.004421446151917941 0.017848977735307525 0.006349061312818381 -0.004501361171122615 0.9999697131253794 12.031250416482711
0.9998902023982885 -0.012878404546523682 -0.007330064409378953 -0.048528753352307163 0.012900715207018047 0.9999122680617635 0.0030046175676707344 0.021064054216955813 0.007290726648076875 -0.0030988507412621695 0.999968620722184 12.934842982309965
0.9998689961342888 -0.013487366154850496 -0.008948828058144334 -0.05636457153541142 0.013494875006257217 0.9999086363983487 0.0007792333160318277 0.027675560331366804 0.008937500655929012 -0.0008998945495522089 0.999959654822046 13.851199063620353
0.9998368070122312 -0.014749032996965155 -0.010431939859883985 -0.06818556075999603 0.01474492131639107 0.999891176829958 -0.0004709490160317722 0.027647477395076732 0.010437750665696075 0.0003170540280435399 0.9999454749324007 14.719377491196656
0.9998227704214795 -0.014333295509837387 -0.012205916046927612 -0.08001721240587858 0.014320109190187807 0.9998967809176718 -0.001167040384489895 0.028194490564783594 0.012221383698177078 0.0009920434998562475 0.9999248239893821 15.60500575692992
0.999823521532523 -0.013047617963870904 -0.013516118369297423 -0.10117763282535339 0.013022030992872413 0.9999132506670501 -0.0019793557725409617 0.025136287497825864 0.013540771732979523 0.001802999146559361 0.9999066939944714 16.449982737210274
0.9998224584150271 -0.011571305390712697 -0.014871332841598401 -0.12476219884193235 0.011538301225300402 0.9999307790317788 -0.002303204232052153 0.02838664279518646 0.014896954513086648 0.0021312053995742202 0.9998867629435748 17.342394913285986
0.9997929483822025 -0.011975611727154455 -0.016451294447019302 -0.14202416449893143 0.011955255929156703 0.999927642023508 -0.0013351303216907033 0.02447561314462797 0.01646609306698018 0.0011381744453175964 0.9998637768906533 18.223083582767995
0.9997796539758295 -0.011375960616968736 -0.017641740730753697 -0.16630588644577718 0.01137545054045151 0.9999352891140043 -0.00012926521034777147 0.024101985528286206 0.0176420696340226 -7.144602185753159e-05 0.9998443640259692 19.14353378132833
0.9997587880727432 -0.011044940026817076 -0.01898354474599607 -0.18783423449245817 0.011055872899553726 0.9999387710152935 0.00047105716612025155 0.023035721528991984 0.018977179604676174 -0.0006808231994080765 0.9998196853103181 20.00947508127218
0.9997172227901261 -0.01202168329790203 -0.020517153493641103 -0.2077006995417122 0.012031327449721902 0.9999275608640221 0.0003466761101047167 0.022699665058759342 0.020511499618366704 -0.0005934266700197438 0.9997894409465393 20.873424783183843
0.9996798388060887 -0.012098133221894583 -0.02222284988873556 -0.22894993236756594 0.012097484129342154 0.9999268093697887 -0.000163649916098853 0.023521227680610768 0.022223203242833865 -0.00010524305209137162 0.9997530285833238 21.752886066509888
0.9996564851384003 -0.012060459786876802 -0.023269229262431284 -0.2551570677710755 0.012068232729007432 0.9999271574782783 0.00019363938049331818 0.0238857529820667 0.023265198893131726 -0.0004743913366519517 0.9997292160746947 22.62596435543715
0.9996367254493006 -0.011745306656255007 -0.02425829558211726 -0.2813064925250874 0.011800321287329139 0.9999281137689665 0.0021259614185846023 0.025234158599712623 0.02423158167587595 -0.00241144479265742 0.9997034637248678 23.472974684468895
0.9996005998204097 -0.01291064298986043 -0.02513873776195767 -0.3019530319573863 0.013035291802775429 0.999903511670418 0.004800887082982181 0.027274734027395383 0.02507432962798022 -0.005126660390099595 0.9996724440270187 24.31234674637592
0.9995880996303161 -0.01271217576822905 -0.025729975994742374 -0.32817512179750935 0.012881988298234625 0.9998962539023494 0.006444828122877658 0.027446378794675375 0.025645378822246233 -0.006773626745469411 0.9996481543652134 25.160267854716416
0.999577346551125 -0.012033079256557805 -0.026463810485580382 -0.3539289064101554 0.012180192858152323 0.9999112110871021 0.005404890772589158 0.02867823429554054 0.026396423313576646 -0.005724940692339286 0.9996351603911903 25.977215266995984
0.9995764515552068 -0.01045650367369065 -0.027158406198124676 -0.3849588663114668 0.010530761262796926 0.9999411888854761 0.002592650675903241 0.035594704543458845 0.02712969892067027 -0.002877551254692065 0.9996277802938708 26.78993099015605
0.9995611760012841 -0.009985810689477927 -0.027887972601153943 -0.4113856791379954 0.01001427900225655 0.9999494674628784 0.0008813267111050182 0.03755529374998053 0.02787776258945054 -0.0011602179022286996 0.9996106663333612 27.556827651403694
0.9995436360763679 -0.00907694930958504 -0.028811951868339236 -0.4396683808585361 0.009090844599000211 0.999958615703231 0.0003513194494811924 0.04200713135446932 0.02880757059713817 -0.0006130840969876592 0.999584787801506 28.336751708281543
0.9995067209618632 -0.009349953428745696 -0.029981546373451087 -0.4643032579940841 0.009351710573197768 0.9999562684678778 -8.161588882666233e-05 0.040191490891670456 0.02998099833925232 -0.00019880311480182744 0.9995504490599281 29.02372215593771
0.999449698195973 -0.008997778974311695 -0.03192711621031305 -0.4936596355532613 0.008973220957434401 0.9999593235972776 -0.0009123905549454518 0.03880193844646446 0.03193402701862793 0.00062539939648832 0.9994897832364116 29.77397395471905
0.9993910776286469 -0.008907660828970869 -0.03373614582027459 -0.5253732287126543 0.008882152002011876 0.9999601425458703 -0.0009059224340178071 0.03697206269816185 0.033742870833169604 0.0006057212224433656 0.9994303636420785 30.50931801158623
0.9993189571086463 -0.00885306410184982 -0.0358224122484114 -0.5527238471160574 0.008866415396242213 0.9999606696969406 0.0002138627308519729 0.037295098118592 0.03581911000161609 -0.000531333468649194 0.9993581485350674 31.217189128217893
0.9992489753032686 -0.009095062820147794 -0.03766649954089496 -0.5858329498660602 0.009195945557330967 0.9999545764268022 0.0025059266553059253 0.038463415473285745 0.037641997033543234 -0.002850423721612839 0.9992872235468312 31.924901345308285
0.9991830870856089 -0.008037572456905891 -0.03960499856169186 -0.6195038922727333 0.008200220891437173 0.9999585917671818 0.003946026903962575 0.040752880518061196 0.03957164211153311 -0.0042675730802350705 0.9992076225492889 32.62374774730761
0.9991250563707302 -0.006789800665112654 -0.04126766699380994 -0.6576380576229507 0.006970986992135667 0.999966678508278 0.004248201205014099 0.041141655152931604 0.04123744745421844 -0.004532160638243516 0.9991390956455515 33.31785417455705
0.9990516613172615 -0.004243795851782213 -0.043333223004839654 -0.6896430576629228 0.004404751317292703 0.9999837483404282 0.00361956086572327 0.03869462321056662 0.04331715809066396 -0.003807000367252855 0.9990541179351362 33.999459414097345
0.9989777209945424 -0.0025565550267983676 -0.0451328813942104 -0.7264741110995467 0.0026899383296536935 0.999992191976661 0.0028948605313966324 0.040606522597072744 0.04512512812537565 -0.00301330584384163 0.9989767979285408 34.695926986356746
0.9988985133098518 -0.002355920916221787 -0.04686373591598207 -0.7601126708749879 0.0025484433752077634 0.9999885562231747 0.00404880958489921 0.04173753427200225 0.04685366094266014 -0.004163779452363042 0.9988930860692464 35.35544353289774
0.998854401006043 -0.000973300625447183 -0.047842849797545044 -0.8000599557940723 0.0012604778027012656 0.9999813688117114 0.005972706686743773 0.04369447748768291 0.047836145189248315 -0.00602616921016 0.9988370179854591 36.03217486582341
0.9988518297165995 0.001992873298792828 -0.04786492168399978 -0.8383705427884317 -0.0016902653736908073 0.9999783352293536 0.006361766649125351 0.04877158620176465 0.047876562896337606 -0.006273557837971995 0.9988335583055304 36.667586623707216
0.9988928926840346 0.005075444399864083 -0.04676781809604439 -0.8789230756444566 -0.0048661828775586275 0.9999776384762312 0.004587244456410693 0.04416685291252898 0.04679005460055545 -0.00435458512887311 0.9988952539575076 37.34669039294521
0.9989679997075235 0.006661849219120939 -0.04492833543912048 -0.9162564664754651 -0.006603508336681921 0.9999771499251088 0.0014468259414681431 0.046187864162629856 0.04493694735955923 -0.0011486481790479054 0.9989891647907729 37.983886963752795
0.9990513707005488 0.007164688701919954 -0.0429537651103867 -0.9442995705264806 -0.0071941931174391354 0.999973979758594 -0.0005323449530648301 0.05031833935428672 0.04294883335717838 0.0008408576363701911 0.9990769192968546 38.61543986974683
0.9991729529561698 0.008215323448924582 -0.03982359277459237 -0.9735657880387917 -0.008210230420855879 0.9999662530212895 0.0002914360988889496 0.0510533575519226 0.03982464309047181 3.576580534082614e-05 0.9992066835862962 39.230053634106255
0.9992485536260869 0.012961112167367863 -0.036528586717220674 -1.0071187996560134 -0.012861067631844239 0.9999128749201671 0.0029724582850287227 0.05096264000987172 0.03656393052643176 -0.002500428017762999 0.9993281877562481 39.85423742883774
0.999321760753146 0.017305889785891884 -0.03250422532455632 -1.0384779706489435 -0.017103816812892383 0.9998326904882906 0.006484634251661203 0.051127002952697016 0.0326110094241498 -0.005924289802614113 0.9994505614859963 40.44379499119132
0.9993524794707429 0.02233897957205978 -0.028206236320299973 -1.0636403435321522 -0.022136921882443338 0.9997271475690653 0.00745567589100114 0.053237675412993485 0.028365092371577385 -0.006826448937782053 0.9995743199630793 41.02165354780276
0.999406406307571 0.026075673179518553 -0.02251431321671367 -1.0897687938102367 -0.025909465221583237 0.9996350771442113 0.007642784493826933 0.05744727505290094 0.022705387979880975 -0.007054913969882559 0.9997173068150623 41.60392498767884
0.9994152625443452 0.029798333195973782 -0.016768790420253213 -1.1055238297397543 -0.029640288185206774 0.9995145681299745 0.009595906015027356 0.0627817485998235 0.017046592319714435 -0.009093263148785847 0.9998133457078842 42.18685181256919
0.9993500891553432 0.03466601923519514 -0.009882632017434416 -1.1255296047254542 -0.034558188837192146 0.9993434550265555 0.010880738940010487 0.06378711256122255 0.01025333553044646 -0.010532141566308564 0.9998919657165608 42.74548321271888
0.9992750191551306 0.037970278866330226 -0.0027738088120478465 -1.1328136203816455 -0.03793960765430801 0.9992261208490603 0.010380057031498835 0.06781708658541094 0.003165795879373883 -0.010267294470945239 0.999942278534465 43.27860118894592
0.9991309271352256 0.04141379359191454 0.004721031903126883 -1.1370985671601095 -0.04146132261816234 0.9990853722947443 0.010458374320409951 0.06888943221611218 -0.004283592961138499 -0.010645025457904678 0.9999341649650463 43.66574606054752
0.9988774984462209 0.0457884891271919 0.012130843386536713 -1.1347098364822772 -0.0459105574190298 0.9988956730174315 0.009982742335019437 0.0722817104742045 -0.0116603522799971 -0.01052847047307628 0.9998765861316108 44.13814220812001
0.998545036888797 0.050102352595966106 0.01993899619088212 -1.1350907441593538 -0.050256481498947264 0.9987096275603096 0.007305195801248204 0.074092713423314 -0.019547259963905664 -0.008296630804011976 0.9997745098496991 44.54717492448195
0.998262503815584 0.05195503451264597 0.027796544113077814 -1.125558906758741 -0.05208513369534593 0.998634731010568 0.0039765396250254536 0.07763773976631037 -0.02755199309992781 -0.005417417118998097 0.9996056918945494 44.89941380327307
0.9979862101468125 0.05241204703054991 0.03572816372091994 -1.1121714789866586 -0.052580780917291355 0.9986094479733194 0.0037989336070689233 0.07728931459123209 -0.03547937196356867 -0.005669898102304943 0.999354324762034 45.26049434468667
0.9977353284957619 0.0515661834570286 0.04318730131797539 -1.0888836607896757 -0.05183621647630699 0.9986422919707235 0.005155516354595332 0.07777336161227556 -0.04286281527005649 -0.0073825071037635775 0.999053691077706 45.585529547636476
0.9972638415585302 0.05325519279269928 0.051270993364031105 -1.0734918831715694 -0.05362870281058312 0.9985433014431538 0.0059361079725583545 0.0779869688237475 -0.050880178407472845 -0.008669462706542818 0.9986671356671372 45.8752267195256
0.9965957747011533 0.05644705400030835 0.0600882013584503 -1.0573590955168453 -0.05690516003293306 0.9983619249895374 0.005938812407597093 0.08095264347944289 -0.059654543912712105 -0.00933792406654782 0.998175404708358 46.196001763105045
0.9957673786290923 0.061197353171721786 0.06857267402486965 -1.0387016595040695 -0.061707725746432046 0.9980799372866498 0.005347463798968615 0.07992660626628936 -0.06811375955964136 -0.009556293771839117 0.9976317923001442 46.47027400904764
0.994861746673258 0.0649213063936635 0.0776873798140583 -1.0256094118856336 -0.06553826765362199 0.9978353593858438 0.005415813169514933 0.0789621737989734 -0.07716761289035655 -0.010479481641042015 0.9969630584857895 46.6545339094428
0.9941636917931315 0.06432751891023196 0.08660556697525003 -0.9997806546945256 -0.06509534148159324 0.9978605990169619 0.006068067806615797 0.0773139238101065 -0.08602993919354801 -0.011670271649137112 0.9962241988237338 46.85292311367844
0.9932744265014662 0.06322410084805495 0.0969980759094616 -0.9716623194844716 -0.06393458530571486 0.9979451221689093 0.004231068549178078 0.07593453577107702 -0.09653125120896858 -0.010404143945396927 0.9952755755713062 47.054305080860445
0.9921121411096575 0.061929547134415 0.1089872958400961 -0.9417613621436335 -0.06226619187221067 0.9980595283511046 -0.000314987784800574 0.0756653231364893 -0.10879531613329423 -0.0064737206688109256 0.99404309269174 47.272471947414665
0.9905311124621301 0.06290091163528416 0.12203110488717252 -0.9034836507738104 -0.06285289313098982 0.9980137671170796 -0.0042467010538411835 0.0735608802440125 -0.1220558440616357 -0.0034635184749746617 0.9925171912718567 47.50946228964243
0.9883828703281938 0.06471245583083925 0.13751945208639127 -0.8655027425594383 -0.06442446819582638 0.9979010977423641 -0.006548818387340883 0.0715930252873819 -0.13765460231857332 -0.002386877652309163 0.9904774168428012 47.74328768343632
0.9858928761652671 0.06623493675296425 0.15371457276363423 -0.8343524811510541 -0.065802877585877 0.9978013492965431 -0.007902445407407682 0.07052927167402888 -0.15390002608184933 -0.0023238965832826602 0.9880836915346171 47.91394729124608
0.9830591017333068 0.06698133503349589 0.1706115566321133 -0.7779567512838009 -0.06639718109119823 0.9977514639190846 -0.009134034731002265 0.06615017166254568 -0.17083974023172976 -0.0023488304440937593 0.9852960297053369 48.17174883005481
0.9797997120251318 0.06611840553668073 0.18873494844557578 -0.743897336002942 -0.06534754140830822 0.997809290849351 -0.01031105846194422 0.06527798112409249 -0.1890032358118681 -0.0022305927470549583 0.9819739310738551 48.31749605682829
0.9759697311549436 0.06511364804853617 0.20795022651383957 -0.7047096481137871 -0.06426012834724897 0.9978740392314599 -0.01086451714007291 0.06456538350063175 -0.20821556083573817 -0.0027594683732936162 0.9780790691759823 48.45880572851666
0.9713816554112082 0.06540675502744951 0.228341051778603 -0.6484976637072738 -0.06436943643352576 0.997854037149806 -0.011995674097970912 0.06177405776288508 -0.22863563848142707 -0.003045807054566889 0.9735073024253988 48.65966930163975
0.9661955309181683 0.06743686861255864 0.24883421144507045 -0.580447720601672 -0.06603498251581494 0.9977192764050622 -0.013986656995007696 0.05561995684297405 -0.24920990573790125 -0.0029179173210500736 0.9684450984132319 48.86158411289957
0.95993202479597 0.06859907631498072 0.27170696439333236 -0.5168722307036545 -0.06673272381712768 0.9976407541450195 -0.01611425582844158 0.05235694137388181 -0.27217136392915253 -0.0026631555885742357 0.9622451123592451 49.04955804694596
0.9526477995451453 0.07000501578956006 0.29590787043621347 -0.45918201675732107 -0.06785895959219589 0.9975409119018664 -0.01752970864156873 0.05150225191989975 -0.29640737444411924 -0.0033803618588858055 0.9550556222172859 49.20081306663587
0.9442243111886522 0.07269556630701327 0.32117877389332095 -0.37544862418410496 -0.07056448275171744 0.9973395768492378 -0.018287214773349887 0.04326969622276615 -0.3216537018818485 -0.0053965812776877896 0.9468420000064514 49.3969357692679
0.9343412612465981 0.07475956559713033 0.3484500177699001 -0.2809102166386726 -0.07252174134180521 0.997176542500843 -0.01948178941518165 0.03628186498405567 -0.3489226340678801 -0.007067562365734713 0.9371248822848207 49.60985763778433
0.9232007976649506 0.07547931463515568 0.3768330668253586 -0.21354707304066767 -0.07294966395079261 0.99711446362677 -0.02100221311590849 0.031772958772478 -0.37733093395620854 -0.008100585689120525 0.9260430588213644 49.7432726429325
0.9106737939425943 0.07352412998106664 0.4065309869330102 -0.13767096281540198 -0.07028142951859621 0.9972637519189435 -0.02292443616265142 0.025517997157511463 -0.40710411652429024 -0.007694895651021173 0.9133493454806312 49.87163518432292
0.8957314052796427 0.07083021483967102 0.4389172248403124 -0.044339270989688054 -0.06618409101541452 0.9974712320901807 -0.025899946891083315 0.021465542805032305 -0.4396418038497009 -0.005849941731646253 0.8981541418317447 50.020576970454464
0.8784318593134665 0.07008059149838831 0.4727009405938611 0.05596262822118352 -0.06343341137826825 0.9975347534490473 -0.030010297936953513 0.014554637859213456 -0.47363875566089464 -0.003623031408275592 0.8807117591921969 50.16556652193815
0.859012398261744 0.07184740093383613 0.5068882032674051 0.17169397468864872 -0.06272458374148245 0.9974142509026959 -0.03507760953475449 0.007416109650753454 -0.5080977526294165 -0.001662250061677474 0.8612978060448483 50.32012955831537
0.8373090011164833 0.07376900727360768 0.5417303482501069 0.2886411580872493 -0.06220532159655168 0.997275232547882 -0.039656128298643616 0.0009357566306788401 -0.5431796522462764 -0.0004940773576254667 0.8396163536241891 50.46500356703208
0.812707897711882 0.07655326018676545 0.5776205253897315 0.4305248532264958 -0.06319096083974123 0.9970645606393578 -0.04323383380173016 -0.008184488918420085 -0.579234646291883 -0.001363917821104287 0.8151597170268503 50.63324126349309
0.7853332774653902 0.08036835446397358 0.6138343187752054 0.5791967183718779 -0.06587426463202102 0.9967566595291181 -0.04622491691225551 -0.017382862013953657 -0.6155584655941777 -0.0041339188559473055 0.7880803805134564 50.79712789685139
0.7556658464398858 0.08466752969684563 0.6494617293877474 0.7459001697077745 -0.06933330734986844 0.9963784641994464 -0.04922243971484742 -0.028064612163588458 -0.6512772228599886 -0.007833613124661385 0.7587994553827738 50.96203638426752
0.7230713280947062 0.0861271102745421 0.6853830865750289 0.9214801707182952 -0.06921250011430438 0.9962368045054383 -0.05217144024005303 -0.03810434248566366 -0.6872972314183179 -0.009713404374927771 0.726311341960295 51.11514022737238
0.686787486350465 0.08377706843427274 0.7220140936276577 1.147915079101946 -0.06538880927880857 0.9964289505316563 -0.05341956723413843 -0.05082703891017908 -0.7239110803223758 -0.010523751562167193 0.6898130170122545 51.29133021251619
0.6482564007442578 0.08209807292792883 0.7569831869438183 1.3813364998663005 -0.062234048661107745 0.9965568031964599 -0.054785592906347824 -0.06796566292751695 -0.7588745364560251 -0.011595017221792875 0.6511336218429208 51.45112560938027
0.6067952615615423 0.08154111566259711 0.7906646299177404 1.6495650860617728 -0.05973744170510883 0.9965892412782461 -0.05693261127841733 -0.08188579589652246 -0.7926102122764938 -0.012685843485933677 0.6095966869743161 51.61281341084831
0.5612094217412468 0.0810350155867016 0.82369734198777 1.9311509791604378 -0.05582794584345899 0.9966352787358796 -0.060011345943548434 -0.09997121956541434 -0.8257888503798992 -0.01230639784500167 0.5638451269278875 51.77125961599904
0.5135250190007676 0.07984912320125166 0.8543513167217871 2.220081099708217 -0.052574658782848435 0.996718125237441 -0.06155391195552978 -0.1193634522752807 -0.8564624685963353 -0.013307755150790279 0.5160377346073817 51.913757478702806
0.46534610046335545 0.07802791058900294 0.8816828522505481 2.54266010027631 -0.05060962043378069 0.996822776179886 -0.06150625341031936 -0.13693431321984395 -0.8836807529323573 -0.015999939316770375 0.4678165546865164 52.05298416193917
0.41491238837425404 0.07558378116029735 0.9067164948312582 3.023989463988218 -0.05073414573722093 0.9969150481199479 -0.05988683735444008 -0.17341748854157185 -0.9084457916848353 -0.02115369607220002 0.41746708219043865 52.25886520161736
0.36402398927126295 0.07543011159623948 0.9283301317417273 3.4193479471749804 -0.05387296862478599 0.9967516954471307 -0.05986452100221077 -0.19518432379032838 -0.9298302202480778 -0.028219778309727515 0.3669051725249477 52.40752904503283
0.314759496931528 0.07608074845745241 0.9461174233706743 3.850439577005923 -0.05185370234767904 0.9966721647886677 -0.06289506728122571 -0.21489818989143578 -0.9477540042881646 -0.02926287152050284 0.3176570976794394 52.52955412816427
0.267873123426833 0.0729211150409174 0.9606906373681073 4.3852168735185755 -0.04073076490686679 0.997097279808051 -0.06432743885378656 -0.24810539174110993 -0.9625928498257479 -0.02189807253105605 0.27006569549605963 52.635664363959194
0.22387812325615655 0.06699750365708385 0.9723116375067299 4.927454850589149 -0.027475698580526533 0.9976717931526135 -0.06241858004762523 -0.280904471657466 -0.9742297839395045 -0.012740786921096632 0.2251976918927412 52.71556240841595
0.1819121023721018 0.06596719840033559 0.981099544259282 5.476667037928349 -0.01801198860874556 0.9978033015637056 -0.06375060513381921 -0.30861888135987703 -0.9831498132415631 -0.0060745472078569465 0.1827006967674156 52.781173330469365
0.143554942506421 0.06778143857066729 0.987318416250435 5.997790681732379 -0.014559134679336123 0.9976884255700801 -0.06637647987717235 -0.33009765770052946 -0.9895352495385737 -0.004845830041032893 0.1442099436649439 52.835764382361894
0.1111496757909658 0.06873928524017309 0.9914235523913236 6.525447053830118 -0.005485652357387703 0.997632273376576 -0.06855475720691974 -0.3596627696320499 -0.9937885374614548 0.0021812340901322964 0.11126358356653333 52.86796411680045
0.08250114259527568 0.06689932305398648 0.9943430203131064 7.087926905225626 0.0017851794621606678 0.9977328396324747 -0.06727550708250113 -0.39910141219147327 -0.9965893711076604 0.007325386941188616 0.08219467197695952 52.8878114301979
0.05760983505325822 0.06522778909196326 0.9962060240910556 7.63997961240779 0.0088796433982559 0.9977903508486283 -0.06584502780386715 -0.4306078246767515 -0.9982996838816771 0.01263927543598084 0.056903338023328684 52.899622393529356
0.03756282586781354 0.06436674304157511 0.9972191115813226 8.232972274207459 0.013561435783400067 0.9977986436864129 -0.06491497606137255 -0.4587770143051228 -0.9992022425777062 0.01596211288569595 0.03660723125158814 52.90863003277672
0.021700240538641963 0.06605218982015892 0.9975801761164488 8.805519329657091 0.016208087276507428 0.9976607623665138 -0.06641009818622882 -0.49052708692585295 -0.99963313143743 0.017609981664645002 0.02057889886190852 52.91138747122557
0.008414973506533228 0.06586648571944806 0.9977929616307445 9.396028098134863 0.017128888858974047 0.9976723947084711 -0.06600298480464678 -0.5227211155314379 -0.9998178781094792 0.01764649811252275 0.007267167056251532 52.90840600176223
-0.0033769910434323625 0.06666143130629533 0.9977699381659516 9.98642831661697 0.0176974941412696 0.9976233452208043 -0.06659173951454106 -0.5598068367348613 -0.9998376841430875 0.017433147927119627 -0.004548705391521687 52.905476969006926
-0.012658855383133069 0.06971341031275725 0.997486738660195 10.605867948815499 0.02258850872277775 0.9973320347354362 -0.06941593307128066 -0.592942278720002 -0.9996647001140283 0.021653011639046323 -0.014199803973626227 52.89352459030393
-0.019142187485472088 0.07171804234392702 0.997241244163429 11.206182722915809 0.027024220791707073 0.9970967004675092 -0.07118891351473287 -0.626805365543206 -0.9994514836393372 0.025586956035483062 -0.02102473619254614 52.875277994018084
-0.0237355875843267 0.07108044703240653 0.9971881426950975 11.828784242101992 0.027541220330686393 0.9971370657565215 -0.0704212558619331 -0.6618931308435558 -0.9993388329614354 0.025792288462804392 -0.025625276410765844 52.85719667642523
-0.02720446656796814 0.06838177650201688 0.9972882480211921 12.471080492109552 0.025243574827445363 0.9973863273455886 -0.06769989626292017 -0.6990935198102468 -0.9993111021742348 0.02333338094891527 -0.028859563489584093 52.84247057762025
-0.029793377596723607 0.061515087425829625 0.9976613897863191 13.120058317405194 0.023269626370270968 0.9978766533479112 -0.060833454544036915 -0.7351317375275808 -0.9992851840890904 0.02140277370262925 -0.031161549028682997 52.8269123191459
-0.03110998617623038 0.05586890043133735 0.9979533229188159 13.807026839887211 0.024448591291090345 0.9981804004066978 -0.05511945779673987 -0.7715083505768611 -0.9992169109577741 0.022683787349529683 -0.03241929437056507 52.80497758159672
-0.03145196105017007 0.05318796365409875 0.9980890815295131 14.492185263848045 0.027137930712967814 0.9982604150552502 -0.05234191867268995 -0.8086033971020132 -0.9991367808577147 0.025439816352532937 -0.032840658964653345 52.77898302872371
-0.031028810757284985 0.05535557741900299 0.9979844552655095 15.192648292149444 0.030375765142972775 0.9980562640383214 -0.054415133059179055 -0.8467775569847559 -0.9990568181014371 0.028626104563456923 -0.0326499669610014 52.74953051385135
-0.03024474619760426 0.06262010206272052 0.9975790585939017 15.874417067302259 0.031387858798761985 0.997602935032959 -0.06166997919291989 -0.8819615259270143 -0.9990495771719599 0.029446677763045843 -0.03213775849756587 52.727564844400824
-0.02816193013947448 0.07085690940010791 0.9970888646861333 16.588269888727396 0.03197971430772359 0.997037757616003 -0.06995003760434561 -0.9135319141026932 -0.9990916892676147 0.02991668895980779 -0.030344491395744078 52.70960472462023
-0.025955732704485403 0.07163313362646169 0.9970932725209938 17.297315242943917 0.032647628302065836 0.9969579914907976 -0.07077355133724406 -0.9509746069790058 -0.9991298375616772 0.03071575116269914 -0.028215427065484917 52.69220039569491
-0.02428548759050492 0.06725362228510393 0.9974403066760547 18.050646425839393 0.03186731591067205 0.9972796132383384 -0.06646688796566343 -0.9967520519962614 -0.9991970222479353 0.030171564572013823 -0.026362614099059843 52.6859127117289
-0.021852410809223916 0.06081940628470661 0.9979095509919718 18.753862357095215 0.03141415059783384 0.997696804566342 -0.06011852709712138 -1.0401044489601456 -0.9992675433956822 0.030034746166506785 -0.023712670424732515 52.67664904497207
-0.019137024136569918 0.059206775280923066 0.9980622886714179 19.49740195386026 0.029543796166829214 0.9978426766671161 -0.05862726950710186 -1.082445346145598 -0.9993802771794376 0.02836459734668884 -0.02084493228847318 52.67026807504376
-0.01592542535753712 0.06455341538245851 0.9977871703873724 20.225536695253947 0.037325823157788256 0.9972565316486326 -0.06392333697276728 -1.1249326167041356 -0.999176242588251 0.03622522113942451 -0.018291243823883713 52.65283944729733
-0.012738285382823128 0.0703535175699623 0.9974407845336166 20.95061831920324 0.03879862721238509 0.9968052889056385 -0.0698131974355958 -1.1646135260996227 -0.9991658534056997 0.03781003273312676 -0.015427210142464613 52.643424919929295
-0.010292712086763594 0.07104666054448455 0.9974198875615894 21.709881378065536 0.03287482280176383 0.9969575535761295 -0.0706744819100353 -1.2074434420883287 -0.9994064769170008 0.03206256996836132 -0.012597043437740457 52.64622881544207
-0.007058924021288404 0.06759346759331869 0.9976879746345401 22.461724778119578 0.028425677258941864 0.9973232087094639 -0.06736763497281129 -1.2523585215788262 -0.9995709842047398 0.027884413355321894 -0.00896141884956825 52.652696521023074
-0.0025166370879467293 0.06373027183679708 0.997963986819852 23.187290238770096 0.0323298634435986 0.9974506451026238 -0.06361596115817408 -1.3070358265393418 -0.9994740849404179 0.03210394112827909 -0.004570612272568915 52.649282183346706
0.0010642686662944807 0.06466566960098853 0.9979064177102279 23.91550945059879 0.03705330030870286 0.9972191599881278 -0.06466065178148367 -1.354911586428728 -0.9993127239600419 0.037044542481032255 -0.0013347673699851236 52.64298764738786
0.00382281623220291 0.0693527355284618 0.9975848756626036 24.639734980849788 0.036694819258046525 0.9969105664249637 -0.06944647427967608 -1.3980402970702464 -0.9993192064178862 0.03687167781614577 0.0012661198001157386 52.650418071220386
0.007463561924635031 0.07020377466507875 0.997504749495545 25.36306518280193 0.033094903701865734 0.9969687266609514 -0.07041367345200615 -1.4406626520788868 -0.9994243456071905 0.03353786043885896 0.005117550666310088 52.663782872015375
0.011112490538556952 0.06978932307528622 0.9974998561096247 26.09084879871496 0.03229083281196845 0.9970161279504791 -0.07011521035370008 -1.4879689972145014 -0.9994167372374446 0.03298925569526301 0.008825776925153676 52.675822914671144
0.0146638127138971 0.06653145399895842 0.9976765699491366 26.832972051412035 0.03625127311642333 0.9970924987718233 -0.06702532424688762 -1.5389137588517943 -0.9992351163735839 0.03714989262092725 0.01220932775067253 52.684878454507654
0.018319669446708837 0.06702052923237144 0.99758339920669 27.55674707311449 0.0407626034897876 0.9968712266274948 -0.06772124983288823 -1.5873529728718634 -0.9990009008344773 0.0419047274613134 0.01553042009397583 52.690818839969836
0.021732042460955683 0.06768717424689892 0.9974698816370063 28.301286849652776 0.04343556964004394 0.996699536048082 -0.06858123746027812 -1.6390491174006963 -0.9988198384195819 0.044816082872202324 0.01872028566747262 52.704216017980734
0.024458671647487593 0.06763568993560846 0.9974102399856204 29.044790313110003 0.043932631338202466 0.9966721234568376 -0.0686629611052416 -1.6852352538630972 -0.9987350485914378 0.045498261186253726 0.021405862376588793 52.72420932039876
0.027832035653112323 0.06621407287594819 0.9974172017488874 29.771986147247414 0.04527206781289886 0.9966963944131756 -0.06742949829058581 -1.7305649638665157 -0.9985869104225971 0.047031839395822624 0.024742441587227684 52.74528625500907
0.03174617320815027 0.06510027515737278 0.9973736183903555 30.525850584760725 0.04736037391187603 0.9966577275690962 -0.06656101756833992 -1.781434892206931 -0.9983732646007529 0.04934904508944334 0.028556895475430628 52.76332949891133
0.03476184092361959 0.06551404377511068 0.997245969901023 31.28988014448644 0.04570234712983419 0.9967009246555741 -0.06707132216937453 -1.825427211344393 -0.9983500938460539 0.047908004122033464 0.03165301342081222 52.790474746231375
0.03774372735230694 0.06728929225686184 0.9970193389263438 32.04990827869663 0.04298098977512158 0.9966976251072166 -0.0688946922744079 -1.871653238506763 -0.9983626823772538 0.04545322049321811 0.03472692303227115 52.82544612055212
0.040520410699071585 0.06738298906483939 0.9969040220108777 32.81374080979673 0.04471705361704206 0.9966014730866346 -0.06918011966859319 -1.918709859819818 -0.9981775801091651 0.04738181746448771 0.03736953225788107 52.858381405471974
0.04307671830515096 0.06728628162037681 0.9968033670919055 33.58025251094579 0.0424017281854329 0.9967073788519579 -0.06911218697848164 -1.9646938032474943 -0.9981715733214139 0.045243311635680336 0.040081828367595336 52.89841704930655
0.04547205663539623 0.06775302342219248 0.9966653499959238 34.34296467763084 0.04068485276464965 0.9967439755085472 -0.0696145821142076 -2.0111450666035173 -0.9981367816190653 0.04371470124075895 0.042567476723022774 52.937594001287756
0.0480295345015658 0.06785235202619262 0.9965386204960021 35.089807208622915 0.037608827182894676 0.9968597306675347 -0.06968682437432133 -2.059678734316795 -0.9981376357664756 0.04082567449490551 0.04532686144601183 52.9846900265534
0.051402851688161416 0.06984149631598084 0.996232860445121 35.84858227443709 0.036229595131812536 0.9967645779301401 -0.07174811928082167 -2.108064794283785 -0.9980206226701477 0.039781171125230934 0.048706212632427734 53.02786382412305
0.05458645930111714 0.07347282819285066 0.9958022203120004 36.629857771281564 0.03514191343274481 0.9965299337448262 -0.07545287980467144 -2.1582236479052237 -0.9978904571050133 0.03911310097494926 0.05181506490269472 53.07765071402268
0.057969337272351464 0.07566217573751714 0.9954470307850979 37.3845383887609 0.03524827356791743 0.9963469907742574 -0.07778324488965266 -2.210604089541454 -0.9976959031421774 0.039596832420630564 0.05509061367934541 53.12430474235988
0.060669527377087085 0.07811211909535937 0.9950968321215135 38.13561565393421 0.029034617815147247 0.9963733176793633 -0.07998251549524488 -2.2609791421643792 -0.9977355358090483 0.033744757623239065 0.058181542750082096 53.18373963041313
0.06326206875174717 0.0773550488322703 0.9949945261544932 38.886819887526556 0.025256881258197986 0.9965481317592108 -0.07908167320142084 -2.3150443006398445 -0.9976773028421354 0.030133328846712618 0.06108994914269753 53.242963177872504
0.06697878621640577 0.07792879788439454 0.9947064615539946 39.64467048264842 0.027244895688900372 0.9964306092003296 -0.0798984149252131 -2.372414109840103 -0.9973823528897419 0.032452172638419416 0.06461655078359001 53.29418122817475
0.0707817593671297 0.07891623168236381 0.9943652100299706 40.422360257707034 0.026461926960187555 0.9963661278148687 -0.08095866701446436 -2.434177647491141 -0.9971407668741896 0.03204321644686616 0.0684362719417988 53.35294610784048
0.07440395013332086 0.07987777557776488 0.9940239399397305 41.19966757033302 0.022567581569896602 0.9963967029261808 -0.08175765811178146 -2.488982892005794 -0.9969727962520563 0.028515809064186062 0.07233320238155169 53.42080780694619
0.07856131724071966 0.07804167796657417 0.9938498960776536 41.99013767812007 0.021660206229620425 0.9965621604592426 -0.0799668419214972 -2.5428881194104 -0.996673946132582 0.027809294147262107 0.07660083719867382 53.4908940342532
0.08328445419033931 0.07783987188926945 0.993481078850764 42.76016993809953 0.022042287615704054 0.9965568437138158 -0.07992868573812735 -2.6051884081424954 -0.9962820068870479 0.028555412646639675 0.08128192395419952 53.557696814791896
0.08835801206055462 0.08129652027153077 0.9927657012087223 43.533636013700665 0.018535902029048958 0.9963570972015316 -0.08324034593937854 -2.6660582516258837 -0.9959163027286361 0.025756759265841377 0.08652922807609637 53.63331154604061
0.09439624833114199 0.08994541848965788 0.9914631460592594 44.312150641082376 0.01683160387320239 0.9956236346841109 -0.091925378266592 -2.727671194520461 -0.9953924077528725 0.025365325764135936 0.09246921020976812 53.71572429710042
0.10166471406020422 0.09483261631474672 0.990288372545066 45.095782131526775 0.015227027905734165 0.9951811029006795 -0.09686439000244293 -2.7925612295303113 -0.994702178310782 0.02492683919568238 0.09973078336951774 53.80190202464501
0.10891159112726728 0.09786571600028895 0.9892222030210788 45.884055064026825 0.01110926486156871 0.9949598850882188 -0.09965646642077115 -2.8594159575767284 -0.9939893608848952 0.021843275784313027 0.10727544803284657 53.899537560961065
0.11580677024851256 0.09599882660074428 0.9886217766445805 46.70695244118643 0.007314169185992668 0.9952091122853334 -0.0974952601584185 -2.9362793127783577 -0.9932448312947452 0.01852155812882014 0.11454980135623903 54.00874144628629
0.1236683834014844 0.09418360364422754 0.987843904547398 47.50879912551444 0.007295880254298198 0.9953724431529147 -0.09581476683222158 -3.0105001095196835 -0.992296780745649 0.01905644815764731 0.12240894863300021 54.10841283507216
0.13087801361715123 0.09065155643904499 0.9872452789792442 48.312428126395886 0.0066477130084702275 0.9957081333434329 -0.0923099187817536 -3.0841464417385005 -0.9913761916968684 0.01864426209093768 0.12971367710345202 54.22092023475144
0.13847163159678605 0.08534426468204302 0.9866823013152732 49.10513164493949 0.004759348197797092 0.9962112158494942 -0.08683640953197558 -3.14852598788852 -0.9903549645696013 0.01672034394246255 0.13754080940139057 54.3356847858555
0.14555283620099949 0.07781217570808321 0.986285778659217 49.91282558409033 0.002090667869360388 0.9968758931646163 -0.0789562077047083 -3.215222777684264 -0.9893482708236292 0.013554295954545478 0.14493543417491644 54.463156993186914
0.15292855341826633 0.0751381467828359 0.985376636848792 50.702287056784435 0.0017149492666601689 0.9970836607053165 -0.0762970019299494 -3.281659593050333 -0.9882357595727901 0.013357861076045783 0.15235370375892998 54.59427100399472
0.16000594545915015 0.07683474091161949 0.9841211917273027 51.47627012500593 0.0011967121325169594 0.996950220255595 -0.07803093112601638 -3.345453825670448 -0.9871153252268934 0.013663122679883212 0.15942601350105665 54.724259897229686
