1.0 0.0 0.0 0.0 0.0 1.0 0.0 0.0 0.0 0.0 1.0 0.0
0.9999982695537649 0.0009709102797947393 0.001586890892390811 -0.010579306333331805 -0.000963559123865655 0.9999888327921501 -0.004626645092070597 -0.004214478672363619 -0.0015913652285312312 0.00462510802271208 0.9999880378946978 0.9449762250057266
0.9999964519570279 -0.001193153794675203 0.002381692124850443 -0.00965627238017202 0.0012063789986644386 0.9999838200142374 -0.005559168952717792 -0.002734469537230294 -0.0023750206455745923 0.005562022451908167 0.9999817114243527 1.8935830544941816
0.9999931881401374 -0.0029210750377642873 0.002256323103530132 -0.008660491802063349 0.0029248791474353166 0.9999943037182026 -0.0016845216292637184 -0.0013286397291406129 -0.002251389636796088 0.0016911096269338426 0.9999960356886084 2.814412443418288
0.9999860802509093 -0.004995750695813719 0.0016975804565636566 -0.00828152669961599 0.004988478405940251 0.9999784772027115 0.004261480322517746 -0.0033648283595936893 -0.0017188332131700213 -0.004252952660330962 0.9999894789476806 3.742791615146336
0.9999667511559021 -0.00813271515731748 0.0005962607480484492 -0.00774377427707866 0.008130201253891106 0.9999585283871436 0.004103819366016307 0.0020977058387353703 -0.0006296112141144319 -0.004098835198884545 0.9999914015328987 4.7136632767915625
0.999940725818965 -0.010867842005249232 -0.0006594382382195797 -0.002862868715980008 0.010868742299514395 0.9999399848385225 0.0013773750258031154 0.0035747218149097767 0.0006444295677648302 -0.001384460647300109 0.9999988339889442 5.617583074993579
0.9999336977696883 -0.011391365149748311 -0.0016842994573207423 -0.0005386975581978671 0.011388192757393424 0.9999333827572959 -0.0018812531120806174 -0.0010845568590285655 0.0017056172950738325 0.001861947253922383 0.9999968120059514 6.524575302445895
0.9999370177380175 -0.010909729828613067 -0.0026340752200950572 -0.0021178690712319688 0.010903393459268228 0.9999376567492235 -0.0024080336261863722 -0.0010735802701912001 0.002660181999562968 0.002379161604255679 0.9999936314906159 7.418010947857697
0.999936156272924 -0.010722050557374466 -0.003566652488504439 -0.014551607910282687 0.010720120666520085 0.9999423811742708 -0.0005597717616298539 -0.0009373724771798619 0.003572448883305061 0.0005215010786619658 0.9999934828015634 8.38157876867857
0.9999360413831138 -0.01037386626624111 -0.004505112846107004 -0.017796216740456245 0.010385029782064773 0.9999430440158588 0.002461682498811839 -0.0010762876084180572 0.0044793190879385755 -0.002508310784082386 0.9999868219519288 9.303553150194558
0.9999293278997491 -0.010600395610571096 -0.0053824547238971055 -0.02617181819933729 0.010620184314122354 0.9999369011267644 0.003661345399863903 0.007420561025450608 0.00534330338736335 -0.00371824930612502 0.9999788116410305 10.241464763738849
0.999910956587397 -0.011915145585695976 -0.006009010080496492 -0.035529961798378015 0.011942032058286917 0.9999187515014485 0.0044585049179082965 0.011819060748666696 0.005955398122258318 -0.004529867708435222 0.9999720063740529 11.130904324111286
0.999906957587009 -0.011927424403032585 -0.006619117479009873 -0.04555740902501645 0.011956803709329337 0.9999187597374901 0.004416873339241417 0.015143538747057237 0.006565897817316797 -0.004495605871113645 0.9999683387556347 12.031233036196415
0.9998964815989267 -0.012261765340104229 -0.0075282930887869744 -0.05072842231512601 0.012284508738958502 0.9999200952244784 0.0029822829025302183 0.018165888921397883 0.007491123489089101 -0.003074455563611321 0.9999672148584965 12.934826877635569
0.9998740615628432 -0.012896601497414437 -0.009248712539592162 -0.058400609287652984 0.012904618722940948 0.9999164057298471 0.0008076929599952756 0.024816608835199944 0.009237522905980317 -0.0009269423494077862 0.9999569035455691 13.851184059789972
0.9998435034536524 -0.014010706253056775 -0.010801329168962212 -0.07047385941670359 0.014008239746195555 0.9999018335899482 -0.00030397807623229185 0.024504665612012946 0.010804527788787452 0.0001526228961367252 0.9999416177385124 14.719358960375425
0.9998293024348244 -0.013620071116942838 -0.012484376454581938 -0.08232369533799344 0.013609765225207697 0.9999069686825726 -0.0009100936998295754 0.02476524385804347 0.01249561055750794 0.0007400289165208982 0.9999216529678704 15.604987113585132
0.9998292889187482 -0.012261839129157459 -0.01382173366111219 -0.10374350777163568 0.012238287978375832 0.9999235121506104 -0.001787220116634292 0.02175034988033416 0.013842591071988224 0.0016177606614506315 0.9999028780450911 16.449957713814392
0.9998285113304676 -0.010750149587470585 -0.015079198073721519 -0.12755937118259195 0.01071989388233062 0.9999403647725464 -0.002085850832758511 0.02520665048421157 0.015100722030783935 0.0019238457297934227 0.9998841267925787 17.342362973328292
0.9997994347542056 -0.011176565752120563 -0.01661850303603637 -0.14499632611017793 0.011159324968659906 0.9999370945098738 -0.0011298183010020983 0.021478735941217485 0.016630085129486893 0.000944140422845066 0.9998612648099979 18.223048989693535
0.9997817690995531 -0.01067742103506367 -0.01795569147114725 -0.169517380968068 0.010681840309825759 0.9999429362313216 0.00015022874641280252 0.021337880330013104 0.017953062796145725 -0.0003419957908054851 0.9998387722903718 19.143492908504676
0.9997604695446164 -0.010387346240192673 -0.019264126609126086 -0.1914361701684282 0.010402643994740873 0.9999456501589273 0.0006940649522236026 0.019956378896792974 0.019255870113934585 -0.0008942965535138341 0.9998141885869748 20.00942396798408
0.9997183095266107 -0.011494181570240599 -0.020765003907628362 -0.2114353697733215 0.011507549387848499 0.9999336484611867 0.0005243874385206286 0.019126707773337918 0.020757598713234154 -0.0007631940315806769 0.9997842465404879 20.873370274453595
0.9996782289839059 -0.01165869715896796 -0.022528055312307945 -0.2326652132032895 0.011663238266197903 0.9999319796598727 7.01899799352116e-05 0.020165663419730574 0.022525704622603577 -0.00033291747161552345 0.9997462086935928 21.75283179609595
0.9996546441021724 -0.0117526708586618 -0.0235046219421716 -0.2592774432492765 0.011765967641318327 0.9999306872275564 0.00042748811554983127 0.020881598500776307 0.023497968644541546 -0.0007038951012008302 0.9997236368123277 22.62589761381496
0.9996332865668011 -0.011474770836581103 -0.02452798446470423 -0.28538343947173334 0.011537347483191967 0.9999305353566631 0.002411239180923512 0.022630488124688403 0.02449861221997837 -0.002693342826956773 0.9996962358155161 23.472908550251656
0.9996006192570964 -0.012591003096145756 -0.025299577503566213 -0.3057815115705549 0.012725261561465466 0.9999057539006602 0.005152769599225318 0.025913638079010006 0.02523231457909403 -0.0054726554234021535 0.9996666346055563 24.312282746559173
0.9995848099261012 -0.012525595713049141 -0.025948356730825635 -0.33226122903261907 0.012707788462417628 0.9998956632097309 0.006868391861605384 0.025333953001836877 0.02585961866291436 -0.007195286401763421 0.9996396890761218 25.160195667769635
0.9995754230281308 -0.011845578884467132 -0.0266205923867607 -0.3581920748199279 0.012004471119994559 0.9999110242024094 0.0058169022353548915 0.025904961462883087 0.026549319224028665 -0.0061339986451221 0.9996286849172359 25.977138208286807
0.999576394823442 -0.01004719737607346 -0.027314551738119842 -0.3895767341594775 0.010133795809543579 0.9999440494476884 0.003033835303063175 0.03396865462361058 0.027282541931767646 -0.0033093502446672 0.9996222842187441 26.78982973811533
0.9995611685340005 -0.009519702774891645 -0.028050768581621522 -0.4170420558380148 0.00956004648867715 0.9999534508412747 0.0013044775803579402 0.036268000212384015 0.02803704460310101 -0.0015720717862323205 0.9996056486035995 27.556688968036536
0.9995468923001172 -0.0085350603948144 -0.028864560229354075 -0.4490851752326233 0.008562237516781895 0.9999630087409672 0.0008180699329317727 0.04027423093146718 0.028856510216645027 -0.001064844479647165 0.9995829970164312 28.336469997083196
0.9995168434894042 -0.008823993791348421 -0.029802964861687264 -0.4764963512078669 0.0088412621352747 0.9999608150623972 0.0004476869423007267 0.037665125656436774 0.029797846647569466 -0.000710966464190263 0.9995556927264506 29.023332712416124
0.9994639940014597 -0.008400686952773777 -0.031641004304082496 -0.5059435233903624 0.008393507316472907 0.9999647091928028 -0.00035972750541285426 0.03649380002917928 0.031642909625661374 9.395568818538363e-05 0.9994992333377504 29.773581325464416
0.9994015058738942 -0.008441637890117414 -0.03354651705801707 -0.5375924103979723 0.008435988741720453 0.9999643683822306 -0.0003099352720815124 0.03445459053193343 0.033547938102680065 2.675173741648366e-05 0.9994371091436435 30.508927619384494
0.9993317593631719 -0.00831461561188389 -0.03559356536416665 -0.5646580868435491 0.008351274381530847 0.999964739075214 0.0008813753118174907 0.03498823639989908 0.035584982005207925 -0.0011780379715907803 0.9993659596375224 31.216809560686155
0.9992645118302136 -0.008669608216731853 -0.037353357146207154 -0.6011116149649798 0.008795215569744625 0.9999562021995377 0.003199666506901004 0.035523363072836704 0.03732398129628525 -0.003525844018392301 0.9992969973156891 31.924358155364878
0.9992010288679457 -0.007676369803492728 -0.03922215261657741 -0.6379036962356818 0.007865641352679318 0.9999581437247438 0.004673594405981724 0.03829068660324951 0.039184634684389534 -0.004978367724530373 0.9992195856064124 32.6230454619179
0.9991424477842658 -0.0065116507264494985 -0.040889698464061805 -0.6782739706546044 0.006719922738944518 0.9999651291902621 0.004958128868903304 0.038113019415821604 0.04085598700371545 -0.005228652629003018 0.9991513646678555 33.31702551024414
0.9990743230899661 -0.003883587535999811 -0.04284174004607575 -0.7089054831099502 0.0040714293574235574 0.9999824744479053 0.004298169380972099 0.03590408151219156 0.04282429690389326 -0.004468617782967324 0.9990726255131791 33.998694668706946
0.9989998866043764 -0.0022028219040362475 -0.04465841622921191 -0.7437203463819603 0.0023644497401519565 0.9999908439632277 0.0035667025574518266 0.038235780638809426 0.044650150524592064 -0.0036687280310945553 0.9989959481863604 34.69526465768083
0.9989196649531876 -0.0020841616776996305 -0.04642369265700443 -0.7760833287570779 0.002308036660627027 0.999985963040625 0.0047693488530313275 0.03919419314179575 0.04641310091540958 -0.004871343942888855 0.9989104534799936 35.35484530162828
0.998874686184138 -0.0006792462814663564 -0.04742256767645548 -0.8157461725645104 0.0009979793138446711 0.9999770716780113 0.006697772432185431 0.04165037084086247 0.047416930919535694 -0.0067375620778823845 0.9988524615374481 36.031591737285474
0.998877738767786 0.0022657929792612094 -0.047308869954051 -0.8537491782391411 -0.0019288239618948052 0.9999724551953775 0.007167181359983895 0.04723635853654964 0.04732380618967785 -0.007067887428221568 0.9988545951914245 36.667017695574
0.9989197283576924 0.0054116182715260195 -0.04615290549333664 -0.8939086805775781 -0.005174771803303524 0.9999728307457915 0.005249714947167227 0.043120933452327065 0.04618006100664334 -0.005005213074991921 0.9989205923433039 37.34614796181993
0.9989909189705256 0.006907022079534299 -0.04437833773833079 -0.9307756210564302 -0.006817651145774852 0.9999744161358608 0.0021648802721454066 0.04535271255790037 0.04439215524480674 -0.0018601397074021172 0.9990124505895762 37.98337098735198
0.9990701451042768 0.007550261666142608 -0.04244807074640231 -0.9579380807327071 -0.007546419036568763 0.999971493932104 0.0002507646590275067 0.049340896462023 0.04244875405760796 6.979944486490723e-05 0.9990986429812596 38.61496329632477
0.9991905490507661 0.008623725752113376 -0.03929221350064411 -0.986530581350439 -0.008586191075553706 0.9999625063564986 0.001123923501407309 0.04998906807082884 0.03930043270044134 -0.0007856432875639757 0.9992271307136245 39.22960886887979
0.999263905743656 0.013547038132875019 -0.035890450481422406 -1.019905558946678 -0.013417635411726914 0.9999025909529685 0.0038439127840939813 0.05084357784489837 0.035939028059909145 -0.0033595183226491033 0.999348337617444 39.85380163005803
0.9993338244647207 0.017959798827161762 -0.03177031486784939 -1.05115973735247 -0.017737664404777257 0.9998163170920884 0.007259981946916032 0.05206046212070552 0.031894867019284734 -0.006691614341396154 0.9994688288062453 40.443363534758234
0.9993586989644387 0.022889076408496373 -0.027536902245361514 -1.0759576320829978 -0.022669752370123912 0.9997089612335638 0.008250767041841791 0.054888514571406956 0.0277177403765501 -0.007621221061450829 0.9995867365356296 41.021234781605386
0.9994043919941872 0.026735100228841863 -0.021819616827133057 -1.1020650425479595 -0.026555758696074332 0.9996114659394105 0.008468107375979946 0.05949192126339443 0.022037534862252222 -0.007883627224130382 0.9997260602179906 41.603504184977766
0.999409269698928 0.03038862177948256 -0.016051271170822456 -1.1176628356502114 -0.030222231013203493 0.9994879571726786 0.010509054161178338 0.06446913099834291 0.016362407904714275 -0.010017740919069353 0.9998159412984158 42.18643839839725
0.9993353777039078 0.03525385167791633 -0.009271936758822714 -1.1374429837303293 -0.035144694577864115 0.9993139377472533 0.011683504059124309 0.06522342028721431 0.009677464152181356 -0.01134987955629585 0.9998887572733478 42.7450782285312
0.9992580652013654 0.0384557528549592 -0.002115231047015597 -1.1458037286858471 -0.03842973043263372 0.9991984340645303 0.011209156161710337 0.0701232171352324 0.0025445920889300326 -0.011119551939750899 0.9999349381913601 43.27817312074882
0.9991111096173776 0.041807756747916563 0.0053946376004014055 -1.1531417085838849 -0.041866539491240425 0.9990594542370568 0.01128715068450596 0.07174578349980697 -0.0049176732466688616 -0.011502972452953238 0.9999217459954478 43.665270245074844
0.9988439891720132 0.046286737296860975 0.012970090414133325 -1.1524855454041942 -0.0464285223333453 0.9988626619092387 0.010852417128191473 0.07475554297766862 -0.012453016055616222 -0.011442053748939359 0.9998569906727284 44.13767456834448
0.998509773065563 0.05048721847030124 0.020718925254231378 -1.1525386537330589 -0.0506655705245849 0.9986822152348411 0.00817514140801389 0.0769255694688245 -0.02027888201988902 -0.00921269476075651 0.9997519158267556 44.54670571146357
0.9982196968740996 0.05236094435260886 0.02856165749889692 -1.1427349943048992 -0.05252381857485839 0.9986072445939976 0.004981919980423105 0.08080510404645502 -0.028261020061147026 -0.006473217969378083 0.9995796177364882 44.898933604086096
0.9979346899969905 0.05283547588616996 0.03653446302455313 -1.1290638622593512 -0.05304499877820407 0.9985806398209628 0.004788933009511882 0.08081922984394574 -0.03622958190802919 -0.0067170129247632 0.99932091899056 45.26000368309991
0.9976773057736825 0.0519621465661094 0.04404462360388462 -1.1049704150245383 -0.05228218541787477 0.9986134451161552 0.00614494273099642 0.08171481769851348 -0.04366424890109133 -0.008433419085912724 0.9990106660143444 45.58497928781092
0.9971976336412575 0.05374762322197939 0.05203914351970369 -1.0890261186690313 -0.05417442503544786 0.9985081626311442 0.0068250150950689165 0.08228472751841749 -0.05159468124094385 -0.009625079581885524 0.9986217235323326 45.87464609375077
0.9965424471527912 0.05670932324681499 0.06072234909499743 -1.0726527185460932 -0.0572313717506422 0.998337156282315 0.006891478337297311 0.0856950628830653 -0.060230566245603724 -0.010342874021378614 0.9981309051656054 46.19540452626381
0.9957199020752387 0.06130678738628645 0.06916179893300367 -1.051292719538488 -0.06188771272076643 0.9980633213984812 0.006286294076551547 0.0862318749190662 -0.0686424622625689 -0.010539653665936947 0.997585649493382 46.469480938652126
0.994828136719623 0.06501429746430057 0.07803921780865276 -1.0361855658427594 -0.0657104779849976 0.997818311096611 0.006383660649101422 0.0850358391352369 -0.07745393130077881 -0.011478639532777616 0.9969298517752037 46.65358523346234
0.9941194317995128 0.06440959713657529 0.08705147394110029 -1.0093683775823044 -0.06527349017252018 0.9978420729477444 0.007111183870455272 0.08375381531648876 -0.08640559472228415 -0.012751519597516416 0.9961784337901725 46.85184595223695
0.9932173420635094 0.06333843724417357 0.09750668588237277 -0.9811307728890073 -0.06415465388028933 0.9979261302940144 0.005255365059346323 0.08281582942793235 -0.09697160311038393 -0.011475227399614873 0.9952209942250655 47.05321377006321
0.9920501390482095 0.06205802332678135 0.10947750159371014 -0.9510779459956549 -0.06251199948891699 0.9980439554667908 0.0007161536800860302 0.08323190252816386 -0.10921891564342436 -0.007554117881582978 0.9939890159195442 47.27135953753616
0.9904683816751692 0.06297662089084285 0.12250032703198119 -0.9126743008883237 -0.06305244035412944 0.9980048861652616 -0.0032614345993289477 0.0815456395679576 -0.12246131906508231 -0.0044935967140085475 0.9924631141364451 47.50833284982375
0.9883173176957055 0.06474373559593952 0.13797510008638855 -0.8745791001686742 -0.06460249797559983 0.9978958850076721 -0.005506354516485368 0.0800704871383105 -0.1380412865706421 -0.0034715105979995897 0.9904203914581363 47.742143277804004
0.9858222007490969 0.06631869890452541 0.15413117363407647 -0.8434647415266199 -0.06605663634035504 0.9977925221813138 -0.0068266737466977576 0.0787583593145043 -0.1542436686078383 -0.003451500348692586 0.9880268102838792 47.91280770614853
0.982967921546456 0.06696668448619898 0.17114183702287855 -0.7870277845567617 -0.06656653470365936 0.9977492548557765 -0.00808213414160158 0.07446196085128755 -0.17129787409126204 -0.0034478404346014895 0.98521325139695 48.17060161438635
0.9797009226601743 0.06617732283726092 0.18922648884576165 -0.7528779289296753 -0.06560693671142241 0.9978023570421478 -0.009283648876981179 0.07380953323799196 -0.18942500361395093 -0.003319370907396804 0.981889581257807 48.31632882631548
0.9758585034568222 0.06508199177979132 0.20848145139792404 -0.7136042653477628 -0.06446352553727447 0.9978722663205789 -0.00976698436214399 0.07390028299277814 -0.20867351318822103 -0.003908254623309871 0.9779775510917836 48.45761639513715
0.9712814263468967 0.06544145914252558 0.22875709007336442 -0.6573950198998311 -0.06464269522486159 0.997847939124884 -0.010991466611920197 0.071421190415591 -0.22898408850311316 -0.004111667485668316 0.9734214818889521 48.658484830995725
0.9660031360671578 0.06757572707117634 0.24954250583661355 -0.589225422513741 -0.0664176818391918 0.9977063279391527 -0.013068080550434073 0.06546140760960519 -0.24985322220760323 -0.003950227963913065 0.9682756648039383 48.86036510665935
0.9597342605086607 0.06902320034662132 0.27229753399508116 -0.5255264710511146 -0.06740633334858387 0.9976082993598933 -0.015299257261508025 0.06236081938779832 -0.27270228350784187 -0.0036713569922643685 0.9620914643148237 49.04829998900385
0.9523878944268441 0.0702944844076436 0.2966748793057209 -0.46772892508020975 -0.06845298691944238 0.9975161576496447 -0.016604331052113137 0.06164626644328057 -0.2971051785664577 -0.004494517743353062 0.95483418046237 49.19951475466668
0.943866037939324 0.07300536380174324 0.3221600833140197 -0.38381513003125667 -0.07119265017194336 0.9973104226437041 -0.01742203913794303 0.053587795003726464 -0.3225655111542705 -0.00649135905678472 0.9465248825421222 49.3955675703347
0.9339774283587438 0.07503922711054188 0.3493641047833025 -0.2890637679654501 -0.07316435998574178 0.9971468054134695 -0.018580228243546795 0.04679164828397635 -0.34976154697774015 -0.008207487335234733 0.9368028060415798 49.60840096563632
0.9228104724751315 0.07563223174918686 0.3777573260849618 -0.22156942748438185 -0.07355263467303652 0.9970917286150843 -0.01995230964151546 0.042421081711036104 -0.3781677429698055 -0.009372846313332316 0.9256896390956894 49.74175425243562
0.9102382784695322 0.07362043408996578 0.4074878011587901 -0.1455325102283837 -0.07080071099758979 0.9972474340966757 -0.02201850380532171 0.036358874565227926 -0.4079871759394595 -0.008808341046654993 0.9129451666978409 49.87003085801377
0.8952714548124654 0.07105868436214674 0.4398177867875413 -0.051955293152254584 -0.06690850608544893 0.9974469715647732 -0.024955775477206822 0.03287321184613082 -0.4404682440442022 -0.0070853576463097935 0.8977402317461545 50.018832865194845
0.8779380531743457 0.07040019187266455 0.4735700452654607 0.04852516100237625 -0.0642388548454302 0.9975073365422841 -0.029197312760925024 0.02641392426830594 -0.4744450909394944 -0.004788165473701788 0.8802720767778618 50.163719571171605
0.858431676764375 0.07228458737272192 0.5078090140553412 0.1644955667862877 -0.06370832535031287 0.9973797509737771 -0.03427654633328625 0.018811460949433315 -0.5089560939890199 -0.0029275887406836534 0.8607875020094123 50.31808116900669
0.836640853043803 0.07418757789775682 0.5427046031717444 0.2839777892098915 -0.06323833122804223 0.9972426259130219 -0.03883372922584313 0.012946663276804054 -0.5440891438740784 -0.0018298491079755876 0.8390254198596206 50.46089825392399
0.8122171678689993 0.07682981610764197 0.5782736822437337 0.42881822447979157 -0.06399076919689083 0.9970413022687569 -0.042589001253898896 0.005211956188000371 -0.5798348503465879 -0.0024126597522830177 0.8147304618071353 50.62666769303013
0.7848108269547075 0.0806055290003881 0.6144710852344761 0.5779028604677245 -0.06670165876935698 0.9967323487595414 -0.0455578056286413 -0.0033279539716512836 -0.6161354190533784 -0.0052319815412897736 0.7876228613727941 50.79021463856719
0.7550939561833079 0.08494906395645269 0.650089819846737 0.7454187666484605 -0.07027361213990728 0.9963445691105344 -0.04857076323001857 -0.012845414367165527 -0.6518395023103839 -0.00900867009381346 0.7583034399835535 50.95436940950039
0.7223906770087591 0.08610062866367388 0.6861037760532632 0.9215104312664604 -0.06997311977286472 0.9962266217185206 -0.05134472405757842 -0.0228238364358928 -0.6879356599857845 -0.010917871725607618 0.7256895533193962 51.10688851144574
0.6862591242532267 0.08364277793776126 0.7225318678633134 1.1492705800325598 -0.06621817469296315 0.9964253841845023 -0.05245576320188308 -0.03663294216530731 -0.7243366397743006 -0.011846495330446741 0.6893446836154314 51.281279362207606
0.6474550942453705 0.08202798785792804 0.7576762568166552 1.3817510172384724 -0.06313417974896175 0.996546376864495 -0.053938799631309584 -0.05373899168058039 -0.7594840197681205 -0.012912318390611476 0.6503977980825545 51.4424441547675
0.6056155237868377 0.08175940143804182 0.7915461058112075 1.6481103178733099 -0.06124974467757572 0.9965462599855289 -0.056071565751093885 -0.06710876327930518 -0.7933966890057741 -0.01452418621956888 0.6085316276820238 51.60723875991915
0.5598845521131337 0.08132315105379259 0.8245700900516326 1.9298144355684237 -0.05747543651126197 0.9965864493047855 -0.05926232580580352 -0.08500200023019074 -0.8265747773207903 -0.01421246511888315 0.5626474414163181 51.765496523749164
0.5120611804997752 0.08019060622203095 0.8551975292871934 2.21854999861299 -0.05446327042659676 0.9966602584942098 -0.06084473118263701 -0.10512369134779839 -0.8572205664819383 -0.015420629429153107 0.514718471194101 51.908287301822014
0.46380125041985387 0.07824805357083327 0.882476992460062 2.541148876727724 -0.05248340918506503 0.9967692908537139 -0.06079862310357124 -0.1233054377226668 -0.8843833398867778 -0.01811692367244518 0.46640956809155804 52.04738943704839
0.4143267582625198 0.07610161099253394 0.9069409474668197 3.029572483669318 -0.05240891224905262 0.9968394620769183 -0.05970253565020557 -0.15322875815469275 -0.9086179853516774 -0.02279543047485913 0.4170056654830043 52.236975712633786
0.36477618364645614 0.07587335461133773 0.927998690680299 3.430781916574526 -0.054897281879352285 0.9966930191494735 -0.05991088399413698 -0.16976193484536645 -0.9294754565272737 -0.029090542083679474 0.36773511672764114 52.36979404179272
0.3157544244001608 0.07617806630234177 0.9457780107859135 3.8628162815520604 -0.05238681705958956 0.9966511643744761 -0.06278596936703278 -0.18912476798970182 -0.9473936694268581 -0.029721352012129578 0.31868774115814813 52.48849593253632
0.2688899248170344 0.07283831341254106 0.9604128218797926 4.397482097017132 -0.041259650412718715 0.9970922065486252 -0.06406850152614801 -0.2222556892554472 -0.9622867813597505 -0.022398922724146 0.27111333180256536 52.59519019240851
0.22493777584688093 0.06693945343241699 0.9720710398788907 4.939636231546566 -0.028092642002648743 0.9976681704311465 -0.06220148851813845 -0.2549651845244769 -0.9739680695291647 -0.013316579242823789 0.22629376539113988 52.675691647431734
0.1829369997852169 0.06600804166804683 0.9809062098614388 5.488778737718221 -0.01874088956194119 0.9977963326788296 -0.06364948979448304 -0.2826317027389209 -0.982945997076141 -0.006739208248771983 0.18377091691605896 52.74190327786901
0.14462675926369825 0.06771752730188961 0.9871663674381326 6.009874073711261 -0.015195154818246636 0.9976897901345207 -0.06621321568522134 -0.303547834025967 -0.9893696011981206 -0.0054239429796059165 0.14532161940889676 52.79698085197704
0.11220353904711916 0.06858058872836748 0.9913158269063257 6.537585109886788 -0.006105662726577818 0.9976442743227009 -0.06832732099089746 -0.33164344050964634 -0.9936664866583601 0.0016139271341790553 0.11235794823346824 52.829597794670754
0.08352341693648449 0.06672422360093734 0.9942694387378637 7.100118110291017 0.0013717320807225541 0.9977471385544644 -0.06707283993890194 -0.3700613059176106 -0.9965048706224926 0.006966024061330129 0.08324372249259479 52.849934871024786
0.058582126120896354 0.06509822160395985 0.9961577967587049 7.652174092362246 0.008458254488553594 0.9978033629588132 -0.06570317191035739 -0.40128688179314675 -0.998246759288584 0.012274787659137965 0.057902825127629697 52.862324401306374
0.038555995918398624 0.06421410147506708 0.9971910470669552 8.245128652932209 0.013142419198755787 0.9978141669527304 -0.06476237369047584 -0.4299900068706965 -0.9991700115577642 0.015602480577476492 0.03762779030829349 52.87212018963446
0.022613387326063737 0.0658170821915237 0.9975754339424343 8.817612727295396 0.01578860623283783 0.9976826425413231 -0.06618205712259981 -0.4627894522251914 -0.9996196049632399 0.017246926205819094 0.021521824030161868 52.87558173088301
0.009341515761565423 0.06558887566138362 0.9978030043414142 9.40813233985884 0.016773026742230523 0.9976958791503261 -0.06573886445896376 -0.4948311252838388 -0.9998156838423667 0.01735027711378814 0.00821986781487082 52.87315920066059
-0.0024807503347061242 0.06638770460676023 0.9977908190371481 9.998545109908921 0.017367272682446165 0.997646258922214 -0.06633490708575368 -0.5317564659894661 -0.9998461000160721 0.017164344891304615 -0.0036278846594065303 52.870786836998455
-0.011724816119688897 0.06947490031683276 0.9975147953353506 10.618003791702066 0.02220526509037864 0.997355452444293 -0.06920280111307618 -0.5647422249865464 -0.9996846777305457 0.021338690343977614 -0.013236517864541025 52.85942215200733
-0.018038061878590417 0.0714453207048841 0.9972814018485661 11.218243946326233 0.02660592437100284 0.9971247738884417 -0.07095287229055142 -0.599201643267873 -0.9994832430371346 0.025253741253349452 -0.019887067171411074 52.83988295633179
-0.02268916037201388 0.07094701895325671 0.9972220026168997 11.840813430428462 0.02699387007094974 0.9971585914650736 -0.0703283331664684 -0.6310791295151935 -0.999378073093564 0.02532319034062198 -0.024539825809627665 52.815762420507916
-0.02619941672528402 0.0683170305983798 0.9973195946603454 12.483048960688473 0.02480037765889891 0.9973994072365115 -0.06767099609302013 -0.6669310842930578 -0.9993490540503004 0.022960961967339284 -0.027825570871114726 52.79592909944327
-0.028761712607302845 0.06139202396704518 0.9976992449035558 13.132041629765784 0.0227078748911062 0.9978947135706054 -0.060749428357473156 -0.7030004190898685 -0.9993283325843534 0.02090837203274429 -0.030095243363619736 52.78107821260527
-0.030091640572203947 0.0557531679731193 0.9979910207154346 13.8190048838027 0.0236049065400211 0.9982043565823228 -0.05505334583201334 -0.7400047901689697 -0.9992683831458434 0.0219008392766924 -0.03135365503519869 52.7600471476399
-0.0304415194831185 0.05307772238329972 0.9981262792243076 14.50416076465749 0.02627232238219795 0.9982865553037799 -0.052284974671027704 -0.7777503740374138 -0.9991912124154232 0.024631461310800757 -0.03178383465678187 52.734937089717214
-0.030110936307366852 0.05530231015888597 0.9980155239302564 15.204596798966572 0.02938496566791582 0.9980856815486464 -0.05441962954908992 -0.8168413509542244 -0.9991145356301188 0.027688025907512834 -0.03167835087178115 52.70605061369412
-0.029358448313085726 0.06257791399498783 0.9976081827013468 15.886354213725195 0.03036801965032999 0.9976335221285816 -0.06168580799364464 -0.8525415307200802 -0.9991075341999797 0.02848438528997118 -0.031189339516689795 52.68457063081675
-0.0271750762489799 0.0708555975853019 0.9971163420191709 16.600253801328122 0.030828699080648128 0.9970696561772661 -0.07001208498205108 -0.8834476110660336 -0.9991551964253877 0.028837215908767554 -0.029279829828297858 52.66732827056584
-0.025024984614983623 0.07153930201665894 0.9971238029512632 17.309327646735195 0.03141471272468331 0.9969998430028841 -0.07074198807384517 -0.9207638775610901 -0.9991931074469261 0.029554040657476723 -0.02719729235366567 52.650837113358044
-0.023128201377213466 0.06707362363699068 0.997479932285988 18.0627341339572 0.03072528448136621 0.9973231902251112 -0.06635066791475984 -0.9654423838601839 -0.9992602479807723 0.029113283074894906 -0.025127147749133664 52.645789673229956
-0.020650625024989013 0.06066565482789171 0.997944502470143 18.76602265704223 0.030261463257261128 0.9977379495396727 -0.060026893055429416 -1.0078257780674305 -0.9993286724234459 0.02895966803438304 -0.0224397437536968 52.637616974223874
-0.01791864664448428 0.05917015995876978 0.9980870775001972 19.509571707841246 0.028423392872674674 0.9978740458075236 -0.05864724581187807 -1.050134353658339 -0.9994353570091642 0.027318141850552403 -0.01956236912537373 52.632195369610905
-0.014646728820511632 0.06462610149078304 0.9978020546886852 20.23772491726689 0.03616618851422571 0.9972903575037371 -0.06406207644473118 -1.0926925029237498 -0.9992384500924748 0.035148397348387955 -0.016944321191123143 52.61573832299432
-0.011329262491104506 0.07030976463995067 0.9974608688102421 20.962816846363513 0.03761923471259224 0.9968486652620305 -0.06983932806761706 -1.1324161467014817 -0.9992279224436467 0.03673248646051842 -0.013938559731237787 52.60735406578552
-0.008900600936078324 0.07102766965555495 0.9974346341722241 21.722133947927585 0.03165206185259197 0.9969943308639871 -0.07071386855164646 -1.1742045236659713 -0.9994593169726603 0.03094146681011243 -0.011122020867735515 52.61108594330342
-0.005542579570270516 0.0675361115421097 0.9977014350242658 22.47398421186913 0.027148504823697562 0.9973591645124327 -0.06736212325105358 -1.2188348961192372 -0.9996160455382579 0.02671274229322578 -0.007361446979423031 52.61863605936338
-0.0008800505242792444 0.06368284998664352 0.9979697992066962 23.199496130386798 0.0310128483248623 0.9974918856840039 -0.0636250047806604 -1.274284780191875 -0.9995185985012253 0.030893892796776855 -0.0028528298244908214 52.616569778970316
0.0025149774910516566 0.06465424815655951 0.9979045560991942 23.92763028477364 0.0357274092359708 0.9972648066507002 -0.06470284109076804 -1.323765390147667 -0.9993584077384372 0.03581527064314712 0.00019816975861150886 52.61387672636174
0.005285788625996981 0.06933251812081581 0.9975796020216274 24.651768039736904 0.035387321773629035 0.9969557316344049 -0.06947666240535896 -1.3675212392035434 -0.9993596939522279 0.03566890932346373 0.0028162051387787936 52.62518394130347
0.008885094901037527 0.07010238333537823 0.9975002310472414 25.37505641551374 0.03195742058704342 0.9970101480369618 -0.07035259754073564 -1.4102725898384025 -0.9994497377847582 0.03250262392493487 0.006618238434203509 52.64028730517975
0.012617231936763671 0.06961947251070592 0.9974938268007405 26.102825187596537 0.031102823506780862 0.997063196219804 -0.06998283442277291 -1.4575091216155178 -0.9994365511767916 0.03190786409759233 0.01041481543618098 52.65344667277449
0.016246011470139182 0.06635919990490419 0.9976635323090113 26.84493637084905 0.0352725915923742 0.9971361165756696 -0.06689850000366995 -1.5084015839188285 -0.9992456711908584 0.03627701212013725 0.013858823830536457 52.663705459544424
0.019890427653795596 0.06695714525550665 0.9975575730688344 27.568703473509085 0.03985117837407536 0.9969089638486789 -0.06770820762907472 -1.5567987369273988 -0.9990076348406685 0.04110058998819168 0.01716062448385691 52.670834580281465
0.023255246477589125 0.0675409838466167 0.9974454416218956 28.313175419984685 0.04260773452577078 0.9967417665995392 -0.06848672626576714 -1.609116785471088 -0.9988211924412935 0.04409156628032097 0.020301707147434397 52.68552462088164
0.02592344675760214 0.06747840534007005 0.9973838978652942 29.056622385932442 0.04310511673133105 0.9967157855724406 -0.06855356812217434 -1.655630625293778 -0.9987341607353698 0.04476949411669359 0.0229296440607215 52.70681694447391
0.02941244234188447 0.06601642252389309 0.9973849508553019 29.783781942768176 0.0442181050058852 0.9967539042494173 -0.06727862627331481 -1.70092800049842 -0.9985888380235239 0.04608130120431511 0.02639784563451038 52.72917600686151
0.0332749633976545 0.06492562061568073 0.99733516963885 30.5376287945896 0.04634126871625702 0.9967142849240268 -0.06643132575935587 -1.7518101518412055 -0.9983713054894209 0.04842827702950792 0.03015689571724591 52.74790643869807
0.03620302488541527 0.06550802644980491 0.9971950859585087 31.301687904737978 0.04452764961329826 0.9967524665902345 -0.06709551971771774 -1.7948462934336975 -0.9983519566811394 0.04683181415370377 0.03316853590395029 52.77574388544317
0.03922098178846919 0.06740864380656111 0.9969542563867757 32.06169935877785 0.04173709594810711 0.9967406991518687 -0.06903617512618707 -1.8404721322607864 -0.9983585174722385 0.04431764202205823 0.03627970777497585 52.81184762429279
0.0419010517388827 0.06747544835050015 0.9968406922538198 32.8254851561194 0.043595595746370654 0.9966432091686115 -0.0692945715738307 -1.8873197370267376 -0.9981701888429118 0.046361379271768595 0.03881876630348714 52.846136862781506
0.04452932864851039 0.06737886535416399 0.9967332779604071 33.5919730001717 0.04127450375947902 0.9967469534636482 -0.06922373942756117 -1.9325410282292004 -0.9981550752410776 0.04422215807162348 0.041603443438814995 52.887476717299066
0.046938519254622835 0.06787801391318282 0.996588857371677 34.354663805675514 0.039604011587904595 0.996777606466378 -0.06975618620089194 -1.9784857993748077 -0.9981123672594825 0.04274316874484394 0.044099023224117906 52.9276540224329
0.049599658254141275 0.06806911634712659 0.9964469224704311 35.10142047603965 0.03641823683908279 0.9968881681776538 -0.06991203167498619 -2.027000194906463 -0.9981049974459621 0.039756452899035295 0.04696635525865242 52.97611170798895
0.05290889487814826 0.07020370576846402 0.9961285502078272 35.860140036288094 0.03492667710826314 0.9967853233309362 -0.07210510674152129 -2.074982803503022 -0.997988364696176 0.03860646174419573 0.05028682772501951 53.02068845378923
0.0562280985633946 0.073885789190574 0.9956803157076226 36.641343539356974 0.0338307258728392 0.9965443703415265 -0.07586039762298183 -2.1249049055136555 -0.997844618624995 0.037950073732289695 0.05353418519835533 53.071824717793966
0.05963431749382211 0.0759978123289235 0.9953231036694887 37.3959496412008 0.034084011582213296 0.996361214619127 -0.07811920479082798 -2.177049025180945 -0.997638225175594 0.03858318965437609 0.056827010695486034 53.1199263318151
0.06240341860862158 0.07850462902530529 0.9949587109863185 38.14695589457023 0.027799001032738607 0.9963781704702852 -0.08036017018311116 -2.2265790220368467 -0.9976637854946618 0.032673607573637395 0.0599950538010012 53.18094761433694
0.06502524318586059 0.07774036765015342 0.9948508194630181 38.898065520104 0.023902863963274328 0.9965533682188137 -0.07943574375606906 -2.2803332318747644 -0.9975972989352833 0.028945112356764183 0.06294290768372097 53.24163604700057
0.06862594545081173 0.07829973314853728 0.994565046339278 39.65578960570764 0.025803456250418196 0.9964424966230587 -0.08022800364664316 -2.3385973717740525 -0.9973087091049171 0.031168938263293186 0.0663614046794077 53.29370915233867
0.07237329746489832 0.07940307982390571 0.9942118771813861 40.43313294365112 0.02461729005168785 0.9963800465727726 -0.08136824824302136 -2.401918613744758 -0.9970737659995721 0.030363690587697532 0.07015662085167886 53.355330473265475
0.07596413301395283 0.08037007274346333 0.9938662394420331 41.210228151691005 0.020727918209218696 0.9964036133617324 -0.08215955626938484 -2.4568115021883106 -0.9968950816922267 0.026841957582873534 0.0740250323266992 53.42551089614242
0.08014679912268853 0.07859032911051889 0.9936800545249398 42.00067001985798 0.019777831809451165 0.9965653355904767 -0.08041373805727249 -2.5100797640233545 -0.996586839146146 0.026097740701581655 0.0783171754532082 53.49639805595187
0.08507209414677966 0.07854330063010277 0.9932742263461841 42.77083577788451 0.02006727330211119 0.9965508780994365 -0.08052112705027373 -2.5722041280781722 -0.9961726975478202 0.026782406265258143 0.08320252024393797 53.56181126084867
0.09016442536981904 0.08197555835353486 0.9925474216531702 43.54430486189152 0.016555248837315302 0.9963456378918804 -0.083793159564147 -2.6340976683720694 -0.9957892850064548 0.023987031630327744 0.08847780614312749 53.63655924570772
0.09624193600165527 0.09057370116266451 0.9912284774018294 44.322794081275994 0.014936765719260873 0.9956076916252109 -0.09242411701797619 -2.6952624738930413 -0.9952458906142255 0.023700823496265247 0.09446633358555716 53.719543841679915
0.10352001693348378 0.09551744239921348 0.9900303148346536 45.10650383487839 0.013217598182756394 0.9951581072740172 -0.09739423301745993 -2.759413051309 -0.9945395422970236 0.023168075541425026 0.10175627294342356 53.80556334921952
0.11077080165581074 0.0985980816045646 0.9889429952249157 45.89473429892075 0.009086306894040358 0.9949245970520475 -0.10021220089306652 -2.825986738083952 -0.9938044417930315 0.020086425383944794 0.10931270277391816 53.903732328497725
0.11772249440971247 0.09665280077014464 0.9883317511914919 46.71726234781497 0.005516437639407088 0.9951732002577666 -0.09797892836967645 -2.903487180063956 -0.9930312095929957 0.016986394319764384 0.11662109235591922 54.015243976195485
0.12535418095274342 0.09500468476799297 0.9875527526111203 47.518209506557845 0.005041803777701858 0.995330592192579 -0.09639290669038268 -2.979871246145736 -0.992099243791838 0.01706230106662292 0.12428985618294847 54.12036457837755
0.1323450607444633 0.09154032491646147 0.9869676559091146 48.320648769244315 0.0039034371492264837 0.9956705046882082 -0.09287092802559194 -3.0571948812244734 -0.9911960189967316 0.01614357482410304 0.13141475151950158 54.23874343426943
0.13987583154780525 0.0861669161965251 0.9864126997874624 49.11278093989743 0.0018902850201759026 0.9961812995708889 -0.08728828791871998 -3.123142175550483 -0.9901672477775434 0.014074123007135373 0.13917880761893187 54.35652320792269
0.14680295681525715 0.07872211336277131 0.9860282555474746 49.91972772201476 -0.0012248129397959807 0.9968418375979269 -0.07940308966050738 -3.1924391091866307 -0.9891649972090417 0.010448908176031021 0.1464357490996264 54.48729763431037
0.1542712552813583 0.07617659500848602 0.9850875626901532 50.70888566390871 -0.0015294527005039105 0.9970406140554369 -0.07686139927413586 -3.258891657572701 -0.9880273480872652 0.01035085971571389 0.15393121559578107 54.62021848562233
0.16152447595726568 0.07789152264861282 0.9837899950529131 51.48328588029862 -0.001906847190666382 0.9969030958239125 -0.07861667425218932 -3.3226496587709837 -0.9868668641719229 0.010822579921816736 0.16117277736427427 54.747716832429795
