1.0 0.0 0.0 0.0 0.0 1.0 0.0 0.0 0.0 0.0 1.0 0.0
0.9999745382550598 0.0007489148909073629 -0.0070966166633203015 0.001940870064554458 -0.0007542631973063106 0.9999994335463831 -0.0007509953010268379 0.00658742404398019 0.007096050211852183 0.0007563288961505715 0.9999745366948058 0.07126777367493767
0.9999030822714289 0.0017213961863701273 -0.013815312492512161 -0.0007695160570508918 -0.0017426693848025983 0.9999973142524753 -0.0015279369265820068 -0.0016113341257597668 0.013812645203272394 0.001551864364527879 0.9999033966086337 -0.01431795857371733
0.9997848781758115 0.002397391534691579 -0.020602181554568107 -0.007430538124001262 -0.0024548982176426423 0.9999931600812982 -0.002766453570972676 0.003678317904544821 0.020595408364949018 0.002816434705211832 0.9997839250807308 0.06906455344415693
0.9995477695392921 0.002957633304281365 -0.029925053287564663 -0.017659372656062877 -0.0030900518627489863 0.9999856346725461 -0.004379729218910651 0.005665912776613519 0.029911669771373512 0.0044702185386023266 0.9995425499485779 0.17340316438527198
0.9991410858153125 0.0029767173638526843 -0.04133073661978515 -0.033356874717984805 -0.0032212283659803546 0.9999776966897189 -0.005850624833219372 0.003640552870559041 0.041312399151011724 0.005978735389747369 0.9991283903480707 0.2775672508913474
0.9984926027763343 0.0029347587611215447 -0.05480793183431999 -0.05183465951438397 -0.003316291109475885 0.9999708911615409 -0.006871611373700381 0.004218235353069797 0.054786169917403954 0.00704301218286449 0.9984732703308452 0.3951313053604344
0.9974496536273967 0.0028261350095502816 -0.07131760960305895 -0.07382089551460377 -0.0033259712236038915 0.9999707268528195 -0.006890816560025054 0.003698793711830832 0.07129604753425178 0.007110442908282929 0.9974298547805963 0.5298205542722513
0.995932620476713 0.0013128151525355633 -0.0900915755593332 -0.10554440328096773 -0.0019588692035238738 0.9999729963387145 -0.007083037824069529 0.0036074937520225647 0.09007984403756067 0.007230706033921388 0.9959082982827383 0.7016248763446856
0.9939244159630631 2.3574282703072704e-05 -0.1100647754585324 -0.13925073607173055 -0.0008164353401027336 0.9999740441461636 -0.007158524100815431 0.00021262876896763682 0.11006174987623715 0.007204892658445333 0.9938986370530752 0.8604025370318035
0.991207080745107 -0.00019515957252454327 -0.13231963192778573 -0.1935845356495653 -0.0008369524304732477 0.9999696608049414 -0.00774448063331482 -0.0020142860737522653 0.1323171288661924 0.007787129277976311 0.9911768449808618 1.0625321281036684
0.9876830707491709 0.0034074523338204045 -0.15643062687364442 -0.26535052944267584 -0.004904264040389025 0.9999458036910448 -0.009183565478233069 -0.008794109247362876 0.1563908563494387 0.00983762925015928 0.9876462530182684 1.2807204639202012
0.9834140824588352 0.007559888543764224 -0.1812169708025539 -0.35083100662424865 -0.009625458209803239 0.9998983181419799 -0.010521593562372521 -0.01882089410409455 0.18111900224962355 0.012091379658512522 0.9833868544789757 1.4964697408545184
0.978069722203503 0.010281532159900035 -0.20802381739889336 -0.43336411518633666 -0.012866559793674402 0.999855862137172 -0.011077300619223147 -0.029319774838957494 0.20787994166787466 0.013510923224479587 0.9780610332723529 1.7065890545304991
0.9713715806442421 0.011068929027706897 -0.23730725047264553 -0.5136949546354165 -0.014142428534799538 0.9998366668709407 -0.01125305716443235 -0.034381877695204545 0.23714393104577944 0.01428700075549387 0.9713694650222265 1.906093449136904
0.9634045794281494 0.012893961435804159 -0.2677412222564233 -0.6055756381784 -0.016344838991270313 0.9998095447485803 -0.01066397993183861 -0.03877769385634779 0.26755272858862955 0.014649914270370394 0.9634318436903825 2.1061443804290723
0.9539893762280209 0.01466787365055521 -0.2994814243432195 -0.7330234225936084 -0.018399592923963162 0.9997841973254454 -0.009644364082092636 -0.04270605047617289 0.2992753331370705 0.014710957170995435 0.9540533856733638 2.362330123115123
0.9428614664714199 0.017268550985915065 -0.3327372119108576 -0.8536730021387748 -0.021277844158143776 0.9997382357260591 -0.008409124528106923 -0.04865091986730373 0.3325048998005079 0.015008570024966205 0.9429820965609367 2.5780698079277538
0.9304145464415765 0.019442503902242878 -0.3659928425692603 -0.9762192319461305 -0.024006610221714565 0.9996804022590006 -0.007923131006506266 -0.05107975273533097 0.365721826578041 0.016158043857313325 0.9305839366672554 2.7852257893197505
0.916547983708793 0.02193694454945671 -0.39932263149385994 -1.074212399272801 -0.027130207826414267 0.9996048342826831 -0.007357112340169332 -0.050307358106952305 0.39900344031429413 0.017576852463520375 0.9167809492320579 2.937874584765788
0.9006170408864342 0.022643046766657127 -0.4340233151549424 -1.2145322797028504 -0.02824647268295736 0.9995800857590441 -0.006464436163623389 -0.05147687335295322 0.4336946880536286 0.01808160908397246 0.9008784451672711 3.1421591959381123
0.8822625020923902 0.0182336608184816 -0.47040451848896225 -1.3850611456650828 -0.024332246925334526 0.9996802054833314 -0.006886837036660845 -0.05419082555791647 0.4701285134526943 0.0175219969741335 0.8824240253193462 3.3855516185543513
0.8610378405470868 0.013470834489257035 -0.5083624433061252 -1.5038618591579396 -0.01998400942367297 0.9997732430295673 -0.0073553986633532985 -0.05680110176839435 0.5081480852206024 0.016492396439127727 0.8611117954983138 3.5436541739543976
0.8359024184484761 0.015230956436172408 -0.5486667155915592 -1.6621178447127547 -0.02085273201017571 0.9997744930940415 -0.0040157846387245955 -0.06326789616571193 0.5484818232172339 0.014798004074612257 0.8360315237332302 3.7245872615041034
0.8067471156515035 0.020990435786076362 -0.5905239139895105 -1.873270869770835 -0.025981739815724242 0.9996624168809134 3.836612339093784e-05 -0.07123931924064436 0.5903253684063797 0.015311886928854273 0.8070201394850998 3.9244381255615144
0.7745208525850571 0.02386968069190494 -0.6320978462663698 -2.1485811591632666 -0.029089235009005256 0.9995746063996028 0.0021030091941068316 -0.07576504098765191 0.6318791540456982 0.016758418324714728 0.7748857271222296 4.153611771785242
0.7382590466547657 0.02324548102554003 -0.6741166276278077 -2.334022454787597 -0.028636471431981843 0.9995850624215746 0.0031073280455547556 -0.07717254561457988 0.6739091426418861 0.017010308508332843 0.7386183837870061 4.306995831584074
0.6985138275372008 0.019310508132213355 -0.7153359609407358 -2.5730186247616986 -0.02275353440142712 0.9997297288426016 0.004769270441267527 -0.08075280884194734 0.715234723298284 0.012945020045353202 0.6987644217076684 4.48874942382886
0.6542828969201674 0.015297143263631206 -0.7560951581684188 -2.778669988310468 -0.018090394856694825 0.9998258937307783 0.004573821091775327 -0.07343193607725018 0.7560334836577561 0.010685487046580558 0.6544457135277871 4.645769307984468
0.607619899172574 0.014185151828611336 -0.7941012779218474 -3.0718088067019873 -0.01584259707760259 0.9998580314365756 0.005738387370418287 -0.06277591301332593 0.7940699404003075 0.009093868229498472 0.607758365893285 4.843344288935581
0.5597009844907719 0.015061812764688813 -0.8285577528188985 -3.3697013129992532 -0.013522481402991478 0.9998676895653038 0.00904134171721353 -0.0640962974297374 0.8285843049785377 0.006143708943556131 0.5598306032932192 4.988334082519223
0.509100669603854 0.015883269497057 -0.8605604162166605 -3.6947731600702474 -0.011751038539441873 0.999864792795044 0.011502574588696999 -0.06529993021349072 0.8606267607401897 0.004256510191206264 0.5092184804372674 5.1193032928193745
0.45586620622014823 0.01744154468523207 -0.8898774042223135 -3.6977667567520975 -0.010427349667930623 0.9998440181827607 0.014255163382232722 -0.06529107089405885 0.8899872315968087 0.002780615605309765 0.4559769684660653 5.120405504691433
0.4017513025131174 0.0195201101128699 -0.9155407452594316 -4.039244369035919 -0.009288281957122916 0.9998082204357449 0.017240944504116264 -0.06104283143270579 0.9157017083894178 0.00157722867411903 0.4018555631099445 5.214273515379275
0.34501280967550796 0.021838272128610246 -0.9383438874049583 -4.3878122260697205 -0.009087200170199292 0.9997601515389435 0.01992641934456868 -0.057914720156756985 0.9385539856358174 0.0016520488084898334 0.34512850763426606 5.304978097504035
0.29195033597056236 0.025359302523796177 -0.9560972268039392 -4.745382978780404 -0.00650638667271969 0.9996779588993951 0.02452846149281332 -0.061520944181823335 0.9564113488761729 -0.0009403543193663843 0.29202131339101434 5.346758674377453
0.2370121517665837 0.02756907852264085 -0.9711154338308021 -5.078892352346897 -0.002715884424952579 0.9996121697589915 0.0277152312187998 -0.05683761979044638 0.9715028892837961 -0.003931409306303933 0.23699510571761168 5.39778772285518
0.18602746974922665 0.028098834903917704 -0.9821426759772449 -5.487866484169035 0.0001742332464411355 0.9995900336888909 0.02863100055216306 -0.0547993646336999 0.9825445283250404 -0.005497274496011442 0.18594630900246173 5.441270475575898
0.13849280279867418 0.029203684791675774 -0.9899327696200165 -5.922568309129665 -0.0015836213402042737 0.9995703912252522 0.029266450574798604 -0.04853218987511447 0.9903621740133345 -0.0024855141087348903 0.13847955265380085 5.455905098069889
0.09652750284117714 0.029385074408524423 -0.9948964562190644 -6.285610339107289 -0.003495130794698209 0.999567947407837 0.029183943798113923 -0.03863368759782086 0.9953241809862625 0.000660240023778231 0.09658850256182903 5.455772721077363
0.05837772700856804 0.02800660873333221 -0.9979016338580531 -6.613636547764557 -0.004570263925601609 0.9996034188116265 0.02778700753515042 -0.031129394813954565 0.9982841046901244 0.002938531498248384 0.05848257309378854 5.454799933257611
0.023958722160375548 0.025351300628983664 -0.9993914604342291 -7.0839278718658845 -0.0036698117988620844 0.999673914292283 0.02527048802271495 -0.023378264119678777 0.9997062129014715 0.003062129971790267 0.024043944065668364 5.439012820885658
-0.007420427874511059 0.022542563964084064 -0.9997183453653757 -7.467176619336265 -0.0030780077752019784 0.9997406190849999 0.022565912781829282 -0.017515783850811782 0.9999677310385043 0.0032445895682667956 -0.0073491169699850915 5.416890991485753
-0.03406092057668954 0.02079012029683601 -0.9992034950837152 -7.916322412909162 -0.003467894352585237 0.9997751336013929 0.02092022803595052 -0.013388751684682147 0.9994137418498044 0.004177694383263037 -0.033981163479379496 5.381528052793671
-0.05488333121965324 0.01838229490867993 -0.9983235503523518 -8.467510432433784 -0.004047288001201254 0.9998182115691692 0.01863231801100917 -0.0030447838625472616 0.998484571445182 0.0050631066074458865 -0.05479895562337385 5.330768667253386
-0.07141492698287273 0.017581235831568603 -0.9972917368306359 -8.930025674851507 -0.0033554270473581567 0.9998347537607473 0.017866344940021754 0.0066828479477539305 0.9974410505455249 0.004622263387210832 -0.0713441333805273 5.289422863846007
-0.08457417547768223 0.01797195386724954 -0.9962550967078985 -9.47294907864704 -0.0024312995328570125 0.9998306292086234 0.01824285281609952 0.016328409941237788 0.9964142199029734 0.003965068786514716 -0.08451615587960981 5.235552890854092
-0.09399150459252241 0.0190769973697879 -0.9953902075245603 -10.04942347430017 -0.0037578261275868522 0.999802474939228 0.019516399467866784 0.01965399599513306 0.9955659073146428 0.005574879079193446 -0.09390125087571385 5.166172786282556
-0.10084944843304947 0.020501484727950808 -0.9946904432408605 -10.606199973473167 -0.005489379349555663 0.9997609780501133 0.02116254905813032 0.021412646304826026 0.9948865540679024 0.007594464578276604 -0.10071280277433937 5.102068193670281
-0.10544500595229286 0.02149939011208989 -0.9941927011120779 -11.167926455914284 -0.005337731813573024 0.9997396229392185 0.02218546696456932 0.029238885763803155 0.9944108101478011 0.007646080705681491 -0.10530279251299542 5.038841506429867
-0.1066401358656095 0.02210866961489287 -0.9940518538539246 -11.784391461452795 -0.0031461357268461167 0.9997402538556918 0.02257269701532542 0.0420898551379465 0.9942927050182715 0.005534577528315048 -0.10654287962614167 4.967706347369407
-0.10579947220050397 0.024281467962408806 -0.9940909827554447 -12.411179436336155 -0.0011570097422262519 0.9996981408754642 0.024541565936130647 0.05163081661241362 0.9943868125687056 0.0037466576747238736 -0.10573944176946133 4.904288382656032
-0.10419973275466304 0.026772695208616325 -0.9941959758946542 -13.034623115637563 -0.0019798165260106627 0.9996300474167633 0.02712652996760367 0.05807118970720966 0.9945544208440176 0.004794902796355256 -0.10410817876993825 4.834829224710755
-0.10244232034304018 0.026828782182245405 -0.9943770851389085 -13.685940207842036 -0.004338775312437591 0.9996146650734745 0.027417082245091366 0.06429828885248678 0.9947294838454932 0.007123048270477536 -0.10228644168126283 4.761726160107898
-0.10094125600978618 0.024236850918314633 -0.9945971234086347 -14.32595314244247 -0.006125485072468662 0.9996691312900032 0.024982121177312674 0.07641749194566105 0.9948735302880426 0.008614116521986532 -0.10075939523812119 4.6944288733200255
-0.09945283517489217 0.02413314950350376 -0.9947495788743608 -15.036143256588032 -0.006391382086094374 0.9996697269184753 0.02489151095798134 0.08985064609824872 0.9950217504209163 0.008833355975125702 -0.09926574440113507 4.615711935777997
-0.09789291025778046 0.026741563626116436 -0.9948376083040353 -15.736928820935798 -0.005903704036089545 0.9996057259922713 0.02745066196140436 0.10634007703557476 0.9951794433165887 0.00856045199130267 -0.09769643935061428 4.5469140563822865
-0.09571026461132014 0.03034196190437041 -0.9949466873133582 -16.441732682285142 -0.006987317704629527 0.9994902141363265 0.031152676241623555 0.11731759699875262 0.9953847108727985 0.00993363948986373 -0.09544946394380546 4.469825888275476
-0.09408537807450268 0.03250558052125492 -0.99503333053097 -17.170301041229923 -0.007373822626185221 0.9994166651599239 0.033346006365006106 0.12664335193889303 0.995536824217193 0.010474570902604138 -0.0937908044104054 4.400406484779272
-0.09219957164519842 0.03185237224241827 -0.9952309608181273 -17.958429068909926 -0.009056649225941956 0.9994200648124735 0.03282546503905585 0.14473891914557008 0.9956993602956863 0.012039951526582403 -0.09185762610691302 4.319383067407094
-0.09040804296657366 0.02876311417098425 -0.9954893615856182 -18.73277944170939 -0.011397208908865395 0.9994875056910969 0.029913702486951077 0.16277674080936036 0.9958395901931398 0.014050239520273957 -0.09003389013799822 4.236374589691515
-0.08891672669680223 0.028100256243399242 -0.9956426021984907 -19.491813786475664 -0.012362800494993647 0.9994938258796833 0.029313020866413967 0.17938753584881229 0.9959623370777863 0.014915348720332896 -0.08852432148908995 4.163798038938192
-0.08711214619358122 0.030436674510225366 -0.9957334396465287 -20.27588671119275 -0.009803671699747237 0.9994585593275017 0.03140821880015817 0.19579789175901782 0.9961502707959027 0.012497881090554042 -0.08676658897003336 4.089694650213593
-0.08621212527205259 0.032642529440274265 -0.9957419016631857 -21.08608734653783 -0.007504717718796729 0.9994134648209336 0.03341265548527861 0.20960073779110555 0.9962485375989445 0.01035333793312888 -0.08591658585864195 4.026197948196074
-0.08499765178015581 0.03443948694559734 -0.9957857806429975 -21.88148800934258 -0.006622073503940921 0.9993608684630685 0.03512837495885696 0.22459832017273196 0.996359145757375 0.009579996015952818 -0.08471526628634651 3.95538603046669
-0.08426719763067772 0.029844732498011246 -0.995996150266453 -22.65912312948981 -0.006318764421817264 0.9995152580143398 0.030484786578051464 0.237689219322613 0.9964231594155428 0.00886233257387235 -0.0840377679480854 3.885407944505633
-0.08398088179474866 0.022975850629480425 -0.9962024501981657 -23.496534185585745 -0.00484540238999399 0.9997129099980844 0.023465286250993787 0.2472056967759729 0.9964555853467097 0.0067976371640327375 -0.08384544448168142 3.80972146893533
-0.08404592669886211 0.01841644042931317 -0.9962916826548556 -24.30786525916723 -0.0017550049516969076 0.999824909886861 0.0186298021285713 0.2604832330234398 0.9964603364725299 0.0033142558205059547 -0.08399889014390181 3.7415841352893384
-0.08461129338823532 0.019190575253870808 -0.9962292160203874 -25.122874327201707 -0.0006860753342917754 0.9998131568950439 0.019317882912005382 0.2696149323736394 0.9964137987461855 0.002317999351119701 -0.08458231817113208 3.671857233014801
-0.08460404872829956 0.026586670520751157 -0.9960598897101522 -26.007241605941374 -0.0011231738301937686 0.9996407833959065 0.026777652103302876 0.2765162996851648 0.9964140170728857 0.0033842461848054414 -0.08454379609666224 3.592266927022027
-0.0848505245235366 0.03370139063238986 -0.9958235811415213 -26.851864486062397 -0.002738059438834218 0.9994161661963455 0.03405627366445202 0.2894193568819371 0.9963899294546229 0.005616316839504111 -0.08470870950833942 3.5146749829479718
-0.08520846105203633 0.03899470987705016 -0.9955997844348643 -27.70869753555737 -0.004668806488164143 0.9992072557020606 0.0395355839508288 0.30452406558294254 0.9963522070087052 0.008017028998428042 -0.08495885377592342 3.433520416637851
-0.08540426594276497 0.03932629108323425 -0.9955699644868833 -28.546103467612518 -0.006360049265758364 0.9991788600701516 0.04001443942191148 0.31959131180967426 0.9963260817283229 0.009749277847585485 -0.08508401994109138 3.3484032505518257
-0.08555435104882651 0.03590607153013658 -0.9956862995160106 -29.393729744522023 -0.006402812458959659 0.9993099629861244 0.0365869084412222 0.3354426113919969 0.996312931266692 0.009505361852328168 -0.0852654155377596 3.264333008289116
-0.0860130672937319 0.033134722992194575 -0.9957428595711617 -30.214508970243465 -0.006511210655021007 0.999406760745571 0.03381908798077442 0.3539219334679897 0.9962727319316376 0.009392375007203857 -0.0857462938044218 3.189872426139369
-0.08589355492888523 0.03435015690177565 -0.9957119884497232 -31.054422202822757 -0.008237597006433384 0.99934682491419 0.035186155366670024 0.3688241827812774 0.9962702641438401 0.011224538064046665 -0.08555448864910976 3.105707664146683
-0.08568348448737144 0.03683666736619047 -0.9956412006458224 -31.89658655270069 -0.009109096075163596 0.9992455477138075 0.0377539367858103 0.38089518915768417 0.9962807660769101 0.012304280209998244 -0.08528329164448384 3.023216302233401
-0.08544188685850011 0.035274451080832665 -0.9957185330559057 -32.72961756170737 -0.00997799436623928 0.9992926747169136 0.03625727355365417 0.39395188423573463 0.9962931915849297 0.013033163777960918 -0.08502948337753409 2.942061118150704
-0.08504898074777623 0.03002633521148934 -0.9959242391203917 -33.56233666183456 -0.010818674602162839 0.9994590697235107 0.031056790356819814 0.4100019616402287 0.9963180351442084 0.01341592863659506 -0.08467813002895697 2.8628251685986723
-0.08484605775729465 0.02589442125536157 -0.9960575412248509 -34.41083950784996 -0.012015706505309462 0.9995629709129425 0.027009072121619224 0.4217391095124639 0.9963216193981855 0.01425994837095986 -0.08449783779620358 2.780664147405076
-0.08392601448417321 0.02663672244320821 -0.9961159114833402 -35.274140475535035 -0.011555896994377032 0.9995494243175985 0.02770215859844307 0.43251459672818016 0.9964049805864363 0.013835944631337336 -0.08358038824210452 2.6907180278635545
-0.08356312964107247 0.029066403998296204 -0.9960784846201614 -36.115075572603885 -0.010467290320129403 0.9994937631686349 0.030044187796567694 0.44296105240260236 0.9964475095046113 0.012936829039959158 -0.08321658041789201 2.622775437385727
-0.0832360356836571 0.03397474644438078 -0.9959505404224193 -36.935994940408776 -0.009898735665970508 0.9993411678758555 0.0349176920877813 0.4573930752778749 0.9964806959474345 0.012765061400631583 -0.0828448900750913 2.5516104129878125
-0.08253426373087644 0.03950018297281849 -0.9958051169056705 -37.78382140609862 -0.008996209499961674 0.9991439662935281 0.04037824703810888 0.4763507094785186 0.9965476223066483 0.012291060342851056 -0.08210825969787401 2.474714258092246
-0.08284781184523697 0.042848952592529396 -0.9956406014894027 -38.59269499436351 -0.009177642306468347 0.9990000388539358 0.043757207995138464 0.4893096445690961 0.9965199501034336 0.012762822241120922 -0.08237171489225459 2.4070988121403962
-0.08233859013802519 0.04284319809164493 -0.995683090622394 -39.4472153702605 -0.00876982803364298 0.9990057078179847 0.04371139283239937 0.5094641532846539 0.9965658265716028 0.012331103939553757 -0.08188099404189812 2.324935028527681
-0.08214103740753569 0.038514332819742134 -0.9958762453945088 -40.26648891899388 -0.008603851474175346 0.9991883643610739 0.039352080824942806 0.5294851282789726 0.9965835758798272 0.01180079204513981 -0.0817429972149497 2.252646971428742
-0.08197353402441089 0.03423445832621231 -0.9960463551374803 -41.09386931141054 -0.009727495975420771 0.9993347741220934 0.03514804478763331 0.5444271151118538 0.9965870336009776 0.01257024635622301 -0.08158598755268583 2.186730542084608
-0.08183719580909965 0.03135472773058903 -0.9961523751068626 -41.906455322361644 -0.013407106378627017 0.999379928780682 0.03255775558713661 0.5613077270374742 0.9965555292509565 0.016019956281469044 -0.08136607474915226 2.1075906184774764
-0.08227533511877909 0.02950037195476385 -0.9961729253927869 -42.74559815663184 -0.01650425018012547 0.9993843983874987 0.030958585007229502 0.5758843982986854 0.9964729695064904 0.018988215139623104 -0.08173780477066311 2.0208891797150557
-0.08285586449861172 0.027757645123478388 -0.996174893708623 -43.5734752799726 -0.01423631631411619 0.999477047628473 0.029033748667304394 0.5836012094937815 0.996459850177613 0.016587477236482014 -0.08241736821166484 1.9480811534529674
-0.084070750345026 0.024171138588983357 -0.996166584962443 -44.40138907468038 -0.010695056794495762 0.9996262834470283 0.025157686738738815 0.5903389826412415 0.9964023909528648 0.012769083804023154 -0.0837808200140049 1.8798076196038351
-0.08498586526284199 0.022636452496956377 -0.9961249890068409 -45.2198165188857 -0.006388278423182398 0.9997089708286233 0.02326292207705896 0.6000091602898195 0.9963616776072395 0.008340543335326188 -0.08481652393583251 1.8179687798177748
-0.08661791576376651 0.026088684792343157 -0.9958999534062377 -46.05383244642824 -0.006016463492324044 0.9996251308196176 0.02670954887130238 0.607159871366478 0.9962234382084098 0.00830532116589861 -0.08642848375706225 1.7363098084934907
-0.08838152595118047 0.03241395829986055 -0.995559160059248 -46.86504383096672 -0.003641191378825096 0.9994532003781035 0.0328639921389621 0.6134355987414257 0.9960800407577105 0.006529591204807257 -0.0882151735406931 1.6648471791911277
-0.0900816519003653 0.03608873907800843 -0.9952803117226126 -47.67647360407398 -0.0017755504162790656 0.9993358507247002 0.036396495395289205 0.6270053035731008 0.9959328006505355 0.0050458268003852275 -0.08995774686084533 1.5851177031598396
-0.09175175045622143 0.03528524913980353 -0.9951565542573495 -48.47623603329052 -0.0017014562590745444 0.9993649792066259 0.035591338580317204 0.6374682825981343 0.9957804584017586 0.004958782963824457 -0.09163344987885175 1.5141687395947678
-0.09294595598151977 0.03147395063416266 -0.9951735726485905 -49.26544149607103 -0.004914656335467215 0.9994735754847094 0.03206895790192544 0.6463541197374824 0.9956590256808726 0.007871616053232607 -0.09274234330080794 1.4351404309311095
-0.09425783371502439 0.02779467165224471 -0.9951597444687433 -50.07683364527551 -0.009650575266029875 0.9995377126502922 0.028831014322375944 0.6568091331596037 0.9955010432844279 0.012321412969552761 -0.0939460249401128 1.3479192363281038
-0.09552188705161815 0.02634537241278921 -0.9950786353080491 -50.8660638790205 -0.013992973704125658 0.9995153917570645 0.027806084363645133 0.6650910555173376 0.9953289736469106 0.016580198827334743 -0.09510694625437492 1.2586975244550271
-0.09637421409947683 0.027504581631352252 -0.994965079209312 -51.666115038031954 -0.015738289808990745 0.999451052820135 0.029153031585283925 0.6699699426784211 0.9952207378720539 0.018468649274070634 -0.09588843466964625 1.1693264155865843
-0.09748417367626458 0.02900432001200334 -0.9948143471539286 -52.456916164942214 -0.015336928315127334 0.9994127725471929 0.03064129075920732 0.6786223652737345 0.9951188946615934 0.018244437239195548 -0.09698209111641483 1.0885551580529176
-0.09817298432287355 0.028441110887691416 -0.9947628704171737 -53.24109131133479 -0.01738826280500652 0.9993899127632393 0.03028944673825775 0.6890632016214258 0.9950174437997376 0.020270803599260017 -0.09761854872756219 0.9971801972567798
-0.09861238402399068 0.028269382056345573 -0.9947243033902696 -54.03324758304865 -0.018174577828297265 0.9993785266871923 0.030203395790882187 0.6976013712783176 0.9949599401171221 0.021057123134224354 -0.09803731497466676 0.9088344638106698
-0.09914310181541075 0.030064161216994047 -0.99461891776335 -54.82287396142681 -0.016381463673407967 0.9993587150190772 0.03184032605574737 0.7066378036110044 0.9949383362853875 0.01945006235820555 -0.09858702786840697 0.8255338563025819
-0.09940236703542332 0.032918372302648546 -0.9945026647489181 -55.60534568990778 -0.015432784273204301 0.9992814158562284 0.0346190856890955 0.7185393656308957 0.9949276348545811 0.01878916414629516 -0.0988229159322467 0.7434946301294917
-0.09953901966448662 0.037089041219640254 -0.9943421878737926 -56.35792823481531 -0.015766034279142187 0.999120841225186 0.03884555048633581 0.7309157509338303 0.994908747437342 0.01954348103295269 -0.09886676196666301 0.6630415901597964
-0.10015803090420203 0.03920743944809352 -0.9941987454917236 -57.09607203106141 -0.01554813898245901 0.9990396130783398 0.04096470278744959 0.7431073272012524 0.9948500511230695 0.01956088423885856 -0.09945223772353727 0.5857813691974164
-0.10086945616748777 0.03927376641986999 -0.9941241995262327 -57.856130976550546 -0.015232398766707596 0.9990424695647065 0.041013632292996545 0.7559297721410206 0.9947830551634291 0.019279919015665455 -0.1001746369220381 0.5053899081294315
-0.100971360334086 0.03732723736675614 -0.9941888461166973 -58.61761531577567 -0.014519025433350931 0.999134212048103 0.03898748793501077 0.7691925219684652 0.994783384608302 0.018371272835128964 -0.10034198543813763 0.42228268053090445
-0.10119781502199593 0.03374394432531472 -0.994293894407556 -59.376189996544284 -0.01403036021799105 0.9992768183455709 0.035341042844078185 0.7832755346877154 0.9947673854861377 0.017526737817506636 -0.10065119092464389 0.3385027321865399
-0.10068460103115498 0.030848478985623623 -0.9944400346222345 -60.10806497461083 -0.014393355134408987 0.9993694337293851 0.032458685361299804 0.7940297555444652 0.9948142753515204 0.017581418363790048 -0.10017709960437815 0.2526588265393397
-0.09935687428959188 0.02851752043913421 -0.9946431332691168 -60.828569258605626 -0.015035101447654095 0.9994320979831248 0.030156711450508425 0.802603129493481 0.9949382680628279 0.017950837001489393 -0.09887168550745465 0.17547445492558755
-0.09708110253658737 0.027817844843515013 -0.9948876454346707 -61.55682738852173 -0.017270337107954177 0.9994117386680971 0.029629580972227603 0.8085435467053432 0.995126622589536 0.02005851740967651 -0.09654356991984249 0.09804777684609817
-0.09303550578815249 0.028766367924034173 -0.9952471505808002 -62.24618998642301 -0.01769047253511747 0.9993770008928028 0.030539437912179866 0.81315983619128 0.9955056212017216 0.020447644435649094 -0.0924686541094138 0.03141472843857837
-0.08704285909741409 0.030396621276783966 -0.9957407223243928 -62.92802708659654 -0.01696595192260127 0.9993441925847336 0.031989704945929544 0.8182180259985977 0.9960600871210062 0.01967816460250832 -0.08647006812978074 -0.02975960496114639
-0.08007227274029817 0.03199998020394799 -0.9962752794309162 -63.57395332662817 -0.016141311008811846 0.9993118853414884 0.0333948183728754 0.8230890439159655 0.9966583613340726 0.018755188140550938 -0.07950065220293766 -0.07683140946483896
-0.07129143302360544 0.03347219787745733 -0.9968937473706477 -64.20713463624135 -0.01716272002536782 0.999247661953353 0.03477860149702594 0.8273777955242888 0.9973078625072451 0.019588824620442057 -0.07066332380533745 -0.12242458828161487
-0.059573147615915305 0.035127804643480275 -0.997605672309486 -64.83578903025345 -0.019399601115160297 0.9991511444750857 0.036340693040994375 0.8346243947516159 0.9980354179886121 0.021518081584021156 -0.05884111322229039 -0.15790832891135637
-0.04494100827491381 0.03660930627755256 -0.9983186187130391 -65.43425389062443 -0.022555650338615736 0.9990363578376454 0.037651007374237024 0.8444712885184918 0.9987349740612045 0.024209799924185572 -0.0440719545129858 -0.17990995938161702
-0.026453106116320187 0.037885318483155864 -0.9989318974886268 -66.0455843445179 -0.024162650145027137 0.9989654043061474 0.03852644984196138 0.852031650510675 0.9993579936713202 0.02515598622368029 -0.025510328150502 -0.19868885486551371
-0.004351348916476874 0.03878048129539517 -0.9992382799078028 -66.60212468676696 -0.0251659859375798 0.9989270118541469 0.03887799043077168 0.8579559521070321 0.9996738162592813 0.025315988201986925 -0.0033707309237387614 -0.19432942394965771
0.021068409330221114 0.03917752312591512 -0.9990101319856634 -67.1023956560554 -0.024735903935362326 0.9989464712903023 0.03865336405999339 0.8642873310088457 0.9994719891946915 0.023897053759245005 0.02201530460459189 -0.170692271944306
0.05018107304500829 0.038750872059151335 -0.9979880910224864 -67.60263869941004 -0.023328519339077602 0.9990198556362778 0.037617924316975845 0.8711103014879403 0.9984676459923458 0.021393876673635456 0.051035888817335444 -0.12607256149778454
0.08397651005031115 0.038794423442519564 -0.9957122769502906 -68.01313194716178 -0.022198860901646567 0.9990667108231687 0.03705290676377644 0.8761247602809334 0.996220435613744 0.018992104536839773 0.08475932769213289 -0.07106627675673621
0.12128645519963961 0.03909980541616336 -0.9918471661508762 -68.4230928743991 -0.02160470209496164 0.9990911639244056 0.036743475823135634 0.8814093106254319 0.9923824024197992 0.01697207661411982 0.12202096534166001 0.001311828220354333
0.1620951264692823 0.039040918457204574 -0.9860025236584972 -68.80229994532172 -0.02149334249122341 0.9991196629920849 0.03602686846144882 0.8823146100952819 0.9865410311808936 0.01535271013865195 0.16279154796222092 0.08197352150820858
0.20717922473228584 0.04001380800428416 -0.9774843548662685 -69.1720506363277 -0.020574736443884384 0.9991204169594796 0.03653864577377124 0.8861605006093636 0.9780866265620812 0.012541434675216295 0.207820266953667 0.1819029055345323
0.25528129944700007 0.038977760698763346 -0.9660808415052856 -69.55333088479294 -0.017202306867893376 0.9992120238401778 0.0357688698680798 0.8824589456531905 0.9667137832839008 0.007487695515092537 0.25575065126955027 0.31266240796645084
0.3049188714707784 0.03387945473525877 -0.9517755325536732 -69.87931938242357 -0.009761309450203488 0.999425744250136 0.032448398541071004 0.8862754441471797 0.9523283040311272 -0.0006035535637887758 0.30507447789726855 0.45600530028834774
0.35496939397620947 0.027590823958106993 -0.9344706928381836 -70.2058318681783 -0.004664051863186623 0.9996042290997278 0.027742238304749083 0.9016035794637381 0.9348662877440702 -0.005489225742555109 0.3549575924534743 0.6412263276213983
0.4106564761236706 0.023360955663188132 -0.9114908251695083 -70.5655646812323 -3.6984794661248585e-05 0.9996721548028188 0.02560432666591734 0.9059846379417951 0.9117901388202291 -0.010480871261140402 0.4105227083704296 0.7682993602559951
0.46698304836931104 0.023634580709409204 -0.8839503601053601 -70.9363281957039 -0.0009214563239854227 0.9996552095239721 0.026241436504643757 0.9050715541170038 0.8842657877889132 -0.011439784363119947 0.46684381529562546 0.8949267068169634
0.5144989084656322 0.022773757290874597 -0.8571885610334105 -71.25668595463385 0.0014690917616449915 0.9996223808062069 0.02743970773764468 0.8935203102709341 0.8574897754242131 -0.015376988332824615 0.5142711670633914 1.169149212571357
0.565140508282327 0.01651226537509505 -0.8248294072052567 -71.61831095420783 0.008717997049708258 0.999624325043221 0.02598471299296966 0.9298696595677661 0.8249486059299894 -0.02187587424694525 0.564784245265479 1.3487278284010116
0.6102779895741073 0.008942838673023217 -0.7921368575428451 -71.98306449409512 0.018946311819755715 0.9994854908178512 0.025880319028719453 0.9800570716784125 0.7919607393740002 -0.030802260973311527 0.6097945621347542 1.515864024666243
0.6518255650822751 0.004288664850733398 -0.7583568026061153 -72.15089711998668 0.020377285427782874 0.9995239085319026 0.023167272426935743 0.9787859462859166 0.758095112069565 -0.03055427346390796 0.6514278451442831 1.692501676795899
0.6920734582492218 0.00025340646479406117 -0.7218270320319998 -72.30014415823784 0.017067957030556555 0.99971459970603 0.016715381461865235 0.977257678598643 0.7216252581705858 -0.023888384620484315 0.6918716151501353 1.8629333306272555
0.7318091752927086 -0.006785210290113228 -0.6814758189978014 -72.45783724980512 0.013949024833010608 0.9998900873123425 0.005023743696150329 0.9805964389040079 0.6813668290015391 -0.013182344853458282 0.7318233872462329 2.0653522783516074
0.7704118177434933 -0.009586216527008735 -0.6374744979478499 -72.6124415997376 0.009637690341435698 0.9999478117141732 -0.0033895092446239077 0.9818865616571919 0.6374737218160825 -0.0035324638333744923 0.770464000257777 2.281430715403804
0.8066946685833893 -0.010794829801382437 -0.5908698531222373 -72.8659420301124 0.008652061703337491 0.9999417295438453 -0.00645595423972282 0.9784560617672932 0.5909051137935907 9.574143794715845e-05 0.8067410596505912 2.690663845316764
0.8402771395551338 -0.011989393056368425 -0.5420245226880253 -73.113606471813 0.008902309251017742 0.9999257842443272 -0.008317144544061551 0.9749553914191947 0.5420840134435257 0.002163436504146531 0.8403215110369661 3.1280784692326784
0.8703861875767888 -0.010461579130199752 -0.4922585091571756 -73.36508451727785 0.006004392839192988 0.9999254302760495 -0.010633962285539603 0.9663821603291946 0.4923330496139529 0.00629994042513099 0.870384098549866 3.6279314726395127
0.8960222856956417 -0.008700422513048745 -0.44392382925998913 -73.59376669352662 0.00516394959393998 0.9999445765087593 -0.009174831622956769 0.9532297890166049 0.4439790503631322 0.0059284533238269585 0.8960175535556413 4.136923940197656
0.9168295110766703 -0.0023054326628554897 -0.3992722537306473 -73.80914489021818 -0.0010130514539500512 0.9999666803738413 -0.008100115361643286 0.9432508803521135 0.39927762439894493 0.007830908143843766 0.9167966271381978 4.666223143794696
0.9337171801138948 0.0016608363572898082 -0.358007638441906 -73.96817819338091 -0.005546919114249063 0.9999363183653567 -0.009828067067154889 0.9366194938293967 0.3579685171191681 0.011162474480634647 0.9336669320025054 5.133109044326012
0.9468888204531655 0.006561941391882121 -0.321494171993805 -74.14553431017526 -0.009820328022412141 0.9999155284017747 -0.008514529848001266 0.9288646876264175 0.3214111430214344 0.011219491350760122 0.9468732756580911 5.701455156346235
0.9565474263616621 0.007358643927128461 -0.2914839129016111 -74.29931561231645 -0.009691547133558392 0.9999315144352341 -0.006560514722026211 0.9149609930362282 0.29141567396939766 0.009100373553521945 0.9565532333154001 6.2674542076443815
0.9637012168769511 0.006550183468478892 -0.2669027157718941 -74.45835346398404 -0.008220248805010948 0.9999530007664877 -0.0051404054004321065 0.9038925933947004 0.2668565009503552 0.007147821670015352 0.9637097677962515 6.884541189733532
0.9693599955264172 0.006652372533330021 -0.24555436264237243 -74.61628564634643 -0.007680796454177839 0.9999652833328397 -0.0032307112070722173 0.8973448723505965 0.24552434591879768 0.005017775279126097 0.969377438097459 7.498448884905514
0.9739035971565931 0.009687025558454663 -0.2267552534810995 -74.7683974294645 -0.01006266184424511 0.9999492447969713 -0.0005006661315763768 0.885767816670921 0.22673889450655837 0.0027693619837030944 0.9739516437442596 8.125048378384971
0.9772952270602651 0.01438561072961983 -0.2113932197804845 -74.9032367031494 -0.014511407570962356 0.9998942466571173 0.0009563222811876088 0.8805407497442678 0.21138462152089912 0.0021330039690365924 0.9774006302834741 8.739239380525005
0.980059107524752 0.018333312371727806 -0.19785862481900265 -75.03996330524714 -0.01825805420698565 0.9998308768467898 0.002204803926505019 0.8718411700410521 0.19786558370358642 0.001451675328787433 0.980228087449231 9.380735123914686
0.9826658086901818 0.016680073862212028 -0.18463391770533794 -75.16504585743694 -0.016630609357366714 0.9998600515825772 0.0018166126964848579 0.8683239875888964 0.1846383797147088 0.001285451375009556 0.9828056859578539 10.038956307609881
0.9851307857584973 0.016717272849066326 -0.17099084109780494 -75.27639420289192 -0.01671424524110118 0.9998592450878571 0.0014574012354639685 0.860626877615083 0.1709911370710927 0.0014222520278328813 0.9852715403594596 10.708872787371067
0.9875649479723176 0.017185972665168237 -0.15626936961536908 -75.38930126043127 -0.017095847327538837 0.9998520102226491 0.001920848219169317 0.8581917250342537 0.15627925499114145 0.00077459491328845 0.9877126072204061 11.406518243388764
0.9897001223326636 0.018632946819378337 -0.14193830049544798 -75.4963767832673 -0.018468627778576333 0.9998263768129464 0.002475079205314319 0.8504735033505774 0.1419597747345573 0.00017181944709155933 0.9898724124024214 12.121749334113389
0.9914110762224244 0.018768326900394445 -0.12942885245899702 -75.58669233713232 -0.0189597594250482 0.99982021710748 -0.00024695282080863627 0.8379730919908998 0.12940094847425643 0.0026987716671367204 0.9915886804343067 12.845085979546973
0.9927788553273932 0.01916152491178248 -0.11841866566502411 -75.67751581963292 -0.019962511181771506 0.999785149555638 -0.005581476088647819 0.8287845466705217 0.118286273768968 0.007905105379793527 0.9929480685044839 13.57952870907475
0.993909882065213 0.017324825912897683 -0.10882553349375668 -75.7556839890275 -0.018709345149109456 0.9997563398764655 -0.011714148748614614 0.8173943064367123 0.10859607146303422 0.013678862668400585 0.9939918420082194 14.31555479083761
0.9947458706332758 0.017139732288454477 -0.10093008686771647 -75.82755191522381 -0.01844138413088351 0.9997581966746605 -0.011977626357848457 0.8054287813364078 0.10070038832786028 0.013775984861749047 0.9948214181609206 15.067087010678776
0.9953704575239785 0.019012694812174224 -0.09421342645548646 -75.90451844485547 -0.019656774827984384 0.9997893016142965 -0.005913001011277488 0.7905327546305251 0.09408115375496909 0.007737558631543393 0.9955344628361972 15.82293130858166
0.9957537033734634 0.023436024920480174 -0.08902423801391242 -75.986364623617 -0.023326036425120128 0.999725320680397 0.0022757889119080247 0.7734127231324793 0.08905312034243969 -0.00018954261849756914 0.9960268599946838 16.599433826165296
0.9961167159565311 0.02422239366190195 -0.08464492800671221 -76.0602568288861 -0.02380816477494145 0.9996991360801428 0.005899882258630294 0.7619560258299204 0.08476237067250335 -0.0038617309466501253 0.9963937111162794 17.365677123108153
0.9964338658127769 0.023072684552455723 -0.08116158136055465 -76.12482761102322 -0.022754874974110245 0.9997293649585884 0.004838646960717624 0.752003374750028 0.0812512567676073 -0.0029745700598105794 0.9966892119445472 18.125058999908806
0.996685201912236 0.023227106442286906 -0.07796864636174161 -76.18557636212655 -0.022976094244615095 0.9997275456071116 0.004115051353658825 0.7382502236309286 0.07804298419733956 -0.0023099958223681974 0.996947318837296 18.8746288326065
0.9969466639791684 0.0218864150735902 -0.07495554693304537 -76.24328764898355 -0.02146263251742193 0.9997488144018175 0.006454727537447736 0.7275693058115358 0.07507799002522328 -0.0048262757263866606 0.997165985418869 19.633095823260923
