1.0 0.0 0.0 0.0 0.0 1.0 0.0 0.0 0.0 0.0 1.0 0.0
0.9999958947342132 0.0028589600534943953 -0.00019199513333019447 0.007584134094454593 -0.0028586615563391243 0.9999947322215396 0.0015373949653313193 -0.014114626757063441 0.00019638947273474192 -0.0015368398048097032 0.9999987997765742 0.7395949786322245
0.9999839489445879 0.005662994543676282 0.00017984989911670429 -0.001940775341014122 -0.005663282783318726 0.9999826108186439 0.0016447761077019196 -0.02196445227055779 -0.00017053241355062974 -0.0016457682481467227 0.9999986311818476 1.5096005075869219
0.9999752194728868 0.007025522147037472 0.00044997634762680266 -0.0008660477280719565 -0.007026167690133759 0.999974265668258 0.0014494719101836714 -0.040179741483075494 -0.0004397814707796145 -0.0014525976007807237 0.9999988482755707 2.2453638404015406
0.9999562875016818 0.009314531680763972 0.0008139935023775694 -0.006065278235841883 -0.00931528657168436 0.999956180632964 0.0009285741878816879 -0.04733621022021827 -0.0008053086000064802 -0.0009361161803262003 0.9999992375819872 2.8205363494790165
0.9999541942040499 0.00949582109221155 0.0011995313726674386 -0.010452381375516032 -0.009496750423673405 0.9999546072756357 0.0007714399650984105 -0.0617041163324959 -0.0011921514667790044 -0.0007827962787500689 0.9999989830019158 3.4145625620306506
0.9999523753767425 0.009666796128742697 0.0013416523450808465 -0.006542350073874938 -0.009669053766603332 0.9999518312810773 0.0016865695593649135 -0.07295073398951935 -0.001325283995319253 -0.001699461745787249 0.9999976777233565 3.959630469948235
0.9999410001374863 0.010599771594541814 0.0023750970899728287 -0.015450209569652975 -0.01061052180494877 0.9999333081086647 0.004560280900254329 -0.08380366810594753 -0.002326600754306588 -0.004585212863771742 0.9999867812885945 4.482236971730459
0.9999415447335123 0.0101264626123212 0.0037897059144974877 -0.018554047767397584 -0.010159135242601596 0.9999105136546462 0.00870382984807241 -0.0943879728988744 -0.003701227780025164 -0.008741821198295786 0.9999549397223141 4.964988428301023
0.9999421982471685 0.009459781764344932 0.005110058081006407 -0.016777843140635622 -0.009521536635536143 0.9998802560042075 0.012198934095194219 -0.1017921213789346 -0.004994046927935332 -0.012246884580650388 0.9999125328314219 5.450495691080759
0.9999443363985776 0.008546805454818378 0.006186777911405838 -0.019631712767344513 -0.008635558287041871 0.9998581013223061 0.014463898272048874 -0.11137414361638606 -0.006062279891151974 -0.014516519440644911 0.9998762520561485 5.962421775133846
0.9999331610115711 0.008911735447878546 0.0073657640956828795 -0.017646402895896758 -0.009017151585703568 0.9998555897874342 0.01440453220700009 -0.12034984170811598 -0.007236331023845321 -0.014469987634035422 0.9998691189206637 6.448267939114845
0.9999190547670957 0.009656626021868705 0.008284533031530305 -0.015115285743730411 -0.009755343979903129 0.9998808953164166 0.011959450032268287 -0.1308230679418501 -0.008168058368456547 -0.012039300441236984 0.9998941634329982 6.8999607613802825
0.9999097114460853 0.00980189618192699 0.0091919414186763 -0.012046468294069163 -0.009886926621896377 0.9999083279543638 0.009251182058583326 -0.13721374691039148 -0.009100419648505194 -0.009341226833053995 0.9999149583056923 7.311025689063974
0.9999076905401624 0.008390819388580831 0.010686652826168742 -0.004677396051557516 -0.008471936887256587 0.9999354735363537 0.007568028079079636 -0.1371998930154906 -0.010622461297514846 -0.007657866126776453 0.999914256525212 7.688211804797492
0.9999100455367523 0.004668607757976102 0.012573978538732987 0.000855830027947117 -0.004733878288692789 0.9999754502407068 0.005166169978140917 -0.14096934060588245 -0.012549551029348006 -0.00522522894210199 0.9999075986067235 8.047350609505393
0.9998908584383053 0.003059389900574111 0.014453765770412411 0.006692556786773743 -0.003118234404639703 0.9999869351800047 0.004050442383040799 -0.1475144958590108 -0.014441185052045315 -0.004095070541136955 0.9998873349390701 8.389043215047714
0.9998365984783101 0.007266927368570533 0.016551982054823496 0.00871780439528569 -0.007303834032897976 0.9999709712996321 0.002170383949806838 -0.1567864727925448 -0.01653572954977125 -0.0022909222356122336 0.9998606509527054 8.706652273173638
0.999741881554235 0.011745959830216722 0.019447434125506757 0.012075557873816738 -0.011778389088266183 0.9999294250908356 0.0015538301051615231 -0.16723762858576513 -0.019427810398612133 -0.0017824884788499571 0.9998096733468521 9.006954047698024
0.9996622878403448 0.012292655286162074 0.022895433951424703 0.015842823342626246 -0.012353993653805191 0.9999204616098284 0.0025395461777101063 -0.17070924279655902 -0.022862395119720522 -0.0028215385878244213 0.9997346396966486 9.290873442657002
0.999630469018465 0.007977367028662375 0.025986285329277437 0.026709739308521448 -0.008058714838224863 0.9999629459272793 0.0030271913703646164 -0.1751840852888576 -0.025961173414944177 -0.0032354887925411407 0.9996577159644159 9.539519642638025
0.999592606917873 0.0030199456165845738 0.02838133407020853 0.04170443939706816 -0.003102801553788741 0.9999910511724046 0.0028757951295303842 -0.17967910115942137 -0.02837239534564788 -0.0029626851979421384 0.9995930320279189 9.765729322117402
0.9995281138766687 -0.0005189327066710261 0.030712868296464458 0.051395865349457046 0.00039302799401985753 0.9999914959541032 0.004105307354004134 -0.18345432218331115 -0.03071473749108025 -0.004091299099416112 0.9995198177987934 9.968128975291922
0.9994417692044291 -0.0008746660326780175 0.03339737907161098 0.055329335642522556 0.0006991187849211696 0.999985881532985 0.0052676339682687975 -0.1892405918459728 -0.03340151497232126 -0.005241344677693319 0.9994282701142306 10.146201312305152
0.9993666647640552 -0.00019248095045214827 0.03558415812482857 0.05920186823332554 3.8233182925280864e-05 0.9999906015472546 0.004335361044218783 -0.19370865116951472 -0.03558465816321476 -0.004331254811683617 0.99935727962284 10.297525343017282
0.9992856194558509 0.0008645074055599049 0.03778231564743605 0.06429896272918538 -0.0009716120785385602 0.999995561600453 0.0028165136895098412 -0.1966337572928747 -0.03777971305748142 -0.0028512113811674372 0.9992820241928472 10.439896108944133
0.9991901718306914 0.003016230050308004 0.04012359496901371 0.06790107922861766 -0.003102895196913158 0.9999929854978936 0.0020978551918145677 -0.2014933299748579 -0.040116985908102004 -0.0022206555996988476 0.9991925220548622 10.574235664744675
0.9991112484541501 0.005979251242313349 0.041724833935809495 0.06998505322703373 -0.006044542940110491 0.9999806964454031 0.0014388318910998816 -0.2052279047473464 -0.04171542536082769 -0.0016897606774279156 0.9991281038965012 10.692624472008076
0.9990511153312712 0.007328731163889348 0.04293202365216778 0.07502606691530658 -0.007340822797108976 0.9999730481091533 0.00012399979598064605 -0.21054033574666803 -0.04292995779178381 -0.0004390385124286684 0.9990779879314625 10.79576671042927
0.9989630394014527 0.006567692528182055 0.04505231763923937 0.07980587913583924 -0.006496730359822846 0.999977414473936 -0.001721347336491731 -0.2127310351051215 -0.04506260538898582 0.0014268696073386571 0.9989831458231312 10.913942995168535
0.9988917470149493 0.0052743615443426985 0.04677027748177357 0.08495593319837214 -0.005136874221433671 0.9999821263326327 -0.003059336284048997 -0.21548927140864557 -0.04678557757103944 0.0028156927327530183 0.998900986887979 11.017651097393346
0.9988360887410299 0.004499939907193357 0.04802310245447406 0.09083986923067675 -0.0043108248575230695 0.999982544027759 -0.0040408450623386286 -0.21825250734097812 -0.048040447724485943 0.003829122693477202 0.9988380515388011 11.11814516391812
0.9987625784897072 0.005192226953739947 0.04946061653328592 0.09521154200407743 -0.004929987857411556 0.9999731455025636 -0.005422498818283138 -0.2201673422997396 -0.049487443137807376 0.005171948662675178 0.9987613548384382 11.20555422790208
0.9987075197630277 0.0062611500000665215 0.05043895289810441 0.10294582295187261 -0.005881314493293077 0.9999532473145613 -0.007675501605463479 -0.2225589702861197 -0.05048465220848362 0.007368933826621956 0.9986976512967511 11.320124952664722
0.9986541379836357 0.0064168869619739685 0.05146587461491338 0.10815829862616265 -0.005916986431037456 0.9999338852932717 -0.009859731937382394 -0.22603707590518674 -0.051525740749024614 0.009541939216916954 0.9986260808912637 11.422513427387269
0.9986201751217237 0.005441003972155643 0.05223161222509126 0.11282930461838221 -0.00481234151300367 0.9999145537509057 -0.012154281808845493 -0.22860807225766067 -0.052293280725343505 0.011886154672624695 0.9985610307427777 11.509867721001356
0.9986542743768779 0.0044037810535781895 0.051674432567984034 0.11791282483301967 -0.0036844353877975417 0.9998950985958863 -0.014007738568216875 -0.23235864367141343 -0.05173069886116147 0.013798496887504341 0.9985657395880259 11.596429824801913
0.9987738978300125 0.0037281813654876763 0.049363971448306336 0.12380314636261505 -0.0029871718059390263 0.9998818822654526 -0.015076416082625967 -0.23627746492220425 -0.04941434830132859 0.014910472192410406 0.9986670616381389 11.693186293547042
0.9989222640258728 0.003912442442588764 0.046249359212393225 0.12829839243218805 -0.003173147694409376 0.9998661939380883 -0.016047596501329534 -0.2384780225929547 -0.046305956065424814 0.015883545381727593 0.9988010169292849 11.760482869181912
0.9990966628678934 0.004492153488700608 0.04225729290041742 0.12816736704724277 -0.0037693953160427307 0.9998455153958631 -0.01716790615454341 -0.2442853262709206 -0.042327885668777994 0.01699311330550455 0.9989592505177561 11.887801029479657
0.9993232820935006 0.0049711344070308364 0.03644537952306214 0.13429129972967035 -0.00430886304301891 0.9998245770626941 -0.018227693235311457 -0.24779027729054773 -0.03652959848053819 0.018058320079987773 0.9991693978053668 11.984588784694136
0.9995485983545936 0.004807159282943664 0.02965620924856741 0.1347330829215571 -0.00424674385676655 0.9998117697446831 -0.01893119770693455 -0.25213510970987085 -0.029741632335523294 0.018796709808697337 0.9993808678408778 12.103816193702084
0.9997305541094623 0.00499073622983296 0.022669621343780047 0.12999375804964 -0.004543489400121531 0.9997948679461608 -0.01973774892405897 -0.2532109301755259 -0.022763476976445006 0.019629431484441198 0.999548152684772 12.20606308127794
0.9998863217623684 0.004632817323627468 0.0143485384679373 0.12611330547803987 -0.004336113919479584 0.9997775523514228 -0.020640831627486343 -0.256916434708954 -0.014440971871632841 0.02057626831674715 0.9996839878249326 12.336967875505207
0.9999855742942481 0.0033379014941318846 0.004208279579167005 0.12224376459475966 -0.0032455289878933766 0.9997577556317686 -0.02176916616952551 -0.26076357840350384 -0.004279923479422634 0.021755194040575045 0.9997541666766221 12.433831962234235
0.9999586953952534 0.0019232957467639484 -0.008883042096672938 0.11352036535221341 -0.0021315705165312585 0.9997216422309844 -0.023496690450264476 -0.2631931414912806 0.008835378348086464 0.023514654759381453 0.9996844487642054 12.573335895110826
0.9996846998408976 0.0011037157598495695 -0.025085508078051714 0.09669284989875909 -0.0017365631768268756 0.9996804208405444 -0.02521984409950924 -0.26858079140269475 0.02504965573307174 0.025255454848250956 0.9993671381169498 12.732874585804154
0.9990300981968261 0.0015187937364726128 -0.04400631957371954 0.06555516520428242 -0.002671527894335475 0.999654518477964 -0.026147784328664853 -0.27245367462982206 0.04395140311239264 0.02623998765576222 0.9986890092577755 12.913858172178488
0.9978334090294031 0.002076785191751193 -0.0657584579200674 0.03222753619340856 -0.0037726968404601913 0.9996631891602006 -0.025676350920757745 -0.27704189038231036 0.06568298549326063 0.025868807497122014 0.9975051630018608 13.106317351898205
0.996003530483102 0.0026827236314813465 -0.08927356976794157 -0.007651335850708492 -0.0048557110592172496 0.9996969762822662 -0.024132502609595003 -0.2821443694668587 0.08918177692389732 0.02446954445856576 0.9957147443212268 13.279759861405402
0.993260859727483 0.0037842562260648792 -0.11583843894940365 -0.05839617968843572 -0.006443357948348305 0.9997240625313997 -0.02258942084388184 -0.28849589786813623 0.11572099062732145 0.02318357609446737 0.9930111651576244 13.486135048208247
0.9892685004587076 0.004776379716022865 -0.14603088781825063 -0.1093092956136966 -0.007827250347356205 0.9997627961964901 -0.020324504751008977 -0.29778381456133085 0.14589917118399917 0.021249412654995158 0.9890712281274991 13.684914472885243
0.9837617850165751 0.004910395423210121 -0.17941192367785289 -0.1522698657225204 -0.008045965573615864 0.9998272774948194 -0.016753435924735063 -0.30485911676345007 0.17929866920584792 0.017924932191884825 0.9836313760890957 13.84908144881935
0.9763751783587827 0.00603811551335584 -0.21599780611362646 -0.25444478733714904 -0.008984724912064125 0.9998794604953368 -0.012662511512643257 -0.3161409635354886 0.21589531213786617 0.014304042806166541 0.9763117373852946 14.136775159181136
0.9666544610525956 0.007597806455335105 -0.25597153408959344 -0.35741124663602375 -0.009790523438806535 0.9999254757670976 -0.007293048932826611 -0.31900423068738765 0.25589704683310927 0.009555953589762186 0.9666568083725906 14.406147225492028
0.9546497344440761 0.01127707550170816 -0.29751758283163826 -0.4677364439468535 -0.01258165158358743 0.9999177967494822 -0.0024701795661971632 -0.3183871671104993 0.2974652695177723 0.006101418834077124 0.9547131433676451 14.657725590321219
0.9405470080712217 0.014925496798253234 -0.3393354610906361 -0.6133123367466973 -0.015137191007273006 0.9998833794161157 0.0020231203169850664 -0.3255467968684289 0.33932608366684436 0.003233745928961514 0.9406632510258854 14.93975563239725
0.9238191526199253 0.017341133311841832 -0.38243621474444606 -0.7354442267860279 -0.015609032087647388 0.9998490471535402 0.007631580664836818 -0.3268713175982738 0.3825108251669299 -0.0010807412355157168 0.9239503777955261 15.165530921212314
0.9046567193539389 0.020685451541956067 -0.4256387344007477 -0.9550381672359699 -0.01569792907231168 0.9997608972832045 0.015222459930027594 -0.33128826056641186 0.42585184648021096 -0.007089453997744106 0.904765132225711 15.5218137985652
0.8827067760591754 0.024908088800464162 -0.46926360887194424 -1.1535857423169233 -0.016605583867312427 0.9996239293110466 0.02182325670398315 -0.3320253734368586 0.46963070819915326 -0.01147114035528402 0.8827884292713123 15.822308927610816
0.8580065490600991 0.029758027031197773 -0.5127759955352694 -1.3645520165898488 -0.0190388932283759 0.9994768207335754 0.026145847871924706 -0.328435973016219 0.5132857706138119 -0.012670621275770406 0.8581242177225108 16.090973897799934
0.8301411395220287 0.032802821074415754 -0.556587516391289 -1.624219056242337 -0.01967887009163094 0.9993696378587824 0.029547740995233197 -0.3275147584449418 0.5572059139537019 -0.0135757819503971 0.830263372430372 16.398178078878516
0.7995009859619335 0.036469830754408274 -0.5995566069110044 -1.8691264063279538 -0.022250236267997568 0.9992681836847852 0.03111308504997427 -0.32081743462535167 0.600252530550193 -0.01153466601396321 0.7997273604473185 16.656347580261254
0.765987278018163 0.03913333364634637 -0.6416635193869483 -2.105495909272625 -0.02267417264080347 0.9991690313185436 0.03386928917199938 -0.3140771118585573 0.6424557352918381 -0.011394255205384755 0.7662380825428461 16.880554892184666
0.7294454994605302 0.04321742820395682 -0.6826723351771397 -2.3624396431319394 -0.02380956038065864 0.9990015516347073 0.037802178057955174 -0.30463227922606534 0.6836244350162254 -0.011320500469575728 0.7297461737603451 17.102494688842942
0.6908403168508627 0.044741543435286524 -0.7216216812876561 -2.7362258174757796 -0.02198463467146494 0.9989218556908332 0.04088767615727808 -0.29201849123560847 0.7226730467173644 -0.012382266117672066 0.6910791177817718 17.39701999212991
0.6502370624494399 0.04462921292965925 -0.7584194063777627 -3.0907568045488163 -0.019214599692558162 0.9989198465365422 0.04230767488368529 -0.2816833474691434 0.7594883552601545 -0.012937292942817088 0.6503922390954063 17.65423335097412
0.608547744187734 0.043418032595267816 -0.7923285413826591 -3.5006754649943987 -0.01386603087580626 0.9989313467490387 0.04408965490793914 -0.2649865169325114 0.7933961029849899 -0.015844208017647465 0.6084994534430777 17.913783483323034
0.5644164120197922 0.043318821025366556 -0.8243528331895705 -3.9964450533870113 -0.008925116062579478 0.9988840237138032 0.046379407850788285 -0.24800147023369032 0.8254419762442247 -0.018819854258011273 0.5641731621937854 18.201479652239755
0.5177302675220593 0.04463304281834499 -0.854378874727312 -4.428764356151095 -0.006790654733869669 0.9988211839378907 0.048063806811301554 -0.22864624949464085 0.8555169531340799 -0.019082295608358068 0.5174230463503676 18.423379649741715
0.46833798940580695 0.04427570377989515 -0.8824393405408196 -4.908066451695374 -0.00553567719555465 0.998871082667792 0.04717961941408749 -0.20487640882509242 0.8835320503282892 -0.017211108763433403 0.4680543705359687 18.633782506605566
0.4163135334248472 0.043245506178455496 -0.9081920876569467 -5.439997120657709 -0.000338436564028662 0.9988755297916662 0.047408453298002994 -0.1843712913919694 0.9092210552709439 -0.019429415297074672 0.41586003711970726 18.838592311518887
0.3629051290621473 0.04237942352195019 -0.930861886512886 -5.984449303046903 0.004878005479019383 0.9988651614462302 0.04737714967726021 -0.16259308739961117 0.9318133248472736 -0.02173416000084324 0.3622865632701907 19.018463393969327
0.3095386122109352 0.04137236526358439 -0.9499864077675115 -6.524077879596223 0.00727218132405959 0.9989208087668199 0.04587301158013425 -0.13561482735251482 0.9508590657554442 -0.021107941755128676 0.30890369351230595 19.15252158228102
0.2565731979890469 0.04720907380309451 -0.9653711708065055 -7.090844105209672 0.008012421212983954 0.9986682013970904 0.050966897341363386 -0.10719116851137352 0.9664915908480409 -0.020811700289826585 0.2558532351780372 19.26303632406812
0.20550471491584746 0.0522168416956286 -0.9772621007645214 -7.698253773258516 0.010065631524790038 0.9984099790052687 0.05546347342805821 -0.07759040388701029 0.9786043609188347 -0.02123476550451391 0.2046523626167199 19.357471003429954
0.1573877406351612 0.05347504715273875 -0.9860879871643136 -8.30146380433671 0.01555969736704691 0.9982745825372267 0.05661937546433091 -0.04944925455085809 0.9874142975041444 -0.02425442623806219 0.15628412552865897 19.428463536486515
0.1133776639420809 0.0549266091024116 -0.9920325463065933 -8.937939077489139 0.01795868335123152 0.998194307715299 0.05732023845958799 -0.02549443533629795 0.9933896471230835 -0.024314433106387354 0.11218652918861743 19.471578141861443
0.07301089969189231 0.05328494128754189 -0.9959066841618041 -9.599825393371129 0.018052725094023822 0.9983375179391664 0.05473846354934633 0.002590054128626812 0.9971677429815197 -0.021975334059963443 0.0719275819841952 19.490823101322007
0.03765881851083415 0.049080031182508525 -0.9980846476764824 -10.267343905406033 0.015522238721605935 0.9986439033373345 0.04969320307889486 0.0367118865773485 0.9991700923733834 -0.017363895481574406 0.03684591755225405 19.487733450700595
0.009367248717212182 0.04917301586042236 -0.9987463487606134 -10.957222256886295 0.013333305544049748 0.9986952345306295 0.04929555242695034 0.06853428795597752 0.9998672299934313 -0.013778353929264893 0.008699387809554614 19.467189279125876
-0.01142258530802931 0.053303718140291195 -0.998513013524259 -11.685009636751532 0.011946439974843634 0.9985141662576367 0.053167117231820354 0.09965013169581352 0.9998633942278348 -0.011321369848005454 -0.012042402914551555 19.43376227487268
-0.024124048100698327 0.05921980904751663 -0.997953428031392 -12.426288100993645 0.013200679093764177 0.9981757835224702 0.058913897008813276 0.13161866002444753 0.9996218146752782 -0.011752421268723837 -0.024861782309877588 19.398713392177584
-0.03221410229674002 0.061976847425411326 -0.9975575782862951 -13.21106302154146 0.012925138746042916 0.9980179616376836 0.06158805920758513 0.16464441738512323 0.9993974146462499 -0.010909566066946116 -0.03295131206219511 19.369298008640623
-0.036032839375049835 0.0590362091690334 -0.997605312983806 -13.966164369677097 0.013921472261595971 0.9981863604025079 0.058567760043072445 0.20104367463202366 0.9992536350179763 -0.011777772002536345 -0.036789359739124686 19.331632830008807
-0.035323666080093144 0.0550829020487882 -0.9978567595183894 -14.747213220566636 0.021487007834525042 0.9982909369485972 0.054346239065912225 0.23894262226787422 0.9991449079632935 -0.019521247608032283 -0.0364468624554253 19.30805480694531
-0.031101571001498615 0.05324627672016027 -0.9980969523531639 -15.528019337407928 0.03317482862561163 0.998084841560475 0.05221187406002864 0.2827669324675589 0.9989655264456815 -0.031487824037863994 -0.03280844267045486 19.301648513874667
-0.025450625976036235 0.053568675647491064 -0.9982397821299231 -16.355955422755283 0.03354921694395712 0.9980465164910727 0.052702950225579324 0.31627920345885147 0.9991129644238796 -0.032148839938740396 -0.02719809571859732 19.279895768806895
-0.02041009611063409 0.05247294125202269 -0.998413751113791 -17.1565768217423 0.03182154314076531 0.998149919717225 0.05180856261888912 0.3388370381482251 0.9992851531814593 -0.030713648510995447 -0.02204210575802333 19.259188152480515
-0.017407320270539723 0.04618564713690014 -0.9987811928543404 -18.03724286581406 0.03558477552573412 0.9983283132477107 0.045544513596718454 0.37341003216868773 0.9992150463998125 -0.03474859661230275 -0.01902172656972694 19.24683912347402
-0.015267876382036966 0.03531497310465636 -0.9992595982152962 -18.91425141660889 0.03345452194915318 0.9988345882664741 0.03478879480084686 0.41020025209827665 0.9993236147074344 -0.032898601142896035 -0.016431528562617773 19.227082507860985
-0.014442334701510313 0.026872806124443573 -0.9995345272972627 -19.795213668762962 0.025452270154500488 0.9993247537630012 0.0264994049083669 0.4390819669265323 0.999571708739472 -0.025057709542443254 -0.015116556490637475 19.197922049770877
-0.01572825591537441 0.023955535966533208 -0.9995892927909998 -20.734499042491517 0.019754036552652215 0.999525276415424 0.02364317758984419 0.4645109398177487 0.9996811491699407 -0.019374057479646725 -0.016194007874467398 19.164795705191242
-0.019074418233438112 0.030155613586299035 -0.9993632000120297 -21.699330284712143 0.010184495116452917 0.9994990521801861 0.029965325797174765 0.4825245145541758 0.9997661939815102 -0.00960643847332805 -0.01937198264451227 19.122255459824274
-0.02399795088210247 0.03824375039308362 -0.9989802369963712 -22.662754332819226 0.005232569371810237 0.9992591357085138 0.03812872828775362 0.5088913241885582 0.9996983137783245 -0.004312222042503858 -0.02418028473419419 19.089590062539006
-0.028611832002110232 0.04790026528888307 -0.9984422505356689 -23.656127022639833 0.0035991658282121045 0.9988496443493496 0.04781667061304673 0.5431266463564265 0.9995841180585155 -0.002225436683089875 -0.02875131921748029 19.055842778590655
-0.03011703260521595 0.057664076105897695 -0.997881665666778 -24.648367519074988 0.002084048377981355 0.9983359834971037 0.0576274309441845 0.5874705276763829 0.9995442066709259 -0.00034406645004864036 -0.030187092090217995 19.0121136295422
-0.031211420584988603 0.06531294934828094 -0.9973765918009553 -25.649933177711798 0.004074631681158609 0.9978627682032359 0.06521727693208407 0.6336856986244098 0.9995044995405103 -0.0020284183992625186 -0.031410840757095694 18.978657397103763
-0.032841178662034405 0.06617355049102727 -0.9972675258923723 -26.61229786801566 0.0050368283936082295 0.9978040464837532 0.0660432826287425 0.6826093762538774 0.9994478912598784 -0.0028541261461996923 -0.03310236577829198 18.95049096511814
-0.0345552263568119 0.06335295659086033 -0.9973927707892312 -27.62654057992049 0.003934615404940817 0.9979896693981544 0.06325455379793701 0.7358177521108764 0.9993950445809912 -0.0017385815361363837 -0.03473502844676314 18.90588329045054
-0.037300314118209464 0.05841036836350652 -0.9975955670682968 -28.638930236212975 0.003654115213570904 0.9982915743597353 0.058314492232764005 0.7847843032008743 0.9992974201951517 -0.0014701802606883704 -0.037450027520846474 18.858688779783442
-0.04169791702553143 0.053235226002169116 -0.9977110275165971 -29.665577075182846 0.0036888287247781896 0.9985809252397015 0.0531274720842143 0.8262518766178822 0.9991234539627061 -0.0014650801745863939 -0.04183512019476946 18.80630034561126
-0.0473571132236745 0.04850531393189765 -0.9976996233072768 -30.710668183391824 0.003765941277156763 0.9988218485325702 0.04838111801389898 0.8708203075459139 0.9988709233496657 -0.0014660881099434538 -0.047483987535133484 18.75482875265394
-0.05397114611712786 0.04673313258415782 -0.9974483092900951 -31.766881622572036 0.002940266018777153 0.9989073239020992 0.04664239584845195 0.9049024860972391 0.9985381666328728 -0.0004154198077016714 -0.05404958097747671 18.683004134631563
-0.060301596919413954 0.049197418289681154 -0.9969670663781189 -32.8013969809809 0.0033155106928157625 0.9987890141078593 0.04908678728837679 0.9429387154041784 0.9981746965325313 -0.00034544330782800795 -0.06039168710266848 18.609301626204285
-0.06662623660319293 0.053974536893385376 -0.9963170649764229 -33.90381909570029 0.001985983525834928 0.9985410036026586 0.053962208939477584 0.9872115254492596 0.9977760272052675 0.001616629622882454 -0.06663622170510444 18.525604370017522
-0.07251418878281558 0.05691585585975353 -0.9957420739212116 -34.98398083471987 -0.0009454594973494043 0.998366031630526 0.05713469167371284 1.030276798805058 0.9973669327441667 0.005084509618776156 -0.07234189125553322 18.429937015686857
-0.07722606163087228 0.05932039655531344 -0.9952473189903596 -36.04482135945445 -0.0038706676355969986 0.9982030590429054 0.059796913377171426 1.0726272999170827 0.9970060949347487 0.008470151704833203 -0.07685768141869445 18.338226801226835
-0.0797285946157632 0.06069088337805471 -0.9949673200037176 -37.12130225763083 -0.00857414786278319 0.9980661263798806 0.06156696647946587 1.1179083486071455 0.9967797325332315 0.013439644632513643 -0.0790540369818594 18.231622267401054
-0.0813598668887326 0.061891178603750915 -0.9947613050731717 -38.20635464715513 -0.01272223745064828 0.9979243141890471 0.0631285024736558 1.1726686071712622 0.9966035905685345 0.01779171608800028 -0.08040359509715243 18.128896230926138
-0.08320205747758397 0.0613068688327875 -0.994645105283995 -39.23929353838903 -0.014174605115011433 0.9979320597848599 0.06269517224935929 1.2239331025235254 0.9964318833725306 0.019315068922038003 -0.08216099994040076 18.04744810357363
-0.08473564291993112 0.060356363435364255 -0.9945737681096346 -40.31160458585949 -0.014668090734829107 0.9979799745001485 0.061812762524207664 1.2809529619069577 0.9962954972964292 0.019826242446259038 -0.08367916214519194 17.954671330730353
-0.08558988507394062 0.059720188924723645 -0.9945390241754308 -41.348160333367794 -0.015766681761353964 0.9979957939159319 0.06128463977491605 1.3248432740893952 0.9962056932778814 0.020925925568554764 -0.08447675609203636 17.85327185291701
-0.0864504676387507 0.05886544909139028 -0.9945155481682042 -42.413361720288094 -0.017924071737452092 0.9979993794757258 0.0606297469763234 1.3715715319939803 0.9960948972348921 0.023067238008301044 -0.08522240452648781 17.753332885038866
-0.08722254196458168 0.056362944887750156 -0.9945931060573515 -43.452912073233016 -0.022278292979304684 0.9980380928934731 0.05851190302394683 1.4180282770730128 0.9959397099398952 0.02726139352887639 -0.08579574924026605 17.651225047606705
-0.08774539726443208 0.051677867779183505 -0.9948015597297268 -44.53685418095923 -0.02739698267144056 0.9981504649567907 0.05426835769616631 1.4587974425508383 0.9957661123975877 0.03201635969837602 -0.08616729142926767 17.54724433802214
-0.08703564632926562 0.051048948086144755 -0.9948963771003182 -45.592548505057835 -0.02882627818746852 0.99813895252997 0.05373711127544006 1.5036780847277973 0.995788050718577 0.033356203945724194 -0.08540211768115305 17.451142577943767
-0.08553785252399068 0.05492338218138305 -0.9948199323874323 -46.42426264571195 -0.03003172722145797 0.9978836196389858 0.05767475198289023 1.5464960507451722 0.9958822074651587 0.03480953527339911 -0.08370737786103417 17.381536437133544
-0.08389865121255363 0.05809058754253792 -0.9947796238180948 -47.49290340160453 -0.030157451200942546 0.9976940285671555 0.06080422270286936 1.5923773101278516 0.996017843445474 0.03510141023378328 -0.08195331926055496 17.285421193962975
-0.08285905849218601 0.05759124991610659 -0.9948957856775162 -48.49958020814644 -0.028223337740433146 0.9977927095268023 0.060109500263666564 1.6412613057503216 0.9961615429399866 0.03305989637399166 -0.08105074718448198 17.21242395713836
-0.08019528412662282 0.05675348755044007 -0.9951621767605044 -49.65653898922258 -0.02786600211939218 0.9978599187906148 0.059152923825166424 1.692844130684376 0.9963895836116157 0.03247497685982506 -0.0784421669016185 17.107685975625415
-0.07629686800974617 0.0571778061491766 -0.9954443663087674 -50.59407878534783 -0.032571335062559596 0.997678683849244 0.0598026080123486 1.7385383052080425 0.996553007152225 0.036985703681335386 -0.07425740137555598 17.030085198358652
-0.07085101655070672 0.058277584349467046 -0.9957830369192454 -51.69705931000471 -0.03739455864586168 0.99743490282803 0.061034921185460056 1.7825937833429275 0.9967857244350006 0.04156125338371124 -0.06849001226282588 16.938963815449167
-0.06542235602725577 0.057972095400490094 -0.9961722499079728 -52.78869109349309 -0.04094288149449446 0.9973143234028065 0.06072743029740364 1.8289764547137626 0.9970173497922528 0.04475909394162124 -0.06287310810477018 16.86411096878554
-0.05951631618126194 0.057024435985648075 -0.9965972214534435 -53.745671159263615 -0.04245968981916756 0.9973188296848078 0.05960139844484846 1.8759253161112412 0.9973239106973565 0.045862464572244875 -0.056935502936983406 16.795376620710964
-0.05343490837611129 0.0562566973140137 -0.9969854033907163 -54.83300385644907 -0.04208811708120709 0.9973976929797698 0.05853573642817099 1.9252767446864747 0.997683968482701 0.045089090098929044 -0.05092811587576437 16.71965419076916
-0.04846781073167603 0.05626144134676042 -0.9972389490691069 -55.920990927622675 -0.040135095385776406 0.9974962839679271 0.05822660550425573 1.9661298734615347 0.9980180586749164 0.04284639643842685 -0.04608840278191398 16.670857987560392
-0.043323896620533174 0.057137937538707204 -0.9974258348746686 -56.94076734585371 -0.039126682370423535 0.9975002544161514 0.058841695815074695 2.0066450971676995 0.9982946171888804 0.04157521537566338 -0.04097997996790259 16.630956137923082
-0.03760948345481974 0.05880346558360279 -0.9975608649048003 -57.87470389425926 -0.03819032198185495 0.99745326146872 0.060236952880534766 2.0464480177295354 0.9985624797984247 0.04036265130993981 -0.0352679786498769 16.592650706419818
-0.031935467104296435 0.05978491188907109 -0.997700300817455 -59.01803455677539 -0.03924321941587374 0.9973647348023176 0.06102094314721637 2.103927410298552 0.9987192276464413 0.04110170413881227 -0.029505156264243045 16.54651407428988
-0.0264103831446874 0.05868084423710191 -0.9979273772082641 -60.19037010314236 -0.03894555545225346 0.9974573048879456 0.0596839060064514 2.1611768701336476 0.9988922541358815 0.040441110831586746 -0.024057871519336596 16.505524904254997
-0.02157478354375482 0.0545264700500339 -0.9982792158403963 -61.252135476930235 -0.03895140805547216 0.9977076709280195 0.055337068786470586 2.1991728856075436 0.9990081663958169 0.040078266370508514 -0.01940144425547219 16.47956279120981
-0.017051164960045287 0.04937588006832439 -0.9986347081095156 -62.40162464484067 -0.038709350802863945 0.9979985217699023 0.0500053667670363 2.238952387592245 0.99910502147368 0.03950915099775768 -0.015105729161814772 16.45023362434364
-0.013423748600277341 0.04881116543246502 -0.9987178145515554 -63.4582381901409 -0.03864634328734893 0.9980361900718324 0.049297296654207325 2.27870022629707 0.9991627810942667 0.039258546025308115 -0.011511013853943979 16.43393135524796
-0.010377133602006285 0.051310616326194596 -0.9986288278186376 -64.57876091278087 -0.037975010377526354 0.9979419403376604 0.051669936151770034 2.316687033439482 0.9992248063799405 0.03845912593036109 -0.008407255654464495 16.420784105941593
-0.008051367330682907 0.050799518700000476 -0.9986764162550091 -65.684348040653 -0.038296747952002066 0.9979604327650441 0.05107184872023022 2.359220467920284 0.9992339738922031 0.03865725721322774 -0.006089489661941421 16.403788013507693
-0.0071050213977880295 0.05061507266114855 -0.9986929623715374 -66.86787023800558 -0.04010097492441585 0.9979003720035551 0.050860194310208565 2.4018691879113656 0.9991703710984657 0.040409924210118825 -0.0050603897363633785 16.388426626175573
-0.006250958106147403 0.051588509181161826 -0.9986488628357884 -67.98959122194468 -0.041532196034534764 0.9977932619132696 0.05180427755524924 2.4387325398754935 0.9991176118031858 0.041799906709675864 -0.00409457980237427 16.37635064296038
-0.005059774809527732 0.051297064153850845 -0.9986706213201957 -69.20523411006404 -0.04223066213379186 0.9977814832792082 0.05146535534589456 2.478771828392532 0.9990950754831173 0.042434924700457254 -0.002882240629772295 16.356556851372847
-0.0038695075688205583 0.049299228250540866 -0.9987765580974901 -70.39073693370608 -0.04265906018789096 0.9978666788879278 0.04941958871802028 2.517886898431179 0.9990821945641198 0.04279809877872509 -0.0017581939214739355 16.342533727918205
-0.0033430323427111317 0.04812361118706717 -0.9988357934020309 -71.48391891366803 -0.04097820716298935 0.9979957865985302 0.048220291053488504 2.552817254234142 0.9991544478570165 0.04109170205640155 -0.0013643128838331864 16.341792789041808
-0.0029187379696574717 0.04788474149533417 -0.9988486033932181 -72.67908557372543 -0.03760099906643953 0.9981412403515607 0.047960704526186226 2.595710827119727 0.9992885698525059 0.03769769013305248 -0.0011127986170319977 16.333484593409977
-0.0025366453740566456 0.04864068916314475 -0.9988131200519811 -73.89663850719519 -0.035474238543918096 0.9981832886316659 0.04870010981708421 2.634355216278528 0.9993673718057698 0.03555566978980026 -0.0008065456112538487 16.322888758969647
-0.0024902287721497948 0.051486184827703285 -0.9986706021169055 -75.08353884431101 -0.03555747660513187 0.9980376074685223 0.05154221508605262 2.668099815969511 0.9993645303982605 0.03563855847799168 -0.0006546231533067144 16.312263988240467
-0.002389025974198201 0.05521012854894415 -0.9984718995848088 -76.32586315227262 -0.03775784333690835 0.99775777068397 0.05526098358058182 2.7107457856863153 0.9992840626275584 0.03783216548596146 -0.0002990538457600661 16.304011585335612
-0.0021363421157806544 0.05536475705535102 -0.9984639100731478 -77.53623965381117 -0.0401708908994066 0.9976554955692699 0.05540588131936529 2.749341440697249 0.9991905401707477 0.040227550716267164 9.271816311843669e-05 16.299547103237664
-0.001802087077215278 0.05366476934431471 -0.9985573819332471 -78.69445369450968 -0.04155693353223931 0.9976923639571249 0.05369327869513614 2.78423412185414 0.99913451234434 0.04159374271279659 0.000432214736541594 16.28864432280687
-0.0012234956499618766 0.05137865832782771 -0.9986784950757777 -79.88172068529126 -0.04136181369553412 0.9978220054816812 0.05138526777515651 2.823773948488421 0.9991434849040501 0.041370023506655536 0.0009042836105394891 16.27074910811895
-0.0012296078398805169 0.05067170589282811 -0.998714607025683 -80.99016767587477 -0.03972984295758991 0.9979243577821307 0.05068052607935749 2.8564542140411397 0.9992097015357311 0.03974109166877719 0.0007861233035790491 16.2666154410481
-0.0007648650668586735 0.05223317538391689 -0.9986346230582717 -82.22889114719656 -0.038423127429582 0.9978959467070638 0.05222396790876555 2.896070396880137 0.9992612662662148 0.03841060966606601 0.0012437062038323395 16.24819964239594
-0.00014897221974606876 0.054989116633979575 -0.9984869427584349 -83.35287191066519 -0.03797671769909208 0.9977663584621178 0.05495509834437689 2.93774942980476 0.9992786131605541 0.03792744353435259 0.0019396666897235821 16.23068035953979
0.00017543831492390798 0.05727680174003607 -0.9983583210470195 -84.5169015864583 -0.03832009416559863 0.9976254426840313 0.057228021917781195 2.9812032872974545 0.9992655000571853 0.038247144885798987 0.002369874162772769 16.229439501934433
0.00025909834017798434 0.05751738448845035 -0.9983444712871661 -85.72148075656108 -0.039653670400496756 0.9975598816717207 0.05746189087441621 3.025054076069911 0.9992134503157061 0.03957313433003047 0.002539241516373514 16.220112017798005
0.0005249756611181645 0.05547893634686604 -0.9984597197796059 -86.89350278731499 -0.039218282262766906 0.9976928515056086 0.05541570527347331 3.066636926309642 0.9992305293258975 0.03912878322180881 0.0026995530496020945 16.215828523520383
0.0008357178379025777 0.054132819274757264 -0.9985333942603298 -88.036417800194 -0.03751621079089402 0.997832491081326 0.05406342266560263 3.109360884031111 0.9992956697112166 0.037416007534119035 0.002864764670653186 16.212681558867704
0.0007408741870167446 0.05503784298666581 -0.9984839943358168 -89.15233148607936 -0.035880400769539536 0.9978427981824101 0.054975876128590395 3.1514875489666405 0.999355816486829 0.035785275671208774 0.0027140558357270604 16.221432189706665
0.0015145838339934734 0.0578162157382878 -0.9983260946371717 -90.34209647004604 -0.0336229399234204 0.9977657175974057 0.05773275238744927 3.1978449649565066 0.9994334414790791 0.033479217210511954 0.00345515097435449 16.20557043972169
0.0014972306781257454 0.06044008992154351 -0.9981707037529032 -91.48968330631168 -0.032248418246262865 0.9976555750086297 0.06036052662796208 3.2416575428326895 0.999478763066485 0.032099052703575916 0.0034428178317383673 16.208240428476955
0.0019072740627650514 0.06221319864012889 -0.9980610603668529 -92.62132496107805 -0.03249269272336367 0.9975397252017639 0.06211860883796551 3.2901477389526863 0.999470153243825 0.03231121414220377 0.003924055991206999 16.205527015360033
0.0022606043137349376 0.06421223083720379 -0.997933704751493 -93.80609206489518 -0.03508623341684572 0.997326903829277 0.06409370579797133 3.3427323030198473 0.9993817318186057 0.03486884439163921 0.004507526820371491 16.19953682026588
0.002436049846253555 0.06357083363757934 -0.9979743557686056 -95.00477846180705 -0.03719104847303535 0.9972926453363393 0.06343662563151001 3.3959363356515757 0.9993052044168604 0.03696117785812133 0.004793720550628477 16.196515228406195
0.0027799307382318957 0.05965625042908589 -0.9982151089669133 -96.11674532421681 -0.03955672775246275 0.9974442405318636 0.05950001949008896 3.441608928992568 0.999213459314179 0.039320717370694785 0.005132631960883591 16.184828258100293
0.003276543569246938 0.05789594320284164 -0.9983172461812359 -97.30692705844852 -0.04095188228821923 0.997492891604961 0.05771372916919098 3.4915761536892824 0.9991557474184346 0.04069386880374808 0.005639276770366569 16.177072006084078
0.003360230646516889 0.05623679005976746 -0.9984118049651507 -98.38288018859286 -0.04091815942067778 0.9975889913134726 0.05605273088602683 3.5354283359841103 0.9991568510897711 0.04066482329890827 0.00565323504221279 16.173806963731536
0.0035875084922525127 0.056550690557059746 -0.9983932838217271 -99.58437155523865 -0.03965500500439421 0.9976224333805964 0.05636453666861718 3.585383954176165 0.9992069907486238 0.03938908241234526 0.005821496868857293 16.173039824992944
0.0036077008483882387 0.05863023276110902 -0.998273249316519 -100.68712256161889 -0.039911871291743686 0.9974927523355467 0.05844015373042652 3.6374334360345917 0.9991966908595027 0.03963211884851997 0.005938697752629063 16.172376216048615
