1.0 0.0 0.0 0.0 0.0 1.0 0.0 0.0 0.0 0.0 1.0 0.0
0.9999305256769639 -0.0027234783086688683 0.011468499696677082 0.009922080993969086 0.0027109877007732972 0.9999957152722718 0.0011045283082215412 -0.004054560073986001 -0.011471458716167187 -0.0010733606102410259 0.9999336245631125 0.2119865413711495
0.9998190248584365 -0.00477565676676328 0.018414956789820223 0.017506357266121632 0.004754981784701526 0.999988014816536 0.001166349651861712 -0.006909105637055759 -0.018420306168791943 -0.0010785757874667002 0.9998297500049289 0.4278296075997052
0.9997695291274066 -0.007556184319122597 0.020094593971987804 0.027410644301014832 0.007561229959932171 0.9999713981568727 -0.00017512761622833308 -0.009180442278293727 -0.020092695933015752 0.00032702710038742897 0.9997980679234277 0.6618469825935998
0.9998130172001565 -0.009136420374282849 0.01704278321941682 0.03912119757777417 0.009169459080102138 0.99995622707435 -0.001861439069473072 -0.009506258935612097 -0.017025030317094316 0.0020173641157256064 0.9998530284920513 0.893688597157045
0.9998804097187031 -0.01169414388044739 0.010119943659036849 0.0430828789248555 0.011730457001243753 0.9999249423665237 -0.003536384007144883 -0.009057862945307785 -0.010077829096618873 0.0036546726539340314 0.9999425387133463 1.1285665411512267
0.9999085884789618 -0.013390423383098319 -0.0018738323382038434 0.03425972712446521 0.0133800079885671 0.9998955509607282 -0.005464664231903546 -0.013042514362164317 0.001946810785927974 0.0054390928069797395 0.9999833129593718 1.3901166232110769
0.9997594000080313 -0.012680483842342473 -0.017898252012574153 0.01756118743806561 0.012580052361916111 0.9999045489456739 -0.005712729673248188 -0.017415253043051443 0.017968983781866208 0.00548619424302973 0.9998234930699392 1.6079202764486453
0.9992717871053508 -0.008139992848483796 -0.03727782198178109 -0.007747573897371015 0.00792420249324997 0.9999510032227419 -0.0059328044530297715 -0.01873245880468115 0.03732428847445985 0.005633087098434691 0.9992873289598025 1.8554310997370949
0.9983860356698708 -0.0046058227561013385 -0.05660486000458971 -0.04400672037243259 0.004208428771887788 0.9999656706424186 -0.007137693179846833 -0.023006385442843714 0.05663579174578354 0.006887955676183145 0.9983711449956529 2.128451550726723
0.9970729220502462 -0.004301098797187929 -0.07633536967435842 -0.08891809840798007 0.00374689288015311 0.9999655858812471 -0.007401881309411609 -0.029284947966289783 0.07636457888267821 0.007094194972707414 0.9970547244207613 2.450497346581655
0.9952287399404793 -0.005751892688374218 -0.09739954274527052 -0.1583832456151411 0.005129091495519312 0.9999647777507709 -0.00664346884403366 -0.03872882251016432 0.09743432463417054 0.006112199960119195 0.9952231877296319 2.959139101317996
0.9930993699217333 -0.007146722302738981 -0.11705795923979073 -0.2202884919360711 0.006520546033073038 0.9999623162112942 -0.00573137302693785 -0.04458882903389695 0.1170945085838253 0.004928541130077736 0.9931085467066735 3.3193871177066643
0.9908323814718811 -0.0060900597418949 -0.13495963470275715 -0.2947675671981949 0.005454406237745741 0.9999722251556016 -0.005079209579088479 -0.051560189232832954 0.13498681890968142 0.0042965206498764 0.9908380789165047 3.7508047616916413
0.9885830979236447 -0.0049047678693499176 -0.15059681853159498 -0.3712018806839168 0.004299403708264733 0.9999813174376676 -0.0043451010782173975 -0.05814495341660521 0.15061531670930317 0.0036480169646478833 0.9885857162354621 4.175758047722734
0.9864480343822879 -0.00435535642352679 -0.1640161770489289 -0.4516023854770802 0.0036652711739914665 0.9999831135156709 -0.004509819367306783 -0.06375904467662594 0.16403304926307577 0.003847538684493204 0.9864473403053647 4.612643673818097
0.9843662461963143 -0.005948825824111543 -0.176033249190863 -0.5518538446887348 0.005111230355998772 0.9999733589975974 -0.005211201330804856 -0.07310405939091065 0.17605956001769968 0.004229984205248143 0.9843704275119183 5.108875633642801
0.9824751389587189 -0.009852455202820385 -0.18613309876140643 -0.6306085030804444 0.008577444116315877 0.9999339190349433 -0.007654084912703078 -0.07839297361944196 0.18619621043533224 0.005923401885387119 0.9824947249373023 5.558967658743013
0.980885698109134 -0.008950998571534752 -0.19437882309945798 -0.7172558508668279 0.007232388330744632 0.9999282477475556 -0.009549445823514866 -0.08578246450249571 0.1944503530569983 0.007961091701225331 0.9808800544485208 6.010450263550558
0.9793261691767572 -0.008491426335817029 -0.20210925274307004 -0.8242480091640731 0.006371855158679902 0.9999176958170302 -0.011135576042489175 -0.09527915767163758 0.202187175229824 0.009617550142559512 0.9792996726752439 6.521352961548192
0.9776749484684555 -0.009075812673604654 -0.20992695101276895 -0.9510130611992565 0.006306057831680813 0.9998840670193635 -0.013859514978546638 -0.10741452756804495 0.21002839991731437 0.012226289098933406 0.9776188362971746 7.055299904273833
0.9758691386393895 -0.013131427218505 -0.2179609824496622 -1.0657326995872598 0.009978833010529209 0.9998291631946011 -0.015558512696649433 -0.11913133273769737 0.21812805216882306 0.013008076137113229 0.9758334605926599 7.571862641138036
0.9739354795249527 -0.01945703820114707 -0.22598917095060142 -1.1724983830515323 0.016051040982583628 0.999728350806782 -0.016899369116252498 -0.13030908836615682 0.22625659284510685 0.012831533719358312 0.9739832164552593 8.08856457194319
0.9719896096385682 -0.019966151071291075 -0.23417419064889036 -1.318382692072609 0.01590869252915813 0.999689029862897 -0.01920304855465903 -0.14795957713676636 0.2344847804371899 0.014939758471215802 0.9720049852547796 8.618471812985167
0.9699497039541354 -0.015862659468216366 -0.2427878659115431 -1.4786740009911554 0.010486528837354488 0.9996707198425974 -0.023419748126881513 -0.16145931701094307 0.2430794201742084 0.020169975805107904 0.9697966629988948 9.179453058909624
0.9677440439880706 -0.012922742235718584 -0.25160379182103987 -1.6370422913305345 0.006504164130996755 0.999632261369965 -0.026325612572686764 -0.18010402841866296 0.2518514664927981 0.02383998241356982 0.967472218755633 9.733660099054504
0.9655585491565587 -0.015598226059771481 -0.25971789213388913 -1.8210003775965917 0.00859765411404649 0.9995690190172606 -0.02806878274180879 -0.20242787532381107 0.26004378187993143 0.024869088536975063 0.9652765199366048 10.339858479074385
0.9632989727432076 -0.01829618948977929 -0.2678065319629753 -1.9890346039867453 0.010584058452029947 0.9994874492844728 -0.03021285205839966 -0.22622519116077 0.26822204759968177 0.026269529363367287 0.9629988811044701 10.908266173197761
0.961080965617979 -0.017920902216126054 -0.2756849992120976 -2.171114655949227 0.009253353604574069 0.999422088171653 -0.032708792727364405 -0.24886990251464355 0.2761118486662295 0.0288847873174274 0.9606913740050673 11.508318989240191
0.9586777090221086 -0.017206534892857433 -0.28397356458146455 -2.355092842031648 0.007181828427680498 0.9993149458773729 -0.03630510000728202 -0.2727337463100788 0.2844037122903947 0.03276544068197869 0.9581445372867071 12.115345770479474
0.9563187133425596 -0.018278835351686548 -0.2917540105791491 -2.546964995478425 0.006418194652305784 0.9991154622350916 -0.04155839145304564 -0.30053695372632006 0.29225558213357933 0.03787053341247511 0.9555901304486234 12.741883330546017
0.9546341729578381 -0.019673185604771708 -0.2971305463752682 -2.7751657616901997 0.005324026946959522 0.9987833739126751 -0.0490247563245511 -0.3400037630423452 0.29773352273160836 0.04521877667268058 0.9535774806894576 13.41995199266869
0.9533443009058765 -0.020359187989318583 -0.3011978542332299 -2.983198148927448 0.0033418252195926866 0.9983739084945217 -0.056906687142851145 -0.38090699072304984 0.3018666529023834 0.053245115285706975 0.9518621126842497 14.043742531345067
0.9521438216142963 -0.020290083408393323 -0.3049761555876202 -3.213561506738246 0.00029149996927373004 0.9978540216042134 -0.06547722196356527 -0.42823157666096634 0.30565022164148953 0.06225483180909349 0.9501064561021197 14.71643270553084
0.9507710820681996 -0.01980465486297002 -0.3092606104058912 -3.4367957491539025 -0.0034032354596619688 0.9972283453709974 -0.07432392062471664 -0.4773995231632954 0.3098754063995266 0.07171752111152276 0.9480684730937665 15.37215308648601
0.9494419701943558 -0.01908869323626536 -0.31336171914257915 -3.6625746423125527 -0.006695981815130336 0.9966914318177897 -0.0810021824924235 -0.5382862900627496 0.31387116634216694 0.07900513610858591 0.9461728591581303 16.0269908699776
0.9478635965189621 -0.017252430550649137 -0.318208981699502 -3.894847498684599 -0.011271322148616944 0.99609372889486 -0.08757990953041404 -0.5993269906238453 0.3184769374556986 0.08660044397362192 0.9439665266376822 16.677285236532896
0.9463426650488261 -0.016116800626278616 -0.32276277518613977 -4.150185034211364 -0.014851179878813247 0.9955315346748347 -0.0932545222719835 -0.6699603300952132 0.32282348545992257 0.0930441411671982 0.9418746121591585 17.364817630188508
0.9447426072351847 -0.01401842724570952 -0.32751319022601627 -4.397015800365376 -0.019400869805053483 0.9949429834463187 -0.0985498145190856 -0.7417062668968305 0.327238464006408 0.09945824947431735 0.9396930585495621 18.03189636780448
0.9429387463281158 -0.01133894566010356 -0.3327731193838814 -4.642060564078263 -0.023928644806890456 0.9945281743588126 -0.10169134852205165 -0.8152470585417378 0.33210531557153267 0.1038515224628166 0.9375078243147026 18.713723058823298
0.9411745186129228 -0.010091553810944995 -0.33777016750360633 -4.914838805691047 -0.02630139902403557 0.9943340989809848 -0.10299483488530908 -0.8970155718650954 0.3368957730858489 0.10581994209672581 0.9355764949652878 19.439620237549438
0.9390434278451604 -0.009716669908679254 -0.3436612095461128 -5.196706237425975 -0.02705840001657235 0.9944109790989437 -0.10205218094692371 -0.9814810138929158 0.34273208721879905 0.10513035229355153 0.9335321769587156 20.166859430263322
0.9366991908652641 -0.009278564102188993 -0.3500121913313324 -5.477458637418425 -0.02775825247595092 0.9945345185655424 -0.10065073671407664 -1.0658292352453769 0.34903310051031106 0.1039951904167042 0.9313221221029553 20.90711030764464
0.9341041103674145 -0.009636243507141961 -0.3568706401565876 -5.764334297838111 -0.027528007436388915 0.9947151944037216 -0.09891355230173952 -1.1451671603514215 0.3559378032764763 0.10221949341215643 0.928902285154514 21.636847120679572
0.9309299776622983 -0.008891372817300161 -0.36508946873211356 -6.058776306635023 -0.028074884328398275 0.9950027254329914 -0.09581950349937526 -1.2277728095912515 0.3641169833441171 0.09945109285645629 0.9260282406978936 22.369862085212628
0.9275480107415709 -0.006957073482606534 -0.37363924699891043 -6.356285013739882 -0.02881111304346408 0.9955196071554943 -0.09005904471049855 -1.3075015515513002 0.3725917437820539 0.09429905035326938 0.9231917902407492 23.104735724496884
0.9240393139622497 -0.003385106226215279 -0.3822824705738058 -6.676368907437277 -0.03148868620276322 0.9958890681281536 -0.08493189403317311 -1.3845473062311935 0.3809984368647713 0.0905179818526432 0.9201340587479224 23.846283157639757
0.9203993489782649 0.00035307605177179856 -0.39097942879093833 -7.013671770147747 -0.03476240436213705 0.9961130645613943 -0.08093415751752141 -1.4613899185795027 0.38943114108061483 0.08808313089013879 0.9168340899035335 24.60902859619406
0.9166575840707405 0.001192889196621659 -0.39967167848242485 -7.371279899211626 -0.03577105803658812 0.996227188189936 -0.07906845716287113 -1.5368348271884171 0.39806947254535474 0.08677537972569345 0.9132418784204568 25.384330388452014
0.912673082963812 0.0011454323809817928 -0.4086887955620906 -7.719258271317365 -0.03634440168656827 0.9962615363664867 -0.07837114024137302 -1.6101090495999963 0.40707115852069 0.08638077993019135 0.9093027178884241 26.13666956436748
0.9088652520915962 0.001337427993824423 -0.41708771838408454 -8.088081869594392 -0.03687200798009899 0.9963373032189953 -0.07715201385456849 -1.6823242298236147 0.415456867277453 0.08549964620196572 0.905585667914054 26.91314272620463
0.9049200418955723 0.0021865217544113982 -0.42557600601811885 -8.453900322126533 -0.037878175466587345 0.9964319809103218 -0.07542248499257186 -1.7499315378231581 0.4238926298003287 0.08437136090966979 0.9017740913661313 27.66735233097973
0.9009780974629292 0.001233730782275583 -0.43386281910350183 -8.828682025564541 -0.036519863881221505 0.9966627449195754 -0.07300460554974927 -1.8212419510950162 0.4323248401771263 0.08162016171102739 0.8980163594100543 28.442015528587905
0.8971732418734693 0.0018767897842827967 -0.44167482577837247 -9.218719321238463 -0.03601694020304008 0.9969714931667356 -0.06892475485121562 -1.8886629755836595 0.44020785327463247 0.0777452215444468 0.8945237428052675 29.218515024350314
0.8933844502522519 0.0041604411935162915 -0.4492737637304872 -9.616542617964626 -0.03639995779660622 0.9973402843240409 -0.06314586555623947 -1.9539928646023508 0.4478161085980352 0.07276708042457553 0.8911597415091167 30.00115633346121
0.8896621010580411 0.004584380706304021 -0.45659646231057477 -10.053057623872157 -0.035395624715792454 0.997633189930402 -0.05895055640339075 -2.0219423934816763 0.4552455334124333 0.06860759289488451 0.8877187068577514 30.82070621968782
0.8860237660992863 0.0038755069530513626 -0.4636236257494808 -10.480711132913761 -0.03416398401454738 0.997792349384104 -0.056949536493319956 -2.0835983165705247 0.4623793984418977 0.06629787294029162 0.8842001379439506 31.612821711530643
0.8827904204602894 0.00311691537814812 -0.46975670126361324 -10.924527805663184 -0.03334319453321134 0.9978716570088351 -0.05603916056439832 -2.137689049280397 0.4685822285595839 0.06513402319039893 0.8810154675720318 32.4253796915339
0.8796511430061632 0.0036410217371953706 -0.47560551885849733 -11.380880309082208 -0.033382767103559266 0.9979771996497957 -0.054102678673625074 -2.1956941415059386 0.47444647481929964 0.06346851140416991 0.8779933317467039 33.25219243814416
0.8767814870808605 0.0026276535583165755 -0.48088181432557114 -11.85026185799523 -0.03201449546575709 0.9980855692651932 -0.05291756329091968 -2.2555355376562725 0.47982215037693726 0.061792328499198905 0.8751870726572109 34.081401366465506
0.8740847340750818 0.00120221447819512 -0.485771996246431 -12.328374355932558 -0.03074387974678794 0.9981291238043533 -0.052849466143655016 -2.3122040335893543 0.4847996405887785 0.061129427397143894 0.8724863904904693 34.932100670825974
0.8721188772929145 0.00012182429860924256 -0.4892940312615588 -12.844072939180954 -0.030065408107049486 0.9981236898494407 -0.05334014432577528 -2.3701521264783483 0.48836946577842394 0.0612297715182591 0.8704861744882096 35.807137849060894
0.8706223313705757 0.00046546685374268087 -0.49195176537895685 -13.303894195536408 -0.030900330209951456 0.9980766914026514 -0.05374093106425139 -2.4280147080045507 0.49098057569702264 0.06198952669076201 0.8689622390350887 36.62653539502146
0.8700806489567576 0.0003435283760636251 -0.49290926781634264 -13.79626591507573 -0.030309681138939996 0.9981446598119146 -0.0528068302231188 -2.485118518459647 0.4919766127980512 0.06088612384782199 0.8684767655974127 37.48269701964966
0.8698784059885944 0.0009228923241364779 -0.4932653515750937 -14.296533513834936 -0.030037376591197838 0.9982415470421571 -0.051103520097931045 -2.5474779932289318 0.49235080461217995 0.059270245727844784 0.8683764869969127 38.35886018437398
0.8694951359501918 -0.0005919692036054361 -0.4939411484493067 -14.798802748028198 -0.028015217445526198 0.9983304366407683 -0.05051224473464931 -2.6091489997158352 0.49314638409952644 0.05775801978180329 0.8680268745842186 39.24069030676823
0.8689083400568656 -0.0024584082716424156 -0.4949669209234019 -15.328681808522164 -0.02636433736271953 0.9983382688714264 -0.05124082964032115 -2.6722329031057788 0.49427038986272254 0.057573059112518914 0.8673996337152663 40.15626074855368
0.867750972457116 -0.004954771104783808 -0.49697454667520896 -15.843099413839328 -0.02397567636936851 0.9983687652850879 -0.051816748699243374 -2.7268177064964063 0.4964206046714432 0.05687933496823261 0.866216672958452 41.04777501927508
0.8662096584615402 -0.00522270198507994 -0.49965343086174996 -16.39222961352533 -0.02269810354910373 0.9985019082996519 -0.0497868980478579 -2.7907238330042348 0.4991649263351908 0.0544670772662592 0.8647934515309734 41.97880076677712
0.8640962360761267 -0.004443460408408739 -0.5033070141163046 -16.92977993463511 -0.021709475760599537 0.9987014219954924 -0.04608870107067086 -2.8496686929848027 0.502858224016741 0.05075160454390183 0.8628776745141502 42.891030469817935
0.8609898855212126 -0.00496378719074253 -0.5085978547407517 -17.437018670907275 -0.019114766015585018 0.9989301939308569 -0.04210811529183424 -2.907906330161608 0.5082627693923084 0.0459763903540281 0.8599739116855082 43.777664278852946
0.8571369412132508 -0.005042482951548659 -0.515063915813636 -18.001367751089802 -0.01819318585937684 0.9990317740854359 -0.04005648956153367 -2.968599448940704 0.5147672017484008 0.04370455048836913 0.8562153001849067 44.68994629545845
0.8516623539822273 -0.00886146469747182 -0.5240159437010169 -18.535501275774838 -0.015640665200414624 0.9989819455641084 -0.042313615173342985 -3.0246330419735012 0.5238574275521348 0.04423287103913403 0.8506567161423544 45.57900809147526
0.8455892249960008 -0.012433979698148311 -0.5336892904298619 -19.114915030889332 -0.01401141782152764 0.9988673573957791 -0.04547177695894214 -3.087273049272503 0.5336502063536507 0.04592818827299 0.844457256929364 46.491636994235044
0.8393805471512669 -0.0127667205958104 -0.5433942472176798 -19.680815081018398 -0.013884739114111323 0.9988942648918543 -0.044916161744917485 -3.143625305565704 0.5433668292082002 0.04524663978010974 0.8382751520263705 47.36052116561954
0.833609182112376 -0.009442580827304772 -0.5522739982701121 -20.28491075735274 -0.014955971026607014 0.9991014168640743 -0.039657001284148966 -3.203527744623277 0.5521521986088502 0.04131823432238481 0.8327188919941063 48.24931015951749
0.828530921127093 -0.0047171025060297 -0.5599234426957302 -20.89720577324599 -0.018030984403488024 0.9992211746392683 -0.03509882838446979 -3.258797010732813 0.5596529248898214 0.03917643547426029 0.8278005862318519 49.12837131637389
0.8245043335151712 -0.004897119100116793 -0.5658344477311567 -21.509547595797002 -0.0192100489380842 0.9991439067697148 -0.036639153712229124 -3.309632564148299 0.5655294669904477 0.041078848443830494 0.823704407039338 50.002783454088494
0.8210156649864057 -0.0071464384443677515 -0.5708609342602553 -22.10797113300386 -0.019659516059475756 0.9989747095439278 -0.04078030308779876 -3.363276988178163 0.5705670699183731 0.044704117362792846 0.8200333899394431 50.854961470050405
0.818043020951397 -0.009425124008797406 -0.5750798056879858 -22.738620295504923 -0.022143745142038488 0.9986083007562276 -0.04786560572942032 -3.4213098168562857 0.5747306068270567 0.051890545364050994 0.8166958435537818 51.72497588861323
0.8147387543582981 -0.010666248285112185 -0.57973010383644 -23.346729110888305 -0.021935740863329767 0.998548042772009 -0.04919989379020033 -3.484542562285983 0.5794131388046578 0.052801869509615504 0.813321816476616 52.571560050338995
0.8113561377317836 -0.009099106731387573 -0.5844813290616341 -23.95811670519661 -0.021465603111437803 0.9987406906392715 -0.04534601134006633 -3.5427827974520776 0.5841578944498013 0.049338008858100316 0.8101390715388879 53.41950343002539
0.8081239062263974 -0.006442749064701387 -0.5889772857843317 -24.594672889171484 -0.02121315390147926 0.9989731218466933 -0.040033784850098134 -3.6035954288603302 0.588630405506665 0.04484632440190679 0.8071573904144694 54.28722872443401
0.805237660653695 -0.004787501407607746 -0.5929328711542624 -25.27553484172987 -0.021236430018512727 0.9990930224941893 -0.03690726816623328 -3.6607548813843698 0.5925717879759662 0.042310899703239334 0.8044056587700432 55.16960674617087
0.8021301605833239 -0.004522697122440541 -0.5971321048924683 -25.92890890195611 -0.022272876272725894 0.9990489041296652 -0.037486079280914845 -3.710817681138456 0.5967337131963558 0.04336856428398152 0.801266524426694 56.03263184676416
0.7984071956237025 -0.005776295641840156 -0.6020901796117861 -26.558878698977637 -0.02222395440427157 0.9989899175983529 -0.03905432610445571 -3.7660053371839677 0.6017076082508276 0.044562079680983815 0.7974723664350838 56.8688542041518
0.794489326524471 -0.008643767495990877 -0.6072165967117231 -27.23480572474797 -0.021014495402540207 0.998908523379418 -0.04171513997252679 -3.8209454445975752 0.606914409963768 0.045902583842591195 0.7934405155869616 57.73389058727129
0.7901729974839447 -0.009830718844529695 -0.6128050187573837 -27.90335469104919 -0.020157786835713547 0.9989135309977455 -0.04201691587328083 -3.8789793463691056 0.612552281586742 0.045553425300587556 0.7891163334808491 58.588642681528285
0.7856339308590293 -0.01019961603656402 -0.6186075448260361 -28.573593020840384 -0.019480335314531867 0.9989605453823732 -0.04121098525132523 -3.934532097585672 0.6183848665831198 0.044427430738882334 0.7846186081013611 59.42922772929138
0.7804942793936442 -0.00973375990336647 -0.6250871409267185 -29.20898099365501 -0.019894072663860254 0.9989856751590014 -0.04039612233815688 -3.9906027140889084 0.6248463056677541 0.043964471397457766 0.7795089605309871 60.23240784958416
0.7752610376669183 -0.010835931890037015 -0.6315480235545726 -29.882821545629664 -0.019899071221612795 0.9989375520559903 -0.0415667421973745 -4.0447710129403704 0.6313274510427449 0.044792294788950804 0.7742217381909452 61.047289796019896
0.7697608053761442 -0.012120814815245974 -0.6382173519694399 -30.54985531451888 -0.019454048002313262 0.9989098236989161 -0.04243470436004075 -4.100076557058389 0.6380359257306698 0.04508048320520603 0.7686858314753763 61.85112712460467
0.7642106976480727 -0.013365773697398687 -0.6448281675715754 -31.25689484439173 -0.01901911476724854 0.9988834572033392 -0.043244793894471785 -4.157875940196527 0.6446861894547732 0.045312195035939515 0.763103218514578 62.67548325181745
0.7587984506112645 -0.014699816791991678 -0.6511596015849156 -31.98634416315045 -0.018539205923047274 0.9988527591110178 -0.044152728795060874 -4.220378746350498 0.6510616016888776 0.04557500414250348 0.7576554030716883 63.489334490302596
0.753990846340571 -0.015445949710601167 -0.6567033015541848 -32.741001543849706 -0.018386599915128605 0.9988355506282426 -0.04460353959874341 -4.295399810777848 0.6566275478368158 0.045705201440462306 0.7528288636756002 64.25768100077384
0.7486042311915145 -0.01610887540053729 -0.6628214006619665 -33.491956830090224 -0.017572843700999312 0.998871532408243 -0.044123201478007724 -4.36013811935658 0.6627842033470782 0.044678472195662185 0.7474763768279495 65.02509756693685
0.7421742973990713 -0.016034419559712142 -0.6700150816732245 -34.2194815813065 -0.016787900590140376 0.9989553125430153 -0.04250235212152965 -4.415222998876864 0.6699966258676008 0.04279229990862881 0.7411297729780923 65.83836361975052
0.7357233590411028 -0.016608010451111266 -0.6770785131357603 -34.9546288626596 -0.015898326951225165 0.9990003477166987 -0.04177976139313645 -4.470561475173184 0.6770955487679916 0.0415027619655756 0.7347238519251974 66.62482837704054
0.7292620953921422 -0.01821660182237036 -0.6839919236674559 -35.704883202077 -0.014945334973423841 0.9989829677411141 -0.042540182483020994 -4.531630972593439 0.6840712193820124 0.04124543103425843 0.7282481590996321 67.43053735658901
0.7228072312099626 -0.019928670774959228 -0.6907622996311613 -36.49987634997158 -0.014847837341314552 0.9989054746837855 -0.04435531955749298 -4.590814844640436 0.6908901853673074 0.04231667198522024 0.7217202027345647 68.25094421456095
0.7166013249358998 -0.019314652710606756 -0.6972155228412381 -37.27887390099224 -0.016152138182720713 0.9988888868572786 -0.044273018252129544 -4.647746713682392 0.6972959554824897 0.04298762500645662 0.7154931268461385 69.04710263743809
0.7114182177180438 -0.018579151823288283 -0.7025232626870148 -38.122743262713875 -0.016617859889594563 0.9989262306557067 -0.04324618411688994 -4.715640909063721 0.7025723921643737 0.04244055637605765 0.710345572903019 69.87239980102032
0.7063291490208035 -0.018279133656976747 -0.7076475157282028 -38.947446375802976 -0.017425647878212904 0.99891463748212 -0.043195993101091956 -4.776801844196683 0.7076690469701009 0.04284180547917436 0.7052440000905444 70.68836102650239
0.7015630424833059 -0.019400078595033173 -0.712343270040556 -39.77595546734968 -0.017160701920194293 0.9988795170418315 -0.044104656714272175 -4.840587928065377 0.7124007353527732 0.04316650767416879 0.7004440340841245 71.48801279242491
0.6963009567181555 -0.021199396288776838 -0.7174368008893687 -40.602320126928106 -0.017858534825726358 0.9987425627020491 -0.046844062390255535 -4.903387265444165 0.7175277349393947 0.04542993555284018 0.6950468117676711 72.28397772520054
0.6912232996027997 -0.02361021635281526 -0.7222554311114529 -41.42340785950331 -0.017526598643243765 0.9986243859700966 -0.04941815542739793 -4.967141651790574 0.7224286597486396 0.04681766151380323 0.6898586363481733 73.06561947749404
0.6861225444290066 -0.02416916418544016 -0.7270843868003508 -42.25425809069952 -0.01770885602129435 0.9985969214954633 -0.04990575916866703 -5.036579141256416 0.7272704108133933 0.04711729918364536 0.6847318523867245 73.83774936688026
0.6812063552642245 -0.02390960523764794 -0.7317009172640211 -43.11215781633162 -0.017118808829129792 0.9986730301092216 -0.048570827836655416 -5.103340524934359 0.7318912814973968 0.04561260472551568 0.6798931109801379 74.62724930171525
0.6759344105509567 -0.02380511966314074 -0.7365772117782038 -43.94712191606981 -0.016667885967578275 0.998728683251473 -0.04757308932738111 -5.171739354795658 0.7367732719164702 0.04443347306482704 0.6746783027939272 75.39389117197776
0.6706196487202553 -0.02525922397846693 -0.7413712014600551 -44.79582399590241 -0.015577737131851531 0.9987201554618254 -0.04811844947791691 -5.23393800636444 0.7416377962699654 0.04381806337931351 0.6693678782743563 76.16603096787917
0.6659213370161425 -0.026479800769955597 -0.7455518714736187 -45.67856822401898 -0.014274015129370717 0.9987346668092005 -0.04822154918293551 -5.301172589871779 0.7458853969603629 0.04275377719803501 0.6647007515691407 76.9359919511882
0.6613014820705267 -0.02739265722647733 -0.7496198984428016 -46.53530833586006 -0.013211717747690921 0.99875265773479 -0.04815162699067803 -5.361619220959753 0.750003866873684 0.041746508809321424 0.6601147087262579 77.6921219258839
0.6572230287977026 -0.02839247522834665 -0.7531611764877295 -47.42332939497559 -0.01182415741238292 0.9987788032309661 -0.04796969374518541 -5.431740046098195 0.7536033968338122 0.040432283721395235 0.6560847130619721 78.4640737736148
0.6532269656089275 -0.031194349757817885 -0.7565192951567984 -48.3026475854326 -0.009404184216998521 0.9987396306845313 -0.049302245581104194 -5.499040784445272 0.7571037529431252 0.03932000309401913 0.6521103009737842 79.22354305934178
0.648990354857503 -0.0359497388240996 -0.7599467978618044 -49.20439526261675 -0.006110956384155573 0.9986044174788639 -0.05245830347781597 -5.569903998703253 0.7607720917028975 0.038688934725302424 0.6478649479759011 79.98560416030931
0.6444388367253577 -0.040192000941417366 -0.763598840216767 -50.155304491882575 -0.0015615928910652794 0.9985463929559434 -0.05387636348453874 -5.64412259379095 0.7646542664156847 0.03591245153147675 0.6434393123498813 80.76385800540777
0.6375619304752936 -0.04385093091678409 -0.7691501028189147 -51.075557950604555 0.003682497795468556 0.9985408157803135 -0.05387651093726488 -5.721673937275229 0.770390306285458 0.03151721876242068 0.6367930911237005 81.54467702922962
0.6292232843466103 -0.047708868269836585 -0.775758933125797 -52.02863522252759 0.00858284206601427 0.9984799092196124 -0.054444519530118064 -5.800434179466096 0.7771771955340258 0.027599542989095477 0.6286762855147772 82.3143020181198
0.6208515875540217 -0.04849958797435204 -0.782426415835999 -52.99414942317988 0.011420532511707701 0.9985380343395446 -0.05283337405909599 -5.8834456212597175 0.7838449321573744 0.023865957840351122 0.6204978149740431 83.04620478712995
0.6119930084484904 -0.04700757365242965 -0.7894649109551837 -53.87985477000304 0.012133286104265291 0.9986725675268558 -0.050058827769240075 -5.954910468213286 0.7907700936292905 0.02105684897200437 0.61175098539593 83.72233754747776
0.6034827548133281 -0.04658814571707322 -0.7960138876436517 -54.93925698834477 0.011638246680522603 0.99869999118392 -0.04962739992627098 -6.0402606124948734 0.7972911111113171 0.020685074036210015 0.6032404262439611 84.48968779084574
0.5941228382484256 -0.04783005322563348 -0.802951019103947 -55.91874090091539 0.010844029967651374 0.9986160957883813 -0.05146163859062385 -6.112870261906343 0.804301224719753 0.021867309866656602 0.593819299680887 85.20073800285859
0.5843659754108512 -0.04997641269343841 -0.8099498533590944 -56.907889524764464 0.011436717317235176 0.9985098596442794 -0.053359738475443806 -6.187330679261256 0.8114096427077564 0.021918448107866476 0.5840667541928851 85.89988442309985
0.5747373505374044 -0.05165893622705124 -0.816705780685513 -57.949203270787464 0.012000386560894978 0.9984302515707787 -0.05470853197355429 -6.26499558289049 0.818249942633443 0.02164225164352768 0.574455084688232 86.61454978432695
0.5645330435938273 -0.05240773308156122 -0.8237450286368596 -58.95580321512921 0.014942157685113219 0.9984676220036651 -0.05328357846522759 -6.344922103652702 0.825275211438222 0.017771812614325273 0.5644510501912434 87.30611510904934
0.5542451037264358 -0.0525823312836407 -0.8306909554293034 -59.943691352927736 0.01634616756265773 0.9984977275925859 -0.05229809555286293 -6.419079263515335 0.8321929871137372 0.015407349844159816 0.5542719961981601 87.95780691354003
0.5439197866532519 -0.05300877678492619 -0.8374612440410872 -60.9411032030903 0.01634599874606 0.9984826911703043 -0.05258444407142868 -6.499186476042572 0.8389779937591173 0.014912579155641778 0.5439609737571729 88.60684465060254
0.5336804151014383 -0.05375290908948164 -0.8439762077816965 -61.974546561386525 0.015392003079534049 0.9984300173211196 -0.05385709566388682 -6.582689911287763 0.8455461553211361 0.015751992780831534 0.5336699110359101 89.26503548150302
0.5235251956621226 -0.05405796375144209 -0.850293541115057 -63.004185487498816 0.013857744073936995 0.9983934173997868 -0.054941305244386306 -6.661569828384636 0.8518974893941855 0.016980007297505546 0.523433230618824 89.89718511323879
0.5135164660187367 -0.055063580542512126 -0.8563111824713402 -64.06103333054179 0.012955613544527329 0.9983227168849584 -0.05642610237399455 -6.745403242763154 0.8579819294165301 0.017881695928349095 0.5133685359908741 90.52729575165799
0.5039096583561228 -0.05489248332331858 -0.8620103662311804 -65.13507027397274 0.01203569464345444 0.9983279361700517 -0.056537367438671174 -6.827157257090951 0.8636725063760362 0.01811483196292443 0.503727758410324 91.14771834168472
0.49521817408096236 -0.052710601339191684 -0.8671681224343855 -66.24832270739707 0.011106466024374298 0.9984602561950202 -0.0543485345839681 -6.910660290448313 0.8686976496298159 0.01728320877141063 0.4950410934682056 91.77726314567536
0.4873065010977186 -0.0510010322798681 -0.8717403677094951 -67.3676072189125 0.011507778375262706 0.998581353882859 -0.051988948001889176 -6.995838687090873 0.8731551666369295 0.015302757394180848 0.4872020941984648 92.39722462462471
0.47958519470147826 -0.05105730237079619 -0.876008671702376 -68.47739273791755 0.011587967881547073 0.9985872534989052 -0.05185765276109531 -7.082148607031168 0.8774188053737626 0.014719002144547596 0.47949931277567776 93.0031818629292
0.4719851620808988 -0.05413393894075745 -0.879942909187991 -69.56409692263257 0.013367102904661024 0.9984376997296129 -0.054253850725792176 -7.1606311208076034 0.8815051487855322 0.013844725110983159 0.4719713934670165 93.58308393871134
0.4651509043112598 -0.05767958881824838 -0.883350270986642 -70.70243434646488 0.016066818401893626 0.9982606992083839 -0.0567224273319645 -7.246448093681506 0.8850855854463212 0.012191859978987044 0.46526859445420865 94.16911593823674
0.459200822650611 -0.060215156809041145 -0.8862893090675659 -71.86082074696795 0.016906419378717497 0.9981116774108594 -0.059052962668036155 -7.339834593218511 0.888171592351834 0.012133190287147917 0.45935172605821645 94.75612340874477
0.4534411668720301 -0.06366516729829463 -0.8890094795099829 -72.6140779542603 0.01891243097231474 0.9979082721338631 -0.061817476182113244 -7.402969122906435 0.8910855335715244 0.011217258118135289 0.45369675442949975 95.14839809818069
0.44867939737135476 -0.0647276937093466 -0.891345681563301 -73.56267661460993 0.02160805865205783 0.9978678428421089 -0.061586199938998214 -7.478706906279124 0.8934315251745745 0.008372209308543155 0.4491213821847348 95.62191215347528
0.444082357988552 -0.062097685770108074 -0.8938314923660516 -74.63065280734574 0.02321091003553345 0.9980579283545443 -0.057806792887674686 -7.567429392751184 0.8956852756290288 0.004924334537079332 0.44466126203067985 96.16760841400061
0.4401581265415937 -0.05970332712622217 -0.8959332209319243 -75.74000901048332 0.0256604347569867 0.9982158909920542 -0.05391267994658261 -7.664726500899335 0.8975535447690439 0.0007400682397836937 0.4409048497936074 96.72479149560672
0.43702442018906407 -0.05947725416038659 -0.8974809816346816 -76.78085051370756 0.027827675277605792 0.9982276857114419 -0.05260330757494041 -7.738608254910008 0.899019063561533 -0.0019858793317915294 0.43790498927989274 97.20660992556846
0.4337112607400117 -0.058975210894921096 -0.8991198289478481 -77.83597119882145 0.028934114961018848 0.998252700497098 -0.051520509912797975 -7.824106141736167 0.9005872302551993 -0.0036702111862608137 0.43465983280160136 97.73577821594695
0.43177855720743746 -0.05831010118144218 -0.9000928894486792 -78.93787069758454 0.030791358769289463 0.9982794558522409 -0.049900102690234226 -7.900902223892471 0.9014539199321303 -0.006169288740608417 0.4328311103830573 98.24022137403107
0.4294572274236885 -0.05752762328370433 -0.9012530512419279 -80.04733097750731 0.032491140159923666 0.9983071686046763 -0.048240262474656806 -7.9773656365717445 0.9025025294284031 -0.008565609834903279 0.43059936681733485 98.76078743252991
0.426810616075877 -0.05834990530772118 -0.9024566397093596 -81.03706122398107 0.03464793824261994 0.9982386916632733 -0.0481563582710854 -8.051345337201457 0.9036770542513876 -0.010714616977639629 0.42808057489514345 99.24787096532732
0.4246763498329961 -0.059420588596692685 -0.903393154470048 -82.20466302725552 0.03746761796432002 0.9981424643534117 -0.04803955098228181 -8.118230560803767 0.9045696078780238 -0.013446728424494162 0.4261138462876739 99.78368387755843
0.4227459720567016 -0.05910317800263163 -0.904318891464633 -83.28628803134497 0.04096139538432804 0.998097413140097 -0.04608381463395356 -8.18515328512867 0.9053220461239206 -0.017560416653288533 0.42436260976782536 100.2787530412108
0.4203500933163932 -0.05842140310815303 -0.9054792867359103 -84.37217867042078 0.042710353311145074 0.9980928777658674 -0.04456941858592782 -8.256547934740388 0.9063562350251338 -0.01993858099076223 0.4220436330749915 100.79847412262893
0.41827540624934917 -0.05948821243223195 -0.9063701435443238 -85.39798482064526 0.04479224277114716 0.997989914680097 -0.04483062774872436 -8.330878836847072 0.907215156131373 -0.02184680247614584 0.4200992474488566 101.28982403007947
0.4169837323142829 -0.06101062523329593 -0.9068639757945461 -86.4351395248246 0.04607665948710141 0.9978806399335302 -0.04594746887870666 -8.393397580527482 0.907745288302704 -0.02262591555036683 0.41891115944761775 101.77045663860801
0.4168389078528862 -0.062222671531938833 -0.9068482034207489 -87.54440160582833 0.045984681801962655 0.9978203837015439 -0.04732748576966477 -8.47420076319284 0.9078164648978251 -0.02197318859733458 0.4187916487267632 102.2679107301499
0.4170340866107627 -0.06297707595021265 -0.90670637943575 -88.5185262019042 0.04502386938186842 0.9978032303899697 -0.04859593202344837 -8.541729257663544 0.9077749841180964 -0.020557269471024552 0.4189534304445833 102.71724331093121
0.4195851896692044 -0.06258869711401621 -0.9055555883565769 -89.57847400939777 0.0427972226798385 0.9978745927317564 -0.049139545290181295 -8.621655569456253 0.9067064940437721 -0.018137038733029433 0.4213720226650631 103.19265471665545
0.4237428673904864 -0.0627862560285967 -0.9036038226953219 -90.52060735415941 0.040772517489372294 0.9979056551230986 -0.050218575158206574 -8.69106077869483 0.9048644009757851 -0.01556243963050559 0.42541535740906117 103.6300181103348
0.4291632039958124 -0.06300561256531158 -0.9010267682601428 -91.51754368545697 0.03916821768119167 0.9979238730087368 -0.05112528144590921 -8.770338643634476 0.90237730194178 -0.013350523005279877 0.43074002423243407 104.0890297982212
0.4350194170220458 -0.06312642313112296 -0.8982055229826126 -92.50569471883688 0.038451600811848265 0.9979318376091935 -0.051512346878652894 -8.839583161466267 0.8995996783063034 -0.012128569108135864 0.43654703824740737 104.5631177828654
0.4417343966716096 -0.06217104264094594 -0.894989097282255 -93.50834970073666 0.037355768016952735 0.9980054043189575 -0.050889680152462355 -8.907468058725883 0.8963678203689774 -0.010953282936818735 0.44317576219810706 105.05553877396139
0.44950341737047356 -0.06054068840870189 -0.8912247207182178 -94.45491511373251 0.03572185431946107 0.9981209242804547 -0.04978523513564989 -8.98238072472026 0.892564074392558 -0.009457566311331381 0.45082139206477495 105.53759802376389
0.4586515237528614 -0.06021098260093047 -0.8865739773608337 -95.42100930755933 0.035437788606720574 0.9981474488496721 -0.049455368703091536 -9.051393077490419 0.8879093100637265 -0.008735440980500215 0.45993559241814735 106.01869888063115
0.46852042266510197 -0.059901374255190445 -0.881419558954788 -96.38439251452596 0.03483625877702728 0.998175379593881 -0.049318826496923436 -9.118306117459738 0.8827655683249847 -0.007598482411196869 0.4697522905158764 106.50705372202125
0.47795128936609904 -0.060613926728789985 -0.8762924836376264 -97.26814130921368 0.03368056666226613 0.9981472409223792 -0.05067252577435573 -9.181850545053813 0.8777403855483643 -0.005295028381509652 0.4791072721759154 106.99344245920328
0.4887648179460818 -0.06223239723124283 -0.8701931288357692 -98.18583166659006 0.032061185207380744 0.9980600363232612 -0.05336894506649389 -9.24772861753494 0.8718262631632696 -0.001814560350394429 0.489811876366328 107.48079852415069
0.5004845030710606 -0.06319123019888434 -0.8634362342475931 -99.1345133084585 0.030596267193887243 0.998000640266501 -0.05530452478284478 -9.323985025493606 0.8652046755649861 0.0012611318756000195 0.5014172702718549 108.00849657144767
0.5124615126064288 -0.06144361849089457 -0.8565091242035171 -100.05514447246158 0.02842278076274223 0.9981039414043962 -0.05459549145052986 -9.398044397531866 0.8582396772643662 0.0036337170717049153 0.5132362540481706 108.55482304034626
0.5252954191510646 -0.05881548325962735 -0.8488848340899038 -100.9938559008456 0.02681133588680041 0.9982570551247057 -0.05257379729216419 -9.472861642400222 0.8504974279131431 0.0048570384689551995 0.525956779869257 109.12100382321765
0.5380636007483324 -0.05619920624178561 -0.8410286622746767 -101.91128051787987 0.025891056173367198 0.9984059851910223 -0.05015119086296795 -9.547339794486241 0.8425065072508142 0.005209409999179852 0.5386609762062714 109.68780530470663
0.5503419138128515 -0.05552393693770517 -0.833091153672721 -102.80015868054494 0.025913851929882322 0.9984415828616379 -0.04942547815555552 -9.61875059349749 0.8345371472732438 0.005612311438873954 0.5509230906227733 110.25074768748689
