1.0 0.0 0.0 0.0 0.0 1.0 0.0 0.0 0.0 0.0 1.0 0.0
0.9998810308482596 0.001439732114479566 0.015357451652541834 0.01130408683105261 -0.0014246311882458412 0.9999984910039371 -0.000994191041136026 -0.0008707655756714955 -0.015358859846977605 0.0009721940584749994 0.9998815731189937 0.09915412925638614
0.9993232227303035 0.004522768106903497 0.03650535687499839 0.024255579916021036 -0.004503862439146147 0.999989677494526 -0.0006001062599791519 -0.0018085127137919235 -0.0365076941897056 0.00043528501604604567 0.9993332771362643 0.20508156741884087
0.9979471010820032 0.00610097215698243 0.06375234568833843 0.04501543160514205 -0.006174342003172611 0.9999804835935834 0.0009539039633455503 -0.00424959944394205 -0.06374528173012914 -0.0013455744807156324 0.9979652942294452 0.3269237629243003
0.9951934065858898 0.005792230271894683 0.09775752429582593 0.07796338018296495 -0.006125419196567746 0.9999764078310149 0.003108540018464173 -0.0052290445000305625 -0.09773721260419682 -0.0036924043464145336 0.9952054076533671 0.45820336150399066
0.9907727586085218 0.002704978991394347 0.13550654555376937 0.12246597071202465 -0.003447623916208342 0.9999802957636101 0.0052461389474023935 -0.007040064827699941 -0.1354896848051247 -0.0056649071642154375 0.9907625619381409 0.590055749090233
0.9845840173829947 -0.00024443550782887085 0.1749121292685137 0.17277138174968248 -0.0007511622048655265 0.9999838931533561 0.005625761210680872 -0.007216107958978693 -0.17491068712146982 -0.005670421954328671 0.9845679752285035 0.7224726391237473
0.9758077199177269 -0.00018698654536613486 0.21863041596493138 0.22558586711963877 -0.0013409256591100178 0.9999757067513363 0.006840162683908944 -0.006615853025641069 -0.21862638374026086 -0.006967850687080794 0.9757837636430823 0.8575465849578291
0.9637451804901541 0.0001692118855701694 0.2668242838448895 0.28453796754161037 -0.0028455601520329266 0.9999494489832056 0.009643768226414936 -0.004628068110730779 -0.26680916376583 -0.010053399699675232 0.9636969436939483 0.996595277780462
0.9492844837951677 -0.003916907524078398 0.3143940627002835 0.35639891535444035 -0.0014666909520048442 0.9998563566738382 0.016885343839254194 -0.008321474291735308 -0.3144150404217223 -0.016490113837276894 0.949142380521616 1.1325474136640006
0.9325481495547073 -0.013326214910632104 0.36079961302397034 0.4391153853297779 0.0048309832277266575 0.9996896927311649 0.024437263515432805 -0.008591601368162465 -0.36101331050689045 -0.02104590799240856 0.9323231518060839 1.2543035322850946
0.9112946090426735 -0.018913886659997606 0.41132031365004773 0.5222265422381149 0.007851292822317847 0.9995610069259866 0.028568350217089093 -0.006726757760837353 -0.4116800854192234 -0.022804787315842245 0.9110430554834935 1.3729585993592246
0.8862134041903631 -0.020276353242806952 0.4628333087975638 0.6002688678742439 0.0056004933944253 0.9994376452263675 0.033060970616620944 -0.0075591608734618156 -0.4632433881957379 -0.026706980427352464 0.8858285954344586 1.4769911553939843
0.8578779695976911 -0.022611420317905823 0.51335573723311 0.7032920125679284 0.0038091154020720164 0.9992837550464917 0.03764927011294354 -0.006309884928119211 -0.5138393522481481 -0.030343048155890378 0.8573496483406362 1.6015344837675807
0.8257462189009077 -0.02734075392089548 0.5633787936600837 0.830400677041255 0.00461679829643228 0.9991186609048921 0.04172033802722361 -0.002797242229732961 -0.564022931399375 -0.031849405122431715 0.8251446832216777 1.7335005633233795
0.7897647172119042 -0.032824208031962995 0.6125310300827831 0.9722174126148457 0.006370269102115262 0.9989522913396629 0.04531820052478292 -0.0022727174016521773 -0.6133768100594996 -0.03188872832698438 0.7891463729162799 1.8667185668542277
0.7518462737450594 -0.03695837019699322 0.6583017997302235 1.1324524468463337 0.007063921525330848 0.9988219655844739 0.048008145961416726 0.0013909456027668046 -0.6593006003852515 -0.03144455339722175 0.7512216439861782 2.0010567918581152
0.7121962942415044 -0.03987043603011718 0.7008471921891654 1.3191440314999061 0.007863984185975772 0.9987762448786579 0.04882796758836538 0.010361195346984625 -0.7019363192066578 -0.02926364633561701 0.7116382808574541 2.14171240388806
0.6705709403852315 -0.041665689936018345 0.7406744117309725 1.5639131496973038 0.006793246892394651 0.9987245274826146 0.05003168997033587 0.021466822375716347 -0.7418143067557577 -0.028518213246702832 0.66999869089849 2.313824291902006
0.6283658176918686 -0.04151884521344783 0.7768092331123333 1.8275192972425536 0.0018045301729364646 0.9986498211987351 0.051916069675872235 0.0349445667533744 -0.7779158970141208 -0.031220507873460656 0.6275923334943145 2.4874165773906745
0.5865842364487636 -0.0423934670844085 0.8087779222372384 2.2089741338899187 -0.0011346342878347372 0.9985850727682941 0.05316544977120381 0.04877906774934557 -0.809887428075565 -0.0321036819213108 0.5857061613575885 2.7209020732163007
0.5467944370884323 -0.043564802250798354 0.836132735619168 2.5699517929036397 -0.003185357288315848 0.9985299420480608 0.05410922594570156 0.06448583558558649 -0.8372608297705618 -0.03225000524567468 0.5458518481177504 2.916935004445491
0.5084605703136784 -0.04602270142539924 0.8598544989646781 3.00445215096911 -0.004666483487329068 0.9984087326298798 0.05619810085990833 0.07862299109287121 -0.861072628973974 -0.03258701523469891 0.5074367094229015 3.1334529538027684
0.4713973806956601 -0.0457180880824353 0.8807351281147799 3.4401078768006337 -0.007901565968140227 0.9983964188594849 0.056054937907446784 0.09685450374182851 -0.8818855224622534 -0.03338333761988567 0.4702802122573677 3.3371584505008918
0.4348590982250006 -0.044945083671203 0.8993761749928271 3.920281207114906 -0.009003385701291514 0.9984867259481459 0.054251241011303866 0.11909361835722204 -0.9004534989308737 -0.03168907633777546 0.4337963793117753 3.5449803635567294
0.40162283530403653 -0.043703477508037304 0.9147617745708725 4.425532484848095 -0.007689650420629222 0.9986645452853337 0.051088112770458945 0.14070286439922788 -0.9157728798336163 -0.027552350965808534 0.4007504217309094 3.735149074854149
0.3718718815573544 -0.04188319009181209 0.9273387202606858 4.958542359535326 -0.00576181321129276 0.998858235440895 0.047423907477351694 0.1652152796427047 -0.9282661823073761 -0.022978770194146028 0.3712059683044625 3.927008241278387
0.3465063634813647 -0.04009146927750229 0.9371904897928125 5.579046336730073 -0.004668133446332939 0.9990001906156339 0.044461530338653 0.19205872766998822 -0.9380360060237811 -0.019781133463450028 0.3459727708387667 4.136939213687255
0.32640595345535534 -0.03953609614130331 0.9444024833993219 6.143620652540985 -0.0034426866855384905 0.9990685173498066 0.043014480687844574 0.21557570950534366 -0.945223413515178 -0.017291464436691235 0.32596580158100813 4.316736113882147
0.3117231227640789 -0.04005334213630072 0.9493284070952074 6.73803838728643 -0.002508957528928887 0.9990729557781296 0.04297597194794068 0.23861450614249477 -0.9501696689888227 -0.015778428833841136 0.31133364950998543 4.502498121634404
0.30018567589966055 -0.04155119748602511 0.9529753711256873 7.3412133526186665 -0.0015974583918831285 0.99902750635653 0.044062338450656914 0.26076571903907214 -0.953879451561543 -0.014749221353392735 0.2998273709288705 4.6863953529703775
0.2894804365462815 -0.04354582028214945 0.9561928876502529 7.98319508784172 -0.002751463259721855 0.9989226429411546 0.04632475439103304 0.28423140578359457 -0.9571799759224515 -0.016041039723592564 0.2890487480299499 4.874158711835398
0.2791017947311739 -0.04524467968029745 0.9591950308141015 8.676432285654252 -0.0040885949833271975 0.9988243292939024 0.04830364998267558 0.3125179772726772 -0.9602528164857942 -0.01740339539325013 0.278588675756726 5.071425576283857
0.2691289529442883 -0.04702145780973755 0.961955606664132 9.336614824175852 -0.004913995358250937 0.9987274125029392 0.05019370642623944 0.339544497735772 -0.9630916152353993 -0.018235625040877855 0.268555399578259 5.253725078210268
0.25890722071660943 -0.04893378452356732 0.9646618764069628 10.096456657026451 -0.005926877153657986 0.9986166094284921 0.05224690900664251 0.3697360310624882 -0.9658840112498014 -0.019244534438224693 0.25825902637903997 5.459654585454978
0.24842418161892307 -0.05040379243162874 0.9673390737975377 10.80930311258294 -0.006249523130865816 0.99854107536414 0.0536345436380691 0.4017062760987896 -0.9686311833962427 -0.019369525526879785 0.247746749793531 5.643238539107673
0.2381096058213093 -0.051617026436176904 0.9698657114247871 11.541222592089504 -0.006309253230301741 0.9984835001938672 0.05468905890833799 0.43539493015006436 -0.9712177968608778 -0.019141118632168476 0.23742284775946185 5.820017429542254
0.22769738209000848 -0.05441363581339742 0.9722103982302001 12.323513611930089 -0.007724107915596582 0.9983050592447322 0.05768315909587549 0.47134330387404216 -0.9737013096151539 -0.02064376234940752 0.22689115172213362 6.0031014449380224
0.21626352830060158 -0.05792344470199782 0.9746152886553904 13.100481180650814 -0.009457812689864193 0.9980674505235199 0.061415909865481115 0.5095970922104547 -0.9762892174484461 -0.02249975020608127 0.21529775924185923 6.1800297961901425
0.2040611548553256 -0.06188831455159201 0.9769999394068939 13.8893531062074 -0.0105236260216867 0.9978033638867115 0.06540413069308887 0.5437135023111115 -0.9789015774706196 -0.02362802442706905 0.2029616172757975 6.346983331967985
0.19100623689473917 -0.06411794392330747 0.9794924740570284 14.679766314710145 -0.011567120002043936 0.9976480188124145 0.06756206253899255 0.5809840712106686 -0.9815206667218832 -0.02423468231093653 0.18981533386720595 6.501041083708917
0.1770003488817997 -0.06466730875564379 0.9820840166065344 15.462203558412078 -0.012194649650503169 0.9976184165511942 0.06788803633770425 0.6197669469030618 -0.9841352381739127 -0.02399237662654955 0.17579021260635389 6.6410845120432
0.16248965204421686 -0.06358052006905747 0.9846596520860891 16.261667422057084 -0.013792981010996916 0.9976779187781043 0.06669725674584082 0.6613589363553974 -0.986613838669102 -0.0244190059244537 0.16123537296847074 6.775363494398678
0.1459246919116729 -0.06273232718544934 0.9873047348293138 17.06677868491161 -0.014392890824202722 0.9977472453881434 0.06552311816522778 0.6973563954399314 -0.9891909972215716 -0.023771610089969704 0.1446930598526567 6.894051827817046
0.12549863399676361 -0.06098425667315364 0.9902176595592355 17.842284572775128 -0.01708422104968627 0.9978280693712818 0.06361818423930218 0.7351219988970559 -0.991946683172071 -0.02490109260259979 0.12418419114816868 6.993486797306494
0.10026630949117861 -0.05990610190244236 0.9931555397498792 18.65257531576595 -0.021446983757114436 0.9978237025950011 0.0623529103356433 0.7675573123046618 -0.9947294577264425 -0.02755208693469317 0.0987632949875703 7.072305848091169
0.07034928253393014 -0.05944110836025429 0.9957498345889224 19.439394186806595 -0.025371548342620807 0.997793453605481 0.061355590427806625 0.8008247354329564 -0.9971997106806942 -0.029580036831471358 0.06868594062389662 7.123221980705997
0.037252986568652946 -0.059382885416854624 0.9975399179538056 20.222602715611224 -0.028470024691231922 0.9977645566663118 0.060459467038329565 0.8314155373723969 -0.9989002315976293 -0.030652281808161087 0.03547907741411349 7.149515852515803
0.002817962052536334 -0.058766932753111886 0.9982677530125182 21.048146054962626 -0.03002693781437394 0.9978166095913286 0.05882513603178578 0.8627028303238681 -0.9995451175886776 -0.030140690742874527 0.001047218305899502 7.149714349386465
-0.031050147596655978 -0.057578187013653 0.9978580263316256 21.91562406582673 -0.031109689575977546 0.9979113834369948 0.056613231857488566 0.8948380658415962 -0.9990335707816396 -0.029285204234975756 -0.03277653526844432 7.116833595276896
-0.06412327849619394 -0.05540230601996621 0.9964029253482599 22.73113314339891 -0.033283439779769636 0.9980210193998156 0.053350327764501486 0.9278159383167148 -0.9973867944741032 -0.029742718837108738 -0.06584035908810579 7.062288812379972
-0.09635462150006849 -0.0524455465597269 0.9939644116172522 23.5486940998888 -0.03550053077699434 0.998156590443727 0.04922533157131468 0.9543250761893877 -0.9947137775411232 -0.03054317599408591 -0.09803884520976418 6.977991585393808
-0.12868774912454464 -0.0478527971445505 0.9905299455497047 24.38044994346673 -0.03271928700560857 0.9984961731697765 0.043986821016715257 0.9783741836621563 -0.991145252464594 -0.02674886858830528 -0.13005993443848393 6.860126933320366
-0.16030770597515023 -0.04197480970499383 0.9861742010188741 25.18944039384041 -0.02753415857549374 0.9988967865013263 0.03804050510789184 0.9952401587045139 -0.9866829832912519 -0.021055290725932353 -0.16128659341657062 6.715544778513372
-0.19069440835585597 -0.03548694346828648 0.9810078080551087 26.0288572089555 -0.021163905122808205 0.9992627058411309 0.03203332382089716 1.0098470782174307 -0.9814212814799583 -0.014653380440714773 -0.19130485278710757 6.536632638066824
-0.21920001867315134 -0.029656198205490078 0.9752291329332236 26.823606810583026 -0.015043539261055106 0.9995218636792039 0.027013625335228393 1.0180067747481427 -0.9755639618908604 -0.00874951057189404 -0.21954134536474257 6.336040235175746
-0.247247971235248 -0.023591323791765963 0.9686650040967756 27.639960495209763 -0.006489666699304661 0.9997214574712424 0.022691225125738422 1.0222466204158138 -0.9689305057361889 -0.0006759536426875039 -0.24733220198851402 6.110164234796733
-0.2730944415567621 -0.013071637933754375 0.9618984136968567 28.393305744799715 -9.073090557666207e-05 0.9999080222157277 0.013562406738287227 1.018800328395897 -0.9619872232824632 0.003616543980210791 -0.2730705089366779 5.877855076286722
-0.29506713045257793 0.0038797985255920597 0.955468647151691 29.11479461585518 0.002800769514291414 0.999990971697818 -0.003195655328994544 1.112412601661106 -0.9554724193908529 0.001733114610961869 -0.29507533291879245 5.6095863825116465
-0.3238054615582042 0.022334072403009518 0.9458600384174056 29.787102749027255 0.002885147008342641 0.9997400034065721 -0.022618609934471647 1.1206116523685437 -0.9461192837014893 -0.004595084169485655 -0.3237857103234435 5.356788587951122
-0.34684419954392887 0.036487756213886675 0.9372127532685457 30.419404994928314 0.002039840112666667 0.9992699847042158 -0.03814887575737187 1.0891185668086618 -0.9379205405017245 -0.01131995210734637 -0.34666542716175414 5.1188760438618655
-0.37129978115860945 0.046919036650751964 0.9273268444897597 31.206753326230352 0.005882056346607605 0.9988212916807789 -0.04818120689932988 1.0421107817711273 -0.9284944124359095 -0.012435082826668161 -0.3711381074349412 4.796178468346474
-0.3951057095726767 0.05110587330601302 0.9172129894286835 31.95601757255993 0.008859092648279707 0.9986168668580444 -0.05182537702778815 0.9907096082116519 -0.9185929428971908 -0.012350827512881319 -0.39501197743768013 4.472691272001616
-0.41751098480118937 0.05080122408379945 0.9072506892815951 32.68724368910392 0.012558449289912397 0.9986632132029125 -0.050140522002339136 0.9367509136987585 -0.9085850884324342 -0.009540556945061219 -0.4175908462255902 4.128390315797827
-0.43768126153086434 0.04658335670097559 0.8979226604687185 33.413476067053864 0.0161955983478955 0.9989034243706476 -0.04392779728995807 0.8833958357415074 -0.8989843246124513 -0.004683978977715697 -0.4379557562608713 3.7625882519304334
-0.45539576940485516 0.04551336628521911 0.8891249781091228 34.143372839904345 0.024211501721854864 0.9989561659903355 -0.03873475976770758 0.8321209849796342 -0.8899598285274078 0.003887405211305898 -0.45602235875907515 3.371592648164767
-0.469412907257707 0.04573955843485985 0.8817932951060878 34.85477834746454 0.026393772010457683 0.9989380022208404 -0.03776554670723564 0.7821567595381295 -0.8825842120154473 0.0055462161173602306 -0.4701216312698793 2.9887737127118457
-0.48049567918460273 0.049919689291493194 0.8755751977448704 35.54648745730382 0.030492596339963887 0.9987259750424253 -0.040207317045596117 0.7349527480746378 -0.8764668298648707 0.00737911895810418 -0.4814056966322968 2.5994508646355743
-0.4903043358550504 0.05234925080056323 0.869977709014638 36.24691237071622 0.031277192562860476 0.9986083864598043 -0.04246207387224516 0.6863881470231644 -0.870989894009755 0.006391121401287913 -0.49125935930026876 2.2002673362742162
-0.5010621079952182 0.05171211586169041 0.8638649321534564 36.93485522793402 0.025428871576255393 0.9986618552162416 -0.045031893435794994 0.6346595576784032 -0.8650376502914467 -0.0005966650329945183 -0.501706595102249 1.8112119604169568
-0.5122039907778082 0.05042033258755611 0.8573825644909323 37.61451582078832 0.024942871716087712 0.9987275182402201 -0.04383146655412862 0.5865184642065377 -0.858501557937924 -0.0010650687729609402 -0.5128098484298709 1.4078441200179235
-0.5209523409688229 0.05174026718500572 0.8520161989015983 38.30847616919802 0.02702238465872024 0.998660574643271 -0.04412309350587314 0.5382608394551077 -0.8531579274474688 3.748060950894364e-05 -0.5216527095959003 0.9794524725725866
-0.5281341320651786 0.05481119705446597 0.8473901528960656 38.995105972438665 0.030268689868179054 0.9984956052111683 -0.0457201573449469 0.4889448364618715 -0.8486213201195367 0.0015030141181030083 -0.528998672954041 0.549310340294883
-0.5315761498664663 0.05777543356430338 0.8450377483696225 39.67996057628233 0.03139119879321837 0.9983293299587973 -0.04850919069973661 0.44334286683477225 -0.846428608644267 0.0007404191215404153 -0.532501701638648 0.1179485447611539
-0.5313742489012373 0.06007726182379697 0.8450042190524266 40.39749948584187 0.03129387332289932 0.9981934009161726 -0.051289646712133326 0.39402531976808397 -0.8465589767388313 -0.0008105425097274322 -0.5322943188911036 -0.3311127217593024
-0.5279266036055514 0.0602859616278218 0.8471476282420416 41.117136584106404 0.033377344578721324 0.9981796030962365 -0.05023378177594201 0.3410114283761613 -0.8486338751631243 0.001755788497645757 -0.5289777529654449 -0.7824232871216951
-0.5220146196545736 0.05914152795960132 0.8508836680401706 41.859099597252346 0.031549305137810166 0.9982493417420236 -0.050028922204439025 0.28762092874315526 -0.8523528484214815 0.0007289596835001536 -0.5229666245618046 -1.2304759910325607
-0.5152266633406307 0.0577528910044941 0.8551058934211039 42.62948298462061 0.02929812290523904 0.9983307336555873 -0.04977314770964638 0.2341663328500551 -0.8565530371069329 -0.0005914552559555771 -0.5160586641105546 -1.6817599460719341
-0.5079763001869937 0.05725976963998967 0.8594657626858149 43.380520332305004 0.027636068053171165 0.9983578014078773 -0.05017916012240419 0.18206676936666355 -0.8609275963696915 -0.001737569798513625 -0.5087245371124746 -2.120682889016734
-0.5015043902646339 0.05579815039363048 0.8633538746990995 44.186709369430055 0.024754448263240428 0.9984349214179383 -0.05014902775067384 0.12530223697939918 -0.8648008810335944 -0.0037781087603587227 -0.5021007489117243 -2.581021020364016
-0.49738391267712023 0.05349043531913221 0.8658799089593022 45.032650513974204 0.02021674703995155 0.9985409418146709 -0.050072653804173424 0.06842622102619528 -0.8672949478401925 -0.007400057380840015 -0.4977396032079813 -3.0521409492749374
-0.49583022877052685 0.0508424163893579 0.8669298892834756 45.8986082054322 0.016044833682253526 0.9986506492633214 -0.04939072826002257 0.010342675680675893 -0.8682712407706917 -0.01057967020458194 -0.49597693800103887 -3.537468592695638
-0.4963837461732522 0.04816312365418357 0.8667661103520841 46.77687843285251 0.012903216675676704 0.9987587926947148 -0.04810801403525458 -0.050360621539265245 -0.8680073061526783 -0.012695965298768465 -0.49638909026156447 -4.023171029215036
-0.4970145395854648 0.047173339907095414 0.8664590142889963 47.62891787907872 0.011742510606445896 0.9987954249000581 -0.047642550764730764 -0.10614930163814648 -0.867662757576529 -0.013504636267670463 -0.49696978169097156 -4.509899330178833
-0.4973863030329309 0.04649326102906261 0.866282426368051 48.49824773204309 0.011413650071341416 0.9988271541588674 -0.04705363649015058 -0.1619298581836698 -0.8674540876307419 -0.013516389820573727 -0.4973336033880436 -5.010714446358065
-0.4973939947458256 0.04606456848910134 0.8663009116471616 49.344211149539696 0.011814988990604982 0.9988563434376228 -0.046329377392468354 -0.2212284154780187 -0.8674443037025156 -0.012808618361664335 -0.4973693992092031 -5.50749077211253
-0.49748709144691905 0.04511812494208656 0.8662972634410175 50.250105663865845 0.012085737202963999 0.9989100740843052 -0.045084352597645504 -0.28332657406678136 -0.8673871850563312 -0.011959042377974837 -0.49749015317436796 -6.0339616424777756
-0.49730065489699027 0.0448588119322899 0.8664177662254213 51.12180007818509 0.011579020261256961 0.9989165933158907 -0.04507289526938474 -0.34088569373960076 -0.8675009999583945 -0.012382511465731145 -0.4972812971357228 -6.534915797725761
-0.4974173298208909 0.04329505948777114 0.8664303421613341 52.13698872108844 0.009505792261664966 0.9989659164029275 -0.04446051932599347 -0.40609720319149756 -0.8674593015855749 -0.013879325963796657 -0.4973145125606708 -7.11138804746048
-0.49740883645424344 0.04276766628845705 0.8664614106453188 53.03812654022782 0.009430573055863856 0.9989916196649592 -0.0438954226659162 -0.46583959560137417 -0.8674649927859187 -0.013662743480742872 -0.4973105827664496 -7.616273381390804
-0.49679674896115833 0.04211923717485542 0.8668442536473511 53.9264043260917 0.008831887957204168 0.9990152728859364 -0.043479676812843635 -0.5271248225112891 -0.8678219794270802 -0.013944690761942696 -0.4966795321158489 -8.114581333942123
-0.4954997522483466 0.04076076539698126 0.8676511715695889 54.82650660239918 0.008826728152949229 0.999083052549522 -0.041894426579709605 -0.5901073814501582 -0.8685632299331703 -0.013100156967799778 -0.4954051892092754 -8.621987215408762
-0.49338147230160345 0.03870455808645065 0.8689514830949054 55.75887044004624 0.009376754011418945 0.9991881139097213 -0.03918149442968097 -0.6572247154614936 -0.8697624958997207 -0.01118347910385424 -0.493343825867338 -9.147060699748556
-0.49108015494847845 0.0372441064678031 0.8703178488053627 56.669665266610124 0.009734680570413096 0.9992578499374211 -0.037269093531159904 -0.7177244137681363 -0.871059996446841 -0.009829845973221837 -0.4910782592603468 -9.648286633877898
-0.4886546416942444 0.03713843722852139 0.8716865133927985 57.577671325961255 0.01022957065877985 0.9992688337089131 -0.03683956924511198 -0.7740379222450943 -0.8724173296277459 -0.009084847728583199 -0.4886772641600404 -10.148850920547734
-0.4865122350104465 0.03743372268256327 0.872871446199992 58.47697650446592 0.010645089325963591 0.9992614956303097 -0.03692079934018622 -0.8297368852547566 -0.8736089097865145 -0.008670626090484046 -0.486551428920743 -10.642406385561161
-0.4855321860606654 0.037963469107566705 0.8733941099597997 59.35888400352423 0.010646784733017639 0.9992393522857065 -0.037514834645647144 -0.8875427952759373 -0.8741539579925268 -0.008915820599377728 -0.48556705599642946 -11.129237718288493
-0.4863218332257589 0.039369635704140045 0.8728923795706209 60.28274494980525 0.010002275668158858 0.9991698072920223 -0.03949241291034243 -0.9474724386727245 -0.8737225125916097 -0.010475112435965639 -0.4863118783353526 -11.63889307435563
-0.48907802494621094 0.0413495376427688 0.8712593765644323 61.156264107384466 0.009008066711635945 0.9990618729322375 -0.04235833787164618 -1.0064689822955384 -0.872193522246544 -0.012868169639038047 -0.48899168700634266 -12.126477144936798
-0.49355421811035644 0.04179510774659408 0.8687101949176871 62.028511041240336 0.007803762805961937 0.9990172477684309 -0.04363072251588297 -1.0697582136543982 -0.8696800187836579 -0.014754918828657745 -0.49339533570841243 -12.616448661591138
-0.49911369555613055 0.040297878213424856 0.8655989833172165 62.8470212847153 0.008817553184364947 0.9991025487795424 -0.041428827862529195 -1.126411513574022 -0.8664916443129407 -0.013045230305293745 -0.49902109404527084 -13.082644995689074
-0.5046334553036406 0.03798999575787155 0.8624974411617846 63.69767145875818 0.01005864310937104 0.9992222717251386 -0.038127095185076995 -1.1846692869104347 -0.8632751006991384 -0.010564653840543852 -0.5046231154060651 -13.577064826028934
-0.5098679707270954 0.03544648061047263 0.8595220761789458 64.53897045223279 0.007505581777946616 0.999295994722553 -0.03675841636466616 -1.2429509678711903 -0.8602199245941754 -0.012290725926282269 -0.5097750674438649 -14.070754567780439
-0.5149046141353882 0.03882746503675778 0.856367716755429 65.40506680385559 0.009639783858271056 0.9991728278151111 -0.03950613525923005 -1.3013348033767431 -0.8571932762856072 -0.012086691638910687 -0.5148529877314236 -14.583570061442
-0.520186857781065 0.04012820313865544 0.8531092311683922 66.20368532822305 0.009921540689351372 0.9991120947125581 -0.04094612593926715 -1.3578025990197338 -0.853994845430704 -0.012835478641156459 -0.5201231147198144 -15.059030528564955
-0.5251340099283478 0.04103294777654059 0.8500297458403101 67.074702022477 0.008867780999130367 0.9990465319733495 -0.042747975533062206 -1.4215144795663837 -0.85097334510355 -0.014910538179137343 -0.5249971826348057 -15.588135492174905
-0.5290149668841464 0.04082279834307285 0.8476300277526787 67.93220423855429 0.007227028924957558 0.9990227717039271 -0.04360357404986126 -1.484943088926782 -0.8485817196154319 -0.016941096553786398 -0.5287930260338846 -16.111990992430602
-0.5323949811300923 0.04011585508671738 0.8455449735159869 68.74315570470601 0.008072423654119027 0.9990716244034263 -0.04231696218123617 -1.5438318545723075 -0.8464575713193412 -0.015703741037129976 -0.5322245507993802 -16.618948777126825
-0.5347944568342381 0.03335583325243742 0.8443235619875883 69.55663864319868 0.009028036887539413 0.9993890739879743 -0.03376349128003925 -1.597155388680574 -0.8449339521461603 -0.010433943717293337 -0.5347688746824887 -17.13096725769072
-0.5370131336164529 0.02432384623126258 0.8432231287316285 70.49403039821217 0.008187954229426551 0.999687413954861 -0.02362269641213057 -1.6553763594762017 -0.8435341437837446 -0.005781425841499786 -0.5370444333444534 -17.721964675310254
-0.5386533216817729 0.022772874701285833 0.842219683466869 71.36970367998298 0.009139798528551181 0.9997337641789914 -0.021186430642342824 -1.7010887498216063 -0.8424779303483567 -0.0037144230164109625 -0.5387180523591218 -18.27740642964978
-0.5397810822474302 0.02717328574467904 0.8413667427404248 72.18348854447592 0.00874574319225109 0.9996059533688543 -0.02667301943086961 -1.7390667545166067 -0.8417599985885579 -0.00703921383269283 -0.5398060339092272 -18.794820212640815
-0.5410145099712959 0.0338257480353408 0.8403327428884163 72.8557471015393 0.010783021755537386 0.9993876988637083 -0.03328594000057327 -1.775553910268683 -0.8409441280146612 -0.00894685026988777 -0.5410479899490528 -19.224943495212035
-0.5412757376216876 0.03764033264016396 0.8400022507236732 73.51418554391789 0.016628876631200495 0.9992813591661193 -0.03406237932232299 -1.8177899131301476 -0.840680710093959 -0.004468845695625257 -0.5415126712220747 -19.65308206261781
-0.5412108795377777 0.038887686958270745 0.8399872211367155 74.35114162214344 0.020190478431281952 0.9992430503525608 -0.03325163007772629 -1.8726963537356844 -0.8406444720871372 -0.0010364000895176223 -0.541586371158095 -20.193605795665917
-0.5406854972039666 0.03537580943021233 0.84048066320437 75.07680293153976 0.018878793925728072 0.999374032271124 -0.029918802818034804 -1.9165968624470842 -0.8410129512993304 -0.0003094015382218867 -0.5410148981474349 -20.65995257625671
-0.5400097276911694 0.030713944485937766 0.8410981795325827 75.89129197323325 0.018015460757544493 0.9995267887413116 -0.02493274477820147 -1.9606654005630577 -0.841465945343365 0.0016888465283415005 -0.5403075148698209 -21.177570667156882
-0.5392214968027323 0.023944426845076555 0.8418235217721601 76.61949449975346 0.014939600765395397 0.9997104015806997 -0.018865876611675193 -1.999561922849758 -0.8420314636133213 0.002403621105152201 -0.5394230592872277 -21.63708068848189
-0.5389066301337954 0.01827363923006515 0.8421672744218496 77.41417388355981 0.006358933873518682 0.9998244386962375 -0.017625428952111694 -2.0356153929329293 -0.8423415031671118 -0.0041431745127549924 -0.5389282198466958 -22.12356805846435
-0.5374090401847562 0.013030669323094329 0.8432210417113013 78.04706369325476 -0.0013036106465951292 0.9998665862009981 -0.016282211091997872 -2.0590612788760922 -0.8433207124973167 -0.009849439362443889 -0.5373203554838258 -22.513111278855543
-0.5353085208305656 0.013758620345020971 0.8445445446466364 78.7900076884165 0.0018516487090040588 0.9998840378634137 -0.015115628435958737 -2.0897259515369067 -0.8446545796497235 -0.006527724883685976 -0.5352719214423572 -22.98567057912869
-0.5320904074184243 0.017006697089763694 0.8465167278839757 79.59757008973219 0.0058312316997022546 0.9998481482328087 -0.016421851670503675 -2.1257222737943136 -0.8466674642799026 -0.003801674567957774 -0.5321087785409299 -23.496486784024903
-0.526842754069273 0.020183818494547964 0.849723087809013 80.4157701019734 0.007935093708596831 0.9997912381033603 -0.018828555430141197 -2.1564912671426426 -0.8499257301508998 -0.003177055669838627 -0.5268929298678547 -24.00053813890532
-0.5192588403799212 0.02243498703028609 0.854322496510686 81.22896639938352 0.01281221195333225 0.9997473833241762 -0.018466639145389718 -2.188978054091162 -0.8545209792112556 0.0013567952734454846 -0.5194151087467751 -24.49447826581564
-0.5108978702625647 0.025640512252785283 0.8592589425153462 81.99541362237484 0.02044557625654925 0.9996347578663421 -0.017672840095404593 -2.227492983440256 -0.8593982456188248 0.008539027867086468 -0.5112355038828704 -24.96153370018964
-0.5008652284293471 0.024531101869623696 0.8651775817665878 82.5783180414217 0.01717004213010272 0.9996831756172773 -0.018404837434954326 -2.2474651940845782 -0.8653549633553096 0.00563679242288946 -0.5011277421651223 -25.29825106069012
-0.4900085098939616 0.022148753298888577 0.8714362242636032 83.38129457292371 0.015234438757888262 0.9997420709316465 -0.016843499785844773 -2.2812374288990456 -0.8715845180515956 0.005022383558488334 -0.49021954628121517 -25.738132725150955
-0.4785926902272827 0.018700127298011057 0.8778378791667919 84.16127442263569 0.015138951074209653 0.9998003059757159 -0.013044551783730204 -2.311339791822355 -0.877906514966933 0.007046517572809621 -0.47878021843922464 -26.156211004047893
-0.46738765363732676 0.01782249302485152 0.883872807574582 84.7574300460681 0.014571416209671954 0.9998162553603309 -0.012455093210854643 -2.333876504240609 -0.8839323814959148 0.007057921763925098 -0.4675614726250828 -26.467474037137848
-0.4555750091871478 0.017077461481896653 0.8900335787561416 85.59222963365177 0.014954563562216637 0.9998217018898253 -0.011529330370750846 -2.358788211566138 -0.8900717791463757 0.008057588936439512 -0.4557491670071796 -26.886703829897993
-0.4437730251992835 0.017955021456144298 0.8959593290490289 86.40224653754241 0.015725619018292062 0.9998013377363875 -0.012247039112485562 -2.3836291777359686 -0.8960012315906537 0.008654609467828062 -0.4439672180724522 -27.28124213871626
-0.43162411812463636 0.02189448570138694 0.9017878088270003 87.01572798085631 0.0157686245995494 0.9997357741653183 -0.01672520051632466 -2.4097150085073404 -0.9019157228540643 0.007000953502526984 -0.43185531780758185 -27.569796657591368
-0.41945641688619917 0.031269761647760255 0.9072367476791733 87.78270902096268 0.018649294568218146 0.9994924526946662 -0.025827133377696376 -2.438005322091763 -0.9075838904173541 0.006085968525530803 -0.41982668190815103 -27.92765205725991
-0.40669568963675484 0.036254310526821765 0.9128440398003976 88.49517231900049 0.018634667418427113 0.9993335780604902 -0.031387082231769926 -2.467145598631435 -0.9133736175306849 0.0042455540326387904 -0.407100245725629 -28.241394836005338
-0.3950469880235187 0.032747775636950915 0.9180770449392461 89.3048456153725 0.016991455506179566 0.9994539440525431 -0.02833909239193346 -2.5092822464776154 -0.918503765748039 0.004404192167576658 -0.3953877026388455 -28.583808045916694
-0.38320874431847274 0.028813574512786433 0.9232122378963876 90.15302305724487 0.01484946519113028 0.9995763273272601 -0.02503316261451171 -2.5502477168679105 -0.9235423929963356 0.004116281178840902 -0.3834742554173101 -28.931323936472076
-0.3732345354842336 0.029661716682291468 0.9272627265696216 90.76094907916095 0.011957150965004777 0.9995595432043612 -0.02716148246856018 -2.5796898518118105 -0.9276599635980145 0.0009498171135988668 -0.37342481142096423 -29.172265684531336
-0.3662381389977059 0.03411710757502318 0.9298955040832342 91.5300805785537 0.007282088621684948 0.9994021136541906 -0.033799207222116164 -2.6212154346466576 -0.9304926634470603 -0.005606977282985001 -0.36626761401596186 -29.46381470690685
-0.3612969257840221 0.03921325017390848 0.9316259187194258 92.30835723327002 0.0016540116497164529 0.9991407205848006 -0.04141358128379549 -2.663602268165523 -0.9324493528682823 -0.013421679480802192 -0.36105132994553246 -29.751644228753573
-0.35745096969490653 0.041359731666285024 0.9330156359143531 93.19990612929969 -0.00032258904941420783 0.9990133842926493 -0.04440893987086504 -2.7223956140547596 -0.9339318498693988 -0.016174999247041577 -0.3570849607570761 -30.086506942727365
-0.3542025970942041 0.04096174970341204 0.934271189362573 94.0146629979016 -0.0021870775904442303 0.999001239662848 -0.04462891264312404 -2.7748910236118256 -0.9351661547037164 -0.01785100034533733 -0.35375924706406897 -30.378839142677457
-0.34905707921289947 0.04113161495643721 0.9361983474149246 94.75888798883848 -0.0027947900116303175 0.99898612918105 -0.04493220284667544 -2.8217492858130466 -0.9370972972963648 -0.018300381278521977 -0.34858822619949564 -30.65386134327705
-0.3432015248283708 0.03641865440033247 0.9385554831586416 95.59992807529294 -0.0064884788840317426 0.9991322474584201 -0.0411418488945158 -2.8757829281818155 -0.9392393800289965 -0.020209742708823194 -0.34266740916286603 -30.961699618433606
-0.33814246573990847 0.032587061981102936 0.9405305716747199 96.96160388674224 -0.00644891071056864 0.9992966140729895 -0.036941692610208354 -2.966089772633595 -0.941072836933456 -0.018556952705111804 -0.337694470035147 -31.429972031712076
-0.33247656713091406 0.029892546107454863 0.9426376652755062 97.84247011527754 -0.0077945050946570515 0.9993763367726296 -0.03444101028208171 -3.016940919031591 -0.9430793063147835 -0.018798222951512487 -0.3320362161191058 -31.729623832636584
-0.3270797767693902 0.028220189672513794 0.9445752699088273 98.69375165070537 -0.01689326537595684 0.9992196732746006 -0.035702410646052236 -3.0607694559791825 -0.9448457213817633 -0.02763449720637562 -0.3263478165251422 -32.00453269064501
-0.320812772024236 0.02848739332732877 0.9467141246054905 99.5404106567827 -0.024183999129777325 0.9989753119263984 -0.03825520026933781 -3.1048497727957636 -0.9468338288697852 -0.03516809040835553 -0.3197950999074465 -32.27296017739844
-0.31393991724687675 0.03276478314293537 0.9488773352465645 100.19775186237597 -0.022465998843530312 0.9988681907116317 -0.04192393684322983 -3.142788297120484 -0.9491770157641766 -0.03447907437952819 -0.31284850355234994 -32.48697581920216
-0.30678775847714335 0.03609931271949363 0.9510931136696085 101.08909702376987 -0.020514025271822743 0.998797535997733 -0.04452703506866018 -3.1976380519537204 -0.9515568538010317 -0.03317109745002223 -0.30567831502781573 -32.77133336345847
-0.30030923765469586 0.0343908612854186 0.9532217110616517 101.92762665628219 -0.021870217553441162 0.9988388176380733 -0.04292679773221435 -3.2443843670047237 -0.9535911363699968 -0.03373848009950027 -0.29920838824664564 -33.02550406268515
-0.29321026096759206 0.0295977301461924 0.9555897222309949 102.81763880842546 -0.022271059793832603 0.999037984488841 -0.037777049171888115 -3.2986536751725977 -0.9557885450030135 -0.032358614288453186 -0.2922690153306631 -33.29334806052488
-0.285787387991417 0.02685419640298711 0.9579167088012368 103.62813142575276 -0.023597450929102884 0.999106963522817 -0.035049047774031734 -3.3454171325876367 -0.9580024682508356 -0.032620968345031746 -0.28489847884736225 -33.533842284670925
-0.27957094258240833 0.029994814552105706 0.9596563964063226 104.63583963264294 -0.025751056415079288 0.9989180872109404 -0.0387238703688674 -3.4020231122943327 -0.9597796471884017 -0.035538234942414086 -0.27849607304248825 -33.812654170016124
-0.2732899842555319 0.03259064932026961 0.9613794433429991 105.18787261193364 -0.025152714613679114 0.9988420590711827 -0.04101075441886124 -3.4364522476638895 -0.9616027898530533 -0.03538913120330212 -0.2721537872958998 -33.963825942167006
-0.2663510764218936 0.03285384792785352 0.9633160067004143 106.0312173997525 -0.027819050211752842 0.9987405671951658 -0.04175380083293076 -3.4894349117179417 -0.9634745479431286 -0.03791970615674043 -0.2651016622934911 -34.192181841531394
-0.259615138030036 0.03221615456733177 0.9651746471445154 106.77996139166353 -0.028367011715135698 0.9987577231850144 -0.040967340951558406 -3.5330226829039915 -0.9652954432462635 -0.03801486239856271 -0.25837874812921424 -34.37878852949203
-0.2513722210247818 0.03206467679581134 0.9673592212818614 106.78231658390088 -0.02429146282216496 0.9989272893074376 -0.039423286403547475 -3.53316275566102 -0.9675856196384015 -0.03340848962280249 -0.2503236734511855 -34.379403355879816
-0.24373910335414203 0.03294228908488861 0.9692812053712623 107.55485863666615 -0.02267840981013214 0.9989560949135352 -0.03965362736983087 -3.580118816355128 -0.9695756490468418 -0.031646895976530066 -0.24273758413242968 -34.57859685913029
-0.23702766542461134 0.03361093693821569 0.9709213102726165 108.26576772164617 -0.021508426573482394 0.9989748399543331 -0.03983285985903364 -3.6183484556178844 -0.971264780278629 -0.030324479490200236 -0.23606175576309912 -34.74948380163667
-0.2302408626666782 0.03237056357669979 0.9725951325049038 109.12533390206988 -0.027391008523931563 0.9988350257390709 -0.039728126168662205 -3.6678073128791477 -0.9727481060431562 -0.03578739960597947 -0.22908597560500393 -34.9366914642333
-0.2244412906414665 0.030664615154139412 0.974005024849791 109.82656840715649 -0.03120265527783259 0.9987661337104256 -0.038634239435282915 -3.7069514299167223 -0.9739879369678083 -0.03906266159107102 -0.2232075426830738 -35.084062701222756
-0.2196271235491107 0.03062190637105934 0.9751031870790632 110.67713899887316 -0.02821454694131174 0.9988898111596634 -0.037723792257809 -3.7573366414179 -0.9751758128370709 -0.0357972626274116 -0.21851931275277292 -35.27501605302248
-0.215593355189704 0.031068576631298157 0.9759888568749913 111.47516407204382 -0.026561758474393654 0.9989372886621517 -0.03766651440017724 -3.799971646926618 -0.976121907440252 -0.03404463050784847 -0.21453900565815576 -35.431387346232285
-0.21079690705338064 0.03254049127489202 0.9769881168183766 112.40413261026875 -0.02568493133444896 0.9989163427126916 -0.03881268560466944 -3.8491286677976158 -0.9771923803832461 -0.033275466774952085 -0.20973267516492572 -35.627222559734804
-0.2048234267956773 0.03171858339306344 0.978284874309735 113.26996396172312 -0.019462560205449703 0.9991452156892402 -0.03646980553214705 -3.8946177783291054 -0.9786054223158211 -0.026509798808000223 -0.20403102210505766 -35.81427959901714
-0.19932326016566146 0.03049300272163437 0.9794592460852832 114.20061351515058 -0.012163170993448158 0.9993617526659074 -0.03358786358063626 -3.942453024080345 -0.9798583036481947 -0.018608172762140926 -0.19882515102003162 -36.00989813479628
-0.19491391678166844 0.02966780551860353 0.9803715552587908 115.10857873415883 -0.010704788961193036 0.9994185456800206 -0.03237248900116249 -3.9888666520631046 -0.9807619346906399 -0.016804519229789917 -0.19448299564571372 -36.1823579358432
