1.0 0.0 0.0 0.0 0.0 1.0 0.0 0.0 0.0 0.0 1.0 0.0
0.999879717157932 0.0015190258077448626 0.015435147448894154 0.011310232992798852 -0.001502917525532014 0.9999983139404092 -0.0010551565050018544 -0.0008729768410773164 -0.015436724234278068 0.001031831834168515 0.9998803142716538 0.09915340892499626
0.9993181438995302 0.004392715997949127 0.036659941616966805 0.02427318299349821 -0.004372961922361484 0.9999902469661816 -0.0006190125527512303 -0.0018151389445990702 -0.036662303217659946 0.000458277946498908 0.9993276066956723 0.2050794064720376
0.9979384222001029 0.0060661172202317835 0.06389137436805672 0.04504974494846929 -0.006135221306665602 0.999980787337404 0.0008854465444405334 -0.004262045990065548 -0.06388477562210744 -0.0012756088488365906 0.9979564661175245 0.3269186369005458
0.9951916670554664 0.005669354073992196 0.09778243322675534 0.07795184414333345 -0.006007655748039116 0.9999769430802617 0.0031656563722247105 -0.0052275124215670765 -0.0977622314381899 -0.0037378780394310912 0.9952027805286662 0.45820983757482936
0.9907491429375609 0.0024226365877450117 0.13568443757650273 0.12235347738451041 -0.003170451734531836 0.9999809521925886 0.00529561023884695 -0.007406842628997081 -0.135669023746348 -0.005676802265932448 0.990737952191066 0.5900906851452641
0.9845514775239561 -0.0005620437571801666 0.17509446653794974 0.17263244242467626 -0.0004474565022869249 0.9999835066250455 0.005725928794092239 -0.007951469233353964 -0.17509479686179358 -0.005715818811987387 0.9845349874571427 0.7225166161152395
0.9757787112011196 -0.0003458075710503272 0.2187596562070008 0.22545739411226448 -0.0011915099793324124 0.9999755161453365 0.006895463279283477 -0.007336246073166795 -0.21875668463078 -0.006989100585239878 0.9757544083438001 0.857586401758596
0.9636963742608763 -6.792897951898532e-06 0.267000558408211 0.2843470732807454 -0.0027119097778313265 0.9999481675612149 0.009813650509561806 -0.005147019755280386 -0.26698678578123847 -0.010181460839361013 0.9636464051058251 0.9966585175269792
0.9492672872439201 -0.0038883149348017077 0.314446336241235 0.35616074283856763 -0.0015564025917212275 0.9998532165288792 0.01706232715150374 -0.008632164758511949 -0.31446652441800654 -0.016686114101858794 0.9491218987130362 1.1326411302022896
0.9323307360736042 -0.01335844608408168 0.3613598628661859 0.43657505507387606 0.004651455793037957 0.9996777740053734 0.024954200421273626 -0.011309142277612209 -0.36157677266585536 -0.021584718619393223 0.9320924510962773 1.255901066808764
0.9109805649465876 -0.018446167372285976 0.41203658720903463 0.5183953509329993 0.007037348919781652 0.9995491354750274 0.02918906458426629 -0.010670845985314209 -0.4123892408996339 -0.02369102531333059 0.9106996482429468 1.3754627611382955
0.8858227689234811 -0.020019164931561216 0.46359169005945183 0.5970192411807538 0.0051060361848492926 0.9994289687222535 0.03340156992192246 -0.010892629399742382 -0.46399563624156576 -0.027220755210189435 0.8854191549964185 1.4790595993885933
0.8575183222601245 -0.02224064704335401 0.5139724512143361 0.7001403189929094 0.0031332258771669436 0.9992723304066634 0.03801305800953406 -0.009606430546587365 -0.5144438840960047 -0.030986501944016538 0.8569640172221296 1.6035214757954164
0.8253655875280536 -0.027035738379233627 0.5639509870323478 0.827344754521515 0.003883046427443579 0.9991010553918204 0.04221377814635706 -0.0060414924991706535 -0.5645853069952432 -0.032651951936097635 0.8247286106106967 1.7353938390669341
0.7893245508240767 -0.03250513460204299 0.6131151357541836 0.9692545840013158 0.005664007745698718 0.9989405991239353 0.045668352698203685 -0.005464198308644683 -0.6139500569937472 -0.03257446310246726 0.7886724490375966 1.868512451996235
0.7514012732031636 -0.0364673827421922 0.6588370486126273 1.1295924664447623 0.006099716834273789 0.9988128591512614 0.048328726950143744 -0.0017823593437395445 -0.6598173384226922 -0.03229554752615946 0.7507316947663658 2.0027274095619285
0.7116757113701562 -0.03963160054637645 0.7013893484249052 1.3163995390580092 0.0071885992692396926 0.9987659978416961 0.049140671503599596 0.007213770983547691 -0.7024713559187507 -0.029930215391990724 0.7110823977010409 2.143227949124075
0.6700046073133649 -0.04145329439959468 0.7411986579603898 1.5613027332621074 0.006294402566136669 0.9987210567681527 0.050166036959652584 0.018364437652227904 -0.7423302544522881 -0.028946073158935774 0.6694086331781799 2.3151460874109846
0.6278402775271409 -0.041490943236710945 0.7772355418687242 1.825105154610783 0.0015036798742338415 0.9986409746988276 0.05209551419660699 0.03181499920497577 -0.7783407511247744 -0.03153894864926847 0.6270494158011959 2.488442068561195
0.5861671887222636 -0.04246296062097404 0.8090765871292647 2.206754137534145 -0.001347727223104875 0.9985731072017888 0.05338476566112996 0.0453199937750947 -0.8101889967759196 -0.03238281255023064 0.5852735624941269 2.7216293999830428
0.5463000910236742 -0.04364041920112778 0.8364518661342532 2.5678680686253457 -0.0034096910181214022 0.9985176027548961 0.05432284046120549 0.06095486121631727 -0.8375825837221592 -0.032528615103668224 0.5453414569283646 2.917416944737905
0.5079412171988683 -0.04587803781302979 0.8601691261123927 3.002571970601364 -0.005118589077298431 0.9984022733773157 0.05627344454415506 0.0748196100881952 -0.8613765262162593 -0.03298645421127652 0.5068948351701544 3.1335435952559267
0.470873343741877 -0.045552364004426076 0.8810239930257018 3.4384307493162405 -0.008327244173800768 0.998392038211203 0.056071338854611553 0.09275814438108772 -0.8821615221476248 -0.03373900072745389 0.46973687174001927 3.336840331316455
0.43440657239127345 -0.04479844833197601 0.8996021503366427 3.918669207135429 -0.009501326726590842 0.9984788962623077 0.05431039043532414 0.11483209580680764 -0.9006667833631369 -0.032140204508530404 0.4333201502358855 3.5445293228639727
0.4011314580664128 -0.043608320140727984 0.9149818947738891 4.4240213351306465 -0.008001327278709652 0.9986612676958121 0.05110431651016626 0.13643528797462073 -0.9159855523485576 -0.027820618589387495 0.4002455259837536 3.734430562304125
0.37148127761040367 -0.041856173300494154 0.9274964803930956 4.957118377106715 -0.005965710924003411 0.9988550466880581 0.04746584033773295 0.16095945973196085 -0.9284212786650855 -0.02316584689656382 0.3708062470609846 3.9260458894367853
0.34608422402272415 -0.04011232166229133 0.9373455667647064 5.577710701224458 -0.004702046640766152 0.9989989082626342 0.04448676260924863 0.18782227348874386 -0.9381916651942586 -0.019803609290343433 0.3455491519582979 4.1357130687382515
0.32594080469327597 -0.03959347910486056 0.944560717078723 6.142121874622585 -0.0034162345444222037 0.999066773451437 0.04305707290180097 0.21096700940151403 -0.9453840072570698 -0.017260897940333635 0.32550136747002545 4.3160696055770815
0.3112461208959496 -0.04007887422128221 0.9494838261225818 6.735843663410625 -0.0023145833360425014 0.9990753616267515 0.04293092701485136 0.23439578840564798 -0.9503265201662018 -0.015559743941619908 0.31086556489464573 4.503995875529499
0.29953656454302585 -0.04158609958490802 0.9531780750851724 7.338168504807747 -0.0015362877998039124 0.9990272983532282 0.04406922922907586 0.25509787983676957 -0.9540835845572211 -0.014664701373125616 0.2991813166159939 4.690824983563013
0.28885429497318116 -0.04364943101354282 0.9563775004922164 7.9803647399315265 -0.0027005295543398207 0.9989189792923485 0.04640668001115367 0.278141936589154 -0.9573692617875668 -0.01598749454184792 0.28842416092034007 4.877905802429927
0.27865561269228867 -0.045355401524911285 0.9593195177143005 8.673854945489571 -0.004056856576402491 0.9988197303072859 0.04840132501902995 0.30619797349232786 -0.9603825234924893 -0.017379122572602084 0.2781427235589728 5.074314437564736
0.2687290210547267 -0.047224890854516234 0.9620574426336227 9.33414563368643 -0.004651002578696803 0.9987221243257356 0.05032381699852749 0.3330750519348122 -0.9632045895955746 -0.017998001724289812 0.2681659756866102 5.2562439709415685
0.25854706836444014 -0.049084569449650894 0.9647508064169186 10.094073514746894 -0.005617727542716191 0.9986149351785987 0.05231302300094463 0.3633166082283928 -0.9659823262241434 -0.018945085911236708 0.2579132201776537 5.461848361576545
0.24816065960216593 -0.05051375677260173 0.9674009755021622 10.806920653206769 -0.005935269142558722 0.998541500271119 0.05366232213113812 0.39634801646753093 -0.9687007069296593 -0.019058662414222185 0.24749890460557142 5.645241701328844
0.23782358298502287 -0.051661823980745925 0.9699335025243467 11.538819143529278 -0.005922056617221189 0.9984888400789071 0.05463483763404652 0.43089415771795886 -0.9712903132542747 -0.018737453958818432 0.2371582492715636 5.821941984251042
0.22731247780234193 -0.054439317919226994 0.9722990271001241 12.321160233339208 -0.007402221278971855 0.9983107827968477 0.057626279349615075 0.46714121844801665 -0.9737937381989555 -0.02029634489341109 0.22652552577683388 6.004752957045315
0.21588410058402183 -0.05796199948659126 0.9746971128153314 13.098148232439385 -0.009026113954536922 0.9980754149288981 0.06135140896006571 0.5060912374456606 -0.976377275637807 -0.022042520954331696 0.21494544165455207 6.181439521101602
0.2036331391056684 -0.06191908132827059 0.977087289869965 13.88711743307026 -0.01008758382058543 0.9978124100768112 0.06533479126289063 0.5396659705934541 -0.9789952938143435 -0.023160778574264053 0.2025630593795423 6.348042838078587
0.19067849885889773 -0.064202332474513 0.979550800406874 14.677367361333532 -0.011011377202887964 0.9976563104061229 0.0675324801775722 0.575861476355682 -0.9815907801344773 -0.02366319529714494 0.18952465154516523 6.503190711452394
0.17669614895557156 -0.0647267665644184 0.9821348770074221 15.460372105201287 -0.011675409185929759 0.9976273310725562 0.06784830961332866 0.6154577664084742 -0.9841961978003217 -0.023455361586651412 0.17552119600842525 6.639792389474341
0.16223253751970163 -0.06348867286669184 0.9847079730496463 16.259977273772314 -0.013345799808964135 0.9976955159128192 0.06652478601926222 0.6582042209697356 -0.986662299572339 -0.02393420032246795 0.16101136810035016 6.772862006438655
0.1456820627213693 -0.06258743951118698 0.9873497602251589 17.06549073006963 -0.01391310255547795 0.9977686297442874 0.0653007432996287 0.6944528817377541 -0.9892336236595105 -0.023250245453264057 0.14448620663521936 6.888711000333607
0.12541062685323673 -0.060689699087993376 0.9902469061284085 17.84162364024515 -0.016926349313082775 0.9978510340652301 0.06329938794236518 0.7344857281436107 -0.9919605200668058 -0.024699680960603577 0.12411386864180303 6.982188339459185
0.10034337477519904 -0.05963432270872502 0.9931641126690965 18.652073794421476 -0.021349811738256074 0.9978432793622851 0.06207233981620055 0.7667067941235675 -0.9947237770745517 -0.02743241488802563 0.09885378058499493 7.05944072432207
0.0704258935398443 -0.05913388060571556 0.9957627115350434 19.43909506783261 -0.025232119884585416 0.9978163211369234 0.06104039153627142 0.800619482995201 -0.997197840774458 -0.029424028230013714 0.0687800328400251 7.10666947098602
0.03731529608559522 -0.05905228134496416 0.9975572147731667 20.222390718101426 -0.02816747577089558 0.9977936597125266 0.060119929692027056 0.831118998389403 -0.9989064831037676 -0.03034206165430633 0.03556961214050335 7.1303436812142715
0.0029576875702383397 -0.05845809600620096 0.9982854817613872 21.047959228354056 -0.029717749851907956 0.9978437915817477 0.058520278070907865 0.8617215354666875 -0.9995539542355746 -0.029839882926832005 0.0012140671054708411 7.12941694803607
-0.03100099253965522 -0.05719215742099503 0.9978817543131485 21.91543695427472 -0.03096076178783578 0.9979374853825336 0.05623349978347274 0.8943896676600669 -0.9990397237803259 -0.029151884980449516 -0.03270776530142899 7.09705794840659
-0.06398987431295183 -0.05491476130341905 0.9964384903125733 22.730929749740167 -0.03306787171769192 0.9980532063196317 0.05288017790401739 0.9279155611095616 -0.9974025325040393 -0.029566304234502825 -0.06568121351221998 7.042603894083801
-0.09613928001475606 -0.05196993693895682 0.994010243655871 23.54842517871384 -0.035259600633306444 0.9981870875800051 0.04877805604697826 0.9544994856796081 -0.9947431826363125 -0.030358917027846252 -0.09779742714137277 6.957696927295166
-0.12842207272949885 -0.04737181158149603 0.9905875441894803 24.380346323182742 -0.03238204667767599 0.9985261675004695 0.04355336806476061 0.9779227598563222 -0.991190786018928 -0.02648403829304124 -0.1297667963188902 6.840877499435074
-0.16003063257283687 -0.041588844092096365 0.98623555233292 25.189482436806564 -0.027532203836173854 0.9989114134326784 0.037655887532333024 0.9944181598174626 -0.986728014394168 -0.021127142755420908 -0.16100145790871162 6.697069777719569
-0.19050476429750782 -0.03525731887097403 0.9810529324383985 26.029121253920355 -0.021334497783611506 0.9992675134385486 0.03176910119372115 1.0084448793927827 -0.9814544176803466 -0.014878106477859174 -0.19111741930907553 6.519155715492122
-0.2191445521677862 -0.02943337026074109 0.9752483488682636 26.823897428931733 -0.015151089836778115 0.9995270197579824 0.026761562930407233 1.0167013188971825 -0.9755747586586769 -0.00891142462317905 -0.2194868487614839 6.3186725868394475
-0.24695694568179305 -0.023358843750579186 0.9687448742564556 27.639726215474674 -0.006671176005811481 0.9997267128472906 0.022405245596612916 1.0196383219972702 -0.9690034893591543 -0.000929536541103183 -0.24704528647921759 6.090887496777822
-0.27268591696072464 -0.012952878795516758 0.9620159113144634 28.392317186552415 -0.0006427088362491841 0.9999115978648284 0.013280940507067669 1.0143975585292637 -0.9621028934665137 0.003003229313455829 -0.2726701358730902 5.856179483019066
-0.2977111366962231 0.0026012748126573865 0.9546524563716324 29.1281716847058 0.003969550774177675 0.9999910158583569 -0.0014868991954209137 1.0032772779678625 -0.9546477474721718 0.003346874947638523 -0.297718787909648 5.611900876162255
-0.32233445212425094 0.01992196391625593 0.9464161961460075 29.80511954634203 0.005187636578442678 0.9998006868466055 -0.019278874650262786 0.9836810539970746 -0.9466116359946596 -0.0013045822204078464 -0.32237355453687616 5.372464546493465
-0.3474706063390862 0.03495638989530669 0.9370390752449094 30.437848630436164 0.005410547784767204 0.9993629949220235 -0.035275067018310055 0.962230153645296 -0.9376752655919924 -0.007187154232698217 -0.34743839901631174 5.134569426144072
-0.372015171387556 0.0450444623621847 0.9271330587720346 31.226072781686884 0.00870575286663737 0.9989472355952469 -0.045040319310962876 0.9172140198465865 -0.9281858230572739 -0.008684290823659848 -0.37201567301442645 4.813731325164777
-0.39579667276536906 0.04912701145981799 0.9170231897683342 31.976719850047115 0.011491502090012089 0.9987548544606184 -0.048545711149990026 0.8696541141158973 -0.9182662681420761 -0.008676257048383143 -0.3958683914586394 4.4928731136650955
-0.4180977089435828 0.0488424031771224 0.9070880472302622 32.707616777757515 0.01517975612207207 0.9987897115576486 -0.0467834061463834 0.8195843267663087 -0.9082752230355059 -0.005790659588178999 -0.418333105887319 4.147288073291552
-0.43825547225789285 0.04467183664388831 0.8977396994936077 33.434240542197024 0.018899071196398484 0.9990014137228375 -0.04048457098302696 0.768522455505085 -0.8986517490907818 -0.0007761382787624897 -0.43866209257861105 3.78193622735363
-0.45591626065827534 0.04357263020458957 0.8889554483574693 34.16516705325051 0.02678258741601998 0.999020233741886 -0.03523159924847189 0.7205946540788153 -0.8896196132497728 0.0077458680182059285 -0.4566365570669569 3.392442539529706
-0.46990436020159543 0.04375668499113165 0.8816321482240288 34.87728672720158 0.028690424743604583 0.9990000274512514 -0.03429000846346421 0.673526785662956 -0.8822509573763904 0.009181376311831597 -0.4706898666186241 3.010585572692806
-0.48089346820751483 0.04791465815694009 0.8754688217001513 35.56891403647639 0.03278277021774263 0.9987900617814794 -0.036656547346860385 0.6291373291872785 -0.8761659444489928 0.011072399028448619 -0.4818823920497142 2.620786608371214
-0.4906601064656991 0.05043000082582668 0.8698904959474932 36.269283882245304 0.03346942597797133 0.9986778304137028 -0.03901779805265582 0.5834072620028085 -0.8707080207783613 0.009970258616481428 -0.49169923377542973 2.2211719074254086
-0.5013702551936234 0.04983539951612146 0.8637964460231062 36.95720097109923 0.027666579673703437 0.9987527574821548 -0.04156308206743259 0.534391217072103 -0.8647903951688157 0.0030598001329774005 -0.5021236999454466 1.831719967594443
-0.5125174676147196 0.04830643346842978 0.857316938987767 37.63683573293616 0.026764585130340014 0.9988299109886064 -0.040279844802161804 0.4890704838256689 -0.8582595775012313 0.0023016081433019676 -0.5132106782086255 1.4279820294851044
-0.5212542487767271 0.049626230550325806 0.8519573025531122 38.33077640387812 0.028819205739789223 0.9987620094177474 -0.040545060418548294 0.44371523962189496 -0.8529146859520792 0.0034184477737159106 -0.5220391294741027 0.9992415320413183
-0.5283918247648705 0.0526915806708944 0.8473639577230391 39.017397621616965 0.03204894487502846 0.9985987824908461 -0.04211100497719689 0.39729538514485896 -0.8483955119247413 0.004906010007566533 -0.5293401424526162 0.568763531127129
-0.5318933923337694 0.055679080166415464 0.844978851346882 39.703312941706535 0.03321261323142571 0.9984399247770719 -0.04488472940195998 0.35414088182949893 -0.8461597612236181 0.004190064792925134 -0.5329128463857995 0.13883768957727133
-0.5315798471856145 0.058026559576205866 0.8450182154544763 40.422101433470445 0.03321294709827292 0.9983113050999755 -0.04765960820885204 0.3091548403375435 -0.846356760598723 0.002730658038377337 -0.5326094040622161 -0.30867732526762826
-0.5281401666897169 0.05812175526007695 0.8471657605772589 41.142212425876195 0.035353690209412335 0.9982947981149926 -0.04645010920453387 0.2581851433812722 -0.8484209338044015 0.005418267437430404 -0.5292943996118221 -0.7594671886147045
-0.5222201840658791 0.05700940474449824 0.8509030538932607 41.884914816087054 0.03373610359115495 0.9983631004435352 -0.04618435868612203 0.2070710678870983 -0.8521431538589537 0.004587749278140791 -0.5232886372623358 -1.2065593431979829
-0.5153366106890749 0.05570177736809519 0.8551757069056233 42.654320480450174 0.031605931029582715 0.9984418989049776 -0.045987385604803456 0.1582492205436289 -0.8564048358149603 0.0033296409786018125 -0.5162941706853769 -1.660030969943942
-0.5079369142204787 0.05527813602049943 0.8596187636681027 43.40428789766961 0.030062620432205263 0.9984684550256512 -0.04644333290610685 0.10967870097811219 -0.8608695197443837 0.0022521094061126352 -0.5088207916136026 -2.101182406136646
-0.501560510866631 0.053796754841100886 0.8634482978776267 44.211182639912494 0.027167374427982057 0.9985518918788021 -0.04643331769263996 0.055770894933412724 -0.8646958931936075 0.00016850466449172584 -0.5022957135993518 -2.5606266294112086
-0.49758501232940566 0.051397726408065836 0.8658911185739385 45.05887332805924 0.022606297462011784 0.9986722767417923 -0.04628864852656261 0.0018388137459942888 -0.8671205860895009 -0.0034579455516057372 -0.49808626942765255 -3.0289396834453166
-0.4961963091215724 0.048595538099187416 0.866849292836407 45.92561335339783 0.018302287737643495 0.9987959358579777 -0.045515983754571825 -0.054015347001567265 -0.8680174244090337 -0.006719537962392582 -0.49648826645941274 -3.513131158315991
-0.49672553850809903 0.04585283343951181 0.8666955965386043 46.80317659211449 0.01515497826393587 0.998909429967187 -0.04416194466324377 -0.11180853043249961 -0.8677753545864588 -0.008801612817424448 -0.49687872321538556 -4.000463744414916
-0.49762225042282515 0.044746625284011035 0.8662389020413567 47.658480027978634 0.014043413927314237 0.9989532073745375 -0.043534721790552254 -0.16613179653928017 -0.8672801614296183 -0.009498894767638584 -0.497729738501531 -4.481600990151376
-0.49805892248199696 0.044034072259109006 0.8660244281868448 48.53108179946245 0.013841136652065794 0.9989862999872866 -0.04283451148175538 -0.21907511477673558 -0.8670327171867545 -0.009347348179085935 -0.4981635217574309 -4.977004661892432
-0.49816311962026943 0.04359666604376495 0.8659866263170983 49.382370000944945 0.014167342874749822 0.9990111072868797 -0.042143729228703616 -0.27553844126495775 -0.8669675845416978 -0.008725722165021882 -0.4982881386573705 -5.464936451818775
-0.4983194525716054 0.04262332309926919 0.8659451342416049 50.292933829072574 0.014088136411311587 0.9990570224030039 -0.0410681190181729 -0.3324690058813348 -0.8668790270857791 -0.008265489411375358 -0.4984500316818098 -5.983882552901195
-0.49827023315774793 0.04234670291352682 0.8659870273285145 51.16395706502681 0.013814169472567696 0.9990675010611472 -0.04090595366457457 -0.3863026426981308 -0.8669117276116995 -0.00841932751342759 -0.49839058122471935 -6.48641586704844
-0.4985023915698457 0.040762962253944456 0.8659294119657952 52.17888151548641 0.01187106481446465 0.9991211781338983 -0.040198870935540074 -0.44697398253747384 -0.8668070393226566 -0.00975972912557826 -0.49854819653477733 -7.063848222180639
-0.498647465825858 0.03999757620018803 0.8658815731516407 53.07840246809776 0.01153345720426442 0.9991525389129244 -0.039511812774973794 -0.5051248387889092 -0.8667281489546543 -0.009715857242522032 -0.49868619183578217 -7.571793353654037
-0.49795258795466135 0.03926814337991764 0.8663147424953298 53.9641293496946 0.010390246885369627 0.9991727246136192 -0.03931805129769026 -0.562409531357686 -0.8671420085077823 -0.010577301342058285 -0.49794864973951053 -8.075092940952619
-0.49673663516768873 0.03776440079050056 0.8670793304624537 54.86405896429452 0.009937054360176733 0.99923487645902 -0.037827458526317914 -0.6187770704331633 -0.8678444389594948 -0.01017407002391867 -0.4967318371779906 -8.58358190686265
-0.49487589608284316 0.03559291747089561 0.8682344105724636 55.797675746392265 0.01037027719719086 0.9993315316093605 -0.03505634439204493 -0.6810744273722151 -0.868901780886109 -0.00834470833462752 -0.49491419560945343 -9.107020508664114
-0.4926753079378986 0.03409708839515507 0.8695449554285679 56.7089761271612 0.010687200289212313 0.9993937925384376 -0.03313353566415066 -0.7376856646009066 -0.8701475878828087 -0.0070310737872690465 -0.4927410469030582 -9.607781579964273
-0.49041181931966243 0.03387506452299351 0.8708322039722363 57.61734229307356 0.011171628549681496 0.9994065228636424 -0.03258522323297381 -0.792675107789391 -0.871419211509089 -0.0062515646967435485 -0.4904992107554451 -10.107839466548675
-0.48825193200682715 0.03408941699632669 0.8720366749973603 58.51589765425312 0.01127008518962982 0.9993997640185881 -0.03275815714291208 -0.8447903848207978 -0.872629953686793 -0.0061663058983101255 -0.4883430562628574 -10.603148901551506
-0.4872424016638138 0.03454974376183109 0.8725830374393437 59.396430822848274 0.011185778426153738 0.9993819942123682 -0.033324285515247756 -0.8985151924078699 -0.8731951215976159 -0.0064764843929649195 -0.48732774881800733 -11.092926494616325
-0.4881902354966144 0.03590840099059545 0.8719982114110437 60.32054545930082 0.01040619181637756 0.9993216772362664 -0.0353255796494033 -0.9540780827820647 -0.8726752002535859 -0.008171422396616652 -0.48823275465537347 -11.602616690864815
-0.491002462600387 0.03780108092905212 0.8703376701033638 61.19401280622078 0.009346114272514788 0.9992292108262157 -0.03812655740573552 -1.0079328116210975 -0.8711080483317536 -0.010585958256233433 -0.49097729643990207 -12.090888130547468
-0.4954775065380845 0.03799340282797225 0.867789457101407 62.066954416287004 0.007814698298170289 0.9991974968190671 -0.03928476601697693 -1.0683850599449782 -0.8685856152419903 -0.012683205117445893 -0.49537679124342987 -12.579979940659822
-0.501001464559828 0.036519915522369606 0.8646755624389689 62.88431267686123 0.008957862940013583 0.9992745791727362 -0.037014485146884255 -1.1194899958276583 -0.8654000746478189 -0.010798666092611365 -0.5009651680607784 -13.048831085897639
-0.5064388909225491 0.03443202074984706 0.8615881183652785 63.73318518117906 0.010551392169872862 0.9993750669850061 -0.03373638409761495 -1.1726161052401767 -0.8622112953820604 -0.007994462820359934 -0.5064857062936693 -13.546870987166734
-0.5115467845305611 0.03220907884008352 0.8586515372819858 64.5725918159364 0.008318159220925162 0.9994359987185228 -0.032534484668947684 -1.2266683134677017 -0.8592151624963409 -0.009500510816356925 -0.5115261917347033 -14.044249285973512
-0.5163431492777407 0.03600266738290152 0.855624660780217 65.43346718358009 0.011126131468982142 0.9993136062451 -0.035334481345259836 -1.2788257555533111 -0.85630950093554 -0.008724924911966437 -0.5163893049752291 -14.566441296152194
-0.5212350960216996 0.03741540562941341 0.8525925533904436 66.22716140959344 0.011351033268591857 0.9992540490959744 -0.03691204964542129 -1.3291848622693263 -0.8533376405145731 -0.00956204930320329 -0.5212709837446714 -15.050751373465161
-0.5259650351340814 0.03832683628334247 0.8496421808249134 67.09727964266753 0.010175619031576186 0.9991961945646859 -0.0387739802543527 -1.3875808179410107 -0.8504453178151563 -0.011748122741539739 -0.5259322608647623 -15.58194391928776
-0.5298117564150473 0.03802684865763801 0.8472623333688168 67.95472740737182 0.008391756650368237 0.9991804647822365 -0.039597692077506505 -1.4473756594952198 -0.8480737474917597 -0.013869303468914428 -0.5296966690819974 -16.10631566904291
-0.533199149602918 0.03714723755871163 0.8451737984606966 68.76521795181053 0.00900120152030326 0.9992280567822578 -0.03823962487178081 -1.5018025500678631 -0.8459418687084294 -0.012781755783146262 -0.5331219199068666 -16.614507713055904
-0.5355570039064441 0.03043405600286664 0.8439505102800567 69.57823337689126 0.010138606306328676 0.9995101093225952 -0.029609964945768515 -1.5511020227279886 -0.8444382181242818 -0.0073013421463791126 -0.5356031984351313 -17.1276707432171
-0.5378680145543014 0.021462342146281555 0.842755816823005 70.51633369259002 0.009357974239919043 0.9997662877810621 -0.01948841026327063 -1.605062423540265 -0.84297712141999 -0.0025957053107565613 -0.5379431522720596 -17.717947800485966
-0.5396655983374424 0.02007251070858625 0.8416401465501422 71.39270750738056 0.010472245151856501 0.9997984342243943 -0.017129594388627573 -1.6473427778102794 -0.8418143346680216 -0.00043039086070198766 -0.5397670244755015 -18.27255592333656
-0.5407467998397327 0.02447543483953183 0.8408292642103418 72.20508622066276 0.009797805764661478 0.9996920650368577 -0.022798642602815604 -1.679989279943822 -0.8411283501733134 -0.004090011216189684 -0.5408200905504201 -18.7925368743804
-0.542013630316514 0.031071079124095315 0.8397951015534554 72.87827898423231 0.011880527903075425 0.9994997028830911 -0.02931206224999164 -1.7139521936778175 -0.8402857118908138 -0.0059103281353130865 -0.5421116032824556 -19.2214039189333
-0.5421949979573033 0.034922056072233504 0.839526672708955 73.53584356542069 0.017719437189036152 0.9993889734651347 -0.030128080954470497 -1.7536125260119646 -0.840065834167643 -0.0014593546459833757 -0.5424825016055658 -19.651128918022287
-0.5419948383510048 0.03615044928760484 0.8396039186528216 74.36949159377896 0.02114818722616868 0.9993446755701301 -0.029376412079581832 -1.8039315253830184 -0.8401156761886479 0.001834237151085996 -0.5424041723624162 -20.197183002461998
-0.5414379046521122 0.032769807015037886 0.8401018599873045 75.09485763205707 0.019959524485407824 0.999459479736286 -0.026122131375132803 -1.8445166924734828 -0.8405037851123817 0.0026245215678507173 -0.5417993162586054 -20.664288841766364
-0.5407030986295653 0.028072642521778313 0.8407449588753013 75.90904957251452 0.018910586977821005 0.9995960780355304 -0.021214864508873 -1.8849622328047022 -0.8410009208274005 0.004428037694017121 -0.5410155669198794 -21.182669556568726
-0.539859928966503 0.02103042694080213 0.8414921141870381 76.63701980925146 0.015416919144060303 0.9997671985530612 -0.015095274143197977 -1.920658879862934 -0.8416136736652887 0.0048238822581035635 -0.5400584731856088 -21.642806930174125
-0.5395723575895504 0.015238737445207144 0.8418013137352137 77.4317212136826 0.006684769901588082 0.9998822140087095 -0.013815641874054619 -1.9531331137973456 -0.8419126942721633 -0.0018272903724277896 -0.5396106709779527 -22.12951037052845
-0.5380737051038739 0.00998512095941242 0.8428386472126305 78.06535419613252 -0.0009487949488214548 0.9999220231080842 -0.012451806759129318 -1.9747140437724275 -0.8428972580711914 -0.007499670849274652 -0.5380222739564006 -22.517951676747103
-0.5359687440733675 0.010728314227890104 0.8441696563193006 78.80815574514097 0.0022485864785496395 0.9999338478858184 -0.011280235418434611 -2.0016986123106655 -0.8442348306219447 -0.004147665135274772 -0.5359574121501243 -22.990959167427757
-0.5327138955245364 0.014146151938798398 0.8461771634240665 79.61526911175363 0.006453944638649799 0.9998991199150216 -0.012652928188839847 -2.03428752550599 -0.846270791244548 -0.0012792100980463673 -0.5327514537829515 -23.50271295451708
-0.5276163049533935 0.017244457007338704 0.8493077554396001 80.43453605507848 0.008662127596527777 0.9998511705682253 -0.014919928245014754 -2.062694211429824 -0.8494386395101343 -0.0005151852644720575 -0.5276871538054646 -24.005167425248036
-0.5199944331389883 0.019530395206802043 0.8539463409181691 81.24788166075285 0.013540449309440839 0.9998014214219237 -0.014621010744264546 -2.0915406039694036 -0.8540623195861994 0.0039599729482959 -0.5201556237101411 -24.49908773240394
-0.5114488077214114 0.022794670735913892 0.8590113620123949 82.01300805418198 0.021233993380930988 0.9996781126062717 -0.01388483709107622 -2.1271412416845883 -0.8590513573736112 0.011138858199472568 -0.5117682006851976 -24.968533917623425
-0.5010738685910703 0.02189160262527516 0.8651275836254891 82.59353570295572 0.018181517257558552 0.9997256468731058 -0.014766970384890296 -2.1432698538510415 -0.8652135058154089 0.008329989113543865 -0.5013344199593465 -25.309536188314443
-0.4901247721974391 0.01961834566379907 0.871431482212931 83.39573196485425 0.01656929871684594 0.9997757350286269 -0.013188555189476212 -2.1737753368855257 -0.8714947882910365 0.00797497093218822 -0.49033991660906884 -25.751077042114655
-0.4790479045800285 0.01625144208879439 0.8776383057658323 84.17742271946031 0.016740188732345108 0.9998159075483787 -0.009376411595094326 -2.2017597047117676 -0.8776291193885315 0.010200080550138626 -0.4792317676845716 -26.166095842765056
-0.4677653338626567 0.015634310866498923 0.8837144113117592 84.77354139400627 0.016970853148485274 0.9998180865057461 -0.008705402884663002 -2.2219793201102473 -0.883689754710198 0.010925301812811318 -0.467945568630078 -26.47758869909445
-0.4558227801406505 0.014893802164317156 0.8899459353027804 85.60854262013527 0.017565504165989537 0.9998157894996472 -0.007735640282148869 -2.243885250102885 -0.8898972110127342 0.012106267974481992 -0.4560004299422153 -26.896584697087107
-0.44423280465148557 0.015539641750621138 0.8957766098786795 86.41996623100796 0.01765125804879057 0.9998072976147531 -0.008590734867478585 -2.265898907360934 -0.8957374885315283 0.011995297850834861 -0.44442149415695215 -27.288390845574458
-0.4321135900791328 0.019437636402221074 0.9016096847084223 87.03345384564132 0.017447866132704524 0.9997607503799998 -0.013191435366102316 -2.2910833632978376 -0.9016503852582429 0.01003096658839191 -0.43234935234479344 -27.577012314131853
-0.42001140773487844 0.02857970561845445 0.9070686951931097 87.79963146682316 0.019889906259997855 0.9995538116944628 -0.022283831717684853 -2.3167803367641184 -0.907300837099544 0.008682047789290423 -0.42039245122224606 -27.936779270848866
-0.4070331632569981 0.03357400880777663 0.9127961382157461 88.51080541782595 0.019788610267069153 0.9994138286510668 -0.027935819384744646 -2.341716018713016 -0.9131990007181888 0.0066921621000813215 -0.40745895505403307 -28.253792616146292
-0.3951664404744983 0.030067429939084594 0.9181173312706689 89.3188303532018 0.018024739891958033 0.9995255553082686 -0.024975448694824546 -2.3794676413864395 -0.9184326829302952 0.00667936692645876 -0.39552091345833795 -28.600583142223282
-0.3832952697408587 0.026344162518533103 0.9232500859980907 90.1676783509321 0.016583026779269955 0.9996283101634489 -0.02163896352850353 -2.4181982760744467 -0.923476983696464 0.007016168537491768 -0.3835896687372218 -28.94671527245029
-0.3731405696829484 0.027125775572200216 0.9273781901448261 90.77465044769102 0.013076802631942646 0.9996269698036477 -0.02397745762344638 -2.4441941711020134 -0.9276826572107557 0.0031801793605226733 -0.3733560953963702 -29.190442375040796
-0.3658505309144386 0.03159205328091534 0.9301372647083447 91.54190812800344 0.00815374925597143 0.9994941366409245 -0.030740643998879116 -2.4811168405583484 -0.9306379024103265 -0.0036623748975826214 -0.365923054216886 -29.487495969867553
-0.3606997078881562 0.036866049632054414 0.9319531185171965 92.31972604715833 0.0031144210728051803 0.9992605432816716 -0.03832319169617486 -2.5203790242008135 -0.9326768042096779 -0.010920669618983648 -0.3605478024677059 -29.777003817963823
-0.3567774869184375 0.03920295623527012 0.9333664623558005 93.21027302399261 0.001679137948357092 0.999144392173878 -0.04132389240166324 -2.575962358250917 -0.9341878854512684 -0.013176183434095927 -0.3565380524799499 -30.11506550418861
-0.3534301490153081 0.038611606602865715 0.9346637222031061 94.02561842590542 -0.0002523840371216439 0.9991438317402271 -0.04137076017837374 -2.6256560632766144 -0.9354608843074694 -0.014857568138288167 -0.3531178083865218 -30.406244228252774
-0.34806174697826336 0.0389727538447756 0.9366611685920349 94.76950206601333 -0.0009115563457287256 0.9991209605441034 -0.04191032410324128 -2.669092327975113 -0.9374711672128726 -0.015441200055835307 -0.34772026110850496 -30.682747692156685
-0.3419600823499635 0.03434134958921131 0.9390867764949096 95.60858515979076 -0.005377121858813489 0.9992441607908942 -0.03849926863979028 -2.715979307288643 -0.9396990947317758 -0.01821479710769776 -0.3415169578902387 -30.99703042783173
-0.3361112817453568 0.030747414714276753 0.94132024453524 96.96587335880528 -0.005554048161485487 0.9993848657807319 -0.034627194478183104 -2.7968667734729986 -0.9418059029505553 -0.01686672869284596 -0.3357337555723106 -31.479546082180896
-0.3299203854765547 0.02805545007508921 0.9435917713545875 97.84570415244471 -0.0070725794685540695 0.9994567649130651 -0.032189341235153664 -2.8431832019665855 -0.9439822656526233 -0.017293547657325364 -0.3295427367470883 -31.782951613373246
-0.32442671925979194 0.026414430839033443 0.9455419513029449 98.69848138345051 -0.016108362617062007 0.9993107897983968 -0.03344347539182518 -2.884617744236885 -0.9457736645118234 -0.026081089623255595 -0.3237776278249286 -32.053562489820585
-0.31842920654228146 0.026681108496590614 0.9475710838086232 99.54718870077748 -0.023067101110473033 0.9990897313854912 -0.03588338733185722 -2.927691993948276 -0.9476659481416486 -0.03328403655571445 -0.31752389460219427 -32.315608976489116
-0.3117902918817819 0.030961764060886483 0.949646346307147 100.20607514245064 -0.021507179489624433 0.9989828715808322 -0.0396315974759847 -2.9644359911240707 -0.9499074981905715 -0.03278096176647963 -0.31080726089811694 -32.52503204788443
-0.3045910767060935 0.034241059086765106 0.9518675463863875 101.09706442379957 -0.019957529868291572 0.9989047838417174 -0.04231937877227505 -3.0168594893288905 -0.9522741060181018 -0.03188703013345174 -0.30357411667777157 -32.810958231725145
-0.297901520011127 0.03262174209772692 0.9540390486335303 101.93544204003668 -0.021367509484860006 0.9989376451606445 -0.040829041371349475 -3.0591104719632587 -0.9543574350909994 -0.03254847190573375 -0.2968879975060073 -33.06641416509726
-0.29071096455412454 0.02790847754454083 0.9564038121887418 102.82554777831689 -0.02181565578818922 0.9991213284626393 -0.03578614499446433 -3.1097638000566428 -0.9565621842047375 -0.03126800109024372 -0.28984668336428926 -33.33465512193653
-0.2835975451173256 0.025115983142482718 0.9586144270738962 103.6385856112014 -0.0233349941546737 0.9991801847353158 -0.03308226836363987 -3.1572601880850786 -0.9586594340281763 -0.03175131214720379 -0.282778966200994 -33.56624992132776
-0.27723071714798614 0.028520304085589962 0.9603799881945062 104.64729364797827 -0.025055398198708417 0.999004812332397 -0.03690002652843145 -3.2070241526537533 -0.9604766298514051 -0.03429252384354893 -0.2762402329815883 -33.84274183612429
-0.2705803313737523 0.03160578406036147 0.9621784443062531 105.19828754995073 -0.02385108232985581 0.9989340617201509 -0.03952045302067348 -3.2357585116004914 -0.9624018963745656 -0.03364245456554378 -0.2695380772830447 -33.99881469345264
-0.26372285306930676 0.031720696224173436 0.9640767885391908 106.04251747107602 -0.026925153692615972 0.9988276261991583 -0.04022945736604405 -3.291427493980092 -0.9642226365666846 -0.03656734297691257 -0.2625595866846137 -34.223226848536896
-0.2571545630196975 0.030950224984516286 0.9658745334108138 106.79122535648834 -0.027873158900321368 0.9988336068748264 -0.03942731020911319 -3.3329660943805752 -0.9659682281167743 -0.03706088707540823 -0.2559919391662914 -34.410444802138265
-0.24881259302183603 0.030863316774158635 0.9680597859798997 106.79357840300916 -0.023785153534784574 0.998996037591252 -0.037962920702804055 -3.333103051401178 -0.9682595519926835 -0.032471103379137535 -0.24782870580355415 -34.4110684824922
-0.24151657670168386 0.031654072829983365 0.9698802827419344 107.56892000322502 -0.022103556268129924 0.9990290756325125 -0.03810956364394626 -3.3827691773747794 -0.9701449252449844 -0.030641894753824866 -0.2405824147923002 -34.59837258220977
-0.23506164606163713 0.03229900845679949 0.9714436662017525 108.28229854785755 -0.020437671700730877 0.9990625183336178 -0.038162626171756496 -3.422984292920417 -0.9717655705602262 -0.02882461645156163 -0.23418116354688667 -34.75815173060965
-0.22845091265108722 0.030939014782839502 0.9730636967193635 109.14275950230676 -0.026721912812720593 0.9989190650519528 -0.038034732171323964 -3.4726822972546976 -0.973188635303819 -0.03469119254194479 -0.227377222420152 -34.94113796050077
-0.22264185639701373 0.029200136355064677 0.974462906331964 109.84452976256352 -0.030475819525398053 0.9988543707558973 -0.03689404350404286 -3.512665301229834 -0.97442384423019 -0.03791171400330783 -0.22149689328969113 -35.08570709884481
-0.21821503623516345 0.029177387898135457 0.975464442199883 110.69720275630829 -0.027620294036037236 0.9989678952216183 -0.036059169067451394 -3.562009845686694 -0.975509773051118 -0.03481126759993084 -0.21718392742060152 -35.26732776237726
-0.2140491275950196 0.029083469494846706 0.9763898415991199 111.49646538433831 -0.027026956593080787 0.9989976715764676 -0.03568186937500579 -3.6013482630065887 -0.9764489308679288 -0.03402651887751102 -0.21304854240278645 -35.41814381887467
-0.2092568853824529 0.030478385711815652 0.9773856065670488 112.42625377944147 -0.025991123482928036 0.998987661105604 -0.0367166782107667 -3.6479608190133104 -0.9775152261832677 -0.033086567714702926 -0.20825287901186498 -35.61068264241278
-0.20339640973488401 0.029490388112578748 0.9786522454457097 113.29302726465211 -0.019821674068880725 0.9992174084310372 -0.034229693621939485 -3.6930558386313104 -0.9788958073993682 -0.02636072262503838 -0.2026526845581369 -35.79342204396686
-0.19778916639121757 0.028375363844309442 0.9798338044714375 114.2240306149959 -0.012497627625551608 0.9994267004738654 -0.03146553167578143 -3.73914840536581 -0.9801649121255026 -0.018469139303429492 -0.1973211492247863 -35.98777134424515
-0.19314798250189638 0.027511090205310628 0.9807838685312701 115.13247932959152 -0.010887903311861822 0.9994851827879253 -0.030179843419780195 -3.7822156837503043 -0.981109224509133 -0.016507855799164733 -0.19274900850586882 -36.158544847024764
