0.9928777607635585 0.015189127638635906 0.11816531886606567 0.03264643193761299 -0.011804478673893079 0.9995012295844216 -0.029290721098448425 -0.006167324980416664 -0.11855128200225991 0.027687225588829138 0.9925618424434892 -0.0016593061777851505
0.9923302510756646 0.024850868971051585 0.1210913172423681 0.721063505758498 -0.02860103068514848 0.9991605008700822 0.02933043717358126 -0.0336411300484844 -0.12026077433583823 -0.03256881656477294 0.9922079511592892 -0.06249396767576452
0.9706600981189598 0.06797143879175459 0.23064877504177195 0.6082863293098153 -0.026325295783674166 0.9834888359618666 -0.17904381681665196 -0.1779281705510267 -0.23901036111765794 0.16771879157372765 0.9564227382446816 -1.0279218893936337
