0.9995439291346488 -0.00262317949551601 -0.030084093129133405 -0.39902569620946854 0.0017718368336377063 0.9995981708874971 -0.028290587703421407 -0.17893751286921933 0.030146215754270587 0.028224381086293427 0.9991469311307485 0.9895311888961691
0.9999685139584098 -0.004624815118996373 0.006448424375344785 -0.18946085783076533 0.004860596069634196 0.999301924116826 -0.0370410456420634 -0.15985893998489484 -0.006272614897895033 0.037071222552333916 0.9992929394130721 1.9874932876380744
0.9971328484047557 -0.0026638695423342232 0.07562398053051723 -0.06307136401434987 0.005630812263494094 0.9992215188743274 -0.03904676903068375 -0.2128510964744409 -0.07546109319027859 0.039360640461553784 0.9963715990517715 2.960694433401233
