1.0 0.0 0.0 0.0 0.0 1.0 0.0 0.0 0.0 0.0 1.0 0.0
0.9999543647464669 -0.009544694959975026 -0.00040892861315323367 -0.625079574164339 0.009545829387622103 0.9999503236449739 0.0028683416139353643 -0.3084184544857372 0.000381530853324228 -0.0028721142792114737 0.9999958026880789 0.5044953926120379
0.9999546938732055 -0.009192110244180485 -0.002472915324622877 -1.2262740556715417 0.009202919516605554 0.999947990323688 0.00439578434277715 -0.6368137263244985 0.002432380174808824 -0.004418343227518242 0.9999872808040156 1.023135859631076
0.9998018655932094 -0.01975514127311135 -0.0024421199023163674 -1.5750314937835777 0.019765799966272275 0.99979486609157 0.004420281510570397 -0.4058419656412578 0.0023542956550076876 -0.004467676154198292 0.9999872484995747 1.775048874384063
0.9996783473681544 -0.02523610116226618 -0.0025181345085937765 -1.8751140343355104 0.02524756658304698 0.9996705062644117 0.004630257734649707 -0.6846684755564394 0.002400455146448816 -0.004692345168734025 0.9999861097594843 2.5305797584669483
0.9993919311653957 -0.03478036158698364 -0.002468677658073321 -2.3108906062357253 0.034791986168694146 0.9993828876699826 0.004833376753790149 -0.4532695883106795 0.0022990476154687166 -0.004916327926954921 0.9999852719414304 3.235492761456383
0.9992304761425314 -0.03914297941313801 -0.002506533588976429 -2.686190850753529 0.03915524276017467 0.99922039763997 0.005046177227568791 -0.8779823888230982 0.0023070570781411758 -0.005140438004966068 0.9999841265663947 3.8815065822691768
0.9989757948470972 -0.04503342514981143 -0.004399082732376393 -2.881951538329928 0.04506169806247511 0.9989627033713596 0.0065544367195873665 -0.816644619896513 0.004099350843278242 -0.006745953769563 0.9999688432298292 4.717234770179499
0.9992667723042071 -0.038036490409963084 -0.004375290393130943 -2.923177076462559 0.0380618921568021 0.9992581023319045 0.005876843496705794 -0.8188557875943621 0.004148509874087707 -0.006039066263388229 0.9999731594120369 5.575688534572873
0.9995549458087359 -0.02950739944672732 -0.0043844825448441415 -3.0199966984107984 0.0295329184215533 0.9995465472970605 0.005874224717428781 -0.7835993015246789 0.004209161294206153 -0.006001096934415486 0.999973134537515 6.429802291678721
0.9996831663436471 -0.024807839123248313 -0.004258878628812647 -3.0126466612478318 0.024829764338120484 0.9996783002066988 0.0051748332107092905 -0.7684540442606116 0.004129132118657132 -0.005278940602080214 0.9999775412748361 7.290235610090881
0.999912496558557 -0.00934355871820275 -0.009364674928333476 -3.0168300317203807 0.009384422796431771 0.9999465937241818 0.0043292387533665055 -0.764515222635982 0.009323724299424095 -0.004416741998955389 0.9999467788614068 8.149350300903818
0.9996578890783414 -0.024411662317911694 -0.009390183507832573 -3.1605742308784226 0.0244531857332741 0.9996915863395902 0.004332886950712194 -0.8529911094003005 0.009281514473862518 -0.004561024524150607 0.9999465238423312 8.993064396608201
0.9993425783793486 -0.035003165007583444 -0.009444018083821004 -3.2481839990049424 0.0350453100742822 0.9993763242069733 0.004334611442368476 -0.8330722312750347 0.009286402958792222 -0.004662730317183782 0.9999460093755446 9.848717441112052
0.9991720433027071 -0.03950740247414484 -0.009715607651558824 -3.253828125924397 0.03955524353753728 0.9992059412460192 0.004782226191143137 -0.8291683051808102 0.009518959553396959 -0.005162569941712787 0.9999413669213902 10.708282609124888
0.9989654183808532 -0.04438017571746916 -0.0099243580373452 -3.259714490040353 0.04443228490286433 0.9989994152305918 0.005093174574553563 -0.8308311851230408 0.009688391893268434 -0.005528867173548982 0.9999377814095737 11.56413180043975
0.9995760801826387 -0.027404349503423103 -0.009831660846740095 -3.2808806114427482 0.027455394118300676 0.9996100451867019 0.005094987306052743 -1.0808777024331904 0.009688202130419609 -0.005362759563349222 0.9999386878950861 12.390539462916808
0.9993934697003409 -0.0333813804009119 -0.009918475832670587 -3.242259614016915 0.03343555257959291 0.9994265721763214 0.005347022684237938 -1.1741886905925236 0.009734297304424783 -0.0056754092731796674 0.9999365145775864 13.255387679639718
0.9996130171401313 -0.026090342984733443 -0.009649350596925954 -3.234670164769341 0.026137470159025046 0.9996468794132451 0.004790525341456036 -1.1781103680645064 0.0095209567633457 -0.005040881103540256 0.9999419687661936 14.136961100679414
0.9996130171401313 -0.026090342984733443 -0.009649350596925954 -3.234670164769341 0.026137470159025046 0.9996468794132451 0.004790525341456036 -1.1781103680645064 0.0095209567633457 -0.005040881103540256 0.9999419687661936 14.136961100679414
0.9994342324697449 -0.03214694156280167 -0.009888837938274737 -3.2169268529082133 0.032199092514489755 0.9994681525816935 0.005160466663008851 -1.1532362840003627 0.009717685365094668 -0.005475958646165267 0.9999377882988777 15.038164632331112
0.999698733161626 -0.022481588748876433 -0.009849928038620125 -3.232402518607661 0.02252899265276008 0.9997350083964386 0.004728369340973319 -1.1935394307504217 0.009741016635417633 -0.0049488537965035944 0.9999403089389935 15.943300714831283
0.999816150090318 -0.016582937845966685 -0.009626639651038167 -3.244444581555322 0.016625485025026726 0.9998522954886584 0.004356656257142526 -1.200285338546999 0.009552971593004196 -0.004515902839642806 0.9999441721192672 16.8562418238784
0.9998869480411408 -0.011696753391193547 -0.009448655834461318 -3.290304705340229 0.01173742107295888 0.99992203902123 0.0042601439156156 -1.192787257244397 0.009398089355212438 -0.004370565150103464 0.9999462855957518 17.770161359534125
0.9997474698634944 -0.020158352101115613 -0.009931633405842858 -3.297713854444866 0.020205206953171472 0.999785085995528 0.004640197505918782 -1.1759884154242235 0.009835960223593614 -0.004839696424557294 0.999939913807324 18.68848516432161
0.9998819054829357 -0.011865783678396703 -0.009766179678384739 -3.310130043919257 0.011909173972306014 0.9999194165559556 0.00439681358418731 -1.1774935908552808 0.009713221047126878 -0.004512601477445155 0.9999426432374988 19.617097282550393
0.9999516551887413 -0.0024309698046572174 -0.009527731687281637 -3.32342822665765 0.002467957685171227 0.9999894571989061 0.0038722959469903225 -1.1762490904816825 0.009518217803779738 -0.0038956227802135097 0.9999471124279495 20.553149139544615
0.9999004628778279 0.010586180221333685 -0.009327224937056093 -3.356177248579752 -0.010551149283850514 0.9999371260026304 0.0037970107175642654 -1.206334684192702 0.009366834336898392 -0.0036982198313296574 0.9999492915066166 21.48942680658459
0.9999654936901485 0.007481517402508924 0.0036108622755478045 -3.4493444729900857 -0.007522066230792483 0.9999072951084278 0.011349877028708696 -1.2430745725609658 -0.0035256132284454613 -0.011376646531522129 0.9999290684668891 22.42810754514191
0.9999033377111067 0.013337936475882238 0.0039261539390618725 -3.440206076060206 -0.013380961331876209 0.9998483666953111 0.01114421332141156 -1.2300999718698558 -0.003776917794010724 -0.011195671810285603 0.9999301934758716 23.374855532467425
0.9999908660676217 0.0029590082259375663 0.0030841614170376737 -3.4235571331704335 -0.0029934431721237165 0.9999325627683244 0.011220927481523672 -1.2139318700420165 -0.0030507506130092073 -0.011230057252266416 0.9999322870748841 24.324000191873186
0.9999603377750603 -0.008644293206131502 0.002144544649375694 -3.4250953806066295 0.008620184077386624 0.9999022586796817 0.01100752078090539 -1.208756738964064 -0.002239487275852929 -0.010988597828500387 0.9999371157300369 25.277289208471846
0.9998419474697795 -0.0177100277061529 0.0015604481680730389 -3.4046036478756236 0.017691564129612505 0.9997813956601393 0.011143134680650197 -1.204047962926929 -0.0017574522712590932 -0.011113766711182964 0.9999366957717895 26.237093969066237
0.9999249282025947 -0.012120137717584271 0.001800061316184921 -3.390140232225026 0.012099774292557649 0.9998671366706751 0.010922658470095693 -1.1946550384059562 -0.001932206278945177 -0.010900058150853329 0.999938725778337 27.206810247318042
0.9999943225240159 -0.002796376402195367 0.00188021242177723 -3.368260544010265 0.002776628099789782 0.999941802551345 0.010425058597534769 -1.1940018678903535 -0.001909255386065021 -0.0104197787588711 0.9999438899030723 28.183595367695325
0.9999564897710895 0.009138866204441197 0.001870745620726828 -3.3119972805720104 -0.009157039180311891 0.9999085900812451 0.009947869881868106 -1.224030017572205 -0.0017796623641520614 -0.0099645675387178 0.9999487687854995 29.162349634101272
0.9999965154091872 -0.0024603740416293367 0.0009569373322441556 -3.316259635118145 0.0024502854498881736 0.9999428684078611 0.01040461539285328 -1.2178634885889823 -0.0009824819065165165 -0.010402234367404449 0.9999454126348445 30.142939184809837
