0.9990467583056871 -0.0007422845714658998 0.04364657755784481 0.031166052481739655 0.0008481279437904638 0.9999967446122304 -0.0024065419033449534 -0.02805019380308248 -0.043644649132384604 0.002441265769341199 0.9990441355733762 1.001467734499426
0.9960438652626862 -0.004911903235726865 0.0887270628341227 0.1313339231308082 0.005575454940942743 0.9999583033201531 -0.0072322834071946295 -0.046134707633389734 -0.08868783893392049 0.007698365260451184 0.9960297196356879 1.9960692610494255
0.9909983932648154 -0.0044574530387607916 0.13379953534658157 0.28889595778184524 0.006002184868188891 0.9999198895124072 -0.011143981976969135 -0.07107520390179085 -0.13373914282423813 0.011846757780176426 0.9909457583575076 2.9847652818902937
0.9838044470067492 -0.002108278302516886 0.1792327124504431 0.49836188953262917 0.004566826533863448 0.999901047968819 -0.013305576510125667 -0.10958803730807416 -0.17918692515123325 0.013908610047605182 0.983716725699726 3.955368974476538
0.9743684564625725 -0.004607339573605692 0.22491083449402088 0.7295632632027119 0.007781379462593855 0.9998822273619651 -0.013228058789344136 -0.14120330642408915 -0.22482339999297773 0.014639119773016037 0.9742895539765728 4.926279865819988
0.9628555418676191 -0.005503635187947937 0.2699609517958676 0.9959251095553028 0.009749586587098175 0.9998489305635203 -0.014389635588340815 -0.1717117486216386 -0.26984097364224274 0.016487148046358733 0.962763741991307 5.881775242408179
0.9494974892264191 -0.008085351733169164 0.3136704401757936 1.315667045430938 0.014127595989597666 0.9997557655120991 -0.016994715557231116 -0.20146437873897635 -0.3134564227835825 0.02056784900439101 0.9493798157760951 6.819538913287085
0.9344306849999002 -0.010201348269137546 0.3559989149198463 1.6555858821807619 0.017995851414233214 0.9996652286120222 -0.018589783106586613 -0.23395371205160248 -0.35569009581726235 0.023777367338813138 0.9343014462901904 7.746323782304117
0.9172300858526132 -0.010042347811280867 0.39823124043354996 2.051792968170353 0.01928671819079873 0.9996293479904226 -0.019214295138541563 -0.26774245008490116 -0.39789067858927746 0.025304503288536048 0.9170837966102575 8.6500504505856
0.8977786981178402 -0.010574652967769466 0.44031986773304527 2.485231302277079 0.02058588749862696 0.9996266490956953 -0.017966180829688424 -0.29008620424869014 -0.43996548778481426 0.025194029695990168 0.897661200245364 9.534124816800624
0.8759919345898514 -0.010390512644815343 0.4822138195660788 2.957239859887427 0.021243070287259663 0.9996289333156948 -0.017050737312388615 -0.31436026509729625 -0.4818577201812791 0.025180010426992853 0.8758876095576396 10.394533103605392
0.8521613575460305 -0.010422797645452536 0.5231752918425595 3.4758779979475567 0.022049341570079668 0.9996288485822643 -0.015999738073533786 -0.33879093017726514 -0.5228143525589478 0.025170029227986203 0.8520748924754383 11.225352800938726
0.8265347886541127 -0.010776676632854887 0.5627824680862503 4.0098825500879665 0.023737779982665387 0.9995945936997627 -0.015721515439037916 -0.3789890447691315 -0.5623848868399608 0.026353585846260415 0.8264555206222822 12.041483753904828
0.7994114239689366 -0.012322992796717192 0.6006575722293763 4.599677898138499 0.027034603637108964 0.9995147203019651 -0.015474304697408701 -0.4029608263944907 -0.6001753955587827 0.02860887533993407 0.7993566330603894 12.816979968319359
0.7708725147472015 -0.011446269325936207 0.6368866060185618 5.223833159413665 0.027812960774152535 0.9994898272723935 -0.015701095247638974 -0.4409064084809532 -0.6363819648766773 0.029817244968610223 0.7707975912534889 13.554412627454411
0.7403522292220701 -0.01467425706167679 0.6720589578791419 5.8741356874343165 0.032755706742189014 0.9993616052293007 -0.014263438201716737 -0.47106808824053087 -0.6714206135960754 0.03257373440676259 0.7403602578914309 14.271418210886939
0.7086746783869062 -0.013931704031601514 0.7053978365688331 6.56643989885007 0.033239032171053694 0.9993541308232402 -0.01365605897968437 -0.5040865152585288 -0.7047519896768977 0.03312444458856358 0.70868004361429 14.942990570470359
0.6750101962490477 -0.012638318769713374 0.7377001476606173 7.301311071646073 0.03424414107384498 0.9993124170926924 -0.014213790714475861 -0.5373220585338697 -0.7370132792303924 0.034856361586307734 0.6749788591467345 15.56082974660805
0.6402354074907406 -0.013990549768282507 0.7680513573403446 8.065648251228783 0.03872334140463228 0.9991507818838342 -0.014078987583693503 -0.5802732025581488 -0.7672021414370693 0.038755381279284504 0.6402334688192045 16.1334822191933
0.6037190462750347 -0.01212891569856495 0.797104888059745 8.81829389564513 0.038568605034575223 0.9991577636576113 -0.01400807011714813 -0.6139206753211915 -0.7962636346527754 0.0392001623299841 0.6036783675127454 16.716663271692262
0.565817853966447 -0.010774214000190054 0.8244598670920747 9.587223011964245 0.041666713280216594 0.9990107052989321 -0.01554013199922692 -0.6301290266339254 -0.823476800606567 0.04314541703132887 0.5657070194473143 17.277697895733127
0.527523968096704 -0.009076611833829112 0.8494916587001452 10.409183416259285 0.04632848406315815 0.9987623029938868 -0.0180978916660465 -0.65216391760157 -0.8482759778797913 0.048902732397732615 0.5272915589274292 17.759094560373065
0.4890113992162325 -0.008056051144848475 0.8722401913902688 11.240831379420595 0.0481076098220506 0.998684484226442 -0.017747079832289667 -0.6761049823619131 -0.8709497742773636 0.050639915139303944 0.4887556543722972 18.22285114198626
0.4505204439507039 -0.009645917432987153 0.8927140000354736 12.085260001001846 0.053257997769416345 0.9984511660864847 -0.016088959386200245 -0.7034337800520389 -0.8911761415433274 0.05479256534799178 0.4503363848575115 18.679900695597293
0.4138969567052248 -0.010152626562951687 0.9102671220054173 12.975098407302461 0.05721769951043556 0.9982507880266304 -0.014882844719460392 -0.7214363124803673 -0.9085237718920102 0.05824335479763605 0.4137538731287362 19.049358996678425
0.37891639679799444 -0.00769245273104553 0.925398935815578 13.875485723582408 0.058625313207037885 0.9981564722613724 -0.01570762662234547 -0.7517723268591664 -0.9235721070327974 0.060203679735635215 0.37866882636056504 19.395514056167258
0.34568600135686267 -0.008318187967590488 0.9383133784694949 14.794271750808502 0.059376621388809725 0.9981506545971951 -0.013026417759280018 -0.7658862220374889 -0.9364697567451671 0.06021692848464767 0.3455406144370324 19.727604153885846
0.31242051062980886 -0.00973573636266159 0.9498940151276273 15.732804610516997 0.06180854281057018 0.9980369233451083 -0.010099686899263077 -0.7822227855035875 -0.947930972472913 0.061866914237789325 0.3124089568966466 20.033300666632503
0.27969425784616875 -0.00958804068515927 0.9600412447409222 16.685739492847095 0.06224564031017729 0.998027445009938 -0.008166962061270247 -0.8058957851621892 -0.9580692054284263 0.062042634395663154 0.27973935927393073 20.311531115412684
0.24724971048578734 -0.006371401821822826 0.9689308468118443 17.64592139286208 0.05941794336652534 0.9981961616843961 -0.008598302427210915 -0.8205362755268769 -0.9671282689854462 0.05969780596774277 0.24718228757710609 20.56344304797668
0.21622750758985856 -0.004654594559086264 0.9763319106282282 18.622186915952152 0.05922766848139753 0.9982095088471186 -0.008358213532252794 -0.8349192271279586 -0.9745448928847424 0.059633138410481026 0.21611603493397072 20.782274089795763
0.18593194930569037 -0.004374888053109802 0.9825528843690335 19.621894966608114 0.06138608253367216 0.9980883266441791 -0.007172244264559001 -0.8465101867354444 -0.9806431864335542 0.061648621810581186 0.18584506539131107 20.960427505788672
0.15508524585935674 -0.004396665862825202 0.987891307708511 20.632150131607293 0.06326095427418617 0.997981922106349 -0.00548951848847341 -0.8567723909739836 -0.9858735305205539 0.0633462901692485 0.155050409031164 21.14511910073039
0.12439636784473111 -0.004805382530929488 0.9922209693237529 21.660695144048468 0.06208280784432493 0.9980666430975936 -0.0029497298288168306 -0.8677959576663482 -0.9902884774838099 0.061966799454464476 0.12445419690861081 21.29417183495161
0.09514786298723099 -0.005300278716309157 0.9954490399887334 22.7087821239635 0.06277436417629881 0.9980275088427897 -0.0006861452579775297 -0.8885927357962711 -0.9934818887987964 0.06255396581019519 0.09529290629523504 21.391284454612475
0.06782282240510536 -0.004837162191666307 0.997685655215577 23.770144126631127 0.06577982384609644 0.9978340947782955 0.0003661594655134991 -0.8918730269750959 -0.9955265338180503 0.06560275268545653 0.06799411227679052 21.4694137359301
0.04284303040247048 -0.004468174286676264 0.9990718243271977 24.84756276767716 0.06989192816209973 0.997553494524377 0.0014642199239948233 -0.9050546891665125 -0.9966341320282569 0.06976432455593484 0.04305050401025893 21.494197095445124
0.01991883467848724 -0.004139766878435162 0.9997930297592803 25.9394765531622 0.0741221193386935 0.9972456446313577 0.0026524872341034296 -0.9163274103010285 -0.9970502251390305 0.07405394381110848 0.020170819423851395 21.52332655256768
-0.00035383703851974194 -0.004315757231055799 0.9999906244754851 27.043489963752904 0.08013025415969424 0.9967749953998719 0.004330232544161681 -0.9215806935078216 -0.9967843383438831 0.08013103509319157 -6.8731886266068285e-06 21.524492971900695
-0.017945326023663433 -0.004958258432814577 0.9998266754529086 28.159359082684734 0.08466980318536628 0.996388117773666 0.006460896841847244 -0.9262301118934505 -0.9962474540506769 0.08477107073030914 -0.017460694853904057 21.497257922837537
-0.033551736262887086 -0.004665457815130568 0.9994260925636866 29.28791150031627 0.08759190877341103 0.9961275220521372 0.00759060786085059 -0.9164906101615993 -0.9955912507204832 0.08779631719862739 -0.03301315154876732 21.453146029761996
-0.047776727701932864 -0.0052431701856560835 0.9988442788825981 30.42173554784387 0.09013468904100896 0.9958839019658756 0.009538953648142043 -0.9153039942818925 -0.9947829522672652 0.09048625846848254 -0.047107482492688736 21.393914860578427
-0.06108046887302432 -0.006198160397341958 0.9981136003130795 31.562392370370272 0.0904546911720665 0.995831613987423 0.011719446581153934 -0.9120321418357183 -0.9940257165522516 0.09099988676306836 -0.060265209216355795 21.327375148129
-0.07308470661946222 -0.0058435258036236525 0.9973086176628213 32.707810639669496 0.09041024564897548 0.9958266560469244 0.012460280417828136 -0.9071596169654519 -0.9932193177440917 0.09107757304946912 -0.0722513843976678 21.23070083633869
-0.08424017693786998 -0.002886286823368847 0.9964412987917789 33.865635002258756 0.0907694345562929 0.9958159638199002 0.010558217262976604 -0.9027163545551691 -0.9923026263896549 0.09133583935024957 -0.0836257263668194 21.137356575737844
-0.09447425910137272 0.0004800609452168263 0.9955271889349547 35.040349472130536 0.09080090516941701 0.9958358248506326 0.008136680187431106 -0.8960069927991798 -0.9913777332518926 0.09116347670831158 -0.09412444170773007 21.025885101590937
-0.10376813385538794 0.003157287063468724 0.9945965040832221 36.236565301696146 0.09191144414900461 0.9957464349204626 0.006428357304271609 -0.889219770351565 -0.9903456269558695 0.09208185967706031 -0.1036169401584483 20.89272923269005
-0.11144017333777205 0.004206053713363805 0.9937622436370811 37.45836375333166 0.09148356342396062 0.9957882425300072 0.00604430825256775 -0.8859795492684722 -0.9895513353988771 0.09158649000348348 -0.11135559913691055 20.77003897325411
-0.11714171935647727 0.005039421929015511 0.9931024226195542 38.70180557558595 0.09151845607889955 0.9957868251337583 0.005742045538150115 -0.8810639781292265 -0.988889371862769 0.09155983353331859 -0.11710938092317001 20.624754223686075
-0.12211445248868086 0.006895154721307731 0.992492074192412 39.96154064058405 0.09269677247131052 0.995684270743677 0.004487913438579488 -0.8738972567217893 -0.9881778022536181 0.09254885107336192 -0.12222659816181126 20.469123593464065
-0.1265994264420127 0.008698268903594927 0.9919157854085355 41.24504918654298 0.09162782419116598 0.995788916580815 0.0029623384004132886 -0.8662277769768847 -0.9877129780753846 0.09126211554027525 -0.12686330915031052 20.29755683950285
-0.13049374267568276 0.00949326780985488 0.9914036821541368 42.549067123459544 0.09240888960596345 0.995717674201015 0.0026287650166150027 -0.8741935607247733 -0.9871332130185289 0.09195755080476047 -0.13081218829185742 20.120778447588222
-0.13359869819370165 0.008650118980574198 0.9909977614922081 43.87918966907731 0.09206955296228067 0.9957456276295982 0.0037205475218252543 -0.869269584952323 -0.9867495048178504 0.09173778119269227 -0.13382673217099678 19.947034633722907
-0.1359478993345255 0.006800775616165817 0.9906926456361456 45.23057184303934 0.09218219170317009 0.9957251811724035 0.005814388358440003 -0.8603673849543204 -0.9864180717116494 0.09211467326219712 -0.1359936570964578 19.755367668474797
-0.13816331115190017 0.005735538362994666 0.9903928528877957 46.60390624018061 0.09259563714051547 0.9956781142894835 0.007151273136917881 -0.8606913140184632 -0.9860714717676827 0.09269410080810665 -0.13809727094078061 19.583669960927484
-0.1400580565505538 0.006611755205916216 0.9901212175730686 47.99330054427321 0.09465297864176953 0.9954875009668517 0.006741591281829711 -0.8487468767639522 -0.9856087227848185 0.09466213663269792 -0.14005186703007522 19.375433466730957
-0.14116638780999324 0.006459535728001812 0.9899648101578432 49.40513211670289 0.09449275380817129 0.9955010880957351 0.006978759055483868 -0.8429051054291524 -0.9854659661451661 0.09452966729225722 -0.14114167198665414 19.185410922408384
-0.141602841473451 0.007910746387192354 0.9898919412634085 50.83885592767513 0.0971944363213726 0.9952476270010967 0.005949999735666852 -0.8446610329365243 -0.9851405365910054 0.09705452611950313 -0.1416987724890493 18.980967113554257
-0.14183239977307416 0.008264927857996601 0.989856182150776 52.288622691057746 0.09703783154736487 0.9952649726260221 0.005594060449025494 -0.8418746732066373 -0.9851229515259479 0.09684691647762583 -0.14196283015486727 18.77732624582429
-0.14100375096575415 0.009682382480608159 0.9899617132410138 53.76042267070213 0.09700333561042897 0.9952756847976522 0.004082172339948308 -0.8424328526813024 -0.9852452969154619 0.09660518992301488 -0.1412768281987537 18.565787019945777
-0.139788621374125 0.00967720415916282 0.9901340783217087 55.25741838200821 0.09756071902742047 0.9952213468146942 0.004046844103397064 -0.8395425303582845 -0.9853634088178701 0.09716389537274829 -0.14006473502926928 18.363356488521926
-0.13859996914026634 0.00863187255244845 0.9903108296542819 56.773776902585126 0.09615551378636374 0.9953548374610512 0.004781705905087157 -0.8286605285070487 -0.9856693998105026 0.09588659092449074 -0.13878615189593585 18.158851001428204
-0.137475586111229 0.009568545522278126 0.9904589371397274 58.313432202145144 0.0978235247499093 0.9951958842311941 0.003963586102768723 -0.8301412572217295 -0.9856627319874058 0.09743508067363768 -0.1377511663298857 17.964319599160508
-0.136600191785117 0.010368574320152736 0.9905719965105176 59.86910517024314 0.09749923711982224 0.9952309937797903 0.0030278343980151374 -0.8261816749775247 -0.9858165581716107 0.09699361673149737 -0.13695967270704734 17.759808512420566
-0.1358007736110867 0.011054575399855746 0.9906744905615343 61.45165939528138 0.09835693440279304 0.9951483596432368 0.0023781829739653627 -0.8204397270176952 -0.985841804419712 0.0977626649703347 -0.13622921124481016 17.53634719482062
-0.13460476439940924 0.010908432011707263 0.9908393227521917 63.05239989907681 0.09862152820212139 0.9951220178607219 0.002442077779521861 -0.8267703251309708 -0.9859793869934889 0.09804680351673395 -0.1350239709980911 17.321783472571568
-0.13345401546932334 0.009511108310092196 0.9910093665419232 64.67015648357163 0.10011571477495378 0.994968027384915 0.003932955233675376 -0.8164780961403737 -0.985985227784987 0.09974047974861411 -0.13373468992487575 17.085488193480515
-0.132893900374906 0.007666692348868001 0.9911006170271354 66.30646348858765 0.10155926113811771 0.9948118624687705 0.005922395502983463 -0.8150246087666351 -0.9859132455344247 0.10144249661676295 -0.13298305215302414 16.869292364275452
-0.13204893057511657 0.008603109663886055 0.991205864812187 67.95313303945525 0.1037983781322661 0.9945847887863591 0.005195633926975572 -0.8308022200074269 -0.985793577089584 0.10357163906641237 -0.13222684655552272 16.66143491571272
-0.1315675322253144 0.010483346692360677 0.9912517762436872 69.61692020951523 0.10588685079100087 0.9943718913260551 0.0035378765111141507 -0.8347387179094463 -0.9856358147377277 0.10542599860931531 -0.1319371044229922 16.449900752327267
-0.13127446817677496 0.01025839806048414 0.9912929835695065 71.29496435597987 0.1045664789128085 0.9945115423967564 0.003555773811746966 -0.8245079633114387 -0.9858158375136206 0.10412279917893 -0.13162665838826954 16.244194416500058
-0.13133487453014756 0.01006740546249986 0.9912869403353405 72.98595815607229 0.10480919562925481 0.9944851417438048 0.003786206855441637 -0.8249140998553939 -0.9857820160885967 0.10439324785663695 -0.13166573798161713 16.025859474136677
-0.1314509824763861 0.008913758621371963 0.9912825954858833 74.70001264406399 0.10421546680394571 0.9945427869279171 0.004876622651628897 -0.8224769802760892 -0.9858294861104671 0.10394801526191165 -0.13166257797218212 15.823899670562435
-0.13137936323238994 0.00919571909812685 0.9912895145551153 76.42628323359634 0.1059464157037929 0.9943601715904514 0.004817276629573374 -0.8229354307779686 -0.9856545134661385 0.10565646172797516 -0.13161265964546928 15.619646423066378
-0.13192140992334792 0.009207075440592754 0.9912174188167111 78.17050651450914 0.1067728985399641 0.9942709879835901 0.0049749966340624134 -0.8169399913606687 -0.985492917144111 0.10649146546069145 -0.13214869671254384 15.422441477116159
-0.13180363188276192 0.01018378241815765 0.9912235334162367 79.92434635439946 0.10672673686043765 0.9942804395172994 0.003976334041367274 -0.8150717558116403 -0.9855136763442888 0.10631414848901943 -0.13213665490475582 15.172741398052823
-0.1327013362468302 0.010891538341579741 0.9910962262822193 81.69332277251847 0.10584574045670761 0.99437726879693 0.0032444609920527214 -0.81474678911807 -0.9854882214341665 0.10533385824373645 -0.13310801524330346 14.960378005246017
-0.1339999493310879 0.011731869603088712 0.990911891549838 83.47703164421037 0.10604404204715218 0.9943581190043986 0.0025675506489994757 -0.8312696361584736 -0.9852911624111764 0.10542435394940526 -0.1344880324370272 14.748637559840295
-0.13558711392834766 0.012561344042093737 0.9906857963917889 85.27221047357642 0.10468322582815591 0.9945041341405163 0.0017173839503123653 -0.8230610272892672 -0.9852195474952737 0.10394104008175808 -0.1361569073529868 14.511759153435422
-0.13678480298144863 0.011605824652282083 0.9905327972901568 87.08825385315025 0.10318978085756166 0.9946582992750946 0.002595536504202801 -0.8274664695435194 -0.9852115441872847 0.10256789223395757 -0.13725174200274703 14.270155925339877
-0.13808662766702626 0.011361983078367454 0.9903549811052961 88.91703212820069 0.10239778890993423 0.9947394048316879 0.0028651878570683416 -0.820412183539061 -0.9851125702608328 0.10180580442993728 -0.13852365176556955 14.039470875401465
-0.13837681684346975 0.010473750738886328 0.9903242686644234 90.75810676629017 0.09940080153491997 0.9950417850483747 0.003365510653610004 -0.8119413601829976 -0.9853787785488806 0.09890473473602662 -0.1387318140597605 13.772752330395374
-0.14013818103638126 0.011531880994287882 0.9900647988574003 92.61308227247711 0.09933441814109598 0.9950510394462727 0.0024702772033570637 -0.8128836620855208 -0.985136520279491 0.0986936908704153 -0.1405901553950012 13.522948063407528
-0.14277635386203433 0.012473973247162056 0.9896763676926355 94.48551155629818 0.09798799896968088 0.9951863216363077 0.0015928860328052838 -0.8120597155082091 -0.9848925143566585 0.09720383335766533 -0.1433113740942925 13.26058229169637
-0.14689321647785836 0.013390573791863935 0.9890617147005086 96.36877557799136 0.09830325564254418 0.9951558674312695 0.00112669747273692 -0.812179984007049 -0.9842554815101947 0.09739349080222516 -0.14749798326245434 12.982428207552188
-0.15203599256883651 0.01232976529010411 0.9882980490982952 98.26655534509112 0.09649255815364234 0.9953307480992667 0.0024265426269896168 -0.8265558722732005 -0.9836535178529958 0.09573232879255367 -0.1525158288158308 12.725758261234636
-0.15700399393605088 0.011478234476660321 0.9875312633134322 100.16954166846749 0.09442018162558785 0.9955264904823823 0.003440356031364426 -0.8262561161777132 -0.9830740435948447 0.09378303088048691 -0.15738541205890136 12.432423149851969
-0.16086519051881196 0.012198886787983126 0.9869009968788544 102.07079725179845 0.09324772524453642 0.9956387372318438 0.0028925179513594403 -0.8377998435983018 -0.982561576806291 0.09249157845184322 -0.16130113359620507 12.094989469645382
-0.165471561144994 0.01388490168367065 0.9861168145597509 103.98705766770745 0.09282041656166685 0.9956816508129356 0.0015557968205828405 -0.8363934240665046 -0.9818368157293536 0.0917892136346265 -0.16604579952163737 11.761158506468746
-0.17061309647927042 0.015483145235990434 0.9852164450126445 105.91560784652118 0.09242334278998428 0.9957197387978394 0.00035703765603558864 -0.8530820430825272 -0.9809939332214445 0.0911179125197894 -0.1713138319014428 11.44954044600868
-0.17539416557834572 0.01568656488340342 0.9843733125005124 107.85208596610995 0.09082613223466783 0.9958667156766053 0.00031354550291623636 -0.8657046202193822 -0.9802996992677115 0.0894618147013045 -0.1760939616397536 11.098980636912499
-0.1804307503204087 0.015450843088732496 0.9834663267172185 109.80200985110477 0.08931117140569746 0.9960034993079587 0.0007375828387641784 -0.8882164262894364 -0.9795245065851876 0.08796761230219498 -0.18108959159734814 10.75991780199217
-0.18470600404937393 0.014783469604591409 0.9826826248054659 111.75567732192229 0.0876205679184917 0.9961528177900247 0.0014831340583875128 -0.897603479643812 -0.978880139825991 0.08637715343448346 -0.18529074239907992 10.38207652172909
-0.19196445446477722 0.014465600521332783 0.9812952637323767 113.73703817402867 0.087153285361578 0.9961921080754655 0.002364034442091389 -0.9056600240001486 -0.977524400244169 0.08597691672604492 -0.19249419917898575 10.100936414875129
-0.19758335564341936 0.014117115969367433 0.9801844339762752 115.71588241697428 0.08661665158399769 0.9962368559404285 0.003111677089097823 -0.9073166837543326 -0.9764519308399471 0.08551510920672385 -0.19806259832764952 9.753290705080644
-0.20324474476587415 0.0157008813896173 0.9790020715241828 117.70005537126836 0.0872865433300228 0.996180937304445 0.0021446455962266923 -0.9166692021633671 -0.9752295284078248 0.08588959468309613 -0.20383901600680604 9.395509881227609
-0.20643449062051705 0.01635780609410543 0.9783236802112237 119.67707159934928 0.08710845537914184 0.9961973423866903 0.0017239556711379778 -0.9372344792965084 -0.9745752500878039 0.08557614855486109 -0.20707439415535867 8.95247175839317
-0.21259369974754985 0.016492918773801702 0.9770014853918939 121.67541811625931 0.08772354697799638 0.9961422666013457 0.0022724427240079182 -0.9502632308323061 -0.9731949949178972 0.08618914270750942 -0.21322038726654835 8.53456572963277
-0.2182329735209368 0.016514107321099744 0.9757569643756557 123.68266966164721 0.08633400110347898 0.9962632424106322 0.0024478715077012494 -0.9502007207591879 -0.9720703727208604 0.08477520911705812 -0.2188432187605653 8.119400058744954
-0.224129309355939 0.01748583181652413 0.9744025340552597 125.69600820266844 0.08596436318131673 0.9962964111717938 0.0018945577411547418 -0.9592134913445557 -0.9707606197979286 0.08418851924038179 -0.2248023849465382 7.71033909886334
-0.22928948074840882 0.017957414957779243 0.9731926146792099 127.71640533000175 0.08517953736330088 0.9963641961073084 0.001683784431911476 -0.9748790946150983 -0.9696240407666765 0.0832821707418416 -0.22998543346009503 7.264901579909391
-0.23506856459233194 0.017135824972829897 0.9718277282744093 129.75494080310844 0.08657667044855745 0.996239473454264 0.003375154161544272 -0.9906851042491229 -0.9681153082533819 0.08493100160761595 -0.23566814568665143 6.878794803105952
-0.23972645484142277 0.01697405789501822 0.9706920769264256 131.7936490441607 0.08853932541324018 0.9960627489831344 0.004448364141107502 -1.0000073448485665 -0.9667947117690133 0.08701081224043435 -0.2402854632488791 6.422277493266362
-0.24328505562645314 0.017904644589231893 0.9697895675923538 133.82831177693578 0.09000459267150894 0.995932529804258 0.0041915839163093 -1.00811186573802 -0.9657699286097422 0.08830526473447102 -0.2439070011568054 5.92736795036998
-0.2466052030568649 0.01839955193583923 0.9689413451359379 135.87470437423113 0.08974111067192565 0.995957382773457 0.003927436112288541 -1.0062920211421025 -0.964952023097858 0.08792239866841267 -0.24725946884142044 5.430517523722419
-0.249648601743384 0.018453757737928456 0.9681606449721664 137.92532615108556 0.08926137508598807 0.9960000735347099 0.004032423168835425 -1.0155153538429817 -0.9642136602254343 0.08742603928009021 -0.25029723348543953 4.917519574029463
-0.25340591202599416 0.018901122784403587 0.9671753674012594 139.98395847568878 0.08771793722057539 0.9961391493253 0.0035154901843768597 -1.0165180640340523 -0.9633748010198516 0.08572947415538122 -0.25408551714137667 4.373449108195723
-0.2550827381618075 0.018159540290038478 0.9667486890543621 141.97752518958723 0.08479486627959149 0.9963917175491857 0.00365730119233586 -1.0445915363989176 -0.9631939718169434 0.08290824021675859 -0.25570216338478546 3.630518434821807
-0.2599356462417203 0.01747753930855608 0.9654677599136158 144.05038723838354 0.08338812444091823 0.9965073810026928 0.004411384066388209 -1.051681530195168 -0.9620186487356277 0.08165522167548835 -0.2604852092883623 3.088894497078429
-0.2635802304532561 0.017271007779477286 0.9644828533491341 146.09203192220866 0.08206236834487429 0.99661667166268 0.00458011633395018 -1.0508718862170905 -0.9611405879557039 0.08035497529265746 -0.26410575179249324 2.407348587396637
-0.2672777967462835 0.017618036338339967 0.9634584496292674 148.15250855538528 0.08129655687504897 0.9966805626614949 0.004327337868632694 -1.04934707281661 -0.960184070481651 0.07948245597833728 -0.2678228705412172 1.776264056550124
-0.2721446479360808 0.017066498197381777 0.962104996993064 150.23784774337787 0.07950759111471228 0.9968226678628295 0.004807472305439544 -1.0466536319914082 -0.9589660231493502 0.07780297856837244 -0.2726368701606721 1.1913966510860392
-0.2765638143063595 0.01615061465357948 0.9608598307050968 152.33611017356733 0.07903885495374403 0.9968535149002334 0.005994100320510212 -1.061499429977343 -0.9577396911603467 0.0776030120379546 -0.27697013647452823 0.5883517850271105
-0.28016485465070784 0.016082892613727483 0.9598171673728916 154.4201902323177 0.07917851424568195 0.9968398538745976 0.00640847947009271 -1.0564239676550755 -0.9566809379831877 0.0777923279793553 -0.28055291231273743 -0.05354798507156966
-0.283896408740499 0.017012061497298506 0.9587040309020599 156.51997940542222 0.08022548464022158 0.9967582622132398 0.0060694582859301014 -1.0540254506790616 -0.9554929098211489 0.0786355929160277 -0.28434089190310974 -0.6895699596309879
-0.2876796062489969 0.01821655257167339 0.9575534456941942 158.63507745107754 0.08051664356499592 0.9967395551859823 0.005227737242727134 -1.0625564228313282 -0.9543361641777215 0.07860290287295424 -0.2882083784391004 -1.2970336604071198
-0.28979499422928207 0.019700060312158412 0.9568859748911289 160.72297945083415 0.08016662926347083 0.9967743946062767 0.0037573674061205744 -1.0626780683283954 -0.9537254179648256 0.07779918946228614 -0.2904395173643351 -2.0084061963913378
-0.29351959504927155 0.020943715452398398 0.9557236044511819 162.85753222900624 0.08139801081300292 0.9966766744338849 0.0031576059126382635 -1.0784695934553787 -0.9524812917626232 0.07872081949816236 -0.2942489106517475 -2.6273676947691587
-0.2971807795256678 0.02167000846467507 0.9545752956229572 164.98834098426357 0.08081303210790713 0.996726061986095 0.0025320346006676457 -1.0802154439185276 -0.9513952060642521 0.07789459603100549 -0.2979590471644112 -3.2779252469504794
-0.30064322796139037 0.0214607814366694 0.9534951936643842 167.12067749650708 0.08083832866208425 0.9967225445439891 0.0030551296009351425 -1.0951250782433417 -0.9503045901710009 0.07799746186822487 -0.3013927368767182 -3.952028915738568
-0.3047196572846189 0.02135848181117503 0.952202575988463 169.2624511764042 0.07975904601527523 0.9968091475816567 0.0031651028838676253 -1.0893489173340722 -0.9490966363037407 0.07691123814017031 -0.30545087396284953 -4.626505818235938
-0.30824146831122784 0.022152621370350144 0.9510501872034719 171.4110754772739 0.08226924500505012 0.9966041675767823 0.0034502891024293545 -1.1050029087804911 -0.947744147193553 0.07930570304217247 -0.3090172113739777 -5.311947931212757
-0.31166726093634156 0.022471783236134246 0.9499255430919971 173.56977789032734 0.08480093280660482 0.9963888411038094 0.004251954719889541 -1.125157111403479 -0.9463996620115447 0.0818797672321955 -0.3124474091146117 -5.990308286969746
-0.31432075188620834 0.022165399717286743 0.9490580382616548 175.7279455147708 0.08550920568344536 0.9963245788439818 0.005050676662682052 -1.1237791850694938 -0.9454579000024658 0.08274073148539152 -0.3150608364684314 -6.694327509827183
-0.31752101443504455 0.02181180865100928 0.9480003430355449 177.90413414836 0.08514386043129925 0.9963529670877171 0.005593568303045196 -1.121098562662444 -0.9444209487421344 0.08249248437813705 -0.318220146436594 -7.377524257897089
-0.31982253021949514 0.022580425122152994 0.9472083580529166 180.0747444512008 0.08515236219334148 0.9963553988257973 0.004999444327473086 -1.1427408172488736 -0.9436432717806513 0.08225596411198635 -0.32057968118880165 -8.097753716752512
-0.3227845023502274 0.02462379719642585 0.946152119721847 182.25402943229952 0.08488983519380223 0.996385737703287 0.003029452466745242 -1.1636985046322768 -0.9426578811654218 0.08129655781832648 -0.3237081845792698 -8.814948055473709
-0.3258807502149855 0.0265485846409233 0.9450380464790191 184.4390664529961 0.08462069531613357 0.9964125280509457 0.0011882202407430863 -1.1776237143379393 -0.941616203430851 0.08035699469672941 -0.3269582218568265 -9.549752820690752
-0.3291059012165236 0.027584606176909717 0.943890033471338 186.63274323274663 0.08407871810381352 0.9964590966089207 0.00019480081027370595 -1.1989635065185893 -0.940542436547377 0.07942517414145882 -0.3302598473416348 -10.288829835428965
-0.33205361024386576 0.028132106695201078 0.94284091155237 188.80693474619608 0.08211900691513697 0.99662219680993 -0.0008157996224238695 -1.2150827711538277 -0.9396791306756174 0.07715427012578192 -0.3332421791641503 -11.095903160273107
-0.3356435184408792 0.02841044868783636 0.9415605529831752 190.9971659456237 0.08277631394721792 0.9965679933971632 -0.0005624817032329121 -1.2356923913358158 -0.9383450913059312 0.07775011859611992 -0.3368432998893562 -11.874884584019622
-0.33896585510984817 0.027631164485335747 0.940392826333141 193.2058162488448 0.08248007819928271 0.9965926130361888 0.0004475957375334226 -1.2539452828578004 -0.9371761764843828 0.07771539352591873 -0.34008988788145716 -12.655561030833187
-0.34251594361602633 0.02708268130471904 0.9391215878373627 195.4135423957455 0.08239058104096544 0.9965992565341398 0.0013092101949402082 -1.2684242858781603 -0.9358924193114037 0.07782319865534629 -0.34358249260766405 -13.458602354298842
-0.3464404406751616 0.027022261694116295 0.9376826853673549 197.63235910364372 0.08291431686384075 0.9965548397616737 0.001915047412129174 -1.295136672666253 -0.9344004693512303 0.07841076916165807 -0.3474874302124826 -14.240072799286214
-0.35046038356917536 0.027131964389847555 0.936184477577413 199.86215359402246 0.0821491268524429 0.9966182957895576 0.001869078623772226 -1.318915832881212 -0.9329678668131741 0.07756177541720327 -0.35150409739888333 -15.035225400765675
-0.3547858619819103 0.027737744568423692 0.9345360397887335 202.0763110879893 0.08130740345953534 0.9966882436563663 0.001284951306193302 -1.334472055946877 -0.9314054424794922 0.07644058139135172 -0.35586618164154177 -15.826447772491152
-0.3582743596188853 0.02845831454147792 0.9331825156812226 204.31703630801022 0.08165309988014816 0.9966603532642124 0.0009547309677070891 -1.3573957180259038 -0.9300388457046498 0.07653930078539063 -0.3594015594229432 -16.62974535334552
-0.3610213293477433 0.02901974085499808 0.932105924451023 206.51665544609256 0.08249514583460918 0.9965910376325782 0.0009244588418887755 -1.3819950531744443 -0.9289015828760935 0.07722796353091657 -0.36218460897607524 -17.495038034984937
-0.3635477211697811 0.02873195928582428 0.9311323906662554 208.73283348961573 0.08372713247690118 0.9964868277517929 0.001941495394591272 -1.4005213910374594 -0.9278053792253265 0.07866687125321277 -0.3646761599663129 -18.358510781462954
-0.3662626307883549 0.028242412694587223 0.9300828196527344 210.955584415808 0.08500744828339268 0.9963751122507103 0.003220158960896204 -1.4168323160824634 -0.9266204287756326 0.0802433910834766 -0.36733578530152017 -19.218563716716453
-0.36888968224420454 0.02893135871997802 0.9290228085555193 213.17972213300814 0.08612011330474864 0.9962797180257964 0.003170100127853822 -1.4335704982147919 -0.9254748664432464 0.08117696676434363 -0.3700088804999057 -20.08324885407601
-0.37146637969985286 0.02971113425685537 0.9279708924604559 215.39838456684475 0.08613277488559842 0.9962803245543705 0.0025806968725148177 -1.4559735843788055 -0.924442466486254 0.08088735010502031 -0.37264374776694714 -20.953544728453515
-0.3741999511464326 0.029936236934626055 0.926864724908765 217.621668890823 0.08569357124468924 0.9963186079559847 0.0024172893875097157 -1.4781881306141826 -0.9233802079367609 0.08033089790887166 -0.37538771747596594 -21.839729607488106
-0.37708087656679296 0.03109719919803405 0.9256581316715453 219.86198641763252 0.08550848760945931 0.9963365117755099 0.001361561513474229 -1.5058441983802797 -0.9222246532566558 0.07966504569163227 -0.37835851968812345 -22.724886427927
-0.3803344322666766 0.032185177764719436 0.9242888260520287 222.0842174897661 0.08530652400691274 0.9963546710167791 0.00040805012762123614 -1.5316561555333101 -0.920906356039657 0.07900306244255398 -0.38169359377707057 -23.592878022188923
-0.38240133201062837 0.031766408958532354 0.9234501158906071 224.26967009800487 0.08258569999964707 0.9965839629457616 -8.339599749819385e-05 -1.5576169232493944 -0.9202982252683434 0.07623188349505355 -0.38371848601120484 -24.581064938258493
-0.38501761472745955 0.03247438341867974 0.922337709719793 226.45437277990698 0.08304045649048103 0.9965460870562608 -0.0004230351177162137 -1.5812022795892946 -0.9191657733703027 0.07642846848154758 -0.38638448502771855 -25.581201218812254
-0.3875572228033658 0.03209158371615467 0.9212868876237903 228.67570404214328 0.08474890591002514 0.9964018934976914 0.0009431761611610819 -1.6104974783493884 -0.917941731266202 0.07844359048900265 -0.3888824772488442 -26.493383146806583
-0.39038747676866814 0.03144151311940847 0.9201136067002563 230.9130426467662 0.08544746415707934 0.9963402318959653 0.0022075268110602194 -1.6320641892728363 -0.9166767962871721 0.0794831652506303 -0.39164534669829004 -27.379833923205798
-0.3937340064333969 0.030887047052011635 0.9187053512973089 233.1388314392367 0.0844039363429865 0.9964280350158294 0.0026733058756304683 -1.652305481509219 -0.9153411974273368 0.07859491942169328 -0.3949345907025401 -28.289636521557192
-0.3966334303789187 0.030995787033198028 0.9174536408408022 235.3413187726318 0.0829899124573182 0.9965479362788409 0.0022102327281214498 -1.6812613649531758 -0.9142180245084728 0.0770160495259168 -0.3978365641557392 -29.252537703921856
-0.3997907782493487 0.030598474597943348 0.9160955555939885 237.5446118435567 0.0814992793017999 0.9966707993236205 0.0022771141618076955 -1.6820983548699084 -0.9129760134308371 0.07557149679540397 -0.4009535481474569 -30.23142172084306
-0.40399017082901206 0.029930597725908382 0.9142735374018625 239.77443303615956 0.08063264311884148 0.9967393759785427 0.002998872717874519 -1.703101123046197 -0.9112026770906744 0.07493180695591396 -0.40508629397834045 -31.139527136902604
-0.40725585049732566 0.029910827873709477 0.912824196990641 241.957535481989 0.07987911717358141 0.9968001168522367 0.002975513895004446 -1.7239116285527556 -0.9098142661418679 0.07412738643227265 -0.40834192988897344 -32.15755505860823
-0.41080811751879054 0.029540032737413673 0.9112431492453259 244.13889689946862 0.07875895206163397 0.9968885858320744 0.00318981314215256 -1.72166195801739 -0.9083136672156911 0.07307895664006964 -0.41185646534390846 -33.17297166222456
-0.41462630307220927 0.029075203857397855 0.909527163597285 246.32397386360816 0.07765807998628134 0.9969737971090485 0.0035313582106388727 -1.7264111978215468 -0.9066720749055375 0.07209632722003473 -0.41562948426196267 -34.17417178213652
-0.4181401690226659 0.02923447153366149 0.90791196969962 248.50252265032373 0.07675305428304179 0.997044855445344 0.0032442084088737493 -1.7216518267839696 -0.9051341158678735 0.07104155054700981 -0.4191483393596543 -35.19124577800969
-0.4218431736201719 0.030074587266500863 0.9061698825666249 250.67720376286888 0.0768412905943417 0.9970397326349257 0.0026809712933831505 -1.730546455366119 -0.9034067483309242 0.0707622127129281 -0.422905375139774 -36.21110412186916
-0.4257770654576278 0.030734452742788586 0.904305968101998 252.88208158652353 0.07741352516047362 0.9969957729157644 0.00256415879570511 -1.746558313936173 -0.9015104196028552 0.07109727282183344 -0.42687719679643016 -37.17372981422875
-0.42967088124436437 0.030807505691803436 0.9024598780021973 255.06449683478579 0.07732394225407117 0.9970021466502328 0.002779843362656363 -1.7597099767373037 -0.8996687955936767 0.07097617324061212 -0.4307649487448327 -38.167058517944135
-0.4334918700016005 0.03138867252297857 0.9006106538786673 257.25186373914494 0.07618562289853022 0.9970918049511315 0.0019192089157731356 -1.7607492887153626 -0.8979312610139347 0.06944554511662136 -0.4346225566596572 -39.17178530124273
-0.43705116890714407 0.031830379002129865 0.8988732406348962 259.4218247015912 0.07668806535436433 0.9970531676342221 0.001980288557732458 -1.7681514968379326 -0.8961613785413319 0.06979833725202884 -0.4382042625622764 -40.22415490462309
-0.4405339602070324 0.03259348550465412 0.8971440768388134 261.5966033263968 0.07744153181413317 0.9969952598637927 0.0018058126735990164 -1.7833681014759872 -0.8943895342939707 0.07027173337686694 -0.4417343595800777 -41.26932336613261
-0.4447453784380298 0.03390823109455048 0.8950149608928625 263.7960750438992 0.07899508198669006 0.99687389736547 0.0014865306246870963 -1.8076961191987375 -0.8921666466417171 0.07136290784028228 -0.44603364223413683 -42.27287043312604
-0.44803820664582744 0.03614243096866256 0.8932835440492937 265.97122650094946 0.08157097364294315 0.9966673622303459 0.0005876425360191125 -1.8268206713008428 -0.8902853147415888 0.07312929473530679 -0.4494932308800476 -43.32169624004349
-0.4510774152854859 0.0369377507355701 0.8917201175200448 268.1667212952626 0.08285505032437279 0.9965614088369876 0.0006317060928540978 -1.8427016412343225 -0.8886305228018604 0.07416846356396382 -0.452586823667515 -44.381646260641894
-0.4532569223434063 0.03886894430944063 0.8905320698975715 270.2877001586477 0.08423604535106102 0.9964456367104875 -0.0006178545535665423 -1.856068589419357 -0.8873908107544242 0.07473485297306079 -0.45492004873350866 -45.5382450549201
-0.45593458969097134 0.04136536856620027 0.8890514924382659 272.46112608919816 0.08589802797416328 0.9963012695923588 -0.002304126473461345 -1.8748254462088283 -0.8858584416900207 0.07531723900966027 -0.4578014141464466 -46.64362401556587
