0.9999884756547381 -0.0026480804234755807 -0.004004525912520743 0.015616507665311148 0.002638315401858148 0.9999935383922499 -0.00244181604305956 0.00026610976785582455 0.0040109661621064285 0.0024312227003362645 0.9999890005928204 1.0004983846989046
0.9999674398029994 -0.0011180049566706378 -0.00799183325349266 -0.0013943615821831352 0.0010855009758934013 0.9999911270081349 -0.0040703307767038874 -0.003570659220294021 0.007996312992004866 0.00406152310313608 0.9999597806955121 2.00034640181819
0.9999326454863616 -0.001289647909552664 -0.011534352990771627 -0.03354093839301459 0.0012247826227869496 0.999983407234931 -0.005628957482986715 -0.0036231793426496203 0.01154142097721313 0.005614451272184953 0.9999176333772392 2.9998296546332637
