1.0 0.0 0.0 0.0 0.0 1.0 0.0 0.0 0.0 0.0 1.0 0.0
0.9983678268797952 -0.05077624456421867 0.026142976863202473 0.2561319018385751 0.0525483905391074 0.9959994128749426 -0.07227611088401813 0.8370840725450682 -0.022368480124155384 0.0735319151166627 0.9970419793349783 0.48824428710267853
0.9896520953911252 -0.05354649513646441 0.13312213544920243 -0.14575375037432814 0.06381663202794875 0.9952056294371728 -0.07411607526825789 0.7688272293952307 -0.1285152425378585 0.08184453552413426 0.9883244934940519 1.4011636572441617
0.9826047069053567 -0.052877678681260545 0.17802230496406773 0.05747541662058614 0.06717823919780594 0.9948968555475486 -0.07528167771697677 0.6811756950902652 -0.17313311106117327 0.08593135585385435 0.9811425624930344 2.377884067092018
0.9863372929289124 -0.051263063554995186 0.1565593909435698 1.0438941413419733 0.06467025036134198 0.9945502759362952 -0.08177718112799431 0.7377927533245628 -0.15151403662983298 0.09078461846588311 0.9842772220030991 2.483730017259731
0.9778838300675244 -0.05377152561455363 0.20211837602146 1.2574091190595875 0.07096358786074569 0.9943619150834145 -0.07879435912281402 0.6410243319358042 -0.19674192255439396 0.09139477482180346 0.9761862583774026 3.4543838105182765
0.9908640800382076 -0.05443751255029653 0.12338935171793744 2.201857679895028 0.06613778732932021 0.9934856542644777 -0.09280111991708316 0.7024000971669662 -0.11753368869059708 0.1001139950157796 0.9880096254717171 3.752881305518738
0.9840242761414935 -0.05754181657239129 0.16847896993322076 2.3805285034417745 0.07394144854593158 0.9929411728302396 -0.0927388240460169 0.598421049130903 -0.16195334560032773 0.10371483328848387 0.9813329441146889 4.722306868100395
0.975217613464912 -0.06003735296854224 0.21294629049676334 2.576474154471431 0.08109199814097974 0.9924929665016226 -0.09155216699954792 0.493643562402504 -0.20585114579546213 0.10655152600193224 0.9727651710877374 5.684677662400348
0.9644893529253251 -0.06006693589383171 0.2572007995827649 2.8343229232484113 0.08558611311863805 0.9923303526076356 -0.08919354536540078 0.3912758345333159 -0.24987057716932382 0.10803904158188567 0.9622329552447976 6.632242164456193
0.9515102955604333 -0.06053335785523176 0.3016021717913631 3.13178938947563 0.09005441780739014 0.9923075751368156 -0.08494632516751709 0.3049363740643144 -0.2941400334464326 0.1079879109570325 0.9496421704048675 7.567129706976401
0.9621542068911019 -0.0640028405099155 0.26488283932413687 3.9343401590965508 0.09090956815642981 0.9917303507823607 -0.09058897148498611 0.3146074649355151 -0.256894399665243 0.1112409445472237 0.9600159996983778 8.13237519755888
0.9485482472510148 -0.06405131226246845 0.31008652346479487 4.245948297849593 0.09512996244301679 0.9917300962665213 -0.08614932620042282 0.2219856974970085 -0.30200416037302735 0.11121531170055855 0.9467970434896437 9.056585845190883
0.9328565614163682 -0.06458750030368039 0.35441090647291185 4.578098165267293 0.09995598895498478 0.9915745324706924 -0.08239385187960907 0.11701959360845272 -0.3461032159550962 0.11228713799919417 0.9314527162156381 9.968454840774083
0.8899534196495105 -0.06193365522846318 0.4518264414619658 4.109145041588329 0.10576000970941153 0.9917547405547985 -0.07236957187485453 -0.022708538866598155 -0.44361890311438107 0.11219071680458416 0.889165626788658 10.81129919227271
0.8682276870506181 -0.06123437556495604 0.49237286144537123 4.596465503250053 0.10898564258313341 0.9916559453953451 -0.06885212903611788 -0.11254831214306873 -0.48404835827577647 0.11344089743665921 0.8676568155897186 11.64151854061103
0.8344232940631905 -0.05990580971312236 0.5478586134098363 4.690036071043558 0.11397193047361644 0.991343011486062 -0.0651876724685208 -0.18685053577181182 -0.5392106873837449 0.11683461619041322 0.8340272819703132 12.602572047019846
0.8082540744089929 -0.05929735172461761 0.5858405715548456 5.2659749279320245 0.116735816976749 0.991305304998556 -0.060716894819243826 -0.26477564317859187 -0.5771465153979815 0.11746325536169654 0.8081486765464636 13.373030924960716
0.7026008509068582 -0.05077368017373222 0.7097704401470755 4.434339724007633 0.12719470144883896 0.9903480989162543 -0.0550649697748216 -0.27585691373513155 -0.7001239549024865 0.12896773385066834 0.7022775600837068 13.85378616301442
0.7369538104642736 0.22289818818786475 0.6381343737370317 4.656884952954269 0.302975408872723 0.7349923522184239 -0.6066235602075105 0.5814263308304651 -0.6042391768667381 0.640392567011045 0.47412274492625966 14.213683440239647
0.7061527331271695 0.22456630976240857 0.6715044973912843 5.282083144125348 0.33046549190424723 0.7342186048913228 -0.5930561515505288 -0.0029720821012348964 -0.6262115266884759 0.640697286361612 0.44425905853606934 14.63238796034978
0.6713283860397536 0.22665102501005815 0.705653959784219 5.804404915075884 0.361284091509012 0.731244476019906 -0.5785804365106733 -0.6042546083197464 -0.6471414090596942 0.6433590204172652 0.409019764226584 15.153841541624349
0.6390434841351635 0.2273733528288496 0.7347957429161909 6.511048456509579 0.39044413123621907 0.7271856997556961 -0.564583331718191 -1.1426089871945653 -0.6627041615740649 0.6476899848648163 0.37592669197362083 15.498336328650083
0.6055069602723391 0.22805689045364946 0.7624640160547661 7.232241078783758 0.4161853281985711 0.7258765514225742 -0.5476248758841391 -1.6727600164071958 -0.6783443768868427 0.648917010727476 0.3446093723834537 15.824070523113297
0.5712254313614663 0.2265464392336612 0.7889095115641935 7.922712397834676 0.44344432136908296 0.7236284720147789 -0.5288846455845263 -2.226494212568013 -0.6906943176336546 0.6519498027916762 0.31289425406752785 16.19733805741561
0.5394183450308785 0.22549859753034598 0.8112818447099588 8.71716208320714 0.46698513435035527 0.7216161469964192 -0.5110724221573918 -2.711527185603993 -0.7006801933406768 0.6545384013989475 0.2839484948968424 16.446794722447162
0.4862199695603181 0.2757099181026285 0.8292009299684869 9.274139263755654 0.4713704621724438 0.7162680927960899 -0.5145579720824359 -2.6889331295728 -0.7357989049951756 0.6410491871160076 0.2183023387547794 17.23464424003918
0.4449285330066712 0.2819225588876212 0.8500342765481788 9.978866414752162 0.4884497766173454 0.7191649045381262 -0.4941848397139815 -3.2202631899247054 -0.750636673923541 0.635075988265124 0.18227197505398227 17.65380868180357
0.40384466273479863 0.28330233592207116 0.8698558931465102 10.648951230423812 0.5083349012944383 0.721045218578394 -0.4708390604986062 -3.835888165306965 -0.7605952382881386 0.6323239511724462 0.1471777981459009 18.036631639683527
0.373704669975752 0.2833540309358649 0.8832074007789504 11.519856546139232 0.5243841898351156 0.7208826484882231 -0.45315497190207976 -4.299432094447987 -0.7650921781650128 0.6324861265363865 0.12081083829571979 18.149363367603517
0.3427456480529028 0.2866067151042587 0.8946407164878762 12.402572637224914 0.5372365595932437 0.7214306734869118 -0.43693782439683143 -4.743558102260879 -0.7706505691798397 0.630392238379699 0.09329161813058089 18.245215526136548
0.3139076381826484 0.2882403465734376 0.9046432983766666 13.304995137928382 0.5506085715150856 0.720957939435461 -0.42077292039660924 -5.170620336900494 -0.7734935007255772 0.6301881879027874 0.0676065985174008 18.311846928237983
0.2863506122844979 0.2883451659597853 0.913706950893948 14.233911792260407 0.5646724175054455 0.7196358865468153 -0.40406590019764743 -5.579616582638854 -0.7740467607017352 0.6316496307776986 0.04324761479605723 18.345389391604815
0.2577756201329105 0.28811517930109803 0.9222479997925656 15.172158553117765 0.5782816749005648 0.7186648889436148 -0.3861490410111871 -5.99564293913112 -0.774042656537281 0.6328589265041284 0.018642558964674177 18.38342730338213
0.23994415875978398 0.2849516574420176 0.9280244358841555 16.10378757485085 0.583175334390967 0.7219318089104314 -0.37245267167963275 -6.270360239169085 -0.7761013658247508 0.630568803703735 0.007046542456933744 18.01350721500487
