1.0 0.0 0.0 0.0 0.0 1.0 0.0 0.0 0.0 0.0 1.0 0.0
0.9999789183515831 0.00044317422943887004 -0.006478151665424081 -0.005001482376074883 -0.0004409323221887341 0.9999998424125318 0.0003474961853150904 -0.0008846996887578353 0.006478304645902722 -0.0003446324330653646 0.9999789561772793 0.09153912515501021
0.9999084830813372 0.0009510118568290017 -0.013495222800208179 -0.013320595824830216 -0.0009473530539885196 0.9999995127555084 0.0002775084452498002 -0.0015751159097096915 0.013495480138557007 -0.00026469830799795316 0.9999088968254236 0.18554874059788318
0.9997785704577832 0.001222997890719738 -0.02100748270380271 -0.023299271338534402 -0.001232509186089797 0.9999991437410959 -0.00043981607688600504 -0.002075393032546772 0.02100692682182426 0.00046561060402250094 0.999779221744615 0.2830892333699072
0.9995577816334281 0.0017738358159915732 -0.02968323908467438 -0.039479142703689525 -0.0018245874364261607 0.999996919569415 -0.001682775198299453 -0.005512713556839231 0.029680162680599836 0.0017361907093062848 0.9995579390836101 0.3862052417353137
0.9991519850464498 0.0018167897720272252 -0.04113404979652553 -0.05409424947013539 -0.0019531484258229993 0.9999927296432484 -0.003275037690194366 -0.00536302264115091 0.04112780068233032 0.00335260131386745 0.9991482693151525 0.4999718414162389
0.9989771985418799 0.0015814412266295565 -0.045189111930463426 -0.16868056567817397 -0.001721945895639423 0.9999938034406222 -0.003070502025907834 -0.01946111575018374 0.045183976094957896 0.0031451747177748245 0.9989737314765813 0.5551725570977881
0.9991611460338851 0.0012664634069165812 -0.04093165433612725 -0.3088513952431714 -0.0013137222436594039 0.9999985012097629 -0.0011277021302947862 -0.03277823310777361 0.04093016479468142 0.0011805289776613387 0.9991613122820623 0.559116836547416
0.9988181577826929 -0.0005615655192405446 -0.048600126828588865 -0.4444834895976917 0.000560904444542807 0.9999998423220701 -2.7240396066180927e-05 -0.04824754862198179 0.048600134462688634 -5.182492740355739e-08 0.998818315275709 0.6314704402358546
0.9984415525504038 -0.0017311116220020152 -0.0557805467281493 -0.5935717201041371 0.001819983539307667 0.9999971542003907 0.001542482102526585 -0.07049568365795222 0.055777717779196816 -0.0016415979020866496 0.9984418617804803 0.7008777710515777
0.9969452087795667 -0.001959812604663008 -0.07807950964254542 -0.6277152985607766 0.002053259917898063 0.9999972687060318 0.0011165590830179016 -0.07200019614873739 0.07807710813788696 -0.0012734657556921583 0.9969465098337992 0.8716784836176095
0.9946341465363087 0.00151590636092461 -0.10344378459769057 -0.6256731237694502 -0.001583829308159682 0.999998580727067 -0.0005744811345790115 -0.0722304593163406 0.10344276692312088 0.000735235850785998 0.9946351358159092 1.0533499352553288
0.9916404720344205 0.005819225665910868 -0.12890039113982812 -0.6801707892300042 -0.0061435829052246555 0.9999788831747964 -0.002118866105562149 -0.07668750579499622 0.12888533901277563 0.002893063624580818 0.9916552826312305 1.2340483433103393
0.9877177396747975 0.00852874288698979 -0.15601579175351551 -0.7414737390354179 -0.009121826856777968 0.9999536337990479 -0.003085859179300025 -0.0808674849545017 0.15598223939443764 0.00447110689283166 0.9877497406715168 1.4210821380123275
0.9825795035528584 0.00909893554438478 -0.1856198496114494 -0.8061107587659005 -0.009887630028129969 0.9999455924615381 -0.0033236860817767366 -0.08308597519799274 0.1855795084869145 0.0051011262190328865 0.9826160107290396 1.6154464320242343
0.976207942919503 0.011023416163612729 -0.21655608159771417 -0.8816007927406062 -0.011925814946285265 0.9999247930213628 -0.0028606361271061595 -0.08588605350567237 0.2165082610865899 0.005375183463710536 0.9762659884908372 1.8135060226685162
0.9685016276999409 0.012585233581840364 -0.24868898053242164 -0.9669375504583578 -0.01349604241299848 0.9999070076643755 -0.0019577698693318537 -0.08672803708319755 0.24864121537217276 0.005252420334020747 0.9685814153177226 2.014902659281951
0.9590921899800867 0.014767611148489764 -0.28270848728003883 -1.0606554100700671 -0.01567622054637341 0.999876667255464 -0.0009520438475159288 -0.0889828525388464 0.28265956065306247 0.005344898415604637 0.95920540283734 2.2173351102413346
0.9485086062140855 0.017453306151796327 -0.31627014725102365 -1.165684273276606 -0.018581088001561823 0.9998272052609742 -0.0005502623990933455 -0.09193379541904188 0.3162058935353525 0.006398572059554254 0.9486690103345355 2.4153357707511844
0.936520670862486 0.02036762180528219 -0.35002027516884743 -1.2808590068771002 -0.02172305487297802 0.9997640251703762 5.349871907811404e-05 -0.09219442120935277 0.3499387688357268 0.007553406987866448 0.936742122522848 2.6162523291596673
0.9225122139559091 0.02086341315195663 -0.38540359766589777 -1.4019212281043019 -0.022398225694869715 0.9997489995334715 0.00050736332573952 -0.08919704055390519 0.3853174465137648 0.008164307899227572 0.9227479663963706 2.816953519219431
0.9061879540059615 0.016434691077662343 -0.42255566845525844 -1.5265701468579134 -0.01827443430423675 0.9998329626041936 -0.00030321771230091676 -0.08961588454308489 0.42248010256738544 0.007996738041396821 0.9063369214124224 3.017760048691842
0.8871951101005835 0.011893669661749953 -0.46124112699930586 -1.6616008577171713 -0.013777850367223194 0.9999048232330994 -0.0007178540537506287 -0.0936401794250435 0.4611886896410957 0.006991787837259294 0.887274538939311 3.2183465004658536
0.8646611110001334 0.01347492258291667 -0.502174859571244 -1.8198190202214377 -0.014176876062170567 0.9998965741953865 0.0024201440964537863 -0.09918106986052364 0.5021555329866753 0.005026666262459318 0.8647627150364156 3.41352145104498
0.838257170458563 0.01918821496635681 -0.5449373620712822 -2.002484787283722 -0.01891617769891772 0.9998024233274189 0.006106760997733836 -0.10445476740947901 0.5449468730032916 0.005189095781092801 0.8384545180800852 3.6030128736470495
0.8080811782969775 0.022232784163864143 -0.5886514355630934 -2.1939961871939775 -0.021783359097845602 0.9997318529266628 0.007855412798546735 -0.10889581837421569 0.5886682381006993 0.006474994374074419 0.8083487984151846 3.790040110942393
0.7748218712862186 0.02148460509084072 -0.631814434403498 -2.399921023561936 -0.020877970983507303 0.9997468066913422 0.008392427424514586 -0.11064913250159385 0.6318347712053628 0.006688367106741176 0.7750742465346859 3.9717316378166436
0.7372842247767586 0.017035679644316917 -0.6753678682868983 -2.610823059150793 -0.014668708329926543 0.999850018752676 0.009207007994178257 -0.10881046253110468 0.6754234234102815 0.0031185925238036614 0.7374235373849989 4.159042450056313
0.7018337820673772 0.01199241472013718 -0.7122397941270766 -2.9023482796428306 -0.008960682438605191 0.9999277974312781 0.008006628158410316 -0.08447991896223032 0.7122843873897803 0.0007628324932860324 0.7018905680854755 4.187704589833015
0.6651823999039905 0.009380447826625756 -0.7466219806947412 -3.205824488488807 -0.0048001645513725075 0.9999541434566422 0.008286700439411335 -0.07183684242291687 0.7466654761526383 -0.0019282589205666255 0.665196924631562 4.1797528289375645
0.6195662806609898 0.009783544182884603 -0.7848833710374606 -3.475655813607749 -0.002272967208844596 0.9999404905545317 0.01067000326287668 -0.07068498089874925 0.7849410535116468 -0.004826760071085541 0.619551648290311 4.346835838374296
0.5707236007929385 0.010212301728040614 -0.821078729715584 -3.762420166489364 -0.0006545471012846431 0.9999280014286498 0.011981799822996372 -0.06734813172882524 0.8211419749751159 -0.006300861236498836 0.570689193941539 4.5032842174074
