0.9999884756547381 -0.0026480804234755807 -0.004004525912520743 0.015616507665311148 0.002638315401858148 0.9999935383922499 -0.00244181604305956 0.00026610976785582455 0.0040109661621064285 0.0024312227003362645 0.9999890005928204 1.0004983846989046
0.9999674398029994 -0.0011180049566706378 -0.00799183325349266 -0.0013943615821831352 0.0010855009758934013 0.9999911270081349 -0.0040703307767038874 -0.003570659220294021 0.007996312992004866 0.00406152310313608 0.9999597806955121 2.00034640181819
0.9999326454863616 -0.001289647909552664 -0.011534352990771627 -0.03354093839301459 0.0012247826227869496 0.999983407234931 -0.005628957482986715 -0.0036231793426496203 0.01154142097721313 0.005614451272184953 0.9999176333772392 2.9998296546332637
0.9998686165869253 0.00018690881679135347 -0.016208474007217803 -0.06187940601712391 -0.0002874737855981114 0.9999807238544189 -0.00620236071307147 -0.014453735916976268 0.016207002294411004 0.006206205337133485 0.9998493967052949 3.999369601634348
0.9997986466697073 -0.0007308852655866334 -0.02005322727519465 -0.10136421704079582 0.0006028037969106404 0.9999793868624883 -0.006392376530240666 -0.027652176977720128 0.020057486009081315 0.0063790012423960065 0.9997784782631325 4.998502742259508
0.9997037720742769 0.001215049272337096 -0.024308265173156037 -0.13935257908422055 -0.0013979602409730364 0.9999708294136661 -0.007509063117955718 -0.044073201377359254 0.024298432205130782 0.007540820712003227 0.9996763087196585 5.9976461169234065
0.9995718502358061 0.003968789844393462 -0.028989048334474687 -0.18325483636363177 -0.004200209923432445 0.9999597636738502 -0.007926491653748355 -0.06257143991526895 0.02895642334209407 0.008044858016701207 0.999548300887318 6.9965109466386135
0.9994411417146822 0.004059402499502079 -0.03318019739844386 -0.22800227482620278 -0.004267199471764678 0.9999717106232737 -0.006194268466255181 -0.07611533237403745 0.03315411372244531 0.006332393268812984 0.9994301904279099 7.995417681269872
0.9992854070655314 0.003344950838468268 -0.037649522304587235 -0.26962623558688864 -0.003483785835974576 0.9999873700580972 -0.003622562703294533 -0.08704714887749698 0.037636929499156084 0.003751136918117994 0.9992844392412489 8.994491262755007
0.9991513315658307 0.0026944713639118784 -0.041101781643824956 -0.31763451228380035 -0.002736384721073088 0.9999957919045228 -0.0009635205782716791 -0.09426916078214105 0.04109901250499683 0.001075173156070241 0.9991545001519028 9.993312120287676
0.9990429739038791 0.0039050250234818713 -0.04356474575685457 -0.3794891632655274 -0.003978641841749379 0.9999907999605545 -0.0016032477492674596 -0.10343284789336829 0.04355808423689546 0.0017750419196262321 0.9990493193650627 10.991356080642575
0.9989651654726206 0.003546570353685574 -0.045343356856171434 -0.4425865484222592 -0.0036359599913144483 0.9999916055687972 -0.0018890703747903427 -0.11035468912352124 0.04533627650349455 0.0020519821309427765 0.9989696749161773 11.989339611853625
0.9988859670397917 0.0005578096081015789 -0.04718594811404505 -0.4854516383176872 -0.000673092297891034 0.9999968275674439 -0.0024273034022944924 -0.12007314777605196 0.04718444444664749 0.0024563598045441557 0.9988831735987806 12.98837326904491
0.9988009928462201 0.0003214164512930942 -0.04895378821776436 -0.5439731708946927 -0.0003980725868625641 0.9999987099725614 -0.0015561463392226279 -0.12929270123084438 0.048953224895000286 0.0015737676697421335 0.9987998323126117 13.986616943082046
0.9987235355604073 -0.0007921095693371226 -0.05050417883849067 -0.5890226651843737 0.000691934323045456 0.9999977586960682 -0.002000957204243597 -0.1367147476268099 0.05050565062062538 0.0019634574787316355 0.9987218452052186 14.98557413014214
0.9986283053007553 0.0016007012716076608 -0.052334936778224414 -0.6476355939275755 -0.0018350897185672455 0.9999884998208343 -0.004430877091799498 -0.1450092916226355 0.052327242406479645 0.004520838585583239 0.99861975832677 15.983820476821565
0.9985475590397985 0.0020446528442564908 -0.05383857102864815 -0.701073432613781 -0.0024314565494367446 0.9999716964879014 -0.007119988915519614 -0.15710656690192795 0.05382248930241445 0.00724055369812244 0.9985242681214292 16.9823184120685
0.998423180815051 0.005292409170372204 -0.05588508223425787 -0.7640469202066064 -0.005795790268035568 0.999944048666919 -0.008849200572919796 -0.164383892957312 0.05583512179914493 0.009159145199426596 0.998397991400669 17.980307098784575
0.9983630230456919 0.005949916445322869 -0.0568847317771759 -0.8320054915070818 -0.006445351768838746 0.9999428469782172 -0.008529960004254909 -0.17551118567626528 0.05683072809355426 0.008882638762886688 0.9983443128865734 18.977933234974873
0.9982756907538868 0.004965325325719689 -0.0584892365675972 -0.8865328115739587 -0.005388251966232693 0.9999604522783605 -0.0070753529951247274 -0.19259506416665245 0.05845179202213538 0.007378307642474474 0.9982629656486981 19.976299387853366
0.9981804107387203 0.006219709794349571 -0.05997651896829187 -0.9454044342123953 -0.00657166255390892 0.9999623160946219 -0.005672710283215157 -0.21095554287450846 0.059938976207117085 0.006056533724319123 0.9981836692365231 20.974396156596523
0.998117672778415 0.005431190543230344 -0.06108693360027318 -1.0098304309658324 -0.005783073301742665 0.9999676812023199 -0.005585034829098694 -0.2247994181955558 0.061054625955677795 0.005927792180795357 0.9981168237883146 21.972222699137326
0.9980123990262844 0.005409278083917283 -0.06278527773619913 -1.0765671748705194 -0.005824502192685448 0.9999623499194213 -0.006432256045615336 -0.2396800528111778 0.06274812000377547 0.006785164275078648 0.9980063301311028 22.9698824231292
0.9979687883807238 0.00381541435289972 -0.06359040832724708 -1.1459925295384703 -0.004279511829289266 0.9999651835348108 -0.007163623154199496 -0.25375497643546363 0.06356086214340782 0.007421208224278279 0.9979503707459997 23.967370310115783
0.9979269761384875 0.003633838930575934 -0.06425375872057047 -1.2108609744799783 -0.003994580477731514 0.9999769691797652 -0.0054867510293503145 -0.2671983806532088 0.06423234093431106 0.0057320436737502735 0.9979185087237435 24.96517358450686
0.9979140013199843 0.005609112356000107 -0.06431316994299205 -1.2732399333003293 -0.005767021698704529 0.9999807942309524 -0.0022699405191691346 -0.28001785795164935 0.06429920240768991 0.0026361008728160618 0.9979271834868128 25.963143800624565
0.997959603538482 0.005734986140121585 -0.0635904052455113 -1.346382912440358 -0.005654685181908274 0.9999829714487738 0.0014426877606765138 -0.2855077346312418 0.06359759618735004 -0.0010801603834212966 0.9979750392733961 26.960450192218705
0.9980768409649552 0.0041828165220985074 -0.06184758342375006 -1.4194169077807002 -0.003928894797901808 0.9999833494773603 0.004226648046258164 -0.29044430657471537 0.06186423292244301 -0.0039755268811037525 0.9980766563099925 27.95776748738339
0.9981840505841872 0.00442484000580707 -0.06007513587390158 -1.4870694902841148 -0.00413649889129891 0.9999793255750173 0.004923189967498707 -0.29540624835107 0.060095678182935985 -0.004665748970616337 0.9981817170486924 28.955464122112318
0.9982821152459869 0.004613306288428292 -0.058408353726906136 -1.5571269841478217 -0.004502443547328152 0.999987804442759 0.002029524046153106 -0.30343797696793 0.05841700422052953 -0.0017630572423886167 0.9982907117904375 29.952974820102593
0.9983190256318555 0.00510305061618134 -0.0577328497120271 -1.6177012944272022 -0.005267163245285544 0.9999825081230038 -0.002690806454291144 -0.31137274295107176 0.05771810853458669 0.0029903716216605545 0.9983284417589001 30.95110703099729
0.9984070136236395 0.004439452927055972 -0.05624701240807803 -1.6819667361758348 -0.004767943814585764 0.9999723463560487 -0.005707296642023263 -0.32204775917803646 0.05622011969844054 0.005966387591126615 0.9984005710936894 31.948982811274668
0.9984459397489369 0.001573624636524891 -0.05570663429400556 -1.7353757243687975 -0.0018407557039041246 0.9999870513797099 -0.004744332550785455 -0.3325048490849229 0.055698447171364636 0.004839501876972368 0.9984359079101077 32.94750077693531
0.9984335183994701 -0.0004411514095112557 -0.055949215560983014 -1.7922338914634515 0.0004567539668165234 0.9999998602878771 0.00026608276997696755 -0.34471839406019306 0.05594909036141029 -0.0002912209823614084 0.9984335804038592 33.94580841253538
0.9983759036535171 -0.004272954323386716 -0.05680930263058992 -1.8483427105120624 0.004492246498696929 0.9999829420644525 0.0037330016765504863 -0.35803029481220955 0.05679238263551414 -0.003982140313001932 0.998378068585798 34.94414439959172
0.9982503617684865 -0.011813000973158135 -0.05793676067139658 -1.8955929095992867 0.012019237354260224 0.999922605922688 0.003212490965446123 -0.37300303463696155 0.057894327550360905 -0.003903225946481125 0.9983150863653728 35.94291538442424
0.9981489217606521 -0.014044473716904631 -0.05917332799550422 -1.9594211667416255 0.014033975216143173 0.9999013430675102 -0.0005930189054588341 -0.38220810389871196 0.05917581877491029 -0.00023851583747824508 0.9982475472459292 36.94083396101876
0.9980649375154064 -0.01399397125928769 -0.0605850581477226 -2.0208006958531914 0.013755954470296 0.9998959464341002 -0.004343963773619249 -0.4011110649987894 0.06063954336058147 0.0035021526308261276 0.998153585731159 37.938769654483735
0.9979529433562894 -0.012383248278382362 -0.06274215495657759 -2.0842019142554236 0.012092462657743438 0.9999143212395624 -0.005012237713483622 -0.4190359718502846 0.06279884707055003 0.004243270213093604 0.9980171839525148 38.936596984722904
0.9979007444217757 -0.012491565758014692 -0.06354577143586942 -2.1488751585867876 0.01228435026712089 0.9999178807014883 -0.0036505604992716446 -0.4334034753396915 0.06358615431822597 0.002862278525467273 0.9979722482818152 39.93440006661854
0.9978541023082822 -0.00937982317355755 -0.06480130726895615 -2.2192863429775582 0.009340009474159644 0.9999559604068152 -0.0009173166881599366 -0.44656167823437287 0.06480705771407526 0.00031010339656625937 0.9978977648568652 40.9318314256861
0.9977652409594541 -0.009503589140049088 -0.06613777836139156 -2.2852297546566316 0.009566497135079963 0.9999540387000087 0.0006345235268429442 -0.46547609926914096 0.06612870833222069 -0.001265812386869694 0.9978102984301741 41.92947569265056
0.9977191247468256 -0.007459236138671244 -0.06708880615018202 -2.347362636678386 0.007694297128892552 0.9999651299767962 0.0032460163556830633 -0.4822704245491946 0.06706225395944782 -0.003754813805848145 0.9977417278369998 42.9274024069129
0.997732584545601 -0.008078612759117209 -0.06681635841501964 -2.424088958025162 0.00851729687240919 0.9999439865969476 0.006283257323285014 -0.48718537619238816 0.06676185580062455 -0.006838105329080234 0.9977455060913905 43.924442570273435
0.9977179706479302 -0.00227497678227163 -0.06748092713365189 -2.4973818450591536 0.0028489285769960175 0.9999605737911317 0.008410378664115134 -0.4879188662084124 0.06745913320033312 -0.008583434274854836 0.9976851156571941 44.92175277822483
0.9977085716424289 -0.0024492929825796236 -0.06761366012213275 -2.5692546096002817 0.002993276433677418 0.9999639553624036 0.007945330211427487 -0.49994579202151584 0.06759176257072592 -0.008129510431908989 0.9976799410095003 45.91909416769545
0.9977147391300446 -0.0019687219295815477 -0.06753831102887203 -2.6327008780646515 0.0023883227975896983 0.999978343320585 0.00613260173439413 -0.5065822234854533 0.06752477498580192 -0.0062798904275604365 0.9976978338852572 46.91705746068189
0.9977307517978904 -9.181911269801925e-05 -0.06733007118716446 -2.71614283923228 0.0003619510383466454 0.9999919349964052 0.003999866696687089 -0.5143492795083391 0.06732916090568727 -0.004015160195555081 0.9977227383298126 47.91354002283437
0.997648558717681 -3.380095709730436e-06 -0.06853724007509067 -2.778383547775342 0.00028556152309203435 0.9999915238171139 0.004107401677835047 -0.5287868793724372 0.06853664525749847 -0.004117314962631073 0.9976401034312655 48.911497033630916
0.9975499655881618 -0.0022297011806076427 -0.06992206080847556 -2.8439947258111133 0.002613822795072973 0.9999819899999446 0.0054025555199822975 -0.5403576143377833 0.06990875542773528 -0.005572082949466151 0.9975378277569974 49.909275579835615
0.9974974178020896 -0.001369332969155485 -0.07068964850234515 -2.915672227299008 0.0018224958990145676 0.9999781999872805 0.006346499735781194 -0.5520388548411761 0.0706794169957817 -0.006459448693021677 0.9974781679494134 50.906635191928835
0.9974767915437877 0.0013762142388157972 -0.07097997158270694 -2.9909693510768927 -0.0011908004811765766 0.9999957679437647 0.0026544469808276777 -0.563099398053199 0.07098332427920678 -0.002563226273444487 0.9974742089624892 51.903735065952404
0.9974064005691218 0.0013809064411844168 -0.07196224844424166 -3.0667575138205225 -0.001496401134095628 0.9999976775156123 -0.0015510470743775313 -0.570721392367172 0.07195993946214753 0.0016547086697522011 0.9974061504982921 52.9008300786927
0.9973817112003256 0.002600993102609715 -0.0722700283519515 -3.1482925237798467 -0.0028118599297784702 0.9999920812652064 -0.0028161765952513275 -0.5858421858325675 0.07226213120886348 0.0030120162284608797 0.9973811268273487 53.89738603576805
0.9973810108717982 0.0011154283207556797 -0.07231787449872025 -3.224310035965487 -0.0010601964015711065 0.9999991162935695 0.0008021194860189235 -0.599903668402626 0.07231870529774087 -0.000723347593492706 0.9973813120528762 54.89439361180437
0.9973511578145677 -0.0007827817555060177 -0.07273276605950062 -3.290024440435396 0.0010746406344126851 0.9999915273502089 0.003973710520775734 -0.6137162438117625 0.07272903927214815 -0.004041346374576376 0.9973435488165702 55.89213682938105
0.997341175937777 -0.0025928394035802634 -0.07282757693951358 -3.364206911205302 0.002937563435540397 0.9999849819978339 0.004626715882104234 -0.6251530495141029 0.07281448688355703 -0.004828349885704348 0.9973338144960616 56.88931598733447
0.9973336065579491 -0.005985997629619435 -0.07273132105560567 -3.444156246007622 0.006252293532040978 0.9999745570719553 0.003434244361737339 -0.6352087851266999 0.07270891317922851 -0.0038798248833055654 0.9973456576850221 57.88606456141254
0.9972812307911086 -0.008496625020174375 -0.07319804693459601 -3.515310027274487 0.008675946822279597 0.9999600900347776 0.0021322017672872192 -0.6481031615773872 0.07317700908420446 -0.0027614671654744628 0.9973151455987136 58.883446890011406
0.9971912950353262 -0.009784590475984293 -0.07425485098623236 -3.590347993593154 0.01005692979810206 0.9999440003067329 0.003294603709799753 -0.6598680731836224 0.07421845638927241 -0.0040321259635404975 0.9972338555681945 59.88055835646415
0.9970534697826292 -0.012564678460367884 -0.07567368928239525 -3.6595189688799636 0.013156944953724692 0.9998865536081997 0.007333124368325571 -0.6702662463104452 0.07557296602559395 -0.008307151660120327 0.9971056704469136 60.8781090992074
0.9969837693680121 -0.013481918824084546 -0.076430370152005 -3.7323751906025646 0.01447022254557275 0.9998185122960559 0.01239173634254423 -0.6788627951157667 0.07624943459615478 -0.013460324473144361 0.9969979154385646 61.87541459806013
0.996987819863918 -0.011073804014692868 -0.07676364965032093 -3.8164674169486887 0.012230720394446226 0.9998183537094423 0.014617423315127373 -0.6880597400153063 0.0765878353371206 -0.015512267738307172 0.9969421613253138 62.87183016420806
0.9968925398035096 -0.010224875406697989 -0.0781070803898519 -3.902106651692614 0.011094482554700335 0.9998811217680553 0.010707697637637627 -0.6935701467560269 0.0779883102839952 -0.011540981534216427 0.9968874706827611 63.86814130804922
0.9968126312159796 -0.008760857779546395 -0.07929581085557509 -3.994858586506581 0.009013395285459457 0.9999553813184912 0.002827379992034496 -0.6947386491290967 0.07926750250704642 -0.003533092577029681 0.9968471198248687 64.86383004763425
0.9967716799837018 -0.006750823763202572 -0.0800040271548144 -4.080994021587956 0.00661178514131981 0.9999761364998773 -0.0020026802101368196 -0.7068799815544834 0.08001563771985507 0.0014672454795402051 0.9967925285188418 65.86003963933918
0.9967180941356283 -0.002094264229074669 -0.08092375967526952 -4.1772560375238985 0.0020130604484105185 0.9999973851416942 -0.0010850333660127058 -0.7193280795268281 0.08092582041766998 0.0009185679687067546 0.996719703739528 66.85531796679189
0.9966487142226561 0.0004219275933256524 -0.0817995257653344 -4.270501984034226 -0.00033111033188530604 0.9999993137152575 0.0011238037918170304 -0.7311397011536698 0.08179994379139692 -0.0010929529360288145 0.9966481699424339 67.85089105662391
0.9965533288695664 0.002906924445844493 -0.08290363387242711 -4.35751253646631 -0.0026964835988750294 0.9999928525945737 0.0026502331913943384 -0.7456240273500829 0.08291074535419546 -0.00241755042014057 0.9965540445729858 68.84699354522859
0.996465737319478 0.0034127870466699223 -0.08393084792211322 -4.451249113952717 -0.003234262894704885 0.999992209351316 0.0022629140952345663 -0.7525595923177191 0.08393791689027495 -0.0019834619352430242 0.9964690120555038 69.84256662219673
0.9963218496227216 0.005489089647942289 -0.08551398633672477 -4.541578471608515 -0.0052441915277504835 0.9999814805268675 0.0030882128351502414 -0.7685946899429722 0.0855293541398561 -0.0026284022012944023 0.9963321841044213 70.8383498523668
0.9962180502639744 0.006236298082370782 -0.08666432319285251 -4.636952656496306 -0.005937862056511336 0.9999755220930284 0.003700947037440721 -0.7839152281680101 0.08668528204052386 -0.003172349445429462 0.9962306952089712 71.83367354130132
0.9960807572017721 0.006287997442882589 -0.08822463499785445 -4.727232901897465 -0.005934629434192373 0.9999732858548903 0.004267054025141982 -0.8025533733715755 0.08824910937695128 -0.003726749888705259 0.9960914646905882 72.82941561172342
0.9959878546798829 0.006419025438669048 -0.08925799371812143 -4.825436098299544 -0.005977111762587073 0.9999685260560389 0.005217377913420627 -0.8111173986101667 0.08928867489857815 -0.00466294003088461 0.9959948742464108 73.8245451914746
0.9958462009048031 0.009005594972845608 -0.09060487515943826 -4.924092602240239 -0.008334583122237078 0.9999349889710525 0.0077815522642066485 -0.8141345976214109 0.09066906235122767 -0.006994075396156192 0.9958565177984734 74.81966226147554
0.9957361473231497 0.01082803280329882 -0.09160938063136945 -5.0240173899734595 -0.00978494667747844 0.9998821727606864 0.011827739170638714 -0.8221871435343987 0.09172665769868267 -0.010880914528680197 0.9957247742054264 75.81462469154508
0.995535753842357 0.014078105335404727 -0.09332936178768797 -5.114886974133247 -0.01286231581746243 0.9998245720012903 0.013615654749198758 -0.8300598992225456 0.09350467182629811 -0.012354439388445503 0.9955421860343501 76.81045639424647
0.9953823026465591 0.016853291714870315 -0.09449887902197102 -5.233952743236221 -0.016027496846273324 0.9998265058661766 0.00949091735691069 -0.8418946218080026 0.09464243721966521 -0.007932510687449053 0.9954797257359459 77.80327256109337
0.9952515888856965 0.016734848520213536 -0.09588649365527968 -5.330953271498335 -0.016587694798074624 0.9998596961200513 0.0023316208965243066 -0.857744344692689 0.09591205973069473 -0.0007300135099337236 0.9953895437859942 78.79843087759377
0.995152949782267 0.01569366698809788 -0.0970789130353322 -5.447091059757566 -0.016121720103656687 0.9998634601299319 -0.0036264635528354956 -0.8631669130548202 0.09700874538181699 0.0051739649658048515 0.9952700806343859 79.79164924823824
0.9951227889204063 0.016406228737682337 -0.09727009113741726 -5.558787792127496 -0.016951388366915426 0.9998448851552991 -0.0047808013158042026 -0.8725903094714732 0.09717656818239957 0.006406347430012921 0.9952465389585116 80.78534712734363
0.9950400373119566 0.019191552293184727 -0.09760639562446889 -5.678854768485102 -0.019415548771342328 0.9998105950879783 -0.0013455169009898688 -0.8855951284991971 0.09756208593572586 0.0032339249220065262 0.9952241863607754 81.77802793509484
0.9949471143467344 0.019248659172061148 -0.09853795600268044 -5.801760188887217 -0.019237627261556443 0.9998143755140335 0.0010621736341918809 -0.9145279311913719 0.09854011036351504 0.0008388298764207117 0.9951327263305046 82.77002472041815
0.9949106768000293 0.01627898149657878 -0.09943711555925032 -5.905747981044777 -0.016580955613934495 0.9998600816720169 -0.002211106003102249 -0.9362579965337969 0.09938720793059003 0.003848615369488555 0.9950413916312716 83.7643661416404
0.9950559316808054 0.00813986469144805 -0.09898199548226691 -6.008149587268016 -0.008934242402072816 0.9999313221971846 -0.007584866623196391 -0.9511650229445108 0.09891345782828312 0.008431695665498652 0.9950603169500103 84.75899765793066
0.9951878820663919 0.004231044869154677 -0.09789370586266966 -6.102977204906586 -0.005475530365087465 0.9999075353999004 -0.012447458283458047 -0.968726186967942 0.09783198840580029 0.012923579605226235 0.9951190296315073 85.75433646825542
0.9954987999581378 0.006721751473699543 -0.09453548190513265 -6.216337077773466 -0.007980738083765013 0.9998843498548693 -0.012945838518390956 -0.9808260018816806 0.09443753015379079 0.013642029630217314 0.9954373149154185 86.74781681519968
0.9958228930522868 0.01166125603806692 -0.09055816241836408 -6.3234804221889265 -0.012617276203529065 0.9998704770943281 -0.009991665344939178 -1.003470335058479 0.09042991769420104 0.011092526437924115 0.9958410444659539 87.74180255594413
0.9962635713562047 0.010200349978001899 -0.08576041772816438 -6.408697594788584 -0.010823560354363682 0.9999182676822934 -0.006805034643380056 -1.0317969072141309 0.08568399459548078 0.007707841174312729 0.996292548529091 88.73776243669731
0.9967633663124676 0.006503024460795116 -0.08012803660581266 -6.4683747567601895 -0.006731917778878054 0.9999739945854816 -0.0025867809676205977 -1.054171270209813 0.08010913094309872 0.0031178238594118087 0.9967812228939313 89.73572954910024
0.9974065275414361 0.00213244252099535 -0.07194213999202076 -6.5219527883933095 -0.0020743326557146665 0.9999974592241344 0.0008824337424752009 -1.081434020452715 0.07194383894240187 -0.0007309132445600876 0.9974084167501578 90.7339214987459
0.998080413729995 0.00584132383733052 -0.061655224145175144 -6.554570384988891 -0.005792867625084443 0.9999827559238371 0.0009646448292865697 -1.1104120432264135 0.06165979576062975 -0.0006056325584488963 0.9980970407710662 91.73297008538624
0.998858051172959 0.011096376748929545 -0.04647003367769888 -6.6070183382580066 -0.011091556975044783 0.9999384214172453 0.0003615763510144281 -1.122565067374318 0.04647118430629858 0.0001542615768439483 0.9989196190047194 92.73151989091576
0.9994656165294636 0.016396330691389193 -0.02827793689857664 -6.637797961738584 -0.016383482632336563 0.9998655464136895 0.0006859968592156081 -1.1275278766978976 0.028285382659903942 -0.00022233918577705338 0.9995998637920411 93.73103389965752
0.9998699821021246 0.014841179360829966 -0.006305417216871616 -6.6107346513220255 -0.014834095865545826 0.9998892857556819 0.0011686876592648132 -1.1398584879945175 0.006322063820537154 -0.0010750005454847403 0.9999794377300336 94.73059272004694
0.9997400551335729 0.011514332923479392 0.01967847298064897 -6.532757654927284 -0.011556966471000888 0.999931106112708 0.0020541553508840213 -1.1549664601517333 -0.019653465025562793 -0.002281044836183562 0.9998042499144231 95.72743490537384
0.9987358054766532 0.010623914349636871 0.04913169346556906 -6.435588094308116 -0.010804815514093544 0.9999357851232837 0.0034178343420166483 -1.1675015316930972 -0.04909222770061946 -0.00394437241835022 0.998786461214615 96.72262406596468
0.9965225660604007 0.010340150190965472 0.08267923939191024 -6.33001044338115 -0.010780376158939148 0.9999299828479424 0.004879845446963552 -1.1844474485105632 -0.08262299209220332 -0.005754189407966036 0.9965642630969599 97.71689965558026
0.9927042028813234 0.01040047074664862 0.1201257499040343 -6.159345454774236 -0.0111317219039478 0.999923362440187 0.0054179344555616606 -1.201237836467519 -0.12006019469087839 -0.006715612746406469 0.9927438996016176 98.70208702849965
0.9867535560131663 0.010577844271072142 0.16188121850897425 -5.949858560787764 -0.01158622980866738 0.9999189033991098 0.005286388553985979 -1.2138780545031125 -0.16181217189752442 -0.007091955703465019 0.9867960909884594 99.67981945649151
0.9785337456866475 0.010290689067865795 0.2058295660758434 -5.654914624390136 -0.011583319991449752 0.9999200269541084 0.005076060881450461 -1.2272476652324513 -0.20576086909428873 -0.007351286595216908 0.9785746897069001 100.63524271843418
0.9669027665215169 0.012336669185664922 0.2548467121358299 -5.341886989419296 -0.01360685482303486 0.9999022322600198 0.0032217112309126574 -1.2596083594935108 -0.2547820511630749 -0.006582743716262866 0.96697609788986 101.58443739138592
0.9517370232895208 0.013263235868413407 0.30662799134179314 -4.936280110906399 -0.013987912157623189 0.9999021506047098 0.00016592030592100897 -1.2780944915337098 -0.30659578733810783 -0.004446997906017982 0.9518294213755675 102.49830242386635
0.9316847307096163 0.013649656830096593 0.36301136267474043 -4.514391186724322 -0.013889937383987545 0.9999016319564302 -0.0019483455384805607 -1.2988804587003826 -0.36300224820518645 -0.0032269613088795855 0.9317826755841134 103.40471352994284
0.9077761098929225 0.014084168430181301 0.41921852357369016 -3.995097773839047 -0.013712053466618317 0.9998983767437112 -0.0039007403170376606 -1.31704438131044 -0.4192308599058546 -0.0022073479387362924 0.9078769815991994 104.2591321802479
0.878677951377277 0.014433513007134599 0.4771967429328349 -3.442531621358741 -0.013079011487326299 0.9998954884525589 -0.006160489488180269 -1.3274807615425042 -0.477235787867954 -0.0008281753995777533 0.878774895467297 105.0925408316821
0.8453057120681035 0.013221788661538704 0.5341193101261439 -2.8199376659508517 -0.01024158553609452 0.9999110538145674 -0.008543675154714568 -1.341632748347368 -0.5341847649182295 0.0017517888091978582 0.8453659374290059 105.87495904695632
0.8084589236486903 0.012528324202382458 0.5884192466817199 -2.1516611817747413 -0.008994836793676748 0.9999196589744611 -0.008931321708106872 -1.3919997845030645 -0.5884838669699082 0.0019278716447359697 0.808506661461155 106.6171884087844
0.769004186319929 0.01087654461844069 0.639151204488882 -1.4242773506808526 -0.00819548781581095 0.9999408136405907 -0.007155640799780205 -1.441705467740853 -0.6391912041024069 0.00026456182198313777 0.7690478103506669 107.30161893444472
0.7260126532314922 0.01059094878048213 0.687599781233022 -0.6786796732211421 -0.009961416477426127 0.9999384568580445 -0.0048839203634939935 -1.470346187051496 -0.6876091895324931 -0.0033036798093776286 0.7260734729834047 107.9674074037612
0.6812497541043775 0.009680185056053614 0.7319870672013319 0.1327687769069762 -0.008772932093504649 0.9999487197188967 -0.0050590112693206235 -1.4765869705680894 -0.7319985028640477 -0.0029752226506449507 0.6812997430316334 108.55364350293866
0.6348133531774056 0.008308592060777538 0.7726208474572942 0.976473234212055 -0.0056744561401983005 0.9999653491383479 -0.006091064778505555 -1.505086457218207 -0.7726446836516578 -0.00051751385543535 0.6348385030889642 109.09196782221844
0.5880524653119895 0.005573804880132311 0.8088035798261843 1.8516189585995142 1.049108285555364e-06 0.9999762497562357 -0.006892018743066739 -1.5332627640472536 -0.808822785311708 0.0040537171353738095 0.5880384930750662 109.57744976001335
0.5415402688478302 0.00753727655679237 0.8406410212916852 2.7434851372461706 -0.0016471267220967316 0.9999674005292998 -0.007904736063730367 -1.559911352971989 -0.8406731970211607 0.002896090603263456 0.5415350297713305 110.03144086332546
0.49431789518815816 0.010230744963344382 0.869221002020916 3.6484758077447426 -0.005377930442050598 0.9999475966238209 -0.008711020055406601 -1.5887688650497938 -0.8692645721303195 -0.00036859698890757573 0.49434701149632704 110.45591657273576
0.4485823975982622 0.012463805694241456 0.8936545675553904 4.570398167659981 -0.005767955009056662 0.9999223042628086 -0.011050616850180547 -1.604923889359762 -0.8937228671461896 -0.000197447137703724 0.4486194353286751 110.84296361853387
0.4063739412044897 0.009796121069024555 0.9136543415985785 5.524468791015648 0.0017325116952475088 0.9999324665127969 -0.011491771702433892 -1.62282907553335 -0.9137052141216845 0.006252873390373485 0.4063295254608111 111.14670988478126
0.3671814664779598 0.0023654124015587705 0.9301463194031714 6.498747949536926 0.01725101000023709 0.9998074480135785 -0.009352515733650505 -1.6231061378067242 -0.9299893404384074 0.019480033900047773 0.36706995920421787 111.38081944658018
0.33190574527753225 -0.0014177365838169316 0.9433114895275823 7.46919400349165 0.02150911550002112 0.9997502528962113 -0.006065458298349993 -1.6361064263403873 -0.9430673009929726 0.022302956237709323 0.33185334703884795 111.62184922270959
0.29896965219824734 0.002820803528647691 0.9542584503853834 8.437442795789057 0.01907472658353673 0.9997781671127854 -0.00893148198024485 -1.64992717369607 -0.954071958434069 0.02087246109237931 0.29884952484105554 111.87147663879179
0.26742136797387206 0.010754520024858452 0.9635196688443984 9.397010824250978 0.00833904722700745 0.9998744375053827 -0.01347477326862706 -1.6818214707137957 -0.9635436016301111 0.011638278323278009 0.267298107429404 112.15114171109086
0.2391069117837715 0.015171890189816146 0.9708747079233743 10.372129119310202 0.0033755834173461244 0.9998588900752406 -0.016456165230729472 -1.726877361489461 -0.9709873789982122 0.007212051412510096 0.2390219574445056 112.36820699719851
0.21335370103651938 0.016897566720252062 0.9768288849603884 11.356583368390478 0.004588242395808922 0.9998220598316516 -0.018297450798159594 -1.765434729714334 -0.976964250259821 0.008385756550746972 0.2132382067110273 112.53959045431235
0.18998602403643627 0.018453250868305925 0.9816133598333 12.347694859589389 0.01220745390774617 0.9997016568178841 -0.021155978461610457 -1.7828840500585033 -0.9817108987578341 0.016002340077914696 0.18970407579204482 112.67157345077626
0.1698675329506422 0.024760530263292824 0.9851557934612906 13.341852648230757 0.018917541126140438 0.9994181565506429 -0.028380891364716984 -1.7867522796457274 -0.9852853129358018 0.023457717237524107 0.1693002882897756 112.77949311101813
0.15031514201291055 0.03131032606164117 0.988142207156214 14.335215762214762 0.021175796649024452 0.9991671073251879 -0.034880901302806445 -1.7930958157398111 -0.9884113231433131 0.026167826071927826 0.14952692453451885 112.89435796093777
0.132686259741159 0.031987295613432935 0.990641796713243 15.327142716833075 0.01847992126818243 0.9992255245472327 -0.03473965462162719 -1.8283598414832896 -0.9909857965610914 0.022916457244674882 0.13199237478555184 113.01616926968279
0.11699932420673397 0.027729835525647596 0.992744788128797 16.319941577638428 0.01645252943602649 0.9994188199607539 -0.029855260565125084 -1.8730792121718778 -0.9929957061389146 0.019826208159286474 0.11647510059965807 113.12730628237007
0.10265273636815216 0.0243092399665632 0.9944201710385708 17.315304510433254 0.016964704836015733 0.9995131541335012 -0.026184986231190324 -1.9204650624255015 -0.9945725788025501 0.019558005173043697 0.10219036122694616 113.21103046512295
0.08949249501184459 0.021793444285828443 0.9957490342062688 18.312122041288887 0.01961303684646502 0.9995281550153108 -0.02363886878319242 -1.9567884784176879 -0.9957943673882732 0.021645163844385 0.08902283280111686 113.28199629655103
0.07790069953959143 0.021117580548282118 0.9967374422600119 19.31032623882783 0.023281583039340432 0.9994644567919584 -0.02299494511276125 -1.9819270032700715 -0.9966892438982281 0.02499694784055486 0.07736732964392683 113.3363772673894
0.06773562962164369 0.021764419648502197 0.997465886392675 20.30866332398823 0.026277161810989665 0.9993763044163929 -0.0235905264501061 -2.0099129985313775 -0.9973572054419197 0.02780849165988651 0.06712147603177018 113.38678285942406
0.059829388053543035 0.022300188743909665 0.9979594911153087 21.307050638232035 0.028216975927826494 0.999313134761564 -0.024022093216571692 -2.0407949296852492 -0.9978097246442451 0.029596626074659276 0.05915904943767962 113.43442442763953
0.05415978322257558 0.022655238816790917 0.9982752416219882 22.30530332914498 0.03015843577469497 0.9992493784816929 -0.024313542637284975 -2.0687159974993996 -0.9980767438593611 0.03142323595853302 0.05343588315904566 113.48650462956438
0.04860277570836384 0.02364224001814077 0.9985383391139112 23.304041674047625 0.03166822020949693 0.9991807348838808 -0.02519886635687995 -2.0994572270254066 -0.9983160291321596 0.032846666860333114 0.04781424948653952 113.5262170803936
0.04274755501526528 0.024403308182218787 0.9987878278643476 24.30291895750317 0.03222286064427897 0.9991478869155953 -0.025791225717313418 -2.126039510381577 -0.9985661389172545 0.033286312830736915 0.04192478486549582 113.5654303399695
0.03821404900805983 0.0245367927371969 0.9989682839112475 25.301850911385543 0.034718923097003716 0.9990623019405687 -0.025867222893028664 -2.153731868331633 -0.9986662519768008 0.035671594348796944 0.0373263247483725 113.60241914212315
0.03504248802585159 0.024522776833827357 0.9990849100298321 26.300822479524697 0.035902611223549576 0.9990227061170824 -0.025780519192472373 -2.1832368381583533 -0.9987407203775592 0.03677317063921847 0.034127809493875345 113.63684687815487
0.031996474157215196 0.02413761150421583 0.9991964778522688 27.29991955295022 0.03676275566657417 0.9990034509133097 -0.025310173035747185 -2.2115938251783103 -0.9988116566386797 0.037543052275637326 0.03107722298601275 113.66848419120147
0.029601545450204516 0.023627402360142425 0.9992824897718726 28.29913551883136 0.038838847403550335 0.9989384374368435 -0.024769782873542354 -2.239645142291061 -0.998806934517037 0.03954420398681241 0.028652460482935568 113.69642354504482
0.02888268948882483 0.02334250500594077 0.9993102209564061 29.298457429213503 0.04326113380688372 0.9987613807504259 -0.02458004522467251 -2.2676621551403207 -0.9986462159091338 0.04394123099722702 0.027837091601195064 113.72031511791471
0.02961406868910567 0.022948701961069545 0.999297935559751 30.297018710728302 0.04662148679262982 0.9986166598747761 -0.024314678484230124 -2.3039718461735683 -0.998473556938249 0.04730881206338659 0.028503199754231316 113.75977594619899
0.031980461611945225 0.022933399741827405 0.9992253545879276 31.2960300903865 0.04822163666605464 0.9985370978197465 -0.024460949183668507 -2.331794492923222 -0.9983245583638276 0.04896655444280862 0.030827791255060227 113.79444851977134
0.035873508193783835 0.022750441721268246 0.9990973470144733 32.29492816539981 0.05086439637681544 0.998403511449428 -0.02456097527939881 -2.364398165536181 -0.9980610725757668 0.05169957182550162 0.03465904906322579 113.8282072161074
0.03999337596538912 0.022328691855762608 0.9989504288997041 33.293433514959645 0.05097808519005387 0.9984027008310455 -0.02435737678056699 -2.3927994154967553 -0.9978986745703413 0.0518987137922057 0.0387912206235908 113.87490465561872
0.04376265409878491 0.02087173952329421 0.9988239087023814 34.29154643569007 0.052270485681446086 0.9983645456345214 -0.023152329183100246 -2.4186666036673867 -0.9976736071646143 0.05322221819173493 0.04260010631319529 113.93059787828776
0.04744981552700249 0.019329153088641575 0.9986865868966753 35.289191213574796 0.05191688860218176 0.9984136458921322 -0.021790556997236258 -2.447649595138934 -0.9975235093391631 0.052882658190157174 0.04637103382954653 113.99276985498804
0.05112766978985345 0.01729514333274956 0.998542357338416 36.28591990967547 0.04849344601249412 0.9986276349339278 -0.019779596560701714 -2.480014032849861 -0.9975140836477899 0.04943404457831103 0.05021880286243951 114.06683062186417
0.05487421658741077 0.016147940812542352 0.9983626917916325 37.28282530318398 0.04760136489976948 0.998690047968766 -0.018769607023688822 -2.5110303019612594 -0.9973579750589022 0.048553394275367964 0.05403366997293238 114.13906724654535
0.058690671690154954 0.01728821696851243 0.9981265063160129 38.279593116746355 0.04449768136564883 0.9988109363090748 -0.019916572558333567 -2.5377882363910427 -0.9972839923560574 0.0455832322618724 0.05785159917340746 114.21481951779802
0.06205125236089236 0.02120242097635972 0.9978477335872381 39.277346163921436 0.04190984304968946 0.998837181242258 -0.02382961232525745 -2.580098767555225 -0.9971926629974733 0.04329829919018612 0.061090507865313344 114.26677049050458
0.0631982768336633 0.02640991214357872 0.9976514894219453 40.273605529563994 0.03595038332319683 0.9989407647832087 -0.028721392606452425 -2.6161918074493573 -0.9973532712856404 0.03768109598866796 0.06218188852810727 114.3452895570584
0.063285724005962 0.029636955513106106 0.997555295712953 41.27093934592835 0.03360139754646771 0.9989289783958702 -0.03180946720565778 -2.646197437485858 -0.9974296282043976 0.035532337228188916 0.062222100504056105 114.41180951056162
0.06361844548718892 0.02903817397346171 0.9975517419392751 42.26786474399975 0.03106709054001103 0.9990345084515877 -0.03106262719529256 -2.692430822776455 -0.9974906161358962 0.03296718634008564 0.06265489083579813 114.47507314317333
0.06354174227330499 0.027280555391054347 0.9976062441095837 43.2642139706025 0.02867918109528949 0.9991635458956706 -0.02914983919156507 -2.733141084032098 -0.9975670160748971 0.030462761705828907 0.06270620853374444 114.55011301127429
0.06348297484407074 0.026100688075431748 0.9976415518546418 44.2611679555694 0.02954615170977844 0.9991705857949302 -0.028020803010602793 -2.774811250329125 -0.9975454560189663 0.03125531257570867 0.06265914627334904 114.61604060628522
0.06372988055274473 0.025389299962195366 0.9976441679136727 45.25699164669537 0.026847145987627063 0.9992709049396798 -0.027145704878540493 -2.8185967886735233 -0.9976060009227338 0.02851389114911242 0.06300178516903059 114.69615709235455
0.06413265303686082 0.025806778531455608 0.9976076448164798 46.25424970401733 0.02570648073509712 0.9992911322452419 -0.02750290646893617 -2.856222948781691 -0.9976102343413821 0.027408816060737844 0.06342379001194248 114.75988099061921
0.06380552295579776 0.02634686323013997 0.9976145037228915 47.249799391584084 0.022273557060307033 0.9993648314093253 -0.027817663418996087 -2.9020975852536166 -0.9977137584980053 0.023995344134719 0.0631781573301884 114.8422046538958
0.06255165885567761 0.027741863225692255 0.9976560925485153 48.24632570599646 0.019564725835242814 0.9993874390409881 -0.02901668813092853 -2.9423728143951497 -0.9978499443690881 0.021333909905658664 0.06197058020337206 114.9150982982055
0.059539199377117 0.027259077795094615 0.9978537099271088 49.24249568087573 0.016095027235982506 0.9994709194736631 -0.02826360247286234 -2.9872249764948764 -0.9980962046996283 0.01774327490155023 0.05906896274663342 114.99015980288029
0.05547609850056518 0.025855023593252036 0.9981252026926029 50.23919294367211 0.013467531820137654 0.9995543534230305 -0.02664057318718259 -3.030914630988692 -0.998369184260926 0.014920197989987522 0.05510317241421262 115.05861427401776
0.05044807882713874 0.02340460953861935 0.9984524102805287 51.236294148933865 0.011596288053989585 0.9996442564520929 -0.024018464682654974 -3.0721618490124882 -0.9986593600652914 0.012790027157430498 0.050158725654591084 115.122559304455
0.044193332657541745 0.021371097799576175 0.9987943860111862 52.234197395570845 0.009307271779622029 0.99971896906176 -0.021802696854122547 -3.1116479897894562 -0.9989796414545383 0.010259584637472466 0.04398200634835192 115.17385551865107
0.037045736120697025 0.02169665461899384 0.9990780092733607 53.232947343708524 0.00917463499155284 0.999714756167265 -0.022050677409060866 -3.147946415484474 -0.9992714543646513 0.009983059639748878 0.03683611016627284 115.20824326986919
