1.0 0.0 0.0 0.0 0.0 1.0 0.0 0.0 0.0 0.0 1.0 0.0
0.9999998550500248 -0.0005310913994858718 -8.855424771567457e-05 -0.011049005684878623 0.0005312341601203279 0.9999985467386154 0.0016199725072557868 -0.017505427494801877 8.769376555719786e-05 -0.0016200193154822223 0.9999986839227445 1.2281376412688214
0.9999986276855777 -0.0015693046601509054 -0.0005309518291509279 -0.012167647302213116 0.0015701965762561678 0.9999973499531355 0.0016836179549077667 -0.03677916732046237 0.0005283083126011481 -0.0016844493431988443 0.9999984417591545 2.433237155712251
0.9999955386017734 -0.002912944530492317 -0.0006614610429272677 -0.01514507595194653 0.002913425400194341 0.999995491567024 0.0007271850268848025 -0.0589591664594989 0.0006593398111277208 -0.0007291089000264987 0.999999516835496 3.695803724446276
0.9999946253669203 -0.003221698341879314 -0.0006081916364223923 -0.01776193849305892 0.003222148451942308 0.999994534653232 0.0007405558856451124 -0.07674070218795186 0.0006058024647752986 -0.0007425115891687221 0.9999995408398515 4.953448981640664
0.999992677702981 -0.003741337942624979 -0.000804320098695104 -0.01704688720907367 0.0037425218175959774 0.999991908235864 0.0014754637373461054 -0.09177584428385496 0.0007987933818630619 -0.0014784631190800559 0.9999985880369726 6.167556804702301
0.9999866380878768 -0.005137926845604112 -0.000570397611356204 -0.026041220993279844 0.005139460637867434 0.9999830911776032 0.0027209011811157504 -0.11223276111435615 0.0005564081753816106 -0.002723796360744753 0.9999961356641973 7.41757188295953
0.999989032934858 -0.004620183024277836 -0.0007667586516654857 -0.030508626173140214 0.004622662773972021 0.9999839870921833 0.003264436873124763 -0.13169649550238807 0.0007516640778048401 -0.0032679455385085814 0.999994377750731 8.68387914038179
0.9999922545313216 -0.0037823049068904904 -0.00108859862030621 -0.040191880807855226 0.0037838615520283192 0.9999918166182411 0.0014314636934128957 -0.14894189795790735 0.001083175479736524 -0.001435571712520652 0.9999983829310618 9.966352895892198
0.9999990694780415 -0.0009390335083439487 -0.0009895752227927978 -0.057812439620445494 0.000938160639964465 0.9999991708246714 -0.0008821590466730706 -0.1657467417413328 0.0009904027791659724 0.0008812298452804065 0.9999991212677614 11.249462553228197
0.9999963975536724 0.002577495912999797 -0.000749262635136403 -0.0703504384389122 -0.002578917475399186 0.9999948647347344 -0.0019025479798345257 -0.18395646929452267 0.0007443549778317224 0.0019044734125109658 0.9999979094561589 12.472588479986378
0.9999880895489189 0.00484188035525804 -0.000613966553845 -0.08617919574425424 -0.004843041091585851 0.9999864609688038 -0.001903373865685178 -0.21013880097624366 0.0006047423328037154 0.001906324660893003 0.9999980001044994 13.764736845578291
0.9999825557325992 0.005892185585803203 -0.0004127705442316602 -0.0958208478943189 -0.005892600524003316 0.9999821270521246 -0.0010113532386944665 -0.23289117536241355 0.0004068040858300364 0.0010137678883033832 0.9999994033923744 15.03966751862075
