-0.980236549009822 0.004979516485321247 -0.19776630754728503 -0.10279381351238608 0.005522807787697427 -0.9986047227880837 -0.05251767530531819 -0.02627760488912908 -0.19775188135503302 -0.052571970106769755 0.978841346378277 0.9971922092584856
0.9998733830065486 -0.0004808188263915247 -0.015905557780100457 -0.20673089048959173 0.00024741989320687177 0.9998923186016663 -0.014672763365521958 -0.06002325115345156 0.015910899988258797 0.014666970192931658 0.9997658342066522 1.9921595021070657
0.999726681423342 -0.0001584898033350093 -0.023378137891073427 -0.31782832337996714 -0.00020115309584124383 0.9998816917487005 -0.015380573565022895 -0.08982036517036723 0.023377809728540446 0.015381072353359724 0.9996083736271706 2.9817266402779925
0.9994750519004816 0.00040867022674033715 -0.032395271524957886 -0.4758604493748251 -0.0009511693370367635 0.9998595477853904 -0.016732602286769045 -0.11396874648208882 0.032383883420958874 0.016754631927938142 0.9993350621305837 3.968864419558695
0.9990476266040829 0.0005911816601716354 -0.04362900733450099 -0.6498280481337794 -0.0013919091466972453 0.9998311141568679 -0.018325003486055057 -0.12905720548947106 0.043610805606828784 0.018368278854625067 0.9988797244744949 4.953502747760446
0.9983823124616487 0.0005577642720573193 -0.056854613381397 -0.8409966007677592 -0.0016526054982734038 0.9998140732135408 -0.01921166050127136 -0.1488291043162147 0.05683332700800117 0.019274540284163744 0.9981976082109374 5.934864554238339
0.9973298468778955 0.000379949727764174 -0.07302761234435945 -1.0122765664580633 -0.0017906991141306903 0.9998130301004853 -0.019253525338723498 -0.16674004989636038 0.07300664300730675 0.019332885958660936 0.9971440565922827 6.9199309697245575
0.9958148992405526 -0.0011116903147938841 -0.09138627137142713 -1.201707362472235 -0.0006408653236806845 0.9998164956647865 -0.019145868698573404 -0.20013021893143126 0.09139078587125204 0.01912430760132516 0.9956314504456985 7.901264034614458
0.9938159290126599 -0.0022817814911834135 -0.11101663260039119 -1.3935186721260486 0.00014712172537440535 0.9998150240565451 -0.019232681196555176 -0.23815967953038847 0.11103998197001685 0.01909741197222538 0.9936324326732006 8.881956794097006
0.9910774006948927 -0.0024522223314976566 -0.13326504582032192 -1.6529880782270596 -0.00018090029754611574 0.9998050747664384 -0.0197428403822502 -0.27406277972265725 0.1332874829342124 0.019590790614816087 0.9908837710933354 9.848836256918101
0.9875482715730423 0.0012536487472895913 -0.15731128274194162 -1.9738867057867318 -0.004680149155201824 0.9997597583537025 -0.02141312168815489 -0.30923527315607907 0.15724664548721462 0.021882731579149016 0.987316888613607 10.797036470556446
0.9831496890002341 0.005478256678622285 -0.1827202170601433 -2.2890870073176135 -0.009840566638721552 0.9996875813704248 -0.022976137664531274 -0.3644333505252895 0.1825372626807241 0.024387053071532508 0.9828964438716394 11.74502798171263
0.9778312639488754 0.008092049442382818 -0.20923799363396464 -2.65093408439253 -0.013411163016279358 0.9996216367839922 -0.024015078176918097 -0.41125225135464333 0.20896449447381207 0.026288819089391204 0.9775698123613421 12.676477922965585
0.9712686418235242 0.00898396278092827 -0.23781613448846883 -3.013018465154693 -0.015053027403066929 0.9996053941790827 -0.02371628752742413 -0.45371412244986126 0.23750922461304355 0.02661473916520381 0.9710206094017155 13.60305063182742
0.9634550356637096 0.011784216277948227 -0.267610774261715 -3.427960199960786 -0.018549661991611358 0.9995686992231687 -0.02276676466473682 -0.516756040563539 0.2672270650481292 0.02689884346987953 0.9632580899871779 14.510556348114642
0.9542894343878943 0.013865144249137854 -0.2985622769048081 -3.8801103762273 -0.021268456843286026 0.9995412699032183 -0.021561597894568248 -0.5473955491149739 0.29812636273757814 0.02692596396068989 0.9541465633253886 15.401826878328936
0.9433706665332985 0.01591845566403449 -0.3313583985562941 -4.359402075572012 -0.024006539925033196 0.9995050677958738 -0.02032991616298498 -0.57324502010268 0.3308707777446469 0.02713341518567799 0.9432859090514467 16.27900451748336
0.9312801524796518 0.018792587502577396 -0.3638187959031722 -4.874148520413698 -0.027801698202027093 0.9994224378104135 -0.01954114577433151 -0.6055707982302417 0.3632414392309328 0.028313061580271467 0.9312647461218493 17.135694810434824
0.9179872025277485 0.020701198869728845 -0.3960693832659048 -5.431828691110939 -0.03079096177209606 0.9993427006079325 -0.019133306426063666 -0.5957216271858253 0.3954129647197061 0.02975948768040654 0.9180212199206358 17.9656646972385
