1.0 0.0 0.0 0.0 0.0 1.0 0.0 0.0 0.0 0.0 1.0 0.0
0.9999793565179749 0.0005660995463262856 -0.006400474138730098 -0.008051865159768112 -0.0005635936821606274 0.9999997638350112 0.00039330914464336917 -0.0027565950965604477 0.0064006952792905435 -0.0003896937585856958 0.9999794394079892 0.09128404903890988
0.9999077699453428 0.0010319867301833193 -0.01354203110024969 -0.012295400866149959 -0.001027933560816336 0.9999994247785455 0.0003062599756177534 -0.002932663574499724 0.013542339366813686 -0.0002923114209939016 0.9999082555907353 0.18556794759435208
0.9997797524262204 0.0012905849707909225 -0.020947100730141364 -0.026436028853353496 -0.0013014863048835365 0.9999990246442401 -0.0005067977572601698 -0.0017309218316654117 0.020946426233697264 0.0005339485010110267 0.9997804569639449 0.2825863501455598
0.9995449612115839 0.0018316952547722384 -0.030108394328278755 -0.039150588291700684 -0.0018891586624276467 0.9999964479280647 -0.0018802156263334061 -0.002492283221846352 0.03010484339905554 0.0019362395892498887 0.9995448711189364 0.3862409432965106
0.9991341159632742 0.0019102376315566568 -0.04156163267339052 -0.05456060942446311 -0.0020550637681358832 0.9999919640706723 -0.0034421660315125304 -0.003040968237464664 0.04155472333196014 0.003524597320345736 0.9991300126522742 0.4999013724471878
0.9984795665200553 0.001741167961186497 -0.05509558581278317 -0.07332729880344083 -0.001991859294409652 0.9999879112775019 -0.004495530603895239 -0.0005318510428242627 0.05508709230367937 0.004598438103337092 0.9984709643392419 0.6264612975048622
0.997455029342859 0.0015713837250962805 -0.07128109982193824 -0.09891232410811263 -0.0018985135498950129 0.9999879745284892 -0.004521774509055569 -0.00011871904414496751 0.07127313719023098 0.004645594859475177 0.9974460177691141 0.7649748342250793
0.995951888987658 -5.370339089972079e-05 -0.08988788537874207 -0.12414421528881098 -0.0003642821682770007 0.9999891981664811 -0.004633664733235964 0.0002291804529473444 0.08988716326827731 0.004647651697789438 0.9959411113179722 0.9174006821197559
0.9939617521170212 -0.001368588019243676 -0.10971855948423308 -0.15955450273438573 0.0008406375354018611 0.9999878466382902 -0.004857973265604858 -0.001328746276812912 0.1097238745989025 0.00473640607938557 0.9939508226267811 1.0795220615671266
0.9912636236972158 -0.0017063939508390818 -0.1318844818557108 -0.20319641017639917 0.0010227484197827532 0.9999856891631246 -0.005251233628432881 -0.003927307741714117 0.1318915551517026 0.005070472229989248 0.991251183096913 1.2481327442667989
0.9877764288457892 0.0018496222929509155 -0.1558663065387547 -0.25970419965049696 -0.0029234270809797174 0.9999735465264492 -0.006660316915680519 -0.00867066021988951 0.15584986426289188 0.007034567839499762 0.9877557059640552 1.4207395523531843
0.9834511382767749 0.0060612992033380044 -0.18107213831532373 -0.32549056295871154 -0.007666523238139208 0.999937264091004 -0.008166535595749461 -0.014991935652521049 0.18101127877443215 0.009419582483591584 0.9834359096668572 1.597584035913951
0.9780815562432433 0.008766786308141511 -0.20803752737096007 -0.3942150088818844 -0.010888116087844912 0.999899732568089 -0.009053934963404554 -0.021470874341564635 0.20793729406927755 0.011120623547775049 0.9780789403044392 1.7819536053554994
0.9704021754552162 0.009253668566799166 -0.24131719269426272 -0.3763780548641752 -0.01168428154531809 0.9998943804552519 -0.008643234277603171 -0.03898954756015313 0.2412117232568804 0.01120703136712074 0.9704078044880831 1.9852644118069507
0.9622396233213164 0.009010751746987013 -0.27205461522166036 -0.4596399150336132 -0.011878189041641998 0.9998898884313102 -0.008894922029608855 -0.02505462378156199 0.2719445089269914 0.011790562572497344 0.9622407010195945 2.1797058365786453
0.95000363891288 0.0107215598967561 -0.31205469745810094 -0.40450488129585227 -0.013756570988306087 0.9998770498257751 -0.007526087054243569 -0.03854072545356772 0.31193563888554043 0.01144261268612324 0.9500343276997858 2.3909448709867824
0.9340662824781449 0.012348504499776217 -0.3568861084072588 -0.34798684659442886 -0.015377121198610575 0.9998658018716 -0.005649990381013203 -0.05387311941261101 0.3567684460278149 0.010765346454309158 0.9341308169815488 2.6062066842011076
0.9208985080493258 0.014511641127839607 -0.3895322196485202 -0.4682596858860279 -0.01801813524579271 0.9998233493108881 -0.005349483621990211 -0.05575881346676014 0.3893857787269463 0.011944975702545936 0.920997303405756 2.7953492760399388
0.9063806524729 0.017308918769795487 -0.42210723063437455 -0.6002549394688783 -0.0213061512638039 0.9997616954019597 -0.004753979945549706 -0.057797324935767884 0.42192435428773745 0.013302395950331752 0.9065334442373626 2.985627619942112
0.8895302915548997 0.017868094478670007 -0.4565266603452165 -0.7351944263737521 -0.022247076028681586 0.9997436023500038 -0.004218669033140428 -0.05816600348902584 0.4563342284054849 0.013909017216843145 0.8896997309348987 3.177297159410441
0.8703347206251933 0.013210694517199275 -0.49228340579857066 -0.8747990577946472 -0.018097432221038694 0.9998228890121704 -0.005164644650094035 -0.057088952150097655 0.4921279884555152 0.013404035128649709 0.8704196544316984 3.36800682755213
0.8476553659440329 0.00983999345268886 -0.5304559879152454 -1.015608598165914 -0.01474067658548681 0.9998788117870357 -0.005007413818262164 -0.07174664319405309 0.5303424299828271 0.012063841353245746 0.8476976882661135 3.564073749493046
0.8205510408404495 0.011093244964400738 -0.571465597645051 -1.1648206925032945 -0.014857776179005498 0.9998877658418579 -0.0019241119489912936 -0.07714654163799485 0.571380115039603 0.01006954000625012 0.8206237679359475 3.7662210758923593
0.7907017055349383 0.016859065373742467 -0.6119694312454373 -1.363474523961983 -0.01981534048854188 0.9998017731741884 0.0019407831078499787 -0.08529978379099373 0.6118808422768791 0.010591802135257273 0.790879035366385 3.9387660656403596
0.7572037348112758 0.01968935101712346 -0.6528819444925554 -1.5707069526678632 -0.022932789488998327 0.9997306977825825 0.0035523340782955127 -0.08795040525488884 0.652776065089789 0.012282563562832919 0.7574513499085045 4.108245331136885
0.7206826059784539 0.019210390297630265 -0.6929989482998642 -1.79229979496128 -0.02254076663595238 0.999736796647922 0.004272150233159951 -0.09107183156348789 0.692898618327074 0.012541863209422483 0.7209259368254601 4.27043901855841
0.6802354988402932 0.015153798096732833 -0.7328369726758752 -2.0218442354772486 -0.01653629568151051 0.9998490820552254 0.00532578993733698 -0.09291558335997456 0.7328070803715198 0.008495617491768267 0.6803834267828706 4.434372969075575
0.6365889401829783 0.011493290124590678 -0.7711176470025992 -2.269162959847969 -0.011260543847838096 0.9999208749115207 0.005607501086016365 -0.09140631028262662 0.7711210808874072 0.005113530902492446 0.6366679907241649 4.593217608470021
0.5910560193545873 0.011075128511484997 -0.8065544764696085 -2.5356852092620663 -0.00852358298131256 0.9999356647746925 0.007484306564692742 -0.09306540171467903 0.8065854762626649 0.002451089563381118 0.591112393409309 4.739108062792642
0.5419106925041253 0.011841225123878883 -0.8403526561731482 -2.8187574422425294 -0.0058645438707083195 0.9999296739255256 0.010307974019204857 -0.09481595524572191 0.8404156165105973 -0.0006577163200681443 0.5419420254366275 4.882614332113366
0.4902905517805299 0.012488793830664674 -0.8714695662290217 -3.122504456439656 -0.004712321457174056 0.9999207009991716 0.011678430537082757 -0.089154841539486 0.8715463090744101 -0.001619179415741708 0.49031052344080034 5.002725643480106
0.4366253386728408 0.013981136932431545 -0.8995347916778451 -3.44050605051688 -0.0035677305849487408 0.9998982819787251 0.013809308254471235 -0.08736225431572255 0.8996363626084151 -0.0028201961049516173 0.4366308069371986 5.1150729017202385
0.38144940547400114 0.016068223705102073 -0.9242500545039175 -3.7804614029312313 -0.002215687267512515 0.9998619332841198 0.01646830590178951 -0.08385183805676923 0.9243870627575134 -0.004233976417639517 0.38143234216598765 5.212182212738425
