1.0 0.0 0.0 0.0 0.0 1.0 0.0 0.0 0.0 0.0 1.0 0.0
0.9999781339396107 0.0004664705481912544 -0.006596517860343248 -0.003970134233566257 -0.0004651814304811524 0.999999872407095 0.0001969569255367043 0.001360716897545125 0.006596608893279395 -0.00019388404125020886 0.9999782233429324 0.09158381645879943
0.9999068167091796 0.0009517603524834925 -0.013618078085633454 -0.013421242984059785 -0.0009516437067516513 0.9999995470738403 1.5045584676354331e-05 0.002703073831822816 0.013618086237440619 -2.0846243710110452e-06 0.999907269561975 0.18547932615030732
0.9997754178573629 0.0011726025478528063 -0.021159840533427024 -0.022510027505671402 -0.0011861233444126487 0.9999991003388371 -0.0006264446729523528 0.000774405836388673 0.021159086926120688 0.000651402165486211 0.9997759092495035 0.2830889886185613
0.9995314567476382 0.0015679430858127684 -0.030568096545640546 -0.026037660534248976 -0.001624034571061239 0.9999970427907157 -0.0018102269293027366 -0.0038730936943881097 0.030565167816584082 0.0018590224052514317 0.9995310473177113 0.38736013000648545
0.9991129065469517 0.001637118085974394 -0.042079921764119545 -0.039431089464511945 -0.0017851115985797633 0.9999923527537701 -0.003479627934176821 -0.0025110107717871664 0.04207390340677297 0.003551658535425833 0.9991081885230273 0.5012689696426088
0.998453007215471 0.001450211669896823 -0.05558317432906002 -0.05981842196874887 -0.0016941945409212037 0.9999891355320207 -0.004342640070234725 -0.0032936718737635448 0.055576272700134315 0.004430090747895635 0.9984446164954396 0.6276004504381711
0.9978750186226314 0.0013790647899840332 -0.0651425006365857 -0.1628351575003609 -0.0015861005568625014 0.9999938543451007 -0.003126588724694848 -0.02177738163634902 0.06513778852483453 0.0032232673384152907 0.9978710733625655 0.7218695802739314
0.9964970281125464 -0.00021352019912797022 -0.08362791024524836 -0.19234115564261364 -5.419938535291646e-05 0.9999948816048523 -0.003199035249025834 -0.022315373101033983 0.08362816526320174 0.0031923616998151693 0.9964919160743291 0.8735254904994109
0.9946223289834188 -0.0015657592055314962 -0.10355660812188602 -0.22411079403066925 0.0012125662826664306 0.999993232243292 -0.0034734925686084575 -0.022552193385535095 0.10356134592892138 0.003329244016940049 0.9946174962082989 1.0364067087232396
0.9920834828897391 -0.001889360967244185 -0.12556589223391762 -0.27027908012158486 0.0014055486553884217 0.9999912443146358 -0.003941538664522666 -0.023725369710885173 0.12557223980777638 0.0037338464352521935 0.9920774521076748 1.2043592137315229
0.9886844638200765 0.0013249047221075999 -0.15000425203401707 -0.3052173199663531 -0.002172050839954854 0.9999826049908301 -0.005483786183116656 -0.024794308750684394 0.14999437721446837 0.005747551063785931 0.9886701434051766 1.3826480709414815
0.9844548579082425 0.004944988754284804 -0.1755681629085457 -0.35746760159571656 -0.006353762618744138 0.9999519665303667 -0.00746286356817054 -0.019557188382643326 0.1755228259841047 0.008462370724121836 0.9844389904104167 1.5639882378096195
0.9792335302409275 0.007547481979858528 -0.20259498702498505 -0.4243891570623249 -0.00945331074850072 0.9999196882115277 -0.008441092515412016 -0.024397356991784372 0.20251500726559116 0.010180994191392834 0.979226234937306 1.7490699560392062
0.9725116575068522 0.008197676234563044 -0.23270984963603902 -0.4522743554653892 -0.010488769332298196 0.9999079263736151 -0.008609558241345178 -0.036874623133377485 0.2326178448253024 0.010813735689878588 0.9725080983669292 1.951621378826146
0.9646752023662958 0.010726693084816634 -0.2632236539428212 -0.5384069876044871 -0.01326892922767288 0.9998808958274488 -0.00788223803559664 -0.04708556068768181 0.26310775255909313 0.01109649560730525 0.9647026372559266 2.1450408544802237
0.9554920833215756 0.01300520078122364 -0.29472995006010994 -0.6361753379821747 -0.01567084910313208 0.9998548618777248 -0.006684285142264913 -0.0555167175726464 0.29460024303822585 0.011005450109663781 0.955557207533752 2.3405247199650407
0.9444566796014991 0.014769653467089278 -0.3283038801058755 -0.7396171981686172 -0.01761934088758118 0.9998284805831305 -0.00570685916385877 -0.05557455451286723 0.32816328128356814 0.011174379235152427 0.9445549185017833 2.5381779436155947
0.9322941536841584 0.016983369867419443 -0.3613020566704336 -0.8544163798971194 -0.020276670642223323 0.9997802226546043 -0.005325693980770952 -0.05745486276861476 0.3611322024328565 0.012291116168047948 0.9324336227471303 2.7306919536223786
0.9244833541419243 0.017006207287952206 -0.38084290308232904 -1.0631664089945831 -0.021719223407677315 0.9997314539636614 -0.008080550121817971 -0.03005004602036769 0.38060320971986633 0.015741946175203705 0.9246044494169126 2.827155171013486
0.9092648498073421 0.01744552727246763 -0.4158522411662788 -1.190480125437919 -0.02267369100612379 0.9997137491385674 -0.007636983662987164 -0.029347626649533564 0.41559997189724424 0.01637294602371541 0.9094001264556291 3.0239716784559114
0.8917140721849037 0.012759936966980415 -0.45241927177786617 -1.3215292981191709 -0.01865562544514946 0.9997892201508892 -0.008572217293525995 -0.02892309021845305 0.4522145299596934 0.016084131268919045 0.891764161432078 3.2206610903830972
0.8715875277496965 0.008133792487915115 -0.49017244199458543 -1.4658943709863455 -0.014451434381360467 0.9998541156799999 -0.00910513053650458 -0.033338858042776115 0.490026874278843 0.015019613095186244 0.8715779217643007 3.414629230025193
0.8464291812206065 0.010393179894710697 -0.5323998713278297 -1.6066985525357955 -0.015676173302205925 0.9998625184410888 -0.005403869654487938 -0.04903437385508376 0.5322705127741089 0.012919985616078277 0.8464757381064547 3.622197972345903
0.8188289975863747 0.01623592415596312 -0.5738078663442097 -1.8006740426121304 -0.02083234102324537 0.9997819475707558 -0.0014390549391427722 -0.05885415881857046 0.5736593817581856 0.013132101066793352 0.8189886822431598 3.7999018683800876
0.7873226988303631 0.019143424343239165 -0.6162438618038217 -1.9997461006348887 -0.024127156786388097 0.9997088712287685 0.00023041681105748858 -0.06231721329289325 0.6160688664523457 0.0146867998868524 0.7875553629410474 3.9788818943362236
0.753119262638715 0.018748114913962995 -0.6576168218877091 -2.2164824609695617 -0.024020708567525712 0.9997109691566496 0.000991820440650385 -0.06541707523168692 0.6574453451066729 0.015049462948734483 0.7533519309476298 4.147510670833089
0.714619686737535 0.014502422475146307 -0.6993628407840237 -2.4378454223437647 -0.018198991145132445 0.9998321006005743 0.0021371312413070833 -0.06810376465244118 0.6992764117632216 0.011200462088483236 0.714763631979522 4.322323744556152
0.672853318013711 0.010683694613541437 -0.7396987705190163 -2.677225716397724 -0.013103975017200564 0.9999109581336815 0.002522229753920823 -0.06744268209506814 0.739659853092412 0.007995903550416617 0.6729334047658236 4.49290242601897
0.6290569178320645 0.010135048695228204 -0.7772931717927081 -2.936376128883114 -0.010540847316259996 0.9999342846750136 0.004507423801271878 -0.06989147929360429 0.77728777467903 0.005357902520047397 0.6291224111531134 4.651508711416963
0.5815763329673331 0.01075172642893396 -0.8134207824435438 -3.212153207160556 -0.008043890616147822 0.9999397760440623 0.007465929862109448 -0.07262564176907542 0.8134520666615983 0.0022010596874803066 0.5816277938512111 4.808564530456885
0.5314849812436664 0.011353509707377715 -0.8469916248285717 -3.509691102631103 -0.007045262720116045 0.9999348350667127 0.008982755329555243 -0.06787071634888359 0.8470384164756781 0.0011930789708101239 0.5315303355190042 4.943359246189791
0.4792094850989157 0.012785343659479935 -0.8776074318160375 -3.8218221308398057 -0.006055411069897891 0.9999182607937104 0.011260716143115577 -0.06685867388704186 0.8776796690068689 -8.196822714398783e-05 0.4792477354074853 5.071122036618041
0.42512363374938195 0.015485769322443315 -0.9050028104797317 -4.156255830266032 -0.0026580049029861718 0.9998706816068895 0.015860487789146806 -0.09435460092989147 0.9051313888257645 -0.004337166294488413 0.4251098186949777 5.182523373837257
0.3703719164203997 0.01744915570797139 -0.9287196404147805 -4.509469333314376 -0.0021437379653658464 0.999836938978918 0.017930416637739834 -0.09081779625336234 0.9288810730737367 -0.004649991219997852 0.3703489296150828 5.27899136549125
0.31616776404266056 0.020612797685154144 -0.948479339549289 -4.883372817333024 -9.481706395794817e-05 0.9997646150861178 0.021695746851186047 -0.09067257801259036 0.9487032918621023 -0.006769563744974266 0.3160952973657054 5.361800630303556
0.2630569712633815 0.02238875330955051 -0.9645204889451445 -5.269671920044126 0.004705521109899998 0.9996890386046016 0.024488449622048093 -0.08892629865758418 0.9647688261655333 -0.010980428910174334 0.2628698199492056 5.432075689199173
0.21269714580843865 0.02284620296394172 -0.9768510506597586 -5.670493956242872 0.007519080673987091 0.9996587531830842 0.02501680655598116 -0.08646188886561611 0.9770892423882078 -0.012666025208078822 0.21245278114128413 5.4834407199625215
0.16555917024530015 0.02398474739536935 -0.9859081564933257 -6.090587260998649 0.005572483967648855 0.9996655053894586 0.025255192671375538 -0.08053465213839198 0.9861841149451344 -0.009675186138691434 0.16537013697479844 5.514041559305199
0.12341917025226325 0.024412221247347283 -0.9920543089307227 -6.52717057672622 0.0036592123761054244 0.9996793748885361 0.025055091044577368 -0.07328150141755625 0.992347881833296 -0.006722415952324682 0.12329026946492765 5.533359076386453
0.0858706570158504 0.02306627186751726 -0.9960392448923889 -6.977351597839394 0.002195747376530394 0.9997251520664053 0.023340930128444886 -0.06562529401991817 0.9963038738041344 -0.004191351564384414 0.08579640793727358 5.53803863130324
0.05167133609803977 0.020444612361713375 -0.9984548516839523 -7.4419201607332965 0.003533693737473683 0.9997804255608848 0.020654628388470722 -0.058082584747673235 0.9986578923907893 -0.004595485901986592 0.0515877453947299 5.535857232327798
0.020493788588967325 0.017773060367374638 -0.9996319937629292 -7.919289589207134 0.0040935540109472545 0.9998321078402133 0.017860541631079134 -0.05303679906530715 0.9997815998731074 -0.004458077721811234 0.0204175928599851 5.52524251005362
-0.005898424681923664 0.015949822539436866 -0.9998553954183739 -8.41418893564072 0.0034706539086215727 0.9998670934092347 0.015929534795937502 -0.04881263579782179 0.9999765812996415 -0.0033761928749532384 -0.005952997056346753 5.500358203649185
-0.026511019942614823 0.013606981656764702 -0.999555909327635 -8.923392059157013 0.0028255281883281715 0.9999043813564497 0.013536784501217506 -0.04016211898547494 0.999644527925832 -0.0024653994337445733 -0.02654693190507816 5.4680663782018435
-0.042695875063981 0.012716044472547837 -0.9990071893962994 -9.451771292306791 0.003252804784887457 0.9999154698050944 0.012588586318109312 -0.029386602371638783 0.9990828201473354 -0.0027120946571351128 -0.04273362878364546 5.434063422126191
-0.05829647262847833 0.01329701410070519 -0.998210754648077 -9.591074175301348 0.007337802645551765 0.9998899852920187 0.012890848112570071 0.0034126749014899978 0.9982723465725235 -0.006573182542122566 -0.058387630024312 5.960210919053351
-0.06787511232821546 0.01453977240989058 -0.9975878728937623 -10.148524881108603 0.006253097362778776 0.9998803631072801 0.014147729352263067 0.0034014794745444803 0.997674229345333 -0.0052777353781580105 -0.06795791057319533 5.915508471250063
-0.07455732072655773 0.01604500057701004 -0.9970876410238777 -10.723449646611627 0.004483515428454046 0.999865838671211 0.01575445167939291 0.001779705467349216 0.9972066506073253 -0.0032958481153198146 -0.07461925602497482 5.864566013082842
-0.07902972354720933 0.01708839234064244 -0.9967257845783183 -11.31136528649751 0.004757406481236724 0.9998481442253043 0.016764712129566137 0.006088080178139777 0.9968609079904899 -0.0034169191426204463 -0.0790990188557915 5.814500865747885
-0.08045205504557171 0.017728691761368185 -0.996600802893202 -11.917410500636551 0.006914702636864084 0.9998276784012143 0.017227895700917577 0.01472061593230951 0.9967344951020748 -0.005505178586416857 -0.08056078005049128 5.767646451326141
-0.07953915253078622 0.019919732145562127 -0.9966326943693616 -12.539321626264616 0.00899721234857381 0.9997739396737272 0.0192644677899293 0.02087463447089983 0.9967911382956004 -0.0074346365428047765 -0.07970039394405415 5.724307655883639
-0.077884091506553 0.022414906067453153 -0.9967104094350506 -13.176373390515925 0.00818515789697936 0.9997279025710205 0.021843168523581306 0.025077847337500382 0.9969288196658777 -0.006456996742705135 -0.0780463689909039 5.670354794563221
-0.07609682791126499 0.022474530422216872 -0.996847113786334 -13.828875215168537 0.006068671626685887 0.9997378667215852 0.022076436933103936 0.029573094095062313 0.9970819645377859 -0.0043695909733864995 -0.07621327094538423 5.611911600910339
-0.07456121242556503 0.019963566883381235 -0.9970165904331395 -14.492641106576384 0.004184267997839934 0.9997970557678644 0.01970632333115087 0.03722322435813168 0.9972076601706145 -0.002702457252644011 -0.0746296135715953 5.5637913924873
-0.07307987601814554 0.01985202669529641 -0.9971284915983807 -15.17368825500351 0.00415001225967523 0.9997992680906835 0.01960104394102047 0.0485194264413523 0.9973174565400009 -0.0027056536035687 -0.0731475927092649 5.503409636270371
-0.0714418986840874 0.02244405695819536 -0.9971922178896453 -15.872463243046518 0.00487806471023621 0.9997427139876934 0.022151982150669144 0.06563122245782103 0.9974328346295278 -0.003281788502949814 -0.07153300124506588 5.455091329207611
-0.06953814593459115 0.02595083384653565 -0.9972416961211805 -16.58746057977351 0.003835450934572015 0.9996611500691479 0.025746346508909036 0.07583135379313975 0.997571920001815 -0.0020345183945630657 -0.06961411608857947 5.399235599785299
-0.06773003362630667 0.02809209117663811 -0.9973081153576877 -17.317297628833636 0.00339608400840983 0.9996042206192643 0.027926129942412607 0.0830523116224951 0.9976979047579417 -0.0014955044219713497 -0.06779863057714886 5.346973879451805
-0.06591889297020505 0.027507866628557698 -0.9974457463055965 -18.05712536328329 0.001713170726951205 0.9996215819376243 0.02745465298599659 0.09394491679655288 0.9978235137516268 0.00010098547742531461 -0.06594107374232247 5.292583278802683
-0.0642277474082204 0.024341604553935046 -0.9976383526862858 -18.810689951280523 -0.00031586739875852344 0.9997019257475651 0.02441228961805471 0.11362795938173904 0.9979352166802474 0.001883067802609538 -0.06420091405111432 5.237520653493993
-0.06276382135570027 0.0237750548438701 -0.9977451826473536 -19.576146719299416 -0.0008511379022549869 0.9997145767137439 0.02387552450378662 0.12650878683846162 0.99802804484298 0.002347737896472822 -0.06272567124924536 5.185621430537866
-0.06132406100161789 0.026050406909139772 -0.9977778990547638 -20.3623000693521 0.0017860844603673578 0.9996606128265978 0.025989787714618535 0.14111530484338658 0.9981163105793686 -0.00018831627316930185 -0.06134977662885988 5.1436758634701265
-0.06042996454934204 0.028071737732994543 -0.9977776289961684 -21.15518513561604 0.004086998711887499 0.9996030458109749 0.027875567204105528 0.15390932910602306 0.9981640725983352 -0.0023933963465205847 -0.06052070577772699 5.1040191553299925
-0.05931644680713921 0.029832623640962678 -0.9977933522051912 -21.956227944394257 0.005480500252231389 0.999548004316073 0.02955928254779911 0.16278680146799895 0.998224184867889 -0.0037150551075316343 -0.059453133730585805 5.056608521648621
-0.05867531302465218 0.02521469515437061 -0.9979586297987163 -22.75723658808421 0.0058057875819269526 0.9996726731349492 0.024916649409148107 0.17169951291547045 0.9982602368480942 -0.004331943616554944 -0.05880249818239354 5.004684301841972
-0.05840955120874519 0.018215866553627107 -0.9981264982622661 -23.56380267393563 0.0070964941310625055 0.9998158232308861 0.017831415765250366 0.1803343730350679 0.9982674812386914 -0.006041673844711322 -0.05852806231640846 4.9602572729880805
-0.058658362175765075 0.013530783879031706 -0.9981864126677319 -24.3847689076609 0.010541405735983753 0.9998607853128532 0.012934015566470938 0.1913802867951879 0.9982224578278962 -0.009763599806591644 -0.058792829553021224 4.91487125767029
-0.05930483357826252 0.014327617307814376 -0.9981370928367181 -25.215361828865518 0.011698795137012545 0.9998382999212572 0.013656947056801549 0.1963947949695752 0.9981713655012333 -0.010867078395359261 -0.05946285984168897 4.869113312536408
-0.05929121124147001 0.021880708622173835 -0.9980008952198945 -26.059143215311767 0.011197385607264057 0.9997114231721648 0.021252974724659986 0.19626155413446156 0.9981779254346799 -0.009914886246262434 -0.059519107903614366 4.816127141306077
-0.05944808155396417 0.029008947473280245 -0.997809804805528 -26.90642714090942 0.009758260065635899 0.9995467854460494 0.028478062872334797 0.20530222672718307 0.9981837015099196 -0.008043921367200236 -0.05970421567187438 4.757993368941467
-0.05963448440046957 0.03448310485020546 -0.9976245003758578 -27.75326544393203 0.00758115181059388 0.9993899804189731 0.03409095445113118 0.212655414481507 0.9981914918528982 -0.005530146295904124 -0.05985952785005111 4.7002393914207055
-0.06004722490210788 0.034878545861332495 -0.9975859952004913 -28.60000182024459 0.0059412370672665225 0.9993841417280523 0.03458379627216173 0.22169628257568613 0.9981778561377055 -0.0038502338997479187 -0.060217466031468346 4.648220651011444
-0.06038362681073057 0.031446003830850215 -0.9976797915444878 -29.441441375665914 0.0057939473746174254 0.9994978457006986 0.03115263413392992 0.23597576012086682 0.9981584282001541 -0.0038993951752135598 -0.060535501404258334 4.5978487055906845
-0.060780605198669485 0.028712209931571853 -0.9977381054327477 -30.280185884842783 0.00538839772019394 0.9995810635529336 0.028436992745270808 0.249566008316311 0.9981366054812798 -0.0036477921035766724 -0.06090985479441425 4.54713114808734
-0.06090636368457079 0.0299840926068841 -0.9976930234562456 -31.1232961818691 0.003879217337924833 0.9995482633983916 0.029803033572176257 0.26239268776869584 0.9981359459189753 -0.002055073672867643 -0.060995164862726416 4.49057924996017
-0.06069637898759172 0.032446948513429 -0.997628761168182 -31.963157800371963 0.0030576159505670665 0.9994728663016953 0.032320898987685254 0.2710434880593752 0.9981515919751333 -0.0010886040787160588 -0.06076359418818439 4.432876885212295
-0.06056639772823527 0.030822921488936686 -0.9976881571799437 -32.8053396129227 0.002509406723133987 0.9995246543355852 0.0307273209575224 0.2806989511243237 0.9981610162414292 -0.0006425622269820466 -0.06061495500007711 4.374526164702099
-0.060182312663936824 0.02559312104124509 -0.9978592492920975 -33.63800605543327 0.0016125811953219991 0.9996724398428761 0.02554236873274892 0.294986344037954 0.9981860992942689 -7.193023973468349e-05 -0.060203870321865464 4.3227241226728115
-0.059933166557173095 0.021455791765281434 -0.9979717754256154 -34.47285929676535 0.0004277257942055708 0.9997694282625892 0.021468753157567345 0.3044630177364053 0.9982023004366773 0.0008598320885286684 -0.05992852485840478 4.264791158144582
-0.05945628110260317 0.02215340969599535 -0.9979850585436084 -35.31086024391169 0.0007933357584130258 0.9997544452860556 0.022145422758338817 0.31449307448486796 0.9982305952312932 0.0005249472473512077 -0.05945925642458764 4.218666685657145
-0.058928725456489195 0.024628669775530007 -0.9979583327680377 -36.149384068141664 0.0019152449818148412 0.9996965605640881 0.024558473751275876 0.3205921679496095 0.9982603553946899 -0.0004641351315749631 -0.05895801409347423 4.17254756484451
-0.1303649654686713 0.029656393949795093 -0.9910224387349897 -36.55686198325865 -0.0029696853264420875 0.9995363827409005 0.03030182414142307 0.310876939050883 0.9914616264623726 0.006893321052320516 -0.1302164558627504 4.9106322547402
-0.12983684564349632 0.03530518621184714 -0.9909066239257326 -37.39433161006352 -0.0018585560167090568 0.9993554634248564 0.03584973490031406 0.3252152168383547 0.9915336299303613 0.0064962719645063624 -0.12968754438142296 4.807363946295568
-0.13003652514808312 0.038490207584273385 -0.9907618311418396 -38.224203337396645 -0.00203500503680654 0.9992337614326466 0.039086426898149416 0.3397278884207022 0.9915071159007942 0.007098868450939226 -0.12985855838104854 4.69639466048003
-0.12991679379294813 0.03830219486481518 -0.9907848245502643 -39.053403671508235 -0.0018757331253232506 0.9992423169122566 0.03887510407790057 0.3573527872049922 0.9915231254568913 0.006908976795644494 -0.1297465133397971 4.596618059829834
-0.1297699833612093 0.034027143713683844 -0.9909600924906711 -39.879144379631214 -0.001465552023943689 0.9994033131127523 0.034508982838078905 0.3728742801021314 0.9915430417161403 0.005930533697906856 -0.12964268276444094 4.487511708735155
-0.14628371516102912 0.030841856337368627 -0.988761778476672 -40.6676757826944 -0.003239279208342043 0.99949357899242 0.03165584658689892 0.35032614959299924 0.98923737381323 0.007833610316321897 -0.1461097286306246 4.744701585104452
-0.14618667231003069 0.027794316846683015 -0.9888664888598184 -41.488216019897585 -0.006946650258219094 0.9995517380258618 0.029121590953595927 0.36662440313233785 0.9892326323414066 0.0111264981240623 -0.14592806498540845 4.619536235289026
-0.14674913191457425 0.025733601389981674 -0.9888389525306029 -42.307797011014095 -0.010260203957241892 0.9995681692702595 0.027535489762438085 0.3806294909771472 0.9891205288017599 0.0141864985533098 -0.1464217291310354 4.491683536182415
-0.1473743605561695 0.024087380697345225 -0.9887874371884996 -43.12492778977174 -0.0077531440434618635 0.9996445665250647 0.025507437628193595 0.38759335513565735 0.9890503963944911 0.011425353738769283 -0.14713522584290462 4.3676375569854455
-0.14982352838209093 0.02074293478909009 -0.9884951395932485 -43.94640994508844 -0.004003961271158211 0.9997589737615399 0.02158616865984156 0.39376711230159417 0.9887046468168734 0.007192012208527788 -0.1497043630730666 4.280557439340448
-0.1506830233776325 0.019376637850843148 -0.9883922158593584 -44.763155159129276 0.00020806525281331055 0.9998084925234643 0.019568724710821783 0.40753072260756523 0.9885821074521959 0.0027430245267996475 -0.1506581980571219 4.165075787408652
-0.15278199053053354 0.02283189316545332 -0.9879961376564226 -45.58044489211149 0.00044415791490769717 0.9997345725866364 0.02303447630751057 0.41500183967404813 0.9882598170993665 0.0030804268366515014 -0.15275157896804037 4.052493420699846
-0.1572534353072618 0.028243176993923882 -0.9871543344570566 -46.40441200350214 0.0032853101509284556 0.9996003949287164 0.028075918427819445 0.4361127920930294 0.9875528157122918 0.0011719264666562484 -0.15728338363310898 3.9844105021781675
-0.1590439543993426 0.032079401929099666 -0.9867501875048672 -47.21278077964968 0.005318132376240687 0.9994853001753284 0.031636248220384335 0.445400858669074 0.9872571792785543 -0.00021611410010211312 -0.15913269700990793 3.8541517796039857
-0.16059294350921577 0.031252491056667345 -0.9865258173498543 -48.01528476232964 0.005595903804915535 0.9995113522672046 0.030752927496253767 0.45341977593579574 0.9870048593374051 -0.0005818004268065475 -0.16068935606508428 3.7245843855637593
-0.1615989633075732 0.02731533634895412 -0.9864784069902699 -48.809555068429155 0.0025923271651135766 0.9996251601366325 0.027254707147216943 0.45823855542493386 0.986853107051797 0.0018470576480029471 -0.1616091998626884 3.5853299298818193
-0.16294985750333718 0.023458464969552596 -0.9863554351048681 -49.59914287201987 -0.0018557700846462961 0.9997082493214633 0.02408261522359525 0.4651857383938808 0.9866326064229956 0.005754707628288482 -0.16285878325432096 3.449520465496902
-0.1642103789286723 0.021663357683844628 -0.9861874316710607 -50.387427963287045 -0.006236499576981382 0.999716036201222 0.02299897900219072 0.4704680160309215 0.9864056252501435 0.009927028557363275 -0.1640286456046417 3.308985692524438
-0.16511238333735132 0.022576117447152617 -0.9860163385003674 -51.17242918100113 -0.007701776623126093 0.999677986836493 0.024178611858084523 0.47683030291421163 0.9862446874409541 0.011586265815559629 -0.1648853387628633 3.1641225760924114
-0.1661045924619727 0.02398158872991812 -0.9858164878744067 -51.95805106109237 -0.007527046149110544 0.9996442807411877 0.02558623766211949 0.48461462533063343 0.9860794125927734 0.011670277778286301 -0.1658649953343578 3.030609613755126
-0.16699159237420597 0.023381620388797732 -0.9856810376101999 -52.73573281366857 -0.009392137318398285 0.9996356854892394 0.025303834749903144 0.48960612656884217 0.9859135843637196 0.01348317931543644 -0.16671115152451085 2.891063462673668
-0.16746638447641024 0.02306623596976999 -0.9856079133350062 -53.51009830486317 -0.010521176888089397 0.999627516250542 0.02518200928563269 0.4973241916412164 0.9858216445723266 0.014586895247414633 -0.16716132202083198 2.756520291259597
-0.16790031778496683 0.024797972156312995 -0.9854920313552215 -54.280175258448146 -0.008945292325195678 0.9996040786076821 0.02667710209343509 0.5061244495091368 0.9857633920129727 0.013294608223693175 -0.16761201734736852 2.617148857179056
-0.16809402860958905 0.027700875279682208 -0.9853816819154582 -55.0466781776736 -0.008087152227092925 0.999532706033694 0.029478255338752903 0.5129736282649402 0.9857377924755915 0.01292405035971233 -0.16779145808903725 2.480445430569419
-0.16815269618631862 0.03189886738037927 -0.9852447071794498 -55.81066182020591 -0.00819509952613138 0.9993965137417192 0.03375572047304309 0.5191717524027192 0.9857268947883212 0.013750293842183728 -0.16778980395192428 2.34062716110443
-0.17164923775049978 0.03356498984906686 -0.9845861722754915 -56.57484430355353 -0.0065586889054790095 0.9993583435268756 0.03521199828269313 0.5366713484796899 0.9851362965496252 0.01250170706948753 -0.17131895557945473 2.268661742123356
