1.0 0.0 0.0 0.0 0.0 1.0 0.0 0.0 0.0 0.0 1.0 0.0
0.9990499837387425 -0.0003446548901819673 0.043577645698509825 0.04563484030064283 0.0004459691070691215 0.9999972204481492 -0.0023152122000249914 -0.018418635554333835 -0.04357672662297752 0.0023324469945270455 0.9990473605329449 0.6043767893846084
0.9960392510002382 -0.004747253147895058 0.08878780352297345 0.0847489081587061 0.005409425109196183 0.9999593128303177 -0.007218781331144216 -0.030131930601738136 -0.08874992161614756 0.0076704805239749384 0.9960244048926004 1.1027027807987975
0.9910178848004919 -0.004527766556467589 0.13365272662975833 0.1567009850369107 0.006064851242216535 0.9999200482365058 -0.011095707012790241 -0.044995054962042584 -0.1335918020874356 0.011806627999307488 0.9909661114035723 1.5932531138831556
0.9837513887641007 -0.0023404410594096733 0.17952082731636085 0.22788200220638077 0.004821956990464773 0.9998987516117036 -0.013387877208088912 -0.05614346708144935 -0.17947131758441326 0.014035984504272868 0.9836630710276311 2.002941479183669
0.9742620844860137 -0.005004716916407873 0.2253626933224623 0.44202970954576803 0.008271411293310084 0.9998739362643492 -0.013553425192666856 -0.07600110894054013 -0.22526645220312871 0.015068655806771055 0.9741806614401625 2.923573382649857
0.9627563538990299 -0.005894891738546602 0.2703062213091606 0.5112607143592953 0.010258062638182245 0.9998388614378381 -0.01473171102074627 -0.08353757714071702 -0.2701758227117246 0.016955866538707554 0.9626616868931495 3.1722236167048337
0.9492820105939779 -0.008207479858760792 0.3143187898249534 0.6819016196549521 0.01436213126303518 0.9997477053172558 -0.017270057859340923 -0.1002352314461017 -0.3140977452135538 0.020908442965693816 0.9491603886933503 3.693112279233419
0.9342640600841771 -0.009997309279785748 0.3564417481752019 0.8753904262437147 0.018085212818748336 0.9996488954466339 -0.0193651984143036 -0.10829973684156145 -0.35612299997659563 0.024538533768118154 0.9341168391845748 4.173548219679243
0.9170048845542006 -0.009819173317283112 0.39875509468733183 1.2466901414798275 0.019485040958300205 0.9996061846059551 -0.0201942783079426 -0.13664268609201774 -0.398399767673867 0.026288011200743814 0.9168350809085124 5.032151325867051
0.8975686434659362 -0.010287369879695816 0.44075469400526873 1.6595412760377901 0.020634978305294198 0.9996123562284986 -0.018690504157164216 -0.16574483345356797 -0.44039156206387486 0.025870974010795605 0.8974329862260876 5.860379302166703
0.8758202559259054 -0.010130575428973918 0.48253108786000515 2.1291699100039705 0.02130038121636524 0.9996168752834115 -0.01767473928141374 -0.2020223581163837 -0.48216716299424583 0.025757990801036953 0.8757004926571493 6.698947853172441
0.8519741768818895 -0.010533669722920998 0.5234778349926538 2.6161831316656845 0.022488208543735264 0.9996111786312376 -0.016485509757403555 -0.23089652579990672 -0.5231006427093366 0.02581730732738006 0.8518797944777435 7.497128339782743
0.8265194122623616 -0.010998920997756931 0.5628007506128311 3.1533822137161547 0.0243625540394262 0.9995712135279915 -0.016243615572110674 -0.2646352869862319 -0.5623807670201365 0.027136927295911363 0.8264329737267139 8.28196715399697
0.7993113138023831 -0.012605695887317437 0.6007849199661268 3.684225564454232 0.02768342787526519 0.9994909158538062 -0.01585991635522324 -0.2887464824266986 -0.6002791446057276 0.029308796579118612 0.7992533659575665 8.986946022327974
0.7706584646233239 -0.011658300866573247 0.6371417541845192 4.241627529429355 0.02853244246533327 0.9994612017071886 -0.01622362502603185 -0.3126496294773373 -0.6366093233933857 0.030682084396717522 0.7705758749569624 9.664944631564392
0.740357707527681 -0.014648063437837753 0.6720534942561334 4.845409593264346 0.03338285165152574 0.9993301531120045 -0.014994342157963594 -0.3308696192371265 -0.6713836832393008 0.03353623888659758 0.7403507753500168 10.29897525527611
0.7086864113287586 -0.013811594194779992 0.7053884109224966 5.5278974475728635 0.033722672760009655 0.9993287292559068 -0.014313358295514856 -0.3608421970560737 -0.7047172140226797 0.033931265074753705 0.7086764547454212 10.954709884174845
0.6746841513181667 -0.012469642571848892 0.7380012222037414 6.226156463137501 0.034815110830408225 0.9992820383025722 -0.014943760695447077 -0.39403703988772815 -0.7372850222389927 0.03577591284630946 0.6746338859278126 11.586611283824636
0.6392202533008008 -0.013454405481978085 0.7689060064423917 6.928215990753092 0.03943359927461732 0.9991050475875255 -0.015300167756500654 -0.4110661281179239 -0.7680120174960218 0.040100908446750676 0.6391787372272606 12.169630487896482
0.6027331641351154 -0.011653799972683888 0.7978577077385851 7.660792709712505 0.039470254335499035 0.9991047622002719 -0.015224098378197298 -0.4460368507162176 -0.7969660167625491 0.04066771563457533 0.6026535530723282 12.727756974783638
0.5652720190655742 -0.010374402194676148 0.8248393275302972 8.434129001763132 0.042599195087106564 0.998953838569574 -0.01662940122325439 -0.4698547135317185 -0.8238038923429898 0.04453762663430144 0.5651225944645313 13.251231361475803
0.5268922067834474 -0.008869880255858845 0.8498858321298904 9.23811702034683 0.04717500548901585 0.9987092668995569 -0.018823364897402085 -0.5105260082321113 -0.8486218953621103 0.050011253065646626 0.526630566221543 13.727230644976423
0.4880113212649443 -0.007934903635636344 0.8728012303047797 10.098535264499652 0.04886974508288553 0.9986384939719083 -0.018245722047979848 -0.54720080585912 -0.8714681281221807 0.051557692557090994 0.4877346676271954 14.23150088162862
0.4497775664259826 -0.00960755583844941 0.8930889292846108 10.92488007221842 0.053826715506261176 0.9984161390972982 -0.016367586500520906 -0.5732429940343754 -0.8915171481456368 0.05543381694286518 0.4495823244984344 14.641243819317294
0.4128032692597423 -0.010120903729427665 0.9107639805109604 11.763849246219213 0.05768143164298977 0.9982215740527057 -0.015051296932595744 -0.5980186539621173 -0.9089919214889008 0.05874739486511484 0.4126529174311966 15.015665222518878
0.37766396347703524 -0.007546958127819365 0.925911968879242 12.648983545601286 0.059075671949389334 0.998125908982296 -0.015960413590918564 -0.6236489129149746 -0.9240562730021074 0.06072654478300229 0.3774020284579466 15.372757505146756
0.34447132946095327 -0.008244130985869319 0.9387606390788293 13.540726310670639 0.05969349049925652 0.998130284571343 -0.0131385773029186 -0.6399074756829534 -0.9368971076758744 0.060563762480689905 0.3443193870562091 15.683425469285032
0.31115269899235665 -0.00962942337038183 0.9503111448969368 14.531386629710065 0.06209041513333726 0.9980182336707942 -0.010216927581092368 -0.6559574325243218 -0.9483294671464882 0.0621842380847541 0.3111339619448132 16.006127965432427
0.27840404325387647 -0.009364582617637746 0.9604183949156181 15.72356421088755 0.06273801653300755 0.9979942121844267 -0.008455396376811313 -0.6698485396480536 -0.9584128181433084 0.062608761677439 0.278433139155201 16.35617276385701
0.24604887725905222 -0.006227209551444748 0.9692374176953565 16.668039121435786 0.060100397685562364 0.9981531576017769 -0.008843990481625083 -0.6856025311293893 -0.9673923155564124 0.06042760818371199 0.24596872153100763 16.602961339280697
0.21532403804989192 -0.0044024314347281875 0.9765327322908086 17.623445556013813 0.05995484416371043 0.9981630017641654 -0.008720009773821927 -0.6949513124628534 -0.9747004541392161 0.06042549550159159 0.21519243526247145 16.79986483069067
0.18487298069218422 -0.0042607835610799 0.982753187088922 18.237591659485076 0.06198811403452186 0.9980499421606096 -0.007333939708406384 -0.7085930171231257 -0.9808055132025058 0.0622748639231677 0.18477658562415397 16.915475414656846
0.15419462500548967 -0.004483800562000895 0.9880303199557884 18.856156919595236 0.06373524300181184 0.9979521359028545 -0.0054178636407903194 -0.7200286917533396 -0.9859826755166222 0.06380775798796255 0.1541646314873583 17.017424167127025
0.12385624218875958 -0.0049964197186523245 0.9922875929189457 19.713789832428706 0.06231383844630402 0.9980528088766764 -0.0027524954975547797 -0.7275080414819609 -0.99034166670345 0.06217416250639162 0.12392641650455885 17.1246997576359
0.09445045447595576 -0.005310636454367918 0.9955153985698745 20.435350319455406 0.06282950688444075 0.9980240715080658 -0.0006369891055016644 -0.7363277383139599 -0.9935449485121159 0.06260790549852349 0.09459749180155053 17.198289338196684
0.06744489151628737 -0.005042113266966238 0.9977102603973562 21.09692971201584 0.06571337752968937 0.997838359326946 0.0006005575315551791 -0.7422361689612469 -0.995556597397655 0.06552240646917105 0.06763043418825512 17.24295647720693
0.04211313453986804 -0.004559893917298581 0.9991024428289078 21.768574203854627 0.06960111450663255 0.9975735878490822 0.0016191619263463543 -0.7449231888906456 -0.9966855917282347 0.06947045554314497 0.04232832441718274 17.26613148935125
0.019463524057580582 -0.004176981297145259 0.9998018423960342 22.48812000514053 0.07376736423136337 0.997271738867457 0.0027303535733615557 -0.7480221609610105 -0.9970855265249902 0.0736996043647555 0.019718547382125574 17.264805646613105
-0.0006292335517539721 -0.004295851956714608 0.9999905748161352 23.248169942076395 0.07919037169935425 0.9968500976352846 0.004332190513018923 -0.7463750724811293 -0.9968593125889205 0.07919235127516394 -0.0002870614142842093 17.251486059624952
-0.01853384944937723 -0.005017486534458321 0.9998156436330977 24.172751060144428 0.08374572606045094 0.9964656092197176 0.006553091559295796 -0.7539138583992487 -0.9963147844889162 0.08385174101503871 -0.01804815052993394 17.2426391519005
-0.0339079365647758 -0.004887179498749343 0.9994130113794132 25.005471188051178 0.08699338740072313 0.9961781735282437 0.007822859737954149 -0.753656438347828 -0.9956316599960382 0.08720758030400222 -0.033353194015778805 17.21455617471009
-0.048134240277218125 -0.005654202580048254 0.99882487199014 25.796054578555662 0.08934294925847155 0.9959512865682539 0.009943450147582295 -0.755085104052128 -0.9948371385964302 0.08971658027490265 -0.04743419539787495 17.173699337976696
-0.06139116012387111 -0.006659182918864897 0.9980915693169135 26.728010608763384 0.08947580827442653 0.9959149066470737 0.012148187181135636 -0.7546436942621659 -0.9940951690820568 0.09005084120097344 -0.06054453572960841 17.11421675576066
-0.07346372143989893 -0.006486610789659266 0.9972767948331421 27.59229968557878 0.08911564253732845 0.9959358887978516 0.013042532713860284 -0.7498338040780242 -0.9933083528730441 0.08983111534928469 -0.07258709821823392 17.051204270060342
-0.08453800231105191 -0.0035072718167882782 0.9964140832052006 28.434339205440164 0.08932422256799381 0.9959409252453982 0.011084073437278776 -0.7441344352837247 -0.9924084388133144 0.08994093876396134 -0.08388157191169784 16.979330336579793
-0.0946218440514038 -0.00014864167072516261 0.9955132769250072 29.32135418173122 0.09015283785645242 0.9958897879625249 0.00871757181701497 -0.7467322183573546 -0.9914228020651633 0.09057321975954223 -0.09421952774053648 16.90305257928679
-0.10412097748580562 0.002429287887156321 0.9945616726014341 30.243599437643063 0.09132646570028466 0.9957954902329956 0.00712869513459619 -0.7438366987776973 -0.9903627106823514 0.09157204918526499 -0.10390505809591948 16.811622108308836
-0.11160473151763523 0.0036453298135454082 0.9937459914250861 31.369274004638974 0.09095873085973666 0.9958330408064026 0.006562325705051419 -0.7371693481762139 -0.9895811705884779 0.09112226077542004 -0.11147125372899457 16.69325579690991
-0.11729293817557566 0.004341209266356494 0.9930878715180478 32.280037651609945 0.09056740786859171 0.9958701244871646 0.0063434837339337875 -0.7303593166503534 -0.9889590038450049 0.09068544015454863 -0.11720170501264536 16.583775227975956
-0.12240713884923518 0.006136350069582357 0.9924610005267551 33.411606340402535 0.09139315230197162 0.9958017508322009 0.005115149248174955 -0.721474909470777 -0.9882630136107757 0.09133027015916469 -0.12245406355691676 16.445199050125904
-0.1272467624755556 0.007717519018086546 0.9918410665725105 34.454939878686744 0.09032832792587478 0.9959046401057179 0.003839399694691949 -0.7200820491944343 -0.9877494898068055 0.09007989629271021 -0.12742275177647636 16.32208054095554
-0.13153290699223658 0.008574316656103097 0.9912747225023205 35.62989392416866 0.09056525101724038 0.9958847097387337 0.0034029717574082276 -0.7182089043756199 -0.9871661611331476 0.09022264683813223 -0.13176814604131715 16.169368996374924
-0.13475666062613037 0.007566024467573243 0.9908498360955863 36.82356160842435 0.09002972724345738 0.9959282728949057 0.004639338426751742 -0.7119793073002761 -0.9867802646128278 0.0898311222368135 -0.13488913539760042 16.019022005871005
-0.13719779937640111 0.005481832929959893 0.9905285020401992 38.123466006106405 0.09092840587540804 0.995832240963518 0.007083280492413314 -0.7160660636586816 -0.9863613885646728 0.09103898816059598 -0.1371244463378617 15.848637876520323
-0.13943860091113966 0.004155684770613083 0.9902219987760478 39.39453058121304 0.09076243656247357 0.995835425185532 0.008601514680147275 -0.7125186792358852 -0.9860623999956526 0.0910743445193931 -0.13923507850098735 15.669465900442626
-0.14146359301394348 0.005081945469867452 0.989930414565502 40.73129838047932 0.0930731170871907 0.9956255982075412 0.00818920445153196 -0.6996463541433622 -0.985558444095153 0.09329438366866559 -0.1413177669248438 15.470982721674236
-0.14248302227885531 0.004859263536514356 0.9897853180968922 41.81738184090567 0.0928169196141127 0.9956471378157334 0.008473275204096945 -0.6921091508220691 -0.985435745137972 0.0930761221647083 -0.1423138351923306 15.316448231454482
-0.14305542143918554 0.0062603627518102115 0.9896948793719571 43.17743240819204 0.09455243838397255 0.9954926011062567 0.0073700433067637764 -0.6835310145245408 -0.9851877906229359 0.09463238875202415 -0.14300254615419888 15.11856086869807
-0.14299877645486603 0.0066562437288274195 0.9897004821418617 44.522827976704185 0.09436085482807081 0.9955138800412859 0.006938567666252504 -0.673448674776822 -0.9852143822582609 0.09438119020528321 -0.14298535563793674 14.91905006932529
-0.14264160422627872 0.008050295202339878 0.9897416660376124 45.84692030497749 0.0935016546045533 0.9956046018904409 0.0053774790364101415 -0.6638402838732934 -0.9853480670960714 0.0933095356420306 -0.14276735351019237 14.732189839827138
-0.14148658599879319 0.007912965756131044 0.9899085467634615 47.19441038372424 0.09384248721796166 0.9955721145466975 0.005454569622205867 -0.6617856747662398 -0.9854821832865129 0.09366722858053968 -0.14160267199063803 14.532887976520948
-0.14004570169811656 0.006853388845678796 0.9901213221101806 48.62768712201436 0.0931482249052666 0.9956324242599119 0.006283626288052839 -0.6578454653273662 -0.9857538281096753 0.09310803844813799 -0.14007242249443724 14.328904961417907
-0.1390320728479343 0.007606129264716881 0.9902586679838834 49.906736623391204 0.09400464831063463 0.9955562806536087 0.00555140947385893 -0.6567178172519189 -0.9858160116449721 0.09386074178676057 -0.1391292648425864 14.150046142651785
-0.13803318914531892 0.008366695285132245 0.9903922642591563 51.49793393248216 0.09394036182309892 0.9955668158252088 0.004682269556474773 -0.6509757698559485 -0.985962497823785 0.0936841162506214 -0.13820723297795326 13.94476318614296
-0.13731259264629272 0.00897514177303779 0.9904871017488857 53.02329539197387 0.09507580945536441 0.9954613415719152 0.004160275501618309 -0.6500386049956796 -0.9859542800541818 0.09474262116912303 -0.13754269655944507 13.743538129192784
-0.1364210450154982 0.008827729515433747 0.9906116139378146 54.41143511894352 0.0943351522750932 0.9955319719611486 0.004119690325860998 -0.6441302122591605 -0.9861491659592447 0.09401150990569354 -0.13664427716936176 13.551876290726367
-0.1355460359437845 0.007174972800308679 0.9907450690794486 55.804305940208216 0.09622475392967982 0.9953418092863234 0.005956460173633012 -0.6446388287814063 -0.9860872521593099 0.09614157504400633 -0.13560504665003784 13.364800426689618
-0.13510722781634538 0.005295272160115393 0.99081683326664 57.26476110066415 0.0978914866178101 0.9951646985498234 0.008029919550884142 -0.6397771542128571 -0.9859834145864408 0.09807743294453028 -0.13497230570555577 13.17374329693236
-0.13443869257325122 0.006420835492251768 0.9909011105104164 58.63362718245198 0.09924984278128862 0.995037797163872 0.007017900195785987 -0.6334223361655967 -0.9859389974268613 0.09929025675689394 -0.13440884742480988 12.99337269401402
-0.13399958045279817 0.008342959422518397 0.9909462687081215 60.21613154982796 0.10129650555297605 0.9948420451783315 0.005321945898813297 -0.6316029048878989 -0.9857906118447416 0.10109253272852636 -0.13415352930617197 12.795872633032772
-0.13348834088519865 0.007810495009828623 0.9910196057674232 61.62566666201342 0.10070095483905797 0.9949002781242696 0.005723135744688552 -0.6396551405771338 -0.9859209808814391 0.10056059246022529 -0.13359411177828742 12.61289579789897
-0.13340507157503664 0.007477604199578473 0.991033386074099 62.998864963610984 0.1005532852126425 0.9949134084496206 0.006028807519115565 -0.6357523923450502 -0.9859473229899274 0.10045593622375917 -0.13347839213297333 12.421628437965568
-0.13345634450941013 0.006489075134653045 0.9910334484839969 64.38661359668353 0.10005860418675722 0.9949572056127919 0.006959506259898317 -0.6284388096281327 -0.9859907098134257 0.1000902138227334 -0.1334326394048177 12.245467112061393
-0.13353398780163078 0.006624008551047196 0.9910220969345285 65.87908276334458 0.10105772894364254 0.9948561668646381 0.006967257146945223 -0.6221559911920785 -0.9858782934635222 0.10108080808004054 -0.13351651851115237 12.052643711305873
-0.133929373251447 0.0065448209112656626 0.9909692670813329 67.36270045888064 0.10201187464630183 0.9947570012539657 0.0072170553111237734 -0.6163183862449996 -0.9857263821221491 0.10205720834637809 -0.13389483116581555 11.882610056464413
-0.1338933282214637 0.007466078214073741 0.9909676252703117 68.85906930527699 0.1022786027809834 0.9947356858098929 0.006324775845114599 -0.613968896863046 -0.9857036390675183 0.10220162940199345 -0.1339520917217363 11.685123083853911
-0.13440763477782125 0.008184279145283245 0.9908923277976796 70.284231585466 0.1017236508499678 0.9947970370339521 0.005581573812379033 -0.6132131683148011 -0.9856910705546565 0.10154739131726245 -0.13454085158595214 11.502504909831092
-0.1358484607214348 0.008824615046077327 0.9906903259287967 71.85079456481465 0.10066752126353788 0.9949078491101122 0.004941856103204272 -0.6128286702312554 -0.9856019713262911 0.1004016829957453 -0.1360450519840763 11.311385356265774
-0.13702320244450392 0.009613815594220632 0.9905211842972227 73.40742726788535 0.100551649557471 0.9949227487021371 0.004253220692007717 -0.6187200177226104 -0.9854511696492746 0.10018132892262734 -0.13729418622859596 11.110544964094219
-0.13822641071042813 0.008604808260929263 0.990363275095005 74.79827670690966 0.09917847636841964 0.9950560899093529 0.005196899031925638 -0.6205766252345353 -0.9854222897861354 0.09894106937516793 -0.13839644353648475 10.9230243935634
-0.13931205294506468 0.008269919166146071 0.9902139972456543 76.32912623521915 0.09900508077381136 0.9950710664438119 0.005618425699905128 -0.619443675860027 -0.9852868343204441 0.09881893119923742 -0.13944415710755997 10.708794753245323
-0.14017413613844942 0.007224861456276299 0.9901005064814262 77.9587784011452 0.09618884115128828 0.9953428164650808 0.006354883896020498 -0.6146036982066689 -0.9854435135490066 0.09612741070213651 -0.14021627051056224 10.504893853702297
-0.14209908933609078 0.00817769546092146 0.9898186571826184 79.40348367570611 0.09539662139310688 0.9954243068126462 0.005471200356641415 -0.6050112155598312 -0.98524480888591 0.09520280827533743 -0.14222901201884058 10.297651918618328
-0.1446516349374104 0.009098582795855679 0.9894408119241095 81.07808736354525 0.09457135702079003 0.9955071246787397 0.00467152492382519 -0.605925648138348 -0.9849528734620655 0.09424850399329719 -0.14486219849859075 10.060990681644553
-0.14883368001004937 0.009901318529376731 0.9888126716350504 82.59454194129042 0.09439096826783483 0.9955261806512163 0.00423895594007855 -0.5973894619029076 -0.9843469311193722 0.09396588492309908 -0.14910242005578636 9.838077748407615
-0.15341100868317115 0.009040674560327696 0.9881211102988875 83.98569848336159 0.09289983853916121 0.9956612809730426 0.005313527125852286 -0.6026074776066842 -0.9837858925671832 0.09261144515994545 -0.15358527862779278 9.637695936806605
-0.1586137665248274 0.008220272261183846 0.9873064874661563 85.9253239157174 0.09121471319061533 0.9958109209965686 0.006362839108366423 -0.6037035994548122 -0.9831182783197354 0.0910661119622285 -0.15869913070247624 9.353864708410933
-0.16337482154292068 0.009000989736594555 0.9865230103092276 87.51662807252599 0.09003160700074922 0.9959218851550791 0.0058230928221720615 -0.6089320497148976 -0.9824474425773019 0.08976959871200642 -0.16351893382848354 9.102621209091067
-0.16786544044575546 0.010739600344145343 0.9857514163765632 89.18287545219148 0.09114200792658315 0.9958269491688468 0.004671370267597581 -0.6214518865485454 -0.9815876569594092 0.09062752503248851 -0.1681437581696763 8.833293739645843
-0.17019723450446983 0.012355569848655875 0.9853325536389962 90.6853296224314 0.09097972928251893 0.9958475142403879 0.0032275750834555323 -0.6283141211089301 -0.9812010957121429 0.09019461333668835 -0.17061459931182713 8.526624909277144
-0.17534325513918256 0.012528051883898076 0.984427646296664 93.3783445235023 0.08959550262141014 0.9959728231933848 0.003283499690109433 -0.6374162132393916 -0.9804220462572291 0.0887760292882734 -0.17575957395429503 8.086259655146204
-0.1803305455073549 0.012105943898742259 0.9835315655734392 95.07931361544306 0.08767726447705383 0.9961416300367788 0.0038144726357874324 -0.6424413138613411 -0.9796905591312189 0.08692122312754741 -0.18069617959207288 7.7767083745924435
-0.1865221021734568 0.011589417407800446 0.9823824055860031 96.66938112944445 0.08550078930411495 0.9963280313104741 0.004479849703659096 -0.6397130989942389 -0.9787232093034106 0.08483006206022582 -0.18682810319031354 7.5103209282936705
-0.1919025921491871 0.010418227617005041 0.9813586783942673 98.69580179640886 0.0827457671301798 0.996554948072135 0.005601204779460017 -0.6266062018890238 -0.9779194921610166 0.08227816238992959 -0.19210354199044757 7.112931367983196
-0.197380842951356 0.010474601352387699 0.9802709245725493 100.42528371631083 0.0831246136793434 0.996520556953037 0.006089184729308566 -0.621888888974525 -0.9767963459373054 0.08268653032094313 -0.197564764740608 6.787417647616979
-0.2029136058243401 0.012177127222038819 0.9791209251895204 102.76962920237312 0.0833401529124822 0.9965092188414969 0.004878081224473755 -0.6182461942417458 -0.9756436272963035 0.08258991667586739 -0.20322012247704446 6.319035049310291
-0.20841813056422923 0.013214034061244821 0.9779505468866716 107.12135833395122 0.08287662660378839 0.9965509767761812 0.00419707626976745 -0.6345730752694694 -0.9745221124299274 0.08192398910127749 -0.2087944261584723 5.316004798918698
-0.21432180649326307 0.013113076243061008 0.9766750792832322 109.60389643544696 0.08287448282336994 0.9965484040141456 0.004806095464835968 -0.6377960589229826 -0.9732409688038328 0.08197149314427415 -0.21466879361815744 4.789671807755227
-0.22012303835120195 0.013024972143230323 0.9753851537150353 111.07139599221621 0.08189608138166708 0.9966274462399857 0.005173514810139997 -0.6436469632354604 -0.9720282299611275 0.08101903172607909 -0.2204473557491812 4.481627549493695
-0.22581293088937293 0.013758682652087871 0.9740735182186353 112.43510320945069 0.08154977448045465 0.9966575790806512 0.004827457227283625 -0.6550576642154192 -0.9707513350623517 0.08052557800334849 -0.2261801864927352 4.2153787233596915
-0.23102893517882173 0.014629357739068203 0.972836889207169 114.37397368515224 0.08126559999185583 0.9966831581783524 0.004310969912653184 -0.6607464410059115 -0.9695470764063514 0.0800541322841391 -0.2314515122787712 3.7659561192990783
-0.233861296029911 0.01309200408432881 0.9721818212907839 115.65739201316377 0.08238945993818658 0.9965796688738113 0.006398474697700954 -0.6713065817149357 -0.9687728686902334 0.08159389080328901 -0.23414005610590588 3.420729731853358
-0.23787401797920288 0.012828692275839538 0.9712112932956047 117.96713427584422 0.08426779647284985 0.9964150855101688 0.00747768984192187 -0.6776960121822462 -0.9676336548756662 0.08362058372346728 -0.23810230559510862 2.8409697675282204
-0.24145603284812422 0.013675411525097738 0.9703153957970905 119.91418979405319 0.08545279349195248 0.9963160423320546 0.007222456383527227 -0.6757897753111065 -0.9666420248911523 0.08466006680489577 -0.2417351211614138 2.393164426277959
-0.2449363899211702 0.014084211654529558 0.9694368467695327 122.2577674064434 0.08566435005991829 0.9962982582618114 0.007169359336177268 -0.6759092904152826 -0.9657472671569907 0.08480221439649928 -0.24523621350088984 1.834798797941369
-0.24822562633316747 0.013882495983336475 0.9686027641591669 124.0470001412609 0.08443218837406656 0.9964020699801959 0.007356664022872438 -0.6720465692686767 -0.965015670337986 0.0836073635779283 -0.2485046574164664 1.3685993312763358
-0.2526848807698833 0.014381019669980108 0.9674417487908825 126.65809381976035 0.0828591034031036 0.9965378783007479 0.006828330328565759 -0.6714624680432274 -0.9639941493668638 0.08188677173447388 -0.25300165335697433 0.7176196429565398
-0.25731942827024695 0.014743021121473212 0.9662139282596193 130.46215211411223 0.08198721013239381 0.9966113435491388 0.0066277661308716375 -0.6977206617847789 -0.9628420479026555 0.08092263736057163 -0.25765620030037995 -0.20723144630591772
-0.2611986106053503 0.014358556975975508 0.9651782828365969 132.30366480054835 0.08128522833503601 0.9966650861840052 0.007170609203484625 -0.7003924654029469 -0.961856536845467 0.08032769026553463 -0.2614946743324779 -0.7243311020876539
-0.26526246475823245 0.015082577639079501 0.9640582662070526 134.9327192576443 0.08199994264469239 0.9966079569086999 0.006970626408924687 -0.6901092432838375 -0.9606830040115493 0.08090176807725985 -0.2655994535486069 -1.4686705939972728
-0.26919150991541446 0.015540685879205674 0.9629612754788548 137.12152707668224 0.08106114853983769 0.9966874412413713 0.0065753075311223395 -0.6838158766672945 -0.9596692248826475 0.07982876395216379 -0.2695595430679612 -2.1002059405957683
-0.2729979186786669 0.015663098161752355 0.9618871055134751 140.07981196021345 0.08136081604983071 0.9966610906721821 0.006862066149520424 -0.7127854880393175 -0.9585679704688769 0.08013324962904012 -0.2733607658298249 -2.939679061866161
-0.2769157098198825 0.015100806717129602 0.9607755488621901 141.8310211477406 0.08109481437386393 0.9966765851648838 0.007708155793261994 -0.7104829468924907 -0.9574660937791056 0.08004842422281966 -0.2772200011594119 -3.46767303226776
-0.28140994917581746 0.0150477235196098 0.9594696485672392 141.84820751240338 0.08142697145037245 0.9966451525570476 0.008251557729183888 -0.7104936719024596 -0.9561266071108386 0.08044877812257416 -0.28169115228082825 -3.472353529755031
-0.2854706529520365 0.015682090253976197 0.9582591394546698 143.45370841835074 0.08265355297690577 0.9965436579552234 0.00831432315435652 -0.7212717096249297 -0.9548166821350743 0.08157701780824879 -0.2857801492092845 -3.927558070164737
-0.28924212693334944 0.01672788953141583 0.9571098002417994 145.36725500574659 0.08282594923486203 0.996534946096325 0.007613366018851273 -0.7257835169214901 -0.9536660076465009 0.08147563390743055 -0.2896253907014476 -4.487719505585838
-0.2962433446994901 0.018713493530947468 0.954929152283627 148.23009043916417 0.08232840927419866 0.9965871295221079 0.006010515557215899 -0.706078513663823 -0.9515576250273226 0.08039837330910767 -0.29677295668845954 -5.184714753817595
-0.30023703920269706 0.01980023790962297 0.953659095730503 149.60482868609077 0.08320466740862467 0.9965172747460748 0.0055049481445651255 -0.7118983584416285 -0.9502287638312249 0.08100167721335456 -0.3008388682939844 -5.591796729651877
-0.3036256073889314 0.020425170133281986 0.9525724659902411 151.07213965746567 0.08263688961755235 0.9965673231935764 0.004971399915953231 -0.7136620221029558 -0.9492010508907152 0.08022707004380947 -0.3042712313383354 -6.058785520837398
-0.3070793376918339 0.020265284760488556 0.951468127998159 152.54959866438054 0.08245835876844083 0.9965799528579365 0.0053867087248539525 -0.7155488739393588 -0.9481048989600037 0.08011064720277565 -0.3077001540018996 -6.545466778847398
-0.31073325646308325 0.02049233046749148 0.9502762270623522 154.05914324573848 0.08214467890133811 0.996605951463986 0.0053692862428343325 -0.7146674281275792 -0.9469409142370199 0.07972855133873002 -0.31136194861508654 -7.044107830206066
-0.3144826614417737 0.021216497508833292 0.9490260880955573 155.88079517582 0.08436850284001254 0.996418424117152 0.005681532225070891 -0.7244729024158514 -0.9455065369319415 0.08185465358394323 -0.31514632205630955 -7.637987408613962
-0.3174512733104598 0.02155271305499952 0.9480296248712572 157.5064129076874 0.08662656087952258 0.9962205593794259 0.006358932294687903 -0.7291516010774279 -0.9443095509544281 0.08414319716834431 -0.31811852248263545 -8.175591025922797
-0.32012913789589803 0.021269856933841386 0.9471351161561075 159.19289694920917 0.08734126928094314 0.9961527862271671 0.0071504665752740015 -0.7227066449506026 -0.9433391954914322 0.08501305592592352 -0.3207552689695259 -8.732869529656437
-0.32222147740342727 0.02048140791548972 0.9464427248543633 160.76223306552544 0.08676322699895779 0.9961969924597762 0.007980893109303283 -0.722393707381677 -0.9426799361080511 0.0846880401467295 -0.3227730997394702 -9.274551398426704
-0.32543440562327874 0.020898183643409743 0.9453336519753381 162.75340828731672 0.08586079237749349 0.9962786614101428 0.007533468731037542 -0.7307250080404882 -0.9416583095629388 0.08361874633847864 -0.3260176886180394 -9.932993426300845
-0.3281868396082883 0.0228288834060976 0.9443369316035217 164.38760825006312 0.08545111126252632 0.9963265636818349 0.005611246380649844 -0.7416936562245434 -0.9407398715329984 0.08253617742769387 -0.32893201960846136 -10.49384085769789
-0.33154205221597016 0.0243725978747357 0.9431255717481418 166.01526823721593 0.0841127574834455 0.996448928341569 0.0038180145977283974 -0.7349415482287598 -0.9396834103254955 0.08059472488800845 -0.3324147690450474 -11.05921821370444
-0.33490697868464436 0.025542970728159364 0.9419049167908106 167.67961069032464 0.08371048415204578 0.9964863472980597 0.0027412573026404027 -0.7486860979237467 -0.9385253701799183 0.0797653828107754 -0.3358684463204265 -11.634045465796735
-0.33799570339718177 0.026210533345381905 0.9407826063585546 169.3576032570613 0.08189619315757855 0.9966394887830335 0.0016561837423908954 -0.7591232840899949 -0.937577686397954 0.07760629703859451 -0.33900640794624604 -12.242236631290838
-0.3425483200211067 0.026501362107220747 0.93912636330644 171.98813485073103 0.08263907842898671 0.9965774939947705 0.002020192938679984 -0.7748885626823945 -0.9358586598237603 0.07830055088927304 -0.34356599448040714 -13.131593301631044
-0.3458005827285167 0.02565200161459198 0.9379573187505833 173.83224946940697 0.08226230757926974 0.9966059780558314 0.0030720115741961524 -0.7882921529244655 -0.9346950677821892 0.07822083684379316 -0.3467371208092737 -13.81885181897368
-0.34962058140678576 0.024890852158710317 0.9365606731737108 175.59568009036457 0.08209837957079773 0.9966155453903371 0.004160619925999444 -0.7993248493856765 -0.9332873647106927 0.07834475199483751 -0.3504808050467774 -14.461028196877242
-0.3534057469837683 0.024731494627758668 0.9351431607900054 177.76882166319834 0.08206867102847604 0.9966157924774406 0.004657834280163878 -0.807186754250336 -0.9318632470671133 0.07839206183051192 -0.3542394294929585 -15.276672847069753
-0.3573378517172214 0.024633631660930303 0.9336502792380638 179.67893720023267 0.08084212504476314 0.996716103324922 0.004643295276968894 -0.8188702260990677 -0.9304698869648429 0.07713749778140215 -0.3581558262651275 -15.984281506902496
-0.36096902667439 0.025268809308424286 0.9322354043147459 181.65090589449244 0.08007298157983658 0.9967810316698401 0.0039865428786221456 -0.8283902015422674 -0.9291338328802037 0.0760858868604579 -0.36183042771165463 -16.73488727572301
-0.36429923375967854 0.025894353976631344 0.9309218821760737 183.54584039732714 0.08001921707675853 0.9967868648465374 0.0035876131106863758 -0.8379868934754423 -0.9278378054275075 0.07579860487860088 -0.36520073701722455 -17.452408529286235
-0.36682307368887757 0.02662771884057926 0.9299095639893112 185.62175732773485 0.08066528729405766 0.996735852770165 0.00327890657047669 -0.8426736379912882 -0.9267868924597558 0.07621420072321039 -0.36777364175931737 -18.281322253900502
-0.3693482295941377 0.0262109943374087 0.9289213470857046 187.55222689235325 0.08140044051468635 0.9966724466798315 0.004242913297741677 -0.8535549123908076 -0.9257191007966135 0.07718171937111433 -0.3702527901518466 -19.06101189517501
-0.3722615125019933 0.025627737484095043 0.9277739947752224 189.61046155241576 0.08242165293039848 0.9965821345519147 0.0055425824458410836 -0.8634768557910335 -0.9244609442469426 0.07853195631966832 -0.3731014532250664 -19.885545079275715
-0.3748341909409224 0.026344769535458116 0.9267174771308608 191.66059389729594 0.08355896546433089 0.9964878252247753 0.005469320737252856 -0.8701257754679176 -0.923318595389584 0.07948564208031383 -0.3757190494383872 -20.71284246964259
-0.3776192497032477 0.02703824399514576 0.9255661162851712 193.81648934081397 0.08323684940384463 0.9965179966062672 0.0048486432279521065 -0.8842164491736759 -0.9222121931284999 0.07887214845234795 -0.3785549564378105 -21.58122714154922
-0.38001241335381775 0.027271530074751325 0.9245792715307806 195.6688833227814 0.08285048086543736 0.9965511027424034 0.00465805144495911 -0.8940763457855797 -0.921263460426697 0.0783719546156659 -0.38096124896417854 -22.33834235208976
-0.38243560193206977 0.028399991599989804 0.9235455867752147 197.4800236612356 0.08264393852753062 0.9965727198787829 0.003576788791781459 -0.9108239790561402 -0.9202787565729814 0.0776933360753917 -0.38347197515589426 -23.121702981773325
-0.38503360472287174 0.029578694746423655 0.9224284384445273 199.13367538076832 0.08255309709115885 0.9965835264968808 0.0025021741939923675 -0.9231873293955639 -0.919202975079372 0.07711274558811437 -0.3861599604737569 -23.81684109319598
-0.3882282026805555 0.029558977806967972 0.9210890996393521 200.6984191680945 0.08017838834017373 0.996778893932627 0.0018062817110442173 -0.9334627362668945 -0.9180687821109033 0.07455268902899824 -0.3893476696629215 -24.426828542614807
-0.3913370753474923 0.03030071696898444 0.9197484221294627 202.37651447898944 0.08085935913316955 0.9967242881796143 0.0015676075443174747 -0.9563260126953991 -0.9166880917187938 0.07498373092881794 -0.392505264419409 -25.13495833074691
-0.39371711795515246 0.02958821739905673 0.918755336539731 206.39085449537697 0.08208873558262977 0.9966202593296059 0.003081912431106266 -1.0095748969762763 -0.91555899346767 0.07663286556650516 -0.39481531555340155 -26.899969173984786
-0.39587152336837905 0.028759955918428226 0.9178554362869834 208.12525494042723 0.08260152315340642 0.9965729435879893 0.004399600107544735 -1.0187546251673507 -0.914583361623606 0.07755793346872447 -0.39689046549057394 -27.66397611230833
-0.399275507907282 0.028306497126873473 0.9163939169406287 208.6679872127475 0.08160210820062923 0.9966535787432679 0.004768638741640615 -1.0212611168961812 -0.9131922933985996 0.07668367622018238 -0.40024923370165655 -27.89121148876944
-0.4014465885344427 0.028434378532363906 0.915440944393212 209.46719980531026 0.08021467099197262 0.9967686957080623 0.0042159001526032615 -1.026519239987816 -0.9123629996397853 0.07512425290094647 -0.40243024676876243 -28.263744215341212
-0.4051375350566951 0.02785570109060534 0.9138312960305836 210.69068501901612 0.07847757487253446 0.9969061507012349 0.004404195292116332 -1.0245101823775287 -0.9108813577685683 0.07349956877966145 -0.40607014844592143 -28.80321247163634
-0.40862908194003533 0.0269685870955739 0.9123020161672954 211.7745712371867 0.07744335716682585 0.9969831101340525 0.005215796982405822 -1.0337896035838399 -0.9094090387848444 0.07278305721456514 -0.4094848309265262 -29.286599052085347
-0.4121325758745094 0.02713570350460354 0.9107197118204655 212.59058257565817 0.07685972212499868 0.9970290036267109 0.005074351386589063 -1.0406167395139754 -0.9078762707648597 0.07208896949212705 -0.4129937741173022 -29.65124742973207
-0.4159053003203853 0.026842049536877296 0.9090117081435584 213.81620799738695 0.0762698077045836 0.997072300626479 0.005453783652152841 -1.0476960958473074 -0.906204004404149 0.07159840570905514 -0.4167348925897679 -30.196984352398783
-0.41982923340723166 0.026193222425128504 0.9072250712340812 214.74549555751247 0.07525608749896077 0.9971459697323701 0.006036252217927295 -1.054651324627936 -0.9044777145242684 0.07080840448334791 -0.4206022275065569 -30.629231845360145
-0.42420566930503534 0.026019681429638602 0.9051919831216839 216.1775348743204 0.07464139126949963 0.9971904418895435 0.006315482047218146 -1.077192158397505 -0.9024844668130413 0.07024385227502387 -0.4249559840486353 -31.239651793084587
-0.4282967893232605 0.027033568476107 0.9032336610372944 217.81184177758223 0.07506750731152326 0.9971618712557396 0.005750813836704913 -1.087355901245883 -0.9005147026014733 0.07026655455618736 -0.4291105704936446 -31.96641584759998
-0.43196142829455436 0.027424942465949412 0.9014750118536108 219.364181208821 0.07564978029398264 0.9971169076906168 0.005914654594534023 -1.10175160831544 -0.8987137671178735 0.07075128923376477 -0.43279073449481253 -32.66590646635727
-0.43564369504460004 0.027454671597162947 0.8997004012310873 220.56782789962762 0.07552670169479865 0.9971248562842674 0.00614315156760838 -1.104592000540544 -0.8969449750675852 0.07062762906660278 -0.4364647176043418 -33.24035643404772
-0.43951091368388223 0.027597019488408328 0.8978132106780984 222.05717849173848 0.0744121083453511 0.9972108539886617 0.005775016779398957 -1.123248054773209 -0.8951497052920017 0.06934635680811942 -0.4403386059762216 -33.934758192503224
-0.4434620921636526 0.028172098284916486 0.8958502696835343 223.7784287023569 0.07509567332863322 0.9971593740580135 0.005815717973614492 -1.1240086205783317 -0.8931416531889854 0.06985352966353532 -0.44431798493015134 -34.75745151508635
-0.44679745905530704 0.028697365059986376 0.8941747546315179 225.09256525461615 0.07567829982035715 0.9971153384131187 0.0058135047596490335 -1.1305230648845794 -0.8914285307965075 0.07026708432761525 -0.4476803673851181 -35.402233173584065
-0.45025155104271336 0.02999164163494866 0.892397916971836 226.92326265174478 0.07704263549551413 0.9970133718839437 0.00536363687369502 -1.1339884048594615 -0.8895717919873218 0.07116767325582816 -0.45121745221546494 -36.31900084987762
-0.4533120128974472 0.03224725152314867 0.8907683951129315 228.25454142424582 0.07902588280239944 0.9968640167697908 0.004128185666640839 -1.1265591898200003 -0.8878418377223304 0.07226511495043521 -0.4544388015465166 -37.01244668819321
-0.45610364045205193 0.03303248212372248 0.8893134004900248 230.95526719547772 0.08050775975950833 0.9967448475732674 0.004267253759454866 -1.1462319899069855 -0.8862775918327673 0.07354293957198231 -0.4572783247150702 -38.36380477779037
-0.45893145783894684 0.034948518479023624 0.8877840492270292 232.39487788941761 0.08197833966932018 0.9966291503409189 0.00314460105547637 -1.152427104096192 -0.884681563519258 0.07422221868724946 -0.46024949040956215 -39.115773485193266
