1.0 0.0 0.0 0.0 0.0 1.0 0.0 0.0 0.0 0.0 1.0 0.0
0.9999982695537649 0.0009709102797944741 0.0015868908923908158 -0.010579306333333604 -0.0009635591238659204 0.9999888327921502 -0.004626645092070599 -0.004214478672358386 -0.001591365228531227 0.004625108022712079 0.9999880378946979 0.9449762250057268
0.9999964519570279 -0.0011931537946755675 0.002381692124850458 -0.009656272380170224 0.0012063789986640754 0.9999838200142375 -0.0055591689527177855 -0.0027344695372293138 -0.002375020645574579 0.005562022451908176 0.9999817114243529 1.893583054494182
0.9999931881401373 -0.002921075037764404 0.002256323103530124 -0.008660491802061935 0.002924879147435202 0.999994303718203 -0.0016845216292637128 -0.0013286397291287534 -0.002251389636796095 0.0016911096269338487 0.9999960356886087 2.8144124434182887
0.9999860802509095 -0.004995750695813645 0.0016975804565636415 -0.008281526699614919 0.004988478405940329 0.9999784772027118 0.004261480322517744 -0.0033648283595782997 -0.0017188332131700345 -0.00425295266033097 0.999989478947681 3.7427916151463374
0.9999667511559022 -0.008132715157317068 0.0005962607480484352 -0.00774377427708174 0.008130201253891526 0.9999585283871439 0.004103819366016293 0.002097705838750167 -0.0006296112141144447 -0.004098835198884567 0.9999914015328991 4.713663276791564
0.9999407258189651 -0.010867842005248703 -0.0006594382382196183 -0.0028628687159793637 0.010868742299514931 0.999939984838523 0.0013773750258031106 0.0035747218149326174 0.0006444295677647934 -0.0013844606473001199 0.9999988339889446 5.617583074993581
0.9999336977696887 -0.011391365149747685 -0.0016842994573207867 -0.0005386975581975618 0.011388192757394059 0.9999333827572962 -0.0018812531120806196 -0.0010845568590066824 0.0017056172950737926 0.0018619472539223793 0.9999968120059518 6.524575302445897
0.999937017738018 -0.01090972982861221 -0.002634075220095096 -0.002117869071208066 0.010903393459269096 0.9999376567492236 -0.0024080336261863883 -0.001073580270156196 0.002660181999562937 0.002379161604255663 0.9999936314906165 7.4180109478577005
0.9999361562729248 -0.010722050557372829 -0.00356665248850448 -0.014551607910247913 0.010720120666521737 0.9999423811742709 -0.0005597717616298652 -0.0009373724771665124 0.0035724488833050296 0.0005215010786619575 0.9999934828015641 8.381578768678574
0.9999360413831145 -0.01037386626623941 -0.00450511284610704 -0.01779621674042354 0.010385029782066483 0.9999430440158587 0.002461682498811825 -0.0010762876083982194 0.004479319087938546 -0.002508310784082397 0.9999868219519294 9.303553150194563
0.9999293278997493 -0.010600395610569217 -0.005382454723897171 -0.026171818199323044 0.010620184314124244 0.9999369011267649 0.0036613453998639153 0.0074205610254955996 0.005343303387363288 -0.0037182493061250045 0.9999788116410312 10.241464763738854
0.9999109565873973 -0.01191514558569409 -0.006009010080496545 -0.03552996179835774 0.011942032058288813 0.999918751501449 0.0044585049179083165 0.011819060748704065 0.0059553981222582675 -0.004529867708435198 0.9999720063740536 11.130904324111293
0.999906957587009 -0.011927424403030169 -0.006619117479009925 -0.04555740902507129 0.011956803709331765 0.9999187597374911 0.004416873339241438 0.015143538747089489 0.006565897817316744 -0.004495605871113618 0.9999683387556353 12.031233036196422
0.9998964815989269 -0.012261765340101566 -0.0075282930887870326 -0.0507284223151765 0.012284508738961182 0.9999200952244797 0.002982282902530237 0.018165888921437126 0.007491123489089047 -0.0030744555636112903 0.999967214858497 12.934826877635576
0.9998740615628432 -0.01289660149741182 -0.009248712539592228 -0.05840060928770208 0.012904618722943581 0.9999164057298483 0.000807692959995289 0.024816608835240974 0.00923752290598026 -0.0009269423494077523 0.9999569035455695 13.851184059789981
0.9998435034536524 -0.014010706253054136 -0.010801329168962282 -0.070473859416752 0.014008239746198213 0.9999018335899494 -0.0003039780762322835 0.024504665612054548 0.010804527788787394 0.00015262289613676033 0.9999416177385128 14.719358960375434
0.9998293024348252 -0.01362007111694053 -0.01248437645458201 -0.08232369533806198 0.013609765225210034 0.9999069686825734 -0.0009100936998295635 0.024765243858077844 0.01249561055750789 0.0007400289165209388 0.9999216529678707 15.60498711358514
0.9998292889187491 -0.012261839129155128 -0.013821733661112237 -0.10374350777169189 0.01223828797837819 0.9999235121506113 -0.0017872201166343282 0.02175034988037651 0.013842591071988201 0.0016177606614506275 0.9999028780450914 16.449957713814403
0.9998285113304681 -0.010750149587468486 -0.015079198073721569 -0.12755937118265187 0.010719893882332743 0.9999403647725477 -0.0020858508327585494 0.02520665048425312 0.015100722030783907 0.001923845729793417 0.9998841267925789 17.342362973328303
0.9997994347542057 -0.01117656575211854 -0.01661850303603642 -0.14499632611025712 0.01115932496866195 0.9999370945098752 -0.0011298183010021471 0.021478735941270918 0.01663008512948685 0.0009441404228450506 0.9998612648099979 18.223048989693545
0.9997817690995533 -0.01067742103506173 -0.017955691471147294 -0.16951738096814026 0.01068184030982772 0.9999429362313229 0.0001502287464127457 0.021337880330059816 0.01795306279614568 -0.0003419957908055095 0.9998387722903717 19.143492908504687
0.9997604695446173 -0.010387346240191483 -0.01926412660912613 -0.19143617016850145 0.010402643994742085 0.999945650158928 0.0006940649522235374 0.019956378896840016 0.019255870113934554 -0.0008942965535138783 0.9998141885869747 20.00942396798409
0.9997183095266117 -0.011494181570239514 -0.020765003907628414 -0.2114353697733978 0.011507549387849605 0.9999336484611872 0.0005243874385205569 0.019126707773384558 0.02075759871323413 -0.0007631940315807279 0.999784246540488 20.873370274453606
0.999678228983907 -0.01165869715896691 -0.022528055312308 -0.23266521320338426 0.011663238266198977 0.9999319796598732 7.01899799351343e-05 0.020165663419772394 0.022525704622603556 -0.00033291747161557836 0.999746208693593 21.75283179609596
0.9996546441021736 -0.011752670858660805 -0.023504621942171657 -0.25927744324934215 0.011765967641319352 0.9999306872275573 0.00042748811554975787 0.020881598500807435 0.023497968644541536 -0.0007038951012008818 0.999723636812328 22.625897613814974
0.9996332865668024 -0.01147477083658035 -0.024527984464704285 -0.2853834394717912 0.011537347483192755 0.9999305353566642 0.0024112391809234367 0.022630488124704293 0.02449861221997836 -0.0026933428269568355 0.9996962358155165 23.47290855025167
0.9996006192570978 -0.012591003096145083 -0.025299577503566276 -0.30578151157061395 0.012725261561466177 0.9999057539006614 0.005152769599225245 0.025913638079030146 0.025232314579094015 -0.005472655423402221 0.9996666346055566 24.312282746559188
0.9995848099261027 -0.012525595713048442 -0.025948356730825694 -0.3322612290326764 0.012707788462418367 0.9998956632097322 0.00686839186160531 0.02533395300185224 0.02585961866291435 -0.00719528640176349 0.9996396890761222 25.16019566776965
0.9995754230281323 -0.011845578884466435 -0.026620592386760764 -0.35819207481998777 0.012004471119995294 0.9999110242024107 0.0058169022353548195 0.025904961462894407 0.02654931922402865 -0.006133998645122166 0.9996286849172363 25.97713820828682
0.9995763948234431 -0.010047197376072941 -0.027314551738119905 -0.3895767341595367 0.01013379580954413 0.9999440494476902 0.0030338353030630923 0.033968654623624896 0.027282541931767625 -0.0033093502446672786 0.9996222842187446 26.789829738115348
0.9995611685340013 -0.009519702774891045 -0.028050768581621578 -0.41704205583806814 0.00956004648867778 0.9999534508412765 0.0013044775803578502 0.03626800021241222 0.028037044603100993 -0.0015720717862324003 0.9996056486035999 27.556688968036553
0.9995468923001176 -0.008535060394814092 -0.02886456022935409 -0.44908517523266855 0.008562237516782228 0.9999630087409692 0.0008180699329316578 0.04027423093150005 0.02885651021664505 -0.0010648444796472773 0.9995829970164318 28.336469997083213
0.9995168434894047 -0.008823993791348121 -0.029802964861687282 -0.4764963512079 0.008841262135275026 0.9999608150623992 0.00044768694230061604 0.037665125656474376 0.029797846647569494 -0.0007109664641903699 0.9995556927264513 29.023332712416142
0.99946399400146 -0.008400686952773427 -0.03164100430408251 -0.5059435233903915 0.00839350731647328 0.9999647091928049 -0.00035972750541296864 0.036493800029218544 0.031642909625661395 9.395568818527705e-05 0.999499233337751 29.773581325464434
0.9994015058738946 -0.00844163789011721 -0.03354651705801708 -0.5375924103979911 0.008435988741720678 0.9999643683822326 -0.0003099352720816282 0.03445459053197234 0.0335479381026801 2.6751737416371484e-05 0.9994371091436441 30.508927619384515
0.9993317593631723 -0.008314615611883933 -0.03559356536416667 -0.564658086843556 0.008351274381530825 0.999964739075216 0.0008813753118173744 0.03498823639993105 0.03558498200520797 -0.001178037971590904 0.9993659596375232 31.216809560686176
0.9992645118302141 -0.008669608216731996 -0.03735335714620717 -0.6011116149649788 0.008795215569744507 0.9999562021995398 0.0031996665069008966 0.03552336307285824 0.0373239812962853 -0.003525844018392427 0.9992969973156899 31.9243581553649
0.999201028867946 -0.007676369803492143 -0.039222152616577424 -0.6379036962356772 0.007865641352679923 0.9999581437247461 0.004673594405981625 0.038290686603268134 0.03918463468438957 -0.004978367724530469 0.999219585606413 32.62304546191792
0.9991424477842661 -0.006511650726448937 -0.04088969846406182 -0.6782739706545976 0.0067199227389450975 0.9999651291902646 0.004958128868903201 0.038113019415839736 0.04085598700371548 -0.005228652629003121 0.999151364667856 33.317025510244164
0.9990743230899664 -0.003883587535999245 -0.04284174004607577 -0.7089054831099423 0.004071429357424135 0.9999824744479079 0.00429816938097199 0.03590408151221 0.042824296903893284 -0.004468617782967431 0.9990726255131798 33.99869466870697
0.9989998866043766 -0.002202821904035872 -0.044658416229211934 -0.7437203463819584 0.002364449740152338 0.9999908439632303 0.003566702557451728 0.03823578063882539 0.044650150524592085 -0.0036687280310946564 0.998995948186361 34.69526465768085
0.9989196649531877 -0.0020841616776992706 -0.046423692657004446 -0.7760833287570807 0.002308036660627393 0.9999859630406278 0.004769348853031231 0.039194193141814944 0.0464131009154096 -0.004871343942888956 0.998910453479994 35.3548453016283
0.9988746861841383 -0.0006792462814659639 -0.04742256767645552 -0.8157461725645089 0.0009979793138450656 0.9999770716780142 0.006697772432185329 0.04165037084087285 0.047416930919535694 -0.006737562077882496 0.9988524615374484 36.031591737285495
0.9988777387677862 0.0022657929792606222 -0.04730886995405104 -0.8537491782391393 -0.001928823961895401 0.9999724551953807 0.00716718135998378 0.04723635853656066 0.04732380618967786 -0.007067887428221742 0.9988545951914248 36.667017695574025
0.9989197283576925 0.005411618271525504 -0.04615290549333669 -0.8939086805775767 -0.005174771803304058 0.9999728307457948 0.005249714947167108 0.043120933452338556 0.04618006100664334 -0.005005213074992092 0.9989205923433043 37.34614796181995
0.9989909189705256 0.006907022079533552 -0.04437833773833084 -0.9307756210564291 -0.006817651145775624 0.9999744161358642 0.002164880272145274 0.04535271255791219 0.04439215524480674 -0.0018601397074022997 0.9990124505895767 37.983370987352004
0.9990701451042769 0.007550261666141856 -0.04244807074640237 -0.9579380807327116 -0.007546419036569544 0.9999714939321076 0.0002507646590273727 0.04934089646204024 0.042448754057607965 6.979944486473202e-05 0.9990986429812603 38.61496329632479
0.9991905490507663 0.008623725752112633 -0.03929221350064418 -0.9865305813504486 -0.008586191075554481 0.9999625063565023 0.0011239235014071846 0.049989068070844564 0.03930043270044135 -0.0007856432875641427 0.9992271307136253 39.22960886887981
0.9992639057436562 0.013547038132874303 -0.035890450481422476 -1.0199055589466879 -0.013417635411727679 0.9999025909529723 0.0038439127840938702 0.050843577844913716 0.03593902805990915 -0.0033595183226492664 0.9993483376174449 39.85380163005805
0.9993338244647207 0.017959798827161 -0.03177031486784948 -1.0511597373524824 -0.01773766440477808 0.9998163170920921 0.0072599819469159445 0.05206046212071871 0.031894867019284706 -0.006691614341396308 0.9994688288062464 40.443363534758255
0.9993586989644384 0.02288907640849628 -0.02753690224536161 -1.0759576320830093 -0.022669752370124086 0.9997089612335678 0.008250767041841706 0.054888514571420334 0.02771774037655005 -0.007621221061450963 0.9995867365356307 41.02123478160541
0.9994043919941868 0.026735100228841686 -0.02181961682713315 -1.1020650425479697 -0.026555758696074606 0.9996114659394145 0.008468107375979854 0.059491921263407806 0.02203753486225217 -0.007883627224130526 0.9997260602179917 41.60350418497779
0.9994092696989275 0.03038862177948237 -0.016051271170822546 -1.1176628356502185 -0.030222231013203794 0.9994879571726828 0.010509054161178234 0.06446913099835735 0.016362407904714226 -0.010017740919069524 0.999815941298417 42.18643839839727
0.9993353777039073 0.03525385167791616 -0.009271936758822789 -1.1374429837303355 -0.03514469457786441 0.9993139377472576 0.011683504059124205 0.0652234202872288 0.00967746415218132 -0.011349879556296027 0.999888757273349 42.74507822853122
0.999258065201365 0.038455752854959085 -0.002115231047015673 -1.145803728685853 -0.03842973043263399 0.9991984340645348 0.011209156161710225 0.07012321713524683 0.0025445920889299893 -0.01111955193975108 0.9999349381913613 43.27817312074884
0.9991111096173771 0.04180775674791641 0.005394637600401326 -1.1531417085838918 -0.04186653949124075 0.9990594542370612 0.011287150684505852 0.07174578349982132 -0.004917673246668913 -0.011502972452953411 0.9999217459954488 43.665270245074865
0.9988439891720127 0.04628673729686082 0.012970090414133243 -1.1524855454042022 -0.04642852233334564 0.998862661909243 0.010852417128191372 0.07475554297768294 -0.012453016055616278 -0.01144205374893952 0.9998569906727293 44.1376745683445
0.9985097730655624 0.05048721847030083 0.020718925254231316 -1.152538653733067 -0.050665570524585514 0.9986822152348455 0.00817514140801378 0.07692556946883886 -0.02027888201988906 -0.009212694760756663 0.9997519158267565 44.54670571146359
0.998219696874099 0.05236094435260839 0.028561657498896855 -1.1427349943049079 -0.05252381857485907 0.998607244594002 0.004981919980422982 0.08080510404646954 -0.028261020061147075 -0.006473217969378229 0.9995796177364892 44.898933604086125
0.9979346899969903 0.052835475886168944 0.03653446302455305 -1.1290638622593594 -0.053044998778205295 0.9985806398209668 0.004788933009511753 0.08081922984396019 -0.03622958190802926 -0.006717012924763331 0.999320918990561 45.26000368309994
0.9976773057736825 0.05196214656610843 0.04404462360388454 -1.1049704150245483 -0.052282185417875965 0.9986134451161592 0.006144942730996283 0.08171481769852755 -0.04366424890109143 -0.008433419085912866 0.9990106660143456 45.584979287810945
0.9971976336412575 0.053747623221978444 0.05203914351970361 -1.0890261186690398 -0.054174425035449024 0.9985081626311482 0.006825015095068762 0.08228472751843166 -0.05159468124094396 -0.009625079581885682 0.9986217235323339 45.8746460937508
0.996542447152791 0.05670932324681407 0.06072234909499734 -1.0726527185461021 -0.057231371750643335 0.9983371562823189 0.006891478337297151 0.08569506288307942 -0.06023056624560384 -0.010342874021378772 0.9981309051656067 46.195404526263836
0.9957199020752387 0.06130678738628556 0.06916179893300353 -1.0512927195384965 -0.06188771272076757 0.9980633213984852 0.006286294076551327 0.08623187491908023 -0.06864246226256908 -0.010539653665937157 0.9975856494933831 46.469480938652154
0.994828136719623 0.0650142974642996 0.07803921780865263 -1.036185565842768 -0.06571047798499884 0.997818311096615 0.006383660649101199 0.0850358391352509 -0.077453931300779 -0.011478639532777819 0.9969298517752049 46.653585233462366
0.9941194317995127 0.0644095971365743 0.08705147394110017 -1.009368377582314 -0.06527349017252139 0.9978420729477482 0.007111183870455036 0.08375381531650261 -0.08640559472228435 -0.012751519597516626 0.9961784337901739 46.85184595223698
0.9932173420635092 0.06333843724417255 0.09750668588237266 -0.9811307728890162 -0.06415465388029057 0.9979261302940182 0.0052553650593460755 0.08281582942794603 -0.09697160311038411 -0.011475227399615071 0.9952209942250668 47.05321377006324
0.9920501390482093 0.062058023326780044 0.10947750159371004 -0.9510779459956636 -0.0625119994889185 0.9980439554667944 0.0007161536800857622 0.08323190252817743 -0.10921891564342454 -0.007554117881583133 0.9939890159195456 47.2713595375362
0.990468381675169 0.06297662089084152 0.12250032703198112 -0.9126743008883328 -0.06305244035413098 0.9980048861652652 -0.0032614345993291845 0.08154563956797117 -0.1224613190650825 -0.004493596714008632 0.9924631141364464 47.50833284982379
0.9883173176957054 0.0647437355959382 0.13797510008638852 -0.8745791001686836 -0.06460249797560137 0.9978958850076757 -0.005506354516485635 0.08007048713832401 -0.1380412865706423 -0.0034715105979996747 0.9904203914581379 47.74214327780404
0.9858222007490971 0.0663186989045241 0.15413117363407644 -0.8434647415266296 -0.06605663634035659 0.9977925221813175 -0.0068266737466980455 0.0787583593145178 -0.15424366860783859 -0.003451500348692667 0.9880268102838807 47.91280770614856
0.9829679215464564 0.06696668448619802 0.17114183702287855 -0.7870277845567715 -0.06656653470366057 0.9977492548557801 -0.008082134141601917 0.07446196085130095 -0.17129787409126238 -0.0034478404346016465 0.9852132513969516 48.170601614386385
0.9797009226601749 0.06617732283725997 0.1892264888457617 -0.7528779289296853 -0.06560693671142365 0.9978023570421516 -0.009283648876981541 0.0738095332380053 -0.18942500361395137 -0.0033193709073969595 0.9818895812578088 48.31632882631551
0.9758585034568231 0.06508199177979043 0.20848145139792412 -0.7136042653477728 -0.06446352553727563 0.9978722663205827 -0.009766984362144373 0.07390028299279142 -0.20867351318822155 -0.003908254623310039 0.9779775510917855 48.45761639513719
0.9712814263468976 0.0654414591425247 0.2287570900733645 -0.6573950198998413 -0.06464269522486275 0.9978479391248878 -0.010991466611920613 0.07142119041560421 -0.22898408850311372 -0.004111667485668493 0.9734214818889539 48.65848483099576
0.9660031360671587 0.06757572707117548 0.2495425058366136 -0.5892254225137511 -0.06641768183919297 0.9977063279391567 -0.013068080550434517 0.06546140760961827 -0.24985322220760386 -0.003950227963913245 0.9682756648039401 48.86036510665939
0.9597342605086617 0.06902320034662048 0.2722975339950812 -0.525526471051125 -0.06740633334858503 0.9976082993598974 -0.015299257261508494 0.06236081938781134 -0.2727022835078426 -0.003671356992264546 0.9620914643148254 49.04829998900389
0.9523878944268451 0.07029448440764281 0.29667487930572095 -0.46772892508022 -0.06845298691944347 0.997516157649649 -0.016604331052113643 0.0616462664432935 -0.29710517856645846 -0.004494517743353264 0.9548341804623717 49.199514754666716
0.9438660379393249 0.07300536380174245 0.32216008331401974 -0.38381513003126716 -0.07119265017194444 0.9973104226437083 -0.017422039137943553 0.05358779500373926 -0.3225655111542713 -0.006491359056784919 0.9465248825421237 49.395567570334734
0.933977428358745 0.07503922711054191 0.3493641047833023 -0.2890637679654609 -0.073164359985742 0.9971468054134734 -0.018580228243547336 0.04679164828398901 -0.34976154697774137 -0.008207487335235224 0.9368028060415815 49.608400965636356
0.9228104724751328 0.07563223174918703 0.3777573260849616 -0.22156942748439282 -0.07355263467303659 0.9970917286150882 -0.019952309641516005 0.042421081711048685 -0.3781677429698069 -0.009372846313332867 0.925689639095691 49.741754252435655
0.9102382784695335 0.07362043408996591 0.40748780115878985 -0.14553251022839447 -0.07080071099758989 0.9972474340966797 -0.022018503805322245 0.03635887456524041 -0.40798717593946093 -0.008808341046655515 0.9129451666978423 49.870030858013806
0.8952714548124666 0.0710586843621468 0.4398177867875412 -0.051955293152265464 -0.06690850608544906 0.9974469715647772 -0.024955775477207363 0.032873211846143224 -0.44046824404420365 -0.007085357646310279 0.8977402317461559 50.01883286519488
0.8779380531743469 0.0704001918726646 0.4735700452654605 0.04852516100236534 -0.06423885484543028 0.997507336542288 -0.029197312760925593 0.026413924268318248 -0.4744450909394959 -0.004788165473702295 0.8802720767778629 50.16371957117164
0.8584316767643762 0.07228458737272196 0.507809014055341 0.164495566786277 -0.06370832535031291 0.9973797509737811 -0.03427654633328681 0.018811460949445483 -0.5089560939890213 -0.0029275887406841374 0.8607875020094132 50.318081169006724
0.8366408530438043 0.07418757789775687 0.5427046031717443 0.2839777892098806 -0.06323833122804226 0.9972426259130258 -0.03883372922584371 0.012946663276816149 -0.54408914387408 -0.0018298491079760811 0.8390254198596216 50.46089825392403
0.8122171678690004 0.076829816107642 0.5782736822437337 0.42881822447978085 -0.06399076919689084 0.9970413022687608 -0.04258900125389947 0.0052119561880123386 -0.5798348503465894 -0.0024126597522834974 0.8147304618071363 50.626667693030164
0.7848108269547087 0.08060552900038816 0.614471085234476 0.5779028604677138 -0.06670165876935698 0.9967323487595453 -0.04555780562864186 -0.003327953971639424 -0.6161354190533801 -0.005231981541290264 0.787622861372795 50.79021463856723
0.7550939561833089 0.08494906395645271 0.6500898198467366 0.7454187666484497 -0.0702736121399073 0.9963445691105381 -0.04857076323001911 -0.01284541436715379 -0.6518395023103853 -0.009008670093813939 0.7583034399835541 50.95436940950042
0.7223906770087603 0.08610062866367356 0.686103776053263 0.9215104312664495 -0.06997311977286522 0.9962266217185244 -0.05134472405757891 -0.022823836435881165 -0.6879356599857863 -0.010917871725607734 0.7256895533193969 51.106888511445774
0.6862591242532275 0.08364277793776097 0.7225318678633132 1.149270580032549 -0.06621817469296357 0.9964253841845062 -0.0524557632018836 -0.03663294216529582 -0.7243366397743023 -0.01184649533044689 0.6893446836154321 51.28127936220764
0.6474550942453714 0.0820279878579277 0.7576762568166552 1.3817510172384615 -0.06313417974896222 0.9965463768644989 -0.05393879963131011 -0.05373899168056906 -0.7594840197681221 -0.012912318390611547 0.6503977980825552 51.442444154767536
0.6056155237868385 0.0817594014380415 0.7915461058112077 1.6481103178732992 -0.06124974467757612 0.9965462599855327 -0.05607156575109444 -0.06710876327929402 -0.7933966890057755 -0.014524186219568977 0.6085316276820244 51.607238759919184
0.5598845521131346 0.08132315105379227 0.8245700900516328 1.929814435568413 -0.05747543651126233 0.9965864493047891 -0.059262325805804095 -0.08500200023017976 -0.826574777320792 -0.014212465118883263 0.5626474414163186 51.7654965237492
0.5120611804997759 0.08019060622203063 0.8551975292871937 2.2185499986129793 -0.05446327042659708 0.9966602584942135 -0.0608447311826376 -0.10512369134778761 -0.8572205664819398 -0.015420629429153225 0.5147184711941015 51.90828730182206
0.4638012504198546 0.07824805357083293 0.8824769924600622 2.5411488767277137 -0.05248340918506537 0.9967692908537178 -0.06079862310357182 -0.12330543772265623 -0.8843833398867793 -0.018116923672445273 0.4664095680915585 52.04738943704843
0.4143267582625205 0.07610161099253358 0.90694094746682 3.0295724836693076 -0.05240891224905302 0.9968394620769221 -0.05970253565020615 -0.15322875815468248 -0.9086179853516791 -0.02279543047485916 0.4170056654830046 52.23697571263383
0.3647761836464568 0.07587335461133739 0.9279986906802994 3.430781916574516 -0.05489728187935265 0.9966930191494774 -0.05991088399413757 -0.1697619348453564 -0.9294754565272757 -0.029090542083679546 0.3677351167276414 52.369794041792765
0.3157544244001615 0.07617806630234161 0.9457780107859138 3.8628162815520506 -0.052386817059589315 0.9966511643744805 -0.06278596936703344 -0.189124767989692 -0.9473936694268599 -0.029721352012130206 0.3186877411581483 52.48849593253636
0.26888992481703505 0.07283831341254089 0.9604128218797929 4.3974820970171224 -0.04125965041271845 0.9970922065486295 -0.06406850152614864 -0.22225568925543776 -0.9622867813597523 -0.022398922724146557 0.27111333180256547 52.59519019240855
0.22493777584688157 0.06693945343241682 0.972071039878891 4.939636231546556 -0.028092642002648376 0.9976681704311507 -0.06220148851813904 -0.2549651845244678 -0.9739680695291665 -0.013316579242824353 0.2262937653911399 52.675691647431776
0.18293699978521755 0.06600804166804665 0.9809062098614393 5.488778737718212 -0.01874088956194077 0.9977963326788337 -0.06364948979448362 -0.2826317027389121 -0.9829459970761428 -0.006739208248772544 0.18377091691605893 52.74190327786905
0.1446267592636989 0.06771752730188943 0.9871663674381331 6.009874073711252 -0.015195154818246306 0.9976897901345251 -0.06621321568522191 -0.30354783402595836 -0.9893696011981225 -0.005423942979606357 0.14532161940889668 52.79698085197709
0.1122035390471198 0.0685805887283673 0.9913158269063262 6.537585109886779 -0.006105662726577625 0.9976442743227052 -0.06832732099089799 -0.3316434405096379 -0.9936664866583622 0.0016139271341788115 0.1123579482334681 52.8295977946708
0.08352341693648514 0.06672422360093715 0.9942694387378641 7.1001181102910085 0.001371732080722739 0.9977471385544686 -0.06707283993890246 -0.37006130591760245 -0.9965048706224948 0.006966024061329938 0.08324372249259458 52.849934871024836
0.058582126120896985 0.06509822160395966 0.9961577967587053 7.6521740923622374 0.008458254488553855 0.9978033629588176 -0.0657031719103579 -0.40128688179313876 -0.9982467592885862 0.012274787659137747 0.05790282512762944 52.862324401306424
0.03855599591839923 0.0642141014750669 0.9971910470669555 8.2451286529322 0.013142419198756099 0.9978141669527348 -0.06476237369047634 -0.42999000687068867 -0.9991700115577663 0.015602480577476256 0.037627790308293184 52.87212018963451
0.022613387326064337 0.06581708219152353 0.9975754339424345 8.817612727295387 0.015788606232838204 0.9976826425413274 -0.0661820571226003 -0.462789452225184 -0.999619604963242 0.017246926205818816 0.021521824030161524 52.875581730883056
0.009341515761566025 0.06558887566138347 0.9978030043414144 9.408132339858831 0.01677302674223099 0.9976958791503306 -0.06573886445896425 -0.49483112528383166 -0.9998156838423685 0.01735027711378778 0.008219867814870444 52.87315920066063
-0.0024807503347055236 0.06638770460676009 0.9977908190371483 9.998545109908912 0.017367272682446654 0.9976462589222187 -0.06633490708575417 -0.5317564659894592 -0.9998461000160738 0.017164344891304237 -0.003627884659406927 52.8707868369985
-0.011724816119688328 0.06947490031683266 0.9975147953353507 10.618003791702057 0.02220526509037852 0.9973554524442982 -0.06920280111307667 -0.56474222498654 -0.9996846777305469 0.02133869034397788 -0.013236517864541449 52.859422152007376
-0.018038061878589858 0.07144532070488399 0.9972814018485663 11.218243946326224 0.026605924371002697 0.9971247738884467 -0.07095287229055192 -0.5992016432678667 -0.9994832430371361 0.025253741253349768 -0.0198870671714115 52.839882956331834
-0.02268916037201333 0.0709470189532566 0.9972220026169 11.840813430428454 0.02699387007094961 0.9971585914650787 -0.0703283331664689 -0.6310791295151881 -0.9993780730935655 0.02532319034062229 -0.0245398258096281 52.815762420507966
-0.02619941672528348 0.06831703059837971 0.9973195946603456 12.483048960688468 0.024800377658898434 0.9973994072365169 -0.06767099609302063 -0.6669310842930515 -0.9993490540503018 0.022960961967339932 -0.027825570871115174 52.79592909944331
-0.028761712607302307 0.06139202396704509 0.997699244903556 13.132041629765778 0.0227078748911057 0.9978947135706107 -0.060749428357473614 -0.7030004190898637 -0.9993283325843547 0.020908372032744947 -0.03009524336362018 52.781078212605316
-0.03009164057220344 0.05575316797311919 0.9979910207154349 13.819004883802695 0.02360490654002044 0.9982043565823275 -0.055053345832013774 -0.7400047901689599 -0.9992683831458453 0.021900839276693222 -0.03135365503519912 52.76004714763994
-0.030441519483117973 0.05307772238329962 0.9981262792243081 14.504160764657485 0.026272322382197285 0.998286555303785 -0.05228497467102814 -0.7777503740374062 -0.9991912124154247 0.024631461310801604 -0.03178383465678231 52.73493708971725
-0.030110936307366335 0.05530231015888588 0.998015523930257 15.204596798966566 0.029384965667915118 0.9980856815486515 -0.05441962954909039 -0.8168413509542131 -0.9991145356301202 0.027688025907513732 -0.031678350871781585 52.70605061369415
-0.0293584483130852 0.06257791399498774 0.9976081827013475 15.88635421372519 0.030368019650329623 0.9976335221285868 -0.06168580799364515 -0.8525415307200666 -0.9991075341999812 0.028484385289971752 -0.031189339516690236 52.684570630816786
-0.02717507624897937 0.07085559758530183 0.9971163420191715 16.600253801328115 0.030828699080647864 0.9970696561772713 -0.07001208498205161 -0.883447611066016 -0.9991551964253894 0.028837215908768022 -0.029279829828298295 52.667328270565875
-0.025024984614983044 0.07153930201665883 0.9971238029512638 17.309327646735188 0.031414712724683616 0.9969998430028897 -0.07074198807384574 -0.9207638775610779 -0.9991931074469274 0.029554040657476615 -0.0271972923536661 52.650837113358094
-0.023128201377212908 0.06707362363699063 0.9974799322859884 18.062734133957193 0.030725284481365914 0.9973231902251174 -0.06635066791476041 -0.9654423838601752 -0.9992602479807728 0.029113283074895396 -0.025127147749134094 52.645789673230006
-0.020650625024988434 0.060665654827891644 0.9979445024701434 18.766022657042225 0.030261463257261142 0.9977379495396789 -0.06002689305542994 -1.007825778067426 -0.9993286724234465 0.028959668034383212 -0.02243974375369723 52.637616974223924
-0.017918646644483706 0.059170159958769716 0.9980870775001977 19.50957170784124 0.028423392872674695 0.9978740458075298 -0.05864724581187858 -1.0501343536583327 -0.999435357009165 0.02731814185055257 -0.01956236912537416 52.632195369610955
-0.014646728820511072 0.064626101490783 0.9978020546886858 20.23772491726688 0.03616618851422588 0.9972903575037435 -0.06406207644473172 -1.0926925029237426 -0.9992384500924758 0.03514839734838804 -0.016944321191123556 52.61573832299437
-0.011329262491103931 0.07030976463995062 0.9974608688102425 20.962816846363506 0.03761923471259242 0.9968486652620369 -0.06983932806761764 -1.1324161467014797 -0.9992279224436474 0.036732486460518486 -0.013938559731238205 52.60735406578557
-0.008900600936077745 0.07102766965555489 0.9974346341722246 21.722133947927578 0.03165206185259217 0.9969943308639934 -0.07071386855164706 -1.17420452366597 -0.9994593169726609 0.03094146681011242 -0.011122020867735926 52.61108594330347
-0.005542579570269904 0.06753611154210963 0.9977014350242663 22.473984211869126 0.02714850482369805 0.9973591645124383 -0.06736212325105415 -1.2188348961192341 -0.9996160455382589 0.02671274229322544 -0.0073614469794234545 52.61863605936344
-0.0008800505242786368 0.06368284998664345 0.9979697992066968 23.199496130386795 0.031012848324862775 0.9974918856840097 -0.06362500478066095 -1.274284780191872 -0.9995185985012262 0.03089389279677656 -0.0028528298244912377 52.61656977897037
0.002514977491052269 0.06465424815655943 0.9979045560991948 23.927630284773638 0.035727409235971425 0.9972648066507058 -0.0647028410907686 -1.3237653901476636 -0.9993584077384381 0.035815270643146706 0.0001981697586111002 52.61387672636179
0.005285788625997595 0.06933251812081574 0.997579602021628 24.6517680397369 0.03538732177362968 0.9969557316344105 -0.06947666240535952 -1.3675212392035416 -0.9993596939522286 0.035668909323463276 0.0028162051387783916 52.62518394130352
0.008885094901038157 0.07010238333537815 0.9975002310472418 25.37505641551374 0.03195742058704412 0.9970101480369673 -0.07035259754073622 -1.4102725898384 -0.999449737784759 0.03250262392493434 0.006618238434203103 52.64028730517979
0.012617231936764301 0.06961947251070584 0.997493826800741 26.102825187596537 0.031102823506781535 0.9970631962198093 -0.06998283442277349 -1.4575091216155152 -0.9994365511767923 0.03190786409759181 0.010414815436180573 52.65344667277454
0.016246011470139817 0.0663591999049041 0.9976635323090118 26.844936370849055 0.035272591592374954 0.9971361165756749 -0.06689850000367054 -1.5084015839188258 -0.9992456711908592 0.03627701212013667 0.013858823830536054 52.663705459544474
0.019890427653796235 0.0669571452555066 0.9975575730688347 27.56870347350909 0.03985117837407624 0.9969089638486842 -0.06770820762907527 -1.5567987369273957 -0.9990076348406691 0.041100589988190994 0.01716062448385651 52.670834580281515
0.02325524647758976 0.06754098384661662 0.997445441621896 28.313175419984688 0.042607734525771615 0.9967417665995444 -0.06848672626576771 -1.6091167854710855 -0.9988211924412942 0.04409156628032035 0.020301707147433998 52.68552462088169
0.02592344675760277 0.06747840534006998 0.9973838978652947 29.056622385932446 0.043105116731331806 0.9967157855724459 -0.06855356812217489 -1.6556306252937756 -0.9987341607353706 0.044769494116693065 0.022929644060721104 52.70681694447395
0.029412442341885104 0.06601642252389295 0.9973849508553024 29.78378194276818 0.04421810500588565 0.9967539042494218 -0.06727862627331536 -1.7009280004984177 -0.9985888380235256 0.04608130120431489 0.026397845634509986 52.72917600686155
0.03327496339765511 0.06492562061568061 0.9973351696388508 30.537628794589608 0.046341268716257114 0.9967142849240315 -0.06643132575935644 -1.7518101518412037 -0.9983713054894223 0.048428277029508054 0.030156895717245526 52.74790643869811
0.03620302488541588 0.06550802644980482 0.9971950859585096 31.301687904737985 0.04452764961329837 0.9967524665902393 -0.06709551971771831 -1.7948462934336977 -0.9983519566811407 0.046831814153703875 0.033168535903949914 52.77574388544322
0.03922098178846977 0.06740864380656103 0.9969542563867764 32.06169935877786 0.04173709594810711 0.9967406991518738 -0.06903617512618763 -1.8404721322607884 -0.9983585174722395 0.044317642022058436 0.03627970777497548 52.81184762429284
0.04190105173888327 0.06747544835050012 0.9968406922538204 32.825485156119406 0.043595595746370744 0.996643209168617 -0.06929457157383126 -1.8873197370267394 -0.9981701888429124 0.046361379271768734 0.03881876630348678 52.84613686278155
0.04452932864851096 0.06737886535416394 0.9967332779604079 33.591973000171706 0.04127450375947915 0.9967469534636538 -0.06922373942756176 -1.9325410282292028 -0.9981550752410783 0.04422215807162358 0.04160344343881464 52.88747671729911
0.04693851925462341 0.06787801391318277 0.9965888573716779 34.35466380567553 0.039604011587904595 0.9967776064663838 -0.06975618620089254 -1.9784857993748093 -0.9981123672594833 0.04274316874484417 0.04409902322411756 52.92765402243293
0.049599658254141865 0.06806911634712655 0.996446922470432 35.101420476039664 0.03641823683908284 0.9968881681776596 -0.06991203167498677 -2.0270001949064653 -0.9981049974459629 0.03975645289903545 0.04696635525865207 52.976111707988984
0.052908894878148836 0.07020370576846398 0.996128550207828 35.86014003628811 0.03492667710826311 0.9967853233309418 -0.07210510674152186 -2.074982803503028 -0.9979883646961767 0.03860646174419594 0.05028682772501917 53.02068845378927
0.056228098563395175 0.07388578919057397 0.9956803157076233 36.64134353935699 0.03383072587283914 0.9965443703415323 -0.07586039762298243 -2.1249049055136604 -0.9978446186249955 0.03795007373228993 0.05353418519835499 53.07182471779401
0.059634317493822676 0.07599781232892346 0.9953231036694893 37.395949641200815 0.03408401158221314 0.9963612146191327 -0.07811920479082858 -2.177049025180949 -0.9976382251755945 0.03858318965437641 0.056827010695485694 53.119926331815144
0.062403418608622155 0.07850462902530528 0.994958710986319 38.14695589457025 0.027799001032738475 0.9963781704702911 -0.08036017018311177 -2.2265790220368515 -0.9976637854946624 0.03267360757363765 0.05999505380100087 53.18094761433698
0.06502524318586113 0.07774036765015342 0.9948508194630188 38.89806552010401 0.023902863963274117 0.9965533682188198 -0.07943574375606968 -2.2803332318747715 -0.9975972989352837 0.028945112356764495 0.06294290768372067 53.241636047000604
0.06862594545081226 0.07829973314853736 0.9945650463392787 39.65578960570765 0.025803456250418414 0.9964424966230656 -0.08022800364664379 -2.33859737177406 -0.9973087091049169 0.031168938263293075 0.0663614046794074 53.29370915233871
0.07237329746489884 0.07940307982390579 0.9942118771813868 40.43313294365113 0.02461729005168805 0.9963800465727795 -0.08136824824302198 -2.401918613744768 -0.9970737659995719 0.03036369058769743 0.07015662085167856 53.35533047326552
0.07596413301395336 0.08037007274346344 0.9938662394420339 41.21022815169102 0.020727918209218873 0.9964036133617394 -0.08215955626938547 -2.456811502188322 -0.9968950816922266 0.026841957582873433 0.07402503232669892 53.42551089614247
0.08014679912268903 0.07859032911051904 0.9936800545249407 42.00067001985799 0.019777831809451342 0.9965653355904843 -0.08041373805727314 -2.5100797640233665 -0.9965868391461454 0.02609774070158155 0.07831717545320792 53.49639805595192
0.0850720941467802 0.07854330063010294 0.9932742263461849 42.77083577788452 0.020067273302111423 0.9965508780994442 -0.08052112705027437 -2.572204128078184 -0.99617269754782 0.026782406265257994 0.08320252024393768 53.561811260848714
0.09016442536981958 0.08197555835353504 0.9925474216531711 43.54430486189153 0.01655524883731571 0.996345637891888 -0.08379315956414767 -2.6340976683720823 -0.9957892850064544 0.02398703163032738 0.08847780614312721 53.636559245707765
0.09624193600165579 0.09057370116266471 0.9912284774018303 44.32279408127601 0.01493676571926126 0.9956076916252187 -0.09242411701797694 -2.6952624738930533 -0.995245890614225 0.02370082349626489 0.0944663335855569 53.71954384167996
0.1035200169334843 0.09551744239921375 0.9900303148346545 45.1065038348784 0.013217598182757166 0.9951581072740256 -0.09739423301746072 -2.759413051309011 -0.9945395422970226 0.023168075541424277 0.1017562729434233 53.80556334921956
0.11077080165581127 0.09859808160456489 0.9889429952249166 45.89473429892077 0.009086306894041064 0.994924597052056 -0.10021220089306736 -2.825986738083965 -0.9938044417930305 0.020086425383944076 0.10931270277391793 53.90373232849777
0.11772249440971302 0.09665280077014493 0.9883317511914926 46.71726234781499 0.005516437639407818 0.995173200257775 -0.09797892836967725 -2.903487180063969 -0.9930312095929948 0.016986394319763613 0.11662109235591897 54.01524397619553
0.12535418095274395 0.09500468476799324 0.9875527526111209 47.51820950655786 0.005041803777702343 0.9953305921925877 -0.09639290669038346 -2.9798712461457493 -0.992099243791837 0.017062301066622394 0.12428985618294819 54.12036457837759
0.13234506074446384 0.09154032491646172 0.9869676559091151 48.32064876924433 0.0039034371492267512 0.9956705046882168 -0.09287092802559267 -3.0571948812244893 -0.9911960189967307 0.01614357482410272 0.13141475151950127 54.238743434269466
0.13987583154780583 0.08616691619652533 0.9864126997874629 49.11278093989745 0.001890285020176105 0.9961812995708975 -0.08728828791872069 -3.1231421755504996 -0.9901672477775426 0.014074123007135102 0.13917880761893156 54.35652320792273
0.14680295681525768 0.07872211336277153 0.9860282555474752 49.91972772201478 -0.0012248129397958245 0.9968418375979355 -0.07940308966050803 -3.1924391091866466 -0.9891649972090406 0.010448908176030773 0.1464357490996261 54.48729763431041
0.15427125528135882 0.07617659500848624 0.9850875626901537 50.708885663908724 -0.0015294527005037593 0.9970406140554455 -0.07686139927413649 -3.258891657572716 -0.9880273480872642 0.010350859715713645 0.15393121559578077 54.62021848562237
