1.0 0.0 0.0 0.0 0.0 1.0 0.0 0.0 0.0 0.0 1.0 0.0
0.9999998573222317 -0.0004620405824331595 -0.0002680932979617412 -0.011139298539309091 0.000462480254965588 0.9999985445452193 0.001642260471679236 -0.016367787888661937 0.00026733411677924864 -0.0016423842252219693 0.9999986155523051 1.2281525141314233
0.9999987209406158 -0.0014548158952112198 -0.0006645508583258955 -0.012264624318969628 0.0014559551594327295 0.9999974659080325 0.0017170824345352107 -0.0341083703760322 0.0006620511354737753 -0.0017180477945356889 0.9999983049985984 2.43327556738881
0.9999959744325635 -0.002732454176123777 -0.0007647305689220487 -0.015211707537533137 0.002733058623403923 0.9999959527579284 0.0007904798061274784 -0.056508526427493815 0.0007625675240249385 -0.0007925666774736782 0.9999993951642338 3.695838320537078
0.9999948078426106 -0.003136839571073651 -0.0007379195927392475 -0.017671425099004837 0.003137389892283563 0.9999948002682956 0.0007458022762859836 -0.07191628970253204 0.0007355762936629061 -0.0007481135454347586 0.9999994496266683 4.953515216462605
0.9999928548750872 -0.0036487210768607866 -0.0009884499359695464 -0.016663824637090312 0.0036501207339185307 0.9999923330195548 0.0014179283252435846 -0.08453640569498586 0.0009832687325774 -0.0014215261555743154 0.9999985062218787 6.167650336713638
0.9999867498928354 -0.005084941100903948 -0.0008021301415509075 -0.025866669396979194 0.00508704237458269 0.9999835768650601 0.0026396969597690797 -0.10519990444603136 0.0007886942644946335 -0.0026437424535214844 0.9999961942863567 7.417660499401811
0.999988936057649 -0.004611102871112043 -0.0009303185491727118 -0.0313107433082983 0.00461405914882693 0.9999842319508881 0.0032009854362827074 -0.125504083090892 0.0009155438067284042 -0.003205242565577522 0.9999944440843829 8.683950737574659
0.9999924819607021 -0.0037611535146965403 -0.0009432636500992722 -0.048124067961369046 0.003762478886745401 0.9999919316313994 0.001407275640831282 -0.14315397164833424 0.0009379630597777193 -0.001410814070445858 0.999998564913449 9.966345332328144
0.9999993230621163 -0.0009121090715280412 -0.0007224488568795596 -0.07111302615411637 0.000911477022177662 0.9999992020392953 -0.0008747173318612135 -0.15955506439056774 0.0007232461180070811 0.0008740582441991546 0.9999993564684123 11.249375258611765
0.9999964174631214 0.002631746151926793 -0.0004888487642337223 -0.08323855503705473 -0.002632678063909349 0.9999946997646154 -0.0019155805616833063 -0.17585576530348487 0.000483804851448185 0.0019168606804634497 0.9999980457870893 12.472532275105873
0.9999865534587666 0.005178141671013161 -0.0002824012962559276 -0.0992151402737853 -0.005178676179609163 0.9999847357412404 -0.0019260315543077396 -0.20316996515846422 0.000272423721358317 0.0019274681207110246 0.9999981053241849 13.764655390742666
0.9999803253820977 0.006271769437339491 0.00011728955177816412 -0.1088886066498398 -0.006271651235864465 0.9999798504760938 -0.0009823607199587396 -0.2273761740284831 -0.00012344832838947386 0.0009816057932245344 0.9999995106051686 15.039559048499347
0.9999922447485956 0.0038942905879638936 0.0005873188925644734 -0.11034103065704819 -0.0038953446103645343 0.999990785359524 0.001804296652032933 -0.2501179227447801 -0.0005802870251621659 -0.0018065704687415423 0.9999981997834344 16.310979097944315
0.9999996679243734 -0.00012513813580277778 0.0008052897553165825 -0.11914562571899896 0.00012216148957529 0.9999931646910367 0.003695354891632749 -0.2738539558467928 -0.0008057466807346059 -0.003695255289099447 0.9999928479047411 17.540300901866523
0.9999968378443397 -0.0024585641001571607 0.0005289271093958134 -0.12692323868702282 0.0024577974907089 0.9999959353531446 0.0014451673549420187 -0.2931930915724932 -0.0005324779960715406 -0.0014438627893756809 0.9999988158630134 18.81591264757863
0.9999936303543492 -0.0035150229772155754 0.0006195677518259397 -0.1349441228327885 0.0035153552274826347 0.9999936774758402 -0.0005359906429335498 -0.31086855677659264 -0.0006176798151683927 0.00053816522959821 0.9999996644248593 20.10133792796596
0.9999984040178768 -0.001355879112758484 0.0011634231952797004 -0.14231018109743718 0.0013583478214333885 0.9999968222297811 -0.0021237753023869853 -0.3361656236003949 -0.0011605399156154087 0.0021253522462422584 0.9999970680081685 21.4251529011581
0.999996901596075 0.0014005174633921692 0.0020579963763116167 -0.15015743978959545 -0.0014002896632323743 0.9999990133077115 -0.00011212699190264307 -0.3544256722161611 -0.0020581513815127565 0.00010924485343520108 0.9999978760369708 22.712741805502016
0.9999945867556528 0.0021371522263548153 0.002501807297355682 -0.1491780886595271 -0.00214556042565444 0.9999920433536438 0.0033630045887770997 -0.371864396849831 -0.0024946001386156515 -0.0033683541627413487 0.9999912155416081 23.98180042405884
0.9999961820299221 -2.622356062879569e-05 0.002763193424999066 -0.13893944497894187 1.1741099464398965e-05 0.9999862653238157 0.005241090141721635 -0.3834307402090308 -0.002763292913477317 -0.005241037688467457 0.99998244771407 25.229782674139965
0.9999893976881286 -0.003905185738834708 0.002440089276947675 -0.1422196893828771 0.0038970640315407756 0.9999868805985083 0.003324383070402781 -0.3988154967832641 -0.0024530395977938593 -0.003314838640101742 0.9999914971846121 26.602062255947335
0.9999870582955774 -0.004454175453660871 0.0024583657957673423 -0.14720575041210895 0.0044512242249214705 0.9999893676509477 0.0012046526292220916 -0.42024262452597955 -0.0024637053917355048 -0.0011936943015799892 0.9999962526178073 27.87617126004623
0.9999832587841623 -0.004909418894463456 0.0030626389807031206 -0.15953789585461547 0.004913669350837289 0.9999869730679881 -0.0013818638982631916 -0.4360502327165476 -0.003055814935181765 0.001396889559473578 0.9999943553313894 29.18989607137673
0.999991970540117 -0.0012543330321778301 0.0038059826508300915 -0.16424334829906323 0.0012631535727414688 0.9999965202222968 -0.002316028140830488 -0.4559695051426847 -0.0038030643362561545 0.002320817084958641 0.9999900752056057 30.480730868012287
0.9999911521037524 -0.0001236919976541739 0.004204808497388724 -0.17409563870095937 0.0001422705221787691 0.9999902287566576 -0.0044183877496283466 -0.4865162044877546 -0.0042042208919746684 0.004418946876492548 0.9999813985445903 31.85159084757495
0.999990002074094 0.0008314171471997951 0.004393688357280266 -0.183605850592928 -0.0008146157499501701 0.9999923551850813 -0.0038243917913491302 -0.5101615518491991 -0.0043968344332590776 0.003820774387627168 0.9999830346211109 33.17011967816366
0.999990714378296 0.0008055689909306178 0.004233463804737867 -0.1864923458572886 -0.0007944542402805749 0.9999962352237058 -0.0026264768939571986 -0.5344104464486528 -0.004235563675035036 0.002623089212215615 0.9999875896246613 34.44493082878776
0.9999915216619488 0.0017493820127109502 0.003727769680883572 -0.18745003229625662 -0.0017458494774493989 0.9999980241156693 -0.0009506704787261657 -0.5589020349618405 -0.003729425401077539 0.0009441542938710664 0.9999925999520435 35.78863096198026
0.9999814084239584 0.004715761668766446 0.003865798535846244 -0.19531493793013685 -0.004712829959187464 0.9999886003076427 -0.000767130065313126 -0.5771026870983031 -0.003869372069489346 0.0007488969520002762 0.9999922335264129 37.140261577366246
0.9999655050506612 0.007147491414269572 0.004231084406969234 -0.20895647633342762 -0.007142576906758753 0.9999738005569231 -0.0011754977132415164 -0.597242359465784 -0.004239375414727194 0.001145236318731713 0.9999903580184502 38.51878027678749
0.9999488803091083 0.009174679914125515 0.0042499431800680125 -0.21739092240618263 -0.009172507263688305 0.9999577909871262 -0.0005304287363656377 -0.622086535193012 -0.004254630308035195 0.0004914189863231864 0.999990828272101 39.81278478041949
0.999943250047977 0.009904314259482568 0.003924441684909265 -0.2192210156072313 -0.009902942254358678 0.9999508966243045 -0.0003688833912850962 -0.6499618098451861 -0.003927902518607383 0.00032999893778410603 0.9999922313110768 41.05988027719581
0.9999529372536186 0.00908816711424148 0.0033953639516453166 -0.22419298736596596 -0.009085902611782567 0.9999584899197208 -0.0006817706365653334 -0.6652598069672696 -0.003401419055293968 0.0006508886043705834 0.9999940033282378 42.34629060302374
0.9999613897048018 0.008318962328772758 0.002830894808003471 -0.234320018108359 -0.00831591446657871 0.9999648316892195 -0.0010867158487102117 -0.6860418066188015 -0.002839835598422774 0.0010631324112033078 0.9999954025310572 43.61576435424992
0.9999661817022792 0.007893259358480183 0.0023090925629417366 -0.2424608634362341 -0.007891369122366914 0.9999685210384708 -0.0008265745629371106 -0.712237718038344 -0.0023155442425103526 0.0008083247078406386 0.9999969924284916 44.93234466072753
0.9999655533630709 0.008187644079797657 0.0013618266079684902 -0.24677099270386205 -0.008188125641858866 0.9999664160384371 0.00034841601079069326 -0.7352407656633103 -0.0013589281661481674 -0.0003595548163992751 0.9999990120167991 46.23266398358622
0.9999611370262067 0.008810066610917731 0.000327358468972222 -0.2516924919755236 -0.008810047286654462 0.9999611889545964 -6.0426128380199247e-05 -0.7571508263915906 -0.0003278781220640844 5.7539736449900146e-05 0.9999999445925569 47.58075779176559
0.9999559989375357 0.009349664570066536 -0.0007641735812873642 -0.2568650919869768 -0.009349504835542899 0.9999562698804487 0.00021233489941955202 -0.776531385512927 0.0007661254239711971 -0.0002051809118648453 0.9999996854762652 48.907444882154365
0.9999557995702011 0.00918863303628107 -0.00199196607511019 -0.2644065867213788 -0.009186231033686385 0.9999570715988951 0.0012116595057623256 -0.7983118726343783 0.002003014057754715 -0.0011933072893140755 0.9999972819725056 50.087496532100246
0.9999654317615868 0.007897493907450976 -0.0026009367245533243 -0.2714190261643828 -0.007892173572926596 0.9999667560289626 0.0020494958424137144 -0.8180754623761521 0.0026170361400167787 -0.0020288979508703542 0.9999945173324443 51.35051748570122
0.9999728136799277 0.0066682613058447375 -0.003147410396741437 -0.2800530638968238 -0.006661399258648351 0.9999754239553494 0.0021856910202506475 -0.8407596826177507 0.003161907804699653 -0.002164665442071386 0.9999926582543294 52.69443531751295
0.9999833061203335 0.00448772423983962 -0.003639754359090008 -0.28284480430972914 -0.004482483619103919 0.9999889071238722 0.001446709994492135 -0.8615008579163296 0.003646206419255862 -0.0014303707039973021 0.9999923295797818 54.02690812826595
0.9999864445753155 0.003565621325804815 -0.003794339228425793 -0.28946687408626215 -0.0035590307319991092 0.9999921488300682 0.001742291155811024 -0.8828186028088412 0.0038005217889244265 -0.001728763368392807 0.9999912836676875 55.405729289981636
0.9999903364475587 0.002859363186946735 -0.0033393193412969454 -0.2913244867177174 -0.0028516685497789354 0.9999932734326272 0.0023067457556473162 -0.9063584559368555 0.0033458927030355326 -0.002297200832345413 0.9999917639012619 56.76778395349024
0.9999949390490612 0.001288221319119788 -0.002909013938967501 -0.30192841837515483 -0.0012798226382500703 0.9999950132224967 0.0028871411730747834 -0.9184854524543498 0.0029127187091724624 -0.0028834035395007927 0.9999916009916039 58.10488489341241
0.9999970756631466 -0.0008776762813886869 -0.0022535193586880773 -0.3258710748401295 0.0008833539608992514 0.9999964353565316 0.0025197142714507375 -0.9377183246551524 0.002251299832242863 -0.0025216975582087854 0.9999942863289228 59.46407385452894
0.9999932339803397 -0.0031844018531665586 -0.0018416238429273112 -0.3448107295992584 0.0031876256602846416 0.9999933878183076 0.0017502463579826427 -0.9579785174845006 0.0018360381780297968 -0.001756104923199559 0.9999967725244462 60.838748559025994
0.9999958396721842 -0.0025500669521767616 -0.0013482569719961415 -0.34742201716544113 0.0025519732532269315 0.9999957439022439 0.0014140756389397031 -0.9854066535847771 0.0013446452461277451 -0.0014175104716523572 0.9999980912947916 62.17577945692598
0.9999992517848838 -0.0010562361327823518 -0.000617085816005334 -0.3625116978536764 0.0010570109516850523 0.9999986517964021 0.0012566356775760494 -1.0124104876180433 0.0006157576800394261 -0.0012572870038077702 0.9999990200354553 63.57453651697764
0.9999983963134732 0.0017901710223408513 -5.1557661599463624e-05 -0.3840036806509171 -0.0017900312515286647 0.99999503300503 0.0025941768227592966 -1.0310124811978827 5.620142568754692e-05 -0.002594080372687239 0.9999966337885449 64.89310268594168
0.9999843741173893 0.005568429813069442 0.000494075368681523 -0.37871922283810544 -0.005570319390679427 0.9999768442796647 0.003909276962455052 -1.061557425790355 -0.00047229539362535395 -0.003911968034158662 0.9999922366914467 66.1626259615322
0.9999552266155813 0.00938192972615219 0.0012345682624763563 -0.39301734624394336 -0.009387135459009151 0.9999467773928387 0.0042806622795077565 -1.0745725531854882 -0.0011943416828471586 -0.004292059679283088 0.9999900758365833 67.4708835597874
0.9999075909801396 0.013476431278956737 0.0017875402869057804 -0.400665685969588 -0.01348341486200624 0.9999012766126885 0.003954055130505698 -1.090904895757482 -0.00173407726263441 -0.00397779188741738 0.9999905850295537 68.85256726100387
0.9998637956818084 0.01627367062602923 0.00274913243086225 -0.43443292454890237 -0.016282753705179287 0.9998619332982611 0.003314554697164533 -1.1033638245489952 -0.0026948128958014235 -0.0033588666867763886 0.9999907279560339 70.22172917109239
0.9998305015651073 0.01814067861654689 0.003143870130419951 -0.4253876827684728 -0.018150467123987553 0.9998304190450812 0.0031134699803572973 -1.1252380426424158 -0.0030868565316253364 -0.0031700049635126778 0.9999902111447322 71.45426936678817
0.9998224217651178 0.018498571412126047 0.003595523806775784 -0.43132319550258735 -0.01851139062207869 0.9998222925352275 0.0035653564813296836 -1.1546702561431983 -0.0035289308538761447 -0.003631281497297092 0.9999871801386843 72.81165179611378
0.9998433867672404 0.017308008400302173 0.003692530707982547 -0.43505311025512966 -0.01731982181948312 0.9998449065450126 0.0031916497515353972 -1.1698006562428385 -0.003636716919927172 -0.0032551038708750826 0.9999880892234845 74.15441762371
0.999865045714695 0.01608106934549546 0.0033599950380540917 -0.42662223541868177 -0.016088344877410777 0.9998682634093677 0.0021496478411713498 -1.1844592500635767 -0.0033249837677611733 -0.0022034144959417606 0.9999920446921089 75.54458562111245
0.9998782702102698 0.015344385341640409 0.0028274723350881427 -0.4223117345856787 -0.015350705512150436 0.9998796902643252 0.0022272936934403472 -1.209191499274291 -0.00279295570993793 -0.002270426260606913 0.9999935222605189 76.86084496970052
0.9998868974819205 0.014830343921187665 0.0025006285526984547 -0.43604111747306845 -0.014836640421611254 0.9998867592117373 0.002518502342568644 -1.22888130436291 -0.0024629951236436014 -0.002555318420276172 0.9999937019815641 78.21263558013663
0.9998878659860246 0.014816427969255003 0.0021746071243485287 -0.4476069970666169 -0.014820637042420197 0.9998883010856039 0.0019323741361177565 -1.248140395600261 -0.0021457333408962773 -0.001964386514149062 0.9999957684980743 79.51929436075419
0.9998886115468404 0.014808289502539183 0.0018652240992421032 -0.47700943755373243 -0.014812480611860426 0.9998877496286452 0.0022535662154126272 -1.2661516880019659 -0.0018316432662135495 -0.00228094378996446 0.9999957211800327 80.87473938356555
0.9998975556366783 0.014277500807009368 0.001015481413578104 -0.49216440778393333 -0.01428056268243901 0.9998933001243173 0.0030747188448842933 -1.2913351876716403 -0.0009714737610485849 -0.003088905503249166 0.9999947574370203 82.24215539388838
0.9999237378167946 0.012348545705606555 0.00017880001766106704 -0.5076871530878049 -0.012349175552371043 0.999915327057872 0.004103239930333227 -1.3194273801618832 -0.00012811583231698342 -0.004105135041104685 0.9999915656907458 83.59150403546182
0.9999446463121426 0.010451645669315614 -0.0012113688482561795 -0.5037317206912467 -0.010446061828463117 0.9999351879074441 0.0045276679185410635 -1.3402129084762362 0.001258611917698934 -0.004514763261538315 0.9999890163440467 84.89615971647696
0.9999553646486787 0.009251174050447437 -0.0019195022834160088 -0.5030830148782878 -0.009242463294382101 0.9999471695580902 0.004498329136071521 -1.36855888442719 0.001961015701035873 -0.004480387422172084 0.9999880402014659 86.13062561925082
0.9999652678460607 0.007933027807370504 -0.0025554199974811955 -0.503586912516285 -0.007922853069305472 0.9999607431167048 0.0039674456177873 -1.3892042601199819 0.0025867935360664443 -0.003947061602684783 0.9999888645399546 87.27910075580412
0.9999724223959178 0.00687875156283925 -0.0027995043448598204 -0.513029827783429 -0.006868720543973512 0.9999700119972942 0.003577119542359574 -1.407015838593926 0.0028240265099581194 -0.0035577918809664173 0.9999896834423865 88.57365933178869
0.9999667708405087 0.0075833279771370925 -0.0029917138226223383 -0.5147950238088549 -0.007574884123288108 0.9999673233332602 0.00282372028254692 -1.4262491756579507 0.003013029260404679 -0.002800964567158697 0.9999915380902835 89.76641736427942
0.9999670812305013 0.007530577333306473 -0.003021069409795833 -0.5170083299196421 -0.0075234700030150465 0.9999689202699144 0.0023570942568366324 -1.452123487746343 0.0030387257963566646 -0.0023342877391122874 0.9999926585961955 91.0261187344208
0.9999574236483386 0.008807921097330564 -0.002751620707900795 -0.5310331361325448 -0.008803928112245871 0.9999601789818733 0.0014598973713045647 -1.471168871676323 0.002764369796419056 -0.0014356101432959631 0.9999951486298054 92.26887509029227
0.9999438381118485 0.010308312111139872 -0.0024615693295744565 -0.5357453130838516 -0.010303829869822685 0.9999452456663488 0.0018266798513834604 -1.4970908512846988 0.002480264534020955 -0.001801213670009035 0.999995301947543 93.54212211172772
0.9999384199163277 0.010864458432832626 -0.002262723624061276 -0.5434740040854097 -0.010857193853552232 0.999935943550883 0.0031984584774622906 -1.5189862368096787 0.0022973282011978353 -0.0031736946870979717 0.9999923249431321 94.93338687288993
0.9999245097694425 0.012090390880272625 -0.002190253570266741 -0.5547706966908561 -0.012080557719337805 0.9999171322984691 0.004448444806438072 -1.5395244342470016 0.0022438555055064877 -0.004421649507638211 0.9999877069884927 96.26307723474318
0.9999351608104502 0.011154906623178997 -0.0022895923669971284 -0.5583945128378494 -0.011147958305199508 0.9999332827838031 0.0030253936657537207 -1.5574816288408737 0.0023231875956077033 -0.002999673221436965 0.999992802354078 97.4968019297143
0.9999335990464261 0.011342905053103826 -0.002033716552801448 -0.5761950690012054 -0.011341651800190741 0.9999354849999084 0.0006267155987856625 -1.5796487192912387 0.0020406941231098682 -0.0006036082792699113 0.9999977356097077 98.8710758449478
0.9999418026782113 0.010573406412797607 -0.0021434396371805297 -0.5876586071993203 -0.010574504070452222 0.999943962652607 -0.0005014162601725685 -1.6046772885189777 0.0021380178466078857 0.0005240528902574727 0.9999975771211936 100.12339217773031
0.9999649199259536 0.008074655381198156 -0.0022268493337622157 -0.5890644621138507 -0.0080731323666554 0.9999671722438344 0.0006920754729979878 -1.6252134954779855 0.0022323645022372138 -0.0006740735455068763 0.9999972810830969 101.37634221363601
0.9999813586786555 0.005888462254350275 -0.0016150255317843782 -0.5945949644614353 -0.0058840765230594025 0.9999790246245693 0.002707019461673208 -1.6525540496768043 0.0016309318379390423 -0.002697466065437602 0.9999950318567427 102.68049064853416
0.9999904653893867 0.00432563608934013 -0.0005983333011933524 -0.6020446584867293 -0.004323665897312415 0.9999853527102501 0.0032558068378006158 -1.6723134092901843 0.0006124079727892803 -0.003253188801660329 0.9999945208445381 103.92277428547735
0.999993232871187 0.0036617952289313914 0.0003542139641091294 -0.6097891085923675 -0.003662433291210631 0.9999916410750351 0.001817790539566714 -1.6966768204863698 -0.0003475546265365603 -0.0018190755233580842 0.9999982850835414 105.22197191726434
0.9999843450619003 0.005493037122476118 0.001065914768002224 -0.6159809409978954 -0.0054924988651154985 0.9999847874640673 -0.0005072441831266174 -1.7170367898443544 -0.0010686848638639178 0.0005013817065970378 0.9999993032642812 106.56334128268804
0.9999692445091514 0.007510621488182449 0.0022584509420232536 -0.6256145653304919 -0.007504921805329498 0.9999686581337313 -0.002521685730086983 -1.7426323728184674 -0.002277319584987007 0.002504658676683811 0.9999942702337963 107.81236280754895
0.9999402875869603 0.010391652134112844 0.0033815420195668394 -0.6309873017362218 -0.010383399151527703 0.9999430919210426 -0.002449069506157639 -1.7651129966489754 -0.0034067994608671663 0.0024138113657711804 0.9999912835780747 109.0630236693889
0.9999223008972357 0.011514775981096197 0.00477515470770127 -0.6255443725134945 -0.011512202437715759 0.9999335721667215 -0.0005660820909561214 -1.7853323210062344 -0.004781355812985083 0.0005110655592193913 0.9999884386574602 110.28464586960882
0.9999170568360607 0.011453862018480119 0.005889693809617241 -0.6314829444049888 -0.011463546223632565 0.9999329901977594 0.001613140461049579 -1.807502714857807 -0.005870822454142855 -0.0016805234393051567 0.9999813544685138 111.58470828009118
0.9999200988263823 0.010791376128976788 0.006583476610421548 -0.6233616638113451 -0.010805726861455749 0.9999393090221217 0.002148147890208411 -1.830765139037716 -0.006559895580924649 -0.0022191155007215964 0.9999760213606942 112.8644918442616
0.9999033427060535 0.011713566591382622 0.007489833307163731 -0.6111878865179509 -0.011724617882185468 0.9999302370568625 0.0014333021050847343 -1.8531171257391184 -0.007472521714695454 -0.0015209789995093105 0.9999709235983355 114.12445692547294
0.9998651464980844 0.013993719324225032 0.008594453899960882 -0.606584157932559 -0.014000903697244698 0.9999016811689677 0.0007763318448804885 -1.8738296570005402 -0.00858274513336067 -0.0008965572751960015 0.9999627656423162 115.43342390295581
0.9998127540440689 0.016542008899769742 0.010040856157399228 -0.6127306925915343 -0.016547549819852084 0.9998629699260492 0.0004690049261788355 -1.9036049851353187 -0.010031721974474881 -0.0006350686744013415 0.9999494793448354 116.77477463424403
0.9997933241061993 0.01709824802713297 0.010998135618294448 -0.6022962820356197 -0.01709097462985054 0.999853653583633 -0.0007549845449449381 -1.9182686491951073 -0.011009434993566427 0.0005668596510116702 0.9999392336593561 118.02591059714591
0.999757562385095 0.018549916300848703 0.011862422140679396 -0.5885911506278082 -0.018532152970653075 0.9998269756641845 -0.0016056277535547166 -1.9410730675541825 -0.01189015391340645 0.0013854022672784463 0.9999283498833681 119.20428085876975
0.9997601992394128 0.01767576775978688 0.01292715169213215 -0.5845952338780672 -0.017652663304603397 0.9998423758064169 -0.0018992156366614836 -1.963246780255566 -0.012958684154791093 0.0016705615469987782 0.999914637221146 120.43215493921261
0.9997543441124604 0.01738420831733842 0.01374920832059704 -0.5701456336176585 -0.017372630908436285 0.9998486225923885 -0.000961038720940655 -1.9815853941655734 -0.013763833898410982 0.000721942714684 0.9999050133263337 121.66620281445911
0.9997591650762354 0.016256009458643784 0.014742930595674279 -0.5609872769762752 -0.016254685255490623 0.9998678618967457 -0.00020965036504006992 -2.0016110553441053 -0.014744390571106438 -3.004182266558449e-05 0.9998912951137126 122.89850786880454
0.9997679200917101 0.01535141480799327 0.015114232328790696 -0.5557918799430559 -0.015355197935334807 0.9998820929816377 0.00013427965883000212 -2.022475336365599 -0.01511038887197936 -0.00036633052426807817 0.9998857644501628 124.13741113919323
0.9998004590628244 0.013347246954372179 0.014862471413069879 -0.5206534395010798 -0.013353207584312816 0.9999107963780112 0.0003018839217366997 -2.048910596093306 -0.014857116307533516 -0.0005002853495304407 0.9998895017998715 125.38368879383069
0.9998248325521575 0.011742372328283889 0.014574666519482667 -0.5097010190465835 -0.011756736637504683 0.9999304819072126 0.0009002757614088977 -2.0641321412778235 -0.014563081943274965 -0.0010714685782501848 0.9998933786156408 126.56528105563281
0.9998515034155891 0.01007533466208325 0.013980656244730914 -0.5027584878434695 -0.01008324755116688 0.9999490399446159 0.0004956134214031038 -2.081652387197077 -0.013974950318631075 -0.0006365102423459567 0.9999021430211583 127.81721711297394
0.9998784068893961 0.008812340144134833 0.012865228233791335 -0.49207028603826036 -0.008816103498364529 0.9999611095938598 0.00023583664541598136 -2.09933939441679 -0.012862649627102724 -0.00034922915294363296 0.9999172117148354 129.0731404074867
0.9999019988788393 0.007473086316451433 0.011838311493140203 -0.48044372743342956 -0.007488334146184305 0.999971187988498 0.001244204399281931 -2.1256432296138725 -0.011828672360702525 -0.001332731698042898 0.9999291506583884 130.3364492690708
0.9999222448553421 0.0058769523159123834 0.010998439658889478 -0.47704973500751985 -0.005893141221305515 0.9999815983330852 0.0014400978279836428 -2.150563227832675 -0.010989773883001347 -0.001504801211092323 0.9999384783292007 131.62857091892403
0.9999386902469359 0.005384704242613923 0.00967577942401899 -0.4713015311884412 -0.005399281403090475 0.9999843269701301 0.0014810720531590028 -2.1702162431677503 -0.009667652640271165 -0.0015332235049014184 0.9999520917114543 132.8637057887685
0.9999550949819492 0.0048079091882714435 0.00816651877353532 -0.45481840529113665 -0.0048160592944332305 0.9999879238669712 0.0009786179527397434 -2.1936941871576376 -0.008161715047321801 -0.0010179044465251374 0.9999661745669328 134.12759955866
0.9999616265493649 0.004672969306034026 0.007410046330049842 -0.4556216631119924 -0.0046781766998333155 0.999988822265451 0.000685570508042058 -2.2153973178946065 -0.007406759852578128 -0.0007202097064216995 0.9999723102198713 135.3632777149981
0.9999772917217694 0.002237537812307338 0.0063568439758953975 -0.44951757978149115 -0.0022268316794826167 0.9999960912528876 -0.0016907689427893564 -2.240287116730785 -0.006360602288041574 0.0016765749267909594 0.9999783656835031 136.66146759839455
0.9999803957868519 -0.003228404345477409 0.005365207111851048 -0.4494356415289642 0.0032403485875893497 0.9999922879690385 -0.0022190411168881343 -2.2578069604593995 -0.0053580017732234655 0.0022363827556203205 0.9999831450625406 137.99113292600285
0.9999281839958776 -0.011255006589411682 0.004117241476821154 -0.44610041019390134 0.011254460347179892 0.9999366544152931 0.0001558173434340407 -2.280069033085963 -0.004118734392979839 -0.00010946882231419259 0.9999915119857661 139.21696758390962
0.9998394690040232 -0.017751655575956208 0.002432066213178321 -0.4288160729386431 0.01774777805285709 0.9998412047624042 0.0016067462309399376 -2.3050908759688236 -0.0024602024183360805 -0.0015633245270056408 0.9999957517012187 140.5467924115185
0.9997835178765042 -0.020760336472454472 0.001387736297761894 -0.4202142073617325 0.02076281610839633 0.9997828146263112 -0.001796954406734064 -2.3287348382204938 -0.0013501295236262893 0.0018253787117858526 0.9999974225680931 141.85575364433984
0.9997942036334891 -0.020232807667193715 0.0014777938893110413 -0.4153581951273679 0.02023970868899191 0.9997835638528519 -0.004814524054884655 -2.359273011317457 -0.0013800627020840771 0.0048434433611499175 0.999987318161259 143.20399446163677
0.9998567853768292 -0.01681877844602671 0.0018808050128892155 -0.41519747344481495 0.016831588588807705 0.9998337210154049 -0.0070162629701602365 -2.385196762977434 -0.001762487302127549 0.007046915074895825 0.9999736169651869 144.40165217737842
0.9998523494488598 -0.016991528299768254 0.0025626680692123357 -0.41134513630657377 0.017009298912426907 0.9998302655463398 -0.0070798197747567885 -2.412508616733395 -0.002441936138087942 0.00712236362266784 0.999971654040416 145.59941944125782
0.9997948313349625 -0.02005466632989319 0.0028470325410769343 -0.4016029004737635 0.020065360519114714 0.9997915294626651 -0.0037787460806922176 -2.435629542558774 -0.002770657526879946 0.0038350975347498906 0.9999888076792505 146.83502226181858
0.9996748505331691 -0.02530383845698319 0.0031478517799517157 -0.39567997680507366 0.025306860650775736 0.999679303111666 -0.0009239773674791494 -2.463263349409545 -0.00312346209963667 0.0010033391830754856 0.999994618633019 148.1112535288951
0.9995798269625866 -0.02884709243384657 0.0028310400134521517 -0.38170158391162484 0.028846898049630466 0.9995838356471692 0.00010947970862582555 -2.4816905038277803 -0.0028330200067918257 -2.776698556144477e-05 0.9999959866052648 149.3512281855805
0.9995336433953176 -0.030419766450998278 0.002670866890721307 -0.37582722269979635 0.03042029767480196 0.9995371830857669 -0.00015848768377847174 -2.5005056745973047 -0.002664809610023054 0.0002396623378660831 0.9999964206694478 150.62518647776335
0.9995902667734539 -0.028415427734284154 0.0034441310155405957 -0.37487831141057215 0.02841387096527464 0.999596119354985 0.0005001072111614434 -2.51879045543023 -0.0034569507580029884 -0.0004020412063569727 0.9999939439088249 151.89071621148955
0.9996965609819737 -0.024217717816919716 0.004504231849518558 -0.37080346963943445 0.024219941916042997 0.9997065574041134 -0.00043988271041299303 -2.5429295285429814 -0.004492257160679146 0.0005488414666071871 0.9999897591468864 153.08811887162187
0.9997758817572696 -0.020491221028738668 0.005319409480811811 -0.3789689858308698 0.020506350451613326 0.9997857867194591 -0.002805399242028586 -2.5601505909389526 -0.0052607839367144246 0.00291385217588963 0.9999819166454308 154.46903494902907
0.9998183849540145 -0.017925618539904493 0.006470649728345658 -0.4042501740494653 0.017947777069215826 0.9998332030879307 -0.0033827948802575168 -2.579423888426469 -0.00640893175332994 0.0034983142926273006 0.9999733433401573 155.9015354408389
0.9998478834698159 -0.01602475771837829 0.00688600471940823 -0.4043610591622437 0.016039383019765846 0.9998692098797496 -0.0020739640280869514 -2.607134043233981 -0.006851869326956522 0.002184095811045972 0.99997414047175 157.19329439691649
0.9998762101122299 -0.014267676179257196 0.006633088876750331 -0.40768242216140865 0.014285478961372264 0.9998944606921059 -0.0026443464384159933 -2.624314427916301 -0.00659466014645227 0.0027387759466650685 0.9999745044569225 158.46522439265186
0.9999009075756865 -0.012586419414794875 0.006305321215653473 -0.42014063191298096 0.012619193134281304 0.9999069302415391 -0.0051852501946355305 -2.6419116841350654 -0.006239470647210845 0.005264304441817267 0.9999666774971991 159.74376151518078
0.9999390279974782 -0.00934083827606541 0.005889739192722543 -0.43841738636004457 0.009388166729069402 0.9999234466899757 -0.008059968058622335 -2.6602633572314276 -0.005814001455546621 0.008114770479761745 0.9999501727021886 161.03319857423907
0.9999740717638145 -0.004226797861689543 0.00583009261793679 -0.45223117319510253 0.004280850516343695 0.9999476817682342 -0.009290212332891516 -2.6924976290761524 -0.005790519748176976 0.00931492920906595 0.9999398491783779 162.31540455158202
0.999978945636102 8.503498868034885e-05 0.006488532465812015 -0.4703586089353374 -3.260687786536126e-05 0.999967357380308 -0.00807979644758073 -2.719477240390035 -0.006489007728514101 0.008079414761820636 0.9999463064764061 163.6075126421548
0.9999715331223689 0.002815710516114667 0.0070003370767519205 -0.4783398189309265 -0.0027723819725370877 0.9999769892720959 -0.006191512296078907 -2.74389176929812 -0.007017609500183229 0.006171928434742931 0.999956329274584 164.82858926772857
0.9999688807674564 0.003887527417399927 0.006864737959957073 -0.47447494275488783 -0.0038599977418851375 0.9999844738751431 -0.004019008097178908 -2.7730534432388274 -0.006880255381347211 0.003992385155707448 0.9999683609728143 166.14911450998014
0.9999814712610192 0.0007858975716752955 0.006036513865912495 -0.4652698121377259 -0.0007672701328895696 0.9999949393372057 -0.003087490327222421 -2.7981435322966317 -0.006038909768302393 0.0030828014831241197 0.999977013687728 167.36345594263665
0.999988113290062 -0.0016781933017484714 0.004577875688935399 -0.48456026874456937 0.001691923943025011 0.9999940772976349 -0.002997125793519321 -2.8186030873404175 -0.004572818819109335 0.003004835585040847 0.9999850300335276 168.68986608441048
0.9999953591408397 -0.0018195775142612232 0.002443529097798644 -0.47812225169345096 0.001837094746302844 0.999972494173134 -0.00718581798084638 -2.848571785784593 -0.002430386733691105 0.0071902736269453685 0.9999711961779174 169.95749234472154
0.9999996676819347 -3.069000595192677e-05 0.0008146742556772934 -0.4732272339120045 4.0142491267759935e-05 0.9999326554377093 -0.011605299559733894 -2.8730468670070115 -0.0008142632250838555 0.01160532840613758 0.9999323243739981 171.2551922419348
0.9999867979677669 0.0051324375441852395 0.00024894783917838 -0.482300979211872 -0.005128992273782566 0.9999113887208628 -0.012284467614452035 -2.9116907986975935 -0.0003119750423869294 0.012283028582971084 0.9999245120909895 172.5547481160239
0.9999625127292033 0.008657011733539326 -0.00017112610039755807 -0.4850894912675622 -0.008658394975327806 0.9998983276688458 -0.011329895034660713 -2.947008598520687 7.302566735289808e-05 0.011330951985185458 0.9999358000363633 173.77497938362444
0.9999416711808633 0.010800645236428841 1.7277101119436525e-05 -0.4974389291825974 -0.010800169111249577 0.9999102684241382 -0.007925367318679068 -2.9799188093183884 -0.00010287463159562569 0.007924718445748475 0.9999685936340033 175.183112166222
0.9999343144538155 0.011461410037780543 5.3457674572293356e-05 -0.4928353502940102 -0.01146087883089757 0.9999161146142812 -0.006034234922760534 -3.0014826936368584 -0.00012261403096898053 0.0060332258888131434 0.999981792409829 176.24262434158868
0.9999396904068767 0.010982510420223949 3.7240190600089527e-06 -0.49435090136702553 -0.010982341735570446 0.9999260998493457 -0.005213732835454857 -3.022276069735189 -6.098361904840236e-05 0.005213377498899119 0.9999864083956603 177.53287040431195
0.9999581011809177 0.009146577563546164 0.0003687838483495529 -0.5235421181634968 -0.009144781853687035 0.9999475689642492 -0.0046078506200532355 -3.0473050157342985 -0.0004109105757282592 0.0046042851087095835 0.9999893157984923 178.81357573864608
0.9999790671417141 0.006464919408860088 0.0002647554027878677 -0.5211815976629265 -0.006463794517012992 0.9999709099451369 -0.00404952144539456 -3.0741816271651743 -0.0002909275308279024 0.0040477253528152825 0.9999917656064174 180.19102305412127
0.9999923689958797 0.003855644662935667 0.0006292489496851436 -0.5233147473759368 -0.0038530698956298795 0.9999844039835367 -0.004042974408813809 -3.099545517172631 -0.0006448274086101938 0.004040519016674713 0.9999916291668092 181.4315992948501
0.9999992881915312 0.0004371329804843801 0.0011101942116718694 -0.5339174975250476 -0.000433923817591855 0.9999957320218229 -0.002889229699974725 -3.1303885671659555 -0.001111452450977533 0.002888745903686115 0.9999952098988041 182.83960806442528
0.9999910370315438 -0.0038865998655668614 0.0016793445334129017 -0.5366213054586778 0.0038889275957095753 0.9999914788899854 -0.0013850594122022993 -3.1513069138551297 -0.0016739470518084012 0.0013915778472573322 0.9999976307033747 184.01047555706018
0.9999781476940649 -0.006372725136220086 0.001758553008705265 -0.5293473476925754 0.006375717236650009 0.9999782279598333 -0.0017011278699539804 -3.171185510776951 -0.0017476739010820214 0.0017123027331166607 0.9999970068231633 185.25578645659624
0.9999871129088023 -0.004611049093233293 0.0021242039867645085 -0.5463546045626385 0.004623570145231622 0.9999717417409637 -0.0059277583162075645 -3.1986934511589813 -0.0020968107758494274 0.0059375033307812975 0.9999801745228589 186.54927715446198
0.9999934724280661 0.002570836365494061 0.0025388780277214914 -0.5589503215002752 -0.002543078175789455 0.9999376140243905 -0.010876617700407695 -3.2327164338160808 -0.0025666816416567905 0.01087009013720014 0.9999376246975408 187.89593792569346
0.9999260740683664 0.011598312924585776 0.0036504158018420365 -0.5668026881197028 -0.011558247731325763 0.9998747499017648 -0.01081163346884295 -3.273018452274101 -0.003775355295102052 0.010768641798606425 0.9999348894034098 189.2533141909188
0.999797553880069 0.019531489664015113 0.004834476903903166 -0.5810610040643479 -0.019496433129998478 0.9997840352260747 -0.007195276386254296 -3.308557618564415 -0.00497396729355962 0.007099564674792757 0.9999624272095383 190.61784110473923
0.9997774912189749 0.02035642048964709 0.005530298069781171 -0.5865711862293251 -0.0203278491367768 0.9997799781925019 -0.0051743361770315984 -3.334477291004048 -0.005634412246578475 0.005060765776952464 0.9999713206129397 191.995791226953
0.9998195160254625 0.018325007183034724 0.0050129319116706305 -0.5841983867119263 -0.018301663924315464 0.9998216344713997 -0.004663511610384723 -3.365647933394144 -0.005097496661179028 0.004570924926151234 0.9999765608118567 193.48028455895536
0.9998813508180785 0.014921598888699513 0.0038249408908992305 -0.5860856136253118 -0.014903842847190546 0.9998782146976487 -0.00462938888288669 -3.3991221024538727 -0.00389355295332679 0.004571833291745307 0.99998196913032 194.88735472594595
0.9999178462551219 0.01246226896864032 0.00299876519105094 -0.604517114897688 -0.012446564228396101 0.9999090176466412 -0.005199948830271595 -3.4229762299714444 -0.003063295517282906 0.005162197311445863 0.9999819838074543 196.28304221774798
0.9999142962713276 0.012835423565390273 0.002579149881715873 -0.6207418722574429 -0.012820256476800657 0.9999009168287404 -0.005813565937818193 -3.4479974521318493 -0.0026535139126038654 0.005780002330564873 0.9999797750139623 197.84400824618209
0.9999034913212975 0.013669778409410914 0.0024789517375480154 -0.6400014979542148 -0.013655455373584353 0.9998904815531467 -0.005705562019324869 -3.4723466574288007 -0.0025566740151094294 0.005671160168247907 0.9999806504929618 199.34485514138035
0.999882050809865 0.015174258643398459 0.002371991332498713 -0.6426981841778928 -0.015162536826985039 0.9998731139243033 -0.004884007400424173 -3.5058942921831493 -0.0024458015513375004 0.004847465929774507 0.9999852599557814 200.8297195539382
0.9998979349035005 0.014130659305021376 0.0021081374054039252 -0.6573796436954108 -0.014119084296216455 0.9998856957763578 -0.0054080348061987995 -3.531563837431707 -0.0021843155337507732 0.005377717864869638 0.9999831543162191 202.26613233114736
0.9998998823333922 0.014067468585475092 0.0015269699619895364 -0.6472062889379117 -0.014057480080154677 0.9998809231159855 -0.006366069628925991 -3.567322196155853 -0.0016163426196825514 0.0063439669230657275 0.9999785705304965 203.63217189958732
0.9999137775509144 0.013061205739023776 0.0013573387576877205 -0.6747087901642678 -0.013051726679887389 0.999891888173488 -0.006772325710568376 -3.5960546093177355 -0.0014456467527530457 0.006754026169582353 0.999976146333485 205.17481902226186
0.9999123624203056 0.013206459776353947 0.0009256885105923429 -0.6784998865264004 -0.013199986372417491 0.9998905541345728 -0.006681325633763134 -3.6380223532339033 -0.001013823856047403 0.006668521022830612 0.9999772512355257 206.6714491154561
0.9999120458290515 0.013257921402076859 0.0003579470025253141 -0.6782145939679839 -0.013255145388759779 0.9998884676130456 -0.006881384683179656 -3.670005809737709 -0.0004491399371089756 0.006876034797135028 0.9999762589275738 207.9903929345071
0.9999151214493646 0.013027691752857442 -0.00017071758585094482 -0.6817029912608454 -0.013028563170884128 0.9998910160807561 -0.0069435223550524915 -3.705039983714975 8.024091145845596e-05 0.0069451572037904025 0.9999758788854917 209.48620515472135
0.999902475657946 0.01394773311660348 -0.0007070459801034258 -0.6909102355079456 -0.013952398673016113 0.9998775217746005 -0.00709027652155199 -3.7458744956016066 0.000608066097720778 0.007099450034393882 0.9999746137101835 210.89833496700285
