1.0 0.0 0.0 0.0 0.0 1.0 0.0 0.0 0.0 0.0 1.0 0.0
0.9999998573222317 -0.0004620405824330673 -0.0002680932979617495 -0.011139298539313598 0.00046248025496568 0.9999985445452191 0.0016422604716792195 -0.016367787888633765 0.00026733411677924007 -0.0016423842252219854 0.999998615552305 1.2281525141314238
0.9999987209406158 -0.0014548158952111799 -0.0006645508583259068 -0.01226462431897522 0.001455955159432769 0.9999974659080324 0.0017170824345351923 -0.03410837037600386 0.000662051135473764 -0.0017180477945357069 0.9999983049985982 2.4332755673888102
0.9999959744325633 -0.0027324541761237276 -0.0007647305689220625 -0.015211707537538866 0.002733058623403971 0.9999959527579282 0.0007904798061274601 -0.05650852642746817 0.0007625675240249245 -0.0007925666774736961 0.9999993951642334 3.695838320537078
0.9999948078426104 -0.0031368395710736235 -0.0007379195927392555 -0.017671425099004698 0.003137389892283588 0.9999948002682953 0.0007458022762859652 -0.0719162897025147 0.0007355762936628979 -0.0007481135454347768 0.999999449626668 4.953515216462605
0.999992854875087 -0.0036487210768608455 -0.0009884499359695395 -0.016663824637075907 0.003650120733918469 0.9999923330195545 0.001417928325243571 -0.08453640569500752 0.0009832687325774068 -0.0014215261555743284 0.9999985062218785 6.1676503367136375
0.9999867498928351 -0.005084941100904295 -0.0008021301415508874 -0.025866669396967558 0.005087042374582341 0.99998357686506 0.0026396969597690762 -0.10519990444606893 0.0007886942644946539 -0.0026437424535214866 0.9999961942863566 7.41766049940181
0.9999889360576486 -0.004611102871112397 -0.0009303185491726771 -0.03131074330830125 0.0046140591488265745 0.9999842319508883 0.0032009854362827256 -0.1255040830908697 0.0009155438067284394 -0.003205242565577503 0.9999944440843828 8.683950737574659
0.9999924819607017 -0.0037611535146968825 -0.0009432636500992556 -0.04812406796137231 0.0037624788867450585 0.9999919316313998 0.001407275640831313 -0.14315397164833168 0.0009379630597777356 -0.0014108140704458265 0.9999985649134487 9.966345332328144
0.9999993230621157 -0.0009121090715282837 -0.0007224488568790695 -0.07111302615411992 0.0009114770221774178 0.9999992020392955 -0.0008747173318617934 -0.15955506439056158 0.0007232461180075676 0.0008740582441985739 0.9999993564684122 11.249375258611765
0.999996417463121 0.002631746151926637 -0.0004888487642332247 -0.083238555037058 -0.0026326780639095056 0.9999946997646156 -0.001915580561683886 -0.17585576530347766 0.00048380485144868115 0.0019168606804628714 0.9999980457870893 12.472532275105873
0.9999865534587663 0.005178141671013029 -0.00028240129625543175 -0.09921514027378726 -0.005178676179609296 0.9999847357412407 -0.0019260315543083188 -0.20316996515845767 0.0002724237213588132 0.001927468120710449 0.9999981053241851 13.764655390742666
0.9999803253820972 0.006271769437339158 0.00011728955177863673 -0.10888860664985191 -0.0062716512358648 0.9999798504760946 -0.000982360719959287 -0.22737617402850446 -0.00012344832838900066 0.0009816057932239908 0.9999995106051687 15.039559048499347
0.9999922447485952 0.0038942905879641846 0.0005873188925649477 -0.11034103065705883 -0.0038953446103642438 0.9999907853595247 0.001804296652032387 -0.2501179227447973 -0.0005802870251616908 -0.0018065704687420892 0.9999981997834345 16.310979097944315
0.999999667924373 -0.0001251381358025141 0.0008052897553170578 -0.11914562571900898 0.00012216148957555455 0.9999931646910375 0.0036953548916322035 -0.27385395584681044 -0.0008057466807341326 -0.003695255289099998 0.9999928479047412 17.540300901866523
0.9999968378443392 -0.0024585641001568775 0.000528927109396276 -0.12692323868703284 0.002457797490709182 0.9999959353531456 0.0014451673549414506 -0.29319309157251766 -0.0005324779960710806 -0.0014438627893762542 0.9999988158630135 18.81591264757863
0.9999936303543486 -0.0035150229772154024 0.0006195677518263733 -0.13494412283279944 0.0035153552274828056 0.999993677475841 -0.0005359906429341153 -0.31086855677659153 -0.0006176798151679616 0.0005381652295976414 0.9999996644248594 20.10133792796596
0.9999984040178761 -0.0013558791127584236 0.001163423195280119 -0.14231018109744475 0.0013583478214334458 0.9999968222297821 -0.002123775302387551 -0.33616562360040286 -0.0011605399156149913 0.0021253522462416925 0.9999970680081686 21.4251529011581
0.9999969015960741 0.001400517463392124 0.0020579963763120465 -0.1501574397895996 -0.0014002896632324222 0.9999990133077122 -0.0001121269919032151 -0.35442567221616317 -0.002058151381512326 0.00010924485343462645 0.9999978760369709 22.712741805502016
0.999994586755652 0.002137152226355023 0.002501807297356123 -0.14917808865952906 -0.0021455604256542336 0.9999920433536444 0.0033630045887765277 -0.37186439684982064 -0.0024946001386152088 -0.003368354162741926 0.9999912155416081 23.98180042405884
0.9999961820299216 -2.6223560628519434e-05 0.002763193424999556 -0.13893944497894567 1.174109946467522e-05 0.9999862653238165 0.005241090141721065 -0.38343074020903656 -0.0027632929134768264 -0.005241037688468035 0.9999824477140699 25.229782674139965
0.9999893976881279 -0.003905185738834491 0.0024400892769481835 -0.14221968938288124 0.0038970640315409933 0.9999868805985092 0.003324383070402207 -0.3988154967832775 -0.0024530395977933523 -0.003314838640102326 0.9999914971846121 26.602062255947335
0.999987058295577 -0.004454175453660612 0.0024583657957678562 -0.1472057504121123 0.00445122422492173 0.9999893676509487 0.0012046526292215135 -0.42024262452600364 -0.0024637053917349926 -0.0011936943015805768 0.9999962526178074 27.87617126004623
0.9999832587841613 -0.00490941889446317 0.003062638980703615 -0.15953789585461767 0.004913669350837574 0.9999869730679894 -0.0013818638982637716 -0.43605023271657445 -0.0030558149351812705 0.0013968895594729887 0.9999943553313896 29.18989607137673
0.9999919705401159 -0.0012543330321776527 0.00380598265083058 -0.16424334829906398 0.0012631535727416418 0.9999965202222981 -0.0023160281408310737 -0.45596950514271334 -0.0038030643362556636 0.0023208170849580495 0.999990075205606 30.480730868012287
0.9999911521037513 -0.00012369199765404487 0.004204808497389218 -0.1740956387009612 0.00014227052217889312 0.9999902287566589 -0.004418387749628929 -0.4865162044877742 -0.00420422089197417 0.004418946876491962 0.9999813985445908 31.851590847574954
0.9999900020740928 0.0008314171471999853 0.004393688357280776 -0.1836058505929224 -0.0008146157499499846 0.9999923551850827 -0.0038243917913497127 -0.5101615518491964 -0.004396834433258562 0.003820774387626583 0.9999830346211115 33.17011967816366
0.9999907143782951 0.0008055689909313468 0.004233463804738386 -0.18649234585728489 -0.00079445424027985 0.9999962352237066 -0.002626476893957782 -0.5344104464486318 -0.004235563675034512 0.0026230892122150237 0.9999875896246619 34.44493082878776
0.9999915216619478 0.001749382012711692 0.0037277696808840884 -0.18745003229625098 -0.0017458494774486607 0.9999980241156701 -0.0009506704787267462 -0.5589020349618242 -0.003729425401077017 0.0009441542938704757 0.9999925999520441 35.78863096198026
0.9999814084239579 0.004715761668767252 0.003865798535846762 -0.19531493793013116 -0.004712829959186662 0.9999886003076432 -0.0007671300653137089 -0.577102687098289 -0.0038693720694888216 0.0007488969519996838 0.9999922335264135 37.140261577366246
0.9999655050506597 0.00714749141427036 0.004231084406969738 -0.20895647633341713 -0.007142576906757972 0.9999738005569244 -0.0011754977132420897 -0.5972423594657752 -0.004239375414726679 0.0011452363187311322 0.9999903580184506 38.51878027678749
0.9999488803091068 0.009174679914126429 0.004249943180068531 -0.2173909224061718 -0.009172507263687395 0.9999577909871276 -0.0005304287363662159 -0.6220865351929948 -0.004254630308034666 0.0004914189863226009 0.9999908282721017 39.81278478041949
0.9999432500479749 0.00990431425948273 0.003924441684909767 -0.21922101560722534 -0.00990294225435852 0.9999508966243063 -0.000368883391285665 -0.649961809845167 -0.003927902518606868 0.00032999893778353374 0.9999922313110777 41.05988027719581
0.9999529372536168 0.00908816711424166 0.0033953639516458188 -0.2241929873659541 -0.009085902611782395 0.9999584899197226 -0.0006817706365659021 -0.6652598069672481 -0.003401419055293455 0.0006508886043700114 0.9999940033282387 42.346290603023746
0.9999613897047999 0.008318962328772956 0.002830894808003989 -0.23432001810837436 -0.00831591446657852 0.9999648316892212 -0.0010867158487107937 -0.6860418066188015 -0.0028398355984222455 0.0010631324112027232 0.999995402531058 43.615764354249926
0.9999661817022772 0.0078932593584804 0.002309092562942252 -0.2424608634362812 -0.0078913691223667 0.9999685210384724 -0.0008265745629377032 -0.7122377180383287 -0.002315544242509828 0.0008083247078400427 0.9999969924284924 44.93234466072754
0.9999655533630688 0.008187644079797936 0.0013618266079693288 -0.24677099270391753 -0.008188125641858588 0.9999664160384385 0.0003484160107894189 -0.7352407656632846 -0.0013589281661473146 -0.0003595548164005533 0.9999990120168 46.23266398358623
0.9999611370262046 0.00881006661091803 0.0003273584689730646 -0.25169249197556703 -0.00881004728665417 0.9999611889545981 -6.042612838148061e-05 -0.7571508263915624 -0.00032787812206322794 5.7539736448616614e-05 0.9999999445925579 47.5807577917656
0.9999559989375335 0.009349664570066649 -0.0007641735812865242 -0.25686509198699775 -0.009349504835542794 0.9999562698804504 0.00021233489941826318 -0.7765313855129059 0.0007661254239720504 -0.0002051809118661362 0.9999996854762662 48.90744488215438
0.9999557995701989 0.009188633036281204 -0.0019919660751093475 -0.2644065867214145 -0.009186231033686262 0.9999570715988969 0.0012116595057611145 -0.7983118726343459 0.002003014057755568 -0.001193307289315291 0.9999972819725065 50.08749653210026
0.9999654317615845 0.007897493907451217 -0.002600936724552467 -0.27141902616440844 -0.007892173572926363 0.9999667560289643 0.0020494958424125114 -0.8180754623761339 0.0026170361400176425 -0.0020288979508715638 0.9999945173324453 51.35051748570123
0.9999728136799254 0.006668261305844997 -0.0031474103967405794 -0.28005306389685436 -0.006661399258648101 0.9999754239553512 0.0021856910202494393 -0.8407596826177328 0.0031619078047005144 -0.002164665442072602 0.9999926582543304 52.69443531751296
0.9999833061203312 0.004487724239839751 -0.003639754359089153 -0.282844804309758 -0.0044824836191038 0.999988907123874 0.0014467099944909323 -0.8615008579163123 0.003646206419256718 -0.001430370703998512 0.9999923295797827 54.026908128265966
0.9999864445753133 0.0035656213258058274 -0.003794339228424912 -0.2894668740862827 -0.00355903073199811 0.9999921488300698 0.0017422911558098268 -0.8828186028088406 0.003800521788925306 -0.0017287633683940094 0.9999912836676883 55.40572928998165
0.9999903364475567 0.002859363186947797 -0.003339319341296063 -0.2913244867177381 -0.0028516685497778863 0.9999932734326288 0.002306745755646118 -0.9063584559368584 0.0033458927030364134 -0.002297200832346619 0.9999917639012628 56.76778395349025
0.9999949390490592 0.0012882213191208942 -0.002909013938966617 -0.30192841837517664 -0.0012798226382489764 0.9999950132224984 0.0028871411730735817 -0.9184854524543572 0.002912718709173343 -0.002883403539502005 0.9999916009916048 58.10488489341243
0.9999970756631438 -0.0008776762813877102 -0.0022535193586872195 -0.3258710748401576 0.0008833539609002148 0.999996435356534 0.0025197142714495297 -0.937718324655157 0.002251299832243714 -0.0025216975582100076 0.9999942863289236 59.46407385452896
0.9999932339803369 -0.003184401853165488 -0.0018416238429264649 -0.3448107295992896 0.003187625660285698 0.9999933878183102 0.0017502463579814303 -0.9579785174844994 0.0018360381780306342 -0.0017561049232007852 0.999996772524447 60.838748559026016
0.9999958396721813 -0.00255006695217613 -0.0013482569719953142 -0.34742201716545085 0.0025519732532275487 0.9999957439022464 0.0014140756389384719 -0.9854066535847918 0.001344645246128566 -0.001417510471653602 0.9999980912947923 62.175779456926
0.9999992517848809 -0.0010562361327816883 -0.0006170858160045059 -0.3625116978536964 0.001057010951685703 0.9999986517964049 0.0012566356775748312 -1.0124104876180575 0.0006157576800402513 -0.0012572870038090006 0.9999990200354559 63.57453651697766
0.9999983963134703 0.0017901710223413774 -5.155766159863075e-05 -0.38400368065093504 -0.00179003125152815 0.9999950330050323 0.002594176822758077 -1.0310124811978958 5.620142568838125e-05 -0.0025940803726884724 0.9999966337885454 64.8931026859417
0.9999843741173866 0.005568429813069757 0.0004940753686823312 -0.3787192228381241 -0.005570319390679119 0.9999768442796668 0.003909276962453846 -1.061557425790375 -0.0004722953936245389 -0.003911968034159882 0.9999922366914472 66.16262596153221
0.9999552266155777 0.009381929726152365 0.0012345682624771385 -0.39301734624395834 -0.009387135459008981 0.9999467773928417 0.004280662279506536 -1.0745725531855084 -0.0011943416828463624 -0.004292059679284326 0.9999900758365841 67.47088355978741
0.9999075909801359 0.013476431278956837 0.0017875402869065536 -0.40066568596959984 -0.01348341486200614 0.9999012766126916 0.003954055130504473 -1.0909048957575052 -0.001734077262633615 -0.003977791887418617 0.9999905850295544 68.85256726100388
0.9998637956818047 0.01627367062602929 0.0027491324308630055 -0.43443292454890725 -0.01628275370517922 0.9998619332982642 0.0033145546971633036 -1.1033638245490234 -0.0026948128958006394 -0.0033588666867776264 0.9999907279560345 70.2217291710924
0.9998305015651038 0.01814067861654696 0.003143870130420711 -0.4253876827684832 -0.018150467123987487 0.9998304190450845 0.0031134699803560826 -1.1252380426424418 -0.0030868565316245454 -0.0031700049635138994 0.9999902111447329 71.45426936678818
0.9998224217651142 0.01849857141212607 0.0035955238067765334 -0.43132319550262604 -0.018511390622078662 0.9998222925352305 0.003565356481328586 -1.1546702561432562 -0.0035289308538753645 -0.003631281497298198 0.999987180138685 72.8116517961138
0.9998433867672364 0.017308008400302017 0.0036925307079833 -0.43505311025516485 -0.017319821819483276 0.9998449065450158 0.0031916497515343057 -1.169800656242906 -0.0036367169199263867 -0.0032551038708761816 0.999988089223485 74.15441762371002
0.9998650457146914 0.016081069345495 0.003359995038054861 -0.4266222354187225 -0.016088344877411242 0.9998682634093708 0.002149647841170244 -1.184459250063667 -0.003324983767760374 -0.00220341449594287 0.9999920446921096 75.54458562111246
0.9998782702102659 0.01534438534163909 0.0028274723350888947 -0.4223117345857395 -0.015350705512151753 0.9998796902643281 0.0022272936934392253 -1.2091914992743797 -0.002792955709937148 -0.0022704262606080368 0.9999935222605196 76.86084496970054
0.9998868974819165 0.01483034392118644 0.002500628552699218 -0.43604111747310914 -0.014836640421612472 0.99988675921174 0.0025185023425675266 -1.2288813043630176 -0.0024629951236428095 -0.002555318420277292 0.9999937019815648 78.21263558013665
0.9998878659860205 0.014816427969253783 0.002174607124349293 -0.4476069970666593 -0.01482063704242141 0.9998883010856066 0.0019323741361166377 -1.2481403956003752 -0.0021457333408954867 -0.0019643865141501828 0.999995768498075 79.5192943607542
0.9998886115468363 0.014808289502537944 0.00186522409924286 -0.4770094375536755 -0.014812480611861654 0.9998877496286478 0.0022535662154115066 -1.2661516880021833 -0.0018316432662127667 -0.002280943789965584 0.9999957211800334 80.87473938356558
0.9998975556366742 0.014277500807008242 0.0010154814135788738 -0.49216440778385784 -0.014280562682440127 0.9998933001243199 0.0030747188448831853 -1.2913351876718762 -0.0009714737610477922 -0.003088905503250282 0.9999947574370212 82.24215539388841
0.9999237378167906 0.012348545705605639 0.00017880001766185902 -0.5076871530877215 -0.012349175552371956 0.9999153270578744 0.004103239930332132 -1.319427380162129 -0.00012811583231617317 -0.004105135041105792 0.9999915656907467 83.59150403546185
0.9999446463121384 0.010451645669314885 -0.0012113688482553767 -0.5037317206911631 -0.010446061828463846 0.9999351879074466 0.004527667918539968 -1.3402129084764833 0.001258611917699748 -0.004514763261539428 0.9999890163440477 84.89615971647699
0.9999553646486744 0.00925117405044672 -0.001919502283415199 -0.5030830148782169 -0.009242463294382821 0.9999471695580927 0.004498329136070429 -1.3685588844274392 0.001961015701036689 -0.0044803874221731954 0.9999880402014668 86.13062561925085
0.9999652678460563 0.007933027807369384 -0.0025554199974803793 -0.5035869125162252 -0.0079228530693066 0.9999607431167072 0.003967445617786189 -1.389204260120243 0.002586793536067265 -0.003947061602685912 0.9999888645399554 87.27910075580415
0.9999724223959137 0.006878751562838081 -0.002799504344858988 -0.5130298277833771 -0.0068687205439746934 0.9999700119972967 0.0035771195423584703 -1.407015838594204 0.002824026509958954 -0.0035577918809675405 0.9999896834423873 88.57365933178872
0.9999667708405047 0.00758332797713594 -0.0029917138226214835 -0.5147950238087923 -0.0075748841232892725 0.9999673233332628 0.0028237202825458093 -1.426249175658194 0.003013029260405535 -0.002800964567159824 0.9999915380902842 89.76641736427945
0.9999670812304973 0.007530577333305185 -0.0030210694097949813 -0.5170083299195773 -0.007523470003016348 0.999968920269917 0.0023570942568355174 -1.4521234877465716 0.003038725796357517 -0.002334287739113418 0.9999926585961961 91.02611873442083
0.9999574236483341 0.008807921097328988 -0.0027516207078998544 -0.5310331361324734 -0.008803928112247452 0.999960178981876 0.00145989737130365 -1.471168871676573 0.002764369796419996 -0.0014356101432968888 0.999995148629806 92.2688750902923
0.999943838111844 0.0103083121111383 -0.00246156932957352 -0.5357453130837753 -0.010303829869824258 0.9999452456663515 0.0018266798513825538 -1.4970908512849446 0.002480264534021893 -0.0018012136700099521 0.9999953019475435 93.54212211172775
0.999938419916323 0.01086445843283103 -0.002262723624060361 -0.5434740040853382 -0.010857193853553826 0.9999359435508857 0.0031984584774613876 -1.518986236809971 0.0022973282011987555 -0.0031736946870988885 0.9999923249431326 94.93338687288995
0.9999245097694378 0.012090390880271066 -0.0021902535702658416 -0.5547706966907835 -0.01208055771933936 0.9999171322984718 0.004448444806437141 -1.5395244342473007 0.0022438555055073954 -0.004421649507639158 0.9999877069884932 96.2630772347432
0.9999351608104455 0.011154906623177465 -0.0022895923669962047 -0.5583945128377772 -0.011147958305201038 0.9999332827838057 0.0030253936657527866 -1.5574816288412028 0.002323187595608632 -0.002999673221437912 0.9999928023540785 97.49680192971432
0.9999335990464214 0.011342905053102342 -0.0020337165528005155 -0.5761950690011322 -0.011341651800192223 0.9999354849999108 0.0006267155987847222 -1.5796487192915667 0.002040694123110803 -0.0006036082792708554 0.9999977356097083 98.87107584494782
0.9999418026782068 0.010573406412796103 -0.002143439637179606 -0.5876586071992442 -0.010574504070453728 0.9999439626526094 -0.0005014162601735124 -1.6046772885192875 0.0021380178466088085 0.0005240528902565272 0.9999975771211941 100.12339217773034
0.9999649199259489 0.008074655381196599 -0.002226849333761277 -0.5890644621137735 -0.008073132366656967 0.999967172243837 0.0006920754729970456 -1.6252134954782977 0.0022323645022381505 -0.0006740735455078252 0.9999972810830974 101.37634221363604
0.9999813586786508 0.005888462254349462 -0.0016150255317834124 -0.5945949644613604 -0.005884076523060226 0.9999790246245718 0.0027070194616722523 -1.6525540496771287 0.0016309318379400097 -0.0026974660654385703 0.9999950318567432 102.68049064853419
0.9999904653893823 0.004325636089339705 -0.00059833330119237 -0.6020446584866691 -0.004323665897312854 0.9999853527102524 0.003255806837799642 -1.6723134092905183 0.0006124079727902669 -0.003253188801661316 0.9999945208445385 103.92277428547737
0.9999932328711825 0.0036617952289309187 0.00035421396411011014 -0.609789108592302 -0.0036624332912111182 0.9999916410750374 0.0018177905395657349 -1.696676820486711 -0.00034755462653557285 -0.0018190755233590725 0.9999982850835417 105.22197191726437
0.9999843450618955 0.005493037122475577 0.0010659147680031835 -0.6159809409978249 -0.005492498865116052 0.9999847874640696 -0.0005072441831276047 -1.7170367898447092 -0.0010686848638629474 0.0005013817065960488 0.9999993032642815 106.56334128268807
0.9999692445091466 0.007510621488181797 0.002258450942024193 -0.6256145653304179 -0.007504921805330156 0.9999686581337335 -0.0025216857300879745 -1.7426323728188269 -0.0022773195849860504 0.0025046586766828247 0.9999942702337964 107.81236280754898
0.9999402875869555 0.010391652134112148 0.0033815420195677736 -0.630987301736146 -0.010383399151528397 0.9999430919210447 -0.0024490695061586344 -1.765112996649336 -0.0034067994608662066 0.0024138113657701937 0.9999912835780748 109.06302366938893
0.9999223008972311 0.011514775981095425 0.004775154707702209 -0.6255443725134087 -0.011512202437716525 0.9999335721667237 -0.0005660820909571289 -1.785332321006584 -0.0047813558129841125 0.000511065559218391 0.9999884386574606 110.28464586960885
0.9999170568360561 0.01145386201847942 0.005889693809618173 -0.6314829444048901 -0.011463546223633256 0.9999329901977616 0.0016131404610485783 -1.8075027148581349 -0.005870822454141883 -0.0016805234393061554 0.9999813544685139 111.5847082800912
0.9999200988263779 0.010791376128976165 0.006583476610422473 -0.6233616638112314 -0.010805726861456361 0.9999393090221238 0.0021481478902074178 -1.8307651390380348 -0.006559895580923682 -0.00221911550072259 0.9999760213606944 112.86449184426162
0.9999033427060489 0.011713566591381976 0.007489833307164644 -0.6111878865178243 -0.011724617882186096 0.9999302370568645 0.0014333021050837308 -1.853117125739448 -0.007472521714694492 -0.0015209789995103105 0.9999709235983356 114.12445692547297
0.9998651464980797 0.013993719324224397 0.008594453899961782 -0.6065841579324259 -0.014000903697245305 0.9999016811689695 0.0007763318448794858 -1.8738296570008746 -0.008582745133359713 -0.0008965572751969967 0.9999627656423165 115.43342390295584
0.9998127540440641 0.016542008899769096 0.010040856157400127 -0.6127306925914073 -0.016547549819852694 0.999862969926051 0.0004690049261778446 -1.9036049851356531 -0.010031721974473917 -0.0006350686744023213 0.9999494793448357 116.77477463424405
0.9997933241061944 0.017098248027132362 0.010998135618295341 -0.6022962820354889 -0.017090974629851107 0.9998536535836348 -0.0007549845449459323 -1.9182686491954464 -0.011009434993565463 0.0005668596510106906 0.9999392336593566 118.02591059714595
0.9997575623850902 0.018549916300848 0.011862422140680293 -0.5885911506276884 -0.018532152970653734 0.9998269756641863 -0.001605627753555707 -1.9410730675545105 -0.011890153913405477 0.0013854022672774749 0.9999283498833684 119.20428085876979
0.999760199239408 0.017675767759786267 0.012927151692133054 -0.5845952338779239 -0.01765266330460397 0.9998423758064185 -0.0018992156366624614 -1.9632467802559013 -0.01295868415479011 0.0016705615469978189 0.9999146372211463 120.43215493921265
0.9997543441124556 0.017384208317337647 0.013749208320597941 -0.5701456336175221 -0.017372630908437017 0.9998486225923899 -0.0009610387209416233 -1.9815853941659192 -0.013763833898409999 0.0007219427146830498 0.999905013326334 121.66620281445915
0.9997591650762304 0.016256009458642945 0.014742930595675182 -0.5609872769761515 -0.016254685255491414 0.9998678618967471 -0.00020965036504104993 -2.0016110553444624 -0.014744390571105447 -3.0041822666547046e-05 0.9998912951137128 122.89850786880459
0.9997679200917052 0.0153514148079925 0.01511423232879159 -0.5557918799429162 -0.015355197935335534 0.9998820929816391 0.0001342796588290433 -2.0224753363659445 -0.015110388871978376 -0.00036633052426902186 0.9998857644501629 124.13741113919328
0.9998004590628196 0.01334724695437142 0.014862471413070774 -0.5206534395009389 -0.013353207584313534 0.9999107963780125 0.0003018839217357439 -2.048910596093653 -0.014857116307532534 -0.0005002853495313838 0.9998895017998716 125.38368879383073
0.9998248325521524 0.011742372328283186 0.014574666519483552 -0.5097010190464456 -0.011756736637505349 0.9999304819072138 0.0009002757614079376 -2.064132141278162 -0.014563081943273997 -0.0010714685782511357 0.999893378615641 126.56528105563285
0.9998515034155839 0.010075334662082576 0.013980656244731809 -0.5027584878433383 -0.010083247551167521 0.9999490399446169 0.0004956134214021259 -2.0816523871974226 -0.013974950318630101 -0.0006365102423469271 0.9999021430211587 127.81721711297398
0.9998784068893909 0.008812340144134095 0.01286522823379223 -0.4920702860381054 -0.00881610349836524 0.9999611095938608 0.0002358366454150244 -2.099339394417131 -0.01286264962710176 -0.0003492291529445831 0.9999172117148358 129.07314040748676
0.999901998878834 0.007473086316450722 0.011838311493141112 -0.48044372743326186 -0.007488334146184997 0.9999711879884992 0.001244204399280992 -2.1256432296142265 -0.011828672360701549 -0.0013327316980438334 0.9999291506583886 130.33644926907087
0.9999222448553369 0.005876952315911646 0.010998439658890387 -0.47704973500736164 -0.005893141221306242 0.9999815983330864 0.0014400978279827121 -2.1505632278330276 -0.010989773883000377 -0.0015048012110932523 0.9999384783292008 131.62857091892408
0.9999386902469312 0.005384704242613716 0.009675779424019919 -0.4713015311883065 -0.005399281403090674 0.9999843269701308 0.0014810720531580588 -2.1702162431681034 -0.009667652640270186 -0.0015332235049023675 0.9999520917114544 132.86370578876856
0.9999550949819446 0.004807909188271242 0.008166518773536253 -0.45481840529097367 -0.0048160592944334335 0.9999879238669722 0.0009786179527388164 -2.193694187157983 -0.008161715047320824 -0.001017904446526071 0.9999661745669329 134.12759955866005
0.9999616265493608 0.004672969306034289 0.007410046330050793 -0.45562166311189223 -0.004678176699833054 0.9999888222654515 0.0006855705080411131 -2.215397317894978 -0.007406759852577142 -0.0007202097064226541 0.9999723102198714 135.36327771499816
0.9999772917217651 0.0022375378123076183 0.006356843975896346 -0.449517579781388 -0.002226831679482349 0.999996091252888 -0.0016907689427903025 -2.240287116731154 -0.006360602288040599 0.0016765749267900032 0.9999783656835033 136.6614675983946
0.9999803957868477 -0.0032284043454771315 0.005365207111851996 -0.4494356415288576 0.0032403485875895917 0.999992287969039 -0.0022190411168890724 -2.2578069604597686 -0.005358001773222503 0.0022363827556193686 0.9999831450625409 137.9911329260029
0.9999281839958734 -0.01125500658941146 0.0041172414768221 -0.4461004101937941 0.011254460347180048 0.9999366544152936 0.00015581734343310264 -2.280069033086332 -0.004118734392978893 -0.00010946882231515362 0.9999915119857664 139.21696758390968
0.9998394690040188 -0.017751655575955975 0.0024320662131792972 -0.42881607293853446 0.017747778052857224 0.9998412047624046 0.001606746230939016 -2.305090875969194 -0.002460202418335116 -0.001563324527006592 0.999995751701219 140.54679241151857
0.9997835178764999 -0.02076033647245413 0.0013877362977628468 -0.42021420736161924 0.020762816108396562 0.9997828146263116 -0.0017969544067349828 -2.3287348382208544 -0.0013501295236253551 0.001825378711784904 0.9999974225680934 141.8557536443399
0.9997942036334847 -0.020232807667193042 0.0014777938893119993 -0.41535819512725375 0.020239708688992473 0.9997835638528525 -0.004814524054885556 -2.359273011317805 -0.0013800627020831345 0.0048434433611489885 0.9999873181612592 143.20399446163682
0.9998567853768244 -0.016818778446027 0.0018808050128901585 -0.41519747344469987 0.016831588588807317 0.9998337210154057 -0.007016262970161141 -2.3851967629777815 -0.0017624873021266198 0.007046915074894901 0.9999736169651873 144.40165217737848
0.999852349448855 -0.016991528299768584 0.00256266806921327 -0.41134513630644115 0.017009298912426474 0.9998302655463406 -0.007079819774757683 -2.4125086167337453 -0.0024419361380870193 0.0071223636226669254 0.9999716540404162 145.59941944125788
0.9997948313349585 -0.020054666329894246 0.002847032541077894 -0.4016029004736307 0.020065360519113555 0.9997915294626655 -0.00377874608069316 -2.435629542559135 -0.002770657526879006 0.003835097534748917 0.9999888076792507 146.83502226181864
0.999674850533165 -0.025303838456984085 0.0031478517799526737 -0.3956799768049393 0.025306860650774723 0.9996793031116663 -0.0009239773674801065 -2.463263349409906 -0.003123462099635732 0.0010033391830744903 0.9999946186330192 148.11125352889516
0.9995798269625826 -0.028847092433847556 0.002831040013453115 -0.3817015839114881 0.028846898049629352 0.9995838356471693 0.00010947970862488143 -2.481690503828148 -0.002833020006790886 -2.7766985562431394e-05 0.999995986605265 149.35122818558057
0.9995336433953136 -0.03041976645099905 0.0026708668907222686 -0.375827222699656 0.03042029767480105 0.999537183085767 -0.00015848768377941397 -2.5005056745976693 -0.0026648096100221176 0.0002396623378650963 0.9999964206694478 150.6251864777634
0.9995902667734498 -0.028415427734284928 0.0034441310155415394 -0.3748783114104407 0.028413870965273733 0.9995961193549852 0.0005001072111605203 -2.518790455430605 -0.003456950758002063 -0.0004020412063579375 0.9999939439088248 151.8907162114896
0.9996965609819697 -0.024217717816920996 0.004504231849519485 -0.3708034696393009 0.024219941916041602 0.9997065574041136 -0.00043988271041391644 -2.542929528543358 -0.004492257160678229 0.0005488414666062291 0.9999897591468861 153.08811887162193
0.9997758817572656 -0.020491221028739983 0.005319409480812728 -0.3789689858307344 0.020506350451611914 0.9997857867194594 -0.0028053992420295415 -2.560150590939332 -0.005260783936713517 0.002913852175888645 0.9999819166454307 154.46903494902912
0.9998183849540108 -0.01792561853990602 0.006470649728346569 -0.4042501740493205 0.01794777706921421 0.9998332030879308 -0.0033827948802584943 -2.5794238884268528 -0.006408931753329034 0.0034983142926262984 0.9999733433401571 155.90153544083896
0.9998478834698121 -0.016024757718379794 0.0068860047194091506 -0.4043610591620956 0.01603938301976426 0.9998692098797495 -0.002073964028087936 -2.607134043234359 -0.006851869326955601 0.0021840958110449634 0.9999741404717498 157.19329439691654
0.999876210112226 -0.014267676179258717 0.006633088876751293 -0.4076824221612644 0.014285478961370663 0.9998944606921056 -0.0026443464384170385 -2.6243144279166906 -0.006594660146451306 0.0027387759466639995 0.9999745044569222 158.46522439265192
0.9999009075756826 -0.0125864194147964 0.006305321215654424 -0.4201406319128366 0.012619193134279703 0.9999069302415388 -0.005185250194636576 -2.6419116841354646 -0.006239470647209897 0.005264304441816196 0.9999666774971989 159.74376151518084
0.999939027997474 -0.00934083827606692 0.005889739192723518 -0.4384173863598975 0.00938816672906782 0.9999234466899752 -0.008059968058623385 -2.6602633572318193 -0.005814001455545651 0.008114770479760669 0.9999501727021884 161.03319857423912
0.9999740717638107 -0.004226797861691059 0.00583009261793778 -0.4522311731949543 0.0042808505163421315 0.9999476817682335 -0.009290212332892556 -2.692497629076547 -0.005790519748175988 0.009314929209064885 0.9999398491783777 162.31540455158208
0.9999789456360982 8.50349886787477e-05 0.006488532465812986 -0.4703586089351898 -3.2606877866987564e-05 0.9999673573803073 -0.008079796447581765 -2.7194772403904355 -0.006489007728513124 0.008079414761819587 0.999946306476406 163.60751264215486
0.999971533122365 0.002815710516113133 0.007000337076752903 -0.4783398189307761 -0.0027723819725386325 0.9999769892720951 -0.006191512296079946 -2.743891769298515 -0.007017609500182233 0.0061719284347418815 0.9999563292745839 164.82858926772863
0.9999688807674528 0.00388752741739922 0.00686473795995806 -0.47447494275473534 -0.003859997741885849 0.999984473875142 -0.00401900809717995 -2.7730534432392355 -0.006880255381346205 0.0039923851557063916 0.9999683609728143 166.1491145099802
0.9999814712610159 0.0007858975716739103 0.006036513865913481 -0.46526981213756996 -0.0007672701328909739 0.9999949393372045 -0.003087490327223462 -2.798143532297044 -0.006038909768301398 0.0030828014831230663 0.9999770136877281 167.3634559426367
0.9999881132900585 -0.001678193301749862 0.004577875688936394 -0.4845602687444153 0.0016919239430235886 0.9999940772976336 -0.0029971257935203673 -2.818603087340831 -0.004572818819108337 0.003004835585039784 0.9999850300335278 168.68986608441054
0.9999953591408364 -0.0018195775142628096 0.002443529097799649 -0.4781222516933012 0.0018370947463012181 0.9999724941731326 -0.0071858179808474126 -2.8485717857850186 -0.0024303867336901105 0.007190273626944312 0.9999711961779175 169.9574923447216
0.9999996676819312 -3.069000595358495e-05 0.0008146742556783076 -0.4732272339118542 4.0142491266063375e-05 0.9999326554377078 -0.011605299559734918 -2.8730468670074405 -0.0008142632250828619 0.011605328406136524 0.9999323243739983 171.25519224193485
0.9999867979677632 0.00513243754418349 0.0002489478391793939 -0.48230097921172105 -0.005128992273784326 0.9999113887208612 -0.012284467614453048 -2.9116907986980247 -0.0003119750423859349 0.012283028582970035 0.9999245120909895 172.55474811602394
0.9999625127291998 0.008657011733537574 -0.00017112610039653995 -0.4850894912674107 -0.008658394975329551 0.9998983276688441 -0.011329895034661728 -2.9470085985211183 7.302566735390083e-05 0.01133095198518441 0.9999358000363633 173.7749793836245
0.9999416711808597 0.010800645236427191 1.727710112043501e-05 -0.4974389291824448 -0.010800169111251203 0.9999102684241366 -0.007925367318680088 -2.97991880931883 -0.00010287463159463242 0.007924718445747433 0.9999685936340033 175.18311216622203
0.9999343144538123 0.011461410037778268 5.345767457329639e-05 -0.4928353502938563 -0.011460878830899813 0.999916114614279 -0.006034234922761571 -3.0014826936372807 -0.0001226140309679836 0.0060332258888120835 0.999981792409829 176.2426243415887
0.9999396904068737 0.01098251042022195 3.724019061028955e-06 -0.49435090136686805 -0.010982341735572415 0.9999260998493433 -0.005213732835455894 -3.0222760697356557 -6.0983619047385675e-05 0.005213377498898058 0.9999864083956603 177.53287040431198
0.9999581011809147 0.009146577563544336 0.0003687838483504486 -0.5235421181633325 -0.009144781853688845 0.9999475689642471 -0.004607850620054284 -3.047305015734759 -0.00041091057572736564 0.004604285108708512 0.9999893157984923 178.8135757386461
0.9999790671417111 0.006464919408858129 0.0002647554027887633 -0.5211815976627605 -0.006463794517014943 0.9999709099451348 -0.004049521445395598 -3.0741816271656384 -0.00029092753082701186 0.00404772535281422 0.9999917656064176 180.1910230541213
0.9999923689958767 0.0038556446629336126 0.0006292489496860712 -0.5233147473757725 -0.0038530698956319403 0.9999844039835347 -0.0040429744088149545 -3.0995455171730963 -0.0006448274086092726 0.004040519016673541 0.9999916291668094 181.43159929485012
0.9999992881915281 0.0004371329804822824 0.001110194211672782 -0.5339174975248798 -0.00043392381759397355 0.9999957320218208 -0.0028892296999758664 -3.1303885671664182 -0.0011114524509766269 0.002888745903684948 0.9999952098988042 182.8396080644253
0.999991037031541 -0.0038865998655681247 0.0016793445334138202 -0.5366213054585097 0.0038889275957082726 0.999991478889983 -0.0013850594122034885 -3.151306913855595 -0.0016739470518074868 0.0013915778472561157 0.9999976307033747 184.0104755570602
0.9999781476940619 -0.006372725136221375 0.0017585530087061792 -0.5293473476924071 0.0063757172366486654 0.9999782279598309 -0.0017011278699551695 -3.171185510777415 -0.0017476739010811146 0.0017123027331154418 0.9999970068231635 185.25578645659627
0.9999871129087994 -0.004611049093234603 0.0021242039867654023 -0.5463546045624689 0.004623570145230266 0.9999717417409616 -0.005927758316208749 -3.1986934511594467 -0.002096810775848544 0.005937503330780076 0.9999801745228593 186.549277154462
0.9999934724280632 0.0025708363654927367 0.002538878027722358 -0.5589503215001042 -0.0025430781757907967 0.9999376140243882 -0.010876617700408885 -3.232716433816553 -0.002566681641655932 0.010870090137198914 0.999937624697541 187.8959379256935
0.9999260740683638 0.011598312924584547 0.0036504158018429043 -0.5668026881195302 -0.01155824773132696 0.9998747499017622 -0.010811633468844143 -3.2730184522745747 -0.003775355295101178 0.010768641798605203 0.99993488940341 189.25331419091881
0.9997975538800664 0.01953148966401395 0.004834476903904005 -0.5810610040641749 -0.019496433129999567 0.9997840352260721 -0.007195276386255413 -3.3085576185648935 -0.004973967293558758 0.00709956467479163 0.9999624272095387 190.61784110473926
0.9997774912189724 0.020356420489645942 0.005530298069782 -0.5865711862291574 -0.02032784913677787 0.9997799781924994 -0.005174336177032719 -3.334477291004547 -0.0056344122465776195 0.005060765776951342 0.9999713206129401 191.99579122695303
0.99981951602546 0.018325007183033794 0.005012931911671454 -0.5841983867117494 -0.018301663924316324 0.9998216344713973 -0.004663511610385958 -3.3656479333946523 -0.005097496661178177 0.004570924926149993 0.9999765608118569 193.4802845589554
0.999881350818076 0.014921598888698533 0.0038249408909000553 -0.5860856136251327 -0.014903842847191477 0.9998782146976463 -0.004629388882887918 -3.399122102454383 -0.0038935529533259444 0.004571833291744069 0.9999819691303201 194.88735472594598
0.9999178462551188 0.012462268968639478 0.002998765191051764 -0.6045171148975134 -0.01244656422839691 0.9999090176466395 -0.005199948830272818 -3.422976229971961 -0.003063295517282064 0.005162197311444631 0.9999819838074545 196.283042217748
0.9999142962713246 0.012835423565389456 0.0025791498817167025 -0.6207418722572697 -0.012820256476801439 0.9999009168287386 -0.0058135659378194095 -3.447997452132372 -0.0026535139126030198 0.0057800023305636435 0.9999797750139624 197.8440082461821
0.9999034913212946 0.013669778409410126 0.0024789517375488532 -0.6400014979540468 -0.0136554553735851 0.9998904815531449 -0.005705562019326079 -3.472346657429318 -0.002556674015108574 0.005671160168246683 0.9999806504929618 199.34485514138038
0.999882050809862 0.015174258643397793 0.00237199133249957 -0.6426981841777263 -0.015162536826985654 0.9998731139243013 -0.004884007400425376 -3.505894292183652 -0.002445801551336623 0.00484746592977329 0.9999852599557812 200.82971955393822
0.9998979349034979 0.014130659305020749 0.0021081374054047657 -0.6573796436952317 -0.014119084296217044 0.9998856957763559 -0.005408034806199996 -3.531563837432187 -0.002184315533749916 0.0053777178648684275 0.9999831543162191 202.2661323311474
0.9998998823333894 0.014067468585474554 0.0015269699619903801 -0.647206288937717 -0.014057480080155178 0.9998809231159838 -0.00636606962892719 -3.567322196156311 -0.0016163426196816916 0.006343966923064512 0.9999785705304964 203.63217189958735
0.9999137775509116 0.013061205739023193 0.00135733875768856 -0.6747087901640691 -0.013051726679887939 0.9998918881734861 -0.006772325710569576 -3.596054609318188 -0.0014456467527521927 0.006754026169581137 0.9999761463334851 205.1748190222619
0.9999123624203027 0.013206459776352887 0.0009256885105931726 -0.6784998865262659 -0.01319998637241852 0.9998905541345712 -0.006681325633764333 -3.638022353234344 -0.0010138238560465638 0.006668521022829399 0.9999772512355258 206.67144911545614
0.9999120458290488 0.01325792140207582 0.0003579470025261471 -0.6782145939677532 -0.01325514538876079 0.9998884676130438 -0.006881384683180857 -3.670005809738118 -0.00044913993710813505 0.006876034797133811 0.9999762589275738 207.99039293450713
0.999915121449362 0.013027691752856469 -0.0001707175858501114 -0.6817029912605146 -0.013028563170885077 0.9998910160807543 -0.006943522355053676 -3.705039983715374 8.024091145929547e-05 0.006945157203789199 0.9999758788854916 209.48620515472138
0.9999024756579433 0.013947733116602521 -0.0007070459801025902 -0.690910235507607 -0.013952398673017046 0.9998775217745988 -0.00709027652155318 -3.7458744956020054 0.0006080660977216194 0.007099450034392673 0.9999746137101834 210.89833496700288
