0.9990484222550942 -0.00048349635831818326 0.043612110942701676 0.03772785206645317 0.00028537757266738683 0.9999896131689425 0.0045488585238053665 0.01700089665213863 -0.04361385730760402 -0.00453208401290966 0.9990381832869312 0.9993536397113415
0.9946861215782846 -0.005718407452513061 0.1027950356571615 0.029474871394973713 0.0067259187897188094 0.9999326591955084 -0.009457224256270888 0.05384622679720194 -0.10273403309509545 0.010098360778182477 0.994657600158773 1.9986641591435477
0.9884416606950994 -0.00564441678658878 0.15149661369632517 0.1604775271345836 0.007616708275959056 0.9998935908935637 -0.012441569234379916 0.014208679197426565 -0.15141026767479557 0.013451670867004103 0.9883794733772716 2.989248537472413
0.981545910383494 -0.0029413611850003653 0.19120401199717957 0.3222971003551288 0.005884300108809257 0.9998727794674641 -0.014825649808272274 -0.015244433445138416 -0.1911360793300618 0.015677157726687246 0.9814383454420075 3.975791133411346
0.9717584990160376 -0.005692043369130209 0.23590892359633595 0.5655771667498134 0.009361737053535093 0.9998519343068552 -0.014438398186119602 -0.04239316742766962 -0.2357918095893884 0.016239153460830855 0.9716679023336303 4.945371421500418
0.9597318634492312 -0.006834927145603901 0.28083453144366116 0.8454118008287481 0.011253105525740506 0.9998369447129376 -0.01412273355710653 -0.06899356931661436 -0.28069221203355993 0.01671429801136624 0.9596522882511637 5.9050590426469345
0.9461064027071018 -0.009158136194804068 0.32372643280718494 1.181936565999966 0.015531645800775882 0.9997329754846805 -0.017109813186205195 -0.09115944033053934 -0.3234832959139415 0.021215708095300996 0.9459960100310512 6.846476339778616
0.9295536094397459 -0.011356355751910983 0.3685120355722135 1.5564866414134122 0.01919721586011519 0.9996604838181027 -0.017617718234133446 -0.1325277218587526 -0.36818684669710894 0.023451018668561398 0.9294560213601538 7.77276888132223
0.9113726104371449 -0.010876129332704024 0.4114385431090799 1.973976778554724 0.020603702889188932 0.9996030546337116 -0.019215113692285412 -0.16376399027668737 -0.4110662384242202 0.025989285824964917 0.9112349338398252 8.68091443071328
0.8912299806609206 -0.011611136387767795 0.453403025004156 2.4296565710236613 0.02181162171883062 0.9996128390888523 -0.01727498442023082 -0.1936566983366344 -0.4530269028756782 0.025285439298324174 0.8911381889641818 9.570556085894625
0.8689883615357956 -0.011261959695852567 0.49470435189023954 2.923548029182583 0.022375448231609144 0.9996126751973294 -0.016548078476770138 -0.2302174274327042 -0.494326376831914 0.025449319217766057 0.8689037721863021 10.43931241966542
0.8447181733023827 -0.010700175147838671 0.5351043953701846 3.4605680791462383 0.023029420274332354 0.9996008218594614 -0.016365901738610817 -0.25741004849269544 -0.5347156753775911 0.02614771863270811 0.8446273991031735 11.28244945494783
0.8185766063292792 -0.010875494250327973 0.5742944046351584 4.042906305018223 0.024590289326742898 0.9995676208158215 -0.016121075876797872 -0.29276962765138553 -0.5738707670209966 0.027318401150314114 0.8184901023942341 12.094625264139268
0.7908713829325061 -0.012593259224606234 0.6118528135757215 4.659977469930936 0.028148304641042187 0.9994786811504014 -0.015812617483820103 -0.32264272313243786 -0.6113347107798311 0.029728366049219735 0.7908135656700536 12.880964514012081
0.7624571395431666 -0.011625511168876099 0.6469342762983841 5.30769546792833 0.028939535415954162 0.9994507384478158 -0.01614697203889078 -0.3580173809625925 -0.6463912233698416 0.03103335151378792 0.762374788043428 13.642030393198121
0.7318095335149379 -0.015042773445657211 0.6813431746364756 5.99954412999046 0.03394837958268744 0.9993198453293172 -0.01439980050903294 -0.38550784483810097 -0.6806631429571887 0.03366840801185594 0.7318224676255776 14.36355242490162
0.7018586982171345 -0.014935073362240118 0.7121596108462015 6.715713025344869 0.0341488423849029 0.9993360971863711 -0.012697299873735383 -0.411766933138587 -0.7114971709716912 0.03323113666393322 0.7019027477188728 15.061026605950913
0.666569203482112 -0.013213800986178774 0.7453260309641141 7.472127184620536 0.035322365910760906 0.99927966436011 -0.013873819330412592 -0.45010101691704535 -0.7446058201731226 0.03557453948885741 0.6665557926418971 15.71398813827805
0.6325013968089134 -0.014609783110437403 0.7744214209797136 8.240902675145021 0.03968850960107313 0.999120000290035 -0.013566400631214474 -0.4830071787926113 -0.7735417281830494 0.03931639935074254 0.6325246362804179 16.352684446393692
0.5943884503696537 -0.012535908940662088 0.8040803573363748 9.03199558168998 0.03947572030708613 0.9991279152475285 -0.013604281655598427 -0.516783419650364 -0.8032085890809424 0.03982787918229607 0.5943649573001786 16.96344157644993
0.557792396613935 -0.007710412996820743 0.8299446920193538 9.862112015035985 0.04225314882869105 0.9989240197231857 -0.019117380420285685 -0.5232298153481579 -0.8289042850014365 0.0457313060330874 0.5575180122245075 17.521096025373055
0.5180020575417909 -0.006324201852655401 0.8553559918848976 10.725051365598139 0.04710628177979348 0.9986660815499327 -0.02114369358902898 -0.5529184565436133 -0.8540812997597791 0.05124511715891494 0.5176089946745671 18.025522206755813
0.4783833557550205 -0.005150991038157918 0.8781359987085652 11.602733047167508 0.04881653837613071 0.998592485480269 -0.02073628518591201 -0.5800974839809853 -0.8767931971209272 0.052787453373548274 0.47796147778748754 18.50398926947948
0.44097849759164315 -0.005731972857700704 0.8974993644281732 12.510442474680923 0.053887175109759794 0.9983446918150758 -0.02010096224941661 -0.6031601880521619 -0.8958985082142437 0.05722779754473317 0.44055742210031196 18.922974974929076
0.40672762589241074 -0.004646964987505414 0.9135376533303524 13.434228342784557 0.057548008003199744 0.9981313312322706 -0.020544400389398604 -0.6323846295532466 -0.9117350849401303 0.06092824738084266 0.4062350102592249 19.3048215276519
0.37176286106821327 -0.0023381720797853583 0.928324785881375 14.369696653255913 0.05941605269770994 0.9980064504050036 -0.021280451870884485 -0.6494573086956048 -0.9264243670220462 0.06306867607086251 0.3711606583226055 19.657823701911514
0.33761982788394834 -0.003743339728148151 0.9412751134643325 15.314115269969546 0.06038281129287105 0.9980185390252022 -0.01768931492091086 -0.6770718004264714 -0.9393437964451473 0.06280910100997547 0.3371768807470889 19.985403470695733
0.3097376416239626 -0.004181071901865604 0.9508128690751805 16.272252701878465 0.06271582532229551 0.9979024864248195 -0.016042220585289063 -0.7001612323500778 -0.9487514524971062 0.06459989338160849 0.30935018209097004 20.270936329311915
0.27692378423060304 -0.0045687777896221025 0.9608810248916932 17.235474581145137 0.0634816152919517 0.9978910101956323 -0.013550508871106986 -0.7195965348286504 -0.9587926273430177 0.06475073775834805 0.27662978818706974 20.538944459573425
0.24674146968344146 -0.0011026475834432863 0.969080714546916 18.205989426255176 0.060994577823699665 0.9980342982383643 -0.014394478662509147 -0.7395761258583773 -0.9671599188420517 0.0626603838813928 0.2463237050656573 20.7791967463732
0.21632860906213533 0.0007007328892313096 0.9763203582199129 19.181842287094522 0.06109057689189743 0.9980304644929897 -0.014252486061156554 -0.7583617813091046 -0.9744074477939181 0.0627271944002459 0.21585973400895575 20.996821190474783
0.1881077117550605 0.0014375017709683175 0.9821473526752149 20.164653524751824 0.06331039725997967 0.9979014022084621 -0.013586208785737783 -0.7765596232789902 -0.9801057506091162 0.06473580971181683 0.18762194051841888 21.180595271987926
0.15760545020675193 0.0008234055460156117 0.9875018197798084 21.152399541735132 0.06527527211435301 0.9978038773766341 -0.011249939668866475 -0.7959464883284522 -0.9853424079554908 0.06623250180585626 0.1572055812909112 21.335461266267625
0.12797461594236823 0.00032481827344072063 0.991777390429673 22.14408520296589 0.06414264154705386 0.9979036532357627 -0.00860351056754862 -0.8140959730603273 -0.9897010756838504 0.06471625260944111 0.12768550206825238 21.462876786160372
0.09953410666595773 -5.727780450228337e-06 0.9950341509603585 23.13918898719792 0.06482756180351233 0.9978754479587438 -0.00647901163366107 -0.8307533796885533 -0.9929201120134603 0.06515052055302283 0.09932301259450778 21.560330295296065
0.07002657230478182 0.0006552781774787635 0.9975449111602708 24.136911469712835 0.06772128284542937 0.9976896145375693 -0.00540933393743191 -0.8391750221506773 -0.9952437425178886 0.06793381819379365 0.06982040765134621 21.627231533234234
0.04249771524935015 0.0008275322641083258 0.9990962212864867 25.13640788240701 0.07172238072319588 0.9974170990465197 -0.0038769360354767397 -0.8438141759642852 -0.9965188629935626 0.07182232048589135 0.042328595276005444 21.658678493418826
0.01863534881883026 0.0008300813312588941 0.9998260022320801 26.13626655866922 0.0761459721623688 0.9970941488211915 -0.0022470669754767873 -0.8580446772991783 -0.9969225219132373 0.07617459781008369 0.018517989918555692 21.66760165863399
-0.003046836917468526 -0.0001236073674094699 0.9999953507422005 27.136187589662914 0.08173902727315344 0.9966536975585403 0.000372240956312057 -0.859719504521872 -0.9966491098702882 0.0817397814048312 -0.0030265377336763507 21.654723519117656
-0.02123505450379713 -0.0010897490020286271 0.9997739168968817 28.135593959591006 0.08610739645177108 0.996281596698033 0.002914851131163433 -0.8714171199071723 -0.996059530719183 0.0861498260470205 -0.021062258557661483 21.622329549773166
-0.03943082137708181 -0.0017460018124519096 0.9992207773075974 29.134739286076112 0.08921604522464135 0.9959984033127007 0.005260976432826287 -0.8756749096144557 -0.9952314844296297 0.08935397067966766 -0.0391172637562191 21.581050487548836
-0.0522681035111533 -0.003140556495460841 0.9986281501441093 30.133103287726886 0.09151773084343497 0.9957719383167647 0.00792160350834019 -0.8714766249882261 -0.9944307669700373 0.09180622944971416 -0.05175969414139155 21.52389884280427
-0.06678428469410333 -0.004269658367801614 0.9977583020628388 31.130837877398825 0.09167241120051779 0.9957349400127076 0.010397031430859122 -0.870622208564669 -0.9935471948239704 0.092161267652487 -0.06610803583609505 21.456623319891747
-0.07961959644741082 -0.004587599145449707 0.9968147640337356 32.127414792381536 0.09155304308663686 0.9957291508517162 0.011895311920997817 -0.8687488038386677 -0.9926120894705687 0.09220852497574224 -0.07885954449950845 21.373955736653745
-0.08965987662417409 -0.0019210156317938445 0.9959705900390233 33.123531702126655 0.09169991929327079 0.9957346942905968 0.010175627136475966 -0.864748217948302 -0.9917420185337241 0.09224276819867973 -0.08910129286210733 21.285975262179214
-0.09813576181760093 0.0008011524539243561 0.9951727138578632 34.11832726530995 0.09213960218003453 0.9957116356428167 0.008284464714925457 -0.8633619084332773 -0.9908984135432775 0.09250782021133908 -0.09778873778284677 21.184034892996664
-0.10643283236445168 0.00309194791267293 0.9943150869080614 35.11352882704583 0.09344437022834433 0.9956005476050445 0.006906466619395319 -0.8646919753194131 -0.989919290582575 0.093648221908598 -0.10625351131068189 21.086174780532446
-0.1121597651630509 0.0046921784056620725 0.9936791084351017 36.10745487495495 0.0933142999991883 0.9956196245748352 0.005831344367001412 -0.8618634343731197 -0.9892990591798976 0.09337851264222678 -0.11210631062743344 20.976091827518257
-0.11911080953110204 0.005400967886752772 0.9928662772995825 37.100288203302405 0.09282498065216126 0.9956660122677561 0.005719701194247471 -0.8549987633746589 -0.9885323151115349 0.09284407122003994 -0.11909592948340672 20.85677612799886
-0.12449076970655308 0.006949518014660426 0.9921964283634737 38.093344288434054 0.09395494418335823 0.9955648046897335 0.004815405133084217 -0.8550118179093056 -0.987762378672812 0.09382123353728408 -0.12459157040574713 20.73913437875961
-0.1279214412456987 0.008777795494828875 0.9917454588632478 39.08516308588809 0.0928677006632033 0.9956734234007236 0.003166087019306787 -0.8499137913617196 -0.9874268049041167 0.09250613082242233 -0.12818315301595531 20.6115764543874
-0.13221749172116054 0.010180135073994232 0.9911684517441219 40.077462267082744 0.09311925869374042 0.9956525415065915 0.0021955071837569526 -0.8485969463295292 -0.9868370374805016 0.09258715591992721 -0.13259064829529205 20.487711856971558
-0.13446322051591597 0.008793277557775071 0.9908795691698763 41.06843667835277 0.09258573563085445 0.9956977373159042 0.003727929946105521 -0.8460637613445416 -0.9865837642522713 0.09224258329958826 -0.13469885649119923 20.353674233469544
-0.13610869421934849 0.007203075349976515 0.9906677238425636 42.05823714431153 0.09288265997422919 0.9956617501609609 0.005521842312571932 -0.8395040859855729 -0.9863301855028139 0.09276742408796182 -0.13618726149705954 20.21135726294703
-0.13985517896612726 0.005506006102467781 0.9901566607427088 43.04891698582266 0.09268311463613864 0.9956669980029846 0.00755442579352475 -0.8353950435055087 -0.9858247152398325 0.09282732886669251 -0.13975949999115572 20.07517827001333
-0.14204766440188385 0.006237544281589252 0.9898401659254411 44.039417574810365 0.09549309344048523 0.9954023539784531 0.007431204432804484 -0.8336044747224298 -0.9852428787578908 0.09557848468923641 -0.1419902219216968 19.937680444727135
-0.14400223176618307 0.005683890686052637 0.9895610393669646 45.03033920009337 0.09528653582334172 0.9954165333142561 0.008148699001468697 -0.8295912571751957 -0.9849791029951575 0.09546527426922596 -0.14388380058768183 19.80328935160655
-0.14456476096288443 0.007254437584853936 0.9894687478758848 46.020098581385085 0.09710425538312344 0.9952503632090959 0.006890436753432241 -0.82154643510531 -0.9847191444641629 0.09707774032954916 -0.1445825676154467 19.660769663573518
-0.14396929455804114 0.007071287854072024 0.9895568902860232 47.00961314281193 0.09667578741154326 0.995291639898049 0.006952961772641342 -0.8164685186298575 -0.9848485337110564 0.0966672045584157 -0.14397505759694335 19.51641515643068
-0.14329158386133786 0.008529523805646932 0.9896437587425879 47.99877969885834 0.09638343095067833 0.99532975583845 0.0053769304206807075 -0.8135316449791798 -0.9849760181002808 0.09615572976282767 -0.14344448194717313 19.36964678982422
-0.14147822963108728 0.008486843718178387 0.9899049873720993 48.98939127882594 0.09715682576587839 0.9952546890770089 0.005353043744146595 -0.8162327306642951 -0.9851621499771253 0.09693336553494486 -0.14163142623908193 19.232965203988588
-0.1387440873531096 0.007841871102625738 0.9902972196679954 49.98065673199084 0.096296960173881 0.9953368404935247 0.005609760925332523 -0.8154275733967374 -0.9856353147517708 0.09614093308252857 -0.1388522498924592 19.101069731264314
-0.13832995820981228 0.008670711413226498 0.9903482425012222 50.97118368188241 0.0973672111255196 0.9952365285471358 0.0048865573859587525 -0.814451577013072 -0.985588376990775 0.09710340369439344 -0.1385152703915832 18.963752372206795
-0.1353606700117243 0.009036170113249224 0.9907551850198216 51.9627824010538 0.0973530061564312 0.9952409522252141 0.004223648441392954 -0.8118853883755057 -0.9860019681553799 0.09702471150967185 -0.1355961804409764 18.834401607872095
-0.13468979673173012 0.009346599753822533 0.9908437312358628 52.95439035128498 0.09820103484856571 0.995158712203403 0.003961600729116284 -0.8070402398520513 -0.9860097440750958 0.09783546697751287 -0.13495557043062656 18.70520732990468
-0.13421731590941208 0.00786173122986587 0.9909207361298591 53.945827849452144 0.09724969575574348 0.995246029393787 0.005276139812228783 -0.8025450774091991 -0.9861684484840754 0.09707488943064639 -0.134343801704951 18.57465693461026
-0.1315482726905715 0.006176035884366951 0.9912905268047716 54.936515953423395 0.09886701118689815 0.9950765909014011 0.006920429106417249 -0.799570016907168 -0.9863672571872492 0.09891630209830038 -0.1315112129367714 18.438528589629556
-0.1306389457799761 0.004762717723600953 0.9914185707184334 55.92798823843989 0.10003928624596234 0.9949480084962834 0.008402475628019143 -0.7925137114156062 -0.9863699139029409 0.10027849674365068 -0.13045541781750042 18.30838864726051
-0.12996064159083612 0.005857608249538045 0.991501850761204 56.92009452171895 0.10146345161157555 0.994811580263353 0.00742211297389401 -0.7890132834925738 -0.9863140471596072 0.10156578262154406 -0.12988068438420475 18.183037653203215
-0.12907100947537198 0.007722201060411804 0.991605285445671 57.91316938375931 0.10364221758463638 0.9945980526431613 0.00574494669877683 -0.7896675550482846 -0.9862043222614407 0.10351367682202911 -0.12917412071942674 18.0655542471607
-0.1283208922546949 0.007879261492150066 0.9917013995398498 58.90664875655368 0.10294844153269704 0.9946719370622581 0.005418118382390368 -0.7927553378985915 -0.9863748612961242 0.10278937133359203 -0.12844834815557937 17.951570403571704
-0.12843699527317276 0.007446897291390109 0.9916897105274058 59.898887080183236 0.10314322777232773 0.9946490791871729 0.005889298499493014 -0.7885520728983142 -0.986339400414434 0.10304248149594372 -0.12851783610555081 17.827282922830243
-0.12870604895399274 0.00672829911288356 0.9916599633713663 60.89217579234097 0.10322160688784152 0.9946361633932624 0.00664848417495968 -0.789727399048104 -0.9862961283682223 0.10321643503522274 -0.12871019658315785 17.711622641733893
-0.1297538788420743 0.0062495621786394385 0.9915265371627786 61.88451267131342 0.10466278422807711 0.9944800260654201 0.0074282807263727655 -0.7893168617063603 -0.9860069130199158 0.10473977625285512 -0.1296917373907775 17.588033026113667
-0.12926294321927062 0.005522642862949272 0.9915949737297478 62.87713866771782 0.10544543492875479 0.9943912193553603 0.008207503983973265 -0.7835556861656634 -0.9859880079204706 0.10562008939955278 -0.12912027320391234 17.466931741123297
-0.12948222062633777 0.00672670936809146 0.9915589271055699 63.868757270597484 0.10585714706579862 0.9943561594133481 0.007077616253215557 -0.7805767142644863 -0.98591511752116 0.10588002464022728 -0.1294635138771632 17.337765689440367
-0.12710228678655036 0.0077765881207062446 0.9918591298016213 64.86179343555912 0.1056901556049642 0.9943825013672654 0.005747345716106647 -0.7809005345031204 -0.9862426677556738 0.10556024655040788 -0.12721019867286185 17.21986036624496
-0.1287831914043328 0.008732533996677566 0.991634323963078 65.85369517834401 0.10509201650973182 0.994450474826742 0.00489092862217644 -0.7838579509735072 -0.9860885141191098 0.10484272014243938 -0.12898622544869182 17.09287807035463
-0.13125317988083074 0.009637458173081329 0.9913020337773606 66.84580382495805 0.10402369560666688 0.994566351511134 0.0041040460724020705 -0.780075184062741 -0.9858760944071533 0.10365757011330633 -0.1315425202537302 16.967548391353745
-0.13333212748501946 0.009422315700976147 0.9910266211092156 67.83692479733843 0.10253548948747719 0.9947198893821667 0.0043376333518399335 -0.7774601014139005 -0.9857530203737053 0.10219374557360496 -0.13359424085549185 16.834589603662906
-0.13399367111497207 0.009344238995701342 0.9909381319228375 68.82716462439522 0.10126408107259348 0.9948502375386487 0.004311699643870935 -0.7707777902761592 -0.9857947463775899 0.10092417979298608 -0.1342498713126271 16.695368758580994
-0.13474346512922938 0.008232894008682778 0.9908463140473446 69.81943933078747 0.09880024115267334 0.995093869660672 0.005167486035239967 -0.7703026812819741 -0.9859425495195664 0.09859213974751044 -0.13489580804037413 16.571308671179548
-0.1363952617512903 0.008637272556177505 0.9906168432318251 70.81086669410794 0.09858067623830884 0.9951170140961866 0.004896787588710613 -0.7682094732850396 -0.9857373802611907 0.09832357692375489 -0.13658071378025352 16.440655852577738
-0.1391443402812767 0.01034817504254183 0.9902180405551981 71.80187806535739 0.09759406081736353 0.9952207900675745 0.0033133533543455275 -0.7720223289495977 -0.9854512935000216 0.09710043403900383 -0.1394892606926133 16.306908593621063
-0.14190477205926041 0.010929475918649045 0.9898199746534477 72.79224118614668 0.09817235803459011 0.9951646422880619 0.0030859127666219245 -0.7736684273472693 -0.9850001135963072 0.09761086668920953 -0.142291584148338 16.168401632632655
-0.14710769741127552 0.010523928984356716 0.9890644934892182 73.78113336341853 0.09607056763249003 0.9953676561819143 0.003697980759093787 -0.7746884642983133 -0.9844438894102214 0.09556398874919202 -0.14743728380982987 16.019760544120516
-0.15300459495351657 0.008848361109851929 0.9881858633014231 74.77007707886018 0.09446304285821207 0.9955119814898642 0.00571211380249152 -0.7793756909226606 -0.9837003240098472 0.09422102321560033 -0.1531537506139734 15.87151267961109
-0.1589025787155316 0.009244639566033337 0.9872509848649671 75.75898729646394 0.09327345545929384 0.9956242711602357 0.0056897436966219465 -0.783538678112396 -0.9828784426287097 0.09298842570957025 -0.15906954359593195 15.723037133832678
-0.16308453359749364 0.012116873402369327 0.9865376912618383 76.74599506505163 0.09401659719180681 0.9955651138822569 0.00331413232731213 -0.7863054747114153 -0.9821223520283825 0.09329140045877954 -0.16350045946931735 15.562360836182481
-0.16975960759179073 0.014069095420034162 0.9853850700027591 77.73166314161172 0.0934418460865516 0.9956229592687991 0.0018826515282710649 -0.7872809471360033 -0.9810455122114464 0.0923957982318552 -0.1703312051236638 15.393623102948418
-0.17674949678787186 0.013874466381852904 0.9841580739738166 78.71910676277992 0.09222021165321359 0.9957354362969967 0.0025245722541524488 -0.7941756696075207 -0.979926042080662 0.09120548275761062 -0.17727524352565527 15.235769724056725
-0.18382167113993989 0.014294771374728638 0.9828556622061366 79.7019270669108 0.09048999279032564 0.9958943762967503 0.0024397674712851257 -0.7975140604804908 -0.978785550784301 0.0893870839207287 -0.18436050228837456 15.051203689454374
-0.19110116810025402 0.013890914170403107 0.981472050572113 80.68500661873475 0.08900468481584056 0.996025960106298 0.003233090651458294 -0.8070817643815246 -0.977526730903842 0.08797345791679548 -0.1915780808720304 14.868253035568795
-0.19613836074299296 0.013696037568128212 0.9804805770641167 81.66736880191975 0.0882272818507184 0.9960933668799894 0.003735129839924362 -0.8083905861518934 -0.9765990426896222 0.087237738465756 -0.19658048429357033 14.681269234191952
-0.20308688113342033 0.01306739104236787 0.9790735222662521 82.64792186454075 0.08840827015500974 0.9960715512701069 0.005044057747702523 -0.8109085593811881 -0.9751613694562042 0.08758257841436969 -0.20344433017066785 14.485021366194372
-0.20905517178216765 0.015001023289367142 0.9777887831486919 83.62871318682413 0.088843901111285 0.996038636872433 0.0037141745562780113 -0.8096897294054212 -0.973859690297559 0.0876470373576779 -0.20955977776273044 14.289963657201568
-0.21525749048512077 0.016606149007578553 0.9764161247158843 84.60540132127667 0.0885750266269015 0.9960661494438329 0.0025866175172243747 -0.8116762911639065 -0.972532095844704 0.08704287304124816 -0.21588158977697258 14.075303426497626
-0.21861385098669586 0.016808424557969832 0.975666675161474 85.58504796883444 0.08910469386828625 0.996018312162819 0.002806308423661721 -0.8160085970405204 -0.9717347054044156 0.08754997829930507 -0.21924110839982824 13.874589663749424
-0.22233531893025893 0.016721398532076204 0.9748268568250009 86.56337828649077 0.08813161841422824 0.9961042772963352 0.0030143967282153144 -0.8183236749670804 -0.9709787967776998 0.08658327542359273 -0.22294284609525625 13.66751600802893
