1.0 0.0 0.0 0.0 0.0 1.0 0.0 0.0 0.0 0.0 1.0 0.0
-0.9998774810865569 -0.00037585561154874174 -0.015648691592630843 -0.0010251653350260527 0.0004794887017134766 -0.9999779775594113 -0.006619251224597346 -0.00029028047648151615 -0.01564585908753294 -0.006625943611944767 0.9998556415626526 0.09167373522636005
-0.9999620781519886 -0.0008736594556448785 -0.008664812583773444 0.0069522638438050165 0.0009304930067616265 -0.999978068023628 -0.0065572596789121316 -0.00014943308417717855 -0.008658893735386992 -0.0065650735630213165 0.999940959941331 0.18571539039951318
-0.9999986353243498 -0.0011349445029919714 -0.0012005208924665463 0.01688532346606092 0.0011419746898589534 -0.9999821101688974 -0.0058715616293182685 0.00020188140573484795 -0.0011938355187553799 -0.005872924581014929 0.9999820415955574 0.28326118928692107
-0.9999668292699729 -0.0017051846573502686 0.007964465144717261 0.027486728348812547 0.0016696454320062589 -0.9999886301797235 -0.004466743266794246 -0.0002788172378470488 0.007971991212266813 -0.004453297268811994 0.9999583068806149 0.3871548537532664
-0.9998123272135245 -0.0018845872947773244 0.019281044645058115 0.045196413840873084 0.0018297309997924451 -0.9999942295444845 -0.0028623350958894523 -0.0008423264094190748 0.019286327705002784 -0.0028265187883907378 0.999810006128761 0.500479663291767
-0.9994620692369471 -0.0016277975591281852 0.03275549467962073 0.06217865549842467 0.0015602515690489494 -0.9999966038032162 -0.0020875816330758307 0.0001666587960742041 0.03275878159580182 -0.002035351846726163 0.9994612146407773 0.6273121683730193
-0.99881794156484 -0.00031601748362053536 0.04860678698624443 0.08468347498874773 0.0002376273133642816 -0.9999986619762277 -0.0016185113574734818 -0.0033478614024853646 0.04860723342709431 -0.0016050478822681696 0.9988166802170751 0.7663155686818701
-0.9977249144411419 0.0011392748826127331 0.06740695183850368 0.10978603266707786 -0.0012374280512619663 -0.999998234130467 -0.0014143930732678936 -0.004842752696005624 0.06740522142411855 -0.0014945864610673807 0.9977245623598106 0.9187558368787969
-0.9961864939804953 0.0025002940809717615 0.0872136327666596 0.14175815666727376 -0.0026166043399280226 -0.9999958332987762 -0.0012193304780481484 -0.003401897792651222 0.08721022068873215 -0.0014428841239284738 0.9961888854493546 1.0815912276429995
-0.9940035327135355 0.002822075277038231 0.10931154030633056 0.18388343252105757 -0.002928970477982508 -0.9999953765323552 -0.0008173407200501473 -0.0013312024902726344 0.1093087283109217 -0.001132609837620507 0.9940072027455357 1.2505944947012144
-0.9910994782998245 -0.0006024107409893253 0.13312197870793227 0.23735491823222915 0.0007116668049256011 -0.9999994478907638 0.0007731419836996578 0.001978971428748135 0.13312143946102287 0.0008609991099488761 0.9910993598203752 1.4241991686441566
-0.9874149273328238 -0.004799690565333354 0.15807822193708929 0.302175582569602 0.005221885025310702 -0.9999838220607429 0.0022555561557271015 0.008084588181692429 0.15806483858561657 0.003052636117563405 0.9874240164263965 1.6014074596212455
-0.9826436570933506 -0.007408717156120542 0.18535521056691842 0.3635275151333449 0.008132588008643036 -0.9999619832803265 0.003145314985568035 0.014030847408641708 0.18532486122074313 0.004598141382925117 0.9826665522492026 1.7883773679222186
-0.9765754144492139 -0.007733073250955734 0.21503641429172332 0.43059171039876226 0.008709339209804703 -0.999955618386008 0.003592863591289068 0.014035282912387799 0.21499908675125765 0.005381527325249326 0.976599422414212 1.9819303025857746
-0.9693562131743657 -0.009484439795870379 0.24547622569611952 0.5151406094556873 0.010564363335140489 -0.9999394433055138 0.003082847577017237 0.016697965180543502 0.2454321213850721 0.005581677491443956 0.9693977092343496 2.176297431804341
-0.9606835433430253 -0.011201794768078878 0.277419626818045 0.6058378851869423 0.012299772957201525 -0.9999218953571593 0.002217830144163867 0.01826028311909121 0.27737311537906967 0.005542831345161849 0.9607462890303498 2.375333206854226
-0.9502084901690455 -0.012782750539771178 0.3113525758674572 0.7041771780032653 0.013903075456671224 -0.999902396829997 0.001378878701731084 0.016728364305168372 0.31130456100659476 0.005638980605212357 0.9502934663535393 2.575568207118279
-0.9386633429635071 -0.015121198725818102 0.3445032335489286 0.8160647893267408 0.016511371878585406 -0.9998630712062794 0.0011015609991241696 0.018466041786167106 0.3444394042139491 0.0067222159324176346 0.9387844846596569 2.7697901797423756
-0.9257580696359299 -0.018062286462194675 0.3776847234290982 0.939136424626886 0.019667883317465346 -0.9998064907348455 0.00039427184143185076 0.021161896522447123 0.37760451648486293 0.007793259410028427 0.9259341738147484 2.9659504600869706
-0.9104898386056889 -0.018458659902811717 0.4131192705144348 1.0625262664090533 0.02030018879703916 -0.9997939275948436 6.840527936747431e-05 0.018769946098944827 0.4130328753629555 0.008448681498909188 0.910676926055744 3.1652372858211546
-0.8929293687166534 -0.0136445614738024 0.44998996480529 1.1908829886703003 0.01591743986686494 -0.9998725062461181 0.001267423051782398 0.015297690919588335 0.4499153004637239 0.008294407471005854 0.893032712286253 3.3636643151216026
-0.8729423546922515 -0.00905119066726153 0.4877393989948446 1.3351885880618632 0.01144308160447783 -0.9999326741611966 0.00192432539676931 0.018064286012476973 0.48768914409461717 0.00726106688746688 0.8729871566294176 3.557707228933221
-0.8496308362013052 -0.010726921467538002 0.5272687885051609 1.5041182190122724 0.012087979565290508 -0.9999265640154019 -0.0008644804118759326 0.02058114277541222 0.5272393412160171 0.005639125125644066 0.8496981095318016 3.743753983688343
-0.8220002577057519 -0.016521385333824325 0.5692474155921383 1.6935955452694391 0.01684971597463559 -0.9998470451792542 -0.00468757057438241 0.029197103176334952 0.5692377916154647 0.005738473051866617 0.8221529094540636 3.9263072680087765
-0.7908203314710802 -0.019389246088425294 0.6117411711402897 1.8923658163390538 0.019810728672136554 -0.9997852715028348 -0.006078315184570397 0.03088816857738204 0.6117276668268729 0.007312183129987647 0.7910346349031905 4.105647855535989
-0.7566558945403088 -0.018956491949353643 0.6535384523273127 2.1063846115065084 0.019282331443223565 -0.9997917954795138 -0.006675131906174865 0.033989892388235646 0.6535289197514664 0.007550967145025283 0.756863880723381 4.277712546518207
-0.7185823540804769 -0.014669852669512824 0.6952871319295467 2.328097406563183 0.0130859118926645 -0.9998857036276001 -0.007572224975367423 0.035768348143075356 0.6953187465573595 0.003657198900106916 0.7186921911236462 4.452093346209484
-0.6776695622776198 -0.010826317908371757 0.7352868523256798 2.5702123999909583 0.007723170165504121 -0.9999412558793324 -0.007605092574015705 0.03334684478695214 0.7353259936960299 0.000525005725255095 0.6777133666705525 4.618751424460802
-0.6349168057949709 -0.010388789401846094 0.7725106619159864 2.8332963649457295 0.004824167643781666 -0.9999434041317766 -0.00948240158927082 0.037006713395650724 0.7725654516774977 -0.002293815188633555 0.6349309893887876 4.770719577019969
-0.5879582663774894 -0.011051805786221659 0.8088157605952303 3.109328294422161 0.001970922621152651 -0.9999232634882772 -0.012230396517521372 0.040105168771107945 0.8088888628621357 -0.005596849454649253 0.5879349307651176 4.927320267674526
-0.5380998695336227 -0.011598993130018507 0.8428012777436138 3.4048797224406675 0.0003571812450045052 -0.9999083593403937 -0.013533120215285473 0.03622959302324522 0.8428810134470089 -0.006981137412552123 0.5380547006494514 5.066443799982401
-0.48675892048474173 -0.013102158868657328 0.8734380841029942 3.720147486550209 -0.0007541927711055036 -0.9998808327894817 -0.015419189780194891 0.03447651825674111 0.8735360235970772 -0.008164168861195776 0.4866910332284879 5.18624904714972
-0.4334672236489404 -0.015124503539648181 0.9010424048926657 4.055855652305455 -0.0020802518354404976 -0.9998396947730815 -0.017783624725391287 0.030619463382557305 0.9011669315805929 -0.009583013552717727 0.43336627381104303 5.297142389962015
-0.3781016554938833 -0.016843582005808624 0.9256108425564159 4.405954039264933 -0.002473350145516761 -0.9998125233318401 -0.019204185165675396 0.023036133199664823 0.9257607793873334 -0.009550493915681774 0.3779891101792804 5.404156284680349
-0.3239522913789305 -0.02001748739574363 0.9458616247151068 4.778694940380122 -0.004710034346270733 -0.9997296195640852 -0.022770668473002832 0.02338013733485352 0.9460616938058521 -0.011831650967286857 0.32377041796401185 5.4920500448746195
-0.27102352451085904 -0.021786293711413638 0.962326143554269 5.164345480235749 -0.009658890908363813 -0.999631945109721 -0.02535113690896726 0.02232138148109762 0.9625242620257074 -0.016165757714282795 0.270713341543026 5.565814333517444
-0.2208916138321941 -0.02227991189095281 0.9750438454063182 5.564948662518067 -0.01255160732541583 -0.9995913025756876 -0.025684333135000875 0.02060363806542929 0.9752175921773345 -0.01791182126899763 0.22052168729326854 5.618888659836438
-0.17388153181434932 -0.02349474866919074 0.9844862668818021 5.984807860765573 -0.010689516834034601 -0.9996114223230816 -0.02574370973814016 0.015278031076107423 0.9847085594853692 -0.015000038206560724 0.17356281782124713 5.652649876559973
-0.13170279558211245 -0.023969568042176204 0.9909994114245112 6.421177674378143 -0.008769038641758384 -0.9996403290336879 -0.025343964384459905 0.008324216619093138 0.9912504615873611 -0.012027983093308242 0.1314452358419713 5.676394275357539
-0.0943245792953535 -0.02269956840675001 0.995282675090299 6.871371035524103 -0.007249901879887928 -0.999697845983124 -0.02348735105190764 0.0019003794214368826 0.9955150991639893 -0.009431136243890543 0.09413150910116448 5.681698936053701
-0.06024632491753873 -0.02012314409779712 0.9979806808779164 7.335953828517341 -0.00870357765260126 -0.9997481740300611 -0.020684203141649125 -0.004978876411471152 0.9981455946253412 -0.009932149574949025 0.060056009981061434 5.682750077078143
-0.028862525259728246 -0.017403239376875757 0.9994318795669981 7.813427793323611 -0.009446117168333878 -0.9997990311390933 -0.017682426410808538 -0.010514747660609617 0.9995387563801987 -0.009951110115093302 0.028692331752641367 5.679980492543511
-0.0024938114695452276 -0.015587521656818978 0.9998753972735565 8.308512540485953 -0.008820547622055794 -0.9998392662685175 -0.015608957917839582 -0.014474904970383496 0.9999579885395197 -0.008858374356056548 0.0023559201528383093 5.659055730739935
0.018100632795983528 -0.013291292522769425 0.999747822520989 8.81794271504104 -0.008132032418439744 -0.9998805215339868 -0.013145824647755457 -0.022441923441225482 0.9998030991856003 -0.007892033958255835 -0.018206555381821317 5.630370572301187
0.034299374243542666 -0.012327570989577725 0.999335571227202 9.346615126109231 -0.008575782819914873 -0.9998907402439887 -0.0120400798733022 -0.03355542961271438 0.9993748090058743 -0.008157117617563544 -0.03440134527378517 5.601406826376497
0.04720141327948638 -0.012696604130069495 0.9988046970394078 9.890597624451976 -0.009412363429451063 -0.9998804756788738 -0.01226547067432007 -0.03979551900465665 0.9988410454116771 -0.008822165253211695 -0.047315276615000026 5.564577491148374
0.056923474786948466 -0.01398483862102868 0.9982805929731997 10.448625628442594 -0.00834671701023345 -0.9998736113130097 -0.0135312126224159 -0.03898667955436986 0.998343653424677 -0.00756212196580643 -0.057033007794114715 5.5277849519391555
0.06371547986750008 -0.015542040792365494 0.9978470737509142 11.0241814626279 -0.0065871334750453175 -0.9998634912428205 -0.015152839743811784 -0.03674231903987278 0.9979463649404395 -0.005607481406848369 -0.06380915964370416 5.484579688458613
0.06823552067634837 -0.01660885070277577 0.9975309818729242 11.612664033069326 -0.006849303087204398 -0.9998456537379738 -0.016178867343073364 -0.0404760191968484 0.9976457290868578 -0.005728418596616073 -0.068338747831188 5.441635486472327
0.06972996356959474 -0.017277674622928094 0.9974162692377776 12.219219712238278 -0.00899533940650153 -0.9998202402550406 -0.016690447726659608 -0.04835876523404208 0.9975253460687331 -0.0078082735594201345 -0.06987284747651573 5.4017766253974075
0.06888041006532251 -0.01948912699808877 0.9974345407284054 12.841602115474538 -0.0111005299617914 -0.999762241324025 -0.018768032857250507 -0.05395414568746863 0.9975631645884893 -0.009779302204954453 -0.06908037278839614 5.365743207732072
0.06705875399611627 -0.02197162074201519 0.997507078368097 13.479049179308847 -0.010239048434132328 -0.9997200139903097 -0.021332030245149 -0.05791618153184325 0.9976964896197906 -0.008783023920353671 -0.06726494697212387 5.316660912725461
0.06536255992386474 -0.022077784762841498 0.9976173149961683 14.132401740932574 -0.00818100322263333 -0.9997334660791024 -0.021588607823040788 -0.06219079874307907 0.9978280447784935 -0.006750423796432198 -0.06552575701278163 5.2686338037972815
0.06392516469082615 -0.01957410390068575 0.9977627111571845 14.79674988826773 -0.006315781493974644 -0.9997955351552804 -0.01920934115706613 -0.06979069657897738 0.9979347093990528 -0.005073690969436875 -0.06403572000513093 5.229352532689814
0.062491697459792786 -0.019435660674931465 0.9978562235325898 15.478642647612462 -0.006328325514672812 -0.999797986654386 -0.019077163783388057 -0.0814937822085762 0.9980254205403664 -0.005122594651814032 -0.0626020684902594 5.179511970812745
0.06092029896139025 -0.022032632173010578 0.9978994339581433 16.177948198206668 -0.0071162818506262755 -0.9997405258380717 -0.02163884307535792 -0.09832660079548035 0.9981172655089574 -0.005783088841297233 -0.061061282138327004 5.139482488810396
0.05901084832567521 -0.025500557653720116 0.9979315814920543 16.893467151166444 -0.006071011041657771 -0.9996643518702811 -0.025185837780477355 -0.108696761547519 0.9982388805315175 -0.004572215996838542 -0.05914585561188559 5.090797948556003
0.057209202982971094 -0.027618788603892306 0.997980114837017 17.623834069495096 -0.005620339674946589 -0.9996103451823721 -0.02734171878867017 -0.11568154016700827 0.9983463922286655 -0.0040447892941420345 -0.05734213811478039 5.0465156119288785
0.05540271123306652 -0.027052148765904567 0.9980975507610323 18.36416231420422 -0.003936974728278345 -0.9996310444731097 -0.026875177312726158 -0.12610558116761333 0.9984563284480775 -0.0024405271457084137 -0.055488773722589195 4.999319293931399
0.053648976353183976 -0.023866831362155953 0.998274592332683 19.118202129788145 -0.0019310154936193489 -0.9997149346665379 -0.02379749112501018 -0.14596360530452757 0.9985579895606562 -0.0006509726660502871 -0.053679770110993744 4.9512722485047
0.05182289403147291 -0.023312112973527414 0.9983841610537053 19.883339664704298 -0.0015210162957619436 -0.9997281867928871 -0.02326454472445367 -0.15800799238961033 0.9986551327478528 -0.0003129225424476185 -0.05184426598816557 4.894677246998362
0.05045126517367183 -0.025575834404265117 0.9983989916545891 20.669975110633406 -0.004169107948823949 -0.9996687331451605 -0.02539768711640583 -0.17186367039233685 0.9987178222006894 -0.0028810877246973634 -0.05054118075624754 4.862699657930026
0.04962625553293587 -0.027563740386136223 0.998387437309637 21.463276336621977 -0.006463230955383372 -0.9996070420024816 -0.02727614754081088 -0.18424064266288717 0.9987469456310734 -0.005099195522471319 -0.04978490531904698 4.832317997161074
0.04859966007974409 -0.029330472274349262 0.9983875982985244 22.264868370281896 -0.007920513435703904 -0.9995486389189964 -0.02897902520959994 -0.19244056072336768 0.9987869334883438 -0.006499371611734832 -0.04881003648435841 4.795181328400441
0.048060340861221185 -0.024728568727931284 0.998538282453392 23.066492169583558 -0.008274538177046166 -0.9996690475479753 -0.02435831259514374 -0.20053718640099027 0.9988101599674789 -0.0070917743332760295 -0.048249052659570794 4.753658595136681
0.04786714445740992 -0.017741492120622978 0.9986961379412791 23.873554496940613 -0.009575774937786918 -0.9998044497825272 -0.017302217470633475 -0.2083764072087703 0.9988078098492398 -0.00873508170506247 -0.0480276725625089 4.71921851728816
0.048055455237807757 -0.013034851079186834 0.9987596136604792 24.69490227389693 -0.01294488866031666 -0.999838998073341 -0.012426093081587104 -0.218520870135193 0.9987607837112248 -0.012331690437392859 -0.04821645291285173 4.681108430489136
0.048394616548025876 -0.01386321132169767 0.9987320824230184 25.525309921554427 -0.014046901152487582 -0.9998142370359012 -0.013197575092941827 -0.22122901481868923 0.9987295157634937 -0.013390399253627651 -0.04858036177970124 4.631921640526626
0.048444584048766635 -0.021474830063627416 0.9985949899484171 26.369700637044055 -0.013540448813511682 -0.9996910959855725 -0.020841517533432122 -0.22004846037764703 0.9987340879945328 -0.01251176569897369 -0.04872039815953192 4.589761159630314
0.0484982825501173 -0.028617153484592536 0.9984132286363835 27.21746109259572 -0.012072337583240396 -0.9995332589608059 -0.02806283835376551 -0.22873833200370922 0.9987503067608868 -0.010692182080032345 -0.048821122348857965 4.538986992969979
0.048605546543928395 -0.03416594372349684 0.9982335343669075 28.064808626822664 -0.009842521696253844 -0.9993826494049655 -0.03372602607739883 -0.23496523731126967 0.9987695558094596 -0.00818586328968783 -0.04891181892321882 4.489106288301373
0.049013157942759185 -0.03458019883475191 0.9981993389083296 28.91204878461428 -0.008205520933884883 -0.9993806996487957 -0.034218220229727564 -0.2437241014902071 0.9987644265664863 -0.006513602538962737 -0.04926655262226787 4.446006694390912
0.04927492172700323 -0.031181969858698262 0.9982983856766112 29.753961534215982 -0.008018250600199409 -0.9994926810140213 -0.03082350169463696 -0.25718277380659743 0.9987530674526666 -0.006485780996774344 -0.04949994847221322 4.404012075268267
0.04978846989396296 -0.028456166414839654 0.9983543233033991 30.593311276339968 -0.007647878748113926 -0.999575590882234 -0.028109572445878934 -0.2706054797679833 0.9987305032971971 -0.006235760210826041 -0.04998496852375699 4.364500576255328
0.049758855789218494 -0.029799229148197194 0.9983166142125054 31.436779374571906 -0.006078343047082126 -0.9995453261133461 -0.02953294416020606 -0.2822215847810661 0.9987427646878602 -0.004598585341286543 -0.049917361674162546 4.3132731691336454
0.049555279527196364 -0.03232323195681637 0.9982482070842134 32.27731718452387 -0.005211852889685986 -0.9994709418538411 -0.03210409598875722 -0.2899139788004853 0.9987577838797744 -0.003611795352025028 -0.049697525832755295 4.266273651782347
0.04953683229714297 -0.030675778260711918 0.998301106317159 33.12019604211974 -0.004718195745810519 -0.9995242640797506 -0.030479241210055893 -0.2997312049058656 0.9987611530665725 -0.0032003349724969723 -0.0496580001731328 4.219081560582809
0.04912211344004351 -0.025456461663734296 0.9984683202439351 33.95335763658506 -0.003816531545713827 -0.9996726335741453 -0.025299402560070225 -0.31376161659312707 0.9987854885099926 -0.0025679257190858963 -0.04920318789831796 4.175885603134332
0.04883430006507597 -0.021374824511180515 0.9985781531829491 34.788749093892115 -0.002604505754617511 -0.9997703122135827 -0.021272972667988423 -0.3221395195019704 0.9988034980349882 -0.0015619518158557384 -0.048878754276235906 4.126117198307361
0.048397269501240334 -0.02206141506358705 0.9985844973111767 35.62723846213488 -0.002975819120344842 -0.999754793588826 -0.021943044381542622 -0.33214785727020624 0.998823732600196 -0.0019096234077674785 -0.04845105296124322 4.089936140021768
0.04786800731651702 -0.024524802025868014 0.9985525464196348 36.46616061363689 -0.004122144142871608 -0.9996948682367435 -0.02435525300194997 -0.3381946850121723 0.9988451640786031 -0.002950340101680401 -0.0479544960360668 4.051733578764579
0.04732022729991069 -0.029436266697322577 0.9984459435999566 37.30821230864912 -0.00421726411549445 -0.9995626652383163 -0.029269317468249092 -0.34883813052862367 0.9988708679162013 -0.0028256794936944453 -0.04742367303081825 4.01005266760913
0.04707688353156966 -0.035001101947772034 0.9982778620701731 38.15170919075229 -0.005281056508408841 -0.9993806662191732 -0.03479072332504375 -0.3631470510454093 0.9988773085214772 -0.0036341229707341446 -0.04723257002454509 3.9869535274612717
0.04711321580526339 -0.038233252251827464 0.998157584411767 38.98761292688053 -0.005152495056907192 -0.9992632226098406 -0.038032403737969206 -0.376803677525156 0.9988762669576124 -0.0033511731747963448 -0.047275500496317215 3.939096193886629
0.046902628448887526 -0.0380936976163844 0.9981728375619605 39.82210372145834 -0.005334771495132571 -0.999267872494446 -0.03788481507835852 -0.3923646439360975 0.9988852204621312 -0.003548126595566189 -0.0470715109167052 3.9041366271645854
0.04671076548540799 -0.03379232451385852 0.9983367083262623 40.65390614804706 -0.0058021955757561324 -0.9994199456565815 -0.033557514066148 -0.4061814882067781 0.998891605187604 -0.00422504766234857 -0.04687974037879241 3.8604714509524034
0.046158244801277296 -0.02961549149698678 0.9984950370934532 41.48226092200372 -0.004769779704842782 -0.9995555678469632 -0.02942645047751323 -0.415262914540387 0.9989227525882233 -0.0034043280585409784 -0.04627898996345096 3.8137518703247255
0.046052852320013195 -0.026877543200795675 0.998577354271906 42.3111512599367 -0.0010929973189948827 -0.9996387230134489 -0.026855703470681884 -0.4301597511667723 0.9989384065847363 0.0001453393748570746 -0.0460655915669644 3.769738568791209
0.046543185134661005 -0.025147905208684995 0.9985996769382288 43.13933548962343 0.002215736810346013 -0.9996779963581429 -0.025278332772540872 -0.44198058272622764 0.9989138213218938 0.003389168185119494 -0.04647247692026988 3.7225516443896702
0.04716248132124684 -0.023299456315527312 0.9986154593691323 43.96481955201952 -0.0002746386075862706 -0.9997281902379271 -0.023312447688679336 -0.4459375104947069 0.9988871932952482 0.0008252145193944991 -0.047156061028659955 3.6813325294198376
0.04840258820744237 -0.01949063667271594 0.9986377243710114 44.79017915281919 -0.0039583644748550926 -0.9998054851913265 -0.019321571675808946 -0.4512933368111055 0.9988200642785994 -0.003017758014055709 -0.04847032423105525 3.646592952635381
0.049134100976865894 -0.01762953968270311 0.9986365902828568 45.61420688401593 -0.008198762491222776 -0.999817644002782 -0.017247000734677907 -0.46364563373147805 0.998758539595436 -0.007340168343128077 -0.049269681487572645 3.6088581864770766
0.0512208885160735 -0.021093889088598383 0.9984645554163358 46.438596255432415 -0.008468366706142365 -0.9997501439509775 -0.02068662455146546 -0.46920580904168246 0.9986514443713356 -0.007395776708426625 -0.051386721455302126 3.576541576142663
0.052860806530067674 -0.027215794399460206 0.998230953070579 47.264683092771584 -0.01077639573124205 -0.9995858822913891 -0.026682076733120123 -0.4734098146955313 0.998543741870147 -0.009346895685453748 -0.053132204104580555 3.536973656171222
0.054556943926513564 -0.030920461818412123 0.9980317955407706 48.08216439735418 -0.012782647666324046 -0.9994601421727236 -0.03026595656378409 -0.48112469338226427 0.9984288376184045 -0.011106270707053924 -0.05492273630240708 3.4902994815261943
0.05612290561164832 -0.030062564613756084 0.9979711727673043 48.89383637958988 -0.01306183375376769 -0.9994831578841147 -0.029373552815246978 -0.4879905027302741 0.9983384235642218 -0.011386804417610417 -0.05648657115155886 3.4455098755694586
0.05723637546966951 -0.026448374826409698 0.9980102608651554 49.698504329186065 -0.010101878012322079 -0.9996131981300996 -0.02591150680183532 -0.49130068291482965 0.9983095458742842 -0.008598697178011 -0.057481414588731836 3.392794822260167
0.058758840330045276 -0.023014389746330677 0.9980068820141829 50.498151664919504 -0.005701973831205006 -0.9997256452039525 -0.02271831454954794 -0.4973063555149586 0.998255922185036 -0.004355707307422965 -0.05887394700846507 3.34310132241329
0.05995628483162498 -0.02167835941382051 0.997965576882446 51.2967378790556 -0.0012832816857991734 -0.9997649966120803 -0.021640349751447012 -0.5012179342921612 0.9982001788706032 1.680402568227015e-05 -0.05997001434317619 3.284654182564874
0.06079477001434846 -0.022682692484974388 0.9978925249747758 52.09240801240554 0.00020188441460530478 -0.9997414601760851 -0.022737019322579145 -0.5071631182277393 0.9981502668344009 0.0015837508087712992 -0.06077447286311983 3.2204170693141805
0.06178523943650355 -0.02405051956715462 0.9977996575948114 52.88769214168231 5.1687297570138474e-05 -0.9997095573782419 -0.024099755497228266 -0.5141503002570866 0.9980894656874189 0.0015405827315746396 -0.061766051263213884 3.1697971295981184
0.0626588742625926 -0.02366932833508746 0.9977542925852583 53.675724436834614 0.0019254412361727593 -0.9997140104641135 -0.023836735468764886 -0.5176686517889301 0.9980331448164389 0.0034147002690797733 -0.06259538057941398 3.112528685610071
0.06305271155469977 -0.02349622934109451 0.9977335730405934 54.45988571235491 0.0031069281841910874 -0.999713357662252 -0.02373919773133981 -0.5239376420322374 0.9980053619910356 0.004596707345487362 -0.06296163688089612 3.0590951642510666
0.06346438573641171 -0.025067988138261433 0.9976692175835629 55.240301389427344 0.0015266053602151885 -0.9996808694286188 -0.025215645431321834 -0.5316715573917531 0.9979829363366761 0.003123342623530475 -0.06340586338566745 3.000683580104064
