1.0 0.0 0.0 0.0 0.0 1.0 0.0 0.0 0.0 0.0 1.0 0.0
0.9999999993527988 -3.289944841927839e-05 1.4561203026736589e-05 -0.09166633755167294 3.289895368959168e-05 0.9999999988816853 3.397481654507868e-05 -0.0004128550147814688 -1.4562320763144345e-05 -3.397433747476012e-05 0.9999999993168416 0.0015235601815874063
0.9999819343917365 0.0003769012344594832 -0.005999069562877743 0.0027127406084714867 -0.00037693135604943256 0.9999999289538063 -3.890415488131867e-06 -0.00042908804939787966 0.005999067670364317 6.151582630761666e-06 0.9999820054127196 0.0018059689002700233
0.9999245699353188 0.0008060211657430403 -0.012255805544642706 0.10075951044471937 -0.0008061258350624094 0.9999996750740351 -3.6003421030563277e-06 -0.00048699498359243507 0.012255798660461358 1.3479792008041979e-05 0.9999248947883483 0.0026991534482380592
0.9999006701605909 0.000824588672645142 -0.014070176470890903 -0.002657666524109009 -0.0008212933736018893 0.9999996339430711 0.0002399810793222087 -0.004509810186710519 0.014070369206085008 -0.0002284014993392 0.9999009813692351 0.016671233477505026
0.999772535820582 0.0010533709513312064 -0.021301808104518403 -0.108553517556445 -0.001042873231969874 0.9999993292440145 0.0005039116425103111 -0.013106909541504435 0.021302324622089405 -0.0004815819351973039 0.9997729637495378 0.05989879227559124
0.9995852009337853 0.0014933272424282494 -0.028761016114013528 -0.2285211133818854 -0.0014768643310813412 0.9999987332322505 0.0005936376352584833 -0.0168842377844849 0.02876186617573877 -0.0005509152760972795 0.999586140133229 0.10427679356700084
0.9991780291282695 0.002326277049670855 -0.04047041564445214 -0.3544937333104188 -0.0023153069064959977 0.9999972691323461 0.00031793360783304394 -0.012469548688957891 0.04047104472675837 -0.00022397084281790768 0.999180686550629 0.16714311201321252
0.9988007779642787 0.0027279234092497263 -0.04888317064005199 -0.5019960174011595 -0.0027335148843602034 0.9999962628114978 -4.753330358442772e-05 -0.008351667592272934 0.04888285828721719 0.00018109917513862829 0.998804502076738 0.21293097103134698
0.9975935221990038 0.0025940741182674865 -0.06928517334938414 -0.5042189063223865 -0.0026101296913034065 0.9999965836366365 -0.00014120216062021986 -0.005661996002386434 0.069284570357186 0.00032170564888155313 0.9975968849269204 0.37884505187754214
0.9974227512826199 0.0024295479691323154 -0.07170740910445851 -0.6778451432913655 -0.002332378104252869 0.9999962449416676 0.0014387894019766726 -0.01822316013350405 0.07171063544682407 -0.0012678324929279198 0.9974246725264934 0.37275584065837586
0.9973540240688076 0.0028059520611669075 -0.07264349459370953 -0.8585063385021419 -0.002852926163804533 0.9999957830344687 -0.0005428863451355976 -0.00390591055692583 0.07264166494553767 0.000748696407289575 0.9973578234353153 0.3598993473746165
0.9953596314953259 0.004723754730292901 -0.09610874117756624 -1.0466219579053468 -0.004789559841276476 0.9999884269281549 -0.0004540113226238395 -0.003184447060077936 0.09610548426606683 0.0009122231099212698 0.9953707368327553 0.3439693242733823
0.992133621214877 0.005996711864354035 -0.1250396621151478 -1.0437340691145423 -0.006090428930693158 0.9999813857333217 -0.0003672360355386383 -0.008967029957637321 0.12503513238484054 0.0011258923934097283 0.9921516759224991 0.5407315809513078
0.9882505689058172 0.0062948392115450775 -0.15271276324076213 -1.129025830349064 -0.006404446568118776 0.9999794658203427 -0.00022583582113647348 -0.018571107457375346 0.15270820580926356 0.0012012231111626567 0.9882705909524743 0.7267246505284086
0.9829160923551553 0.0071646743577568495 -0.18391471618828917 -1.3379728703347165 -0.007274306151170663 0.9999735387974281 7.858096107313448e-05 -0.017121087105101664 0.18391041259072502 0.0012606134600677507 0.9829422012480762 0.6910425021843414
0.9763400899793555 0.007720478459667756 -0.21610280634794546 -1.4050756931370427 -0.007968137697218693 0.999968216135628 -0.00027477293907641185 0.0018305143147281286 0.2160938163871007 0.001990208753797562 0.9763705759538097 0.8983628444996183
0.9681656764812928 0.008855586560593947 -0.25015355578162085 -1.4966676897668343 -0.009056101468842953 0.9999589316119805 0.0003494504437094 -0.00833978843451139 0.2501463769669805 0.001927090058719612 0.9682061125680828 1.101524084958915
0.9677801521026799 0.008305399561622987 -0.25165968595354227 -1.7136325021399323 -0.007880509822198942 0.9999653135875514 0.002696142928745279 -0.02113218866516011 0.2516733493261771 -0.0006260669866632912 0.9678120340639872 1.0466910891954546
0.9589694497296527 0.01399487661086279 -0.283163800500441 -1.866025320510949 -0.012645508109749888 0.9998983089289304 0.0065926417854712096 -0.11138876693483574 0.28322726847860724 -0.0027413919296621157 0.9590489034248644 1.1958987626631932
0.9651284557823763 0.011461337237652665 -0.26152571878851677 -2.0970985590537725 -0.009871726562998537 0.9999239569071592 0.007391171611811879 -0.11543829232634956 0.261590544274427 -0.004551719659058653 0.9651682076168663 1.1567225692067074
0.9533688080290393 0.010816406176478322 -0.30161386114486566 -2.323865390808685 -0.00886468918482157 0.9999299817609484 0.007838932402208577 -0.11322359724286046 0.30167753175028694 -0.004799680507630643 0.9533979389027853 1.090144147821822
0.955694034148218 0.010199500812626905 -0.29418511736095354 -2.5546554994464072 -0.007218877483362706 0.9999110415699654 0.011215915225590588 -0.12731701232461234 0.29427334385123133 -0.008595296948951685 0.9556826460541042 1.0192800875423436
0.9406897074998286 0.012554932457844857 -0.33903576194092844 -2.667171761977124 -0.008222392144188906 0.9998651905374871 0.014212424805858577 -0.13308107423549576 0.3391684927455883 -0.010581796747904222 0.9406661252039811 1.2439216153216146
0.9642806809546575 0.01770548409077879 -0.2642901514826714 -2.9293498778724696 -0.012419336198208881 0.9996882770777399 0.021658918757325167 -0.1409299341039323 0.26459124782580795 -0.01760296868291627 0.9641999829223863 1.221502303790279
0.9511333703045685 0.022099002726629288 -0.3079885484422449 -3.1013603543724164 -0.01588059420975195 0.9996165807623578 0.02268255260146688 -0.13405130970651613 0.3083717214995854 -0.01668309154388203 0.9511196327675717 1.4265403668959022
0.9332863266078866 0.022534810594743725 -0.35842546628025246 -3.2451558785729477 -0.015428412810179903 0.999623839189612 0.02267474811282243 -0.13136624136130626 0.35880161182039877 -0.015632096317522205 0.9332829372274003 1.6604966895583722
0.9115073014823969 0.016687813774514434 -0.41094519855536227 -3.40841169890158 -0.008780945752940549 0.9997383660814447 0.0211209463918559 -0.10483435913696099 0.41119014377288154 -0.015643409354448926 0.9114153550428071 1.8889961120884746
0.8737237241067906 0.012057394060462433 -0.48627304385646525 -3.153520673987444 -0.00013333863586523567 0.9996986320099346 0.024548469978272362 -0.13118529800634582 0.48642248730272464 -0.021383741626214026 0.8734620194606597 2.032998347953979
0.8735864950138418 0.011976375414259714 -0.486521533091155 -3.419192441348596 -0.00010473374329218324 0.9997017590662096 0.02442093263513249 -0.13049312241959335 0.48666890671202145 -0.02128284172434165 0.87332721009245 1.8855571006357117
0.8325882608792384 0.01503924774862141 -0.5536881874062701 -3.4059230792365427 -0.00011331680679586625 0.9996359223330993 0.026981659336591166 -0.15846833628719476 0.5538923857622406 -0.022401870645331036 0.8322868382872596 2.2014183274037786
0.8083249124367118 0.011699477173835352 -0.5886203854506243 -3.653258400414415 0.0011782112735888143 0.9997683802512469 0.021489478076339108 -0.06316800249847607 0.5887354650030671 -0.018063999658369564 0.8081239039676805 2.0104625436614465
0.7724831625893339 0.014929227390853573 -0.6348597338668545 -3.9199516683573514 -0.0031778100190760017 0.9998019790696498 0.019644443791938356 -0.06283379003871856 0.635027294720049 -0.013157538444714931 0.7723776370031773 1.804004997732028
