0.9989683436396379 0.00045379107010331827 0.04540971789763833 0.031278045576029784 -0.0005134646291882793 0.9999990199771494 0.0013024587576910432 -0.010939673086024171 -0.045409082350923724 -0.0013244313517914161 0.9989675976334976 0.9967374176796856
0.9953936077810636 -0.004946441887062842 0.09574496488722425 0.16232664677314862 0.005311669732070416 0.9999795557289485 -0.0035600967391274654 -0.030542833085865397 -0.09572539763957788 0.004052263169199307 0.9953995315499963 1.9908635193784137
0.9903299753114517 -0.004191299610657795 0.13866857252886325 0.30888160207804194 0.00542731749915361 0.9999488345318099 -0.008536541643903621 -0.05436739013167431 -0.13862569828275806 0.009206591445720811 0.9903020521283237 2.9808420232272104
0.9894274045576185 -9.421279411714247e-05 0.14502897032773723 0.2545615154658939 0.0017236773922243466 0.999936798339969 -0.011109827265062449 -0.10001257680760345 -0.14501875756819116 0.011242350713325707 0.9893650334956337 3.971666836916538
0.9827866566639577 -0.0015309710285945973 0.18473776985497187 0.6444458396565789 0.0038154283216940777 0.9999205849183421 -0.012011093342500003 -0.12050517976353961 -0.1847047102539644 0.01250919598814558 0.982714449891589 4.921021171238978
0.9760255514769275 -0.013840304125801206 0.2172154894243587 0.9580046119729029 0.01898293588062662 0.9995863195453379 -0.021606432448622877 -0.13997448396190834 -0.21682659202577154 0.02521181785413769 0.9758845183888194 6.228500157990363
