1.0 0.0 0.0 0.0 0.0 1.0 0.0 0.0 0.0 0.0 1.0 0.0
0.9998169075988054 -0.01267670101181391 -0.014333615420364876 0.7847991746277481 0.011893383767797711 0.9984984694269531 -0.053472927492181306 0.6235196221150268 0.014989953372633667 0.05329266181651344 0.9984664208146397 -0.0030521923460173016
0.9955568651186302 -0.015787807764580924 0.09282927039007786 0.34612650345377954 0.02140126310461854 0.997981552254725 -0.05978969222848248 0.5896266813588807 -0.09169795119135676 0.06151070220082358 0.9938852646367533 0.8947286309096052
0.9923478513994666 -0.012685968901545809 0.12282022641198426 0.8469131518445084 0.020372010045477968 0.9978974622684065 -0.0615275223374164 0.4616612546824663 -0.12178145601678858 0.06355879947972068 0.9905198412849323 1.7525195420113127
0.9878124105542554 -0.010235998367356572 0.1553121562931067 1.3527097607836889 0.020403750061763048 0.9977403712074261 -0.0640143628124555 0.39892387188096184 -0.15430595755967444 0.06640313245842437 0.9857891739420254 2.605552106344162
0.9795214425853782 -0.012746596595520378 0.2009359793334447 1.5642790601214995 0.025927140648835306 0.9976703010101954 -0.06310113992632477 0.3172277224762573 -0.19966353421001787 0.06701861500700511 0.9775699352728211 3.578015848703608
0.9925359074464207 -0.013355206773474397 0.12121926778176707 2.511377879707994 0.02241748186136884 0.9970279921774333 -0.07370644016387665 0.3478081213103937 -0.11987463842074862 0.07587371920944479 0.9898854730709108 3.8728369610858886
0.9869113131273672 -0.017293369223955843 0.1603340244679821 2.797934707307258 0.030062792400570932 0.9965341524474806 -0.07756230733327647 0.29819095982186444 -0.15843701756311793 0.08136720707180131 0.9840107159370972 4.820436111879023
0.9785919242263043 -0.01981980003386869 0.20485365841418726 2.9852566947554044 0.036585810908870385 0.9962517579710014 -0.07838311795169643 0.2070376526705615 -0.20253227959809136 0.08419982343393977 0.9756490483029714 5.785906004324447
0.9698628573505419 -0.02140754926505159 0.24270919794335488 3.4573770645534663 0.042011656112277335 0.9959061971921955 -0.08003666125522452 0.13080917571749168 -0.240002205578503 0.08782120033707234 0.9667917966598649 6.649697194379759
0.9560602344163811 -0.02086186049578045 0.29242710364182856 3.644507304797069 0.045503152388029273 0.9959364803435587 -0.0777173741426985 0.04737664777960349 -0.28961749134064046 0.0876088460004981 0.9531245452783256 7.61301272137697
0.9675079460128284 -0.024366215693085846 0.2516637874920339 4.453511163293888 0.046403111973112296 0.9955511091559242 -0.08200451364175043 0.03835327151252738 -0.24854602310487364 0.09101800146788133 0.9643342770054086 8.168993897561387
0.9545240541955785 -0.024419619207137862 0.2971321459549848 4.752337780552123 0.05027251153634418 0.9955520393863911 -0.07967942932417296 -0.04830375455907868 -0.2938647725500016 0.09099351114984033 0.9515060043860782 9.097991721987201
0.9393957360657209 -0.024989559177215022 0.34192275881209 5.067209029956599 0.05486070908152629 0.9954450104631629 -0.07797136489164422 -0.14975861393739592 -0.3384168341862065 0.092004092713978 0.9364877432530888 10.016365006824486
0.9001937559996143 -0.022402676577829482 0.4349130047968855 4.629747698486408 0.06063991562052228 0.9953949707585104 -0.07424050661330765 -0.24040405195893716 -0.43124703163365957 0.09320392840869858 0.897406833847583 10.882528138911466
0.8751563318051299 -0.0215969153145982 0.4833580123989702 4.944565178265708 0.06505661001811845 0.9951840087986928 -0.07332411693511257 -0.34985068010491976 -0.4794465897202101 0.0956156989215562 0.8723466087086043 11.790122757803092
0.8419396169021395 -0.021184865308456813 0.5391557131038683 5.045848580852743 0.0709344959131328 0.9949022756529282 -0.0716781639704518 -0.4279369543757222 -0.5348887536490444 0.0985934246412395 0.839150378559936 12.750093757311669
0.743252749692495 -0.018914889546849906 0.6687432818563305 4.506519513592606 0.07588666106925275 0.9955323135889568 -0.05618387021183017 -0.5614768996098171 -0.6646928348841333 0.09250751079588017 0.7413675172949273 13.539191991570203
0.6156538635376437 -0.007388102991347281 0.7879820659414535 3.726279969820822 0.08731786963129719 0.9944378382817816 -0.05889800876523259 -0.5201820832856233 -0.7831640377048887 0.10506570195666554 0.6128746106000221 14.098107457733466
0.5772581683977318 -0.007871096670018065 0.816523761353769 4.485959648237116 0.09372567152196318 0.9939833656261846 -0.05667951443158409 -0.5888374250074153 -0.8111649064868705 0.10924795053297026 0.5745227408801958 14.674440876347058
0.5384524127672871 -0.006034430479016114 0.8426343126373864 5.2810557831850105 0.0955455980466314 0.9939627211142376 -0.05393651573000044 -0.6618968476977964 -0.8372216181388289 0.10955224636663076 0.5357781886536876 15.194241045055001
0.4948029389523813 -0.003009192861985509 0.8689999979070224 5.988282690366049 0.09955657689669102 0.9936062257504462 -0.05324618433810346 -0.7176972150770831 -0.8632835800597042 0.11286103361334869 0.4919388656032652 15.829056740298967
0.45424387910609887 -0.000858496707989472 0.8908769619190103 6.84292159475252 0.10586854658252691 0.992965421096211 -0.053023799861273826 -0.7743139062887556 -0.8845644968791974 0.1184015856761533 0.4511393524956845 16.246470304495688
0.41362836190473984 0.00024200559187396336 0.9104457807367194 7.708018867736891 0.10911393106792942 0.9927791971201715 -0.04983588879845047 -0.8313830814623461 -0.9038836917850134 0.11995585520816347 0.4106152268564495 16.640971882649275
0.3697939413459197 0.0002797128296624351 0.9291137512191836 8.501187265146488 0.1148052735893426 0.9923227696244633 -0.04599206497768111 -0.8874859775716415 -0.921993595476632 0.12367474538307313 0.36692283555879346 17.1798941527544
0.33171652552469255 4.8446329288066815e-05 0.9433791095560567 9.418968215854319 0.11986857917136033 0.9918924829376948 -0.04219983434961397 -0.9322761893671891 -0.9357326917561798 0.12707989591059915 0.3290213209414946 17.470252343092028
0.2954395303935378 0.002561151834017833 0.9553580084879848 10.345448726574618 0.12231082507240773 0.991665886798343 -0.04048247806846242 -0.9869195543567157 -0.9474996284700871 0.12881075056741098 0.2926640473090392 17.734995396551366
0.2157217420776394 -0.0013207576991984531 0.9764539853951583 10.487905951039416 0.12541173376771977 0.9917543979780682 -0.026364960165621957 -1.231669872474029 -0.9683677127147328 0.1281462823895421 0.21410862495793284 18.670117865773992
0.13426174924429235 -0.005233569010035504 0.990932082660199 10.692076340297865 0.1307364910520786 0.9913386272854278 -0.012477818688953132 -1.453494368775001 -0.9822839470322483 0.13122627712185472 0.13378307664082792 19.610154846185573
0.10005839932921691 -0.005113750828301589 0.9949684247633894 11.67964511482382 0.1312769283343243 0.9913125881851202 -0.008106823843148096 -1.4779776455165734 -0.9862832680375246 0.13142755440996837 0.09986046830971275 19.71098128322526
0.06635522694711617 -0.0024439998637644563 0.9977930700909192 12.669537491608402 0.12848336345262146 0.991692809246294 -0.006115341780813696 -1.4922145477387676 -0.9894892668304687 0.12860559456672366 0.06611801474213512 19.78536970687207
0.03448789929743155 -0.0007671013772117185 0.9994048210597779 13.669402642896863 0.12820739000162484 0.9917406150033687 -0.003663018115196497 -1.5020259782607326 -0.9911475419689146 0.1282574134629966 0.03430139852484786 19.82227066684946
0.0036082348697852222 -7.982381031026314e-05 0.9999934871134327 14.684898464235577 0.13009288222694557 0.9915017345869134 -0.0003902627693153082 -1.5064470415496831 -0.9914952458963232 0.13009344310649304 0.0035879556417425253 19.816117000034073
-0.027963143217532252 0.0001723580354135304 0.9996089399930869 15.711939650062721 0.13160023130416565 0.9912966537390382 0.0035104709764726236 -1.510505871148039 -0.9909083922048928 0.13164693151947818 -0.02774245265689286 19.814803679313673
-0.04647810424265593 -0.003433274331637145 0.998913408886562 16.668374186461012 0.12899690607917663 0.9916003461553655 0.00941019269518412 -1.6072811805551892 -0.990555189804187 0.12929410710440029 -0.045644822489160644 19.41969531704544
