0.9728381709115619 0.13918297823400738 -0.1849702456811868 -0.09111516951206478 -0.03581602921932626 0.8799338088740911 0.4737443446114105 0.21508990547423723 0.22869872161515714 -0.45425168196743787 0.8610181787635767 0.960240849338907
0.999524353411376 0.011722313400532994 0.02852462630974268 -0.3322665526855767 -0.012286274314058696 0.9997309006133188 0.019676733020555337 0.908533971743435 -0.028286293519131908 -0.020017835233166303 0.9993994055789344 1.7481725266637262
0.9947915189528649 0.024560098295397167 0.0989274248688014 -0.27738869969866414 -0.01640099777230179 0.9964594000170692 -0.08246011999564085 0.9733227906371577 -0.10060239108254275 0.08040811954860635 0.9916721702352709 2.754036455146925
0.9799303666018635 0.002186040406793561 0.1993281160270104 -0.17383173423372889 0.014805135095753494 0.9963800136268971 -0.08371186546518422 0.8255085905513693 -0.19878954848365138 0.08498287870038587 0.9763506674046273 3.745353403677979
0.9799692159438531 -4.027308028169184e-05 0.19914902505528012 0.15442091666849142 0.005565765267047431 0.9996149037340057 -0.02718577734490194 0.6107551801012702 -0.19907123865436147 0.027749641636126865 0.9795920576085153 4.671218608610848
0.9253073839063534 0.19631333350678118 0.324449257012303 0.27207393333125895 -0.1084997395690761 0.9568601767908472 -0.2695299771551045 1.0491035333984673 -0.3633649017197766 0.21419541815651397 0.9066897325099326 5.83228459741997
0.957048323653086 -0.02265525824732098 0.28904194413019874 0.8017930100576851 0.031115960186079497 0.9992103046022001 -0.024709597294914204 -0.012766406360267546 -0.2882538867292444 0.03264209629490292 0.9569974871100541 6.437115578557665
0.9347039619630487 -0.026042109736423614 0.3544718776025195 1.047767599949339 0.04154029381808686 0.9984814998081252 -0.03618146667043692 -0.017699740848331494 -0.3529913702629095 0.04854382619234915 0.9343664107075554 7.424924044433084
0.9297391947065108 -0.026743763708184348 0.3672462401838981 1.5436711051255045 0.04223864021596671 0.9985213948363714 -0.03421872771938377 -0.07248493964025295 -0.3657880904283169 0.04732647416349558 0.9294940977456807 8.282057633045973
0.8953162976326042 -0.021832676733890423 0.4448955623740017 1.8148736415813085 0.04586611851941146 0.9980075974088233 -0.043325912410832446 -0.0642297762383364 -0.4430632306628582 0.05919602808382736 0.8945338472599509 9.2928707266509
0.8770334456664648 -0.02704102455706238 0.4796677164176388 2.330493592045171 0.04795392425057728 0.9983559405351231 -0.03139804368426552 -0.16180316748677326 -0.4780300788981565 0.05053908377813657 0.8768882737723709 10.137760130034032
0.8533118275284252 -0.027083991226095862 0.5206970159501244 2.8574691250856397 0.04941129729615098 0.9983560972778286 -0.029045253100865462 -0.1997035783174919 -0.5190543793280338 0.05051297306085557 0.8532473210347293 10.98681452830001
0.8277984303547009 -0.027436034180544626 0.5603543724561607 3.4026130068469427 0.05168198282449671 0.9982857003328449 -0.027470587221410967 -0.25306076891310975 -0.5586400731720038 0.05170033403571698 0.8277972844283636 11.82341688703842
0.8007420830216839 -0.028989165917617802 0.5983073998685756 4.0055872090332825 0.05549200637677822 0.9981229844581857 -0.025906468778344276 -0.287934188780099 -0.5964333606584847 0.05394567782208836 0.8008477446668255 12.620418430601363
0.7552602209078726 -0.0409718084816275 0.6541431874016089 4.553956047233974 0.05809041134464548 0.998300993434658 -0.004542093920697741 -0.46926948898837134 -0.6528456960293154 0.04142990969238761 0.7563570980422402 13.514437081070385
0.8072285992910223 -0.024028655128254445 0.5897496182443711 5.774616599681146 0.06232140158138667 0.9970555580650468 -0.04467949234860416 -0.1717032489519086 -0.5869395466243398 0.07282058681667478 0.8063492610178848 13.52188184513376
0.7317968107332906 -0.02248558656148179 0.6811518378434948 6.079230166736488 0.059486976444703396 0.9977484469458459 -0.03097315370800304 -0.3325980143482786 -0.6789217388138721 0.06318571843493116 0.7314867309471919 14.765845994559333
0.7011857780788607 -0.025968244866652206 0.7125055472615552 6.825915611963312 0.06502240812544595 0.9975010997915466 -0.02763407961598968 -0.4133594675007777 -0.7100074584548464 0.06570545010271614 0.7011221026078756 15.425064908290947
0.7430326714575547 -0.5452619764285723 0.3880616268169997 10.834800314039734 0.29514070441851925 0.7873795824360812 0.5412257918448845 -5.4998324008796855 -0.6006616466380964 -0.2876156640796689 0.7459777584043782 15.449069502101445
0.6238600444644011 0.08274059295902841 0.777143898642757 7.860233035562534 -0.02006130349947942 0.9957477916026971 -0.08991039773159332 1.5600664681339709 -0.7812785604525295 0.0405009851132028 0.6228671456916655 17.19185498281438
0.9812532265522794 0.15176116098837522 0.11878827970890588 14.43265570894388 -0.11816334559239874 0.9606815540322716 -0.25125360793539003 3.3742240776883987 -0.15224824839436474 0.23250699292193283 0.9606044810967972 13.236813871798041
-0.4649731318264583 -0.16698375283077388 0.8694345363338439 13.741516186579428 -0.16431225363954174 0.9812662855119556 0.10058807196414148 -1.0674841627645746 -0.8699433717107045 -0.09608799721151184 -0.4836999346790224 31.228191356338588
0.37958550077047826 0.23122993377797182 0.8957943767014057 9.340397528592598 -0.1890816991856916 0.9672140861880865 -0.1695435711326017 2.140056672980254 -0.9056284881991489 -0.10502204151690557 0.4108617920392989 22.48565961167673
0.44292260469599026 -0.1251821548552878 0.8877775590513124 9.939246265617616 0.01782148640832079 0.9912381049304708 0.13087938705558622 -1.975269503103621 -0.8963827089315798 -0.04214792331342968 0.4412726953810387 22.02589744120679
0.46086916162408603 0.02779837945596715 0.8870326183199434 10.78025095756326 -0.07086932241514059 0.9974701029801132 0.0055617264639633845 -0.12463103070367916 -0.8846339101596381 -0.06542662883309178 0.4616732624218184 21.672740241945753
0.45251540977995486 0.06824025685604013 0.8891417610572012 11.744051142052756 -0.08072216562870128 0.9961089664205168 -0.035367484966574145 0.32667564711092445 -0.8880955668664781 -0.05576911655091896 0.4562631584417455 21.72408091547181
0.38519996425401265 0.06037819394067304 0.9208558308634256 12.63901324385883 -0.07665083970111668 0.9965026083736191 -0.03327461912157181 0.2099297467607137 -0.9196442987980844 -0.0577669905831558 0.38848080838973753 22.631888147245448
0.3501845038384548 0.05601793686730017 0.9350041732637061 13.572201334060601 -0.0732169280230146 0.9967929147180667 -0.03229809001677758 0.1289825839281295 -0.9338148075085801 -0.057147842627612154 0.353162893521844 23.020374020253897
0.30062271672891605 0.26267755139165017 0.9168568515212246 15.148837821735759 -0.13044054724605222 0.9636152443397459 -0.23330436024686785 2.8906582205940374 -0.944781057081838 -0.04945871885660601 0.3239484361875923 23.311300824475392
0.34422873255390324 0.27477060471843784 0.8977793127862758 15.92770848483515 -0.21164996895995547 0.9543144797949891 -0.210922175915354 2.530681167516927 -0.9147190116771284 -0.11740949040125187 0.3866576537974317 22.209613758388926
0.12460548293156597 0.13554713054060621 0.9829040894337551 16.91077389721048 -0.009110648538779076 0.9907391977880431 -0.13547264686831045 0.11356537047477047 -0.9921645376179256 0.007925740880883506 0.12468645846640652 25.959098289978794
0.2309559214888508 0.011439706269565253 0.972896960345597 17.138052975837383 0.06779395705928405 0.9973113885476117 -0.02782038208718951 -1.8639202826186954 -0.9705994754354024 0.07238181673389593 0.22955942779772884 24.10098553469945
