1.0 0.0 0.0 0.0 0.0 1.0 0.0 0.0 0.0 0.0 1.0 0.0
0.9991174526834355 -0.0004304710384935562 0.04200155280520011 0.04087263222646724 0.0005142760433391164 0.999997898639872 -0.0019844989270943526 -0.017624156020242775 -0.0420006102754977 0.0020043479052822776 0.9991155745587996 0.6047411888295608
0.9961657884320484 -0.004853435013397466 0.08735082212621778 0.08298587088573926 0.0054768724206035995 0.9999612036424468 -0.006898918642622889 -0.028272632662560884 -0.08731394977919532 0.007350876037577123 0.996153722472308 1.1028465896606332
0.9912507627090824 -0.00445010945337443 0.13191710258535608 0.15398840640531525 0.005913670526261233 0.9999252144681847 -0.010704857386331874 -0.042163024653762524 -0.13185959930763175 0.011391312330362226 0.991202947974744 1.5935637587937754
