1.0 0.0 0.0 0.0 0.0 1.0 0.0 0.0 0.0 0.0 1.0 0.0
0.9999710028644548 0.006015727917245622 -0.004669523303522836 -0.023405859376807652 -0.006025070012267368 0.9999798706635005 -0.001989170469385362 0.054450348470935994 0.004657463000792133 0.002017246993967258 0.9999871192935245 0.06994665412565994
0.9999069446746437 0.0064370809882572655 -0.012027717147072394 -0.022278248820166775 -0.006461899844215588 0.9999770698312611 -0.0020257497595943695 0.053976123023833686 0.012014401434224225 0.0021032831563503147 0.9999256124123141 0.16431823737986762
0.9997846334419743 0.006627133616630195 -0.019666413839963426 -0.027631941813826735 -0.006681059983701442 0.9999740965625387 -0.0026776186115226065 0.05331473594322901 0.019648159475929506 0.0028084344325476056 0.9998030118604597 0.262220599527413
