1.0 0.0 0.0 0.0 0.0 1.0 0.0 0.0 0.0 0.0 1.0 0.0
0.9991174526834355 -0.0004304710384935562 0.04200155280520011 0.04087263222646724 0.0005142760433391164 0.999997898639872 -0.0019844989270943526 -0.017624156020242775 -0.0420006102754977 0.0020043479052822776 0.9991155745587996 0.6047411888295608
0.9961657884320484 -0.004853435013397466 0.08735082212621778 0.08298587088573926 0.0054768724206035995 0.9999612036424468 -0.006898918642622889 -0.028272632662560884 -0.08731394977919532 0.007350876037577123 0.996153722472308 1.1028465896606332
0.9912507627090824 -0.00445010945337443 0.13191710258535608 0.15398840640531525 0.005913670526261233 0.9999252144681847 -0.010704857386331874 -0.042163024653762524 -0.13185959930763175 0.011391312330362226 0.991202947974744 1.5935637587937754
0.9839809491939193 -0.00208763411952548 0.17826141872883286 0.22440743236583865 0.0044842818873891506 0.99990488491281 -0.0130427122737021 -0.05265684896380677 -0.1782172349672941 0.013633154854366574 0.9838967193000133 2.003401069680428
0.974548992367956 -0.004484087408375376 0.22412977141539148 0.43730540473007723 0.007639187313207608 0.9998835364740466 -0.013211975830570459 -0.07391912867994915 -0.2240444248174797 0.014587887039180809 0.9744697477397319 2.9242914198291903
0.9630306778085314 -0.005075412155074638 0.2693439321594171 0.5061995510904209 0.009319343783197214 0.9998517258081974 -0.014480201304536772 -0.08147992157505231 -0.2692305024158503 0.016454986776823787 0.9629351847238128 3.1730344605036205
0.9495319040721474 -0.007527456983132792 0.3135801341610934 0.6764342450994738 0.013561361849941075 0.9997624076407087 -0.01706510278986023 -0.09832896200188337 -0.3133771730900278 0.02045643321355456 0.9494083851147946 3.694051147148583
0.9344966421766432 -0.00918579638631793 0.35585340648268077 0.8640945886318693 0.017113080465529396 0.9996704378623669 -0.019135259105753 -0.10932264437736273 -0.35556035807941144 0.023971583360577066 0.9343458647383355 4.1767357044564655
0.9172413309791494 -0.009070635125287815 0.39822865833842575 1.2348927796499864 0.01855040994453439 0.9996287069297073 -0.01995822068550516 -0.13845354210370622 -0.3978997650596046 0.025693809769388058 0.917069029629202 5.035529153189478
0.8978603793081092 -0.009484431976201697 0.4401781285102511 1.6454335005927616 0.019635732458141437 0.9996357807449499 -0.018513342898219202 -0.1672805445977765 -0.4398422186188256 0.02526561704220887 0.8977195950384207 5.864914404707596
0.8761768397919932 -0.009219313764241843 0.4819015974925094 2.1142951487263937 0.020149489701092357 0.9996436212706143 -0.01751081145345 -0.2024055605752856 -0.4815684203484504 0.025052638717092526 0.8760503534708547 6.703961075361505
0.8523322348302499 -0.009505729880647806 0.5229143357842736 2.6010145861934943 0.02117574093840702 0.9996421691132463 -0.01634385897740869 -0.2304058000219297 -0.5225718605751573 0.025003496355512148 0.8522285349042349 7.502351869788303
0.8269324383006669 -0.009901073638894349 0.5622141151082131 3.13750261182653 0.022989933431674353 0.999604257412953 -0.016210845835616064 -0.26363020236924584 -0.5618311182614588 0.02633053935444772 0.8268328109420809 8.287698837376915
0.7996603169691224 -0.01137507296666081 0.6003448885264584 3.666709092414954 0.026158828393866233 0.9995312647915248 -0.015904917519917853 -0.2883300110601763 -0.5998825661426603 0.02842285030144364 0.799583046605441 8.993886941171462
0.7708090072235785 -0.010118893148276515 0.6369859357823019 4.219856294957493 0.026726585560641013 0.9995071956150409 -0.016463764394157292 -0.3154979002634136 -0.6365054312472684 0.029714877001433965 0.7706995926283591 9.675238908449623
0.740270036628524 -0.012982012806201213 0.6721843052418756 4.806653072276086 0.031338511257725035 0.9993930721705402 -0.015211344768922507 -0.33848493107465966 -0.6715788640079088 0.03232575816634799 0.7402275830964541 10.32487012646191
0.7082247421694844 -0.01196667464133404 0.7058856233675505 5.472065942513435 0.031443883468504526 0.9993987991593067 -0.014605561658310324 -0.37000697723593506 -0.7052864643330301 0.03253980542295929 0.7081752355820201 10.997854527097157
0.6742668049345857 -0.01076733009334412 0.7384093311747664 6.170799627299021 0.03277344370928248 0.9993448585994962 -0.015354314644015406 -0.40041149512345037 -0.7377602436772668 0.03455312132664575 0.6741779473224012 11.629371535846598
0.6388173509622178 -0.011725693524437463 0.7692690688055674 6.873005888985093 0.03731155239803799 0.9991794904973166 -0.01575416856490124 -0.42356563953685794 -0.7684531476721682 0.03876665939817132 0.6387306990836148 12.212002820713641
0.6022080352880754 -0.009960810774031218 0.7982770599755447 7.605969360183039 0.037370565598446696 0.9991777578059621 -0.01572415761503068 -0.4565245323801319 -0.7974640575357164 0.03930127929945896 0.6020851155643179 12.769743833402238
0.5647232107262332 -0.008518336075765243 0.8252364105015931 8.3796582282427 0.04032494983696558 0.9990371400581928 -0.01728268512104259 -0.48095219396599503 -0.8242946036992485 0.04303755028863999 0.564522962843366 13.292668846673214
0.526778958294487 -0.007039748238355945 0.8499731590132213 9.183413844449092 0.045271901040177275 0.9987787489888901 -0.019785488227390267 -0.5114605080606086 -0.8487958435774671 0.04890247961942595 0.5264543317446332 13.769819093828984
0.4877057073007193 -0.006081589360020739 0.8729869170481079 10.043936100992779 0.046935401574041365 0.9987121608555912 -0.01926364031638946 -0.5491030574860299 -0.8717454967737939 0.05036897884622872 0.4873630626387271 14.273840474021299
0.4493986328677562 -0.007800629829207773 0.8932972735606317 10.870282506348186 0.052066449025650684 0.9984907281093358 -0.01747428869933697 -0.5746487804710302 -0.8918127346379682 0.05436373841041597 0.4491265192388366 14.68361144198877
0.41247303968765686 -0.008303961957829533 0.9109319599984548 11.709397439634277 0.055924589525466736 0.9983031972460193 -0.016222412113598813 -0.6005260066163124 -0.9092515778469856 0.05763480358410451 0.412237549961899 15.057631486006683
0.37729350166776726 -0.005799076264451139 0.926075582397977 12.5944895790584 0.05750094129972098 0.998197692332452 -0.01717581939277811 -0.6258155350343496 -0.9243069053885299 0.05973054274528547 0.37694695504067044 15.41485253929422
0.3444304990433554 -0.006408504688883726 0.9387899458326109 13.486247249911887 0.05819024854273587 0.9981996904564433 -0.014535231239824174 -0.6425683741567364 -0.9370066842361798 0.059634797227064454 0.3441833300094692 15.72545144900769
0.31097127589955664 -0.007864168133591884 0.9503867741214453 14.47725602423217 0.06056201917651795 0.9980975263936824 -0.011557233236170394 -0.6638265792764634 -0.9484878003425585 0.06115130960477275 0.3108559311561489 16.046780046843708
0.2780783676224172 -0.007547770459449345 0.9605287359686548 15.669889626802782 0.06118186324615507 0.9980778373745413 -0.009869658124139135 -0.6836197515462132 -0.9586079496176635 0.06151147618818846 0.2780056424372883 16.39498261600811
0.24557110041291252 -0.004411532589467541 0.9693685434457846 16.614467852890428 0.05861344139791707 0.998227557395549 -0.010305733530828105 -0.7008001262174689 -0.9676049292606381 0.05934881663797151 0.2453944148390266 16.641280109681166
0.2149940684846722 -0.002575244781528819 0.9766119590864745 17.569957469892287 0.05855620818983415 0.9982314031416584 -0.01025847280371271 -0.7116520724855135 -0.9748583081652621 0.05939220400145903 0.21476462722015513 16.83770227477153
0.18458719955597983 -0.0024110145378330727 0.9828131830459834 18.184076324388055 0.06069768503216483 0.9981160572107736 -0.008951389264003002 -0.7248652656922772 -0.980940037306979 0.06130679690636233 0.18438579083341822 16.953507213003324
0.15377118238946944 -0.002673536573488922 0.9881028669469253 18.802669106549796 0.06245460891865915 0.9980231238990787 -0.00701897339655712 -0.7373179658435333 -0.9861307445219231 0.06279089396492503 0.15363417049512024 17.055169417956613
0.12336119201383874 -0.0031834003275910266 0.9923567313558554 19.660382181543252 0.0611492324459983 0.998118937994041 -0.004399657817727838 -0.747377561410842 -0.9904760409400071 0.06122459946787829 0.1233238044491322 17.161589771689837
0.09379110942028075 -0.0034878150503098843 0.9955857888398599 20.38197699444344 0.06180787597245639 0.9980853547898776 -0.0023261602991907627 -0.7574301193963621 -0.9936714820610919 0.06175321611170481 0.09382710716192151 17.23468301303967
0.06665228430368772 -0.003225434350048999 0.9977710506776353 21.043582511087095 0.06476829864666021 0.9978997223384223 -0.0011007485256089105 -0.7644716442293511 -0.995671904036424 0.06469730079495686 0.06672120189512065 17.278795514617137
0.04146834738346877 -0.002745478837025057 0.9991360460474028 21.7152403223503 0.06870868012040418 0.9976367600991691 -0.00011034013239557823 -0.7683112735646154 -0.996774544940528 0.06865389460757704 0.04155898595750104 17.301415560971094
0.018807025426405315 -0.0023881035295686363 0.9998202802284725 22.434736182096497 0.07291779709040762 0.9973374422111771 0.001010559819578563 -0.7735366875201743 -0.9971606142754001 0.07288568669635262 0.018931085882971505 17.30889383875842
-0.0012645509996067172 -0.0023984613108481365 0.9999963241402983 23.194777413606452 0.07870516921835652 0.9968948256969588 0.0024905495257387614 -0.7746818946014234 -0.9968971347381232 0.07870802933608913 -0.0010718530450040094 17.29503577832251
-0.01943392501944426 -0.003148624303517343 0.9998061855796515 24.11933440769386 0.08314003000222776 0.9965265333161659 0.0047543462319358755 -0.7839134336248804 -0.9963483617538436 0.08321631187369316 -0.019104645209293065 17.285315267601423
-0.03494318098892612 -0.003013165709273642 0.9993847582061586 24.95202166289651 0.0863602774503997 0.996245764252903 0.006023262142664592 -0.7851599868576025 -0.9956509813087444 0.08651761693757948 -0.03455177822308347 17.256299540450197
-0.04923613103279844 -0.0037581349850788802 0.9987800958280825 25.74255025402555 0.08872623505953199 0.9960229386378657 0.008121632800810527 -0.7880241192184442 -0.9948384082920614 0.08901787533200542 -0.048706870750375525 17.214469373244317
-0.06244233283115581 -0.004815258787357497 0.9980369574085984 26.674431001137847 0.08895334807767623 0.9959818020290784 0.010370722862062445 -0.7892735456594077 -0.9940765850458281 0.08942630099540468 -0.06176309378507831 17.15383005625269
-0.0746611287697634 -0.0045953958816985895 0.997198374541151 27.538634497580514 0.08872390815085522 0.9959929191780482 0.011232678648873177 -0.786779473095619 -0.99325413866405 0.0893139814580042 -0.07395423411040035 17.089522879059228
-0.08587378344549061 -0.001616611975732477 0.9963047123658884 28.380577901827376 0.08886176570364997 0.9960007806603772 0.009275317781574335 -0.7826357080391354 -0.9923352658818425 0.08932990255026307 -0.08538670035534775 17.01642683687241
-0.09620968148963699 0.0016891075765346633 0.9953596556538024 29.267460427069143 0.08957147873819728 0.9959560238112634 0.0069676990973552315 -0.7868197197276456 -0.9913226757137737 0.0898261963441262 -0.09597190769194525 16.93869336038927
-0.10579592908045717 0.004268511365422277 0.9943787010996992 30.189541975492347 0.09075367808129708 0.9958588339220664 0.00538078192263148 -0.7855590988407654 -0.9902378458252946 0.09081278935318467 -0.10574519367410978 16.84558989105941
-0.11350641380301657 0.005405042851310193 0.9935225611617245 31.31491877774875 0.0904368822898776 0.9958900648491996 0.0049141689372777094 -0.7827324658406805 -0.989412686570809 0.09040887260901329 -0.11352872502720214 16.724274883286085
-0.11922833681351329 0.006217036506591465 0.9928473962083791 32.22546110303972 0.0901267244777839 0.9959197431633827 0.004586797607009287 -0.777501263990076 -0.9887678075441119 0.09002895997654177 -0.11930217571340954 16.61288322952216
-0.12434595335433767 0.008014962261625364 0.9922065532258616 33.35674884539556 0.09104115163325385 0.9958414453019085 0.0033651936492465895 -0.7706482411231625 -0.9880534361023661 0.09075007547628149 -0.12455854530042298 16.471918456308238
-0.12920132586746985 0.00962535839603111 0.9915716665323968 34.399818382450086 0.09003613858014464 0.9959363603678315 0.0020639396439388895 -0.7710986909862987 -0.9875224104513607 0.08954394771856329 -0.12954292834157494 16.346576055531415
-0.13349577092180256 0.010533053830512451 0.9909934076082424 35.57444292830732 0.09040642037510836 0.9959036803288099 0.0015933180758060262 -0.7713491134509828 -0.9869171993135766 0.08980486782204536 -0.13390118526179007 16.191339310292694
-0.13671416795171082 0.009639608665806971 0.9905636346172014 36.76779347637894 0.09006628000494285 0.9959320078488549 0.0027387859024479615 -0.7673671766647774 -0.9865076287020509 0.08959081251399793 -0.1370262194827658 16.038420444660463
-0.13921832237213141 0.007627157970667271 0.9902323389877644 38.067297175090125 0.09088811698661008 0.995848011335323 0.005107691270089929 -0.772612915706084 -0.9860819483727091 0.09071143687966135 -0.13933350750164056 15.865037874936922
-0.14129174929321076 0.0064443512162879486 0.9899470248043905 39.33795366235414 0.09092169127111611 0.9958368695670337 0.006494248788762115 -0.7711233597522612 -0.9857838949983231 0.09092524153573445 -0.14128946462353134 15.682965890170543
-0.14315808273761801 0.007393997534620621 0.9896722144969748 40.67437099068525 0.09350517487524848 0.9956001835664837 0.006087425887257045 -0.763682874001628 -0.9852728280118349 0.09341093770454134 -0.1432195904851004 15.481861982030761
-0.14418372206035887 0.007169628479029803 0.9895249621511792 41.760167906184655 0.0931999608345616 0.9956270572657172 0.006366328678608364 -0.7584542451687957 -0.9851521819461487 0.09314160868205251 -0.1442214239940173 15.325232735574234
-0.1448444205793965 0.008566716026010397 0.9894173564293015 43.11983967547639 0.094939514889563 0.9954690432880454 0.005279428730243927 -0.7527735745401377 -0.9848891218505531 0.09469949963813434 -0.14500145664348935 15.124656196294701
-0.14469216262031037 0.008947718011955121 0.9894362619282937 44.46485963444738 0.09471977166808672 0.9954921655010406 0.004849049514511696 -0.7455325320077013 -0.9849326590845708 0.09442079627088112 -0.14488744010496443 14.922506930439162
-0.14422437227213888 0.010359914162041139 0.9894907794523713 45.78865241169152 0.0942068601817264 0.9955471486846064 0.003307905780196247 -0.7422177659384279 -0.9850504545135789 0.09369390014566147 -0.14455813757131328 14.733321160424774
-0.1428253855513982 0.010269605129873875 0.9896946218165326 47.13583429686868 0.09469212374679722 0.9955010179525726 0.003335409377084216 -0.7417824232151481 -0.9852077501432962 0.09419266673084487 -0.14315526742567442 14.531936590052721
-0.14137218979942429 0.009194229891653598 0.9899138195257269 48.56879544414477 0.09387376649441953 0.9955754186163165 0.0041595445781038125 -0.7408946971209512 -0.9854956214593076 0.0935149826693322 -0.14160977403021235 14.325712521224562
-0.14031631920330137 0.009946661883736047 0.990056763262898 49.847532882726014 0.09476180832007922 0.9954940695303296 0.0034288793871288825 -0.7418309150525387 -0.9855615304227058 0.0943006969609111 -0.14062662729206254 14.14463501770499
-0.13934854035555924 0.010744938896849188 0.990185099155141 51.43698967487302 0.09457991829699894 0.9955141143005888 0.002507445562089904 -0.7377533652400782 -0.9857162996297203 0.09400103465609765 -0.13973969417411475 13.926246787983732
-0.13866421888909503 0.011392969345533042 0.9902739189988633 52.96202989635892 0.09574589180777011 0.9954038890935425 0.0019549371818802816 -0.7401697706301053 -0.9857002376999878 0.0950857393458247 -0.13911773277065018 13.72261361838579
-0.13762767334121126 0.011301635026199179 0.9904195558329902 54.349870442392245 0.09527771784106183 0.9954489537755176 0.0018806674948744608 -0.7394008181019542 -0.9858908560351315 0.0946237468765738 -0.13807811743123638 13.528708748621963
-0.1369400673798879 0.00968920435213786 0.9905319466150562 55.742410803826104 0.09705055772907181 0.9952726437050986 0.0036815671581169945 -0.7418884320750376 -0.9858136777253947 0.09663583192215087 -0.1372330455766614 13.33920435320432
-0.13653349240120827 0.007872785781525376 0.9906041715522732 57.20251198076118 0.09872449433494372 0.9950984879897573 0.005698545323895006 -0.7415037654804935 -0.985703849881413 0.09857493821726235 -0.1366415086436919 13.145399958107852
-0.13602237782005838 0.009030475902556638 0.9906646068358094 58.57105875020988 0.09999570917888098 0.9949769555894338 0.00466004203784994 -0.7390588806631562 -0.9856463721223704 0.09969607991769423 -0.13624214021753653 12.96252828083469
-0.1356789677196506 0.01094979814059229 0.9906923435856404 60.15318172003526 0.10198961577740161 0.9947810213048788 0.0029728648136730625 -0.741013853456362 -0.9854893890814392 0.10144368670500262 -0.13608762778294495 12.76199712710955
-0.13506978533234412 0.010460769001614422 0.9907808664897438 61.562059544166225 0.10132023547054689 0.9948483607429498 0.0033089290198728342 -0.7496492950823543 -0.9856421069406824 0.10083308702484785 -0.1354338421022314 12.574052191059561
-0.1347349768058262 0.010294097821201362 0.9908281978098824 62.93493087402795 0.10152216718124549 0.9948272270716432 0.0034695601693322756 -0.7492799660365005 -0.9856671525398202 0.1010584970548888 -0.1350831024852865 12.380412873853146
-0.13478809361951036 0.009305711955158962 0.9908307491915176 64.32240653871398 0.10102740659192247 0.9948739148441981 0.004399622698593147 -0.7455574758585878 -0.9857107247746313 0.10069407771853944 -0.13503729031894984 12.2020032530303
-0.1347153601309632 0.009496488408607123 0.9908388307150101 65.81458560802818 0.10218512488603766 0.9947558484538598 0.00435915345757804 -0.7431293471801873 -0.9856013250786599 0.10183623458645294 -0.13497929222085603 12.00686155986422
-0.13522027365048972 0.009384313693268967 0.9907711200122818 67.2976240114825 0.10322745021270131 0.9946468260204144 0.0046674414940119004 -0.7442735874283519 -0.9854235490977835 0.10290590917931841 -0.13546513477462388 11.83175367160393
-0.135129220666749 0.010411380136171756 0.9907732822829123 68.79368341348363 0.1036703573864094 0.9946048752091103 0.0036877106237246243 -0.7458275814159198 -0.9853895426283821 0.10321213772580413 -0.13547953315795908 11.631928248538213
-0.1357405380201942 0.01114903760637359 0.9906816871722409 70.21854847624428 0.10315921883144075 0.9946605085967549 0.0029407835914668913 -0.748892849124291 -0.9853591639133803 0.10259713250620912 -0.13616587859455948 11.44702922057793
-0.13718236921461902 0.011817702240942031 0.9904753098843032 71.78478969710149 0.10224728444076037 0.9947563705185944 0.002292626695097437 -0.7526829155851866 -0.9852545307691587 0.10158791870304906 -0.13767136366154212 11.253327198535317
-0.13850671251558802 0.01246552813516484 0.9902830409516432 73.34105300881728 0.10184928495357702 0.9947983488600578 0.0017228638216536956 -0.7626817535150303 -0.985110457635371 0.10109824782662832 -0.13905585404367704 11.04980454323675
-0.13961515059490742 0.01154937566843395 0.990138486094763 74.73156537561248 0.10067550223160031 0.9949159418975994 0.0025907158138162 -0.7680975884452808 -0.9850746433518514 0.10004439254492149 -0.1400680782531886 10.859868764828766
-0.14057810194548725 0.011242307789181198 0.9900057614827178 76.26211644267082 0.10047762954004057 0.994934887026688 0.002969265768888053 -0.7700606719771794 -0.9849578890568974 0.09989084589072851 -0.1409956584147761 10.643523027368227
-0.1415536183021596 0.0102486614883145 0.9898775369121491 77.8912559235318 0.09788588491071613 0.9951907892475738 0.003694121280841198 -0.7721199265561137 -0.9850791474195429 0.09741795488763609 -0.14187605641791007 10.435519432432235
-0.14333156385911802 0.01128558864619671 0.9896103770123912 79.33564721759204 0.09728040333231529 0.9952532424605476 0.002739799129278415 -0.7664911159359041 -0.9848820162482422 0.09666239631146958 -0.14374907029307288 10.225956382592765
-0.1460669003862626 0.012123351976856352 0.9892004270866414 81.00985008216745 0.09621654828859845 0.9953583983160765 0.0020086654979790948 -0.7720232229177044 -0.9845846009597036 0.09547085020308692 -0.14655538309636512 9.986538228232268
-0.1503200423246464 0.013092002835442165 0.9885506989210378 82.52592804755997 0.09616809987157535 0.9953640638254176 0.0014411842494589085 -0.7677349038974254 -0.9839489729872217 0.0952836812193305 -0.15088220123886661 9.760957329626798
-0.1550321649072372 0.012166836505428262 0.9878344982504024 83.91670559183994 0.09445216782731065 0.9955261044924492 0.002561887353282933 -0.7755320797294322 -0.9833838598619046 0.0937002847569824 -0.15548775128467104 9.558044419662773
-0.16027276951824143 0.01131811183963675 0.9870078721546941 85.8554236739766 0.09288587380365687 0.9956700145414631 0.0036655955496918504 -0.7852880801932363 -0.9826926548004137 0.09226658380685993 -0.16063008346486024 9.26824241137733
-0.1650369909925928 0.012042942244768314 0.986213850615676 87.44623069877137 0.09157201909738645 0.9957934292488277 0.003164108608733862 -0.7938935816962932 -0.9820271671000451 0.09083178852664517 -0.1654455477506486 9.01396203988644
-0.16970878747215282 0.01380768999970974 0.9853975213849498 89.1119542131281 0.09248993810129802 0.9957116569762073 0.001976742702968648 -0.8077161503235019 -0.9811445045480054 0.09147482636533201 -0.17025809037071543 8.741476310597022
-0.17352858804101864 0.01528465343193556 0.9847102154958864 90.61950406438709 0.09229404719709904 0.9957314673162911 0.0008086087591776341 -0.8227306238692045 -0.9804945884524152 0.09102320784070085 -0.17419855811664614 8.461245320201789
-0.17859502801879448 0.01552578522331399 0.9838001656638226 93.3108839222527 0.09096334398511978 0.9958539223616337 0.000797099739046258 -0.838507433870393 -0.9797088781969937 0.0896321109321251 -0.17926683650870984 8.011179530057815
-0.1832974393393736 0.01529657657319972 0.9829384840755642 95.01095167510746 0.08917727646306857 0.9960151290650294 0.001129617723916511 -0.846681372622805 -0.979004321795496 0.08786283297682262 -0.18393112973890238 7.696781818409677
-0.18958466858058876 0.014787920075778432 0.9817530090908915 96.60004383203847 0.08717817416404987 0.9961910555328216 0.0018294331978578003 -0.8510777504840923 -0.9779865128868659 0.08593426729911223 -0.1901517349780272 7.4246583125726655
-0.19562775830565549 0.014233357680909635 0.9805749291662677 98.62896116691259 0.08592720029282795 0.9962978107011667 0.0026811642804141717 -0.8567542152691527 -0.9769064931866005 0.08478256849842233 -0.19612653988858858 7.040037460360034
-0.2016067048421315 0.014201686447722968 0.9793635936998769 100.35692935484401 0.0860625230180636 0.9962843738657443 0.0032693306206825934 -0.8605663608669019 -0.9756782147278191 0.08494562079932469 -0.20207984266758142 6.706569987441369
-0.20694471951134505 0.015909810950597736 0.9782232674506809 102.69922950500293 0.08649392010982622 0.9962501759384713 0.0020949287816723772 -0.8669974204992009 -0.9745217723839766 0.08504389959357204 -0.20754481514003859 6.228093307055758
-0.21176871492425223 0.016971579621792424 0.9771724396770876 107.05534802024667 0.08620062526825516 0.9962768462017061 0.0013776522580906429 -0.8900810494020183 -0.9735108954617272 0.08452461894337987 -0.21244322820411074 5.244436193776085
-0.21744377489672403 0.016984453702343888 0.9759250653052698 109.53581627741615 0.08654395294924114 0.9962461356933443 0.0019445626753642157 -0.8993863389318277 -0.9722285477019196 0.08488324598241903 -0.21809742223351902 4.708504418866139
-0.22315330705385134 0.01698482495186569 0.974635376575406 111.00220956659376 0.08580559309177481 0.9963092820163442 0.0022835853927245884 -0.9089028044585242 -0.9709994859654147 0.08413875616760456 -0.22378710410895028 4.395326185926735
-0.22768431167751355 0.018038204591367943 0.9735679110319199 112.35578816276465 0.08556068853285598 0.9963317554115131 0.001549753656803211 -0.9136901173459223 -0.9699686710372257 0.08365199539600451 -0.22839247113805317 4.081450287032981
-0.23272090174132085 0.018696672914611547 0.972363829188761 114.29364564580499 0.08490873969362481 0.9963880535535419 0.0011630388749097045 -0.9258345875237667 -0.9688299581538279 0.08283285071581419 -0.23346783724090348 3.6278065413057794
-0.2355802319827947 0.01745471221884779 0.9716981461957666 115.57625886996668 0.08593346723548109 0.99629654799776 0.0029372872920077125 -0.9355259081470909 -0.9680482392462797 0.08419335763054309 -0.23620771584153308 3.2795756188599055
-0.2391754260652413 0.017131160543576326 0.9708252360260007 117.88482605597946 0.08784736599726163 0.9961256538486645 0.004064730238782388 -0.9499687695365507 -0.9669942894628979 0.08625662341525521 -0.2397537050040009 2.6952976777358337
-0.24294493035505718 0.01794951560318899 0.9698739999115279 119.83106230155664 0.0889543484342907 0.9960282682599655 0.0038487298794887916 -0.9550106990057246 -0.9659528377252217 0.08720953913801728 -0.24357670572927842 2.243969079341078
-0.24645617127400302 0.018443611673878653 0.9689784253683782 122.17345950036548 0.08916127384100872 0.996010256471561 0.0037197110780212046 -0.9626433387542498 -0.9650438450599066 0.08731209648083417 -0.24711733027069077 1.6807237328776612
-0.24947156974640267 0.018308755899813883 0.968209029779038 123.96190493324733 0.08827776283519272 0.9960882234134641 0.003909957266050158 -0.9668850559155491 -0.9643500259123138 0.08644675028252902 -0.2501119487119937 1.2115163329817187
-0.2535628413809717 0.018807707748042305 0.9671360584737144 126.57195652872429 0.08682363300863533 0.9962179300179178 0.0033900828893982495 -0.9757117232875034 -0.963414522530147 0.08482986526029286 -0.2542368024852631 0.5564301916480708
-0.25814448272267254 0.019328123897450027 0.9659129617447155 130.3615984301348 0.08589672088478692 0.9962994691691768 0.003020111663107315 -1.017941100602271 -0.9622801979574795 0.08374838123702143 -0.2588494335691964 -0.42526704785742553
-0.26190380020484444 0.01894608542861724 0.9649079983527923 132.20255196430037 0.08512057075993185 0.9963643679575012 0.003540437565146619 -1.025319794243208 -0.9613328704833543 0.0830607736033131 -0.26256431596211793 -0.9443082858837741
-0.2661042744139784 0.01956973884904266 0.9637455786980246 134.83076489274112 0.08534848199089635 0.9963455823000582 0.003334254490540752 -1.0284266189014701 -0.9601583993073544 0.08314148153923137 -0.2668020657472539 -1.6916780154417963
-0.2700042396064879 0.0200308173442468 0.9626507554409561 137.01901167967833 0.08467873382185488 0.9964037366944533 0.0030175386755169793 -1.0322312885269989 -0.9591283660870692 0.08233079531895851 -0.27072941751737684 -2.325174418818879
-0.2739844373360342 0.01988823352013273 0.9615284635751066 139.9766562416102 0.08432311964193294 0.9964326032372668 0.0034174112506666072 -1.061884999255797 -0.9580303437738861 0.08201539717182754 -0.27468406403582735 -3.166876928345487
-0.2777625878741856 0.019190902930745053 0.9604580438635192 141.7271742125468 0.08395413120505756 0.9964600417043885 0.004369112048508288 -1.0656632268252904 -0.9569742152383421 0.0818479965007769 -0.2783904754796213 -3.6971496047866204
-0.2824814219757068 0.01911908593367552 0.9590822210799463 141.74435086102108 0.0842932055082394 0.9964286319653874 0.00496355766888973 -1.0657475080372178 -0.9555620868074087 0.08224622758915716 -0.283084185894628 -3.701864893319066
-0.28647847932426124 0.01987958824900055 0.9578804115624814 143.3478602761584 0.08574194263399512 0.9963050012337592 0.004966265191067342 -1.0810579580771686 -0.9542423173164188 0.08355325539827606 -0.28712445621183696 -4.163907796294234
-0.2902900240687028 0.02097108738180563 0.9567088979518359 145.26055762014283 0.08600651666168233 0.9962854755177594 0.004257976523683995 -1.092306314020758 -0.9530658849302692 0.08351924787961867 -0.29101538484366635 -4.726867898855551
-0.2955438397272417 0.02288572674093741 0.9550550153320055 148.10508354541207 0.08573522403115778 0.9963144153216867 0.0026565358143822663 -1.0843341298384057 -0.951474282447827 0.08266697849652598 -0.2964167007890233 -5.495389909490243
-0.29942816948852885 0.02401522940991699 0.9538165652121678 149.47991652173894 0.0867610626390872 0.9962268216813789 0.0021535487816296563 -1.096864519660708 -0.9501659272603321 0.08339897193015973 -0.3003819604345563 -5.90200044764733
-0.3027739441481183 0.024668260594415445 0.9527431005597669 150.94736158218814 0.08619624858248204 0.9962768973649344 0.00159703074711541 -1.1025117560213942 -0.9491565442408858 0.08260642042932452 -0.30377299720112505 -6.368536868096621
-0.30606222524773646 0.024594708564506747 0.9516937609268176 152.42509221745146 0.08619847677741055 0.9962760282838642 0.0019743525986594644 -1.109603323818222 -0.9481011216519362 0.08263882730022638 -0.3070424845925812 -6.854344652608395
-0.30977094299138797 0.024717980947061548 0.9504898654357798 153.93513661908457 0.08589353776253882 0.9963021416458431 0.002083919994182705 -1.1171647228919679 -0.9469235782516259 0.08228647501143539 -0.31074856875186246 -7.351413308321008
-0.31349919339066484 0.025493166484310967 0.9492462031559598 155.75711083762795 0.08821303374890191 0.9960987838879309 0.0023818929028449924 -1.133326034491745 -0.945482266581568 0.08448260885879873 -0.3145249948417355 -7.9441641955547615
-0.31645962664116845 0.0258269271292437 0.9482543300935635 157.3830412982909 0.09048097310549086 0.9958934473420381 0.0030716521735386615 -1.143662037092566 -0.9442809424170421 0.08677102843837074 -0.3174969140192262 -8.480742105895082
-0.31927031527268884 0.025511568530686136 0.947320233953008 159.06960491812663 0.09113161569865985 0.9958312370772707 0.003895623352545406 -1.1443772625956754 -0.943271697023626 0.08757458040012109 -0.32026426347926057 -9.037816549031463
-0.32174782389412376 0.02490047119465069 0.946497915662618 160.6391038498616 0.09063202297842402 0.9958737813883694 0.004609550310955551 -1.1495453683753558 -0.9424776783724037 0.08726613362304549 -0.3226770021124074 -9.579001900667581
-0.32472876813047447 0.025432966406576024 0.9454651719488277 162.6299924206129 0.08997402359254177 0.9959356245467659 0.00411179245738384 -1.1665329954611279 -0.9415178714326324 0.08640252298634506 -0.3256972548158196 -10.2381439171601
-0.32745272155608013 0.027265116882158512 0.9444741015755372 164.2643226104114 0.0895018364742598 0.9959840508950311 0.002278514968017808 -1.183342390882801 -0.9406190176757286 0.08527827252077108 -0.3285779661246659 -10.798466989794697
-0.3305892155931332 0.0290993487862369 0.9433260297658143 165.89226017027522 0.08881733660889855 0.9960478504548703 0.0004004022156933302 -1.188588078515734 -0.9395862127826378 0.08391607417205423 -0.33186720423134897 -11.363060616550417
-0.33385993192766883 0.030159796275746276 0.9421400811672634 167.5568662201121 0.08825077560837012 0.9960980992305358 -0.0006142587687803712 -1.2073622799551211 -0.9384824699789418 0.08293951650401306 -0.335218869015912 -11.936981614442614
-0.33697864479759204 0.030852598572908046 0.9410066472197086 169.2352326442556 0.08642992419764281 0.9962564596560147 -0.0017131248797403547 -1.2219559635197188 -0.9375368052261042 0.08075384668833374 -0.3383837394016875 -12.54405463589127
-0.34175240054219863 0.03113476446378808 0.9392741469695783 171.86562883816285 0.086957028441275 0.9962111033762078 -0.0013830092632674256 -1.2435401633879584 -0.935758393992974 0.08120384197649444 -0.34316492262460135 -13.433689550787744
-0.3451232112500131 0.03016328432781034 0.938072569333012 173.71001697575076 0.0864850164605502 0.9962531281908542 -0.0002156333836299579 -1.2648073472712524 -0.934564235879107 0.08105480151414532 -0.3464387509606935 -14.120015098554731
-0.3489303983661075 0.029464460144863716 0.9366853381389298 175.47343926352323 0.086323881960672 0.9962667904027779 0.000818378755768088 -1.2809019650624291 -0.9331643823567805 0.08114387178906186 -0.3501712546337447 -14.762107439209602
-0.3525989300661181 0.029295601299022415 0.9353158622950631 177.6470471483262 0.08635530585957353 0.9962634886036444 0.001349972294508475 -1.2978893297729788 -0.9317814956663016 0.08124548615046374 -0.3538112707561004 -15.57636937069945
-0.3566270942523934 0.029235812916861857 0.9337892604266685 179.55718533738755 0.08518464546513992 0.9963642834297717 0.0013382385648624795 -1.3148966533994313 -0.9303551428471145 0.08002175921940459 -0.3578209415746356 -16.283808932386385
-0.36017682870118534 0.02982479705496172 0.9324071715443779 181.5293999234758 0.08441440048827434 0.9964304632270751 0.0007354884651022998 -1.331445494301559 -0.9290569740640044 0.0789734982997933 -0.36140880662945996 -17.03364621043051
-0.363632235330173 0.030477557311491356 0.9310438850715396 183.42444028435773 0.08443614600358068 0.9964288272593217 0.00035979810372008714 -1.349734120344929 -0.9277080007614712 0.07874459160436503 -0.3649070492827155 -17.750718851544406
-0.3661694700322925 0.031231255209525813 0.9300239394307586 185.50056675746538 0.08514076811930213 0.9963689305180536 6.246891727455588e-05 -1.3615919327753572 -0.9266450069041152 0.07920582678280626 -0.3674989363023067 -18.5790359951116
-0.368531538655 0.030893938288156966 0.9291017541656164 187.43127166059398 0.08604109118385875 0.9962910868665076 0.0010004290301688149 -1.3792112875429685 -0.9256248892745221 0.08030961839905043 -0.369822835352456 -19.358019444315676
-0.37140684129365115 0.03029141529562715 0.9279759632661074 189.48970663317996 0.08704804776686118 0.996201410383858 0.002321062082536245 -1.3950524783267024 -0.9243806551525475 0.08164055431340866 -0.3726328276885284 -20.181959886844467
-0.3739708501647965 0.031049519068635692 0.9269205632591314 191.54019797399087 0.08818151235429178 0.9961019702761952 0.0022103598784689684 -1.4088752309245312 -0.9232387687407475 0.08256386726340367 -0.37525109422436315 -21.00827823018119
-0.3765572761281546 0.03174126952765412 0.9258493989865291 193.69491534495987 0.08793208711227649 0.9961251663331451 0.0016127782996213443 -1.4271044905775498 -0.922210694934203 0.08201917340803659 -0.3778892553942738 -21.87950517762134
-0.379030921428644 0.031913572498860746 0.9248335442074496 195.54776931323903 0.08744304297986674 0.996168447656196 0.0014622341353209302 -1.443424702973188 -0.921243330958426 0.08142449130700989 -0.3803692645049287 -22.63538211662773
-0.381384771086479 0.03300459065578583 0.9238270148566545 197.3598045537419 0.08706185632750983 0.9962028455913872 0.00035157990807301227 -1.4620291725869483 -0.9203074972834481 0.08056418206168169 -0.3828100351513923 -23.416628457940455
-0.38417607122939507 0.03406478781421024 0.9226312028789829 199.01381264743077 0.08680236050892161 0.9962253474600489 -0.0006381913388273212 -1.4801120944273827 -0.9191703305181406 0.07984138844783846 -0.3856828440388493 -24.110792768350507
-0.38741251577186897 0.03398865262014711 0.9212797154590877 200.57859487945507 0.08435616871199716 0.9964348333950444 -0.0012882535557572387 -1.4949949370400375 -0.9180389857863043 0.07721654155721988 -0.38889847812301553 -24.72058655296166
-0.3905173058118094 0.034740790223582 0.9199398411614349 202.25691940535893 0.08504644130497357 0.996375821482002 -0.0015248565263613848 -1.523508062159543 -0.9166587896719517 0.0776421268430188 -0.39205658195781773 -25.427967769945965
-0.3929005954084429 0.03421236103738077 0.9189443054287557 206.28388222546425 0.08653602307755741 0.9962487181226721 -9.137206193392928e-05 -1.5801307021866549 -0.9155002123634999 0.07948588548403555 -0.3943873161895641 -27.163879292063648
-0.3952073894516714 0.03335403789022972 0.9179861804402131 208.0185130323757 0.08698379274191523 0.9962089404525083 0.0012517039277737956 -1.5952174946184134 -0.9144642907861565 0.08034460230101605 -0.3966103954236009 -27.92726918288923
-0.3987557347928411 0.03285336069291644 0.9164685050022188 208.56127480650915 0.0858732696754088 0.9963047049336088 0.0016481754790300704 -1.5996228718857965 -0.9130277353536845 0.07935736650328272 -0.400103440195892 -28.15440519373914
-0.4013440352420107 0.032963017373844765 0.9153340400429073 209.3639264398175 0.08446320506572558 0.9964259340596069 0.001151053198399726 -1.6087629380639157 -0.9120246336397317 0.07777401506320737 -0.4026937672913042 -28.51939267740952
-0.40485660855432815 0.03235844662449479 0.9138074509665243 210.5871775925684 0.08283027498925016 0.9965626731261773 0.0014085726156989142 -1.6147429727242595 -0.910620816836017 0.07626119238287755 -0.4061452430858313 -29.059362084415273
-0.4083187018566967 0.031621556738397345 0.9122915733818339 211.67100614342937 0.08191442314828795 0.9966371167894355 0.002117715260634914 -1.6257746805381785 -0.9091566779132998 0.07559454072274173 -0.4095358353289397 -29.542841144475926
-0.4119568381157854 0.031820825091150154 0.9106475710285306 212.48684743308382 0.08131793725873196 0.9966862870478614 0.0019591556174604844 -1.6331583469946482 -0.9075676044293515 0.07485906959926074 -0.41317933526388195 -29.907858986757283
-0.4158564523184633 0.031509802672060834 0.9088842299218691 213.71227043180158 0.08067291921229894 0.996737843827615 0.002356010959945154 -1.644447564818409 -0.9058450701808063 0.07430210641324592 -0.4170418513910648 -30.453979493797796
-0.4195611102764082 0.030840526298211338 0.907203029470954 214.64143233957066 0.07968319121042033 0.9968158301360824 0.0029647645162678826 -1.654520776585295 -0.9042229060260271 0.0735327323561603 -0.4206826279870443 -30.886435641098835
-0.42378453822338363 0.030787524305976227 0.9052396331965927 216.06565763110507 0.07895422765769967 0.9968735516437873 0.0030580987685093364 -1.669853453294393 -0.9023152969432423 0.07276847105863081 -0.42489040295353747 -31.515088513353867
-0.4281330675899826 0.031657280679976176 0.9031610559672842 217.69983167349525 0.07918608383498105 0.9968564721185035 0.002595789346442675 -1.685909377705769 -0.900239768374444 0.07262913035002552 -0.42929403543693473 -32.2420450135126
-0.43197398370616613 0.03213880182710192 0.901313250106833 219.25178542962803 0.07972317767389776 0.9968134795558763 0.0026649422664021738 -1.7014716465966546 -0.8983555489574286 0.07300674210527022 -0.4331596971840449 -32.94236595885489
-0.4356449586902497 0.0321198106700934 0.8995453227771725 220.45517322076043 0.07952254729990169 0.9968287940972018 0.002918857593971384 -1.7081893567286985 -0.8965989261864568 0.07280572107490164 -0.4368176879890031 -33.517325858344094
-0.43957169547097735 0.032269332973907806 0.8976276592720329 221.94412516182226 0.07839217764989741 0.9969193364354566 0.002550122427734705 -1.7322221723395 -0.8947800796978435 0.07148794856833293 -0.4407471862478694 -34.21241691547882
-0.44346218403967685 0.032697635209624175 0.8956964641989257 223.66508754971957 0.0789686999785812 0.996873421816025 0.0027065292355861643 -1.7414122876688802 -0.8928075020688695 0.0719322287191815 -0.44465775459451823 -35.035661211092005
-0.44693526620865975 0.03326212964776742 0.8939477045947871 224.97887691294162 0.07954719481517494 0.996827498130497 0.0026800686430334592 -1.7525303042593345 -0.8910225090400539 0.07230884940441192 -0.44816327234812425 -35.681087118454855
-0.4503178625084655 0.03450340137479301 0.8922013999088859 226.8090759385692 0.08083991385326385 0.9967245439167948 0.002256519899102734 -1.7624081562917517 -0.8892011757943223 0.07314163552606778 -0.4516321181211187 -36.59880270367849
-0.45328815632716946 0.03665060477901819 0.8906102292826235 228.13992506489052 0.0828470437838018 0.9965616049298979 0.0011553855770497956 -1.7630366962176574 -0.8875056138807249 0.07430814725774747 -0.45476596682394815 -37.29311221818938
-0.45621900613865674 0.037411887236508276 0.8890807438760882 230.8399210819862 0.08419290492796445 0.9964486617167722 0.0012725260881396988 -1.7917947939782262 -0.8858757097909665 0.07543484112966033 -0.45774863358189904 -38.6457651212875
-0.45885909326779595 0.03942776193644148 0.8876338119484514 232.27917750194456 0.08582901459686845 0.996309875122355 0.0001139605560040119 -1.8028776524944048 -0.8843538391270704 0.07623702723979423 -0.46054989186715917 -39.398355577189555
