0.999979881950939 0.0004428307919328567 -0.006327684748449073 -0.09236420386753184 -0.000440353358254633 0.9999998258550005 0.000392910789768424 -0.02207277981376722 0.006327857639510608 -0.00039011646794091993 0.9999799028114692 0.9954806005751665
0.9999119518944695 0.000981879584662806 -0.013233456505133493 -0.19160254173081062 -0.0009775531836360791 0.9999994666191154 0.00033339354801870114 -0.03469862226309573 0.013233776798979214 -0.00032042778581129497 0.999912378400062 1.990464178841068
0.9997795741440954 0.0010005481329636062 -0.020971457452576753 -0.2486177123181816 -0.0010069760353569603 0.9999994492064613 -0.000295949384937678 -0.04384578797841488 0.020971149790028936 0.00031700190512245563 0.9997800309999576 2.9887955770286663
0.9995505967160868 0.0017617380236319966 -0.029924920779360546 -0.4139862021419828 -0.00181079913478833 0.9999970604975349 -0.0016124524127459573 -0.06388290462008524 0.0299219920962553 0.0016659157919923996 0.9995508486883323 3.974823850089223
0.9991475125195027 0.001960610569575846 -0.0412359580012989 -0.5731269015646194 -0.0020949786480116512 0.999992635601652 -0.003215557016513008 -0.0733330052731933 0.04122934986820425 0.003299204245956638 0.9991442618364921 4.962034523122966
0.9986253502537996 0.001505102121056442 -0.052394126560918394 -0.839036350810763 -0.0016867628911416473 0.9999927184066181 -0.0034231512808618986 -0.12703090934412317 0.05238859285593962 0.0035068221152192002 0.9986206174204632 5.92453578765479
0.9976536694855228 0.0014948251282327636 -0.06844648464243776 -1.0045210295398521 -0.0017405463985974221 0.9999922530741595 -0.0035304801232605553 -0.12157613965428213 0.06844067694219419 0.0036413307323576506 0.9976485425490241 6.910733053324944
0.9961041247097071 -0.0001119855020820001 -0.08818480705629449 -1.1247335794384856 -0.0002385309814431811 0.9999921138952018 -0.003964246508086636 -0.10902612409949392 0.08818455555979998 0.003969837106646679 0.9960962426161779 7.903401889079141
