0.9990467583058461 -0.000742284371529687 0.043646577557604704 0.031093135140353577 0.00084812774385426 0.9999967446123895 -0.002406541907710338 -0.02798456646210109 -0.04364464913262936 0.0024412657649760727 0.9990441355733761 0.9991246574844583
0.996043865263824 -0.004911903035399096 0.08872706283244129 0.13128140355744586 0.005575454741409369 0.9999583033211361 -0.00723228342510469 -0.04607276280445515 -0.08868783893368723 0.007698365260585223 0.9960297196357076 1.9939287226221833
0.9909983932652549 -0.004457453035191067 0.1337995353434486 0.28861016320479205 0.006002184869383726 0.999919889512001 -0.011143982012790458 -0.07097633400153255 -0.1337391428209312 0.011846757815821257 0.9909457583575275 2.981160951393229
0.983804447007464 -0.0021082780598113593 0.17923271244937716 0.4994050517251546 0.004566826328416733 0.9999010479667444 -0.013305576736557204 -0.10973351215039337 -0.17918692515254758 0.013908610233551395 0.9837167256968571 3.9579226398890652
0.9743684564183894 -0.0046073395842984 0.22491083468521558 0.7309398948814365 0.007781379488812953 0.9998822273610561 -0.013228058842640136 -0.14139438150021283 -0.22482340018355848 0.014639119831746237 0.9742895539317119 4.9302339098749695
0.9628555418153835 -0.0055036350826351945 0.2699609519843225 0.9993425412641143 0.009749586435024622 0.9998489305673686 -0.014389635423982656 -0.1721365724097975 -0.2698409738341278 0.016487147848137335 0.96276374194092 5.893050059020053
0.9494974892263972 -0.008085351897385937 0.31367044017162915 1.321916064795995 0.014127596193245663 0.9997557655076338 -0.016994715650619455 -0.20215268678182557 -0.3134564227744723 0.02056784915688212 0.9493798157757989 6.839118425646846
0.934430685002448 -0.010201348182002138 0.35599891491565794 1.6660716256979011 0.017995851255549655 0.999665228618071 -0.018589782934927225 -0.23504696539768286 -0.3556900958185994 0.023777367121890117 0.9343014462952014 7.777454675029785
0.9172300858526402 -0.01004234794564034 0.39823124043010155 2.067358320608938 0.01928671837998875 0.9996293479848735 -0.01921429523733742 -0.26926889391862996 -0.3978906785800462 0.02530450345442993 0.9170837966096849 8.69276765324152
