1.0 0.0 0.0 0.0 0.0 1.0 0.0 0.0 0.0 0.0 1.0 0.0
0.9980296118367226 -0.05632057410845567 0.027656587445578543 0.22446852435054895 0.05827965561522956 0.9953991101073794 -0.07605322701113718 0.8425667287873574 -0.023245981123867887 0.07751518902467616 0.9967201311461796 0.4943591494570155
0.9888756425024484 -0.059208394513959456 0.13645266462934857 -0.179580321526445 0.07020593829873635 0.9945374224686306 -0.07724274423560179 0.7686218754069525 -0.13113386249540648 0.0859632556882992 0.9876306135284102 1.4058796040281396
0.9824179805197722 -0.058303922616133354 0.17735716551361677 0.1052050944372685 0.07315578426188298 0.994235581988325 -0.07838264308739364 0.6850972941301668 -0.17176478911721513 0.08997922046733256 0.9810201818023979 2.3623776729421513
0.976231988803104 -0.05707095810183616 0.20907895584891997 0.9922236516485758 0.07538285675071642 0.9938851190976488 -0.08068330028173981 0.7301769375197831 -0.2031957896848189 0.0945265876755894 0.9745646183177245 2.8080195061223514
0.9653897897952157 -0.0595134732361247 0.25393050282020563 1.2617949089340916 0.08157207082392477 0.9936704221510593 -0.07723399124499672 0.6356143455698501 -0.2477267668635063 0.09527454353345755 0.9641339172199292 3.764842798239378
0.9531903778330765 -0.06006476449039644 0.2963449471024445 1.5802660397342232 0.08614575466517722 0.9933994392009969 -0.07573944248746337 0.5626282488589679 -0.28983963248597416 0.09772296691084385 0.9520731112569757 4.7019126893825085
0.9386509730253064 -0.06238107671738224 0.339179822669666 1.9315975682072333 0.09301830213256503 0.9928493763332978 -0.07481785470698937 0.47686641250845774 -0.3320872570681099 0.10177778334273836 0.9377416150042708 5.624805906868882
