1.0 0.0 0.0 0.0 0.0 1.0 0.0 0.0 0.0 0.0 1.0 0.0
0.9991950599196864 -0.0066045391375703045 0.039567818929967205 0.0460933417826504 0.006911759489754817 0.9999469837825172 -0.007632640762018158 0.009936548113346764 -0.03951531111923773 0.007899980191528268 0.9991877353631415 1.0012354032960789
0.9965308348362736 -0.013534347887460395 0.08211648219316725 0.15220611573255238 0.014737810715177265 0.9997924346884505 -0.014067141680677204 -0.00785497594344035 -0.08190904807066898 0.015228557613964496 0.996523456260391 1.9952254714024389
0.9921599919706761 -0.015032534874256022 0.12406680953422661 0.3788331793401746 0.01750744754340525 0.999668423324782 -0.01888207318753876 -0.015309221199086384 -0.1237418264503264 0.02090613074193628 0.9920941961750097 2.970700791439488
0.9854841048773041 -0.013262497819652368 0.16924888533092958 0.5822854907548082 0.01713527225074578 0.9996232402126608 -0.021442016501113707 -0.040305994783162075 -0.16890074445978992 0.024030892166645144 0.9853400706063893 3.9430242573363934
0.9743087035021983 -0.020740496962011107 0.2242596309317262 0.7874405784781504 0.03134967737291556 0.9985461040637459 -0.043850607609575834 -0.06171963847998069 -0.22302409737174 0.049754495725348194 0.9735423679258326 4.920047493152482
0.9603898485160273 -0.025598081021789638 0.2774816698727396 1.0196010665569657 0.04511580910674009 0.9969178086892313 -0.06418291429115341 -0.1013881796593607 -0.2749834588407208 0.07415942938199599 0.9585846214068586 5.8840903983929245
0.947692302692819 -0.028552123664974706 0.3179057653629488 1.496411486303709 0.05213702052180102 0.9964613803399334 -0.0659276010646829 -0.19225417601395078 -0.314898444753053 0.07905373947672982 0.9458274027362782 6.748333352888856
0.9319672297894803 -0.024312846307593013 0.36172637186545487 1.8965902284808287 0.058128696521381126 0.9948613456208381 -0.08289727154871024 -0.2416776725543205 -0.35785211643812753 0.09828422301630507 0.9285914463674722 7.649967894050855
0.9107552541966821 -0.021791665449690106 0.4123711802127614 2.26380922723445 0.07302623471885027 0.9913671752285886 -0.10889578927615295 -0.3197523999079805 -0.4064382314644187 0.12929132684065742 0.9044842269536035 8.56314814393339
0.8850028924631363 -0.019885820499114734 0.46516065447859994 2.671488037658795 0.0909893328533153 0.9872099178378707 -0.13091034882488534 -0.41442376123237123 -0.4566079517910207 0.15818069498400097 0.8754930302952658 9.454658568165877
0.856988913862615 -0.013310879368517882 0.5151629082212853 3.140200632332411 0.10833588873008476 0.981980458444135 -0.15484739083016302 -0.5286035821588284 -0.5038187538486816 0.1885131287849293 0.8429884124625191 10.309617746475674
0.8356160219796672 -0.00021511846881146213 0.549313951702413 3.695617231105141 0.11990358509301027 0.975957811227602 -0.182015057030103 -0.6695659185142394 -0.5360680871799028 0.21795941004662495 0.8155517773136217 11.104278533274305
0.8100470323387061 0.0056425228698734325 0.5863377587491007 4.276785098123096 0.1342656369699073 0.9716012422481181 -0.19484292337926656 -0.8265407792449531 -0.5707859004288042 0.2365569445135286 0.786285105972447 11.87268550194772
0.7851517367489377 0.0109276263253407 0.6192070229438787 4.882347803113224 0.14881294745470036 0.9672208177578095 -0.20576344759397522 -0.9945324057001679 -0.601158429159878 0.2537015504067875 0.7577889326001139 12.617601728419583
0.761966301403601 0.021042014324403738 0.6472747400899318 5.497910560689973 0.16312670419406 0.9610094098429628 -0.2232724626371644 -1.205159778410788 -0.6267352183371386 0.2757138876198512 0.728824271185755 13.332818604544734
0.7320284870032966 0.020588740596579034 0.6809628462525043 6.189250959692094 0.17622301450822955 0.9598029980667679 -0.21845744221627242 -1.3835423804509714 -0.658087945014416 0.2799183964349083 0.6989749265631866 13.987133598218145
0.7072233724433635 0.03202622178455103 0.7062644140745326 6.877487557307479 0.18569351097358866 0.9554851155686489 -0.2292730117328845 -1.6059081823642587 -0.6821678836269979 0.29329595129318176 0.6697943441855042 14.626092595848972
0.6711810960915915 0.03505658746105705 0.7404640247337312 7.533346901366805 0.1957455321539211 0.9550457838029772 -0.2226459913897738 -1.8837603070884799 -0.7149822535497424 0.29437830510372576 0.6341465056224698 15.270694872928667
0.6343290562623722 0.036177431651523304 0.7722161885252006 8.239041679719412 0.20800201784348746 0.9540805070649812 -0.2155586848439794 -2.15199385239685 -0.7445547722997454 0.29735766255088814 0.597676008860943 15.857237730530457
0.5962240773619436 0.03907100763022659 0.8018667632073663 8.964961090890545 0.2161221670388945 0.9541304452705436 -0.20718663644706045 -2.4340885968866615 -0.7731804824801978 0.296830843698213 0.5604314335769321 16.406028418585514
0.5566934394919795 0.040797039329637366 0.8297156235774558 9.710760767472102 0.226902492824503 0.9533459383449304 -0.19911499338636046 -2.715072760633035 -0.7991293219352024 0.29911055384783736 0.5214644795191936 16.9267060278936
0.5165770633515718 0.04186198576280739 0.8552167630297369 10.492671840859503 0.23871061419484726 0.9521628877653134 -0.1907959062274084 -3.0376265432335674 -0.8222927582617915 0.30271010771101403 0.4818726080613018 17.36536443320167
0.47648166162751876 0.044610088070303866 0.8780519154213144 11.320215711785984 0.24700527749939905 0.9516942600712522 -0.18239086664325255 -3.239164020685251 -0.8437734405752078 0.30378936023138065 0.44244593521704395 17.7917860044738
0.4360999167323842 0.04343182664505646 0.8988495641987496 12.165074795009309 0.2579580843180466 0.9508848689259729 -0.17110111858956129 -3.487213265270037 -0.8621336841586524 0.3064826952405458 0.4034772213609083 18.17569413443566
0.39922022237958266 0.04380565644815113 0.9158079921612085 13.062091239715334 0.26703025460873736 0.9500004858692032 -0.16184535820304244 -3.6845362159600734 -0.8771077796752172 0.30916038121244566 0.3675619696347619 18.467346267522842
0.36217341021339744 0.0470672036130042 0.9309216397089773 13.949705230154077 0.2729343946121556 0.9495948726880813 -0.15419595974669031 -3.8974624026318168 -0.8912559885757257 0.3099262107479113 0.3310717546383968 18.780786324631446
0.3279911344541314 0.04873071316116725 0.9434230934815497 14.878048793010556 0.2772366282564484 0.9497298761715389 -0.14544075859328173 -4.039122474908888 -0.9030845296385536 0.3092547168629727 0.2979930409011504 19.050529498664574
0.2985701850168258 0.0673169410017055 0.9520106480881357 15.821564021105747 0.28323949026446926 0.9463187260991995 -0.15574421269733163 -4.146042527161944 -0.9113897277091407 0.3161475890911725 0.2634757410808383 19.32054483502269
0.26643769973197207 0.0711578918763955 0.9612218820778289 16.782314754284553 0.28809832288090886 0.9457998660465978 -0.14987317885280643 -4.265050518990141 -0.9197881867662483 0.3168582771681132 0.23149627140693202 19.54157095985596
0.23688423484286628 0.07775610655683014 0.9684213169772924 17.758521081516307 0.29119547184855493 0.945282386885005 -0.14712717702683387 -4.365712497881131 -0.9268716504769186 0.31685201109999384 0.2012802687897698 19.691609474249663
0.20697354824764408 0.08338500217320148 0.9747865877915823 18.735301762384097 0.29610097082246334 0.9442932882084892 -0.14364679224540228 -4.492269495609883 -0.9324624203708023 0.31836634127522667 0.17075335235142788 19.867879284222735
0.18138579511417768 0.08900902977002911 0.9793756102487935 19.745801128156103 0.3037628881879404 0.9421239796763042 -0.1418820449479194 -4.563621282056651 -0.9353220306881038 0.3232333515253037 0.14385026719196928 19.939217104094574
0.15363617956713208 0.0903783976990058 0.9839856043445846 20.76329007487318 0.31036774459285615 0.9409976712659103 -0.13488975420126356 -4.69671041422931 -0.938119282098156 0.3261213392304985 0.11652074774110578 19.982056987702453
0.12676024071368222 0.09218797782308413 0.9876402270660611 21.790401761016664 0.31651476699650005 0.9398639025894934 -0.12835204276675338 -4.822091553905529 -0.9400799134368103 0.32887265218339096 0.08995851820979284 20.079853575016195
0.10406339352006223 0.0937082108805041 0.9901462424019315 22.839358900298198 0.3236824697336753 0.9381620732666248 -0.12280709699026567 -4.902773226518539 -0.94042568495134 0.3332727043993297 0.06729662388381646 20.040751124332154
0.08421182486035093 0.0957166694064278 0.9918400514959209 23.8993206345756 0.3325229245500649 0.9356177802150851 -0.11852372755726386 -4.988603253669861 -0.939327883756445 0.33979065399615854 0.046962093804485835 19.999296175042105
0.0680656101338286 0.09700207294512912 0.9929540123094616 24.966466610277113 0.34172813499796595 0.9327916334328377 -0.114549772363417 -5.081410908715699 -0.9373307604404764 0.34711722291186653 0.030342694178860923 19.88011122126401
0.056624087863278105 0.10801279260923027 0.9925356161399993 26.054469098091896 0.35995747361845076 0.9250620723304955 -0.12120552595418894 -5.178880184318415 -0.931248801266275 0.36413376521323115 0.01350078411653578 19.881392484799008
0.047431461010287716 0.10862122479725075 0.9929509988060717 27.146659427528462 0.3709980463548273 0.9210448500512488 -0.11847714461014908 -5.285304971376129 -0.927421536361611 0.3740024247483133 0.003388240701483432 19.760278553840234
0.042130566622904285 0.11028781811772902 0.9930063507001677 28.253077612187177 0.3820235008086379 0.9165871595419404 -0.11800857508143354 -5.377656280747501 -0.9231917786602877 0.38432353055423013 -0.003516201983100964 19.645225222129817
0.04022554530596298 0.11226125570780417 0.9928641981518649 29.368532173648635 0.3916458619565114 0.912384580160337 -0.1190289741953064 -5.4855260373090475 -0.9192363266957954 0.393639160085163 -0.007265488990301773 19.504525182958915
0.03906561363085419 0.11256483273870525 0.9928761434651115 30.48643500532286 0.3988415562578962 0.909294402100074 -0.11878174654065468 -5.570781149175515 -0.9161873666632956 0.40064054804771826 -0.009373389280275033 19.325384125977376
0.03874828472263192 0.11315847851805819 0.992821096255782 31.613837624278744 0.4052840353212627 0.9063961209786561 -0.11912565881689324 -5.684123493581611 -0.9133692687761984 0.40699045518823085 -0.010740029837443042 19.17823432326424
0.0393844715074833 0.11522317524082139 0.9925585540871127 32.750854894221035 0.4113465775204258 0.9033859222944463 -0.12119351699841449 -5.796756564130137 -0.9106277266623879 0.4130587068294716 -0.011817281669481056 19.05230501996873
0.04033603511943343 0.11846490791084835 0.9921386343976928 33.89702304653929 0.41606331612624003 0.900776455505893 -0.1244712584506016 -5.931617407089604 -0.9084405986331084 0.41781316733668644 -0.012955151685932798 18.92039116760726
0.04167001905634534 0.12133129153437448 0.9917370252271743 35.05679565248656 0.4204056296603549 0.8983238388497139 -0.12756718662804298 -6.091801544152276 -0.9063789031424576 0.42224755564587196 -0.013575186531375924 18.773103923336727
0.041440029036074036 0.12467526124022249 0.9913318330549928 36.24796462240753 0.4263286039680324 0.8951204444863431 -0.13039674574635834 -6.256226798392641 -0.9036186393784483 0.42803676138534386 -0.01605881286359623 18.720286466905332
0.04084263638233062 0.12664859756174313 0.9911064583529788 37.464159489563265 0.429814752301954 0.8932377117927839 -0.13185472663049186 -6.419920486083858 -0.9019928812119035 0.4313774715569128 -0.017953252524652744 18.676362920223294
0.04092842184380515 0.1281399125597905 0.9909112104999849 38.70465131105902 0.43283333011167563 0.8915830177304728 -0.13317293583555512 -6.577881716771388 -0.9005443757138306 0.43434995718175523 -0.018972139215027398 18.617137264204406
0.04033554904041005 0.13107386500377327 0.9905517075834971 39.96515894625932 0.4361197667157322 0.8896319899269692 -0.1354786757331075 -6.727297579361845 -0.8989842003969948 0.43746378640014705 -0.0212801086703581 18.61743969096892
0.03656243201065871 0.13188359298850805 0.9905906856345401 41.16226542864837 0.4372586432626564 0.8892173941136744 -0.13452622382936225 -7.076675401991898 -0.8985922698630159 0.4380629451415948 -0.025155290423783054 18.9663800204536
0.036262025030573845 0.13281277868677738 0.9904775774131286 42.46326610245199 0.44018949582064554 0.887676379185525 -0.13514382562752295 -7.267174113404865 -0.8971723765864885 0.44089841421077164 -0.026273847007596808 18.91267412797641
0.03772915316231242 0.13221638049896095 0.9905025692694642 43.79197353476657 0.44152673577665874 0.8870005938419349 -0.13521866778837865 -7.4309470104668645 -0.8964544899748473 0.44243505201533134 -0.024911285637786433 18.828103795139825
0.03777211771272725 0.13017719507742595 0.9907709952381886 45.13730836577497 0.44586467703465543 0.8851200120855671 -0.1332938632436931 -7.653576761188514 -0.8943030565173522 0.4467845813000035 -0.024608555754087234 18.768442698189705
0.041267047396608865 0.13184238687822092 0.9904113366785644 46.50827887387312 0.44387650721419947 0.8856472803618496 -0.13639113288987106 -7.690748639073085 -0.8951372392781394 0.44524878417567065 -0.021973689894917676 18.582470409988588
0.043102563020866076 0.13098085658062023 0.9904474666888904 47.89109684631622 0.44958627003120183 0.8827754887287987 -0.13630708822017346 -7.91126363025969 -0.8921963656395737 0.4511667670707114 -0.020837308619363906 18.467974843555176
0.04369715622063938 0.1298159923077095 0.9905747658200239 49.29582308854559 0.45175812214064415 0.88179222230903 -0.1354882864134804 -8.137976899662934 -0.8910696704625225 0.4534206488642383 -0.02011361641637268 18.399008464708817
0.044806325552313495 0.1298472607866743 0.9905211164113055 50.72579935452695 0.45509498460941816 0.8800041329282041 -0.13594587530570051 -8.355117727465384 -0.8893148757182993 0.4568724273749476 -0.019663085481924164 18.325645934053284
0.044702340146470974 0.130068945732459 0.9904967289908015 52.17514129075181 0.45475100210489205 0.8801576505149261 -0.1361030356922341 -8.559714599126478 -0.8894960521947392 0.45651350428666565 -0.019803876738725593 18.296506427245863
0.04449644352580413 0.13115358157592968 0.9903629660651504 53.64710481025563 0.4535750628159025 0.880625170644407 -0.1369998949600299 -8.768365233236965 -0.8901065828905579 0.4552999526326737 -0.02030330582885243 18.269438999387468
0.045991610419517194 0.13013415121598493 0.9904291365152359 55.13877620002233 0.45522337913911565 0.879814803259389 -0.13673912041112352 -8.99715552978241 -0.8891886452582403 0.4571553506773575 -0.018776008385111342 18.201954964839107
0.04625156838019293 0.13010011417906753 0.9904215025497817 56.65635666243211 0.4536851975074946 0.8805902742544596 -0.13685945510282166 -9.191764588394136 -0.8899609732931878 0.45566953944613087 -0.01829581471246488 18.182956854836704
0.04680743746481325 0.1303427390246624 0.9903634858886547 58.19168298196689 0.4543212116101431 0.8801912963553243 -0.13731539790360456 -9.414871371818087 -0.8896073855803296 0.45637052074370693 -0.018017972057044564 18.1458144765523
0.046844610974412434 0.13104099730721266 0.9902695791790175 59.74582453490919 0.4531164528532491 0.8807086168242861 -0.1379775793567281 -9.629166453042908 -0.8902196709668605 0.4551709451142326 -0.01812037934124986 18.11972812983163
0.046942956242323905 0.13148704608945191 0.9902057945548001 61.32986464091095 0.45273335033783013 0.880835129680928 -0.13842683197944908 -9.839986277864815 -0.8904093846939817 0.454797351609102 -0.018179565952788766 18.091131797253787
0.04826682946855982 0.13037857777432987 0.9902887152899388 62.92286098465466 0.45433361530284594 0.8800758486197544 -0.13801255987070576 -10.094995095418566 -0.8895230627582956 0.4565828809030867 -0.016756899693526835 18.015099043640603
0.04983639990523282 0.1279918877883226 0.9905222914729727 64.53625933140681 0.45831528448587616 0.8782387448343557 -0.1365423270579725 -10.349994205970095 -0.8873913641968331 0.46077628382128893 -0.014892381163754747 17.944395546969798
0.05125997191574762 0.12581006055067817 0.9907291476197886 66.16748607141076 0.46149078597290966 0.8767796419600156 -0.13521728405264452 -10.59391001943662 -0.8856628420235904 0.4641436072043886 -0.013116483903662162 17.88236521514664
0.05334986484274451 0.12476464388697733 0.990751015925302 67.8011290741768 0.46502237592272455 0.8749116554729723 -0.13521754697053087 -10.873998886370455 -0.8836899805997833 0.4679352292286816 -0.011341932562649898 17.79441621358668
0.05367127966635247 0.12605493405468315 0.9905703141824144 69.46310336462513 0.46547977464968726 0.874468984518911 -0.13650118866347494 -11.097790322038598 -0.8834296650730339 0.4684166400918463 -0.011742152869589366 17.767792969107337
0.05321484249090073 0.12610601230121143 0.990588438353768 71.1380662717913 0.46387539054700055 0.8753439733539489 -0.13635450252114736 -11.32744114866534 -0.884300742159327 0.4667656820872848 -0.011916184039159701 17.764375451087517
0.052450728551138824 0.12570912649490348 0.9906796336810123 72.82377250168976 0.4637782313090276 0.8755050885077564 -0.13564878237896716 -11.582965988339755 -0.8843973503116825 0.4665705257653062 -0.012380276602748035 17.779603875784748
0.0515497355217243 0.1250358296279425 0.9908121245104411 74.53112634937764 0.46353818367801564 0.8757883143024335 -0.13463721923669159 -11.834723176152528 -0.88457615672147 0.4662197656047569 -0.012812225385103073 17.797979011260242
0.05264327000949216 0.12392076868513698 0.9908947114659529 76.24598121670292 0.46639887726057694 0.874347129398269 -0.1341237659890324 -12.110270253271862 -0.8830066666864873 0.46921289453881365 -0.011768015369078094 17.726730572594256
0.054638025552531375 0.12228500424770042 0.9909899413716883 77.97594623803703 0.46958285124704324 0.8727243882832404 -0.13358176488706036 -12.382656968361548 -0.8811961370650796 0.47265052610970837 -0.009739003532054952 17.607285630436248
0.05596254910623475 0.12169075062054861 0.9909891797143605 79.72234093325197 0.471257728051241 0.8718078724845177 -0.1336681982597287 -12.663473805190737 -0.8802183518022759 0.4744917224646038 -0.00855911578717303 17.509534528382147
0.058234625922239054 0.12078029025574262 0.9909696513160415 81.4762794809046 0.4732288867189698 0.8706990854749694 -0.13393103944857934 -12.934762600752595 -0.8790125989531786 0.47675488884623995 -0.006451886761848627 17.353080547217715
0.06004261589307779 0.11953944880317637 0.9910122120622685 83.23817211981171 0.4770957039929817 0.8686245917538638 -0.13368248887522813 -13.257876407093095 -0.876797909160462 0.4808343153106553 -0.004877264763725684 17.218707336889025
0.05951416593897788 0.12006420545496566 0.9909806509821759 85.03104314953765 0.4765034551595234 0.8689173361982744 -0.1338921957215269 -13.511604804367312 -0.877155927571389 0.48017418654334487 -0.005498118206515291 17.209698313184862
0.06503206094943186 0.11848174494948989 0.9908243573723827 86.83864416206195 0.47647882264329106 0.8687351958250796 -0.13515580308379013 -13.704788453379292 -0.8767774875195715 0.48089628367090204 4.1597865557558124e-05 16.98240171581396
0.06492028569559545 0.11833847155871081 0.9908488091804684 88.66498230618255 0.47468358920578274 0.8697453290181437 -0.13497611933166961 -13.945378054418946 -0.8777589912065372 0.4791023573311544 0.00029078482165226217 17.047983367185967
0.0641245779218565 0.11791318996062114 0.9909513197628106 90.50643288858183 0.4721887823581207 0.8712188633017282 -0.13422163030749004 -14.207449664517888 -0.8791619829823734 0.47652300244642465 0.0001892562953154152 17.08181503039531
0.0639560399423956 0.11893109851151731 0.9908405617261197 92.36125931396013 0.4724128044216364 0.8709715219441134 -0.13503610695232612 -14.458234453142241 -0.8790539045891163 0.4767221431496535 -0.0004806843346250102 17.073870779574158
0.06362927999334207 0.12007004739382238 0.9907242292617942 94.23502606648216 0.4721084171704083 0.8710050173465312 -0.13588194211896257 -14.710310825028252 -0.879241125723985 0.4763753178702841 -0.0012646579003251631 17.057031504857946
0.06791986930120196 0.11948402466571728 0.9905102014637668 96.12211927082818 0.4736785971441889 0.8699110483677421 -0.13741671854344928 -14.954533366490585 -0.878074870362215 0.47851680824963533 0.0024872195240099844 16.999693491008586
0.06849176894485451 0.11944759502559642 0.9904752140409208 98.02062441484999 0.4737592882442941 0.8698288376786315 -0.13765874452755023 -15.203353382548691 -0.8779869101467654 0.4786753233510604 0.0029867081700369336 16.961997456772043
0.08374627456579518 0.12140194265695951 0.9890642698103439 99.89398595039201 0.4715501538616854 0.8695580298167047 -0.14666044175002438 -15.111683146029513 -0.8778536403577598 0.47867567423090074 0.015575140776924864 16.52666352006239
0.08447845841159507 0.12141891376770637 0.9889999178179302 101.80074554287286 0.4718074952366644 0.8693558101147315 -0.14703116288142584 -15.414392637998388 -0.8776451888450737 0.4790385399936308 0.016155485070557765 16.489215411839265
0.08501898914450988 0.12216927659616639 0.9888611830488733 103.72178933058909 0.4740846101415734 0.8679528803760113 -0.14799182367245314 -15.714342260032423 -0.8763649661595094 0.48138598370014374 0.015873902648262606 16.43335786124223
0.08537733240029018 0.12417719419109932 0.9885801614209333 105.65595749839193 0.47441539696736046 0.8674388911981578 -0.14993265540639575 -15.98939256925162 -0.8761510955494562 0.48179849987285844 0.015148045674300871 16.43892058240197
0.08373926056316809 0.12584058316038962 0.9885099310933548 107.60210276408958 0.47462338301246515 0.8672085938919464 -0.1506051094012306 -16.280112078584665 -0.8761965421856769 0.4817814881352401 0.012892523106690746 16.47054004546416
0.08180328899299548 0.1267558780810939 0.9885550916776574 109.55967059904182 0.47354217566250284 0.8678244317318015 -0.15046116960265768 -16.572043419089383 -0.8769640983408338 0.4804307474145123 0.01096663849960646 16.489977405421566
0.08094164419312547 0.12676192130327782 0.9886252401910531 111.52701182087607 0.472531181746966 0.8684481543521642 -0.15004027952232005 -16.870367870767694 -0.8775891592950137 0.4793007599720883 0.010394661035795566 16.505462107693795
0.07992581635519731 0.12706310554612973 0.988669222282625 113.5084132373746 0.47194564127584393 0.8688060101976441 -0.14981130906972254 -17.15067843315471 -0.8779972525929038 0.4785719212965009 0.009473150789880123 16.52469517677844
0.07803720278883647 0.12771098302356765 0.9887366180111113 115.49646904919095 0.4730008194308583 0.8682881822421268 -0.14948530829616738 -17.441055610877672 -0.877599236439179 0.47933864583801017 0.007351381336311088 16.52459439213233
0.07682537882784143 0.13036687937244168 0.9884848698541887 117.49235738230298 0.4743697158589492 0.8672361811529297 -0.1512441032740884 -17.726478070777627 -0.876967065427122 0.4805266723731101 0.004783648624961251 16.525420380113392
0.0759311511657397 0.131226189923611 0.9884402598846227 119.49246201839698 0.4744424035830086 0.8671397785878971 -0.15156849960631888 -18.049998679030228 -0.8770056248194894 0.48046674335344497 0.003583652649385287 16.540074203224936
0.07553952244918202 0.13128137871449 0.9884629381777421 121.51021729897019 0.47592375409768306 0.86635116708298 -0.15143393140088204 -18.36082225002451 -0.8762364754070202 0.48187223918460087 0.002963826833820061 16.524063751443325
0.07430737487415581 0.13303215304855956 0.9883222451683352 123.53848546121883 0.4782265095511753 0.8649165789767497 -0.15237689120616713 -18.65670482732581 -0.8750873211296181 0.48396462439564797 0.0006501782584073446 16.525815630632806
0.07494365390291892 0.1343342654199955 0.9880980487146771 125.57167086903591 0.47896017182285483 0.8642540669461091 -0.15382477555495508 -18.94961754180707 -0.8746316953707434 0.48478780193109305 0.00042959483014129636 16.48971276290863
0.07479698421381677 0.1354641379804944 0.9879548969835223 127.61711932098297 0.4792828723963334 0.8639113967095033 -0.15474180709477203 -19.26007140964769 -0.8744674604466641 0.4850840813267703 -0.00030767405616747813 16.46913185875671
0.07487714450973794 0.13487527968453392 0.9880293883079031 129.66914092101715 0.48097807173574797 0.8630540126123906 -0.15426556914299983 -19.56661574336476 -0.8735293399419561 0.4867714353201821 -0.00024903192539964497 16.45523681702127
0.0752542751527411 0.13448821750697273 0.98805349724751 131.73424865933112 0.4833109260293444 0.8617773980959529 -0.15411120955864227 -19.8826627334499 -0.8722083139089498 0.4891345780894732 -0.00014719150660473678 16.43878750020197
0.07468859827464994 0.13595558350148715 0.9878955879051898 133.8041909496411 0.4856788005049996 0.8602656329026716 -0.1551101014975857 -20.199138370168814 -0.8709407075270926 0.4913849002170664 -0.001778710451604504 16.43281558032637
0.07446549966687785 0.13719601374535412 0.9877409291771548 135.88547537601718 0.48660833964636246 0.8595650323173121 -0.15607779792125875 -20.51940888936106 -0.8704408154182411 0.4922653847567622 -0.0027527848270416434 16.41643714237877
0.0744250169325003 0.13802183709239546 0.9876289228957603 137.97403344080655 0.48656346104373144 0.8594632447205032 -0.15677668625038166 -20.844943949227567 -0.8704693649013401 0.4922122544798587 -0.0031908162141049334 16.400506848119758
0.07419696214084832 0.13869231135599694 0.9875521523341454 140.0739775166084 0.4865498010484668 0.8593848733497661 -0.15724799063041978 -21.19610164542612 -0.8704964686365861 0.4921606264506924 -0.0037169695848620183 16.370442311527523
0.07370938297990272 0.13938447433811788 0.987491212707339 142.17165357353556 0.48667207898715037 0.8592493414874617 -0.15760982421057734 -21.552137799039826 -0.870469536741549 0.4922017243639546 -0.0044997931177344274 16.376421109375006
0.07366996483927543 0.1396404095156671 0.987457995213406 144.2874611054129 0.4876603208717713 0.858652508973244 -0.1578077320070058 -21.888302394282 -0.8699196214178762 0.4931697728614866 -0.004840186765861281 16.35371238815832
0.07369340470746674 0.14003123055674604 0.9874008996205074 146.40859281351007 0.4902973030558548 0.8570876785318265 -0.15814318172175615 -22.25375820906132 -0.8684341291766332 0.4957741076112064 -0.005495225521736151 16.34591356436527
0.07109753339592567 0.15095565817179324 0.9859804916989678 148.5477794715744 0.49853224348230646 0.850788578425179 -0.16620588747021575 -22.495789362969447 -0.8639506600226161 0.5033598951914862 -0.01476729356727596 16.250334376540884
0.07075765196954961 0.15072094219092172 0.9860408471624487 150.67976918557324 0.49927898678193194 0.8504259998566264 -0.16581951672184217 -22.871158807840153 -0.8635472471415585 0.5040424747508271 -0.015077652380190067 16.18374379090534
0.07271571932833654 0.14998853843802787 0.9860100722101115 152.83020931220128 0.5008922024145792 0.8494123964769879 -0.16614927707183447 -23.246391505324343 -0.8624496656169768 0.5059664208704415 -0.013362455938937154 16.14637536087042
0.07568284575053137 0.1543387036403583 0.9851150549137484 155.00840814644246 0.5026144060896632 0.8473553761115221 -0.17136984964116786 -23.3363399235831 -0.8611915383062217 0.5081027761521428 -0.013442589640715378 16.199383585816058
0.07641985610561094 0.15483527011213866 0.9849802255487676 157.1685572499599 0.5051599738322993 0.8456855902879485 -0.1721315869242924 -23.7164731767611 -0.859635624221419 0.5107268560675315 -0.013589409877771247 16.14554273589096
0.07653680209339622 0.15623259801207662 0.9847504725785693 159.33506876675216 0.5069189016803058 0.8443808594183793 -0.17336144717644733 -24.10001455913684 -0.8585891596360562 0.5124571587618579 -0.014571046262186228 16.102548278176478
0.08078285088739037 0.15655231747017853 0.9843604537450824 161.5101901013445 0.5066380104141013 0.8440422579725199 -0.1758140869222132 -24.460294275782235 -0.8583659227894285 0.5129171849834693 -0.011131214780357583 16.035980084149795
0.08108345184722003 0.15800822180977322 0.9841030818349547 163.69868165388425 0.5087707526427946 0.8424708372972167 -0.17718693393986773 -24.84646080345105 -0.857075139700029 0.5150497938493324 -0.01207951836523188 16.003446866570084
0.08136504744155557 0.1588225034516932 0.9839487494032262 165.89092483858911 0.5094401630929258 0.8418906532276087 -0.17801923557819196 -25.238027170148833 -0.8566507160346549 0.515747554919388 -0.012410089120790661 15.937722222888619
0.0802037024298746 0.18467244154807133 0.9795220546007204 168.10271068210795 0.5075979987759508 0.8381591851255851 -0.19958319575621997 -25.126468629467485 -0.8578529231489453 0.5132107459146674 -0.026515891886191002 15.626185396082212
0.07994674281800275 0.18492352179709073 0.97949569136314 170.29726806857332 0.5090995185852205 0.8372394333712955 -0.19961916587444495 -25.595053556219792 -0.8569866967981994 0.5146196870449796 -0.027209910265156963 15.545606255239267
0.08011430490360906 0.18545825644630176 0.9793808928428774 172.50619073819234 0.5128425987595165 0.8348509972037772 -0.2000406992725346 -26.04618169102711 -0.854736314337584 0.5182943638356068 -0.028227386858264647 15.483910457332822
0.0806943281826115 0.1856158595475617 0.9793034147206774 174.72377108945065 0.5164336235527671 0.832558571983129 -0.2003560248197497 -26.4906384097277 -0.8525167082604984 0.521912805841965 -0.028675516296155674 15.410625502086337
0.08065574167588466 0.18529665306889306 0.9793670413569069 176.9447669360833 0.5186728098535447 0.8312538556089731 -0.199988859324327 -26.955087739353097 -0.8511598954681439 0.5241013049942563 -0.029062939458619656 15.341367086663816
0.08056518161852981 0.18548714721987863 0.9793384347236691 179.1793554618576 0.519747709827107 0.8305635838067724 -0.20006611753000123 -27.407677148041742 -0.8505125334998013 0.5251272716878085 -0.029492013994765663 15.27549674609968
0.0819868725283836 0.18470771148467868 0.9793677624116025 181.3992870151859 0.5210085867373149 0.8297630790821782 -0.2001081835859025 -27.918080140623985 -0.8496047347319813 0.5266652579296982 -0.028204623926646417 15.070214911084205
0.08291197589442494 0.18586362232187872 0.9790711507090147 183.63347060061216 0.5218881018018418 0.8288623159115021 -0.20154421465150635 -28.4106955528135 -0.8489749192119591 0.5276760134393181 -0.028277400690927882 14.8974615051274
0.0828795565737126 0.18787635203188718 0.9786896624821053 185.88783125392516 0.5223846809627356 0.8281415376416456 -0.20321377593065035 -28.88449039742962 -0.8486726248663882 0.5280947547360433 -0.02950772479660777 14.808606385118425
0.08255429617560048 0.18916093753606092 0.9784696867524469 188.1489844929945 0.522756390814902 0.8276849409785048 -0.20411612954293237 -29.373774833596148 -0.8484754233595267 0.5283519453810006 -0.03055614123189035 14.726784589207483
0.0739067646907966 0.1921600952845824 0.9785766643003303 190.41568166856425 0.5238807034569167 0.8274796335024853 -0.20205559800233 -29.859440951944286 -0.8485792824942314 0.5275907068161958 -0.039512623334340254 14.656440525587543
0.0739879292723967 0.19228138618115026 0.9785467055027267 192.68641818009388 0.5257034128605677 0.8263082180477278 -0.202115438533381 -30.347235747263543 -0.8474442211902409 0.5293794454973147 -0.039946146950875915 14.555636479093671
0.07516731231456815 0.19149691004985037 0.9786106522007441 194.97977085074217 0.5259238069399854 0.8261802285508036 -0.20206528461241346 -30.808712780112444 -0.847203649929081 0.5298633440738298 -0.03861103668306156 14.431147464342573
0.07498357786322404 0.19090873799639188 0.9787396573182559 197.2723391065794 0.5274882549070973 0.8253448050749413 -0.20140033185392953 -31.309037755762855 -0.8462467748747375 0.5313753913124245 -0.03881481059688853 14.317369341798242
0.07458109192482358 0.19061715713907795 0.9788272371218115 199.56563454855637 0.5294237516259829 0.824238515918192 -0.20085158722610735 -31.824151021259514 -0.8450728678294969 0.5331941187608812 -0.03944464193317516 14.21731169969876
0.07430179723471342 0.1907833021875939 0.9788161086404793 201.87392096237826 0.5301076972176536 0.8238087324633335 -0.20081086043277802 -32.3381677021168 -0.844668616842302 0.533798561185353 -0.039925227590568116 14.105878928216494
0.0740659240031798 0.1913214658964468 0.9787289387715027 204.1682898999984 0.5306494291543827 0.8233862951614432 -0.20111238718298996 -32.8412667344454 -0.8443491115881406 0.5342575274411653 -0.040539759900241855 13.998497422594749
0.07351981674736428 0.19180777382803826 0.9786749278716442 206.49003035668017 0.532127004347222 0.8224209265749062 -0.20115832266184008 -33.360013548541794 -0.8434664710525753 0.5355684806173764 -0.041601860286638696 13.914324952125742
0.07370579616926828 0.19132004107844058 0.9787564035513638 208.79064712433873 0.5339074298229861 0.8213636064184276 -0.20076026108552467 -33.88570408700654 -0.8423243508238776 0.5373625107253559 -0.04160793285028645 13.77841010147005
0.07441601217877462 0.19028335719868741 0.9789047456747808 211.11357430327612 0.535684524670054 0.8203463718407331 -0.2001847152925638 -34.37416125712833 -0.8411327761777129 0.5392810715952701 -0.04088494415588727 13.627438423087671
0.07433150748658891 0.18939729132975647 0.9790829857737927 213.4421231438181 0.5378703130876341 0.8191328897180461 -0.19929083090090874 -34.874000814488326 -0.8397442189701463 0.541433259986044 -0.040983797860897675 13.534705005273446
0.0751842938877177 0.1890684017153147 0.9790814375859773 215.76994388002282 0.5397709307925983 0.8178589119156967 -0.1993844087970901 -35.374271721732434 -0.8384477707191406 0.5434702748751665 -0.040563482385185444 13.37430306316919
0.07512626146514109 0.18897151264349646 0.9791045971945502 218.08983408959367 0.5406331896951395 0.8173267839169136 -0.1992302248457666 -35.90136530876347 -0.8378972484966936 0.5443038633899853 -0.040761565970963864 13.230561735944105
0.07544604694903362 0.1894149124231714 0.9789943232478363 220.42944487086535 0.5411358253670728 0.8168673348063756 -0.1997492824283135 -36.38894205668097 -0.8375439764597798 0.544839194880518 -0.04086978367801085 13.099029917787941
0.07477067197046765 0.19069720667771342 0.9787971812272471 222.78079725092093 0.5418355345322593 0.816239612491448 -0.20041743566354736 -36.90514068043543 -0.8371520770631969 0.5453324402280945 -0.04229573859912783 13.009749251651993
0.07422771489069004 0.19176206942457294 0.9786304486741223 225.10811787491642 0.5426175143133266 0.8155840248527416 -0.20096997677620868 -37.42250650254945 -0.8366937788118974 0.5459395636286197 -0.04351451898457051 12.9186563001444
0.07361145199801807 0.19287263689313205 0.9784587370311717 227.45266546288332 0.5415845736290794 0.8161111362239734 -0.2016153836844401 -37.91681188553015 -0.8374171623162202 0.5447593590468228 -0.04438171908728412 12.808432741120365
0.07381735585138567 0.19292265825843144 0.9784333630378782 229.79107147235692 0.5435663663671406 0.8147806131302371 -0.20166347666729106 -38.44960189038822 -0.8361139894353714 0.546729732498257 -0.04472131787918024 12.660964765024266
0.07364540084967827 0.19154959313419775 0.97871605090742 232.12953013623425 0.545959009486835 0.8135164183983533 -0.20029926848710664 -38.983889644346725 -0.8345688197469656 0.5490899656399112 -0.04466648340441153 12.545230877548445
0.0676555636130925 0.19054192363650166 0.9793449341519557 234.3322608334954 0.5492286961815309 0.8123628854414483 -0.1959958715074905 -39.78644765160186 -0.8329289069319958 0.5511445524489434 -0.04969022341389735 13.08912629900289
0.06764788461542023 0.19047441068993273 0.9793585975419747 236.6835609023611 0.5496912900766431 0.8120711332124763 -0.19590804020478902 -40.26825454877004 -0.8326243146347179 0.5515976554295058 -0.04976723021966633 12.942373691710968
0.0676189996225208 0.1917983686748511 0.9791021686543837 239.03930950649763 0.5498845448151395 0.811681323289615 -0.1969782140143097 -40.727531129526675 -0.8324990440015505 0.5517126201171093 -0.05058187956192916 12.80642843006531
0.06744610452201585 0.19236311976665796 0.9790032957750681 241.40222534363602 0.5501888194864704 0.8113889644844692 -0.19733274240456328 -41.1893572125195 -0.8323120123468654 0.5519459923456819 -0.05111101287052233 12.679698832159605
0.067413923703141 0.19233014322775105 0.9790119911916 243.759168190487 0.5509095349920594 0.8109215348469275 -0.19724337397321362 -41.66347329580345 -0.8318377528976304 0.552643990582994 -0.051289107291151693 12.548422521295919
0.0674532870161822 0.19288628463124774 0.9788998596750678 246.11349981931207 0.5519104484079488 0.8101382678615117 -0.19766346117704048 -42.15194629888035 -0.8311708073608268 0.5535981106791307 -0.051809466737719904 12.402590691245882
0.06691533403385896 0.19225465727865207 0.9790610220133404 248.45411332743646 0.5526101028403463 0.8098713866004135 -0.1968004354789554 -42.67883845208396 -0.8307493077396565 0.5542079789398486 -0.05204905157146021 12.220034817304928
0.06674949330592163 0.1919795440117351 0.9791263247530682 250.8003422751559 0.5532675377875784 0.8095099248189118 -0.19644010092176004 -43.17582366011843 -0.8303249585396507 0.5548310880806213 -0.052181672313177586 12.06128660122297
0.06590641187307707 0.19199834435464488 0.9791797488914348 253.14270850885035 0.5540166699570523 0.8091181607878266 -0.19594216313245164 -43.70421240815322 -0.8298926884144203 0.5553957486769233 -0.05304420861775866 11.940196770858035
0.06606595814756815 0.1914590195351734 0.9792745953064829 255.47389012165112 0.5549658991291988 0.8085685219969954 -0.19552441289853104 -44.23981563821395 -0.82924552454491 0.5563815139580256 -0.052834372789037826 11.720766700562312
0.06567704537183228 0.189956561177081 0.979593298556603 257.79814892033824 0.5560575021959868 0.8081858239576796 -0.19399929949720826 -44.82811624405447 -0.82854485694064 0.557451503558493 -0.05254751390492667 11.520481261370765
0.06569503212857548 0.18904089744592664 0.9797692084600669 260.13243791746845 0.5570069714159651 0.8077247575555441 -0.1931940729573573 -45.34439710028505 -0.8279054272968855 0.5584301703209422 -0.05223359386145437 11.33511634796279
0.06548021043488854 0.1901081647881302 0.9795770657392372 262.49180883572006 0.5577046588148569 0.8070715790891758 -0.19390972065038214 -45.80330308612846 -0.8274526304131288 0.5590119425445164 -0.0531769923463057 11.205404657387396
0.06625147559494508 0.1899578274405722 0.9795543710154899 264.85342785227266 0.5594911404884693 0.8057880109790255 -0.19410137835002253 -46.248936868967036 -0.826184244400971 0.5609114949406223 -0.05289507677536133 11.004324316414396
0.06620768121918351 0.18893590893953782 0.9797549516388123 267.19646099455076 0.5611612229910339 0.8048595485097364 -0.1931299795058012 -46.79023665575644 -0.8250543162475943 0.5625871750101438 -0.052735621313485054 10.80567647841433
0.06781646221412052 0.1886647280290866 0.9796971715027422 269.5596774447238 0.5632543131482215 0.8032642807281853 -0.19367775821233865 -47.228806982942665 -0.8234959053770002 0.564953197799554 -0.05179168005936345 10.544451521283811
0.06843959370103582 0.18980206273353503 0.9794341218255234 271.92632066537664 0.5670615447591757 0.8003287348371703 -0.19471805424580585 -47.68912137054894 -0.8208271599242887 0.5687258506310662 -0.052855277452636344 10.40735405816922
0.06892806253616604 0.18945791102192686 0.9794664987360312 274.310594229104 0.5690092020885513 0.7989766883230992 -0.19458874441961993 -48.16312672016964 -0.8194372765096544 0.5707380760624448 -0.05273137964227688 10.22160654133076
0.06964818248665243 0.19047345329619253 0.9792185630724791 276.67411101283506 0.5717889181405644 0.7967308813262541 -0.1956459450965804 -48.636247424102045 -0.8174390275537058 0.5735327072892301 -0.05341975197936482 10.059138091437003
0.07042563625359234 0.19154711514727912 0.9789534883931071 279.0593024858174 0.5739382329602294 0.794893712049697 -0.19682197867703638 -49.11106200361255 -0.8158646545259609 0.5757201483556127 -0.05395531737117919 9.881916485356939
0.07395617009012148 0.19014977023244378 0.9789655508679309 281.4563335580278 0.5755481666461285 0.7935324811329132 -0.19761201698612374 -49.618367267003585 -0.814416842148958 0.5780564559518316 -0.05075372849876372 9.764156805708176
0.04347447291289746 0.20043451148091124 0.9787420379305037 283.84856787741603 0.577133441876399 0.7946290129504728 -0.18836592591352513 -50.15408239770298 -0.8154918518739759 0.5730538704037921 -0.08113138198247505 9.884147450850351
