1.0 0.0 0.0 0.0 0.0 1.0 0.0 0.0 0.0 0.0 1.0 0.0
1.0 0.0 0.0 0.0 0.0 1.0 0.0 0.0 0.0 0.0 1.0 0.0
0.9999752285621059 0.000486544569994171 -0.007021790123995006 -0.008832134577227745 -0.00048785683399197124 0.9999998638533418 -0.00018517291189140854 0.0013197432582483753 0.007021699073126956 0.00018859395319097683 0.9999753297829138 0.09395607375536061
0.9998936866912448 0.0007116929409971449 -0.014563955786405238 -0.017275930414883022 -0.000723859815118061 0.9999993934341158 -0.0008301556290656188 -0.0006320890972240176 0.014563356136505385 0.0008406096348168541 0.9998935953557674 0.19162318507637538
0.9997119828610123 0.0011149919899635474 -0.023973070661998136 -0.020113488438951898 -0.001163708475540246 0.999997286162682 -0.002018278933892442 -0.005301450082203555 0.02397075523813955 0.002045595300482323 0.999710567330955 0.2959144105244702
0.9993694353699564 0.001195333317807932 -0.035486657021949836 -0.03275584605880465 -0.0013272120840139502 0.9999923002193017 -0.0036929676676111566 -0.003967700079692762 0.03548196945517837 0.0037377373328408648 0.9993633269052915 0.4099093878716703
0.9987985780243083 0.001014227158974079 -0.04899359019187281 -0.05230900932326969 -0.0012392207554837186 0.9999888254976372 -0.004562149907154799 -0.004784364830010312 0.04898841565654432 0.004617382713851383 0.9987886737985846 0.536372448842363
0.9982836253668104 0.0009351186976234474 -0.05855705659882763 -0.15469303742593724 -0.001133250225201363 0.9999937451059907 -0.003350446660097024 -0.023334403787159563 0.05855355726532788 0.003411055836017536 0.9982784409320175 0.631315437052812
0.9970269261596031 -0.0006576358182016116 -0.07705112606486246 -0.18319772539850182 0.0003944229698935862 0.9999940354637283 -0.0034312486777494772 -0.023915562523082978 0.07705292300265794 0.0033906565880896223 0.997021238743011 0.78316257560213
0.9952831701437452 -0.0020089415301025137 -0.09699162532169832 -0.2138920952526437 0.0016564492587297238 0.999991728783411 -0.0037146386928379217 -0.02419878244683521 0.09699828557489736 0.003536455668279235 0.9952782656507861 0.946249769161175
0.9928894870511217 -0.0023298662872611627 -0.11901696612854545 -0.25895090909700014 0.0018439797488426794 0.9999895114583655 -0.004192458937842623 -0.025426058078627294 0.11902548568288103 0.0039431835289677275 0.9928833693146497 1.114502935583931
0.989653309826276 0.0008976167594769808 -0.14347655081597588 -0.2927117858684705 -0.0017399398950093987 0.999981981070749 -0.005745445411968592 -0.026545862006076452 0.14346880831406514 0.00593563964314398 0.9896370391325139 1.2930181704467854
0.9855941428461128 0.004535544490636008 -0.1690668933399106 -0.3437671310436938 -0.005928573685644561 0.9999525049165707 -0.007735627002984025 -0.021368274488162965 0.16902377821327133 0.008626514200351966 0.9855742212797888 1.4747000897353995
0.9805524280639872 0.007149332912058628 -0.19612705794135307 -0.40946405993451485 -0.009035790368689062 0.9999211073746285 -0.008725452372774715 -0.02627554380588904 0.1960492037990245 0.01032792649126673 0.9805396695820928 1.6602182734350281
0.9740297606328516 0.007803692369160949 -0.2262855006113216 -0.4360066918887319 -0.010080220835827682 0.9999095261562082 -0.008906663234215793 -0.03880508746766793 0.22619552283237154 0.010956362876168574 0.9740202993588564 1.8629467730544222
0.9663959001199656 0.010334531750473459 -0.2568504656114508 -0.5208567780747227 -0.012869947358527752 0.9998836205027317 -0.008192063557946515 -0.049093703004856465 0.2567359123424484 0.011222428607354408 0.966416436330552 2.056928201010305
0.9574218428451708 0.012612401143864114 -0.2884169588986447 -0.6173295380205867 -0.015282256473417043 0.9998586670653326 -0.00700703442381288 -0.0576083660719011 0.28828782055445384 0.011116349748098543 0.9574792735554339 2.2530510796047247
0.9466089890646688 0.014377941879560659 -0.32206318729291794 -0.7194652684234784 -0.01724240303756687 0.9998330760866545 -0.0060431366514122195 -0.05775277739173694 0.3219225393778064 0.011273630755240835 0.946698887656545 2.45138234371565
0.9346654483127659 0.016598999000109544 -0.3551407790756928 -0.8329911256311644 -0.019911798060952727 0.999785634280319 -0.0056750140686636545 -0.05972396123906067 0.354970449514147 0.012375731044833386 0.9347956039973823 2.6446490659237494
0.9269839332305359 0.016644622383481703 -0.37473156269275726 -1.041113008282026 -0.021361769267871516 0.9997362071877153 -0.008437467135783541 -0.03243522640640161 0.3744922727456347 0.015826325651663625 0.9270949601147538 2.7424926035321926
0.9119970656179065 0.01708810345696803 -0.4098406385713488 -1.1671259461050583 -0.02233012104227592 0.9997185849539136 -0.008007283683096294 -0.031830354804140495 0.40958847395717124 0.016454410289895843 0.9121219953402329 2.940144790519775
0.8946863345516842 0.012400675301187925 -0.4465227721164343 -1.296874967619718 -0.01832734189332271 0.9997919262632994 -0.008956155304950949 -0.03150508394470402 0.4463188000808346 0.016196525269194302 0.8947274452388327 3.137694471032654
0.8748077077399115 0.00776757957943021 -0.48440802964682333 -1.4399552977033219 -0.0141398710163003 0.9998548702170642 -0.0095027654322161 -0.03602580058707406 0.4842639141279092 0.01516255950341329 0.8747905796605394 3.332609823762614
0.8499291458119314 0.010013063252214629 -0.5268018466783374 -1.5793798493459776 -0.015384535775923344 0.999864733999024 -0.005816335961752086 -0.0518272396670986 0.5266723489593497 0.013048075312772531 0.8499682256250957 3.5410997718878674
0.822604990419681 0.015857116478409497 -0.5683921019803364 -1.7721742868599664 -0.02056160215304382 0.999786847481289 -0.0018655080609510928 -0.061771961180351 0.5682413661935704 0.013221628508458497 0.8227556978143934 3.7200774268353505
0.7913806720533034 0.018774842823930934 -0.6110352994528196 -1.970059719781506 -0.02387933677852347 0.9997148259805417 -0.00020973724685246814 -0.0653625778355835 0.6108571102766002 0.01475709970256853 0.79160332164089 3.9003660555185196
0.7574508786853856 0.018381933408976796 -0.6526333357275613 -2.185677520860922 -0.02379686570776767 0.999716669193369 0.0005389985178396119 -0.06859623493633336 0.6524583324329781 0.015122362945773491 0.7576737019177279 4.070420254577004
0.7192253796497408 0.01411088710532404 -0.6946335264963718 -2.4058812186244323 -0.01800121832271318 0.9998365663912003 0.0016723175393923196 -0.07142007678142337 0.6945435979163461 0.011301476547572992 0.7193618472099155 4.246689217021945
0.6777239478531801 0.010271066841841904 -0.7352446910330118 -2.6441313450506136 -0.012933515330588263 0.9999142639029267 0.002046710693113542 -0.07090373064950645 0.735202675925144 0.008122193632158853 0.6777986834474597 4.418843390441244
0.6341755296890285 0.009705020208122176 -0.7731281977307507 -2.9022286881696635 -0.0103981131409872 0.9999378459804208 0.00402286205868968 -0.07350416479815014 0.7731191866631862 0.0054878737955564375 0.6342370270289003 4.579155229941459
0.5869333831898548 0.01030085744552846 -0.8095696980700282 -3.176962428594626 -0.007930316732997812 0.9999442370722154 0.006973723724037856 -0.07639741942654152 0.8095963894273646 0.002327032864351825 0.5869823431281592 4.738026258740764
0.537064218237433 0.010895980609233778 -0.8434709853311949 -3.4736068419660207 -0.006961566961914846 0.9999397722410468 0.00848460228637471 -0.07180742182247772 0.8435126330259964 0.0013151034508280212 0.5371077251617827 4.8747816896524645
0.48499153305017983 0.012319379975126981 -0.8744320704015056 -3.784888714722602 -0.006002041267208067 0.9999241130898313 0.010758418198811334 -0.07096575058773108 0.8744982494952537 3.063563648354121e-05 0.48502866996827704 5.00460087506536
0.4310863721939704 0.014991698845960213 -0.902186116427399 -4.118567439754862 -0.002635187440887435 0.9998786185931182 0.015355906598718265 -0.0986392765348612 0.9023068189345533 -0.004242292544038443 0.43107355226014354 5.118200468693969
0.37649228022023873 0.016952994412721304 -0.9262646268291832 -4.471138503059616 -0.0021510653172411983 0.9998458524831364 0.017425389243019163 -0.09528593961007192 0.9264172579634763 -0.004568068816469915 0.37647071186843023 5.216997035377138
0.3224191193785569 0.020102618866281233 -0.9463835354516009 -4.8444876185022245 -0.00013127252982019053 0.9997754152966585 0.0211920205718216 -0.09533119174590432 0.9465970072986071 -0.006708478449740111 0.3223493478979153 5.302270986492593
0.26941323294136293 0.02185079338370329 -0.9627767408618596 -5.230315509632059 0.0046411755602104475 0.9997014836753342 0.023987559833261268 -0.09377873498033622 0.9630134835014008 -0.010930981924680472 0.2692313953250263 5.375093087904634
0.2191344728089653 0.022297127904159202 -0.975439860224074 -5.630791092810891 0.007428854657833383 0.9996717384546943 0.024519939915129164 -0.09151125603750544 0.9756663850646953 -0.012619565055671338 0.2188968972658051 5.429101515212503
0.17205842880547983 0.023455373694708005 -0.98480746469644 -6.050676107252607 0.005458506371919521 0.9996784418816868 0.0247632297003077 -0.08578591423511298 0.9850716226677013 -0.009636300215543606 0.17187507071410577 5.462474008569352
0.12996090022611403 0.02390231001775465 -0.9912309740863791 -6.4871258205490845 0.0035243828995648392 0.9996919382879399 0.024568419714712422 -0.07874016305662505 0.9915128557601239 -0.006686411437846105 0.12983662335600363 5.4846724631776524
0.09243998493631772 0.022573065215692915 -0.9954623578577645 -6.937269690308794 0.0020426358074539454 0.9997365968812312 0.022859669623427222 -0.07129486011458719 0.9957161627813081 -0.004146514572771645 0.0923695274046937 5.492323051278609
0.058256317975065176 0.019948771406885373 -0.9981023233793931 -7.401845993482615 0.0033641726150717122 0.9997907257969099 0.020178873930521337 -0.06396843641849506 0.9982959900543552 -0.004533335399427632 0.05817701532007528 5.493207720218056
0.02708660441829781 0.017278160215250606 -0.999483757267051 -7.879277352144856 0.003909271540485414 0.9998411352280675 0.01739028182266434 -0.059143272133674096 0.9996254465834243 -0.004378297091914757 0.027014756291063667 5.48574319886039
0.0006965442189089858 0.015462082750906528 -0.9998802122370228 -8.374331994118688 0.0032740225236579682 0.9998750605456698 0.015464283860155928 -0.05514514070470296 0.9999943977856411 -0.0032844018933462994 0.0006458339858658101 5.464124878708993
-0.01991749065126271 0.013125283899388183 -0.9997154697656309 -8.883741023971442 0.002619346096917158 0.9999110790335431 0.01307566640748853 -0.04672589238665095 0.9997981959336508 -0.0023581663503281286 -0.019950099229896844 5.435194427747674
-0.03610589600127486 0.012232733686412643 -0.9992730980570332 -9.412338020321679 0.0030391817868922182 0.9999217997150832 0.012130862649256178 -0.03619025786769611 0.9993433482282319 -0.0025989769345265033 -0.036140250011343494 5.404679797503865
-0.03610589600127486 0.012232733686412643 -0.9992730980570332 -9.412338020321679 0.0030391817868922182 0.9999217997150832 0.012130862649256178 -0.03619025786769611 0.9993433482282319 -0.0025989769345265033 -0.036140250011343494 5.404679797503865
-0.04569446489052218 0.013503979885874286 -0.998864184163998 -9.970644180026609 0.0019473560534223886 0.9999079305618364 0.013429006066973427 -0.03657442684138244 0.9989535643275775 -0.0013315129693366355 -0.045716554883788056 5.372373717276078
-0.05238379147480026 0.015052889074859273 -0.9985135697231275 -10.546557264551257 0.00017303015528839305 0.9998865088733694 0.015064509072337036 -0.03856030010414674 0.9986270116771785 0.0006163631438888182 -0.052380450983022256 5.334210573217365
-0.05686302154006251 0.016093348604269583 -0.9982522731815011 -11.135443941573172 0.00044387144670494786 0.99987038224164 0.016094150928061983 -0.03463292326582578 0.9983818907409503 0.00047206637021787593 -0.05686279446060371 5.29723844817695
-0.05828978427669261 0.016687104618075394 -0.9981602284144768 -11.742388318841305 0.0026002478788876306 0.9998594319863556 0.016563664416144493 -0.026413367064513277 0.9982963186148421 -0.0016299715910761052 -0.0583249812058885 5.263897479330275
-0.05737775443150096 0.018834777247941966 -0.9981748566570975 -12.365114293896468 0.00468341888811297 0.9998161004050411 0.018596530815592163 -0.020703254309375384 0.9983415542207577 -0.003607843798892398 -0.05745541383721729 5.234413145889184
-0.055719300266280206 0.02135110052560764 -0.998218157560851 -13.003211235568848 0.003872458458198764 0.999768430910938 0.02116810382085177 -0.01691413702699237 0.9984389634040365 -0.0026860864145122373 -0.05578907864849615 5.194645518384593
-0.05392713901932672 0.02145708580670794 -0.998314307793829 -13.656854464273998 0.0017571464421561682 0.9997695898915753 0.021393446763249332 -0.012829517108846186 0.9985433271088303 -0.0006004970563891739 -0.053952416903362076 5.150733210875427
-0.05238738595775103 0.018983734989592126 -0.9984463829361878 -14.321532470705653 -0.00012622264085922577 0.9998191628303539 0.019016458793765983 -0.005645258458624873 0.9986268301324375 0.0011222491055892904 -0.05237551619398506 5.117404968469636
-0.05090394478738009 0.018872149338732856 -0.9985252277155635 -15.003763263113129 -0.0001594487399335686 0.9998212760913056 0.018904773239909457 0.005219664525856642 0.9987035410877365 0.0011215411225734728 -0.050891837894967366 5.072217820012631
-0.04926447493445787 0.021450787788816927 -0.9985553941633228 -15.703454766666928 0.000569760531871275 0.9997697864147697 0.021448765584566137 0.021830993412066006 0.9987856060648701 0.0004877247220345214 -0.049265355395317886 5.0395097188435924
-0.047357148388873394 0.02498448785541927 -0.9985655090493935 -16.41952577312018 -0.00047151189820474407 0.9996864666734003 0.025034896176774048 0.03154635634769456 0.9988779095430058 0.0016564168117972253 -0.04733051986130593 4.99959703720857
-0.045546281728497694 0.02713724522673025 -0.9985935640400505 -17.150350231984593 -0.0009095841507440574 0.9996294104633683 0.027206881359884524 0.03825232748700766 0.9989618155251893 0.0021474771622569883 -0.04550471914490311 4.963594424781048
-0.04373125793981648 0.02658862531653816 -0.9986894522737165 -17.891213571195056 -0.0025911862561905754 0.9996394014179759 0.026727380838678375 0.048628865377263804 0.9990399705881582 0.003756612368446134 -0.0436465924297216 4.925701113726258
-0.042036191861967206 0.023462672992052746 -0.9988405586227512 -18.64583334299003 -0.004618972000635482 0.9997089791110416 0.02367746148588007 0.06778474170898477 0.9991054116915803 0.005608926887202438 -0.04191558502243234 4.887478665180882
-0.04057007535274544 0.022906577393342235 -0.9989140892479159 -19.412265834367748 -0.005153153604957283 0.9997190844759621 0.023134328225970197 0.0801130258045854 0.9991634070530192 0.006086119179413312 -0.0404406374768953 4.852653985180072
-0.03913112286670674 0.0251250617228954 -0.9989181580573102 -20.199170184911228 -0.0025148775938036794 0.9996781890939798 0.025242694794111294 0.09410381437123566 0.9992309195645819 0.003499931885217159 -0.039055343589833126 4.828247598824324
-0.038238291629633527 0.027096945600235216 -0.9989011906051483 -20.992752066816344 -0.00021328539460596044 0.9996320284902324 0.027124935499333425 0.1062656089828024 0.99926862632757 0.0012502622286691125 -0.03821844164499626 4.806271308748941
-0.0371249886286367 0.028828077406410597 -0.9988947277728375 -21.794658391748186 0.0011810718248931363 0.9995843785101668 0.02880408491494661 0.1145355837554304 0.999309932047445 -0.00011041509408112851 -0.03714360671554299 4.776707602139925
-0.03648350995155217 0.024197469008202507 -0.9990412584048816 -22.596630889868717 0.0015068502576220378 0.9997070036251896 0.024158565873115153 0.12286000110667344 0.9993331190868825 -0.0006240162991554177 -0.03650928237780442 4.742630855992922
-0.03621883392238805 0.01716224815768658 -0.9991965038507058 -23.403992604275466 0.0027977820658839827 0.9998503473129688 0.017072064715398447 0.13086911795152703 0.9993399664202445 -0.0021772037821282024 -0.036261429906675836 4.716171666562584
-0.036471736014923074 0.01239557726328977 -0.9992578056419497 -24.22577442087309 0.0062426008519064985 0.9999063858350857 0.012175775162989348 0.1412787992970861 0.9993151867187161 -0.005793895971253058 -0.036545702384996284 4.689083957946577
-0.037120241897661624 0.013167713489570333 -0.9992240484310376 -25.057183289717432 0.007399543510122653 0.9998893916814818 0.012901595198931312 0.14564899260442074 0.9992834104483582 -0.006914891488076318 -0.037213571159016814 4.661812547866518
-0.037106018356594855 0.02074021161852732 -0.9990960849806868 -25.901933271724605 0.006898124651454113 0.9997660980797547 0.020497926887238765 0.14488886879946017 0.999287525829285 -0.006131292881626542 -0.037240407752690316 4.627585799282848
-0.03726140467704461 0.027908413210151403 -0.9989157663154496 -26.750307707141115 0.005458829908143488 0.9996007128563579 0.027723925282946465 0.15332089671025023 0.9992906428549846 -0.004419878861674824 -0.03739887395792302 4.588329741616977
-0.037445596192641234 0.03343721933738586 -0.998739094903548 -27.598226646587158 0.003281521111213073 0.9994387601913856 0.033337610086838346 0.160064292781405 0.9992932797457288 -0.002029036739180347 -0.03753430517455608 4.549436278233579
-0.03785703704171939 0.03386989765631841 -0.9987090040543188 -28.445917784599295 0.0016412631842673624 0.9994261861725536 0.033832006262466206 0.168471098298813 0.9992818176078173 -0.0003583648058767938 -0.03789090356647646 4.516281523261463
-0.03819365268333722 0.030437008167962555 -0.9988067047374508 -29.2882816114532 0.0014937177601992353 0.9995366322086944 0.030402132822442345 0.18211481726344333 0.9992692398457778 -0.00033076681201932675 -0.03822141927451881 4.484677822007877
-0.03859064672122433 0.02770940524054618 -0.9988708379199235 -30.12795810793217 0.0010878638452331293 0.9996160205460434 0.027688048323158205 0.1950735023052807 0.9992545113923142 -1.8135779391590724e-05 -0.038605972765902136 4.452665778926312
-0.03871500781619301 0.029016395553786448 -0.9988289127567621 -30.97212826014764 -0.00042142632702442395 0.9995777405291576 0.029054483965029253 0.20728899660982897 0.999250204187942 0.0015457773738304734 -0.038686431764476746 4.414914624682174
-0.03850397559393968 0.03150018745882362 -0.9987618244874586 -31.813072281147928 -0.001242874325521657 0.9995007261313517 0.03157140678384045 0.21533681761384882 0.9992576740395206 0.0024569601052379865 -0.038445600790844414 4.375923297462297
-0.03837331543858233 0.02988642634912797 -0.9988164446895766 -32.656351248893735 -0.0017909871198697274 0.9995489796310599 0.029977152694049394 0.22438970283753704 0.9992618680943389 0.002939190123832434 -0.03830248208704509 4.3363396168729995
-0.03798794737709515 0.024670464383306733 -0.9989736152878033 -33.489975918586424 -0.0026875228420229825 0.9996890600070882 0.024790331242581544 0.23805626847117647 0.9992745834229195 0.0036264982083682234 -0.03790983296845308 4.303111305128
-0.037737418709073156 0.020554774628601107 -0.9990762675937911 -34.32591868111067 -0.003872184211481131 0.9997779130542833 0.02071547147069875 0.24693599105147873 0.9992801876443909 0.00465035577008782 -0.03764944584722493 4.263781690378883
-0.03726035700526815 0.0212447921553661 -0.999079738860774 -35.164746477651356 -0.003506216415647906 0.9997650568315339 0.021390128215728596 0.25631576233294506 0.9992994407294978 0.004299993594641377 -0.037177114099932525 4.236329840528567
-0.036733297115234605 0.023697514307438376 -0.9990440894668712 -36.00409330608497 -0.0023839116315700236 0.9997138724526972 0.023801054408660264 0.26176405713836715 0.9993222612592884 0.0032559240285805393 -0.036666293927029414 4.2088781788477405
-0.036733297115234605 0.023697514307438376 -0.9990440894668712 -36.00409330608497 -0.0023839116315700236 0.9997138724526972 0.023801054408660264 0.26176405713836715 0.9993222612592884 0.0032559240285805393 -0.036666293927029414 4.2088781788477405
-0.036207959203321004 0.02928517785797438 -0.9989150925119484 -36.847633242848836 -0.001269338336905459 0.9995683800030176 0.02935034034433012 0.2706187332587672 0.999343470719911 0.002330677148029963 -0.03615515832512025 4.184644414080001
-0.03640809851295011 0.032513412190110454 -0.9988079537080311 -37.68433272050193 -0.001447093690576221 0.9994678341681407 0.03258764157000734 0.2796852071462507 0.9993359576651502 0.0026318227524937633 -0.03634167341327868 4.15203050594206
-0.036288427346957815 0.03230835897236445 -0.9988189625658869 -38.51933366689446 -0.0012870394593049036 0.9994749203176582 0.032376336813165804 0.29188410832676465 0.9993405293342783 0.002460405763729454 -0.03622779089819054 4.13049431503447
-0.03614305576794443 0.027959405028489263 -0.9989554300318936 -39.35175216431773 -0.0008759032769746588 0.9996072777097644 0.028009340283586676 0.3019883632269809 0.9993462424571402 0.001887331482609539 -0.03610437184981999 4.099346621333606
-0.03614305576794443 0.027959405028489263 -0.9989554300318936 -39.35175216431773 -0.0008759032769746588 0.9996072777097644 0.028009340283586676 0.3019883632269809 0.9993462424571402 0.001887331482609539 -0.03610437184981999 4.099346621333606
-0.03603393060311122 0.0252939217407613 -0.9990304166381822 -40.18114843503812 -0.00458293623543845 0.9996649470538854 0.025475288559954876 0.3152493587899075 0.9993400585089905 0.005496467476779922 -0.03590593689802004 4.065519844305617
-0.03659352800006442 0.023583654216915665 -0.9990519130467059 -41.00987990973504 -0.00789861602736242 0.9996834405510939 0.023887874597340382 0.3262126235928775 0.9992990170981664 0.008765269060497584 -0.03639566574382528 4.028921950576342
-0.03723159969050214 0.021642347685191465 -0.9990722780515717 -41.83573075541617 -0.005393821507750822 0.9997465359966781 0.021857960842305884 0.33015365848904155 0.9992921067806095 0.006202624389283549 -0.037105427859771466 3.9958544607451776
-0.03971730189636198 0.017850513440468452 -0.9990514977217052 -42.66182168027353 -0.0016536594105412538 0.9998378716403458 0.017930305191372203 0.3333965458961353 0.9992095882949821 0.002364234255202407 -0.039681343925821344 4.000009123180786
-0.04060006320195706 0.016001137683460613 -0.9990473454550738 -43.48636784097842 0.002555170634707721 0.9998701554805803 0.015910477122509807 0.3441631144123515 0.9991722103676748 -0.0019067700630423811 -0.04063567714339244 3.9753940174653635
-0.042722609899453146 0.019472761184568827 -0.9988971869893444 -44.31111263808192 0.0027834859915858005 0.9998084807004152 0.019371477105794635 0.34864379785211713 0.9990830950472108 -0.001952816267452282 -0.04276862985310307 3.9537362786932846
-0.04725486667047962 0.024640656516992154 -0.9985788980458 -45.13762878034215 0.0056079894380089155 0.9996864825143318 0.024402605036838665 0.36687018295595636 0.9988671223092783 -0.0044468780658312645 -0.04737823598498799 3.9770090574110992
-0.04907430749706703 0.028300537128062374 -0.9983941065240439 -45.95546556001327 0.007634100484444092 0.9995799217111646 0.027958909522612655 0.3731461507946695 0.9987659549931991 -0.006249776809085967 -0.04926974159014687 3.936793447475371
-0.0506426650105596 0.02743821566868412 -0.9983398543589975 -46.767392591411706 0.007906089891078964 0.999602224978587 0.027071859199004823 0.37817410518307154 0.9986855432133094 -0.006521973533780661 -0.050839449622927656 3.8966204439915098
-0.05164858906321197 0.02379295693982701 -0.9983818500192381 -47.57219462086867 0.0048988228995236 0.9997101583777954 0.023571185172593212 0.38000100349656596 0.9986533055980833 -0.0036734774126308076 -0.05175017663467712 3.8459183825052987
-0.052999724514253575 0.020390890710851137 -0.9983863184045687 -48.3719699872104 0.0004457260944764011 0.9997918819011398 0.02039593618406813 0.38398145834306063 0.9985944274477312 0.0006359721644848219 -0.052997783064426554 3.798117828961415
-0.05426199587514462 0.01906746092125615 -0.9983446637998621 -49.170966466426336 -0.003939727284977853 0.9998057920393697 0.019309499047022026 0.3862877054474252 0.9985189604371897 0.004980977669425035 -0.05417633716753883 3.745481174333897
-0.05517103261133337 0.020157985024719594 -0.998273415853763 -49.96718096458632 -0.00540839615927849 0.9997754863513231 0.02048721899033956 0.3896722385296964 0.9984622709004 0.006529359135244925 -0.0550496235927136 3.6881773274730643
-0.05617603994740415 0.02156424936956448 -0.9981879761272184 -50.76276408128665 -0.0052373798280055785 0.9997466083124842 0.021892670467991492 0.3945093616321287 0.998407142596829 0.006457733101491711 -0.056048865241189245 3.642219173385439
-0.057069280527997604 0.0211681687302105 -0.9981457838675789 -51.5511119301537 -0.007105824127225926 0.9997412612247094 0.021608282400478282 0.3965622760057808 0.9983449326177248 0.008325817523536234 -0.05690409720815431 3.589394876082959
-0.05754729843223518 0.02097661864816066 -0.9981223822323786 -52.33562108688775 -0.00823666643973014 0.9997352323195928 0.021485403995478766 0.4013669170994848 0.9983088028105892 0.009457628084141962 -0.05735928435667681 3.541169925278759
-0.05799061861481084 0.022555140295096917 -0.9980622995579672 -53.116404958539945 -0.00666238010324231 0.9997137351310809 0.02297956661083044 0.40725387065109575 0.998294896733441 0.007982069689633655 -0.05782374702004621 3.4876699704693697
-0.05818902574524276 0.025399609383243444 -0.9979824132348203 -53.89333512097691 -0.005804953763121941 0.999650772200671 0.02578053821021911 0.4112090882085292 0.9982887056331087 0.007293386166877719 -0.05802126096176515 3.4364318769516617
-0.05824815318650227 0.029663623510277765 -0.99786132407795 -54.668103058043506 -0.005913122786774918 0.9995306531999135 0.03005841467311529 0.4145125338314076 0.9982846225547453 0.007651323675869822 -0.058045409954075894 3.381821418095074
-0.05824815318650227 0.029663623510277765 -0.99786132407795 -54.668103058043506 -0.005913122786774918 0.9995306531999135 0.03005841467311529 0.4145125338314076 0.9982846225547453 0.007651323675869822 -0.058045409954075894 3.381821418095074
-0.05824815318650227 0.029663623510277765 -0.99786132407795 -54.668103058043506 -0.005913122786774918 0.9995306531999135 0.03005841467311529 0.4145125338314076 0.9982846225547453 0.007651323675869822 -0.058045409954075894 3.381821418095074
-0.05840668845203483 0.027710348703687705 -0.9979082098664106 -55.41723051623216 -0.005211158248544408 0.9995925974682828 0.028062126012087664 0.417305286828695 0.9982792708324538 0.006839273450425353 -0.05823849040707258 3.3307426413759615
-0.058558415676589815 0.02406669842636464 -0.9979938406524859 -56.15231563521886 -0.004916010542282275 0.9996902845677379 0.02439606077262538 0.4245842172701063 0.9982718791961417 0.006334742909375218 -0.05842196708838361 3.2838840192227976
-0.058333755636608704 0.021243490147037063 -0.9980710831797996 -56.88097599353613 -0.005182977493741362 0.999753641710737 0.021582229505246506 0.42777655713869567 0.9982836819750326 0.006431952463327299 -0.05820928010104275 3.240437628148503
-0.05713018618541091 0.01896568111279473 -0.9981865781337402 -57.59221668888074 -0.0057147026256067525 0.9997969544753916 0.019323353633126577 0.42819349799664175 0.9983503813793638 0.006808286249693467 -0.05701020292913381 3.1993034894797128
-0.05713018618541091 0.01896568111279473 -0.9981865781337402 -57.59221668888074 -0.0057147026256067525 0.9997969544753916 0.019323353633126577 0.42819349799664175 0.9983503813793638 0.006808286249693467 -0.05701020292913381 3.1993034894797128
-0.052984153583542325 0.019914951534247386 -0.9983967518849516 -58.273849329792434 -0.006088329291309953 0.9997760944296621 0.02026556817387895 0.4275544902915896 0.9985767930987963 0.0071523221654325 -0.05285104135365395 3.160651937247737
-0.04739165282390821 0.02145958777938313 -0.9986458417952555 -58.94089898591959 -0.005171780667372699 0.9997505257708026 0.02172875757448088 0.42727856978457723 0.9988629955741412 0.006194538993413576 -0.04726884554664195 3.1388801485806193
-0.04739165282390821 0.02145958777938313 -0.9986458417952555 -58.94089898591959 -0.005171780667372699 0.9997505257708026 0.02172875757448088 0.42727856978457723 0.9988629955741412 0.006194538993413576 -0.04726884554664195 3.1388801485806193
-0.03863750204668351 0.022863794458746246 -0.9989916868215363 -59.57689583221929 -0.006267983303848888 0.999712984766413 0.02312272636888978 0.42696550787191695 0.999233634252218 0.007155067601084184 -0.03848310261307786 3.1156580701488026
-0.026906002837237725 0.02463449974198013 -0.9993343826936921 -60.19720194468176 -0.008496515963456698 0.9996545578447064 0.024871151899045877 0.4265552499268603 0.9996018588557173 0.009160043818949266 -0.026687400949317323 3.1041078163617866
-0.01591406887087958 0.026449503584471117 -0.9995234695454157 -60.79586023795953 -0.011102578819215756 0.999583758002449 0.026627870385417585 0.41959806235411007 0.999811719853061 0.011521045865482428 -0.01561378706878739 3.1665962266684
0.002031944140165971 0.027646638489504115 -0.9996156934458561 -61.37995857716818 -0.012742315282589765 0.9995373169809552 0.02761856918362406 0.4255070996100732 0.9999167488367471 0.01268129893749933 0.00238328617825424 3.183571329735205
0.002031944140165971 0.027646638489504115 -0.9996156934458561 -61.37995857716818 -0.012742315282589765 0.9995373169809552 0.02761856918362406 0.4255070996100732 0.9999167488367471 0.01268129893749933 0.00238328617825424 3.183571329735205
0.027539752510866405 0.028151635674658684 -0.9992242228051116 -61.91998836433733 -0.01195600383170354 0.9995411382244505 0.027831043267260963 0.42295921024749306 0.999549206394571 0.011180268592889387 0.0278636966351266 3.206828338674785
0.056649084444926806 0.027762883360030553 -0.9980080678727435 -62.43393935483928 -0.010325991132134092 0.9995761226145865 0.027220378504457618 0.42498050760299927 0.9983407510157496 0.008763412938130394 0.05691175146650502 3.2567538178879687
0.056649084444926806 0.027762883360030553 -0.9980080678727435 -62.43393935483928 -0.010325991132134092 0.9995761226145865 0.027220378504457618 0.42498050760299927 0.9983407510157496 0.008763412938130394 0.05691175146650502 3.2567538178879687
0.056649084444926806 0.027762883360030553 -0.9980080678727435 -62.43393935483928 -0.010325991132134092 0.9995761226145865 0.027220378504457618 0.42498050760299927 0.9983407510157496 0.008763412938130394 0.05691175146650502 3.2567538178879687
0.09711990815400565 0.027575164819502153 -0.9948906139497612 -62.88938751092343 -0.0098612322331226 0.9995937047259966 0.026742878883902553 0.4280542354435236 0.9952238338881371 0.007213581449734255 0.0973523738984635 3.3343214802335197
0.13852274816217686 0.028391850984027113 -0.9899521963404582 -63.32976339987104 -0.008270077252705142 0.9995872911669238 0.02751096435611528 0.43219032302230265 0.9903247215251332 0.004376086753019979 0.13870038140141436 3.479044173686159
0.13852274816217686 0.028391850984027113 -0.9899521963404582 -63.32976339987104 -0.008270077252705142 0.9995872911669238 0.02751096435611528 0.43219032302230265 0.9903247215251332 0.004376086753019979 0.13870038140141436 3.479044173686159
0.18803465582206372 0.024404727619085454 -0.9818591434007805 -63.756528820956866 -0.0002970140732591973 0.9996926091079942 0.02479110883944586 0.4327918003861967 0.9821623491014704 -0.0043699616345242494 0.1879841042290404 3.6249102094998613
0.24084474051181112 0.01998774604080404 -0.9703578211031252 -64.17023207326544 0.0052296449892613095 0.9997466828494558 0.021891115658953565 0.4293262011515356 0.9705495668852182 -0.010346986987317185 0.24067920159249323 3.7682944974091486
0.2940850003048589 0.015737138532585945 -0.9556497031164167 -64.5780585155254 0.010825604346126864 0.9997454560598007 0.019794680556148237 0.4351001602006306 0.9557179599056576 -0.016166804216821366 0.293839778714835 3.9475825009437933
0.2940850003048589 0.015737138532585945 -0.9556497031164167 -64.5780585155254 0.010825604346126864 0.9997454560598007 0.019794680556148237 0.4351001602006306 0.9557179599056576 -0.016166804216821366 0.293839778714835 3.9475825009437933
0.3445733620751313 0.014982785428001983 -0.9386398213846764 -64.97198784334638 0.012789221296621798 0.9997049130272071 0.020652425714379894 0.43894176558543907 0.9386722718642893 -0.019120748156920962 0.3442800648063343 4.146260603638127
0.3907089344537923 0.01183783977898145 -0.9204381533201174 -65.33340997963515 0.021482910020968617 0.9995276998941521 0.021974114802068432 0.44276015942700925 0.9202635563331912 -0.02835917300752408 0.390270091335881 4.397211892808576
0.43919285306464323 0.007389097661885886 -0.8983624207705263 -65.69403827030675 0.03205208097577588 0.9992006902144751 0.023888172387956746 0.44167718861611643 0.8978208629353968 -0.03928589964169775 0.43860496596286086 4.6314340563319565
0.48669816042436786 0.002225082453214942 -0.8735673698391047 -66.04527474933828 0.033826870327612495 0.9991987557475329 0.021391338350346564 0.444354895974709 0.8729150264964938 -0.03996117516610984 0.48623292874502994 4.875396647030713
0.5336780443684107 -0.0035169314762363616 -0.8456804219988178 -66.38112379077997 0.03078521552699824 0.9994093563270559 0.01527118171243972 0.4467497936473632 0.8451272185085887 -0.03418434844968592 0.5334711003016066 5.122782413773904
0.5792315833948978 -0.013647810462961511 -0.8150487777227845 -66.69652896542375 0.028955845998040453 0.9995733139358951 0.0038404491597396583 0.46139524946377514 0.8146485940455407 -0.025824936336375653 0.5793796172483514 5.417239994900537
0.6245240489751 -0.01922351685151276 -0.7807689598412612 -66.98555500278097 0.02563518467339957 0.9996629248067096 -0.0041078064284862225 0.46710950375937116 0.7805847484793089 -0.017449732569664644 0.6248063358151398 5.7463697558522995
0.6693588684910144 -0.021267182853577492 -0.7426347770646751 -67.30582735312117 0.024806079556919155 0.9996726214409053 -0.006269637827068733 0.46754504147138576 0.7425249918955206 -0.014225219679826035 0.6696672901789499 6.082148578306794
0.7118420940900975 -0.022759930429520972 -0.7019706679400974 -67.62059680586941 0.024873690562437333 0.9996647558461146 -0.007188562925278537 0.4662069112778607 0.7018989475695394 -0.01234347949202069 0.7121695766562927 6.444397845655876
0.751170375186498 -0.022278790589622118 -0.6597323115719267 -67.91970295761014 0.022100337934996335 0.9997187978563069 -0.00859652696721306 0.4626335873757188 0.65973831365575 -0.008122850645113554 0.7514515132675325 6.828245003251286
0.7858214825979924 -0.02055011864313727 -0.6181118750770319 -68.21531624178944 0.02116071005943742 0.9997560078370011 -0.006336335186924247 0.45434712576436387 0.6180912730635106 -0.008100457861973595 0.7860646034170189 7.2469369756114626
0.8151777099314998 -0.01499347591607306 -0.5790168364657351 -68.5058132375577 0.015032545096653416 0.9998758280063805 -0.00472770097093262 0.45020181449275404 0.5790158234614579 -0.004850180255166942 0.8153018777929696 7.682801058689059
0.8404453077120415 -0.011524376066162575 -0.5417738213508435 -68.79166667036226 0.010008306269485116 0.9999334155234709 -0.005744416870348864 0.44531898432444494 0.541803948444846 -0.000594370128641929 0.8405046865864133 8.142477330795598
0.8607105590661008 -0.006707238180044203 -0.5090504360749674 -69.06592961016766 0.005532916104165798 0.9999773949035324 -0.0038205394027191553 0.4424117020956805 0.5090645542085027 0.0004718452496566821 0.8607282132070255 8.632597242634132
0.8762638454922288 -0.005594547288360459 -0.4817991014144878 -69.32621978517372 0.005631666751383048 0.9999832048171171 -0.0013690921400256713 0.4324396719477015 0.48179866896118545 -0.0015136460368301082 0.876280635106645 9.147098902853003
0.8880721766503373 -0.005725884224943016 -0.4596683840654835 -69.57775010786963 0.006722467560268012 0.9999772627466168 0.000531431730164626 0.42353935956339234 0.4596548895524016 -0.003562055533709375 0.8880904763991923 9.686239374161854
0.897873083082249 -0.005149132669024324 -0.4402242759198224 -69.84150393939042 0.007095049795329936 0.9999709803547755 0.002774656142671093 0.4206403933344348 0.4401972136949256 -0.0056147022240773965 0.8978835604766127 10.237156636018048
0.9060185737260587 -0.0023710119468789395 -0.42323128708277746 -70.10631077320419 0.00515710977507545 0.9999719163051363 0.005437905828567664 0.42177869950178526 0.4232065078447678 -0.007109493890587865 0.9060053569457833 10.807379932484922
0.9125574780782311 0.002470820328493933 -0.40894100338606454 -70.36890078574484 0.0005226311435389663 0.9999738847501485 0.007208097833940962 0.42031037505285074 0.4089481337042435 -0.006791528885322007 0.9125323550840353 11.392824807574849
0.9125574780782311 0.002470820328493933 -0.40894100338606454 -70.36890078574484 0.0005226311435389663 0.9999738847501485 0.007208097833940962 0.42031037505285074 0.4089481337042435 -0.006791528885322007 0.9125323550840353 11.392824807574849
0.9177979848577547 0.002122587801849943 -0.3970420048459188 -70.61434403518717 0.0009460448706308207 0.9999711811782733 0.007532716112445259 0.4083168408448913 0.39704655141449724 -0.00728913122061731 0.9177695269379473 12.016979226697009
0.9177979848577547 0.002122587801849943 -0.3970420048459188 -70.61434403518717 0.0009460448706308207 0.9999711811782733 0.007532716112445259 0.4083168408448913 0.39704655141449724 -0.00728913122061731 0.9177695269379473 12.016979226697009
0.9177979848577547 0.002122587801849943 -0.3970420048459188 -70.61434403518717 0.0009460448706308207 0.9999711811782733 0.007532716112445259 0.4083168408448913 0.39704655141449724 -0.00728913122061731 0.9177695269379473 12.016979226697009
0.9177979848577547 0.002122587801849943 -0.3970420048459188 -70.61434403518717 0.0009460448706308207 0.9999711811782733 0.007532716112445259 0.4083168408448913 0.39704655141449724 -0.00728913122061731 0.9177695269379473 12.016979226697009
0.9222199341707462 0.001116180419170401 -0.3866641270655646 -70.84883068304734 0.0009351001416280563 0.9999864712155333 0.005116930098161969 0.39914638345538933 0.38666460738710945 -0.005080504618264782 0.9222064139155595 12.70254036433618
0.9262735215894299 -9.685292184549699e-05 -0.3768518990556187 -71.11651996549948 0.00015530253049643298 0.9999999801634414 0.00012471663809617266 0.39288844542692036 0.3768518795010023 -0.00017404777311590038 0.9262735182568563 13.390573196649099
0.9262735215894299 -9.685292184549699e-05 -0.3768518990556187 -71.11651996549948 0.00015530253049643298 0.9999999801634414 0.00012471663809617266 0.39288844542692036 0.3768518795010023 -0.00017404777311590038 0.9262735182568563 13.390573196649099
0.9262735215894299 -9.685292184549699e-05 -0.3768518990556187 -71.11651996549948 0.00015530253049643298 0.9999999801634414 0.00012471663809617266 0.39288844542692036 0.3768518795010023 -0.00017404777311590038 0.9262735182568563 13.390573196649099
0.9280169331680814 0.0021479239827821837 -0.3725318216956396 -71.36958968916204 0.00021954025703595762 0.999980051686078 0.00631252976096897 0.3931312232744977 0.3725379491479793 -0.005939920241195853 0.9279979492391919 14.123883519900247
0.9298787385370829 0.008554522517957533 -0.3677667083371907 -71.66891944071516 -0.003429510254897744 0.9998877257988085 0.014586783617271816 0.386254717557948 0.36785020059270507 -0.01230268025168978 0.9298036749672112 14.843388585854118
0.9313987045601477 0.00992869187016826 -0.3638651868775373 -71.95604591998178 -0.0034776351048575464 0.9998250231135303 0.018380130851132357 0.3845302851649779 0.3639840095357963 -0.015853839717069874 0.9312702596821563 15.565916491269409
0.9325243972598625 0.008269009081838528 -0.36101228788496076 -72.22644034830796 -0.0021741856228746524 0.9998482309228104 0.017285486322413304 0.38721348004949163 0.36110043122655766 -0.01533422998815152 0.9324008472532962 16.286123093270923
0.9325243972598625 0.008269009081838528 -0.36101228788496076 -72.22644034830796 -0.0021741856228746524 0.9998482309228104 0.017285486322413304 0.38721348004949163 0.36110043122655766 -0.01533422998815152 0.9324008472532962 16.286123093270923
0.9331356075584568 0.006889878209179607 -0.35945857547813687 -72.48470710900442 9.464211662086296e-05 0.999811614351656 0.019409452604432675 0.3942612196967861 0.3595245874058933 -0.018145671268835137 0.9329591661293786 17.015116736778833
