0.9999601954314149 0.0005964196314859649 0.008902350048714138 0.09439009228292343 -0.0006753746974670585 0.9999604447278263 0.008868644132334054 0.01830024489108801 -0.00889670848036979 -0.008874303541751326 0.9999210445404498 -0.9224224175961991
0.9999109978906494 0.0007820831196999176 0.013318582631786164 0.015184619935642726 -0.0009591888017539663 0.999911138297391 0.013296445602437226 0.008917765123451634 -0.013307000194199493 -0.013308037226047384 0.9998228942622898 0.07303038068475054
0.9999109961769522 0.0007820891849431475 0.013318710933195735 0.01295773679662451 -0.000959198277298487 0.9999111365872523 0.013296573523069585 0.008371743923424258 -0.01330712828073962 -0.013308165361775549 0.9998228908519867 0.07372354256797799
0.9999109953114668 0.0007820978574081815 0.01331877540066888 0.007743138345871314 -0.0009592086551323567 0.999911135730774 0.013296637182003926 0.007323539085935416 -0.013307192565975144 -0.013308229203593078 0.9998228891466112 0.07411127408205846
0.9999109942611843 0.0007821050478882008 0.013318853828463277 0.003574849702472992 -0.0009592179270264013 0.9999111346853039 0.013296715132562368 0.006444895828164251 -0.013307270816300927 -0.013308307331967865 0.999822887065194 0.07523813113929184
0.999910993738866 0.0007821089618635276 0.013318892811536937 0.00031182056583018043 -0.0009592228776443198 0.9999111341632605 0.01329675403295782 0.005724851065101322 -0.01330730970648994 -0.013308346325285835 0.9998228860285514 0.0761657410488212
