1.0 0.0 0.0 0.0 0.0 1.0 0.0 0.0 0.0 0.0 1.0 0.0
0.9999962495022977 -0.0017888918973000872 -0.002073848383600123 0.006087672195490119 0.0017872592675074797 0.9999980917219035 -0.0007888325945616 -0.011515674166004396 0.0020752555623574117 0.0007851231313037799 0.9999975384449802 0.5306608612106988
0.9999923439844484 -0.0023268976465260216 -0.003146032395158393 -0.0005084015335989163 0.002320487416148442 0.9999952275158644 -0.00203967733870329 -0.028606669104492968 0.0031507635011677926 0.0020323613943181145 0.9999929710735584 1.092425439021734
0.9999835533565987 -0.00272009079604421 -0.005049170463718972 -0.007182671840365293 0.0027029922168687777 0.9999906002997234 -0.0033901541667677093 -0.039671884971436984 0.005058344530176166 0.0033764505416459755 0.9999815061951665 1.6008531556601868
0.9999578483715786 -0.004828283059397328 -0.007809555863255649 -0.0014463473605711829 0.004788664392726291 0.9999756111862009 -0.005083869207389121 -0.05289072083634641 0.007833911757022098 0.005046257571937936 0.9999565816129722 2.1524962047130933
0.9999280646763132 -0.007192537908528017 -0.00959858693335195 -0.0043882656998730125 0.00712420229457516 0.9999491700076515 -0.0071346438365911605 -0.06305956140435479 0.009649415233510105 0.007065748328622102 0.9999284794355083 2.72896166724909
0.9999044454359264 -0.008502170015436353 -0.010900142315643282 -0.014727528350386496 0.008415530441432173 0.999932827834212 -0.007969859902509476 -0.07107323686837372 0.010967171233366881 0.007877367866547524 0.9999088299593284 3.271603285366951
0.9998855465984843 -0.008648782999185206 -0.012413390192982 -0.023277754642280234 0.008557489796489938 0.9999360855797158 -0.007388783654859644 -0.08209110102767593 0.012476500784802854 0.007281710523520996 0.9998956513656905 3.801079182165393
0.9998609268604627 -0.00892463971783019 -0.014088212932914736 -0.02490045030092383 0.008815794854256785 0.999930957940533 -0.0077692414826739074 -0.09878178924140828 0.01415657793479331 0.0076439621947894465 0.9998705721957922 4.394050161766336
0.9998495230779718 -0.008390938103798982 -0.015182995702108217 -0.03906366801242869 0.008234044186667164 0.9999123621660663 -0.010366701684233747 -0.11804088763254098 0.01526865144942521 0.010240124277375601 0.9998309897866239 5.018751787005384
0.9998400210142855 -0.006684805403257596 -0.016590532085292348 -0.05562219895038223 0.006449906535576262 0.999878769813604 -0.014171957582371929 -0.1354310525385212 0.016683257590616583 0.014062682985646727 0.9997619265922314 5.6292404374902265
0.9998238793494112 -0.005277251122645699 -0.018010022300987426 -0.06866585414399473 0.004957025345245106 0.9998296533526514 -0.017778981310634198 -0.15006339842925984 0.018100778503150766 0.017686573927864577 0.9996797221711932 6.183301203499086
0.9998104664438703 -0.0034611418322528665 -0.019158593020021285 -0.0867546316521046 0.00312105442576206 0.9998375372357893 -0.01775269426153098 -0.16359698918543927 0.019216925054784586 0.017689534518720233 0.9996588368838389 6.808555226937682
0.999795327810369 -0.0009695975004452156 -0.020207977861309116 -0.11194412590031566 0.0007499594074325431 0.9999405991447792 -0.010873626022058998 -0.17625034483900828 0.020217320530753594 0.01085624533010959 0.9997366662716183 7.4549732154521955
0.9997742108793006 -6.555977491456565e-05 -0.021249069687560265 -0.1256180916758304 5.560921233821274e-05 0.9999998885329411 -0.00046887281985480596 -0.18664086022911444 0.021249098058185454 0.00046758530944487724 0.9997741030831374 8.10752652369298
0.9997574057571511 0.0011084835701085187 -0.021997747564353146 -0.14531732391167201 -0.0009705585016208839 0.9999798118060746 0.0062796493917003 -0.20133553032841112 0.022004264357736086 -0.006256775883995644 0.9997382983089186 8.775622334259104
0.99972404632731 0.0032429658177314073 -0.02326616357834785 -0.16675744115106905 -0.0031192813298539547 0.9999808215167026 0.005350390898426509 -0.21549473769012448 0.023283068503413287 -0.005276340728740428 0.9997149888591146 9.432124080871116
0.9996925814826635 0.005425801509053362 -0.02419304045612369 -0.1881261777611203 -0.005473727095523531 0.9999831850518118 -0.0019151828418327082 -0.22181923737764733 0.02418224224944851 0.002047020180230891 0.9997054710604373 10.075616866158704
0.999661081712437 0.00487666733030007 -0.02557224716893328 -0.20949096222964655 -0.005086985154185101 0.9999537195675592 -0.00816586217398387 -0.21842437508383605 0.02553124148098815 0.008293180255666973 0.9996396244995926 10.800854152544849
0.9996454453902096 0.0027402949623786545 -0.02648535999618414 -0.23472321723912276 -0.00291762351363884 0.9999735721204945 -0.006659018967618405 -0.22021579427574364 0.02646641236815009 0.006733932290838883 0.9996270220298477 11.560935360396792
0.9996285562765469 0.002121497822222295 -0.02717073284723347 -0.25293136119123455 -0.0020512342594421213 0.9999944807181709 0.0026136126738330774 -0.23119523907812373 0.02717612765789698 -0.002556908325739381 0.9996273907338351 12.316535547675755
0.9996240935855143 0.0019524034089603906 -0.027347022585039227 -0.2811920681939218 -0.0016738682184595723 0.999946532740638 0.010204402244302458 -0.24076130842899843 0.027365483524418012 -0.010154791032068174 0.9995739144908544 13.083270076473347
0.9996049160104226 0.0011381092333540106 -0.028084098617687094 -0.3039649723811221 -0.0007813367683904055 0.9999189013295184 0.012711423084122458 -0.24470088504803458 0.02809628802260856 -0.012684457865520013 0.9995247386273182 13.868047493951114
0.999599946453463 -0.0007801611025247369 -0.028272573262563386 -0.3262250072292108 0.0011060807738873758 0.9999331003788878 0.011513963348343776 -0.24173077112948343 0.028261699091783932 -0.011540628896185559 0.999533936516978 14.677254519524388
0.9996105635195196 -0.00121692066483776 -0.027879031623835072 -0.34955966815281087 0.001467165243304599 0.9999588054524867 0.008957389362151619 -0.23892750680943728 0.027866982727524355 -0.008994804174179553 0.9995711704383697 15.49805737302858
0.9996192716725262 0.0014982110002611988 -0.027551171747968554 -0.3743000232319945 -0.001343294962711297 0.9999831900386114 0.005640496329773431 -0.242344204229968 0.027559159267483428 -0.005601339482813771 0.999604480650456 16.326705107674798
0.999644582709417 -0.0016597169862660815 -0.026607397453341283 -0.3972615959051943 0.0016645783633130295 0.9999986016987372 0.00016055978067834164 -0.25024786311331987 0.02660709376438851 -0.00020479281306095155 0.9996459476341196 17.19067943857528
0.9996595662413789 -0.004611066652236285 -0.02568053127226878 -0.4240820437029546 0.00445329906316563 0.9999708805175056 -0.006197277184296697 -0.2608027497818023 0.02570835952664709 0.006080804336075306 0.9996509911309422 18.081870308478326
0.9996944969652085 -0.0035033266587240408 -0.0244671093470411 -0.4567309177119788 0.0032221191852933066 0.9999284135628523 -0.011523267663029347 -0.2745835586146359 0.024505727604655102 0.011440911327351873 0.9996342205339742 18.97650107812073
0.9997007478326759 -0.0021356673405127473 -0.024369113808227285 -0.4837859932657403 0.0018359474484141924 0.9999224829834988 -0.012314922698982737 -0.29150898587524865 0.024393525365439216 0.012266497019358374 0.9996271749863146 19.850386635508297
0.999682219306732 -0.0019046516158241083 -0.025136282624691045 -0.4965066404212422 0.001610669065250073 0.9999301311864353 -0.011710614443375747 -0.31163832944752484 0.025156831023168458 0.01166640680336043 0.9996154404595652 20.76252786718546
0.9996790556984249 -0.0003637099670123821 -0.025330876671847937 -0.5230750907098047 3.172266021941937e-05 0.9999141226507177 -0.013105201918296713 -0.3337884773361846 0.025333467815861755 0.013100192315626384 0.9995932174488364 21.701613891921163
0.9996763043834854 0.0024575317320539155 -0.025322855130530113 -0.5553949266346896 -0.0028432191451631867 0.9998803385868539 -0.015206071561448117 -0.3553268515519379 0.025282455558518133 0.015273147849256648 0.999563669005485 22.62310230423904
0.9996552528071927 0.006045752785814255 -0.025550428729068164 -0.5903432188887616 -0.006453722804185788 0.999852519199988 -0.015915065548252828 -0.38168826012274826 0.025450441979523744 0.0160744742586273 0.9995468404633953 23.586396842350883
0.9996438666539106 0.00768924464282874 -0.02555416557119223 -0.6197509876957132 -0.00809720285767361 0.9998408078428719 -0.015899505589669283 -0.4060224247660335 0.025427842360272308 0.016100760508031053 0.999546992564114 24.53105033717457
0.9996332875341177 0.008452954117153076 -0.025726212710455224 -0.6541263995470834 -0.008867251378295563 0.9998321457716081 -0.016032845497200892 -0.43441376914770785 0.02558636954951599 0.016255086848008662 0.9995404493290103 25.494622167987956
0.9996301225507421 0.008564313144228711 -0.02581221860968751 -0.6862844819617937 -0.008979195563428787 0.9998316682904356 -0.016000285328686772 -0.4604834575061197 0.025670842140849384 0.016226140142784423 0.99953875374587 26.453982684419046
0.9996143029317113 0.009533828855886781 -0.02608354810400312 -0.7204379997913013 -0.009923634728006484 0.9998403960365468 -0.014856107406303422 -0.48993152599470013 0.025937749480868355 0.015109221053025191 0.9995493707621647 27.442146864825506
0.9996058992713294 0.010318563201605764 -0.026106960669708596 -0.7557290202163331 -0.010659325661085026 0.9998593641429235 -0.012947227972073292 -0.5162139421906592 0.025969692304803622 0.013220408055894844 0.9995753077644677 28.42191423614735
0.9995844487375675 0.01082782996586585 -0.02671493852214177 -0.7786784523844681 -0.011147058097661554 0.9998678933920486 -0.011829575627026162 -0.5405129780596052 0.026583320668774123 0.012122452803722143 0.9995730954763856 29.370997696219234
0.9995855452689786 0.010616480022366816 -0.026758700290776805 -0.8147662362112602 -0.010962795656398763 0.9998576085322809 -0.01282886477851862 -0.5696627256893223 0.02661869269353728 0.013116897958136194 0.9995595991171531 30.402750550127067
0.9995643418501006 0.011707198980385034 -0.027093689187835994 -0.8514425280015033 -0.012081476771964944 0.999833269856269 -0.013691983330810838 -0.5982433344143754 0.026928877079853482 0.014013350083274234 0.9995391245962625 31.454571510938933
0.9995616077586582 0.01136500265153076 -0.0273391479321361 -0.8890916507238038 -0.011719549722216374 0.9998488383544226 -0.012843387233198207 -0.6234947450630731 0.027189050171585964 0.013158159295436397 0.9995437050948417 32.47057920038712
0.99955190521529 0.010625401736785204 -0.027983738463868205 -0.9214493229736591 -0.01091230667179964 0.9998892487031164 -0.010119876037773756 -0.6507928249424446 0.027873111480113795 0.01042070851004056 0.9995571511877482 33.498997742472596
0.9995405761790206 0.011020291943685877 -0.028234548644987627 -0.9623356787909327 -0.011209344582813807 0.9999157448439867 -0.006546281931047202 -0.6725624668889298 0.028160027800660684 0.006859765198091188 0.9995798899816333 34.548060156696366
0.9995084477308648 0.011096227777027737 -0.02932126606673379 -0.9852553973491 -0.011227561748719398 0.9999276444699162 -0.004318296194702288 -0.6916611519904957 0.029271227712799636 0.004645379851723938 0.9995607113498507 35.48939279284122
0.9994929410133941 0.011031474514731352 -0.02986917197421719 -1.020909130754289 -0.011157356120756877 0.999929548739089 -0.004051044660071688 -0.7083851586657312 0.02982237865746353 0.004382251530220188 0.9995456075651263 36.50932396536895
0.9994879810674214 0.010523551341190611 -0.030216395697333028 -1.060766709068405 -0.010698261862550802 0.9999269442130289 -0.005626138099612559 -0.7256113897862693 0.030154981261621968 0.0059465203241008315 0.9995275463943687 37.469870416204884
0.9994694308086781 0.011099299889942502 -0.030621273992581226 -1.1054534519876134 -0.011296524054660067 0.9999165011576531 -0.006275289389438404 -0.7439088424338255 0.03054906583282209 0.0066178738724632985 0.9995113597764413 38.509544665479396
0.999458081869153 0.010701703992946083 -0.031129023725124633 -1.1507922610400834 -0.010864752263078007 0.9999281063238565 -0.005073395495115331 -0.764861351647191 0.03107249176834638 0.005408855261076553 0.9995024985161725 39.55597284505543
0.999440147341143 0.010810857376250564 -0.031662552731948006 -1.1952045289615063 -0.010912389073215584 0.9999358502918368 -0.003035632694786346 -0.7896400980906605 0.0316277037963205 0.0033794472822131034 0.9994940058292694 40.6659667040175
0.9994197096595065 0.010934488581876982 -0.03225958622734059 -1.233001028791714 -0.010959209153085419 0.999939772251377 -0.0005895800241506976 -0.810809918936778 0.0322511965490484 0.0009427774492151795 0.9994793502078152 41.722436658264165
0.9994006801903575 0.012176688541219987 -0.03240383760019038 -1.2827204585456426 -0.012208901635855366 0.9999251514069869 -0.0007964323965034904 -0.8324696431000586 0.03239171430930139 0.0011915703446762015 0.9994745404482391 42.78595227936972
0.9993779763611975 0.013449443492333818 -0.03260019683902198 -1.3259580183764141 -0.013603488566616542 0.9998973058468463 -0.004508088179944842 -0.8558503912072963 0.03253621771218029 0.004948760447500216 0.9994583054370099 43.83046468647244
0.9993566197578247 0.014668808445030919 -0.03272877335031517 -1.368726331275153 -0.01495746888183574 0.9998512110773494 -0.008592428749109166 -0.8781818584568805 0.03259786297999037 0.009076440159147704 0.9994273348088772 44.87591520548069
0.9993510780099838 0.01507635876857923 -0.032712784757078985 -1.4116564181501154 -0.015373988433511739 0.999842505934747 -0.008865878736679333 -0.9045245708317927 0.032573967518988854 0.009363051447489595 0.9994254699114207 45.971874957165134
0.9993490890196643 0.015697623468892027 -0.03248050019618621 -1.4566106606603908 -0.015904839783260624 0.999854711690168 -0.006131197472096975 -0.9327376375249011 0.032379535929879695 0.006643803760040307 0.9994535634658392 47.11063858988346
0.999348047110018 0.016500753594223073 -0.032112394308345116 -1.4981966789625483 -0.01664004686260919 0.9998532397738082 -0.00407526124703639 -0.9565066620803921 0.032040436604423336 0.004606956114850415 0.9994759558776561 48.1211388438139
0.9993742491990644 0.01491333171873391 -0.032073393566201445 -1.5393193206936717 -0.015014345894010756 0.9998830411323102 -0.0029109231147201077 -0.9780620613481393 0.03202623073638936 0.0033906626272473114 0.9994812774393368 49.20016964202453
0.999379554875309 0.014829835427167452 -0.03194653781603596 -1.575237166787826 -0.014960168098157286 0.999880699303966 -0.003844545472329208 -1.0002349108755555 0.03188571259519167 0.0043200857187163 0.9994821850296685 50.2196605909533
0.9994108702808661 0.014131626272346777 -0.031276340951906616 -1.6188583231022544 -0.014313679529192566 0.999881846724805 -0.005604566756780647 -1.02365964482242 0.031193443906961712 0.006048944461172712 0.9994950621829652 51.28373220323564
0.999420485145523 0.014149248248448173 -0.030959532384883182 -1.6604700287032799 -0.014400824893302196 0.9998649505084832 -0.007918142904914913 -1.0460932450117515 0.030843315546148598 0.008359397028134864 0.9994892747635902 52.344627515657436
0.9994214595169802 0.013007253762211585 -0.03142542929720829 -1.6852518367097078 -0.013340704490668214 0.9998566665745149 -0.010424582015293971 -1.0727429943851985 0.031285329799141816 0.010837788338326002 0.999451734944361 53.35942023798105
0.9994486354295002 0.01132485998586632 -0.031211739528735963 -1.727874817467723 -0.011759703962865492 0.9998358434140667 -0.013783888681684906 -1.102960172492511 0.03105051530675302 0.014143329550846113 0.9994177463545472 54.40946156485624
0.9994663589818387 0.009779652487249841 -0.031166579228625715 -1.7570571514317286 -0.010267832828270606 0.9998264904322485 -0.015542221171542662 -1.134015194147457 0.031009174006997823 0.015853940430160772 0.9993933578427672 55.45995356422967
0.9994914842064565 0.008302479336277407 -0.030787040059816546 -1.7932748967594736 -0.008714685113658707 0.9998738530606673 -0.013279014609003863 -1.1660966930794678 0.0306729076245445 0.013540561380055391 0.999437754907913 56.51219688534235
0.9995161293974926 0.007215538617996302 -0.030256289870146887 -1.8304757868308363 -0.007445641651088542 0.9999441593477082 -0.007499373761199866 -1.1933945085350153 0.030200488318199867 0.007721022526764185 0.9995140400797199 57.528942616689704
0.9995281693972285 0.005887938566050131 -0.030145824932597 -1.8653031228498473 -0.005934157156019863 0.9999813502476077 -0.0014439306841146212 -1.218970966469971 0.030136760945264646 0.0016221394561774733 0.999544468397136 58.56910544969449
0.9995413054524448 0.004048793568822633 -0.030013096558979435 -1.9078664793112452 -0.004071627652013634 0.9999914660781317 -0.0006997279282379833 -1.2430805118952133 0.030010007375622576 0.000821609120724634 0.999549260624892 59.65585874270114
0.9995536323731105 0.0009625128312208127 -0.02985983219593678 -1.9400396415270784 -0.001071528609280955 0.9999928187996302 -0.003635130755685855 -1.2651964185854865 0.0298561189065032 0.0036655038154632886 0.9995474857382315 60.70727852206417
0.9995536020364647 -0.0005140682823318359 -0.02987193314348393 -1.9781048659556302 0.0003085946988829612 0.999976266419089 -0.006882686092834437 -1.287473301653682 0.029874762346159222 0.0068703953555654855 0.9995300376889227 61.79209204075126
0.9995536132703668 0.0014150828995347468 -0.029842448601619425 -2.0225884276178467 -0.0017417216134361507 0.9999388331554797 -0.01092228700778788 -1.316753873086236 0.029825167291637145 0.010969388681537665 0.9994949384103853 62.89170740328835
0.9995557140861762 0.0016278611102211898 -0.029761124069488703 -2.059096791319286 -0.0020803443755885538 0.9998826251321721 -0.015179200442602675 -1.3479007407763581 0.029732921231399846 0.01523436992473208 0.9994417778780534 63.95582428425013
0.9995779230526922 0.004688653010381784 -0.028670407716208657 -2.113955972244081 -0.005143944204718592 0.999861511800411 -0.015827098856603456 -1.3800256558533828 0.028592229428362904 0.015967897580652025 0.9994636114752603 65.06871881135817
0.9995730039314679 0.008448118943187973 -0.02797211285803669 -2.1534830855553766 -0.008791728997296862 0.9998871225848259 -0.012183907020195102 -1.4111137937085996 0.027866024342540978 0.012424627775527762 0.9995344482867916 66.14332336096784
0.9995668901891165 0.009851502613115948 -0.027730487444715953 -2.1989857538405855 -0.010134438593954916 0.9998978272893325 -0.01008107813969957 -1.4426379056410634 0.027628340378009382 0.010357744848041873 0.9995646011787432 67.22411470014575
0.9995630289354469 0.009480176002036399 -0.02799781149240543 -2.2242911288877547 -0.00974282361366159 0.9999096651346285 -0.009259533378600263 -1.4730872726540694 0.027907500307747784 0.009528264969381589 0.9995650972264121 68.29388083258313
0.9995746418250981 0.007935794180587066 -0.028063474320709457 -2.257554973487102 -0.008174399849638756 0.9999313250646177 -0.00839787720899694 -1.503860714032855 0.02799490323833956 0.008623707163541808 0.9995708664559175 69.39636389287546
0.9995790635638396 0.00687652696844054 -0.028185263200631992 -2.2963335204631052 -0.007078105317774086 0.9999500385552791 -0.007058386388377714 -1.529253125567981 0.02813531783980944 0.007254913517709594 0.9995777959318143 70.45487436180831
0.9995809032304499 0.005429365437494482 -0.02843483581706135 -2.330457221476756 -0.00557305684993224 0.9999720871165191 -0.004976547516241693 -1.555655378704262 0.028407022623719757 0.00513293081778108 0.9995832602074105 71.5370673570789
0.9995726877663926 0.004390133866354234 -0.028899283660750775 -2.3701476029718895 -0.004488620380688885 0.9999843350798157 -0.003343932125268798 -1.5815568603771177 0.02888415064610903 0.0034722211357902637 0.9995767351843666 72.63297385347126
0.9995559064215791 0.0036376624373431077 -0.02957629709288412 -2.4044959201548384 -0.0037741805186214945 0.9999824749942137 -0.00456127897206665 -1.6086344904189918 0.029559186374923642 0.00467087962166667 0.9995521183932395 73.69980637264975
0.9995346993177276 0.0038981778668888633 -0.03025209197951518 -2.441378849474695 -0.0041545308486631 0.9999559572329247 -0.008415667995716832 -1.6334297243328673 0.030217953822958745 0.008537435429022112 0.9995068721439835 74.76149589984543
0.9995146318833479 0.004488781482544632 -0.03082777143902373 -2.484520787613172 -0.004814374530235633 0.9999333299985941 -0.010495587444587283 -1.6605753174029927 0.030778603752889027 0.010638909658716077 0.9994696049166762 75.82444384533773
0.9994855634172813 0.0066346358307791285 -0.03137817916692865 -2.524158248874821 -0.00691203381781093 0.9999379137107214 -0.00874028102252992 -1.691050475857408 0.03131824243057689 0.008952671737771804 0.9994693678946923 76.87314458796367
0.9994642767201447 0.007726581666194566 -0.031803451008231814 -2.5673881883562664 -0.007871169407285727 0.9999592373714494 -0.004423605732028226 -1.7187731501655903 0.03176797526502438 0.004671566254078757 0.9994843531623169 77.94032073073645
0.9994269041421254 0.009309321402661556 -0.03254535008120431 -2.598059591668177 -0.009328184655535898 0.9999564000247493 -0.0004278090429099242 -1.7422703265050699 0.03253994849286705 0.0007311529025559853 0.9994701682229015 78.95317129433832
0.9993988704256459 0.010483074168180272 -0.03304546788784621 -2.6382914956563823 -0.010487816950676987 0.9999450008909376 2.9813307734854154e-05 -1.76017033409787 0.03304396295167021 0.0003167794321832958 0.9994538489411305 80.00389104250361
0.9993695790788112 0.010396755359857237 -0.03394630892787009 -2.668084336241166 -0.010471966828903374 0.9999430894833815 -0.002038554675762841 -1.7824220625232294 0.0339231826716403 0.0023927541493025703 0.9994215789170293 81.0176947733882
0.9993472464750476 0.010308548198635147 -0.03462390499028331 -2.707412369064185 -0.010412583459063105 0.9999417949339316 -0.0028257476915875632 -1.8046601393198631 0.03459276034733009 0.003184427475211201 0.9993964180210011 82.0758754639801
0.9993295648526797 0.009522944827031853 -0.035351581763404784 -2.745427497735434 -0.009634184822213173 0.9999491567121106 -0.0029776624307930257 -1.829061505746383 0.03532142825771407 0.003316249773708716 0.9993705014624324 83.08643586391455
0.9993198291272055 0.008449242310455511 -0.035895534785700685 -2.792810878792731 -0.008552093050852222 0.9999597506628858 -0.0027127032034880527 -1.8519040386405732 0.03587116972753777 0.00301784005537982 0.9993518658729659 84.10681626000324
0.999305520439867 0.007134759076824655 -0.03657283187451803 -2.8320398144031302 -0.007184145853925621 0.9999734505353548 -0.001219127871615409 -1.8764347066330398 0.036563162701763595 0.0014810257707049345 0.9993302465631224 85.11334820799654
0.9992802191271593 0.007264484229188499 -0.03723265945456962 -2.872649085035053 -0.007208485345045168 0.9999726768937498 0.0016380491384706865 -1.9022395716204459 0.03724354172479263 -0.0013684790219968047 0.9993052816156633 86.09048280175384
0.9992516540330404 0.006308655862513154 -0.038161928324455065 -2.9159249763144968 -0.006221843309000439 0.9999777804241882 0.002393182766512131 -1.9220489460406487 0.038176178149085735 -0.0021539542994366656 0.999268702553425 87.08025310550235
0.9991751351906869 0.005276999377504333 -0.04026415892878121 -2.9654684259318715 -0.0051795915664076785 0.9999834026238165 0.0025231543950145893 -1.940116023542012 0.04027680533356078 -0.0023125212357297488 0.9991858842065658 88.0770964109401
0.9990438316427391 0.0044387204715502825 -0.043493910115890294 -3.011290312678786 -0.00436883310899079 0.9999890086057002 0.0017017535239410007 -1.9623178118779963 0.04350098566537901 -0.0015101087265158718 0.99905224278702 89.01203766237197
0.9988904778889968 0.004254513286390219 -0.04690109059912294 -3.0602572100623027 -0.004219102076205587 0.9999907348979779 0.0008539882168106822 -1.9826428168236212 0.046904289359948614 -0.0006551602092786198 0.9988991732926495 89.9311994899359
0.9987434715026055 0.004098995202837568 -0.04994673532125044 -3.1093346697818074 -0.004047179672667558 0.9999911620303784 0.0011385068433817165 -2.001202743832377 0.04995096062761058 -0.0009349328651803512 0.9987512340082073 90.79493554413108
0.9985610324925188 0.005234710463729523 -0.05337098644240665 -3.154562622189132 -0.005121648784823397 0.9999843418052388 0.002254962986420529 -2.0204868683021595 0.05338195482744685 -0.0019783707200950263 0.9985722071778759 91.65178519548375
0.998413448877151 0.006124208309057813 -0.05597391511963269 -3.220778143524806 -0.0059474603157181035 0.9999767900205816 0.003323723202770984 -2.0393264279072127 0.05599297113947038 -0.002985547307102331 0.998426699207434 92.50902450969537
0.9982287849799182 0.007101548318414771 -0.05906657979769514 -3.2740494154105138 -0.006820373674903101 0.9999644371146539 0.0049605452230742555 -2.0585502324860587 0.05909970677127751 -0.004548902884948741 0.9982417202972899 93.32893084684865
0.9980305050214041 0.008633213692377585 -0.06213355508952385 -3.323084765184214 -0.00829597714650598 0.9999494357574114 0.005683545690957366 -2.072563995612607 0.06217948061785198 -0.005156893423204705 0.9980516613083295 94.10704761117843
0.9978386695280111 0.010656910184386576 -0.06484149797691732 -3.3679167396847873 -0.010263588925880373 0.9999268724145505 0.006395980426629952 -2.0895339481131767 0.06490491766368119 -0.0057166501186624065 0.9978750781407922 94.72956925679318
0.9976406989152194 0.012550242802319506 -0.06749464625846546 -3.4255825772975297 -0.012225301432442196 0.9999116155636674 0.005225233558857303 -2.1065356614078317 0.06755425873206305 -0.004387763264067979 0.9977059535056912 95.45610350221179
0.9974570144048401 0.013752825118996682 -0.06993113910004004 -3.4726581352890884 -0.013676188984986796 0.9999052368076731 0.0015745664292175898 -2.120409396527054 0.06994616693879524 -0.0006141708552020249 0.9975505784293502 96.00311956709088
0.997238256308837 0.016153745492207387 -0.07249080397322 -3.5239687397655772 -0.016360028676887555 0.9998636279834782 -0.0022527532954631866 -2.1316200886512116 0.07244452785271137 0.0034324834000740807 0.9973665366563621 96.59401902222724
0.9970788161983684 0.017902557749185078 -0.07425181960395279 -3.5774412543042864 -0.018311846108458894 0.9998206334693235 -0.004834995460477433 -2.1463988439028028 0.0741519425272259 0.0061805594439178204 0.9972278025127458 97.16051812676973
0.9969380406684587 0.019892145137764074 -0.07562304959437431 -3.6152086729981003 -0.020392061629805357 0.9997749795090567 -0.00584415692410819 -2.159436558607201 0.07548978004088587 0.007368372241241579 0.9971193510307047 97.67499844257807
0.9969663437456793 0.02222948358324368 -0.0745919533059341 -3.662691918558034 -0.022701333352039995 0.9997272516941161 -0.005483765510223366 -2.173610341862843 0.07444970720165363 0.007160466448063709 0.9971990617814653 98.18816760880291
0.9970797482454339 0.026073062264795527 -0.07177862539056062 -3.699648903117472 -0.02642381942282204 0.9996430603474457 -0.003941277242925429 -2.1872669187156273 0.07165024358599545 0.005826433156879923 0.99741280083561 98.64012342842646
0.9974216926236611 0.028726777692127642 -0.06576275030120148 -3.7374162273844806 -0.028955030451853145 0.9995775382232753 -0.0025201767856949126 -2.1991009473979863 0.06566257149459959 0.0044178414328673804 0.9978321048061096 99.06169216141286
0.9978465130111811 0.02955663730033358 -0.05855545801138886 -3.7604890345442894 -0.029645283093799355 0.9995602735323855 -0.0006455742819137401 -2.209931495266308 0.058510628621777215 0.0023800771755318273 0.9982839483688613 99.50264624527694
0.9983772740153753 0.029485897838001065 -0.04871755903486088 -3.780308928027244 -0.029432823571636124 0.9995651279919068 0.0018065987729294583 -2.219621916971643 0.04874964231898705 -0.0003697718382432032 0.9988109609143058 99.90413994165829
0.9989150490061925 0.029039511257753114 -0.03640647819917597 -3.798476908647676 -0.02894377332066822 0.9995760649614144 0.0031540992721166856 -2.232116030360693 0.03648263771875676 -0.0020969363765762344 0.9993320869475347 100.29649185940849
0.9993359355661041 0.028227529385904344 -0.02304114734529943 -3.801364976553038 -0.02816380379333974 0.9995985589404592 0.0030856312238643816 -2.2396937034348707 0.023118997428742016 -0.002434655812906254 0.9997297556884877 100.64804873275264
0.999576010812102 0.02801245561717432 -0.007943609964033848 -3.798324693396079 -0.027996022683235117 0.9996056738937452 0.0021724256841961576 -2.2486779688699454 0.008001332569307518 -0.0019491151144548854 0.9999660892387234 100.98755402458137
0.9995938621928453 0.026665141847804077 0.010053898578544487 -3.7862000130156424 -0.02665851129857106 0.9996442842258624 -0.0007929627414548228 -2.2598382702805173 -0.010071466712209178 0.0005246187204548363 0.999949143873559 101.31754857718542
0.9991746609495943 0.026066683100429505 0.031153249403635067 -3.7652286107435615 -0.02591204203668971 0.9996498708486526 -0.0053574051333712515 -2.2701068706790664 -0.03128199152471158 0.004545739149579163 0.9995002617617629 101.64187420884736
0.9981810181541889 0.0239559333584615 0.05532421037476972 -3.7316289649838623 -0.023420428308486504 0.9996725643821541 -0.010307645679643018 -2.2778201916386838 -0.05555302453074769 0.008993179556472561 0.9984152363555716 101.96928040670265
0.9963118087463441 0.021679256588447486 0.08302282569487053 -3.6936930471555494 -0.020665785081641824 0.9997013033488551 -0.013047199299536245 -2.2881726392260875 -0.08328088063624182 0.01128334686051397 0.9964622326029613 102.29160848642874
0.9934340886770886 0.01906200086700747 0.11280670005486719 -3.6414628731221783 -0.0175638518247733 0.9997440528772198 -0.014259728107868162 -2.298083505794311 -0.11304964645411293 0.012184779833017531 0.9935146242391311 102.58668524357292
0.9892192529847277 0.01682189808993325 0.14547265471211152 -3.5802016149238853 -0.01460593931807439 0.999760662209616 -0.01628756687872187 -2.3078142711942973 -0.1457118253985379 0.013987209973543545 0.9892281950572288 102.88387085864088
0.9833798552393223 0.014348193971059683 0.18099223640603682 -3.502489640907659 -0.011309421641447567 0.999777418665128 -0.017810393298052653 -2.3202827558215273 -0.18120749789019702 0.015467464467849773 0.9833232430138681 103.17886784837194
0.9754988316639169 0.011017781954329649 0.21972855504722297 -3.411802519151482 -0.007215515437854583 0.99981015531602 -0.018099438221226023 -2.3349178762750036 -0.21988625641294554 0.01607052605749829 0.9753931373722784 103.4786173978062
0.9658341021883025 0.008914996671331495 0.2590077409740232 -3.3023873445043277 -0.0040639775171308215 0.9998062753220044 -0.019258658143352564 -2.3451094442759297 -0.25912925565604644 0.017548067161154864 0.9656832266338955 103.76110843500875
0.9540420468656566 0.009743990894848693 0.29951431928011424 -3.184026092974929 -0.003788375070572488 0.9997835256499509 -0.020458495870437934 -2.357221842231977 -0.29964882951000105 0.01838359269558469 0.9538724351258348 104.02824495757044
0.9389696302529428 0.01180976978297682 0.34379726991400916 -3.0608940044147466 -0.00487945596042165 0.9997672251203321 -0.021016338518486388 -2.369652557545609 -0.3439654406654587 0.018056159970115015 0.9388086869618065 104.30178650754537
0.9216594805221136 0.011923627192503103 0.38781648892006004 -2.9248172011354905 -0.004565314729035163 0.9997917610320128 -0.01988950662871259 -2.379098992977254 -0.38797288547672193 0.016560848018230705 0.9215219902138985 104.55021494551967
0.9015973693767807 0.01129369667516198 0.43242876401585395 -2.769731286200416 -0.0035110765324813495 0.9998172561804354 -0.018791662656906665 -2.389387046155307 -0.4325619676698965 0.015424223132376737 0.9014722610631516 104.81208483108422
0.8785973614064092 0.010372883321873107 0.4774506045878331 -2.610773551413487 -0.0010864696304740628 0.9998049117269251 -0.019722019938639083 -2.3981663075344484 -0.4775620337855999 0.01680897909775651 0.8784372271871529 105.05180092684627
0.8536583533153574 0.010897330223328299 0.520719371647452 -2.429302331588302 0.0005592163105012286 0.9997613392171057 -0.021839228098536913 -2.412281622393991 -0.5208330856349579 0.01893443426209449 0.8534485245796282 105.29227104064226
0.8256549529691375 0.012946605960768728 0.5640268469068022 -2.239514754983504 0.0013745644428524945 0.9996875337058297 -0.024958876692486295 -2.42988830644951 -0.5641737402698968 0.02138271141026935 0.8253791676815094 105.53716974050113
0.7951749880996242 0.017825271431551243 0.6061179736644967 -2.0357416232926844 0.00018754372638746112 0.9995605608288443 -0.029642032030205493 -2.440699203514229 -0.6063799989512472 0.02368427609027857 0.7948222140441006 105.76332279790918
0.7618654432468448 0.023937833891271465 0.6472928444644542 -1.8401674356137772 -0.0028566985453280375 0.999431342212899 -0.03359808738525054 -2.4501624606651804 -0.6477290217828063 0.023748101210827058 0.7615005857050737 105.95601699789536
0.7249893434856295 0.02869336482807443 0.6881621485137935 -1.6313080995992268 -0.004798393390874625 0.9993180348203414 -0.03661202949414135 -2.4577386514792585 -0.6887433682099187 0.023241258521355158 0.7246326080499008 106.14303012868622
0.6862873001720046 0.029193121273634746 0.7267444552887384 -1.4198407909300725 -0.002260194788952078 0.9992749464210494 -0.03800622284215181 -2.4660287989952727 -0.7273270468930315 0.0244406040333323 0.6858556872494017 106.3024573813907
0.6453223567055436 0.026841553750793924 0.7634386595714471 -1.1916938471611995 0.002275646194809712 0.9993105223059517 -0.03705808202004512 -2.473926979463283 -0.7639069821453397 0.025651725104787016 0.644816339455468 106.4563618608243
0.6013719461835793 0.024736641550125178 0.798586176256637 -0.8817579426739713 0.003673253265013896 0.9994244391453855 -0.03372384392955775 -2.4918683406904774 -0.798960755953524 0.023213982936038855 0.6009349560829524 106.64789972296208
0.5551799722967592 0.02336206129208144 0.8314020762860509 -0.5656577822173098 0.004943154347463377 0.9994951063255428 -0.03138626541006889 -2.501433062524584 -0.8317155544930419 0.02153477474874402 0.554784183165719 106.82072431042704
0.5073712837336017 0.020699796848184942 0.8614789021519694 -0.1918110470564559 0.006577903482013803 0.9995892876015477 -0.027892423666900732 -2.521909420842052 -0.8617024495893577 0.019818539872463566 0.5070267387909886 106.996113860275
0.4571120304567146 0.0168406624121744 0.8892496745578603 0.2126544797266501 0.009072217466643918 0.9996804223062974 -0.023595510754024746 -2.5433008568420084 -0.8893628542287892 0.01885325826016652 0.4568131654965716 107.15341444932805
0.4060148707085569 0.016859208945163552 0.9137109454511635 0.6234074671504164 0.007041289713583865 0.9997424266906295 -0.02157546091983235 -2.5643416900782294 -0.9138393431028696 0.015193661457237308 0.4057915815401298 107.29390914756324
0.355424673462666 0.021541443341601626 0.9344566697887708 1.0515529600965834 0.003657257106392195 0.999694697092242 -0.024436388360610125 -2.586577283296423 -0.9346977725256523 0.01210284364987711 0.3552373786796257 107.41792957948715
0.3051130057384789 0.026927616815823705 0.9519353744776234 1.513518613340175 0.003542975896128437 0.9995611413232811 -0.029410407652757924 -2.5951167141395075 -0.9523095615665274 0.012346181965372943 0.30488370035121204 107.53401358985266
0.2584431227897127 0.029080596108286866 0.9655886656401318 1.9563351429662217 0.005427501207015245 0.999487305620135 -0.031554209463287713 -2.6094117374619623 -0.9660112289789133 0.013395702079094627 0.2581527854826652 107.62053073661892
0.21701544496149122 0.028586076044674925 0.9757495236506838 2.388011368833625 0.012695132136432606 0.9994039513530397 -0.03210257995818774 -2.6285405361085084 -0.976085616259253 0.019354024808844343 0.2165231891865032 107.68337775637598
0.18204348331784612 0.028285737016211863 0.9828835573265824 2.837530775330571 0.020580254767361028 0.9992575908951894 -0.03256869896165912 -2.6457992617073645 -0.9830750852784425 0.026156913422541676 0.18132620490428336 107.7289553198742
0.1516798103450676 0.02963623341455555 0.98798528774607 3.2624600954717224 0.025008868401656864 0.9991153434919101 -0.033809568176974364 -2.6584903828691724 -0.9881132483855046 0.02983662293294642 0.1508044571523147 107.76941960245013
0.1236219292335865 0.028223839571662784 0.991927937650917 3.7767807728153615 0.02366134824207512 0.9992274070946456 -0.031380400097527544 -2.672554200672317 -0.9920472565417107 0.027349657963979666 0.12285860571128099 107.82444709582794
0.09822725340547742 0.02482314885942892 0.9948543702317043 4.258257993841834 0.017467313246985947 0.9994918462151914 -0.026663501594541755 -2.688729115095817 -0.9950107032873311 0.019996515447774282 0.09774374513798406 107.86902489518235
0.07435135761473344 0.020842609420433193 0.9970142733448681 4.7368836175186 0.0128086791647441 0.9996791293761276 -0.021853512940590798 -2.7053425902773194 -0.9971498449876538 0.014395274305728735 0.07406053415120765 107.89988390748903
0.05155427422745518 0.018344499321628613 0.9985016956187512 5.261220681625845 0.016878710756062853 0.9996724605240066 -0.01923748406351419 -2.726293713708365 -0.9985275489099412 0.01784519583864368 0.051227756669475176 107.91615511039548
0.03121678575884951 0.019177731249703928 0.9993286380920956 5.794906972214012 0.025088544705809797 0.9994858604945054 -0.019964458322355095 -2.7413404126534324 -0.9991977167765307 0.02569492743080975 0.0307195946082424 107.91650323007002
0.013921557122319315 0.021710162220357286 0.9996673742318782 6.341268557343729 0.03026980894305725 0.9992968940005557 -0.022123659448551675 -2.7575124924011294 -0.9994448103391412 0.030567736213374157 0.013254606329452322 107.9068339338246
-6.030750717653463e-05 0.02711577889182177 0.9996322978466116 6.896673295435569 0.030752237995430025 0.9991595619422997 -0.027101100301403544 -2.772063229728013 -0.9995270362632909 0.030739295931496387 -0.0008941277083647616 107.89695865677633
-0.010978967121926735 0.031828995794484005 0.9994330279251595 7.464436718143762 0.027975415000058262 0.999111807879422 -0.03151145048216687 -2.786910941214209 -0.999548317209584 0.027613590542162947 -0.011859645056222393 107.89405181552061
-0.017613332308178964 0.031658954537728566 0.9993435250816317 8.030634915758121 0.03026082445032151 0.9990575772767019 -0.03111655169834964 -2.8040942675987375 -0.9993868385308011 0.02969289281271279 -0.018554759169125277 107.88282288019502
-0.020061505551065936 0.028373654588692464 0.9993960534844573 8.638497053464162 0.036252160318136495 0.9989605428929185 -0.027633577679267503 -2.8289716995219636 -0.9991412897419932 0.03567589478022275 -0.021069258751502448 107.8582609867725
-0.019771856424794572 0.026701510262056888 0.9994478991139281 9.27949063288625 0.037835594976858254 0.9989472472310691 -0.02593964152063286 -2.8511897688549577 -0.9990883551749892 0.03730183104348961 -0.020761309075741727 107.84888968785607
-0.017845179522778063 0.026287760224007237 0.9994951241652992 9.95633340549812 0.03652836943250859 0.999004082815985 -0.025622660743903937 -2.877421351590753 -0.9991732721577389 0.036052686160674634 -0.018787656218854892 107.84036830100735
-0.016171166601700416 0.026555443997117175 0.9995165340127485 10.612482446817493 0.03288184779120703 0.999120669128807 -0.026012931504220117 -2.9032573430821613 -0.9993284132138828 0.032445291087048383 -0.01703013886322513 107.83489934437488
-0.015050355679138667 0.027885570978257595 0.999497814767571 11.332697958419091 0.03190178264909418 0.9991155168229103 -0.027394530612899662 -2.9256235607738934 -0.9993776878926918 0.03147346461557223 -0.015926643317125157 107.8304509114734
-0.013909903230433094 0.02867011945213521 0.9994921404607052 12.04638030847246 0.03159161883263196 0.9991024180803375 -0.028219280741342504 -2.9531584892894163 -0.9994040645362889 0.031183047263301296 -0.014803153438406732 107.82176193451654
-0.013101077061262862 0.028239677075962415 0.9995153237537091 12.8064803247707 0.03114405338083494 0.9991276532097052 -0.027820505579178055 -2.9801054768101385 -0.9994290418628266 0.030764480010471665 -0.013969146389050037 107.81607831740634
-0.012700273110052831 0.026962512239265955 0.9995557643256725 13.565749452228191 0.030013770512591548 0.99919624248495 -0.026571461826119035 -3.0068854212605363 -0.9994687972330846 0.029662972502883456 -0.013499311824889365 107.81800567373597
