1.0 0.0 0.0 0.0 0.0 1.0 0.0 0.0 0.0 0.0 1.0 0.0
0.9999912757791034 -0.002762823138663147 -0.003132917807049378 -0.005718598652767656 0.00275647595567365 0.9999941435441632 -0.0020284766898926053 -0.007222052193274845 0.0031385037815896614 0.002019823180407666 0.999993035029911 0.6690414617283484
0.999974521632908 -0.0013314239907055096 -0.007013087422367203 -0.018503289115650776 0.0013067762125133734 0.9999929581539921 -0.0035179508749336843 -0.012435019018122558 0.007017721921478538 0.0035086967074700603 0.9999692198395147 1.3877011153302643
0.999939827474899 -0.0014185187127470076 -0.010877924164605784 -0.03354557641937801 0.0013640604732543993 0.9999865090340732 -0.005012094260178563 -0.01588446734836378 0.01088488716039963 0.004996954523426891 0.9999282722660641 2.1080706972022893
0.9998739053976993 -4.577928084133686e-05 -0.01587989952771292 -0.047998333993464135 -4.1195661091932446e-05 0.9999850020503088 -0.005476675758286207 -0.026192921340682778 0.01587991208005631 0.005476639361993644 0.9998589074532608 2.8352592079280137
0.9998008852354313 -0.0011451229773388576 -0.019921811559555965 -0.07068688917062532 0.001035226241543541 0.9999841965677742 -0.00552584123297457 -0.037362741871976315 0.019927824494322163 0.0055041173742928695 0.9997862704112582 3.5576127398954984
0.9997030462099961 0.0005545069867193531 -0.024362100083040895 -0.09648101404558307 -0.000716577969036077 0.9999776692457643 -0.006644360452526789 -0.047934533914330585 0.02435787171467806 0.006659844728707203 0.9996811194344529 4.289150898860003
0.9995744723882353 0.003253703237558174 -0.02898771403583091 -0.13169459117177368 -0.0034646553549363968 0.9999678608134387 -0.007230041733397381 -0.057006154872995374 0.02896325798408589 0.007327397589667194 0.9995536198381306 5.06328534717432
0.9994403542827758 0.0037657358421794027 -0.033238493718679346 -0.16453681034852646 -0.003954675808629913 0.9999763851967338 -0.005620461557718295 -0.06613816295047041 0.03321654362465182 0.0057487635575032316 0.9994316449598699 5.833668936756947
0.9992845415028809 0.002935354954538452 -0.03770661486620234 -0.19630763637711748 -0.0030508207242879682 0.9999908310667555 -0.003005041651573784 -0.0740354375996901 0.03769744827286721 0.003117927791066504 0.999284334371356 6.625108570537091
0.9991490370044318 0.0027102822047955855 -0.041156484586114546 -0.23435833698538006 -0.0027229550605805783 0.9999962610330279 -0.00025186445221730665 -0.0858275892847383 0.04115564807963513 0.00036371738286802196 0.9991526811958273 7.445619723044759
0.9990330923307231 0.004279470892903722 -0.04375576027210252 -0.2766356727317594 -0.004323493354907332 0.9999902382296086 -0.0009115101208360763 -0.09372796388559022 0.04375143235738674 0.0010998065134849877 0.9990418422630305 8.246104285355576
0.9989361362284738 0.0038757602434384636 -0.04595186850894715 -0.31562662570890465 -0.00392939464938895 0.9999917000219662 -0.0010769145122833683 -0.10037089509249669 0.04594731324699562 0.0012563318481972256 0.9989430744720491 9.01762684872531
0.99884886335088 0.0005887579773983425 -0.04796458638098833 -0.3507543687257625 -0.0006632760288385136 0.9999985977640558 -0.001537704403132107 -0.1080683335401664 0.04796361378758703 0.001567748055617842 0.9988478532381544 9.81517339224986
0.9987431258192188 0.00019283832650514012 -0.05012116760647352 -0.393107804620499 -0.00022337723517898937 0.9999997928239249 -0.000603700851172761 -0.11582067983965413 0.050121040805904904 0.0006141380030039252 0.9987429619792305 10.650864607107094
0.9986797576974106 -0.0011303635351328919 -0.05135624444719385 -0.43938429805324514 0.0010916805019919426 0.9999990989219205 -0.0007812739776168436 -0.1262788502800872 0.051357081294823 0.0007241778959431865 0.9986800918048044 11.476554794433493
0.9985759806948673 0.0011651202036603513 -0.053335291076314816 -0.48723806625978655 -0.00132954653408085 0.9999944724998264 -0.003047503208680368 -0.1354146610152383 0.05333144555792502 0.003114075256673487 0.9985720101474898 12.299343145252566
0.9985086637713028 0.001586495283631504 -0.05457042611490713 -0.5407010413535485 -0.0018965481193590518 0.999982350785789 -0.0056303838374973155 -0.14581753610781872 0.05456053041236384 0.005725482481119864 0.9984940497426514 13.155289487223481
0.9983980481947661 0.005495153896630747 -0.056312881692680394 -0.5987720142209378 -0.005915267791421939 0.9999558852298376 -0.00729638274538459 -0.15538973618608581 0.056270302716772726 0.007617800067192863 0.9983865094011937 14.026476564116676
0.9983321630417709 0.006467522878290922 -0.05736779047651868 -0.6561418192001116 -0.006882093772315457 0.999951593266441 -0.007031920734386155 -0.16667791538492996 0.05731953438094225 0.0074150031506680526 0.9983283471416747 14.911408357644076
0.9982554795779686 0.0055486037249596444 -0.0587810385180731 -0.7090226894888966 -0.005892768369592448 0.9999664871039978 -0.005683304481709172 -0.1769920691224127 0.058747534190825054 0.006019772885487389 0.9982547217824245 15.783410574591336
0.9981675114646196 0.0061969729634623 -0.06019316059668839 -0.765501903767863 -0.006455496906925517 0.9999707521562087 -0.004101389012323379 -0.19116235470600856 0.06016598387970796 0.004482450026029248 0.9981783217569651 16.655169627984037
0.998119719383009 0.005886457101380277 -0.0610112727418201 -0.8248646954238584 -0.006145007035847222 0.9999729138850156 -0.004050973320060368 -0.2041025155703232 0.06098577430280391 0.0044182710537112625 0.9981288565178265 17.52638970747318
0.9980231208213948 0.005872158847164718 -0.06257290193364196 -0.8873253027657647 -0.006188458160660522 0.9999690301010817 -0.004862285912499832 -0.21826215165032378 0.06254241194195555 0.005239903546326515 0.9980285517555638 18.439914252265304
0.997966358082631 0.004364044171966401 -0.06359326421685536 -0.944920089339187 -0.004737614900545882 0.9999723906441936 -0.0057247667541671255 -0.22819470072463988 0.06356652531280733 0.006014405024656917 0.9979594800350643 19.321677897753474
0.9979289469589817 0.004539883477549838 -0.06416546017405315 -1.0071907463945928 -0.004813286415654082 0.9999799823593359 -0.004106964146707583 -0.23759234134590543 0.06414553059425583 0.004407305143932249 0.997930822535385 20.22640290601137
0.9979187294786973 0.00591404609457293 -0.06421240857041467 -1.0684114188711467 -0.00596038072430941 0.9999820962976599 -0.0005300431663877204 -0.25252023151957675 0.064208124230847 0.0009116704054751737 0.9979361130051504 21.136315651560594
0.9979726809297566 0.006488363708894948 -0.06331215723899682 -1.1367928652835666 -0.006300377395950102 0.9999751329537487 0.003168393725581371 -0.25926691028078214 0.06333114054351911 -0.002763079896201958 0.9979887434369911 22.07133660009179
0.9980750336534215 0.005159415375336126 -0.06180297428689063 -1.1967945397947362 -0.0048021667887328985 0.9999709010341413 0.005927586279421686 -0.26345496740314694 0.06183175876404067 -0.005619387684751866 0.9980707670752581 22.986879918917715
0.9981717237761466 0.005419416577648259 -0.06019833700123293 -1.2552714719771378 -0.005024346580947475 0.999964850301982 0.006712235243821092 -0.2689395861064269 0.060232597446819684 -0.006397506115024967 0.9981638673686389 23.928776707189925
0.9982657223376363 0.00600636004085729 -0.05856168751647127 -1.3188311137920885 -0.005791049649892862 0.9999758370159598 0.0038456635555262375 -0.27770408659015017 0.058583370931261036 -0.0034998604671354493 0.9982763843881318 24.861406121047434
0.9983211876451149 0.007104565942564124 -0.05748331446267894 -1.3824110698170233 -0.007171421869121059 0.9999738272391822 -0.0009568411553868296 -0.2862074420336575 0.057475012024553594 0.0013674718970808058 0.9983460086630228 25.835422527467138
0.9983958442719059 0.006339798890512227 -0.056263177039838276 -1.438505110427787 -0.0065679374910383595 0.9999709389000501 -0.0038708593962433796 -0.29498424900337716 0.05623700149992128 0.00423418296481521 0.9984084691933051 26.780104834171144
0.9984533737439977 0.0036823413882299968 -0.055473424458288075 -1.4949915633529043 -0.0038540336158380314 0.9999881079559626 -0.002988372724613035 -0.30182064881804854 0.05546176055731428 0.0031975472715424216 0.9984556919600038 27.753350083291433
0.9984448205994599 0.0019839684540905725 -0.055713589789974365 -1.5479112344193322 -0.0018747440422654388 0.9999962172616602 0.002012659222468124 -0.3127927056174489 0.05571737209244849 -0.0019050804557729623 0.9984447631769969 28.697350146365086
0.9983969197483678 -0.0018491973943176847 -0.05657005485208768 -1.6009548937938303 0.0021656624021240438 0.9999823454238956 0.005533420902500288 -0.32416875000617795 0.056558823744234564 -0.005647062025606683 0.9983832982112374 29.672385404631633
0.9982948585938546 -0.009318015122709099 -0.0576242127863687 -1.646595208055914 0.009611113134551293 0.999942237232933 0.00481130979163947 -0.33016171478648526 0.057576052394989634 -0.005356938656475111 0.9983267508180081 30.601696889368846
0.9981919762055047 -0.011566485663904807 -0.05898300643690335 -1.7054777153603384 0.011642810002445186 0.9999317684393538 0.0009504951303114313 -0.3367054133833243 0.05896798804602428 -0.0016355045498170546 0.9982585344041255 31.582604564133884
0.9981214036417586 -0.011307099638056692 -0.06021472486012547 -1.7695613798407261 0.011154796440205646 0.9999336792568796 -0.002864891651843376 -0.3484342164791548 0.060243124990185665 0.002187826678301869 0.9981813358833372 32.5292183363925
0.9980020980673423 -0.010051816483823887 -0.06237606302547791 -1.8364780987055822 0.009851532085388493 0.9999452852497576 -0.003517644432131469 -0.36123367819254537 0.062408008851055574 0.0028961167372664833 0.9980465184244129 33.51653312968198
0.9979388702354951 -0.010110831132230902 -0.0633702009379736 -1.8946317740892336 0.01001311803465308 0.9999481388066954 -0.001859345113043111 -0.37953560368989625 0.0633857140081876 0.0012209794596165977 0.9979883568803961 34.463427703765866
0.9978780521602708 -0.007313842233760421 -0.06469853729879325 -1.9628592110789658 0.007394446340602146 0.9999721542030279 0.0010064700051662437 -0.392122203364827 0.06468937455362853 -0.0014827441906843223 0.9979043472645697 35.4420554469122
0.9978065118045436 -0.007422250923710696 -0.06578050768787287 -2.0373613806946667 0.007586144414432696 0.9999687112404426 0.002242086762606879 -0.40138445074779683 0.06576180816683953 -0.0027361892027347417 0.9978315979438995 36.46095295235401
0.9977544465724006 -0.006162449692646978 -0.06669399192421943 -2.1044002173912975 0.006493931870994167 0.9999676110710243 0.004754540752058707 -0.40578528472775494 0.06666253215905577 -0.005176970416536698 0.997762148902959 37.42906586797497
0.9977632623860372 -0.006588225695350383 -0.0665211809498225 -2.172673395202994 0.0071266935145905975 0.9999437088136514 0.007860626154965245 -0.41257100129161905 0.06646564881441391 -0.008317120065633066 0.9977540493736391 38.39264365918629
0.9977521625108561 -0.0010385121830265836 -0.06700405732010471 -2.252721936972543 0.0017195221811606423 0.9999474461208859 0.010106841236798439 -0.41566368996734554 0.06699003991921988 -0.010199337662959149 0.9977015125090569 39.4050158616964
0.9977455697426091 -0.0010921473663302705 -0.06710130604635499 -2.321795070218879 0.0017467364777216956 0.9999514540678595 0.009697340833975039 -0.42338178979202923 0.06708745762565294 -0.00979268715435656 0.9976990409475318 40.35491895288055
0.9977509700278854 -0.0007894085127811467 -0.06702520900835508 -2.3838739344573874 0.0013315024308203885 0.9999667630563356 0.008043623804642299 -0.4283772264644915 0.06701663159015422 -0.008114777682342042 0.9977188589344582 41.30033202861635
0.9977561673293734 0.001371680259569778 -0.06693839742229146 -2.456616588191201 -0.0009746313826180287 0.9999817411107039 0.005963852687023144 -0.43602069247320063 0.06694535570050512 -0.0058852305366912 0.9977392862925988 42.252950939314175
0.9976821917522197 0.0007078394029325874 -0.06804221648261154 -2.523216892905583 -0.0002941050283829324 0.9999814102193696 0.006090379127154148 -0.44352633207318787 0.0680452626030586 -0.006056251238171233 0.997663853238265 43.20315472791477
0.9975966920966894 -0.001636464352638057 -0.06926876570407013 -2.5918546765885493 0.0021450615602310063 0.9999712824593082 0.00726862900336468 -0.4479203632481808 0.0692548816232159 -0.007399746016471057 0.9975715538898688 44.18797782609234
0.9975331569382987 -0.0011060875024709272 -0.07018815697215836 -2.66581996449805 0.0016915144637318317 0.9999642735247928 0.008281935332489828 -0.4556556874198073 0.07017648885154104 -0.008380229380478431 0.9974993895577088 45.16997081811011
0.9975069113888426 0.0009931473456589585 -0.07056185506235906 -2.742101518612505 -0.0006583809008840972 0.9999884191652472 0.004767396561897538 -0.46479244763548033 0.07056577262441704 -0.004709054442120119 0.9974960132953825 46.13659749797543
0.9974496757330807 0.0017120463318247888 -0.07135273840105688 -2.8157473811960942 -0.001668434859902619 0.999998383171765 0.0006708047206163822 -0.4761960214792623 0.07135377148469625 -0.0005500465549611172 0.9974509194660652 47.098305914051764
0.9973832555921177 0.0020345859971105094 -0.07226687985715716 -2.8858149180177834 -0.0020819514534542245 0.9999976644762822 -0.0005801035471174668 -0.48241599150771797 0.07226553080559156 0.0007290416999598387 0.9973851620891437 48.05139359636185
0.9974049605431486 0.0006523254045758973 -0.07199249374404622 -2.965772328218512 -0.00044360394537367896 0.9999956525131338 0.002915162151678074 -0.4926938341604427 0.07199408239195533 -0.00287566103660913 0.9974009137123068 49.001850091513084
0.9973702142162588 -0.001024953752701166 -0.07246796025843955 -3.0274905469047773 0.0014731627928845754 0.9999801155271757 0.006131748660979475 -0.5073388006024392 0.07246023451245259 -0.006222380578250263 0.9973518919590724 49.94064355912845
0.9973558359638953 -0.0028501801897979333 -0.0726168915724525 -3.1002912724262583 0.0033600717417526923 0.9999705462594782 0.006900473274379905 -0.5197674417297522 0.07259508514114393 -0.007126225256462134 0.9973360369138106 50.891056713048336
0.9973225483988193 -0.005995189539523859 -0.07288204276548393 -3.166466915073442 0.006431922855257335 0.9999627308245465 0.00575910846389753 -0.5296339441772279 0.07284479956502514 -0.006212460406320589 0.9973239396064012 51.830875709167934
0.9972624895081073 -0.008797179444365515 -0.07341755004027205 -3.2326449247874427 0.009149776367854264 0.9999481594160997 0.00446766972505134 -0.5372179532238508 0.07337444113934018 -0.005127193596648875 0.9972912830629341 52.76668459865659
0.9971770673929788 -0.01042582819756599 -0.07435857967937073 -3.3049650699329205 0.010878832812477148 0.9999246361529914 0.005689728547586547 -0.5449175153810595 0.07429365559842022 -0.006482601383849561 0.9972153371349254 53.70153569977462
0.9970613070357982 -0.013322398211751674 -0.07544046472519415 -3.373388408707271 0.01411129493522897 0.9998510842157835 0.00993381838834861 -0.5549633304963432 0.07529688816489526 -0.010969188593931034 0.9971008251597606 54.644624367242706
0.9969880123093345 -0.014276427244980749 -0.07623048561173529 -3.4402457107425035 0.015453095912721157 0.9997700433755861 0.014868160460886196 -0.556607336362904 0.07600069169550014 -0.0160013747502266 0.9969793633109513 55.581200148479425
