1.0 0.0 0.0 0.0 0.0 1.0 0.0 0.0 0.0 0.0 1.0 0.0
0.999991502239929 -0.0026116727482975296 -0.0031897669798564877 -0.005739492675168529 0.0026049571225867244 0.9999943858653777 -0.0021077087359034907 -0.007254715632396038 0.003195253717542159 0.002099381618886783 0.999992691448542 0.6690409294243261
0.9999745642578122 -0.0011550504795276933 -0.007038231012676715 -0.018562916464428578 0.0011295403502738547 0.999992783004796 -0.0036274063626882715 -0.0131579716933402 0.007042370055256066 0.003619364130991916 0.9999686521223015 1.3876945542108998
0.9999403903236757 -0.0014309994317520964 -0.01082441868929109 -0.03352998269026354 0.0013763147414484912 0.9999862624277658 -0.005057737980550543 -0.016202432572481294 0.010831507608233723 0.0050425386834169715 0.9999286230759471 2.1080675282834003
0.9998758309458107 0.00011045611602593657 -0.01575787072769681 -0.047915127912892215 -0.00019862486212217714 0.9999843350523602 -0.005593764211419362 -0.026572454792139166 0.01575700601600834 0.005596199543908567 0.9998601898826041 2.8352565042674933
0.9998039367939369 -0.0008847169852970216 -0.019781436934724412 -0.07052207520181282 0.000772546560882611 0.9999835849470191 -0.005677412114433173 -0.037849406932344606 0.019786135124319464 0.005661016901738671 0.9997882084444091 3.5576109303336283
0.9997057414242027 0.0008313001758107064 -0.024243339363714807 -0.09622443956108465 -0.000998134717880041 0.999975900537314 -0.00687037638494688 -0.04856369445514852 0.024237043767165945 0.0068925528364729635 0.9996824788025573 4.289150245883689
0.9995759465570554 0.0035227764251363897 -0.028905312847753786 -0.13136960933143466 -0.0037412078937065453 0.999964829586977 -0.00750619428085501 -0.05783076120462799 0.02887785359170746 0.007611152037922934 0.9995539704971375 5.06328548788177
0.9994419865825532 0.004040952369952293 -0.03315699262394486 -0.1641489935954519 -0.004237681788179193 0.9999738207289454 -0.005865143631192244 -0.06715995378720059 0.03313242383199121 0.0060023795861441215 0.9994329461901492 5.833669390986725
0.9992885971293114 0.00322146972366512 -0.03757554763611284 -0.19584260558284658 -0.0033461903199344585 0.9999890981434078 -0.0032567782659328197 -0.07524358532020153 0.037564646380300964 0.0033801963182915123 0.9992884826791377 6.6251102391313665
0.9991615498686972 0.0029845131217661304 -0.04083246190729768 -0.24012032482358242 -0.0030035227782192484 0.9999954077203821 -0.0004042141309633664 -0.08914589572492075 0.04083106801083751 0.0005265164470015867 0.999165925492621 7.445275875768117
0.9990450961984301 0.004549737413365851 -0.04345337330220844 -0.28215092218074583 -0.004599249999254561 0.9999888830709102 -0.0010395354895644973 -0.0971562805292848 0.04344816062062957 0.001238395760301493 0.9990549152647343 8.245772338068653
0.9989525063486409 0.004380529616217692 -0.04554888604622753 -0.3207971075554631 -0.004441278088086137 0.9999893778373761 -0.0012325832054138888 -0.10438879916234832 0.04554300285131707 0.001433587351865344 0.9989613504628646 9.017306946344794
0.998868259734356 0.0009542173049511258 -0.04755301425353094 -0.35559448302680174 -0.0010379770394187589 0.999997953176128 -0.0017367346417198294 -0.11223061560982571 0.04755125969863719 0.0017841280461454094 0.9988672056826114 9.814866565778466
0.998768144076046 0.00047835746730199636 -0.049618197801076375 -0.39755568406536557 -0.0005166528908048629 0.9999995785100434 -0.0007589792630670757 -0.12012703547337908 0.049617813824106585 0.0007836796952961974 0.9987679702500735 10.650576218202998
0.9987100265535991 -0.0008583069929478182 -0.050769539789315456 -0.4433821701946076 0.0008135418827094423 0.9999992619206863 -0.0009023899833904064 -0.13069691047082369 0.05077027684500182 0.0008599227772891233 0.9987099876950764 11.476290081191916
