1.0 0.0 0.0 0.0 0.0 1.0 0.0 0.0 0.0 0.0 1.0 0.0
0.999991502239929 -0.0026116727482975296 -0.0031897669798564877 -0.005739492675168529 0.0026049571225867244 0.9999943858653777 -0.0021077087359034907 -0.007254715632396038 0.003195253717542159 0.002099381618886783 0.999992691448542 0.6690409294243261
0.9999745642578122 -0.0011550504795276933 -0.007038231012676715 -0.018562916464428578 0.0011295403502738547 0.999992783004796 -0.0036274063626882715 -0.0131579716933402 0.007042370055256066 0.003619364130991916 0.9999686521223015 1.3876945542108998
0.9999403903236757 -0.0014309994317520964 -0.01082441868929109 -0.03352998269026354 0.0013763147414484912 0.9999862624277658 -0.005057737980550543 -0.016202432572481294 0.010831507608233723 0.0050425386834169715 0.9999286230759471 2.1080675282834003
0.9998758309458107 0.00011045611602593657 -0.01575787072769681 -0.047915127912892215 -0.00019862486212217714 0.9999843350523602 -0.005593764211419362 -0.026572454792139166 0.01575700601600834 0.005596199543908567 0.9998601898826041 2.8352565042674933
0.9998039367939369 -0.0008847169852970216 -0.019781436934724412 -0.07052207520181282 0.000772546560882611 0.9999835849470191 -0.005677412114433173 -0.037849406932344606 0.019786135124319464 0.005661016901738671 0.9997882084444091 3.5576109303336283
0.9997057414242027 0.0008313001758107064 -0.024243339363714807 -0.09622443956108465 -0.000998134717880041 0.999975900537314 -0.00687037638494688 -0.04856369445514852 0.024237043767165945 0.0068925528364729635 0.9996824788025573 4.289150245883689
0.9995759465570554 0.0035227764251363897 -0.028905312847753786 -0.13136960933143466 -0.0037412078937065453 0.999964829586977 -0.00750619428085501 -0.05783076120462799 0.02887785359170746 0.007611152037922934 0.9995539704971375 5.06328548788177
0.9994419865825532 0.004040952369952293 -0.03315699262394486 -0.1641489935954519 -0.004237681788179193 0.9999738207289454 -0.005865143631192244 -0.06715995378720059 0.03313242383199121 0.0060023795861441215 0.9994329461901492 5.833669390986725
0.9992885971293114 0.00322146972366512 -0.03757554763611284 -0.19584260558284658 -0.0033461903199344585 0.9999890981434078 -0.0032567782659328197 -0.07524358532020153 0.037564646380300964 0.0033801963182915123 0.9992884826791377 6.6251102391313665
0.9991615498686972 0.0029845131217661304 -0.04083246190729768 -0.24012032482358242 -0.0030035227782192484 0.9999954077203821 -0.0004042141309633664 -0.08914589572492075 0.04083106801083751 0.0005265164470015867 0.999165925492621 7.445275875768117
0.9990450961984301 0.004549737413365851 -0.04345337330220844 -0.28215092218074583 -0.004599249999254561 0.9999888830709102 -0.0010395354895644973 -0.0971562805292848 0.04344816062062957 0.001238395760301493 0.9990549152647343 8.245772338068653
0.9989525063486409 0.004380529616217692 -0.04554888604622753 -0.3207971075554631 -0.004441278088086137 0.9999893778373761 -0.0012325832054138888 -0.10438879916234832 0.04554300285131707 0.001433587351865344 0.9989613504628646 9.017306946344794
0.998868259734356 0.0009542173049511258 -0.04755301425353094 -0.35559448302680174 -0.0010379770394187589 0.999997953176128 -0.0017367346417198294 -0.11223061560982571 0.04755125969863719 0.0017841280461454094 0.9988672056826114 9.814866565778466
0.998768144076046 0.00047835746730199636 -0.049618197801076375 -0.39755568406536557 -0.0005166528908048629 0.9999995785100434 -0.0007589792630670757 -0.12012703547337908 0.049617813824106585 0.0007836796952961974 0.9987679702500735 10.650576218202998
0.9987100265535991 -0.0008583069929478182 -0.050769539789315456 -0.4433821701946076 0.0008135418827094423 0.9999992619206863 -0.0009023899833904064 -0.13069691047082369 0.05077027684500182 0.0008599227772891233 0.9987099876950764 11.476290081191916
0.9986076638067021 0.0013557351916365314 -0.05273419923175383 -0.49309269512778353 -0.0015216597569882695 0.9999940173680912 -0.0031064094392361597 -0.14081266969915956 0.05272967227385474 0.003182327781730758 0.9986037524723118 12.298956873755122
0.9985396930522051 0.0019170320188228614 -0.05398894690073707 -0.5460558036630221 -0.002229496585451295 0.9999811098901229 -0.005727932252313116 -0.1512932834286681 0.053976946414069 0.005839935885815947 0.9985251045440284 13.154933342894081
0.9984261369809546 0.005627322474286122 -0.05579948239063103 -0.6036574428761096 -0.0060478440299513245 0.9999545501087947 -0.007370298453982823 -0.16093047311568254 0.05575547126409515 0.007696165180257397 0.9984147917902845 14.02615086084509
0.998357795469424 0.0066230858112328265 -0.056902082209467186 -0.6605948990167486 -0.007038134820679998 0.9999500489104518 -0.007096783935333571 -0.17227615051677836 0.056852237279476144 0.007485614090770163 0.9983545405806509 14.91110984204204
0.9982830352311907 0.005727962470078542 -0.05829384200364999 -0.713155004272094 -0.006075916214045859 0.9999647588681985 -0.00579346733999244 -0.18223581708011355 0.058258602899185975 0.006137708660489504 0.9982826572272175 15.78313557271078
0.9982019602085835 0.006481757375935725 -0.05958887024491976 -0.7692436651050557 -0.006746231706310989 0.9999682624698889 -0.004238208431528615 -0.19681172252820145 0.05955950800259471 0.004632588289914078 0.9982140071809379 16.65491315381583
0.9981566820124638 0.006296290060015091 -0.06036219748612988 -0.8280655244213184 -0.0065685772448027735 0.9999691231872945 -0.004313521184029513 -0.20994037424560272 0.0603331745133094 0.0047020637496951985 0.9981672197831588 17.52616710248528
0.9980591621017494 0.006247871637771344 -0.061958639791050686 -0.8899542945541824 -0.006575076229490087 0.9999654878366678 -0.005078534054630659 -0.22431197616607032 0.06192477143547347 0.005476060222971697 0.9980657971532233 18.439727255891057
0.9979962938396137 0.004376485236368016 -0.06312086706768585 -0.9470847909744607 -0.00475161105479574 0.9999719249744294 -0.005794087961924373 -0.23436669338827976 0.06309373720730578 0.006082404121928521 0.9979890704237765 19.321519720429354
0.9979588390282805 0.004438680378124848 -0.0637059943948198 -1.0089310435223793 -0.004709766864872608 0.9999804803401443 -0.004105731940234535 -0.24377118516970123 0.06368652684367795 0.004397391861932432 0.9979602643609627 20.226273768514652
0.9979544162676337 0.005705289397422887 -0.06367442755787925 -1.0696906120707652 -0.005750346068846774 0.9999833291390544 -0.000524370150142364 -0.25872141524705594 0.06367037436689418 0.0008894475012871774 0.9979705868967894 21.136217053893947
0.9980006576999265 0.006228788081191865 -0.06289586178405696 -1.137623432589348 -0.006035857631870756 0.9999764799168847 0.0032569979546383373 -0.2654175967955138 0.06291466961820104 -0.002870855633493829 0.9980147807195865 22.071271066841366
0.9981075185391113 0.004946524877731502 -0.06129366465905929 -1.1971800866225384 -0.004589196646162275 0.9999716536737403 0.005969181111409063 -0.26953287278994903 0.06132145391171101 -0.005676595866534521 0.9981019264331283 22.9868437722434
0.9982055192816602 0.005151462519866376 -0.05965906225832528 -1.2552522480412966 -0.004754436323081836 0.9999656113529909 0.006794957445181628 -0.2756308856956907 0.05969201463249583 -0.006499118812462203 0.9981956846449375 23.92876183168597
0.9982955981081493 0.005713369314957491 -0.05807974009038896 -1.3187506614899 -0.005492529470338109 0.9999770699137585 0.0039612834669834505 -0.2847501187272881 0.05810104059234833 -0.0036355271638719997 0.9983040879533283 24.86139201520377
0.9983465115343123 0.00694426551497408 -0.05706154645407558 -1.3818969511295902 -0.007001901782361409 0.9999751581658876 -0.0008101990695850532 -0.2931302242502603 0.05705450270314561 0.0012083987585898089 0.9983703338409733 25.835437700874053
0.9984235423442938 0.006362444285768249 -0.0557669202609133 -1.4375230011609799 -0.006584505006055224 0.9999711051311863 -0.0037991047015864007 -0.3018002342998334 0.055741137291069 0.0041603131395251715 0.9984365865732678 26.780148666098793
0.9984782314680511 0.0036030445279694565 -0.05502944079824093 -1.49355980882382 -0.0037672363975780857 0.9999887559307429 -0.002880267696554751 -0.30787403035518107 0.0550184443106347 0.003083193508124189 0.9984805780301531 27.753424965949353
0.9984668099888157 0.0015400324893279356 -0.05533224783699433 -1.5460977022116762 -0.0014213755840195822 0.9999966054926475 0.0021837341012831374 -0.3187333356576309 0.05533542303273668 -0.0021017381158874105 0.9984656096504677 28.6974476573853
0.9984250037443823 -0.0020136243312749756 -0.056066542742412795 -1.598688936976325 0.0023299013197561487 0.9999817380211822 0.00557630558433251 -0.33000357526278523 0.05605429027179405 -0.005698152435846553 0.9984114620741004 29.67250865177172
0.9983190507598505 -0.0096549626087779 -0.057147656005981345 -1.6436918690065971 0.00995002650731353 0.9999385850614319 0.004880889041927141 -0.33525150559799416 0.05709702148500146 -0.005441305207291043 0.9983538061905618 30.60185572628866
0.9982069183784875 -0.011984968864303051 -0.058645618955291155 -1.702511929131173 0.012064489988212579 0.9999267192875809 0.0010020659128456189 -0.34244283079909293 0.05862931163378887 -0.0017077986096122313 0.9982783616012401 31.582762613532235
0.9981364777613149 -0.011767232666856692 -0.05987573797127198 -1.7665462268701855 0.011619054903022763 0.9999285134606065 -0.002822327340340082 -0.35495302849407345 0.059904668644447066 0.0021213683837294764 0.9982018485610906 32.529369722301375
0.9980137416830738 -0.010553603182761903 -0.0621063029942625 -1.8331326584339922 0.01036228079816787 0.9999405234787163 -0.0034018585751207633 -0.36815346095937074 0.062138510992896724 0.002751538654270467 0.9980637426971382 33.51670156633677
0.9979488889656556 -0.010575632786009795 -0.06313613072870336 -1.889111837242073 0.010483397773851797 0.9999434419671558 -0.001791992742055221 -0.3870053360282199 0.06315151133054354 0.00112643599363792 0.9980033155048234 34.463716393659
0.9978766098643884 -0.00795252952245193 -0.0646454078783049 -1.954772889423811 0.008037523254758124 0.9999671422643749 0.0010548040310734597 -0.39887337222528807 0.06463489541638637 -0.0015721532397337747 0.9979077405395265 35.44252865410837
0.9977967550553112 -0.008130079864242006 -0.06584479783928436 -2.0292978443503555 0.008303087653202547 0.9999627573660532 0.002354276172662541 -0.4080738621795393 0.06582320515227542 -0.0028958042535533754 0.9978270992417503 36.461425052756155
0.997744816843847 -0.006792248753367725 -0.06677683593967243 -2.0964099809468144 0.0071370659098944226 0.9999623951553941 0.004926516546148002 -0.4123471934923241 0.06674086268126522 -0.005391997028369974 0.9977557735320832 37.4295334610031
0.9977491019670691 -0.007327061334547134 -0.06665616022626838 -2.162335854236 0.00788122343795344 0.9999365029956763 0.008054582167504818 -0.4182368586409544 0.06659291134220945 -0.008561784216606833 0.9977434940955496 38.393280587325904
0.997750053471609 -0.0015954416377019455 -0.06702451315291774 -2.2445093991461262 0.00229178689582273 0.9999441849887476 0.010313807250811102 -0.4215674382814213 0.0670043171014314 -0.010444207636935097 0.9976980204533867 39.40548176593394
0.9977394315361597 -0.001548403658119939 -0.06718354861136681 -2.3136819766900496 0.0022204636106726346 0.9999482327600868 0.009929820810403224 -0.42966789129645944 0.06716469533362095 -0.01005655239555473 0.997691219493615 40.35537443703947
0.9977445572885624 -0.0013048522932445615 -0.06711256038586753 -2.3757586478271353 0.0018662595983226274 0.9999637867738819 0.008303144942937685 -0.43449844246543934 0.06709929564582351 -0.008409667135181766 0.9977108609324191 41.300788513632675
0.9977562428762565 0.0007215488704359042 -0.06694743586341767 -2.4485310123464985 -0.0003060233694877697 0.9999806287467897 0.006216790238270153 -0.44191795186880595 0.06695062472566038 -0.006182353790984253 0.9977371358982516 42.25340692575077
0.9976789386952101 -1.8424668007276405e-05 -0.06809357491373934 -2.5151547548019226 0.0004550112674783401 0.9999794414531274 0.006396064089109141 -0.4491615119607537 0.06809205716343078 -0.006412201776077134 0.9976584362494183 43.203611105315986
0.9975897131563908 -0.0025132842645221036 -0.06934297085327287 -2.58387075572333 0.003051819985986196 0.9999659939627378 0.0076614171587890065 -0.45321984094277046 0.06932135745443348 -0.007854573210145004 0.9975634591745834 44.18843018958791
0.9975387825380948 -0.001723691657219484 -0.07009569330199987 -2.6618917522652032 0.0023345087549098424 0.9999600093760882 0.008633059564317862 -0.461974597528517 0.07007800939874431 -0.008775450737063057 0.9975029143130713 45.1701007116364
0.9975142213761616 0.00047825978141192906 -0.07046381638751492 -2.738056747116544 -0.00011814767969701165 0.9999869129839043 0.005114675164793204 -0.4707570277323257 0.07046534036984274 -0.005093636078191907 0.9975012233967762 46.13673986695334
0.99746667517189 0.001391130658228743 -0.07112170327704985 -2.81176158432431 -0.0013228149954087817 0.999998617413126 0.001007636997223781 -0.48277147821987654 0.0711230066998364 -0.0009110034698071 0.9974671362960551 47.09843632742119
0.9974077556036147 0.0016821273930107722 -0.07193705240831268 -2.8815518445935293 -0.0017042099947542425 0.9999985176746405 -0.00024559480558181785 -0.4886693251962115 0.07193653265244639 0.0003675540075307899 0.9974091438191224 48.051546401277946
0.997405978091087 9.824151534244797e-05 -0.07198128379495214 -2.9612086460118676 0.00014032137838776763 0.9999945148344169 0.0033091707394651785 -0.49766447843873024 0.07198121406364041 -0.003310687191026809 0.9974004933687608 49.00204114186319
0.9973832031905618 -0.0012394123626559934 -0.07228561302453072 -3.0230152063259554 0.0017068276358545697 0.9999780322919162 0.006404816390956751 -0.5133240328978264 0.07227608686667046 -0.006511435369844746 0.9973634084307815 49.94081242170331
0.9973794263682304 -0.0028736128444993535 -0.07229123187913089 -3.0955589492520534 0.003396530589233727 0.9999689438996562 0.007111597299859636 -0.5255301768914512 0.07226855081803471 -0.007338500215906615 0.9973582119666147 50.891248108802515
0.9973560995718543 -0.006078787906043586 -0.07241449429784662 -3.161349825326373 0.006529176731787489 0.9999607770181007 0.0059845030331412315 -0.5351936669168323 0.07237527546078681 -0.006441487634223223 0.9973566697721702 51.83109622770442
0.9973048256381936 -0.008810279749777656 -0.07283861427501885 -3.227019363589129 0.009179495739183618 0.9999466533303569 0.004735752462419394 -0.5425527689695434 0.07279300527350704 -0.005391610533184409 0.997332496672554 52.76694273176918
0.9972188758184608 -0.010281415729618468 -0.07381602943780145 -3.298819151253104 0.010746400687841322 0.99992482112364 0.005904826255226047 -0.5500140240284075 0.07374977005811066 -0.006681660829663977 0.9972543942369636 53.701835874367426
0.9971072308842732 -0.013073531722387014 -0.07487491493553233 -3.3669239190327076 0.013870363526896752 0.9998524663453198 0.010132056000828138 -0.560652732267637 0.07473140661014908 -0.011141288591351533 0.9971414586479656 54.644941099085074
0.9970361453068192 -0.01409660918729153 -0.07563207362714927 -3.433051524426545 0.015279097653694928 0.9997695607502043 0.015078944665422662 -0.5617555510551091 0.07540208303893779 -0.016189842703208612 0.9970217725138373 55.58156947746418
