1.0 0.0 0.0 0.0 0.0 1.0 0.0 0.0 0.0 0.0 1.0 0.0
0.999991502239929 -0.0026116727482975296 -0.0031897669798564877 -0.005739492675168529 0.0026049571225867244 0.9999943858653777 -0.0021077087359034907 -0.007254715632396038 0.003195253717542159 0.002099381618886783 0.999992691448542 0.6690409294243261
0.9999745642578122 -0.0011550504795276933 -0.007038231012676715 -0.018562916464428578 0.0011295403502738547 0.999992783004796 -0.0036274063626882715 -0.0131579716933402 0.007042370055256066 0.003619364130991916 0.9999686521223015 1.3876945542108998
0.9999403903236757 -0.0014309994317520964 -0.01082441868929109 -0.03352998269026354 0.0013763147414484912 0.9999862624277658 -0.005057737980550543 -0.016202432572481294 0.010831507608233723 0.0050425386834169715 0.9999286230759471 2.1080675282834003
0.9998758309458107 0.00011045611602593657 -0.01575787072769681 -0.047915127912892215 -0.00019862486212217714 0.9999843350523602 -0.005593764211419362 -0.026572454792139166 0.01575700601600834 0.005596199543908567 0.9998601898826041 2.8352565042674933
0.9998039367939369 -0.0008847169852970216 -0.019781436934724412 -0.07052207520181282 0.000772546560882611 0.9999835849470191 -0.005677412114433173 -0.037849406932344606 0.019786135124319464 0.005661016901738671 0.9997882084444091 3.5576109303336283
0.9997057414242027 0.0008313001758107064 -0.024243339363714807 -0.09622443956108465 -0.000998134717880041 0.999975900537314 -0.00687037638494688 -0.04856369445514852 0.024237043767165945 0.0068925528364729635 0.9996824788025573 4.289150245883689
