1.0 0.0 0.0 0.0 0.0 1.0 0.0 0.0 0.0 0.0 1.0 0.0
0.9990499837387424 -0.00034465489018185034 0.04357764569850982 0.04563484030064265 0.0004459691070692384 0.9999972204481492 -0.002315212200024997 -0.01841863555433382 -0.04357672662297751 0.002332446994527039 0.9990473605329449 0.6043767893846084
0.996039251000238 -0.004747253147894891 0.08878780352297345 0.0847489081587059 0.005409425109196348 0.9999593128303177 -0.0072187813311442115 -0.03013193060173813 -0.08874992161614753 0.007670480523974935 0.9960244048926005 1.1027027807987975
0.9910178848004917 -0.004527766556467345 0.13365272662975836 0.15670098503691005 0.006064851242216776 0.9999200482365057 -0.011095707012790241 -0.04499505496204252 -0.13359180208743557 0.01180662799930747 0.9909661114035724 1.5932531138831556
0.9837513887641005 -0.002340441059409328 0.17952082731636088 0.2278820022063806 0.004821956990465118 0.9998987516117034 -0.013387877208088912 -0.056143467081449294 -0.17947131758441323 0.014035984504272826 0.9836630710276312 2.002941479183669
0.9742620844860135 -0.00500471691640765 0.22536269332246237 0.4420297095457683 0.008271411293310304 0.9998739362643491 -0.013553425192666836 -0.07600110894054007 -0.22526645220312871 0.01506865580677104 0.9741806614401627 2.9235733826498573
0.9627563538990296 -0.0058948917385463415 0.27030622130916065 0.5112607143592957 0.010258062638182502 0.9998388614378378 -0.014731711020746241 -0.08353757714071697 -0.2701758227117246 0.01695586653870753 0.9626616868931497 3.172223616704834
0.9492820105939777 -0.008207479858760582 0.3143187898249534 0.681901619654953 0.01436213126303538 0.9997477053172555 -0.01727005785934087 -0.10023523144610165 -0.3140977452135539 0.020908442965693812 0.9491603886933504 3.693112279233419
0.9342640600841767 -0.009997309279785456 0.35644174817520186 0.875390426243716 0.018085212818748617 0.9996488954466338 -0.019365198414303536 -0.10829973684156138 -0.3561229999765957 0.024538533768118122 0.9341168391845748 4.173548219679243
0.9170048845542 -0.009819173317282883 0.3987550946873318 1.2466901414798293 0.019485040958300413 0.9996061846059549 -0.020194278307942532 -0.1366426860920176 -0.398399767673867 0.026288011200743793 0.9168350809085124 5.032151325867051
0.8975686434659359 -0.010287369879695805 0.4407546940052686 1.6595412760377914 0.02063497830529417 0.9996123562284985 -0.01869050415716414 -0.16574483345356775 -0.440391562063875 0.025870974010795685 0.8974329862260876 5.860379302166703
0.8758202559259052 -0.010130575428974088 0.48253108786000504 2.129169910003971 0.021300381216365 0.999616875283411 -0.017674739281413658 -0.2020223581163834 -0.482167162994246 0.025757990801037127 0.8757004926571493 6.698947853172442
0.8519741768818896 -0.010533669722920731 0.5234778349926537 2.6161831316656854 0.022488208543735528 0.9996111786312368 -0.016485509757403496 -0.23089652579990633 -0.523100642709337 0.02581730732737998 0.8518797944777436 7.497128339782744
0.8265194122623616 -0.01099892099775666 0.5628007506128311 3.1533822137161556 0.024362554039426464 0.9995712135279906 -0.016243615572110605 -0.26463528698623134 -0.5623807670201367 0.02713692729591127 0.826432973726714 8.28196715399697
0.799311313802383 -0.012605695887316658 0.6007849199661269 3.6842255644542328 0.02768342787526607 0.9994909158538055 -0.015859916355223175 -0.288746482426698 -0.6002791446057277 0.029308796579118158 0.7992533659575667 8.986946022327974
0.7706584646233238 -0.011658300866572439 0.6371417541845193 4.241627529429357 0.028532442465334183 0.9994612017071878 -0.016223625026031745 -0.31264962947733665 -0.6366093233933858 0.030682084396717043 0.7705758749569628 9.664944631564392
