1.0 0.0 0.0 0.0 0.0 1.0 0.0 0.0 0.0 0.0 1.0 0.0
0.9990499837387424 -0.00034465489018185034 0.04357764569850982 0.04563484030064265 0.0004459691070692384 0.9999972204481492 -0.002315212200024997 -0.01841863555433382 -0.04357672662297751 0.002332446994527039 0.9990473605329449 0.6043767893846084
0.996039251000238 -0.004747253147894891 0.08878780352297345 0.0847489081587059 0.005409425109196348 0.9999593128303177 -0.0072187813311442115 -0.03013193060173813 -0.08874992161614753 0.007670480523974935 0.9960244048926005 1.1027027807987975
0.9910178848004917 -0.004527766556467345 0.13365272662975836 0.15670098503691005 0.006064851242216776 0.9999200482365057 -0.011095707012790241 -0.04499505496204252 -0.13359180208743557 0.01180662799930747 0.9909661114035724 1.5932531138831556
