1.0 0.0 0.0 0.0 0.0 1.0 0.0 0.0 0.0 0.0 1.0 0.0
0.9999971026284024 -0.0019191960584709325 -0.0014530730499979477 0.006483812255701388 0.0019235623691753717 0.99999362148016 0.00300946952255398 -0.02544594797342125 0.0014472880194969454 -0.0030122558796411535 0.9999944158203606 1.279970359150727
0.9999939508921001 -0.002258241937226289 -0.002645472086553001 -0.008305956526561225 0.0022685638958933915 0.9999898012130154 0.003905264114527853 -0.04476014791934122 0.002636626074747415 -0.0039112419136270535 0.9999888751329363 2.6143712876758007
0.9999911071636043 -0.0010343562428512345 -0.004088483933110297 -0.0200838652018517 0.0010492080335997955 0.9999928534183862 0.0036321171038725267 -0.061388783220406376 0.004084697811425104 -0.003636374474237275 0.9999850459004239 4.003741013081876
0.9999846077658061 -0.0006567123480944174 -0.005509352081534718 -0.03532826113090902 0.0006763694232323625 0.9999934100572315 0.0035668426532703035 -0.07969472385203775 0.005506973385605746 -0.0035705141088826285 0.999978462104624 5.411107398685254
0.999977516418498 -0.0006243998716177062 -0.006676584627802758 -0.05535279117824517 0.0006501439879537242 0.9999923604037843 0.003854406162157778 -0.09223837555428377 0.006674126930679339 -0.003858660242658514 0.9999702829438711 6.7273080018855005
0.9999647403167454 -0.0009666159874028095 -0.008341689085322764 -0.07317091729485804 0.0010018625612416437 0.9999905845695634 0.004222208383169832 -0.10903974017625817 0.008337529290604198 -0.004230416735431701 0.9999562936346637 8.157375339129072
0.999948229075478 -0.002371609380607686 -0.009895182553184022 -0.09314222196670273 0.0024045703734941874 0.9999915962988166 0.003320447720220733 -0.1211983019981816 0.009887224592065659 -0.0033440694803801166 0.999945528511017 9.481983556349391
0.9999318963234802 -0.003054637228815212 -0.011263742998139776 -0.10091593138172532 0.0030963501577393475 0.999988406621111 0.003687714613670746 -0.14152823042081142 0.011252347782951404 -0.0037223399591566255 0.9999297619606096 10.836725023367832
0.9999212665746772 -0.0025164280251879383 -0.012293422700235127 -0.12779656335458864 0.0025610887035303984 0.9999901735892519 0.0036185010142064005 -0.15441898293992257 0.012284196202652935 -0.0036497006632323138 0.9999178857329861 12.187270153078712
0.9999113314202398 -0.0018091500779943643 -0.013193038823483468 -0.16113584260641384 0.0018564610440435507 0.9999918875365545 0.003574690681726827 -0.1721041784221016 0.01318646464351271 -0.0035988660816093435 0.9999065782927592 13.620229164852075
0.9999030563376978 -0.0001707523189578531 -0.013922958384466609 -0.18858681564824764 0.00022734035780305707 0.9999917205965518 0.00406288748415054 -0.18615868273656025 0.013922149363217453 -0.004065658863299102 0.9998948165557803 15.067561944441863
0.9998948150804612 0.0012484100777170877 -0.01444992205817853 -0.2229953639359208 -0.001179545918195242 0.9999879122886641 0.004773253396310958 -0.1968011100465203 0.014455706369335394 -0.004755706975454562 0.999884201197583 16.508782110942022
0.999881322563526 0.0022193948876042457 -0.015245165625429002 -0.24538235873375397 -0.0021325974016088035 0.9999814389622428 0.005707342579892574 -0.21204471203213998 0.015257549506277931 -0.005674153446506196 0.9998674968043167 17.80846318984756
0.9998775982190845 0.0021704595188187558 -0.015494440458208808 -0.28026683948148184 -0.0020835506495705076 0.9999820203140611 0.005622976551356521 -0.22513422563198218 0.015506366316015695 -0.005590004837531116 0.9998641429962329 19.2013831274
0.9998678349908582 0.0028007969225306703 -0.016014621047457624 -0.30173244580021685 -0.0027084168591696885 0.9999795858164153 0.00578726434036834 -0.23550618077827104 0.016030503074198035 -0.005743125196885701 0.9998550092309196 20.486305732436435
0.9998668939942931 0.003342261116894288 -0.015969457875343516 -0.3452095345112185 -0.003243183214358796 0.9999753584991073 0.006226086830239367 -0.24059088369427126 0.01598987357185628 -0.006173466222966443 0.9998530953384859 21.905956499254454
0.999865766040579 0.004261353108587851 -0.015820580576275348 -0.37434341477442157 -0.004142170144957595 0.9999628546628949 0.007558552832523034 -0.25262536675581143 0.01585220257808608 -0.007492006681509847 0.9998462769392645 23.229697215489296
0.9998634290410208 0.004405346133121715 -0.015928471106128408 -0.39637054748778316 -0.00430821278167685 0.9999719474989859 0.006127276532926378 -0.26066961061290317 0.015955017046657572 -0.006057816482082298 0.9998543595396838 24.591671444317374
0.9998627414793142 0.004682642510685489 -0.015892484405743958 -0.4211508673771948 -0.004617843369678425 0.9999808849690262 0.004111595696843301 -0.27515262139879165 0.01591143375320921 -0.004037642341559462 0.9998652527817135 25.888812736910026
0.999877716545027 0.0027833185919865604 -0.015388472773997729 -0.46068243559089195 -0.002723443707818635 0.9999886454363436 0.003910479862691151 -0.2847634303914021 0.015399182155909547 -0.0038680920363535895 0.999873943581354 27.366960353616566
0.9998823325111499 0.0017884281053997368 -0.015235572092068092 -0.4782242940066299 -0.001689005282239236 0.9999772132456992 0.006536073019879865 -0.29622195355807635 0.015246914219518078 -0.006509570974839213 0.9998625691026278 28.6982327463732
0.999885702858116 0.00032062666671265456 -0.015115502587418173 -0.49599775955984726 -0.00020487747247486415 0.9999706517009608 0.007658574408883452 -0.3083836004173609 0.01511751451631279 -0.007654602229752268 0.9998564236026862 30.012451569730604
0.999890394215986 -0.0005297805382248763 -0.014795907784896832 -0.5289123912479192 0.0006344095976562752 0.9999748223369127 0.007067688216203417 -0.319039649457443 0.014791790934848555 -0.007076300222600043 0.9998655554103762 31.324038225688504
0.9998963559235433 -0.0005751014148647822 -0.014385641076399168 -0.5522535346610806 0.0006501005521183245 0.9999862199825644 0.005209339137908087 -0.327853680846791 0.014382446943705773 -0.005218151333970483 0.9998829512080744 32.609820485676885
0.9999033734090282 0.00011227635344506165 -0.013900763981289225 -0.5756894738138153 -5.0455515573433044e-05 0.999990108244587 0.004447568686323037 -0.3406229527261498 0.013901125835125847 -0.004446437562709169 0.9998934882743852 33.893410695964
0.9999113328478682 0.001047258148323828 -0.013275153210708338 -0.5950365628394991 -0.001001451789281381 0.999993524099458 0.0034567113650268173 -0.35377736784704317 0.013278687311280037 -0.003443110442338482 0.9999059063000741 35.10930918057714
0.9999251629233891 0.0015388000954190129 -0.01213674778915917 -0.6148946698727431 -0.0014840390339593344 0.9999886848122406 0.004519720747097576 -0.371914028745035 0.012143565406296195 -0.004501371096945326 0.9999161322218341 36.34330096784458
0.999942116940392 0.0019393513280300575 -0.010583084861712732 -0.6333167389238258 -0.0018714160054568493 0.9999776059726532 0.006425368109053435 -0.3817881233139849 0.010595308909996423 -0.006405190834690863 0.9999233535423977 37.46408653371536
0.999958972524647 0.0016348619014495938 -0.00890957316660814 -0.6504662336472307 -0.0015689352212791053 0.9999713776686348 0.007401505641787127 -0.3927955009159808 0.008921418593439869 -0.0073872234335491975 0.9999329163600054 38.66069199803985
0.999975628971137 0.002081444165037478 -0.0066640118519257895 -0.6621765930889718 -0.0020281916151273496 0.999966039570885 0.007987874792013058 -0.4020676023516687 0.006680411854600651 -0.00797416422632478 0.9999458909372779 39.67070238774179
0.9999935253519752 0.0017275343602897876 -0.0031567196832547515 -0.6799507285971309 -0.0017037743538421688 0.9999703176362035 0.007514053466819764 -0.4202624529555696 0.003169606769901788 -0.007508626477929749 0.9999667865091025 40.837398601048164
0.99999926817073 0.0010507039533470997 0.0005997326096205085 -0.6875163346885806 -0.001054184399870158 0.9999824332979094 0.005832820145031096 -0.43813632424868504 -0.0005935935071107808 -0.005833448105163764 0.9999828091172143 41.98735150297608
0.9999903093775719 0.0009629024624194122 0.004295808397844453 -0.6909866310742953 -0.0009802267238216268 0.9999913888184951 0.004032548131033509 -0.4510162985270099 -0.004291888455333363 -0.004036719919324142 0.9999826421422434 43.06617150809884
0.9999641233172856 0.0010921167272478992 0.008399961865437648 -0.68665477498565 -0.0011312425846482417 0.9999885277951839 0.004654521268479253 -0.4635666259901665 -0.008394782218819997 -0.004663856674268116 0.9999538869730059 44.21416491078491
0.9999057191144377 0.0012826314270283103 0.013671420513442554 -0.680237991420228 -0.0013453869687256076 0.999988597246964 0.0045820639407219395 -0.4799081864743612 -0.01366538752239973 -0.004600025290678659 0.9998960430720737 45.27947075993265
0.9997899362582817 0.0028126239086852757 0.020302032001828597 -0.6735860725588748 -0.0028873602346431663 0.9999891598587008 0.0036528503894967127 -0.49275892904649626 -0.020291537830594116 -0.0037107023379607425 0.9997872194525348 46.440698760808715
0.9996050278163873 0.004264612583992333 0.027777714875454242 -0.6562086782263854 -0.004371188705049133 0.9999833127582546 0.0037771569116496137 -0.5070121658069391 -0.027761143231115285 -0.0038970866732522757 0.999606988591999 47.57767250008122
0.9993287690652106 0.005455745250450475 0.0362249384039053 -0.6252427679249898 -0.005639332224957709 0.9999717593910229 0.004967731120190618 -0.5269641913067936 -0.03619681271412158 -0.005168681087875524 0.9993313141722081 48.68011716958725
0.9988819135926867 0.007765106005540988 0.046632883527919514 -0.5875088796688441 -0.008038786333436318 0.9999515329633746 0.005684156796441551 -0.5411990043654294 -0.04658648529017062 -0.006052673204783617 0.9988959227744333 49.779414025749304
0.9981732154454237 0.009959712098454908 0.059590570581709516 -0.5319785729173094 -0.010314072368991163 0.9999308917714214 0.005641949342286864 -0.5574875658019779 -0.059530260191814906 -0.006246264173860188 0.9982069586540494 50.823026842707854
0.997130548595432 0.012289343547673255 0.07469699520686406 -0.4834306176280734 -0.012789568603501545 0.9998988513470531 0.006222058323704255 -0.5665578168477704 -0.07461297469410759 -0.007159546774381931 0.9971868655860264 51.688022680104474
0.9957569459259524 0.014674008955923306 0.09084480228045827 -0.39853622852800363 -0.015418370311094118 0.9998530208440937 0.007497370598666438 -0.5756327463449235 -0.0907214335047915 -0.008866237652201686 0.9958368397145851 52.68930263862294
0.9939887997204728 0.014674991151335585 0.10849382777354666 -0.3070774435106547 -0.01566652505921409 0.999842886415032 0.008292314383193236 -0.5880812688362682 -0.10835509227912245 -0.009942188892239703 0.994062536693349 53.60003930165022
0.9917301674014499 0.014180728160007134 0.12755462365096157 -0.19062702507560114 -0.01525076394341458 0.9998561977290849 0.007416067818116183 -0.5986345151029906 -0.12743111576467162 -0.009300043633913239 0.9918038212889585 54.60183427261069
0.9889021028872407 0.013394493989888782 0.1479635713138275 -0.055847186825520256 -0.014520621273960015 0.9998732263307143 0.006533209382073704 -0.6070275636350053 -0.14785730439517025 -0.008609227477926478 0.988971232513479 55.58870587528992
0.9856188994489786 0.010766257244063469 0.16864006864898098 0.11207363824215805 -0.01197701613655457 0.9999092741389587 0.0061639739915801085 -0.6110660484210819 -0.16855840570390945 -0.008095134085292305 0.9856584259624119 56.55754918042073
0.9817371652014965 0.005473212411727812 0.19016356750970714 0.3190252997815187 -0.007177118557307201 0.9999400241761552 0.00827266703115329 -0.6240477051480205 -0.1901068842292091 -0.009486411149118724 0.981717566600585 57.574508745329275
0.9770355379213437 0.00015471681283531647 0.21307635650501347 0.5416646716551669 -0.0022450477581338144 0.999951702369772 0.009568316903344485 -0.6301453197710637 -0.2130645850424428 -0.0098269522491447 0.9769886967668493 58.55849664151338
0.9715604018711022 -0.004822261943427303 0.23674275343884335 0.7791856167643807 0.0027576503090684054 0.9999552339496403 0.009051268502136603 -0.6361362438058316 -0.23677580298845988 -0.00814100033618944 0.9715302070613645 59.502528638000335
0.9650888288477992 -0.010714403280954486 0.2617035612969566 1.0368056008318003 0.009178916148069219 0.9999327446164714 0.007088987383390503 -0.6431314720093925 -0.2617619145932517 -0.00443934748675797 0.9651222680377699 60.433119977313105
0.957650684306103 -0.01438530036266733 0.2875729993958445 1.3332134944437128 0.012709067763891708 0.9998896274369309 0.007694968525777406 -0.649771626891123 -0.2876519536603582 -0.0037143071380379236 0.9577278097026657 61.371435174832065
0.9489764549789297 -0.017158666081796226 0.31487976764776776 1.6413078082349426 0.014700083390350196 0.9998401114211702 0.010181313354442442 -0.6643683317241619 -0.31500411972534165 -0.005033067811773178 0.9490769583044714 62.34597880741297
0.9392596759760543 -0.021550534630438094 0.3425300505685517 1.9795757311396966 0.018201168050887374 0.99974995525013 0.012990167779882817 -0.6682035982352068 -0.34272434778833216 -0.005966693766930914 0.9394170639277085 63.28349416458001
0.9282417645010027 -0.024795242744257116 0.37115013481516274 2.3479905735605526 0.02160042681092456 0.9996852131172234 0.012763080990125275 -0.6807497157496105 -0.3713497653124993 -0.003830223495804396 0.9284851539956503 64.21810285086748
0.9161753086449168 -0.024319171854351177 0.40003922521385915 2.721557353803566 0.02259314436844091 0.9997039530340678 0.00903084246392612 -0.6894323881716609 -0.40014041742485285 0.0007643090865838524 0.9164535242851584 65.06562954746711
0.9030743468652339 -0.02543161951505778 0.42873063427141184 3.127664947827477 0.02647073148170001 0.9996433223992106 0.003539541989399624 -0.6941120481794353 -0.4286677319425294 0.008152343927498033 0.9034254340451889 65.92217555032111
0.8892048815241141 -0.02738304652393924 0.4566890051629764 3.574656962428843 0.030165299577304988 0.9995442050334414 0.0011987015807280515 -0.7038204630400152 -0.45651367271429666 0.012710269357327981 0.8896256042166114 66.73007544937661
0.8732895995100495 -0.027919639743307516 0.48640083172644355 4.041119035414596 0.029519656823958407 0.9995546255096249 0.004374983807008763 -0.7107360387723126 -0.48630634917567267 0.010537757774766465 0.8737248367835904 67.58520357081336
0.8555593686916853 -0.02695123585732365 0.5170027055341613 4.545267261382296 0.0253397729480161 0.9996270933718318 0.010176939811573605 -0.7216104516066789 -0.5170841929036574 0.004393754971342026 0.8559232631296029 68.43649192945057
0.835734559119774 -0.027169960119346498 0.5484610651267643 4.807374112474709 0.023326533252293304 0.9996302080671555 0.013975691970242602 -0.7279378287204773 -0.5486379676428759 0.0011137265061226084 0.8360592922000009 68.84943771468934
0.8146356860515174 -0.021006686885221865 0.5795924586444127 5.316804880718271 0.019473590582447384 0.9997710707119549 0.008864842767882528 -0.7263470546451403 -0.5796459939318142 0.004065128974361775 0.8148582677037913 69.57339039399687
0.7926371748097716 -0.014108695680590432 0.6095303551225086 5.848610683130708 0.016697765230979208 0.9998595604372142 0.001429698776929186 -0.7229011536152775 -0.6094649241308929 0.009044562371616159 0.7927614408796844 70.2827673209007
0.7702629035005207 -0.012035371884560704 0.6376128992692536 6.375290857558616 0.016049204906196185 0.9998710706546035 -0.0005148688151589793 -0.7325311250198004 -0.6375244956178762 0.01062976441969147 0.7703567521580874 70.91815996853978
0.7468184479097367 -0.014494454673754487 0.6648699998085321 6.919824687719902 0.017153297335960382 0.9998496713752715 0.0025296326346923898 -0.7393484335707672 -0.6648067164614063 0.0095155364784521 0.7469548074102829 71.53281781316659
0.7224638243052514 -0.01480117541089447 0.6912502786810879 7.526266117446376 0.017345696348902637 0.9998441724003698 0.003279898655695453 -0.754235880292397 -0.6911911091647541 0.00962060930896829 0.7226079811959752 72.15717009696698
0.6970704541359776 -0.013003098812176022 0.7168847197366797 8.162113765321727 0.018231210650149342 0.9998337144163564 0.0004080130164630649 -0.7635934107227361 -0.7167708175762271 0.012785262518711666 0.6971916036022211 72.77798924795154
0.6707288047729816 -0.01069866369412795 0.7416255180635053 8.848801372512291 0.01821739375496085 0.9998319431185271 -0.0020523363775871587 -0.7748170543843728 -0.7414789255350321 0.014887045206819171 0.6708109859509058 73.40810476940733
0.6440667514073274 -0.008453541725955274 0.7649225825950585 9.487672741095066 0.0164705065437087 0.9998603801895531 -0.0028182514788107843 -0.7885358674072075 -0.7647919600426023 0.014413804476667354 0.644116061043896 73.93140449132824
0.615801429952694 -0.006991289484074095 0.7878703705176135 10.230896751139955 0.01643149802179112 0.9998571102412545 -0.003970512910161602 -0.8015775759545986 -0.7877300329052949 0.015390937962309429 0.6158283155942605 74.52716313564724
0.5872122139967411 -0.000548691482884495 0.8094328351819542 10.539514412453883 0.015019960457677183 0.9998349764688533 -0.010218640681601214 -0.8098093125767125 -0.8092936528361601 0.01815815979625688 0.5871235514880315 74.74929365104185
0.5567598141445005 0.008728902237894935 0.8306276636493013 11.248923591231716 0.013897485011314645 0.9997069501726663 -0.01982104151725541 -0.8295862837635635 -0.8305572642895501 0.022579194896844842 0.5564753459890831 75.24780681270072
0.5256043817922522 0.01714340417781017 0.8505563694041537 12.002958609164338 0.012743216172615177 0.9995261135984252 -0.028020683011096434 -0.8531341180625216 -0.8506336722011204 0.025566617453753614 0.5251368429177407 75.73002603664388
0.4939936154222136 0.021862844014782043 0.8691906142922103 12.758214251521647 0.010549136410775596 0.9994595182678184 -0.031134981369021673 -0.8800887758486586 -0.8694015318844787 0.024549692369718386 0.4934959867734242 76.16243221352698
0.4608295635146219 0.021468445301942717 0.8872289553701656 13.561470331091751 0.008634065148422028 0.9995516157140025 -0.028670898879210403 -0.9122208290783155 -0.8874466554728443 0.020872790418308567 0.4604375748244465 76.60985422374918
0.42722567428299674 0.019979609653740033 0.903924243745856 14.585248640307551 0.0037613292991075494 0.9997078884412588 -0.02387446732858862 -0.9647289274184134 -0.9041371995639518 0.013599742144776262 0.4270257268341723 77.12014126942594
0.39273225537094925 0.021232144215147086 0.9194077287271788 15.595482412291416 -0.00045642558123764297 0.9997378335876825 -0.02289226439425146 -1.0032743871426988 -0.9196527427605157 0.008570889419121189 0.3926389850583214 77.56991633809712
0.3580230979413084 0.024050669059269395 0.9334029283531872 16.674730319399856 -0.007531271711376745 0.9997100696475429 -0.022870430510034463 -1.0425913691858524 -0.9336823556686291 0.0011584313128287513 0.35810042830186006 77.98443516943703
0.32183405865104187 0.026012889041038486 0.9464386764581906 17.70417394325309 -0.012331185819374615 0.9996528780670388 -0.02328229431508598 -1.074582466374006 -0.9467157865740321 -0.0041776759119193365 0.3220431127589736 78.35997801772442
0.2855522298919524 0.02535068633105162 0.9580278005915451 18.60048668019502 -0.014737805381260677 0.9996480319086448 -0.022059224685321652 -1.101943781869556 -0.9582498218608132 -0.007820166476376794 0.28582533810004296 78.64434684971
0.24944008900208883 0.024862706152609746 0.9680710138421633 19.551044594862354 -0.015487838316251917 0.9996449262432499 -0.02168290341300985 -1.1312575340734112 -0.968266372886574 -0.00958474198387541 0.24973658894559814 78.88966002214887
0.21340461661862 0.024167862648323782 0.9766649292469075 20.48767620279885 -0.014974391123366577 0.9996574549436396 -0.021464863989570437 -1.165572014221525 -0.9768491373883413 -0.010044261576556093 0.21369341495010377 79.09836728886286
0.17790985048426688 0.022850082619325657 0.9837814588743534 21.448469607769393 -0.012717578694451382 0.9997002646875656 -0.020919942059251816 -1.1942736809152057 -0.9839646072358591 -0.008789454357478528 0.17814712234353192 79.2807460306445
0.1435493026415887 0.02183819986156171 0.9894021885653558 22.364519648363196 -0.004352141785033139 0.9997607626973452 -0.021435396723795616 -1.225495411463494 -0.9896335971322917 -0.0012289823555144538 0.14361000323575313 79.40678192094812
0.1096755633638835 0.02538541467005175 0.9936432214446187 23.288175095047748 -0.002228031615288963 0.9996775814567848 -0.025293655485811854 -1.2551309780542919 -0.9939649423777174 0.000560227403239718 0.10969676143496838 79.51574829982101
0.07692181771693095 0.03047841257174807 0.9965711717314648 24.26265451683874 -0.0013575114589457888 0.9995349344851207 -0.030464272623266907 -1.2882354544509982 -0.9970362035160835 0.000990510440322842 0.07692741882648435 79.59806196355919
0.04773658369753274 0.034311078209047316 0.9982704886397356 25.219492195388963 0.005647597961043913 0.9993846103173759 -0.03461943526484852 -1.3271973598005342 -0.9988439934314877 0.007290443945291104 0.047513431921105596 79.64436387451356
0.022103002649185983 0.03252302918743429 0.9992265558152258 26.224439463596852 0.007546760156823085 0.9994368239882842 -0.032696808213476806 -1.3672340180913172 -0.9997272146365861 0.008263620797625397 0.02184511126745472 79.67372478016911
-0.00024200625726323067 0.02958180379698042 0.9995623333825077 27.213289009375274 0.009476791267945546 0.9995175443525793 -0.029578183829557098 -1.4056835986921592 -0.9999550649205375 0.009465485487198513 -0.0005222300798924898 79.68060930267234
-0.018944369076708985 0.027053057060450594 0.9994544726919603 28.185746663021625 0.009753326241331527 0.9995913035796821 -0.02687188931026418 -1.443508412349681 -0.9997729659815358 0.009238934546638083 -0.019200483872219624 79.65556734214141
-0.0353017165782125 0.030414384113716282 0.9989137870935658 29.152458275291593 0.011292285860973474 0.9994851277753485 -0.03003270943372091 -1.47640101212204 -0.9993129004904657 0.010219813837820753 -0.03562698862456297 79.61495155878426
-0.04978093178307194 0.03473491716375873 0.9981559719605101 30.07966746294588 0.014194388868576132 0.9993187315194616 -0.034067464815903635 -1.5096342283430664 -0.9986592903265149 0.012472303875473975 -0.05024005852485807 79.55762714742146
-0.061558993264594235 0.04001083015730894 0.9973011700676818 31.070488724390362 0.018740706696063727 0.9990663844634101 -0.038924867986194975 -1.5522110387017045 -0.9979274904825417 0.016293953029689758 -0.06225135206471135 79.48655381369052
-0.07028072663935588 0.043355628189109804 0.9965846220805167 32.02202729756527 0.024274296185829554 0.9988335182297762 -0.04174160281316023 -1.5991746419168302 -0.9972318576979617 0.021257760113822848 -0.07125117281291977 79.40793404176256
-0.07581448087949674 0.04878244843811857 0.9959279277203492 32.97667503409501 0.02831912722160139 0.9985049791945203 -0.046752898917165886 -1.6475834882716474 -0.9967197156284108 0.02465926292763957 -0.07708261301672721 79.3247763051929
-0.0791138659718622 0.05365623753017892 0.9954205163573261 33.951776053648594 0.030197291504374925 0.9982211303228099 -0.051407183961518506 -1.694764814486078 -0.9964081090581239 0.02599198243995229 -0.08059340576036803 79.23750008147195
-0.08209204761091926 0.05774451907122352 0.9949504843138045 35.056573241536896 0.032421701559654265 0.9979463956297945 -0.05524332283163398 -1.7643309290249034 -0.9960972487598908 0.027722950180972948 -0.08379563858722099 79.16109588864552
-0.08433755517522848 0.06090601891906821 0.9945740966094433 35.950157967832794 0.032753950285760974 0.9977602555784154 -0.05832367554239309 -1.8158547029061 -0.9958987677107266 0.027657354311771788 -0.08614357332227512 79.06996619112117
-0.08665354746515826 0.06430520082270126 0.9941609547044434 36.92329720037974 0.03389034268919538 0.9975272956331604 -0.061568978708464325 -1.8832320411865542 -0.9956618941107035 0.028357285024255326 -0.08861860415251954 78.98829504300588
-0.08853345313226477 0.06800326411798073 0.9937491553434256 37.884692834761644 0.03516371379234823 0.9972582997120942 -0.06511065110773821 -1.9494878236146354 -0.9954523298022905 0.02917944010162516 -0.09068196825471454 78.89236993340839
-0.09088390628416117 0.06937268354409858 0.9934422712751942 38.829096574853374 0.03763242704702884 0.9970974495704575 -0.06618516823759592 -2.019737238064421 -0.9951501977154422 0.031370477171690565 -0.09323077361546918 78.81128278095524
-0.092953573051615 0.06824255173681028 0.9933290428601096 39.78749932595259 0.03782360212830499 0.9971703284411428 -0.06496700084368029 -2.0839049952773636 -0.9949517618352056 0.03153236764076272 -0.09527172409477178 78.7211129639634
-0.09571640465658794 0.06783978814721968 0.9930942216243891 40.81450784964258 0.03716733696200325 0.9972227610637872 -0.0645395528297902 -2.159988103563901 -0.9947145112758593 0.030733173615120072 -0.09797200159624171 78.63628386298522
-0.09807617947707446 0.06944698005415903 0.9927528292483142 42.0227735306962 0.037192767406152544 0.9971210405329296 -0.06607820048396582 -2.239507518052826 -0.9944836655631176 0.03044252761984507 -0.10037674750789062 78.52844680460046
-0.10052765197943293 0.07150217176564566 0.9923616430617885 42.9818363903511 0.03615841611161507 0.9970179384637365 -0.06817477044933735 -2.3175757497651777 -0.9942770037227068 0.02902877562552571 -0.1028132776147223 78.43283906359042
-0.1035285810399271 0.07388501683717567 0.9918784387185882 44.0391519135146 0.03467021701080328 0.9968991571156168 -0.07064026185254575 -2.394068016531289 -0.9940220364560762 0.027075354644828478 -0.10576916474367262 78.33825682859936
-0.10580801620337513 0.07751864598674053 0.9913604406226241 44.995894044366544 0.03246606552232978 0.9966945764547502 -0.07447063753712313 -2.4691943307482775 -0.9938564374680117 0.024305982598297613 -0.1079750013351499 78.23199868371714
-0.10813508697645696 0.08159915016260808 0.9907817023226303 45.99154198749886 0.029276873634565943 0.9964548256279459 -0.07887106664021541 -2.551891242307834 -0.9937050204335196 0.020478261047275632 -0.11014069724538864 78.13579962959668
-0.11093607264920635 0.08396349403859522 0.9902743657461782 47.016330653171444 0.027149226594790306 0.9963089203550316 -0.0814337443342503 -2.637841993599385 -0.9934566458987913 0.017851243369094372 -0.11280614269490409 78.03073438249183
-0.11389361655444924 0.08243812905637035 0.9900667649132701 48.021170442181855 0.025212743723097376 0.9964702518130278 -0.08007093608566225 -2.722017750135927 -0.9931729767075338 0.01584273112081876 -0.11557009218882018 77.92120968334832
-0.11697222007060126 0.07815671692037862 0.9900550627778122 49.0372773969371 0.022255257281017272 0.9968545324035057 -0.07606408317953461 -2.8096613748601253 -0.9928857956759741 0.013136545467349561 -0.11834368558598371 77.81011490245811
-0.11920998717451634 0.07677006150279171 0.9898966292571685 50.04527734982351 0.022494809459678647 0.9969591311925653 -0.07460880832139007 -2.887858244104796 -0.9926142062781622 0.013373420976819792 -0.12057441314869763 77.69023527148023
-0.12089842586435118 0.0772964291256715 0.989650864026267 51.04456784567761 0.021837975841169716 0.996929532476101 -0.07519714148917078 -2.9671985713471685 -0.9924246437058503 0.012520755624259155 -0.12221520872590118 77.56505844461466
-0.12208745697259972 0.08012619051324034 0.989279761464771 52.046347480853115 0.022969758211766493 0.9966971394327312 -0.07789224900016246 -3.0496831067912744 -0.9922535175335271 0.013213850326334108 -0.12352469834772775 77.4329863993397
-0.12287083613680276 0.08293414646821773 0.9889513056650595 53.12048220194284 0.023654230059931915 0.9964637698762092 -0.08062526108090398 -3.1397243974148448 -0.9921407334785303 0.013486388459515247 -0.12439807996510564 77.31368847589009
-0.12318586850878777 0.083623972747173 0.9888540200564038 54.0990414863322 0.022393055380795456 0.9964238319497714 -0.08147452481141128 -3.2204232231092673 -0.9921309353459601 0.012106952734412967 -0.12461793139447847 77.19036736432133
-0.12312569150858338 0.08219875016366536 0.9889810056629295 55.041220260035495 0.019380572053306594 0.9965728842280619 -0.0804169127002964 -3.307100631001279 -0.9922018229762638 0.009265629654394748 -0.1242967843095241 77.07912501841189
-0.12331981448232895 0.08135472093627333 0.9890266087105138 56.178533228831554 0.015674487750355345 0.9966692906851607 -0.08002896624910649 -3.413799932701256 -0.9922431827882766 0.005633328191958312 -0.12418426560427953 76.94825735291906
-0.12335406339948538 0.08247647060094018 0.98892942460018 57.2740697018356 0.011666520853964362 0.9965919364564881 -0.08166029929573819 -3.511250227637707 -0.9922941435552266 0.0014642360186519236 -0.12389587837729868 76.81754982684026
-0.12358713626158681 0.08248149285232724 0.9888999054947404 58.317973632196235 0.0074519614133503245 0.996588695115112 -0.08219149006953597 -3.6081219190444203 -0.9923057432171571 -0.002788566945351595 -0.12378019176200133 76.69546037837624
-0.12426786372619968 0.08161896527800229 0.98888616258489 59.38711051854699 0.003983289176459133 0.9966441913393028 -0.08175872599889772 -3.70836661014549 -0.9922407124545253 -0.006220962672681598 -0.12417595649384841 76.5804982732359
-0.12446622615353176 0.07672265446010323 0.9892531490168167 60.42614857624555 0.004363893296443136 0.9970387079134299 -0.07677741437176894 -3.793145817827095 -0.9922142485282076 -0.005239199835197786 -0.1244324547804636 76.45535795298485
-0.12483320145999045 0.06806038217303036 0.9898406216112295 61.45820172887802 0.0073544755127628115 0.9976805201466056 -0.0676719396051962 -3.875446617520284 -0.9921504843032546 -0.00116794625674392 -0.12504420177825187 76.32955964395443
-0.12447385744201618 0.06279575324617254 0.990233786632099 62.520655093084486 0.01272339159941499 0.9980142701327852 -0.06168980399977522 -3.9517107803545493 -0.992141307536237 0.004920364373600046 -0.12502566094493914 76.18620781853461
-0.12346758807259717 0.06537318466825223 0.9901929617109287 63.56222291404048 0.02127345373090559 0.9977727915589287 -0.0632210138408177 -4.022401539578671 -0.99212055460105 0.013259078061198883 -0.12458331343752689 76.03858263123175
-0.12211745152837199 0.07107606965102248 0.9899674339871861 64.63046873818935 0.026637151240189057 0.9973079830459655 -0.06831726814352952 -4.0969730909770234 -0.9921581477798905 0.018027181580913914 -0.12368197329532836 75.89829901411403
-0.12100476888447026 0.0768948282921187 0.9896691524389031 65.5531982186326 0.030394097473818812 0.9968146899614679 -0.073733796292977 -4.165799458167005 -0.9921864969580911 0.021157959706658593 -0.12295648008577728 75.77854471351627
-0.12032511286503224 0.0810733927231715 0.9894185020537908 66.66478685415869 0.03135423615355513 0.9964728289538783 -0.0778383776287853 -4.2630278952552505 -0.9922392751192851 0.021656549794681835 -0.12244269991202744 75.64632594235805
-0.12025909454201812 0.0781035488681027 0.9896653908438636 67.77739382277643 0.028143199140582793 0.9967679079811883 -0.0752442553351321 -4.3543888982823855 -0.9923435446064371 0.0188035441609753 -0.12206848981174237 75.51345270471246
-0.12002025256560254 0.07362282339667132 0.9900377865764454 68.88241604460546 0.027165233160893455 0.9971165786044085 -0.07085604264670267 -4.44189394569905 -0.9923997123545555 0.018390447176192138 -0.12167416476498623 75.38158284313124
-0.11975762228715657 0.07151582424110703 0.9902240144468509 70.06672423323913 0.02483965766737894 0.9973057669027001 -0.06902317516300584 -4.533323573432311 -0.9924923693969114 0.016330774192650655 -0.12121139592948786 75.24355293386793
-0.11968881413901784 0.07219336868510999 0.990183167544211 71.18698637075697 0.023123043402731157 0.9972848432356871 -0.06991613773775165 -4.6195979398549145 -0.9925421465276886 0.014527868744771674 -0.12103317064319268 75.12033152539217
-0.11927586444860137 0.07751506917809851 0.9898306330935355 72.2953273729842 0.02381473436805594 0.9968842251323254 -0.07519774005447065 -4.7019840024220745 -0.9925755017060505 0.014603278146913885 -0.12075022848983205 74.97979405392397
-0.11883940250397533 0.08026251692709555 0.9896641474707578 73.47660731494896 0.023048338586051712 0.9966818877390153 -0.07806400413387246 -4.79516007620596 -0.9926459441819733 0.013533034749050762 -0.1202949976913451 74.84452742132005
-0.11853737134753013 0.07916661105774571 0.9897886336423779 74.61305113943219 0.023238094397476157 0.9967647584143395 -0.07694158402304441 -4.888858105415294 -0.9926776327503265 0.013880348584729463 -0.11999355549518179 74.7107447458791
-0.11772406058498953 0.07250061375073774 0.990396237152153 75.65677137518549 0.024412558822520768 0.9972412116556248 -0.07009987694252023 -4.968494815191655 -0.9927462276589712 0.015925664236904866 -0.11916921031665574 74.57308464790846
-0.11782628917129301 0.07099619770845782 0.9904930618086427 76.7049255235676 0.023604829256360284 0.9973594211886356 -0.0686803975093779 -5.0491763065802715 -0.9927536338971014 0.015288063226269528 -0.11919101269344637 74.44429801861315
-0.11766379991899929 0.0740687071745155 0.9902873607221861 77.89008020597227 0.021428179415046572 0.9971717109625177 -0.07203757341166539 -5.139948187831193 -0.992822271766491 0.012743840613452262 -0.1189181702299578 74.31742047265452
-0.11740700259822887 0.0771659112210557 0.9900813188250343 79.05510366200829 0.02065012834779464 0.9969506642796536 -0.07525254275821319 -5.230666274180059 -0.9928691595271336 0.011610130825357888 -0.11864247520217848 74.18491008029203
-0.11733904179095009 0.07673104941035379 0.9901231717962987 80.16500422488363 0.0196264574042341 0.9969950587610652 -0.07493767394161245 -5.319234617305059 -0.9928979562076554 0.010639495401857747 -0.11849240353817174 74.05415083219546
-0.11726722699885224 0.0732848840548554 0.9903927116255761 81.29268128242899 0.019261614924756608 0.9972537478946178 -0.07151190460774805 -5.408806638637716 -0.9929135851938419 0.010690560284864809 -0.11835676684628624 73.93509765652057
-0.11656223170229625 0.07217223403893597 0.9905576281945461 82.4978685599858 0.019604370269101896 0.9973290946519713 -0.07035869261882609 -5.505725532189156 -0.992989886558232 0.011218092284707538 -0.11766579621351389 73.7961815465431
-0.1151209461987999 0.07277139232314353 0.9906823366779279 83.64896058223621 0.02127995925977479 0.9972647880008233 -0.07078210188721706 -5.593298934038783 -0.9931235225691692 0.012933177220693252 -0.11635463826931584 73.65632231846003
-0.11406522018186163 0.07294143589502111 0.9907919420718112 84.84438544145101 0.02386158611371666 0.9972145071010025 -0.0706671885349917 -5.684710609545445 -0.9931866643551961 0.015581198826651781 -0.11548799067489152 73.51797870710949
-0.1129352097757826 0.07218331571538658 0.9909768954547973 86.00321961840086 0.023632352871662526 0.9972706328642348 -0.06994852910758295 -5.778077993360262 -0.9933212724444443 0.015519463872784842 -0.11433282971418433 73.38905454714458
-0.11143625551006243 0.0729412378550535 0.9910910839968565 87.16759563095847 0.024642931918454593 0.9971988510857941 -0.07061994972832498 -5.866266931077163 -0.9934659968334895 0.016553767345893557 -0.11292159192244902 73.25695720867513
-0.1105717729999277 0.07095821416271768 0.9913318389209972 88.3151248618521 0.02441440961536561 0.9973409788669565 -0.06866519115119377 -5.954328620003048 -0.993568225950682 0.01661034965120939 -0.11201016322494817 73.13405295831927
-0.10967734760506599 0.07036260628938491 0.9914736421400611 89.44898186824653 0.022632303380209186 0.9974094370671756 -0.0682802584429904 -6.035303002823568 -0.9937095442160268 0.014950534622584229 -0.1109856893859553 73.01705259410546
-0.1084328047325108 0.06963344754003417 0.9916619937466221 90.59865063224727 0.023731078203849235 0.9974407720333883 -0.06744436383209147 -6.119952602002284 -0.9938204882095782 0.01622002679167751 -0.10980777725531932 72.89671605316396
-0.10678187832951773 0.07049001617858906 0.9917806148940185 91.89863035453689 0.021444774935649925 0.997415002822322 -0.06858158479432971 -6.214859107662844 -0.9940511818253521 0.013945241628794082 -0.10801749000757084 72.75953919697282
-0.10495091258862924 0.07309465383005037 0.99178751632004 93.09236592348633 0.021952474480255904 0.9972224461612882 -0.0711721977761336 -6.3071646219218245 -0.9942350802556744 0.014302603034312097 -0.10626401430134164 72.63096439039926
-0.10408797368782902 0.07207409093311223 0.9919531335449885 94.30521713564131 0.019351024935321776 0.9973287180087592 -0.0704341257413799 -6.395932681275593 -0.9943798225866788 0.011863964395009067 -0.10520463288905114 72.50794354121645
-0.10382279065087831 0.07074732240562652 0.9920764307823731 95.49458622011639 0.01616058634448329 0.9974552466003901 -0.06943966070159668 -6.490432519712253 -0.9944645109758651 0.008823117464098616 -0.10470190546379149 72.39874183287067
-0.10390368063720685 0.07154888823651606 0.9920104746131234 96.73110256139515 0.01371155337592662 0.9974173459305354 -0.0705027044935248 -6.592848934506875 -0.9944928448480966 0.0062765140803846455 -0.10461637977362188 72.28175687497236
-0.10414981914954008 0.07090640762896007 0.9920307941431399 97.94107633013301 0.011272337296512974 0.9974754254187284 -0.07011212518242324 -6.682103435909483 -0.9944977373443299 0.00388034056217296 -0.10468616610675066 72.16019851514824
-0.10519523232858138 0.06838590712482955 0.9920974401751297 99.08445939081838 0.009078603442877479 0.9976571836380596 -0.0678065107117101 -6.765943490892095 -0.9944101478036429 0.0018739375883383273 -0.10556962774895351 72.04751896301546
-0.10664204526172831 0.06692145051916226 0.9920428386127293 100.33301002752202 0.006990099837638421 0.9977582336638994 -0.06655558323800098 -6.858507314075692 -0.9942729065435987 -0.0001631450349672517 -0.10687076633505803 71.9247722810248
-0.10810828556914598 0.06632107834259382 0.9919244493199928 101.58769858198634 0.005259587455165041 0.9977964608261961 -0.06614045284478114 -6.9460430420423425 -0.994125211093202 -0.001933217573697148 -0.1082188862385472 71.79713239510545
-0.11002689856899302 0.06655016965197397 0.9916981176298448 102.94095693107195 0.005307330733986704 0.9977809963752197 -0.06636953753754064 -7.043662875533209 -0.9939144398949896 -0.0020391644761752537 -0.11013595224299298 71.6672913770728
-0.1124873710409602 0.06514528268442603 0.9915153470825628 104.37959694980668 0.004422903962994374 0.9978714790070419 -0.06506111976308206 -7.150742565116307 -0.9936433108901955 -0.00293317716114392 -0.11253607063921411 71.50878851431153
-0.11535873621166033 0.060411203010415575 0.9914851731268998 105.6475817867845 0.0019909495251963887 0.9981609763380693 -0.06058631393154883 -7.23888396192614 -0.9933219005436457 -0.005015163672185826 -0.11526686442210875 71.36794293433407
-0.1194123663713158 0.060514822588538256 0.9909988107988199 106.85577852621891 0.0016606568546512987 0.9981515405666308 -0.06075149614012974 -7.320746670631735 -0.992843355709458 -0.005608770946582136 -0.1192921318111774 71.22834660282828
-0.12499483659912158 0.06623398410947778 0.9899441146713988 108.03691351591995 -0.003585787529305429 0.9977325534366609 -0.06720784136205334 -7.406970307168043 -0.9921509123875043 -0.011950362410323233 -0.12447391649220581 71.09155199028058
-0.13213278422707536 0.0693741520266797 0.9888013725531408 109.23297838299224 -0.003000805965668436 0.9975152799971623 -0.07038651387681422 -7.494544973518426 -0.9912274827182513 -0.012267567108195505 -0.13159629288581293 70.93744468931067
-0.14131449627888748 0.06531648090767714 0.9878076586376907 110.47469017374664 -0.0007598842538995634 0.9978135880099097 -0.06608680775088079 -7.595542375203124 -0.9899644618456609 -0.010089643433671431 -0.14095589160449004 70.7750664390772
-0.15171616770826757 0.06326022638629457 0.9863976623114366 112.55142102258492 0.0016469487281692773 0.9979646220504989 -0.06374873093233312 -7.75210398673917 -0.9884227294107557 -0.008047166777901814 -0.15151155431532415 70.44920048670062
-0.16390311249453923 0.0643956177386673 0.9843723757454051 115.1752432923461 0.00266145271612811 0.9978923241352268 -0.06483691927772627 -7.9439931431794015 -0.9864728513162674 -0.008007112341063043 -0.16372904375191294 69.98727110244275
