1.0 0.0 0.0 0.0 0.0 1.0 0.0 0.0 0.0 0.0 1.0 0.0
0.9999985072416461 0.0008098257392180153 0.001526334416727546 -0.007780276441029784 -0.000802787714041108 0.9999890698597309 -0.004606049604188593 -0.0030119846919386194 -0.0015300478312038727 0.004604817405952298 0.999988227235847 0.9450080129616698
0.999996429418609 -0.001310326207887591 0.0023289901807412913 -0.006901034928780253 0.0013230257815961912 0.9999842206598882 -0.005459673435027484 -0.0014661661881355992 -0.002321799477624701 0.005462735254873317 0.9999823837301939 1.8936147790931228
0.9999930213513877 -0.0029505530562440848 0.002291611918638769 -0.005827916725717596 0.0029540551888800814 0.9999944718738784 -0.0015263615640162369 -0.001075078978231652 -0.002287095639541455 0.001533120460154377 0.9999962093604106 2.814445071226129
0.9999850202828904 -0.005209876442881133 0.0016782125245266043 -0.005438116569016542 0.005202277998863886 0.9999763397892821 0.004500684975941638 -0.0029069977187308024 -0.001701620830297695 -0.004491887028860142 0.9999884636521911 3.7428246640149396
0.999962931572157 -0.008598586163015955 0.00044698726486923867 -0.004425050128442234 0.008596559307240266 0.9999535689447947 0.0043542074645987906 0.0019802587461660057 -0.0004844065388349286 -0.004350203508441567 0.9999904204939865 4.713699012354203
0.9999358448016519 -0.011300243440552173 -0.0007815235064902788 -0.0001582088362431077 0.011301474860715628 0.9999348727663343 0.0015896200009535757 0.004258475837634525 0.0007635095150374298 -0.001598350386828787 0.9999984311633999 5.6176202534969795
