1.0 0.0 0.0 0.0 0.0 1.0 0.0 0.0 0.0 0.0 1.0 0.0
0.9999982695537649 0.0009709102797947393 0.001586890892390811 -0.010579306333331805 -0.000963559123865655 0.9999888327921501 -0.004626645092070597 -0.004214478672363619 -0.0015913652285312312 0.00462510802271208 0.9999880378946978 0.9449762250057266
0.9999964519570279 -0.001193153794675203 0.002381692124850443 -0.00965627238017202 0.0012063789986644386 0.9999838200142374 -0.005559168952717792 -0.002734469537230294 -0.0023750206455745923 0.005562022451908167 0.9999817114243527 1.8935830544941816
0.9999931881401374 -0.0029210750377642873 0.002256323103530132 -0.008660491802063349 0.0029248791474353166 0.9999943037182026 -0.0016845216292637184 -0.0013286397291406129 -0.002251389636796088 0.0016911096269338426 0.9999960356886084 2.814412443418288
0.9999860802509093 -0.004995750695813719 0.0016975804565636566 -0.00828152669961599 0.004988478405940251 0.9999784772027115 0.004261480322517746 -0.0033648283595936893 -0.0017188332131700213 -0.004252952660330962 0.9999894789476806 3.742791615146336
0.9999667511559021 -0.00813271515731748 0.0005962607480484492 -0.00774377427707866 0.008130201253891106 0.9999585283871436 0.004103819366016307 0.0020977058387353703 -0.0006296112141144319 -0.004098835198884545 0.9999914015328987 4.7136632767915625
0.999940725818965 -0.010867842005249232 -0.0006594382382195797 -0.002862868715980008 0.010868742299514395 0.9999399848385225 0.0013773750258031154 0.0035747218149097767 0.0006444295677648302 -0.001384460647300109 0.9999988339889442 5.617583074993579
