1.0 0.0 0.0 0.0 0.0 1.0 0.0 0.0 0.0 0.0 1.0 0.0
0.9999998702128114 -0.0004977818651506781 -0.00010857059952197986 -0.011033475272706084 0.0004979515488804772 0.9999986459228934 0.0015685013976551516 -0.016428173596753734 0.00010778968095779754 -0.00156855525698196 0.9999987640071314 1.228152663130824
0.9999986259051247 -0.001541587255576811 -0.0006096692515474492 -0.012035659874048327 0.0015425546624041105 0.9999975470058832 0.0015894990814293497 -0.034298967377815376 0.0006072174045056759 -0.0015904373454533214 0.999998550896987 2.433273901211524
0.9999954556677763 -0.0029143508779710145 -0.0007714938476238488 -0.015003359153105305 0.0029148203421921577 0.9999955670147234 0.0006080898572383248 -0.05511617449663356 0.0007697182403936 -0.0006103358598369285 0.999999517511868 3.6958636978503048
0.9999947747681627 -0.00315502616546643 -0.0007044474907186729 -0.017722160472180296 0.0031554387394045463 0.9999948502849187 0.0005853289711517708 -0.0720461199913758 0.0007025971347953625 -0.0005875487535742945 0.9999995805717764 4.953520490854643
0.999992912210626 -0.003649580380403053 -0.0009252521594742594 -0.01737094332700365 0.0036507785318283695 0.9999924953186897 0.0012965810470374735 -0.08654213721766871 0.000920513239000769 -0.0012999497478644443 0.9999987313922105 6.167635030321618
0.9999868283572433 -0.005078638643270487 -0.0007419848734714246 -0.02649695515097212 0.0050805151017231836 0.9999838444293905 0.002549361982429741 -0.10733451967280597 0.0007290255980026927 -0.00255309806849937 0.9999964750997529 7.41764361913053
0.999989237759194 -0.004540667377031961 -0.0009522108786163403 -0.03192215613814685 0.004543578137072959 0.9999849429757732 0.0030772909273571575 -0.12777862507944657 0.0009382235866304691 -0.0030815842533411493 0.999994811774037 8.683931686930038
0.9999930617920557 -0.003596673037603551 -0.0009696962464144225 -0.0487496396547988 0.003597846235337281 0.9999927946542787 0.0012108435042939947 -0.14565335490312828 0.00096533425123294 -0.0012143239211995737 0.9999987967728754 9.966322981713793
0.9999996095612312 -0.000669463351004262 -0.0005767982372398064 -0.07164554778486114 0.0006688093980153184 0.9999991342621873 -0.0011332117473518428 -0.1623597777225442 0.0005775563816174317 0.0011328255368202064 0.9999991915671381 11.249350632471472
0.9999958980540158 0.0028414785639169628 -0.00036038134392906893 -0.08381685702304047 -0.0028422410933511963 0.9999936852549591 -0.0021333344258337612 -0.18072377592082703 0.00035431724417199457 0.002134349965676163 0.9999976595020187 12.472477956629323
0.9999864947779423 0.00519499797357433 -0.000149190410300603 -0.09929183564497174 -0.005195306454669441 0.9999841980775318 -0.002147646636980671 -0.20720809263628767 0.00013803103287814082 0.0021483927224375384 0.9999976826753876 13.764624453260087
0.9999802942387743 0.006275920904537653 0.00015476089215401298 -0.10885032952088486 -0.006275727136812665 0.9999795604505824 -0.0012222642774050237 -0.23169320615936728 -0.00016242856284066318 0.0012212689546264076 0.9999992410592637 15.039523652205446
0.9999928773354584 0.0037524242810365867 0.00040569738150536403 -0.1104067357560023 -0.0037530808206747116 0.9999916289779357 0.001629833858947043 -0.25466442671614997 -0.0003995781572574252 -0.001631344865248735 0.9999985895246192 16.310939453360422
0.9999996492169725 -0.00037281846003267474 0.0007500482165644106 -0.11898889217077144 0.00037016495738712235 0.9999936840288637 0.0035348097947900496 -0.2760207482720533 -0.0007513613216258684 -0.003534530913272652 0.9999934712523819 17.540306474180674
0.9999960613526815 -0.002769343413571273 0.00045608790953411197 -0.12684580943156204 0.002768749793588789 0.9999953257984032 0.0012970759137458962 -0.29553405735980925 -0.0004596778263261041 -0.001295808011715944 0.9999990547885 18.815915081415817
0.9999926200660679 -0.0037916495981786574 0.0006190369332608924 -0.13489872598718447 0.0037921116930207245 0.9999925309012909 -0.0007470144164257626 -0.31346024296598246 -0.0006161998927012316 0.0007493563607017587 0.9999995293812581 20.101336689494687
0.9999981788989619 -0.001564278049754945 0.0010932670954860919 -0.14231740164599507 0.0015667701308967026 0.9999961680392419 -0.002282353651233507 -0.33899497606869083 -0.0010896926704112954 0.0022840623930671967 0.9999967978093077 21.425146805904433
0.9999973497915179 0.0013006697088876725 0.0018996495066765907 -0.15031324410437114 -0.0013000419744181452 0.9999990999508376 -0.00033164496024034066 -0.3575202452796282 -0.0019000791574527815 0.000329174457216697 0.999998140669958 22.712731007554186
0.999995702290905 0.0019150547246694742 0.0022199020520181573 -0.14963239541092505 -0.0019220371181606576 0.9999931994643916 0.003147506677731179 -0.37524655433631887 -0.0022138593079613533 -0.003151759884805759 0.999992582590788 23.981785836941434
0.999996450464652 -0.00047819299950761893 0.002621142794858732 -0.14762461949369668 0.0004647804813335181 0.9999868088954377 0.005115272644170816 -0.3891864107141342 -0.002623554306659296 -0.005114036231319918 0.9999834816616852 25.229784216791863
0.9999879904835396 -0.004275229837213629 0.002396100692854395 -0.1504279278402287 0.004267601027594123 0.9999858376049188 0.003179964002770536 -0.4057668659587113 -0.002409661835315867 -0.00316970021116146 0.9999920732337891 26.602050929698695
0.9999851191122554 -0.004895896856714521 0.00240660508097234 -0.15498723807793727 0.004893355327761938 0.9999874647884875 0.001060820215775412 -0.42624507149672397 -0.0024117685800288187 -0.0010490280560340702 0.9999965414502467 27.87617713723164
0.9999814010307416 -0.005182841449254594 0.003214925676622277 -0.16701178618041337 0.005187704231510293 0.9999854096265532 -0.0015060739760263456 -0.4438717109451146 -0.003207073027027701 0.0015227240481393695 0.9999936979771791 29.189881652721887
0.9999911980980568 -0.0016584715533647632 0.003853984758520855 -0.17158381194589709 0.001667640518309651 0.9999957841942471 -0.0023770925170921954 -0.4639361352090664 -0.0038500261705506768 0.0023834986552972006 0.9999897480637727 30.480714680793756
0.9999902983358425 -0.0007259299570998536 0.004344681793804822 -0.18116753199383775 0.0007452036901389606 0.9999898823793123 -0.004436193240797885 -0.4935390460706954 -0.004341417470393726 0.0044393878752461355 0.9999807217789962 31.851597269497255
0.9999889579253831 0.00042503233932302226 0.004680104145889 -0.1903376079396622 -0.00040664710898700713 0.9999922002152164 -0.003928631677796784 -0.5173188547155053 -0.0046817374375965354 0.003926685146731962 0.9999813310648981 33.17012609136033
0.9999899906177816 0.00029234304616278445 0.00446466121804427 -0.1928873157037295 -0.000280413168278583 0.9999963896560843 -0.0026724601498551593 -0.541665731514244 -0.004465426374223038 0.0026711814503826044 0.9999864622868437 34.44493609252922
0.9999907857368069 0.0014530458219793908 0.004039442947015986 -0.19345959653532557 -0.0014486502033231278 0.9999983556872223 -0.0010908874556407062 -0.5662784511399913 -0.004041021414368258 0.0010850256640700634 0.9999912463943064 35.78863423182243
0.999981297009695 0.004470866577537331 0.004173365890202543 -0.20088832019118186 -0.004466950370131825 0.9999895744995285 -0.0009472310402054841 -0.5847306048165674 -0.004177557324373609 0.0009285711058445846 0.9999908428433254 37.14026390485312
0.9999655587579044 0.006899241526541523 0.004613216269610465 -0.2140342441440179 -0.0068929021924407086 0.9999752794581447 -0.0013886583352308245 -0.6051527253224774 -0.00462268291765743 0.0013568120595739267 0.9999883948645001 38.51878326427633
0.9999491442630646 0.009003615618451172 0.004543544140822332 -0.22203417647800577 -0.00900025909511598 0.9999592090591739 -0.0007586527356866742 -0.6302850521256577 -0.004550189423002379 0.0007177210793652423 0.9999893902700511 39.81278496272967
0.9999455787815549 0.0095868121379762 0.004114912909426182 -0.22356076120194135 -0.009584942869635843 0.9999539511563498 -0.00047374781428173433 -0.6583173523123527 -0.004119265153741527 0.00043428082719804796 0.9999914214905835 41.05987734821806
0.9999530783233401 0.008936937569144699 0.003737953793324238 -0.22818193053784608 -0.008933886188885472 0.9999597457283145 -0.0008322262492713372 -0.6738262436826421 -0.0037452408787500544 0.0007987927460514382 0.9999926675235726 42.34628645682165
0.9999600842150579 0.00827932817554817 0.0033589732919327695 -0.23772487426635244 -0.008274955059195482 0.9999648989919016 -0.0013137362313933533 -0.6949016426014563 -0.0033697322419801103 0.001285888439544661 0.9999934956766169 43.615759896125866
0.9999667009144284 0.007694437818596699 0.002718949975626237 -0.24524186303585854 -0.007691768197184038 0.9999699269037676 -0.0009909541239191196 -0.7213368978483293 -0.0027264930432698 0.0009700075931006585 0.999995812651711 44.93233912834179
0.9999668855007405 0.007963751108507137 0.0016752821346700895 -0.2490915957817049 -0.007964099713850934 0.9999682657493097 0.00020151939596009375 -0.7445189036828183 -0.0016736241205341411 -0.0002148548367155857 0.9999985764088386 46.232656717616514
0.9999647615952222 0.008383458220424616 0.00043954075684152487 -0.25374624797475026 -0.008383376263276976 0.9999648412162356 -0.00018797291884578964 -0.7665989659219546 -0.00044110116623506223 0.00018428145943228855 0.9999998857350467 47.580748699875954
0.9999611845565676 0.008771550738591956 -0.0008302275993218869 -0.2589009311296437 -0.008771453810423371 0.9999615228205428 0.00012031821870408849 -0.7861229615597863 0.0008312510318654511 -0.00011303124545953303 0.9999996481227686 48.90743375688941
0.9999602134253307 0.008679628564483514 -0.002058060822672833 -0.2665249774167473 -0.008677276933654035 0.9999616917897106 0.0011488333550314395 -0.8079824902716132 0.002067953428849962 -0.0011309292831827922 0.9999972222799292 50.08748341483807
0.999969688444471 0.007295705424093049 -0.00271935187734807 -0.2736438733376383 -0.007290280517873838 0.9999714264395758 0.0019995285374495055 -0.8278120193419894 0.0027338621469789755 -0.0019796430906165573 0.9999943034892732 51.35050273936134
0.9999765308854717 0.005949507457137955 -0.003397210513813716 -0.2825249322785331 -0.005942021836792575 0.9999799054412107 0.0022093189628566135 -0.8504718276916708 0.003410286608011837 -0.0021890808130395688 0.9999917889015123 52.69441937330654
0.9999859336920219 0.003659019431408729 -0.003839790996425423 -0.28930986898763505 -0.003653088614756759 0.99999212549915 0.0015504461506812648 -0.8724936640652879 0.003845433872580466 -0.0015363972448561138 0.999991426024163 54.0268572836947
0.9999882133638759 0.0028832987169542298 -0.003906369392784764 -0.2963079192538867 -0.0028763199706126645 0.9999942596311562 0.001790946164279677 -0.8943062173584947 0.00391151080156101 -0.0017796890867518625 0.9999907663523724 55.405668849450414
0.9999918873644169 0.0017940341971001898 -0.0036064728824339153 -0.2984417297381697 -0.001785102964611362 0.999995336102195 0.002478140686984194 -0.9176669629195401 0.0036109019313504092 -0.002471682657297643 0.999990426040212 56.76772619193462
0.9999944344317238 0.00023137476639320943 -0.0033282985586100384 -0.30965373331585894 -0.0002210643570019009 0.9999951772589731 0.003097836236111563 -0.9315819411950823 0.0033289992682232795 -0.003097083226711709 0.9999896628662518 58.104804759300464
0.9999950199472074 -0.0015449262937319878 -0.002751959943756802 -0.32253106068188553 0.0015520747022087522 0.9999954224572736 0.0025973310567654964 -0.9495204092644955 0.0027479346614992235 -0.0026015893693299365 0.9999928402682945 59.46416128781577
0.9999917292706267 -0.0034037637915064764 -0.0022261586632928983 -0.33736615043248164 0.0034076683314777203 0.9999926582411302 0.0017525011788195352 -0.9708841781567753 0.002220177219315494 -0.001760072694734347 0.9999959864705584 60.838869707253465
0.9999954728372835 -0.0024818772217338634 -0.0017013495805256727 -0.34047111444647665 0.0024842229963682036 0.9999959648004411 0.001378048961426387 -0.9983235306267281 0.0016979225669125674 -0.001382269254527318 0.9999976031924606 62.17589931969533
0.999999324806635 -0.0008451474322978476 -0.0007975663564900024 -0.35588299321996114 0.0008460980513997046 0.9999989312498323 0.0011923159318004805 -1.0254064093899924 0.0007965578213423465 -0.00119298994609677 0.9999989711347841 63.57465133854304
0.9999977267159575 0.0021250829278369517 -0.00017488701544502325 -0.3776037773385323 -0.002124642808742708 0.9999946691403203 0.0024794321683592148 -1.044152891870302 0.0001801550821183534 -0.0024790549594659265 0.9999969109105563 64.8932117119648
0.9999835063427849 0.005732497032692163 0.00035428824537531487 -0.37275321824777446 -0.005733835066208582 0.9999759613535151 0.003898698571011312 -1.0731105490544959 -0.0003319304507759813 -0.00390066569757838 0.9999923372852876 66.16277391704496
0.999952632327401 0.009664257223501345 0.0011555231805837592 -0.3872008611261971 -0.009669098150051259 0.9999441794306053 0.0042598783807486175 -1.0878432613740399 -0.0011142901182097157 -0.004270849467271898 0.9999902590537376 67.47101165769811
0.9999009515564808 0.013965988892381067 0.0017430521229480364 -0.39548001460341037 -0.01397258480112204 0.99989503922093 0.003831111503326412 -1.1060443571010643 -0.0016893639101385526 -0.003855086981295733 0.9999911421377425 68.85266836920619
0.999855561465813 0.016772326836423868 0.002746863370688303 -0.42871356235996055 -0.016780985291364604 0.9998541958124382 0.003160007739587813 -1.1187954693156457 -0.002693462183892445 -0.0032056463865228254 0.9999912345079378 70.2218406475497
0.9998194014469287 0.018734920716278036 0.0031886103652583875 -0.42299606003889434 -0.018744611705724536 0.9998196918363024 0.0030369966024896013 -1.140551294273697 -0.0031311375422156743 -0.0030962173884751458 0.9999903046607882 71.4544028675358
0.9998105429729875 0.019123950665923387 0.0036266611350862215 -0.4289011574273224 -0.019136737542564623 0.9998106636848413 0.0035244940494871518 -1.170048680284396 -0.003558572226106114 -0.0035932287716207703 0.9999872125535942 72.81178401481472
0.9998286127616156 0.018127499743160424 0.0037601670503588235 -0.4325634992134419 -0.01813905626978267 0.9998307838103148 0.0030624145529054604 -1.1853301265923424 -0.003704016850197005 -0.0031300955758426824 0.9999882413112968 74.15454831791588
0.9998529557642405 0.01680779754742068 0.003400704503227437 -0.42442323951001676 -0.01681492093722598 0.9998564618596169 0.002077043919563094 -1.2028651108174724 -0.003365305838730166 -0.0021339210795799438 0.9999920605172018 75.54468474126753
0.9998652239593455 0.01615773153889344 0.002908887802271702 -0.42006812636772106 -0.0161640576322134 0.9998670101788432 0.002164531562257527 -1.2276584609058603 -0.0028735270299129322 -0.0022112592653452967 0.9999934265658303 76.86094279351066
0.9998675941348213 0.01602279020871035 0.0028397874873618716 -0.43350946543204677 -0.016029429302963517 0.9998688038967883 0.002330748855485662 -1.2475080288736276 -0.0028020698183691783 -0.0023759604234310835 0.9999932515856297 78.21273396225594
0.9998704293395858 0.015902107103507115 0.0024995043393875012 -0.44465326235499664 -0.015906579954885487 0.9998718980960253 0.0017799190966865208 -1.2669710769578097 -0.002470879684011792 -0.001819447037015763 0.9999952921719522 79.5193933886867
0.9998719425989981 0.01584763279809129 0.002225070336911473 -0.4736078444250111 -0.015852204387696144 0.9998722398809441 0.0020522016262271943 -1.2851924230759562 -0.0021922635238604653 -0.0020872110963783526 0.9999954187547474 80.87484524498684
