1.0 0.0 0.0 0.0 0.0 1.0 0.0 0.0 0.0 0.0 1.0 0.0
0.9999998573222317 -0.0004620405824330673 -0.0002680932979617495 -0.011139298539313598 0.00046248025496568 0.9999985445452191 0.0016422604716792195 -0.016367787888633765 0.00026733411677924007 -0.0016423842252219854 0.999998615552305 1.2281525141314238
0.9999987209406158 -0.0014548158952111799 -0.0006645508583259068 -0.01226462431897522 0.001455955159432769 0.9999974659080324 0.0017170824345351923 -0.03410837037600386 0.000662051135473764 -0.0017180477945357069 0.9999983049985982 2.4332755673888102
0.9999959744325633 -0.0027324541761237276 -0.0007647305689220625 -0.015211707537538866 0.002733058623403971 0.9999959527579282 0.0007904798061274601 -0.05650852642746817 0.0007625675240249245 -0.0007925666774736961 0.9999993951642334 3.695838320537078
0.9999948078426104 -0.0031368395710736235 -0.0007379195927392555 -0.017671425099004698 0.003137389892283588 0.9999948002682953 0.0007458022762859652 -0.0719162897025147 0.0007355762936628979 -0.0007481135454347768 0.999999449626668 4.953515216462605
0.999992854875087 -0.0036487210768608455 -0.0009884499359695395 -0.016663824637075907 0.003650120733918469 0.9999923330195545 0.001417928325243571 -0.08453640569500752 0.0009832687325774068 -0.0014215261555743284 0.9999985062218785 6.1676503367136375
0.9999867498928351 -0.005084941100904295 -0.0008021301415508874 -0.025866669396967558 0.005087042374582341 0.99998357686506 0.0026396969597690762 -0.10519990444606893 0.0007886942644946539 -0.0026437424535214866 0.9999961942863566 7.41766049940181
0.9999889360576486 -0.004611102871112397 -0.0009303185491726771 -0.03131074330830125 0.0046140591488265745 0.9999842319508883 0.0032009854362827256 -0.1255040830908697 0.0009155438067284394 -0.003205242565577503 0.9999944440843828 8.683950737574659
0.9999924819607017 -0.0037611535146968825 -0.0009432636500992556 -0.04812406796137231 0.0037624788867450585 0.9999919316313998 0.001407275640831313 -0.14315397164833168 0.0009379630597777356 -0.0014108140704458265 0.9999985649134487 9.966345332328144
0.9999993230621157 -0.0009121090715282837 -0.0007224488568790695 -0.07111302615411992 0.0009114770221774178 0.9999992020392955 -0.0008747173318617934 -0.15955506439056158 0.0007232461180075676 0.0008740582441985739 0.9999993564684122 11.249375258611765
0.999996417463121 0.002631746151926637 -0.0004888487642332247 -0.083238555037058 -0.0026326780639095056 0.9999946997646156 -0.001915580561683886 -0.17585576530347766 0.00048380485144868115 0.0019168606804628714 0.9999980457870893 12.472532275105873
0.9999865534587663 0.005178141671013029 -0.00028240129625543175 -0.09921514027378726 -0.005178676179609296 0.9999847357412407 -0.0019260315543083188 -0.20316996515845767 0.0002724237213588132 0.001927468120710449 0.9999981053241851 13.764655390742666
0.9999803253820972 0.006271769437339158 0.00011728955177863673 -0.10888860664985191 -0.0062716512358648 0.9999798504760946 -0.000982360719959287 -0.22737617402850446 -0.00012344832838900066 0.0009816057932239908 0.9999995106051687 15.039559048499347
0.9999922447485952 0.0038942905879641846 0.0005873188925649477 -0.11034103065705883 -0.0038953446103642438 0.9999907853595247 0.001804296652032387 -0.2501179227447973 -0.0005802870251616908 -0.0018065704687420892 0.9999981997834345 16.310979097944315
0.999999667924373 -0.0001251381358025141 0.0008052897553170578 -0.11914562571900898 0.00012216148957555455 0.9999931646910375 0.0036953548916322035 -0.27385395584681044 -0.0008057466807341326 -0.003695255289099998 0.9999928479047412 17.540300901866523
0.9999968378443392 -0.0024585641001568775 0.000528927109396276 -0.12692323868703284 0.002457797490709182 0.9999959353531456 0.0014451673549414506 -0.29319309157251766 -0.0005324779960710806 -0.0014438627893762542 0.9999988158630135 18.81591264757863
0.9999936303543486 -0.0035150229772154024 0.0006195677518263733 -0.13494412283279944 0.0035153552274828056 0.999993677475841 -0.0005359906429341153 -0.31086855677659153 -0.0006176798151679616 0.0005381652295976414 0.9999996644248594 20.10133792796596
0.9999984040178761 -0.0013558791127584236 0.001163423195280119 -0.14231018109744475 0.0013583478214334458 0.9999968222297821 -0.002123775302387551 -0.33616562360040286 -0.0011605399156149913 0.0021253522462416925 0.9999970680081686 21.4251529011581
0.9999969015960741 0.001400517463392124 0.0020579963763120465 -0.1501574397895996 -0.0014002896632324222 0.9999990133077122 -0.0001121269919032151 -0.35442567221616317 -0.002058151381512326 0.00010924485343462645 0.9999978760369709 22.712741805502016
0.999994586755652 0.002137152226355023 0.002501807297356123 -0.14917808865952906 -0.0021455604256542336 0.9999920433536444 0.0033630045887765277 -0.37186439684982064 -0.0024946001386152088 -0.003368354162741926 0.9999912155416081 23.98180042405884
0.9999961820299216 -2.6223560628519434e-05 0.002763193424999556 -0.13893944497894567 1.174109946467522e-05 0.9999862653238165 0.005241090141721065 -0.38343074020903656 -0.0027632929134768264 -0.005241037688468035 0.9999824477140699 25.229782674139965
0.9999893976881279 -0.003905185738834491 0.0024400892769481835 -0.14221968938288124 0.0038970640315409933 0.9999868805985092 0.003324383070402207 -0.3988154967832775 -0.0024530395977933523 -0.003314838640102326 0.9999914971846121 26.602062255947335
0.999987058295577 -0.004454175453660612 0.0024583657957678562 -0.1472057504121123 0.00445122422492173 0.9999893676509487 0.0012046526292215135 -0.42024262452600364 -0.0024637053917349926 -0.0011936943015805768 0.9999962526178074 27.87617126004623
0.9999832587841613 -0.00490941889446317 0.003062638980703615 -0.15953789585461767 0.004913669350837574 0.9999869730679894 -0.0013818638982637716 -0.43605023271657445 -0.0030558149351812705 0.0013968895594729887 0.9999943553313896 29.18989607137673
0.9999919705401159 -0.0012543330321776527 0.00380598265083058 -0.16424334829906398 0.0012631535727416418 0.9999965202222981 -0.0023160281408310737 -0.45596950514271334 -0.0038030643362556636 0.0023208170849580495 0.999990075205606 30.480730868012287
0.9999911521037513 -0.00012369199765404487 0.004204808497389218 -0.1740956387009612 0.00014227052217889312 0.9999902287566589 -0.004418387749628929 -0.4865162044877742 -0.00420422089197417 0.004418946876491962 0.9999813985445908 31.851590847574954
0.9999900020740928 0.0008314171471999853 0.004393688357280776 -0.1836058505929224 -0.0008146157499499846 0.9999923551850827 -0.0038243917913497127 -0.5101615518491964 -0.004396834433258562 0.003820774387626583 0.9999830346211115 33.17011967816366
0.9999907143782951 0.0008055689909313468 0.004233463804738386 -0.18649234585728489 -0.00079445424027985 0.9999962352237066 -0.002626476893957782 -0.5344104464486318 -0.004235563675034512 0.0026230892122150237 0.9999875896246619 34.44493082878776
0.9999915216619478 0.001749382012711692 0.0037277696808840884 -0.18745003229625098 -0.0017458494774486607 0.9999980241156701 -0.0009506704787267462 -0.5589020349618242 -0.003729425401077017 0.0009441542938704757 0.9999925999520441 35.78863096198026
0.9999814084239579 0.004715761668767252 0.003865798535846762 -0.19531493793013116 -0.004712829959186662 0.9999886003076432 -0.0007671300653137089 -0.577102687098289 -0.0038693720694888216 0.0007488969519996838 0.9999922335264135 37.140261577366246
0.9999655050506597 0.00714749141427036 0.004231084406969738 -0.20895647633341713 -0.007142576906757972 0.9999738005569244 -0.0011754977132420897 -0.5972423594657752 -0.004239375414726679 0.0011452363187311322 0.9999903580184506 38.51878027678749
0.9999488803091068 0.009174679914126429 0.004249943180068531 -0.2173909224061718 -0.009172507263687395 0.9999577909871276 -0.0005304287363662159 -0.6220865351929948 -0.004254630308034666 0.0004914189863226009 0.9999908282721017 39.81278478041949
0.9999432500479749 0.00990431425948273 0.003924441684909767 -0.21922101560722534 -0.00990294225435852 0.9999508966243063 -0.000368883391285665 -0.649961809845167 -0.003927902518606868 0.00032999893778353374 0.9999922313110777 41.05988027719581
0.9999529372536168 0.00908816711424166 0.0033953639516458188 -0.2241929873659541 -0.009085902611782395 0.9999584899197226 -0.0006817706365659021 -0.6652598069672481 -0.003401419055293455 0.0006508886043700114 0.9999940033282387 42.346290603023746
0.9999613897047999 0.008318962328772956 0.002830894808003989 -0.23432001810837436 -0.00831591446657852 0.9999648316892212 -0.0010867158487107937 -0.6860418066188015 -0.0028398355984222455 0.0010631324112027232 0.999995402531058 43.615764354249926
0.9999661817022772 0.0078932593584804 0.002309092562942252 -0.2424608634362812 -0.0078913691223667 0.9999685210384724 -0.0008265745629377032 -0.7122377180383287 -0.002315544242509828 0.0008083247078400427 0.9999969924284924 44.93234466072754
0.9999655533630688 0.008187644079797936 0.0013618266079693288 -0.24677099270391753 -0.008188125641858588 0.9999664160384385 0.0003484160107894189 -0.7352407656632846 -0.0013589281661473146 -0.0003595548164005533 0.9999990120168 46.23266398358623
0.9999611370262046 0.00881006661091803 0.0003273584689730646 -0.25169249197556703 -0.00881004728665417 0.9999611889545981 -6.042612838148061e-05 -0.7571508263915624 -0.00032787812206322794 5.7539736448616614e-05 0.9999999445925579 47.5807577917656
0.9999559989375335 0.009349664570066649 -0.0007641735812865242 -0.25686509198699775 -0.009349504835542794 0.9999562698804504 0.00021233489941826318 -0.7765313855129059 0.0007661254239720504 -0.0002051809118661362 0.9999996854762662 48.90744488215438
0.9999557995701989 0.009188633036281204 -0.0019919660751093475 -0.2644065867214145 -0.009186231033686262 0.9999570715988969 0.0012116595057611145 -0.7983118726343459 0.002003014057755568 -0.001193307289315291 0.9999972819725065 50.08749653210026
0.9999654317615845 0.007897493907451217 -0.002600936724552467 -0.27141902616440844 -0.007892173572926363 0.9999667560289643 0.0020494958424125114 -0.8180754623761339 0.0026170361400176425 -0.0020288979508715638 0.9999945173324453 51.35051748570123
0.9999728136799254 0.006668261305844997 -0.0031474103967405794 -0.28005306389685436 -0.006661399258648101 0.9999754239553512 0.0021856910202494393 -0.8407596826177328 0.0031619078047005144 -0.002164665442072602 0.9999926582543304 52.69443531751296
0.9999833061203312 0.004487724239839751 -0.003639754359089153 -0.282844804309758 -0.0044824836191038 0.999988907123874 0.0014467099944909323 -0.8615008579163123 0.003646206419256718 -0.001430370703998512 0.9999923295797827 54.026908128265966
0.9999864445753133 0.0035656213258058274 -0.003794339228424912 -0.2894668740862827 -0.00355903073199811 0.9999921488300698 0.0017422911558098268 -0.8828186028088406 0.003800521788925306 -0.0017287633683940094 0.9999912836676883 55.40572928998165
0.9999903364475567 0.002859363186947797 -0.003339319341296063 -0.2913244867177381 -0.0028516685497778863 0.9999932734326288 0.002306745755646118 -0.9063584559368584 0.0033458927030364134 -0.002297200832346619 0.9999917639012628 56.76778395349025
0.9999949390490592 0.0012882213191208942 -0.002909013938966617 -0.30192841837517664 -0.0012798226382489764 0.9999950132224984 0.0028871411730735817 -0.9184854524543572 0.002912718709173343 -0.002883403539502005 0.9999916009916048 58.10488489341243
0.9999970756631438 -0.0008776762813877102 -0.0022535193586872195 -0.3258710748401576 0.0008833539609002148 0.999996435356534 0.0025197142714495297 -0.937718324655157 0.002251299832243714 -0.0025216975582100076 0.9999942863289236 59.46407385452896
0.9999932339803369 -0.003184401853165488 -0.0018416238429264649 -0.3448107295992896 0.003187625660285698 0.9999933878183102 0.0017502463579814303 -0.9579785174844994 0.0018360381780306342 -0.0017561049232007852 0.999996772524447 60.838748559026016
0.9999958396721813 -0.00255006695217613 -0.0013482569719953142 -0.34742201716545085 0.0025519732532275487 0.9999957439022464 0.0014140756389384719 -0.9854066535847918 0.001344645246128566 -0.001417510471653602 0.9999980912947923 62.175779456926
0.9999992517848809 -0.0010562361327816883 -0.0006170858160045059 -0.3625116978536964 0.001057010951685703 0.9999986517964049 0.0012566356775748312 -1.0124104876180575 0.0006157576800402513 -0.0012572870038090006 0.9999990200354559 63.57453651697766
0.9999983963134703 0.0017901710223413774 -5.155766159863075e-05 -0.38400368065093504 -0.00179003125152815 0.9999950330050323 0.002594176822758077 -1.0310124811978958 5.620142568838125e-05 -0.0025940803726884724 0.9999966337885454 64.8931026859417
0.9999843741173866 0.005568429813069757 0.0004940753686823312 -0.3787192228381241 -0.005570319390679119 0.9999768442796668 0.003909276962453846 -1.061557425790375 -0.0004722953936245389 -0.003911968034159882 0.9999922366914472 66.16262596153221
0.9999552266155777 0.009381929726152365 0.0012345682624771385 -0.39301734624395834 -0.009387135459008981 0.9999467773928417 0.004280662279506536 -1.0745725531855084 -0.0011943416828463624 -0.004292059679284326 0.9999900758365841 67.47088355978741
0.9999075909801359 0.013476431278956837 0.0017875402869065536 -0.40066568596959984 -0.01348341486200614 0.9999012766126916 0.003954055130504473 -1.0909048957575052 -0.001734077262633615 -0.003977791887418617 0.9999905850295544 68.85256726100388
0.9998637956818047 0.01627367062602929 0.0027491324308630055 -0.43443292454890725 -0.01628275370517922 0.9998619332982642 0.0033145546971633036 -1.1033638245490234 -0.0026948128958006394 -0.0033588666867776264 0.9999907279560345 70.2217291710924
0.9998305015651038 0.01814067861654696 0.003143870130420711 -0.4253876827684832 -0.018150467123987487 0.9998304190450845 0.0031134699803560826 -1.1252380426424418 -0.0030868565316245454 -0.0031700049635138994 0.9999902111447329 71.45426936678818
0.9998224217651142 0.01849857141212607 0.0035955238067765334 -0.43132319550262604 -0.018511390622078662 0.9998222925352305 0.003565356481328586 -1.1546702561432562 -0.0035289308538753645 -0.003631281497298198 0.999987180138685 72.8116517961138
0.9998433867672364 0.017308008400302017 0.0036925307079833 -0.43505311025516485 -0.017319821819483276 0.9998449065450158 0.0031916497515343057 -1.169800656242906 -0.0036367169199263867 -0.0032551038708761816 0.999988089223485 74.15441762371002
0.9998650457146914 0.016081069345495 0.003359995038054861 -0.4266222354187225 -0.016088344877411242 0.9998682634093708 0.002149647841170244 -1.184459250063667 -0.003324983767760374 -0.00220341449594287 0.9999920446921096 75.54458562111246
0.9998782702102659 0.01534438534163909 0.0028274723350888947 -0.4223117345857395 -0.015350705512151753 0.9998796902643281 0.0022272936934392253 -1.2091914992743797 -0.002792955709937148 -0.0022704262606080368 0.9999935222605196 76.86084496970054
0.9998868974819165 0.01483034392118644 0.002500628552699218 -0.43604111747310914 -0.014836640421612472 0.99988675921174 0.0025185023425675266 -1.2288813043630176 -0.0024629951236428095 -0.002555318420277292 0.9999937019815648 78.21263558013665
0.9998878659860205 0.014816427969253783 0.002174607124349293 -0.4476069970666593 -0.01482063704242141 0.9998883010856066 0.0019323741361166377 -1.2481403956003752 -0.0021457333408954867 -0.0019643865141501828 0.999995768498075 79.5192943607542
0.9998886115468363 0.014808289502537944 0.00186522409924286 -0.4770094375536755 -0.014812480611861654 0.9998877496286478 0.0022535662154115066 -1.2661516880021833 -0.0018316432662127667 -0.002280943789965584 0.9999957211800334 80.87473938356558
