1.0 0.0 0.0 0.0 0.0 1.0 0.0 0.0 0.0 0.0 1.0 0.0
0.9999998573222317 -0.0004620405824330673 -0.0002680932979617495 -0.011139298539313598 0.00046248025496568 0.9999985445452191 0.0016422604716792195 -0.016367787888633765 0.00026733411677924007 -0.0016423842252219854 0.999998615552305 1.2281525141314238
0.9999987209406158 -0.0014548158952111799 -0.0006645508583259068 -0.01226462431897522 0.001455955159432769 0.9999974659080324 0.0017170824345351923 -0.03410837037600386 0.000662051135473764 -0.0017180477945357069 0.9999983049985982 2.4332755673888102
0.9999959744325633 -0.0027324541761237276 -0.0007647305689220625 -0.015211707537538866 0.002733058623403971 0.9999959527579282 0.0007904798061274601 -0.05650852642746817 0.0007625675240249245 -0.0007925666774736961 0.9999993951642334 3.695838320537078
