1.0 0.0 0.0 0.0 0.0 1.0 0.0 0.0 0.0 0.0 1.0 0.0
0.9999983114191211 0.0008768557219462001 0.0016150179409839685 -0.00010479216907874616 -0.0008751838844673093 0.999999080794593 -0.0010355979612977715 -0.017984774749080015 -0.0016159245264487443 0.00103418277493178 0.999998159625263 1.200374265358231
0.9999940261450441 0.0013584815195355495 0.0031783961657083485 -0.009096269932219835 -0.0013567911251057866 0.9999989370152825 -0.000533934591428105 -0.04048204615460497 -0.0031791181273968937 0.0005296189820705857 0.9999948063423458 2.429883875319222
0.999991359045713 0.0006469340287583578 0.004106496106262576 -0.006865916361337736 -0.0006463113498872022 0.999999779442739 -0.00015295787833445829 -0.06607800721192515 -0.004106594154201499 0.00015030248159067603 0.999991556611163 3.6406786039876535
