1.0 0.0 0.0 0.0 0.0 1.0 0.0 0.0 0.0 0.0 1.0 0.0
0.9999742713520531 0.0006789240647799116 -0.007141127085045643 0.0019985083246195144 -0.0006843836616021252 0.9999994754013658 -0.0007621128505000315 0.004425968880272692 0.007140605922065845 0.0007669805130692291 0.9999742114114536 0.07143299974240441
0.9999046938316872 0.0019106274074121715 -0.013673066820200697 -0.0010822036916574252 -0.0019351000882114047 0.9999965491083082 -0.0017768396448472684 -0.0008999301378852846 0.013669624757403985 0.0018031290538788954 0.9999049405241515 -0.014366926778347278
0.9997879702484317 0.00225900944053616 -0.02046732573807209 -0.007615661043217162 -0.002317221896567286 0.9999933364931668 -0.002820895592897111 0.002407242588104916 0.02046081692413206 0.0028677248144697793 0.9997865427806006 0.06912780049275884
0.9995522027943067 0.0028194746788482647 -0.02979000590103998 -0.017830737579109013 -0.0029528891036089953 0.9999858035027924 -0.004435452492851306 0.004388034722222707 0.029777077341311565 0.004521432893440647 0.9995463382503084 0.17346788864811946
0.9991470706853333 0.002838762735997683 -0.04119554062086892 -0.03351394817151947 -0.0030847102526077464 0.9999777903375104 -0.005907909475214304 0.002355122246492023 0.04117785452854978 0.006029946752549407 0.9991336367266328 0.2776339807499084
0.9985004130800089 0.002796948224281598 -0.05467268202385384 -0.05197600034542307 -0.0031805581534947664 0.9999709240762891 -0.006930732417622657 0.00292417495298505 0.05465170746539383 0.007094228826527625 0.998480276614653 0.39520054895613105
0.9974596858824839 0.002688333567012501 -0.07118249715940145 -0.07394404806950533 -0.003191234811210156 0.9999707412149486 -0.006952174796849521 0.0023947331226001323 0.07116172468114755 0.0071616741519495925 0.9974390805276009 0.5298927266653286
0.9959449894907743 0.001175029598801939 -0.08995664074243183 -0.10564443478742688 -0.0018253124590166603 0.9999727944944247 -0.00714692279501521 0.002290166815121438 0.08994579558071612 0.007282140925091249 0.9959200390999767 0.7017013088469982
0.9939393140670736 -0.00011421486426759484 -0.1099301000947396 -0.1393289401780378 -0.0006841882358228143 0.999973664727339 -0.0072250770399552204 -0.0011175675325780154 0.10992803026677343 0.007256500998422504 0.993913060259763 0.8604833259488532
