1.0 0.0 0.0 0.0 0.0 1.0 0.0 0.0 0.0 0.0 1.0 0.0
0.9999789390306522 0.00032394385987927253 -0.0064820178576201065 -0.0046583086993382886 -0.0003207626568834821 0.9999998276185077 0.0004918071496421254 -0.0021469234227629234 0.006482176058146556 -0.0004897176024368476 0.9999788705618838 0.07141391790621235
0.9999071648639727 0.0008975660484747541 -0.013596176995021591 0.0028463202582586214 -0.000891101722528828 0.9999994870464748 0.00048150234352507067 -0.0006165235533621267 0.01359660220097048 -0.0004693420664494467 0.9999074517807202 -0.01426467899817338
0.9997762864048093 0.001132237865240115 -0.021120965414104968 -0.004303398572190177 -0.0011369356145749787 0.999999331551341 -0.0002104145400749826 -0.0010677513878038663 0.02112071305651424 0.00023438064527522633 0.9997769053872455 0.06924382909652506
0.9995349339309945 0.0015543721682963435 -0.0304548810328248 -0.014660973835406581 -0.0016094283772081727 0.9999971146686132 -0.0017833661278514625 0.0009974890482587649 0.030452021145725598 0.0018315516945354982 0.999534551592155 0.17356823055141327
0.9991224736058489 0.0016363744295173255 -0.04185218052210107 -0.030420743188018694 -0.0017742135594832208 0.9999931235203886 -0.003256543901265802 -0.0007677129112774523 0.04184656380126631 0.003327940904214976 0.9991185064382324 0.277727648288676
0.9984642936401292 0.0017021443604589592 -0.055372890752535445 -0.04896988490974753 -0.0019413521875322613 0.9999890142554706 -0.004266441146280701 0.00011841245362541824 0.05536502034136739 0.004367387428070757 0.9984566292281567 0.3952785448163886
0.9974213488267555 0.001539161860801599 -0.07175154273867346 -0.07102363403172114 -0.0018551252010615051 0.9999888737860345 -0.004337143602071644 -6.947470275502201e-05 0.07174406884963941 0.004459067716783175 0.997413106641373 0.5299576263902805
0.9958993958968497 6.015076785949769e-05 -0.0904676164943724 -0.10281817411479262 -0.0004664412868898831 0.9999899012988084 -0.004469869452626305 0.000263018370531074 0.09046643402286611 0.0044937381190678135 0.9958893666632369 0.7017485197249284
0.9938714717998347 -0.0011918362477546626 -0.11053541092693563 -0.1365897080934006 0.0006898597864407473 0.9999892763031972 -0.004579451067615596 -0.002739297492410944 0.11053968353448013 0.0044751318376302284 0.9938616360234116 0.8605202335278572
