1.0 0.0 0.0 0.0 0.0 1.0 0.0 0.0 0.0 0.0 1.0 0.0
0.9999305256769639 -0.0027234783086688683 0.011468499696677082 0.009922080993969086 0.0027109877007732972 0.9999957152722718 0.0011045283082215412 -0.004054560073986001 -0.011471458716167187 -0.0010733606102410259 0.9999336245631125 0.2119865413711495
0.9998190248584365 -0.00477565676676328 0.018414956789820223 0.017506357266121632 0.004754981784701526 0.999988014816536 0.001166349651861712 -0.006909105637055759 -0.018420306168791943 -0.0010785757874667002 0.9998297500049289 0.4278296075997052
0.9997695291274066 -0.007556184319122597 0.020094593971987804 0.027410644301014832 0.007561229959932171 0.9999713981568727 -0.00017512761622833308 -0.009180442278293727 -0.020092695933015752 0.00032702710038742897 0.9997980679234277 0.6618469825935998
