1.0 0.0 0.0 0.0 0.0 1.0 0.0 0.0 0.0 0.0 1.0 0.0
0.9999315119920685 -0.0026480461220914405 0.011399963903018485 0.009911446358866385 0.0026350462012211936 0.9999958609942822 0.0011552167857001652 -0.00404776997465553 -0.011402975785832214 -0.0011250982356270506 0.9999343509936979 0.21198716862219397
0.9998207325410118 -0.004609478142795748 0.018364517211335436 0.017478150295658572 0.004588512990841045 0.9999887722743833 0.0011835851067036269 -0.006893525643919504 -0.018369766729254545 -0.0010991071026143022 0.9998306574785003 0.4278309676577305
0.9997673470273459 -0.007376452882575394 0.02026918253835587 0.027397348724806987 0.007381768739020519 0.9999727368037008 -0.0001874555957363912 -0.009165769839121499 -0.02026724717828394 0.0003370344016619595 0.999794541443204 0.6618477022723334
