1.0 0.0 0.0 0.0 0.0 1.0 0.0 0.0 0.0 0.0 1.0 0.0
-0.4686529457029587 0.3888149073196986 0.7932133283864524 -0.08417210187518157 -0.23539810902894898 -0.920427141605389 0.31209230567530555 -0.036263246803373735 0.8514412174363741 -0.040457939172769464 0.5228871851636431 0.002289830204657417
-0.46327296640117893 0.3886314971581825 0.7964569781340621 -0.006082765292805811 -0.23275121785590086 -0.9205242821508316 0.3137864186947731 -0.004130964885607213 0.8551052737461319 -0.04000756662540363 0.5169084690970608 0.04444506823366081
-0.45743755543947184 0.38904805052820746 0.7996202206383738 0.0733698100635309 -0.2302020400152043 -0.9203713064940171 0.31610706881582795 0.029098474688899482 0.858928346048958 -0.03947496121211211 0.5105720554347879 0.09131792585317866
-0.45036331866864043 0.3899808001351543 0.8031736155550141 0.16240544514802596 -0.2267492526180728 -0.9200305445244256 0.3195756148069416 0.06354641981601555 0.863572612832826 -0.038193882599629386 0.502775864274581 0.13365596000468818
-0.4414182865590324 0.3912270934004888 0.8075216762915367 0.26229804661561895 -0.2229318375771598 -0.9195435188828723 0.3236373165674438 0.1034412408926608 0.86916701046793 -0.0371628614332964 0.49312029936348295 0.17348477353393504
-0.43015394002246904 0.3921173852526496 0.8131491524104121 0.36815199031725565 -0.2186235779979703 -0.9191765251285431 0.3275946379231238 0.14442087868809675 0.8758831651690261 -0.036857452913115187 0.48111350961934773 0.23257378110482335
