0.9990466730887045 -0.0007400052568602134 0.04364856678759293 0.031094054417610147 0.0008459899777670046 0.9999967387806953 -0.0024097155291620386 -0.027986663234239945 -0.04364664123788518 0.0024443445325457195 0.9990440410154386 0.9991247028793512
0.9961347151844658 -0.00495197232350947 0.08769895765897393 0.12706952744287475 0.005613102297032726 0.9999576471487469 -0.007293626762145126 -0.045852364257333945 -0.08765912552020096 0.007757698038054192 0.9961203219662694 1.9944552398008462
0.9911054140760625 -0.004426674277925717 0.1330054989237447 0.2859475853785047 0.005962023916965931 0.9999200909972876 -0.011147461181338999 -0.07107579371427813 -0.13294552440729482 0.011841291095699168 0.9910526077687585 2.9812554482357707
0.9838250563910754 -0.0031717576149965293 0.17910387592324567 0.49960005476280445 0.005149330268932354 0.9999307962335329 -0.010577671839984527 -0.10010704103712274 -0.17905793144923549 0.011328843604033738 0.9837733044191209 3.96302699144682
0.9743434270752134 -0.005515163962491887 0.22499882017867387 0.7280407782641725 0.008094628970078302 0.9999116520438448 -0.010543485608931712 -0.13498786562763965 -0.22492079294090422 0.012094257869576444 0.9743019890308238 4.934176507264257
0.9628034794744912 -0.0058356763021863624 0.27013960241680474 0.9950121135603314 0.009625923580417368 0.9998729159037484 -0.01270801468992747 -0.16359168324630352 -0.2700311121093959 0.014835663929583597 0.9627372962385594 5.894231149107963
0.9495243365013617 -0.008001031897029944 0.31359132303083836 1.3180205353019412 0.013725315250564378 0.9997769749509885 -0.016050423020059858 -0.19001677064345637 -0.3133929643641055 0.019544407037128335 0.9494223854747927 6.840128552140062
0.9340920885517973 -0.009858232201833038 0.3568960427950919 1.6607339561315069 0.017411537761707313 0.9996871408224504 -0.017957138608558236 -0.22052984467570816 -0.35660735895058865 0.022987730033412923 0.9339714962514636 7.7795024827187405
0.9170699115036226 -0.009542158832530288 0.3986122484565078 2.0636848874319105 0.0185878558465724 0.9996498208016241 -0.018834207875771943 -0.2534714141500296 -0.39829294373584495 0.024681632362862665 0.9169261409700022 8.693923516466702
0.8976763302692157 -0.009938411621864394 0.44054333958060105 2.5048519478633446 0.019819542433410515 0.9996445036733997 -0.017834012820799737 -0.27482226794278697 -0.44020948628138923 0.02474053859552373 0.8975541844021895 9.590958066467
0.8759063507231513 -0.009476542967884962 0.4823880801763555 2.9861810870305128 0.020277507216393636 0.9996467522891718 -0.01718119142551933 -0.29836768513488526 -0.4820548593925189 0.024830742459480835 0.8757890994782765 10.467127576351343
0.8521449909888085 -0.009686586058693172 0.5232160972133898 3.516302795751546 0.021239604822274074 0.9996450085281737 -0.01608527623950173 -0.3240304812635744 -0.5228745485483851 0.02481989071762762 0.8520482260442117 11.31446570345281
0.8264698044531359 -0.010027041886969767 0.5628917487032411 4.063092875561685 0.02285539846067253 0.9996146938598922 -0.01575101839874577 -0.36580181740321055 -0.5625169269350032 0.02588285630278647 0.8263805326005753 12.150824065851356
0.7993635287462111 -0.01155116176155413 0.6007366474357663 4.6685193485590375 0.02618115439756098 0.9995352003784085 -0.015618270035620793 -0.3900906832761154 -0.6002770161057451 0.028212654367373975 0.7992944076300869 12.946296733846498
0.7708513225052952 -0.010738974813276621 0.6369245740366734 5.314314263883118 0.02699107277542542 0.9995105784406723 -0.015814094208140072 -0.429984874653862 -0.6364430222590783 0.02938159296484876 0.7707639076997441 13.708660715558015
0.7403272163714888 -0.013958329429018892 0.6721017614462816 5.985806703870367 0.03194445555420131 0.99938544946974 -0.014431740972982271 -0.46115053153440205 -0.6714872779576609 0.03215413546834346 0.7403181391221584 14.449033365827715
0.708662924649623 -0.013243995749249655 0.7054228914655645 6.703267148383694 0.03239340168525162 0.9993802074913782 -0.013779274354885164 -0.4961337851360041 -0.7048031829910402 0.03261590794509812 0.708652718752011 15.144692549980633
0.6750819641857155 -0.012073258660565763 0.7376439371786857 7.468658750671823 0.033564272532194565 0.9993333761121282 -0.014361162826170218 -0.5311622383081335 -0.7369788200759518 0.03445344414786823 0.6750371685661533 15.786990717608367
0.6416662009748807 -0.014796530357637406 0.7668412803284922 8.274744189818371 0.03898599996927263 0.9991506661397243 -0.013343094054243936 -0.5801058162182726 -0.7659925445674137 0.03845788660236072 0.641698069675467 16.378215989693036
0.6043956838980635 -0.013057811901151383 0.7965772723557631 9.05938525782941 0.038759883273501904 0.9991635952586202 -0.013030017593693622 -0.6180496003074988 -0.7957408678294826 0.03875052848957808 0.6043962837474783 16.99581348925588
0.565778607784493 -0.00978913163430384 0.8244990842173742 9.864827444201557 0.04050166405052174 0.9990524598412682 -0.01593102929030692 -0.6248947576469769 -0.8235618872814484 0.04240702049137866 0.5656389859534655 17.593202184427017
0.527496635527986 -0.00807960981504021 0.8495186986829031 10.72668637675514 0.04525572746569578 0.9988022345721245 -0.018601487716860075 -0.6444512975525482 -0.8483508817925559 0.04825780889106477 0.5272304669144495 18.099607848481966
0.48896552274576255 -0.0071900841725554224 0.8722734779044679 11.59973068687225 0.04710270594063413 0.9987247492350281 -0.018171691129331723 -0.6716202607560313 -0.8710304544957284 0.04997177158177651 0.4886806415093054 18.586539477723882
0.45005300890396355 -0.007726656031469118 0.8929684137544069 12.47937131560078 0.051455494723695414 0.9985255486353614 -0.01729337402560004 -0.6954625513558572 -0.8915181553054489 0.05373106651668942 0.44978700653948556 19.066137196875832
0.41362574509717304 -0.00874640323433054 0.910404988685405 13.402340819363763 0.05590563358246071 0.9983108949830203 -0.01580876630049015 -0.7165011138863945 -0.9087289492068326 0.05743568044919776 0.41341606099036143 19.44779773962909
0.3787926613397475 -0.0066221343132106866 0.9254578688693994 14.335263498350853 0.057606464318394696 0.9982040667576757 -0.016435826026373123 -0.7528252008322828 -0.9236869680708323 0.05953812598304952 0.3784938527513258 19.803842851359686
0.34565128504921494 -0.00741678604383116 0.9383337255095374 15.275549550568153 0.05855480394779405 0.9981904623667854 -0.013679757842043007 -0.7700924506790539 -0.9365343154836689 0.05967237321207828 0.34546010449366976 20.142221679664416
0.3124289231811597 -0.008925854116389081 0.9498992036464475 16.22619148597486 0.06110405908841555 0.9980738429605968 -0.010719046635953685 -0.7884600927832087 -0.9479738719620822 0.06139163726565097 0.3123725419288048 20.451148106841103
0.27969323938130775 -0.008772541395561117 0.9600493395455539 17.185853361372246 0.06161185007107099 0.9980611291271506 -0.008829635114480159 -0.8128302388085344 -0.9581104695050628 0.06162000521663524 0.27969144281134517 20.731443750894954
0.2472425952374572 -0.00555554191602857 0.968937683782743 18.153023143679892 0.05883719313272203 0.9982243643218247 -0.009289950406190576 -0.8282374784385937 -0.9671655927526119 0.05930644508235136 0.24713045495686045 20.98518447522565
0.2162192276059436 -0.0038307272776832934 0.9763373244642521 19.128714060937998 0.058685877933557375 0.9982352042928122 -0.009079903174250545 -0.8431955166920205 -0.9745795059125032 0.05926046269655824 0.2160624544346691 21.20384676851808
0.18591862058027683 -0.0035448005773651104 0.9825587518873337 20.11316252518164 0.06076522750163912 0.9981208467994804 -0.007896981129558198 -0.8552339868736712 -0.9806843802407599 0.06117360193051629 0.18578465162290986 21.379295366618067
0.15450588811817584 -0.0032114751479506896 0.9879866481710108 21.09961910195196 0.062258279052258454 0.9980389569153061 -0.006492085093186493 -0.8625411623230856 -0.9860283146169115 0.06251341381479779 0.15440283633066867 21.565556038641684
0.12415194461604454 -0.003828629864511932 0.9922558320521053 22.087361830222346 0.06129681113537658 0.998112279075995 -0.003818285263768619 -0.8758487448852551 -0.9903681111549839 0.06129616587586947 0.12415226319415021 21.704795995868597
0.09506380195316377 -0.004699607412542043 0.9954600882247256 23.081907884077395 0.062448015183274634 0.9980474329420544 -0.0012517976848778136 -0.901510867451144 -0.9935105026912809 0.06228350735100219 0.09517166466012177 21.794202088661713
0.06778172848142942 -0.004120864655565518 0.9976916636709766 24.07892517106882 0.06537198451710974 0.9978609128646289 -0.00031971434607674275 -0.9047260410129218 -0.9955561967686039 0.06524275478134589 0.06790612655848324 21.866715701037737
0.04282568226324772 -0.0036884967760287875 0.9990757508468624 25.078451822069827 0.0695093052455852 0.997581055180328 0.0007034412400438753 -0.9164836972391873 -0.9966616363756388 0.06941493597803976 0.04297847414929138 21.889377782156895
0.01992031710984911 -0.003334629040687506 0.999796009801702 26.07792684141867 0.07375997285642043 0.9972742949929277 0.0018565965037897604 -0.9270393823194765 -0.9970770518723544 0.07370794255383044 0.02011198234928854 21.91576230417974
-0.0003406587695840519 -0.003482508262347303 0.9999938780251639 27.07786669572319 0.07965894082874866 0.9968160377410982 0.003498578022449374 -0.9315694061175263 -0.9968221190852694 0.07965964498000186 -6.21612053117373e-05 21.91672138871743
-0.017932055418917944 -0.004137175073057739 0.999830648245426 28.07758263642591 0.08417679020418382 0.9964349146213264 0.005632842489382604 -0.9366898438911575 -0.9962894706757552 0.08426354316075398 -0.01751987199217081 21.892320031769174
-0.03353139985484335 -0.0038635276299130213 0.9994301968512002 29.076739635638095 0.08714852438994013 0.9961722926410589 0.0067748115037785375 -0.9294713983176117 -0.9956308452033987 0.08732603579980382 -0.03306635073697588 21.853075759157505
-0.04775340462088066 -0.004427612823561088 0.9988493422893162 30.075372683091906 0.08963193307749102 0.9959369603257198 0.008699863789549038 -0.9286313058637896 -0.9948294974114459 0.08994424551826079 -0.0471625251470288 21.800896909275423
-0.06105388359245185 -0.005388520529529823 0.998119926233708 31.073640814571398 0.08997430261412165 0.9958846563279297 0.010880080868397167 -0.9268232983076108 -0.994070947250439 0.090469415478952 -0.06031779750218725 21.742538333278844
-0.07306507893624607 -0.004958880680463511 0.9973148468474926 32.07016063086859 0.089988938413103 0.9958758537144914 0.011544477108769864 -0.9221212550301454 -0.9932590222108865 0.0905908024626622 -0.07231750345419785 21.658633752596174
-0.08421693550198886 -0.0020645960593549087 0.996445304679472 33.06687238023782 0.09033962436501586 0.9958637900294876 0.009698658551138653 -0.92052445334781 -0.9923438214874138 0.09083528582668435 -0.08368208174121122 21.57802644414783
-0.09444782376232212 0.0013304869655847815 0.9955289239349081 34.06235746670548 0.09046256823873979 0.9958734561625511 0.007251417689372269 -0.9155208260328541 -0.9914111822721262 0.09074298383505365 -0.0941784399451296 21.483475834352877
-0.10374377783740327 0.0040100412100865365 0.9945959723071058 35.056234113029774 0.0915794151625943 0.9957823787352851 0.005537591423505506 -0.9107118015155011 -0.9903789372146921 0.09165900812135108 -0.10367346310271139 21.372853110937466
-0.11141940690813239 0.005062958446291193 0.9937605759014652 36.05125803508833 0.09116658577005964 0.9958223492759748 0.005148040550337039 -0.9089185218945554 -0.989582926996658 0.09117135040268236 -0.11141550817763564 21.272945576718346
-0.11711881079327086 0.005855852143999148 0.993100646034448 37.044444192295806 0.09112058751614042 0.9958279375822584 0.004874142117073254 -0.9063652639786601 -0.9889288258965281 0.09106276805770654 -0.11716377249211803 21.156730417362663
-0.12209073816875324 0.007706920059087305 0.9924890201088435 38.03687875101471 0.09235160096544955 0.995719847692558 0.0036285961784542223 -0.9019871855991812 -0.988213050638641 0.09210096793362575 -0.12227991762003193 21.03404402359341
-0.12657609092071523 0.009506840713029527 0.9919113434107346 39.028035103627985 0.09128516553882765 0.9958225695328909 0.0021044147542345925 -0.896993472904605 -0.9877476964082383 0.09081315977635675 -0.12691516163033525 20.901483588162186
-0.1304641076735147 0.010345358326977364 0.9913990569745565 40.018913058867305 0.0920985664124464 0.9957483941408638 0.0017290548463313581 -0.9029371770062813 -0.9871661312432309 0.09153201148765315 -0.1308622183798602 20.767088408987764
-0.13356879167387456 0.009499758905148422 0.9909940123287956 41.01047121986791 0.09176210885708146 0.9957769578709095 0.002822330855297985 -0.9002290669132113 -0.9867821914023803 0.09131267575807697 -0.13387644295027384 20.63749936797593
-0.1359158717439891 0.007666507151733849 0.9906907188806019 42.000529612822895 0.09189958015375664 0.9957562125624384 0.004902276090764905 -0.8942962108665876 -0.9864488547185996 0.09171035825575674 -0.1360436224634063 20.49702136143121
-0.1381313476866814 0.006587071261757782 0.9903920139411736 42.992794330725594 0.09229448709267433 0.9957121397983936 0.00624998483224889 -0.8957141819192911 -0.986104182345133 0.0922710417752813 -0.1381470101418878 20.37289523967959
-0.14002918570654665 0.00744935680162806 0.9901193535294638 43.981756675835996 0.0943723710695998 0.9955197405305621 0.005856773229534889 -0.8886034316366754 -0.9856397327264484 0.09426003022067457 -0.14010483208559996 20.224692754408824
-0.14113546251987077 0.007304241578537698 0.989963347439825 44.97278889724631 0.09427864032175673 0.9955271873756771 0.006095668540221747 -0.8854784942398896 -0.9854909026461808 0.09419271336379367 -0.14119282400597802 20.091202106253263
-0.14156768953336912 0.008759616919404184 0.989889821339531 45.96274641068878 0.09689295314281077 0.9952819984344234 0.005049675597900327 -0.8870080340170569 -0.9851752863888996 0.09662821898288436 -0.14174851810423594 19.9499796860153
-0.1417975117013522 0.009118396615269371 0.9898536864195995 46.95302255861833 0.09673909530596642 0.9952987274325892 0.004689414723516105 -0.8858822405439482 -0.9851573544945443 0.09642249744863818 -0.14201298838866533 19.810849409714752
-0.14096851396232063 0.010550021901556492 0.9899578653201008 47.94285024767349 0.09671464993193854 0.9953071180872118 0.003164991859207195 -0.8867890350570131 -0.9852787192260871 0.0961895925908981 -0.14132730704785726 19.668567589657385
-0.1397505765880615 0.010550100668919137 0.9901305326668699 48.93380340160259 0.09727063003861093 0.9952530644949398 0.0031244432016205945 -0.8856285419114381 -0.9853974836964002 0.09674726347191508 -0.14011340455323928 19.534472916344242
-0.13856670783290956 0.00948358899853364 0.9903076941133272 49.9248263158256 0.09585320036367528 0.9953879198589903 0.0038798168553409317 -0.880062688514327 -0.9857035210753745 0.09546177527417335 -0.13883665942795112 19.400794076909847
-0.13743979857910457 0.010417989452840951 0.9904553332999398 50.91691770328187 0.09751799128743063 0.995229046220494 0.0030638104230171145 -0.8819723089969861 -0.9856979979394302 0.09700830405075686 -0.1378000210573133 19.275360185293955
-0.13656450344026283 0.01121697130858736 0.9905676735866035 51.90837693345822 0.09719496114349235 0.9952630829071365 0.0021296315398149296 -0.8803847890156303 -0.9858515486260752 0.09656901861799519 -0.13700784180012351 19.14496464845449
-0.13576508447476587 0.011890053831128051 0.9906697070454167 52.898539929458096 0.09804281207663022 0.9951810795388388 0.0014919544281801725 -0.8780790694901373 -0.9858780091054203 0.09733059923683857 -0.13627657764462497 19.005077818705992
-0.13456695761027437 0.011741111193102045 0.9908349409601303 53.88963675634904 0.09829740969530121 0.9951558636999835 0.0015576234241424717 -0.8829425102582596 -0.986016913225483 0.09760611277726694 -0.13506921774335764 18.872120942578707
-0.13341828694741778 0.010335048477363783 0.9910059270665266 54.879141943706486 0.0998099122211638 0.9950018161455643 0.003060602788692265 -0.8778679124830902 -0.9860210657640238 0.09932055497225697 -0.1337829781010374 18.727610696296136
-0.13285304270210496 0.008509302782619434 0.9910992184493665 55.87049564217887 0.1012531336115791 0.9948479737709299 0.005031105018658133 -0.8772070402321878 -0.9859502380843722 0.10102029919786797 -0.1330301739130813 18.59653661335319
-0.1320065389770918 0.00945322648426707 0.9912037682415888 56.86257319436073 0.10348833584055069 0.9946213872673179 0.004296549241768119 -0.8873361296223149 -0.9858318507799617 0.10314520104915546 -0.13227482560293238 18.471306995504225
-0.13152488378717245 0.011342346548284532 0.9912479791250765 57.85459849520208 0.10557979088724984 0.9944073553312874 0.0026304788986206153 -0.8902820481055949 -0.985674445595997 0.10500172778488039 -0.13198683442379522 18.34521847613632
-0.13123334274722187 0.01110866341081028 0.9912892652241395 58.847145518740426 0.10425776391900955 0.9945467601815345 0.002657155437548486 -0.8854447757025363 -0.9858540096860181 0.10369830957945535 -0.1316758602643818 18.223470162035554
-0.13129545650917215 0.010902356799137475 0.9912833306962601 59.83891095386833 0.10449373034414894 0.9945213106902574 0.002902223577561371 -0.8871238607311338 -0.9858207562324973 0.10396394182193257 -0.13171535742666182 18.09536436232837
-0.13140987845860436 0.009745125491831642 0.9912802209126552 60.83201226430002 0.10390337323442271 0.9945793669685989 0.003996477304703547 -0.8867077658315767 -0.9858679084309439 0.10352253537026238 -0.1317101051419728 17.97821868070889
-0.1313361334574995 0.010028683036235693 0.9912871660447296 61.82507439221438 0.10563201115164798 0.9943975026617768 0.00393508831889944 -0.8877747204079571 -0.9856940185820814 0.1052284762627406 -0.13165967307771076 17.86065912909086
