1.0 0.0 0.0 0.0 0.0 1.0 0.0 0.0 0.0 0.0 1.0 0.0
0.999990610552192 -0.0027216014704277212 -0.003372194076643257 -0.0014410100559538706 0.0027142731667929468 0.9999939492239797 -0.0021758300955788744 -0.00559398848357144 0.0033780954146397334 0.002166656609840298 0.9999919470028269 0.8604235734413819
0.9999720493906072 -0.0012250009101107127 -0.007375622707206668 -0.015644608034147193 0.0011971096040356488 0.9999921211508132 -0.0037847806929282987 -0.00878431117177907 0.007380200955581102 0.003775845477222987 0.9999656372219934 1.7196276280538285
0.9999426548531529 -0.00211412021321408 -0.010498452312225707 -0.06715404195226753 0.0020641552949206545 0.9999865034759761 -0.004767822229317903 -0.02092048776011622 0.010508390368959869 0.00474587838192329 0.9999335229755213 2.5784363218055617
0.9998822686903792 -0.0006889087096828067 -0.015328866995621465 -0.08793514220088636 0.0006071125479361879 0.999985557266948 -0.005340100361021062 -0.02947864801335807 0.015332324446536743 0.005330165316513399 0.9998682459028112 3.4375728438282227
0.9998081943616092 -0.0016921457540323343 -0.019511820266835775 -0.11482540225404334 0.0015856711595113111 0.9999837761787788 -0.005471108315879869 -0.0413956448401049 0.019520761623258626 0.005439119595789999 0.9997946568389283 4.2975053413008695
0.9997141407840848 0.0002101054890298454 -0.023908002259112313 -0.14503386529674073 -0.0003681458234891131 0.9999781114283112 -0.006606143574026495 -0.05453856281741456 0.023906090960064696 0.006613056778183942 0.9996923358189045 5.156271780746354
0.9995836594806821 0.0029089872581154327 -0.028706192578241356 -0.18073043044521916 -0.003111605458783219 0.9999705449884863 -0.00701620031773128 -0.06999985172147946 0.028684936999683774 0.007102601534774758 0.9995632683531154 6.015930367218102
0.9994459884980106 0.002919670315136528 -0.03315405858238761 -0.21456219058969161 -0.0030930621000888475 0.99998180116397 -0.005179798037307242 -0.08303664606554345 0.03313833191454381 0.005279475931681963 0.999436830465942 6.874611181801154
0.9992827075571895 0.002096014741803792 -0.03781107112174323 -0.24776150279655965 -0.0021924894826604734 0.999994445902564 -0.00251020992989973 -0.09309150560529039 0.03780559967835197 0.002591309751049749 0.9992817529339431 7.73421810504979
0.999153909737447 0.0015220505078815494 -0.04109924596174745 -0.2926193298204078 -0.001519780834635758 0.9999988413940534 8.64682908709993e-05 -0.09728963564153673 0.04109932995302272 -2.3933284561377353e-05 0.9991550652949772 8.593635951639364
0.9990313395977076 0.0026870538693286234 -0.043922229487041886 -0.3388860620422004 -0.002707274770970375 0.9999962549632072 -0.00040090257471585755 -0.10712161017798023 0.04392098774986183 0.0005194237800416426 0.9990348727817328 9.451466810599376
0.9989361289908638 0.0022028140397409262 -0.046062542342492706 -0.3871527068407941 -0.002231120227910767 0.9999973524998838 -0.0005631125568157621 -0.11389866469031025 0.0460611799596604 0.0006652845476610525 0.9989383990503088 10.310517592104528
0.9988458707079199 -0.0007991445761719074 -0.04802382677050256 -0.4219968111161104 0.0007461527659694467 0.9999990928977989 -0.0011213650739996792 -0.12078616529256103 0.04802467934080039 0.001084237762543476 0.9988455609365678 11.170141233564362
0.9987509008782035 -0.0010366481229532618 -0.04995561385515707 -0.4701979280722092 0.0010246062476796706 0.9999994395372702 -0.0002666593002688468 -0.12741319916424457 0.049955862288760464 0.00021514138230846534 0.9987514032716908 12.028355715054367
0.998667931886388 -0.0022511017709991067 -0.051548951129783506 -0.5094589140953313 0.0022226574185679835 0.9999973443845145 -0.0006091124020372648 -0.13395280034292126 0.05155018540959759 0.0004937253641809949 0.9986702832364145 12.883300770803698
0.9985644354627202 9.245848812428504e-06 -0.05356368306541976 -0.5584173503980966 -0.00016693581907912527 0.9999956657312625 -0.002939498447231268 -0.1410418209453183 0.05356342372786452 0.002944220304808588 0.9985601089595686 13.745549980678764
0.9984812981994524 0.00039865713257216653 -0.05509027335588697 -0.6057711988691592 -0.0007076032449621905 0.9999841332677594 -0.0055886054052568055 -0.15071923243477933 0.055087171315864596 0.005619100036357905 0.9984657376551273 14.614931892063051
0.9983623611728548 0.0037357804743906866 -0.05708449647328892 -0.6628475006019542 -0.004158916207803876 0.9999647393463156 -0.007295442415066694 -0.15692911136666815 0.05705522946530171 0.007520904752903828 0.9983426950613496 15.494675261524145
0.9982953004031032 0.004377136594491437 -0.05820080642319912 -0.7220885422976346 -0.004789355154396957 0.9999644132585982 -0.006945091330750712 -0.16587835861813263 0.05816833563273559 0.007211996368591956 0.9982807379881155 16.38458296432433
0.9982054085456732 0.0033857866798256836 -0.059787112312971534 -0.7730946161678564 -0.003718472958099293 0.9999782124546565 -0.005454133739620273 -0.18046710948900108 0.0597673431651854 0.005666662558199197 0.9981962500562833 17.28474233081567
0.998105253094827 0.004489694387792205 -0.06136567761228577 -0.8266797557521668 -0.004738613538080957 0.99998112308575 -0.003911395390190667 -0.1968680086119694 0.061346958247719775 0.004194772516587469 0.99810768687416 18.18917297903828
0.9980414209359518 0.0037469857075341164 -0.06244423267406728 -0.8867723580127307 -0.003994553318400716 0.9999846478926672 -0.0038402503517877707 -0.20800397889162253 0.06242888466032342 0.004082165734691425 0.9980410664311273 19.100170696671196
0.9981185784218559 0.0034035688421154096 -0.06121861749721075 -1.0297169565418207 -0.0036929088478935904 0.999982537404155 -0.004613817398695569 -0.2147398229406609 0.06120184501609375 0.004831211637295484 0.9981137177500072 20.0040123540942
0.9962639541954017 0.0018215411150874707 -0.08634127378553157 -0.7604166743408158 -0.002739273011700385 0.9999409971013464 -0.010511836154168279 -0.17206825596848635 0.08631703165835487 0.010709075773882595 0.9962101614326965 20.88111678866663
0.9960306181940978 0.001380195968155107 -0.08900057684629122 -0.8064488575166199 -0.0021791485887939065 0.9999581940571403 -0.008880396917390778 -0.18908588371410676 0.08898459940524005 0.009039092712874328 0.9959919858470833 21.80851547154846
0.9960182518748197 0.0033162309469977444 -0.08908784734481982 -0.888106418302948 -0.003827838374299717 0.9999771472065278 -0.005572496574656097 -0.2051649076864621 0.08906733175305061 0.005891322177617836 0.9960081840714919 22.740955798087278
0.9960806968840179 0.003648499951329365 -0.08837382951504354 -0.9791717657354931 -0.003827681847509524 0.9999909479979642 -0.0018581640958447382 -0.21419857646107623 0.08836625004334556 0.002189148290543715 0.9960856456565561 23.673811088397027
0.9962253268300231 0.002174343089559396 -0.08677770689838518 -1.0689074404381256 -0.0020998053505376247 0.9999973439447686 0.0009502214994216095 -0.22244747319870867 0.08677954251955355 -0.0007644184305693916 0.9962272464977854 24.613508396177952
0.9963685960012697 0.002358817520418634 -0.08511202548620025 -1.1554267852422009 -0.002224812995913681 0.9999961318718946 0.0016692658210735122 -0.23003373887643588 0.0851156337554473 -0.0014738457020854823 0.9963699898477745 25.55639780518167
0.9964947426347861 0.00241720735570811 -0.08362048199951021 -1.2428242033114358 -0.0025239884458272506 0.9999961287821629 -0.0011712826358314442 -0.24131399008183022 0.08361732705340573 0.0013782341191469231 0.9964969859900008 26.50172770115002
0.9965555863963376 0.0028281880760129357 -0.08287921678236311 -1.3251390922344737 -0.003331199693930081 0.9999768595854936 -0.005931559839786063 -0.2515324692876915 0.0828605233561217 0.006187216315961745 0.996541946946243 27.451416558241355
0.9966573239156185 0.0018528400718520084 -0.08167463295923473 -1.406841341215162 -0.0025809524084086715 0.9999578593675755 -0.00881011768828688 -0.2657855559159322 0.08165486739945813 0.008991466659231888 0.996620106237724 28.40786249966749
0.9967065167563811 -0.0009202258580942721 -0.0810880548523127 -1.4838100174158917 0.0002877725138970928 0.9999694528240235 -0.007810928613369319 -0.28006711253097866 0.08109276565971724 0.007761868537472394 0.9966763350027252 29.374567687898306
0.9966771966247897 -0.0028200012670156747 -0.08140401292936453 -1.5628663475677653 0.0025993056813857426 0.9999926541460562 -0.002816960045971326 -0.2947577457768825 0.08141135877827385 0.002596005928328032 0.9966772052249889 30.348283552417232
0.996579957538213 -0.006635285058137457 -0.08236723393031112 -1.6411041042315495 0.006713987571587244 0.9999772307014095 0.0006785643876436437 -0.31115443940335963 0.08236085601802531 -0.0012292562535387952 0.9966018153330048 31.325850504436644
0.9964098779194503 -0.014127807055874696 -0.08347311095399366 -1.7126112681409695 0.014187519910213364 0.9998993446078808 0.00012219462870432 -0.32856102900837575 0.08346298259314155 -0.001306032358696755 0.9965100224363699 32.303703142642945
0.9960664304891373 -0.022764468882812878 -0.08563553590135181 -1.829705336303232 0.022073214953851256 0.9997157526140992 -0.009010391602246403 -0.19846698050785613 0.08581631100338286 0.00708469700892027 0.996285786225048 33.26852587773627
0.9959165474478181 -0.022936037443665357 -0.0873164858775261 -1.911128975149777 0.02190671373932 0.9996789878861391 -0.012728592698629412 -0.22639858125763732 0.0875803997065605 0.010763798833446352 0.9960992993782858 34.25059119862669
0.9957580616205468 -0.02139206107496518 -0.08948889562764631 -2.002335718704959 0.020271313538638144 0.9997045237278465 -0.01341413752342116 -0.2526937145886794 0.08974940983153602 0.011543178117139022 0.9958974839178211 35.25948817793635
0.9956241502794597 -0.021614459664445116 -0.09091406114412304 -2.0877291926353534 0.02059682830869824 0.9997144361138706 -0.012116801935629229 -0.27553063851174736 0.09114999749821855 0.010191239323033582 0.9957850252926759 36.31624606839484
0.9955705897581469 -0.01845517992095662 -0.09218789043415533 -2.1901204675251487 0.017669276800853114 0.9998003165498948 -0.009334006860118666 -0.29921477236495864 0.0923417428141223 0.007663769360767317 0.9956978804703941 37.35557997762659
0.9954458734149706 -0.018532778549372318 -0.0935096210041799 -2.2882751162906416 0.01787611853478226 0.999809351927144 -0.007855201153027085 -0.32660304155744335 0.09363737227857163 0.006147838503412245 0.9955873877236995 38.39714818578375
0.9953873346501659 -0.01644647158713018 -0.09451755175823941 -2.3801363973226866 0.016019651424191466 0.9998577739378947 -0.0052728231721947075 -0.35215509751988217 0.0945908282355383 0.003734363170817749 0.9955092313712732 39.42780981179318
0.9953565524666186 -0.01670359949846694 -0.09479621946871802 -2.4729015398517715 0.016581434981210275 0.9998603627095113 -0.002076317983434831 -0.3731490125546441 0.09481766436550942 0.0004948193602312433 0.9954945332235985 40.46132024859517
0.994973159027153 -0.010460368630942324 -0.09959414392237946 -2.476759540764245 0.010549381739839124 0.9999442863214744 0.00036714839551835535 -0.3985318615212233 0.09958475465870237 -0.001415959442210134 0.9950280758342571 41.486776290559696
0.9949458608126024 -0.010701781229706737 -0.09984090309277291 -2.580944751784738 0.010750243451072651 0.9999422130793263 -5.2609523635495435e-05 -0.4199942089559699 0.09983569661003824 -0.0010209703868416225 0.9950034127086488 42.50610267370386
0.9949533200588951 -0.01040234858422776 -0.09979820663575573 -2.677864142918853 0.010278316808640857 0.9999456332374462 -0.0017569214392567185 -0.43575103434377066 0.09981105703959833 0.0007222972343348033 0.9950061463022947 43.51384980273537
0.9948660509546005 -0.010662992290194824 -0.10063717629890288 -2.648796176704094 0.010425875992432675 0.9999414963956361 -0.00288182161944927 -0.4183934122471396 0.10066201750306611 0.0018177957737763248 0.9949190187400868 44.521194911321246
0.9947492417591708 -0.010648672093457974 -0.10178679581458472 -2.745648265825656 0.010413377547154328 0.9999417385330058 -0.002842728908997626 -0.4383351554394004 0.10181113685454227 0.001767858092620067 0.9948021748519401 45.51996782302325
0.9944937907878337 -0.012618718352498814 -0.10403301414254927 -2.8185291032755297 0.012517687133968967 0.9999203318726384 -0.0016240124778986935 -0.4578208372005038 0.10404521898318814 0.0003128176027921935 0.9945725184982178 46.51881909334516
0.9944110302794211 -0.011801931045988293 -0.10491623936362353 -2.922389957028076 0.01180525394058882 0.9999301418859098 -0.0005893449092970631 -0.47760181307052146 0.10491586552098585 -0.0006525117697349455 0.9944808873932032 47.510828927677196
0.9944045315235596 -0.009309313449943806 -0.10522815387765765 -3.029418470081708 0.008916313814740435 0.9999514093248381 -0.004204561478558719 -0.49622632716764575 0.10526218235133804 0.003242787745229401 0.9944392174961089 48.49388087191349
0.9943104883547387 -0.009361018060980393 -0.10610854861236323 -3.137296856103198 0.008523619926305182 0.9999288714349227 -0.008342659901580417 -0.5124648786166829 0.1061790970535732 0.007390765301614467 0.9943195542365365 49.46833394637579
0.994266198772463 -0.00829786448757598 -0.10661084102239414 -3.2475569872304715 0.007316691499115896 0.999927235188825 -0.009591160156045992 -0.533768180070935 0.10668266965193139 0.008756127715947798 0.9942545640948093 50.44639508550849
0.9942329456744359 -0.009624536928309476 -0.10680926001264653 -3.353316598188691 0.009035838610630875 0.9999412094953665 -0.00599426171817284 -0.5541210782951577 0.10686067263561527 0.004994581249607496 0.9942614599802234 51.424045281246606
0.9992890150712441 -0.017988207508714826 -0.0331344043037695 -4.278854237435986 0.017888084272484447 0.9998344975359604 -0.003315716826498231 -0.5578021581466985 0.03318856428052782 0.002720648385302358 0.9994454048487899 51.74356580816263
0.999245072416802 -0.019908915085552176 -0.03336046089093426 -4.3109510185610755 0.019831136742413585 0.9997998031836526 -0.002660746029398791 -0.5757933585927125 0.03340675479963543 0.0019971614971114517 0.9994398431520088 52.71546723906597
0.999171028244651 -0.02324290593893336 -0.03342190359689065 -4.3465279898501255 0.023126749365047567 0.9997250972389683 -0.0038579028424146275 -0.5925758284562321 0.03350238469620062 0.003081764762135511 0.9994338862304095 53.68009295767144
0.9989568036279547 -0.031105030574290864 -0.03343324032144518 -4.434877895007376 0.030814961612089308 0.9994831627604583 -0.009156718800770063 -0.5100420107831922 0.03370078079606658 0.008116922527864372 0.9993990058742366 54.63834588654753
0.9988753471061778 -0.032479409332978965 -0.03454169817615695 -4.46813975151026 0.03222230656918231 0.9994489156146283 -0.007974210688513643 -0.5326173420811353 0.03478166043870744 0.006852229281334762 0.9993714439841689 55.598514220689985
0.9987243974239357 -0.03546075424912347 -0.035945971933981614 -4.497775297639275 0.03534254725589837 0.9993675738453 -0.0039187625627558256 -0.5538256099921075 0.03606220103737295 0.0026433415674000527 0.9993460513764482 56.56215995181609
0.9987744883950881 -0.03845903731077504 -0.031151625643891172 -4.721120397920626 0.0384256637760147 0.9992600668227091 -0.001669495986044536 -0.5167415873802244 0.031192782730968108 0.00047042810627108194 0.9995132760513468 57.499230823116875
0.9988415476539941 -0.03627632250511382 -0.03161631075374616 -4.756651454087501 0.03631268422473867 0.9993403107201557 0.0005764842902081695 -0.5387885961697688 0.03157454108244286 -0.0017238895693815052 0.9994999132367076 58.45265208304835
0.9988373137416579 -0.035219505322921306 -0.032918188318259156 -4.79361334100783 0.03512780775100294 0.9993771798434625 -0.003359989692879155 -0.5577117898363517 0.033016023381931076 0.0021997392882801853 0.9994524017416276 59.395373331189234
0.9988662040716811 -0.03341050798471509 -0.03391230336666336 -4.837190240576117 0.033046092320061476 0.9993905087896413 -0.011250187712036928 -0.5721284620561742 0.03426750860222082 0.010116763187175746 0.9993614906312989 60.32156816803835
0.9986881376483046 -0.0362785727138585 -0.036136807861307574 -4.884286201634075 0.035491671828103706 0.9991237145406872 -0.022184324945017216 -0.463964779426134 0.0369099573476583 0.020872666438795554 0.9991005889520481 61.23150948734535
0.998812052381111 -0.03156496708758833 -0.03712326589876954 -4.930896832465287 0.03078889458295162 0.9992990477766917 -0.021294531761875894 -0.4947464463254641 0.03776940545721046 0.020126250653242195 0.9990837832965023 62.14361343560901
0.9988537181120748 -0.02904392484171716 -0.038048656263672244 -4.974634223699703 0.028333130577934244 0.9994162481142278 -0.019089178005725464 -0.5251431687643413 0.03858086994011557 0.017989258880488822 0.9990935406855532 63.04365214466775
0.9988782429846306 -0.026591383541996035 -0.03918104150298124 -5.0125359427985225 0.02591966606770025 0.9995099043316762 -0.017553405761357877 -0.5569634016558586 0.039628608389328634 0.016518155593359715 0.9990779368662484 63.92823001277982
0.9988534948158516 -0.02600006596635453 -0.040195677179311315 -5.055562981349164 0.02529633059838283 0.9995193978848852 -0.017918395857171913 -0.5823995800066993 0.040642238526138075 0.01688104918487652 0.9990311499778187 64.79859627164952
0.9988222166239656 -0.024169335422658204 -0.04207163894612965 -5.091472492843917 0.023463545215557845 0.9995768985215413 -0.01718970587224496 -0.611500784710764 0.04246930214053338 0.016182310319724794 0.998966711761915 65.65543541623497
0.9987847778898619 -0.023455827388619368 -0.043345029899783595 -5.13355537532226 0.022754516297208257 0.9996032081304272 -0.016602960080610223 -0.6422363841423806 0.04371726711012381 0.015596488607169166 0.9989221942171218 66.49998433284068
0.998718355231152 -0.023455582767191046 -0.044849554751775815 -5.173221188559621 0.0227539200621294 0.9996115795140866 -0.016091899302424325 -0.6740838826253447 0.045209579141895356 0.015050772020218787 0.9988641390176188 67.33020207809776
0.9986656895553576 -0.023475891804625833 -0.04599698912861853 -5.2162583010119565 0.022802717555005254 0.9996258569277943 -0.015105702018775945 -0.6987396000612793 0.046334399500019344 0.014036689971318345 0.9988273598363346 68.1483113646095
0.9986583575389459 -0.02094676593122769 -0.04735734277422678 -5.261486321603354 0.020374413993531605 0.9997138194939621 -0.012536441569053673 -0.7188911590878049 0.04760638793306444 0.01155474403941868 0.998799339065736 68.9543481780058
0.9986504758120803 -0.0200235294377933 -0.047919572506002345 -5.283834932929684 0.019638462387625875 0.9997710728236395 -0.008493099558995961 -0.7263564818738949 0.04807866424261372 0.007540571193420691 0.9988150889082142 69.7510293774299
0.9986217854538078 -0.016873158068908767 -0.049697345541079664 -5.3220451593393845 0.016555625178893054 0.9998398630081798 -0.00679408674661875 -0.7477392782115617 0.04980402485727271 0.005961952412272625 0.9987412148456931 70.52920810164116
0.9986137407021983 -0.013911235005337533 -0.0507648935918092 -5.375710204160467 0.013373927629290162 0.999851058895873 -0.010908624320634365 -0.7736029285110892 0.05090908504901595 0.010214576125738381 0.998651053919258 71.28349883179354
0.9985601626620079 -0.013667608877848162 -0.05187290248275369 -5.4166000578707285 0.012741118877015196 0.9997540970895497 -0.018149634773778373 -0.7997552150031308 0.05210820889442339 0.017462583434931782 0.9984887544412278 72.01588853212384
0.9984929106850017 -0.014416272907589423 -0.05295354933567673 -5.4657432064329905 0.01315457672064629 0.999623045066839 -0.024098234014163757 -0.8197363552186729 0.05328099495216534 0.0233653342958042 0.9983061638245824 72.72991773434674
0.9984908922322677 -0.013656487413514343 -0.05319246639077207 -5.511790163746951 0.012324474113132143 0.9996041977820076 -0.025289426929534814 -0.8403497549176377 0.05351677743515226 0.024595693283867435 0.9982639963480822 73.42638563223171
0.9984907824378941 -0.011028726456268071 -0.05380078604735953 -5.559915815433011 0.009868210129338006 0.9997138925308137 -0.021788793214229753 -0.86517251998106 0.05402569588079516 0.02122499172301504 0.9983139405572554 74.10423884933608
0.9984311424921658 -0.011048456640105021 -0.05489248862694301 -5.609086743430058 0.009995028865733585 0.9997612905689001 -0.019428362720028024 -0.8980983676581121 0.05509403869531162 0.01884923037897173 0.9983032372051898 74.76141848622332
0.998347756977848 -0.013927137357407837 -0.05574756481072883 -5.645312448129818 0.012679150480112075 0.9996624203609135 -0.02267784075399308 -0.9255525294504378 0.05604458297107029 0.021933539686714996 0.9981873193726775 75.39370962511107
0.9982288025888717 -0.02186011529310612 -0.055329856690203454 -5.676456359225252 0.02033745820778673 0.9994028409438369 -0.027934732986638344 -0.9494232821782913 0.05590747244897471 0.026759986411812216 0.9980772804004749 76.00666216563542
0.9982076309531344 -0.02559776291292447 -0.054095101818776865 -5.7058323886881235 0.023849638834554224 0.9991800283613217 -0.03271797138164517 -0.9724403911022894 0.05488825224391327 0.031369180061368435 0.9979996264066874 76.6022532820318
0.9984419362028537 -0.023085427400896915 -0.05080121133608543 -5.743830969060699 0.02142655503910106 0.9992269700630129 -0.03296005215177481 -0.9944957872461311 0.05152283736996701 0.031820203337019674 0.998164751876633 77.18501435794705
0.9988010988698651 -0.01815086549845534 -0.04546329264369419 -5.830400282037818 0.016833753453875305 0.999432178273626 -0.029188110180175284 -1.0372358518764702 0.04596726706041304 0.028387798662328677 0.9985395051003769 77.7494112082794
0.9989710342276515 -0.01978153010028709 -0.04081132001083943 -5.852141295873749 0.018731616426491373 0.9994877304089737 -0.025950015567828773 -1.0622128728821014 0.04130374462668614 0.02515885189771595 0.998829831778669 78.30544756616487
0.9991018105262995 -0.02366106303329727 -0.03515289887340797 -5.862197445820123 0.022910536928786914 0.9995041087997226 -0.02160193949875326 -1.0836837926543688 0.03564659171231388 0.020777165076291043 0.9991484523886779 78.84901046232561
0.9992399355375634 -0.028187243739665826 -0.026926390720744497 -5.867985354238307 0.027710887728482795 0.9994556392543889 -0.01790340369597854 -1.1074173894703803 0.027416380654363314 0.017143641764876944 0.9994770820878559 79.38042913059026
0.9995656663738752 -0.024496819795251434 -0.016382442628286035 -5.86789816984105 0.024207068620320134 0.9995510213794628 -0.017657108712488878 -1.1289823657204228 0.016807630272028747 0.01725286872356368 0.9997098789576145 79.89261788423472
0.9998150383677002 -0.01919917813409316 -0.0011316416255843784 -5.873404773735646 0.019176033392289557 0.9996579544633254 -0.017783526690136168 -1.1443721151023307 0.001472683649393528 0.01775853702241136 0.9998412201773313 80.39437520205487
0.9997590526901428 -0.013987200396405202 0.016917292607815968 -5.863747251064362 0.014270316632903315 0.9997581696494218 -0.016732013699363328 -1.1585495325286683 -0.016679167464365437 0.01696939728775913 0.9997168823864025 80.88217052881303
0.9991234507339355 -0.015593645105288987 0.03884801701300466 -5.829375400508065 0.01620921881327551 0.9997472082542062 -0.015581425268093665 -1.171871870183252 -0.03859522533909814 0.01619746338943647 0.9991236413781702 81.35537326114677
0.9976926603544944 -0.019014639658167024 0.06517514060929097 -5.784950326271738 0.01995742598891024 0.9997049654797876 -0.01384496814567238 -1.1863969688347398 -0.06489265461258287 0.015113751146805994 0.9977777898428121 81.81327300526453
0.9953265354842307 -0.02003311303181557 0.09446566647842146 -5.719992556203993 0.021209529362349367 0.9997093041901554 -0.011465730672917333 -1.1992082335104908 -0.09420851142643923 0.013415718314378213 0.9954620911300068 82.26346165828319
0.9967417792964369 -0.01898103057241841 0.07839353215273 -5.296724595334322 0.01980280642335469 0.9997566695759792 -0.009718564508514667 -1.200030112330633 -0.07818998825125476 0.011239311222487797 0.9968751193707841 82.4167619460773
0.9931695099885306 -0.01901932199409519 0.11511989324189872 -5.215513011488123 0.020081662602459797 0.9997657306685368 -0.008075308534554236 -1.212665372992531 -0.11493933728825063 0.01033194907518457 0.9933187804386102 82.84669881499613
0.9871089343725354 -0.01770546138188037 0.15906749611146687 -5.1692392416466815 0.01912892058864464 0.9997894772073891 -0.007421971603933459 -1.209671872574016 -0.15890259934636122 0.010369083982252903 0.9872398118078206 83.28294805206394
0.980950658417792 -0.01856054887072537 0.19336833188326652 -4.973501720303025 0.020199812925062965 0.9997747743109868 -0.006509086664713542 -1.2189275357017535 -0.19320396814634083 0.010291096979122831 0.9811046427448381 83.66780827404729
0.9724605026850531 -0.016773904177844745 0.23246334518836648 -4.741348054710425 0.018714002231512823 0.9998060071943541 -0.006142808686838124 -1.2500023324735903 -0.23231521008752798 0.010323958384100877 0.9725857592239737 84.00814747190877
0.9604855275807641 -0.01601373708743598 0.2778688747096281 -4.527494249923756 0.018429211229456784 0.9998116630557646 -0.006082975515920419 -1.287872861843037 -0.2777191305642463 0.010963514133785034 0.9605997532148756 84.36370770713141
0.9444862553342884 -0.01626961696030491 0.3281478524210964 -4.312216656884063 0.01942045244512087 0.9997913870224658 -0.006326805080102081 -1.2983253053419546 -0.3279764618252961 0.012348360201248153 0.944605186566802 84.697045193819
0.9225825782910623 -0.015810423473405045 0.3854755721746928 -4.1181117514285965 0.019756930560902147 0.9997850962738607 -0.00627893012221527 -1.3042993479960594 -0.38529345949370525 0.013408645653442353 0.9226966772960199 85.05041951944457
0.8956708497535806 -0.015576939489993962 0.44444469606220216 -3.910264040723643 0.02052005851702189 0.9997695087769107 -0.006313201916088579 -1.3081323957953113 -0.4442439150963769 0.014774582095625533 0.8957840451937874 85.3884804165529
0.8645718005970352 -0.01711285466075945 0.5022178330343908 -3.682232329822817 0.023435512419643506 0.9997056266251568 -0.006279876721083425 -1.313902248916702 -0.5019625268583594 0.017199136587718565 0.8647183421962381 85.69063588014052
0.829770832166157 -0.017784044454556273 0.557820843863978 -3.4335827726138315 0.024469295713518996 0.9996903310333823 -0.004527207268458619 -1.3296040295674452 -0.5575675920043844 0.017406027726210124 0.8299490409327727 85.98714538113653
0.7920351431309892 -0.019290047930949617 0.6101706532571801 -3.173509111763234 0.02499010051496101 0.9996873505958269 -0.0008342271568621395 -1.3420085585672312 -0.609963791484155 0.01590896318176557 0.792269574052139 86.25503890666997
0.7509860366804499 -0.01944714724771515 0.6600316516462784 -2.893039122733378 0.022825194052699296 0.9997333952573543 0.0034855306138591386 -1.3479062886610906 -0.6599234677047382 0.012447765708319626 0.7512297051511118 86.52332734527498
0.707786396298691 -0.020380168451121665 0.7061324705382235 -2.5917339444125553 0.02331350091794635 0.9997131549762108 0.005485293288447217 -1.3462221846818043 -0.7060417111541369 0.012580004030813292 0.7080585043689012 86.76064486693967
0.6630646235682689 -0.021897359179285383 0.7482418129410052 -2.2803402249253897 0.02587123853401454 0.9996452512925716 0.006328553146484632 -1.3497527238033777 -0.7481149537263554 0.01516170271391477 0.6633959140527097 86.97141795182098
0.6174849156233276 -0.024755328187451738 0.7861930759705167 -1.9552664661532797 0.03071372542809657 0.9995012053740989 0.007348981293444773 -1.3535423429016942 -0.7859828535330656 0.01960903317492912 0.6179372458186723 87.16882898483973
0.5721532898050297 -0.022773730466367218 0.8198304520850187 -1.6317482309333806 0.028150793431938957 0.9995707034868568 0.008120440871218866 -1.3573006570090727 -0.8196634344622403 0.01843274074672356 0.572548764974767 87.35037807244474
0.5258480661124731 -0.020561786038777 0.8503299502667578 -1.2930944735871732 0.022523710369702 0.9996938166323042 0.010244777123943071 -1.3766450886067587 -0.850280244294171 0.013765389280112946 0.5261501878941164 87.52227032021204
0.48248173348963147 -0.018676496002135744 0.875706894654782 -0.939114202632886 0.021384916428149627 0.9997258069124105 0.009539200317179313 -1.3762913094586773 -0.8756449407141016 0.014124428852609576 0.4827488356395974 87.66355814780296
0.44082828191555956 -0.02155696710531756 0.8973325598865759 -0.5852127534198392 0.027893996525170377 0.999557722694203 0.010309411245709102 -1.3734167563701867 -0.8971579296986852 0.020485511260391658 0.4412346235362444 87.79194075969932
0.40171968269211533 -0.029549540681436094 0.9152858139309608 -0.21172249752637895 0.0423897557353813 0.9990079341362035 0.013647569073285933 -1.3644278453821765 -0.9147810695168774 0.03331624496295412 0.4025737481196807 87.89819682530064
0.36690521589115044 -0.03339170256405273 0.9296588389036814 0.1586932457794864 0.04577710456480175 0.998792934088493 0.017808186672504042 -1.358793696497483 -0.9291313250824842 0.0360231733023812 0.3679909125721662 88.00519354678879
0.3344423850171313 -0.029158530877949573 0.9419650052847459 0.5280436876683893 0.04244828642946749 0.9989729002840814 0.015852049621835975 -1.355048878089625 -0.941459735773791 0.0346832030679252 0.33533660900905937 88.11621812576655
0.3037225051300959 -0.02092773575411716 0.9525306660437256 0.8970624939899715 0.030875373666639234 0.9994498333757084 0.012113705717684551 -1.3581402752747251 -0.9522601278949182 0.02573053519604901 0.3042015588061327 88.23793957098692
0.27584058683412094 -0.016408485164639372 0.9610633341614945 1.2776056205519752 0.025246392174733824 0.9996330176996041 0.009820876078182224 -1.3653826280957104 -0.9608717866277318 0.021554385618367537 0.27615361327248233 88.3384532718178
0.2504005186962935 -0.014752034274295639 0.9680299363766577 1.6730139928685812 0.025805017866698997 0.9996303572994788 0.00855861076438452 -1.3698077693331847 -0.9677983680961281 0.022836949228977728 0.25068863648036954 88.42206557815783
0.2270322656139307 -0.013604751139685435 0.9737922063338931 2.0784852773356612 0.03272764659432745 0.999444243136427 0.006332930589532387 -1.3664904684414318 -0.9733371725761862 0.030432147605488902 0.2273513423613671 88.49132435219481
0.2871081507344384 -0.008762158874251967 0.95785809719066 2.3438090126648996 0.028293732244052475 0.9995994321882395 0.0006632380050274767 -1.3745306425451944 -0.9574802214654644 0.026910959492590043 0.2872410586278286 88.16049595952924
0.26795113836059936 -0.0024775428999605966 0.9634293171958368 2.761074201837701 0.029966097350621796 0.9995342970893946 -0.005763848678038453 -1.3637561683496373 -0.9629663651762891 0.030414646524152322 0.26790059502729585 88.26204614677272
0.2508291454304497 -0.0013615913363775008 0.9680304157781726 3.1980547764368765 0.026803942456410438 0.9996253627055937 -0.005539215152361463 -1.3657416080425515 -0.9676602133349422 0.027336428163595577 0.2507716714938772 88.37107267311691
0.23556923385925704 -0.005277024238631424 0.9718432430562792 3.653547998408199 0.024359032162964013 0.9997031613416282 -0.0004761886586676549 -1.3733612988751314 -0.9715522495527704 0.023785336212462104 0.23562785100707848 88.48006994350574
0.22143221132433358 -0.008560831416145139 0.9751381891575567 4.118859466926474 0.024417336129728046 0.9996966285721572 0.0032317979191875262 -1.381287762099685 -0.9748700269699268 0.02309465277779545 0.221574067816452 88.57763429582039
0.20838978324520285 -0.011261635083022678 0.9779810191482619 4.597649439828207 0.026642192027134554 0.9996280101699441 0.005833942720646407 -1.3842805250187271 -0.9776829198891678 0.024839824052020447 0.20861229900956973 88.67117446298693
0.1968545575029171 -0.012415031405175015 0.9803540942871295 5.0881145781174615 0.029954218972547055 0.9995291963587606 0.006643070988276717 -1.3829486640565982 -0.9799750139447829 0.028058022411052173 0.19713376022971202 88.75884318192435
0.1867708165347348 -0.012092257393439963 0.982329089156011 5.595695837429181 0.032684418157919955 0.9994471756501384 0.006088669365303473 -1.3816869936082705 -0.9818596594730984 0.030969668969696076 0.18706279347663143 88.84658954629352
0.17897663422891144 -0.011783533693286113 0.9837827568796826 6.1188591753404316 0.03441761265686395 0.9993912323530234 0.005708995963194757 -1.3822432394098394 -0.9832511339119291 0.03283767698246777 0.1792732401428129 88.93534253202304
0.1735230569287509 -0.011676148674651816 0.9847605882986119 6.657267864885089 0.03621949707188807 0.9993289064041647 0.005466704392604986 -1.3811890349403217 -0.9841635518276233 0.034718933986861836 0.1738295109492489 89.02768938831136
0.16821010167320405 -0.010803069482090654 0.985691967799705 7.214430238313286 0.03756891907158205 0.9992837220637268 0.004540830128690793 -1.3810768568931098 -0.9850349932945963 0.036267568270147904 0.16849547613181473 89.11631551838504
0.16263375752551756 -0.010521343298376912 0.9866304081307895 7.79169859549918 0.03805906170387866 0.9992658811888043 0.004382523723079924 -1.382797858843116 -0.9859522142250879 0.036837481281443644 0.1629147974785834 89.20646721768573
0.15923440288581184 -0.011167601488133849 0.987177638327875 8.389253281195462 0.04086141888230992 0.9991537125269827 0.0047120261536496965 -1.3846514733291488 -0.9863948242892019 0.03958716232000614 0.15955596884769366 89.28987028889787
0.15633684067658615 -0.011292724568469522 0.9876392391045852 9.00154621806256 0.04206379851119951 0.9991035621859039 0.004765383746105223 -1.3834268874189077 -0.9868076961100753 0.04079885291597216 0.15667170931175803 89.38446206806961
0.1534483130518784 -0.012153195485078165 0.9880819374227189 9.634196830207488 0.04305009329733362 0.9990572060491417 0.005602544812355059 -1.3851769291752793 -0.9872184685714835 0.041677318541204926 0.15382683911005712 89.48025359440237
0.1509749120069836 -0.012929382097615887 0.9884530373381718 10.281717444461119 0.045060785709504766 0.9989651041118547 0.006184363995936964 -1.38339093128314 -0.9875100513593406 0.04360678668929887 0.15140127680739152 89.57917972339497
0.15013441859564075 -0.013773320669847875 0.9885696495395124 10.948517639385438 0.04947537685225745 0.998754829461468 0.006401383656847886 -1.3815070312824103 -0.9874268800464557 0.0479487879421431 0.15062891587143357 89.67755886909751
0.14864216679307093 -0.014678743026991825 0.9887820997339143 11.614550502865752 0.05149042441162982 0.9986483579280685 0.007084730163095629 -1.4025989998030408 -0.987549615181421 0.049859720323335105 0.14919707049505943 89.8423787705055
0.15509622630728032 -0.01562235572763228 0.9877758362031135 12.307361843695364 0.05481891258352047 0.9984704682206781 0.0071840736592457275 -1.4370403047108176 -0.9863772338250729 0.05303457450286992 0.15571540225327218 89.70290598217775
0.15842264941192594 -0.01714753278204468 0.9872224806358466 13.022278950424608 0.05735502481996618 0.9983206903111984 0.008136364327791022 -1.4797692401296056 -0.9857041469331497 0.05533318548630838 0.15914010589015826 89.80525297366302
0.16255977802122454 -0.017609878799247497 0.9865415403004404 13.750887603153261 0.05766198219995932 0.9983015075567684 0.008318402410092435 -1.4765531421571612 -0.9850123930075514 0.055533703087048754 0.16329909198454776 89.93079073827285
0.16554104360412084 -0.021125686349597217 0.9859766063445504 14.500396196313831 0.059435787158442444 0.9981669437294994 0.011407876689717138 -1.5279009170844466 -0.9844102549685857 0.05671382390537533 0.1664932193535678 90.04196803702948
0.16927589845295604 -0.02263932776119363 0.9853086476031078 15.259196228365589 0.05925181585243204 0.9981615737703109 0.012755193709502228 -1.5239786675424722 -0.9837859993520618 0.05622217967047083 0.17030611848071506 90.1844118527357
0.17019306536679318 -0.024383394215588678 0.9851090145702561 16.014404645087918 0.054096519540321644 0.9984174621008646 0.01536678058975501 -1.5468766079652871 -0.9839247364888632 0.05067564956265763 0.17124278515232316 90.40880451524386
0.17449416927044253 -0.025583354603740085 0.9843257981267364 16.797039683385265 0.053837570180187394 0.9984149298425985 0.016405605886214175 -1.5419607060084954 -0.9831852831118417 0.05013102666632401 0.1755949294190149 90.55152500694693
0.17843718995992855 -0.02419662766046651 0.9836537462181824 17.585070489126387 0.050985973508354425 0.9985819373011041 0.01531486210778732 -1.5361065639125815 -0.982629431548135 0.04741980288693654 0.17941784345363862 90.70850049859054
0.18162146626815348 -0.020014555096232487 0.9831648186214278 18.376755209386175 0.04851442880079884 0.9987577668506619 0.011369844045206697 -1.5418632529825116 -0.982171061062552 0.04563267184572898 0.18236684477031967 90.85717198396209
0.1830896817729635 -0.014187113870983772 0.9829938424162615 19.17161260714935 0.04265854391671548 0.9990687365871449 0.00647365469212923 -1.5425852400881792 -0.9821702586920366 0.04074782661908507 0.18352437867117385 91.01658400231275
0.18316830826991903 -0.010760976503055375 0.9830226712697098 19.97257963277217 0.040190826756444066 0.9991860693754704 0.0034490883769781023 -1.5401824775995585 -0.9822596745719385 0.03887673019557332 0.18345171451673936 91.17152500612298
0.1832154725963835 -0.01087648551493247 0.9830126106333157 20.776062462221603 0.03795976501068047 0.9992713369632932 0.003981377139574425 -1.5432335870728096 -0.9823396290701191 0.03658547780796471 0.18349483908803868 91.33506497249917
0.18334720246144331 -0.012324779817129615 0.9829709574305954 21.581171007918634 0.035478895904771164 0.9993529356011394 0.0059125333626511 -1.548806804223925 -0.9824077825907847 0.03379067782459138 0.183665834594281 91.49299611160693
0.18317630280433764 -0.013600479435162063 0.9829859963651908 22.38568591883738 0.03637623098215219 0.9993133134844653 0.007047787754534798 -1.554191251054597 -0.9824068464289467 0.0344663379521759 0.18354525228863797 91.64702273390128
0.18402039493663933 -0.014083233991951237 0.9828215284412988 23.19077503358005 0.03391453287293912 0.999392952405515 0.007970642521117444 -1.561379713208205 -0.982337161420342 0.03186517224991998 0.1843863121007343 91.79948440434046
0.1844207489088736 -0.013602602245330967 0.9827532531536312 23.994066716011204 0.03264393137843692 0.9994373245417817 0.007707662221855955 -1.5655839352147227 -0.9823051262800432 0.03065947691859155 0.18476102229374122 91.95077370531195
0.18437200022859995 -0.012661298618189765 0.9827749778301265 24.791617500300987 0.029330877334740192 0.9995425517608904 0.007374744341546446 -1.5735505195166768 -0.9824187829874188 0.027465955956962055 0.18465902657842304 92.11407293256639
0.1832701036588661 -0.010949167129502824 0.9830016199600273 25.58893322062599 0.026563927226712757 0.9996280023624036 0.006181800971007319 -1.5777380286119447 -0.9827036312516424 0.024979444191604 0.1834927804920843 92.27143415990898
0.1804642939141453 -0.010992449136742188 0.983520108937303 26.38676053862467 0.02304983423222553 0.9997102008146039 0.006944028304372368 -1.5853065389693362 -0.983311417488853 0.021416826310196903 0.18066536963918411 92.43048838622416
0.1765887879014187 -0.0119938515651664 0.9842116375618304 27.18383969890771 0.02029210617711445 0.9997575990466511 0.00854245722104749 -1.5916332467920593 -0.9840755206865 0.018463224883791908 0.17678936312031368 92.5844468207625
0.17193182112253289 -0.014181743260798619 0.9850067649735068 27.984198124188072 0.018317752568029904 0.9997695175810357 0.01119694854147514 -1.5966042845827877 -0.9849385304811398 0.016117998444869264 0.17215197152453837 92.7314607949884
0.16581652252164847 -0.015914145125070247 0.9860282048926212 28.78494087419281 0.015805888233128073 0.9997842334357966 0.013478147883121017 -1.6003491159201215 -0.9860299461760738 0.013350151989233117 0.16603228205946857 92.87276137883538
0.15872313256665466 -0.014205104725597342 0.9872209388925876 29.572762332455675 0.018947620935303347 0.9997561762987072 0.01133911872595205 -1.5575859150118851 -0.9871413043982719 0.016905707684802773 0.1589535850446785 93.04696535507053
0.15151400210547308 -0.013599090848617058 0.9883615592960265 30.3704924882688 0.018182141872984038 0.9997745217609139 0.010968835610376915 -1.5699507002471802 -0.9882878714640257 0.016308597911158924 0.15172709959423475 93.13419691378336
