0.9990467583056871 -0.0007422845714658998 0.04364657755784481 0.031093135138668473 0.0008481279437904638 0.9999967446122304 -0.0024065419033449534 -0.02798456625947731 -0.043644649132384604 0.002441265769341199 0.9990441355733762 0.9991246572847273
0.9960438652627179 -0.004911903218138234 0.08872706283474044 0.13128140378342534 0.005575454941091586 0.9999583033187064 -0.007232283607121946 -0.04607276298355423 -0.088687838933555 0.0076983654596044435 0.9960297196341813 1.9939287226018703
0.9909983932657603 -0.004457452890308214 0.1337995353445276 0.28861016344392 0.006002184690824134 0.9999198895157472 -0.011143981772829114 -0.07097633465445177 -0.13373914282519547 0.011846757554140884 0.9909457583600806 2.981160951360304
0.9838044470429315 -0.002108278253447661 0.17923271225241663 0.49940505190966245 0.004566826520880439 0.9999010479659759 -0.013305576728265052 -0.1097335120635624 -0.17918692495290983 0.013908610259461772 0.9837167257328558 3.9579226396877365
0.9743684564630994 -0.0046073395883867285 0.22491083449143567 0.7309398947906252 0.007781379481833066 0.99988222736158 -0.01322805880715944 -0.14139438160500611 -0.22482339999002873 0.014639119794688672 0.9742895539769274 4.930233909741541
0.962855541815007 -0.00550363501773962 0.269960951986987 0.9993425405943399 0.009749586412813262 0.999848930565268 -0.014389635585002192 -0.1721365720921428 -0.26984097383627276 0.01648714799720027 0.9627637419377661 5.8930500593298545
0.9494974892261773 -0.008085351920221235 0.31367044017170514 1.3219160641273042 0.014127596205537496 0.9997557655080656 -0.01699471561501987 -0.20215268702352476 -0.31345642277458363 0.02056784912693334 0.9493798157764113 6.839118425930939
0.9344306850733209 -0.01020134810750876 0.35599891473176304 1.6660716254557073 0.017995851233660203 0.9996652286153972 -0.018589783099915172 -0.23504696518595267 -0.35569009563351633 0.023777367266275478 0.9343014463619886 7.777454674870239
0.9172300859321224 -0.010042347982499927 0.3982312402461031 2.0673583202124792 0.01928671840173455 0.9996293479850253 -0.019214295207623043 -0.26926889447295904 -0.3978906783957669 0.02530450343381335 0.9170837966902065 8.692767653339589
0.8977786980294115 -0.010574653028725272 0.44031986791188144 2.5074583602509803 0.02058588768935193 0.9996266490874679 -0.017966181068944924 -0.2919560593023531 -0.43996548795633544 0.025194029996862315 0.897661200152853 9.590429754327312
0.8759919345909284 -0.010390512687988337 0.4822138195631928 2.9882784555947977 0.021243070334978808 0.9996289333147262 -0.017050737309748223 -0.3166832738159414 -0.48185772017721795 0.025180010447647762 0.87588760955928 10.466900290349567
0.8521613575485635 -0.01042279768669306 0.523175291837613 3.517654372640553 0.022049341469915905 0.9996288485883444 -0.015999737831723277 -0.34161974733908507 -0.5228143525590442 0.02517002896945287 0.8520748924830163 11.314921110045645
0.8265347885430273 -0.010776676652037097 0.5627824682490302 4.064712520856293 0.023737780013063113 0.99959459369902 -0.015721515440392374 -0.38280049239392133 -0.5623848870019401 0.026353585866604832 0.8264555205114099 12.151002164276825
0.7994114238505596 -0.012322992971571817 0.6006575723833368 4.669884701441312 0.027034603720834164 0.9995147203026243 -0.01547430450856613 -0.40739725501501417 -0.6001753957126852 0.02860887524159177 0.7993566329483552 12.94671670549482
0.7708725148745548 -0.011446269272370798 0.6368866058653799 5.315434028368784 0.027812960904945783 0.9994898272647981 -0.01570109549948463 -0.4466434882008689 -0.6363819647166935 0.029817245243790716 0.7707975913749285 13.70942621690687
0.7403522292250545 -0.01467425699676539 0.6720589578772724 5.986920315032756 0.03275570658689408 0.9993616052354544 -0.014263438127216038 -0.47778769421754796 -0.6714206136003612 0.032573734247219786 0.7403602578945637 14.449788429115129
0.7086746782477176 -0.013931704049081525 0.705397836708324 6.704272468968178 0.03323903220021384 0.999354130822335 -0.013656058974974301 -0.5120007455582714 -0.7047519898154863 0.03312444460853093 0.7086800434755364 15.145658643315716
0.6750101962510525 -0.012638318784031663 0.7377001476585384 7.469238251095539 0.03424414109690705 0.999312417091876 -0.014213790716329177 -0.5465973581321174 -0.7370132792274849 0.0348563616045289 0.6749788591489683 15.788799705715313
0.6402354074913149 -0.013990549655601951 0.7680513573419193 8.268731831594572 0.0387233415327209 0.9991507818752982 -0.014078987837206782 -0.591524077995743 -0.7672021414301251 0.038755381540040344 0.6402334688117415 16.38779186290884
0.6037190462772354 -0.0121289157348273 0.7971048880575274 9.058714437477851 0.0385686050811371 0.9991577636559547 -0.014008070107130021 -0.6268407244905987 -0.7962636346488516 0.03920016236099593 0.6036783675159071 16.999903141112643
0.5658178538039432 -0.010774214007792259 0.8244598672035008 9.866426213658265 0.041666713158724285 0.9990107053056015 -0.01554013189623632 -0.6438665808605534 -0.823476800724372 0.0431454168750068 0.5657070192877527 17.589234803400203
0.5275239682695532 -0.009076611848111923 0.8494916585926565 10.729095866619792 0.04632848409226294 0.9987623029923011 -0.018097891679061253 -0.6669927933242501 -0.8482759777707107 0.04890273242747083 0.5272915591001537 18.094473605243298
0.48901139921928066 -0.008056051163022857 0.8722401913883929 11.602204852181826 0.04810760985969478 0.9986844842246196 -0.01774707983280855 -0.6921274173988773 -0.8709497742735727 0.050639915172356276 0.4887556543756277 18.581350335051262
0.4505204437769146 -0.009645917651774109 0.8927140001208155 12.48129311925607 0.05325799774127011 0.998451166092351 -0.016088959115325298 -0.7205779307753216 -0.8911761416328655 0.054792565202579566 0.45033638469801485 19.05715952868299
0.41389695688837685 -0.010152626581825405 0.9102671219219286 13.404690011283618 0.05721769935554312 0.9982507880366771 -0.014882844641098628 -0.7392593898744886 -0.9085237718183262 0.05824335462215763 0.41375387331523306 19.440551210353686
0.378916396984914 -0.007692452715907653 0.9253989357391681 14.337625711029787 0.058625313208398123 0.9981564722608205 -0.01570762665237367 -0.7706920294375441 -0.9235721069560228 0.060203679746728626 0.3786688265460534 19.799219538031664
0.3456860013578847 -0.008318187997170767 0.9383133784688572 15.277981302543967 0.0593766212415232 0.9981506546070761 -0.013026417673537186 -0.7851372657228433 -0.9364697567541281 0.06021692831678205 0.34554061444199924 20.13910583743098
0.31242051082135475 -0.009735736335095562 0.9498940150649112 16.22868444900353 0.06180854280690895 0.9980369233449214 -0.010099686940154451 -0.8016856699608375 -0.9479309724100216 0.06186691424514496 0.3124089570860185 20.44876642234298
0.27969425765254563 -0.009588040427830999 0.9600412447999025 17.188332769969197 0.062245640367552216 0.9980274450041404 -0.008166962332498 -0.8255254432997954 -0.9580692054812239 0.06204263452869619 0.2797393590636004 20.72895701346329
0.24724971067639115 -0.006371401561280888 0.9689308467649205 18.15549214515594 0.05941794342363445 0.9981961616784547 -0.008598302722339066 -0.8402723237382502 -0.967128268933209 0.0596978060948986 0.24718228775077977 20.982699541226893
0.21622750778609046 -0.0046545944692671275 0.9763319105851981 19.13117815294514 0.05922766866291519 0.9982095088351398 -0.008358213676614702 -0.8546467404688843 -0.9745448928301721 0.05963313861800902 0.21611603512278588 21.201400684220662
0.1859319493004559 -0.004374887888893787 0.9825528843707562 20.115603891167947 0.061386082469886215 0.9980883266469925 -0.007172244418948876 -0.8660605107773902 -0.9806431864385395 0.06164862177668227 0.18584506537624976 21.376830711843006
0.15508524605665405 -0.004396665855096219 0.9878913076775735 21.09925134647551 0.0632609543256787 0.9979819221029269 -0.005489518517186239 -0.876052435462415 -0.9858735304862135 0.06334629022369632 0.15505040922726956 21.55665796829738
0.12439636804610148 -0.004805382775441256 0.9922209692973237 22.088857885264666 0.06208280787241144 0.998066643096526 -0.0029497295990690746 -0.8866586780051213 -0.9902884774567535 0.06196679945270584 0.12445419712477367 21.70006789068217
0.09514786298451043 -0.005300278452848433 0.9954490399903971 23.084398369359292 0.06277436423971194 0.9980275088386155 -0.0006861455280313548 -0.9064127882701675 -0.9934818887950497 0.0625539658991173 0.09529290627591999 21.792311711875264
0.0678228226035723 -0.004837162294146939 0.9976856552015894 24.081695208125975 0.06577982376311657 0.9978340947837312 0.00036615956059650684 -0.9094950825571099 -0.9955265338100119 0.06560275259522706 0.06799411248153582 21.86572500691051
0.042843030407301204 -0.00446817441205186 0.9990718243264308 25.08135598248205 0.06989192833634371 0.9975534945119965 0.0014642200413156562 -0.9217254186023411 -0.9966341320158293 0.06976432472492997 0.04305050402408857 21.88871974174047
0.01991883488222627 -0.004139767003691825 0.9997930297547037 26.080947098598532 0.07412211950312173 0.9972456446188528 0.0026524873406207584 -0.9320450166197649 -0.9970502251227359 0.07405394397250123 0.020170819636745062 21.91538626383559
-0.00035383704190099734 -0.004315757355224659 0.999990624474949 27.080935221342028 0.08013025407149281 0.9967749954064234 0.004330232668201614 -0.9368033102918579 -0.9967843383509716 0.08013103500500647 -6.873182430318099e-06 21.916442781180585
-0.017945325827947 -0.004958258553866448 0.999826675455822 28.080628828644247 0.08466980308991624 0.9963881177811131 0.006460896944213631 -0.9409686673442389 -0.9962474540623139 0.08477107063569471 -0.017460694649252036 21.892043228263294
-0.03355173626227385 -0.004665458060160242 0.9994260925625646 29.079828650207215 0.08759190880600715 0.9961275220474025 0.007590608106098584 -0.9323454925342639 -0.9955912507176355 0.08779631723933028 -0.03301315152638292 21.852987362001397
-0.047776727707629446 -0.0052431703113656495 0.998844278881667 30.078466373200172 0.09013468894117099 0.9958839019737513 0.009538953769267925 -0.9313003538179151 -0.9947829522760371 0.09048625837451724 -0.04710748248793082 21.80081835067912
-0.06108046868545112 -0.006198160267744186 0.9981136003253644 31.076765148267427 0.09045469106255048 0.9958316139991721 0.011719446428080385 -0.9284368353365078 -0.9940257165737428 0.09099988664332195 -0.06026520904268361 21.74258302929737
-0.07308470662520315 -0.005843525926781637 0.9973086176616802 32.07321336066047 0.09041024555125368 0.99582665605434 0.01246028053422007 -0.9241980232597594 -0.993219317752564 0.09107757296048503 -0.07225138439336298 21.658481925088747
-0.0842401767385823 -0.002886287053519388 0.9964412988079618 33.06997199878723 0.09076943458289174 0.9958159638152074 0.010558217476892576 -0.9203728687337172 -0.9923026264041398 0.09133583939413868 -0.08362572614700277 21.57812284333011
-0.09447425910139638 0.0004800608538401761 0.9955271889349984 34.06548380432321 0.09080090531693215 0.9958358248363212 0.008136680292843902 -0.9146870173871784 -0.9913777332383794 0.09116347686512966 -0.09412444169817515 21.48365634386027
-0.10376813386271652 0.0031572870772769296 0.9945965040824154 35.05932955852354 0.09191144416472022 0.9957464349190862 0.006428357292773942 -0.9090480215037874 -0.9903456269536431 0.09208185969147065 -0.10361694016692154 21.37302714897798
-0.1114401731389201 0.004206053626110981 0.9937622436597512 36.054322042172444 0.09148356356534394 0.9957882425165028 0.006044308337466598 -0.9064092946300085 -0.9895513354082003 0.09158649015431784 -0.11135559893000355 21.27311223170384
-0.11714171916609949 0.005039421798925681 0.9931024226426719 37.04755760192779 0.09151845597053233 0.9957868251431412 0.005742045638083796 -0.9024828379274089 -0.98888937189535 0.09155983343842752 -0.11710938072224159 21.157061785042085
-0.1221144524887363 0.006895154488167813 0.9924920741940269 38.039996688898725 0.09269677249910303 0.9956842707400194 0.004487913675912135 -0.896836785703719 -0.9881778022510044 0.09254885113007714 -0.12222659814000003 21.034453531660436
-0.12659942644156708 0.008698268670522624 0.991915785410638 39.031163418265045 0.09162782421731981 0.9957889165777015 0.0029623386377136173 -0.8909141655487732 -0.9877129780730156 0.09126211559645074 -0.1268633091283442 20.90196414655721
-0.13049374249277548 0.009493268069629104 0.9914036821757266 40.022081153983635 0.09240888959407684 0.9957176742028557 0.0026287647370221525 -0.8969673187021906 -0.9871332130438214 0.09195755075800484 -0.13081218813386616 20.76763098843151
-0.13359869799527005 0.008650118750650934 0.9909977615209684 41.01365100658276 0.09206955298305736 0.9957456276268719 0.003720547737131379 -0.8932966418774612 -0.9867495048427783 0.09173778124395583 -0.1338267319520559 20.638109742399326
-0.1359478995386791 0.006800775773569919 0.9906926456070523 42.00372127445301 0.0921821918344443 0.9957251811609561 0.0058143882374959216 -0.8867745682560428 -0.9864180716712454 0.09211467337431223 -0.135993657313585 20.497687769241583
-0.13816331115130934 0.005735538130660067 0.9903928528892258 42.99599637456011 0.09259563716777715 0.995678114285243 0.0071512733742544465 -0.887008624986438 -0.986071471765206 0.09269410086802546 -0.13809727091824955 20.37363104511606
-0.14005805655067868 0.0066117549735993176 0.9901212175746046 43.98491500809089 0.09465297866832448 0.9954875009627188 0.006741591519191107 -0.8785070230174685 -0.985608722782251 0.09466213669238076 -0.14005186700780653 20.225416136938186
-0.1411663878174079 0.006459535887738729 0.9899648101557456 44.975970279531936 0.09449275393232846 0.9955010880849454 0.006978758913351023 -0.8744062994107764 -0.9854659661321993 0.09452966739495725 -0.1411416720084081 20.092027107824567
-0.14160284148922186 0.007910746494159156 0.9898919412602998 45.965955156088675 0.09719443619801364 0.995247627013883 0.005949999611939941 -0.8756187661850512 -0.9851405366009097 0.09705452597966237 -0.14169877251597618 19.950858859909562
-0.14183239998619898 0.008264928110512226 0.9898561821181318 46.95623183732979 0.09703783154455345 0.9952649726276062 0.005594060215791542 -0.8737155141625921 -0.9851229514955403 0.09684691643978696 -0.14196283039168778 19.811760073841814
-0.14100375117902533 0.009682382733009816 0.9899617132081708 47.9460601868695 0.09700333560717328 0.9952756847989255 0.004082172106748798 -0.8740909064344984 -0.9852452968852604 0.09660518988459418 -0.14127682843564898 19.66949378317644
-0.1397886211917097 0.0096772044172022 0.990134078344943 48.93703904105209 0.09756071901172068 0.9952213468173701 0.004046843823720299 -0.8721775746080729 -0.9853634088453032 0.09716389531963589 -0.14006473487312207 19.535489130949063
