-0.9802270920216853 0.004977176345886435 -0.19781323459852856 -0.10254924217219868 0.005531129082651887 -0.9986037996300822 -0.052534350433157975 -0.02620663956914704 -0.19779852041352985 -0.05258972409116397 0.9788309691883644 0.994382655292419
0.9998751836774369 -0.00048447820882503365 -0.015791844315256886 -0.20638183036247615 0.00025297202935965074 0.9998925255476363 -0.014658559244406434 -0.059933256848824154 0.01579724884796402 0.01465273472204371 0.9997678451990747 1.9884054462615166
0.999730390441787 -0.00013927016338260463 -0.023219109176148042 -0.31779375882334404 -0.00021746473309096343 0.9998819951224598 -0.015360616492157527 -0.08981851697239836 0.02321850848358169 0.015361524460510792 0.9996123870931408 2.9817302941404185
