0.9999773557099156 0.0004699015150342015 -0.006713215322848153 -0.0921884719985381 -0.0004690082123940669 0.9999998809516816 0.00013463996217795332 -0.016628690283705064 0.006713277791173369 -0.00013148836023359995 0.9999774570519625 0.9956025073025736
0.9999002676016203 0.0007977357884009305 -0.014100300274110798 -0.17595335576672788 -0.0008016347337784811 0.9999996420068085 -0.0002708652959629253 -0.032678763131321106 0.014100079147358877 0.0002821415723737588 0.9999005491368484 1.9919585350786966
0.9997343623971187 0.0008665088560196861 -0.023031582768648612 -0.2484188420514849 -0.0008927481286108576 0.9999989641614246 -0.0011290158797517109 -0.047328100256660836 0.023030580609388337 0.0011492773730954597 0.9997341004078604 2.989221543301209
0.9994856335757524 0.0004906417007043507 -0.03206598737600875 -0.3977750483345268 -0.0005676175193567159 0.9999969792996509 -0.0023914852968951075 -0.06130674648367514 0.03206471715185621 0.002408456413364397 0.999482892925975 3.9779059955286864
0.9989905265918306 0.0008312068870118233 -0.04491366022590188 -0.5412539904788338 -0.0009895953852507107 0.9999933699494091 -0.0035043912734944974 -0.07065760879564777 0.04491044957190104 0.0035453000345863532 0.9989847257925991 4.967513824646474
0.9982242859578708 0.0009600116745667453 -0.05955966169718753 -0.709548918059172 -0.0011764064825753446 0.9999928341754031 -0.003598286485627151 -0.08598450918277166 0.05955578050606411 0.0036619633299075833 0.9982182622216866 5.953129659850461
0.9970431370748675 6.28727314357484e-05 -0.07684386025523683 -0.8878088021665194 -0.0003658199197235435 0.9999922172737686 -0.003928303409647872 -0.082949422100684 0.07684301521734463 0.00394479896972703 0.9970354003611885 6.937106758989142
0.9953993399769775 -0.0013995309259469872 -0.09580289811161481 -1.082378793596599 0.0009936072126284778 0.9999903272334426 -0.004284645173114451 -0.08618501357132557 0.09580796792597233 0.004169742526799259 0.9953911022955532 7.917989169165504
0.9931562821380412 -0.0023690681340153255 -0.11676894606837736 -1.2860961096452588 0.0018387844727161828 0.9999875035794558 -0.004648823140441773 -0.10307885373492608 0.11677850025328348 0.004402294981552486 0.9931482274451733 8.896872041482945
0.9901311290803578 -0.0011337758836572687 -0.14013943691303044 -1.5318066970970918 0.0003915212136357301 0.9999857507651081 -0.005324000176805076 -0.1264004432297083 0.14014347625628132 0.005216590743865625 0.9901174643666358 9.865933722712972
0.9863214396686638 0.0029670004631003515 -0.16480659743525444 -1.8540548623261974 -0.0041782311763035275 0.9999667480802726 -0.007003221972921933 -0.14334140713775803 0.16478033873666917 0.00759602804211608 0.9863010394011619 10.812435293764889
0.9816812557891252 0.006954939607362038 -0.19040362614021783 -2.2159379641545573 -0.00877264244786358 0.999923625895609 -0.008705350094060923 -0.17429207038101413 0.19032853904963346 0.01021622194532653 0.9816672939608391 11.744145135791408
