0.9999998958666096 -0.00039255930840609787 -0.0002327315176543608 -0.009036465295187047 0.0003929071987434326 0.9999988028193134 0.0014966575671344475 -0.014614439296405206 0.00023214371217322407 -0.0014967488531710791 0.9999988529254259 0.9998523692314459
0.9999986865191266 -0.0015538215707033484 -0.000461084100696789 -0.02872483506769534 0.0015545054709951139 0.9999976867470305 0.0014866113576338248 -0.03251827727444581 0.0004587731052978659 -0.001487326162755367 0.999998788693328 1.9994982170563076
0.9999953803285216 -0.0029961340402018454 -0.0005123499082067642 -0.04136994277454683 0.0029963326234292834 0.9999954359976497 0.0003872656454101569 -0.049544240363393735 0.0005111872700577525 -0.000388799027114687 0.9999997937614244 2.999273300678561
