-0.9802168701523997 0.0049562150684365385 -0.19786440660419213 -0.10229485909817763 0.005559934899927747 -0.9986024290359752 -0.0525573576900383 -0.026112174150140895 -0.19784836262284872 -0.052617721878141635 0.9788193912830969 0.99204849895252
0.9998792858357827 -0.0005147778810916702 -0.015528965202433454 -0.20651879116364164 0.0002923198607886362 0.9998973602231185 -0.014324230099308319 -0.060015574111022804 0.01553474510972867 0.014317961536897655 0.9997768089287746 1.9883847678051274
0.999722603910327 7.48154902436573e-06 -0.02355239212441491 -0.31750293271700697 -0.0003610178086245429 0.9998873322486778 -0.015006414453958084 -0.08975349631933201 0.023549626258130563 0.015010754566261175 0.9996099701135707 2.981762532133737
0.9994605825039832 0.0002657062991698573 -0.032840119076538346 -0.4759123921122277 -0.0007962820919375536 0.9998693551026459 -0.01614430740071487 -0.11384005022511674 0.03283153903838038 0.016161748877559598 0.9993302196559402 3.9688237285651597
0.99902786108192 0.0004350995550833793 -0.04408110105772911 -0.6508316493579667 -0.0012152733939708765 0.999843075602695 -0.01767334942564807 -0.12723587182213117 0.04406649399104116 0.017709739064150968 0.9988716180018417 4.95276463821423
0.998354870795411 0.00043835658379436435 -0.057335502113299415 -0.8430913016018465 -0.00147854344960177 0.99983507124954 -0.01810094496689054 -0.14858022380083025 0.057318111172179755 0.018155939604774112 0.9981908615033106 5.934386941806507
0.9972974396938509 -6.378801566865128e-05 -0.07346980816076619 -1.015566606350305 -0.0013016342818639535 0.9998273318939523 -0.018536778199466624 -0.16421157087639418 0.07345830469243764 0.018582312259484878 0.9971251552051048 6.919312694176971
0.9958405212083814 -0.0009982386077093317 -0.09110795705701155 -1.208041522212025 -0.000709339110014256 0.9998247374793985 -0.01870805073434237 -0.19636021069271525 0.0911106643453289 0.018694861431254376 0.9956652795988316 7.899954782486017
0.9937134740021427 -0.0017188423410902267 -0.11194006060209238 -1.3970641603461835 -0.0003778585544029279 0.9998249437366811 -0.018706659371870858 -0.2346921995810803 0.11195261859155643 0.01863135698087541 0.9935388687552917 8.882162562580133
