1.0 0.0 0.0 0.0 0.0 1.0 0.0 0.0 0.0 0.0 1.0 0.0
0.9999779439014687 0.0013550201243789353 -0.00650197132059742 0.013400476686617762 -0.001369851288451413 0.9999964691216592 -0.0022771147669945232 0.019346883110581383 0.006498862826592916 0.0022859712765178424 0.9999762692770684 0.088607755291314
0.9999076660257447 0.0017368292325136586 -0.013477494098141004 0.0033524745378354127 -0.0017681729498715201 0.9999957593208779 -0.0023140666974588975 0.01837069898975135 0.013473417805727033 0.002337683570980403 0.9999064967526485 0.18244578132617256
0.9997780161673945 0.001880318437327159 -0.020985299401340925 -0.008729984713553796 -0.0019432757471210436 0.9999936713865443 -0.0029800782256320063 0.0171739932800745 0.020979563097460425 0.003020196919818703 0.9997753429360043 0.27974199030285235
0.9995425090949933 0.002459996905179774 -0.030144998379702595 -0.021622837564252803 -0.002593697993738125 0.9999869696229728 -0.0043969665658465575 0.016732961257791085 0.03013378905486405 0.004473142015451726 0.9995358651682822 0.38337640707001525
0.999137415301178 0.002609022694790445 -0.04144415936968862 -0.041849829128790865 -0.0028587554565773932 0.9999781071353956 -0.0059676433498597565 0.0162976209615 0.04142768232138468 0.006080974468759487 0.9991229998788881 0.4962796409481868
0.998485066206449 0.002424492062020134 -0.054969940885407596 -0.06152950156331577 -0.002798799479077614 0.9999734140028845 -0.006733350495242943 0.014313125919972587 0.05495215449989125 0.006876999756948867 0.9984653061524786 0.6227101316089423
0.9974658313438874 0.0021617438439864786 -0.0711142894571909 -0.08718348622284758 -0.0026556784603646755 0.9999729995318206 -0.006851830357560338 0.016539035711818716 0.0710975574359858 0.007023323350566793 0.997444640196011 0.7611936325268402
0.9959840584237594 0.0006234763468219201 -0.0895285800344395 -0.1165678989494856 -0.0012513080220909515 0.9999750190736163 -0.006956684336282158 0.016691034737109627 0.08952200619943644 0.007040774528826787 0.9959599579802704 0.9128740170282895
