0.9999798526930295 0.0005911438109718865 -0.006320186470489141 -0.09199276103494747 -0.0005894492956642913 0.999999789832579 0.00026997097194723365 -0.016555666236322063 0.006320344733861059 -0.0002662401032956862 0.9999799909791458 0.9956220275951306
0.9999109665322449 0.0011231147737914599 -0.01329652668018183 -0.17516395148368225 -0.0011195281651147462 0.999999334913623 0.0002771804450750373 -0.03224822262482747 0.013296829142295944 -0.00026226993062215527 0.9999115588637049 1.9920337280248948
0.9997778348025939 0.0013769615337458799 -0.02103295068153824 -0.24610619394214944 -0.0013848128129536142 0.9999989768046449 -0.0003587243183641211 -0.046244394574562045 0.021032435211133193 0.00038777132190313335 0.999778718668532 2.9894159443320225
0.9995544704014796 0.0019558740735272947 -0.029783137125325303 -0.3933449993994973 -0.0020060300500357405 0.9999966196396026 -0.001654252945133564 -0.059340583555270124 0.029779800937141613 0.0017132617945408097 0.9995550150892984 3.9784302030774037
0.9991517277113783 0.002144198875887336 -0.04112453552988009 -0.5337755264002662 -0.002278432018768635 0.99999222827782 -0.0032174728431911036 -0.06805673936496304 0.041117317019761596 0.003308443008647102 0.9991488479931081 4.968482361155042
0.9985161546103838 0.0018951525028285598 -0.05442331650205698 -0.6976481393595048 -0.0021132955457756285 0.99998996175899 -0.003950995215148786 -0.08323957605523394 0.05441528244921873 0.00406014510146453 0.9985101362819142 5.9548470139036835
0.9975132735029139 0.0017867184263297487 -0.07045620499832407 -0.870165350033348 -0.0020795907489963494 0.999989499426117 -0.004083667447369196 -0.0803111504197823 0.07044816880386279 0.004220032555446444 0.9975065146841966 6.939849154177813
0.996044779850891 0.0003910337557529991 -0.08885180709693935 -1.058147642843289 -0.0007695594336330602 0.9999907744145698 -0.0042259749203286566 -0.0833941332291956 0.08884933488815756 0.004277637005520939 0.9960358916783977 7.922016722776428
0.9940877209335218 -0.0007790533197224387 -0.10857714384308247 -1.2544044961630734 0.0003017726615210703 0.9999902209435699 -0.004412136726279038 -0.10001622426383174 0.1085795193508295 0.004353285328995938 0.9940782347905959 8.90242833715819
0.9914411590619463 -0.0012211103990550538 -0.13054860017364334 -1.4913702977747216 0.0006107851854468199 0.9999886977085553 -0.004715018197770434 -0.12284633651622907 0.13055288223306952 0.004594925956028811 0.9914306993411577 9.873678034631034
0.9880350770544654 0.002152766103318795 -0.1542143057828323 -1.803890176100079 -0.0031495414370707824 0.9999756984962486 -0.006219550279258097 -0.13917457547890488 0.15419716890628274 0.006630838185663039 0.9880178465423805 10.823448898715567
0.9838485006972125 0.006471465723851745 -0.17888613084091118 -2.155033483689281 -0.007988698444076976 0.9999379601706162 -0.007762506489336725 -0.16926686213268374 0.1788247979811978 0.00906619772630208 0.9838391614922488 11.759286925202662
0.9786611819541672 0.009535512942187286 -0.20525926271182368 -2.5315153034045332 -0.011547232892584164 0.9998963002827033 -0.008605236399223443 -0.21339141799357075 0.2051559220412526 0.0107917873353526 0.9786698038549632 12.684659522048912
0.9722241780730537 0.010055767245154397 -0.23383547445861624 -2.9196891020564273 -0.012479784592657674 0.9998826135158321 -0.00888899124029767 -0.22339863296115234 0.23371863970743922 0.011560308553862428 0.9722355459041003 13.606191365062896
0.9644319507657942 0.01219534321370077 -0.26404977929546636 -3.3293317316093125 -0.014903973749682359 0.9998548350786602 -0.008257138505183888 -0.25849081246101696 0.2639107498919915 0.011898839175526912 0.9644737081526494 14.517762226264015
0.9552614279870447 0.01385414773710461 -0.29543809299179863 -3.7694618001877864 -0.016761992128725124 0.9998327709007155 -0.007312034797071178 -0.2646084251187911 0.29528738513527597 0.011937035790995266 0.9553339035941811 15.415675405557247
0.9443722973813695 0.01583852153441294 -0.32849673540879865 -4.238303271540607 -0.018918985906589532 0.9998018999832704 -0.006183264680460199 -0.2800019350720624 0.32833372642922426 0.012054128979163014 0.9444848659791503 16.298823578057785
0.9323637121234045 0.018080252864305483 -0.361069263122504 -4.7501996820448635 -0.02162340573571569 0.9997495077972994 -0.0057749444539532116 -0.2913756768089398 0.36087440563145234 0.013191895823588082 0.9325211189269259 17.15779545356464
0.9190670381770893 0.02114540007355091 -0.3935335454470457 -5.302863792218172 -0.02521066564334642 0.9996688269862745 -0.005163205371254932 -0.29092182075227974 0.39329403971356103 0.014666574501765466 0.9192957575873895 17.991199410443308
0.9035224682216102 0.02150669290267849 -0.42800071446099136 -5.857422190682926 -0.02603483344936078 0.9996498520357836 -0.004728717807193904 -0.28281476127854493 0.42774915180043716 0.015415430101878659 0.9037660248365065 18.82330471524487
0.8858286909546266 0.017512888612221063 -0.4636818187227837 -6.435945839935965 -0.022540725243311736 0.9997318595832608 -0.0053032668894671875 -0.2873016888073493 0.463464611364361 0.01514951044262909 0.8859859176906993 19.63895797168188
0.8653698754274721 0.013070847724352009 -0.500963203880692 -7.041959245765718 -0.01830080994142595 0.9998172530689126 -0.005526375052586262 -0.30840774997562526 0.5007994199858153 0.01395039087269044 0.8654509388384591 20.434132333779015
0.8409835116542973 0.01475434793083342 -0.5408595403085186 -7.693455652248367 -0.019061684866924944 0.9998155133121992 -0.002364637455875471 -0.32946839956932605 0.5407248702396077 0.012298315226062322 0.8411096041224118 21.192491655854564
0.8130189757400595 0.020729576898321767 -0.5818680518194832 -8.421238637477751 -0.024413098359784405 0.9997008247255884 0.0015038854524066765 -0.3494923132882428 0.5817251461945411 0.012982514571339122 0.8132818137646662 21.87800675363869
0.781320931954654 0.023972435360304134 -0.6236689214899254 -9.175155902520514 -0.027753539042042426 0.9996081194516769 0.0036535731720902277 -0.3791532777824261 0.6235121028177023 0.014454406566097077 0.7816800674001286 22.534306201037296
0.747190389978326 0.023331411282876247 -0.6642003962446771 -9.970279009810112 -0.027337690674333434 0.9996167464627853 0.0043601444643598195 -0.38152438391218213 0.664047567417148 0.01489984693561983 0.7475418535230411 23.14074960491754
0.7082629805556838 0.019037333037411616 -0.7056919514385874 -10.747159509701872 -0.02141308875868692 0.9997556994926342 0.005479138783258712 -0.3786147562999432 0.7056238587265825 0.011230373226936397 0.7084975996522447 23.770390933735058
0.667059380902289 0.01562809229154003 -0.7448406172340375 -11.572236439507947 -0.01633264643619103 0.9998464398298925 0.006351489579577049 -0.387797054302847 0.7448255010474909 0.007928397745837822 0.6672121952561559 24.33533670573903
0.6232658953216995 0.015171724995839925 -0.7818628028557765 -12.42207964348984 -0.014061733955692678 0.9998675654158421 0.00819263495805462 -0.3795871776401173 0.7818835535851871 0.005888156761434355 0.6233966941225734 24.862308343088685
0.5768291143829228 0.015880841985507026 -0.816710457664186 -13.316012782499175 -0.011754125241216159 0.9998688552801198 0.011140591574790226 -0.379379791737162 0.8167802723744173 0.0031734994334077123 0.5769401316959322 25.310508610794987
0.5271834820887796 0.016819646028738394 -0.8495850020570146 -14.222027687602795 -0.009758053561667665 0.9998579915695615 0.013739617358938727 -0.40031231858503 0.8496954493248964 0.0010469966334091191 0.5272727445967719 25.733236420443045
0.47608815447549674 0.018317878877462904 -0.8792067586646195 -15.161242406568913 -0.00909430083670671 0.9998321241570024 0.015906514262643993 -0.382314003690914 0.8793505346904655 0.0004228677415214966 0.476174819076425 26.076094630696744
0.4232315831300822 0.020430424445237298 -0.9057911595937509 -16.116424071075105 -0.007923120033726267 0.9997909565451802 0.01884853785852955 -0.3740440102662552 0.9059868935090264 -0.0008006044346033549 0.42330498204297534 26.3719993028463
0.36947283467984693 0.022517315503073156 -0.9289686727420756 -17.085952013948948 -0.0076542266475664 0.9997461952192965 0.021188628057704755 -0.3694801193773521 0.9292100070748627 -0.0007180857018003248 0.36955141334442027 26.616937496860164
0.31607967831641365 0.025591608762140693 -0.9483874242715147 -18.065309285893363 -0.005801034074099636 0.999669567323011 0.025042048077079646 -0.35980670435068507 0.9487149123730815 -0.0024136547369408524 0.31612369305660587 26.818842769033317
0.26393732684203014 0.027342905937215924 -0.9641521938959595 -19.051270713183058 -0.0014514304326353681 0.9996082381442445 0.027951092713133754 -0.34931741184264664 0.9645387399421459 -0.005977936857105519 0.26387361259085723 26.985486156659555
0.21427649062545354 0.027798705408039356 -0.9763773950388634 -20.04318893684585 0.0012543394680580868 0.9995862842257879 0.028734770230174303 -0.3417507310725835 0.9767722417215483 -0.0073818944261674945 0.21415297204788464 27.112139079672698
0.16806513129148895 0.02897716509467282 -0.9853499051337299 -21.041573847792247 -0.0012479659238472936 0.9995733185052379 0.029182589218207707 -0.32975594628546356 0.9857751032690102 -0.0036748925837106062 0.1680295835246598 27.167669924547123
0.12667554863453784 0.029500727066392018 -0.9915054273581626 -22.04108091994764 -0.003596749563667168 0.9995647486063848 0.029280996158438367 -0.3171646495478024 0.9919376839150306 -0.00014298953971186726 0.12672651965266138 27.196428435597237
0.08958418703877821 0.027992961189405707 -0.9955857911583759 -23.040683009036826 -0.004894254589056202 0.9996052529294281 0.02766558490093658 -0.29130597337533803 0.9959672282282278 0.002394251394873339 0.08968582862213738 27.207696636657825
0.05587982056553774 0.025280727610015923 -0.9981173931282187 -24.040415157046713 -0.003737735581866472 0.9996776818300577 0.025110989299534273 -0.27184752382131117 0.9984305058371782 0.00232750131889405 0.055956302159159525 27.19516743171537
0.02504567534989033 0.0226947432235629 -0.9994286681781166 -25.04014868619976 -0.0033011436481392717 0.9997387062218492 0.022619056843222737 -0.26617201447456784 0.9996808573724328 0.002732748045308426 0.025114049678190156 27.17279246175245
-0.0008558496827373766 0.020880872413360074 -0.9997816044959905 -26.03851305006141 -0.004234069803846133 0.9997729332229658 0.02088431582893918 -0.2572413684933205 0.9999906700435846 0.0042510189371137135 -0.0007672442763452116 27.116322819169202
-0.02126334882251678 0.018696759416598006 -0.9995990702197404 -27.035847175315492 -0.004379516185832076 0.999813786564995 0.01879393605779066 -0.24572097595853223 0.999764317144211 0.004777382325514934 -0.02117750654080553 27.0442679570187
-0.037257317077461036 0.017832468780960405 -0.9991465835308476 -28.033305458551816 -0.003763228824227459 0.9998311744261048 0.017985014721485046 -0.22717647123687182 0.9992986192490243 0.004430090618892852 -0.0371839194290003 26.975470758326647
-0.05006542435016957 0.01819529697395788 -0.9985801842880052 -29.03034487552076 -0.003077394639199753 0.9998264791352349 0.01837229605339882 -0.21135794520364218 0.9987411991736761 0.003992842104139367 -0.050000742845075524 26.90022346439283
-0.05943296553305516 0.019286917145221953 -0.9980459595805093 -30.02660561027289 -0.0041163289104761466 0.999800094935744 0.019565939864410183 -0.2079707761328657 0.9982238117998627 0.005271147266988486 -0.059341693287622836 26.813892383797086
-0.06613836257287266 0.020762691775334467 -0.9975944204066206 -31.0227267306265 -0.005680031835887013 0.9997594518547956 0.021184325935495758 -0.21085690288019338 0.9977942945489932 0.007067464696796593 -0.06600452036214663 26.725947151647308
-0.07045836997312127 0.021755560512949027 -0.9972774507064209 -32.01813023458918 -0.005579929360375967 0.9997379010027685 0.022203461147112722 -0.19773307684327066 0.9974991140292128 0.007129157407824757 -0.07031850841414747 26.63108088003841
-0.07188742689428373 0.02250576618765287 -0.9971588079853807 -33.01514452255784 -0.0032492230024370127 0.9997348082888144 0.022798150047921198 -0.1868583068904905 0.9974074595692575 0.004878891680883625 -0.07179523669134887 26.554633323080598
-0.07086787477427246 0.02453580741252592 -0.9971839040415731 -34.01158502417615 -0.0013481253217779102 0.9996941629743206 0.024693381161536947 -0.17064804591950272 0.9974848003268496 0.0030942963154169632 -0.07081312341097257 26.471907667000366
-0.06934108503598237 0.027027603141717323 -0.9972268160225367 -35.008564395702926 -0.0022488361689839186 0.999626147429018 0.027249002038676383 -0.16519614733465104 0.997590475426624 0.004132075100061665 -0.06925438104156136 26.394432577120448
-0.06758488234203551 0.02705511827997903 -0.9973466319458192 -36.00443240310205 -0.004400442955484888 0.9996144572105786 0.027414832434200148 -0.15659117401377823 0.9977038236774523 0.006241595185214593 -0.06743977097333011 26.304028781442153
-0.06600046942948723 0.024579856495937476 -0.9975168012067398 -37.0009957635303 -0.00637889330436024 0.9996657258290682 0.025054866250953736 -0.1462958140394745 0.9977992021219996 0.00801668617826047 -0.06582161489526392 26.221837211223797
-0.06481125745334632 0.02452665898803299 -0.9975960825435316 -37.998261599245254 -0.006733544948311201 0.9996643989786841 0.02501497125752483 -0.12768488766862 0.9978748219489983 0.008338609804425532 -0.06462435536842477 26.150321714054467
-0.06306498887374634 0.02724920767119011 -0.9976373528791143 -38.99496319702109 -0.006290579027079937 0.9995964775463219 0.027700373508118468 -0.10992363502321184 0.997989597036892 0.008022640355740978 -0.06286812744041427 26.071135585878157
-0.06132167461436414 0.030666254354081785 -0.9976468478707184 -39.9921064285799 -0.007010142081039581 0.9994900193353631 0.031153798436123488 -0.09226422329641674 0.9980934375751068 0.008904049240976413 -0.06107542694587261 25.997695127451454
-0.059542975544643835 0.032841125015362904 -0.9976853685260774 -40.98942996159378 -0.0074111756595969846 0.9994165752784142 0.033340418925198706 -0.08068956876020164 0.9981982310837023 0.009379209267867743 -0.05926484535436704 25.9255024833034
-0.05770666941198814 0.03217434881252135 -0.9978149886546429 -41.986227089955435 -0.009062801143054376 0.9994224746087338 0.03275031118013605 -0.06016258571879513 0.9982924450985377 0.010932910200147876 -0.05738175261996253 25.848210130142412
-0.05587129157649082 0.029184121644860266 -0.9980113655772624 -42.98229394516495 -0.011251434711721095 0.9994908447095863 0.029857269778812215 -0.03756731564975681 0.9983745810037945 0.012897223946838107 -0.05551448117349672 25.762534849439405
-0.05428136329969573 0.028567782077352052 -0.9981169347453769 -43.97928078675985 -0.012078587060969008 0.999498731223121 0.029264210530629657 -0.0181111393864662 0.9984526234794202 0.013644343536841394 -0.05390909530414747 25.68744373883488
-0.05281871583316185 0.03079859523144065 -0.9981290646952954 -44.977399986914726 -0.009786224275912362 0.9994603216980438 0.031357537621176566 -8.357720687343986e-05 0.9985561642051773 0.011424179752255362 -0.05248880875797195 25.628851509964022
-0.051766268073447766 0.032785744807062284 -0.9981209087215805 -45.97568768776399 -0.007306166938854089 0.999421777081747 0.03320740007021987 0.015696403173870874 0.9986325016813788 0.009011461158337786 -0.0514967975060806 25.572525329973793
-0.05047981219864551 0.03449080060927901 -0.9981293369266933 -46.97374938105792 -0.006525876639174798 0.999370768274005 0.034863741243799845 0.03135733229540094 0.9987037606289862 0.008273584033254105 -0.050222965989325685 25.51229600424045
-0.049927353019201454 0.02992122181257878 -0.9983045526820652 -47.97214227341465 -0.006464418267381683 0.9995205222378863 0.030280966328149243 0.04688404953876312 0.9987319313594415 0.007965306682396282 -0.0497099906708403 25.457793402988603
-0.04962848586074785 0.023027929297289057 -0.9985022422926493 -48.970397806436324 -0.005335621165464669 0.9997137885424494 0.02332106654681319 0.05822470976747313 0.9987534953820927 0.006485018919116641 -0.04949141331251855 25.399851533695408
-0.04964848727326241 0.018571040246467108 -0.9985940837876223 -49.968129929685475 -0.0022244645686411266 0.9998225812859839 0.01870448363399982 0.06963863566650413 0.9987642762278091 0.00314998647549577 -0.04959836808146687 25.33351668212928
-0.05039748747061259 0.01928499452465103 -0.9985430297402479 -50.9667858262482 -0.0012154337467524734 0.9998116289103363 0.019370839333056295 0.0816478282540456 0.9987284996321354 0.0021899045285136585 -0.05036455440783061 25.283096849187338
