1.0 0.0 0.0 0.0 0.0 1.0 0.0 0.0 0.0 0.0 1.0 0.0
0.9999305256769639 -0.0027234783086688683 0.011468499696677082 0.009922080993969086 0.0027109877007732972 0.9999957152722718 0.0011045283082215412 -0.004054560073986001 -0.011471458716167187 -0.0010733606102410259 0.9999336245631125 0.2119865413711495
0.9998190248584365 -0.00477565676676328 0.018414956789820223 0.017506357266121632 0.004754981784701526 0.999988014816536 0.001166349651861712 -0.006909105637055759 -0.018420306168791943 -0.0010785757874667002 0.9998297500049289 0.4278296075997052
0.9997695291274066 -0.007556184319122597 0.020094593971987804 0.027410644301014832 0.007561229959932171 0.9999713981568727 -0.00017512761622833308 -0.009180442278293727 -0.020092695933015752 0.00032702710038742897 0.9997980679234277 0.6618469825935998
0.9998130172001565 -0.009136420374282849 0.01704278321941682 0.03912119757777417 0.009169459080102138 0.99995622707435 -0.001861439069473072 -0.009506258935612097 -0.017025030317094316 0.0020173641157256064 0.9998530284920513 0.893688597157045
0.9998804097187031 -0.01169414388044739 0.010119943659036849 0.0430828789248555 0.011730457001243753 0.9999249423665237 -0.003536384007144883 -0.009057862945307785 -0.010077829096618873 0.0036546726539340314 0.9999425387133463 1.1285665411512267
0.9999085884789618 -0.013390423383098319 -0.0018738323382038434 0.03425972712446521 0.0133800079885671 0.9998955509607282 -0.005464664231903546 -0.013042514362164317 0.001946810785927974 0.0054390928069797395 0.9999833129593718 1.3901166232110769
0.9997594000080313 -0.012680483842342473 -0.017898252012574153 0.01756118743806561 0.012580052361916111 0.9999045489456739 -0.005712729673248188 -0.017415253043051443 0.017968983781866208 0.00548619424302973 0.9998234930699392 1.6079202764486453
0.9992717871053508 -0.008139992848483796 -0.03727782198178109 -0.007747573897371015 0.00792420249324997 0.9999510032227419 -0.0059328044530297715 -0.01873245880468115 0.03732428847445985 0.005633087098434691 0.9992873289598025 1.8554310997370949
0.9983860356698708 -0.0046058227561013385 -0.05660486000458971 -0.04400672037243259 0.004208428771887788 0.9999656706424186 -0.007137693179846833 -0.023006385442843714 0.05663579174578354 0.006887955676183145 0.9983711449956529 2.128451550726723
0.9970729220502462 -0.004301098797187929 -0.07633536967435842 -0.08891809840798007 0.00374689288015311 0.9999655858812471 -0.007401881309411609 -0.029284947966289783 0.07636457888267821 0.007094194972707414 0.9970547244207613 2.450497346581655
0.9952287399404793 -0.005751892688374218 -0.09739954274527052 -0.1583832456151411 0.005129091495519312 0.9999647777507709 -0.00664346884403366 -0.03872882251016432 0.09743432463417054 0.006112199960119195 0.9952231877296319 2.959139101317996
0.9930993699217333 -0.007146722302738981 -0.11705795923979073 -0.2202884919360711 0.006520546033073038 0.9999623162112942 -0.00573137302693785 -0.04458882903389695 0.1170945085838253 0.004928541130077736 0.9931085467066735 3.3193871177066643
