1.0 0.0 0.0 0.0 0.0 1.0 0.0 0.0 0.0 0.0 1.0 0.0
0.9998144089899621 -0.01284034085930844 -0.014362215103166927 0.7846805678583099 0.012053134232988287 0.998488896571267 -0.053615719514476835 0.623671602052086 0.015028956424663287 0.05343265921241671 0.9984583523604154 -0.002432845962760187
0.9950835856683223 -0.015128838120418172 0.09787632906173413 0.13055872735326934 0.020340239628449993 0.9984154375646842 -0.05246797770428504 0.5294312904498928 -0.09692745836620245 0.05420085137381424 0.9938145377911423 0.7477912768669381
0.9917225639695356 -0.01196925733762183 0.1278401071357356 0.6361548676851814 0.01904592631825543 0.9983442344345107 -0.054277456296794396 0.40765723761796496 -0.12697877304640393 0.05626301138542644 0.9903084694909324 1.60366000958419
0.9859004327309514 -0.01044227612415606 0.16700687294321062 1.031156157272946 0.02049606534119496 0.9980717000750909 -0.058590040235070286 0.3928342713277132 -0.1660730202243949 0.061186929801752325 0.9842133465742999 2.5153534913422333
0.976856278786303 -0.012917450598685922 0.21350632324548893 1.2336630838489189 0.025792702027111807 0.9980048463612864 -0.05762866614390673 0.3150737376357585 -0.21233592987979522 0.06180182933713004 0.9752404763814239 3.4900666817327846
0.9750466062607105 -0.013477624591083977 0.22159076978712972 2.014955455867124 0.02737469682078998 0.9978371113607877 -0.059763911896134954 0.2750004770178834 -0.22030601805997205 0.06433857961239865 0.9733066349203717 4.1006624401582545
0.9655149168676334 -0.016848810385869623 0.25980196861199467 2.400687616732562 0.03441157379250994 0.9974073738779886 -0.06320106109027825 0.233510525746074 -0.2580635365471253 0.06996176185885726 0.9635914917548798 5.012808323698934
0.9533263351138805 -0.018959772040658032 0.30134602340582395 2.712221079614835 0.04006723313300605 0.9971440878658975 -0.0640178480046999 0.15768019576162257 -0.2992716418363131 0.07310400179370348 0.9513633844721708 5.947007032804573
0.9412774259794532 -0.01983654084870296 0.3370509145346629 3.2950631483031128 0.04469436733610756 0.9968080723678109 -0.06615194925921941 0.10822613045404478 -0.3346628465634033 0.07733161390742468 0.939159518197283 6.742427086633684
0.9221876182223797 -0.019226305267193867 0.3862646061744553 3.5604993786124353 0.04747933773625657 0.9968366462105342 -0.06373706347064492 0.03872928007202109 -0.38381728632965567 0.07711711844660181 0.9201832647668788 7.688296693702185
0.9177982686666039 -0.02337279542596351 0.3963584873149057 4.259204696344108 0.052681942397898515 0.9966081550648026 -0.06322023571227336 0.005355579697728402 -0.3935364671510999 0.0789043578790612 0.9159165635198024 8.377049773541584
0.8999414350621657 -0.023281710263519873 0.4353887635498359 4.794531401989909 0.055122610268796314 0.9966362429264779 -0.060644019676712464 -0.06422075700837032 -0.4325123250213846 0.0785758312243696 0.8981975993354667 9.194624355386596
0.876044879664538 -0.024395898016232948 0.4816120938821264 5.160858236344008 0.05919587486102407 0.996606612681144 -0.057193600687967666 -0.17746249469646633 -0.47858250826057414 0.07861361027327447 0.8745162566052269 10.092303274508795
0.8233832666787352 -0.02752319562793959 0.5668178453929275 4.561803781659739 0.0659150028182714 0.9967009786371757 -0.04735368609901468 -0.35593107639675603 -0.5636445764459387 0.07635203262600752 0.8224810992095534 10.840040069284887
0.791363159995262 -0.026133446641157007 0.6107875178562236 5.017868940429012 0.06859995803508 0.9965720177483595 -0.04624131484450987 -0.44015614301200473 -0.6074853041513829 0.07849367113097483 0.7904431344710914 11.688407507729355
0.7483679276445532 -0.025706581781657516 0.6627854981259769 5.203407225010828 0.07245889928183306 0.9964367800605919 -0.04316771081891354 -0.519036557450657 -0.6593141533350102 0.08033003794087948 0.7475639987429538 12.635642188027875
0.6917247243975868 -0.016046325394097023 0.7219829783993725 4.97375048797371 0.07126072437808696 0.9963904950569675 -0.04612906373689103 -0.477994865694506 -0.7186367753032072 0.08335764392950774 0.6903714133568456 13.572102620640099
0.6294444665469192 -0.009742482526234619 0.7769843933874668 4.210641832948356 0.0740859827511344 0.9961186562307359 -0.047527779969954116 -0.4304690840703283 -0.7735056112875085 0.08747975047575168 0.6277231575809812 14.153714162297954
0.5916489063909564 -0.010085240758459922 0.8061326562577831 4.966693239382508 0.08000913403068433 0.9957199124253469 -0.04626439744901417 -0.48072018506221836 -0.8022157503053929 0.09187025589658639 0.5899235086377305 14.73667906385288
0.5459868659849834 -0.007766566387657034 0.8377577350394575 5.610676307567984 0.07945202937903696 0.9959302454956893 -0.04254786874156473 -0.5765135216939976 -0.8340178158765241 0.08979212968541785 0.5443819029386527 15.432248760819899
0.5017772376760555 -0.008229203493222578 0.8649577353605518 6.369911830395693 0.08451318679990516 0.9956369392951204 -0.039555105460229695 -0.6604495973345914 -0.8608583652419897 0.09294818621636838 0.5002834293397851 16.00039548900834
0.4640010181712694 -0.009672959736250562 0.8857818518043629 7.242102554337742 0.0920339174842732 0.9950553644621148 -0.03734407165356681 -0.7604285776540589 -0.8810407556796239 0.09884966112794528 0.46259694262539947 16.370712562854838
0.4151139817435776 -0.006568184171509121 0.909745701346086 7.934644287724401 0.0908993655458242 0.9952695127151011 -0.03429143337938499 -0.8483029674295219 -0.9052169284234353 0.09693016051021122 0.4137473341051341 17.018744752824404
0.3712645947640907 -0.006572372203623015 0.9285038527643666 8.72678764884858 0.09588972665028458 0.9948997478043984 -0.031299395228650044 -0.8871585558774652 -0.9235625376754887 0.10065433792123707 0.37000127467354527 17.56068570302736
0.3221233858486603 -0.008412959301539943 0.9466603120471387 9.27174741754569 0.10021159863773535 0.9946454497248566 -0.02525994537025285 -1.1305202242315127 -0.9413788609204394 0.10300316236615917 0.32124163608521583 18.317276663385833
0.2815714257915697 -0.0034706042982243406 0.9595339947513627 10.127788569638314 0.10034151805267175 0.9946172609851001 -0.025847319114050735 -1.1577999044907672 -0.954279367864876 0.10355896415232901 0.2804040459963245 18.762125270854103
0.2010069667299085 -0.00849214758623818 0.9795530015039593 10.285302277965576 0.10238763345077742 0.9946674487935688 -0.01238704269966294 -1.393465536337378 -0.9742242923692626 0.10278399554340925 0.20080457768124174 19.697166421338927
0.11948439585254658 -0.009499609522056158 0.9927906307810731 10.359721409350431 0.1052967950646726 0.994435828090186 -0.003157334270415525 -1.5417121704197656 -0.9872365795982541 0.10491492376928677 0.11981984257052139 20.670329259985177
0.07853940779052712 -0.010523467639097527 0.9968554649761232 11.305695308066529 0.10449612734799703 0.9945227122179153 0.0022658887867075127 -1.6323348238897935 -0.991419245724625 0.10398957405226447 0.07920888646638187 20.95838898245908
0.03942449048462165 -0.008734738691926666 0.999184374322383 12.285543410046353 0.0998040660371767 0.9949957231236568 0.004760185718963092 -1.6632464796099613 -0.9942257580411376 0.09953499538160386 0.040098961855754726 21.11512255016159
0.002791569155125469 -0.00773541783193608 0.9999661846545702 13.280824402312005 0.098052444569495 0.9951535537374019 0.007424459425910076 -1.6840674543095784 -0.9951773335720614 0.09802840300028474 0.003536516593415007 21.215971443322623
-0.035393276151028434 -0.008212080669344113 0.9993397208829327 14.289954399424984 0.09749415520702423 0.9951681345870289 0.011630718079407099 -1.716950173569618 -0.9946065582448999 0.09784143106912407 -0.03442163073679249 21.324895969189114
-0.05768927911060936 -0.016989810764260496 0.9981900086686368 15.196508016468334 0.09522474354819377 0.9952027874006805 0.022442374341803906 -1.9918353814980716 -0.9937827706757039 0.09634707198514932 -0.05579468100105479 20.928120892558535
-0.07612410740845077 -0.02067492499131603 0.9968839790807507 16.143643212999834 0.09227451648397116 0.99534853864535 0.02768935218123446 -2.083679978543185 -0.9928194870563911 0.09409481437980814 -0.07386225035776661 20.510098655913907
-0.09594471722033096 -0.022157448294392982 0.9951400196568282 17.108759036008042 0.09278338139777147 0.9952003637565296 0.031104342386035055 -2.1065237393387464 -0.9910529024093042 0.09531675332255772 -0.09342837450229019 20.090123289886954
-0.10680456910970436 -0.025623263324766568 0.9939498138205372 17.757033731150656 0.09200147273444899 0.9951244497642623 0.03553953426914383 -2.2492731201961145 -0.9900144004164698 0.09524063133959622 -0.10392646010546204 19.25827789435765
-0.09819544214707354 -0.0327195069094292 0.9946291213357594 18.028265917748968 0.09345570375807576 0.9947392933275687 0.04194960959595435 -2.3431575622273795 -0.9907692398215756 0.09707302497488172 -0.09462104018452966 18.219414223925497
-0.119914024449987 -0.031210583147808238 0.9922935685772541 19.10702246654355 0.09689674240705151 0.9943657713693228 0.042985277014278206 -2.2868882222916405 -0.988044355305524 0.10130455186548366 -0.11621419758456357 18.057027696384917
-0.09034024204712493 -0.00901423045205869 0.9958701643870169 19.374821836817983 0.10280223813668381 0.9945329511275904 0.01832781917020167 -1.8398634579588464 -0.9905909047134214 0.10403342141256451 -0.08891966446315598 17.0837204779813
-0.08639425788497761 -0.0015140850463197953 0.9962598756102629 20.21903253731155 0.11442485189053211 0.9933661220128394 0.011432449737639445 -1.7059906949766355 -0.9896681188531501 0.11498458672207494 -0.08564787996220208 16.36586698574447
-0.08413011650569215 -0.0010139363928173075 0.9964542615844091 21.08563343942095 0.12199923298066569 0.9924657506960911 0.011310209873159612 -1.7729537412281218 -0.9889581945910894 0.12251818488794626 -0.08337255977175598 15.64462492722274
-0.0521150357180746 -2.296821707677599e-05 0.9986410879412907 21.524078861443613 0.1232210478390277 0.9923582665419611 0.006453231383377843 -1.6433196688007334 -0.9910098871462155 0.1233899116552742 -0.05171395633818525 14.605381287256156
0.005513508824955141 0.012777400419459592 0.9999031649409647 21.84206943692785 0.12040812511706009 0.9926347274543909 -0.013348455241826524 -1.3585401740211278 -0.992709164169562 0.12047006221493138 0.003934397501400047 13.54551390113755
0.05435157211729607 0.0226080835083741 0.9982658870102977 22.16412959787934 0.12082216093738843 0.9922490096610829 -0.02905009901913655 -1.108124275077053 -0.9911851048289603 0.12219156021051628 0.051198736102775574 12.470841008975455
0.11171375449461743 0.04650459977019135 0.9926516807304214 22.551297488414342 0.11671540703891244 0.9913766815680104 -0.05958010576478007 -0.7068721948160234 -0.9868624781682888 0.12251366227248177 0.10532260792501788 11.451827780488506
