1.0 0.0 0.0 0.0 0.0 1.0 0.0 0.0 0.0 0.0 1.0 0.0
0.9999983681763059 0.0005593531875988983 0.0017177801771120784 -0.004496598661413138 -0.0005578790867579373 0.9999994758723274 -0.0008585021811496003 -0.022396845188529923 -0.0017182594827075395 0.0008575424665889399 0.999998156100934 1.1991940016704465
0.9999936448093378 0.0009210730712458961 0.003444120400554673 -0.011795699979017294 -0.0009193988403102002 0.9999994584444319 -0.0004876644492679002 -0.0403756310609402 -0.003444567709964123 0.0004844948297652041 0.999993950090725 2.384626942147711
0.9999903410255951 -0.0001850180218787808 0.004391312314745123 -0.008027716590020871 0.0001852836831980081 0.9999999810295573 -6.0090278219005725e-05 -0.0653508486274025 -0.004391301113655596 6.0903336328347235e-05 0.9999903563361563 3.5762172676993558
0.9999847021194553 -0.0007401389469437344 0.005481580192205931 -0.010936457158963641 0.0007408776877179329 0.999999716740335 -0.00013273846989793873 -0.08430320932876852 -0.005481480394584055 0.0001367976197385739 0.9999849672165552 4.768137099762845
0.999978791198813 -0.0014370312595091712 0.006352329786776117 -0.008744116098661811 0.0014370539891733762 0.9999989674368966 9.862055179226065e-07 -0.10680903485327414 -0.006352324644802946 8.142456259045726e-06 0.9999798237491131 5.963327417923706
0.9999735997458882 -0.0010773446051935592 0.007186037840976207 -0.0018378508784158082 0.0010844467156544521 0.9999989273694082 -0.0009844975132828272 -0.12455679207299476 -0.00718496948992746 0.000992264397433614 0.999973695466433 7.154071684858692
0.9999681805946818 -0.001735026949842377 0.0077863649827980665 0.007015445911158887 0.001744130721084218 0.9999978032333504 -0.0011625560205348747 -0.15216110911754244 -0.007784330811944867 0.001176099467065789 0.9999690100117372 8.346761772868774
0.9999627622998728 -0.0023197761361578658 0.008312199004274117 0.0014139201807463102 0.0023181003873777198 0.9999972908925915 0.00021122990241791823 -0.17247122067894666 -0.008312666491721103 -0.00019195352497033296 0.999965430767305 9.5383483745223
0.9999708087579744 -0.0032472472473411293 0.00691643096095594 0.012301590214407958 0.0032390110519850517 0.9999940323631056 0.0012016844765895109 -0.19427971697275348 -0.006920291852816163 -0.0011792470016042458 0.9999753591650052 10.730068113915276
0.9999799323804396 -0.004093248550077894 0.004835302753617562 0.015971383642460507 0.0040901948358183894 0.9999914295055581 0.0006412656512869674 -0.2090013949324866 -0.004837886172379548 -0.0006214754522593679 0.9999881042420682 11.921892513722486
0.9999886153893462 -0.0036226028291119214 0.003105775336529891 0.01323280066395622 0.0036223708973380283 0.9999934359689937 8.029949108703327e-05 -0.22386474017693112 -0.00310604584328788 -6.904830671589112e-05 0.9999951738441295 13.114287910151138
0.9999936789933874 -0.003171289789626938 0.0016077606603742735 0.02587118650993668 0.003171297369653488 0.999994971421509 -2.165318860999362e-06 -0.24138315416290312 -0.0016077457087700113 7.263992327248694e-06 0.99999870754965 14.306068758631097
0.9999979446663236 -0.0018096900726220016 0.0009141580664411603 0.018220852436144432 0.0018096189188159617 0.9999983595449172 7.865648639837329e-05 -0.2672321476745578 -0.0009142989106685008 -7.700204700122402e-05 0.9999995790640047 15.499320037638649
0.9999967532547785 -0.0024940286850779177 0.0005227818097910511 0.010108928285122684 0.0024939045021097413 0.9999968618789434 0.00023806007494622843 -0.2890072041654456 -0.0005233738978941356 -0.0002367555341167483 0.9999998350132764 16.690463666149064
0.9999947413925763 -0.003242377596708001 -6.461204185306912e-05 0.007009273595314829 0.0032424194216701943 0.9999945268020772 0.0006580897986982205 -0.3079838908601778 6.24779125986371e-05 -0.0006582958374017082 0.9999997813715265 17.88413951809326
0.9999938590635016 -0.0034445880294687327 -0.0006454832252392684 0.014255611263182906 0.003445103760914755 0.9999937459433536 0.0007995838017468388 -0.3263640336975329 0.0006427249515585436 -0.0008018026482403672 0.9999994720084355 19.079928171735357
0.9999923826848791 -0.003600884762916745 -0.0015060548274864129 0.008109454186881871 0.003600757892484028 0.9999935134706982 -8.694324625318855e-05 -0.34899776336358124 0.0015063581310283088 8.151964517248873e-05 0.9999988621192167 20.273647493087964
0.9999887882277805 -0.004323561024011176 -0.0019313826155449424 -0.005033649404363369 0.004321593732331594 0.99999014002466 -0.001021607103205876 -0.36925598184614367 0.0019357805528132696 0.0010132489981736434 0.9999976130372106 21.468287538640112
0.9999892969566935 -0.0039002640182127213 -0.0024887572495262446 -0.02008874305146752 0.0038988807896725396 0.9999922423097115 -0.0005604007341804349 -0.3908496846737614 0.0024909236533376287 0.0005506913683567642 0.9999967460138907 22.662581599587003
0.9999861296756042 -0.004062873318227427 -0.0033516438961638494 -0.017904094225515272 0.004060342925065417 0.9999914668833785 -0.0007614300751451817 -0.41111732029305914 0.0033547088901316356 0.0007478106902819096 0.9999940933362725 23.857001593887105
0.9999839040757436 -0.0035755546120667947 -0.004405337518416027 -0.006817946724814887 0.003568585220512203 0.9999923703014949 -0.0015888795805296242 -0.4267259906770541 0.004410985032731155 0.0015731331836846534 0.999989034171389 25.051208817785987
0.9999803935620759 -0.0031334784627344904 -0.005421605312103732 -0.0002064636169714605 0.003128075475752828 0.9999946027872759 -0.0010047587450485315 -0.4436074411383746 0.005424724440434453 0.000987779854692593 0.9999847982123048 26.24777968741568
0.9999732643972199 -0.0040596558630842565 -0.006081914586868461 -0.002129842573743376 0.004063948573368056 0.9999915015681052 0.0006936234992430492 -0.4615567198992951 0.006079047027426148 -0.0007183215429093066 0.9999812644251888 27.446669915234654
0.9999679626850734 -0.004638426939069659 -0.006523695194864835 -0.019947753981829252 0.004643760896569761 0.999988895502162 0.0008027185690419467 -0.48268893714939076 0.00651989940107059 -0.0008329873327413292 0.9999783982886347 28.642200323964794
0.9999615217495984 -0.005079504309124154 -0.0071521784235152415 -0.019887851525050505 0.005077413539294043 0.9999870616614589 -0.00031045359076471875 -0.49625814592372836 0.007153662836561621 0.0002741270774908011 0.9999743746528539 29.833776210036767
0.9999535834111893 -0.0054236076206962604 -0.007963385178375212 -0.027242956712031797 0.005413917817746916 0.9999845784945051 -0.0012378477407696405 -0.5198954107976234 0.007969975971427066 0.001194677171193362 0.9999675255874421 31.03365176026582
0.9999488790056325 -0.004743578416168594 -0.008929604649115975 -0.0380696998587351 0.004734406828448556 0.9999882435192642 -0.0010479576514741535 -0.5456673572719234 0.008934470737687562 0.0010056276976109031 0.9999595811559442 32.237866426082434
0.9999429796467385 -0.004894042276080476 -0.009491354244950704 -0.04283494505211295 0.00488865536133334 0.999987876000752 -0.0005906777993313005 -0.5617675052892265 0.009494129973900464 0.0005442441588586814 0.9999547816248164 33.4266194391437
0.9999357217455024 -0.005421515846991029 -0.009957888492204064 -0.06846495689354573 0.00541915487476083 0.9999852814072943 -0.0002640629050005608 -0.5860018504645669 0.009959173547323244 0.00021008259153318674 0.9999503841329125 34.621257437944216
0.9999271974035704 -0.005965426769940296 -0.010488735676660052 -0.07592204021738191 0.005961721372639819 0.9999821548578325 -0.0003845050853829186 -0.6053879251652367 0.010490842240610315 0.0003219461727589135 0.9999449177728464 35.819397740575596
0.9999198052004242 -0.005827727474401058 -0.011243698698877813 -0.07743718289161317 0.00582348199473347 0.999982959214357 -0.0004102905732337106 -0.6235216642899097 0.011245898159064622 0.0003447801931363693 0.9999367034473805 37.01659755900769
0.9999119070875099 -0.00680220380061991 -0.011397722933786871 -0.09056578308323836 0.0068047354569742615 0.9999768307100637 0.0001833532569013308 -0.6410936125948211 0.011396211650418738 -0.0002608955941551457 0.9999350270360109 38.21461963062559
0.9999143727836219 -0.006518509983769841 -0.011347075761129427 -0.10273672174781773 0.006534618317292371 0.9999776926424798 0.0013831055162498009 -0.6576837127341506 0.01133780685073743 -0.0014571358938907893 0.9999346633109595 39.41364967583003
0.9999150521525607 -0.006646357321482976 -0.01121224389221262 -0.1293667912858111 0.0066695754750562405 0.9999756881528591 0.0020346661146286877 -0.6762123482542766 0.011198448183825385 -0.002109274181005767 0.9999350707524481 40.61077952395247
0.9999204907359057 -0.006044054412761573 -0.011067141126895524 -0.1511874246479241 0.006061463335759717 0.999980443091315 0.0015401613961226832 -0.6955816096458597 0.0110576158685446 -0.0016071220091957764 0.9999375711963978 41.80732072359862
0.999928556440751 -0.004897514849107234 -0.010903960868439158 -0.16821897379933737 0.004917150700171023 0.9999863359064189 0.0017747195400795398 -0.7184802732252055 0.01089512016039699 -0.0018282091666177278 0.9999389751419501 43.004793388077715
0.9999457384689432 -0.0021594701844702253 -0.010191015961325742 -0.19193326532610483 0.0021951867591550483 0.9999914836287375 0.00349482833460021 -0.7356956927376233 0.01018338219326196 -0.0035170098831645556 0.999941963000147 44.20479783162185
0.9999611764344607 -0.0017276151988980225 -0.008640657934189932 -0.19843100158614194 0.0017840618123000514 0.9999770928155304 0.006529239438819129 -0.7492973551323594 0.008629179987753045 -0.006544401418317309 0.9999413523116317 45.405192049044025
0.9999748587774009 -0.0009081686935604261 -0.007032570137803243 -0.20893290448946 0.0009742301577362622 0.9999553827535063 0.009395923471801888 -0.7595378093894134 0.007023723280343825 -0.00940253858871291 0.9999311274179682 46.60599256373388
0.9999835218781007 -0.0005948134044803377 -0.005709830933206277 -0.20946467867602708 0.0006678765359954192 0.9999178195778015 0.01280265721275621 -0.7678627375581436 0.005701746504766469 -0.012806259711114716 0.9999017400719968 47.811626369302
0.9999905783723201 -0.0011104286328192533 -0.004196440735400373 -0.2182975872433956 0.001168644014805438 0.9999027676343998 0.013895666527144194 -0.7670312437067586 0.004180602559556786 -0.013900439752696607 0.9998946446185822 49.014888566555946
0.9999931171283851 -0.0027380029365726153 -0.002503804260835055 -0.21923950265945163 0.0027678264830329107 0.9999243294166179 0.011986433050999269 -0.7582495635758674 0.0024707959076133894 -0.011993280645660792 0.9999250253828721 50.213955931714004
0.9999981880731222 -0.0013637109186411063 -0.0013282104517433463 -0.21707954481242803 0.0013769968686422902 0.9999485103361714 0.010053882637806922 -0.7572418401754243 0.001314431473105867 -0.010055693362539562 0.9999485763282536 51.41523749259302
0.9999997156815085 -0.0006089050463305898 -0.000444827548695249 -0.2216795355934708 0.0006131772553432892 0.9999530754784616 0.009668032624002506 -0.7642287608429765 0.0004389197615225893 -0.009668302633337365 0.9999531645400365 52.616691352594465
0.9999988370841657 -0.0012277112031071151 -0.0009047405813080822 -0.22191034472946128 0.0012360415515975858 0.9999563137674521 0.009265136690343574 -0.7775901676973469 0.0008933261444876847 -0.00926624421272124 0.9999566684044814 53.82222772589561
0.9999969835427122 -0.001977486920020467 -0.0014568633976629953 -0.23335436557661787 0.001989635510868916 0.9999628645816256 0.008385154038081124 -0.7911309239254637 0.0014402277639986448 -0.008388027371772517 0.9999637827145533 55.02627077800385
0.9999943863876554 -0.0015970646109480966 -0.0029456031312352646 -0.24688057207818884 0.0016224712411461125 0.9999613310561177 0.008643146391690877 -0.7985350906992785 0.002931685564643764 -0.0086478770287858 0.9999583088522467 56.231488390890775
0.9999926818074186 -0.0014439997516523684 -0.0035427667613915133 -0.26893112136341357 0.0014789607800927145 0.9999500426339971 0.009885591093979098 -0.8095631111816272 0.003528314983011209 -0.009890758362412747 0.9999448604260122 57.43905313226757
0.9999897999743415 -0.0019066218272619638 -0.004094476826905527 -0.2929005811293262 0.0019485840593177137 0.9999453730176311 0.0102690798416147 -0.8222892114930118 0.0040746739062202985 -0.010276953529012891 0.9999388887620685 58.643909688686165
0.9999851521436247 -0.0005494448953823421 -0.005421586723465457 -0.2833801444187027 0.0006027658193789162 0.9999514220478808 0.009838201959046729 -0.8252829595484302 0.0054159178040391635 -0.009841323830000625 0.9999369060993862 59.850170675391134
0.9999800666184177 -1.737757764200417e-05 -0.006313957859072226 -0.28999796944057316 7.981640560037796e-05 0.9999511004649769 0.009888898230943551 -0.8380626981775341 0.006313477264372067 -0.009889205069182989 0.9999311694451433 61.05396765114866
0.9999809878398923 -0.00022866124020037452 -0.006162115934615507 -0.29623645233627505 0.0002860365348855564 0.9999566042647297 0.009311700728145297 -0.8425366648737382 0.006159719300026959 -0.009313286282889556 0.9999376583351373 62.25783328548132
0.9999861401247667 -0.001455536644280165 -0.0050597402550821395 -0.32622203596397753 0.0014986481643211006 0.999962519947592 0.008527177360656248 -0.856727002525719 0.0050471389966316 -0.008534641945487071 0.9999508419291476 63.459539190536894
0.9999857349786474 -0.0014851953244490758 -0.005130695280741879 -0.3319783659064661 0.0015336667805824925 0.9999541114523823 0.009456365881324109 -0.8549864325116857 0.005116415290194056 -0.009464099762976172 0.9999421248803627 64.65994062114821
0.9999860840876202 -0.0012625145323156574 -0.00512227372988464 -0.36366597832179426 0.0013178035794824624 0.9999407573305651 0.010804870332430942 -0.8615742611612743 0.005108328966900928 -0.010811470123458365 0.999928505988771 65.86270782557847
0.9999848707033185 -0.0013097691555374752 -0.005342552688329003 -0.37469811374979506 0.0013582298443304834 0.999957879127284 0.009077179239885547 -0.8708363461461804 0.005330438645959655 -0.009084298323053906 0.999944529435418 67.06020299725267
0.9999844929119105 3.5366589390805475e-06 -0.005569014562937929 -0.38985707765859307 4.308325633677144e-05 0.999964960281155 0.008371162030458968 -0.892581336012924 0.00556884903217854 -0.008371272149393826 0.9999494535840588 68.2537691570106
0.9999799196588555 0.0022318885521210533 -0.005931184751848573 -0.38442144852904125 -0.0021795782542534917 0.9999588033714581 0.008811412971483029 -0.8982970027968056 0.005950606498772729 -0.008798308553997417 0.9999435884333104 69.44840175728457
0.9999748608461968 0.004182822868105063 -0.005725527790871524 -0.39154485747423673 -0.004131422030115033 0.9999513231237075 0.008960063345466453 -0.9062181053898567 0.005762727447924746 -0.008936183525406585 0.9999434662001455 70.6396801640451
0.9999672345321835 0.005894811019539672 -0.0055480685920143704 -0.40336809203229274 -0.005843475442461914 0.9999403836507976 0.00922404136199952 -0.9115981736524073 0.005602111817085314 -0.009191319129398506 0.9999420663197697 71.82986831407582
0.9999673987731768 0.006689411969176628 -0.00452251681188587 -0.4013652921832515 -0.006642680670239431 0.9999251953965544 0.01027026799428168 -0.9214944658343991 0.004590880560456931 -0.010239891535938045 0.9999370322360364 73.01639775277239
0.9999582560549636 0.008834326097290544 -0.0023325586645398305 -0.405527894673211 -0.008808460969854697 0.9999020630284592 0.010875447888365105 -0.9265293275304193 0.0024284074739083345 -0.010854447652309617 0.9999381399883215 74.20203245374823
0.99997190084017 0.00749619691257329 6.754217973420255e-05 -0.4021827180181764 -0.0074965006758037364 0.9999345824946485 0.008639051387127514 -0.9354386640666053 -2.7777309574146278e-06 -0.008639314967037742 0.9999626804182167 75.38032037495515
0.9999867402985357 0.004488845015084323 0.002523786349970019 -0.3954166020134168 -0.0044980384316392905 0.9999832264142641 0.0036489094788595966 -0.9498042269773977 -0.0025073646278984544 -0.0036602131834045423 0.9999901579326043 76.55563326954908
0.9999765913087376 0.004966599280130195 0.0047063495566490535 -0.38953779677526373 -0.0049819613586553025 0.9999822824764218 0.0032580353382541303 -0.9587403919000868 -0.004690084815824032 -0.0032814059235422082 0.9999836176056013 77.73130695338091
0.9999578608025844 0.004718064707940166 0.007875054573249732 -0.3853565459824512 -0.004770923217040434 0.9999661272531729 0.006706909716643146 -0.9714869677680614 -0.007843144189486317 -0.006744198373549407 0.9999464990075825 78.90975151217009
0.9999259918099207 0.005494202341618285 0.010854706056664621 -0.368700066239596 -0.005580916503881021 0.9999526288401472 0.007974549934280447 -0.9866508632108897 -0.01081037806572642 -0.008034538960449393 0.9999092868404459 80.08353509269648
0.9998756144218087 0.005382650958761867 0.014825071779509086 -0.35322483944655375 -0.005474230466543577 0.9999661432867348 0.0061437025523255915 -0.996986745359802 -0.014791500444870929 -0.0062240942239353315 0.9998712277916998 81.24962561529595
0.9998180497261822 0.005428527344272299 0.01828656699894603 -0.32984686293432136 -0.005485072731572833 0.9999803255130577 0.003043446061185942 -1.010597168692712 -0.01826968578995827 -0.0031431954553416204 0.999828154686327 82.41409672134665
0.9997576800137536 0.004024679191670386 0.02164216280601515 -0.303812022322456 -0.0040184789824333385 0.9999918714403836 -0.0003299694317965233 -1.0296866736270613 -0.02164331490751043 0.0002429208972381208 0.9997657265125925 83.57284001244001
0.9996822034297217 0.003644079339430254 0.024944194347896506 -0.2688197474170694 -0.0036109519883523377 0.9999925379575091 -0.0013729730646987832 -1.044875813877366 -0.02494901143603688 0.0012824644503894988 0.9996879023541787 84.73201725304695
0.9995845519019683 0.003265290939570591 0.02863671548942619 -0.2506306952368275 -0.0032812271050005628 0.9999944869536825 0.0005095202896331769 -1.0729547631343068 -0.028634893881901886 -0.0006032721774598948 0.9995897553071721 85.89143076891355
0.9994662473258503 0.0045158711977927 0.032354711615283485 -0.21239321499025196 -0.004549284741756715 0.999989191927685 0.0009591851505043736 -1.091588789841732 -0.03235003036662593 -0.0011058639787405213 0.9994759890063087 87.04525767051769
0.9993381643439215 0.004037189342044111 0.036151547517898154 -0.1738057617511596 -0.003998317222206644 0.9999913483293947 -0.0011474867095634333 -1.1167064045665476 -0.03615586736773098 0.0010021819068940507 0.999345660362976 88.19760526703192
0.9992038233069795 0.003990032780595974 0.03969633644463109 -0.1456508651159084 -0.0038604493095740597 0.9999869689555891 -0.0033404865125826874 -1.1434308313918098 -0.039709147810596104 0.0031845812004578414 0.9992062059568756 89.34716595115769
0.999072276455178 0.004065123484354799 0.04287261584888907 -0.0974004094210304 -0.003910101385679686 0.9999855137256125 -0.003699114228481667 -1.1629041492038361 -0.04288703214053352 0.003528046198478583 0.9990736986650176 90.49688616409883
0.9989548323019041 0.002422058820974558 0.04564402098570906 -0.03952022670806463 -0.002307811728113757 0.9999940716114718 -0.002555532613196036 -1.1868709952480643 -0.045649940040526575 0.002447523846108292 0.9989544997652892 91.64926300391961
0.9988289998964921 0.002169518739799752 0.04833137856726582 0.023613853034236534 -0.0021132461899916024 0.9999970285235292 -0.0012153742844210889 -1.2003445180291268 -0.048333871728997356 0.0011118149793940028 0.9988306166268315 92.80326113882305
0.9986994835901871 0.0014535600049474038 0.0509630124698967 0.08307823604687234 -0.0014825865817548176 0.999998759581724 0.0005317631422876998 -1.2157891751942775 -0.05096217630480874 -0.0006066286540485917 0.9987003998136545 93.958634105303
0.9985840169268949 -0.00018288679966468814 0.05319706467998578 0.15348401597791367 0.000102546111485594 0.9999988501990049 0.0015129722276608789 -1.2329499495317966 -0.05319728021659643 -0.0015053747324709171 0.9985828875083287 95.11318670883944
0.9984567007889975 -0.001076054278652918 0.055525298348959376 0.214129201743667 0.0011257923327514052 0.9999989926138823 -0.0008645014994778371 -1.247720784168709 -0.05552431216300709 0.0009256772701508962 0.9984569063712345 96.26569632862432
0.9983214566113182 -0.00222746388412088 0.057873203420079705 0.27775695601211253 0.0024892488688265718 0.9999869928031608 -0.004451726020159989 -1.26352198754428 -0.057862534592999046 0.004588314411029564 0.9983140159595774 97.42328212869192
0.9982097528877837 -0.0015297291907616678 0.05979087863808293 0.34083420996422353 0.0019614477562534503 0.9999724256251615 -0.007162451537609921 -1.2871982778866085 -0.05977827333078878 0.0072669056641775625 0.9981852283617791 98.58206827202596
0.9981222507739133 -0.0011967113383278011 0.061241655692766496 0.4260995183896489 0.001699282713016138 0.999965304088538 -0.00815494067281683 -1.307975279100351 -0.06122977174773608 0.00824369462611501 0.998089653563562 99.74809600532593
0.9980909451902479 -0.0012000715288106696 0.06174969601192109 0.4757095219558941 0.0016612475900883 0.9999711087423938 -0.007417677328528511 -1.3386211156340821 -0.06173901024217447 0.007506098109635924 0.9980641027035713 100.92293891129007
0.9981327885438488 -0.0010483553842905006 0.06107239462040055 0.5285280269687344 0.0013929957571776946 0.9999833449287315 -0.005600841719251773 -1.3646996329024517 -0.061065505782742516 0.0056754573500165375 0.9981176249257226 102.10388119297575
0.9982201777667129 -0.0021526127206411803 0.05959734019122066 0.5984545660144681 0.0023973689758019796 0.9999889830775676 -0.004035634458716854 -1.3937335597411282 -0.05958799645387472 0.004171328561196722 0.9982143410593975 103.28735329586338
0.9983329668597453 -0.0018528598049395856 0.05768755664407346 0.6542504121377288 0.002038399554753333 0.9999929371909185 -0.003157609148221186 -1.4163901378862374 -0.05768129860080387 0.0032699355989053835 0.9983296926932023 104.47877418853102
0.9984783793807036 -0.0016155237888850927 0.05512092154683467 0.7097237094986969 0.0017696254237678803 0.9999946611747482 -0.002747007072804443 -1.4357499737188681 -0.05511618941059228 0.002840370554352072 0.9984759075510882 105.67673086400886
0.998636921886083 -0.001369962847860564 0.05217682864726477 0.7647575258544903 0.0015192165390847385 0.999994867006684 -0.0028209823447597868 -1.456990242738316 -0.0521726961829451 0.002896405026503976 0.9986338771596546 106.87593989296691
0.9988237483051818 0.00011012923406929893 0.04848822221054974 0.8122461736919088 4.4193725319448046e-05 0.9999949377022584 -0.0031816060045980013 -1.478401560028589 -0.04848832713656417 0.003180006510316605 0.9988186870949559 108.0806173333484
0.9990137831079127 0.00036547617422515074 0.04439963499380813 0.884343188801558 -0.00022937372341682156 0.999995259846075 -0.00307045160741865 -1.4888276475794808 -0.04440054670961049 0.00305723936658036 0.9990091314594389 109.2861315012976
0.9991912981723596 0.0007574392790446567 0.04020169078999232 0.940463298814371 -0.000676219407336463 0.9999977030484949 -0.002033869475901829 -1.5106604812244895 -0.04020313898128746 0.0020050395184197083 0.9991895152735443 110.49853921101739
0.9993450076912894 0.0010049734385367197 0.03617382521776414 0.9758082422654653 -0.0009619259997144694 0.9999988084404637 -0.001207400522474276 -1.534712282401189 -0.036174995519952305 0.0011718131414325875 0.9993447836222954 111.71421264226954
0.9994920511346447 0.0011817011723231391 0.0318471867046532 1.012030694440027 -0.0011593583431804655 0.9999990687290089 -0.0007200203781316796 -1.5524677416883939 -0.031848007895216815 0.0006827323429848647 0.9994924903518053 112.93053471440375
0.9996353595183067 0.001805951089883921 0.026942281665950203 1.054618853560518 -0.0017926205809843717 0.9999982586125818 -0.0005189250949284895 -1.5746649482571242 -0.02694317190234045 0.00047043858521900075 0.9996368561509614 114.1488281793086
0.9997538190458173 0.00241696851021509 0.022055828402594575 1.0715578376708483 -0.002404786351603555 0.9999969409692233 -0.0005788391801018578 -1.5949818774208953 -0.022057159969207273 0.000525657125804455 0.9997565730610019 115.36921616848751
0.9998514359649598 0.0029594116547843313 0.01698080921116911 1.0955771553314781 -0.0029452171307361996 0.9999952922946455 -0.0008608627050200105 -1.6151324071551239 -0.01698327691764487 0.0008107226416005809 0.9998554450689041 116.5923816567322
0.9999202164631713 0.004185868038022336 0.011918020683553807 1.1344605733300133 -0.0041691855447219 0.9999902946238312 -0.0014242717558215026 -1.636243285375068 -0.011923866828299833 0.0013744696828279673 0.9999279635218485 117.8175694572908
0.9999437750144979 0.006227121748075578 0.00858310925540259 1.132605675708204 -0.006214708277044938 0.9999796048341932 -0.0014721809261377095 -1.656316026536023 -0.008592101651328241 0.0014187566326542959 0.9999620807404798 119.04608994287564
0.9999460921588345 0.008332426343034454 0.006195437637000234 1.1555026620556688 -0.00832367279945207 0.9999643246163203 -0.0014373467749095327 -1.6742896741533893 -0.0062071931985166 0.001385700494908201 0.9999797750888435 120.27764888552551
0.999941995666007 0.009369170711219075 0.005312621167294804 1.1490867351592038 -0.00935961819506152 0.9999545413573406 -0.001820100566067055 -1.6943393583528004 -0.005329432495662429 0.0017702708866051222 0.9999842315208083 121.50775607276752
0.9999280177954186 0.011351730076234193 0.003885543977568022 1.1659773871546428 -0.011345246692425093 0.9999342182394702 -0.0016865856945091453 -1.7137559286978343 -0.003904434045198852 0.0016423818353929415 0.9999910289481064 122.74896037732147
0.9999176149565915 0.012487017520132485 0.0029728257557183513 1.1572288173954313 -0.012484771589312237 0.9999217635299609 -0.0007728502395190652 -1.737747796060319 -0.0029822437668062547 0.00073567151768367 0.9999952824936389 123.98956614769907
0.9999234978458782 0.01214321974913656 0.0023538627377681556 1.1527150063391587 -0.012142008994247043 0.9999261437001965 -0.0005279795777847005 -1.7537617851959713 -0.002360100262211946 0.0004993585636765865 0.999997090279655 125.23103023438841
0.9998674430156159 0.016211646354142274 0.0015096091885961102 1.1553112283970783 -0.01621393988839933 0.9998673906137964 0.0015196514238814715 -1.771714645205067 -0.001484772948782418 -0.001543926696110158 0.999997705867192 126.47736213772873
0.9998536111471811 0.017086972366379884 0.0008897478812464253 1.1433858829894128 -0.017091044227785103 0.9998424645339581 0.004789814386943659 -1.7902483228234094 -0.0008077642883292325 -0.004804319931900181 0.9999881329430095 127.727504070441
0.9998742505497413 0.015854921244111336 0.0003233572888493855 1.1463345258511588 -0.01585617353750989 0.9998649050052437 0.0043305310990878814 -1.800572836236878 -0.00025465337537669064 -0.004335113746469307 0.9999905709257778 128.97740501789826
0.9998765853822005 0.015710004779656454 -9.876362815124798e-05 1.1388016014334528 -0.015709681107738283 0.9998729526319954 0.0026989839690780447 -1.8086081927345206 0.0001411521315469142 -0.0026970993298996034 0.9999963528589891 130.22778858700607
0.9999177352018863 0.012799834234194493 -0.0008288982490486349 1.13563651272321 -0.012796776992555171 0.9999116582943011 0.0035941766428985705 -1.821312001069911 0.0008748298880012005 -0.0035832737426399345 0.9999931973878381 131.48342915454538
0.9999403862932706 0.01076615216582934 -0.0018203920474838817 1.1391188212614527 -0.010756142977838687 0.9999274534374617 0.0054215542337613986 -1.8339769246776176 0.0018786292621545608 -0.005401650637678708 0.9999836463275203 132.74146657673262
0.999969437631188 0.00757748328410077 -0.0019249806867795143 1.1438222656856516 -0.007563581645130275 0.9999459822480231 0.007129152735786565 -1.8406569554116734 0.001978897739335689 -0.007114375103401458 0.9999727344436071 134.0040468498128
0.9999824196239908 0.005486814638654785 -0.0022484012252638034 1.1375898159918316 -0.005468119435695239 0.9999511134820284 0.00823834424416318 -1.8551766054641834 0.002293493576554333 -0.008225904884534436 0.9999635365232296 135.26754277242784
0.9999972107974706 0.0012583027376987035 -0.0019987674951180557 1.1357024899148396 -0.0012456170742192758 0.999979155616329 0.00633535878659586 -1.8657259012724934 0.0020066976313472505 -0.0063328514170776645 0.9999779338353146 136.53095119616896
0.999997174874051 -0.0014145851498840447 -0.0019102860441896465 1.1281891834783226 0.0014248065754776957 0.999984619978933 0.005360012295566461 -1.8806278537449281 0.0019026744701537595 -0.0053627189409733165 0.9999838104066585 137.79790987846943
0.9999947747828316 -0.002855948297706467 -0.0015145845486858266 1.1181661515351595 0.0028635835733522765 0.9999830818522372 0.005063190537363389 -1.8969216714456754 0.0015000987143246947 -0.005067501220527225 0.9999860349701022 139.06527123842986
0.9999940729556441 -0.0032229690162661135 -0.001211001363506489 1.1161675871591195 0.003229665245543581 0.9999792784314101 0.00556883921436609 -1.9132803867022738 0.001193028073414377 -0.005572717336624946 0.999983760620892 140.33923136534875
0.9999968780933464 -0.0024417990993477645 -0.0005304910175004504 1.116299138525019 0.0024457801497788432 0.9999678382176413 0.007638107736428142 -1.9272834105438772 0.0005118232313724607 -0.007639381355368893 0.9999706885151616 141.61480893069083
0.9999998191917104 -0.0002950958174099596 0.0005239608812928213 1.1031064105557429 0.0002902964319608562 0.999958220215994 0.009136386071117227 -1.9387679042018229 -0.0005266350996359831 -0.00913623231520846 0.9999581250805224 142.8891741915057
0.9999991093237309 -0.0005047912723348533 0.0012355312688441319 1.0865746861249328 0.0004954887520012749 0.9999716172270805 0.007517927317496708 -1.956489658137238 -0.0012392911851363928 -0.007517308429610692 0.9999709766944899 144.16197083531506
0.9999988834086411 -0.0001446729683828716 0.001487363843700742 1.0864786453594244 0.00013600597481109797 0.9999830221816703 0.0058255343776482645 -1.974015635988119 -0.0014881813888582048 -0.005825325582537347 0.9999819252856578 145.43317534372613
0.999997651108333 -0.0003918085389458539 0.0021317279107711013 1.0748589456596362 0.0003841271264545128 0.999993436871544 0.0036025907602026046 -1.9988133417973577 -0.0021331254457889336 -0.003601763443590332 0.9999912384995824 146.70305858574923
0.9999956758403804 -0.001415412153092996 0.002577772095803761 1.0779793339747479 0.001416550558376875 0.9999988999569831 -0.0004398514939394499 -2.0205719703351783 -0.002577146688993255 0.00044350113645317364 0.999996580804997 147.9702887768059
0.9999941864693376 -0.0015320435904091557 0.00304628789922362 1.0759519279419738 0.0015436601235362798 0.9999915327321559 -0.003814652987331492 -2.048108582350515 -0.0030404178908289337 0.003819333243884343 0.9999880842053173 149.23626002018256
0.9999928437579593 -0.0016596756459246165 0.0033996925772872143 1.064406871856324 0.0016756397523584729 0.9999875590441972 -0.004698296313090277 -2.077118851132383 -0.003391852633893701 0.004703959350973103 0.9999831839096764 150.50174423602354
0.9999931101640963 -0.0016069928190734638 0.0033462215134593314 1.0723284927573753 0.0016220437707987155 0.9999885592002239 -0.004500049184518423 -2.101962534717347 -0.003338951683283746 0.004505445897679723 0.9999842760558384 151.7658116730519
0.9999937277599406 -0.0011336084393175547 0.0033554988726286258 1.0663448486339118 0.0011470353017831504 0.9999913331776511 -0.0040022343256511765 -2.130054718862952 -0.003350932824508027 0.004006058098338832 0.9999863612808515 153.03458664790807
0.9999939628676275 -0.00036820093102947504 0.0034552360805562995 1.060656243500098 0.00037850333038954816 0.9999954836942115 -0.002981497342905673 -2.156016213551259 -0.0034541226855558126 0.002982787161575442 0.9999895859543844 154.29828592178353
0.999994941524514 0.0001864570426695652 0.0031752415900416216 1.0647090773377177 -0.00017907090984316205 0.9999972781516994 -0.0023262894916478392 -2.1827776195031463 -0.003175666700574447 0.002325709130769094 0.9999922530790152 155.56344694499592
0.9999957441575615 0.000723780334952124 0.0028262711815056746 1.0637418984970466 -0.0007154936136774561 0.9999954458749317 -0.002931944454140515 -2.1974120905489047 -0.002828380394052055 0.0029299097972661113 0.9999917079120835 156.82738064002046
0.9999969641354788 0.001157079580600273 0.0021755198620112435 1.0680283718907826 -0.0011511733212618887 0.9999956540376695 -0.002714167598927811 -2.2152221642059384 -0.0021786509151906657 0.0027116549586577677 0.9999939501854871 158.08857451858287
0.9999982184243644 0.00044179804573207023 0.0018352009655555155 1.0514305326475233 -0.00043883875921344893 0.9999986034643975 -0.0016126034215612928 -2.23804133364844 -0.0018359108476719455 0.0016117951912717962 0.9999970157693573 159.3530898116716
0.9999984929942161 0.0012654785548399357 0.001188517279555561 1.0457397939795323 -0.001264200281158297 0.9999986223801876 -0.0010756557875603204 -2.2688622929782465 -0.0011898768615618595 0.0010741516426619824 0.9999987151948259 160.61467553162424
0.9999981790826877 0.0016815602262494282 0.0009023228436084591 1.0340385937019512 -0.001679732810733102 0.9999965446267101 -0.002022185036557764 -2.2928040137629204 -0.0009057201516734649 0.002020665693039861 0.9999975482875763 161.87526915835434
0.9999976308468608 0.0021686425814375397 0.00018785637912178727 1.0347549968937741 -0.0021679924191357865 0.999991888046802 -0.0033946501233526258 -2.3132838014467483 -0.00019521663804587122 0.0033942348097009255 0.9999942205135589 163.13768584296983
0.9999956167353387 0.002934391435457268 -0.00039478730081773114 1.028293547558739 -0.0029357329267130283 0.9999897688546862 -0.0034414616272009694 -2.338791938309753 0.00038468466616752375 0.003442605532441982 0.9999940002244289 164.402066637315
0.9999966404607111 0.0023874274678962076 -0.001009582773522165 1.0188848794757404 -0.002391761899635123 0.9999878339294425 -0.004314101078370252 -2.369954796910614 0.0009992708874535055 0.00431650126659049 0.999990184589083 165.66382353947233
0.9999938714765736 0.0029659911545304616 -0.001860082193169587 1.0174638001370024 -0.0029760813345811638 0.9999807446233235 -0.005445486431020178 -2.391076123761531 0.0018438951120001508 0.005450988814124978 0.9999834432488186 166.92664182509483
0.9999906632185563 0.003282362882133992 -0.0028106173026686138 1.0289163511584776 -0.003297338791623075 0.9999803037384726 -0.005340383132560329 -2.410845591678365 0.0027930328686448396 0.005349600828030759 0.9999817902033887 168.18923509832277
0.9999890577377055 0.0033891292560625417 -0.0032246252094978293 1.001535574222507 -0.0034016784939879703 0.9999866318214028 -0.003894195925586514 -2.443544352494033 0.003211384168792244 0.003905122452499658 0.9999872184334908 169.4540666010521
0.9999850048300428 0.0036476417497548546 -0.004084706198110937 1.0015106377015828 -0.003662185903957077 0.9999869614557335 -0.003558835895564569 -2.464891331335371 0.004071671581095537 0.003573741483676054 0.9999853248234907 170.71783484982055
0.9999809365075973 0.0040990146268096985 -0.004617867524939878 0.9862711489829243 -0.004113506632738666 0.9999866311851259 -0.003133131692532219 -2.4897602919073725 0.004604963036888776 0.0031520675927930045 0.9999844292714352 171.9841356189326
0.9999757786989576 0.0044239527062513865 -0.005373142271197863 0.9711724017825829 -0.004439139477369125 0.9999861769465139 -0.0028177928584192475 -2.5165445235016373 0.005360602215623571 0.002841576735783818 0.9999815945233888 173.24800770319686
0.9999686585201292 0.004835019773522787 -0.006269334992116409 0.9663069432637802 -0.004857265292766096 0.9999819447850774 -0.0035379482369379037 -2.545665823345339 0.006252115748242768 0.0035682891756704735 0.9999740888448199 174.51234674018525
0.9999609529121715 0.005595763921773459 -0.00683959626836328 0.9496540876014913 -0.005623532906121852 0.9999759962532508 -0.004047566549104584 -2.570333137374693 0.006816782865560494 0.004085871198097866 0.999968418065248 175.77338169391405
0.9999538416463101 0.005866868663652118 -0.007608838864762044 0.950371487599654 -0.00589497595159317 0.9999758646160725 -0.0036768796370994236 -2.5929978915587304 0.00758708345259225 0.0037215638405160814 0.999964292426116 177.04127763669877
0.9999539155448218 0.005668244702117974 -0.007748405550593727 0.9296250003498792 -0.0057057999721075005 0.9999720408685884 -0.00483335574790026 -2.619033598300548 0.007720792268793606 0.004877343857508491 0.9999582995723552 178.3042666500936
0.9999606858401843 0.004298933394109389 -0.0077553817250723515 0.9174420347763121 -0.004349445345249395 0.9999693631259264 -0.006508082260932885 -2.645601020269388 0.007727166312256328 0.0065415580100916335 0.9999487481464145 179.56471163680678
0.9999684837004854 0.0013097078701606747 -0.007830470678530597 0.9099948391601451 -0.0013597770237874633 0.9999786448931346 -0.006392242496440117 -2.6738520440203057 0.007821931487687306 0.006402688730725238 0.9999489101773238 180.82653544649102
0.9999649995824859 0.0015374230758378891 -0.00822410726372828 0.8917039947102341 -0.001560046486764137 0.9999950151693009 -0.0027451578290154234 -2.7006772298201405 0.008219845798953195 0.0027578917369889184 0.9999624133777262 182.08827784690172
0.9999671334274923 0.000493806807261082 -0.008092479202393737 0.8756018931560827 -0.0004805891600807436 0.999998547595993 0.0016351880506340491 -2.7295532645490472 0.008093274915835492 -0.0016312451498244696 0.99996591838942 183.35297426942626
0.9999646966150818 0.001751760675995458 -0.008218081165431131 0.8679930282687636 -0.0017436817908885955 0.9999979896118919 0.000990124226520106 -2.749613626901119 0.008219799104583246 -0.0009757595532991077 0.9999657408111403 184.61009766707414
0.9999614649149418 0.0034410627478319985 -0.00807637123523665 0.8560932814905104 -0.003458905141961439 0.999991606125066 -0.0021962820008337215 -2.7683731428163196 0.00806874589901016 0.0022241327689140637 0.999964973673099 185.86025257525708
0.9999595861428203 0.0035201684463961646 -0.008272514441740009 0.839552918780586 -0.0035549131350509078 0.9999849070242895 -0.004189071045328256 -2.7909499380999767 0.008257643349167385 0.00421830981905826 0.9999570076701231 187.1098369891565
0.9999603929920506 0.0035937649831077577 -0.008142315421922558 0.8265913451488213 -0.0036248305825695008 0.9999861958056558 -0.003803787767172452 -2.8194878765841858 0.008128533104537615 0.003833151624474537 0.9999596161336668 188.35664180576765
0.9999617446419143 0.0035048474290134603 -0.008014068704382524 0.8075836574770391 -0.003524987796068793 0.9999906612270884 -0.0025003838996656494 -2.851190666710672 0.008005230398732898 0.0025285377409641255 0.9999647607706753 189.60358229290807
0.9999646258857878 0.003672753065814001 -0.007566892493901138 0.7780643868524058 -0.00367427878722409 0.9999932321917607 -0.00018773935830316245 -2.885679357607669 0.007566151762320384 0.00021553558976530928 0.9999713530356343 190.84863538732947
0.9999717251734188 0.003295234593194303 -0.006759458755901718 0.7668078615700008 -0.003290646757892546 0.9999943479370013 0.0006897376051778958 -2.9103043632581116 0.006761693398232192 -0.0006674751119264005 0.9999769167232619 192.08786647987745
0.9999787679580977 0.00326853963918033 -0.005637400254776349 0.7638116183140612 -0.0032676929758638368 0.9999946483742341 0.00015939104358267983 -2.9317997277207923 0.005637891061464363 -0.0001409663661705936 0.9999840970299783 193.32208084068114
0.9999871385979412 0.002161990616176417 -0.004587857373318291 0.7653251963978918 -0.002167564379196513 0.9999969184505179 -0.0012102702705055345 -2.9577065238211016 0.004585226642641327 0.0012201991809523516 0.9999887433419402 194.553239318721
0.9999916472016557 0.0018278875764438966 -0.003655728918801108 0.7699419123467172 -0.0018372293845500263 0.9999950516793251 -0.00255366502300935 -2.9857819606346894 0.003651043016512591 0.0025603601053520806 0.9999900571710805 195.78010039496365
0.9999969334080435 0.0011645070408923767 -0.0021856573064458094 0.7660741072775918 -0.0011712166165778705 0.999994598421233 -0.0030710551918786593 -3.01471763791455 0.0021820692350522255 0.003073605652361088 0.9999928957358374 197.0009236103469
