1.0 0.0 0.0 0.0 0.0 1.0 0.0 0.0 0.0 0.0 1.0 0.0
-0.3375179441151679 0.6496435155504725 0.6812084410101604 -0.8370339415390868 0.2660550056861464 0.7600040651723605 -0.5929658968868539 -0.444879700076787 -0.9029376342525628 -0.018897714801248355 -0.4293559188198943 -0.32580973201857766
-0.04385975889712712 0.41902874426230086 0.9069130239617497 -0.03591353824915311 0.2197459095121732 0.8896007700545976 -0.40040255390161383 -1.0428056757382074 -0.9745707038497275 0.18172886782299133 -0.13109752780895645 -0.3089728069655652
0.015471626670672194 0.3074100935160987 0.9514513456675475 0.8880397610304744 0.24739500538199663 0.9208014363194886 -0.30153014141874546 -1.4276222933886242 -0.9687911746502467 0.24004947256011677 -0.06180542567934154 -0.3435288232935657
0.069749669363469 -0.06474688879289048 0.9954611112521312 1.8689277801811623 0.308058091906398 0.9505162084764369 0.04023865597367954 -1.5861713367810817 -0.9488072489366193 0.3038532175495597 0.08624399428426319 -0.3558430186756456
0.22499950283160436 -0.769686535279406 0.5974595058538403 2.7578581881644135 0.5512504257204727 0.6061684962762901 0.5733085750842555 -1.2360374921318047 -0.803429021051971 0.20035566258961982 0.5606776405384346 -0.0654457289725065
0.17511992442541904 -0.8943102765782258 0.4117549529463042 3.304516453450184 0.5082288864513811 0.4403012518206829 0.7401609329203543 -0.5995818039002857 -0.8432297498580235 0.07964883459108102 0.5316198379506337 0.4645917340139367
0.1419266391485563 -0.9892622001245297 0.034887368842758115 3.5967005644102743 0.5680358797079131 0.11025694980141693 0.8155848480599339 0.1488150124496611 -0.8106738360551997 -0.09593593917434172 0.5775848224376091 1.0451530838690306
