0.9999915022399875 -0.002611672848032563 -0.0031897668798823667 -0.005739492599042255 0.002604957222851444 0.9999943858653273 -0.002107708635933252 -0.007254715571681484 0.003195253617517567 0.0020993815188581136 0.9999926914490715 0.6690409361909434
0.9999745642592203 -0.0011550504785253152 -0.007038230812820452 -0.018562916308785832 0.0011295403514028062 0.99999278300552 -0.0036274061627274705 -0.013157971484160782 0.007042369855171588 0.003619363931259059 0.9999686521244333 1.3876945681646071
0.999940390324901 -0.0014309993314337388 -0.010824418589378932 -0.03352998267527443 0.0013763146427124113 0.9999862624284075 -0.0050577378805303375 -0.01620243238497525 0.010831507507679215 0.005042538584615147 0.9999286230775343 2.108067549342186
0.9998758309457849 0.0001104563176920466 -0.01575787072792566 -0.047915127907440194 -0.00019862506064923739 0.9999843350534433 -0.005593764010726414 -0.026572454498605253 0.015757006015148196 0.005596199346368751 0.9998601898837227 2.835256532667973
0.9998039367920443 -0.0008847168818412474 -0.019781437034985177 -0.07052207535954101 0.000772546462802127 0.999983584948806 -0.005677411813173676 -0.03784940646859897 0.019786135223759837 0.005661016602390211 0.9997882084441355 3.557610965942862
0.9997057414191713 0.0008313003812580874 -0.02424333956412319 -0.09622443998698 -0.0009981349150208778 0.9999759005398794 -0.006870375983021846 -0.04856369373987966 0.024237043966554104 0.00689255243961099 0.999682478800459 4.289150288818358
0.9995759465472863 0.0035227767330239133 -0.02890531314804083 -0.13136961036359893 -0.0037412081894606253 0.9999648295896493 -0.007506193777548511 -0.05783076012708546 0.028877853891522982 0.007611151544428775 0.9995539704922327 5.063285538473837
0.9994419865750793 0.004040952575188041 -0.03315699282420516 -0.1641489950467098 -0.0042376819813360715 0.999973820730497 -0.005865143227237177 -0.06715995255070709 0.03313242403272616 0.006002379189623727 0.9994329461858755 5.833669449181148
0.9992885971170657 0.003221470033029849 -0.037575547935236715 -0.19584260764598843 -0.0033461906115305265 0.9999890981440793 -0.003256777760523122 -0.07524358370269896 0.03756464668006723 0.0033801958251592256 0.9992884826695366 6.62511030513287
0.9991615498599606 0.002984513335838981 -0.04083246210541046 -0.2401203274404864 -0.0030035229678167345 0.999995407720059 -0.00040421352508494606 -0.0891458936876756 0.040831068210657656 0.0005265158499643493 0.9991659254847696 7.4452759500719115
0.9990450961936375 0.0045497375232074234 -0.04345337340087413 -0.2821509252343053 -0.004599250087323403 0.9999888830710325 -0.0010395349837015334 -0.09715627822571606 0.0434481607214866 0.001238395259197262 0.9990549152609688 8.245772420279804
0.9989525063395418 0.004380529621680207 -0.04554888624523685 -0.3207971112066813 -0.004441278075313193 0.9999893778379352 -0.001232582799018984 -0.10438879667800559 0.045543003052123 0.0014335869461869803 0.9989613504542915 9.017307036164324
0.9988682597200325 0.0009542174148733178 -0.047553014552170536 -0.35559448732582444 -0.001037977125875974 0.9999979531769202 -0.0017367341349779448 -0.11223061273925856 0.04755125999760623 0.0017841275443734083 0.9988672056692747 9.814866663589138
0.9987681440561565 0.00047835768231371936 -0.04961819819933234 -0.39755568897200655 -0.0005166530762345415 0.9999995785104101 -0.0007589786559657613 -0.12012703231554704 0.04961781422250753 0.0007836790983340629 0.9987679702307494 10.6505763242653
0.9987100265283705 -0.0008583068828641653 -0.05076954028742369 -0.4433821760265537 0.0008135417978391159 0.9999992619212156 -0.0009023894761481812 -0.13069690685725552 0.050770277342601505 0.0008599222745819528 0.9987099876702128 11.476290195391787
0.9986076637856471 0.0013557352059870127 -0.052734199630062616 -0.49309270172654096 -0.0015216597405649814 0.9999940173700052 -0.003106408831964716 -0.14081266562724418 0.05272967267304048 0.003182327174979324 0.9986037524531665 12.29895699616683
0.9985396930362371 0.0019170319377253585 -0.05398894719891393 -0.5460558109888278 -0.0022294964677666094 0.9999811098944379 -0.005727931545322337 -0.15129327879859492 0.05397694671429268 0.005839935174077118 0.9985251045319614 13.154933473843208
0.9984261369697799 0.00562732248708643 -0.05579948258925589 -0.6036574508909497 -0.006047844010439084 0.9999545501133856 -0.00737029784753428 -0.1609304681091812 0.05575547146628514 0.007696164574793308 0.9984147917836601 14.026151000428925
0.9983577954643711 0.006623085718590553 -0.05690208230886696 -0.660594907628001 -0.007038134699838469 0.9999500489148944 -0.00709678342961098 -0.17227614523100174 0.05685223738313031 0.007485613579665581 0.99835454057858 14.911109990378336
0.9982830352323041 0.005727962271910879 -0.05829384200402061 -0.7131550133469104 -0.006075915991921775 0.9999647588718963 -0.005793466935156534 -0.18223581159658347 0.058258602903238796 0.006137708243408841 0.9982826572295448 15.783135729674546
0.9982019602045099 0.006481757083913902 -0.05958887034488145 -0.7692436748867183 -0.006746231384100591 0.9999682624742068 -0.0042382079264043195 -0.1968117166940508 0.059559508107321864 0.004632587767154804 0.9982140071771146 16.654913319588122
0.9981566820149267 0.006296289674169 -0.060362197485606825 -0.8280655347297678 -0.006568576821737652 0.999969123192683 -0.004313520579862974 -0.20994036796139764 0.06033317451857957 0.004702063121112224 0.9981672197858006 17.526167276961612
