1.0 0.0 0.0 0.0 0.0 1.0 0.0 0.0 0.0 0.0 1.0 0.0
0.9999998550500248 -0.0005310913994858718 -8.855424771567457e-05 -0.011049005684878623 0.0005312341601203279 0.9999985467386154 0.0016199725072557868 -0.017505427494801877 8.769376555719786e-05 -0.0016200193154822223 0.9999986839227445 1.2281376412688214
0.9999986276855777 -0.0015693046601509054 -0.0005309518291509279 -0.012167647302213116 0.0015701965762561678 0.9999973499531355 0.0016836179549077667 -0.03677916732046237 0.0005283083126011481 -0.0016844493431988443 0.9999984417591545 2.433237155712251
0.9999955386017734 -0.002912944530492317 -0.0006614610429272677 -0.01514507595194653 0.002913425400194341 0.999995491567024 0.0007271850268848025 -0.0589591664594989 0.0006593398111277208 -0.0007291089000264987 0.999999516835496 3.695803724446276
