0.9990463382997218 -0.0007352956483312953 0.043656308481448074 0.031098501481571172 0.0008415832664631661 0.9999967265717922 -0.0024163160608367228 -0.027991954928338794 -0.04365438886897192 0.0024507521314472763 0.9990436868057706 0.9991245731248641
0.9960985347189225 -0.005036869883575827 0.08810413765874668 0.1311890434131402 0.005713904751382866 0.9999560427118371 -0.007433971790041438 -0.046081388578306785 -0.08806282089115462 0.007908387057986882 0.996083529123353 1.9939448792234291
0.9910377172592559 -0.004352527043777657 0.13351141703201289 0.28751602934653625 0.005941173760972558 0.9999161896584696 -0.011502874129086594 -0.07264569026316776 -0.13345016082382521 0.012192996646471391 0.9909805171691691 2.981352611356717
0.9839080831783511 -0.0031252582321167725 0.17864802438673955 0.49884707470791323 0.0050956953860128665 0.9999311318114311 -0.010571921435753428 -0.10069525259234552 -0.17860268123641213 0.0113121348689521 0.9838562485748977 3.9624443484244503
0.9743889683989818 -0.005525402673412606 0.22480126375904536 0.7285740927939905 0.008123805612422916 0.9999104426115479 -0.010635343847293654 -0.1361033261677114 -0.22472236658761569 0.01218920348813842 0.9743465919648849 4.931897517525733
0.9628138364591518 -0.005849176221896247 0.27010239439948425 0.9959633702380606 0.00968588811178407 0.9998702138169623 -0.012873969594055065 -0.1648618021861358 -0.2699920367238545 0.015011417626189 0.9627455309927734 5.894083144542809
0.9496883796421733 -0.007843296453659904 0.31309817034496185 1.31949362085484 0.01361465497066289 0.9997752484719434 -0.01625096036835091 -0.19144187245114783 -0.3129003399529193 0.01969607178104085 0.9495817195027205 6.840006828359839
0.9340197858704096 -0.009711601292289124 0.3570892387106244 1.6606129465579003 0.017311118554489226 0.9996864576367608 -0.018091754808683882 -0.22214730761178877 -0.3568015761974519 0.023079671098278798 0.9338950497807604 7.780159347666288
0.9170516957092775 -0.00952866837750842 0.3986544768037727 2.0637653647716876 0.018608576646259537 0.9996479495410239 -0.018912901777011545 -0.25547317983953766 -0.39833391554315134 0.024762501032368937 0.9169061621947381 8.694388481385248
0.8976506671342852 -0.009964740556614067 0.44059503372032216 2.504977944137817 0.01988880223186513 0.9996417301504632 -0.01791219940629442 -0.27696794855379203 -0.44025869138400237 0.024841805236907957 0.8975272527190566 9.591402081870022
0.8755949229990361 -0.00869063260801519 0.4829679116910191 2.985197063933307 0.020035849943569065 0.9996311037104944 -0.018336335827487733 -0.30088291844660425 -0.48263039226239185 0.025731875163153756 0.8754460434916805 10.46833774047115
0.8519796419972926 -0.009328466536674173 0.523491804457566 3.5165652853124945 0.021276076410252164 0.9996322491798999 -0.016813535384338794 -0.3254172437318441 -0.5231424454149649 0.025462641489237738 0.8518647989520641 11.315000684924506
0.8261590083334327 -0.010080169358327782 0.563346858636157 4.063579335042553 0.02310566549445263 0.9996050083627339 -0.015998608633181314 -0.37046472097329447 -0.5629630726535949 0.0262338987161015 0.8260655914554098 12.151408643801926
0.799224520867635 -0.011642633144882198 0.6009198069105001 4.670135405882746 0.026451317441441163 0.9995249968211217 -0.015814820117488814 -0.39580554663279743 -0.6004502419430858 0.028534712600446988 0.799152849664755 12.945371304140176
0.7707615448584506 -0.010928162901893572 0.6370299963290614 5.316521105329419 0.02727785015811662 0.9995020980450273 -0.0158579599677887 -0.43681316865202374 -0.6365395194786928 0.029599514509166 0.7706758779685889 13.706970936406071
0.7402572459860732 -0.014104873810640885 0.6721757674149671 5.9883170782313035 0.03219087919564255 0.999376836908382 -0.014480509231683807 -0.46789426475777246 -0.6715526465302065 0.03235723081141568 0.7402499932809801 14.446962015282809
0.7086255528657708 -0.013459225195026953 0.7054563594460183 6.706045659920505 0.03261655775704148 0.9993740902038838 -0.013696276473600876 -0.5038039944565567 -0.7048304661305163 0.03271508958125115 0.7086210107863926 15.142144462802037
0.6749886952970428 -0.012389109792884427 0.7377240481235077 7.471207741531065 0.033939088392099595 0.9993220137909112 -0.01427063530439477 -0.53885034944773 -0.7370470809251657 0.034670199183414595 0.674951537362701 15.784903765270322
0.644123900060311 -0.01487400891774136 0.7647765459464673 8.27163639298394 0.03893290404475719 0.9991525316273079 -0.013358425258362373 -0.5853805683379916 -0.7639297286751804 0.038379452855095184 0.6441571137888703 16.360988081665806
0.606032334431362 -0.014011520197250046 0.7953165954042676 9.062517701570533 0.039222386209931896 0.9991549862782166 -0.012284861227354105 -0.6276726944028698 -0.7944724123867809 0.038639237791893065 0.6060697940494882 16.982269767863027
0.5665448034064458 -0.010164946647837457 0.823968239432078 9.866228819856167 0.0406680349079893 0.9990503356620608 -0.01563770284428111 -0.6332074835591682 -0.8230267897643875 0.042368628407939896 0.5664201644159181 17.589387931349858
0.5279354834529152 -0.008462884798017429 0.8492423122361672 10.727365784048356 0.04555469418628012 0.9987929996755222 -0.018366100205715847 -0.6511501522693997 -0.8480618462995079 0.0483830898152173 0.5276837892819918 18.101381549288742
0.4891896747384548 -0.007460935391804071 0.8721455134164044 11.599785737357825 0.04732639276621136 0.9987172505568035 -0.018001832906599752 -0.6770683838886752 -0.8708924587324326 0.050081811901509385 0.48891526611432257 18.59171472626931
0.4501213843117659 -0.007777185204339594 0.8929335108369246 12.4792004356806 0.051506467416404245 0.9985233736024803 -0.017267199651473403 -0.6992427345525428 -0.8914806914339428 0.05376418659124638 0.4498572985299221 19.07348300842869
0.41364471333131964 -0.008805745982256277 0.9103957985243267 13.402054905354301 0.05593096398276249 0.9983103019421431 -0.01575653211040028 -0.7198108544231894 -0.9087187564923531 0.05743692082522464 0.4134382925239361 19.456149641808036
0.3787812278567039 -0.006691775130936131 0.925462047611335 14.334990751898989 0.05766460951904111 0.9982015657247779 -0.0163837417465756 -0.7562961662297114 -0.9236880286289215 0.05957226141585488 0.3784858933136306 19.812561332564655
0.34567853781955216 -0.007561637358523637 0.9383225299071715 15.275227308338513 0.058713374069666126 0.9981824282282313 -0.013586010516238289 -0.7743721124655621 -0.9365143288793241 0.05978847394648952 0.34549421150991555 20.15041717502787
0.312438999381595 -0.009064413371706997 0.9498945773482732 16.22589872280093 0.06126904288483709 0.9980646968417755 -0.010628513636017549 -0.7925442677055365 -0.9479599021316262 0.06151989376097649 0.3123897031309366 20.459593518701123
0.2796920926554433 -0.008895715631325728 0.9600485402048303 17.185585183736823 0.061783024384768404 0.9980512359271722 -0.008751477710350262 -0.8166001024361491 -0.9580997814444422 0.06176242148467164 0.2796966429695931 20.740079075500567
0.24724368260714713 -0.0056809570634665536 0.9689366791167007 18.152751159745115 0.05902827961697443 0.9982138271487937 -0.009209641383799313 -0.8319435308050318 -0.9671536711486521 0.05947169087726491 0.2471373997756768 20.993801644885394
0.21622083172826567 -0.003949460891926868 0.976336496135119 19.128444988910502 0.05890562874895552 0.9982229184754965 -0.009007326570750743 -0.8467176235467783 -0.974565892502106 0.05945928681816713 0.21606923516004742 21.21247622958137
0.18591862785390503 -0.0036720961849521943 0.9825582830176186 20.11289290267562 0.06090459854687988 0.9981131610634193 -0.007794073891899556 -0.8587725431313072 -0.9806757332027563 0.06129138129947352 0.1857914768918051 21.387929675508033
0.15250711075145307 -0.0034564138497047772 0.9882963292320499 21.108302527850018 0.06243247775331395 0.9980302804697787 -0.00614369489775386 -0.8692968263661544 -0.9863284274985814 0.06263874574665666 0.15242250699768678 21.59599561879906
0.12157182098700672 -0.0038542184193039565 0.9925751545058342 22.099950446228867 0.06127435216794165 0.9981143634143098 -0.003629230282926014 -0.8801583383318798 -0.9906895306342453 0.06126061170461605 0.12157874545032171 21.741585249706674
0.09378023755584225 -0.004851514484622263 0.995581101594027 23.086766888042952 0.06257199975727301 0.9980399204342635 -0.001030565837097889 -0.9056183849049925 -0.993624683615672 0.062392147156307004 0.09389998979169384 21.81328729315567
0.06714445268400912 -0.004298209811193532 0.9977340065699801 24.079434673658316 0.06547887055934058 0.9978539501796323 -0.00010780156491152113 -0.9087987578110782 -0.9955923563306608 0.06533773414592241 0.06728179926725245 21.874820564604885
