0.9999799658808393 0.0004685087187746393 -0.006312553883820744 -0.008434146001708467 -0.0004663164069673304 0.9999998304572614 0.0003487613181674392 -0.0015149424709981197 0.006312716211291404 -0.00034581068359574533 0.9999800148147996 0.09127857956608862
0.9999097062529123 0.0009472632538054905 -0.013404552717000053 -0.01628994840689911 -0.0009431143912978052 0.9999995053934074 0.00031582936087016416 -0.002991864595516476 0.013404845260567934 -0.0003031588168774238 0.9999101050685867 0.18531898147721476
0.9997748402002364 0.0010768268158133864 -0.021192200135917754 -0.0232597824379911 -0.0010839325559574803 0.9999993601165368 -0.0003238158901150228 -0.004361805989454817 0.021191837881745477 0.0003467138954537261 0.9997753676684922 0.28311221565048933
