1.0 0.0 0.0 0.0 0.0 1.0 0.0 0.0 0.0 0.0 1.0 0.0
0.9999953260924799 -0.0030010181951163 -0.0005845365578334168 -0.05407423619402912 0.0030005642696157896 0.999995197291823 -0.0007758913274399838 -0.03895631895836395 0.0005868622144659679 0.000774133761485972 0.9999995281547189 0.8578580750340357
0.999998897614727 0.00015396036656972712 -0.0014768430979879026 -0.09609832927402578 -0.00015716664095152821 0.9999976306738727 -0.0021711621974620657 -0.05549658522816415 0.0014765053259371366 0.0021713919144737757 0.9999965524886454 1.715997878556824
0.9999971629712489 -0.0023022399680037195 -0.0006113432612415105 -0.3215388712363914 0.0023008654891450214 0.9999948451850817 -0.002239558274569295 -0.047803772717081326 0.0006164961104505099 0.002238145302266287 0.9999973053154451 2.5463413447560574
0.9999994579581314 0.00013730790511210476 -0.0010320997929110342 -0.42520648670616146 -0.0001406882088715489 0.9999946246146258 -0.0032758126749755172 -0.04018331382962256 0.0010316444500009588 0.0032759561036191454 0.999994101893274 3.3994624460524596
0.9999946140440652 -0.0029924201544179133 -0.0013480743600555872 -0.5984006761834086 0.0029880731645809226 0.9999903670767265 -0.0032151473554209524 -0.04622162722764022 0.001357682445904492 0.0032111018939598454 0.9999939227430347 4.242265099567039
0.999998207834088 0.00044547302778124914 -0.0018400767357998997 -0.6608648300455049 -0.0004540839454794795 0.9999889368074324 -0.004681887494553073 -0.04639449046927229 0.0018379707240786909 0.004682714653138095 0.9999873469434973 5.099390110457339
0.9999790436025026 0.005725697144533916 -0.0030213818086032703 -0.6836549280489523 -0.005743281625963916 0.9999664318476778 -0.005843791063062817 -0.05432265919978864 0.0029878206085954704 0.005861021244880778 0.9999783604448538 5.959590050173759
0.9999619226020623 0.007918702606133355 -0.003667082631046183 -0.7264731730818136 -0.007936089194420067 0.9999572212333127 -0.004751230540629873 -0.0526151198113782 0.003629302176109428 0.0047801519209771486 0.9999819889944652 6.817966988773168
0.999943945708369 0.00931375680725275 -0.00503580930076993 -0.7628186522534787 -0.009330235788367072 0.9999511621719304 -0.0032588297193086382 -0.05672230766873245 0.0050052114152992185 0.0033056323360786148 0.9999820101649562 7.677495634866969
0.9999277073821937 0.01022394778726396 -0.00632857812097311 -0.8085990575305665 -0.010238821073824672 0.9999448853138293 -0.0023222570338641527 -0.02986297074611067 0.0063044866887132294 0.0023868863308563223 0.9999772778524697 8.536455246669428
0.9999020038804335 0.012338960234673135 -0.00661307010551306 -0.8556675366975235 -0.012360883850908092 0.9999182065052901 -0.0032846384380158444 -0.025140945205072044 0.006572000176326374 0.0033660599476669105 0.9999727388554704 9.3942858369475
0.9999033111196504 0.012037415573336317 -0.006961970861322638 -0.9115813038629457 -0.012062179064619122 0.9999210325291807 -0.0035259809968306295 -0.035339605402581874 0.006918977393529237 0.003609616612847845 0.9999695487462286 10.252838969062077
0.9999357317569165 0.008345070499954638 -0.007674122367411469 -0.934989621176951 -0.008374290785483372 0.9999577775994268 -0.003783420708230582 -0.0345016147648161 0.007642225435001616 0.0038474428866569236 0.9999633961168951 11.112877167496794
0.99993003912477 0.008837631628263372 -0.007862132225968783 -1.042293552034601 -0.008850609636402058 0.9999595244809009 -0.001617439023473235 -0.08575949757991706 0.007847519671815057 0.0016869105292653687 0.9999677848650258 11.964204282558246
0.9999297524824792 0.008499749905680871 -0.00826101397338031 -1.0538685116932929 -0.008517276030561237 0.9999615459623566 -0.0020886851349789792 -0.09287962411072757 0.008242943002758936 0.002158899746337001 0.999963695862274 12.819967429701126
0.9999029599468277 0.010888281734349073 -0.008689994847277071 -1.0856378023186073 -0.010925887257815807 0.9999311004689027 -0.0042917715082365256 -0.08988754925517727 0.00864266609338564 0.004386300938473555 0.9999530312404055 13.683044855150264
0.9998953551965981 0.011053740938418957 -0.009332388093876364 -1.105146966476538 -0.011111562733011844 0.9999192481750745 -0.006166871380541947 -0.10798037796973509 0.009263467487865716 0.006269923465252691 0.9999374361578034 14.553362607144788
0.9998366730951243 0.01507438053429714 -0.00996946265253871 -1.1281498327115023 -0.015151504036734403 0.9998555125801057 -0.007706224016905171 -0.11493797105655668 0.009851855637288832 0.007856017736812276 0.99992060881143 15.434649804038193
0.9998023489399658 0.016573329803247883 -0.010981247349876835 -1.122812845764664 -0.01665848691146068 0.9998315171698505 -0.007709220949966267 -0.11928416531656484 0.010851629736914746 0.00789062817952298 0.9999099860082333 16.32654550256911
0.9997943644865912 0.016570574772611212 -0.011689516352617285 -1.1334872728219845 -0.01665264696427458 0.999837117852977 -0.006958959156028383 -0.1267341841828467 0.011572298386061483 0.007152189535892868 0.9999074597656059 17.228172859206317
0.9997478689951781 0.01890599549383506 -0.01211452739428241 -1.1510547831331701 -0.018982534772461035 0.9998003776628773 -0.006234436524651835 -0.13834874636762598 0.011994240835169069 0.0064628290674203625 0.999907180705906 18.13409318608299
0.9997331613009953 0.019483751368782495 -0.012409255727768811 -1.1637968584051324 -0.019561001869140685 0.9997898450323456 -0.0061345721997268085 -0.16603122839133255 0.012287123381539323 0.006375672732947725 0.9999041841077619 19.046629920698194
0.9996817633350725 0.01993520915376112 -0.015458314632437721 -1.1366583759876658 -0.020035236047824166 0.9997791528347705 -0.006343096522710948 -0.1953449883231969 0.015328449751609102 0.006650788899390793 0.9998603930725669 19.960857724953435
0.9997093104170179 0.018363549512542727 -0.01562289073220257 -1.1620030513717765 -0.018474272623318994 0.9998050225320633 -0.006972673138730712 -0.2067585566175013 0.015491801592107805 0.007259267797834904 0.9998536428470268 20.87894436056039
0.9996731120817901 0.019915945919043374 -0.01603197052324137 -1.1737896144222957 -0.02001348447099427 0.9997820247499357 -0.005946715584947505 -0.2227050975286342 0.015910041484471674 0.0062656272685761944 0.9998537955595775 21.80742896637795
0.999585794134648 0.023483968869214306 -0.016635605500097163 -1.1793483617201599 -0.023561936493901793 0.9997122224546026 -0.004506375876102045 -0.21818731700939756 0.01652499055559263 0.004896476389113669 0.9998514635715189 22.74354869397899
0.9995889063121102 0.022896693380359143 -0.017255718182831253 -1.1775505608635353 -0.022931629960894772 0.9997353616707529 -0.0018294732535969116 -0.20599238173940412 0.017209262770266055 0.002224422912768457 0.9998494352739361 23.680800820462725
0.9996343746387429 0.021445944977382853 -0.01646780145120732 -1.1570163277018537 -0.021443293347260018 0.9997700091516432 0.0003375964263847154 -0.2025441831634136 0.016471254081965644 1.5650904733403512e-05 0.9998643395701321 24.624579407975666
0.9996701561788428 0.02021245746877064 -0.015844096958843687 -1.1587344770797186 -0.020208179170260868 0.9997957013875592 0.00043009485165119163 -0.18729284038011693 0.01584955330571601 -0.0001097726373864964 0.999874381915037 25.571335992695506
0.9996500965216499 0.019909961770418497 -0.01741487716168213 -1.1182892723827262 -0.019959579716543493 0.9997971958282712 -0.0026799984075922133 -0.1931305267045497 0.017357986686103517 0.0030266542957898966 0.999844757780916 26.519884500415028
0.9996390108791084 0.019479763533949212 -0.018503695341723782 -1.1009704646171075 -0.019584504435626253 0.9997930976337199 -0.005496281468605655 -0.2354048304892885 0.01839280062004804 0.005856683074285663 0.999813684717667 27.47209352468788
0.9996555366982892 0.01779188347924593 -0.01929395839936914 -1.077378923641518 -0.01793754869856261 0.9998117009309554 -0.007403176901619911 -0.2619910920900371 0.019158608904154353 0.007746713097238017 0.9997864452677114 28.43147033129236
0.9997054728116992 0.014949971311073005 -0.019117164751483555 -1.0817349115359909 -0.015081447753875332 0.9998634721176488 -0.006751818902126794 -0.2685850453838604 0.019013615226578993 0.007038144829291422 0.9997944523517709 29.40130774347791
0.9997075186397842 0.015154840702866863 -0.018846962045819732 -1.118358818900332 -0.015245576181771988 0.99987282693253 -0.0046799966705998175 -0.25429257520915555 0.01877364061581087 0.004965960654472367 0.9998114270465238 30.377546810788743
0.999734822385338 0.013024681241998652 -0.018990592110350823 -1.1436716076775444 -0.013093952002598646 0.9999080470763799 -0.00352786236319062 -0.24246934747834276 0.018942896587138693 0.0037755887546582186 0.9998134383966063 31.357978663424046
0.999774041157749 0.007283805606451904 -0.01997029801959909 -1.127064976843622 -0.007369695907955278 0.9999638937906761 -0.0042306851943419805 -0.2750897325312851 0.019938761479300758 0.004376904257209274 0.9997916225393142 32.337913445087246
0.999757181007771 0.003783690062589075 -0.021708586156316073 -1.1519680084201536 -0.003951631219003026 0.9999625582445055 -0.007698488151114008 -0.28233517530149577 0.02167864465562663 0.007782403138755241 0.9997347000916197 33.31814083471658
0.9997248523622793 0.002601138923762481 -0.023312092259583406 -1.180294801784478 -0.002864550073964911 0.9999323537935672 -0.011273073659399745 -0.2934765916797706 0.023281192454292 0.011336750555419033 0.9996646758612362 34.30350155009905
0.9997024079463356 0.005551706228606068 -0.023754454408613526 -1.2079429680997724 -0.005837861362162886 0.9999110272787545 -0.011994036062239099 -0.32829875189807967 0.023685753545450126 0.01212914194398696 0.9996458717939503 35.31587806874165
0.9996773595563929 0.00745850314126637 -0.024280599688876324 -1.2076800248860167 -0.0077255691042334325 0.9999104870119752 -0.010923989449403817 -0.3704930499231575 0.02419694965022347 0.011108046379390573 0.9996454966303093 36.37548666714998
0.9996172936029977 0.010672789892639707 -0.025521714004496737 -1.2278936015755246 -0.010903945113683857 0.9999006277433068 -0.008935245911509097 -0.3728083650558747 0.02542381385192869 0.00921011370445217 0.9996343348919011 37.41992236997317
0.9995984095057276 0.011148584899262449 -0.026052423464335502 -1.2734376602756632 -0.011342750927222494 0.9999088973338298 -0.00731703724523034 -0.41198708016508956 0.02596847540815803 0.007609604943032922 0.9996337990472246 38.46473792857576
0.9995658670527658 0.011528799726353721 -0.02711391155704838 -1.3233479180218126 -0.011656718777078032 0.9999216399805593 -0.004564515959151376 -0.4277970510550752 0.027059163520070696 0.004878593594352435 0.9996219290282379 39.498475709666174
0.9995696889192235 0.010533536279011343 -0.027376661728319922 -1.3508563920720442 -0.010589048089640818 0.999942160534461 -0.00188351963880376 -0.4319855699838584 0.027355238154389602 0.002172601927007358 0.9996234144648591 40.53598025401607
0.9994525752079464 0.017621185659799057 -0.02800078081319614 -1.3897536781311137 -0.017641077778061256 0.9998442766360881 -0.0004635222610942576 -0.44421717959584256 0.027988252625595397 0.0009572324696889229 0.9996077937976299 41.560946914572426
0.9994721477359451 0.015845617111663657 -0.02836092943556606 -1.4390174430513394 -0.01588292058891989 0.9998732637805601 -0.001090509228239285 -0.44424634969335675 0.02834005528690201 0.0015403879905272668 0.9995971530927716 42.58462388826669
0.9994970063057674 0.013952756963826723 -0.028479026649774596 -1.5020646106663886 -0.014022321516921727 0.9998991634973103 -0.0022444011796674927 -0.453780090782725 0.02844483934013785 0.0026426143281989356 0.9995918705673962 43.59513370239249
0.9994698082628907 0.014571336525718704 -0.029116636529589932 -1.5181439149147475 -0.01470918224192182 0.999881572060547 -0.004525683539877012 -0.44795746639527273 0.02904724304845331 0.004951565972844959 0.999565775557417 44.60290249266087
0.9995087721034424 0.009235327781172262 -0.029948676248618314 -1.6142459223366357 -0.009376819585128713 0.9999455136726589 -0.004587476472990614 -0.42605707671107185 0.029904677606324148 0.004866046310569026 0.9995409105437182 45.60170683083189
0.9994965642150517 0.00890527502505844 -0.030451834083288963 -1.637826879969869 -0.009023542202890991 0.999952260974901 -0.003748527350316119 -0.4541980495893464 0.030416998675423648 0.004021423617513122 0.9995292063485027 46.60272990383546
0.9994761132611737 0.009860015005484165 -0.030826597678470933 -1.6723984487972212 -0.009959786749695622 0.9999456422489419 -0.0030846710118517195 -0.4688191169445074 0.03079450711148436 0.0033900813327112293 0.9995199876342236 47.59965161929961
0.999434607117228 0.011058163999129544 -0.03175189924085994 -1.6916861571602053 -0.011244224194195296 0.9999206082018115 -0.005687241474557282 -0.492660840262288 0.03168648795155487 0.006041051422360708 0.9994796006817792 48.588212521491634
0.9994164961524066 0.008809477183293038 -0.03300091408135363 -1.7219415580807826 -0.009129114646232075 0.9999127475773115 -0.009547591223320011 -0.49081464163919025 0.032913925384611714 0.009843289295185105 0.9994097173690217 49.568284678865126
0.9994237655459712 0.007747833978502941 -0.033047056306942435 -1.7942908500475043 -0.008101204115879163 0.9999112926792624 -0.010572476737235359 -0.4939691358632326 0.03296221099661739 0.010834105460446457 0.9993978761259635 50.5501045953528
0.9993808477039422 0.005894407985561642 -0.034686844726074396 -1.7954710829406364 -0.006169415672553789 0.9999503399671972 -0.007826615471973938 -0.4976823138877424 0.034638988911489435 0.008035767168518598 0.9993675834712688 51.53366143676896
0.9993606890220575 0.0035337421566508454 -0.0355770418069008 -1.8188408528718232 -0.003730677577146739 0.9999780770403025 -0.005470601757978769 -0.5029542317509249 0.0355569301567926 0.00559983081434918 0.9993519633305755 52.51251428009922
0.9993576254951076 0.0012792536500956437 -0.03581479966270907 -1.8574718221973838 -0.00145588634683426 0.9999869047598399 -0.004906190353037084 -0.5184125673523615 0.0358080543973889 0.0049551810192817024 0.9993464011149188 53.48422152307204
0.9993451148636702 -0.002235231483189563 -0.03611571871547965 -1.8948615286882495 0.0020195085851041576 0.999979909680738 -0.006008479007045946 -0.5371295802364184 0.03612842348060279 0.005931608139449183 0.999329551770429 54.44874307936293
0.9993190118555823 -0.0050862106233278545 -0.036546449970950586 -1.9207572090219505 0.004836321402486949 0.9999643422419751 -0.006922733554476664 -0.5605492532124292 0.03658035728742796 0.006741268876819702 0.9993079769293624 55.41396178285411
0.9992758433670091 -0.006983432512027833 -0.03740348290605989 -1.9623919111951322 0.006750467300447977 0.9999570463724323 -0.006351110245230756 -0.5624369913908664 0.037446228840559266 0.006094020058339585 0.9992800622774125 56.3740670971711
0.9991852221540092 -0.010210827829878161 -0.039046521280052336 -2.006048221185001 0.010081252056089061 0.9999430086050154 -0.003513957730527684 -0.5556870643328234 0.03908017638172306 0.0031174568126794647 0.9992312151234043 57.33738932590511
0.9990995880756002 -0.011558484567380472 -0.04082174104167295 -2.0348587999222967 0.011547534849879746 0.9999331979682402 -0.0005040237089047961 -0.5351965118309493 0.04082483981669225 3.217940263565639e-05 0.9991663181965393 58.300774069513125
0.9990585221051961 -0.009976139830478093 -0.04222020894152335 -2.0612152779746156 0.010015033791082657 0.9999495963715216 0.0007097989818516641 -0.5304791520946084 0.042210999835902964 -0.0011319675410164135 0.9991080773081259 59.25473617993019
0.9990284822421981 -0.010345626022049971 -0.042837596700371156 -2.109674472549902 0.01017202946314108 0.9999391533012295 -0.004268432009712638 -0.4989050507220847 0.042879149775301564 0.00382853985645091 0.9990729306697862 60.19659731738126
0.9990272406702848 -0.008180092882383107 -0.043331956788889174 -2.178593295670406 0.0075581536520687755 0.9998663417749405 -0.014497341100006837 -0.4700981326192869 0.0434447547132019 0.014155729088740516 0.9989555388614033 61.12091545418982
0.9990254419180059 -0.006917954537920548 -0.043592525799109556 -2.233300118086527 0.006067993091356119 0.9997894852242387 -0.019600119767371523 -0.47915230082841265 0.0437189416658044 0.019316499166860415 0.9988571104014625 62.036795250727664
0.9989975655568625 -0.003470954723761198 -0.044629771282962284 -2.313332419650799 0.0026013801029699884 0.9998059355643968 -0.019527519856892373 -0.48023477037626494 0.04468888936887762 0.019391845799383186 0.99881272493069 62.947095933448736
0.9989690963645677 -0.000931692439210477 -0.04538586187084546 -2.365435657615344 0.00010269224757408681 0.9998331846069058 -0.018264512397410743 -0.48619261490358373 0.045395307718562976 0.018241022669017285 0.9988025486196591 63.84718279299434
0.998940093432796 0.0013473232182103388 -0.046009503938037204 -2.4583102136037653 -0.0021619041246844248 0.9998417223928244 -0.017659454496269655 -0.49388413349158516 0.045978428670782674 0.01774020526081416 0.9987848963687181 64.72822889235127
0.998927200073234 0.0012580560251018514 -0.04629110334490612 -2.5493142656275154 -0.0021056782285184886 0.9998309364607997 -0.018266488855777425 -0.4991223102144961 0.046260296940778545 0.018344366736358156 0.9987609669665681 65.59525056076068
0.9988968848000723 0.0032661080556195096 -0.0468438477804929 -2.6381406748119494 -0.00412821474178241 0.9998236719622473 -0.018318919918327493 -0.5036444605665923 0.046775756324817355 0.018492093502288597 0.9987342344678813 66.4487135720941
0.9988691804747242 0.0035999208968481183 -0.04740675972149419 -2.694355428646239 -0.0044796436448343874 0.9998194949473092 -0.018463756825815934 -0.506320301228347 0.047331734497801065 0.01865524303899594 0.9987050059034382 67.29299507700391
0.9988444852219398 0.003424884283294276 -0.047937089078982316 -2.778698575213929 -0.004317224600249292 0.9998191010788398 -0.01852367916078704 -0.5168407261271902 0.047864975853657676 0.018709229956008815 0.9986785813268365 68.12041558584914
0.9988143512555219 0.003653070402566099 -0.048544276723903476 -2.8122579758635275 -0.004527655323242004 0.9998291992475824 -0.01791850075235574 -0.5300096538434089 0.04847052778015655 0.01811704745735768 0.9986602928564557 68.93923378803937
0.9987307845891554 0.006676979256713557 -0.04992231827487001 -2.8413200935145655 -0.007470854928290201 0.9998483248087625 -0.015732568250349716 -0.5487407923441104 0.04980970026583606 0.016085562629789656 0.9986291846497938 69.74604946790201
0.998668869980532 0.007903417740870165 -0.05097081635428752 -2.902350594418177 -0.008597486361813388 0.9998730909327171 -0.013412130960923004 -0.5373500077541511 0.05085834602174577 0.013832498569232342 0.9986100793719568 70.54065732625159
0.9986049314528453 0.011064103131190134 -0.051631158227974885 -2.980585102343947 -0.011721083480227663 0.9998539319235815 -0.01243909237057073 -0.5431305917224996 0.05148598916316273 0.013026912099820308 0.9985887504278403 71.31610901316495
0.9986079213018756 0.013963280757473644 -0.050864981113106715 -3.076853189889386 -0.014785284428414576 0.999765530462798 -0.015820223222536185 -0.5744880097704369 0.05063215260602299 0.016550253439991704 0.9985802292422746 72.06594402079891
0.9985870152134837 0.013780151319033256 -0.051323293704242615 -3.131740504725997 -0.014953851727690391 0.9996337508827041 -0.022555407659410956 -0.6011508222904103 0.05099367966261738 0.02329101813576445 0.9984273499402283 72.79739946853732
0.9986895969357692 0.013336598615196994 -0.049408745274996335 -3.2875301913052377 -0.014743842564027004 0.9994927834648745 -0.02822755582909613 -0.6071808730206201 0.049007224760432164 0.028919041115062563 0.9983796777690674 73.4962164773233
0.9986366999175965 0.014420503216026144 -0.050167625663273575 -3.297403295299577 -0.01589364729544478 0.9994504162388772 -0.02909050456047799 -0.6458687383040155 0.049720554636304565 0.029848192021155497 0.9983170597959987 74.19336677563868
0.9986424282384952 0.017330677262830815 -0.049121768570919794 -3.3852898782074927 -0.018479496142822075 0.9995639619662138 -0.023030287899050535 -0.7314578780528104 0.04870121912468728 0.023906768163374368 0.9985272443412614 74.86222227525741
0.9986748702503583 0.016463953069356812 -0.048759017419977325 -3.506142973624869 -0.017513655880456235 0.9996222693024657 -0.021179956852887743 -0.7409659154008031 0.048391893826679 0.02200583931412851 0.9985859841034969 75.51082931562767
0.9987048507000595 0.013501363233478114 -0.04905440223885188 -3.529614003329783 -0.014743161216245249 0.999577687279455 -0.025041691045300372 -0.7437706811162834 0.04869558897400427 0.025732475277247664 0.9984821377123287 76.14431124975516
0.9987413470304641 0.005000493466121483 -0.04990708163047481 -3.5610663733483032 -0.0065396214395610774 0.9995065008598522 -0.030724389177358605 -0.7568314837431089 0.049728815421270625 0.03101209125469993 0.9982811703687537 76.75757362128633
0.998743437119204 0.0007953856278096194 -0.050109022870369835 -3.5882005678181708 -0.002582127787223788 0.9993626956692245 -0.03560245947728178 -0.7766819299083094 0.05004877048850042 0.0356871106485818 0.9981089873887253 77.35338500958004
0.9987912454624392 0.0027015883887735294 -0.049079011886636936 -3.5922790497320647 -0.004457099902673188 0.9993527932660105 -0.035694941544710146 -0.7977609824950378 0.04895081458003092 0.03587054518125324 0.9981568622918706 77.93740542349325
0.9987971131220956 0.006977664427474292 -0.048534925755656384 -3.6181003437708137 -0.00861077641368637 0.9994009224732993 -0.033520899287937195 -0.8180317644695715 0.048271951985837364 0.033898500831985014 0.998258839326165 78.50905839439885
0.9988728415658256 0.004917084844061665 -0.047210895552313455 -3.6356295694661367 -0.006435268703775532 0.9994652435279484 -0.03205954298378223 -0.829204620062736 0.04702800972745209 0.03232722159813729 0.998370330611252 79.06569188899351
0.9989646055639265 -0.0018238980729460468 -0.045457565116601054 -3.656818859851561 0.0003569841951209978 0.999479537040505 -0.03225721004027349 -0.7933056031715535 0.04549274000095978 0.03220758347217924 0.9984453325916691 79.60817232410805
0.9991713961601041 -0.006418725811961429 -0.040191056896044436 -3.625942723358075 0.00524887637265331 0.999561402012709 -0.029145375331467688 -0.8208257819341404 0.04036050535232182 0.0289102674726192 0.9987668526950462 80.13854190160144
0.9991438497574503 -0.0017687247978177617 -0.041333268736610786 -3.4219751224014217 0.0007173282389681271 0.9996761430051834 -0.02543805311885444 -0.9152878552245768 0.041364875583771034 0.025386624802633102 0.9988215387891226 80.59927665154751
0.9992097546615605 0.003238465796160314 -0.03961538247288423 -3.244190155904607 -0.004220999083241382 0.9996849247950004 -0.024743368896604192 -0.9548047959800152 0.03952277009427674 0.024891032057776645 0.9989085980044295 81.06709979127429
0.9993844610479746 0.007654124158708326 -0.034236141710394276 -3.0660917546377977 -0.008492472134589181 0.9996659784078797 -0.02440920995975262 -0.9689123856355095 0.034037874976183914 0.02468493461970563 0.9991156474952877 81.52132493710627
0.9998234401818465 0.0039641463949099225 -0.01836774363657927 -3.0747389114058996 -0.004446204706654924 0.9996447659748074 -0.026278758016288345 -0.9700617343558767 0.018257045945220277 0.0263557849917593 0.9994858942830678 81.99588118738261
0.9999996713913579 0.000678983512070669 0.0004429430757839976 -2.950754603046812 -0.0006654889871616099 0.9995560884002306 -0.02978562180713915 -0.9144810579952211 -0.0004629703943187252 0.02978531724558755 0.9995562117935115 82.43564864870058
0.9997036926701206 -0.00452210863477427 0.023918139459881495 -2.921092187085581 0.005315990038543574 0.9994334983952549 -0.03323285325294454 -0.8642461257006704 -0.023754307222841914 0.033350154706042134 0.999161398408409 82.88692467190764
0.9986702260348985 -0.006427240835630668 0.05115144383736765 -2.8814039731086143 0.00816407915085299 0.9993946401629351 -0.03381864907437386 -0.8626597909712058 -0.05090311820532424 0.034191282351468545 0.9981181436924883 83.33534382520438
0.9964596021612073 -0.010732077622752592 0.08338515317866502 -2.8543040589630397 0.013928767566534047 0.999186361291211 -0.03784976675894526 -0.816878692256488 -0.08291110115544076 0.03887721594363857 0.995798328671858 83.76982093332573
0.9935287215318601 -0.011130787107927429 0.1130344419618534 -2.6188723886400735 0.016345352157765503 0.998839194911263 -0.0453110601493507 -0.7015952123196195 -0.11239888324226491 0.046865427421260646 0.992557364971172 84.12159539409103
0.9882559303864142 -0.010896054956223608 0.15241880475346822 -2.4485272367660564 0.0180938133380925 0.998781401001995 -0.04591652133358995 -0.704941481641135 -0.1517327584108694 0.048135111913059025 0.9872487938843724 84.51844241061166
0.9801814281176623 -0.008386130237468908 0.19792433097742856 -2.3366154319286725 0.018578411299100324 0.9985916218172184 -0.04969522582762506 -0.6905438355312539 -0.19722882803186767 0.05238745704934922 0.9789567629558931 84.91588445307329
0.9688942656448502 -0.007174815346135664 0.24737102503178912 -2.171195187942459 0.020692158393778377 0.9984281200687574 -0.05208765340244777 -0.7083406768530744 -0.24660846818699492 0.05558606912451722 0.967519742608775 85.29786626486056
0.9542860293777776 -0.006713964187986346 0.2988195054197101 -1.9714065788922148 0.023793631475008417 0.9982813450940905 -0.05355575728495161 -0.723108448388645 -0.29794636637426763 0.05821751215927735 0.9528056906013718 85.64055268454021
0.935719853904833 -0.005889009678748328 0.3526948746059743 -1.7591400267418746 0.02678072666854875 0.9981608768407608 -0.054384341713287765 -0.7438674260782333 -0.35172595537921986 0.06033393331688884 0.9341566618095116 85.98274820088093
0.9134800090947375 -0.005389437535523704 0.40684791623815825 -1.5187333214681011 0.030638904841670783 0.9979844603363274 -0.055572245206686036 -0.7544348861894179 -0.4057283949816477 0.06322950964747154 0.9118039803682358 86.29833250625414
0.8851205687727957 -0.006664739983223103 0.46531404446489794 -1.3213121714675 0.03699737366741946 0.9977402418603314 -0.05608568546608181 -0.7727830358453445 -0.46388875075500424 0.06685799139551654 0.8833669882384787 86.6208505427138
0.8519096425670736 -0.00714560997353036 0.5236400492316735 -1.1161367839387106 0.04244423901024509 0.9975594810010705 -0.05543977308499244 -0.792345130241783 -0.5219659447474371 0.06945518067776127 0.8501338308766079 86.94873983359756
0.8146675859776387 -0.008154434276353324 0.5798708731769529 -0.8915186375265274 0.04687287825183598 0.9975556080495666 -0.05182414623751695 -0.816909126592093 -0.5780308448878465 0.06939966895087923 0.8130584408932439 87.24623336310658
0.7731117266667656 -0.00723310869690069 0.6342286182670358 -0.6497767851235297 0.04823768131089468 0.9977095028926465 -0.047422293696703206 -0.8287909779982613 -0.6324329088465297 0.06725644932857107 0.7716898248853824 87.54970751292704
0.7278910754718358 -0.0071845215817669195 0.6856551355441725 -0.3912903493062051 0.05124924787472381 0.9977182760922959 -0.04395174790258027 -0.8417420932353686 -0.6837748875475986 0.06713139504775684 0.7265984303301325 87.83276980425875
0.6804515164516766 -0.006831327363539185 0.7327612617524675 -0.11473596456370166 0.055903394361057006 0.9975264141256498 -0.04261295132391388 -0.8527086808029362 -0.7306576108257052 0.06995988913709261 0.6791502555800148 88.0873305891481
0.6308810984723833 -0.009648323207035021 0.7758195340732107 0.1655293616839193 0.06228192206421715 0.9973256265945863 -0.03824338794748819 -0.8931126584537465 -0.7733757183764355 0.07244656235466186 0.6297948029546815 88.3412543399908
0.5816842693699158 -0.00552538457354636 0.813395894317708 0.4630009526703408 0.06186647338571067 0.9973809364134915 -0.03746741450596549 -0.894441260901363 -0.8110585368753628 0.07211614107993516 0.5805026373388292 88.56294583084504
0.5314474664323346 -0.0005834112446190106 0.8470910518084669 0.7733564549931561 0.05959697081755391 0.9975475426706394 -0.03670287701448232 -0.8965395180362926 -0.8449921842786631 0.06998971169456449 0.5301788837410326 88.78267878019888
0.4828005173015769 0.004368713488716675 0.8757194612635864 1.1067830398155678 0.05962254147119128 0.9975032510897555 -0.037847280138524106 -0.8981770952015509 -0.8736983535762487 0.07048530632565463 0.48133461183498183 88.96730929232585
0.436456906380349 0.004175197875250143 0.8997154753562933 1.4373430829771712 0.0676759273022575 0.9970039966331121 -0.03745663574562566 -0.9032120099824033 -0.8971763136288634 0.07723728646387991 0.43486671963145385 89.14742394951827
0.39300792436662985 0.0014330551248367325 0.9195339676912678 1.790168768178627 0.08444801124531083 0.9957165278857717 -0.03764478040598374 -0.8709109630676041 -0.9156491166280601 0.0924475118546307 0.3912034672266372 89.30659929872421
0.3537754855550455 0.00276600446829263 0.9353262826626739 2.147186239515347 0.08800127367479535 0.9954613097896012 -0.03622922223268119 -0.8587051581925459 -0.931181336610602 0.09512691486247538 0.3519263963058778 89.4517798764386
0.3171215620939 0.010902138570554089 0.9483222333309054 2.5108957161168295 0.08374979710276406 0.9957054935522665 -0.039453030239552773 -0.8688911781337859 -0.9446797797880361 0.09193320120840824 0.3148466296075023 89.57973253430063
0.285888892541765 0.022727325084908517 0.9579932201303571 2.883673887219658 0.07191769836459387 0.9963903902035105 -0.0451002768509795 -0.8872787090436588 -0.9555602470714153 0.08179033564291449 0.28322244828444826 89.68789386994172
0.27444950374478894 0.022790004931728162 0.9613314129734105 3.1931554577253465 0.06482182700776107 0.9970066253576154 -0.04214166271512113 -0.9549669420442002 -0.9594141965999964 0.07388101696803417 0.27215068380247376 89.45421034771493
0.24433756247505595 0.028706179867677865 0.9692652427489369 3.579139354946213 0.06474949261610066 0.9968478797751908 -0.045845477352337835 -0.9689068172734279 -0.9675260506930587 0.07396120486519091 0.24170867052131914 89.57329219281924
0.21958868702466222 0.03134903572035267 0.975088737751694 3.9808443047382496 0.07049562060873195 0.996360952326998 -0.04790845596579929 -0.9984032935304975 -0.9730422272469866 0.07925964065929945 0.21657962359553604 89.65682559884742
0.1953491626299809 0.03825361011732042 0.9799874315381601 4.391516424044729 0.07452753758147027 0.9957706427770864 -0.05372590739438753 -1.0311175909206654 -0.9778979245308835 0.08353136115435827 0.19167201387237623 89.75775592220215
0.1768242689761202 0.044648648895737233 0.9832292082992901 4.8136730537528445 0.07837948291275097 0.9951591857757732 -0.05928618409401441 -1.0500565782231126 -0.9811166263800609 0.08754823309401966 0.17246875752647134 89.83498193329733
0.16521259172717423 0.040551353896637575 0.9854239631914492 5.255674045295841 0.07177851736392256 0.996010343928232 -0.05302112063132591 -1.1344974719834304 -0.9836425387201535 0.07949202780854332 0.1616427342476571 89.85362606406994
0.156857775895737 0.03158722572121405 0.9871159431962805 5.7155122147576 0.06544428665201348 0.99695918515871 -0.042301636756626446 -1.220590614868188 -0.9854504977347434 0.07123643940370385 0.15431359698818053 89.87706461609402
0.15013037283425096 0.024227181791160488 0.9883693210612667 6.18427286420572 0.06148045283555172 0.9975361400047252 -0.03379058010168321 -1.297779694462482 -0.986752767957499 0.06583838581656482 0.1482709745070992 89.89710686211419
0.14060957362774523 0.021929652366419604 0.9898222255290666 6.669337912506046 0.06131510838312068 0.9976427281107023 -0.03081305781322663 -1.3344545737317899 -0.9881646650676148 0.06502366795962128 0.13893349962081525 89.93405827130961
0.13342904776757403 0.020629457354630412 0.9908436378667902 7.16396018690565 0.0601334030434691 0.9977727273979949 -0.02887140971926995 -1.3827874848593278 -0.9892323604948696 0.06343508453545045 0.1318913454314957 89.96950348612934
0.12779844260077805 0.020885372959021143 0.9915802333977726 7.675584994157566 0.059576398542173524 0.9978112284594048 -0.028695036105174838 -1.426174945912956 -0.9900091973338233 0.06274196009606152 0.12627444570357257 90.01070220099467
0.12330566687398556 0.02279745084092311 0.9921068434155267 8.203084536551643 0.05928085702636574 0.9977815153745183 -0.03029566911538894 -1.4513332741855058 -0.9905965336639244 0.06254857162306145 0.12168066272392458 90.06255362141619
0.12064893007205549 0.02363644728363024 0.9924138018146863 8.745427986256214 0.059670103397383455 0.9977361380464759 -0.03101737572150326 -1.48061544692629 -0.9909002545327229 0.062959647361715 0.11896540829617104 90.12102674574773
0.11769569491755219 0.025989127945163715 0.9927095691220709 9.306118410402929 0.061507466935921906 0.9975473571377941 -0.033408109472527536 -1.4932171024749448 -0.991143054714607 0.06499104165999978 0.1158085039837198 90.18227998932512
0.11566012944459078 0.0289478690993064 0.9928669373745271 9.890230958947727 0.062418913753025815 0.9973878330022511 -0.03635092550356663 -1.481472650830492 -0.9913256849606765 0.06617802848138463 0.11355111132685686 90.17567352078264
0.11375879028848601 0.029905643601543592 0.9930582007681529 10.489569435443126 0.06475032565397361 0.9971986071641401 -0.037447739552649 -1.5018888011705875 -0.9913961533916733 0.06856085144363457 0.11150370706626421 90.24206389320824
0.11260867570314907 0.03109183740056023 0.9931528501713336 11.105846339502946 0.06644547790229753 0.997037431407047 -0.03874737203440735 -1.5127760258900294 -0.9914152937204065 0.07035380601143489 0.1102091527822762 90.30480136607306
0.11147865398377349 0.03183041667291257 0.9932569326616342 11.742611187972011 0.06761828209700693 0.9969275682775247 -0.039537217081005334 -1.5281581104982402 -0.9914637046469312 0.07156988320997683 0.10898382533704068 90.36579149023628
0.11065373791902128 0.03204210780163944 0.9933423647525459 12.393980363544571 0.06961669573886128 0.9967752412924443 -0.03990781904328544 -1.5515650214572207 -0.9914178059521389 0.07356916252083429 0.10806624064448485 90.43092848579762
0.11003495610333533 0.03180519588982813 0.9934187123009864 13.062736637721942 0.07340072200377395 0.9964986785670407 -0.0400339558807991 -1.5824648859453223 -0.9912137218807371 0.07732278531293829 0.10731516401137119 90.50912534917038
0.1102671711521278 0.03126385072628937 0.9934101482287541 13.743905160136187 0.07638229950128123 0.9962826454721377 -0.03983258281776939 -1.615512885778534 -0.9909626104394684 0.08027117769661904 0.10746926417443214 90.58740382627963
0.1169661636341711 0.029219901433212812 0.9927059554192978 14.429531395861042 0.08291378759116969 0.9957901654156553 -0.0390800497536449 -1.6906338899577313 -0.9896687427578948 0.0868800542224411 0.11405102273243757 90.42960674659953
0.12081731897433777 0.027523713061606364 0.9922931122683251 15.145318458934055 0.08607868028444396 0.9955597622361295 -0.03809488964190462 -1.78245666545485 -0.9889356077300197 0.09001780399255911 0.11791165645522758 90.48083759101948
0.12189783614344335 0.028152105343407893 0.9921433245798126 15.872229928110265 0.08379550208282163 0.995737040262479 -0.03854945498973122 -1.8159405996653997 -0.98899910585108 0.08783624316904248 0.1190191707739336 90.61167789288909
0.12292890291631803 0.028051778285461626 0.9920189426431419 16.616280922267837 0.08272838735768433 0.9958316122091003 -0.03841111883582955 -1.8374024992912943 -0.9889613231835656 0.08678996405141905 0.12009580919818146 90.76230196331453
0.12382551789814261 0.028337588934786818 0.9918993004184564 17.37022473149707 0.0801991862935179 0.9960363121955889 -0.03846758772874118 -1.8554865222495047 -0.9890577999465531 0.0843127857514734 0.12106206062888478 90.92760415274634
0.12371988908634668 0.028820584278667814 0.9918985648574665 18.13031980549364 0.07466305995019258 0.9964743441326989 -0.03826629018053465 -1.884671244662915 -0.9895043287036887 0.07879248318934465 0.12113186232168982 91.13404994624281
0.1248913270069711 0.029023386145829173 0.9917458341203513 18.91836265314852 0.07114444825429081 0.996737010220288 -0.03812872853522966 -1.9310072755245864 -0.9896164024110715 0.07531915768083715 0.12241895508955647 91.23280393402841
0.12560513655241096 0.03124997652042114 0.9915880135616438 19.700227108574616 0.0659287058137265 0.9970313603006263 -0.03977275860195051 -1.9761915784637256 -0.9898872437916244 0.07036977720978707 0.1231719896488955 91.41256621879273
0.1261563779396058 0.0354160064801607 0.9913779676743678 20.484424156264932 0.06110700598604545 0.9971872475482506 -0.04339962150255087 -2.0502398414212175 -0.9901265081415517 0.06605527845782277 0.12363736515826731 91.58124606525034
0.12494339471168997 0.039199838472579275 0.9913891873435204 21.27056921266386 0.05090375586079788 0.9976499478968689 -0.04586272016178716 -2.1753715322639438 -0.990857182321037 0.05619567710329529 0.12265435221678447 91.7346377361672
0.12642068549706384 0.036788777193763826 0.9912943034997445 22.008198451699442 0.03484440830882941 0.9985306846473053 -0.041501072605304716 -2.512931971676261 -0.9913645532739516 0.03978765751298776 0.1249530504692427 91.64793873539661
0.12655375259529114 0.03692801046510331 0.9912721471660254 22.822206544620304 0.03226983748335658 0.9986246398780622 -0.04132174024902315 -2.5493658835252226 -0.9914347206411772 0.0372176123831073 0.12518803471439738 91.73960487910585
0.1263997552861931 0.035790345116663624 0.9913335226148785 23.635159127571836 0.031142183295262183 0.9987131518177368 -0.04002755058563872 -2.571812694812489 -0.9914904267229192 0.03593176286674091 0.12512250850304069 91.84812821381607
0.12626637517451367 0.035183270129785144 0.9913722509750144 24.44667254560596 0.03256937245247917 0.9986850296557795 -0.03959100301186873 -2.600324790352486 -0.9914615668185743 0.03728738452088979 0.1249544416067338 91.95597285778027
0.1265257510897925 0.03550001435357632 0.9913278888904836 25.2601249697639 0.029183604061407575 0.9987936161716126 -0.039492145406648874 -2.640684137882536 -0.9915339386854857 0.033927293964134436 0.12533709410673416 92.0461448839154
0.1268985635046622 0.03618937060049251 0.9912553071918438 26.070707920391342 0.028536298443200783 0.9987873970108625 -0.04011751791207654 -2.6747211163295295 -0.991505135766636 0.03337761267384819 0.12571197524731198 92.14604693279884
0.12692580848850285 0.03677635443034681 0.9912302148816674 26.8746464456658 0.025476515362729504 0.9988619046043473 -0.04032173973364622 -2.721034249010592 -0.9915849869297709 0.030370961212790502 0.1258444214516427 92.26586053349197
0.1259607855461851 0.037945705373432996 0.991309237295963 27.682672286629725 0.021099337329016452 0.9989396737619222 -0.04091877501466221 -2.7890246123257576 -0.9918108178825564 0.026070129039512002 0.1250265967824401 92.3203031669414
0.1241505218681398 0.037351284341053295 0.9915601491981944 28.488093974578536 0.015578803336170934 0.99909472745213 -0.03958568508901681 -2.8590942309868583 -0.9921410931951578 0.02036190402265226 0.12345624349578624 92.41124331913821
0.12253320611271236 0.03696381643643627 0.9917758263207448 29.295819327362373 0.013804116160842057 0.999146041166929 -0.03894399565364629 -2.8932100912764707 -0.9923684093000739 0.01846252135832751 0.12191831498317135 92.48536670666252
0.11960234418767175 0.035419956291217 0.9921898537886512 30.107133150814093 0.013700095556246801 0.9992093750713231 -0.03732200626071974 -2.9199911256893962 -0.9927273475867201 0.018056895245412118 0.11902252680704112 92.54249887414943
0.11449469722877711 0.03143383495669582 0.9929264214061427 30.907749482484192 0.005727706598706242 0.9994617682965174 -0.032301193332708436 -3.0239438258399316 -0.9934073473070404 0.009385506566674407 0.11425302876894394 92.63932942028664
0.10939769289970196 0.03301617421088979 0.9934495845430215 31.711802330686044 0.007025405782204439 0.9993975659940988 -0.03398747943972342 -3.0445549189371066 -0.9939732332723145 0.010697538293758968 0.1090998359881247 92.71622262766577
0.09984299545065511 0.03469199827763958 0.9943982308486615 32.50764270097092 0.0057099444801328525 0.9993555556148619 -0.03543825610471832 -3.0855273885355814 -0.9949868204119466 0.009216220332330756 0.09958056280877149 92.81159029721694
