0.9999796321024412 0.00044739159692132747 -0.0063667276543897654 -0.08711975523893693 -0.0004451006840734623 0.999999835696166 0.00036123817912290406 -0.017155455694518 0.006366888223237829 -0.0003583969866263944 0.9999796669362596 0.9960501083939296
0.9999112964608092 0.0009756129221156027 -0.013283350085344677 -0.18658069664180743 -0.0009714164799537916 0.9999994762149843 0.00032236590940279755 -0.03328460916072787 0.013283657632071807 -0.0003094336492238131 0.9999117204487257 1.9909608340521017
0.9997771126983326 0.001234119896082642 -0.021076097187757995 -0.2379673201922306 -0.0012491464991960849 0.9999989749428027 -0.0006998188105199078 0.006949213969858951 0.021075211923235165 0.0007259899628123849 0.9997776294661551 2.9888288788507515
0.9995470474084268 0.0016738397270483186 -0.030048265801279974 -0.39159968806059187 -0.001732672389604463 0.9999966325906676 -0.0019320076903730525 -0.04040752261750772 0.030044930745244183 0.0019831963829921393 0.9995465817402508 3.975821489779693
0.9990537570316823 0.001616511739871882 -0.043462368212914146 -0.42754506455917324 -0.0018126086505634957 0.999988353972334 -0.0044728480392464106 -0.0028671189426801797 0.0434546316376054 0.004547395902837631 0.9990450521271514 4.974469889138014
0.9985990230499292 0.00149333776028781 -0.05289386643137957 -0.7553790816367731 -0.00169691966544714 0.9999913243211079 -0.0038041748338029724 -0.08326059386132426 0.052887726623252994 0.0038886019146757243 0.9985928935996756 5.915778410013725
0.9974679403269442 0.0014733654629520427 -0.07110230104670455 -0.8311089837780071 -0.0018059336008669834 0.9999877281371293 -0.004613261207895531 -0.04697937225019452 0.07109463146928102 0.0047299861897889565 0.9974583603373582 6.912246488690634
0.9962590758974449 -2.3323165508772493e-05 -0.08641674113271733 -1.1407316858006353 -0.00030471058234800784 0.9999927989180505 -0.0037827587161715272 -0.09539411944554514 0.08641620706459023 0.0037949397984312306 0.9962518946473808 7.8618726144836995
0.9942971505639966 -0.0011612612593081236 -0.10663877274521043 -1.3269384911868045 0.0007348580432410801 0.9999915781106965 -0.004037782972797986 -0.10742491782053172 0.10664256356621071 0.003936391744575694 0.9942896300656362 8.844309515770128
0.9917923983782782 -0.0013978834655716226 -0.12785102440293375 -1.6035829790375948 0.0008731843330790829 0.9999909661617834 -0.004159945185198558 -0.14296633229499875 0.12785568453605553 0.004014164500873504 0.991784659296148 9.804624368753833
0.9884524636063695 0.0020615428095853185 -0.15151725060778662 -1.9125198326360002 -0.0029768636766207097 0.9999786650019964 -0.005814449542005923 -0.16023375211532326 0.15150203125090234 0.006198353174026451 0.9884375119069391 10.755550147475084
0.9842836481937691 0.006392516913309257 -0.17647899485739774 -2.254500651976556 -0.007817798820457897 0.999942191698964 -0.007382091971516321 -0.1887801283011116 0.1764216027587529 0.00864574969485779 0.9842767238395137 11.694823378931467
0.9791626764546506 0.009298050420129234 -0.20286448505480123 -2.6200743105336772 -0.011182992776541376 0.9999042760665491 -0.008147353950274622 -0.2302508078356529 0.2027693115605139 0.01024621697095891 0.9791729271824557 12.62468146625101
0.9727646758341361 0.010005190281229367 -0.2315788885385372 -2.9969862639576363 -0.012329734059567245 0.9998870658922637 -0.008592620053328628 -0.236813421059667 0.23146676458474155 0.011213903370232462 0.9727781788588158 13.550907297844658
0.9651169586499896 0.012045767592792361 -0.2615418811764083 -3.411381851011515 -0.014577422548103533 0.9998637727734166 -0.007741747035667315 -0.273775536158685 0.2614129967657463 0.011284297869635215 0.9651610796874999 14.4602532604715
0.9560427594560883 0.01377850136709641 -0.29290338849467845 -3.8498951948047457 -0.01654210781005116 0.9998389438408624 -0.006960247724791637 -0.27924053461016174 0.2927603128171376 0.011499533871716046 0.9561167083363538 15.35896131158697
0.9453939418460539 0.016108941805551745 -0.3255315602436806 -4.336726243595809 -0.019014911112849583 0.9998026833065917 -0.005746965139135479 -0.3005849538796017 0.32537474990562826 0.011623099708999995 0.9455137099360345 16.232196633070497
0.9334656377797947 0.018553307196620895 -0.3581866522868048 -4.845514570860762 -0.021921294463780508 0.9997454162260918 -0.0053441167606729165 -0.3130363038080374 0.3579963127371466 0.012840464438146069 0.9336347050852484 17.092998225626722
0.920428688439375 0.021535672743618672 -0.39031685115717357 -5.407029026430695 -0.025349561251691653 0.9996679645285041 -0.004621735581476218 -0.3182159347825188 0.39008771993247654 0.014148338945547966 0.9206689933211406 17.920448930003072
0.9050124144461771 0.02206985359574797 -0.4248122541318254 -5.960416344224517 -0.026332708679934976 0.9996445566971263 -0.004165179394035803 -0.3109794945164147 0.42456933256168905 0.014955996391717703 0.9052718928697895 18.753341534400526
0.8873295199851926 0.01765141631349643 -0.4607979497187185 -6.52848487209607 -0.022440030332942215 0.9997361077947213 -0.004915262975553939 -0.31131038134047007 0.4605895873785074 0.01470177790574493 0.8874914589588483 19.576322711586297
0.8670461619972969 0.013096267847803426 -0.4980556602772576 -7.1336061490215315 -0.018039037887545642 0.9998242081356142 -0.005113309895204449 -0.3335174980315625 0.49790114086819304 0.013417920645587864 0.8671299864078622 20.37214622474167
0.8440015918774221 0.015281854582599638 -0.5361229129862788 -7.838432238717881 -0.01894657210825907 0.9998196159688807 -0.001327753436164298 -0.3815536804235882 0.5360059144391258 0.011278317443527853 0.8441388862278045 21.079898081849894
0.8156846821434717 0.020793690536093937 -0.5781229296182535 -8.540536610443967 -0.024095401707322245 0.9997077414789423 0.0019604192500071276 -0.3860662913792512 0.5779947326170592 0.01233102027255584 0.8159473236710632 21.791957816913946
0.784108194575937 0.024001387834985562 -0.6201598766292918 -9.287984777015488 -0.02730793966241387 0.9996184127128437 0.004159975582831553 -0.41244815583333083 0.6200230766917131 0.013673417548308753 0.7844644173079429 22.455753881605066
0.7504056690172327 0.02345730035689348 -0.6605611909329558 -10.086883472164523 -0.02685945043381861 0.9996267889645792 0.004985248916399786 -0.42008329374706155 0.6604316026881147 0.014001351518039554 0.7507556595367597 23.05717100793785
0.7107247408116023 0.019053134636841256 -0.7032121449881183 -10.83749297513305 -0.021082600825319577 0.9997610284837293 0.005780126953334053 -0.4051152733597346 0.7031542268526303 0.010717461717534809 0.7109565874746584 23.717747507025425
0.670433341303882 0.015703964179068497 -0.7418035591564484 -11.677142918535793 -0.015799030096366327 0.9998514630222146 0.006887854553613767 -0.41862977770002685 0.7418015405188412 0.007101929413910009 0.6705818645642548 24.26070727707465
0.6262178768689713 0.014886639305692152 -0.7795059708943217 -12.509711321853542 -0.013530994769330182 0.9998746230717451 0.008224981318428005 -0.397501182494436 0.7795306811603179 0.0053968608763198325 0.6263407946337289 24.81422639628833
0.5792809907574822 0.015232515837362376 -0.814985585276386 -13.386731993823167 -0.011440643387908449 0.9998788295907518 0.010556411089916663 -0.3793241543168869 0.8150476338385994 0.0032088311724228448 0.5793850688243579 25.294335045895618
0.5301592882698749 0.01647510622196594 -0.8477379901456309 -14.303811212371626 -0.009427954425854687 0.999863942869546 0.01353548760515777 -0.40160017458922126 0.8478456479433758 0.0008164706610225606 0.5302424828690508 25.692417282493718
0.4796461221872825 0.017963584661132168 -0.877278124141269 -15.247207399763798 -0.008277410344318786 0.9998385666656073 0.015947573045950476 -0.3942461739348406 0.8774229777870496 -0.00038760055017699347 0.479717383275944 26.024003670622683
0.4267433443708207 0.02006078377309803 -0.9041502546532935 -16.200835118223633 -0.007135019093052418 0.9997975166287395 0.018815346011901643 -0.384978753453256 0.9043446298495658 -0.0015781943526735752 0.42680007001503173 26.32484959377076
0.3731584246946241 0.022173321065220918 -0.9275026328331174 -17.170137636183174 -0.006712875903373091 0.9997527222791897 0.021199801707937376 -0.38136638098034936 0.9277433521058136 -0.0016846745349117214 0.37321499768254046 26.57069417792639
0.3194100659171227 0.025111556973138834 -0.9472838114827065 -18.146322985389105 -0.004396744986533971 0.9996773335950025 0.02501794016120955 -0.3712412945604585 0.9476063942504513 -0.0038260165670411374 0.31941741213165853 26.787395876490883
0.26752998335747036 0.02690427073934191 -0.963173851503837 -19.132395858778114 0.00010299898306755529 0.9996092995542323 0.02795062854225511 -0.3636550238274273 0.9635495303283377 -0.007576837115962446 0.26742268816118975 26.953536530848606
0.21785097391285058 0.027261526557632955 -0.9756012312082073 -20.123937663544492 0.0028881251889164685 0.9995874304717741 0.028576696375365904 -0.3566904202424459 0.9759777722356768 -0.009043119626775575 0.21768236053778017 27.083137162484217
0.17184026875329553 0.028298696542170296 -0.984718287536496 -21.12209524699084 0.0005862683576700932 0.9995842085906963 0.028828219256916233 -0.34587550371208403 0.9851246511605559 -0.005531158117989089 0.1717522284154293 27.14284022907052
0.1296551332919389 0.028704160478131856 -0.9911435907991815 -22.12039505542067 -0.0012404045955533584 0.999584817191755 0.02878636198212041 -0.32691031645459484 0.991558373373695 -0.0025028805349012113 0.1296369074821638 27.19795640964373
0.09325028588279358 0.027330005217423778 -0.9952675293596153 -23.120154880059083 -0.002769064318933955 0.9996264413329369 0.0271902569102679 -0.30499518865728525 0.9956388484111967 0.00022046057323422312 0.09329112997257967 27.197983237109778
0.05979806469973599 0.024577563493313602 -0.9979078789301635 -24.11992404872317 -0.0018576354820933308 0.9996978507367751 0.02451033297791734 -0.28667630021527624 0.998208766064785 0.00038807860653563506 0.059825652912553165 27.186757917388896
0.02858389712337441 0.02199355064959849 -0.9993494106442768 -25.119819579388135 -0.0014926142595262353 0.9997577393191024 0.02195984458574445 -0.2807928817282315 0.999590282529753 0.0008639452420926112 0.02860980025631171 27.173555911033354
0.002068556579999288 0.02014817168591777 -0.9997948650855284 -26.118984606225496 -0.0021563410845616806 0.9997947695441151 0.020143708331804063 -0.27078713982073804 0.9999955356234351 0.0021142303433024224 0.0021115783795744264 27.133943869598095
-0.017945082214361616 0.01790925877514553 -0.9996785645768567 -27.11620920955947 -0.002626557338058946 0.999835270326765 0.017959215104078167 -0.258898777233063 0.9998355240842708 0.0029479926610377046 -0.017895086431777275 27.06044735596566
-0.033861785180992456 0.0170919134429064 -0.9992803640616663 -28.113753126345244 -0.0021245653864842037 0.9998502646955717 0.017173654535760367 -0.2430958071842199 0.9994242671289675 0.002704567073541288 -0.033820401988590355 26.992209680991248
-0.04670454726016878 0.01745350682145381 -0.9987562567337719 -29.110942424870554 -0.001365543358771426 0.9998452931125159 0.017536394500647475 -0.23024070959299775 0.9989078138429776 0.002182874339142709 -0.04667348822470353 26.918397558617258
-0.056810565365511476 0.01856041590230871 -0.9982124376225654 -30.108525558282032 -0.002326155689153445 0.9998220083393098 0.018722730571660958 -0.226592033177696 0.9983822657993078 0.0033856464497217112 -0.05675727914159313 26.849010537536408
-0.0628175221723036 0.02016634281349058 -0.9978212653204284 -31.102964627194567 -0.004253811270009447 0.9997813413370013 0.020473754029629424 -0.23184717404806682 0.998015963799082 0.005530653841581693 -0.06271800276055761 26.743828303945598
-0.06551691544870397 0.021558321291643028 -0.9976185506360502 -32.09759101913258 -0.004462697779734464 0.999750261443604 0.021897467250168376 -0.22514560322243912 0.9978414794538325 0.0058867246013155124 -0.06540434507625728 26.640516108793445
-0.07104584255271836 0.021005606965437854 -0.9972518502023386 -33.09526222220053 -0.0007602714520042373 0.9997768076653022 0.021112954362112246 -0.18027608910322945 0.9974727616548198 0.0022581697436006554 -0.0710140157019406 26.6918860851861
-0.07288851751156765 0.022109340238577004 -0.9970950010350972 -34.0946344670292 0.002064878720577574 0.9997554555483853 0.02201738806284115 -0.14485397799145128 0.9973379569087073 -0.0004540654746541936 -0.07291634613520845 26.691279142519733
-0.06934865224678262 0.025349685666174144 -0.9972703534489434 -35.086764750311616 0.0007545329354495442 0.999678138803458 0.02535842026829001 -0.15654774151684908 0.9975921988024983 0.001006098941488823 -0.06934545877933035 26.566616646133873
-0.06722039234101014 0.025434347621691656 -0.9974139124829667 -36.082189635753224 -0.0015216967076967446 0.9996712498708328 0.025594464651882476 -0.15107890238544236 0.9977369910415518 0.0032382314224939637 -0.06715959026530706 26.471226031452762
-0.06605551810961988 0.022855277311677965 -0.9975541613497864 -37.07941787000304 -0.003259003212444423 0.9997273649409221 0.02312087122799276 -0.13943960919221668 0.9978106270356766 0.004778293344537189 -0.06596302363735763 26.397738920599085
-0.06469482477638935 0.022767031730396202 -0.9976453487654514 -38.07643018686449 -0.003621786896192828 0.9997277664394575 0.023049417989436275 -0.12485399445966501 0.9978985230507309 0.005104436909230837 -0.06459475533670553 26.32188590505106
-0.06291102602318663 0.025384257538973547 -0.9976962675453409 -39.073458634260504 -0.003319580297291601 0.9996656350205385 0.025643684322522623 -0.10847736224383513 0.9980136187404253 0.004925203364169526 -0.0628057256980748 26.246612663426458
-0.06048193756201054 0.028971154008416926 -0.9977487697131804 -40.06949021277028 -0.004391481388652533 0.9995613095092062 0.02928998845090054 -0.09686470484895555 0.9981596315820218 0.006153110405425825 -0.06032817842750163 26.158373096488212
-0.05911644192873215 0.031102567779772675 -0.9977664438991676 -41.06746576705114 -0.00473416366177532 0.999494525833501 0.031436929291651414 -0.08772310379212755 0.9982398679616586 0.006582029046533808 -0.058939315448351 26.095435000216415
-0.05818884218920208 0.030358391274226435 -0.9978438889545399 -42.065580115180275 -0.006243209318482117 0.9995068990828669 0.030773056773044576 -0.06921136775370468 0.998286071715961 0.008020396810157497 -0.05797061542645439 26.036911131486317
-0.05539055203982755 0.027428819753965147 -0.9980879453192623 -43.060401660723535 -0.008758682085841789 0.9995707915055627 0.02795564803508891 -0.04933263167263286 0.9984263479259956 0.010290413784057213 -0.055126537632165754 25.937237119105326
-0.053400245521274065 0.026767110109825968 -0.9982143735664374 -44.057130750364585 -0.00971386798796874 0.9995794488035258 0.027323365428725193 -0.03202700857464362 0.998525940848298 0.011155597070878764 -0.05311777581010191 25.858296525049223
-0.052133520950579354 0.02906767209771744 -0.9982169936602532 -45.055531014753775 -0.00717172325923608 0.9995396201593969 0.029480741461183145 -0.017788257128226518 0.998614371205816 0.008695870883803209 -0.051901054428439126 25.803577698891864
-0.051061225360630805 0.031102800238493208 -0.9982110834297494 -46.053715784060714 -0.004811394128430518 0.9994956652299074 0.03138894189305128 -0.004136553569674323 0.9986839348618815 0.006405544781581061 -0.05088582557883277 25.744919558923296
-0.049774993006198934 0.0328476101234797 -0.9982201583720937 -47.0517112685344 -0.004039699952340454 0.9994442342816879 0.033089324341621845 0.009703698411697177 0.9987522870539656 0.005679530813885205 -0.049614635282406616 25.683166498679952
-0.04952582300599086 0.028254518873051665 -0.9983731141305994 -48.050648496586895 -0.0037466810437289753 0.999587490521806 0.028474746240740027 0.024170568902044963 0.9987658160133108 0.005150820863741274 -0.04939953246432426 25.63940459964722
-0.04960868299600363 0.021356578506491114 -0.9985403723064467 -49.04968236380248 -0.0023636089337778264 0.9997660495806511 0.021500219968799774 0.03392457144488059 0.9987659345032794 0.003426756541497986 -0.04954659842406056 25.596554031172584
-0.0496250831767354 0.01683482524934301 -0.9986260259869683 -50.04787420415558 0.0007345680735650925 0.9998582791774006 0.016819095402316048 0.04316309715934465 0.9987676464170464 0.00010109021217626643 -0.049630416594278325 25.537159761043434
-0.05025955455606735 0.01752294101581178 -0.9985824571431149 -51.04645777212571 0.0018615123405182712 0.9998459794689053 0.017451421479956392 0.051472676655555535 0.9987344551719595 -0.0009817728970440936 -0.05028443272372521 25.484607037755964
-0.05067774291372434 0.024878711332767294 -0.9984051362526086 -52.04514528335233 0.0016348040538538288 0.9996904070060164 0.024827757769278928 0.05633549508997564 0.9987137196358498 -0.0003739820387784267 -0.05070272525770888 25.433620884955022
-0.05068109239487511 0.03188754585106031 -0.9982056958829967 -53.04267387426017 0.0002458844130964692 0.9994905210964066 0.0319161053276913 0.06774643698324381 0.9987148574115219 0.0013720998613156294 -0.05066311209798561 25.364292096859298
-0.05096968626620177 0.03716829451984664 -0.9980083210897642 -54.040445415272146 -0.0018096625023687834 0.9993021419882303 0.03730890161022663 0.08124734040045214 0.9986985612303401 0.0037076812457380974 -0.050866854593414036 25.29894947914423
-0.051317656535386745 0.03753972290746796 -0.9979765865649082 -55.038011879133734 -0.0033650657675027276 0.9992811018279428 0.03776183075424761 0.09523092723388973 0.9986767116840642 0.00529610550901276 -0.05115444072943185 25.230644358176185
-0.0522872405769051 0.03402311767264842 -0.998052339277197 -56.03644142029171 -0.0031279617432469703 0.9994089760353517 0.03423323641291207 0.11132586582043902 0.9986271878575032 0.004911831003065326 -0.052149914554212896 25.176984467529262
-0.05180756981406502 0.03151117048858098 -0.9981598177869111 -57.032820026327194 -0.0037688731673413862 0.999488775849832 0.03174874084515564 0.12261877963133712 0.9986499743679007 0.005406762861819615 -0.05166232292828871 25.09271036639918
