0.9989616828340585 0.00033521813367733973 0.045557039611335164 0.0034162055035888866 -0.0001782373158239272 0.9999940334463301 -0.003449826546278673 0.022705409009165043 -0.04555792423722963 0.0034381245676989415 0.998955782223944 0.9997363530602213
0.995638012131683 -0.002629082960442182 0.09326326565833787 -0.0884824864746138 0.003459571100120582 0.9999557840833998 -0.008744212140400068 0.07163150809194857 -0.09323615267842084 0.00902872089170011 0.9956030845838043 1.994302010095775
0.9902921513168874 -0.002632971761670393 0.1389766976866022 0.05562510290817707 0.0044248855061290926 0.999910999706087 -0.012586224812523892 0.03482440336860541 -0.13893118954514358 0.013078995621835406 0.9902156656229465 2.983179262591178
0.9826635748768631 -0.0002595561188697467 0.18539749523886442 0.21631764141165694 0.003124393931674661 0.9998801928030774 -0.015160415648674229 0.006320109143074118 -0.18537134830599708 0.015476843047017342 0.9825466556640017 3.969772082461006
0.9729657905318196 -0.0028205393316594147 0.23093205713514425 0.45205979518491557 0.006519080109910319 0.999862395562938 -0.015254230025263023 -0.018701850784075727 -0.23085725470366206 0.01634730855589464 0.9728502934437891 4.9412655299043005
0.9611062256896374 -0.003493274301786097 0.27615687566177305 0.7258844995700577 0.008420669918000839 0.999825770128774 -0.016658982698110385 -0.042141179944110985 -0.27605056648873505 0.018336477880344027 0.9609681879855294 5.902759476384553
0.9474504637261358 -0.0059062203941089245 0.31984798787202956 1.0558915056709413 0.012764079784224471 0.9997313134888689 -0.01934887844509335 -0.06832800739004227 -0.31964777029160035 0.022414669091406568 0.9472712840349014 6.846374655380292
0.9321991781670058 -0.007875015390580031 0.3618600231544743 1.424792781889415 0.016594293851407965 0.9996418706040735 -0.020994283668704445 -0.10918463857108522 -0.3615651001359667 0.025575665539473907 0.9319960105579214 7.77494482739021
0.9148175982368716 -0.008223672637852376 0.40378352265102 1.835212836489226 0.018559332827755782 0.9995924634965352 -0.02169004577949493 -0.14412832605678105 -0.4034405942900515 0.027336388372889285 0.9145974025491306 8.686171636523433
0.8951431609949841 -0.008696150396428251 0.4456939513749207 2.284004584874277 0.019866788969515298 0.9995945462814918 -0.02039739543028143 -0.17501400279229887 -0.44533586428666205 0.027113096698481717 0.8949529864565348 9.57927410631757
0.8730838278398521 -0.008624465124666013 0.48749384423377534 2.769219391061181 0.020713438388918384 0.9995969687733793 -0.019412714626762965 -0.21506089998274103 -0.4871299447114903 0.027046600902610164 0.8729105901207727 10.45275153469469
0.8490351739779995 -0.00855903501946547 0.5282669933543864 3.2980853161599932 0.02140053213908553 0.999605321465219 -0.01819940995142918 -0.24797431553846644 -0.5279027283243684 0.026757133963707228 0.8488832459235702 11.300818466221582
0.8233617979337995 -0.008729232445485796 0.5674496895797313 3.874425221651599 0.023069650811193332 0.9995700507885835 -0.018097093080331254 -0.2834269966511749 -0.5670477413010924 0.027991321287521305 0.8232091745224347 12.117259156509341
0.7960563925555328 -0.010491471638631974 0.6051315137177429 4.48471246002176 0.026672482241275313 0.9994864609974875 -0.01775930668147623 -0.31622299568882617 -0.6046344338214292 0.030277769164415876 0.7959274201407226 12.908760191973625
0.7671592300487268 -0.009589050594785585 0.6413850371342747 5.122932051344242 0.027518984096765873 0.9994596935533204 -0.017972937338812674 -0.3548502333822197 -0.6408661492584288 0.03143836940735923 0.7670086099019229 13.677644884073427
0.7370059974218218 -0.012747334726247457 0.6757659840667049 5.819872335300169 0.03264224991082557 0.9993267412766862 -0.016749557906955953 -0.3786562380075104 -0.6750975065018568 0.034403046764730986 0.7369259033907543 14.394378791752631
0.7047821358155167 -0.01192846383181718 0.7093235177166557 6.532479919742876 0.033226400057355714 0.9993164119406232 -0.016208490532667628 -0.40411269363266594 -0.7086452902366224 0.03499172154570353 0.704696695074357 15.095479625481692
0.6710460337113778 -0.010620518062307727 0.7413396153156231 7.287336575685258 0.034417713093168996 0.9992656709979983 -0.01683863980126604 -0.4457185657860746 -0.7406163930576102 0.03681471663626751 0.6709187990907147 15.75004846105787
0.635244153823863 -0.011895941525683337 0.7722197560331003 8.045246261820756 0.03936684496429945 0.9990803168353949 -0.016993293666737096 -0.4731698025164738 -0.7713074072963133 0.04119474587013103 0.6351282361559234 16.401830109518063
0.5985697022101066 -0.00995580549314402 0.8010088598343255 8.837312965733284 0.03940849785613842 0.9990780300086336 -0.017031155298180528 -0.5053110139513696 -0.8001007948332679 0.041760889490654894 0.5984101822463604 17.011417887515705
0.5606820703661901 -0.008645729694959263 0.8279860308772868 9.661954877937674 0.04254552444449501 0.998925456534484 -0.018379625597813122 -0.532992916355071 -0.8269374186234564 0.0455322264491273 0.5604474302153236 17.57639524008179
0.5221713017993456 -0.006908376823988285 0.8528126440824114 10.52483102070193 0.04737345722733239 0.9986582252345476 -0.020916613533596223 -0.5548179474972984 -0.8515238617487516 0.05132273863543812 0.5217979392173294 18.081339207531293
0.4833572196342819 -0.005739602534297619 0.8754043952312348 11.401665757254213 0.04911410444144565 0.99858130705358 -0.02057128941215922 -0.5770876176609786 -0.8740443941656119 0.05293798415044087 0.48295337959450757 18.561615051764676
0.4450709378016138 -0.007230066476846767 0.895466128037868 12.305104492503284 0.054237504492289146 0.9983492403413646 -0.018896756765889915 -0.5975647623604727 -0.8938513038704151 0.05697824539735027 0.44472837341527754 18.98984293293455
0.4081846502839138 -0.007909417007095668 0.9128651227838678 13.222242494786096 0.05820953206196879 0.9981530906381318 -0.017379816646673436 -0.6306897034762604 -0.9110416794251105 0.060231626012861576 0.40789117369479977 19.387033822867828
0.37311410136103373 -0.005211497293573036 0.9277708271235448 14.157003277984565 0.05985393320105735 0.9980363513609868 -0.018464778428465646 -0.6444659206855806 -0.9258527820587417 0.062420202322709936 0.37269336497458677 19.742044349518817
0.3398789301733063 -0.005885294666920636 0.9404507834708478 15.102263436052851 0.06062029789920969 0.9980380080180481 -0.015662504077497426 -0.6672928864778598 -0.9385134481225402 0.06233376178324281 0.3395688587534055 20.067562618130477
0.3063307463203478 -0.0075131699988710615 0.9518954911834522 16.05275748948559 0.06299459806171408 0.9979368840684218 -0.01239580698672669 -0.6949741250867962 -0.9498384886252305 0.06376149066934644 0.3061720396015305 20.377069941820224
0.2737717109094265 -0.007268598960716061 0.9617672367963427 17.016999872675463 0.06361679276637477 0.9979184545165293 -0.010567015352587517 -0.7105558256178709 -0.9596884671516304 0.06407749686504592 0.27366424759486685 20.64163338802273
0.24135587914778334 -0.004205970142868429 0.9704275601073767 17.986120437713176 0.060991571291755274 0.9980793795256733 -0.01084344949772896 -0.7306751380799501 -0.9685181298417513 0.061805032002292204 0.2411488548325129 20.88739856799474
0.21042502717074815 -0.0024497358472441886 0.9776069285425851 18.962903003542998 0.06099052262929613 0.9980817731604469 -0.01062686380376143 -0.7465573565193476 -0.9757056236845186 0.06186091560247961 0.21017079490554277 21.101042089377945
0.17973073967071931 -0.0022181501387551696 0.9837133429141727 19.945270132975573 0.0630694586303292 0.9979660598398528 -0.009272906545245527 -0.7659734502740774 -0.9816919601410076 0.06370889433730274 0.17950507562970222 21.286993207458877
0.14917260695827678 -0.0023340625527535487 0.9888084169773586 20.934382360345477 0.06487006474724592 0.9978660512052577 -0.007430918631920271 -0.7809289643093761 -0.9866810062188084 0.06525255553636142 0.1490056910423709 21.433394417387063
0.11878166093198457 -0.0029320969962870276 0.9929160688766406 21.92690461656932 0.06363894879161829 0.9979620794216462 -0.004666072558574923 -0.796662417218304 -0.9908789034099663 0.0637423787101522 0.11872618891143905 21.55443990206474
0.08919916928873287 -0.0032259247586034607 0.9960085851074026 22.922628634333826 0.06423017762473292 0.9979319282694431 -0.0025200838728895014 -0.8097234378153858 -0.9939406383081917 0.06419859772520711 0.08922190072858681 21.645889725403386
0.06223421791775633 -0.002808546687514973 0.998057620674111 23.92146150225024 0.0670510497664908 0.9977486009686704 -0.0013733136105239109 -0.8139286333711836 -0.9958067376983232 0.06700627829215204 0.062282419863536796 21.694006232949814
0.0370071706811055 -0.0021051774084168487 0.999312782639278 24.92108172499152 0.07106709955944339 0.9974713960446155 -0.0005305026053125775 -0.8154324134805254 -0.996784799582331 0.07103789341531161 0.03706320305541787 21.721522212262443
0.014324850941416993 -0.0017017963531253436 0.9998959458537059 25.921013352920788 0.07539638291855912 0.9971534509720354 0.000616974358280347 -0.8252834212457789 -0.9970507429856839 0.07537969954658386 0.014412383840383548 21.727821209639515
-0.006027972229310017 -0.001624030249113366 0.999980512848401 26.92091794249987 0.08114546028565353 0.9967000407463164 0.0021078546726846052 -0.8251586527487655 -0.9966840411212734 0.08115658508119779 -0.005876297484488903 21.71400902855393
-0.023581902310164837 -0.0023510113184081983 0.9997191438745249 27.920206380364093 0.08554986995996591 0.996324345394376 0.004361023308980708 -0.8330226043378592 -0.9960547744141719 0.08562868398059885 -0.023294094669764957 21.677120599094742
-0.038966933902935326 -0.002120598560842388 0.9992382504307701 28.918874197132048 0.08864039218317742 0.9960481164774838 0.005570505836085109 -0.8305095292569724 -0.9953011900604846 0.08878993593533623 -0.03862497043082527 21.625581718433775
-0.053562157038594654 -0.002605008972327308 0.9985611194421828 29.917531249125144 0.09091900708718276 0.9958302378970851 0.007474720069416563 -0.8285804897019076 -0.9944168288417357 0.09118854762572667 -0.05310197075680763 21.573809608860092
-0.06667822104145708 -0.0035878227895793247 0.9977680804507506 30.914796164203622 0.09106022963274431 0.9957984745580389 0.00966605644071984 -0.8269050025134164 -0.993610612573144 0.09150150597402144 -0.06607136283222609 21.49991873055843
-0.07874217736791037 -0.003331596377986938 0.9968894472151529 31.911134094561554 0.09085551374830905 0.9958086823118547 0.010504468280643811 -0.8228418789851976 -0.9927461634903916 0.09140004758151067 -0.07810944998658124 21.414512644374465
-0.09016444373429348 -0.00043732010637756924 0.9959267954208323 32.9077611733761 0.09098522515146974 0.995814461955284 0.008674454728980218 -0.8198369056398255 -0.9917620994423116 0.09139675110108308 -0.08974726735642101 21.33250401123882
