0.9990467583056871 -0.0007422845714658998 0.04364657755784481 0.03116605257948721 0.0008481279437904638 0.9999967446122304 -0.0024065419033449534 -0.02805019370292042 -0.043644649132384604 0.002441265769341199 0.9990441355733762 1.001467734397397
0.996043865263723 -0.004911903018982284 0.0887270628344836 0.1313339230508796 0.0055754547411644715 0.99995830331982 -0.007232283607273755 -0.04613470753928709 -0.08868783893483659 0.007698365442022533 0.9960297196342031 1.9960692611672073
0.990998393265098 -0.004457453054286622 0.13379953534397332 0.2888959576632678 0.006002184886264541 0.9999198895120972 -0.011143981995059584 -0.07107520441721839 -0.13373914282133492 0.011846757800510033 0.9909457583576564 2.9847652817946475
0.9838044470071814 -0.002108278318048211 0.17923271244788863 0.4983618896520307 0.0045668265527523955 0.9999010479685034 -0.013305576527365089 -0.10958803764192426 -0.17918692514837947 0.013908610067944999 0.9837167256999583 3.9553689745321923
0.9743684564180959 -0.004607339590517961 0.22491083468635867 0.729563262976981 0.007781379486327329 0.9998822273615849 -0.013228058804133408 -0.14120330677382312 -0.22482340018491548 0.014639119793672458 0.9742895539319715 4.926279865784984
0.9628555418142293 -0.005503635204306502 0.2699609519859577 0.9959251094290351 0.00974958661132982 0.9998489305630858 -0.014389635602128052 -0.1717117491863597 -0.26984097383187516 0.016487148067260475 0.9627637419377993 5.881775242353104
0.949497489225872 -0.008085351927770334 0.3136704401724347 1.3156670462875926 0.014127596207182284 0.9997557655083678 -0.01699471559587657 -0.2014643790748853 -0.313456422775434 0.020567849109277864 0.9493798157765131 6.819538913015519
0.9344306850002826 -0.010201348291284027 0.35599891491820884 1.6555858827735417 0.017995851436805047 0.9996652286116688 -0.018589783103759836 -0.23395371246875352 -0.35569009581511646 0.02377736734418488 0.9343014462908704 7.746323781949171
0.9172300858530595 -0.010042347833429903 0.398231240431964 2.051792969037026 0.019286718213218108 0.9996293479900645 -0.019214295134688468 -0.2677424504971304 -0.39789067858716226 0.025304503293907946 0.9170837966110267 8.650050450288578
0.8977786981183499 -0.0105746529899182 0.4403198677314743 2.485231302864321 0.02058588752084346 0.9996266490953261 -0.017966180824800296 -0.2900862046576609 -0.4399654877827347 0.02519402970136088 0.8976612002462322 9.534124816466276
0.8759919344939816 -0.010390512669558535 0.4822138197397031 2.9572398597881 0.021243070315022827 0.9996289333152965 -0.017050737301176663 -0.31436026573053055 -0.4818577203543412 0.0251800104326127 0.8758876094622701 10.394533103825696
0.8521613575466906 -0.010422797667644718 0.5231752918410422 3.4758779990846227 0.02204934159162873 0.9996288485819051 -0.015999738066312306 -0.33879093055904175 -0.5228143525569631 0.02517002923308337 0.8520748924765054 11.225352800325489
0.8265347886548222 -0.010776676655048912 0.5627824680847829 4.009882550947401 0.023737780003849625 0.9995945936993896 -0.01572151543080811 -0.3789890453462195 -0.5623848868380237 0.026353585851356626 0.8264555206234376 12.041483753305915
0.7994114239696561 -0.012322992818914401 0.6006575722279629 4.599677899151517 0.027034603657886114 0.9995147203015462 -0.015474304688201348 -0.40296082676596745 -0.6001753955568883 0.028608875345026475 0.7993566330616293 12.816979967845539
0.7708725148738658 -0.011446269289333132 0.6368866058659078 5.223833161113863 0.0278129609183247 0.9994898272645905 -0.015701095489019164 -0.4409064072955818 -0.6363819647169431 0.029817245244247906 0.7707975913747047 13.554412625761126
0.7403522290886304 -0.01467425711185662 0.6720589580250454 5.874135687551105 0.03275570679074494 0.999361605228148 -0.014263438171013497 -0.471068089339341 -0.6714206137408459 0.03257373441953968 0.7403602577595786 14.271418211851792
0.7086746782469078 -0.013931704081639667 0.7053978367084931 6.566439898966224 0.03323903221805091 0.999354130822128 -0.013656058946731001 -0.5040865161189443 -0.7047519898154587 0.033124444601092456 0.708680043475911 14.942990571143445
0.6750101962502226 -0.01263831881658912 0.7377001476587387 7.301311072849409 0.03424414111340784 0.999312417091724 -0.014213790687284575 -0.5373220594694209 -0.737013279227478 0.03485636159709124 0.6749788591493595 15.560829745532441
0.6402354074911982 -0.013990549630365664 0.768051357342475 8.065648252433574 0.03872334136907124 0.9991507818831028 -0.014078987733462446 -0.5802732018704219 -0.7672021414384823 0.03875538134794814 0.6402334688133544 16.133482218214336
0.6037190462766462 -0.012128915750001072 0.7971048880577415 8.81829389684327 0.03856860508801554 0.9991577636558835 -0.014008070093288413 -0.613920676545049 -0.796263634648965 0.03920016235812238 0.6036783675159436 16.716663270602695
0.5658178539680222 -0.01077421405163642 0.824459867090321 9.587223013162273 0.04166671333248035 0.9990107052971624 -0.015540131972892394 -0.6301290276346256 -0.8234768006028401 0.04314541705946911 0.5657070194505925 17.27769789466086
0.5275239682680379 -0.009076611882636584 0.8494916585932273 10.409183417831722 0.046328484107068905 0.998762302992185 -0.018097891647570735 -0.6521639184475826 -0.8482759777708443 0.04890273242343544 0.5272915591003123 17.759094557436732
0.4890113990432867 -0.008056051200955509 0.8722401914867105 11.240831380341064 0.04810760988086827 0.998684484224369 -0.017747079789542732 -0.6761049836960307 -0.8709497743712185 0.05063991517127366 0.4887556542017373 18.222851143441183
0.45052044395199076 -0.009645917484804763 0.8927140000342643 12.085260002175888 0.05325799781842909 0.9984511660844041 -0.016088959353101104 -0.7034337809636915 -0.8911761415397478 0.05479256537679059 0.45033638486109046 18.6799006945487
0.41389695670638577 -0.010152626614774582 0.9102671220043113 12.9750984083076 0.057217699558057854 0.9982507880244239 -0.014882844684397874 -0.7214363135720822 -0.908523771888482 0.05824335482642677 0.41375387313242956 19.049358995827756
0.37891639679915085 -0.007692452782872436 0.9253989358146736 13.875485724742948 0.05862531325328816 0.9981564722592364 -0.015707626585487893 -0.7517723276979764 -0.9235721070293869 0.06020367976443435 0.3786688263643031 19.395514055117378
0.34568600135803873 -0.008318188019417154 0.9383133784686021 14.794271752008502 0.05937662143371625 0.9981506545950265 -0.013026417720798435 -0.7658862230536541 -0.9364697567418856 0.06021692851344381 0.3455406144409064 19.727604153008336
0.3124205106309113 -0.009735736414489857 0.9498940151267334 15.73280461166682 0.06180854285408965 0.9980369233428188 -0.010099686859226279 -0.7822227862653964 -0.947930972469712 0.06186691426657576 0.3124089569006577 20.03330066559669
0.27969425765204714 -0.009588040503942102 0.9600412447992865 16.68573949443349 0.062245640405194404 0.9980274450023506 -0.008166962264332655 -0.8058957828249078 -0.9580692054789239 0.06204263454572641 0.2797393590676998 20.311531117125742
0.2472497104861072 -0.006371401881794583 0.9689308468113682 17.645921393990474 0.059417943424158 0.998196161681371 -0.008598302380178037 -0.8205362769120997 -0.9671282689818238 0.059697806011930414 0.2471822875806067 20.5634430467279
0.2162275075902195 -0.004654594619058561 0.9763319106278623 18.622186917079453 0.05922766853750232 0.9982095088441991 -0.008358213483401013 -0.8349192284644942 -0.9745448928812527 0.05963313845467614 0.21611603493751158 20.782274088552015
0.1859319493059466 -0.004374888113082924 0.982552884368718 19.6218949676548 0.06138608258823415 0.9980883266411872 -0.007172244213994159 -0.8465101878058815 -0.9806431864300901 0.06164862185477205 0.1858450653949294 20.960427504401228
0.15508524585952174 -0.00439666592279876 0.9878913077082181 20.632150132587586 0.06326095432713394 0.9979819221032805 -0.005489518436225123 -0.856772392011111 -0.9858735305171302 0.06334629021343456 0.15505040903487824 21.14511909959751
0.1243963678449843 -0.0048053825909025885 0.9922209693234307 21.66069514492874 0.06208280789563182 0.9980666430945618 -0.002949729774954254 -0.8677959586338171 -0.9902884774805614 0.06196679949865265 0.12445419691245492 21.29417183366782
0.09514786298745559 -0.005300278776282268 0.9954490399883925 22.708782124950247 0.06277436422599689 0.9980275088397023 -0.0006861452026301393 -0.8885927367192702 -0.9934818887956344 0.06255396585437965 0.09529290629919235 21.39128445347869
0.0678228224051583 -0.00483716225164006 0.9976856552152825 23.770144127759956 0.06577982389424995 0.9978340947751009 0.0003661595222038774 -0.8918730278324035 -0.9955265338148646 0.06560275272963428 0.0679941122808034 21.469413734688903
0.0428430304022818 -0.004468174346649903 0.9990718243269375 24.84756276866232 0.06989192820880749 0.9975534945210202 0.0014642199818729802 -0.905054690166083 -0.996634132024989 0.06976432460010164 0.043050504014326016 21.494197094310092
0.01991883467804709 -0.004139766938407568 0.9997930297590407 25.93947655416495 0.07412211938404789 0.9972456446278305 0.0026524872930381556 -0.9163274110148216 -0.9970502251356671 0.07405394385526295 0.020170819427974017 21.523326551198185
-0.0003538370393204856 -0.004315757291024395 0.999990624475226 27.043489964747273 0.08013025420382372 0.9967749953960651 0.004330232604001964 -0.9215806943791163 -0.9967843383403349 0.08013103513732449 -6.8731844288687445e-06 21.524492970771725
-0.017945326024737977 -0.004958258492778614 0.999826675452592 28.159359083683068 0.0846698032284193 0.9963881177696151 0.0064608969024508 -0.9262301124973971 -0.9962474540469981 0.08477107077442234 -0.017460694849612594 21.497257921731425
-0.03355173626413912 -0.004665457875091133 0.9994260925633647 29.28791150130439 0.08759190881550107 0.99612752204797 0.007590607922119041 -0.9164906106684335 -0.9955912507167375 0.08779631724273024 -0.03301315154442742 21.453146028408646
-0.047776727703340294 -0.005243170245612849 0.998844278882216 30.42173554884297 0.09013468908221196 0.9958839019615546 0.00953895370999996 -0.915303994945669 -0.9947829522634639 0.09048625851257229 -0.04710748248826486 21.393914859460267
-0.061080468880544234 -0.006198160205667682 0.9981136003138099 31.56239237146343 0.09045469120810053 0.9958316139863672 0.011719446392789431 -0.9120321370428532 -0.9940257165485101 0.09099988678768318 -0.06026520924089553 21.32737514763625
-0.07308470662079253 -0.005843525862995484 0.9973086176623761 32.707810640664405 0.09041024569497154 0.995826656041964 0.012460280480579573 -0.9071596180599363 -0.9932193177398067 0.09107757309990386 -0.07225138439299456 21.230700835163436
-0.08424017693922528 -0.0028862868827410912 0.9964412987914925 33.86563500325794 0.09076943460158154 0.995815963815102 0.010558217326252988 -0.9027163553775618 -0.9923026263853969 0.09133583940069576 -0.08362572636224605 21.13735657458817
-0.09447425910273363 0.0004800608858441047 0.9955271889348543 35.04034947312896 0.09080090521405242 0.9958358248460425 0.008136680251185295 -0.8960069935464251 -0.9913777332476744 0.09116347675877243 -0.09412444170328313 21.02588510044632
-0.10376813385681884 0.0031572870040975764 0.9945965040832614 36.23656530269397 0.09191144419303705 0.9957464349159847 0.006428357368451636 -0.8892197710211857 -0.9903456269516328 0.09208185972752748 -0.10361694015409169 20.89272923155054
-0.11144017333918083 0.004206053653992188 0.9937622436371746 37.45836375432924 0.09148356346749825 0.9957882425256165 0.006044308317090463 -0.8859795498595402 -0.9895513353946932 0.09158649005395703 -0.11135559913257678 20.77003897211969
-0.1171417193578908 0.0050394218696440864 0.9931024226196888 38.70180557668556 0.09151845612206584 0.9957868251294182 0.005742045602925277 -0.881063978626454 -0.9888893718586066 0.09155983358379544 -0.11710938091885423 20.62475422241284
-0.12211445249016709 0.006895154661938374 0.9924920741926417 39.96154064158284 0.09269677251414611 0.9956842707393968 0.004487913503577775 -0.8738972571492611 -0.988177802249416 0.09254885112384108 -0.12222659815756148 20.469123592341422
-0.12659942644343744 0.008698268844224585 0.9919157854088743 41.24504918753298 0.09162782423371231 0.9957889165767069 0.00296233846561237 -0.8662277775184147 -0.9877129780712549 0.09126211559076702 -0.12686330914614036 20.29755683836495
-0.1304937426848073 0.0094932679957213 0.9914036821511558 42.54906712471753 0.0924088896330928 0.9957176741989792 0.002628764834388641 -0.874193554687914 -0.9871332130147831 0.0919575508076257 -0.13081218831811145 20.12077844722533
-0.1335986981950275 0.008650118921550543 0.9909977614925445 43.87918967006525 0.09206955300611858 0.9957456276253012 0.0037205475872010337 -0.8692695857790697 -0.9867495048135806 0.09173778124490554 -0.13382673216668883 19.947034632534187
-0.13594789953374795 0.0068007755549010125 0.9906926456092277 45.23057184608455 0.09218219175278493 0.9957251811673024 0.0058143884455547565 -0.8603673864778024 -0.9864180716795561 0.09211467332187027 -0.135993657288826 19.755367671599647
-0.1381633111532372 0.005735538304129587 0.9903928528879499 46.60390624107457 0.09259563718463482 0.9956781142849109 0.00715127320240229 -0.860691314608594 -0.9860714717633529 0.0926941008608735 -0.13809727093628338 19.58366995921905
-0.14005805655201362 0.006611755147054146 0.9901212175732551 47.9933005452551 0.09465297868575308 0.9954875009622263 0.0067415913474017045 -0.8487468774465455 -0.9856087227803876 0.09466213668545831 -0.1400518670256008 19.375433464860492
-0.14116638781144422 0.006459535669139495 0.9899648101580204 49.4051321175978 0.09449275385208218 0.9955010880911077 0.006978759121104404 -0.8429051058338143 -0.9854659661407484 0.0945296673450177 -0.14114167198216784 19.185410920713075
-0.14160284147506202 0.007910746328334422 0.9898919412636484 50.838855928658056 0.09719443636524062 0.9952476269964208 0.005949999801312618 -0.8446610334306588 -0.9851405365864464 0.09705452617225624 -0.14169877248461776 18.98096711169546
-0.14183239977467604 0.008264927799138512 0.989856182151038 52.2886226918933 0.09703783159121848 0.9952649726213779 0.005594060514683147 -0.8418746735867679 -0.9851229515213981 0.09684691653038133 -0.14196283015045474 18.77732624387756
-0.1410037511650863 0.009682382418936935 0.9899617132132257 53.76042267358471 0.0970033356600545 0.9952756847924518 0.004082172428716311 -0.8424328535150271 -0.9852452968820492 0.09660518998277697 -0.14127682839090996 18.565787023425145
-0.13978862137577008 0.009677204100384921 0.9901340783220511 55.25741838268838 0.09756071907114536 0.995221346810142 0.004046844168855299 -0.8395425302831642 -0.985363408813308 0.0971638954252321 -0.14006473502495975 18.363356486164175
-0.13859996914182773 0.008631872493668005 0.9903108296545758 56.773776903361636 0.09615551383017447 0.995354837456505 0.004781705970488384 -0.8286605283182462 -0.9856693998060095 0.09588659097697727 -0.13878615189158686 18.158850998930017
-0.1374755861215937 0.009568545559760742 0.9904589371379271 58.31343220321498 0.09782352466128874 0.9951958842401003 0.0039635860537511215 -0.8301412537425344 -0.9856627319947561 0.09743508057898878 -0.13775116634424453 17.964319597311572
-0.13660019178639882 0.010368574261087274 0.9905719965109595 59.86910517091204 0.09749923716351634 0.9952309937753103 0.0030278344635555543 -0.8261816749516413 -0.9858165581671122 0.09699361678377919 -0.13695967270240614 17.75980851002131
-0.13580077362158693 0.011054575437487573 0.9906744905596753 61.4516593962592 0.09835693431416538 0.9951483596521135 0.002378182924962488 -0.8204397234633277 -0.9858418044271083 0.09776266487572094 -0.1362292112591874 17.536347193119298
-0.13460476440057872 0.010908431952356665 0.9908393227526867 63.052399899885415 0.09862152824570823 0.9951220178562407 0.0024420778452146743 -0.8267703252806541 -0.98597938698897 0.09804680356881562 -0.13502397099327482 17.321783470218147
-0.13345401547058122 0.009511108250742695 0.991009366542324 64.67015648432167 0.10011571481860902 0.9949680273802625 0.003932955299310841 -0.8164780963471405 -0.9859852277803847 0.09974047980068111 -0.1337346899199807 17.085488190869924
-0.13289390037624965 0.0076666922895196835 0.9911006170274148 66.30646348939689 0.10155926118180236 0.9948118624639198 0.005922395568585027 -0.8150246087004848 -0.9859132455297442 0.10144249666881307 -0.13298305214802464 16.869292361938548
-0.13204893057659325 0.008603109604541099 0.9912058648125058 67.95313304026638 0.1037983781759945 0.9945847887814525 0.005195633992543826 -0.8308022198328315 -0.9857935770847825 0.10357163911845504 -0.13222684655056072 16.661434913382717
-0.13156753222691542 0.010483346633019542 0.9912517762441028 69.61692021027845 0.10588685083474951 0.9943718913211628 0.0035378765766699728 -0.8347387175901984 -0.9856358147328147 0.10542599866135577 -0.13193710441811665 16.44990074976239
-0.131274468178297 0.01025839800114091 0.9912929835699195 71.29496435678318 0.1045664789565839 0.9945115423919191 0.0035557738772889953 -0.824507963115699 -0.9858158375087753 0.10412279923097668 -0.13162665838339288 16.244194414161512
-0.1313348745316841 0.010067405403156912 0.9912869403357399 72.98595815683697 0.10480919567302488 0.994485141738942 0.003786206920985352 -0.8249140993148013 -0.985782016083739 0.10439324790868136 -0.13166573797672845 16.02585947158804
-0.13145098247788728 0.008913758562027713 0.9912825954862182 74.7000126447316 0.1042154668477114 0.9945427869230093 0.00487662271717219 -0.8224769796391438 -0.9858294861056409 0.10394801531395362 -0.13166257796723646 15.823899668168261
-0.13137936303599695 0.009195719042232467 0.9912895145816633 76.42628323292551 0.10594641574218666 0.9943601715861667 0.004817276669650075 -0.8229354289860625 -0.9856545134881897 0.10565646177316619 -0.13161265944405315 15.619646413315666
-0.13192140992499113 0.009207075380744953 0.9912174188170488 78.17050651526165 0.1067728985836774 0.9942709879785652 0.004974996700134304 -0.8169399906061459 -0.9854929171391553 0.10649146551278126 -0.13214869670752802 15.422441475422973
-0.13180363188440228 0.010183782358310136 0.991223533416634 79.92434635529106 0.10672673690415907 0.9942804395123419 0.003976334107438899 -0.8150717551571817 -0.9855136763393351 0.10631414854111441 -0.13213665489979223 15.17274139643919
-0.1327013362484181 0.010891538281731152 0.9910962262826649 81.69332277327334 0.10584574050037411 0.9943772687920661 0.003244461058167595 -0.8147467881290743 -0.9854882214292632 0.1053338582958399 -0.13310801523837879 14.96037800356974
-0.13399994933268858 0.011731869543240831 0.9909118915503307 83.47703164511415 0.10604404209073087 0.9943581189995802 0.0025675507151755863 -0.8312696350718337 -0.9852911624062689 0.10542435400151175 -0.13448803243213886 14.748637558267466
-0.13558711393960038 0.012561344079282104 0.9906857963897779 85.27221047457328 0.10468322573962785 0.9945041341499183 0.0017173839019377888 -0.8230610224770862 -0.985219547503132 0.10394103998730432 -0.1361569073682344 14.511759152404405
-0.13678480318096428 0.011605824589047967 0.9905327972633466 87.08825385541313 0.1031897809076397 0.9946582992696603 0.002595536595534201 -0.8274664698187743 -0.9852115441543399 0.10256789229380543 -0.13725174219451078 14.27015593225397
-0.13808662766868254 0.011361983018452128 0.9903549811057528 88.9170321289715 0.10239778895374392 0.9947394048269862 0.002865187923581173 -0.8204121826345717 -0.9851125702560471 0.10180580448256042 -0.1385236517609316 14.039470873047533
-0.1383768168449457 0.010473750678966075 0.9903242686648512 90.75810676701988 0.0994008015787264 0.9950417850437732 0.003365510720132001 -0.8119413589221769 -0.9853787785442546 0.09890473478866171 -0.13873181405509624 13.772752327831512
-0.14013818103785436 0.011531880934368034 0.9900647988578901 92.61308227319854 0.09933441818478433 0.9950510394417457 0.0024702772699617664 -0.8128836608990029 -0.9851365202748765 0.09869369092305567 -0.1405901553903854 13.522948060829275
-0.14277635386342805 0.012473973187240873 0.98967636769319 94.48551155717875 0.09798799901319866 0.9951863216319158 0.0015928860995305864 -0.8120597140165637 -0.9848925143521272 0.09720383341031712 -0.14331137408972486 13.260582289243303
-0.14689321647047884 0.013390573488608008 0.9890617147057105 96.36877557836142 0.09830325570286165 0.9951558674249559 0.0011266977861656142 -0.8121799951065486 -0.9842554815052723 0.09739349090842639 -0.14749798322518087 12.982428203248242
-0.15203599256981185 0.012329765229683869 0.988298049098899 98.2665553459063 0.09649255819423096 0.9953307480951675 0.002426542694228614 -0.8265558695970583 -0.983653517848864 0.0957323288429506 -0.1525158288108497 12.725758259048373
-0.1570039941340999 0.011478234413489585 0.9875312632826793 100.16954167083829 0.0944201816724296 0.9955264904776274 0.0034403561215920315 -0.8262561147617126 -0.9830740435587164 0.09378303093868828 -0.157385412249892 12.432423157349957
-0.1608651905195889 0.012198886726841721 0.9869009968794833 102.07079725240123 0.09324772528442833 0.9956387372279091 0.002892518019664717 -0.8377998406065439 -0.9825615768023783 0.09249157850226138 -0.16130113359113202 12.094989466732258
-0.1654715611457485 0.013884901622530135 0.9861168145604849 103.98705766824108 0.09282041660124137 0.9956816508091391 0.0015557968890803006 -0.8363934211085507 -0.9818368157254855 0.09178921368505524 -0.16604579951663584 11.761158503305474
-0.17061309648000497 0.01548314517485095 0.9852164450134778 105.91560784711938 0.0924233428292028 0.9957197387941743 0.0003570377247446221 -0.853082040022411 -0.9809939332176221 0.09111791257022805 -0.17131383189650642 11.449540443092802
-0.17539416578423936 0.01568656505995798 0.9843733124610126 107.85208596891155 0.09082613226087702 0.9958667156742633 0.0003135453480174128 -0.8657046041047843 -0.9802996992284452 0.08946181469641276 -0.1760939618608334 11.098980646416129
-0.18043075032166664 0.015450843027492054 0.9834663267179495 109.80200985152523 0.08931117144654349 0.9960034993042444 0.0007375829084511078 -0.8882164236713447 -0.9795245065812325 0.08796761235500554 -0.18108959159309337 10.759917798134326
-0.18470600384599892 0.014783469306436377 0.9826826248481775 111.75567731990492 0.08762056797294587 0.9961528177847964 0.0014831343527450748 -0.8976034903181209 -0.9788801398594928 0.08637715354580498 -0.18529074217020305 10.382076505251998
-0.1919644544677183 0.01446560030645026 0.9812952637349687 113.73703817436106 0.08715328528679661 0.9961921080815243 0.0023640346457725753 -0.9056600309787228 -0.9775244002502594 0.08597691669199468 -0.19249419916327018 10.10093641111197
-0.19758335584756997 0.01411711614463617 0.9801844339325981 115.71588242022256 0.08661665160344272 0.9962368559392252 0.0031116769330747146 -0.9073166655514922 -0.9764519307969135 0.08551510919180808 -0.19806259854625077 9.753290715278677
-0.2032447447687839 0.01570088117526522 0.9790020715270159 117.7000553712017 0.08728654325641338 0.9961809373104573 0.0021446457992152423 -0.9166692096038925 -0.9752295284138077 0.08588959465254226 -0.20383901599106188 9.39550987638913
-0.20643449062088898 0.016357806035119268 0.9783236802121308 119.67707159953919 0.08710845541475819 0.9961973423834585 0.0017239557388026648 -0.9372344748594142 -0.9745752500845427 0.08557614860375337 -0.20707439415050743 8.952471754705403
-0.21259369974796463 0.01649291871481579 0.9770014853927986 121.67541811651923 0.08772354701318298 0.9961422665980918 0.002272442791896017 -0.9502632264446629 -0.9731949949146358 0.08618914275639966 -0.2132203872616767 8.53456572578052
-0.21823297332650912 0.016514107263080637 0.9757569644201215 123.6826696594867 0.08633400113058898 0.9962632424081644 0.002447871555730375 -0.950200714742466 -0.9720703727621032 0.08477520915735537 -0.21884321856176528 8.119400042796716
-0.22412930935625017 0.017485831758041467 0.9744025340562368 125.69600820333777 0.08596436321601794 0.9962964111686702 0.0018945578090149016 -0.9592134865691758 -0.9707606197947848 0.08418851928948876 -0.2248023849417286 7.710339096050194
-0.2292894809511418 0.017957415130559984 0.9731926146282559 127.71640533396577 0.08517953737892213 0.9963641961062346 0.0016837842765496107 -0.9748790744649575 -0.969624040717364 0.08328217071742235 -0.22998543367684382 7.264901591545503
-0.2350685647864606 0.01713582491522545 0.9718277282284677 129.7549408062873 0.08657667049320814 0.996239473450087 0.0033751542489233437 -0.9906851014151429 -0.9681153082022531 0.08493100166822652 -0.23566814587484722 6.878794811947649
