0.9990661150396859 -0.000734037689437744 0.04320137692457983 0.0261237753042631 0.0008064754965360205 0.999998298087645 -0.0016593429684929745 -0.02423703057721359 -0.04320008537934411 0.0016926341849569848 0.9990650067001313 1.0091636355440203
0.9965641184595782 -0.004733648000686693 0.08268948164965992 0.10244987322371456 0.005294033403059597 0.9999644754495937 -0.006559043310294954 -0.0431240046185057 -0.08265549594074881 0.006974268092397271 0.9965537760579527 2.0004768777562565
0.9925051464543123 -0.004246011740377144 0.12212905324289115 0.23998901664830594 0.005605365945192395 0.99992608538803 -0.010789051542680003 -0.06802358808610805 -0.1220742156817927 0.011392767217437021 0.9924555862711464 2.9907725630464896
0.9882986230732507 -0.013264784643267838 0.15195353605587614 0.43892057423658004 0.020178512181228403 0.9988256286088811 -0.044047602434471735 -0.06056003060294953 -0.15119080421000725 0.04659838111395062 0.987405657062937 3.9668303930311692
0.9792471317746063 -0.01284258994092394 0.20226250961267117 0.6305467952828065 0.01821540402395835 0.9995283366023295 -0.024724550253212203 -0.16562452323126553 -0.20184958252979024 0.02789573825136973 0.9790191897097629 4.941063746144256
0.9678082664620544 -0.013968574275657598 0.2513006929962954 0.8668964514130584 0.018507893503709485 0.9997053021772369 -0.015708808891013004 -0.23395454741550933 -0.25100720556543443 0.01985416156437883 0.9677815843581687 5.908302683778993
0.9541236895490316 -0.014588526418737788 0.29905711818693226 1.157439870391704 0.019915451361002628 0.9996925296275652 -0.014772305301712113 -0.2782105452656708 -0.29874966081726445 0.020050463929027745 0.9541208618711783 6.867121641408188
0.9384624782942835 -0.016712182300885895 0.3449766365951366 1.4767003694995058 0.02297809117858873 0.9996367862084828 -0.014082009251669475 -0.3147519007409679 -0.3446159952171975 0.021142341911850684 0.938505629828049 7.812782788080113
0.9215407223022478 -0.016140216855718502 0.38794611808665075 1.8560837159246262 0.02334376609923181 0.9996313797272148 -0.01386265663460324 -0.34743739211109714 -0.38757936699849693 0.021831126047800065 0.9215777971568809 8.733412451572967
0.9026507698153186 -0.01618933213297316 0.43006917266516664 2.282005132318921 0.023963054593496468 0.9996326156664177 -0.01266513760150502 -0.3652950511610494 -0.42970613186963225 0.021737967269370686 0.9027070959135272 9.6405018834443
0.8808374777652265 -0.015602191644106178 0.4731616102137775 2.7435905642400225 0.024164951744858224 0.99963568325881 -0.012023138644316669 -0.38286390317207114 -0.47280164220459586 0.02202435859661686 0.8808936001340032 10.521742174260607
0.8578837061803442 -0.015653244432960074 0.5136054152839499 3.2590779708734687 0.02481695832929346 0.9996316428530495 -0.01098622711374192 -0.40204711575413254 -0.5132442549601103 0.022171029422077142 0.8579561645007319 11.37854174288334
0.8320731816002562 -0.016246120543573557 0.554427888934991 3.7951454689646953 0.02634024864059365 0.9996005863225801 -0.010240074467759737 -0.4371507826016333 -0.5540400813688293 0.023124259790039497 0.8321687670454737 12.223011448421062
0.8054960959837234 -0.018014149490927105 0.5923272151210837 4.3858799266126836 0.02945138861897263 0.9995196063618585 -0.009652575130450508 -0.45688390270902374 -0.5918687819638695 0.02521997058589229 0.8056396825009632 13.030020578904804
0.7781325638545348 -0.017803442289432987 0.6278477128347411 5.0209047291526865 0.030226120090302358 0.9995014882337401 -0.009119028611922757 -0.49033408209508483 -0.6273723732628457 0.026073213480222866 0.7782827846004049 13.798333271560697
0.7479746016822554 -0.02092366426061395 0.6633974642039118 5.681855303573898 0.034758638602438954 0.9993663042655002 -0.00766987230793949 -0.5158854707314084 -0.6628165902274749 0.028795662392523007 0.7482278914519294 14.547907153688259
0.7175857542430305 -0.020275429694278667 0.6961749724445525 6.387858115267353 0.03491276158735521 0.9993666755848125 -0.0068809017507823105 -0.5428194075879448 -0.6955945545975798 0.029243027908747554 0.717839160907876 15.251825143224591
0.6852691468238571 -0.018846123998714118 0.7280460287794502 7.140076639047977 0.035485605165826 0.9993418055693866 -0.007531763892520971 -0.569428265766532 -0.7274248883818303 0.030996439336521745 0.6854868726030716 15.90545201079217
0.6551564317117986 -0.021205117016570674 0.7551955991655256 7.93640167914008 0.04003846151443039 0.9991758178436526 -0.006678819957498894 -0.6073384349046651 -0.7544315552694101 0.034612541784456614 0.6554654837327433 16.490286056802514
0.6179495853689478 -0.01893424424309845 0.7859896973480558 8.717031556357849 0.03912215763571954 0.9992120575734774 -0.006687359845454538 -0.6371071664471937 -0.7852437626140505 0.034882064083413704 0.6182034251611762 17.122687742052776
0.5770259335811947 -0.016913092081675137 0.8165506838469904 9.509519266061156 0.04159955404708818 0.999096461702835 -0.008702718883103876 -0.6431579063821935 -0.8156657091467276 0.03898983879309738 0.5772081456399026 17.760744936544988
0.5379774107715722 -0.013921615082735794 0.8428442881891073 10.353217983988765 0.04499103158461867 0.9989126754020475 -0.012217773859210895 -0.6517715407683177 -0.8417577517174802 0.04449332033700246 0.5380188025235947 18.30165390185524
0.4977928519059579 -0.012019408832814837 0.8672126673444307 11.215475176972445 0.04596599411847594 0.9988642793930121 -0.012541081985936342 -0.6654163603373697 -0.8660770196558926 0.04610515333438762 0.49777998238175464 18.821041186367104
0.4576982623293272 -0.013552397707099234 0.8890042931151134 12.093333546618485 0.05111407616441835 0.9986312208425516 -0.011092158327926118 -0.685928538788826 -0.8876371172267261 0.05051749474095436 0.4577644927760625 19.325745618231124
0.42065554883986683 -0.013509405330018952 0.9071198405932147 13.003933769022467 0.05431917814553994 0.9984702985410006 -0.010319390342345067 -0.7001927304633873 -0.9055928092226792 0.053614913028688635 0.4207458912278326 19.732913565642146
0.3878163719412889 -0.011335672927166262 0.9216669486173319 13.931575858578027 0.05581244433765551 0.9983783897138128 -0.011205445529267777 -0.7243210236435108 -0.9200453427474934 0.05578614049870803 0.3878201565376749 20.082437638225613
0.3541432626145942 -0.012087613492981769 0.9351130622254906 14.870511383389347 0.056565222661441636 0.9983625774480382 -0.008517014533879416 -0.7382544472369353 -0.9334789366289699 0.055911121893171385 0.35424711899844036 20.436409515389123
0.3199803610851882 -0.013481201500328409 0.9473282565858043 15.820837199320849 0.058954536329906694 0.9982443530926022 -0.0057073781070704896 -0.7511218339632143 -0.9455881403475394 0.05767554702678513 0.3202133665374434 20.76848607302407
0.2855425552422099 -0.013286225091348889 0.9582739302352802 16.783385351901398 0.059316676252471064 0.9982318502835728 -0.0038347096101028705 -0.7710220656132223 -0.9565286096422358 0.05793659726162985 0.28582576796649184 21.079065639379685
0.2511556514466282 -0.010194291545686601 0.9678930287827783 17.754774936295135 0.05649055711209989 0.9983945374268695 -0.0041430174210108145 -0.7856101474926855 -0.966296877622806 0.05571735866018565 0.2513283116569797 21.364120319256585
0.21868995789677 -0.00853812029464491 0.9757570408749006 18.733669295901827 0.05626857308823585 0.9984081498913695 -0.003874779104090502 -0.7981968554476543 -0.9741706985932814 0.05575183164996298 0.21882226410937136 21.607353849288934
0.18699845089346612 -0.008076652814629373 0.9823270061658463 19.719862946109657 0.05796601013130143 0.9983145560185751 -0.0028264661491009526 -0.8055041902075524 -0.9806485206397348 0.057470121983045255 0.18715144681875218 21.805575443932344
0.15577100035472705 -0.008222214644870617 0.9877589739581314 20.710738167907024 0.06011486390935049 0.9981907791326742 -0.0011711497189974978 -0.8125035838097171 -0.9859622703661876 0.05956142745802623 0.15598345352477128 21.988722647878156
0.12473084238967323 -0.008840810897036262 0.9921512268900565 21.703616465419213 0.05910413477984408 0.9982507479618657 0.0014647339350759704 -0.8227487637474211 -0.9904286537700168 0.05845754233849888 0.12503518518822682 22.13753257467472
0.09567021268756985 -0.0098665915947696 0.995364184996937 22.696087543391503 0.06043121339925745 0.9981640012792076 0.004085951220317074 -0.8449321063487133 -0.9935770120385273 0.059760161651249186 0.09609081240164476 22.230576726118255
0.06826532557906345 -0.009487116011740696 0.9976220927552495 23.69387567122434 0.06331191625983931 0.9979804577707942 0.005158213557196893 -0.8464773044586399 -0.9956562893805728 0.06280923926759768 0.06872810836574914 22.30438764456981
0.04390753477913421 -0.009287939089657023 0.998992423683526 24.68609452538778 0.06768926913218762 0.9976865558014899 0.006300731490084114 -0.8553236174341801 -0.9967398312669 0.06734441744069583 0.04443465095625204 22.323327035349717
0.020802675727837398 -0.008984334061365428 0.9997432322471784 25.690508921463287 0.0717752109023559 0.9973928626671584 0.0074697122121434156 -0.8618097233164422 -0.9972038747329874 0.07160139134181481 0.02139329276739643 22.3488550652822
-6.149959233742024e-05 -0.008976074452442738 0.9999597123410641 26.695091162132304 0.07737585059547958 0.9969617871391616 0.008953922543447443 -0.8585975408559963 -0.9970019929581008 0.07737328396618727 0.0006332186522814095 22.35873644160054
-0.01802847464926213 -0.009469881744074331 0.9997926262188441 27.697982591860534 0.08154921387955157 0.9966095987191865 0.010910245478833118 -0.8549554266607649 -0.9965062467528473 0.08172899779475158 -0.017195089473958234 22.34061924857377
-0.033523202117798245 -0.009064579209923136 0.9993968322560941 28.697110264616313 0.0842389573470516 0.9963749651706134 0.01186283466713374 -0.8391861324579134 -0.9958815155352815 0.08458582732943609 -0.03263808864109464 22.30029133043493
-0.04770591414137503 -0.009524647349624726 0.9988160125112132 29.695636371316333 0.08660937872573149 0.9961490239684139 0.013635892472385351 -0.8309243390215929 -0.9950994730541651 0.08715734702043741 -0.04669727601991865 22.24753807910557
-0.0618065074951544 -0.010426800491825285 0.9980336855350898 30.700935934893472 0.08681479939422566 0.9960994384025331 0.01578288377635941 -0.823583755114794 -0.9943053586486352 0.08761957912282735 -0.060660226812523456 22.199880158812384
-0.07370867726224825 -0.010089721899653795 0.9972287743583398 31.696570729323355 0.08679144961371449 0.9960899641303912 0.016493260219446467 -0.815972111728892 -0.9934959864892253 0.08776662731758571 -0.07254477210038085 22.115341295439755
-0.08529173780702767 -0.007106370394367414 0.9963306775170951 32.698086530078264 0.0871183224276476 0.9960915276240727 0.014562502976253089 -0.8081171167376197 -0.9925400331267493 0.08804071839415568 -0.08433928233860688 22.03890079082909
-0.09598912922930888 -0.003613216425794468 0.9953758243682926 33.698173154599424 0.08717658802011913 0.9961203214545306 0.012022798613152481 -0.7973113074815108 -0.9915575271112455 0.08792752613591712 -0.09530173438426029 21.95064924918044
-0.10462458230294003 -0.0010668795814218128 0.9945112158974845 34.68627848581591 0.08829002233662518 0.9960409672638881 0.010356808766027884 -0.7896552143784661 -0.9905849629051173 0.08888899425675043 -0.10411617533452604 21.828543362583243
-0.11189368364414916 -2.6489651156482883e-05 0.9937201833810363 35.679584141661095 0.08787189030595516 0.996082378472967 0.009920997414275632 -0.7827309114899877 -0.9898274266025368 0.08843016789497958 -0.11145299884464482 21.718276499755415
-0.11761775702387407 0.0008652888405784371 0.9930585654974706 36.6726691261651 0.08779317591966768 0.996093134193361 0.009530281988694513 -0.7734411838464743 -0.989170572497287 0.08830469573056766 -0.1172342066861058 21.602535548892313
-0.12264110838499268 0.002531272994371141 0.9924478581724722 37.664998753775855 0.08899839587609681 0.9959958607226191 0.00845759746555828 -0.7682400444693608 -0.9884525502347502 0.08936351649546838 -0.12237531554191002 21.48028112154583
-0.12681495644555646 0.004241126414456457 0.9919173250167813 38.65229231687334 0.087982898395314 0.9960974635840496 0.006989465743688764 -0.7605068421643953 -0.9880166883265031 0.0881581300173669 -0.12669320305434492 21.342832156519545
-0.13101327316249875 0.005157534506300805 0.9913671984149283 39.64594386779609 0.08864728742670516 0.9960416532683352 0.006533252357613595 -0.7596307044605851 -0.9874093278307303 0.0887379557590633 -0.13095187864466404 21.213688600188764
-0.1339169164735392 0.004331033944965022 0.9909830985577837 40.63696142547117 0.08835223856166377 0.9960604048465016 0.007586292781408481 -0.7517190186405963 -0.9870461698539542 0.08857150807110589 -0.13377199458275246 21.079451510965797
-0.13632971214713896 0.0024733489233101274 0.990660432303108 41.62767297778348 0.08854032599391669 0.9960253835506951 0.009697731465700046 -0.7421687257239037 -0.9866989511795214 0.08903548656459094 -0.1360068449506762 20.940268421494988
-0.1382347067423984 0.0014457434439901764 0.9903984428893942 42.61650481843585 0.08883051142034669 0.9959866243521629 0.010944603801967422 -0.736085878024306 -0.9864077788078524 0.08949052428875676 -0.13780834506618453 20.80967365218383
-0.140384782005656 0.0023144036426533962 0.9900943169804596 43.60813633843424 0.09096468604683378 0.9957980213070082 0.010570082944172972 -0.7250813868128347 -0.9859094983179866 0.09154749749078138 -0.1400054171435873 20.667070123384676
-0.14131236796236488 0.002171322180676622 0.9899626760746368 44.597193217377566 0.0907643017848305 0.9958141419875151 0.01077200720295865 -0.7162122927615514 -0.9857954433767585 0.0913754889325146 -0.1409179329963451 20.529743290724284
-0.14177954947482055 0.0036548416034688875 0.9898915099563032 45.587455200659356 0.0932804222772681 0.9955927756284637 0.00968441718349042 -0.7119199759592459 -0.9854934409576198 0.09371055036260809 -0.14149562035711763 20.389431805634455
-0.1419772153740686 0.004002414333696478 0.9898618342951333 46.577409294905756 0.09316460451051138 0.9956069382009979 0.00933708050904586 -0.7066339601824191 -0.9854759392197372 0.0935457390025534 -0.14172638404136595 20.24982354300339
-0.14118150752641784 0.005433828262424081 0.9899688153891423 47.56764741116025 0.09311181499249023 0.9956249953642927 0.007813994794910427 -0.7029377664493501 -0.9855952373268502 0.0932809847517977 -0.14106979138838516 20.108665205841497
-0.13986583315410728 0.005401772303132211 0.9901557299597333 48.55754188526875 0.09377923635518899 0.9955623388087476 0.007815649320001975 -0.6982769320579689 -0.9857195359455667 0.09394919053212104 -0.13975173005588917 19.972304479406002
-0.1385724348628022 0.004536242567664579 0.9903419120685347 49.547573531062206 0.09242910551429329 0.9956840687044841 0.00837232237256858 -0.682825862420667 -0.9860296855318404 0.09269659018243281 -0.13839364659740688 19.837273211402977
-0.13735472644411037 0.005376860396021467 0.9905073288450443 50.538774561021 0.09396716729035821 0.9955460867134327 0.0076263163450184 -0.6815017126671624 -0.9860546894543367 0.09412267846725444 -0.13724820874335755 19.709493514134017
-0.13652982584614662 0.00611408159649564 0.9906170928570998 51.530844058924416 0.09375919765327949 0.9955718347678111 0.006777512262350931 -0.6778482509936526 -0.9861890384251049 0.09380479637675491 -0.13649850060305155 19.58094846030042
-0.13592023583732307 0.0067825763106355175 0.9906965661334032 52.52298181800357 0.09461021768157317 0.9954953049986403 0.0061647737921450094 -0.6716583856820455 -0.9861919672153947 0.09456793528598054 -0.13594965765155378 19.446560792156152
-0.13471530000065318 0.006664633008127084 0.9908619331736387 53.51409993528025 0.09473664401618567 0.9954831594463244 0.006184459500414622 -0.6705304302958619 -0.9863451506578631 0.09470407554920093 -0.13473819743519883 19.313876254503896
-0.13377504104708007 0.0052171959678779505 0.9909979915514886 54.505578029362354 0.09642972307662387 0.995309411207865 0.007777176120935464 -0.6633101129459315 -0.9863090524273898 0.09660205394960912 -0.13365065010129595 19.175067046453275
-0.1331324247301838 0.0033769970800174628 0.9910925049540951 55.49608485946419 0.0978638584339275 0.9951519998600696 0.009755121061587511 -0.658127744163474 -0.9862547453360536 0.09829085952021993 -0.13281748468063287 19.04167520361587
-0.1321671871724736 0.004383483207087967 0.9912177458610641 56.487021838165894 0.09987772598181821 0.9949597571389053 0.008917484330725655 -0.6606497911154127 -0.9861826780508846 0.10017917323007366 -0.13193884478545978 18.913259231875895
-0.13165708790471348 0.006259228071858796 0.9912755586961657 57.47875184771371 0.1019755568661421 0.9947603924904256 0.007262735994901109 -0.6594031119901347 -0.9860362047137459 0.10204206777714717 -0.13160554470641908 18.78640748205875
-0.13129460806113974 0.00596630295597614 0.9913254405709102 58.47070231806949 0.1008139395844721 0.9948780398723029 0.007364466396133553 -0.6519920278533925 -0.9862039725531058 0.10090633780332588 -0.1312236088194153 18.662999634761718
-0.13141088037662987 0.005801888714057356 0.9913110100296424 59.46308851806286 0.10098801867350471 0.9948588829695477 0.007564592585299487 -0.6476573811477618 -0.9861706751891564 0.10110460456344918 -0.13132120290733548 18.537202488162848
-0.13139860042531548 0.004647511313616076 0.9913187219279472 60.45513174105802 0.10039407663885719 0.9949102125911697 0.008642815375891458 -0.6420398487351604 -0.9862329527966998 0.1006581815868949 -0.1311963920903317 18.416785349431287
-0.13127602543203057 0.0049577508624766885 0.991333458455406 61.447804487635445 0.10203899297568289 0.9947437628661756 0.008537572919034134 -0.6372893753708324 -0.986080447559567 0.10227544644353753 -0.13109189141780508 18.298215680502178
-0.13172606189779368 0.004954239444166814 0.9912737765765973 62.4407157726518 0.10288266353220626 0.9946554473942367 0.008700489267054452 -0.6303663916321273 -0.9859327574238599 0.10313096761156255 -0.13153175038022294 18.18350312255897
-0.131942935515731 0.005923669771665057 0.991239613768502 63.433899844868805 0.10294125672889372 0.994657180230375 0.007758316778272291 -0.6272685052447948 -0.9858976414570461 0.10306310665117899 -0.13184777820213706 18.05408519682893
-0.1327141662117721 0.006640218636731654 0.991132109046605 64.42572019433076 0.10199931697041074 0.994759886821734 0.006993347408569795 -0.622533130091579 -0.9858920272647924 0.10202291442055397 -0.13269602672594377 17.931264048553818
-0.13392175112295832 0.007533540574925916 0.9909632739625456 65.41806272366374 0.10200291215679107 0.9947646384469451 0.006222540240850627 -0.6257547743450446 -0.9857283451781695 0.10191447327009542 -0.13398906541350492 17.811103490941743
