0.999990247369223 -0.0027226947226258206 -0.003477369679427714 0.0007728013351029712 0.002714778035401739 0.9999937173078641 -0.002279325562090956 -0.003990609009830072 0.003483553739863642 0.002269863045843622 0.9999913562501901 0.9999917346720427
0.9999713325789721 -0.0011780245690980306 -0.007479724483525346 -0.015724370836628147 0.0011489467378434242 0.9999917713039546 -0.003890661354234194 -0.007653652991414564 0.007484246229811395 0.003881956013961765 0.9999644576063076 1.999849066416807
0.9999382665596622 -0.0013333257216608348 -0.011031106570882802 -0.04734349949819454 0.0012737406748164015 0.9999845718706566 -0.005406811015147252 -0.007530048314003453 0.011038145421742475 0.005392426464974467 0.9999245376939542 2.999348710016893
0.9998768743708204 0.00014689524969336057 -0.015691224306102848 -0.07515308393252895 -0.00024072035094660342 0.9999821041667671 -0.005977742041770129 -0.018135422402271083 0.015690065396659614 0.0059807832255419115 0.9998590161016988 3.998905788693048
0.9998090049563737 -0.0007551227993126653 -0.01952903985618313 -0.11414693473809837 0.0006351477670065124 0.9999808936879954 -0.006148889840675686 -0.03111088093011147 0.019533309895163636 0.006135311607135882 0.9997903819081388 4.998060973977112
0.9997163836628308 0.0011911966853391893 -0.023785148445390987 -0.15157912907049972 -0.0013643790330784295 0.9999726699393876 -0.00726621250356291 -0.04727764069930504 0.023775842907593076 0.007296603644825102 0.9996906865972511 5.9972295921233405
