0.9986191746185668 -0.0007246257175349971 0.05252826859608084 0.07319074436046648 8.38125086186883e-05 0.9999255667204198 0.012200573523846965 0.002887241259599637 -0.052533199594122615 -0.01217932413629276 0.9985449048510473 1.0003534847473747
0.9953163403736363 -0.004411395461441234 0.09657081430387873 0.1688766271726977 0.004313675086066463 0.999989951051495 0.0012206569053034074 -0.007589293903927962 -0.09657522866907073 -0.0007983646481346043 0.9953253678176827 1.9943442556705397
0.9907569428983253 -0.001834897999879877 0.13563669580203638 0.32587012701671203 0.003828779883794443 0.9998883962131899 -0.014440760465315724 -0.005830720084857001 -0.13559506091065987 0.014826606744134396 0.9906533960922402 2.9812599272456533
0.9886721334200901 -0.023690244675803482 0.14820993524648607 0.6054139823346193 0.016407410848048795 0.9986059202956581 0.0501698397418741 0.018009209846423437 -0.14919185456260783 -0.04716978119159087 0.9876825412421278 4.585319509371709
0.968595392159187 -0.024121324281713624 0.24746944862525286 0.6232333526269923 0.009286561544580454 0.9980982929640829 0.06093896419256508 -0.05860615318647894 -0.2484687627503083 -0.056727059654810424 0.9669774116494402 4.977950014311814
0.9742737347173219 0.06545890816449207 0.21565208364834595 1.123010629829378 -0.030621182886936556 0.9864645119118566 -0.16109037804011653 0.6362221457260754 -0.2232779277012517 0.15034260234682478 0.963090893384949 5.937275225014391
0.953524243833824 -0.0002644749381154332 0.30131619019584743 1.222316507751302 0.007936447439955814 0.9996747208725714 -0.024237682446553915 -0.13270706392425702 -0.30121176806885525 0.02550259793343189 0.9532161812912533 6.846152977614506
0.9352712394761382 -0.01045589546892474 0.35377730687356124 1.4975277583367428 0.014972515606708035 0.9998375761407601 -0.010032203814585562 -0.2831814644341889 -0.35361494932365894 0.01467976794480836 0.9352758801700769 7.807820783922125
0.9178201061867458 -0.006107978359282431 0.3969495500434685 1.8889144290494286 0.013511567323832362 0.9997829687478823 -0.01585726805365735 -0.3033691673912717 -0.3967665437354857 0.019917530018416923 0.917703438900695 8.726057009942423
0.8984387090435781 -0.005415797678616555 0.43906554775752094 2.3268017269808494 0.01434366368931443 0.9997522761766809 -0.017018977393326126 -0.317216257279283 -0.4388646094230832 0.02158831663310042 0.8982938267520671 9.625203692508611
0.8766865515767633 -0.004717483643172094 0.4810389128048978 2.806191377968544 0.01483195033084593 0.9997415938658112 -0.017226686972010793 -0.337003589248945 -0.48083334278502876 0.02223715005851101 0.8765299798771572 10.502709036623044
0.8529288638020648 -0.00461993492068329 0.5220067140321532 3.334523635241382 0.015650696500673193 0.9997376419742935 -0.016724321173795822 -0.36107511536678244 -0.5217924961058382 0.022434424909257566 0.852777396268586 11.351385316108423
0.8273481298955472 -0.004910955351002501 0.5616680109066919 3.880182185726845 0.017342533838698077 0.999708372956091 -0.01680492670438801 -0.40276931261151894 -0.5614216850802906 0.02364427116717086 0.8271920212154973 12.188393349837005
0.8002789608998442 -0.00645842260236581 0.5995930899523056 4.484152150454138 0.020714439987828938 0.999642922707561 -0.016880137934173766 -0.4286209605901699 -0.5992699698108149 0.025929054324740724 0.8001269820627028 12.985016468929015
0.7718105035524708 -0.005575784983419715 0.6358281664317011 5.1286750769768625 0.021567204792983696 0.999615734662726 -0.01741375008771153 -0.4695183384700876 -0.6354867443806342 0.027153151502513493 0.7716341776256302 13.748436816475394
0.7413466157726398 -0.008781316098300011 0.6710648878983572 5.798952997856388 0.026578919002209427 0.9995140897523997 -0.016283287478479593 -0.5025109588664394 -0.6705958218980541 0.029907739366501162 0.7412197857443215 14.489876418379096
0.7096532442310683 -0.008045654168509038 0.7045051741480113 6.514933267430575 0.027156792764567478 0.9995040798182062 -0.015940609571301136 -0.5392650381439851 -0.7040275431821267 0.030444406313197874 0.7095198070280878 15.187256168975553
0.6760487252006641 -0.00667453628264136 0.7368266904231741 7.279072792445746 0.02822721674966519 0.9994595845299582 -0.016845270130573912 -0.5760847505051373 -0.7363160635142518 0.03218679009494883 0.6758717815934169 15.831160899349017
0.641455729103437 -0.008079733703558451 0.7671175043653071 8.078098550525281 0.03287647596019661 0.9993154187091815 -0.01696559042690241 -0.6244835575479034 -0.7664552726211858 0.03610279536787115 0.6412822336832736 16.429950773002336
0.6049393743387848 -0.006267823492646047 0.7962468635814297 8.866903404601546 0.03290262148417325 0.9993117346651634 -0.017131096286366044 -0.6632742487417335 -0.7955914597794954 0.036561883829591794 0.6047292433616572 17.043621328469673
0.5670622672975959 -0.004911353617934681 0.8236602841056188 9.673663579094384 0.03613844608788091 0.9991676346789443 -0.01892222303109551 -0.6835278347792226 -0.8228817641202548 0.04049588146620352 0.5667677530193579 17.63436503851885
0.5288256730174664 -0.0032190407473547504 0.8487243635800081 10.535560241888989 0.04097312160720963 0.9989236882679509 -0.021740936569434592 -0.710330688937201 -0.8477408866295079 0.0462720519733267 0.5283883858893884 18.140754750192304
0.490345482264168 -0.0022006461522745937 0.871525366916897 11.407899423351449 0.04291413458412268 0.9988447527196903 -0.021622604312107992 -0.7393816301710109 -0.8704709559060634 0.04800330322857661 0.48987345080452055 18.628845903901098
0.45191852313432 -0.0038019570789649348 0.8920511160076334 12.286231333747077 0.048236163174885896 0.9986320738869857 -0.02018052443186496 -0.7718488498981699 -0.8907541305041818 0.05214907598940785 0.45148372380761415 19.105705749654096
0.41530497162740476 -0.0043167402419029615 0.9096719992916368 13.20901402032292 0.05235086474775654 0.9984448844800868 -0.019162453280032517 -0.7951005328555762 -0.9081746349143003 0.055580377915513256 0.4148851095050844 19.49071659583334
0.38039380890414204 -0.0018679033172244938 0.9248227187329449 14.14131173395725 0.05392891577017737 0.9983411384127665 -0.020165400976823095 -0.8311463317401917 -0.9232508988304596 0.0575454801865486 0.3798635222271905 19.85002873864127
0.3471770970520637 -0.0024808379909176076 0.937796304495472 15.081156140183117 0.0548473890742813 0.9983384968406058 -0.017663794546352113 -0.8500630191510561 -0.9361943319601098 0.05756814369861305 0.34673632869496 20.191234980711908
0.31395061288726195 -0.0039058560277464025 0.9494312807973005 16.03134955016489 0.05743749209590038 0.9982381134967788 -0.01488634488808784 -0.8714886882131009 -0.947700346718015 0.059206528787661965 0.31362181011445894 20.501979007313352
0.2819293236583382 -0.005482288898626912 0.9594195125022126 16.988755943899754 0.0593176682490006 0.9981702716589469 -0.011727020499960083 -0.9226060185945303 -0.9575997445149269 0.06021671931230544 0.2817386661788002 20.773057873854167
0.24902855016596076 -0.0011610302759388867 0.9684954482138454 17.956859208230696 0.05575142565367489 0.9983582315420224 -0.01313849496209229 -0.9249114619311233 -0.9668901487448415 0.05726686232878947 0.24868443204027288 21.03616502673904
0.2178606895139609 0.000928322821631728 0.9759794353270153 18.93276120075784 0.0554143339679854 0.9983746021953728 -0.013319357421319056 -0.9382049244491699 -0.9744054451589368 0.056985014766788605 0.217455136836642 21.258956799206672
0.18752960396176988 0.0013204057845906682 0.9822580639355958 19.917130965799423 0.057597795039837064 0.9982636225498336 -0.012338310266544876 -0.9528723858360861 -0.9805687847593817 0.058889697080632325 0.1871279293244614 21.436664416124636
0.1566718043968422 0.001354769629993967 0.9876497913259974 20.900629271339547 0.05961646869016615 0.9981626470286008 -0.010826206065501586 -0.967101950670277 -0.9858497970623882 0.060576354100489734 0.1563031764102699 21.618267582943965
0.12597427072730896 0.0009374806505770681 0.9920330661045283 21.890012113478306 0.058576007627359795 0.99824776418562 -0.008381684129774414 -0.9832197920903551 -0.9903026479037418 0.05916521299244706 0.12569862022471115 21.7630480734835
0.09672774700650857 0.00042409183664502423 0.9953107871942101 22.88533560574513 0.059446107167650704 0.9982122465964222 -0.006202506552810366 -1.0088408216384634 -0.9935340473791815 0.059767306205312336 0.09652961103880679 21.856666525254525
0.06943242034451715 0.0009070280542659137 0.9975862450461163 23.8824591231368 0.0625706839169289 0.9980266614329515 -0.005262374289800326 -1.0169926208399103 -0.9956224427559227 0.06278503300235622 0.06923865330596018 21.93121147566821
