1.0 0.0 0.0 0.0 0.0 1.0 0.0 0.0 0.0 0.0 1.0 0.0
0.9999984186700971 0.0008116356210063577 0.0015823731935999434 -0.00014471408155647742 -0.0008100442566265685 0.9999991658316831 -0.0010060637355925012 -0.018823693835596907 -0.0015831884307991797 0.0010047803523565001 0.9999982419638727 1.2003613987660975
0.9999938653417564 0.0012468397160469015 0.0032733269887782737 -0.00892038880719166 -0.0012451535040516916 0.9999990910871301 -0.0005171244191480307 -0.041922826092639844 -0.0032739687848731824 0.0005130454521964311 0.9999945089413038 2.4298614079171
0.9999906505178957 0.000697130281834191 0.004267655816214041 -0.007050392598289274 -0.0006967950400960443 0.9999997540350718 -8.004041468769415e-05 -0.06561786783512574 -0.004267710565117222 7.706598494562123e-05 0.9999908903121899 3.640695438978441
0.9999865115955906 0.0004263968670182528 0.0051763706004376514 -0.008158744803517824 -0.0004263923775197063 0.9999999090928239 -1.970896134622979e-06 -0.08647602763049812 -0.005176370970252343 -2.3629541693134413e-07 0.9999866025020148 4.838180796959148
0.9999809388158183 1.1698870610663567e-05 0.0061742909042803475 -0.011653070818791904 -1.2226652890988399e-05 0.9999999962750106 8.544289176447484e-05 -0.10836624507360007 -0.0061742898816958295 -8.551675403361644e-05 0.9999809352339382 6.062028336455487
0.9999761037130966 0.00031037409718470146 0.006906205231046321 -0.008822113713166983 -0.00030447004780495123 0.9999995873446988 -0.0008559254768785625 -0.13019795945523777 -0.006906468038261256 0.0008538022908008454 0.999975785567273 7.237745834069676
0.9999704070246195 0.00010177133902389436 0.007692510488188977 -0.004675650427649518 -9.248161734034722e-05 0.999999266117824 -0.001207978047713222 -0.15494554837357255 -0.007692627780336053 0.0012072308842371459 0.9999696825761396 8.524261653663745
0.999969037605645 -0.00021616794281597055 0.007866199937699955 0.0014856063853239789 0.00021444215635164812 0.9999999527554582 0.00022023542599561253 -0.17255272649855555 -0.007866247173903896 -0.000218541762102664 0.9999690367180862 9.558220058639925
0.9999765727610893 -0.0008699721261715246 0.006789482858424013 0.0002755822536463202 0.0008622779461332382 0.9999989828821914 0.0011360947698855406 -0.19511712900035785 -0.006790464323502569 -0.0011302137329875829 0.9999763058248876 10.851075048383631
0.9999884675491697 -0.0017413288336527734 0.00447577284449947 0.0030990493101813394 0.001738158098469676 0.9999982357772279 0.0007122140521367106 -0.21611914227624512 -0.00447700514710381 -0.000704426237746675 0.9999897300515583 12.04768655115073
0.999995459373412 -0.001503946716406748 0.0026113936570536997 -0.005137008598061161 0.0015034463309312228 0.9999988510894774 0.00019356873384957732 -0.23643736966375092 -0.00261168177385772 -0.00018964176471398988 0.9999965715712795 13.291402462415885
0.9999984168626096 -0.001309214548886184 0.0012050848679168301 -0.008164520308919074 0.0013089784828604755 0.9999991239498034 0.00019665949445694678 -0.260749138476362 -0.0012053412816733127 -0.00019508175295590026 0.9999992545474743 14.501140357812247
0.9999997831597068 0.00036644778286372176 0.0005471714184813149 -0.0185462825398508 -0.000366465860525759 0.9999999323089118 3.293849457933917e-05 -0.282539957975763 -0.0005471593112043688 -3.313900708177414e-05 0.9999998497592358 15.706338084258103
0.999999995577483 7.707871416972223e-05 5.388789452048442e-05 -0.024256661589990777 -7.708249213670917e-05 0.9999999945714849 7.010933759111427e-05 -0.30333824352274014 -5.3882490290351175e-05 -7.011349109434286e-05 0.9999999960903877 16.8835897485312
0.9999997547666514 -0.0005413575452102056 -0.00044429567294923024 -0.030849265010847914 0.0005415814422433661 0.9999997263510917 0.0005039715099049881 -0.3237157078177969 0.0004440227225887396 -0.0005042120086058066 0.9999997743070105 18.079413747817977
0.999999097228732 -0.0010183621325409685 -0.0008766300745577582 -0.039019281386505296 0.0010189670277489823 0.9999992429038962 0.000689853484731401 -0.3447368843737013 0.0008759268901986678 -0.0006907461190931459 0.9999993778107473 19.280234677403616
0.9999980851349951 -0.0007767855755998503 -0.0017961989066803867 -0.03970236013223159 0.0007762079340201191 0.9999996468229194 -0.0003222658516513975 -0.3645067451302388 0.0017964486037691505 0.00032087101071320704 0.9999983349057179 20.456022434765647
0.9999967647472251 -0.0011396193606531318 -0.002274151005455722 -0.05079223154062322 0.0011369959422843005 0.9999986871367416 -0.0011545410430366491 -0.38703996708009597 0.002275463757131698 0.0011519516073390556 0.999996747630803 21.635614701314186
0.9999955769399624 -0.0005310509300780995 -0.0029264458684631948 -0.06301903817108277 0.0005294357350340681 0.9999997071225635 -0.0005526776540759084 -0.40788975274677414 0.0029267385113554084 0.0005511258445299037 0.9999955652211611 22.630008022088248
0.9999929275074737 -0.0006212897857317799 -0.0037093037128617156 -0.07364931742216133 0.0006193024766909133 0.9999996641078436 -0.0005368879231581932 -0.4361081997441879 0.0037096360299183812 0.0005345869450460499 0.9999929763839961 23.834477213883748
0.9999868640976914 -0.0009173468664367347 -0.005042827261703286 -0.07423957943265745 0.000911149575188514 0.999998827108837 -0.0012310919549544945 -0.4575303321208459 0.005043950685362878 0.0012264810135334417 0.9999865270621432 25.008024028206467
0.999983220429774 -0.0006035145270192402 -0.00576147803200574 -0.08982886679777294 0.0006004330994050982 0.9999996757983534 -0.0005365475570733981 -0.4782954217898655 0.005761799978370153 0.0005330791719239217 0.9999832586036653 26.095525267869533
0.999978427680481 -0.002004723820282392 -0.006255018471348414 -0.10850700133873427 0.0020125083541271253 0.9999972079845488 0.0012384802102077845 -0.5000668754649598 0.006252518196461771 -0.0012510417702459367 0.9999796702486963 27.306533149353456
0.99997279398946 -0.002351648049345088 -0.006991497147553471 -0.1255344064539792 0.002360507949493736 0.9999964211297697 0.0012592576671011867 -0.5189596289580256 0.006988510795055931 -0.0012757268923196754 0.9999747663005117 28.510077781335987
0.9999685956093316 -0.002946850727840762 -0.007356892407011384 -0.149582097994758 0.0029497436593640836 0.9999955763785595 0.00038240770930921225 -0.5407204330218848 0.00735573296446779 -0.0004040966467584989 0.999972864581062 29.78003909012689
0.9999594115608251 -0.003336044248794562 -0.008369351211295676 -0.15925177347040603 0.0033306996550674602 0.9999942403590619 -0.0006524480897835256 -0.5569740827641224 0.008371479602535288 0.0006245458127411279 0.9999647635150908 30.721723064006955
0.999953925241046 -0.0027497007784118297 -0.009197094141804522 -0.1762623904860705 0.0027446832720335627 0.9999960775941775 -0.0005581308049097387 -0.5799690419532464 0.009198592759777545 0.0005328619787249621 0.9999575500736773 31.908744193167063
0.9999503656779516 -0.0033429681728578456 -0.009385666962225562 -0.20136405160996515 0.0033436416646671647 0.9999944084428302 5.606685404374969e-05 -0.604077531775848 0.009385427052023483 -8.744637830918815e-05 0.9999559520859813 33.121079505970144
0.999942223025347 -0.003774789648167679 -0.010064868317025744 -0.21855383370741804 0.0037785409083071356 0.9999927987299619 0.0003537185628807286 -0.6273851184724853 0.010063460624021517 -0.0003917286427650065 0.9999492853684824 34.29480857007941
0.9999365001433393 -0.004519882897079399 -0.010323097388181239 -0.2466289751650516 0.004521955191364306 0.9999897601708206 0.00017741124957560653 -0.6489703932662969 0.010322189803354642 -0.00022408056781227168 0.9999466996723185 35.49883063859997
0.9999291480608563 -0.004512388641659154 -0.011015316928547689 -0.2617323937597699 0.004515459254873827 0.9999897730279605 0.00025390392858158346 -0.6750026287195691 0.011014058562006018 -0.00030362515376640366 0.9999392973204714 36.684406982730685
0.9999230455889784 -0.005372894433485193 -0.011181900798530632 -0.28189335392893894 0.0053844531649763095 0.9999849998606067 0.0010038515308580759 -0.7009610052579501 0.011176339480157796 -0.0010639827011999924 0.9999369767023496 37.88305678286073
0.9999261207677452 -0.004980445043800352 -0.011088199742700125 -0.29947920551240065 0.0050050335445595085 0.9999850747005458 0.0021908937357555808 -0.7172711454223852 0.011077122622150805 -0.0022462286858695463 0.9999361238654717 39.06402702477104
0.9999284444138294 -0.004484394473789932 -0.01109036781818425 -0.3218872576948132 0.004517473499422763 0.9999854169962616 0.0029594303496453776 -0.7373626450083408 0.011076934834203373 -0.0030093190285896006 0.9999341205867825 40.40472407570174
0.9999302109597379 -0.0037543813877173784 -0.01120168873025467 -0.340772280347395 0.003783822662375258 0.9999894397921274 0.0026082542603276153 -0.7586927266924058 0.01119177805684378 -0.0026504574364405765 0.99993385740223 41.57806259630645
0.9999354381771957 -0.002748564910934024 -0.011025645936170472 -0.35868377861202017 0.0027769232978616305 0.9999928737805518 0.0025575545176755904 -0.7742679480944946 0.01101853776039292 -0.002588006770368274 0.999935944971766 42.74029582380355
0.9999449937652937 0.00017453111663174713 -0.010487086469357776 -0.37881195022981395 -0.00012777410028065248 0.9999900502812277 0.004459037152431515 -0.7937900222153932 0.010487760366530005 -0.004457451899549295 0.9999350668943743 43.93450326104025
0.9999629796104165 0.0003518403818031479 -0.008597419205967304 -0.40382795269248156 -0.0002873626729004325 0.9999718352394195 0.007499743369019065 -0.8097236489200803 0.008599815774284165 -0.0074969951482348335 0.999934916998299 45.12891095482477
0.999978824847188 0.0011444157494120701 -0.006406260206153863 -0.4298055872556145 -0.0010788512380083735 0.9999471049126339 0.010228560839521767 -0.8203864516064806 0.00641762707257918 -0.010221432846428683 0.9999271655342316 46.37556563394007
0.9999863620453058 0.0015727296351245746 -0.004980185226374167 -0.44002716904943456 -0.001504957866260191 0.9999066154221561 0.013582913414608988 -0.8297152599354246 0.00500108240433776 -0.013575233202519516 0.9998953456328724 47.56042612919525
0.9999930800411787 0.0008670584196348091 -0.0036177450785332436 -0.4521897145855713 -0.0008132575965251434 0.9998894549428604 0.014846430754586132 -0.8332381638658989 0.0036302178774841793 -0.014843385859229431 0.9998832408908529 48.78131281668631
0.9999973159281061 -0.0010093042359592703 -0.002085531477165059 -0.46055918534990165 0.0010372278626683386 0.9999092513745985 0.013431797119164354 -0.8365898497076246 0.002071785448321441 -0.013433924238611965 0.9999076144247561 50.00025592403801
0.9999991620014517 -0.00025011050123684294 -0.0012702130259051696 -0.46412175223852775 0.00026509064421800495 0.9999302601948018 0.011806967167982189 -0.845052916270785 0.0012671713950198073 -0.011807293995350323 0.9999294885566494 51.18214811035461
0.999999693766712 0.0002299942073962625 -0.0007480435455229296 -0.4656883240410628 -0.000221467202184685 0.9999352296870964 0.011379252299324223 -0.851827232896416 0.0007506122566218368 -0.011379083147507418 0.9999349744098172 52.470407382756306
0.9999994518413682 -0.000310406751685705 -0.0009999823053803484 -0.4608776024359457 0.0003213361096853707 0.9999400172795057 0.01094799461846731 -0.8582708131823159 0.0009965239922742584 -0.010948309947653476 0.9999395688986522 53.65724312245763
0.9999973245496017 -0.0013387825306002223 -0.0018864132563647575 -0.46790219674871264 0.0013575770260719636 0.9999491043935828 0.009997279984541998 -0.8689963066153445 0.0018729330624213112 -0.00999981418861394 0.99994824657976 54.85832609125707
0.9999922386979415 -0.0012412323492120025 -0.0037392360360855746 -0.47588249501528607 0.0012797740943592253 0.999945900695017 0.01032268673834362 -0.8762247796880414 0.003726220893304456 -0.010327391998265604 0.9999397283098456 55.968952269629256
0.9999858710729957 -0.0014452833377113527 -0.0051155459586180296 -0.48652718944108253 0.0015046088339242959 0.9999314428162503 0.011612313278062855 -0.888972973856922 0.0050984121683007085 -0.011619846104176025 0.9999194894439635 57.13562017352701
0.9999809218033271 -0.001794490632202917 -0.005910654171768395 -0.5082643920662262 0.001865724334872013 0.9999254340722219 0.012068362282595722 -0.900789555050462 0.005888556875294152 -0.012079159691330024 0.9999097053229741 58.33856229523829
0.9999745805660981 -0.000674845057720118 -0.007098084657390495 -0.5138398775351264 0.0007593666071556908 0.9999287647372302 0.011911709089455725 -0.9090689859057127 0.007089540465456749 -0.011916796349017655 0.9999038595688906 59.47192348410027
0.9999718178177003 -0.0004726266717138527 -0.007492676050142058 -0.5362205501272254 0.0005613996460426764 0.999929625205245 0.011850293976723165 -0.9193619969718158 0.007486547989601815 -0.011854166395260646 0.9999017103387071 60.68201915369792
0.9999682307358727 -0.0014066720545784974 -0.007845941160780212 -0.5494258670925919 0.0014950947703631693 0.9999353128068132 0.011275411015448019 -0.925827154678887 0.007829572823289279 -0.011286783229535548 0.9999056487057834 61.88901408098499
0.999958679766645 -0.0030870095737596972 -0.008550387782959322 -0.555317110038737 0.0031749985698181823 0.9999419515405233 0.010296258223764839 -0.9407748489595518 0.008518106798409893 -0.010322980248954785 0.9999104349567264 63.12911658861999
0.9999453591737806 -0.004409521251995391 -0.00947812160430997 -0.5635118310850817 0.004520194229192886 0.9999214861396797 0.01168714680082649 -0.9577955966808555 0.00942584271820077 -0.011729351156048678 0.9998867814960396 64.34398234825395
0.9999430061728667 -0.004818846737335095 -0.009526968147898223 -0.5789781615498213 0.004944576782099232 0.9999004119310381 0.013218070229258241 -0.9648937164386948 0.009462323520939179 -0.013264423706356599 0.9998672509375045 65.48173905865332
0.9999450925509431 -0.004240160888910908 -0.009582949385278086 -0.5951872787996239 0.0043529960086023875 0.9999210848208786 0.011784547355983839 -0.9763150614434611 0.009532224768318455 -0.011825614836975126 0.9998846391082788 66.6887922011493
0.9999525254545668 -0.0026277860233085044 -0.00938304735405679 -0.6194541487266795 0.0027268453193742834 0.99994052228866 0.010560123090432066 -0.9824693493117663 0.009354739528013287 -0.010585207872147648 0.9999002161329229 67.82352941895049
0.9999569150832397 -0.0007543707687682839 -0.009251967463873611 -0.6476583367510305 0.0008562466606643105 0.9999389966863025 0.011012254430667981 -0.9956097482396176 0.009243095740359341 -0.011019701934848155 0.9998965603253173 69.16435471834772
0.9999585212854767 0.0008848641424851014 -0.00906491720926123 -0.6724953909351157 -0.0007821849933782837 0.9999355712075266 0.011324381683447024 -1.006870337937888 0.00907435370687906 -0.011316821520444878 0.9998947872928812 70.35827536782547
0.9999601520907071 0.0021610839956471037 -0.008661636490440126 -0.699383957494485 -0.002058601148054638 0.9999279831158906 0.011823313541444424 -1.0164949928844935 0.008686563880038757 -0.011805011552295809 0.9998925868863152 71.59982903899616
0.9999687523210329 0.0025466350253047585 -0.007483918195949556 -0.719636263127342 -0.002450065066867232 0.9999139881161643 0.012884624588792224 -1.0250234937724032 0.0075160869263127825 -0.012865885887644436 0.9998889825463833 72.7715442040381
0.9999773315143525 0.004208779915448634 -0.005255723457035994 -0.7412838940674337 -0.0041364837420391825 0.9998977091518036 0.013691630115711725 -1.034394982774932 0.005312810902466469 -0.013669579532558469 0.9998924525346298 73.96672771351705
0.9999931772283731 0.0025691474532184297 -0.0026542377561273264 -0.7509619640930414 -0.002538134861911172 0.9999292385354921 0.011622211203213717 -1.045155636385109 0.0026839091126900964 -0.011615395094140413 0.9999289370893718 75.1622596454946
0.9999998407187397 -0.0005383162467290617 -0.00016964112818848053 -0.7585063640827117 0.0005394527382939409 0.9999769235036695 0.006772108303755144 -1.0562098895028604 0.0001659916775411269 -0.006772198738456485 0.9999770546222594 76.32153230799814
0.9999969158872674 0.0005934200157194988 0.0024116526775178147 -0.7666329060722739 -0.0006082481364311094 0.9999808884796652 0.006152455576631702 -1.0653594024285773 -0.0024079555968835984 -0.0061539034850121195 0.9999781653724944 77.54016489790655
0.9999840872106697 -0.0002072748623620414 0.005637584817426776 -0.7708944750022935 0.0001515020151115576 0.9999510647823762 0.00989166759095661 -1.0838195693093502 -0.00563935923502529 -0.009890656081474084 0.999935184174302 78.86810496333528
0.9999633585461873 -6.145533442492176e-05 0.00856024463840801 -0.7595971998362036 -3.361657136538476e-05 0.9999383300577093 0.011105627011754915 -1.0891471862945519 -0.008560399228637156 -0.01110550785151067 0.9999016887976565 80.07514197762771
0.9999153838514877 -9.556557342031165e-05 0.013008305206743448 -0.7556598445329687 -2.8039411122789316e-05 0.9999548594200928 0.0095014912478269 -1.0954316110149362 -0.013008626019762241 -0.009501052013450263 0.999870244411601 81.08910904274757
0.9998630759144542 -0.0008366437934983182 0.01652662851423688 -0.746126344714032 0.0007283319686036726 0.9999782262025096 0.0065587082130980955 -1.1087858988037023 -0.016531755969294248 -0.006545773296093661 0.9998419144527432 82.10649206253115
0.9997992511010396 -0.0020296263648131975 0.019933341782504818 -0.7293698262846664 0.0019660311460572392 0.9999929169773403 0.003209472960059577 -1.1242749175847997 -0.019939714625130167 -0.0031696390911073514 0.9997961598089379 83.10735689143213
0.9997246369276236 -0.0026722106599235793 0.02331329256280265 -0.7086246646557545 0.0026201921040246226 0.9999940099864902 0.0022615447100504528 -1.1449048520576628 -0.02331919623974732 -0.002199836659059047 0.9997256502688145 84.2864737443512
0.9996271176188549 -0.0027858969900499317 0.02716366136918345 -0.6907408751513564 0.002673499751841672 0.9999877182432912 0.004173219578624109 -1.1687977241958858 -0.027174953911566088 -0.004099041416641113 0.999622288536709 85.39845213115196
0.9995200102607659 -0.0017306611009879145 0.030931438706770963 -0.6629916965879696 0.001584511684455478 0.9999874688689858 0.00474883435376216 -1.1909921124598888 -0.030939269723751155 -0.004697543735951271 0.999510227397303 86.59421111131437
0.9993997651844364 -0.0020671391688092 0.03458086587910624 -0.6272476425001093 0.0019778251650344946 0.9999946203565262 0.0026167662528392755 -1.2080963097986153 -0.034586089066393655 -0.002546800671865891 0.9993984772098805 87.75692869527298
0.9992737701139169 -0.002153121469871998 0.0380433493564023 -0.5915869945439843 0.002145601364270258 0.9999976697538696 0.00023849866762372255 -1.2258259357717256 -0.038043774222636474 -0.000156699600483133 0.9992760613004452 88.92668809192801
0.9991549567646065 -0.0021496173901020808 0.04104572472002519 -0.5591119648369748 0.0021516686130107 0.9999976851416065 -5.797094911633768e-06 -1.2420664394376992 -0.041045617243448775 9.410899369401301e-05 0.9991572691266378 89.76810426238339
0.9990333115215724 -0.003648946636272371 0.043807849281667435 -0.5177414834084165 0.003601053699973136 0.9999928292528119 0.0011721156959233414 -1.259006324056845 -0.043811812134281355 -0.0010132282074412245 0.9990392877590495 90.72880803456479
0.9989041433078163 -0.0043700483378508095 0.04659844589684634 -0.4817206869599579 0.0042504523266652374 0.9999874148327139 0.002665301334264486 -1.2738939799425544 -0.046609506943275154 -0.002464316073179553 0.9989101466141963 91.57310738172879
0.9987909023010405 -0.005112946786192097 0.048893672963215756 -0.4378885173873126 0.004903414904031276 0.9999782784541653 0.004404445722306483 -1.2838108244833195 -0.04891513061365831 -0.004159374352397923 0.9987942779181528 92.40529640371341
0.9986632424658529 -0.006779475650441838 0.0512422370461438 -0.39288138393324834 0.0065047430963299895 0.9999635734032782 0.005526317380979575 -1.2992853972044118 -0.0512778359999608 -0.005185612446918189 0.9986709633100936 93.27305880905656
0.9985476278423506 -0.00796428610796928 0.0532841916256961 -0.3404297587539322 0.007796015762480053 0.9999639485142012 0.0033650869405244675 -1.316525502513458 -0.05330907116659098 -0.0029447951841391905 0.9985737184167616 94.20553877361267
0.9984076327333107 -0.009351968794265322 0.05563038360048084 -0.29244321519879557 0.009379034579458349 0.9999559904703811 -0.0002254612043119256 -1.3292723784202247 -0.05562582682731906 0.0007468614787275707 0.9984514057217345 95.09150979850097
0.9982754493451775 -0.008565863380422497 0.058075409763777924 -0.24929314267554586 0.008764398357409648 0.9999565840021041 -0.003164716776248152 -1.3420127277002079 -0.058045779830366795 0.00366825508779874 0.9983071828593113 96.08776646825656
0.9981795770773192 -0.008611358746606184 0.05969402320400621 -0.2016909865972253 0.00886710584433618 0.9999526029711319 -0.004020726949357223 -1.3612297585142494 -0.05965656996248215 0.004542720747876801 0.9982086241605597 97.00150355457883
0.9981610705153314 -0.008505972789189787 0.06001771184072143 -0.14241008516484194 0.008729656994417944 0.9999558898717571 -0.0034657466064733832 -1.3793466181300933 -0.05998558490542647 0.003983307380811516 0.9981912957273587 98.02671557381689
0.9982153423536082 -0.008343727063282727 0.05913131580271975 -0.08837004742717602 0.008459032991805096 0.9999627767798026 -0.0016999457840113476 -1.3952268466080644 -0.05911493086108697 0.0021971057139933605 0.9982487654266194 98.93156451537602
0.9982934277435612 -0.009033855356511815 0.05769420752040546 -0.03894413814591513 0.00906711063574903 0.9999588434035505 -0.00031464861550896156 -1.4093850749283074 -0.05768899053310848 0.0008372314075404523 0.9983342523498033 99.80916942302238
0.998385882607336 -0.008585455997888031 0.05614195717712587 0.0022184969104033572 0.00856763589356352 0.9999631413905118 0.0005581000029232963 -1.427056729148541 -0.05614467940566796 -7.619531655623873e-05 0.9984226405529415 100.90313285525731
0.9985155367775328 -0.00827433560262489 0.053835473288619526 0.04250628974353003 0.008231300914983994 0.9999656009716106 0.0010210576532414125 -1.4409744568625944 -0.05384206997433813 -0.000576405950168097 0.9985492973594537 101.82807920831708
0.9986802921813827 -0.007822553832233806 0.05075905495622606 0.08233027638765238 0.007785716622306932 0.9999692644887692 0.0009234145686202562 -1.454857712765583 -0.050764718310894956 -0.0005270003132890967 0.9987105014194478 102.74974184375692
0.9988731969079675 -0.006410600558810505 0.047023831185168875 0.11884481018229476 0.006400800078330714 0.9999794502303557 0.00035899213249031194 -1.4660589529699488 -0.04702516621143544 -5.759747671209211e-05 0.9988937032664271 103.67564229677883
0.9990495914492911 -0.006299759364997198 0.04313034728525583 0.1516611278526391 0.006271456128418591 0.9999800209805699 0.0007915034596909514 -1.4824079256124798 -0.04313447186454206 -0.0005202611272321304 0.9990691400825701 104.65784888280305
0.9991988164259594 -0.005672214122116806 0.039617562266167854 0.17192351653288585 0.005603350128102193 0.999982591602801 0.001849042640446095 -1.501927182234075 -0.03962736075368545 -0.0016255701452557647 0.999213205377811 105.74486644529034
0.9993666658333383 -0.005481040328151315 0.03515999741292524 0.20798425172450308 0.005389039824996552 0.9999818045779301 0.002710860164185029 -1.5198886734763213 -0.03517421599581625 -0.0025196646575171024 0.9993780194796624 106.88621780121628
0.9995051781155098 -0.005361205066550802 0.03099445757739117 0.2280470495031624 0.005262995855160137 0.9999808712148943 0.003249319763927046 -1.5336159823968556 -0.031011284960653945 -0.003084588227635527 0.9995142747957901 107.86713291401249
0.9996518525466858 -0.004929346132202786 0.02592055645018575 0.24906778738731145 0.004843955510516846 0.9999826362629269 0.0033560792091077347 -1.5466521118607126 -0.025936649648527568 -0.0032293527764255528 0.9996583723881145 108.74711207103877
0.9997752095553282 -0.004092554931185335 0.02080339762475932 0.2637909759496024 0.004024490964609796 0.9999864150321144 0.003312585650912278 -1.5596326817157975 -0.020816671950011308 -0.003228117927536884 0.9997780980915568 109.56977941536095
0.9998669649058692 -0.003621471252236392 0.01590400691315196 0.2730157890322364 0.003574860496231531 0.9999892346326655 0.002958207431393536 -1.570640971024975 -0.01591454876384641 -0.0029009592799439407 0.9998691472252249 110.37561706397015
0.9999318257949813 -0.0024881206498839382 0.011408462558383169 0.27524824490778366 0.0024628538930406008 0.9999944846051937 0.002228252654732816 -1.5796955211381503 -0.011413943797651436 -0.002200003368954117 0.9999324386538123 111.14314099615126
0.999968497306196 -0.0005242799721888432 0.007920197326984131 0.2758436963804967 0.0005076434081859329 0.9999976611281415 0.0021023882647002137 -1.5900272938493112 -0.007921281042718442 -0.00209830139784203 0.9999664246552908 111.99498079977555
0.9999833361171107 0.0015353023604204004 0.005565099707547338 0.281954502919624 -0.0015471794660006366 0.999996533519869 0.0021305360696643656 -1.602092120813864 -0.005561809399183062 -0.0021391107746546933 0.9999822450830316 112.88574078420946
0.999986047270535 0.0026733972156787657 0.004556118038157051 0.2779054948846169 -0.002681725534566224 0.9999947428347227 0.0018228140531706457 -1.61797563255853 -0.0045512209798770666 -0.0018350068780208135 0.9999879594961877 113.98087073458962
0.9999834107783818 0.004793756987300309 0.003193440461322893 0.28096629165056125 -0.004800640815304118 0.9999861624626758 0.002151448565934932 -1.6364044919587228 -0.0031830827503755666 -0.0021667434356978654 0.9999925865760643 115.06542919082203
0.999979616426975 0.00603527257574973 0.0020837983337561646 0.2815377219329471 -0.006041460867735488 0.9999773209217566 0.0029763052142500477 -1.6535750606697077 -0.002065788261894109 -0.002988833732605142 0.9999933996741054 116.30702241116192
0.9999815056945052 0.005903451913606535 0.0014620275146510345 0.27877871632767326 -0.005908374472549349 0.9999768133825865 0.003385824611306299 -1.6684044031007055 -0.00144200556239767 -0.0033944001988774407 0.9999931993104988 117.2814911149487
0.9999524074305994 0.009747087287724953 0.0004209075356512202 0.27480973453494434 -0.00974923809023184 0.9999376102442397 0.005452336719037656 -1.679775976168345 -0.0003677368734103986 -0.0054561807561031425 0.9999850473187825 118.13081664341432
0.9999424733186296 0.010713872459604283 -0.0005128258384742736 0.27212355870357985 -0.010708939266967418 0.9999038310829506 0.008811765170127904 -1.6934906376253536 0.0006071846487454461 -0.008805766437762041 0.999961044143343 119.28502153571847
0.9999537045943605 0.009580980247624472 -0.0008907780354713601 0.26499588629959603 -0.009573183164423491 0.9999190608426438 0.008380091148926069 -1.6998245434169799 0.0009709954244188779 -0.008371175607914751 0.999964489662921 120.24784872852263
0.9999543071065025 0.009477715922400674 -0.0012476377873258027 0.2516450936061567 -0.009469073583519332 0.9999323198155171 0.006759617875818776 -1.7080045386203115 0.001311619084941122 -0.006747495035305455 0.9999763752039961 121.44825852182146
0.9999762658030837 0.006640945793496724 -0.0018345761057040502 0.24131781874090613 -0.006626698674282183 0.999948660040173 0.007665777751897435 -1.7177127161145236 0.0018853899331557542 -0.007653438627771356 0.9999689346084555 122.69959998068464
0.9999856651267125 0.0044841864901821755 -0.0029260233435436447 0.23656672402776355 -0.0044560377046853564 0.9999444042986182 0.009556779784778407 -1.729247279778679 0.0029687150520240706 -0.009543604319207678 0.9999500519263634 123.97552471327762
0.9999940765925386 0.0010943557784336994 -0.0032633058798957676 0.23180103677339578 -0.001056933300678149 0.999933917593226 0.011447416243854073 -1.7380127624488453 0.003275617778903733 -0.011443899339488655 0.9999291512382629 125.25043480372277
0.999994048233541 -0.0007244157079703635 -0.003373235742765615 0.21537883795173984 0.0007668176852102318 0.9999205011577889 0.012585839463175352 -1.7486735417769712 0.00336385019462442 -0.012588351212022243 0.9999151053592648 126.50983277974818
0.9999830230941704 -0.0048943001996369995 -0.003162174726269687 0.20660431463829274 0.0049281551607752725 0.9999296567499052 0.010788643970714613 -1.7576286202956464 0.0031091494262823916 -0.01080404450061856 0.9999368009090737 127.83159098527094
0.9999675349458752 -0.007390203347628632 -0.003211533706889958 0.2011832400059755 0.007421291406410445 0.999924649857092 0.009778498966196827 -1.7627870795679843 0.003139026621571415 -0.009802015234199097 0.999947032101809 129.09228967865567
0.9999576794592199 -0.008702729848938379 -0.002983585713257273 0.19509401473901417 0.008730620765374434 0.9999170807396549 0.00946614526280219 -1.7699024540511548 0.002900957011603769 -0.009491793205799133 0.9999507439419973 130.37567239304283
0.9999585384158314 -0.00877900605969913 -0.0024187810727309077 0.18386650720295541 0.008802299300443761 0.9999132950921233 0.009793968809251234 -1.7767420972602566 0.0023325900410158884 -0.009814853570733651 0.9999491125417754 131.68340306079736
0.9999640807918885 -0.008246338435131399 -0.0019583228657500196 0.17755432958862136 0.0082687788177053 0.9998968761979813 0.011741561496731123 -1.7849366597472829 0.001861296026191564 -0.011757332687770832 0.9999291478425711 132.96826724330248
0.999981772718713 -0.005942178571524985 -0.0010699271769287688 0.16522833984227855 0.005955885233808185 0.999893825790986 0.013299044181672957 -1.7914348312758919 0.0009907882828989226 -0.01330517413972824 0.999910991378577 133.95814054269493
0.9999820098380309 -0.005974922486318504 -0.0005294351467389638 0.1571679894518018 0.005980679444869841 0.9999144080431371 0.011636496943632862 -1.8006084956777937 0.00045986266409820347 -0.011639453983067696 0.9999321535170798 135.3219261252436
0.9999855440947203 -0.005375357084639647 -0.00013091141560342656 0.14739559521282936 0.0053763921851059234 0.9999362238080604 0.009931904326331356 -1.8127508136025332 7.751553428730139e-05 -0.009932464582775073 0.9999506688525451 136.6084004111907
0.9999855634187926 -0.005364635001452657 0.0003060151974823063 0.14615437628932917 0.005362222837447266 0.9999582199420716 0.007403035628995745 -1.8211004397797061 -0.00034571699620198775 -0.007401287832790275 0.9999725503323444 137.87655496285757
0.9999792214198152 -0.00642837891330132 0.0004823620708323894 0.15062249248541923 0.00642679613369027 0.9999741826230605 0.003214090664130786 -1.8329378633552864 -0.000503011010159783 -0.003210923837198452 0.9999947184600696 139.12486932441163
0.9999783341461951 -0.006505989513706387 0.0010016679331374505 0.143001070971859 0.0065061931145460345 0.9999788144736336 -0.00020013760676275503 -1.8558633210850903 -0.0010003446191042046 0.000206650315620149 0.9999994783030081 140.44016358572077
0.9999764835403729 -0.006769809258348022 0.0010963798775954741 0.13695224851228516 0.006770951445836438 0.9999765345328269 -0.0010414414219775386 -1.8815001036439953 -0.0010893037907489776 0.0010488404658796577 0.9999988566748098 141.73700850236725
0.9999739998767879 -0.007126151053301089 0.001103422667543359 0.12796507490399223 0.007127029024943082 0.9999742873363873 -0.0007938030997439456 -1.9081296537484462 -0.0010977375348122454 0.0008016465861437915 0.9999990761671 143.1113200759163
0.9999783459375663 -0.006515628728400577 0.0009242500974188057 0.12305748830469097 0.006515976831757222 0.9999787008119767 -0.00037412339968707 -1.9235215512971906 -0.0009217927624713101 0.0003801376906170444 0.999999502896595 143.98552145872821
0.9999829235450526 -0.005806103073228116 0.0006646693858433716 0.11544675115058214 0.005805583443087691 0.9999828424216751 0.0007810653952744688 -1.9501717040875501 -0.0006691929279182819 -0.0007771932638649533 0.9999994740755885 145.2675176722707
0.9999856749823282 -0.005352251750863905 5.684481226962489e-05 0.11853242520764352 0.005352176394562714 0.9999848932097649 0.001252022402267343 -1.964780910613052 -6.354509262169937e-05 -0.0012517002235620319 0.9999992146039763 146.26336943771975
0.9999868032387689 -0.005108671905929644 -0.0005429729874785258 0.12078803493450284 0.005109140444290033 0.9999865740896419 0.0008650574438457999 -1.9850546610869588 0.0005385464029114083 -0.0008678201531398607 0.9999994784278399 147.52858902356581
0.9999876383518115 -0.004830880581562894 -0.0011771730429683117 0.11344630700569089 0.004832174832788157 0.9999877209524509 0.0010991045027675401 -2.0016853190174055 0.0011718489458049514 -0.0011047792219765196 0.9999987031156174 148.50458467469227
0.99998386836282 -0.005374064889297792 -0.001839141292922847 0.10208597060733865 0.005378275505541662 0.9999829098149761 0.002292210845330004 -2.022025845869716 0.0018267913718350269 -0.0023020652767833712 0.9999956816550475 149.72010655220677
0.9999868510421765 -0.0044830243129723845 -0.0024900272610320602 0.09335787224291231 0.004489626776103246 0.9999864040997144 0.0026523323950408185 -2.0416339653599342 0.00247810293625656 -0.0026634768126985115 0.9999933824266556 150.95716617985582
0.9999873004705068 -0.004087192335611457 -0.00294851768173477 0.07447557539620922 0.004092296979941944 0.9999901347092023 0.0017273070656800334 -2.064870458075033 0.002941428757550209 -0.001739351339697404 0.9999941613098444 152.32884223554004
0.9999868736340377 -0.0034812134047117094 -0.003759483056649861 0.0652449455526258 0.003483038470283563 0.9999938194730801 0.000479018428847398 -2.0836178536696077 0.003757792255687925 -0.0004921065651910307 0.999992818388457 153.60098971364545
0.9999857664105324 -0.002688045586117345 -0.0046088379518657 0.0548409641410584 0.002690424175165627 0.9999962507667434 0.000509970797241198 -2.10483963871112 0.00460744984750651 -0.000522363267571524 0.9999892492134689 154.85446303526388
0.9999828050110877 -0.003091761045727036 -0.0049830408178604055 0.03846703594891654 0.003089270946216988 0.9999950994963775 -0.0005073344562606377 -2.1253446039476023 0.004984584955359727 0.0004919317694276931 0.9999874558793 156.11123611836703
0.9999795733854058 -0.0026345534656725617 -0.005823395914584103 0.028205351261122964 0.0026261658082083277 0.999995503965843 -0.0014475155429399707 -2.1508667951801765 0.005827183289487319 0.001432192771859139 0.9999819962173184 157.36673903287314
0.9999776350209565 -0.0024678943496804556 -0.006216024080788581 0.006311008424727097 0.002460709556977749 0.9999962958917343 -0.001163233117979234 -2.175838026470215 0.006218871792401534 0.001147911272432777 0.9999800037667445 158.64659653306967
0.9999724230067097 -0.002335308944699934 -0.007049791360181022 -0.006924046702715342 0.002337234874409847 0.9999972335599574 0.00026496334370696155 -2.201458547336434 0.007049153086089243 -0.00028143305503908764 0.9999751148084648 159.87408721403904
0.999967717763227 -0.0023399570479290285 -0.007686874034121226 -0.023814110901050744 0.0023447256800802336 0.9999970642171593 0.000611407022689036 -2.224036625071651 0.007685420800956352 -0.0006294108960502599 0.9999702686325399 161.16719195564752
0.9999630306426041 -0.00188194872166858 -0.008390209596130889 -0.032669904780228826 0.001889906165019751 0.999997771767743 0.0009405924920898619 -2.2360460506609683 0.00838842075395702 -0.0009564144278315649 0.9999643591992139 161.85067443226694
0.9999579006101185 -0.0013937113090999333 -0.009069430863659928 -0.04666846743603972 0.0014048319839840748 0.9999982691244146 0.001219916091928257 -2.2548677671510244 0.009067714954749909 -0.0012326057607590182 0.9999581277376246 163.04485573424301
0.9999536065386568 -0.0010618315950109698 -0.009573781071045548 -0.06650587602569268 0.0010657182504731101 0.9999993517712128 0.0004008762457145391 -2.2774646361492583 0.009573349201981603 -0.0004110606008915301 0.9999540899532523 164.33013516096253
0.9999474837194607 5.3742741176531677e-05 -0.010248263991339612 -0.08303880848222214 -5.615598977783912e-05 0.9999999707658116 -0.0002351911573710372 -2.293129617605252 0.010248251051922385 0.00023575430741400486 0.9999474575047836 165.60559088475082
0.9999431136998072 0.00021759439709904748 -0.010664052560476901 -0.10134776447709459 -0.00021516262228919592 0.9999999505904352 0.0002291815282995157 -2.31686991984343 0.010664101902187133 -0.0002268739854973237 0.9999431111112334 166.83069601897898
0.9999412210097419 9.185964416176924e-06 -0.010842252587189334 -0.12509555578900425 -1.9309240127776808e-05 0.9999995640246967 -0.0009335831883525246 -2.3398738058622075 0.010842239284372975 0.0009337376689339556 0.9999407852374379 168.09839146291628
0.9999372184194373 -0.0013910348998262842 -0.011118643869912235 -0.14028750476911642 0.0013632389562818184 0.9999959279356077 -0.002507128187909711 -2.362910780819314 0.011122086096886166 0.0024918134179747332 0.9999350429236598 169.36107059901346
0.9999229841264728 -0.004539220773913667 -0.011550813407514677 -0.15028814782727154 0.004510750611215469 0.9999867273340427 -0.0024896354500437974 -2.384767685192671 0.011561961102381096 0.0024373408699566853 0.9999301877756009 170.57579445110636
0.9999224262322713 -0.004126569594468641 -0.011752146235892508 -0.17859805722757852 0.004140101821722077 0.9999907942511622 0.0011273729796418505 -2.4083775176718505 0.011747385865526549 -0.0011759406071127233 0.9999303056158528 171.883674473151
0.9999193767290616 -0.004819668628708435 -0.011747801329359788 -0.1982068545995147 0.0048841374962216594 0.9999731378129945 0.005465240466032424 -2.430234719410793 0.01172114510970109 -0.00552217771744065 0.9999160566320416 173.13335932475638
0.9999238927917581 -0.0035922766990254006 -0.011802718851764817 -0.22193307443819632 0.0036497106879309587 0.9999815869411001 0.004848235828954574 -2.4482712902841564 0.01178508532300771 -0.004890943352400841 0.9999185919048864 174.39160694122455
0.9999290680765409 -0.0019519089115871105 -0.01174941986571362 -0.24468876694086314 0.0019730365366587054 0.9999964571196444 0.001786861769707421 -2.468823703453222 0.011745890447512761 -0.0018099170588449162 0.9999293766350866 175.61420778702444
0.9999298643546594 -0.0014669723523657542 -0.011752206762543136 -0.2717594666464459 0.0014657898938092787 0.9999989197639579 -0.000109228677353073 -2.4913861471779186 0.01175235430283561 9.199475062662355e-05 0.9999309344676283 176.90173961897696
0.9999277999710076 -0.0016067868927258236 -0.011908529759028109 -0.29219696799805134 0.0016087604371562082 0.9999986937530065 0.00015614780143938435 -2.5138940875053035 0.011908263307306237 -0.00017529449910481232 0.9999290787535084 178.158960040177
0.9999302764598322 -0.0016541901575803774 -0.011692128714900761 -0.3178771988329449 0.0016709768140320434 0.9999975870351203 0.0014260997241398944 -2.540741684423216 0.011689741462077408 -0.0014455375674079687 0.9999306277765916 179.40713436762292
0.9999323517560212 -0.0015406280553174237 -0.011529023239957992 -0.346053477221556 0.0015834303692018755 0.9999918851846066 0.0037043640752044494 -2.5709149240378184 0.011523222636841371 -0.003722368887005282 0.9999266769668306 180.8026416712316
0.9999357007954633 -0.002205859079438344 -0.011123329555812243 -0.35753454124256145 0.002256238973752414 0.9999872453005745 0.004518696920706686 -2.5901118488451984 0.011113220072457412 -0.004543503261751065 0.9999279238613797 182.08104129979677
0.999949285999666 -0.0022314683967254167 -0.009820691297083493 -0.3736979467431047 0.002270129474874359 0.9999897113170239 0.0039273110726819925 -2.609135089280505 0.009811826584561367 -0.003949406143804299 0.9999440635606491 183.26551545824324
0.9999588922265766 -0.0033923044842589438 -0.00840869355391934 -0.3917188237645697 0.0034133218010400355 0.9999910835220253 0.0024863850722507954 -2.6322945729077083 0.008400184002758332 -0.0025149844395226497 0.9999615551419897 184.54529040475228
0.9999636532421766 -0.003737099417008793 -0.007663307543571436 -0.3962174837094994 0.0037449131863755316 0.9999924822308065 0.0010055382118801786 -2.655347577316901 0.007659492136328726 -0.0010342000852976698 0.9999701308591146 185.82244711755962
0.9999716756801381 -0.004446397812756821 -0.006072675188696909 -0.41082518429679415 0.004449180351032624 0.999990003435258 0.00044477382497769963 -2.677677612456538 0.0060706368414437314 -0.0004717796541895675 0.9999814622243228 187.0373520000979
