1.0 0.0 0.0 0.0 0.0 1.0 0.0 0.0 0.0 0.0 1.0 0.0
0.9999913202105316 -0.0027389982616379087 -0.003139648407197509 -0.005555640545234432 0.002732475282802074 0.999994103521009 -0.0020800245292930276 -0.006899736474927209 0.0031453270778965202 0.00207142746344869 0.9999929080277703 0.6690462363802542
0.9999742630006082 -0.0013601171197108678 -0.007044389101343517 -0.01830552810713483 0.0013349893544207247 0.9999927345131179 -0.003570535590159577 -0.012219858827677992 0.0070491942670096105 0.0035610395108285867 0.9999688134425935 1.3877057230036993
0.9999390618424047 -0.0015218689140961692 -0.010934190264485605 -0.033442818695943954 0.0014667374661694946 0.999986181243872 -0.005048366320223863 -0.015495855398589083 0.010941722119346593 0.0050320210955583046 0.9999274761105211 2.1080741244953916
0.9998722210518319 -0.000160119050460135 -0.01598486567869776 -0.04793659973992884 7.186429225483431e-05 0.9999847534529333 -0.005521566553039247 -0.02592946318685209 0.015985506072684348 0.005519712272014098 0.9998569879597953 2.835260033795309
0.9997935658864009 -0.0012666930583404743 -0.020278587249870632 -0.06732828670049677 0.0011521097490018476 0.9999833119058233 -0.005661144141148028 -0.0357048316544207 0.020285419770882687 0.005636612329808743 0.9997783406066378 3.557729801443827
0.9996925179229219 0.00043721185844193674 -0.02479270970908319 -0.09188435937993503 -0.0006057019063608856 0.9999767720578824 -0.00678884893766716 -0.045899114109075274 0.024789165660196396 0.006801778479829515 0.9996695619430365 4.289315923206262
0.9995614754335345 0.0030998109311160854 -0.029449074710870632 -0.12705428915908898 -0.003319519929581933 0.999967001076123 -0.0074146845018585004 -0.05470333937493329 0.02942511880302634 0.007509189770962382 0.9995387808646602 5.0634554429599214
0.9994255228468454 0.003565107916500657 -0.033703327548664265 -0.16009381909616074 -0.003763480333128415 0.9999759569623179 -0.005824234978002109 -0.06356921515001221 0.03368175319206233 0.00594773089846309 0.9994149108348686 5.833833704425264
0.9992676633822091 0.0027214623618088732 -0.038167139809951574 -0.19215422672070062 -0.002845063776669051 0.9999908822921497 -0.003184484993650352 -0.0716320649610347 0.0381581253570693 0.0032907408256131012 0.9992662950855755 6.625259990927848
0.9991345490693684 0.0025627983074709244 -0.04151608026758102 -0.23258476417005702 -0.002580598386152779 0.9999965998755357 -0.000375165746376061 -0.08386105251305753 0.04151497763360096 0.00048197738856967706 0.9991377654407215 7.445650925542808
0.999013472729285 0.004151895638813611 -0.044213607271717206 -0.2733218350913803 -0.004202078264643529 0.999990628213752 -0.001042124236175744 -0.09127786122163506 0.04420886612016928 0.0012268851903153206 0.9990215567789809 8.246219976588533
0.9989158723496331 0.0037352496460840035 -0.04640180899547098 -0.31237609988318943 -0.0037967945739257438 0.9999920254730669 -0.0012382815660460715 -0.09789515066053085 0.04639681367221402 0.0014131172473757943 0.9989220884436938 9.017739558076919
0.9988300814659794 0.0005819030418998464 -0.04835421126969127 -0.34795996093956794 -0.0006679376175847311 0.9999982226356559 -0.0017631179395050836 -0.10523455510681286 0.048353099362947995 0.001793352831825705 0.9988286948559384 9.815269256552616
0.9987271697300807 0.0003775013887143135 -0.050437069062777666 -0.3906825198861785 -0.0004233950882384315 0.9999995060528533 -0.0008992389278001501 -0.11292347822028631 0.050436704685587225 0.0009194491565793252 0.9987268362438787 10.650942268210402
0.9986638409307595 -0.0009158951813464222 -0.05166908121341694 -0.43716758591838845 0.000861691620590414 0.9999990548814655 -0.0010713186861517818 -0.12372300533899809 0.0516700135956329 0.0010253644196481096 0.998663686294257 11.476616345235099
0.9985649938386127 0.0013568244789266882 -0.05353608229431656 -0.4875718414545325 -0.001534058859285795 0.9999934781518239 -0.0032696050578565 -0.13394014433326826 0.05353129685993689 0.0033470406557883307 0.9985605627979415 12.29923967188876
0.9984941797458008 0.0016455450736304886 -0.054833066621976366 -0.541238141220439 -0.0019676737015007777 0.9999811205033932 -0.005821245312068288 -0.144490428796017 0.05482245227973539 0.005920373146137526 0.9984785665740884 13.155171485537862
0.9983810349308871 0.005491930001773228 -0.05661402472166491 -0.5995542734463009 -0.005925168097966533 0.9999544140490738 -0.0074874699855664905 -0.15422775247747456 0.056570323256461025 0.007810795646382236 0.998368063390466 14.02634035613618
0.998314582150284 0.006353084732619255 -0.057685642758687324 -0.6571722066382417 -0.00677986089992711 0.9999510551406451 -0.007205609570929179 -0.16613201296545987 0.05763704149486134 0.007584565741767169 0.9983087928142415 14.911247955304233
0.9982381635707598 0.005345731925170063 -0.059093078622291274 -0.7104088028053303 -0.005700561885702838 0.9999667121899559 -0.005837645603966294 -0.17687798301179458 0.059059905054642134 0.006164224378983429 0.9982354080840561 15.78322331248306
0.9981511181796516 0.005998298400252468 -0.06048442521022938 -0.7672689048844932 -0.006264512220699695 0.99997150413991 -0.004212694482511204 -0.19155785732308964 0.060457432655935665 0.004583811129159407 0.9981602514186713 16.654949172999377
0.9981019131439811 0.005636285060514542 -0.06132538845405341 -0.826683405797466 -0.00590041976136345 0.9999740766998971 -0.004126860165811266 -0.20431024100765882 0.061300538537305105 0.004480872560681627 0.9981092954963054 17.52616849641516
0.9980019549487202 0.005518002361647564 -0.06294163620742989 -0.8892069698950469 -0.00583704163684595 0.999971027272181 -0.004886057833144566 -0.2185263350732421 0.06291285133787304 0.005243688220704888 0.9980052489192541 18.43968785762345
0.997942677254586 0.003974137756870926 -0.0639892111456115 -0.9470472475283619 -0.004350592448119045 0.9999740342844471 -0.005744832655345409 -0.2287305786573398 0.06396471886359381 0.006011404659226316 0.9979340548126034 19.321432331477066
0.9979106725229338 0.004096524211839389 -0.06447874187828691 -1.0108410348970112 -0.004372490992511668 0.9999818730415738 -0.004139433631106503 -0.23855012049291727 0.06446061578472026 0.004412717716752986 0.9979104954528772 20.22604673566215
0.9979045663622069 0.005537214655919398 -0.06446561631838238 -1.073660072376895 -0.005587795472036551 0.9999842055302155 -0.0006043441623366595 -0.253053676472568 0.06446125173480025 0.0009632984782161477 0.9979197458116683 21.13585739320934
0.9979600068901772 0.006299506272865756 -0.06353062937256722 -1.1429371580938417 -0.006114110794980115 0.9999764656560672 0.003112199091770731 -0.2601845699146251 0.06354873953858617 -0.0027174169202082805 0.9979750364354505 22.070809557677617
0.998065514502683 0.004975821328075222 -0.0619715254177627 -1.203889737934272 -0.004621129046638729 0.9999721202363361 0.005865485178644584 -0.26477651696554133 0.06199898327253138 -0.005567760066459073 0.9980606825844883 22.986288124581794
0.9981561026337024 0.005155469226379102 -0.060479880226007504 -1.2604082974908108 -0.004759194817458582 0.9999662670278973 0.006694391009004342 -0.2696957794160224 0.060512352786731144 -0.006394211706521583 0.9981469677441626 23.928307575354786
0.9982420000254448 0.005649458944513764 -0.05899994066804327 -1.32132141843826 -0.005428052077656043 0.9999776149981393 0.00391225680076361 -0.27785835437753675 0.059020722088437734 -0.0035851243028825063 0.998250319933779 24.861119041902192
0.9982983236864686 0.006753502895699477 -0.05792104214724547 -1.3852763564050412 -0.006819379154886564 0.999976306178504 -0.0009397603613531822 -0.2865719189887486 0.05791332310209009 0.0013331467408542606 0.9983207248810575 25.835109040586843
0.9983737954382214 0.005878863904407534 -0.05670276484857111 -1.4416141370602396 -0.006107836645396032 0.9999738751524565 -0.0038656621803481754 -0.2958908681045881 0.056678557795625216 0.004205707047913725 0.9983836202154135 26.779771650194085
0.9984293009518715 0.003066084646100925 -0.05594220343978691 -1.498226659602869 -0.0032361575301497235 0.9999904128867996 -0.002949816761770978 -0.30258085442592864 0.0559326227276675 0.003126221270306111 0.9984296512300571 27.753010591583102
0.9984200995737014 0.0012772167107236215 -0.05617538148257203 -1.5518181512200973 -0.0011633572582954075 0.9999972025013475 0.0020595119248188 -0.31319549144090586 0.05617785477506406 -0.001990906063265385 0.9984187923541499 28.6969768400299
0.9983707245132256 -0.002568111198370659 -0.05700264239321142 -1.605443810303694 0.002893048939451409 0.9999800305616723 0.005618607097029998 -0.324005529998318 0.056987074874654264 -0.005774364272338432 0.9983582172819938 29.671986701930585
0.9982643545591896 -0.009977673989949597 -0.058040713626499235 -1.6513059160314136 0.010280111603160301 0.9999350812518943 0.004914528176131252 -0.3292891848996429 0.057987910136075356 -0.005502663311315936 0.9983021200891705 30.601291571080864
0.9981483315299648 -0.012336037413290198 -0.05956282771060899 -1.7079440884587365 0.012421544075425731 0.9999222819451177 0.0010655104180593076 -0.33499660853735413 0.05954505442711434 -0.0018033997356778418 0.9982239900156002 31.58233661527635
0.9980733436686293 -0.012049317827129372 -0.060863902257589114 -1.7693110508250371 0.011899326230652723 0.9999252063903122 -0.0028262449554307453 -0.34615050620508936 0.06089340435036464 0.0020965603240599177 0.9981420729242058 32.5291373340752
0.997960573534068 -0.010701797282503337 -0.06292984352814346 -1.8360469979561944 0.01049772069864485 0.9999385150345559 -0.003572675554906289 -0.3588127805307891 0.06296420833843323 0.0029047694248577373 0.9980115584415356 33.51646613173221
0.9979017788543255 -0.010660640070056649 -0.06386227769714867 -1.894429358378303 0.01055385914153222 0.9999422879862786 -0.002009167486102738 -0.3766895037314303 0.06388001108791148 0.0013309583251252587 0.9979566988268304 34.463354756450684
0.9978471147028868 -0.0077750513213859975 -0.06512053636197968 -1.9639483555805508 0.007849271406698539 0.999968803288427 0.0008839617048250182 -0.38967842983717604 0.06511163196776787 -0.0013932074007222892 0.9978770136422787 35.44188634110127
0.9977692659308806 -0.007951528261232393 -0.06628171061507691 -2.0386408136721217 0.008113555692154452 0.9999647176599656 0.002175695120171517 -0.39857140902401167 0.06626207193998876 -0.0027086220733894715 0.99779857746375 36.460773204656746
0.997720097630396 -0.006493346784074168 -0.06717472167365404 -2.1062086752496856 0.006820118528803832 0.9999659946927112 0.0046363176627767745 -0.4031821016601488 0.06714233215821562 -0.005083886875104764 0.9977304552466046 37.428848364937465
0.997723254557226 -0.00679228050559655 -0.0670982283020073 -2.1724069448607706 0.007327112419861664 0.9999432941121953 0.007727999976645606 -0.40976659660979453 0.06704193269381237 -0.008202041549859236 0.9977164455771453 38.392572322274944
0.9977210873609129 -0.0011886025847161153 -0.06746272347935146 -2.2544562147151503 0.0018690922245395017 0.9999480048311405 0.01002467597870467 -0.41340934429704596 0.06744730038787286 -0.010127924669815434 0.9976714322923508 39.404782506932165
0.9977172460970918 -0.0011711781535159059 -0.06751981325630498 -2.3239965681025856 0.0018224450235121553 0.9999524042298814 0.009584777984731995 -0.42179691343067127 0.06750537411621241 -0.009685949443036135 0.9976718933842014 40.35464583256269
0.9977238589327388 -0.0007634881230875872 -0.06742787555787702 -2.386388405140766 0.0012976836117498405 0.9999681179593055 0.007879027996436349 -0.4269845207787673 0.06741971027530744 -0.007948594266329996 0.9976930402260923 41.30003727051082
0.9977279146378464 0.0014453046493006281 -0.06735665851928557 -2.459522898241045 -0.001056576697673825 0.9999825842108087 0.005806455093709901 -0.4347885456987465 0.06736387754646278 -0.005722094856260698 0.9977120654940288 42.25262487717907
0.9976536651098732 0.0008265911099346662 -0.06845787931255623 -2.526530678870592 -0.0004240156203736751 0.9999825347213379 0.005894952335852267 -0.44247319928035544 0.06846155639181147 -0.005852093593344736 0.9976365912981469 43.20279858683388
0.9975710694757849 -0.0013427073466495461 -0.06964307921048941 -2.5955462352295133 0.001837089216434838 0.9999735649592909 0.0070352317529557215 -0.4470891065749737 0.06963179193549504 -0.007146084213622839 0.9975471653171413 44.187594268152175
0.9975256168019782 -0.0005936529985843852 -0.07030143241747511 -2.6737955935300115 0.0011654518148361613 0.999966573659394 0.008092792222666236 -0.4563782109358371 0.0702942781874799 -0.00815470048556179 0.997492965044913 45.16924170281944
0.9975009179476478 0.0015265693348219893 -0.07063701777159262 -2.7505127817851553 -0.0012044666531083443 0.9999886838060912 0.004602338518958264 -0.4660577721100451 0.07064324421825366 -0.004505756964985652 0.9974914687356945 46.13582862246913
0.9974476917083298 0.002273810913829484 -0.07136478185807776 -2.8246323743047332 -0.0022457230132173055 0.9999973661103778 0.0004738147897650636 -0.4777086528653393 0.0713656712563593 -0.00031233993539637843 0.9974501708907038 47.097497679429694
0.9973872797706962 0.0027082497803164974 -0.07218919264499822 -2.895459838382104 -0.002774057145204631 0.9999958231487678 -0.0008113519417232648 -0.4849437068783581 0.07218669377776181 0.0010094890517555895 0.9973906266720627 48.05052202447482
0.9974049564598206 0.0012860498127830373 -0.0719840184017291 -2.975047513058631 -0.0010926130197379158 0.9999956861047364 0.002726530525490762 -0.49568232049220534 0.0719872143242847 -0.0026408043843445662 0.9974020589140735 49.00100445718043
0.9973749648672001 -0.00034041371978287384 -0.07240900202770814 -3.0367068081149706 0.0007718885518589954 0.9999821138078872 0.0059309571211854555 -0.5097368903252762 0.07240568792721146 -0.0059712798300878035 0.997357388388424 49.93981082102403
0.9973702835635218 -0.0020890082779539782 -0.07244414061076962 -3.1098324908391155 0.0025784849996584153 0.9999744726252499 0.00666374616562317 -0.5214649520554624 0.07242837068114143 -0.006833018532680793 0.9973502097950382 50.890207931184825
0.9973436453652467 -0.005314711100279091 -0.07264576309379514 -3.175806539246331 0.005728679688849993 0.9999685135181671 0.005491284120285871 -0.5313027210782306 0.07261429114562619 -0.005892861629778505 0.9973426888002087 51.83004140167583
0.9972878049782989 -0.008195130741896105 -0.07314283200483705 -3.2414899041498906 0.008523123402579606 0.9999549690480192 0.004173277325938113 -0.5391027215618516 0.07310533776017288 -0.004785363967141773 0.9973127442696561 52.76588336449637
0.9972032194789731 -0.00977471271504036 -0.07409584368983041 -3.3132889689592946 0.010201249002696946 0.9999334913884652 0.005380271225406839 -0.5473529182180777 0.07403832507258862 -0.006121093939190501 0.9972366111557642 53.70076993326269
0.9970918987456352 -0.012686290919162575 -0.07514521593911848 -3.3828000334375163 0.013444509318515891 0.999863602663301 0.009592770108185034 -0.5581023595827113 0.0750132696594855 -0.01057516391733581 0.997126459022683 54.64377129479869
0.9970322806889679 -0.013542801703257246 -0.0757840602381506 -3.4533054618962624 0.014686071434891548 0.9997863006198046 0.014548965556861542 -0.5613685894695684 0.07557083147592478 -0.015618758433106367 0.9970181060617933 55.580075258250034
0.9970239905607804 -0.011649758664618894 -0.0762065966259569 -3.5293158325269354 0.012979969146805565 0.9997715169112046 0.016983355793738268 -0.5663037334187553 0.07599133271106064 -0.017921972439574323 0.9969474009478493 56.501981377503
0.9969370604356498 -0.010407103859619609 -0.07751251330707194 -3.6074179268108386 0.011461667912023818 0.999847544266909 0.0131726380086069 -0.5719869981037128 0.0773636070681711 -0.014020713701035333 0.9969043544336212 57.43269142984694
0.9968467515678965 -0.00890044865098861 -0.07885008498626901 -3.684427434924381 0.009348718183836268 0.999942159797442 0.005317755912606055 -0.5732150004365829 0.07879819386794289 -0.006038134930420354 0.9968723015360152 58.3464803606759
0.9968044079570186 -0.0070750557607287805 -0.07956705262505648 -3.763405351377494 0.007140680651711406 0.9999743590659731 0.0005402688465940232 -0.5824593060342643 0.07956119001929382 -0.0011067052809600846 0.9968293696747378 59.248153122154264
0.9967454058944011 -0.0022536077117832143 -0.08058236209422884 -3.8478039474533468 0.00238168431128511 0.9999960488013878 0.001493305546094897 -0.5940363643008836 0.08057867837241667 -0.0016803671902327255 0.9967468349374683 60.1554475633142
0.9966867494452822 0.000506363406793458 -0.08133429213004748 -3.9320416540608694 -0.00019764238595983922 0.9999927463316488 0.0038037115524624334 -0.6077860488206436 0.08133562821840672 -0.003775033799494217 0.9966796198890243 61.05128424875798
0.9965992971297873 0.0030973797535919106 -0.08234225646091221 -4.015339354352616 -0.0026679997955699926 0.9999822677302317 0.005324096373522319 -0.6186344603076226 0.08235728709412056 -0.005086301580299043 0.9965898889707496 61.93488891602101
0.9965026097441656 0.003802051957307104 -0.08347510511511877 -4.088447011541449 -0.0033929476589771987 0.9999815317490885 0.005042228369537044 -0.62640507335821 0.08349273429017397 -0.004741367066686488 0.9964971062472232 62.78132766628548
0.9963612022799307 0.005511550067848039 -0.08505279188327286 -4.165806852255505 -0.005025220738372267 0.9999697847099387 0.005931005284927213 -0.6367942944982845 0.08508291102107589 -0.0054820145027903696 0.9963587936929003 63.61505678754514
0.9962566656691121 0.00633751917414528 -0.08621190150193477 -4.24844246112005 -0.0057891179335098205 0.9999613988271102 0.0066096118858429715 -0.6499574196207558 0.08625046216347965 -0.006085779033690012 0.9962548976392236 64.47397014945332
0.9961204094860122 0.006239361095545154 -0.08777926964003241 -4.31897814930406 -0.005630919237106476 0.9999583878949051 0.007177410895877078 -0.6614654905655977 0.08782039941814919 -0.006655287502615216 0.9961140921572664 65.27745940111146
0.9960285124597424 0.006067724110831459 -0.08882783961881627 -4.40317771172419 -0.005360044976199301 0.9999519873187982 0.00820322954936276 -0.6667621106157988 0.08887334968979389 -0.007694529309922115 0.996013213734444 66.11534747450877
0.9958844980087063 0.008876551740617128 -0.09019575075989895 -4.482083299429701 -0.007921723639116267 0.9999087918821503 0.010938656744056372 -0.6745012897804566 0.09028462172779532 -0.010179132869501598 0.9958639828478058 66.92187600644874
0.9957766126717918 0.01040879343220132 -0.09121729372863766 -4.560531586793425 -0.009079646378422249 0.9998466562678995 0.014974110041789591 -0.6761220200892104 0.09135916854664103 -0.014082647804535196 0.9957184247332579 67.67538881872053
0.9955760192561649 0.013525648217169834 -0.09298089439423705 -4.63326352507599 -0.01199733623372109 0.9997839123867851 0.01697623208689587 -0.6844158896341204 0.09319041691795299 -0.015785606509680798 0.9955231593598314 68.42285216109617
0.9954137654333094 0.016348971661858103 -0.09425575160953674 -4.713700058668134 -0.01520596772428788 0.9998020374174681 0.01283216744932469 -0.6881420975470962 0.09444688523951865 -0.011340066202599924 0.995465312689033 69.155646473553
0.9952413494583089 0.016225236801023165 -0.09608016454582853 -4.77624485215078 -0.015738620317019565 0.9998591993799668 0.0058204162882365225 -0.7012321535918429 0.09616107403164458 -0.00428054973133007 0.9953565817007886 69.8616210537021
0.9951407035068399 0.015398753200080217 -0.09725152247545112 -4.8527223206511945 -0.015480880373826377 0.9998801599464008 -8.993559402172176e-05 -0.7064995567353152 0.09723848295176864 0.0015950377559200415 0.9952598320477904 70.56836503764036
0.9950680881766989 0.016199151227587222 -0.0978625944468742 -4.917737486334102 -0.016387463445749994 0.9998650884184935 -0.0011207157052365762 -0.7146496097530092 0.09783123700629462 0.0027189081234037984 0.9951993049658119 71.21006974068544
0.994944614208174 0.018996855496274338 -0.09861203851153048 -4.9891706875644894 -0.01882437266752427 0.9998192157841628 0.0026793175279352043 -0.7291917277682894 0.09864510961938273 -0.0008094627817273564 0.9951223478136673 71.86202457052737
0.9948255677214122 0.0192090376311364 -0.09976523783890719 -5.061427208430525 -0.018805113603197466 0.9998107276136122 0.004987649858368252 -0.7424417127134432 0.09984216298808304 -0.0030857449707361274 0.994998502847033 72.50517380509737
0.994777036761715 0.01601015171442289 -0.10080834377005074 -5.122971282850026 -0.01591964223947911 0.9998718253846411 0.0017022905016769166 -0.7510750604525184 0.10082267662855683 -8.856673339213174e-05 0.994904407485155 73.10839758146189
0.9948825637636667 0.007897567804159483 -0.10072890718066331 -5.177074328724393 -0.008287445204198707 0.9999596977959717 -0.0034526852992625345 -0.7628959897642037 0.10069757976743719 0.00426980170113802 0.9949079184640223 73.72952233602207
0.9950307520627992 0.0038867924686946317 -0.0994921870985035 -5.236530273784257 -0.004732561961193413 0.9999546348510858 -0.00826626258441971 -0.7729813496033183 0.09945554437346259 0.00869603841622207 0.9950040068307473 74.31749533297656
0.9953067877699118 0.006414315889678263 -0.096557002702059 -5.285293080371855 -0.0072707502390093595 0.9999372667007079 -0.00852049611693499 -0.7810654229643126 0.09649629220907892 0.009182549470826652 0.9952909857800963 74.8261231289967
0.9956666498221994 0.011440591614552645 -0.09228778519037582 -5.338396969982642 -0.012024318066158533 0.9999110488519903 -0.005771495365666138 -0.7865199218451742 0.09221354676445197 0.006856183137947605 0.9957156494431023 75.29435077502995
0.996089691221209 0.009844997883118807 -0.08779751169319129 -5.372461548368468 -0.010115981028316536 0.9999453417792242 -0.0026420412306780838 -0.7959302473787345 0.08776670194709044 0.0035198679962815884 0.9961348385427644 75.72274090243054
0.9966080859530935 0.0060833592043236465 -0.08206896949335227 -5.404537079706064 -0.005950034964148617 0.9999805517488276 0.0018690125829382226 -0.810164906406617 0.08207874327031947 -0.0013743598149471782 0.9966248998686837 76.21353777981228
0.9972502771277196 0.0016343760726881323 -0.07408922717600391 -5.427503858685401 -0.0012310143102921191 0.9999841742763484 0.005489608421086301 -0.8228289408184473 0.07409702674502086 -0.005383308620358805 0.9972365068607575 76.68999550982949
0.9979739293987323 0.005272378590686341 -0.06340534886307637 -5.452654492068121 -0.004934041000212103 0.9999727489488661 0.005491502440648478 -0.830666736093321 0.06343257428057106 -0.005167531678073507 0.9979727476922884 77.09177285319484
0.9987952721182278 0.01048974822535858 -0.04793714193025618 -5.477030192692738 -0.010263851949221189 0.9999350432248917 0.0049560744544249885 -0.8349981432503503 0.04798601606132145 -0.0044580840057046175 0.9988380588211287 77.45922332482748
0.9994390292328718 0.01560209331130238 -0.02963446524501155 -5.491525562788541 -0.015444128848536277 0.9998653187124937 0.005551875365348057 -0.8398572031051881 0.029717094914580564 -0.005091082425963917 0.9995453842370389 77.88714983069383
0.9998719155716649 0.014015635336803113 -0.007727510411036595 -5.4841455577168 -0.013968788750994636 0.9998839263385167 0.0060833206968692495 -0.843458119834339 0.007811875055133032 -0.0059745975577125245 0.9999516382266427 78.233804149763
0.9997696983460643 0.01058111468285371 0.018670572596610095 -5.463226779668416 -0.01071204475623552 0.999918633685055 0.006926623026577317 -0.8471769154239006 -0.018595762048311083 -0.0071250278231175315 0.9998016961439716 78.61619236584885
0.9988023882912785 0.009433375778403216 0.04800833849508963 -5.42813314951249 -0.009859489305274515 0.9999140082550146 0.0086467662179963 -0.854653729080631 -0.04792264197928647 -0.009109748449487384 0.9988095077986155 78.98722213876918
0.9966667017380036 0.008988384788893095 0.08108449041323335 -5.380141753907977 -0.00986020198534912 0.9998977393821372 0.01035795323886319 -0.8626120364041922 -0.08098309739380867 -0.011122936544687835 0.9966534092748233 79.37961231003588
0.9929333427861846 0.008837589716842452 0.11834387940002451 -5.322212967557072 -0.01019398785293191 0.9998890537252195 0.010861070487670188 -0.8661654272229655 -0.11823476390260669 -0.011990715094631428 0.9929132708129218 79.71148932099864
0.987052035904949 0.009047665776999142 0.16014499105460858 -5.254397281089573 -0.01093313027624905 0.9998808620489777 0.010896254886633268 -0.869691990461501 -0.16002732603607311 -0.012506056619879394 0.9870333598564768 80.02815028630803
0.9786962821314238 0.008737660835005635 0.20512737658649716 -5.165675997411212 -0.011218266139037265 0.9998773009335528 0.010933141482032132 -0.8739883536404426 -0.20500667756675667 -0.013001398423431542 0.9786742184159525 80.34960666779119
0.9670072181884412 0.010823998436249012 0.25451892076877575 -5.064741772497693 -0.013566466138284683 0.9998672670561805 0.009022154184143023 -0.8811153222377204 -0.25438748194038424 -0.012177410539837712 0.9670257078819442 80.66444773777943
0.9515039793828662 0.011757323138825234 0.3074116825548068 -4.945179837118122 -0.014382391935927807 0.9998768776150196 0.006275062791655371 -0.8883343691785719 -0.3073000553543227 -0.010392062521323693 0.9515559263731078 80.95651513111704
0.9317200861186334 0.0119806441334618 0.362979538389193 -4.806141155747952 -0.014474830966061301 0.9998866123494204 0.004152314162304242 -0.8936558439370934 -0.36288863359381857 -0.009122861971216253 0.9317878583657686 81.23960657911334
0.9076127408329978 0.012433241812172894 0.4196242690498864 -4.645924765843848 -0.014791070122495899 0.9998878074947283 0.002365727798236797 -0.898746229755422 -0.41954777668609256 -0.008353856679640462 0.9076948144372826 81.51228076813108
0.8784608980999855 0.012812436127947293 0.4776424311028408 -4.494209921840721 -0.014777209849489666 0.9998907476060406 0.00035625959103710364 -0.9025714872838487 -0.4775856829705321 -0.007371182557726268 0.8785542562012156 81.7405370457913
0.845123744546766 0.010990865267770327 0.5344577226347434 -4.331890587297797 -0.011970807380907663 0.9999270124100628 -0.00163389820189625 -0.9091974918142077 -0.5344366718086443 -0.005017044284304287 0.845193630532524 81.94287664850349
0.8086075311246818 0.00996503054489 0.5882640213158409 -4.14918595397501 -0.01034119543528102 0.9999428178330256 -0.0027241037272085545 -0.9167167270167231 -0.5882575288811993 -0.00388062242258576 0.8086643435222047 82.13780629519366
0.769783890788151 0.0083128060926662 0.6382504670878978 -3.9256687599684166 -0.009202450259588326 0.9999558039411671 -0.0019248567719726438 -0.9221193639136961 -0.6382382598938071 -0.004391744441396357 0.7698263675586116 82.33508862422892
0.726473079939162 0.00784369867303069 0.6871501586369843 -3.7190292900231445 -0.01087876888256966 0.9999408206434767 8.716908134743899e-05 -0.9269518983735254 -0.6871088098047549 -0.007538673754434763 0.7265154175148091 82.52497149397217
0.6810247944551965 0.006515404651827839 0.7322313697455731 -3.5094287555254127 -0.009882311498708399 0.9999511256529355 0.0002936407129690378 -0.9302491474728081 -0.7321936692274108 -0.007436115091145085 0.6810558970713432 82.68805646805593
0.6349807570754795 0.004982829129757574 0.7725118831174783 -3.27679427133323 -0.006497991272956309 0.9999782730134414 -0.0011088780232966708 -0.9349513995848917 -0.7725006241118947 -0.004315659268015121 0.6349993392373061 82.83110565099479
0.5864496616642114 0.0026480431099914774 0.8099813468232571 -3.0624643113530143 -0.0021492410889095244 0.9999962229500041 -0.0017131399435514924 -0.941981752138539 -0.8099828239516398 -0.000736174851563581 0.5864531378975771 82.96741886522122
0.5376268388730832 0.004569118159213375 0.8431705078349104 -2.8252299084932506 -0.004877005769486277 0.9999854411179411 -0.0023091918240190842 -0.950738144233701 -0.843168783185229 -0.002870663930672569 0.5376412952429689 83.1134582440433
0.48947825126137817 0.007167040823140576 0.8719860521063053 -2.6055055250721804 -0.009465432748326785 0.9999509805896949 -0.002905512105179694 -0.9600846504112176 -0.8719641317881083 -0.006831540349429077 0.48952209646906075 83.22193792736496
0.4445916729206544 0.009086428902357663 0.895687267509935 -2.3819578010439373 -0.01050524046989203 0.9999326677959517 -0.00492948244134866 -0.9686798389327035 -0.8956717503038057 -0.007217803285780179 0.44465719270404747 83.30309657116072
0.40339646107938715 0.0069737600004050136 0.9149987223270211 -2.0940149457381594 -0.002961912437427215 0.9999756698438271 -0.006315599346142818 -0.9677690360298941 -0.9150205037393092 -0.00016245567006109227 0.4034073020469708 83.38143390840264
0.3642805824389789 -0.0005588560179609486 0.9312890769991171 -1.6204318270079836 0.012272433090830743 0.9999158684132781 -0.004200414425946992 -0.9666110423835045 -0.9312083787444941 0.01295931229926227 0.3642567934586546 83.49014979887363
0.3290732993751464 -0.004408187420022481 0.9442940916483716 -1.2489496895193548 0.01635467765799165 0.9998657209715182 -0.001031767807138715 -0.9687810714142977 -0.9441627445292778 0.015783152719739374 0.3291012062165179 83.57835144749147
0.2957894977176724 -0.00035757166967852194 0.955253079127425 -0.8913523029863044 0.013561215723831281 0.9999007269304936 -0.0038248806465919806 -0.9733892055840137 -0.955156880553147 0.014085752602186606 0.2957649828928558 83.67230553942551
0.2653129781837014 0.007376405206773554 0.964134125655512 -0.5087024245000924 0.00253289856509367 0.9999619508871546 -0.00834752674828295 -0.9870955108866288 -0.9641590159471382 0.0046567611254857855 0.2652841995740916 83.76835373374594
0.237789585310903 0.01185102335883229 0.971244390646873 -0.12209747769891782 -0.0021155313903733052 0.9999295124706228 -0.01168309108059681 -1.0024505241336734 -0.9713143866146559 0.0007234193870672171 0.23779789532244663 83.84475615585752
0.21210152233388785 0.013587421865214604 0.9771531743747764 0.2936288347783772 -0.0009176923192006533 0.9999056664013727 -0.013704602848418259 -1.0162097454844414 -0.9772472062198256 0.00201004116432462 0.2120939831066953 83.91552716825436
0.1884439747614433 0.014974329966838874 0.9819697743913257 0.7252734752713343 0.006437048711216222 0.9998434387161484 -0.016482186146128036 -1.0246951767193024 -0.982062845636672 0.009426955940833384 0.1883180812394063 83.97462243889339
0.16819419170901476 0.02120003812146138 0.9855258861435341 1.1648399363735247 0.013284086962371953 0.9996291784653831 -0.02377054046920075 -1.0238435520256821 -0.985664368286146 0.01708987841590312 0.16785019853072058 84.02248886652778
0.14843733931061676 0.02801544869022317 0.988524906582059 1.6181753591226333 0.015528997479394801 0.9994093628043144 -0.03065576253101731 -1.0224557544185566 -0.9887998819456187 0.019901260607274145 0.14791461486469676 84.07736779349541
0.13078923680310972 0.02881445866007205 0.9909913735792988 2.0607330579400562 0.012939806975846336 0.9994427915418211 -0.030767967604613644 -1.0356867591582104 -0.991325747134557 0.01684735608983523 0.13034350640094947 84.13090991271258
0.11505017811456368 0.02447968755999012 0.9930580050595084 2.547958590925119 0.010947359987442064 0.9996043519029892 -0.0259093605847217 -1.05908418831347 -0.9932993566015798 0.01385224001990426 0.1147366707784326 84.18580345256576
0.10042253388227781 0.02111606160054794 0.9947207782242928 3.0189202054166295 0.011206573671469839 0.9996873323533664 -0.022352857507592045 -1.079251191124246 -0.9948817655355879 0.013392142274134298 0.10015449630496202 84.22891958587854
0.0871104681916111 0.01872634443871972 0.9960226354633708 3.5081674024178633 0.01359614656824788 0.9997078350725696 -0.0199847264932462 -1.0929164362974881 -0.9961058734541891 0.015282948618560539 0.0868304114443171 84.26068812729159
0.07546736517122822 0.017919646061678576 0.9969872431877624 3.9916008824013054 0.017490349841837127 0.9996609026276208 -0.019291641198712333 -1.1054166796515115 -0.9969948668155331 0.018893545002298312 0.07512835350733756 84.28613187039093
0.06547547113877526 0.018437245773543793 0.9976838330089544 4.51542881775239 0.020616127712115417 0.9995908792693858 -0.01982547249406306 -1.1196724865218493 -0.9976411869792229 0.021866459469723112 0.06506857915265855 84.30974908831409
0.05762255202377132 0.018845562925157076 0.998160551342468 5.043587023576545 0.022682822034921495 0.9995390013603013 -0.020181039224546723 -1.1337818689738057 -0.9980807237307007 0.023803981130990606 0.05716851755569308 84.33462247035634
0.05213556279659214 0.019189637887631814 0.9984556279022229 5.596506845238221 0.02448535572967851 0.999490223553951 -0.020488054443089796 -1.1481473098932333 -0.9983397970864796 0.025515697478483226 0.05163912020467449 84.35806175498672
0.04683399500609587 0.02028506417849967 0.9986966972424817 6.172661254214791 0.02582757801544035 0.9994349416036237 -0.0215112462590264 -1.1605232796480338 -0.9985687322991966 0.026801374461663013 0.046283616986363345 84.37946538178464
0.0403211627276457 0.02118115533573508 0.9989622427774396 6.8655609480784205 0.02638132832609151 0.9994041848074958 -0.022255356771229147 -1.1752058739558453 -0.9988384400652796 0.027251312774014994 0.03973835175307509 84.41742499567755
0.03632723570050344 0.021053620057916354 0.9991181496844179 7.537311610601388 0.029026440429307757 0.999334006564893 -0.022113549668948924 -1.195086276986877 -0.998918313828695 0.029804167584653728 0.035691930351578846 84.43376680373846
0.033185044980387324 0.02102564023341897 0.9992280396598278 8.163581664382008 0.030508130077750113 0.999291491434251 -0.022040171194163453 -1.2115429894955416 -0.998983486744805 0.031215983083731115 0.03252008012455474 84.45304309678865
0.03012806646565318 0.020577162330370484 0.9993342183681436 8.797776381381784 0.03135148223378928 0.9992767003891694 -0.021521166814962876 -1.22902684838416 -0.9990542448599999 0.03197900013700624 0.029461150307680983 84.47081552874214
0.027757507144534066 0.020014874413518697 0.9994142912723082 9.457424537995198 0.033328315137698614 0.9992251379706066 -0.020936739423872565 -1.2461649710762497 -0.9990589292965668 0.03388994614678468 0.02706893686432184 84.48680950936769
0.026927822509846003 0.019604423359120816 0.9994451255369814 10.153515160122547 0.037712690092874944 0.9990759962191854 -0.020613267198573985 -1.2657363519993223 -0.9989257456792453 0.038246834684682 0.02616360555744566 84.50236446754217
0.027979045564823044 0.019195805096726325 0.99942418125437 10.820646117723987 0.04127627881058018 0.9989406737230265 -0.020342054697987038 -1.2839490606584427 -0.9987559470745755 0.04182166243076841 0.02715707522348546 84.51687509652409
0.030395948735569625 0.019151490284963053 0.999354444989528 11.553159993366249 0.04295268610430872 0.9988678199295578 -0.02044859568762804 -1.3028856873664365 -0.998614616885257 0.0435465122488165 0.029538927097549197 84.53934289840656
0.03420053941248531 0.01902514403878879 0.9992338900368603 12.357001639100051 0.04539782676393358 0.9987571862174283 -0.02056988828740078 -1.3252767496230784 -0.9983833734738405 0.04606654831162863 0.033294334317500174 84.56706633465119
0.03850219315548645 0.018633381877211582 0.9990847702782949 13.142006540847767 0.045738260861501207 0.9987453489819201 -0.02038968808850959 -1.3427368386720917 -0.9982111963986289 0.04648144755490569 0.03760162785861365 84.59896754501214
0.04249385044628655 0.017109915960326443 0.9989502106962473 13.957952734811865 0.04714415803590954 0.998705257736268 -0.019111162523997777 -1.3611235947009135 -0.997983818023786 0.04790677348521859 0.04163219928015018 84.63563689111224
0.046285098673493966 0.015534743978262792 0.9988074696208036 14.798695415066668 0.04693152123846248 0.9987411276576511 -0.017708535777027752 -1.3827582476446996 -0.9978251960914938 0.04769519529944669 0.04549776247596101 84.68378936024502
0.050173705996436994 0.013475112991848694 0.9986495984860946 15.669898546549412 0.043721011963732605 0.9989207953857118 -0.015675383849946968 -1.4046145885019603 -0.9977830787999211 0.044448463143656 0.04953041272508037 84.74094028584527
0.05437918260704852 0.012306588455591485 0.9984445164252101 16.451286777616186 0.04306249326705385 0.9989648414009219 -0.014658353197242137 -1.423409769818966 -0.9975913623185666 0.043792619531319035 0.05379293914605262 84.7869585800563
0.05836428914528577 0.013190425790496261 0.9982082059470502 17.322842763841436 0.040245438246395926 0.9990687411210727 -0.015554909678609839 -1.4468139565754143 -0.9974837915740389 0.04108117795559899 0.05777908241621179 84.84629414758655
0.0613668111987456 0.01719182787802871 0.997967211654525 18.180492658497787 0.03793633696674246 0.9990890196818482 -0.019543927156758047 -1.4753177686608774 -0.9973940789982879 0.03905856891099735 0.06065871226610057 84.90849751936786
0.06297231875175047 0.02240264552651398 0.9977638039859128 18.984937440460797 0.03248473555258283 0.9991722832038943 -0.024484493729603273 -1.4973968195278002 -0.9974864555607291 0.03395393866003734 0.0621924514902227 84.96150920360338
0.06306164648046526 0.02591157713745413 0.9976732024633219 19.820808003811425 0.030083742344183366 0.9991592714293981 -0.02785172819131153 -1.5147829110909568 -0.9975561123013288 0.031770119403673414 0.06222911154222513 85.01440642036617
0.06362889880738518 0.025386627546165753 0.997650681540583 20.614300636789416 0.027902367060438405 0.9992403393401588 -0.027206656314005703 -1.5436633093104901 -0.9975834908161741 0.02956794509593312 0.06287221543591225 85.0626237854168
0.06322539778257497 0.02361944667321046 0.9977197356041848 21.49118066841809 0.024912941147124536 0.999371015006061 -0.02523726865481003 -1.5789686852336204 -0.9976882751835038 0.02645176940407784 0.06259720007123637 85.13358622284298
0.06329497744644644 0.022325298199136312 0.9977451212059979 22.270497184809894 0.025915469905702995 0.9993758598966215 -0.024005813367902085 -1.609354053991656 -0.9976583254048553 0.02737648107788105 0.06267690191906392 85.1827438373584
0.06399338821888376 0.021562509413802014 0.997717346973603 23.14814895573309 0.023369457346739602 0.9994600046000757 -0.02309908370769479 -1.6447449844527653 -0.9976766584057111 0.02479430161540887 0.06345492793958527 85.24005192750754
0.06391330294228789 0.021849543901456474 0.9977162357796447 24.00018696272707 0.02162349613703546 0.9994952523574843 -0.02327369608936435 -1.6786557638266355 -0.9977211605061902 0.02306161195898504 0.06340857932515302 85.30562587958326
0.06426176998171705 0.022459540304936295 0.9976803064950744 24.823181409184404 0.01895420553796285 0.999538890325744 -0.023722243123384813 -1.7070694578091508 -0.9977530571294891 0.02043467092153078 0.06380643551466549 85.36182805930984
0.06303566365419722 0.023637224845353553 0.9977313198999433 25.623270448612644 0.015637520906752904 0.999573367434149 -0.02466882762204977 -1.7421051089579975 -0.9978887578520793 0.017157060294984462 0.06263914298957524 85.41944746767847
0.06033550427950362 0.023331268728225645 0.9979054458328541 26.422745148156118 0.012866182720539984 0.9996255637490602 -0.024149402509690356 -1.7686548969378937 -0.9980952300585049 0.014296300182378324 0.060012728112923026 85.47492245515252
0.056393170451828865 0.02194798164114912 0.998167368945844 27.2220475167517 0.010036319004493432 0.9996953700981567 -0.02254859874026473 -1.8013854323602763 -0.998358193549405 0.011289513106826035 0.05615571446059391 85.5257475670071
0.051458414639188585 0.019509568884294583 0.9984845558569088 28.036142071341843 0.007903216103214997 0.9997699016781822 -0.019941987704926466 -1.8326219209026162 -0.9986438658190654 0.008917422292709502 0.051292385805363334 85.57340896413437
0.045208978601578055 0.017549921514297302 0.9988233820394086 28.840965606791013 0.005953172780783762 0.9998231859752005 -0.017836942569887347 -1.8586650386450385 -0.9989598129993239 0.006752558125727014 0.045096507305050396 85.61569348089192
0.03792633086799641 0.017484195410571283 0.9991275675997207 29.651605016411075 0.0052307705941396325 0.9998297478000848 -0.017695040350613114 -1.8907832372749007 -0.9992668474766302 0.005897315055454788 0.03782841801151538 85.64807814221233
