1.0 0.0 0.0 0.0 0.0 1.0 0.0 0.0 0.0 0.0 1.0 0.0
0.9999916263298808 -0.002638958269196094 -0.0031278058401168663 -0.006483449468895714 0.002632249860677892 0.999994230928197 -0.002146944571933094 -0.006105925087090309 0.0031334534927119693 0.0021386934276406504 0.9999928037039225 0.8603968720650753
0.9999754085156571 -0.0011519561658762728 -0.006917756929571506 -0.024431656912835095 0.001126423153510022 0.9999925438452082 -0.003693700701006384 -0.010453622046917351 0.006921960331002429 0.0036858175458476363 0.9999692501343204 1.719525783914325
0.9999440807993392 -0.0011142808294665922 -0.010516351677174388 -0.051737228925317444 0.0010514705979063198 0.9999815891581513 -0.005976265917768321 0.006583903741234317 0.010522817300830776 0.005964874095169503 0.9999268426205401 2.5793612388897555
0.9998840801525039 0.00034418972727628537 -0.015221950959489404 -0.07422693415153503 -0.00044261927757381094 0.99997901409349 -0.006463393906188454 -0.004400603312418366 0.015219406879263792 0.006469382199489551 0.9998632490236855 3.4384271347809694
0.9998175476487924 -0.0007060619671291546 -0.019088553901583465 -0.10733112039484774 0.0005820549475502193 0.9999786976909675 -0.006501182685828702 -0.018633410649450604 0.019092737509145065 0.006488885942522101 0.9997966601932775 4.298107622609097
0.9997337464673505 0.0011233521109110885 -0.02304721793168013 -0.1457281178597742 -0.001295420155142751 0.99997139198843 -0.007452321205035415 -0.03524354349601198 0.023038187015845996 0.007480192828816854 0.9997066012857306 5.156486827350681
0.9996123442809501 0.0037875269962998987 -0.02758288963099154 -0.1862698487351157 -0.004003142400800233 0.9999618314860415 -0.007765978495990873 -0.05292270700157743 0.02755242297987737 0.007873386205031386 0.9995893525731476 6.0158877796117665
0.9994934615331913 0.003841229907036407 -0.03159217158095028 -0.22733173407564075 -0.004030624551266087 0.9999742735567445 -0.005933488888289101 -0.0660337286917632 0.03156856693177001 0.006057819530326877 0.9994832306769396 6.874252102035905
0.9993521190644147 0.0032317065467274237 -0.035845476622015565 -0.26584530303361903 -0.0033597382172038982 0.9999881885637872 -0.003512106494224837 -0.07282353986765112 0.03583370313790473 0.0036302624851044484 0.9993511729685987 7.7336693234141585
0.9992276514967097 0.0024700092200169166 -0.03921733722249286 -0.3086705609814884 -0.0024985654239931326 0.9999966479528295 -0.0006791567756627937 -0.08200370673497429 0.03921552824063085 0.0007766193127488911 0.9992304735181226 8.59315207822458
0.9991334430305033 0.003658939511223454 -0.04146052555943717 -0.364245100463676 -0.003708963363248786 0.999992483673257 -0.0011296848056384847 -0.09302495344806098 0.04145608048020953 0.0012824814397178678 0.9991395040896819 9.450415785309708
0.9990888781715995 0.0037902590145206614 -0.0425093807343422 -0.4301119933862023 -0.0039039144351618094 0.999989023130211 -0.0025909595072931826 -0.07777588079693702 0.04249909370677627 0.002754551812608228 0.9990927081499567 10.308187818406594
0.999030063030349 0.0008083332021879349 -0.04402589873030317 -0.47128354660927585 -0.0009425270560691401 0.999994973252647 -0.003027393629098781 -0.08831512880038833 0.04402323028044675 0.0030659528488173678 0.9990258030345381 11.16749462139964
0.9989693119492024 0.0008124968336885625 -0.045383407018782795 -0.5209455891775682 -0.000914524656910053 0.9999971011338794 -0.002227412958731196 -0.09762394944015877 0.04538146569238545 0.002266621435543765 0.9989671591192971 12.025600902005118
0.9989074347182308 -0.0003758702067588756 -0.04673109870558509 -0.5616772943187482 0.0002613047343076123 0.9999969457739476 -0.0024576742280969267 -0.10838889397594076 0.0467318797447662 0.002442778001230353 0.998904482045785 12.880434385150753
0.9988262774649735 0.002015045149612267 -0.04839428725075917 -0.6129037072616426 -0.002246311836434616 0.9999863146519727 -0.004724890675806904 -0.11889952914698561 0.0483841040900569 0.0048280536254124585 0.9988171345995187 13.742516900804127
0.9987568787292221 0.002439600438084609 -0.04978700172499493 -0.6585118190277174 -0.0028077918998819984 0.9999692171606979 -0.007326734311214186 -0.13113686060511973 0.04976759483548614 0.007457417832109523 0.9987329840470718 14.611959880509664
0.9986441496886096 0.005890752180906624 -0.0517219617904942 -0.7117021635811973 -0.006366453311942098 0.9999388954822619 -0.009037343300985747 -0.13953144232656234 0.05166556459520263 0.009354375471198318 0.9986206312181835 15.49192861923807
0.9985779309772449 0.006419399724851243 -0.052923596555577886 -0.7661539707335422 -0.006881799189659258 0.9999396859634319 -0.008559513728316655 -0.1513014324800949 0.052865457579767496 0.008911551072883946 0.998561879731225 16.382109374801338
0.9985060622605528 0.0055352248119234825 -0.054359956909535906 -0.8140840366789315 -0.00593037821064632 0.9999571341840281 -0.007110584275779257 -0.16749042063899452 0.05431826804311619 0.007422336609568257 0.9984960864600575 17.28241041431577
0.9984222843023385 0.0067301951956560135 -0.05574627055802929 -0.8656824293444628 -0.007055096873588351 0.9999592439718977 -0.005633471687473896 -0.18495278608171578 0.05570608419737387 0.006017879009888486 0.9984290747547457 18.186936713428107
0.9983649064650976 0.006033677451531312 -0.056842838382231795 -0.9205798307171329 -0.006369168726310369 0.9999633411462738 -0.005722766229295332 -0.19526856316379537 0.05680622526337601 0.006075450599771015 0.9983667370617556 19.098271905443468
0.998265464323461 0.005979881803184969 -0.058568795042115485 -0.9774767112226483 -0.006376095091715197 0.9999580211437453 -0.006580377015408096 -0.2085048968711892 0.0585269865143148 0.006942403323305634 0.9982616865760451 20.01150562091577
0.998218714922717 0.004359085743889077 -0.05950122309261881 -1.0356373496172604 -0.0048023294615015845 0.9999617620558197 -0.0073083553527464595 -0.22153301573823686 0.05946709014054202 0.00758108156507034 0.9982014788571097 20.92807711347827
0.9981813064213402 0.0042745162463478864 -0.06013158921770774 -1.092119746847922 -0.004619154458214905 0.9999736873838909 -0.005593563439713688 -0.23558441515091924 0.06010609722048653 0.005861147560218724 0.9981747863105936 21.85494774935487
0.9981795394416995 0.006234052851846323 -0.059989529294685755 -1.15005306182823 -0.006380424087643447 0.9999771165017668 -0.0022487021305848285 -0.25022340615621874 0.059974137996467974 0.002627367094767081 0.9981964735029525 22.789185880526045
0.9981871588670419 0.0058241771127696945 -0.05990387995699999 -1.2051852647333876 -0.0057509590776629056 0.9999824906343854 0.0013945946855236416 -0.25093411659564807 0.059910953444513075 -0.0010475617446878407 0.9982031758473627 23.724896002099662
0.9982557446220951 0.0038094380615394 -0.05891482420106639 -1.2596397803718036 -0.003561688970151047 0.9999843705386007 0.004309646180006003 -0.2550019167728083 0.05893032072428552 -0.004092292776944189 0.9982537104559948 24.667323571579644
0.9983230934837418 0.0033614140040983402 -0.05779015411768801 -1.3124608881512934 -0.0030702946863885054 0.9999821507134058 0.005125577540961807 -0.2574310625979831 0.05780635179279008 -0.004939549623470542 0.9983155946602889 25.61272698549061
0.998380965545085 0.002919572274988799 -0.05680601847512174 -1.3672365880917625 -0.002791064691022758 0.9999933638211106 0.0023414251277098183 -0.26190173171804576 0.05681247746010793 -0.0021790850073508234 0.9983824888254883 26.560563363755733
0.9983909196353112 0.0028928624494142467 -0.05663217227519434 -1.416870968092083 -0.0030276132341465504 0.9999927861111181 -0.0022937488585535334 -0.26677930313374226 0.05662512823705508 0.002461518346562688 0.9983924758227937 27.512562166475746
0.9984473718710057 0.001615240791863209 -0.05567976832806454 -1.4702612942187092 -0.0019058769127143077 0.9999848343732863 -0.005167074280729791 -0.27517141899168707 0.055670577840329735 0.005265170520818808 0.9984353082410055 28.471074707686064
0.9984796231759464 -0.0012433391051978112 -0.055108041248900654 -1.5214462191615654 0.001015775940374901 0.9999908428269022 -0.0041572180095271315 -0.2847474381325753 0.0551127054467479 0.004094920049191237 0.9984717428791522 29.43954539059841
0.9984535447687184 -0.0033620507628201648 -0.05549067987914729 -1.5739855215456993 0.003406165590215314 0.999993953694374 0.0007004360528763418 -0.29247324920506906 0.055487989463971404 -0.0008883633042600552 0.9984589595150553 30.41513148936709
0.9983860208524128 -0.007193072737082216 -0.05633482999961685 -1.6284867023209575 0.007442620314780865 0.9999633939113487 0.004221165732941445 -0.30505059947843044 0.056302404649683384 -0.004633631609654692 0.998403009154505 31.39436515657109
0.9982494157457089 -0.014684132166203375 -0.05729293347243941 -1.6771579545039113 0.014905228643934204 0.9998830154071859 0.003433607330947076 -0.31377162251970436 0.057235811538091534 -0.004281560785106373 0.9983515062916571 32.37373592319655
0.998124478808517 -0.017047272421778562 -0.058795538148784465 -1.7349276668495432 0.0170526968834471 0.9998545083269385 -0.00040952081196355674 -0.3202288432294057 0.05879396510041458 -0.00059386974314786 0.9982699619774706 33.35258185416454
0.9980393986763613 -0.016997677290759818 -0.060236514311898616 -1.7950368092733815 0.016781581958576812 0.9998508076866686 -0.004091561472353696 -0.33858040259933914 0.06029707452850378 0.0030726755496912886 0.9981757467842383 34.336407239469104
0.9979335131556313 -0.01538408606928743 -0.062386162060777725 -1.858931299961774 0.015119067326022938 0.9998745696850946 -0.004717912699067508 -0.35642548022867787 0.06245091771985455 0.0037649426101330576 0.9980409350738535 35.34758589158697
0.9978659075053737 -0.01566481856464491 -0.06338962137302244 -1.9243514567779159 0.015474256384100455 0.999874154535825 -0.003496066450469893 -0.3670436058487882 0.06343640932333344 0.00250769826808015 0.9979827320257401 36.405961188002
0.9978386162977461 -0.012400333747560215 -0.06453160115749558 -2.0006267392332218 0.012371134702728409 0.9999231115596513 -0.0008520534195459568 -0.3799691219346623 0.06453720517010247 5.1882674669481797e-05 0.9979153002419702 37.44772646839135
0.9977552525279028 -0.012585012121771058 -0.06577289352672057 -2.0743353048925024 0.012652896404290608 0.9999197593888487 0.0006156267756235238 -0.3977260439851434 0.06575986819911306 -0.0014464624569791196 0.997834428891285 38.491517886526296
0.9977435693128495 -0.01017279488106316 -0.06636478086428307 -2.143992295964158 0.010396887977000425 0.9999413535884057 0.0030321781244520285 -0.413384056307558 0.06633004308192621 -0.0037153234169471448 0.9977908206416105 39.52411534960322
0.9977533230502084 -0.010793912017394935 -0.06611957203150108 -2.2228863775869594 0.011218633054256293 0.9999187326970937 0.006055598552526532 -0.4187482144194245 0.06604883507422407 -0.006783764795167161 0.9977933312668226 40.55897615648798
0.9977543161570935 -0.004993186624037953 -0.0667936574625879 -2.297337821443558 0.005551563709712426 0.9999511593967186 0.008176732937578804 -0.4197537388190098 0.0667495672665298 -0.008529179825341284 0.997733305228025 41.58204762966648
0.9977441774823895 -0.005169272829002032 -0.06693156892237474 -2.3702489741147095 0.005697363409947191 0.9999541121830604 0.007701530910131357 -0.4323261323596227 0.06688868626431707 -0.008065491095032802 0.9977278444060939 42.60423516880517
0.9977440501108983 -0.005165910396312154 -0.0669337272089326 -2.4369061075100418 0.005581470572662302 0.9999662846711918 0.006023014788044071 -0.4383710423810504 0.06690035616160067 -0.006383015797236083 0.9977392442190416 43.61454017614818
0.9977574929994355 -0.003288291176483352 -0.06685186837046064 -2.516240038681052 0.0035529537556270533 0.9999863137068606 0.0038404320813928655 -0.44550658160296464 0.06683832495726603 -0.004069341482362556 0.9977555205443905 44.619301636804046
0.9976750660636554 -0.003198632222752649 -0.06807518862835242 -2.57820096751405 0.003475922630149223 0.9999861369375979 0.003955236337598242 -0.4601212414917425 0.06806159355136635 -0.004182664763115558 0.9976723534300872 45.62093659252603
0.9975694904487464 -0.005421119553754751 -0.06946742537775334 -2.643436275109588 0.005802170443828213 0.9999692028232205 0.0052847160028259114 -0.47180997971404265 0.06943663689991456 -0.005674933292440955 0.9975702223844477 46.62043791645967
0.997519704256497 -0.004556878080963116 -0.07024012017492148 -2.7144302275021004 0.0050084574265754755 0.9999678989931833 0.00625430550597042 -0.4835575175794955 0.07020936528867304 -0.0065905876301789994 0.9975105057995386 47.61546742827684
0.997512861778836 -0.0018307910820970184 -0.07046090256171875 -2.7883199546397153 0.002021212447403465 0.9999944954413976 0.0026313090172212983 -0.4945226759432349 0.07045569732846838 -0.002767181041305865 0.9975110713285567 48.60167895401613
0.9974309170048647 -0.0019482238752403214 -0.07160845080413315 -2.8588285427200613 0.0018295154981790688 0.9999968415607332 -0.0017232938219501944 -0.4983076895516241 0.07161158199535822 0.001587857766549889 0.9974313309856656 49.57967406826732
0.9973802393985173 -0.0010688339034769048 -0.07232921713557096 -2.9341849338945463 0.0008376618268519627 0.9999944444233185 -0.0032263671767692355 -0.5076370417935062 0.07233226375568241 0.0031573274429930968 0.9973755936974783 50.56122849689594
0.9973612003951267 -0.002717583311460476 -0.07254826453705737 -3.0062804882018064 0.0027381467559897434 0.9999962343426604 0.00018399140936252358 -0.5170140887461555 0.07254749133316896 -0.0003821536880990006 0.9973648858165318 51.54210236383571
0.9973179335672558 -0.0047751646394000955 -0.07303517774200828 -3.0716219392860356 0.005014901828867269 0.9999826218916034 0.0030994635727015587 -0.5253808745912384 0.07301910807991921 -0.00345741485192372 0.9973245490499849 52.51902985327373
0.9972738724573335 -0.006769151476508977 -0.07347790077461155 -3.140020206179945 0.007061517146098829 0.9999681481403615 0.0037199032686840543 -0.5358416275619706 0.07345037977812581 -0.004228627794106493 0.997289907909144 53.48916310563492
0.9972463983500582 -0.010101701573985957 -0.07346820130606661 -3.21555565829149 0.010316482707956367 0.9999435461168896 0.0025445557005705395 -0.5469581065008445 0.07343834939849211 -0.003295482436153757 0.9972943139480636 54.4515668507163
0.9971572372948551 -0.0129319994911617 -0.07423077191875588 -3.2821328876872347 0.013035252276229727 0.999914626455219 0.0009066416115986737 -0.5526535184320059 0.07421270988576541 -0.0018716810832585347 0.9972406783226075 55.41510265549876
0.9970589742751764 -0.014261667683831924 -0.07529944655979058 -3.3552544391706753 0.01445687377203083 0.9998933966988295 0.002047935256305927 -0.5644618878212544 0.07526221241814751 -0.0031305068200529968 0.9971588636265417 56.37325349315119
0.9968863977667995 -0.017011256079775775 -0.07699433170126546 -3.4199066713322135 0.01752388475233821 0.999828518519777 0.005987237905054935 -0.573205716901661 0.07687927816208308 -0.0073178358230593064 0.9970135535027317 57.335378633205536
0.9967720670110979 -0.01821087939189473 -0.07819085814978088 -3.487225715356862 0.019131464663899016 0.9997560164331044 0.011040591724243844 -0.580211023832433 0.07797072198100549 -0.01250085907373261 0.9968772718023919 58.297033013896005
0.9967327764045341 -0.016191262360451764 -0.07913037004896377 -3.5625596678380296 0.017272594205331886 0.9997663034997428 0.012999841378845965 -0.5819008063791244 0.07890139371601011 -0.014324154761529158 0.9967795085474218 59.248391287679645
0.9966415390217601 -0.015323737487327288 -0.08044144308600394 -3.6457622654275017 0.016102744371920084 0.9998294361823673 0.009044344472606086 -0.5880502907071291 0.08028912952593213 -0.010309297389543327 0.996718302263635 60.1883312493971
0.9965234270252161 -0.01394513100958091 -0.08213764490808365 -3.7214359879087753 0.014095280997080203 0.9998998772282253 0.0012484280477854694 -0.5926901804150797 0.082112011566726 -0.002401840981991369 0.9966202128776859 61.11255828882928
0.9965053011834657 -0.011940054800055007 -0.08267175941410694 -3.80585720762323 0.011686234836529216 0.999925399708604 -0.00355343959162489 -0.606167467207685 0.08270802034021706 0.002574899795627161 0.9965704958819749 62.02612385125069
0.9964776743446291 -0.007121196918674233 -0.08355556885789824 -3.8965047064856475 0.006928850903117839 0.9999726365021064 -0.00259177008735458 -0.6208836674757742 0.08357173899042572 0.0020036969503415382 0.996499748941588 62.93531037707771
0.9963564411485093 -0.0044942790002013705 -0.08516832532196307 -3.9681218816307626 0.004486865947559523 0.9999898951965088 -0.0002784579699637562 -0.637250361018116 0.08516871618057878 -0.00010469546673525301 0.9963665383898697 63.83392581650543
0.9962967547081224 -0.0018588352235560665 -0.08596116151889413 -4.051556522830563 0.0019841268816847227 0.9999970902541191 0.00137212383185186 -0.655017935589562 0.08595836084164864 -0.0015376003720821627 0.9962975439026802 64.71577050023237
0.9962213155875939 -0.0011972620766216259 -0.08684271375564961 -4.136179772079394 0.0013003979673939074 0.9999985148388858 0.00113105488212248 -0.6663853081105361 0.08684123061111103 -0.0012397110711206245 0.9962213929556062 65.5833795356408
0.9961121206694856 0.00101949588894572 -0.08808861267765968 -4.220134529256277 -0.0008187684951716009 0.9999969856530891 0.0023148008303287265 -0.6894682500331822 0.08809070707795226 -0.0022336769831824074 0.9961099527731071 66.43703547879811
0.9960027801812711 0.0018489762920493853 -0.08930309713471521 -4.300999110018944 -0.001574993997503994 0.9999938349831585 0.0031383737159071706 -0.7084924812545761 0.08930834935821351 -0.0029851771043457116 0.995999551933919 67.27910288514482
0.9958696999596313 0.0019116811861173086 -0.09077381878801354 -4.37843484782522 -0.00156043259064084 0.9999910194851477 0.003940304453012854 -0.7300850959912203 0.09078053619827593 -0.0037823833881578043 0.9958637395866259 68.10698367968045
0.9957649130639251 0.0019191838524073937 -0.0919160195185609 -4.456981742435937 -0.0014510945572771407 0.9999856387170624 0.00515913599473092 -0.7428867758419172 0.09192460081709136 -0.005003907769628275 0.9957533975195123 68.9227222434721
0.9956494247433776 0.004705321156084075 -0.09305956673551288 -4.537425508020081 -0.003952965693601867 0.9999580116507231 0.008267345266474657 -0.7599703985798105 0.09309455983250804 -0.007863516283953476 0.995626219040682 69.72608016751967
0.9955487518870837 0.0065711873709543185 -0.09401862641310996 -4.619669471981128 -0.005407561225732514 0.9999056670911081 0.012625973256490017 -0.7729456557246785 0.09409272499859929 -0.012061360438170198 0.9954903729754091 70.51874888405207
0.9953207392391176 0.009738404358132466 -0.09613422658479351 -4.682937340819793 -0.008409429353272472 0.9998635320835818 0.014219659183470321 -0.7743895164012417 0.09625958413815834 -0.013344687703323685 0.9952668043151295 71.29558507276667
0.9951092130782311 0.012491057014049277 -0.0979878948722641 -4.752543435240725 -0.01154014069590507 0.9998807181508785 0.010265214211085434 -0.7876006050475202 0.09810443007094415 -0.00908421514235121 0.9951346631666004 72.04890029881824
0.9949139467681051 0.012391321403087921 -0.09996346172577251 -4.8152350162425215 -0.012127886493297393 0.9999211968525789 0.0032425998996302805 -0.8027360613617733 0.09999576438789919 -0.002013762346643767 0.9949858249571657 72.78005779145234
0.9948119084608743 0.011350098245333872 -0.1010962019774087 -4.9011446917402965 -0.011700441737227278 0.999927419708706 -0.0028731477233345914 -0.8028131071928176 0.10105625387668712 0.004041111791032143 0.9948725058860072 73.49088232561512
0.9946119120767176 0.01310596944740299 -0.10283665649923703 -4.9509383742237905 -0.013517263975120649 0.9999031802118781 -0.0033036005806439876 -0.8266593222482309 0.10278340298766712 0.004675870722471071 0.9946927708107975 74.18698915205985
0.9944498274027159 0.015871087861875754 -0.1040079292592233 -5.016993275351979 -0.015970416293501846 0.9998724572966173 -0.0001222417010760808 -0.8286537489644097 0.10399272369797405 0.0017826131666314141 0.9945764604635358 74.86378306769633
0.9944113304568944 0.01601642125205259 -0.10435315093100175 -5.113544702533765 -0.015838585640535096 0.9998713541263967 0.0025326670429297923 -0.8520214586313924 0.10438029059098759 -0.0008657064858837848 0.9945370810022227 75.51610104137292
0.9944326969826757 0.01308019431450914 -0.10455869016231654 -5.194539127523224 -0.013171604800209954 0.9999132337629993 -0.00018377324508854617 -0.8752717574116214 0.10454721420846973 0.0015599558689923004 0.9945187009498291 76.14439829883969
0.9946435401836505 0.0049917547733341686 -0.1032439361668282 -5.277123336401553 -0.0055538320821158305 0.9999712775983428 -0.005157414811578511 -0.8905850954688416 0.10321522620302107 0.005703188811351313 0.9946426950001904 76.75283557834173
0.9948376105879692 0.0011017063106074673 -0.10147371483703528 -5.347601081388485 -0.0020633508149325314 0.9999539501058636 -0.009372313006485528 -0.9108874916119849 0.10145871644682503 0.009533305349257844 0.9947940716279331 77.34507051187168
0.9952749903692968 0.0036321274287223655 -0.09702835253543367 -5.435509762751424 -0.004567156364345848 0.999945235697427 -0.009416299100911558 -0.9233256478225255 0.09698883764713563 0.009814950654778394 0.9952370733224836 77.92270202091356
0.9957098794841328 0.008624455834490232 -0.09212738278739596 -5.514363382733556 -0.009216110721141844 0.9999395380408536 -0.005998630328420812 -0.9416956935906392 0.09207007766300654 0.0068219516415994694 0.9957291608539585 78.489543631729
0.996333005067579 0.0072277363531056855 -0.08525434206080182 -5.598755636813925 -0.007425657029933081 0.9999704200720778 -0.00200464424353956 -0.9683244064282903 0.08523733120343435 0.002630362727713365 0.9963572043003641 79.03949073255018
0.9969166144556539 0.0035544337081079664 -0.07838768923303088 -5.649075356793918 -0.003343191338181929 0.9999904186024337 0.0028259113579596753 -0.9873827986337786 0.07839698268400272 -0.0025551329400649264 0.996918945753216 79.58090319278503
0.9974602963207446 -0.000845332950394473 -0.0712196789935033 -5.6585278419102405 0.0013666863485668366 0.9999726251203206 0.007271944609013815 -1.0154857958619343 0.07121158214896842 -0.007350810987564625 0.9974341462701518 80.112056143045
0.9981350883093352 0.0028251271792769225 -0.06097839078016701 -5.674451324612792 -0.00237199565131839 0.9999690453835025 0.007502127127294651 -1.0289515757844867 0.060997697680715286 -0.007343495844955083 0.9981108926098483 80.624274349116
0.9989468058446958 0.008031140056221658 -0.045174991777303664 -5.706901174490006 -0.007682305990855691 0.9999393619156329 0.007890162635641096 -1.046371485406341 0.04523561945353398 -0.007534804652501123 0.9989479292993728 81.12494502634756
0.999555302339478 0.0132211785873445 -0.0267282248157042 -5.722885321123728 -0.012978775808845731 0.9998732412797938 0.009222404845809069 -1.059438537875428 0.026846767841604186 -0.008871404026298222 0.9996001947013927 81.61260505845512
0.9998909494917058 0.011481430655241123 -0.009287942435576879 -5.644128043073304 -0.011370846728915222 0.9998648630514659 0.011872635753603356 -1.0945520321636744 0.009423002135477674 -0.011765729266777629 0.9998863808681349 82.07934274542588
0.9999282641516077 0.008450619691666697 0.008488437876429627 -5.498815828956181 -0.008589390784265825 0.9998278436546786 0.016447048938576424 -1.1509135267230648 -0.008347988782357435 -0.01651877960563582 0.9998287058309694 82.51242990061047
0.9995567856044977 0.008109772078997013 0.028643741879044924 -5.3375535234815485 -0.008743072602452787 0.9997185511456692 0.02205396056651089 -1.213520295564333 -0.02845682753707599 -0.022294620248564323 0.9993463658184275 82.93329606141619
0.9986764245855861 0.0081626600884947 0.050781590731603626 -5.143352079430596 -0.009495081230738434 0.9996154788399669 0.026052598641253432 -1.2500772053899785 -0.05054940562829693 -0.02650029139123291 0.9983699174889068 83.33777944789004
0.9971399273286067 0.009463567762622244 0.07498270608817452 -4.8937750643401206 -0.011737274100274468 0.9994827628383144 0.029940661077904236 -1.3056093792237466 -0.0746605767711338 -0.030735121185529048 0.996735245991589 83.69306549326188
0.9929736430454567 0.009819481215336722 0.11792761341474642 -4.832161609234785 -0.013344907114443208 0.9994861821265562 0.029142498042970037 -1.29230326901012 -0.11758085588710074 -0.030511465496420757 0.9925944755045328 84.12722024889558
0.9876123186841868 0.009409772535065189 0.15663130007787415 -4.660864698556796 -0.014377377583760183 0.9994279173015302 0.030612564938872273 -1.311878247487866 -0.15625363674827142 -0.03248529358280468 0.9871826106165867 84.52318795586903
0.9851686939932905 0.008829646767530421 0.17136126083078762 -4.266031356718653 -0.014443121889682645 0.999398159805271 0.03153909332740444 -1.3628523053714783 -0.17097964968275142 -0.033546318960440254 0.984703307539164 84.63364164060418
0.9786623986900798 0.007952290885193157 0.20532089630590286 -3.8712888700817896 -0.01313845368825273 0.9996278288325288 0.023907840936462255 -1.312956179798401 -0.2050543596826552 -0.026095304045724615 0.9784026495681105 84.75725173601745
0.9648806874714676 0.008076153466375142 0.26256434390407646 -3.732447825601785 -0.013978575677128359 0.9996896645567618 0.020619747826413785 -1.299484929077404 -0.26231633263414883 -0.023565872009617062 0.9646941439180597 85.12888228589985
0.9470845136768493 0.008519171791233173 0.3208712322185955 -3.5600053659565436 -0.014880378274017416 0.999738259072683 0.01737779297667876 -1.2839602182363499 -0.3206392026810049 -0.021232923922757496 0.9469633913968275 85.4930366474546
0.9243303522026936 0.012649747043255333 0.3813835128798683 -3.365066498479312 -0.020639910945813984 0.9996446839434453 0.016867126007576082 -1.2991533083986273 -0.3810346363166948 -0.02346251826527213 0.9242630124394556 85.83838942551819
0.898976853109207 0.011089859771852971 0.43785572119604693 -3.121198638887016 -0.019217476989773302 0.9997153958694268 0.014135623077171417 -1.3033767552064108 -0.4375743435714864 -0.021122080197579003 0.8989341197085086 86.12794132557478
0.8702907963079349 0.009552163247518184 0.49244561734164705 -2.8670519505404015 -0.016894649602748127 0.99980251761691 0.010464061433584852 -1.2842401384204905 -0.49224841358454713 -0.017426472511045753 0.8702803096585144 86.41954770402063
0.834198667546926 0.0085391314658875 0.551397920105566 -2.6260788760887976 -0.01732660600610398 0.9997923068496095 0.010729952872324656 -1.2962654422349515 -0.5511917740562217 -0.018504766903188807 0.834173364364156 86.70476075975193
0.7935793905185379 0.010084425222956444 0.6083831484452467 -2.4108284892847642 -0.019126259390067245 0.9997819884273617 0.00837626515648474 -1.2627852452688377 -0.6081660440586698 -0.018283325303414328 0.7935992583602122 87.02604448423034
0.758735369883331 0.010493564654978544 0.6513144582986311 -2.0689895675538765 -0.02245186698270928 0.99969742638432 0.010048350588767088 -1.2949407521656824 -0.6510119447114605 -0.02224726458232173 0.7587413966969297 87.19698139636793
0.7173577787313224 0.00848666107483392 0.6966532809636846 -1.7793659273224574 -0.024437548030562577 0.9996170058122199 0.012986452066027367 -1.3579919026278218 -0.6962762551889292 -0.026340430421885164 0.7172904280591456 87.42838257614405
0.6724765556984872 0.006038351391147464 0.740093791588863 -1.4956073832100656 -0.01982812433336522 0.9997547861648513 0.00985966662164816 -1.3513132166069166 -0.7398527742201972 -0.021305066368036883 0.6724313843253695 87.68155230093413
0.6268066792439361 0.007337582444768092 0.7791402612746042 -1.2111615384195606 -0.02453330448009291 0.9996457189782224 0.010322475468445138 -1.3852222527251272 -0.7787884846519486 -0.025585081832502025 0.6267646286774223 87.91730425378208
0.5837411830073118 0.00960005840299584 0.8118830396922243 -0.8795212588466224 -0.029992181527808463 0.9995026212631002 0.00974572395420289 -1.4083443688635544 -0.8113856668122927 -0.030039123936087146 0.583738769249332 88.10193257143916
0.5412802583255065 0.011172735458704517 0.8407680131459838 -0.5404638187741424 -0.03142073218732591 0.9994821071135233 0.0069465925978681045 -1.416252863944097 -0.8402549729313636 -0.030177600008586113 0.5413509886587778 88.27583460001968
0.5046925104806005 0.005831857593645473 0.8632794792544295 -0.1811512002314266 -0.025741096623003636 0.9996342207306871 0.008295823575392082 -1.4538451802144845 -0.8629153294555819 -0.02640860051491325 0.5046580228326993 88.3817489704287
0.46752949407313643 -0.002870821660911067 0.8839728109815996 0.1840789026735331 -0.01089361068336416 0.9999000795277474 0.009008895974565802 -1.4455974748970206 -0.8839103469345733 -0.013841580234658774 0.46745150469178187 88.51367724842919
0.432546737653017 -0.009823671583139331 0.9015579932663017 0.5400952238176419 -0.009424066933756154 0.9998367536407012 0.01541599921019485 -1.492989751000503 -0.9015622589195719 -0.015164483039235673 0.4323835470343344 88.65401333136607
0.4000181164126706 -0.00469043647987789 0.9164952298551746 0.8949434762397847 -0.01235822460438675 0.9998683873299223 0.010511056221190095 -1.480956413437167 -0.9164239089124027 -0.015530866810507353 0.39990750349277965 88.80467237105317
0.36553008376378154 0.004084059877071578 0.9307905663029494 1.2335543107532865 -0.02472725017470933 0.9996800563256054 0.005324291842949598 -1.4911542020770812 -0.9304710210223859 -0.024962080036568517 0.3655141222959897 88.99503847687049
0.33915598596096513 0.01015149992498556 0.9406753766502666 1.611958397448572 -0.02910380320871271 0.9995763513899376 -0.00029390604936649356 -1.4796594700099097 -0.9402798444216677 -0.027277551049358188 0.3393077502550088 89.10295856411228
0.31851902529991744 0.011266762326393563 0.9478495084076761 2.0108189049867784 -0.028233736150555494 0.9995984815805921 -0.0023941104304150895 -1.4963593493895797 -0.9474959032444271 -0.02599876321005979 0.31870923683912233 89.16612334974727
0.2945029621638458 0.013497823627975754 0.9555552386094854 2.404814025659587 -0.020221181608741284 0.9997643971550165 -0.007890120126463883 -1.4796794104933588 -0.9554366065266015 -0.016998792268034232 0.29470651837100825 89.28318901212592
0.2706094539182337 0.018048840782635054 0.9625200064395963 2.805938641848426 -0.013918617723204539 0.9997930819954752 -0.014834597219397658 -1.4848486884338612 -0.9625885910038368 -0.009382565767930874 0.27080467486522414 89.42096082751412
0.25125646883111297 0.022372618713607614 0.9676619517178596 3.225186553526318 -0.011998280610464974 0.9997280115650128 -0.01999860381765786 -1.5011112863890856 -0.967846179996033 -0.006585501056003879 0.25145656293469226 89.51318601038467
0.23228637227448828 0.021285909176306836 0.9724144956375844 3.658842555656016 -0.01508298116410938 0.9997191214915965 -0.018280640122026043 -1.5309902898443197 -0.9725304853498228 -0.010420565944607637 0.2325421829918888 89.63105231157698
0.21607032375234173 0.01627913237291046 0.976242083216425 4.113996119139263 -0.01721225697629051 0.999769128376387 -0.012861887703553813 -1.554432815217479 -0.976226076994126 -0.014024257367217066 0.21630063985563627 89.73921062864986
0.19946643516314444 0.012171919968017366 0.9798290593810745 4.574862895367214 -0.01675032483913467 0.9998191038561238 -0.009010337514098247 -1.5771142494099648 -0.979761485189682 -0.014615195127902759 0.19963423606757125 89.85403119079716
0.18342906536856793 0.008632625171887775 0.9829950436094056 5.04934662837109 -0.014224799490760134 0.9998800531648222 -0.0061265294055408166 -1.595261400851112 -0.9829300244968928 -0.012859123832943336 0.1835298609948466 89.96598844002557
0.1685056332134822 0.007078084475403625 0.9856752773076356 5.536034637139729 -0.010604534326060107 0.9999293641379019 -0.0053675493938626926 -1.6050480279989654 -0.9856436452527109 -0.009548165003140097 0.1685687904625942 90.07220818417076
0.15406155877958883 0.006993798617273495 0.9880364987627259 6.039036900858962 -0.007408816497860571 0.9999550131623418 -0.005922929140114407 -1.6149568246379216 -0.9880334738987872 -0.006407685416654537 0.15410644380783325 90.1827988235126
0.13916757323377962 0.008052681791328101 0.9902361036016561 6.55348783207464 -0.004978841941466614 0.9999599872174663 -0.007432031819327614 -1.6163479335184894 -0.990256329287091 -0.0038959312120742835 0.13920209778178022 90.31285874898971
0.1311718979933327 0.006378707751640634 0.9913391171865699 7.090574699189801 -0.003331501020397094 0.9999764894496241 -0.005993467189674622 -1.6404240963287091 -0.991354040833939 -0.0025164728136361767 0.13119006474120065 90.40966270421028
0.12262647084906435 0.008084099404206305 0.9924199695612379 7.647576868573759 -0.0016541643799917315 0.999967100131122 -0.007941183511006755 -1.6408575911247354 -0.9924515163912588 -0.0006678264553210684 0.12263580888353139 90.49928920289076
0.1155218813509933 0.008957855475358833 0.9932645426845818 8.226577293690168 -0.0011186554351065548 0.9999598740503862 -0.008888132489451066 -1.6454384181530388 -0.9933043056078766 -8.434699229439857e-05 0.11552726667951752 90.57743375280053
0.10981776630836157 0.008183821485838138 0.9939180465556161 8.824830706554419 0.001290522958890663 0.999964086321217 -0.0083761935425845 -1.6588325087185531 -0.9939509005748404 0.0022025289233489932 0.10980326093885898 90.65453474480542
0.10480174575848816 0.008508307497525515 0.994456737515264 9.439066678446038 0.0025103187255657647 0.9999579527124631 -0.008819926699917272 -1.6623113877684998 -0.9944899659553488 0.003420747085562905 0.10477598056571619 90.73549036888978
0.10046474726443251 0.008383576642945147 0.9949052971010696 10.073958351073589 0.0030361803701466857 0.9999572595334268 -0.008732738124743908 -1.666579483924117 -0.9949359859638485 0.00389804426184216 0.10043499930342553 90.81499020275095
0.09735126616022305 0.007846532984607033 0.9952191532005024 10.725057198983198 0.004862963198017976 0.9999532336847968 -0.008359547371084467 -1.673007696892188 -0.9952382039320726 0.005653526637078147 0.09730855599908837 90.88641486934779
0.09576609931294951 0.007907210164858005 0.9953724580526593 11.395109357186437 0.008672061122659565 0.99992387062299 -0.00877771691381575 -1.6735700168464327 -0.9953660882199418 0.00947253850575405 0.09569023688961095 90.95945112339234
0.09472904250207335 0.007196001145911351 0.9954770846554684 12.072340754654801 0.011356980451154639 0.9999009873138507 -0.008308704099626706 -1.6960448629720584 -0.99543830923954 0.01209268937379532 0.09463793828077845 91.06928172862908
0.09728440991262256 0.007344882859576748 0.9952295193992862 12.77647285500704 0.012990701534489843 0.9998782104641025 -0.008649041145837262 -1.6999632127479414 -0.9951718370520724 0.013770146509012739 0.09717714650845484 91.13862914330551
0.10081995354370606 0.007300415749503467 0.9948779025073035 13.49586979589868 0.015303752077776539 0.9998433895414078 -0.008887719768714318 -1.7078514534432758 -0.9947869782721267 0.016121424261821442 0.1006924403318514 91.2148719753145
0.10512239037412537 0.007884356276542217 0.9944280365959806 14.230778620057972 0.014949167329175275 0.9998430517767002 -0.009507586971243077 -1.7022620330199605 -0.9943469240854502 0.015865331385003595 0.10498802704046643 91.2956087135889
0.10795580719411907 0.007245114237167589 0.9941292934084373 14.982645481023104 0.015487207621450848 0.9998398430241229 -0.008968539545766489 -1.696532591708722 -0.9940350547607253 0.01636449269559838 0.1078263107300785 91.40248949963949
0.11249059129597838 0.005442772315411385 0.9936378832851563 15.750013584447 0.015697573557860646 0.9998504721031807 -0.0072539382020340056 -1.7101903089611992 -0.993528788236294 0.016413703560317097 0.11238833249567025 91.48641073607166
0.1159850086785996 0.005458196086203646 0.9932359668564726 16.52984388042739 0.011345797785035814 0.9999123778326351 -0.006819789564441837 -1.6947277011773083 -0.9931861611170627 0.012060047784596191 0.11591291823169238 91.5997321925026
0.12236449067161947 0.00324917339341122 0.9924799112802923 17.322286094971457 0.012057134677056441 0.9999159801286686 -0.004760061627750251 -1.718059361266407 -0.9924119895114409 0.01254892647122478 0.12231503390166441 91.6660788459674
0.12924547823867102 0.004424207692872701 0.9916027595469618 18.123245080909523 0.010273938688289535 0.9999303979563354 -0.005800467801003952 -1.722714550653303 -0.991559404442663 0.010937350189673064 0.12919102845067057 91.73019716497737
0.13295650488832123 0.007706390517510984 0.9910919126665677 18.92274064499284 0.006954579474217579 0.9999378991205169 -0.008708141407916179 -1.7717190407936196 -0.9910974733255153 0.008050431518563873 0.1328946534671215 91.81567493526394
0.13338141951178817 0.011816172504004581 0.9909943365107482 19.7206533231184 0.00017565813640822107 0.9999286244645766 -0.01194634339852287 -1.8246426366585626 -0.991064763813769 0.0017674964588129437 0.13336982373471362 91.94888697157107
0.1334094222073791 0.013664027911846888 0.9909668109515674 20.527824103408328 -0.003499910353282374 0.9999052115812025 -0.0133160985377168 -1.8753560266940972 -0.9910548303165745 -0.0016918019894351854 0.13344459941195178 92.05595773066727
0.13352048142665066 0.012595291155526833 0.9909660133830548 21.338983640890614 -0.006698028170358968 0.9999078676426634 -0.011806466233694699 -1.9153548208957185 -0.9910234192279345 -0.005061113218037521 0.13359254348491784 92.16891607827192
0.13364741959400755 0.009919461585734339 0.990979299237736 22.150591766048976 -0.00995056425221586 0.9999129316606624 -0.008666912301276877 -1.9584385494116865 -0.9909789874194749 -0.00870249272476764 0.13373448737498314 92.28120641294137
0.13361239039017977 0.007868893613698956 0.9910024266607627 22.961830855738356 -0.00927532704981402 0.9999346088654448 -0.00668926761499356 -1.990315867476008 -0.9909902610229543 -0.008298102578438916 0.13367663988616893 92.39016700435357
0.13369995246324531 0.006570717383719786 0.9910000748659866 23.770982446226473 -0.01210449279907332 0.9999142531741699 -0.004996754268058854 -2.02111167904054 -0.9909479320153027 -0.011327487461986389 0.13376802331796414 92.51582542714388
0.13427793728055448 0.005930891566932344 0.9909259609501119 24.58101048304043 -0.013771754312803865 0.9998966834178362 -0.0041184066281965 -2.0545983075477983 -0.9908480076897915 -0.013093777729467156 0.13434574292453053 92.62030930336464
0.13383452873188917 0.005658593090844317 0.9909875373804391 25.384354932519734 -0.01890277726557073 0.9998163449862656 -0.003156154297418362 -2.0996648321241382 -0.9908233969435539 -0.018310014269058716 0.13391691247450974 92.7445029480136
0.1330462265349953 0.006191193847707626 0.9910904957285891 26.189457872787386 -0.0221540656001482 0.9997492166330169 -0.003271271778645492 -2.130189395797224 -0.9908621997947975 -0.021521453491935304 0.13315002086898597 92.85113294167417
0.13054858016722046 0.005024701336823921 0.9914291808257412 26.995173091856692 -0.02645078505767958 0.9996488627655171 -0.0015833955403620644 -2.163449460993644 -0.9910890092146908 -0.026017370122295606 0.13063564699485444 92.9588395451811
0.1266362298354499 0.0031607753349761052 0.9919441893535877 27.79883174075784 -0.0297126382533034 0.9995582970493311 0.0006082169563103455 -2.188464240558136 -0.9915041222410996 -0.029550301167998543 0.1266742092131983 93.07102444346071
0.12195787898743086 0.00020916792756357815 0.9925352547903105 28.605808330244237 -0.032217680935382034 0.9994738478943099 0.0037481209270904493 -2.211107435434907 -0.9920122462893464 -0.032434297034408636 0.12190044949814849 93.17343293190655
0.11607551716209814 -0.002072617710405553 0.9932382285088402 29.413178008359665 -0.03479155305824445 0.9993756593695617 0.006151365331797788 -2.226707146518949 -0.9926308589558096 -0.035270323438783405 0.11593093691149385 93.26872029887251
0.10888141543235433 -0.0022286440371797256 0.9940522473789815 30.21627081240936 -0.03572949773585418 0.9993425491481756 0.006154059925477275 -2.2423154076194054 -0.9934124220911434 -0.03618705027738951 0.10873020292095019 93.35610849857704
