1.0 0.0 0.0 0.0 0.0 1.0 0.0 0.0 0.0 0.0 1.0 0.0
0.9999998503159508 -0.0005016368924978187 -0.00021846854224123998 -0.00844104393222621 0.0005019958408107586 0.9999985192146524 0.0016460767534392812 -0.01815714933907114 0.00021764248590884123 -0.0016461861773473972 0.9999986213504586 1.3106172576516144
0.9999922944411918 -0.0023276565744568926 -0.0031611822333336187 0.07010815457806377 0.0023348908381735788 0.9999946596099636 0.0022867086230538586 -0.051046963027858036 0.0031558426790272228 -0.0022940720181204967 0.9999923889163161 2.6227287651079925
0.9999876631282808 -0.0036302114946671895 -0.0033904506697879488 0.07483181273230709 0.003633920080544163 0.9999928050732294 0.0010883136598517826 -0.06257564934409193 0.0033864754669859316 -0.0011006208602368185 0.99999366018872 3.9392691934335806
0.9999898976236713 -0.003685272560839323 -0.002573599959604233 0.048411484183575174 0.0036884873019651836 0.999992421872993 0.0012454950858401632 -0.08748861468291902 0.0025689904676724352 -0.0012549751941514338 0.9999959126542662 5.258236832117024
0.9999874787838631 -0.004247136841567772 -0.002646526807382223 0.0395085050061067 0.004252953265081539 0.9999885448791942 0.002196018878830578 -0.10771987878673756 0.002637169698412917 -0.002207246936830144 0.999994086680987 6.578778220130783
0.9999809193592738 -0.005551128910260471 -0.002710329353317324 0.04289582634740453 0.005560655433335875 0.9999783437581115 0.003520103114282353 -0.13004702428748813 0.002690730111604521 -0.0035351071561041695 0.9999901314457363 7.9058136116675275
0.9999835062694812 -0.0051245616535836635 -0.0025934642571902255 0.01726637431129512 0.005135147681007839 0.9999784437053404 0.00409174570799172 -0.14687564431616476 0.0025724399485591853 -0.004104996041806755 0.999988265711257 9.235746247839842
0.9999859443544615 -0.0042302624026134645 -0.0031962436579193415 0.02042344071518749 0.004237739608517331 0.9999882917199715 0.0023362332894681444 -0.16573009445632877 0.00318632335555545 -0.0023497453005487763 0.9999921629895386 10.566385149069205
0.9999927238496688 -0.0014215034438570138 -0.003539996564852979 0.020223233622246428 0.0014219759196896636 0.9999989804171744 0.00013095455154589616 -0.18479013303150107 0.00353980680318732 -0.00013598738857190096 0.999993725617929 11.900949548808672
0.9999920877779163 0.0020136070615400033 -0.003430709571755829 0.00576708993186544 -0.0020162686841563126 0.9999976689178864 -0.0007725408632342321 -0.2046691709407011 0.0034291459807526035 0.0007794519829933144 0.9999938166871075 13.238614037765931
0.999963377018395 -0.006991571427125587 0.004935843488849809 -1.1399600365641114 0.006965681686709825 0.9999619938673668 0.005243100174363817 -0.6383317732067176 -0.004972313405896141 -0.005208526641803823 0.9999740733387115 13.778017226079541
0.9999699413387818 -0.005990386599524121 0.004922569176872268 -1.1367156905669846 0.005960638204302833 0.9999640188420883 0.00603587718362082 -0.647406932033847 -0.004958549294930451 -0.006006354099334407 0.9999696677896398 15.12834535629539
0.9999480477107142 -0.008523179153307312 0.005590822537996161 -1.1370680310158934 0.00847394228717816 0.9999256186924916 0.008772079830354176 -0.6561990848292252 -0.005665172693246902 -0.00872424779320035 0.9999458951957341 16.480006275449895
0.9999013088266225 -0.012827809205780458 0.005728867059613678 -1.1333254990869888 0.012766455239490456 0.9998620990063952 0.010620762267480698 -0.6675936632975841 -0.005864318155141054 -0.010546576767100803 0.9999271870946757 17.832542547087506
0.9998737253703021 -0.014966617265721143 0.005341692778001893 -1.1156331976504898 0.014921405900993993 0.9998533374080156 0.008405671893991343 -0.6816664969225855 -0.005466713825591986 -0.008324904904746593 0.9999504042692695 19.184467670993147
0.999854724844363 -0.0162209058104383 0.0052355917613710395 -1.1086453736114277 0.01618700220280687 0.9998481500147213 0.006454290962196891 -0.6908708004047516 -0.005339491182610046 -0.006368604778698517 0.9999654647572002 20.539187324058503
0.9998881490113081 -0.013806455062935855 0.005750762152536586 -1.105630203417742 0.013778784540081081 0.9998934324748375 0.004823773448698762 -0.7054136906241045 -0.005816748519399387 -0.004743995392228244 0.9999718295754038 21.903906025684886
0.9999173136091949 -0.011138906972687258 0.0064257836895253995 -1.1031138846182462 0.011094679171366622 0.9999147974285354 0.006877934103677776 -0.7142455768902728 -0.00650184886437651 -0.006806073383670648 0.9999557006820056 23.27046218871538
0.9993933106925352 -0.03389893440665211 -0.00799204536443599 -0.13566865051349508 0.03402225901837308 0.9992956056955412 0.015835982093548015 -0.7089332324422231 0.007449592894946225 -0.016098282010014058 0.9998426620633996 24.249992864147494
0.9993139223666784 -0.03623092925127951 -0.007681427582995795 -0.13951770489702273 0.036363096307241695 0.9991796117432812 0.017827750937654083 -0.7056446951575569 0.007029209847080302 -0.01809484020746088 0.9998115657296589 25.621734775884732
0.9991523629723746 -0.04040601564176905 -0.00786825690208077 -0.1606850050591521 0.04052751827109604 0.999051125870517 0.015948923463272417 -0.7002236649324398 0.007216358465735882 -0.016254285490554903 0.9998418486809229 26.996188050774993
0.9991453235993527 -0.040580028355363194 -0.007866614787989255 -0.1622437500626338 0.0406852709255593 0.9990778806265282 0.013714852260132712 -0.7034043618434932 0.0073028117364837995 -0.014023185853483926 0.9998750017873534 28.371779146686787
0.99871048724049 -0.05076099946367423 0.0008268066954498905 -0.34449759326783347 0.05074592553573606 0.9986263939490831 0.013045165762504026 -0.791220619701769 -0.001487856641044106 -0.012986386783803596 0.9999145663710061 29.736840858177374
0.9988915440696902 -0.04705074618375607 0.0013821973889121544 -0.3408373355612663 0.047030482666855535 0.9988191826303776 0.012180891170440616 -0.7893021742715308 -0.001953685284979443 -0.012102383779044858 0.999924854886942 31.122547042431265
0.9989347210350662 -0.046113260180268054 0.0017292617330363763 -0.3361758781631886 0.046093893134528996 0.9988877141005086 0.009934165025932994 -0.7917172302690094 -0.00218543503610877 -0.009843873963372458 0.9999491597171809 32.50529586910231
0.998966037714545 -0.04544581517216798 0.0012382956995885765 -0.32941416662952916 0.04542985384113038 0.9989092373900013 0.010791841219131819 -0.8019206111929381 -0.001727389034351386 -0.010724427269676177 0.9999409996529103 33.89861555690338
0.9989757927045066 -0.045239071735378014 0.0008899319770153527 -0.3200253953515836 0.045225170171905214 0.9989047934599617 0.01199573197569942 -0.8096488102534402 -0.001431633097060964 -0.011943198534393157 0.9999276526006488 35.29597926548502
0.9990430604755522 -0.04373519099596448 0.00044315255641906527 -0.3136762716599749 0.043725238466434516 0.99895245077196 0.013494614397892565 -0.8123953918535565 -0.0010328778704094114 -0.01346232391680158 0.9999088453444465 36.69419386649398
0.9991576761827675 -0.04103213595506215 0.0005494943281666094 -0.3276459333305036 0.04102067523556334 0.99906320347133 0.01378476234187197 -0.8103997907557089 -0.0011145978063073787 -0.01375061047985699 0.9999048346633602 38.08999932034699
0.9992468637165438 -0.03878974928002459 0.001029904579733409 -0.34896171129286335 0.038772502688968494 0.9991582631586793 0.013396200840725982 -0.808774990040645 -0.0015486729430222086 -0.013346179697725225 0.999909736476044 39.49278920552388
0.9993520678309423 -0.03598528874644185 0.0007095885105554151 -0.3394481833441603 0.0359721495005359 0.9992582428973126 0.013746580014178892 -0.8121406927559438 -0.0012037368193240031 -0.013712147738787567 0.9999052595231508 40.89964241901536
0.9993806953310261 -0.035183222656654106 0.0006055106659745776 -0.35159018422960975 0.03517158218067127 0.999286691290978 0.013750215112404682 -0.8111852048405612 -0.0010888556298197399 -0.013720402771836521 0.9999052779844679 42.30736596338897
0.9993230244439778 -0.036789843752170176 1.4588754128705144e-05 -0.3545729452825257 0.03678604336676536 0.9992253391615608 0.013982438660036674 -0.82487405124618 -0.0005289891863692388 -0.01397243622830815 0.9999022408197147 43.717134481165374
0.999296204540588 -0.03751042350052619 -0.0002524273886238471 -0.37474213713543897 0.03751037336456272 0.9992030145087807 0.013649457374413195 -0.8263765975617567 -0.000259770719009099 -0.013649319593884292 0.9999068099547066 45.130215831062316
0.9992643777800538 -0.03826020145637092 -0.002619214454708892 -0.32574183208620305 0.03829304224515671 0.9991697027374216 0.013912154657813829 -0.8341718911208441 0.0020847578882168907 -0.01400221825748342 0.9998997908132682 46.545290911324166
0.9992577936397239 -0.03833788212991875 -0.0037508191189657646 -0.3358487222269678 0.03839183965195939 0.9991415634797443 0.015562865269291156 -0.8489242910756126 0.003150951984555279 -0.015695315257882918 0.9998718560798414 47.9679537826259
0.9992327176636033 -0.0388352677323716 -0.0050791663454042395 -0.34503463955495123 0.038912419138946115 0.9991130209305822 0.016093322954588242 -0.8688190435131816 0.004449672725520805 -0.016278617481860002 0.9998575933729339 49.39050085570545
0.9989888708543094 -0.04110390419666243 -0.018212769394662553 0.6031368262566235 0.041389644842796704 0.9990212897296692 0.015599998931257896 -0.10110499413248215 0.017553723508666363 -0.016338045374514554 0.9997124261828108 50.12933598516741
0.9992670230977955 -0.02839277399863075 -0.025676193914446987 1.2086494829248835 0.028734961752555237 0.9995017752936453 0.013057685780042492 0.9305590646433253 0.02529265747897576 -0.013785919248052229 0.9995850288535425 50.911003280427444
0.9991815864082704 -0.030442684986883742 -0.026634569894052856 1.1722536535998547 0.030827858395013216 0.9994242296518348 0.014172238059433373 0.9238302626915422 0.026187793519669225 -0.014981726056286206 0.9995447700603237 52.33817167119093
0.9991431323088723 -0.03193209583906553 -0.026331396000582746 1.0947714400971535 0.03231349652415648 0.999377067744 0.014188530924212206 0.9325647584979236 0.02586192379538094 -0.015027232703619671 0.9995525714913013 53.768153403964966
0.998490834571768 -0.05168302733383008 -0.0185719670951717 1.0107757694004058 0.052050054242585866 0.9984470932512712 0.01985431518412828 0.888508630789304 0.01751699544777662 -0.020791023632746368 0.999630375792365 55.19405179636319
0.9984442019741673 -0.05264597455427217 -0.018373266105914714 0.9681618410783078 0.0530136892835308 0.9983907589407248 0.020135570771952608 0.8918611317733064 0.017283642345208104 -0.02107827851115918 0.9996284219060044 56.621675096332666
