0.9999998958666096 -0.00039255930840609787 -0.0002327315176543608 -0.009036465295187047 0.0003929071987434326 0.9999988028193134 0.0014966575671344475 -0.014614439296405206 0.00023214371217322407 -0.0014967488531710791 0.9999988529254259 0.9998523692314459
0.9999986865191266 -0.0015538215707033484 -0.000461084100696789 -0.02872483506769534 0.0015545054709951139 0.9999976867470305 0.0014866113576338248 -0.03251827727444581 0.0004587731052978659 -0.001487326162755367 0.999998788693328 1.9994982170563076
0.9999953803285216 -0.0029961340402018454 -0.0005123499082067642 -0.04136994277454683 0.0029963326234292834 0.9999954359976497 0.0003872656454101569 -0.049544240363393735 0.0005111872700577525 -0.000388799027114687 0.9999997937614244 2.999273300678561
0.9999956887735533 -0.0029177173364626293 -0.00033069601080815716 -0.04533221040012017 0.0029178189717276107 0.9999956959486724 0.0003072728080085968 -0.06504052933378776 0.000329798052276603 -0.0003082363943801503 0.9999998981117797 3.999145375028438
0.9999933519261718 -0.0036024252863394073 -0.0005644780918083934 -0.05218947508621764 0.0036030791850675003 0.9999928340995201 0.001161709944570166 -0.08570525315629897 0.0005602890735348466 -0.0011637360806997109 0.9999991658968963 4.998908320686242
0.9999868653870655 -0.0051014006930298565 -0.0004947366174249518 -0.06424407130476144 0.005102603956670069 0.9999839504856083 0.002462154352873374 -0.1082774359283623 0.0004821682412203711 -0.00246464645845055 0.9999968465108385 5.998580858708014
0.9999890398635602 -0.0046384431038381906 -0.0006363947892433193 -0.08437392798689766 0.004640295163004159 0.9999849110410938 0.002940297763073982 -0.12222247266216585 0.0006227467828261498 -0.002943218596671608 0.9999954748151296 6.998280976159618
0.9999912722920304 -0.004010331629134548 -0.0011715715902073881 -0.0921900278064611 0.004011732879559137 0.9999912375717291 0.0011961517729809268 -0.13789205802452648 0.0011667643591069202 -0.0012008413655867716 0.9999985983194899 7.998127650540352
0.9999986839717495 -0.0011185705139071665 -0.0011750977724196445 -0.11083430341984726 0.0011173761015210934 0.9999988589949943 -0.0010166018676060588 -0.1551892756532509 0.0011762335725006645 0.0010152875035614579 0.9999987928322052 8.997804197059379
0.9999965337150832 0.002493947217118713 -0.0008442660107496783 -0.1301408296664228 -0.002495465520668724 0.9999952624964997 -0.0018021199714289581 -0.1779398426289339 0.0008397676189487927 0.0018042205614878003 0.9999980197872949 9.997358932801884
0.9999864445602328 0.005123643303369186 -0.0009268090875065503 -0.13501359968187393 -0.0051255359527123 0.9999847602089366 -0.0020513973463142207 -0.19748826054548593 0.0009162843348536738 0.002056119932020382 0.9999974663937113 10.997155969739367
0.9999801962465845 0.0062603487811275 -0.0006443196265447685 -0.1536120469060504 -0.006261119995160616 0.9999796766176885 -0.0012019683809112729 -0.21894355311293448 0.0006367817905022732 0.001205978739922876 0.9999990700616823 11.996752772732448
0.9999925844239721 0.0038456392468463677 -0.0002053188937182065 -0.17135827387752955 -0.003845331928422196 0.9999915162535101 0.0014767678779383881 -0.23766393944401978 0.0002109962683546731 -0.0014759674075563896 0.9999988884997753 12.99642002666054
0.9999998958790357 -0.00044810027910115527 -8.630213079925805e-05 -0.185915271512741 0.00044838479618911336 0.9999943701619025 0.003325446672798176 -0.25480245945614444 8.481151135000685e-05 -0.003325485023112794 0.9999944669628769 13.996167177173833
0.9999959856218197 -0.0027686858896608466 -0.0006025933037794916 -0.1960209929175128 0.0027692739374574667 0.9999956880672343 0.000977225049571602 -0.2697543131814031 0.0005998850762319018 -0.0009788898725517363 0.999999340956039 14.996004322145845
0.9999928060808041 -0.003715934638285295 -0.0007613254252615998 -0.20516094167970764 0.0037151441600680114 0.9999925610477683 -0.0010370887109550505 -0.2873298294248858 0.0007651735156621373 0.0010342528165150928 0.9999991724149586 15.995808083974252
0.9999993444754856 -0.0011232990932138892 -0.00022191833143814674 -0.21838124151472227 0.0011226836601756249 0.999995577056148 -0.0027541694827452412 -0.3069744876767692 0.0002250111059883399 0.0027539185332350275 0.9999961826440711 16.99552770040328
0.9999974622780391 0.0021335243655189566 0.0007235407819197487 -0.23069479660790415 -0.0021328884949646854 0.9999973395372102 -0.0008784675113582025 -0.327155169929563 -0.0007254130888062314 0.0008769220502425012 0.9999993523915743 17.995248219559034
0.9999952464087217 0.002833913573649479 0.0012149460138521676 -0.2401158011594969 -0.002836963574052664 0.9999928104891347 0.002516069895649351 -0.34362778312597675 -0.0012078069543550298 -0.0025195046928672042 0.9999960966416135 18.995068152190473
0.9999982736478727 0.0006518130158156021 0.0017400692704819067 -0.24887636558287052 -0.0006596114551155204 0.9999897253399281 0.004484877624028301 -0.3576491746794835 -0.0017371280902519705 -0.004486017651173791 0.999988428948871 19.994931469394388
0.9999945101417991 -0.0029774236042579326 0.0014541784427372602 -0.25571155611461577 0.00297385846912346 0.9999925824655551 0.0024476886391737633 -0.37010973793648827 -0.0014614554622487557 -0.002443350680832658 0.9999959470844779 20.994830471358867
0.9999942740352509 -0.002999974528096274 0.0015659021494952212 -0.2656747794835606 0.0029996980552852268 0.9999954848971153 0.00017887693864849325 -0.3900708499926195 -0.0015664317055455153 -0.00017417868077288347 0.999998757975978 21.994581584665696
0.9999909264165407 -0.003627483495468761 0.0022334833955066384 -0.28593470272641935 0.003632534087257946 0.9999908452997955 -0.002261418294866696 -0.40662167220629036 -0.002225259691094771 0.0022695109802665487 0.999994948756851 22.994239329011954
0.9999962811614452 0.00034742973844054505 0.002704987219244951 -0.28705113080176314 -0.0003393055074573698 0.9999954325002416 -0.0030033065822194513 -0.436371965012284 -0.002706018302236793 0.0030023775963460486 0.9999918315634966 23.993796067600183
0.999994855318121 0.0006419137635291939 0.0031428146636994446 -0.31271296812976057 -0.0006257384329720866 0.9999865683833378 -0.005145046581803323 -0.4520846894423949 -0.0031460751268324962 0.005143053532252617 0.9999818254406727 24.993343255254167
0.9999931826977275 0.0016003865927156087 0.003327659962079174 -0.3255226050936543 -0.0015853077602240304 0.9999884870822494 -0.004529073002133721 -0.4756965793008782 -0.0033348699187137902 0.004523766760912762 0.9999842069637488 25.992982386070352
0.9999938975432212 0.001422547273133925 0.0031908048472618594 -0.3419135086500507 -0.0014116373723244593 0.9999931594548587 -0.003418819009255158 -0.49679681270441833 -0.0031956464520762388 0.0034142938866897057 0.9999890651607186 26.992625381543384
0.999992598686519 0.0027458104226982614 0.0026950134146794687 -0.34230841037790133 -0.002740930454878754 0.9999946005753787 -0.0018127659335716933 -0.5218660420026312 -0.0026999763747519783 0.001805365672378167 0.9999947253772714 27.992311021004337
0.9999819854850637 0.005437728127876056 0.002541617232675993 -0.3526382390186485 -0.005434098875775014 0.9999842089005975 -0.0014326614583061502 -0.5445409276280132 -0.0025493675212551674 0.0014188242502581967 0.9999957438224365 28.99200054490508
0.9999671642779222 0.007518450686652654 0.00302378326658677 -0.3775743081820456 -0.007512506006206317 0.9999698351932753 -0.0019725508966657998 -0.5582232196540945 -0.003038522581392464 0.001949769936581047 0.9999934828676217 29.991595956665947
0.9999456037282469 0.009953696658271245 0.0031166500263745847 -0.39680163013723424 -0.009948850956483202 0.9999492820262175 -0.0015664417951450809 -0.5764935460561652 -0.003132083842661957 0.0015353494999556046 0.9999939163578523 30.991244147449386
0.9999413768712834 0.01042649167529012 0.0029208033324994603 -0.42024131961798505 -0.010422164536154119 0.9999445734610483 -0.001492813512512208 -0.5955637288696567 -0.002936206250140741 0.0014622849062044681 0.9999946201933837 31.990787497719598
0.999947752260136 0.009880406043613975 0.002621130732142447 -0.4283403311900229 -0.009876132581219187 0.9999498876465918 -0.0016383530774024323 -0.6160737296969395 -0.0026371869747604114 0.0016123808425336826 0.9999952227250282 32.99054434110794
0.999958458218422 0.008863747496898305 0.0021250453520376077 -0.45225890961708404 -0.008859351124658861 0.9999586138837208 -0.0020694002506840793 -0.6313848459831107 -0.0021433000459556333 0.0020504877611813538 0.9999956008727507 33.99014099528358
0.9999652291527317 0.008211713456096597 0.0014519805924040057 -0.46985738910224356 -0.008209002942528043 0.9999645701641979 -0.0018629779976774643 -0.6513155742519495 -0.0014672273904619566 0.001850993907398507 0.9999972105287788 34.98978746276266
0.9999610899029483 0.008796954702612995 0.0006574709643574115 -0.4832271288005474 -0.00879644971325563 0.9999610162830346 -0.0007670636491712594 -0.670585517832485 -0.000664193157871205 0.0007612503923743242 0.9999994896725138 35.98951238439841
0.9999552166335111 0.009457903832327742 -0.00033583109924169454 -0.49629772404069045 -0.009458272501938236 0.9999546493370434 -0.001113710244523568 -0.6918232681368643 0.0003252825046889256 0.001116836750880765 0.9999993234332528 36.989201394777794
0.9999505599428079 0.009855178522338666 -0.0013240567805632593 -0.5151580705201566 -0.009856083819261225 0.9999511971262793 -0.0006789532148176637 -0.7118546305773853 0.0013173009576470437 0.0006919696619425862 0.9999988929474738 37.98882283924755
0.9999528712047236 0.009371426819700575 -0.002536085328343618 -0.5363422097917083 -0.009370631299966733 0.9999560417318774 0.0003253812464151098 -0.7305856395207615 0.0025390231329640496 -0.0003016011910317863 0.9999967311937832 38.9884229498577
0.9999659703715659 0.007623883567728552 -0.003151903900624177 -0.55886671048622 -0.007619716090282976 0.9999700822566744 0.0013321104619771606 -0.7503192622524101 0.003161965457833761 -0.0013080485178864753 0.9999941454746212 39.987974464810144
0.9999751133115562 0.006109021791605565 -0.0035288256247907137 -0.5867619928150585 -0.00610375755866008 0.9999802459333775 0.0015006287637182821 -0.7639392997771332 0.0035379232899528782 -0.0014790523219572744 0.9999926477244834 40.98749252258006
0.999984958219514 0.0037062544480503485 -0.004043143910718656 -0.5968770775387995 -0.003702926421509715 0.9999927994397754 0.0008303038706476689 -0.7813426144815888 0.004046192115231241 -0.0008153199169861857 0.9999914817551191 41.987289906904984
0.9999881112653182 0.0024818571918309995 -0.004197345935308548 -0.6113857843439036 -0.002477042409385829 0.9999962686735272 0.0011519114221791107 -0.7977700955666478 0.004200189153288023 -0.0011415007235212281 0.9999905276487243 42.98704969573132
0.999991952336289 0.001044657526178751 -0.0038734936827206773 -0.6237047689930424 -0.0010383562203343689 0.9999981350140571 0.0016284301540391653 -0.8110085177684522 0.003875187610525682 -0.0016243949827210243 0.9999911720919952 43.98688617575923
0.9999936712547246 -0.0011191862911354724 -0.0033771100875889795 -0.6531683685129726 0.0011269246127380503 0.9999967421149801 0.0022903712237226344 -0.8188310243042634 0.003374535733277394 -0.0022941624770242332 0.9999916746289005 44.98642142011085
0.9999906488900168 -0.003201316050781525 -0.0029075261076435903 -0.6713375441060881 0.0032071344358908897 0.9999928597313072 0.0019986933510268523 -0.8372086065474764 0.002901106898020713 -0.0020079994881285887 0.9999937757390396 45.98608743707672
0.9999830385601642 -0.005308082820277959 -0.0023972585915724804 -0.6919133730956094 0.005311237661629381 0.9999850351478593 0.0013115772319964277 -0.8575114128468808 0.0023902607563794855 -0.001324287395874348 0.9999962664512344 46.98566956563557
0.9999876849310526 -0.004707327626823225 -0.001571958284547904 -0.7183926335706144 0.004708759502674831 0.9999885011020744 0.0009084313798797373 -0.8751816330529343 0.0015676639246284612 -0.000915822165994845 0.9999983518484311 47.985162743014605
0.999995199511204 -0.0029512434332113436 -0.0009439898018509369 -0.7248170585789342 0.0029519588283269662 0.9999953561703143 0.0007573485866006222 -0.8987183917664185 0.0009417502980802191 -0.0007601315699866384 0.9999992676529175 48.984865072549375
0.9999998418538983 0.00019490683210959814 -0.0005275447903120148 -0.7385900681756944 -0.00019388465481281038 0.9999981052753344 0.0019369704389971764 -0.917105850719336 0.0005279213195320446 -0.001936867849833291 0.9999979849189755 49.984601140509675
0.9999927620783466 0.003804504423399562 3.92047536999967e-05 -0.7412441552135649 -0.0038046076362934257 0.9999879622917744 0.003098424160481765 -0.9386231977913454 -2.741631334053437e-05 -0.0030985508930357576 0.9999951991038297 50.98436609264614
0.9999714380523098 0.007507241279388573 0.0008743042776537988 -0.7632787320401485 -0.007510228687501931 0.9999657936129972 0.0034652660777408496 -0.9527328650011274 -0.0008482597823204278 -0.0034717333280600542 0.9999936137411276 51.98402373140788
0.9999226932418234 0.012341064302353483 0.0015184439090750684 -0.7728352590986148 -0.012345633626991651 0.999919175986342 0.0030375689526578762 -0.9731887326877674 -0.0014808343485762257 -0.003056080280234 0.9999942337348507 52.983768814049746
0.9998790783893627 0.01537307885286866 0.0023445779627421894 -0.7968611623768828 -0.01537900963994829 0.9998785279153761 0.0025328790484622117 -0.9916049075175288 -0.002305355012632704 -0.002568630055738751 0.999994043721212 53.983310509303486
0.9998444601470103 0.017362876264847983 0.0030961332571570687 -0.8099636381519042 -0.017370543374611823 0.9998460774798766 0.0024668950067409223 -1.0121907932772074 -0.0030528242997630794 -0.00252029282329126 0.999992164163239 54.983012738173485
0.9998431763117888 0.01735907714230186 0.003505028319734635 -0.8223540997439704 -0.017368946607474667 0.9998452130894638 0.002805272862057684 -1.0281639161924423 -0.003455788839212006 -0.002865711578564196 0.9999899225595454 55.982808385209516
0.9998684889796003 0.015808750439242233 0.0036177555475172835 -0.8405505058660265 -0.01581798256360041 0.9998716676013744 0.002537667366728371 -1.0434838288836747 -0.003577173922171818 -0.002594559229673535 0.9999902359968984 56.982525440761705
0.9998936436292153 0.014135971222677204 0.003588279181479908 -0.8548724577824504 -0.014142378993391333 0.9998984307829918 0.001766701479529563 -1.0615977669913437 -0.0035629406814993423 -0.0018172603836905461 0.9999920014772099 57.98225878866967
0.9998938256793292 0.014224667524413283 0.0031616771144368284 -0.8536179250216248 -0.014230355073653687 0.9998971523358461 0.001783744696782943 -1.089421419142962 -0.003135978768070616 -0.001828547096868222 0.9999934110046322 58.98187084854931
0.9998913408411951 0.014496026353687935 0.0026780087286497633 -0.8516834517488139 -0.014501179181769007 0.9998930188833001 0.0019148343997866391 -1.1107429604824586 -0.002649964742363182 -0.001953460619916016 0.9999945808245507 59.981641647159265
0.9998955488428364 0.01430397267284746 0.0020706931347551786 -0.85715401930032 -0.014306942962237723 0.9998966324602492 0.0014268068293961588 -1.1329525316395883 -0.00205007008640315 -0.0014562830863430283 0.9999968382211071 60.981380017018786
0.9998885312711342 0.014847654998486807 0.0015723146952531608 -0.8709266347098821 -0.014850521047864806 0.9998880555800073 0.001827110571150196 -1.1569105364469163 -0.0015450103759920397 -0.0018502565979330629 0.9999970947425084 61.98099810841606
0.999898618401511 0.014218075457879148 0.0007741117649346482 -0.8913805544462453 -0.014220159383519643 0.9998950886658187 0.002756579235552473 -1.175473753511995 -0.0007348373002598852 -0.0027673077618212477 0.9999959010025449 62.98061655774136
0.9999288362356653 0.011926184954055447 -0.00029761859942119566 -0.9025721609300861 -0.011924998340729707 0.999922001496634 0.0037128610987552362 -1.1921944561299147 0.0003418756537883546 -0.0037090477762787345 0.9999930630187533 63.98041412027695
0.9999501879561763 0.009889261402213191 -0.0013505981369950945 -0.9199867387124315 -0.00988371939631771 0.9999429524090567 0.004050187446691806 -1.2021465563901916 0.0013905744510133169 -0.004036636765573982 0.9999908858916251 64.9802129441327
0.9999647132483291 0.008024338216583365 -0.0024864139586591788 -0.9212679722731374 -0.008014566099951971 0.9999602167881577 0.003915555032196054 -1.2178837504954245 0.0025177347790098807 -0.0038954893359544906 0.9999892430293509 65.98008828594463
0.9999710983998376 0.006948623373506128 -0.0030852873831733584 -0.9323274900528723 -0.0069386451212836 0.9999707005407775 0.0032331507647295186 -1.2324160552292318 0.0031076629328953224 -0.0032116496072498715 0.9999900138190849 66.9799215216413
0.9999749732868541 0.006273791129247957 -0.0032699151093864586 -0.9438962701505387 -0.006264179830783377 0.999976054082424 0.0029413114069568123 -1.2586502025738426 0.003288289981682084 -0.0029207544593233717 0.9999903281244186 67.97951040347381
0.999969718056564 0.00709923757979175 -0.0031880708371428822 -0.9615967773892204 -0.007091997717432102 0.9999722601399548 0.0022765146532919486 -1.2796703839312946 0.0032041439188816153 -0.0022538359249039985 0.9999923268132452 68.9791327541923
0.999970784404462 0.00692835598757136 -0.003229275589946402 -0.9745565638014752 -0.0069228528292169635 0.9999745708816327 0.0017122204296652066 -1.2975487802735337 0.0032410563449810836 -0.001689814606471499 0.99999332001787 69.97888892785441
0.9999608416353316 0.008227869769174672 -0.0032584283055108938 -0.9880681786233243 -0.0082254769164702 0.999965891119034 0.0007470796563053482 -1.3129838456060425 0.0032644640382869503 -0.0007202482750768112 0.99999441224287 70.97867850322612
0.999945989967971 0.009917231851736224 -0.003108964357221664 -0.9968534083024807 -0.009914617750606838 0.9999504833407294 0.0008551149050537855 -1.328700196262581 0.00311729078446619 -0.0008242445270682616 0.9999948015460491 71.97851639830068
0.9999394701120512 0.010655662356402019 -0.0027409800761717686 -1.016301859933199 -0.010649651598478574 0.999940874560996 0.002198249990605697 -1.3430946781723858 0.002764241824196325 -0.0021689264479304755 0.9999938273435485 72.97822363357047
0.9999232009437306 0.01206881030329775 -0.0028170964322168286 -1.0269425163414496 -0.012058846895647863 0.9999210678743926 0.0035273548845365385 -1.3670381571864025 0.0028594450497812407 -0.003493113052443933 0.9999898108156942 73.97788031776061
0.9999291789192837 0.011555078299975683 -0.002849089554556826 -1.0378393102175494 -0.011549279475963176 0.9999312168694849 0.002043446475161511 -1.3846039751081438 0.002872505769280434 -0.002010396824556147 0.9999938534887158 74.97766664589378
0.9999309339930914 0.011440734221187469 -0.002690138320896622 -1.0532353894293343 -0.011441377006391262 0.9999345202875252 -0.00022367287326723268 -1.4082032088816774 0.002687403189517303 0.0002544363118037454 0.9999963565564916 75.97726958551878
0.9999369168640507 0.010893731488124277 -0.0027365866846920587 -1.0714233009669265 -0.01089775199483556 0.9999395539488382 -0.0014585780943254978 -1.4244444471458426 0.0027205319107192643 0.0014883087256473985 0.9999951918100694 76.9769722523412
0.999958896959063 0.008683621405134626 -0.002607510634192407 -1.0847135601253528 -0.008684441088406778 0.9999622435645615 -0.000303196817362697 -1.4408584139902885 0.0026047793375122623 0.00032582912754154907 0.999996554474054 77.97674920281834
0.9999776658050975 0.006332043757698648 -0.0021384837713655956 -1.0960602738016405 -0.006328771149647248 0.9999787970530053 0.0015336558151658338 -1.4560729308076372 0.0021481496049384164 -0.0015200875878017463 0.9999965373875039 78.97656907205047
0.999986286099107 0.005078300426624228 -0.0012800306609658393 -1.106294679737557 -0.005075658287028965 0.9999849990191158 0.0020589875404834505 -1.47926349112348 0.0012904676165555818 -0.002052462305500429 0.9999970610415876 79.97624774779614
0.9999916044544436 0.004036910382477326 -0.0007031181922543085 -1.1161002059200176 -0.004036515213173868 0.9999916950127913 0.0005625392232600393 -1.4940200384993276 0.0007053832732976487 -0.0005596963531566636 0.9999995945871316 80.97609078323917
0.9999827416039633 0.005874806509349521 -5.605978979297605e-05 -1.1342283826562165 -0.005874897547141826 0.9999811368245786 -0.0017920864470333182 -1.5144270929023762 4.553057120297515e-05 0.0017923848640172175 0.99999839264044 81.97571817465541
0.9999707215539906 0.007599721513854579 0.0008945768300298872 -1.1492532593954423 -0.007596084914790065 0.9999631463152181 -0.004000688107878838 -1.5319050259232065 -0.0009249479770610272 0.003993775692384346 0.9999915970781733 82.97545252679808
0.9999395817573691 0.010743293277946193 0.0023269044766285416 -1.1633474053138642 -0.01073369627625381 0.9999339936120958 -0.004098314679714749 -1.553149629303937 -0.002370780282618532 0.004073090780828044 0.9999888946045048 83.97512748470999
0.9999215924087929 0.011936319571816283 0.0037859357819262683 -1.18185215873457 -0.011927930834888842 0.9999263716064759 -0.0022306572810743544 -1.5749812774047702 -0.003812282867718753 0.0021853240004579785 0.9999903453825675 84.97471787738242
0.9999153774042785 0.012079063421321711 0.004830554556625428 -1.1941601797474455 -0.01207827588378113 0.9999270364987831 -0.0001921729333948614 -1.5923409886760802 -0.004832523371502491 0.0001338119006157948 0.9999883143378407 85.97449142846509
0.9999218960762584 0.011374116938483902 0.005179885243103488 -1.1791235635673036 -0.011375202877284413 0.9999352840440043 0.00018023134295409935 -1.6113507221929277 -0.005177500049507285 -0.00023913951170043309 0.9999865680625557 86.9741976502189
0.999914277135465 0.011457164928512986 0.00633811900038012 -1.1975947446350197 -0.011455337913108982 0.9999343328145094 -0.0003244874401143703 -1.6342183083076047 -0.006341420500062673 0.0002518543292386161 0.9999798612749334 87.97376550146775
0.9998831670084286 0.013282499240702298 0.007564889101447613 -1.2094145734436688 -0.013275537713160783 0.9999114059496977 -0.00096971651837996 -1.6533528190159423 -0.007577099156201085 0.0008691752529360145 0.9999709156284267 88.97351255065058
0.9998458155477534 0.015249589606999302 0.008706040918087164 -1.2180927291099202 -0.015238339301204855 0.9998829687721157 -0.001357120039690897 -1.6712273147561454 -0.008725717563081213 0.0012242451874009367 0.9999611807848982 89.97331512706145
0.9998240756862806 0.015882275507111326 0.009978527085301779 -1.2340153612965938 -0.015859566953840585 0.9998714657481225 -0.0023507698182337914 -1.6921424759801733 -0.010014580076695 0.002192101142256723 0.9999474500584853 90.9729695802659
0.9997989728533345 0.016738983569740844 0.011037223857047695 -1.2471021775237743 -0.016705639455194567 0.9998556256103058 -0.00310637180927388 -1.7103825286570848 -0.01108762787126634 0.002921363461870422 0.9999342629111724 91.97271756635175
0.9998003747217603 0.0159460836365203 0.012038817337516782 -1.2442757967202698 -0.015907377450597428 0.9998680105514612 -0.003304060911615233 -1.737064733434454 -0.01208991517229207 0.0031118953260897814 0.9999220719929152 92.97235753711779
0.9997931425433108 0.01575016562907405 0.012868737546061207 -1.2433478721477667 -0.015722346364407013 0.9998738419451051 -0.0022600926380709646 -1.7641754428200418 -0.012902710884550085 0.002057298372084116 0.9999146401444655 93.97198954380357
0.9998041553704173 0.014160890868993706 0.013824618397776536 -1.2575106311846238 -0.014143018114655508 0.9998990167368528 -0.0013897364079211365 -1.7791056899059203 -0.013842902248308179 0.0011939424070810953 0.9999034696203779 94.97177777317457
0.9998131127250225 0.013165730290037286 0.01415638262527181 -1.2644244370219087 -0.013151493523651324 0.999912912178991 -0.0010983058893708991 -1.7954228205303824 -0.014169609775870997 0.0009119230555615109 0.9998991901962608 95.97162073609655
0.999841029258499 0.010828432114866416 0.014165495728734509 -1.2668534946910919 -0.010814719668663613 0.9999409739340545 -0.00104426352192809 -1.8142491503462719 -0.014175967331906677 0.00089090164930774 0.9998991190337424 96.97144055437093
0.9998595163826702 0.009292724347328743 0.013949651365497376 -1.2661852424277742 -0.009287682199919335 0.9999567777248033 -0.000426194300961832 -1.8332541492310397 -0.013953008935984368 0.00029657449896233225 0.9999026080500024 97.97125971983522
0.9998846599071537 0.007396072172887165 0.013265179937351537 -1.260075744755363 -0.007386025994609713 0.9999723979772824 -0.0008061659698388915 -1.8529307883357116 -0.013270776253249777 0.0007080960227406092 0.999911688649381 98.9710474490655
