0.9999653677237226 0.0002318519413399929 -0.008319230603706502 0.15903946990387233 -0.00023551516313385367 0.9999998757499615 -0.0004393548333242052 0.07948603045505244 0.008319127704770734 0.00044129892241901326 0.9999652980826349 0.9840672694995118
0.9998883903348842 0.0009024080402117629 -0.014912831161220956 -0.005249093946789074 -0.0009070794561585055 0.9999995416361463 -0.00030648712469307827 0.03558892477850016 0.014912547749272647 0.0003199800405472365 0.9998887505779829 1.9695023485268586
0.999742982129641 0.0010054582327231729 -0.022648592368495573 -0.041965844762876126 -0.001029919683661614 0.9999988988883923 -0.0010684041596375161 0.046470552530778586 0.02264749319410943 0.0010914557917632694 0.9997429168422638 2.968768803769047
0.9995129063197115 0.0016131346034987046 -0.03116645467605204 -0.25823489189587695 -0.001685910150161612 0.9999959132825055 -0.002308922964020456 0.006982766012237527 0.031162602704026397 0.002360342144519318 0.9995115411928328 3.9443037321449625
0.9991679035431491 0.0016762509333446034 -0.04075157312296498 -0.4669146705549285 -0.0018192881825658677 0.9999923136816192 -0.0034731496068101378 -0.018682098643532867 0.04074543802312938 0.003544398466731779 0.9991632732040405 4.921950931810257
0.998408583513954 0.0015436805160585023 -0.05637302028562702 -0.5078012549930614 -0.001816541340837416 0.9999868810594138 -0.004789351378133273 0.001846624447580362 0.056364887502916246 0.004884133447249355 0.9983982896105407 5.920903800869196
0.9973811778634906 0.0014879702786535136 -0.07230886521088072 -0.6891685278233262 -0.0018446979436667415 0.9999864553060722 -0.004866856674888465 -0.0009997145702804102 0.07230064407135046 0.004987499257856439 0.9973704134964205 6.904315103864875
0.9958797501154122 -3.895696199614218e-05 -0.09068363574768398 -0.8799209120755818 -0.00041766287006556936 0.9999873309473267 -0.005016323610882011 -0.006071367300165805 0.09068268229265436 0.005033530291677588 0.9958671169915253 7.885940178049433
0.9939250442320199 -0.0012847625004987547 -0.11005160532084071 -1.100553638792362 0.0007322868911200909 0.9999869278635172 -0.005060420732958451 -0.030263527365399685 0.11005666815003025 0.004949089552915195 0.9939129923229253 8.860997058446289
0.9911681274043205 -0.0015364035635540517 -0.1326023479501857 -1.319720110044713 0.0008310874700539614 0.999985213447838 -0.0053742142960225584 -0.05283571820845155 0.13260864418064663 0.005216545770177082 0.9911547483308539 9.836423392567337
0.987772742041673 0.00202294325446949 -0.1558875164343289 -1.6546896237953692 -0.00315305091921495 0.9999705106660906 -0.007002575818888369 -0.07433461213963684 0.15586875360178776 0.0074084747949654875 0.9877499917245444 10.77840704598379
0.9836180631133 0.006387830567296901 -0.18015188463594553 -2.0333778227740047 -0.008027750598831485 0.9999327018819377 -0.008375376254914722 -0.11602380074873123 0.18008626026869043 0.009684385769471206 0.9836031473794223 11.702991947770732
0.9783468672933361 0.009436809601082705 -0.20675675051099954 -2.4032171691073807 -0.011573924993343072 0.9998913448472716 -0.009129225584006228 -0.1608553820951412 0.20664813456105358 0.011324536373208344 0.9783497857915484 12.631005399651492
0.9722680494284565 0.010529853285562628 -0.2336321087743901 -2.858617901418247 -0.013007718069611308 0.9998742819532842 -0.00906750015310022 -0.1978325460889695 0.233507257555746 0.011855061289993028 0.972282787151251 13.520523721659387
0.9642276495683275 0.0122037303840633 -0.26479446514731203 -3.2207654284545724 -0.01499734182047715 0.9998511405717614 -0.008530910600184976 -0.21648926257993276 0.26465093906173426 0.012196952982678571 0.9642671387077756 14.452457771708671
0.9549342750747247 0.0138287132329322 -0.29649502015688345 -3.648591513738503 -0.016923572199950644 0.9998257814146051 -0.007873977563347971 -0.2161881569001858 0.29633447823616904 0.012536885936961206 0.9550019390030058 15.35631878403806
0.9442736788152805 0.016301554186535484 -0.32875747721954485 -4.148483455649521 -0.019529366296099773 0.9997880347913948 -0.006518384771873811 -0.2450885153217376 0.32858153226973813 0.012575564363672975 0.9443918846708743 16.221924235130917
0.931891467022296 0.018173097662272056 -0.36228170283964106 -4.622558344050198 -0.02198322777881571 0.9997378713508005 -0.0063973653479863 -0.23881155690729738 0.3620704784809959 0.013925771372833632 0.9320466949162011 17.10238637418733
0.9181975297159717 0.020531439802134503 -0.3955903896748984 -5.144035223837241 -0.02499432794145429 0.9996687966068446 -0.006130306793199711 -0.22430673394055187 0.3953335047706453 0.015516348483939138 0.9184065891180675 17.955528479811615
0.9029835280191011 0.0214122935812084 -0.42914130750810825 -5.730651386663045 -0.026232368368090245 0.9996417192304723 -0.005319400694338666 -0.23203517733125414 0.42887365386087495 0.016060724066437795 0.9032217015586393 18.76535669000419
0.8851955103335495 0.016956591306504995 -0.46491008001181305 -6.304873689269025 -0.022263723716257934 0.9997345616778698 -0.005927292218548 -0.23456531842392675 0.4646861683885292 0.01559744203458008 0.8853380623865468 19.584052192247345
0.8653336769560732 0.013425581849506107 -0.5010163483137889 -6.951203879875896 -0.019045431331234566 0.99979999181211 -0.006103107234232422 -0.2682563545485033 0.50083420317615 0.014823296681491753 0.8654162991326215 20.346365894776607
0.8402169855478717 0.01391896412269821 -0.5420716554428925 -7.542567309316133 -0.018493496258578157 0.9998245030390615 -0.002992276529387749 -0.2722904206103388 0.5419348741250937 0.01253896169726226 0.8403269403313053 21.15276095731174
0.8087524116542947 0.016690789946438953 -0.5879123694687206 -8.10987410244026 -0.021500688353042443 0.9997681208099273 -0.001193738887991427 -0.2162843314481974 0.5877561203796241 0.01360595983939433 0.8089237422731151 21.97436079401551
0.7755975960194166 0.019760375397345157 -0.6309182963055178 -8.829795361014552 -0.02509669175185143 0.9996849233277137 0.0004584041625343579 -0.23071061846481491 0.6307285669065688 0.01547842483651595 0.7758491433600773 22.668266580923643
0.7425413439778078 0.019332246316418597 -0.6695211846805084 -9.663373878529493 -0.024604029792910674 0.9996960287783085 0.0015785318588449988 -0.2555924529428126 0.6693481860747664 0.015300794006885573 0.7427912839426553 23.22010689509927
0.7033296419509518 0.015318053255079156 -0.710698791329787 -10.444903731037861 -0.019071961054497245 0.9998145343209065 0.0026753060021534355 -0.2577539855932407 0.7106079615756368 0.011672797657116202 0.703491343756392 23.843970980588768
0.6613103835566461 0.011799382598232062 -0.7500195671917246 -11.264035538912848 -0.014154299147730039 0.9998945402751281 0.003250252855877272 -0.26183596425695504 0.7499788213115077 0.008466575357906445 0.6614076539365947 24.41756177385452
0.6165667029376133 0.010918350953105664 -0.7872269624708655 -12.10256023162826 -0.012050665321537049 0.9999175749049644 0.004429995652765845 -0.24295886619027454 0.7872104434609272 0.0067552208431728555 0.6166474557617263 24.96209825003536
0.5693599244980551 0.011366389967371453 -0.822009781909363 -12.988815589075665 -0.01021711433527849 0.9999250232278731 0.006749703504417159 -0.23045606436075783 0.8220248700314542 0.0045555572488261325 0.5694333674346133 25.42512643544562
0.5187671240373138 0.012525838163533226 -0.8548238265258843 -13.897068137746018 -0.008513944235329954 0.9999187697735292 0.009485072912202883 -0.2511851920373647 0.8548731974811306 0.002357378394125074 0.5188316287539672 25.84303502710149
0.46737092234206346 0.013798774669349347 -0.8839536270454199 -14.838619668734301 -0.007974061443024462 0.9999033059808871 0.011392674514600588 -0.23481461739085685 0.8840253589650197 0.0017240957390127578 0.4674357626462169 26.179505974761607
0.41414956841493633 0.01586147422047099 -0.9100706283675323 -15.795316620331818 -0.007466936014376028 0.9998737132496245 0.014028628548974303 -0.22423548354430903 0.9101782132353415 0.000985488691572237 0.41421570342486913 26.470399433894436
