0.9988703106124723 -0.0007916922499673676 0.04751290140924352 0.038706884924929796 0.0007595500885786504 0.999999470346049 0.0006945439398851954 -0.04525395833332954 -0.04751342610890203 -0.0006576708924931167 0.9988703828867843 0.879892971481178
0.9941560567945343 -0.0032005596261798874 0.10790500987823584 0.10345914421675145 0.004537183667858534 0.9999159673895034 -0.012143810105480988 -0.054944101578620036 -0.10785707535023852 0.012562427217426245 0.9940870367927044 1.9469102037281625
0.9861796860926033 0.0026126810257259625 0.16565868717381754 -0.7034355695789362 0.0027989598221325207 0.9994702344021629 -0.0324255511595401 -0.10700477009683242 -0.1656556445226332 0.03244109187348164 0.9856499292324061 3.246266406485846
