0.9990467583056871 -0.0007422845714658998 0.04364657755784481 0.031166052481739655 0.0008481279437904638 0.9999967446122304 -0.0024065419033449534 -0.02805019380308248 -0.043644649132384604 0.002441265769341199 0.9990441355733762 1.001467734499426
0.9960438652626862 -0.004911903235726865 0.0887270628341227 0.1313339231308082 0.005575454940942743 0.9999583033201531 -0.0072322834071946295 -0.046134707633389734 -0.08868783893392049 0.007698365260451184 0.9960297196356879 1.9960692610494255
0.9909983932648154 -0.0044574530387607916 0.13379953534658157 0.28889595778184524 0.006002184868188891 0.9999198895124072 -0.011143981976969135 -0.07107520390179085 -0.13373914282423813 0.011846757780176426 0.9909457583575076 2.9847652818902937
0.9838044470067492 -0.002108278302516886 0.1792327124504431 0.49836188953262917 0.004566826533863448 0.999901047968819 -0.013305576510125667 -0.10958803730807416 -0.17918692515123325 0.013908610047605182 0.983716725699726 3.955368974476538
0.9743684564625725 -0.004607339573605692 0.22491083449402088 0.7295632632027119 0.007781379462593855 0.9998822273619651 -0.013228058789344136 -0.14120330642408915 -0.22482339999297773 0.014639119773016037 0.9742895539765728 4.926279865819988
0.9628555418676191 -0.005503635187947937 0.2699609517958676 0.9959251095553028 0.009749586587098175 0.9998489305635203 -0.014389635588340815 -0.1717117486216386 -0.26984097364224274 0.016487148046358733 0.962763741991307 5.881775242408179
0.9494974892264191 -0.008085351733169164 0.3136704401757936 1.315667045430938 0.014127595989597666 0.9997557655120991 -0.016994715557231116 -0.20146437873897635 -0.3134564227835825 0.02056784900439101 0.9493798157760951 6.819538913287085
0.9344306849999002 -0.010201348269137546 0.3559989149198463 1.6555858821807619 0.017995851414233214 0.9996652286120222 -0.018589783106586613 -0.23395371205160248 -0.35569009581726235 0.023777367338813138 0.9343014462901904 7.746323782304117
0.9172300858526132 -0.010042347811280867 0.39823124043354996 2.051792968170353 0.01928671819079873 0.9996293479904226 -0.019214295138541563 -0.26774245008490116 -0.39789067858927746 0.025304503288536048 0.9170837966102575 8.6500504505856
0.8977786981178402 -0.010574652967769466 0.44031986773304527 2.485231302277079 0.02058588749862696 0.9996266490956953 -0.017966180829688424 -0.29008620424869014 -0.43996548778481426 0.025194029695990168 0.897661200245364 9.534124816800624
0.8759919345898514 -0.010390512644815343 0.4822138195660788 2.957239859887427 0.021243070287259663 0.9996289333156948 -0.017050737312388615 -0.31436026509729625 -0.4818577201812791 0.025180010426992853 0.8758876095576396 10.394533103605392
0.8521613575460305 -0.010422797645452536 0.5231752918425595 3.4758779979475567 0.022049341570079668 0.9996288485822643 -0.015999738073533786 -0.33879093017726514 -0.5228143525589478 0.025170029227986203 0.8520748924754383 11.225352800938726
0.8265347886541127 -0.010776676632854887 0.5627824680862503 4.0098825500879665 0.023737779982665387 0.9995945936997627 -0.015721515439037916 -0.3789890447691315 -0.5623848868399608 0.026353585846260415 0.8264555206222822 12.041483753904828
0.7994114239689366 -0.012322992796717192 0.6006575722293763 4.599677898138499 0.027034603637108964 0.9995147203019651 -0.015474304697408701 -0.4029608263944907 -0.6001753955587827 0.02860887533993407 0.7993566330603894 12.816979968319359
0.7708725147472015 -0.011446269325936207 0.6368866060185618 5.223833159413665 0.027812960774152535 0.9994898272723935 -0.015701095247638974 -0.4409064084809532 -0.6363819648766773 0.029817244968610223 0.7707975912534889 13.554412627454411
0.7403522292220701 -0.01467425706167679 0.6720589578791419 5.8741356874343165 0.032755706742189014 0.9993616052293007 -0.014263438201716737 -0.47106808824053087 -0.6714206135960754 0.03257373440676259 0.7403602578914309 14.271418210886939
0.7086746783869062 -0.013931704031601514 0.7053978365688331 6.56643989885007 0.033239032171053694 0.9993541308232402 -0.01365605897968437 -0.5040865152585288 -0.7047519896768977 0.03312444458856358 0.70868004361429 14.942990570470359
0.6750101962490477 -0.012638318769713374 0.7377001476606173 7.301311071646073 0.03424414107384498 0.9993124170926924 -0.014213790714475861 -0.5373220585338697 -0.7370132792303924 0.034856361586307734 0.6749788591467345 15.56082974660805
0.6402354074907406 -0.013990549768282507 0.7680513573403446 8.065648251228783 0.03872334140463228 0.9991507818838342 -0.014078987583693503 -0.5802732025581488 -0.7672021414370693 0.038755381279284504 0.6402334688192045 16.1334822191933
0.6037190462750347 -0.01212891569856495 0.797104888059745 8.81829389564513 0.038568605034575223 0.9991577636576113 -0.01400807011714813 -0.6139206753211915 -0.7962636346527754 0.0392001623299841 0.6036783675127454 16.716663271692262
