0.9968773400919175 0.05352049789023347 -0.05806139093102301 -0.014407176963191186 -0.05291820663231411 0.9985283849301456 0.011862878892353984 -0.0008618286691258609 0.05861085409788254 -0.008753330473394985 0.9982425291418615 0.9990805216677584
0.996595158288638 0.05492533117508383 -0.06149226350486563 -0.08233480802741569 -0.0543971343842425 0.9984669508004427 0.01023229837568374 0.00923258378848183 0.06196000521648722 -0.006852456097905689 0.998055109499971 1.9966109571935202
0.9964172133125718 0.05465744404247809 -0.06453914180675133 -0.16523785306375904 -0.054215659970832615 0.9984924024397289 0.008578139895440078 0.0236258125087374 0.06491070195534503 -0.005048374083015592 0.9978783065538516 2.9928868139532083
0.9959927038889423 0.05614510545176625 -0.06961509127914409 -0.2483671482257575 -0.05568697120783642 0.9984120454401822 0.008505807289680868 0.02882758264494695 0.06998210512474679 -0.004595068417514892 0.9975376636040102 3.989789718954669
0.9957913215399141 0.05521273470883889 -0.07315188221613052 -0.34050857174524146 -0.054735581138203114 0.9984645935170525 0.008513028267942755 0.03161173481120413 0.07350959191326287 -0.004473188884788046 0.9972844782096763 4.985565073261395
0.9953383011723673 0.05710418118928591 -0.07772244662905925 -0.43283529839828083 -0.0566722700216343 0.998362729767805 0.007753297438661582 0.03140651915124387 0.07803793968257193 -0.0033124464189773937 0.9969448869766172 5.981473345108008
0.9948015243055643 0.05981987039153554 -0.08241062034511047 -0.5306046253963311 -0.059396441969464406 0.9982056758036797 0.007582313280791799 0.02919827724189277 0.08271632197271651 -0.0026479991804981267 0.9965696153202973 6.976680421018909
0.9944307071592197 0.0599421021317172 -0.08668629102023565 -0.6293060678629695 -0.05934629196775839 0.9981928534986826 0.009436358081138532 0.03170659102564597 0.08709527133255739 -0.0042392943031452565 0.9961909666802438 7.971720336528072
0.9940509961190401 0.05936492110117458 -0.09131496732406592 -0.7252411131761263 -0.0584882665629 0.9982129460772516 0.012248957434884073 0.036759500529104705 0.09187894094519743 -0.00683523418953375 0.9957467247168639 8.967192572181878
0.9937712228968607 0.058861600965682666 -0.09462593975139436 -0.8269095189724325 -0.05768707421356198 0.9982204726124684 0.015102633082338503 0.046019604509005656 0.09534651546205963 -0.009549868538231383 0.9953983333320107 9.961969808123182
0.993505945211668 0.060092405983833225 -0.09661697351989404 -0.9427164032012565 -0.058953997761743926 0.9981539716798461 0.014597087643015958 0.054314620903325325 0.0973157899673945 -0.008806336515473811 0.9952145926684342 10.955559759916868
0.9933552869767373 0.05972129991727886 -0.09838008015627044 -1.0592420171981916 -0.05858186889573138 0.9981782708927901 0.014432745898263209 0.06467670970873993 0.09906280064710019 -0.008573555485965402 0.9950442480986869 11.948692644025682
0.9932461137436128 0.05677903333288301 -0.10118447957564077 -1.1550378887303625 -0.05563773676327396 0.9983519049475849 0.014068266964697432 0.07114353821848113 0.10181650053439541 -0.008343576050634998 0.9947682066479688 12.943816244234258
0.9931408200937277 0.05655964105467761 -0.10233434646942452 -1.2681596565528497 -0.055309015943443805 0.9983563095490815 0.015019718336492023 0.07920074976973084 0.10301565035918607 -0.009256683385841215 0.9946366621001699 13.937821206099022
0.9929736176691131 0.055442145614381134 -0.10454455080389455 -1.366028550319424 -0.054210481908010984 0.9984229582889472 0.014588351957952689 0.08830636649117808 0.10518848922014012 -0.008818438139582949 0.9944132022878429 14.932680083581104
0.9926868956062467 0.05761085167302396 -0.10608353812511201 -1.4793670115920186 -0.05662059957568074 0.9983196846104087 0.012325381254359731 0.09691251273144587 0.10661536003467645 -0.006228730920800393 0.9942808295023051 15.926352725874443
0.9924599390287894 0.057924314469605005 -0.10801871697163563 -1.5860468168961117 -0.057204877021065206 0.9983148524205445 0.009749742640302473 0.1015211802155762 0.10840143665088958 -0.0034970315660053305 0.9941010508505906 16.92046684753722
0.9920728024447084 0.06105140367669236 -0.10983751981271474 -1.7039604163796338 -0.06055385139538435 0.998133961254621 0.007862981072452039 0.11236400085214775 0.1101126047766043 -0.0011495648157405104 0.9939184537828267 17.913726117438998
0.9919359675283184 0.06172091842222502 -0.11069581994265333 -1.8263945464981552 -0.06117742375706704 0.9980923732223363 0.008302851188243844 0.11859454678512076 0.11099711323321669 -0.0014638116418866321 0.9938196506959243 18.906367229631797
0.9917666118534398 0.06089854046562901 -0.11265147749543587 -1.9338986895603774 -0.06017337881371504 0.9981395433093243 0.009829372533177996 0.1185708025041117 0.11304048874137841 -0.0029698234646176255 0.9935859439694679 19.90035874775208
0.9915140872155512 0.062211996609673054 -0.11414675786438516 -2.0467583387428308 -0.061321053771292794 0.9980540872333488 0.011303420773677927 0.11738819518519342 0.11462784660583472 -0.004207901454005892 0.9933995924842439 20.893986829255706
0.9914279717236031 0.06135020768418838 -0.11535479574395416 -2.1643337935405675 -0.06042045581735488 0.9981062750509233 0.011542626338704343 0.11985977910604989 0.11584448801235867 -0.004473893279777495 0.9932572873511044 21.88707812893132
0.9912238223098618 0.0612741167439997 -0.11713588990002297 -2.285474016133714 -0.06042549512424643 0.9981144366439785 0.010785680408041141 0.12261302061117443 0.11757590579883825 -0.0036130292162430883 0.9930573258354547 22.879717077707348
0.9912194021012393 0.05963768242902284 -0.11801459118497486 -2.409085344652783 -0.05885235023100888 0.9982152850510664 0.010131414644860127 0.1258476528953837 0.11840818286904162 -0.0030970187139305735 0.9929601757899138 23.872047477868726
0.991173465629736 0.05961439910473436 -0.11841150472365436 -2.5306159259134113 -0.058624240469293265 0.9982100137024071 0.011830763865441803 0.12977979130950176 0.11890483363150994 -0.004784554694306693 0.9928941275762685 24.86458964056421
0.991067808878883 0.061761344712331225 -0.11819532352565286 -2.648846660973563 -0.0604032476952921 0.9980607171755698 0.01504169202083015 0.13444294045138572 0.11889510449076679 -0.0077679553495699485 0.992876433901931 25.857543412630683
0.991126399048395 0.06194339582749028 -0.11760729918980385 -2.771748389928971 -0.06013863725944839 0.9980122946506016 0.018836242587580442 0.1451992076314185 0.11854031136258109 -0.011596354582391635 0.9928815232153635 26.84994922211296
0.9914323913493653 0.060551869769872695 -0.11573799916471117 -2.898878577391312 -0.058448970406080825 0.9980592619876447 0.02148086169473104 0.15882810113646925 0.11681408837014223 -0.014532055190215021 0.9930474752650045 27.84173899751561
0.9916327141330757 0.06088611097740263 -0.11383075924861646 -3.0222241081620873 -0.05875169032934181 0.9980298344437315 0.022015640886968946 0.17266323351892876 0.11494694056178359 -0.015143680208795562 0.993256195452723 28.833989999280618
0.9917882246940106 0.06091178682822258 -0.11245386424527788 -3.145000412190234 -0.05914554468263387 0.9980689289071883 0.018979401841292882 0.18285375577399773 0.1133927771178429 -0.012172402205476144 0.9934756719326598 29.826362217777984
0.9918451935975912 0.06115687046234022 -0.11181658701914078 -3.2633988188084233 -0.05993629077101131 0.9981005113195718 0.014248170135961864 0.19175111408301512 0.11247556617314422 -0.007430107594313225 0.9936267108502902 30.819284750534
0.9920285749118293 0.06031831577577054 -0.1106390859523868 -3.380435480846465 -0.05944316226543979 0.9981689200520987 0.011194529999628578 0.19742291993951822 0.1111117321361243 -0.004528556503171573 0.9937976027127988 31.81239130398822
0.9922819634530768 0.05759751973342427 -0.10981361812755538 -3.492292162088672 -0.05660552451437383 0.9983229056732047 0.012132213428030048 0.20331141787630075 0.11032823573391994 -0.0058225191084660165 0.9938781508168245 32.80607604012634
0.9923803530790763 0.055845510638794484 -0.10982947584387498 -3.601943538606716 -0.05428891344967334 0.9983785840626546 0.017114811173471627 0.20856227449505824 0.11060718195082059 -0.011021879446900343 0.9938030838523064 33.80003344128096
0.9925066233966866 0.05222100513439447 -0.1104697657119887 -3.713268598841761 -0.05025500496877008 0.9985258261934393 0.0205087517976831 0.21374214509782175 0.11137790170988611 -0.014803413372044319 0.993667863002139 34.79378750672607
0.9927680039369874 0.04478900351565667 -0.11138058862766292 -3.819494335789602 -0.042829937133632534 0.9988837514100072 0.019921035470098263 0.21709335196913843 0.11214850353036057 -0.01500654301117754 0.993578138257255 35.78805746488248
0.9926676187004819 0.042295391851210645 -0.11323470586206154 -3.9309159829397116 -0.04070165339730551 0.9990375511860736 0.01635074098809115 0.2222264724541972 0.1138172842508584 -0.011622011370093333 0.9934337193076703 36.78183819288215
0.9924982773241489 0.04221772061762014 -0.11473810864071989 -4.048874355879559 -0.04105132053524089 0.9990787105933828 0.012510760223793174 0.22260076952115776 0.11516057741653617 -0.00770675709471272 0.9933169923565042 37.77484373220929
0.9921661051970555 0.04379676830593492 -0.11699684946211932 -4.166729957650835 -0.04268011973498961 0.9990163135790865 0.012033809964427487 0.22034792278551651 0.1174088032368636 -0.006946098819427726 0.9930593761873842 38.767876836985735
0.9920834165480615 0.043773218171025245 -0.11770471520409702 -4.286345389326699 -0.04247935843387437 0.9990064033920365 0.013479988455278922 0.22192652741448327 0.11817782667392489 -0.008373252215229636 0.9929571440550528 39.76069523112096
0.9917879579778544 0.047016318573359334 -0.11893742976004705 -4.409315253093861 -0.04539679783804184 0.9988361907036498 0.016290944928838546 0.22589651156237942 0.11956494953024374 -0.01075778455030932 0.9927680962417147 40.75309537576299
0.9916579482886307 0.04697962935950872 -0.12003094609818883 -4.533033162839981 -0.04517097148802113 0.9988216300498969 0.017746399051514226 0.22760769427762095 0.12072322448813046 -0.01217644322905444 0.9926115238599023 41.74537312348611
0.9914674324221625 0.04915673983148432 -0.1207308799576331 -4.6522569176751 -0.04703084643390644 0.9986851654384882 0.02039705412087295 0.22811220525257833 0.1215747915067717 -0.014544939403079927 0.992475699857606 42.73821821850136
0.9915055591705614 0.04871293208929848 -0.12059758032869462 -4.776993312690004 -0.0461903998934983 0.9986532129383485 0.02362640991755243 0.23658432511551875 0.12158607276966939 -0.017855266314925 0.9924202821251037 43.73039041017812
0.991141298351876 0.054597123944027506 -0.12107056107245005 -4.905879244067935 -0.05183955744141345 0.9983217713727514 0.025812808592833403 0.25336390064418557 0.12227668210102786 -0.019307896317629976 0.9923082273941652 44.72191382171481
0.991140524396473 0.05437280437501441 -0.121177799301196 -5.0337130213323436 -0.05169782242854113 0.998346974129064 0.025112833442067772 0.2638339920875445 0.12234294444401617 -0.018625718556297757 0.9923130990534331 45.71357701879905
0.9911368175463812 0.054782445303189334 -0.12102352081572547 -5.155502037799952 -0.052329853729204075 0.998356739267764 0.02335396256137163 0.27271653003904217 0.12210403479292334 -0.01681382898809501 0.9923748786834774 46.706086153168535
0.9909975775310059 0.05653934001131337 -0.1213552815445743 -5.283684056145177 -0.05435567697041809 0.9982958739529687 0.021232249752801958 0.28225893556224924 0.12234893423632849 -0.01444475958826903 0.9923820268483657 47.69771473326774
0.9908995405497667 0.056535678729759134 -0.12215489171059171 -5.410611660506473 -0.05433430668136613 0.9982960123822016 0.021280384847319603 0.28750183815989405 0.12314984228863728 -0.014449522219098862 0.9922828869087297 48.689539020497186
0.9908597639982978 0.05438400666649709 -0.12344759174700756 -5.529626037867562 -0.05197347714161972 0.9983912066127021 0.022666191392501953 0.29218086045628666 0.12448166838152133 -0.016043016466063653 0.9920922012895886 49.682437802325765
0.9907100257474493 0.055284727534721335 -0.12424670532814884 -5.6535140355516145 -0.052746972921176236 0.9983284051864564 0.023625245935617236 0.29794247488061104 0.12534513046441406 -0.01685213040767594 0.9919700620329126 50.67472441030115
0.9904954308040537 0.05781239603218552 -0.12480596308394008 -5.7819674683542805 -0.05574928371150855 0.9982452027797143 0.019963278611988128 0.3043056890479929 0.12574107889606276 -0.012815693204187857 0.9919803118438132 51.66642058921527
0.9903553033260886 0.057668298573033745 -0.12597912729330463 -5.911953466738835 -0.05610533118453644 0.9982978810968318 0.01592270109775184 0.3116106127366814 0.1266829309203287 -0.00870103081630495 0.9919050998337329 52.65790837638175
0.9902267185880128 0.058811082689438965 -0.12646067510223377 -6.045938633834419 -0.05741682875057812 0.9982428664130105 0.0146453894370415 0.3151639562054149 0.12709977801177952 -0.0072412849986577136 0.9918635038254624 53.6488760550242
0.9903372532609256 0.05751499104451988 -0.12619092918571637 -6.179446696356105 -0.055648141624640865 0.9982832264769677 0.018272494861354294 0.3186487528044951 0.12702523031795568 -0.011073641672146205 0.9918376708528396 54.63992057460445
0.9904320705649022 0.055792262379612746 -0.12622019273905846 -6.304772591585396 -0.05350360941837526 0.9983371842028308 0.021452981544949755 0.32287262178806575 0.1272072221838314 -0.014494485038332585 0.99177025188687 55.6319811321419
0.9905058225100746 0.05403295066431338 -0.1264067079555061 -6.429581417930793 -0.051640858724336526 0.9984205551439075 0.02212728578799984 0.32872177378128353 0.12740265807216872 -0.0153894544620195 0.9917316811554958 56.62416091333234
0.9906787736754964 0.05059753055926974 -0.12647314849452643 -6.561180292142205 -0.048328003410535496 0.9986117624177417 0.020951182479324225 0.3363218001718078 0.12735765181239067 -0.014643697013883789 0.9917487537993672 57.61542825225988
0.9907543902324287 0.0480264217508706 -0.12688262705735653 -6.690908237844341 -0.04589834110822086 0.9987529401858688 0.019644509502522996 0.3416658567177744 0.1276678523304995 -0.01363918193620159 0.9917231933344243 58.60694847973951
0.9906773753584494 0.04682331054411547 -0.12792933808389462 -6.818802905002429 -0.04450868297842591 0.9987904813948891 0.020893812827972737 0.34679711112563144 0.12875292265583785 -0.015005061301230818 0.9915631765262993 59.59873117745603
0.990653089567399 0.04428680057180578 -0.12901602778600893 -6.945457363648659 -0.041395799248272684 0.9988298732043456 0.025005443391117405 0.35408901608630217 0.12997247375950013 -0.01943099816537394 0.9913271873479167 60.59062565637791
0.9906157653995915 0.043636761131918035 -0.12952311924786797 -7.0714929718729715 -0.040065057883933046 0.9987449335416226 0.030055762537250973 0.36369515738763886 0.13067209525579174 -0.02458436094053383 0.9911207861399158 61.58260247451024
0.9904591710755566 0.046067668004475086 -0.12987840619960953 -7.205224453723393 -0.04221727470507136 0.9985879339035642 0.032246549872604835 0.37405744451236556 0.13118053265937737 -0.026455778704081 0.9910054286553431 62.5735329994959
0.9902217649251982 0.046694230935468366 -0.13145533486995017 -7.344460414182488 -0.0433208156833725 0.998657258812444 0.028407505165737132 0.38629044810326024 0.13260529098400625 -0.022434977569840805 0.9909149855484504 63.56372078383778
0.9899370678838287 0.04774849749223712 -0.13320916866643176 -7.488224078546101 -0.04538547580194752 0.9987546176104164 0.020721302760704493 0.4010842897423618 0.13403268338654928 -0.014467024196557005 0.9908713059702027 64.5532066961762
0.9897365060678476 0.049472174790995437 -0.13406771601716366 -7.6323563868592394 -0.04777298621075282 0.9987322414576615 0.015863532439576278 0.40887165436405315 0.13468255397458487 -0.009295902022045114 0.9908451926817212 65.54274251059647
0.9893562346274807 0.054146304836453434 -0.13506449820841618 -7.77880008927898 -0.05234273154005887 0.9984866486084903 0.016871603525140225 0.4133321394084491 0.13577363314966143 -0.009622381365444608 0.9906931564910483 66.53191444937673
0.9891134394676817 0.05676527801855312 -0.13576563289687463 -7.928288974224487 -0.05466875136272603 0.998321389486863 0.019124092591773976 0.42064429809883147 0.1366233197109963 -0.011493759371705619 0.9905563901195378 67.52066095619513
0.988849404791648 0.05928994860949616 -0.13660730813937824 -8.07330724016625 -0.05699385842140276 0.9981607034113612 0.020661806977521697 0.42622503358439545 0.13758108425741145 -0.012645637952217601 0.9904097803915985 68.51006303515544
0.9886637985223472 0.059753393066229094 -0.13774405797868888 -8.21848466280264 -0.05748797832654241 0.9981383612731902 0.02037017679835677 0.4358043610656622 0.13870481548702915 -0.012220628950346346 0.9902583654727513 69.49941962567553
0.9883293620895162 0.0618125438925446 -0.13922744502885284 -8.365705802424019 -0.059431581077517066 0.9980072731367303 0.02119834750194208 0.441493160484631 0.1402603265444532 -0.012676442076498515 0.9900335088338791 70.48847875988173
0.9881207103611838 0.06258022403674328 -0.14036088242391684 -8.514319399226903 -0.06009665235007947 0.997953002006847 0.0218677424951587 0.44453872392977445 0.1414420522038033 -0.013172750093731141 0.9898588912180071 71.47737275186638
0.987908050965027 0.06266449762310973 -0.14181270597561121 -8.662054811539763 -0.06007255226842999 0.9979406359311168 0.022489455781623067 0.4458417346402241 0.14292995243278708 -0.013698463236440035 0.9896380049303476 72.46636509289189
0.9877430888776944 0.06286215449674737 -0.14287036048942536 -8.811449837798467 -0.060095146170958784 0.9979135163662384 0.02360481434494085 0.4527188580672296 0.14405611330673382 -0.014729677036346818 0.9894598894514925 73.45514886853431
0.987392861548481 0.06555415711899865 -0.14407633201716208 -8.964246598198335 -0.062398847815617116 0.9977042954975285 0.0263158229410151 0.46710749446031785 0.14547068692484222 -0.016993858602360815 0.9892166031842646 74.44330580549153
0.9871472062100346 0.06755578909670981 -0.14483303708492748 -9.118655792716016 -0.06381167051341333 0.9975004062512203 0.030348150436845796 0.4804541746699713 0.1465212065812004 -0.0207160538754538 0.9889905869793787 75.43119354184977
0.9866978543866639 0.07086886538474188 -0.14630429955347268 -9.268674459182604 -0.06685084880854619 0.9972430642324285 0.03220613068800168 0.492138305333894 0.14818335993737614 -0.0219971534384583 0.988715235585187 76.41973296182572
0.9862539061042028 0.07338602613615208 -0.14804635713905934 -9.42934529495422 -0.06997087280271243 0.9971516855761218 0.02815302669208539 0.4991853903536521 0.1496907133172552 -0.017407099719443094 0.9885796291781083 77.4066577330031
0.9860682806512655 0.07286707249384515 -0.14953172118194055 -9.592155826833144 -0.07050962107553768 0.9972897266317162 0.02101414977153445 0.5042280660020579 0.15065768891510703 -0.010177961535253568 0.9885335957213305 78.39320197939675
0.9858992962546155 0.07154355772995406 -0.15127490536105037 -9.753688530420886 -0.07003590149915616 0.9974274700893602 0.015277906019431731 0.5132782310027476 0.15197878189357447 -0.004467802421641234 0.9883736583881947 79.37999380161872
0.9858318365279714 0.07216484050685444 -0.15141937089589091 -9.922316321865464 -0.07083528611780224 0.9973874661853088 0.014163493109318056 0.5234529895179529 0.1520458888904805 -0.003236987962422294 0.9883681346443907 80.36561923147642
0.9855770066363433 0.07511257318100273 -0.15164453613590415 -10.092827596349307 -0.07328446911242176 0.9971554794032019 0.017616369747489844 0.5304113299416894 0.15253639099131608 -0.006249099639010947 0.9882780975904726 81.35092751039802
0.9854368616307351 0.07527473842110456 -0.152472638512625 -10.269500421295806 -0.07308390395104536 0.9971266286863968 0.019930613331614215 0.5269241538787885 0.15353479971212328 -0.008497065383662484 0.9881067073738654 82.33511481316329
0.9855352966882318 0.0721846760657784 -0.1533282476353177 -10.437870897167853 -0.07044874309936347 0.9973750639071208 0.01673190042958151 0.5243581340699838 0.15413355759651642 -0.005688096126489465 0.9880336492170168 83.32077808122676
0.9861416438105223 0.06384064384315971 -0.15313076286746605 -10.59600208157371 -0.06283650201341973 0.997958801880856 0.011393145449913416 0.5261146765129548 0.1535455383832396 -0.001613053692911975 0.9881402560873546 84.30816530135499
0.9865340512479996 0.059726207640918856 -0.15226078237367435 -10.748956165287847 -0.05942676908785771 0.9982113701345302 0.006520709311218677 0.5268404655057047 0.15237790142926946 0.0026154645814497274 0.9883188425306041 85.29633176139765
0.9868528438712525 0.06218515176295649 -0.14917932646127494 -10.907199773590518 -0.06199434727952329 0.9980588636956038 0.005933422623175815 0.53063236980057 0.14925871984111208 0.0033928599819945345 0.9887923558829392 86.28364245417636
0.9871353826728161 0.06723765154862794 -0.1450614852040973 -11.070623086805291 -0.06669153508308441 0.9977363194537067 0.008629947348184463 0.5301006156543325 0.14531336973470516 0.0011554467516970727 0.9893850057076603 87.27024052817845
0.9879615106376712 0.06597432328341821 -0.13992655990134947 -11.219599530945038 -0.06501265743885239 0.9978188893232763 0.011437590760363176 0.5238884250760807 0.14037595189799965 -0.0022029019402003682 0.9900958233180113 88.25903245387057
0.9890214849413456 0.06254613578842542 -0.13388234843455624 -11.344098817580083 -0.06103363226993312 0.9980172744078797 0.015375815926491725 0.5181001524003637 0.13457859434677866 -0.007035686278013848 0.9908779445836106 89.25104693551489
0.9903638532021017 0.05840187006694919 -0.12557332456923126 -11.453037563577826 -0.056541349597425704 0.9982319302490283 0.01833273621150932 0.510648390572352 0.12642196825072824 -0.011055994029588151 0.991914941383397 90.2450286277172
0.99140043599488 0.0620882782197356 -0.11519644619896391 -11.547272250098942 -0.060438998622968615 0.998013909346006 0.01775849648349776 0.499248196578003 0.11607025008422701 -0.010643423303163153 0.9931839782164092 91.24037013569013
0.9926675097062192 0.06727994712404489 -0.10042222806051958 -11.640316234194588 -0.06595195323284693 0.9976865381291775 0.016489739251685415 0.4974030444497387 0.10129933384986184 -0.009745786310089754 0.9948082551983424 92.23582625828233
0.9939606324118361 0.07263341151447364 -0.08225964227512772 -11.728541844355783 -0.07156406092069802 0.9973096138650482 0.015878264290721426 0.5051078520578091 0.08319162457844875 -0.009895535564915665 0.9964844363942068 93.23197636253828
0.9956622176925309 0.07115774835641654 -0.05994433341389309 -11.775010941389287 -0.07037819721505752 0.9974072980077997 0.015019694988170452 0.5096988096829682 0.06085768329758873 -0.010735768702059011 0.9980887163243679 94.23125006898428
0.9971230321644438 0.06791122615670056 -0.03367081954867282 -11.765859807445603 -0.0674579027825888 0.9976178711952712 0.014422705155037725 0.50470271289289 0.03457007491112286 -0.012109848624480505 0.999328905559591 95.23132927303656
0.9977365547730029 0.06711061184801909 -0.004234742859176436 -11.719967621324072 -0.06704479249786377 0.9976498573477454 0.014133574669587003 0.4996889263143754 0.0051733034530379906 -0.013817666641185417 0.999891148585672 96.23017110314404
0.9973352383225287 0.06692131545942631 0.029050988577414158 -11.65921933805865 -0.06734060658431744 0.9976359580907219 0.013701745482324161 0.49017208942529805 -0.028065371991143187 -0.01562154478872552 0.9994840179979925 97.2275124774051
0.9955020677561459 0.0670528732040962 0.06692940525892646 -11.557512617127637 -0.06800421174139458 0.9976124322958262 0.012035867822321725 0.47980729134354017 -0.06596256725347864 -0.016533212751314554 0.9976851169569732 98.22357340414615
0.9917771635800695 0.06723207139985293 0.10889401441933173 -11.402513096298998 -0.06867117934182862 0.9975939661464838 0.009515662663734199 0.4683006543139234 -0.10799225402256782 -0.016915297319664704 0.9940078197819731 99.21152011348401
0.9858598457543916 0.06708104211428746 0.15355942927085087 -11.180309159268159 -0.06891713694275069 0.9976001621842353 0.006659177546890591 0.45587597540852354 -0.15274420697604932 -0.0171478919651385 0.9881169753811584 100.18893176699572
0.9767877748445766 0.06912493333145277 0.20274956598252858 -10.91103093708489 -0.0709620367498961 0.9974773987474288 0.0017967549550982024 0.4236724761330365 -0.20211390910693794 -0.01614257042680903 0.9792289748396577 101.14960036310632
0.9642856520674699 0.07003902868239997 0.25543632411628836 -10.576289452903525 -0.07134203747428539 0.997443182647481 -0.0041726585147416635 0.38916209290937687 -0.25507546903971934 -0.014199713070655423 0.9668168767884002 102.0955794949666
0.9473781085483561 0.07021162440538636 0.3123220249065009 -10.192796642231508 -0.0707303127624017 0.9974484787238492 -0.009682724204002355 0.35472978966897795 -0.31220496840997314 -0.01291743356224029 0.9499269433015841 103.01463585087792
0.9263558253012867 0.07081879852320774 0.369931862247769 -9.738636047972667 -0.07026981312549072 0.9974155634768838 -0.014978220768772043 0.31854998597026224 -0.3700365364307705 -0.0121198807675148 0.9289381412109736 103.9114670242937
0.9005080700179448 0.0710865990103638 0.4289894069481169 -9.226778527438572 -0.0688068544800045 0.9974122404391192 -0.020843209896348972 0.2842578496982056 -0.42936095841276006 -0.010747932980602363 0.9030690169236896 104.76668410885996
0.8703526036579616 0.0697320692835368 0.48746670021576266 -8.65149369027966 -0.06487870891737933 0.9975316424217261 -0.026858434366632607 0.24513619190496547 -0.48813635229822944 -0.008249901869038682 0.8727283888382048 105.58612094738987
0.8366130380757566 0.06891478111498907 0.5434421565038237 -8.024507309128929 -0.06189657588875747 0.9975942124844066 -0.031218602000456862 0.18198042593888003 -0.5442861732718361 -0.007519319217108783 0.8388659138525123 106.36042159474214
0.7999127381845733 0.06733627461730028 0.5963266197401579 -7.341299227670487 -0.05954567632617531 0.9976871292137194 -0.032782687994502374 0.10004526692979226 -0.5971548574037696 -0.009285382164996704 0.8020722273942243 107.09089758610044
0.7618465082322062 0.06617918011784485 0.6443680733969723 -6.581879981528914 -0.05827874892402289 0.9977358392036376 -0.033567582463777744 -0.00554524866453069 -0.6451305955527493 -0.01197961967433275 0.7639784050575068 107.62393728933799
0.7194608005322679 0.06518692846701828 0.6914671509583842 -5.8119345398888775 -0.05540902605008132 0.9977995208065398 -0.03641368026469238 -0.05858339864682709 -0.6923192878503736 -0.012115305826666957 0.7214895862277404 108.27702220976188
0.6756346281429623 0.06380415107239516 0.7344704756217593 -5.0034289050488985 -0.05010925294218489 0.997918390017671 -0.040594945918355614 -0.11582590113559288 -0.7355317206101286 -0.009376415651465674 0.6774253987014608 108.85655808245873
0.6313954645158758 0.060870365642322045 0.7730682802801786 -4.1618251481053825 -0.04235707848719877 0.9981333293802404 -0.043996984923345105 -0.18581263730124858 -0.774303328993754 -0.004965417090817799 0.6327951480078707 109.38806914109838
0.5869855738162144 0.06281316256480737 0.8071570124456939 -3.304644805440316 -0.04177202621784029 0.9980075104295412 -0.04728749255230274 -0.25612276925354305 -0.8085190374736422 -0.005959507935651749 0.5884398442558583 109.87243719718279
0.5422289445494399 0.06544143887822869 0.8376784524925712 -2.437507497509536 -0.0432017274969969 0.9978150567722811 -0.049987230567449595 -0.34118636781987355 -0.839119408924662 -0.009084632963152397 0.5438713882986023 110.28835676849721
0.49847594184410005 0.06742681691118892 0.8642773627510235 -1.5484873865728397 -0.041495974762821825 0.9976836708261154 -0.05390154956408264 -0.414349255419339 -0.865909821795041 -0.008995405946982109 0.500119248970411 110.69812515219226
0.45756417783076364 0.06441960529056397 0.8868399729490476 -0.6064659374473595 -0.031925657125601546 0.9979192963284279 -0.05601634076296456 -0.47866423626950017 -0.8886032723230062 -0.0026818779953552323 0.4586687605966448 111.08254230604668
0.4198763737860463 0.055872554604119926 0.9058598613352354 0.35490066370331663 -0.014456837703482092 0.9983883646382151 -0.05487871352941879 -0.5459541088218962 -0.9074661594681611 0.009946406237353326 0.420007426628466 111.39189105969834
0.38624265067506136 0.05220876054656038 0.9209184872298397 1.3014759511169693 -0.008608197769910585 0.9985574140044926 -0.05299990441324088 -0.5914559230073336 -0.9223570424356584 0.012543375098053703 0.3861348857724374 111.65419231314257
0.3540711528649322 0.056127136678255175 0.9335327328150848 2.2527281142570503 -0.009150261656867312 0.9983576041176391 -0.05655410694279449 -0.6790002105612905 -0.9351737225887538 0.01148210907397349 0.3540032058480615 111.94331985557301
0.3224692118743275 0.06369465093576956 0.9444345392007444 3.205564610396617 -0.017461894868968195 0.9979640127762778 -0.06134257437582166 -0.8249695237225605 -0.9464188764076576 0.0032894749791677474 0.3229248979772643 112.27591075721101
0.2946102381133861 0.06876127790365578 0.953140437847347 4.15011973355134 -0.02116274049246308 0.9976327410493581 -0.06542975165161617 -0.8956311794348085 -0.9553831409511165 -0.0008947890252536434 0.2953679964704672 112.54433091832678
0.2694471752451588 0.0703873520145877 0.9604393996649562 5.111572562604386 -0.01872132312947499 0.9975196887614023 -0.06785265354896489 -0.9843780130753206 -0.9628331796384484 0.0003020094842504128 0.27009660674948366 112.77020606685336
0.24696913280381638 0.07119134533087425 0.9664046977287067 6.08424781168765 -0.009945387586612748 0.9974313322570766 -0.07093536986316308 -1.062890658019398 -0.968972309567142 0.007907577495788057 0.24704277668101407 112.95789453218339
0.2274620173134203 0.07685813024436752 0.970749122325151 7.069102727157735 -0.0023035266049641692 0.9969200735918698 -0.07839043713846347 -1.1231221770990834 -0.9737842288951326 0.01559470053957417 0.22693849578727648 113.12437738159173
0.20772264601988444 0.08301298373761483 0.9746589900377866 8.080852644256215 0.0009088655528135743 0.9963757298941995 -0.08505632746131474 -1.1881413869947788 -0.9781873421251696 0.018553959382783484 0.20689435540226203 113.31295178521192
0.1894664220187359 0.08398914415765141 0.978288453673601 9.098354907806145 -0.0007625961347123155 0.9963471537779239 -0.0853918474197821 -1.2753281860445194 -0.9818869045743263 0.015432848806790784 0.18883838011154763 113.51344835399524
0.17388503778114978 0.08008212874637084 0.9815043791503427 10.077998608550729 -0.0019170376035589532 0.9967136033437912 -0.08098344198822865 -1.3665320935312213 -0.9847640928682733 0.01220022806688173 0.1734671030266016 113.68032116827617
0.1599882921602625 0.07678791500512017 0.9841277165494379 11.046920947062924 -0.0006087261417934823 0.9969772571264998 -0.07769155826088144 -1.4638627114999512 -0.987118724279975 0.0118306754535008 0.1595514315015297 113.81276745297131
0.14708120859181129 0.07406409610587353 0.9863476201356163 12.034094649708935 0.0026731708669672886 0.9971592632884577 -0.07527454945421383 -1.5544764522067849 -0.9891208077058568 0.013708147432778902 0.14646540361898883 113.94106199704491
0.13575473648944628 0.07299222982269889 0.9880499916027493 13.025026974332022 0.006848241885156332 0.9971893996561427 -0.07460832927028059 -1.6360268006642968 -0.9907188062733855 0.016894839417127095 0.13487331573482675 114.0534653270071
0.12553220191371753 0.07353791656416284 0.9893603191507617 14.031903354701841 0.010389988290625596 0.9970968718005603 -0.0754312693042881 -1.7144280220307633 -0.9920351376972554 0.019748495460099918 0.12440370774638616 114.16977480997619
0.11747561303062225 0.07403398371990189 0.9903122990237182 15.039050798061776 0.012773559375729113 0.9970221176272391 -0.0760508589232823 -1.7969119558997488 -0.9929936135363371 0.021583934225612243 0.11618010698648192 114.28317795285828
0.11148792104428921 0.07420350692312963 0.990991565565284 16.05792708148275 0.015052329486611279 0.9969678823742235 -0.07634440969240082 -1.8783511337034964 -0.9936517855054895 0.023428211083300655 0.11003294091856142 114.40697751972174
0.10599464845477857 0.0751210177513397 0.9915250713879867 17.05194716227609 0.016861880731211122 0.996863109456033 -0.0773279896535177 -1.961291412225373 -0.9942237230508799 0.024915330574789188 0.10439547320260012 114.50474272749075
0.10023192485415416 0.07584613195446614 0.9920690124722059 18.04275513660153 0.01772185835238884 0.9967959896647148 -0.07799801744197034 -2.0402456308495305 -0.9948062610260191 0.025399197937843256 0.09856664632392301 114.59966823051016
0.09589036256654404 0.07584441321662583 0.9924981931221253 19.033997623717493 0.020456969275125747 0.9967321419618945 -0.07814441495160658 -2.120055917783561 -0.9951816672220868 0.02779680132457714 0.0940254596435924 114.69262358564362
0.09281060474442428 0.0757716149285537 0.9927964816708882 20.025632531980975 0.02180186164935472 0.9967064736909812 -0.07810815662343072 -2.201541480814805 -0.9954450615054531 0.02889407679104764 0.09085296831032279 114.78326288454652
0.08984840108091055 0.07533767150903783 0.993101958549474 21.01841296303457 0.02283150699634508 0.9967170721747717 -0.07767754066411828 -2.2824426175490617 -0.9956937215386459 0.029653217143274745 0.08783336269080354 114.87164961989284
0.08758758926769114 0.074714006170682 0.9933510112181911 22.01174186775489 0.025037131642063313 0.9967032419692841 -0.07717376164899233 -2.362823669370961 -0.9958421341986944 0.031630123772201174 0.08542820977138135 114.95650093902485
0.0870894441593055 0.07417041940010245 0.9934355427515352 23.00573152313267 0.029495088284571227 0.9965953387691209 -0.07699201588960645 -2.443244014602515 -0.9957637613827421 0.03600666090701771 0.08460527103684863 115.03753416735546
0.08711073655870463 0.07366917015385625 0.9934709723716358 24.045188420721264 0.03282011031267157 0.9965083409754933 -0.07677217416051917 -2.5295167821356754 -0.9956578528466803 0.03929350754401015 0.08438874527817636 115.16056980839264
0.08948536347617339 0.07350303366515148 0.9932722052718267 25.04114874883228 0.03429272187578588 0.996454448001125 -0.07682800456293339 -2.6112270543387694 -0.9953975984248128 0.04093698939579843 0.08664746937632568 115.25331903962962
0.09346918861654863 0.07322368510215362 0.9929258797712073 26.034377987239203 0.03674727906885793 0.9963586115759778 -0.07693604239512117 -2.694533066358157 -0.9949437915080416 0.04367847385668415 0.09043805980421943 115.3435835802699
0.09763279889155274 0.0727442197025988 0.992560383594098 27.023017952429917 0.03663999314857553 0.9963862475318231 -0.07662869326514404 -2.776060765818443 -0.994547810556472 0.04384887945331347 0.09461463041208251 115.44401449835217
0.10149501029601966 0.07121917648489645 0.9922835238911434 28.01181509004149 0.037729444874598915 0.9964410876150391 -0.07537670662752387 -2.8541420741982257 -0.9941203407407293 0.0450886661298642 0.09844673845366497 115.55406636484545
0.10517289945987991 0.06968734217464205 0.9920092416705791 29.000111410235117 0.037179346098992254 0.9965687046556997 -0.07394939570078672 -2.9349551894137083 -0.9937587018199397 0.044659727288626994 0.10222109036618753 115.67096850896769
0.10874714363298302 0.06789223558730124 0.9917483063250607 29.983967882244475 0.03355721079412704 0.9968456811249055 -0.07192080106854105 -3.017867522566671 -0.9935028798928488 0.04110148865406833 0.10612584640432207 115.79764498727404
0.11238568955227979 0.06680130393668024 0.9914166846367973 30.974675335890932 0.03246818968793974 0.9969580497632975 -0.07085523036833526 -3.100540749172959 -0.9931340661976334 0.04015261889990684 0.10987490046972716 115.9277119715659
0.1160329233056889 0.0680774676142631 0.9909095917955208 31.96315193993212 0.029161486546192154 0.9969847643273138 -0.07190957795472097 -3.17972510484888 -0.9928171878102992 0.037240275273402415 0.11369781654020011 116.05948899489626
0.12055668683321423 0.07249554781341316 0.9900557968150241 32.884913168586806 0.02629377150493492 0.9967467812045874 -0.07618721505830468 -3.2490921666172694 -0.9923581625803474 0.03521717912506931 0.11825830818436547 116.11726521517352
0.1204117614824027 0.07762300793941962 0.9896846347878411 33.921788329380426 0.020447678722346346 0.9965328911315163 -0.0806479344306368 -3.3653701869470365 -0.9925134256681725 0.02994771329329476 0.11840707046849067 116.290282219636
0.12012977430749872 0.08092158599837393 0.9894546650778591 34.92222424936597 0.018108467462646428 0.9963279393188105 -0.08368226059856607 -3.4496016939520704 -0.9925930287539713 0.02797023868757318 0.11822328457954746 116.42317971877644
0.12029281473910748 0.08066258897278983 0.9894560048139336 35.91284590748604 0.015675741632133238 0.9964149394282406 -0.08313566989263828 -3.542868273772103 -0.9926146834731108 0.025511080424432737 0.1185971118078047 116.54474895785326
0.11964328904566697 0.07898330462279826 0.9896702081891716 36.92265457701319 0.013285384138583519 0.9966138776557872 -0.08114356063289782 -3.6398089855113662 -0.9927280503514662 0.02285643136530148 0.11818883868884647 116.69333532194939
0.11953183536562074 0.07787119691353217 0.98977180047998 37.91617847989173 0.014238303798245802 0.9966823701510789 -0.08013441043007637 -3.7313020838906725 -0.9927282664652365 0.023671284740819646 0.11802651922192821 116.81977558377834
0.11986526582606606 0.07729252333488308 0.9897768353952189 38.89275835977045 0.011501459229635058 0.9967897685653476 -0.07923303426619746 -3.826537328194466 -0.9927235438348553 0.020881166633258855 0.11859149377589716 116.94625861844058
0.11994092326672881 0.07776385156232302 0.9897307504145353 39.89315350577238 0.010364922827179147 0.9967751204634244 -0.07957341013121884 -3.9169621042124834 -0.992726922824555 0.019802591126353197 0.11874811191750093 117.07676930053742
0.11969016302675982 0.07847992433564853 0.9897045853945005 40.866338490319556 0.006926245600266938 0.9967805318714943 -0.07987864798471116 -4.014176646289647 -0.9927871332750596 0.016415625429799914 0.11876125313096106 117.20230605948848
0.1181763416980804 0.08000662956883368 0.9897642605630371 41.859109728445375 0.00429671236761077 0.9966983225343534 -0.08108015860884496 -4.106730887159505 -0.9929833284228325 0.013834488868073747 0.11744239605896471 117.3360949246039
0.11504721630035968 0.07972280415475447 0.9901557516468013 42.84377712373688 0.000981686481638064 0.9967646973302482 -0.08036898934159899 -4.203235124230112 -0.9933595392974228 0.010218251016732103 0.11459674093519928 117.4646333688118
0.11082768557419397 0.0784861204259754 0.9907356625310043 43.83333858212785 -0.001420839207736736 0.9968882793921799 -0.0788145901876304 -4.298695333415833 -0.9938386213697935 0.007327162546146587 0.11059433693824082 117.5905518377762
0.1057218886703729 0.07616921903990048 0.9914742217157348 44.8218117736729 -0.0030179030835727092 0.9970820045597353 -0.07627823047316447 -4.391935338909907 -0.9943911577025139 0.0050721054790581685 0.10564326400231114 117.71007125915075
0.09963146839110258 0.07428227269211415 0.992247809002332 45.80031138100344 -0.005020594143316879 0.9972343528117473 -0.07415146125723411 -4.482749243922501 -0.9950117407049424 0.002406145429808078 0.0997288640439162 117.8079381601129
0.09279875951492227 0.07458830044546405 0.9928871918144327 46.77744192845397 -0.004854563216369332 0.9972122234167542 -0.074459483507417 -4.5703617460801915 -0.9956730504781521 0.0020897140642235257 0.09290215092590705 117.88689208378581
0.08435205969396467 0.07557319234918106 0.9935660132188202 47.762627287579896 -0.005147927476548111 0.997139478737616 -0.07540794908742243 -4.6637377789875485 -0.9964227159534657 0.0012460100436081807 0.08449981414706968 117.96006479602883
0.07442752593893166 0.07579627692657764 0.9943417258602196 48.75416069475607 -0.0046426724469974465 0.9971228081349175 -0.07566076321109956 -4.7545452460202435 -0.9972156180962862 0.0010148404829023576 0.07456528095323459 118.03224280256175
0.06479708223703727 0.07472477019685472 0.9950967525083152 49.73575882348828 -0.002764308671331862 0.9972020064005233 -0.07470285823407469 -4.844507728681688 -0.9978946320785252 0.0020897726665621633 0.06482234274589233 118.07676889594352
