1.0 0.0 0.0 0.0 0.0 1.0 0.0 0.0 0.0 0.0 1.0 0.0
0.9999801517938997 0.0005235478472016019 -0.006278687434576318 -0.013485632393670339 -0.0005222776795313102 0.9999998428180137 0.0002039361994634854 0.001174497154490123 0.006278793218037951 -0.00020065293339193533 0.9999802680523878 0.09067506400574246
0.99991174945237 0.0009053688530765976 -0.013254192330764424 -0.02353183486550519 -0.0009033141156824819 0.9999995790494023 0.0001610112627529292 0.0004221500078909556 0.013254332525986531 -0.00014902435439647228 0.9999121463713861 0.18451534428262156
0.99978432215553 0.0010490678284178745 -0.020741471227931234 -0.035610509134089086 -0.0010598455318696564 0.9999993090085831 -0.0005086352377288504 -0.0005624818669935677 0.020740923302888337 0.000530508291982475 0.9997847431629949 0.2818144004721944
0.9995515431215076 0.0016429599558998522 -0.02990005561861784 -0.048497723762833816 -0.001701534308427575 0.9999966828518135 -0.0019336665604318625 -0.0007561353087468656 0.02989677949897571 0.0019836753648210838 0.9995510230136512 0.38545027601749426
0.9991494080428197 0.0017834608883302164 -0.04119805426161884 -0.06869486918742958 -0.0019307052032565308 0.9999918896378784 -0.0035345488939283404 -0.000925527908345512 0.041191416400769856 0.0036110837327938414 0.9991447479165235 0.49835956505900525
0.9985002739500036 0.0015991263388330293 -0.05472335622676111 -0.08834237704087566 -0.0018378899938206292 0.9999890097938974 -0.004313055968952054 -0.002614061438483221 0.05471585768439673 0.004407163075397754 0.998492239244496 0.624799357000015
0.9974848178126585 0.0013356694275645383 -0.0708678645115586 -0.11396480829460501 -0.0016558367590055693 0.9999886865713007 -0.004459252631620651 -7.510735014936451e-05 0.07086110666561653 0.0045653824139231915 0.9974757444898292 0.7632833140440443
0.9960063295362598 -0.0002025949577936384 -0.08928241976442855 -0.14331272886986354 -0.00020741572178754235 0.9999894765476072 -0.0045829873184510895 0.00042536337396349504 0.089282408695257 0.004583202954900053 0.9959958060896881 0.9149700140030823
0.9940276143883078 -0.0016491679096258874 -0.10911636943509619 -0.17869561876286374 0.0011332197902748768 0.9999878845207427 -0.004790263524783716 -0.0019104899097174834 0.1091229473868694 0.004638001394545269 0.9940174401370767 1.0770880246790266
0.9913661973763062 -0.0020791060138203284 -0.13110583517840302 -0.22417751668727515 0.0014146869667841584 0.9999856825982096 -0.0051607421345119565 -0.004816518278626028 0.13111468781349137 0.004930711589234541 0.991354944872317 1.2452066732721363
0.9878895434331756 0.0014612984478460478 -0.15515190808442703 -0.2809007378461566 -0.002522271337305853 0.9999747630303538 -0.0066416451041226236 -0.008809567574905603 0.15513828709475036 0.006952546960246535 0.9878682978859442 1.4177617908890758
0.9836145739600978 0.005630885972959061 -0.1801961792504355 -0.34871735011445676 -0.007234262889771656 0.9999398655323434 -0.008242011866108366 -0.014581566605038586 0.18013893342011664 0.009410549522686305 0.9835961601307439 1.5938565481563212
0.9782224332518653 0.008190481184639518 -0.20739765452088513 -0.41383275721940976 -0.010304591436487529 0.9999053595475297 -0.009115225913427887 -0.021401122256041814 0.20730336822668227 0.011053866567397382 0.9782142534004414 1.779519249026637
0.9715299113271652 0.00825285432773393 -0.23677314415295564 -0.4854113096756968 -0.010788572858029716 0.9998974692676025 -0.009415819026049484 -0.02243599585125404 0.23667116024627524 0.011702194139969412 0.9715193361740119 1.971445749100452
0.9636374748079908 0.01006840457569878 -0.26702330305608035 -0.5745942885627027 -0.012930840042576924 0.9998762161758014 -0.008963576393163721 -0.02606758147970928 0.2669000009769063 0.01209047374021551 0.9636483850052701 2.1637148096672507
0.9542860061459995 0.011780972930848902 -0.2986627314391945 -0.6698834481282027 -0.014875514495396036 0.9998566243935254 -0.00809010042473368 -0.028647073212079086 0.2985246012348313 0.012163031414397455 0.9543244328447208 2.360582773760509
0.9430683319900415 0.013279819754434471 -0.3323338195020344 -0.7728352540710399 -0.016604702352015627 0.9998364480983002 -0.00716665291307357 -0.02817964716202899 0.3321842938149274 0.012276947563023619 0.9431345988252225 2.558491142248072
0.9307792663666047 0.015429701180700148 -0.36525591251000944 -0.8891548143621323 -0.019225155291611038 0.9997923494939263 -0.006756574385639162 -0.03089124922725788 0.3650758150111547 0.013310980989000624 0.9308826279822029 2.750080378299327
0.9171370777790333 0.018395012885971427 -0.39814721406015186 -1.0165766451402949 -0.022677326136626826 0.9997245381474646 -0.0060486944981605825 -0.034603717976563315 0.3979262738777481 0.014576396220052544 0.9173015912070622 2.943426290309772
0.9010775461871104 0.018708204811770133 -0.4332542657956604 -1.144368960981553 -0.023431372924531717 0.9997099632641454 -0.005564181276073857 -0.03340413834973822 0.4330245102996914 0.015165501083787196 0.9012545595205558 3.13992996667422
0.8827248643384944 0.013888984316813223 -0.4696849050089153 -1.277102128670366 -0.01919471327724135 0.9997945721313838 -0.006509724942604641 -0.031099473871731214 0.4694980051723236 0.014761763149136058 0.8828101231227123 3.3354737770341476
0.8619049741461917 0.009360795040120952 -0.5069834228633806 -1.4255510353886223 -0.015008612555365036 0.9998624786739073 -0.007054451731634168 -0.03481699441302347 0.5068476665539812 0.013689384803118978 0.8619269363771488 3.5263494196212966
0.8377058933603274 0.010895990890880183 -0.546012924400038 -1.5981284652158685 -0.01571565059029302 0.9998678542719575 -0.004158403553805848 -0.03812549356018923 0.5458954611973797 0.01206446750164876 0.8377664316908401 3.7090049164471575
0.8090683010003566 0.016667289409364166 -0.5874782428142687 -1.791061860013942 -0.020756174329703572 0.9997845431206236 -0.0002203730514001201 -0.04737433887885936 0.5873479935639447 0.012372097673043451 0.8092399308336053 3.8878700995001285
0.7768790461978273 0.019498651713417182 -0.6293478769012517 -1.99324356452759 -0.02398918126410067 0.9997112922138579 0.001360662477393644 -0.049903564514893785 0.6291927103527444 0.014040470129526299 0.7771225118586584 4.0633456936858
0.7416583397294847 0.0190745332586448 -0.670506576619998 -2.2104252654291185 -0.023746609843020426 0.9997156471308797 0.002173339055603386 -0.05385656319052876 0.6703573715792704 0.014310383036526325 0.7419004025519067 4.231382599957679
0.7025623815445766 0.014893843645946436 -0.7114662841342962 -2.435636761313343 -0.01783802114944005 0.9998353917370492 0.0033157852002678426 -0.05658190789689265 0.711398555691453 0.010361604676510667 0.7027124106692891 4.401208217181736
0.6605574821159353 0.011158423757782978 -0.7506925485176323 -2.681084611031307 -0.012737680612560118 0.999912193876022 0.0036545903537085157 -0.055172505616257174 0.7506674125824757 0.007148014919035517 0.6606416135617328 4.5629296173441265
0.6168749984786929 0.010762586391174627 -0.7869875494479474 -2.94730833767042 -0.0101044971139209 0.9999323906803876 0.005754407552483198 -0.059036973731312455 0.7869962740635994 0.004402363271904622 0.6169420425028882 4.7093224985821065
0.5690231614682981 0.01149203584676451 -0.8222411901776265 -3.226728078800833 -0.00749225660528348 0.9999332934076186 0.008790610101376736 -0.06250823537923901 0.8222873632761143 0.001158381237123932 0.569071305153692 4.859786969824092
0.5182674178119926 0.012120355908560553 -0.8551327268951525 -3.5250852542284403 -0.006151139908533055 0.999926534073812 0.010444612628522802 -0.05936027762373267 0.8551964961997425 -0.00015306137353356293 0.518303896821065 4.9928061630512985
0.4660806505299654 0.0136477352399686 -0.8846369687755448 -3.842849553055483 -0.005351338279247327 0.999906213501832 0.012606640276079866 -0.057348298215125895 0.884726053860847 -0.0011417194266266652 0.46610997210590327 5.1058191333966025
0.41204752244200943 0.015653758595724574 -0.9110278805235483 -4.180912187993106 -0.004194843039247609 0.9998744073924342 0.015283086517624231 -0.05359860457218216 0.9111526999034131 -0.002475738971679229 0.41206143737950846 5.209316828988417
0.35733467390764834 0.01765289027940523 -0.9338095663935436 -4.537013644803303 -0.0037956297960506204 0.9998405552733088 0.01744870267994938 -0.05089458829389683 0.933968695416376 -0.0026906310682107727 0.35734470261456097 5.2945388755672855
0.30277395174900246 0.0208780547726342 -0.9528336900903555 -4.911535904269852 -0.0016937515893744174 0.9997702371348774 0.021368297658560586 -0.051401853436646106 0.953060892780649 -0.004855900347231311 0.3027397477768185 5.374501528752502
0.24943501376224383 0.022736715548971102 -0.9681245868561931 -5.298689577462412 0.0032036684961197284 0.999699488673681 0.024303679839648217 -0.05039802837721797 0.9683862403078628 -0.009163738954505934 0.24928721481611846 5.439920570578017
0.1989718545535718 0.023266884313172864 -0.9797289692511241 -5.7003657283415 0.00597513849852626 0.9996707448388774 0.02495395025257151 -0.04856944992989651 0.9799869891051805 -0.010819150042485567 0.19876731918734172 5.484143479926892
0.15168710786152198 0.02436440661991406 -0.9881282290263075 -6.120867010316688 0.004027566374204552 0.9996726168338439 0.025267327948883037 -0.04285168838055414 0.9884203559304664 -0.0078124799285833185 0.15153931879105562 5.508554591777789
0.1094458421580154 0.024701889522890663 -0.993685777440898 -6.557651158803282 0.002194219444162371 0.999682722054899 0.02509264087215094 -0.035284287664566864 0.9939903385020175 -0.0049266498664696165 0.10935691603981719 5.522450756669466
0.07193331316031877 0.023367738875773952 -0.9971356714297275 -7.00784816458407 0.000709306633640056 0.9997240653417127 0.023479566877160497 -0.02859571367417161 0.9974091915266675 -0.0023962379834276655 0.07189688937393485 5.517826738610508
0.037771411476267946 0.020773158629785255 -0.9990704661612375 -7.472327750823938 0.002190535111548178 0.9997797829768648 0.020870723673576216 -0.021148506939877465 0.9992840046908671 -0.0029768156267191326 0.03771758923511691 5.508400779393389
0.006479281112689326 0.018064270162716518 -0.9998158335712389 -7.949618006201709 0.0029357339667673284 0.999832168531252 0.018083590245600693 -0.015285087797297666 0.999974699871122 -0.003052361967854818 0.006425161793922381 5.4950093274741905
-0.019952705086922134 0.016152426223616408 -0.9996704400385186 -8.444102189510074 0.0023532895505343886 0.9998674780927006 0.016108639943659124 -0.010498179397860448 0.9997981554233869 -0.0020311030583735233 -0.019988072252235884 5.462995137781181
-0.04054718387680293 0.01387659801708869 -0.9990812609128115 -8.952754013339067 0.0016644915862326756 0.9999031074765605 0.013820460429280996 -0.002151972511004307 0.9991762383821091 -0.001102581602463975 -0.040566352638483565 5.422881893165885
-0.056680690515764874 0.012920320460446002 -0.9983087521613021 -9.480641702896548 0.0021046747726029868 0.9999155846405869 0.012821619904480394 0.009447845554060509 0.9983901390071713 -0.001374376976226038 -0.05670309886743011 5.382176202233482
-0.07229126222174564 0.013552418446159764 -0.9972914846526303 -9.627315210663149 0.0062512293924254295 0.9998941959439832 0.013134650685066017 0.04238152342686623 0.9973639734507515 -0.0052847773648109775 -0.07236833278951695 5.906308370726803
-0.08193211884484326 0.014812787847930869 -0.9965278266148753 -10.184242940067067 0.005222459429959469 0.9998821963712583 0.014433270498778928 0.04208238158690621 0.9966242289946087 -0.004021777711496135 -0.08199982612751311 5.855504746781062
-0.08867630541352652 0.016330029078818368 -0.9959266253135781 -10.758534771626794 0.0034731326952171433 0.9998645901850458 0.01608535493459248 0.04038813854105264 0.9960544413873619 -0.0020325954775489543 -0.08872101412932702 5.797865636145102
-0.09321081431884778 0.017407469446830925 -0.9954942109834066 -11.345751862853609 0.003799320419277975 0.9998460895111617 0.017127826878788326 0.04467811537613107 0.995639146105842 -0.002185702792178162 -0.09326260475096813 5.740180631622811
-0.09468822255589154 0.01815310142522837 -0.9953414516726667 -11.951109463626281 0.005904907914487993 0.9998263807430192 0.017673155712450844 0.05314390636425227 0.9954894638175377 -0.0042039599142344244 -0.09477897524932477 5.685124667130353
-0.09377048389190289 0.020401661711296974 -0.995384784166453 -12.572390109962074 0.00802586682167586 0.9997730214925016 0.01973552526574051 0.05931945708435035 0.9955614907239234 -0.0061382159600131565 -0.09391294102725731 5.633532151238117
-0.09198202381150052 0.022860898216159217 -0.9954982102587082 -13.208408906386504 0.007124969317611433 0.9997259426067837 0.022299652266365842 0.0639128196788742 0.995735176694971 -0.005041727058077308 -0.09211969865619501 5.568551264774705
-0.09028918709091993 0.022880676019793593 -0.9956527192547301 -13.86034783374901 0.005057610549617874 0.9997336938028933 0.02251581778997042 0.06921457122441721 0.9959027478976 -0.003002688811714705 -0.09038086406928586 5.504193112643408
-0.08879432925917577 0.020337285820409404 -0.9958423378712478 -14.523503770448075 0.0032037921065202635 0.9997921918317765 0.020132284230823912 0.07741451571794271 0.9960448297177957 -0.0014028391466794903 -0.08884103350804308 5.448370199301034
-0.08744720876672205 0.02021569387137698 -0.9959640110968913 -15.203932793762448 0.003224593460081344 0.999794573429896 0.020010320765789565 0.0897729392346613 0.9961639361450142 -0.0014617323391643321 -0.08749443218080839 5.381569088952344
-0.08586141465434073 0.022848905019193143 -0.9960450516984558 -15.902005682206854 0.004015857535783078 0.9997368061237397 0.022587416181503544 0.10724989838066508 0.9962989964673301 -0.0020605875201124575 -0.08593057440320222 5.32409952808623
-0.08399950736795546 0.026305461535360238 -0.9961185197833402 -16.616072486193104 0.0029654039008356727 0.9996536645366755 0.02614875442733423 0.11831617854505828 0.9964613836680511 -0.0007574112540784655 -0.08404842167790222 5.257532046755001
-0.08222354986912808 0.028418037341330894 -0.9962086643874295 -17.345093084009555 0.0024994119020442605 0.9995961128404176 0.028308375694682277 0.12600517343434736 0.9966107769771828 -0.0001623206520438115 -0.08226136921388416 5.194958959491887
-0.0804483146062286 0.027787229277407562 -0.9963713858627729 -18.08399474618449 0.0008243015489988775 0.9996128574152194 0.027811073642286847 0.13714245782871462 0.9967584407487977 0.0014160435251668723 -0.08044007469390632 5.129214349983676
-0.07867864058903787 0.024574322153583284 -0.9965970972292431 -18.83657737129764 -0.0012163516838381754 0.9996930137996721 0.02474668965154461 0.15773507424884492 0.9968992887968388 0.0031592484581854344 -0.0786245963139857 5.0623246196908145
-0.07694393749245344 0.024012577900556584 -0.9967462197499058 -19.600040366676406 -0.0015859799775354076 0.9997057264301638 0.024206305175500396 0.17056373040375422 0.9970341594703108 0.003443347979554463 -0.07688321145753092 4.986540812111026
-0.07555060029755671 0.026355614145209084 -0.9967936037102706 -20.385610689126402 0.0010440263020356554 0.9996521788378632 0.026352065455927668 0.18513431359482435 0.9971414226697035 0.0009502356243014402 -0.07555183815433496 4.934802682543336
-0.07468042714384611 0.02841260954239934 -0.9968026672419191 -21.177887515823027 0.003349238119497777 0.9995955242259648 0.028241291603566414 0.19825616934097795 0.9972018935028314 -0.0012294577706954237 -0.07474538131522562 4.884520345499327
-0.07365842024131082 0.030215654365271228 -0.9968256875496504 -21.978286893301185 0.004845621715518914 0.9995399562020157 0.029939871507113282 0.20721879784970526 0.9972717568836216 -0.002624916560735845 -0.07377094777285047 4.827278194046721
-0.0731927781684104 0.02561952358333676 -0.9969886946376839 -22.77860455585365 0.005213010334571616 0.9996661693576365 0.025305619239225814 0.2161050237709134 0.9973041871702144 -0.0033451237932063745 -0.07330189901746481 4.765609083784439
-0.07299181461393461 0.018685866062141485 -0.997157476735181 -23.5845370741759 0.0064885651120861355 0.9998122059378516 0.018260651151405738 0.22469782812163333 0.997311432563646 -0.005137243151226577 -0.07309935164318462 4.710872358419568
-0.07319910759421842 0.014090334757119825 -0.9972178062559065 -24.404656276638743 0.00991616276894971 0.9998610478377543 0.013399803458546921 0.2356398889095429 0.997268048401908 -0.00890772042782495 -0.07332865847286436 4.652116748559148
-0.07359859161422234 0.014922747293327527 -0.9971762928016403 -25.233554789591064 0.011010801520650284 0.9998392580265282 0.014149924340230172 0.23916625352087445 0.9972271604615852 -0.009938295738247945 -0.07375107263995123 4.581985779483536
-0.07370357539239036 0.02247223047481706 -0.9970269714666026 -26.0766101518476 0.010458007310474221 0.999708532906721 0.021759579880719526 0.2387686278472345 0.9972253572074231 -0.008823156520092326 -0.07391710797609485 4.518487151825664
-0.07376135013504513 0.029542333478867585 -0.9968382585750205 -26.922805601057693 0.008927362067940621 0.9995406515488362 0.028961838820005442 0.2482727039891321 0.9972359627654648 -0.006762871723717433 -0.07399120308040265 4.4462773770049235
-0.0738843223287991 0.035005547967265106 -0.9966522555663668 -27.768612491690803 0.0066581561928658875 0.9993787941531732 0.03460772678262455 0.255274256821984 0.9972445917978827 -0.00407889794685849 -0.07407149736176263 4.374958499715228
-0.07425540692321098 0.03535916708339303 -0.9966121933058204 -28.614484444473916 0.005002648397333732 0.9993718339690362 0.035084340928368346 0.26477623115609666 0.9972267084528378 -0.0023804983793359377 -0.0743856516795073 4.310456351859916
-0.07450793421852168 0.03199842774056801 -0.9967069119659103 -29.45505609976456 0.0047963538449254444 0.9994849979815379 0.03172906868534811 0.27897724172137267 0.9972088862060361 -0.00241649166704857 -0.07462303826393282 4.247215678139189
-0.07505814190827081 0.029249119068765015 -0.9967501012625883 -30.293127356994916 0.004393980473389358 0.9995697254746879 0.029000980156823473 0.2931431378123083 0.9971694782076302 -0.002202940797706849 -0.0751543663599425 4.18650975006865
