0.9990467583056871 -0.0007422845714658998 0.04364657755784481 0.031093135040920913 0.0008481279437904638 0.9999967446122304 -0.0024065419033449534 -0.02798456635963937 -0.043644649132384604 0.002441265769341199 0.9990441355733762 0.9991246573867563
0.9960438652626862 -0.004911903235726865 0.0887270628341227 0.13128140366479357 0.005575454940942743 0.9999583033201531 -0.0072322834071946295 -0.04607276288210603 -0.08868783893392049 0.007698365260451184 0.9960297196356879 1.993928722502749
0.9909983932648154 -0.0044574530387607916 0.13379953534658157 0.28861016332356426 0.006002184868188891 0.9999198895124072 -0.011143981976969135 -0.07097633404922936 -0.13373914282423813 0.011846757780176426 0.9909457583575076 2.9811609512751445
0.9838044470067492 -0.002108278302516886 0.1792327124504431 0.4994050518471582 0.004566826533863448 0.999901047968819 -0.013305576510125667 -0.10973351215582161 -0.17918692515123325 0.013908610047605182 0.983716725699726 3.957922639771334
0.9743684564625725 -0.004607339573605692 0.22491083449402088 0.730939895302957 0.007781379462593855 0.9998822273619651 -0.013228058789344136 -0.1413943810748622 -0.22482339999297773 0.014639119773016037 0.9742895539765728 4.930233909676761
0.9628555418676191 -0.005503635187947937 0.2699609517958676 0.9993425412144226 0.009749586587098175 0.9998489305635203 -0.014389635588340815 -0.17213657152212503 -0.26984097364224274 0.016487148046358733 0.962763741991307 5.893050059002311
0.94949748922637 -0.00808535181670434 0.3136704401737889 1.3219160643008365 0.0141275960121981 0.9997557655151424 -0.016994715359421746 -0.20215268702120273 -0.3134564227827125 0.02056784882363144 0.9493798157802985 6.839118425987377
0.9344306849995637 -0.01020134825313044 0.35599891492118824 1.6660716250900325 0.017995851396351924 0.999665228612383 -0.018589783104503016 -0.23504696416366966 -0.3556900958190508 0.023777367330518332 0.9343014462897208 7.7774546752754
0.9172300858522233 -0.010042347795271654 0.3982312404348517 2.067358320027867 0.019286718172841225 0.9996293479907936 -0.019214295137275617 -0.2692688937748264 -0.39789067859104643 0.025304503280241263 0.9170837966097191 8.692767653424696
0.8977786981173972 -0.01057465295176049 0.44031986773433285 2.507458361466973 0.020585887480630238 0.9996266490960739 -0.017966180829256176 -0.29195605907539696 -0.4399654877865599 0.025194029687696337 0.8976612002447414 9.590429753422931
0.8759919345893454 -0.010390512628806355 0.4822138195673428 2.988278456009157 0.021243070269262535 0.9996289333160704 -0.017050737312806503 -0.3166832722801212 -0.48185772018299206 0.025180010418698683 0.8758876095569358 10.466900290099394
0.8521613575454656 -0.010422797629443568 0.5231752918437986 3.5176543729158327 0.022049341552122563 0.9996288485826403 -0.015999738074803874 -0.3416197448974229 -0.5228143525606257 0.02517002921969209 0.8520748924746541 11.314921109979228
0.8265347886535053 -0.010776676616844389 0.5627824680874488 4.064712521890552 0.02373777996478851 0.9995945937001542 -0.015721515441153598 -0.3828004915086427 -0.5623848868416079 0.02635358583796721 0.8264555206214261 12.151002163334958
0.7994114239683155 -0.012322992780704013 0.6006575722305312 4.669884702250599 0.027034603619351023 0.9995147203024001 -0.015474304700354618 -0.4073972527689891 -0.6001753955604097 0.02860887533164424 0.7993566330594649 12.946716704806612
0.7708725147465295 -0.011446269309921308 0.636886606019663 5.315434027724666 0.027812960756549307 0.9994898272728245 -0.015701095251400978 -0.44664348911301927 -0.6363819648782608 0.02981724496031906 0.7707975912525027 13.709426218277784
0.7403522292214156 -0.014674257045659103 0.6720589578802126 5.986920315330612 0.03275570672478185 0.9993616052298061 -0.014263438206293572 -0.47778769280653877 -0.6714206135976465 0.032573734398478146 0.7403602578903711 14.44978842923499
0.708674678386201 -0.01393170401558298 0.705397836569858 6.7042724699138105 0.033239032153875275 0.9993541308237384 -0.013656058985057088 -0.5120007444904336 -0.7047519896784172 0.033124444580277905 0.7086800436131668 15.145658642301349
0.6750101962483019 -0.012638318753692469 0.7377001476615741 7.4692382510035475 0.03424414105693594 0.9993124170931843 -0.014213790720644713 -0.5465973571589802 -0.7370132792318612 0.034856361578020134 0.6749788591455592 15.7887997062823
0.6402354074900134 -0.013990549752257345 0.7680513573412425 8.26873183174576 0.038723341388027584 0.9991507818843801 -0.01407898759063601 -0.591524079044984 -0.7672021414385145 0.03875538127100062 0.6402334688179748 16.387791863225228
0.603719046274254 -0.012128915682538896 0.79710488806058 9.058714437638734 0.03856860501831205 0.9991577636581312 -0.01400807012485862 -0.6268407230296771 -0.7962636346541552 0.039200162321696895 0.6036783675114642 16.999903141586152
0.5658178539656681 -0.010774213984159427 0.8244598670928187 9.86642621430015 0.04166671326433244 0.9990107052994631 -0.01554013200769004 -0.6438665788123654 -0.8234768006079062 0.04314541702304051 0.5657070194459979 17.58923480211764
