1.0 0.0 0.0 0.0 0.0 1.0 0.0 0.0 0.0 0.0 1.0 0.0
0.9999951417409202 -0.00170919963110268 -0.0026067472408967036 -0.06846869831501107 0.0017183237406641217 0.999992391735852 0.0035019757184615256 -0.050936835699677274 0.0026007418324689928 -0.003506437940626145 0.9999904704720387 0.03350649556597166
0.9999559971801282 -0.0007818868530239285 -0.009348387906185751 -0.072402509373562 0.0008106410594414305 0.9999949514337895 0.0030724530925280635 -0.05061979697179515 0.009345938399550856 -0.0030798960830044205 0.9999515826656556 0.12780345360634177
0.9998611092018395 -0.0001876540502278285 -0.01666514601270581 -0.07836315710399742 0.0002219451257064074 0.9999978621563843 0.002055826603126652 -0.051056311378862844 0.016664724601041153 -0.002059239815655586 0.9998590133040522 0.22567199610575475
0.9998099429768145 0.0015082424438362804 -0.019437158471078096 -0.1762603793315458 -0.001520277760223595 0.999998661709254 -0.0006044296755742082 -0.03914837846589101 0.019436220832017785 0.0006338646792148255 0.9998108978878643 0.2600354883573606
0.9997701235440604 0.0024022113445953275 -0.021305620135309865 -0.28600419033668 -0.002461242391615684 0.9999932039083501 -0.00274489034439356 -0.037188160623803694 0.021298881533637827 0.0027966976541858755 0.9997692414390668 0.2933358880817116
0.999635175506281 0.0023591835431408838 -0.026906321627758203 -0.4050657607005022 -0.0024457192448488745 0.9999919411287552 -0.003183729718404366 -0.04602763721996764 0.02689859379041909 0.003248373524434756 0.9996328894757034 0.33940220254072173
0.9991240100714177 0.002979338939664729 -0.0417412989530983 -0.44084602604541795 -0.003171920126470688 0.9999846262113278 -0.0045482154415358985 -0.033713368480463135 0.041727106555818363 0.004676631316870401 0.9991180999751758 0.4750815824071515
0.9982416593567919 0.0019062282971287643 -0.05924488010180997 -0.47304044728420125 -0.0022164933904905448 0.999984170110487 -0.005171719780760482 -0.02916791265500205 0.05923408378331287 0.005293942020840704 0.9982300824440382 0.6261221953863669
0.9975777025261859 0.002279668357928377 -0.06952359696358056 -0.6227718946256916 -0.0027698358372122965 0.999971979062715 -0.006954789632504921 -0.015288407478064545 0.06950579423336896 0.0071305120135487735 0.997556063771061 0.69631842623142
0.9956444773583553 0.002897466144707855 -0.09318626184018775 -0.6248952393771351 -0.003781025380788694 0.9999495452655085 -0.009306490765759068 0.005675447164864338 0.09315459491016852 0.009618295755673068 0.9956051977736348 0.8692257416722015
0.9947984550381516 0.005914514980346005 -0.1016909650178142 -0.8034609435248481 -0.006830410176838674 0.9999391660671427 -0.008660811842064707 -0.01713447123091772 0.10163355425509428 0.00931035324221225 0.9947783360990436 0.8937764527488121
0.9913779023332739 0.011181692286985375 -0.13055582914170133 -0.791686860660666 -0.013091493020087563 0.9998193580103952 -0.013779120370559374 0.021903293114235597 0.13037817139300173 0.015369486174903099 0.9913452029030737 1.078110931649356
0.9877650491698844 0.013843900692977069 -0.15533368614701407 -0.8788830461744487 -0.016405246474874725 0.9997495865824725 -0.015219461760333761 0.022587033484269655 0.15508409179059818 0.017581539801127782 0.9877448121512492 1.2546145371191515
0.9875186638939977 0.012965263027772067 -0.15696748203253721 -1.0793741477804977 -0.016581616258298248 0.9996258960431146 -0.021751274957183132 0.06458298800969715 0.1566267488753972 0.024082564535803236 0.9873642142705508 1.25467378027094
0.9821592601424818 0.01442363692288509 -0.18749705708167802 -1.13087781669062 -0.018733981604412826 0.9995989304556377 -0.02123714117273874 0.05586794466390932 0.18711554090886937 0.024370821280008136 0.9820355581243071 1.460113778024219
0.9780031069150656 0.015424115718862855 -0.20801927679609533 -1.345014357807314 -0.019786735332247826 0.9996254232617077 -0.01890762475149861 0.032853672110798204 0.20764972422175518 0.022607738125319684 0.9779419625967004 1.4983179975056433
0.970316291571245 0.016913156631144607 -0.2412472578998521 -1.4358759297464263 -0.022127221838952334 0.9995761185570352 -0.018920075690703378 0.049934257010870176 0.2408249994604322 0.023696589274039444 0.9702792336702154 1.7013437011534824
0.9611181027263611 0.018800623903784505 -0.275496876847105 -1.5066953389881874 -0.024936354809834645 0.9995125243932562 -0.018785414283923246 0.04891689421831418 0.27500940133107904 0.024924889605553637 0.9611184001243929 1.9140114933197205
0.9503719127267075 0.021150231222291996 -0.31039635181397257 -1.5700778318095083 -0.02831630985953338 0.9994259747331719 -0.018598592005538834 0.05673299585545323 0.3098248119439738 0.0264648587355607 0.9504252717368095 2.1366194295313075
0.9494255816844066 0.019773080896230723 -0.3133689361042311 -1.800873660964426 -0.02844384563181302 0.9993279488857081 -0.023121380182795834 0.08344505533988297 0.3127011552407508 0.0308654474737514 0.9493499416249759 2.16769619122233
0.9357281907517591 0.014045986992674675 -0.3524421417507301 -1.8861853582451338 -0.024096660152024642 0.9994179884307594 -0.02414612537308168 0.079404604757279 0.3518978601838294 0.031086888722037832 0.9355220474941389 2.3880739605551584
0.919256324291163 0.007326700926515513 -0.393591323207504 -1.9786797804994911 -0.018777305928139316 0.9995048087240163 -0.025249754843344692 0.07581119596563095 0.3932114228157438 0.030601581513074412 0.9189386922837219 2.6114934351425636
0.8988445982961079 0.00532649676959311 -0.43823511560128553 -2.080071093135153 -0.01734649782078767 0.9995749914888565 -0.023429370529449885 0.07033493108993813 0.43792406548083423 0.028661207619644302 0.8985549777562425 2.8413776242905415
0.8759850447733755 0.00768136512026741 -0.4822770966604952 -2.2383021074802114 -0.020896299105863107 0.9995387932141816 -0.022035097994252958 0.07823750828789512 0.48188540755771575 0.029380222766806276 0.8757415466295446 3.051620525275835
0.8495083684551306 0.008027996854615527 -0.5275140597095064 -2.4023387621403214 -0.023427829688553132 0.9994719065441791 -0.022517655851098065 0.08333551547863285 0.5270547113163743 0.03148744663269192 0.8492478271881341 3.2631423952346807
0.8469885514806624 0.01029204971677881 -0.5315114931714242 -2.6711259914558667 -0.020843330855752257 0.9996867183328558 -0.013857155109316193 0.040865287072512926 0.5312023618354189 0.022815321639489412 0.8469377260926327 3.2261338939983975
0.8154121229772691 0.004853141420546918 -0.5788605330475171 -2.8485316752070338 -0.01630154394633602 0.9997607951527983 -0.014581225614152142 0.05580516279665299 0.5786513020521677 0.021326028551919854 0.8152961861431302 3.4449315167924865
0.8062972311252862 0.0005382312452190787 -0.5915103425865216 -3.1311426843174814 -0.010072171028545228 0.9998670940927299 -0.012819731718419018 0.04665226205388771 0.591424827387614 0.016294307524015 0.8061954906174084 3.364633996710677
0.7736777259301958 -0.0006549988973372579 -0.6335789985281441 -3.4190961594979266 -0.007860074246643315 0.9999125878610751 -0.010631832852598916 0.025511595418216605 0.6335305798714996 0.013205590233413715 0.7736049487653686 3.4592740749518454
0.7529855273510917 -0.005192458277517679 -0.6580165909586438 -3.694058655468635 -0.007969435965528342 0.9998235700663829 -0.017009315979915972 0.08876253561879298 0.6579888172987365 0.018051789848918465 0.7528112972007397 3.3139401518056193
0.7290293577655674 -0.0077214321653718086 -0.6844388760154121 -3.99180467754613 -0.007708899927005603 0.999780331209357 -0.019490053587005285 0.11706030083419758 0.6844390172819199 0.01948509205070588 0.7288096890203473 3.1825340298500415
0.6848710945694495 -0.006813699407814939 -0.7286323883300995 -4.242919127988036 -0.01106695349315909 0.9997436727792544 -0.019751234853249526 0.13584760523097292 0.7285801989922763 0.021590790588301826 0.684620136570746 3.406896888183101
0.6370439840539313 -0.005729271057807869 -0.7708061609988867 -4.50334558543558 -0.015767583757502993 0.9996662954116308 -0.02046169886487781 0.1581358990313821 0.7706661700653178 0.025188752869742755 0.6367410627921853 3.645000773685997
0.590473332633056 -0.0041894800085547305 -0.8070462760625757 -4.828416355695756 -0.019749340871067406 0.9996120678810234 -0.019638668024674965 0.16990092983998076 0.8068154726976742 0.027534741761689345 0.5901615295931664 3.8131344093976978
0.5805893062917385 -0.004391270167468662 -0.8141847297548603 -5.077332575400643 -0.01852201609392602 0.999655437108033 -0.018599515589511097 0.19135693454149247 0.8139858674077177 0.025879022521424863 0.5803079215846024 3.522890427395837
0.5660092527326529 -0.005551797066861743 -0.8243801934607315 -5.3489709386138555 -0.017107696043816296 0.999682889162706 -0.018478307589650928 0.21336628132664276 0.8242213613812109 0.02456213884485101 0.5657347866078853 3.240230169309075
0.5479268878681033 -0.0037922619966580836 -0.8365176294018701 -5.633592730376166 -0.015026736672229342 0.999783753969625 -0.0143750646394405 0.17756996971975658 0.8363912497965045 0.020446614569490797 0.5477514155312498 2.9556044371529975
0.5052655888327513 -0.0027409099913670975 -0.8629595425939233 -5.990695595349973 -0.0213538028270276 0.9996490495770048 -0.015677779964511408 0.19606434068755857 0.8626996579611689 0.026348910645611633 0.5050297368091029 3.178282236475709
0.5054385724018041 0.006958467174239321 -0.8628345317979643 -6.211141287643381 -0.01770749990077839 0.9998405426699942 -0.0023094762687111223 0.0839209008161815 0.8626808760924809 0.016445940774453723 0.5054811935733641 2.8179236432609955
0.5078202273139608 0.01247184285218291 -0.8613727821719633 -6.431233787855478 -0.015113072403249994 0.999870291819912 0.005567277476334205 -0.0028185246187173215 0.8613304892858091 0.010190813109601753 0.5079428467404907 2.4348061221148645
0.47621561624324393 0.009185988190466648 -0.8792805607239552 -6.835665841652142 -0.014707215032002258 0.9998887659887576 0.002480619979441072 -0.007830772786325874 0.8792055417660138 0.011750458307851814 0.4762977451736313 2.663487487189753
0.44565661709842525 0.0046752152112144955 -0.8951917794523794 -7.2393098194439665 -0.017983897316855908 0.9998313142447773 -0.003731285684407405 0.02204886621902511 0.8950233287874034 0.017761909196105822 0.44566551976569246 2.9168615885255464
0.42144517568464035 0.001713299305904548 -0.906852263876334 -7.691356268710628 -0.019108386889868236 0.9997929733082045 -0.006991428609917631 0.01844659336407713 0.9066525428424109 0.02027498776889515 0.42139066367014033 3.11984791823664
0.4111391371793687 -0.0011443466675624184 -0.911571884356966 -8.19576755546788 -0.024205766904568375 0.9996328914209658 -0.01217223224893541 0.04342348630447597 0.9112511677512223 0.02706977761387698 0.41096050468624 3.192997237106909
0.402617141564669 -0.0019064863142019093 -0.9153664854189442 -8.714701613682323 -0.028115707554745673 0.9995002533587269 -0.014448201429154083 0.05639023866364722 0.9149365793906108 0.031553269969610886 0.40236233278878547 3.297860162564207
0.3920269939927883 -0.0011379924653308966 -0.9199530101880901 -9.239693726296869 -0.028415618740829228 0.9995071052691045 -0.013345378531609279 0.03191559651550104 0.9195147571369121 0.03137278262642554 0.3918014291930552 3.4431061714417472
0.3846264632696511 -0.0008830282463531742 -0.9230718845321836 -9.756833246371908 -0.03026682884699111 0.9994497668673592 -0.013567703576096136 0.02601778033337526 0.9225759604629999 0.0331569565837699 0.3843881025810699 3.6559007346819006
0.38108887372864164 0.00017695776172386773 -0.9245383923916772 -10.294651430687601 -0.0328994393668405 0.999369240609001 -0.0133696602027346 0.016451971945149486 0.923952865253192 0.035511823531600845 0.3808543201538841 3.8651764963184725
0.37944356525525513 0.0005018239009988247 -0.925214747482526 -10.845007121633603 -0.03357542853628724 0.9993486468570151 -0.013227721786383892 0.007127074171385613 0.9246054679618685 0.03608365554964861 0.37921326244896614 4.0777595156288005
0.3790240494965615 -1.3465547901360614e-05 -0.9253868216707585 -11.416764605666762 -0.031419081911765526 0.9994232644936782 -0.012883310157776528 -0.0036306778772457185 0.9248532917144482 0.03395788873706246 0.378805029794314 4.284007687877304
0.3793941878563361 0.0005730468571939066 -0.9252349549374642 -11.986388973529719 -0.02891532886354741 0.9995186928101897 -0.01123772573623298 -0.01194181054281371 0.9247831929579735 0.03101700082711651 0.3792281525442781 4.537283379390436
0.3800508421585326 0.002671561561061445 -0.924961739821392 -12.57097403079658 -0.029246064070949034 0.9995305473651676 -0.00912976561838098 -0.0203649389126134 0.9245031233646258 0.030521265417968537 0.3799505589498949 4.79603594504027
0.3804128468981653 0.0030448758356711016 -0.9248117617363975 -13.164529552214422 -0.03069988003247426 0.9994850327336143 -0.009337382260457895 -0.028464219973565043 0.9243070827819211 0.03194367030620569 0.3803104240571686 5.073201400967381
0.38061605180653946 0.0010586279327343064 -0.9247325561556176 -13.765035505386546 -0.03189587408694502 0.9994193489501415 -0.011984079451738187 -0.03197104193273922 0.9241829225447913 0.03405648618069476 0.38042881255971195 5.360150072136248
0.38095977767038885 0.0005836297996073538 -0.9245914271577396 -14.391988626231877 -0.0314030127549978 0.9994310185522022 -0.012308125186957815 -0.03791031792304644 0.924058168400257 0.03372385701495878 0.380761346358578 5.633084658257832
0.38204428602226365 0.0018092871921645262 -0.9241422455431826 -15.035580305402773 -0.02994747391650546 0.9994971222997633 -0.010423594414253452 -0.03309781799597608 0.9236586557401818 0.03165800047932429 0.38190634805131457 5.909997183624434
0.3831680000225297 0.004652570791298008 -0.9236669515273173 -15.696401087748065 -0.030487617565296415 0.9995061539880727 -0.00761270747919688 -0.03638887853046486 0.9231753836264956 0.031077350675428387 0.38312061983280055 6.188834339258039
0.38393841719170096 0.006209084431093623 -0.9233378249995285 -16.366037843377462 -0.03039600019112587 0.9995204166835162 -0.005917753390588769 -0.047634425056759355 0.9228582637527353 0.030337829575272847 0.3839430180638124 6.483632068254106
0.3846659082963638 0.006361539156544574 -0.9230339483540646 -17.04370210444511 -0.03171850546708277 0.9994767968020835 -0.006330013047519387 -0.06252759214602283 0.9225107454146366 0.03171219755562322 0.38466642837752923 6.785246732798345
0.38584785249403525 0.0044372334419428665 -0.922551757726971 -17.73574452483695 -0.03342205070421103 0.9993992438546953 -0.009171581618715464 -0.06694067072822135 0.9219568326404803 0.03437240669556493 0.38576435346657945 7.0891163040299965
0.38635904751630445 0.0038280675065731347 -0.9223405186271825 -18.440069955601665 -0.03336770731137206 0.9993948051895263 -0.009829520281874723 -0.07702879622448093 0.921744694864623 0.03457411256061823 0.3862529588618951 7.393430986841598
0.3870512007399635 0.004425851114023898 -0.9220476017254585 -19.152001879432195 -0.030584610104923134 0.9994998369964582 -0.008040986804111281 -0.0837463775165013 0.9215508394171656 0.031312739994618054 0.3869929749795813 7.7297607074254255
0.3878357708916812 0.00467460629146518 -0.9217166391428963 -19.882733679539587 -0.02794417991935349 0.9995871068805137 -0.006688689474023493 -0.0893130338766493 0.9213048016945805 0.028350728637283856 0.38780626420964975 8.040249223431863
0.3886746104903833 0.005257166642622051 -0.9213600866974004 -20.621731519126715 -0.026186515697930346 0.9996427960510015 -0.005342911092125023 -0.10293944120913139 0.9210028846620141 0.02620386426136435 0.38867344126145387 8.35280749531977
0.38924397390799687 0.0008150572621419532 -0.9211343357284922 -21.358037916606357 -0.02549742806314557 0.9996259651250237 -0.009889944895199997 -0.11542512051584901 0.9207817384909823 0.027336157914469333 0.3891191649507892 8.672318691947622
0.39005041981388455 -0.007580520450994396 -0.9207622959877891 -22.10918091116003 -0.02378761377906101 0.9995494184061684 -0.018305998868924717 -0.10872903317211904 0.9204861864437244 0.029043000423215528 0.38969434778131706 8.969533321779132
0.39023277744637064 -0.013261887336319441 -0.9206207154690635 -22.869580866516433 -0.02027337213010474 0.9995300667936272 -0.022992084681508596 -0.12200969288829482 0.920493003661063 0.02763635141993482 0.3897805309289164 9.282236042106952
0.3900343582483451 -0.013102012360173833 -0.9207070851567918 -23.640259314117408 -0.0191117646999743 0.9995681756717483 -0.022320453272862598 -0.14516338793769043 0.9206019442928929 0.026302080837208912 0.3896155293462752 9.594521444342051
0.39141751412220277 -0.007244399988358673 -0.9201846816303803 -24.43403921958522 -0.019258743777683877 0.9996855013462272 -0.01606235307319489 -0.1543053656546721 0.9200116468972016 0.024008687322532148 0.391154895797749 9.885389913773974
0.3925319735953494 -0.0014223708173518477 -0.9197372595293712 -25.234740987997863 -0.019975289949794243 0.9997497469859389 -0.01007130542546445 -0.15842252558924078 0.9195214176389597 0.022325327832067424 0.39240532901634867 10.168605463123454
0.3920884151927738 0.00391664437031019 -0.9199192000216625 -26.011360534082385 -0.02194141016849182 0.9997462737100598 -0.005095362859350345 -0.1722174632735215 0.9196658356117386 0.02218215723790094 0.39207486875447106 10.510945182761516
0.3918881855378855 0.004963551492518866 -0.9199994636913681 -26.79275904251705 -0.023621576214529934 0.999710071668015 -0.004668376877863148 -0.19500118762877677 0.9197095580524133 0.023561319192985097 0.3918918129598027 10.840562309989426
0.3922054629779665 0.0022024116544395725 -0.9198750046572325 -27.57393079252423 -0.023962206095541772 0.9996822543728279 -0.00782323277779464 -0.21200586177609365 0.9195654884179126 0.025110549077333368 0.39213361604912267 11.157174532971652
0.3923352854460847 0.00031416044600746486 -0.9198222247245136 -28.349274186503003 -0.02460336578439682 0.9996457353409953 -0.010152743798605977 -0.23375489776728595 0.9194931746272068 0.026614002287801863 0.39220402432433826 11.480623011057252
0.3922191920768773 0.001899733065316354 -0.9198698257801712 -29.129195515686963 -0.02603338849658017 0.9996202361625384 -0.009035825238321662 -0.2504744199211388 0.9195033268291901 0.027491352615539054 0.3921196979002968 11.805647305015935
0.3922486756356456 0.003718315130146462 -0.9198517003271101 -29.90667416501997 -0.026270709037394795 0.9996292111104826 -0.007161713573368992 -0.2642439270121161 0.9194840000286875 0.026974329041282157 0.39220091695968506 12.128307014199626
0.3923876497957804 0.0029335137122704523 -0.9197952635152261 -30.68431677773363 -0.02717761973497048 0.9995952758367046 -0.008406040119093261 -0.29397741224424767 0.9193983409128418 0.028296272232263796 0.3923085669526884 12.455654118620517
0.39355958716497846 -0.001808288353958066 -0.9192973302712028 -31.461850935320033 -0.02765394967215479 0.9995222263608071 -0.013805001929202896 -0.2989530544658307 0.918883077664434 0.03085529296513491 0.3933215484536459 12.758369930391991
0.3940142007514207 -0.005110816817353974 -0.9190901420196383 -32.23746045135147 -0.028688750149872533 0.9994288885965443 -0.01785643451292438 -0.31989695077316416 0.918656500124534 0.03340323622249223 0.3936425518015128 13.072085091308743
0.3941267806384947 -0.004745023697923546 -0.919043832215658 -33.00182400790284 -0.02836781118455273 0.9994473940724834 -0.017325523666529688 -0.33977122723913217 0.9186181731667048 0.03289971476818692 0.3937743779069915 13.418245492162598
0.3946232374852448 -0.003573184347923534 -0.9188360750374793 -33.77390406547901 -0.026937019884155578 0.9995176397842153 -0.0154558959608342 -0.3574829159573756 0.918448091835584 0.03084996132586354 0.3943366359974275 13.748192544212653
0.3964458810875697 0.001587856084853667 -0.9180567205144542 -34.55532028417846 -0.027322156067887682 0.9995759603658414 -0.010069719286434999 -0.3940342883641818 0.9176514388135089 0.02907538773188423 0.39632115597295287 14.062762615733368
0.39670047585566487 0.005182782044554664 -0.9179334786498247 -35.327382481900564 -0.02577161769414019 0.9996527625237907 -0.005493459745966818 -0.3993443036284338 0.9175862663408366 0.025835888775734405 0.3966962952610615 14.403522168576675
0.3968893417594067 0.007372436718338555 -0.9178368578209416 -36.10297593774237 -0.0255699742448853 0.9996684513353703 -0.0030271805129558414 -0.406911060412638 0.9175102325396166 0.024670520496661828 0.39694626664515004 14.71913176845001
0.39697726741872996 0.006819208438061262 -0.9178031093589936 -36.87844288079869 -0.02478141239377517 0.999687476300888 -0.0032910981344921957 -0.4255853238054338 0.9174938314520312 0.024050948493551903 0.3970221922311551 15.029198685944763
0.3982164963370927 0.0034691528229605873 -0.9172848995942872 -37.653524489423326 -0.024667265049276795 0.9996717109303221 -0.006927943463306323 -0.45068676840371197 0.916959730893347 0.02538573111677077 0.39817134072615973 15.333519648252118
0.3981087324414653 0.0005362954278870704 -0.9173380781048306 -38.41704037256411 -0.02548525317226986 0.9996203081187 -0.01047575617415618 -0.480734622775175 0.9169841541840271 0.02754908317692417 0.3979712414126369 15.656904009967917
0.39844045268912737 0.000638773757921675 -0.9171939803710936 -39.178425074541416 -0.029293732383093726 0.9994984588131005 -0.012029466875302831 -0.516364317446885 0.9167262857057997 0.03166106123177979 0.3982593304590943 15.985905741332036
0.3986334965936507 0.0005475563341557287 -0.917110154548286 -39.951401362931506 -0.03242408944010629 0.9993830662601999 -0.013496862462822678 -0.5408462541156425 0.9165369680582997 0.03511676315410186 0.3984053201553393 16.2861785316183
0.3983833785189073 -0.0015841430724387606 -0.917217626417301 -40.70527079559277 -0.030249788398118 0.9994318326149835 -0.014864799283014627 -0.5754504032776877 0.9167200412458162 0.03366752807352013 0.3981091100837661 16.623257218825486
0.3989070424454012 -0.006471373182260507 -0.9169685342565465 -41.4760777366133 -0.026730043354262076 0.9994681038501683 -0.01868192089770681 -0.5942499364969754 0.9166016999055495 0.03196295848767473 0.39852188523965987 16.919833062397455
0.39872083081620163 -0.00926613051081125 -0.9170255383022846 -42.236291306359114 -0.02274092776252002 0.9995415674094827 -0.019987626799940386 -0.6260608366192156 0.9167903518677204 0.02882349468663463 0.39832732378825253 17.23867720710133
0.3975754023934286 -0.007064063515731648 -0.9175423142386128 -43.00029024820879 -0.02225590303624662 0.999601930425336 -0.017339419539947457 -0.6391634742423488 0.9172995553208043 0.027314459478210918 0.39725992260945264 17.549847662478314
0.3964939106494072 -0.0037705000906391208 -0.9180296085350442 -43.76647055901906 -0.019734810939999525 0.9997254795946465 -0.012629437296096285 -0.6485169920958225 0.9178252099692529 0.023124635744591504 0.3963106548738972 17.86110800352387
0.395433923644603 -0.0020597422279810818 -0.9184921172731906 -44.526646291572135 -0.017829577581317143 0.9997918466683061 -0.009918139888587245 -0.6608142510877281 0.9183213588903979 0.020298295434150643 0.39531488842207996 18.165238426704057
0.39526858185080943 -0.0025889069447679594 -0.9185619444340599 -45.285779588949865 -0.01799722560294765 0.9997822456626493 -0.010562250155438054 -0.6894243397082866 0.9183892682693148 0.020706492184355475 0.3951359172603426 18.454656384920014
0.3960191472323062 -0.004031025297815271 -0.9182334048924842 -46.0346959956076 -0.021190473746645504 0.9996839326498702 -0.013527698402979411 -0.713703166300874 0.9179977117878838 0.024815028445230786 0.3958085591740941 18.752675004265285
0.39654797321246965 -0.004613003772765414 -0.9180024102023231 -46.77774334250344 -0.026120140293127116 0.9995258181960402 -0.016305736125769923 -0.735514682093204 0.9176423285856808 0.030444358356324874 0.3962394450734575 19.05158347095231
0.3966058407972749 -0.003484075922737879 -0.9179823899511639 -47.525964813356914 -0.031106968109220097 0.999367499725725 -0.01723244112146221 -0.7634524616894135 0.9174618049709423 0.03539013572900351 0.3962466084555725 19.335406340039302
0.396351453082357 -0.002033055285696523 -0.9180966138297805 -48.26997344416447 -0.03275788674034387 0.9993294951568159 -0.016354845334946067 -0.7843078669686941 0.9175142759084525 0.0365571716059722 0.3960190989186761 19.623969889970276
