0.9999798519496221 0.0005909712741206125 -0.006320320226453907 -0.006265855178193496 -0.000589275227405368 0.9999997898713977 0.00027020708145439337 -0.0011276389565731664 0.006320478582997054 -0.00026647722916979094 0.9999799900699855 0.06781423661691575
0.9999109613601014 0.0011226607877672648 -0.01329695396221293 -0.012027285136976063 -0.0011190669630397935 0.9999993352824723 0.00027771162373040645 -0.0022146639595832488 0.013297256899444831 -0.000262806714776971 0.9999115530343575 0.13683737849367153
0.9997778229488768 0.0013763712285982384 -0.021033552763270017 -0.017171741902782454 -0.001384209336641097 0.9999989778663109 -0.0003580933480175387 -0.00322956474776295 0.02103303839478577 0.00038712862801110274 0.9997787062281877 0.20916315466229315
0.9995544522374685 0.001955191993199011 -0.029783791506860054 -0.029675966471218118 -0.0020053271086223788 0.9999966222530539 -0.0016535252252697144 -0.004341700552162934 0.02978045794546825 0.0017125147453115662 0.9995549967949764 0.29315462473527215
0.9991516992824517 0.002143332926669428 -0.041125271366334794 -0.04114042224223385 -0.002277529958227883 0.9999922332893083 -0.0032165538004377825 -0.005053205607570544 0.04111805781257909 0.0033074892331179133 0.9991488206652172 0.3739800192807664
0.9985161188131169 0.0018943116527528592 -0.05442400255174092 -0.05620339010140621 -0.0021124117499950247 0.9999899668521265 -0.003950178689851928 -0.006448717802666688 0.05441597363815281 0.004059282996481281 0.9985101021194359 0.46464504609609913
0.9975132270017768 0.0017858564122161787 -0.07045688520916119 -0.07378406988751492 -0.0020786821462955834 0.9999895040519625 -0.004082997237930903 -0.006150227555507572 0.0704488540505567 0.004219301220015672 0.9975064693826192 0.5650230708825772
0.9960447088210588 0.0003899256757578691 -0.0888526082202418 -0.09427282757149258 -0.0007683927991435817 0.999990778041163 -0.004225328997357536 -0.00648619075788088 0.0888501412608816 0.004276890295187712 0.9960358229538355 0.6720720468506012
0.9940876116955335 -0.0007804054939048316 -0.10857813426622925 -0.11724062989599966 0.0003032148803305279 0.9999902239962172 -0.004411345909343285 -0.008431384542864077 0.10858051544456106 0.004352341813393869 0.9940781301218395 0.7868084035401953
0.9914410252105796 -0.0012223050937018119 -0.13054960551320172 -0.14653316213498777 0.0006120459732040065 0.9999886991036003 -0.004714558814556963 -0.011253462167533717 0.13055389281488833 0.0045943046641621944 0.991430569145178 0.9068689439242159
0.9880349148425424 0.002151622493477619 -0.15421536101418565 -0.18391848049576837 -0.0031484119662509307 0.9999757012243726 -0.006219683506044132 -0.01320673571218833 0.15419823135879607 0.006630797951238639 0.9880176809978398 1.020485279225079
0.9838482975639037 0.006470209269065034 -0.17888729349124632 -0.2252742242439086 -0.007987489807035534 0.999937967371096 -0.007762822704645574 -0.016750883323434083 0.17882596955473573 0.009066300335625442 0.9838389475981488 1.1307028088975468
0.9786609891125371 0.009534316230502852 -0.2052602377551186 -0.2732811473606499 -0.011546058555734024 0.9998963123101077 -0.008605414602194114 -0.02237745286009123 0.205156908051127 0.01079173029059123 0.9786695977888741 1.2487009584192394
0.9722240255543515 0.01005474719110025 -0.23383615245255635 -0.32365025848663065 -0.012478800612287587 0.9998826236960225 -0.008889227527606366 -0.023676030970127687 0.23371932669373074 0.011560315293357933 0.972235380676998 1.3682778890796234
0.964431811560093 0.012194408213173177 -0.2640503309205425 -0.38097317587392027 -0.014903076109983836 0.9998548465074854 -0.00825737476160895 -0.02858666850018003 0.2639113092941973 0.011898837078644368 0.9644735551080694 1.4958374074331062
0.9552612842480115 0.013853194537904805 -0.29543860245055187 -0.4439375737628993 -0.016761116424755522 0.9998327828530448 -0.007312407847806646 -0.029461909707244723 0.2952878998418933 0.011937140923681777 0.9553337431879667 1.6242914428082333
0.9443721386195634 0.015837601223216452 -0.3284972361932549 -0.509465586470982 -0.018918176640465294 0.9998019124802362 -0.0061837200343223195 -0.03161347129715874 0.3283342296985083 0.012054301653646252 0.9444846888223916 1.7477252143944322
0.9323635287259457 0.018079369350485416 -0.36106978093658226 -0.5813355705298174 -0.02162264552415389 0.9997495215630158 -0.0057754077828734785 -0.03321042078199545 0.3608749250117546 0.01319206346294683 0.9325209155613345 1.8683242609225774
0.9190668456967669 0.02114447687370284 -0.39353404457395197 -0.6637717061864211 -0.025209898785920885 0.9996688435648863 -0.005163739812122402 -0.03314281871998508 0.39329453866561553 0.014666775493649564 0.9192955409183813 1.9926357869801938
0.903522263806838 0.021505763580100017 -0.4280011926831558 -0.7486920955797456 -0.02603404682937519 0.9996498701978194 -0.00472920914843517 -0.03190147000718969 0.4277496314563612 0.015415548849151873 0.9037657957914905 2.1200572145924643
0.8858284630740096 0.01751196378564936 -0.46368228900003117 -0.8351977008269722 -0.022539913200408365 0.9997318756341902 -0.00530369247438286 -0.03257247767118221 0.46346508640981393 0.01514952029982713 0.885985669022828 2.2420202478152813
0.8653696169313171 0.013069832201426209 -0.500963676905195 -0.9279760286991773 -0.018300039207807515 0.9998172634148239 -0.005527055516824571 -0.03580383469757258 0.500799894825407 0.013950600844405097 0.8654506606843286 2.3637582584155212
0.8409831967095942 0.014753016923236651 -0.5408600663237906 -1.027794145673652 -0.01906102842124863 0.9998155224534063 -0.0023660635552231845 -0.0390307902619206 0.5407253832100325 0.012299168788405868 0.8411092618676108 2.4799490915822155
0.813018608994986 0.02072798885504758 -0.581868620829379 -1.1505526498139975 -0.024412561198926732 0.999700840794749 0.0015019220957012602 -0.04240861709802843 0.5817256812996713 0.012983812702666457 0.8132814102905184 2.595577923668514
0.7813819020219348 0.02395388515310034 -0.6235932444940823 -1.2784748689477383 -0.027606678707220313 0.9996116184637124 0.0038057224169476614 -0.047430392973942415 0.6234422142294663 0.014241615724019144 0.7817397149296106 2.7069490673174763
0.7472256018341584 0.02338672913109669 -0.6641588370744826 -1.4146823165101512 -0.02724896878834824 0.9996183586830379 0.004542101254040286 -0.047817255087731846 0.6640115915129429 0.014703669078806313 0.7475776939235605 2.8108515202428044
0.7081620715116757 0.019287399738602596 -0.7057864242698471 -1.5561551099200999 -0.021505653384157285 0.9997522333329261 0.005742718724448406 -0.047251194974335935 0.7057223160314634 0.011111622615576851 0.7084014006889282 2.9255003610949126
0.6669598169502391 0.015954110778360116 -0.7449228610554091 -1.7043189239564756 -0.016278071293234074 0.99984411154488 0.006839371608788307 -0.04932957719266682 0.7449158522737153 0.007564321403967754 0.6671155477674171 3.02665279215798
0.6216644470025464 0.015022503622459283 -0.7831396042328164 -1.8585612466723318 -0.014042846583228442 0.9998691298275302 0.008032538688267981 -0.04467609025647579 0.7831577834592832 0.006003965593823025 0.6217940483828143 3.1339454519828314
0.5739720730272868 0.015321668873435912 -0.8187315224465787 -2.0300442586469587 -0.012042970257363103 0.9998747510746472 0.010268837850198704 -0.040883737662397 0.8187863129364942 0.003965933225130165 0.5740847020444928 3.2286875501617276
0.5234211904839713 0.016310413176726303 -0.8519179700970906 -2.213744913375207 -0.009756378714423457 0.9998659546680118 0.01314860335577208 -0.04467554131079192 0.8520182336233904 0.0014293767282103596 0.5235101588846633 3.311307407069246
0.4705926572850558 0.017529012914579388 -0.8821764475520931 -2.406206200093954 -0.00999054961080123 0.9998444101634459 0.014537688378358785 -0.03589713497989672 0.8822940211901377 0.0019720981599956715 0.47069456232357615 3.3959630067755735
0.416617052873583 0.019304057153767432 -0.908877100950582 -2.613222787796114 -0.009585616497531549 0.9998122214106628 0.01684155201397342 -0.030084833700130344 0.9090315435733191 0.0016956695672218122 0.41672386239982256 3.472105207266061
0.36268996350485816 0.021390526981482694 -0.9316643364046406 -2.8403256568093185 -0.009431022625311255 0.9997695889176463 0.01928276141228028 -0.029405303101219665 0.9318621390447646 0.0017928834029349717 0.3628081302617374 3.527721180255972
0.3091536847141822 0.024477310950844725 -0.9506970392697456 -3.0710775708431006 -0.007682650142612835 0.9997003786660136 0.023240692369567214 -0.02749813623302489 0.9509810598084637 0.00011892706296685613 0.30924910629122826 3.573544294971098
0.25689228258557983 0.026254504640850003 -0.9660833587915872 -3.3319298556141055 -0.003428261789466824 0.9996493971682671 0.026255090215514202 -0.025120458730931418 0.9664339616182122 -0.0034327433905687686 0.25689222273891643 3.615681961407118
0.2071403875555797 0.026719986155471488 -0.9779462675337414 -3.603056615816541 -0.0008065278295134016 0.9996312723617028 0.02714164382245619 -0.023437543037650853 0.9783108960633029 -0.004833389739744326 0.20708555958211888 3.6482953010164323
0.16086744058914415 0.027870923500478022 -0.9865824234099901 -3.9000573352918106 -0.0033813519385676918 0.9996109050897266 0.027687630537240146 -0.0202407517340491 0.9869702290430872 -0.001118055870549444 0.16089908928799024 3.662648538127031
0.1194367118064454 0.0283692646175067 -0.992436424511881 -4.191482406676908 -0.005790722480438673 0.9995945883506079 0.027876988240033707 -0.016914953463263195 0.9928249288802216 0.0024173881033705746 0.11955256931048819 3.6689130732149247
0.08231843061144722 0.026842674013354946 -0.9962445216077636 -4.5000600124433845 -0.007139136489507529 0.9996274457695131 0.026343925191680554 -0.009285357398653668 0.9965805078927898 0.004943735038757461 0.08247939604540078 3.670157188427441
0.048595712740836496 0.024130396021019206 -0.9985270054891251 -4.820366319093157 -0.006026202949000622 0.9996970180983465 0.02386539091012798 -0.0033983687523878887 0.9988003512120057 0.004857570704018988 0.048726403783040745 3.6638185319041954
0.017752708703687312 0.021541420118207626 -0.999610328354491 -5.208378122960868 -0.005627004350132522 0.9997542030454101 0.021444587081177916 -0.001607822054296399 0.9998265740395801 0.005244112158365125 0.01786955880666572 3.6523049102715297
-0.008149290592590255 0.019716609247157103 -0.999772396289592 -5.639761806506145 -0.006589583743028952 0.9997828282297859 0.019770527634476745 0.0018285940690467 0.9999450817164558 0.006749199704181195 -0.008017596548963194 3.62475331991475
-0.028554180692860524 0.017528710317331823 -0.9994385439233225 -6.101093820694483 -0.0067575808559302755 0.9998200020952746 0.017728466126045637 0.006723920447616117 0.9995694042266066 0.007260008596265455 -0.028430589322894707 3.58804875385142
-0.04454488242604885 0.01666681890990197 -0.9988683449769917 -6.510505969601793 -0.006158291361676325 0.9998372440948425 0.0169576168236121 0.013948948562209615 0.9989884027841127 0.006906697347957548 -0.04443499335646956 3.556824375457172
-0.057349462921552366 0.017032389714480217 -0.9982088643180965 -6.867197567624154 -0.005485351004064739 0.9998339917556593 0.01737526558956612 0.019276286986785775 0.998339095711958 0.006471988145834563 -0.05724651380187649 3.5272980455784277
-0.06671207211459655 0.018114840598935356 -0.997607814716912 -7.224703763027786 -0.00653347182041198 0.9998058131252073 0.018591659071112192 0.020166247599801106 0.9977508773136444 0.007758130645957767 -0.06658076470521683 3.493689917590085
-0.0734126337817612 0.019578025573366426 -0.9971094654629822 -7.5876839708406205 -0.008103723020806414 0.9997625757601969 0.020226759071591507 0.01878407570563079 0.9972687275125123 0.009565198585851042 -0.07323654894645235 3.4589681024543935
-0.07773041003228941 0.020570402686819648 -0.9967621792030006 -7.951257479037495 -0.008007835442198906 0.9997419873269446 0.021256371917693702 0.02325672782734937 0.99694225405875 0.009634174011026425 -0.077545630201723 3.42164929489392
-0.07916134436919521 0.021337064958448223 -0.9966334387409551 -8.326217889343184 -0.005678795731583442 0.9997450282812831 0.021854741039343102 0.026998096038629328 0.9968456414293534 0.007389728399390544 -0.07901999163175445 3.3901533539672677
-0.07814437813911927 0.02337947134006341 -0.9966678767197776 -8.713509860592877 -0.0037768885565596638 0.9997108661796238 0.023746982023384745 0.032945786497480936 0.9969348982145624 0.005619996641171847 -0.07803348229876383 3.355166515728656
-0.07661751915050019 0.025863793433334392 -0.9967250473166915 -9.110775869447455 -0.004675846046632028 0.9996431873352508 0.026298944426920663 0.03474853093961944 0.997049593662707 0.006675492750342434 -0.07646924593304899 3.3213807175119023
-0.07485982844121085 0.02587604111822956 -0.9968582830983552 -9.524615680540801 -0.006825393284094363 0.9996265593822867 0.02646045698868806 0.037953134968167684 0.9971707075983871 0.008784775101302602 -0.07465525858336808 3.2807731709700216
-0.07327396929632952 0.023388307928657884 -0.9970375682369221 -9.951596548565984 -0.00880203182992731 0.9996708763201216 0.02409695567963648 0.04197319151524637 0.9972730065830638 0.010541636001859426 -0.07304398846707875 3.2424281503302628
-0.07216562441810773 0.023143982863512286 -0.9971241039657792 -10.36588924899076 -0.00915154717398171 0.9996732905767564 0.023865483271115644 0.04923673329824952 0.9973506764607246 0.010847495778057072 -0.07193024397760633 3.209678252209823
-0.0701347129928761 0.025800268084567625 -0.9972038248022174 -10.803464196811744 -0.008883391517610174 0.9996096781062472 0.026487294906634685 0.05652846814310657 0.9974979736262876 0.010716230824810958 -0.06987814399622792 3.171741646549292
-0.06873179461091358 0.02917616198864322 -0.9972084496138085 -11.275144854670522 -0.009668666194039026 0.9995058387686305 0.029909783707778737 0.06434309814123142 0.9975883205529171 0.011697428735851043 -0.06841573545156256 3.1335570435677984
-0.06695335349021657 0.031347238233020436 -0.9972635554915141 -12.00465224340316 -0.01006754364210806 0.9994342340587737 0.032091375108710844 0.07192499933223423 0.9977053137181473 0.012188619549235316 -0.06659988387418996 3.0753146557330364
-0.06511533171175125 0.030668563851698066 -0.9974063528809824 -12.536901859553655 -0.011717093795998732 0.9994351996898496 0.031495893921076094 0.0822499970399582 0.9978089512973126 0.013737569369660483 -0.06471920811296553 3.030087282010742
-0.06327733597529003 0.027663389839286685 -0.9976125077476072 -13.455407550507807 -0.013903699646874415 0.9994943081753859 0.028597465991551434 0.10201107437131912 0.9978991261084451 0.015680076135277214 -0.06286071368026364 2.9442514725328435
-0.061686734702409776 0.02704100961269664 -0.9977291869845646 -13.957354456988062 -0.014728839098189039 0.9994994157388452 0.027999629221266156 0.11120345798372577 0.9979868776995882 0.01642259835820069 -0.061257572614257245 2.902714674948838
-0.06022815879058337 0.02928790346243116 -0.9977548735032424 -14.496599344140995 -0.012434546677441913 0.9994698813501518 0.03008884050343956 0.12027023408914861 0.9981071840927812 0.014218825010886883 -0.05983204891767401 2.8670582938674434
-0.05917994496542673 0.03129287599799725 -0.9977567288801729 -15.05822018569801 -0.009953218681360702 0.9994403549450538 0.03193603521395889 0.1284429688957902 0.9981977096506324 0.011820863719719467 -0.05883536036389763 2.8312004940213127
-0.058146170057995016 0.03310143598651475 -0.9977591482132434 -15.659684717127417 -0.009130404164680762 0.9993907032070398 0.03368765446167556 0.1371695777827775 0.9982663265017879 0.011068752367378025 -0.057808512294067166 2.7903489331484725
-0.05779960296646809 0.02857197543330755 -0.9979192593174844 -16.226608708727742 -0.008843852590820609 0.9995364922254303 0.02913051631941121 0.1453286002766989 0.9982890323790341 0.010509183104414841 -0.05752012606216497 2.7549775983651914
-0.05745993643393014 0.02161898785253426 -0.9981137084867836 -16.791167851565657 -0.007549676984031362 0.9997275116817298 0.022088566365765557 0.15107449563426673 0.9983192666088555 0.00880464371170234 -0.057281062897474595 2.717760673997747
-0.057148083705275146 0.017158075302797192 -0.998218261193772 -17.33737164467918 -0.004482984380695804 0.9998378167437102 0.01744256461115814 0.15610017527322914 0.9983556477427545 0.005471806015890096 -0.057061895859383406 2.6772204432032396
-0.057915359387785324 0.017728674305804683 -0.9981640673027364 -17.846009279296872 -0.003260299179247048 0.9998336150706602 0.017947496315580576 0.16040433464703993 0.998316173161711 0.004293749188608752 -0.05784792236251706 2.6477131063444674
-0.05806663254751189 0.025006580870031783 -0.9979994674837167 -18.373980997648125 -0.0036094385253924582 0.9996744356014011 0.025258558124970017 0.1627114603588791 0.9983061845636945 0.0050688971395794315 -0.05795746840282678 2.614121101969431
-0.05828947356093294 0.031911269169115276 -0.9977895610658617 -18.90319285892631 -0.004950899947718834 0.9994674372063164 0.03225415560740429 0.16946029343757796 0.9982874465111211 0.00682003403622332 -0.05810044125518947 2.5758756309652058
-0.05863657132563497 0.03702346635588878 -0.9975926099576757 -19.441882691661093 -0.0069370785360656755 0.9992727901326204 0.037493570674895615 0.1788326009376248 0.9982552927205324 0.009118872713406317 -0.058337095538588964 2.539543967084057
-0.059013637269407136 0.03729259342538494 -0.9975603506013273 -19.993134211836605 -0.008273149274134467 0.9992493677860315 0.03784515795059367 0.18789892471943165 0.9982228937553578 0.010486346114182386 -0.058660812539980914 2.499232934691526
-0.0592246554817319 0.03394355869599873 -0.9976674170314077 -20.56288359703362 -0.008461951513645585 0.9993687433505956 0.03450377066978276 0.19426286022497222 0.9982088136054742 0.010485687240402308 -0.05890004077626372 2.454773954009517
-0.05954966426598199 0.03124577380937887 -0.9977362071734499 -21.09549023367092 -0.008946970996413672 0.9994531391800772 0.031833540379282585 0.2033370297434998 0.9981852479353698 0.010822393549636444 -0.059237543855721816 2.4184949618147296
-0.05964463990024419 0.03252484139995333 -0.9976896569690783 -21.679190498469847 -0.01036680097389881 0.9993949553593584 0.03320019035840209 0.21164940057444143 0.9981658411149598 0.012323063506062206 -0.05927137367302803 2.3731954809610456
-0.05971262097464795 0.03474984557950981 -0.9976105708785052 -22.30416077124912 -0.010849595493229518 0.9993122529693595 0.03545852990377022 0.2213761652841864 0.9981566456092794 0.012940992910263552 -0.059294532028890415 2.3314188148406476
-0.05960927514448625 0.03303901911679312 -0.9976748756646866 -23.074706131669203 -0.011303061343677635 0.9993657009630739 0.03377035005512186 0.23275856791642924 0.9981577906929382 0.013289806408845237 -0.05919802297885762 2.27100947874347
-0.05925357221574248 0.027991375918909128 -0.9978504382189942 -23.835724185913424 -0.012227105085598267 0.9995114448879141 0.028764030303496693 0.2425968341076364 0.9981680780714723 0.013905193714617917 -0.05888237008527556 2.21851933761142
-0.05905364638822974 0.0237063815723802 -0.9979732833703502 -24.376789417829816 -0.013487074450300878 0.9996077860317366 0.024543286811317094 0.25046780310167777 0.998163696830847 0.014909110552787496 -0.05871075499002485 2.178785393213433
-0.05824286637967496 0.024301314779076284 -0.9980066205270816 -25.14970217229044 -0.01308579373766519 0.9995992010392369 0.02510377031393916 0.2600259910152612 0.9982166751352793 0.014521824325062419 -0.05790152070660446 2.1157150113443866
-0.0576915465309981 0.026888468234793052 -0.997972292067694 -25.95257901462527 -0.012052661745506035 0.9995456210777253 0.02762760809757827 0.2630553281277911 0.9982616985558983 0.01362210190578082 -0.05734125509577164 2.061012189711825
