1.0 0.0 0.0 0.0 0.0 1.0 0.0 0.0 0.0 0.0 1.0 0.0
0.9999915025259148 -0.0026118097167443957 -0.0031895651689022217 -0.005739418223902494 0.0026050955373799534 0.9999943861791186 -0.002107388784482379 -0.00725459435415758 0.003195051361758954 0.0020990617550130895 0.9999926927665743 0.6690409313780802
0.9999745664573613 -0.0011552096453228764 -0.007037892375386762 -0.018562642472859124 0.0011297060710817556 0.9999927855609119 -0.0036266500136156194 -0.013157444032563347 0.0070420311420168625 0.0036186070253137457 0.9999686572491115 1.3876945630632034
0.999940390614459 -0.0014309232268493364 -0.01082440190132844 -0.03352959150966449 0.0013762458006185974 0.9999862658762761 -0.005057074877631603 -0.016201401417773355 0.010831489523555823 0.005041876390844574 0.9999286266115 2.1080675416982153
0.9998758273001118 0.00011063945953813524 -0.015758100768382546 -0.04791482379137822 -0.00019879693764731678 0.9999843394815736 -0.005592966241516261 -0.02657088797530005 0.015757235185592938 0.005595404409973506 0.9998601907210801 2.8352565235986837
0.9998049379457739 -0.000948289740602753 -0.019727818070295267 -0.07049682340463052 0.0008378758129171164 0.9999839443294973 -0.005604377516119067 -0.03780574397507701 0.019732815900649608 0.005586754853125311 0.9997896799561606 3.557612385952386
0.9997078228500809 0.0007534165081047153 -0.024159910925253204 -0.09614559181926041 -0.0009149251556563703 0.9999773058669207 -0.006674628311364738 -0.048406224682045015 0.024154333861864243 0.0066947826477518355 0.9996858246674246 4.28915524059169
0.9995786371420656 0.0034448190411024192 -0.028821543868853022 -0.1312257111084262 -0.003656944435532249 0.9999665911954727 -0.00731048906040038 -0.05752282883641089 0.028795397663612693 0.007412807476311606 0.9995578399265915 5.063295219631079
0.9994450781390534 0.0039627077526196335 -0.03307314213812082 -0.16394015704260823 -0.0041524291569865045 0.999975305578934 -0.005669705849002804 -0.06670196176237768 0.03304985802869997 0.005803893485009516 0.9994368522846742 5.833683685650751
0.9992919829086223 0.003142767917239531 -0.037492077888155326 -0.19556716997826906 -0.0032598362152500204 0.9999899994997837 -0.0030617590160957136 -0.07463127156341652 0.03748208055061618 0.0031818092716673855 0.9992922343976041 6.625128759139951
0.9991651826622332 0.002905393367478391 -0.0407491895002325 -0.2397754726805678 -0.002916348892957477 0.9999957255189619 -0.00020941093586831138 -0.08837454499363653 0.040748406897450504 0.00032807496967621154 0.999169384890337 7.445300820711863
0.9990490754837054 0.004470422546858719 -0.04337003686193665 -0.28173873643821723 -0.004511318691439484 0.999989466824204 -0.0008451297585821776 -0.096229664210892 0.043365801950586313 0.001039982161918907 0.999058719824959 8.24580235420913
0.9989566454750554 0.004300775262006236 -0.04546563310204868 -0.3203200955401528 -0.004352477032979206 0.9999899889640373 -0.0010382270378983922 -0.10331237530997182 0.0454607127627997 0.0012350319228869523 0.9989653639097045 9.017341596678982
0.998874372257021 0.0011614157441786057 -0.0474198224544463 -0.35502735652399003 -0.0012341095948712232 0.9999981078737916 -0.0015037361286712268 -0.11096404710613193 0.047417986267342525 0.001560564739444714 0.9988739155749561 9.81490698956523
0.9987745655182051 0.0009355325726080119 -0.04948223977071254 -0.3968755119989019 -0.0009670664662022588 0.999999344298113 -0.0006133398684347798 -0.11869500457112839 0.04948163352568957 0.0006604408753656994 0.998774815342017 10.650623857394761
0.9987172138886379 -0.0004010751988102135 -0.05063364317528023 -0.442594133690555 0.0003632724801652871 0.9999996484045817 -0.0007557935025220682 -0.12914206914867224 0.050633928502752584 0.0007364301719777902 0.9987170084438236 11.476345262647662
0.9986140608685534 0.001813410589453502 -0.05259913476143061 -0.4921969093207186 -0.001971737009671679 0.9999936802723408 -0.002958321913589161 -0.1391331803243305 0.0525934376969387 0.0030579335201714446 0.9986113254684251 12.299020082249788
0.9985459389355252 0.00237481015688384 -0.05385506579783498 -0.5450478074877917 -0.00267913217205728 0.9999808468228215 -0.0055792686185381635 -0.14948329532747748 0.05384078459843453 0.005715440860678857 0.9985331760385299 13.155005074835415
0.9984308823618209 0.006085317422395742 -0.05566634582999307 -0.6025347437094758 -0.006497182122043228 0.9999528220415038 -0.007220825140232633 -0.15898598030047784 0.055619778592409935 0.00757116920306894 0.9984233158466554 14.026231646395285
0.9983657199173197 0.006952308053641639 -0.056723493428201634 -0.6593365873085247 -0.007360528160775323 0.999948473532755 -0.006990915870469727 -0.17023150525026085 0.05667196766626687 0.007397005626658665 0.9983654503179651 14.911200620676837
0.9982928515347245 0.005957733833413404 -0.05810239222475156 -0.7117373934645257 -0.006300846204003733 0.9999637675486598 -0.005723890897261781 -0.18012865686442556 0.05806618561419516 0.006080213603193907 0.9982942197021667 15.783236650021369
0.9982091722465399 0.0068282833382839 -0.059429142594605945 -0.7676691929182271 -0.007085682849829833 0.999966402431999 -0.0041215416724212275 -0.1946048802781735 0.059399002865616536 0.004535256757669809 0.9982240178961399 16.655025970084754
0.9981667872221468 0.006713947646917045 -0.0601497115006568 -0.8263225632213245 -0.0069716043844078104 0.9999673960295049 -0.004074752787456833 -0.20755246634594865 0.06012039270434863 0.00448662289099901 0.9981810500085189 17.526293987326614
0.9980696177364325 0.0066655783144105515 -0.061746321487081854 -0.8880211064715909 -0.006977641814712312 0.9999639442087503 -0.004839710444351458 -0.2217030742998112 0.06171183570561799 0.005261211667861705 0.9980801415646086 18.439870457446347
0.998007773305448 0.004794345021938845 -0.06290865344062278 -0.9449662289591456 -0.0051539490129281764 0.9999712875456859 -0.005555258211425704 -0.23154601957545237 0.0628802133542334 0.0058684188700265805 0.9980038278626451 19.321677301902287
0.9979704491294011 0.004855944254583218 -0.06349332618360803 -1.0066219581777132 -0.005111760522685118 0.9999794571199568 -0.0038672008527787117 -0.24073233498342866 0.06347324293606235 0.00418391485016038 0.9979747703663185 20.226446594932487
0.9979655706314273 0.00612170665053883 -0.06346057470567715 -1.0671924488589164 -0.006152262259959053 0.9999810337312252 -0.0002860889995590786 -0.2554640656557457 0.0634576197424294 0.0006759330704532705 0.9979843052929789 21.136406049483323
0.9980115291494339 0.006644086043100312 -0.06268048983105493 -1.1349275194526627 -0.006437687260643162 0.9999731728181219 0.00349425625750148 -0.2619339389105816 0.06270202442938548 -0.003083790639912903 0.9980275278607029 22.071476001429026
0.9981186358474474 0.005361035898331388 -0.061077394084291456 -1.1942896813853292 -0.004991255498462389 0.9999682905899013 0.006205254487957619 -0.2658310801377353 0.06110872394822288 -0.005888727265551659 0.9981137443942009 22.9870622919742
0.9982167662166308 0.005732846695540413 -0.05941735531625532 -1.2521231416996454 -0.005320153428147891 0.9999606312826498 0.007101538728060165 -0.27159483508530047 0.05945572816401857 -0.006772765577709266 0.9982079673269073 23.928997142372143
0.9983174055532308 0.0064114955390964625 -0.05763029146567617 -1.315268090676842 -0.006171937984428979 0.9999715621295334 0.004333833607543042 -0.2803261040853225 0.057656438937754455 -0.00397085093823118 0.9983285868850215 24.8616550370421
0.998374720674472 0.007479380981287993 -0.056497574977227745 -1.3779233832662334 -0.007522195362626698 0.999971559272601 -0.0005451814840030621 -0.28843315873878717 0.05649189052507628 0.0009692812083016734 0.9984025875361314 25.83573474005006
0.9984465495882457 0.006765253180342291 -0.055305686549696156 -1.4330864287525886 -0.006974540706396451 0.9999692259847022 -0.003592055886480106 -0.2969212801545433 0.055279683404142195 0.003972207567920125 0.9984630079125494 26.78047450556208
0.998502024307059 0.004005042650904763 -0.05456800425222072 -1.488674680862803 -0.004157151483391084 0.9999877830683349 -0.002674286002287577 -0.30279301113146273 0.05455662696914172 0.0028971274466828654 0.9985064752450572 27.75377776748255
0.9984916781971448 0.0019396064958028506 -0.05486899395552549 -1.5407796732188315 -0.001811221204336637 0.9999955049164929 0.002389482069086829 -0.3134575517292876 0.05487338196975841 -0.002286498075871749 0.9984907029500828 28.69782667195979
0.9984459106739938 -0.0018383033399243212 -0.05569904935643165 -1.5929521321121631 0.0021766607578652553 0.9999795426401105 0.006014686128307514 -0.32428789853335566 0.05568685308333513 -0.006126576703780887 0.9984294864694092 29.672915148545286
0.9983455474843119 -0.00927857701500864 -0.05674571196862848 -1.6375694890643508 0.009595547927696284 0.999939831590793 0.005315887333741804 -0.32907393935392837 0.056692973799380715 -0.005851598649455708 0.9983745116513286 30.602283307484043
0.9982479731117997 -0.01156112892967057 -0.0580286521991991 -1.6957499993324248 0.01166562073792754 0.9999308851710481 0.0014622495834302617 -0.33472222065471885 0.05800773630286663 -0.002136627931331917 0.9983138471192817 31.583238434497567
0.9981788993128798 -0.011329371730349033 -0.05924972829240368 -1.7590010500715512 0.011211298719806629 0.9999344487575023 -0.0023248589305062736 -0.34557962794809305 0.05927218359014077 0.001656358725356829 0.9982404844165709 32.529918600124894
0.998071814013154 -0.00996553003924519 -0.061264527122386114 -1.8248686742626434 0.009801172405641786 0.9999475189116863 -0.0029826903693106863 -0.35825751080592283 0.06129103598380083 0.002376474994860698 0.9981171079961668 33.517305506004035
0.9980142842830595 -0.00983275747445725 -0.06221579580316984 -1.8800357930220148 0.009768506049299852 0.999951393427269 -0.0013368142838204192 -0.37662559722050853 0.0622259162772073 0.0007264043730209771 0.9980618255800335 34.464377492302326
0.9979415626434027 -0.00721176547642152 -0.06372305695395823 -1.9448017161404276 0.007322968860728883 0.999972044031111 0.0015117153529594254 -0.38804407595672635 0.06371037337756782 -0.0019752455433888092 0.9979664757541381 35.443254736296055
0.9978630108329274 -0.007390321021563831 -0.06492145074352633 -2.018392482931224 0.007588888224915371 0.9999672487605992 0.002812504519028768 -0.3967714519825945 0.06489853917428051 -0.0032991758604313977 0.9978864139027481 36.46222319559716
0.9978110446076326 -0.006054778062284578 -0.06585179512847307 -2.0846137197815677 0.00642324091794624 0.9999648709764498 0.00538505238266386 -0.4005979939787585 0.0658168765221803 -0.005796246688202238 0.9978148837781455 37.430394820735934
0.9978157275242576 -0.006592413826255712 -0.06572909542341687 -2.1496541439285695 0.007167197350519272 0.9999380801049716 0.008512769121962657 -0.4060438306173915 0.0656689057878685 -0.008965268313248112 0.9978011920100596 38.39420471823131
0.997812929589992 -0.0008625281137786683 -0.06609548841102236 -2.2308955300408044 0.0015779322433122009 0.9999407314701977 0.010772357062573082 -0.4088987013413171 0.06608227956777943 -0.010853091361496875 0.9977551516955575 39.40648259367611
0.9978024289745973 -0.000815076618253599 -0.06625442160717492 -2.299196686431463 0.0015066425439281658 0.999944900548982 0.010388738823045328 -0.4165584458420619 0.06624230340680894 -0.010465730561934217 0.9977486786376445 40.35644197690941
0.997806237747614 -0.0004197218162429058 -0.06620072314975146 -2.360416125577093 0.0009990125471733848 0.9999615014614683 0.008717658450439298 -0.42097554304862006 0.06619451552722218 -0.008764669333460253 0.9977682429730822 41.30191397177104
0.9978078807356644 0.0018275007758949203 -0.06615204745672866 -2.43239617956842 -0.0013915143811439512 0.999977012352232 0.006636147589774545 -0.42798267619213665 0.06616265434163178 -0.006529548837424043 0.9977874864731716 42.25459570098416
0.9977323207880202 0.0010873657160554143 -0.06729809574387427 -2.4982770704963726 -0.0006300413857881155 0.9999765699145089 0.006816353120822015 -0.4348238284429888 0.06730393081242964 -0.006758495233045188 0.997709628919848 43.2048546561807
0.9976469491045605 -0.001408626003224295 -0.06854619402378616 -2.566219363661396 0.0019672463040470304 0.9999653991537691 0.008082724616412816 -0.4384657844622794 0.06853243673139536 -0.008198552800866508 0.997615200790179 44.18972904843526
0.9976152930223442 -0.0006553953870426152 -0.06901664715726213 -2.6432851978400294 0.0012928908417189848 0.9999569115942661 0.009192572443598217 -0.44663083661628034 0.06900764857039239 -0.009259881842985266 0.9975731547245242 45.17148009867589
0.9975936323280757 0.0015809039100101543 -0.06931410737580487 -2.718365765452962 -0.0011868476658355896 0.9999829026211511 0.0057258936418887125 -0.45478020153969584 0.06932197437389825 -0.005629849749987681 0.9975784523839204 46.13820963186029
0.9975454891734846 0.0024983642406386053 -0.06997681905999747 -2.7909810650310747 -0.002390921797712477 0.9999958309698667 0.001619115760481479 -0.4661992079968992 0.06998057246544762 -0.0014478325212930127 0.9975473037698008 47.09999622808808
0.9974870557154923 0.002790672811061041 -0.07079396743580088 -2.8596851418656484 -0.00277169750690516 0.9999960917629429 0.00036626735148232825 -0.4715110013769587 0.07079471288853327 -0.0001691274789892229 0.9974908922004886 48.05318866017723
0.9974873987391403 0.001202604770219843 -0.0708339120647116 -2.938262124544085 -0.0009271565563493721 0.9999918814727191 0.003921398905228634 -0.47991057663774656 0.0708380528906934 -0.0038458718674124833 0.9974804156133771 49.00377872724234
0.9974667129834264 -0.00013850476230277192 -0.07113464209842357 -2.9990094602010955 0.0006393540458882443 0.9999751681427504 0.007018142509553198 -0.49500004505882955 0.07113190364698534 -0.007045843761481853 0.9974420325859772 49.9426284796254
0.9974647956250946 -0.0017739232472965593 -0.07113954374960703 -3.0704766928960434 0.0023293110643488957 0.999967450191499 0.007724821517663966 -0.5066176608368664 0.07112352493060967 -0.007870943642725841 0.9974364603560564 50.89315309559029
0.9974450565511006 -0.004978095767391746 -0.07126414052175041 -3.1352004586054205 0.005462065670121188 0.9999633157729091 0.006597950217058936 -0.515705771754482 0.07122868102378702 -0.00697034224283037 0.9974356567361277 51.83308104464271
0.9973926083445325 -0.007777578216325099 -0.0717460388926125 -3.1998288856272326 0.00817631794782804 0.999952709321953 0.005265638090856675 -0.5225530950186764 0.07170169206167556 -0.005838526935521241 0.9974090329241643 52.76900390705909
0.9973202235438593 -0.009371404813042846 -0.07255720834112754 -3.2705228617856026 0.009862119248584725 0.9999308367621507 0.006407830839995129 -0.5295477416342821 0.07249213967289427 -0.007106227126779913 0.9973436675598181 53.70398492535116
0.9972053226971416 -0.012280863559748882 -0.07369345136928786 -3.337498914551417 0.013101601641269481 0.9998573021114477 0.010664119694223494 -0.5396701871107548 0.07355197087042774 -0.011599819164369878 0.9972239225853091 54.64717666134687
0.9971124178380744 -0.013267222224536836 -0.07477169924212661 -3.4027009033524793 0.014464823553445146 0.9997752646081643 0.015498037206202568 -0.5403412485665965 0.07454927949134035 -0.01653484478674983 0.9970802394166685 55.58387033908921
0.9970985255940743 -0.0116354930070952 -0.07522729265769076 -3.4771415836579687 0.013025752164930056 0.9997528351401195 0.018016614827236595 -0.5423400897123568 0.07499906691860793 -0.018944232150631814 0.9970036389249348 56.50591557363512
0.9970059779447923 -0.010582900086353377 -0.07659688092939305 -3.5541694604130623 0.01170755709260802 0.9998299397253301 0.014248674877618621 -0.5450733484735003 0.0764330625401905 -0.015102776387374239 0.9969603267413006 57.43672848376956
0.9969159531986649 -0.009279581608297303 -0.0779260651077246 -3.6298965891061097 0.009812817915701023 0.9999309685977278 0.00646271179654443 -0.5446115698337718 0.07786071450064964 -0.007207454778689643 0.9969381935371229 58.35062528930883
0.9968810980520738 -0.00743253764567205 -0.07856738337655265 -3.7079850044126093 0.00759138036308018 0.9999697002198071 0.0017232488196107188 -0.5531043918820789 0.07855219469038133 -0.002314309066853969 0.9969073159942543 59.25238291119704
0.9968192130340205 -0.0028057620719993716 -0.0796466209291518 -3.791423674143166 0.003032760533646761 0.9999916767543142 0.002729246350724485 -0.5639161906556561 0.07963830039486171 -0.0029621143280975305 0.9968194254672837 60.15977557573573
0.9967581840703434 -5.756014750097878e-05 -0.08045569697430788 -3.8754446260140827 0.0004647499440227202 0.9999871793928081 0.005042326596658826 -0.5767584328791983 0.08045437524635793 -0.005063372082640483 0.9967454317762743 61.05564608450821
0.9966761891447202 0.0026094039809083803 -0.08142336889875595 -3.95843074531282 -0.0020860939506900677 0.9999766244525929 0.006511433054923765 -0.5862178089415327 0.08143845654227115 -0.006319933485747975 0.9966583347550698 61.93929603054095
0.9965862856758686 0.0033407860225434143 -0.08249008638332461 -4.030484847425223 -0.002832085240739375 0.9999762510033327 0.006283050414485678 -0.5932327589277321 0.08250911765354166 -0.006027982919133099 0.9965720791422772 62.78583171600335
0.9964457504245268 0.005217902028203481 -0.08407520418843073 -4.107129508925948 -0.004625075229262725 0.9999630631357469 0.007244380118390759 -0.6035320154113017 0.08410989917973939 -0.0068297776391434235 0.9964330780325262 63.619628003886056
0.9963487757212512 0.00612125113345337 -0.08515660516557229 -4.189474737699668 -0.005464293085974509 0.9999535029732505 0.00794565243374358 -0.6160230268915624 0.08520128297059013 -0.007451320425835803 0.99633589677582 64.47857929057837
0.9962209278459669 0.006034469874815759 -0.08664553130456802 -4.256346229450259 -0.005315705278065786 0.9999495428446286 0.00852379271315816 -0.6270285345044047 0.08669259598787951 -0.008030998577392711 0.9962027388351895 65.2823888319898
0.9961086763308117 0.005679064543884817 -0.08795028802900547 -4.336952935936018 -0.004860917245266995 0.9999429282277147 0.009513767440923368 -0.6294920196227277 0.08799929784954721 -0.009049227220691047 0.9960794321060422 66.12064328864632
0.9959717839252766 0.008435258849604 -0.08926954706305223 -4.415065006235671 -0.007363235859438846 0.9998968550166638 0.012331345646970244 -0.637087437223529 0.08936435744960419 -0.0116243595921217 0.9959311652326647 66.92725042572368
0.9958733703094266 0.009992747791639573 -0.09020185862894649 -4.493294836769284 -0.008544894372015261 0.999828617085357 0.016423192057439223 -0.6382000732859817 0.0903505123876722 -0.015584654271337277 0.9957880816029727 67.6807868710735
0.995685893162903 0.013136265103532054 -0.0918533651834375 -4.565314205139102 -0.011493422146563036 0.9997647961351097 0.018391673558580693 -0.6465379305072679 0.09207335881650638 -0.017256620412300378 0.9956026846328777 68.4283187179069
0.9955232179911929 0.016032475219512166 -0.09314763646381805 -4.644762055665821 -0.014769154119667992 0.9997895796007722 0.014236172529954835 -0.6491133603765009 0.09335627738427346 -0.012796728490081597 0.9955505256956587 69.16122582739516
0.9953610796398054 0.01586832573400641 -0.09489213548382588 -4.7060349341427505 -0.015252753461387564 0.9998576823327123 0.007208924476303162 -0.6615868459798555 0.09499302421824177 -0.00572811650181563 0.995461457833107 69.86732309767434
0.995244618547712 0.015165357230106053 -0.09621933897041131 -4.781588601580643 -0.01510631354584504 0.9998849924178816 0.0013420985617290356 -0.6664306337803609 0.09622862642100997 0.00011780313253945216 0.9953592505118685 70.57416946614043
0.9951695601791021 0.01589223877809743 -0.09687612316537485 -4.845816341062029 -0.01593305353481804 0.9998729987762011 0.0003523114329297 -0.674147124746666 0.09686941879659237 0.0011929228428847326 0.9952963843183106 71.21595881966036
0.9950571268695159 0.018656442030440583 -0.09753589819625082 -4.91656866442352 -0.018344286512957688 0.9998233382682219 0.004096267388897151 -0.6877513728197694 0.09759508911064714 -0.0022867935970746823 0.9952235774721829 71.8680081343306
0.9949474981603929 0.0188197543655717 -0.09861689890680492 -4.988100628531571 -0.018273599829357376 0.9998122927276301 0.006438544866535924 -0.7000793006097277 0.09871955963056152 -0.004603928359718301 0.9951046439395242 72.51125669060099
0.9948947263538206 0.015641338546351368 -0.0996987061191631 -5.048957168924027 -0.015404783536337967 0.9998764021583005 0.0031421411765050577 -0.7078355890704169 0.09973553086816878 -0.0015902626993454972 0.9950127109474494 73.11456213035898
0.9949979986187922 0.007635537722733673 -0.09960261697507279 -5.1023608751569745 -0.007872306440289625 0.9999670440976284 -0.0019843159939581132 -0.7187415351633052 0.0995841831613262 0.0027584927656980366 0.9950253168546788 73.73576414192247
0.995146155927563 0.0036434330232785707 -0.09834049897371971 -5.161143458010225 -0.0043280323496551415 0.9999678584463108 -0.0067490895890818005 -0.7279367035719811 0.09831274830140624 0.007141951421424848 0.9951299392799511 74.32381943342551
0.9954110594049859 0.006143673535566733 -0.09549386414703785 -5.209339458026903 -0.00684711732438505 0.9999517734137576 -0.007040442530795859 -0.7352596461115202 0.09544600462350787 0.007661992049833005 0.9954051205811825 74.83251277771818
0.9957573010502374 0.011095966154267462 -0.09134701385513909 -5.261970058968867 -0.011542561572592175 0.9999238676004466 -0.004362141138223791 -0.7400400474396195 0.09129165721735247 0.0053980124184932095 0.9958095675300775 75.3008012259713
0.9961850917247707 0.009561864285421821 -0.08674003560466428 -5.295599125396477 -0.009708290337791588 0.9999520715087196 -0.0012664059933191227 -0.7488572391187781 0.08672376908338587 0.0021036722201757635 0.9962301754309405 75.729238378893
0.9967031697358099 0.005708833007492196 -0.08093330997978022 -5.327131113366518 -0.0054636190774990665 0.9999797898495679 0.003250962779257082 -0.7624196272883803 0.08095023350903101 -0.00279805613036809 0.996714217103742 76.2200895125758
0.9973276234685334 0.0012635057839536215 -0.0730480322783746 -5.349576629057679 -0.0007638663203383298 0.9999761273230845 0.006867407966120436 -0.7744177826040791 0.07305496543598676 -0.006793256734615448 0.997304779737912 76.69658931561017
0.9980435311784509 0.0049032268357274405 -0.062330315573140595 -5.374300323313037 -0.004480823422062012 0.9999660530953988 0.006914830314095342 -0.7816902769373605 0.06236210463342474 -0.006622010526254955 0.9980316211835579 77.09840378623633
0.9988501592933875 0.010069103798677278 -0.04687187246385038 -5.398283331729152 -0.009778615342075418 0.9999315615686475 0.0064226833084151305 -0.785492471723024 0.04693333529132298 -0.005956956234514695 0.9988802614482144 77.4658859539589
0.99947915422397 0.015198685208832965 -0.028467880842487747 -5.412299406610886 -0.015002945481090043 0.9998624055014105 0.007076841938789585 -0.7897122257468132 0.0285715225115978 -0.0066460539313161655 0.9995696564364647 77.89383520791405
0.9998848841267747 0.013721622942057901 -0.0064757670298014125 -5.404500325795809 -0.013672345684856342 0.9998776962973324 0.007593379393630427 -0.7927844489226091 0.006579168508411626 -0.007503966349724795 0.9999502012754239 78.24048544055302
0.9997484125547812 0.010352700990887394 0.019898069664919072 -5.383108666099224 -0.010522639006240977 0.9999088912006624 0.008454783628708716 -0.7959161561650223 -0.01980872692883187 -0.008662036715300702 0.9997662644125388 78.62285275325397
0.9987459039526264 0.009146473641038343 0.04922358538126423 -5.347558989308984 -0.009655189683264127 0.9999023085166103 0.010106964694492498 -0.802841399519569 -0.04912633357002123 -0.010569552643764673 0.9987366459216755 78.99384981456024
0.9965639926309116 0.008565619661130633 0.08238227206965784 -5.2990687409573205 -0.009570524360664648 0.999884446987798 0.01181091594117316 -0.8102302189852162 -0.08227158473616616 -0.012558775088693193 0.9965308141313403 79.38618979006098
0.9927921426416316 0.008423817976947117 0.11955250227298084 -5.240719061107498 -0.009971197532011977 0.9998740084527203 0.012350807280060295 -0.8132832527362229 -0.11943339871584237 -0.01345386603853515 0.9927510547764732 79.71799804060082
0.986868452316011 0.00852196538266035 0.16130106611371067 -5.172523221479888 -0.010662081989166393 0.9998661853795578 0.012406907035609076 -0.8163195239437882 -0.16117375044050794 -0.013963790336104513 0.9868272567822549 80.03458243605431
0.9784554897474759 0.008195212902507878 0.20629516007049542 -5.083417904399851 -0.011006767175415882 0.9998614808140797 0.012484801184813665 -0.8200992099315225 -0.20616426862910756 -0.014486465053997838 0.9784101576899458 80.35593907057778
0.9667107052814121 0.010296917362634295 0.25566459627242755 -4.982104123922351 -0.01345149268513873 0.9998534104888719 0.010593152425766491 -0.826706133470598 -0.25551804170910863 -0.01367958429927376 0.9667075045403037 80.67066955406852
0.9507584537422791 0.011248726363519215 0.30972863734693756 -4.871460642913323 -0.014500337922020743 0.999861256931173 0.008197992935129452 -0.8362495457704823 -0.30959344766603036 -0.012285480992451445 0.9507896529301553 80.96616486149739
0.930921793027208 0.011427795050852878 0.3650397523110123 -4.7305072752197725 -0.014605244043167325 0.9998756673661167 0.00594446428240338 -0.8405330854081962 -0.3649264338376281 -0.010865326016320872 0.9309729548043328 81.2483255256524
0.9069222245635509 0.012031636618490923 0.421126249850306 -4.565794470213313 -0.015074357002202055 0.999878781578561 0.003896910307520624 -0.8432710041513315 -0.4210283153823167 -0.009882401998263322 0.9069936580688276 81.51834147451324
0.8779411147344995 0.012229406372201374 0.4786124117472606 -4.410293821385557 -0.014767482025400451 0.9998897693181289 0.0015397037283530716 -0.8447130354819584 -0.47854082431217376 -0.008419669395242428 0.8780249362255608 81.744063479493
0.8447192260884243 0.006692346074651206 0.535167862993091 -4.245090617063441 -0.007653863001214519 0.999970618971516 -0.0004237627693109224 -0.8520644520227514 -0.5351549751779692 -0.003738140947464494 0.8447456296687921 81.94403008436925
0.8082816298233865 0.003161524908845716 0.5887875776970011 -4.064893720589786 -0.003306610671918401 0.9999941884984056 -0.0008302380876672843 -0.8580763336117124 -0.5887867807754477 -0.0012758250932647735 0.8082873864254077 82.1413319466467
0.7687258710250654 0.0016993707145210337 0.6395761466439557 -3.848085560660978 -0.002479779896145503 0.9999968730134667 0.0003235041849020575 -0.8618646413385851 -0.639573596944419 -0.0018346941068210264 0.7687276812949514 82.34600073374382
0.7262972727763117 0.0010059122342408636 0.6873799965799634 -3.6335444636673717 -0.004301348161442006 0.9999860012926343 0.003081496838263194 -0.8677077653839836 -0.6873672744331715 -0.005194743434200666 0.7262914323320675 82.5268783269403
0.6806115465112582 -0.00020063370337869988 0.7326444448036661 -3.4239773633021007 -0.004172637764164864 0.9999826825737114 0.004150138163448879 -0.8743020303529274 -0.7326325899450851 -0.005881691831753753 0.6805989228992015 82.68990627177037
0.6337710447244724 -0.0015979506235706635 0.773519042702025 -3.195514935901987 -0.0017116510927804598 0.9999925208251894 0.003468219171595707 -0.8810675207874153 -0.7735187994608714 -0.0035220516024431184 0.6337635695061069 82.8394493444696
0.5857257184978936 -0.003290765252165544 0.8105026548717674 -2.979794144564965 0.0029446417932129133 0.9999937979696857 0.00193212496378379 -0.8793959481115079 -0.810503986279424 0.0012549447084053917 0.5857317759341237 82.97372442011392
0.5372813674489261 -0.0017213573274453674 0.843401309651085 -2.7441727783153858 -7.472086694227742e-05 0.9999978161510586 0.0020885664720595334 -0.8891585316348332 -0.8434030629592264 -0.0011851675271535573 0.5372800654862678 83.12228955794532
0.4892560459655351 0.00062914967060416 0.8721399690742674 -2.5236701269776693 -0.005141587872496831 0.9999844426952582 0.0021629705513360716 -0.9002752158119941 -0.8721250400947792 -0.005542430707598635 0.4892516692884468 83.2290088327667
0.4434119281908707 0.0023651255214182307 0.8963148264529177 -2.3025194069982264 -0.007146769199122028 0.9999740592999731 0.0008968930545222302 -0.9112837259859875 -0.8962894541542198 -0.006803448273096859 0.44341732878128093 83.31621754465218
0.40061250694771483 0.000294079365023835 0.9162475281245762 -2.0185442097297996 -0.0004949021939119388 0.9999998720680816 -0.00010457361778774452 -0.9117605874470999 -0.9162474416602134 -0.00041155941265275716 0.40061260123711057 83.40790459887903
0.36055938016654626 -0.006658608208245938 0.9327124939179526 -1.547524055523401 0.013863781917884968 0.9999023106871406 0.0017789416665134972 -0.9101627680878328 -0.9326332231509071 0.012289508503134483 0.36061647086052806 83.52723153440388
0.32478996297970564 -0.010542869329921909 0.945727406737235 -1.1769466221658098 0.017614289116934988 0.999831865757078 0.005096767174163821 -0.9114139239149931 -0.9456221321260131 0.015002937146265893 0.3249210598136703 83.61917727303111
0.2912534173321017 -0.0065440604335989 0.956623553005787 -0.8191798983404635 0.014537802595683064 0.99989140686689 0.0024138702207624364 -0.9139605693448531 -0.9565354667695611 0.013204156421185746 0.29131692546974214 83.71256347690935
0.2610332414943545 0.0011245580753431452 0.965329157440138 -0.4359960982435279 0.003154765561599434 0.9999929875099548 -0.002018015155841862 -0.9262961614959035 -0.9653246574542692 0.003572156219013996 0.2610278632842586 83.80664884478827
0.23400088688736903 0.005436938193408843 0.9722211809249001 -0.048841181978197146 -0.001790237776407863 0.999985077826378 -0.005161315072647465 -0.9411335582600675 -0.9722347350226845 -0.0005327547806110557 0.23400712849764874 83.88031982881577
0.20828581792849027 0.007228922600816995 0.9780412878441752 0.3672768157782976 -0.0008057841840618265 0.9999736149390754 -0.007219427784042519 -0.9518793047903323 -0.9780676708498801 0.0007156142198705826 0.20828614724599376 83.94928764831309
0.18452514806600112 0.008712982588579362 0.9827891705068962 0.7991940063019976 0.006461466512566883 0.9999283379669901 -0.010078113964544586 -0.9575868072552539 -0.9828065522684147 0.008209924785677215 0.1844556259735283 84.00670118476211
0.1643300615817876 0.015091559947137137 0.9862899551748915 1.2389057551093179 0.013205197469220449 0.999759695296261 -0.0174978404647261 -0.9534698885094464 -0.9863170147677296 0.015899574821109663 0.16409128526580297 84.05303932052287
0.14453215775082495 0.021971975529529668 0.9892561284456225 1.692411231610451 0.015358729634943382 0.9995831818751186 -0.024445284543586267 -0.9486191283676382 -0.9893808997549387 0.018726847138424426 0.14413445249614232 84.10629231138589
0.12712054181374627 0.022899867099536467 0.991622894015565 2.135481887922784 0.012713005681439845 0.9996137208169344 -0.02471413848529247 -0.9580493690451132 -0.9918058012209466 0.015748182160175917 0.1267803116541628 84.15627829792726
0.11210368927784982 0.0187984151577895 0.99351868751315 2.623947040869087 0.010561827434002968 0.9997420265802227 -0.02010791114278715 -0.9762826086448043 -0.9936403829613359 0.0127475439527485 0.1118762238888277 84.20120939677952
0.09783989577126317 0.015630880590079377 0.9950794090762045 3.0955768964230304 0.01058691018538197 0.9998037245567124 -0.01674603521000433 -0.9926351203051278 -0.9951458547008051 0.01217324667074135 0.09765520947342375 84.23820163838121
0.08462217417253835 0.013425181540537363 0.9963226646719011 3.5849668867881923 0.012605964440349657 0.9998147794416685 -0.014542918226368641 -1.0036064972637226 -0.9963333665489891 0.013790261441097023 0.08443726304508554 84.26879355137719
0.07302374175551224 0.012623168700226377 0.9972503139894172 4.068519566065179 0.016371287082834765 0.9997699994253856 -0.013853851746654941 -1.0134782531490776 -0.9971958253519098 0.017337931276034616 0.07280028873426145 84.29310249038144
0.06302756279742833 0.0131068914177216 0.9979257165366476 4.592470481084943 0.019486432084509373 0.9997069770753632 -0.014361021950318425 -1.0248915419870606 -0.9978215297799666 0.020351151913485546 0.06275368772719415 84.3155052213308
0.05527903806961323 0.013408650465924838 0.9983809072907907 5.120750094411706 0.02154820712463072 0.9996609232317923 -0.014618937481125624 -1.0365575118909214 -0.9982383997421724 0.022321439381135 0.05497136185453337 84.33902979308277
0.04977823832966095 0.013779865366535051 0.9986652303446221 5.673797042196749 0.023333560298216694 0.9996158571579057 -0.014956038321610313 -1.0475984744009308 -0.9984876924392238 0.02404690061001922 0.04943758305628313 84.36123938189435
0.04434993931782982 0.014947127894443376 0.998904232772198 6.250067101238773 0.024265184495535684 0.9995769577847508 -0.0160345342053559 -1.0561872057546546 -0.998721324346238 0.02494972612058597 0.04396848260521756 84.38134499294823
0.03702696318336616 0.01600822511868378 0.9991860390968084 6.943077481695096 0.02443946099026225 0.9995581182085846 -0.016919842488072507 -1.0658752550308561 -0.9990153736274152 0.025046058609395176 0.03661936924923258 84.41888498402439
0.03300836011857386 0.01589452446064706 0.9993286807924878 7.61496904909264 0.026950304162508473 0.9994958056256218 -0.01678736555687393 -1.0821958829009253 -0.9990916520859493 0.027486335313419187 0.03256335522036173 84.43325844852573
0.030066438521286168 0.015871180314625907 0.9994218903496501 8.241412963734959 0.028395254591029182 0.9994568281514664 -0.016725973159228563 -1.0951173667440992 -0.9991444934499499 0.02888172946402646 0.029599441072601786 84.4493094974015
0.027052017924003278 0.015520939021566836 0.9995135260606182 8.875754296752794 0.02920738575561971 0.9994402946469 -0.01631030513027513 -1.1088125754750546 -0.9992072442409344 0.029634403790342167 0.026583550711466696 84.46505745640353
0.0247421808565872 0.014958980045172942 0.9995819393138662 9.535519898114767 0.031047549843108032 0.9993942086153358 -0.01572467598614257 -1.1229136001042814 -0.9992116263010555 0.031423632860278085 0.0242627525780319 84.4790476512921
0.023817281068777008 0.014120774636175901 0.9996165969241242 10.231584203280482 0.03505469368637207 0.9992735518224017 -0.014951156436849451 -1.144945067292624 -0.9991015491795847 0.03539734950414838 0.023304979618863797 84.4923234716261
0.024983127018472173 0.013688296299991161 0.9995941545991475 10.898737862935405 0.038338830050442016 0.9991575396245567 -0.014640530105450498 -1.1638990581146604 -0.9989524400464433 0.03868903663583406 0.024437286458378962 84.50468131659406
0.02755831366615948 0.013615140062186665 0.999527472013134 11.631407246137563 0.040330920404286576 0.9990779294878388 -0.014720994179707252 -1.1791028531328607 -0.9988062656027051 0.04071754869074141 0.026983791827621728 84.5247909037634
0.03131533428478472 0.01352357634175678 0.9994180620348837 12.435427498340768 0.04290236014831311 0.9989687257280484 -0.014861780209194589 -1.1972720345085002 -0.998588372319815 0.043342795251467475 0.03070284624351196 84.5503380150922
0.0357012751598452 0.01308975782968374 0.9992767770702584 13.220730748379127 0.043393367747235484 0.9989508540221745 -0.014635808277103963 -1.2082557071698414 -0.9984199690448481 0.04388450168716943 0.03509581063538224 84.57741941207955
0.039642219503440386 0.011644665796544752 0.999146083508978 14.036938569578425 0.04493494478493647 0.9988997095997919 -0.013424637746652713 -1.2205958483952657 -0.9982030580848854 0.04542875653086824 0.039075349135270984 84.61063715863835
0.04335254932900678 0.010061376024200796 0.9990091717192479 14.877746756038599 0.04464134320813123 0.9989310299930954 -0.011997824532400813 -1.239217092965948 -0.9980619755021484 0.04511724758267133 0.04285705341380875 84.65890532376426
0.04728176646151354 0.008014583372258344 0.9988494386110702 15.749179482718711 0.04141089764882783 0.999092388943955 -0.009976768524023913 -1.2554429732119048 -0.9980228314603821 0.04183497110830547 0.046906961915797095 84.71440800787404
0.051579494825662264 0.006738171918982204 0.9986461599349 16.53086386630304 0.04086358519055071 0.9991255225121444 -0.008851986794602326 -1.2701887357592911 -0.9978325125585481 0.041264843438784976 0.0512590438563623 84.75672345172227
0.05568411445011933 0.007623076151060573 0.9984193348027186 17.40279150431746 0.038137467032036416 0.9992248742873595 -0.009756239736383955 -1.2875863800475544 -0.9977198068627722 0.03862045203526987 0.05535022744582958 84.81256088239834
0.05863428396292994 0.011575192168097218 0.9982124201142901 18.260714581888827 0.0358237251909212 0.9992643291106258 -0.01369165002983046 -1.3117242302955046 -0.9976365477755919 0.036562487516108716 0.05817648192383701 84.87281389664167
0.06036761249620931 0.016832604646396628 0.9980342753544729 19.06545791481948 0.030391021196236663 0.9993632711057627 -0.018693266045362554 -1.3274095966072088 -0.997713454450805 0.03145974865778333 0.05981761464846021 84.92352156630089
0.06052381616110297 0.0201995468573234 0.9979623469771081 19.901621407744425 0.028671443638749003 0.9993474992184704 -0.021966431787211176 -1.3360546378405571 -0.9977548877339404 0.029942513464152266 0.059905174154508564 84.97387895656641
0.06101418647879958 0.01964511769642435 0.9979435547159097 20.695383001065615 0.026746860330510543 0.9994150866925776 -0.02130938651699606 -1.3602434542825614 -0.997778469656863 0.027992031758416323 0.06045305324998378 85.02021451970556
0.060706145033150735 0.01789729824265555 0.9979952157554812 21.57262083040416 0.02358381592426709 0.999534399088284 -0.019359459333264255 -1.3903628665034669 -0.9978770302906392 0.02471177360772488 0.06025579360937995 85.08911545401367
0.06060347433861364 0.016673362327894764 0.9980226539947747 22.352217683010437 0.02449177069025336 0.9995346057408931 -0.018185848752704445 -1.4161889472459228 -0.9978613992266392 0.02554546760352839 0.06016690966280412 85.13639901754594
0.061396166578402106 0.015692417158201983 0.9979901095568092 23.23009965522899 0.02196510230109189 0.9996130130442358 -0.017069224748942714 -1.4486944584387489 -0.9978717577977547 0.022968939817943356 0.061027721514570914 85.19186072281607
0.06115268043733075 0.015849876155363783 0.9980025706886688 24.082330351561385 0.02032288610189771 0.9996468587429378 -0.017121276408874418 -1.478570451100403 -0.997921504917005 0.021329304518417913 0.060808969675053635 85.2568908299495
0.06164434066171822 0.0164978992474455 0.9979618202039622 24.905668280048587 0.017812000753921226 0.9996859675459907 -0.017626653703450765 -1.5004977337769925 -0.9979392305614233 0.018862280139479107 0.06133112174431073 85.31092537179708
0.06080064722699735 0.01757688600503286 0.9979951574908299 25.706367192808038 0.014519278578171719 0.99972358221612 -0.018491882287662926 -1.5314929217007622 -0.9980443235880604 0.015614488122810957 0.06052863714238845 85.36201855538874
0.058321550396116854 0.01736407562138414 0.9981468256910955 26.50638071082316 0.011952385001047047 0.9997649077058399 -0.01809060012057908 -1.551671461384777 -0.9982262956124635 0.01298530699486121 0.058100297332021086 85.41215195899225
0.0542659303197535 0.015854719040377434 0.9984006393681268 27.305828099742286 0.009039487464694507 0.9998251619909695 -0.016368662624350116 -1.5809248161068807 -0.9984856015350991 0.009913290769711588 0.05411312403851637 85.46281624613763
0.04934792600135163 0.01348481181586878 0.9986906137786906 28.120224367987397 0.006906239605734716 0.9998803424653153 -0.013842131553873047 -1.606307318365697 -0.9987577714610658 0.007580277154375311 0.04924889180874578 85.50876967535417
0.04283735241342042 0.011655217784855367 0.9990140725418227 28.925114322107454 0.004701738465974648 0.9999185261713888 -0.01186737859167219 -1.6281393854547261 -0.9990709959225156 0.0052054699718747256 0.042779062504523284 85.55215942317827
0.03554926671347026 0.011427245896326006 0.9993025906537827 29.73578123108122 0.0036301928884181524 0.9999265506344641 -0.01156352177573865 -1.6581821660162404 -0.999361331719278 0.004038735877721861 0.035505172535597776 85.58582233263199
