1.0 0.0 0.0 0.0 0.0 1.0 0.0 0.0 0.0 0.0 1.0 0.0
0.9999963435693209 -0.0021695386884980224 -0.001614295471077348 0.006385027250193423 0.0021747632661721374 0.9999923806739319 0.003241758599596491 -0.025231399882672333 0.0016072500505331625 -0.003245257456822153 0.9999934425041566 1.2799751029926614
0.999992736474188 -0.002572535957852182 -0.0028123046796543205 -0.00860122549838033 0.0025844408708991726 0.9999876810127029 0.004237745653246328 -0.04412728468357027 0.0028013682818354715 -0.004244983107426912 0.9999870661434412 2.614379828476983
0.9999902638643294 -0.0011700968203594538 -0.004254767911413459 -0.02060679192081457 0.0011872864395878805 0.9999911351242021 0.004039804935882531 -0.06021991419964684 0.004250003230514011 -0.004044817232038415 0.9999827883149289 4.003753917111796
0.9999836704109503 -0.0005969430853531273 -0.005683535026463955 -0.0360918932327276 0.0006200516086966819 0.9999915457091639 0.004064978007258275 -0.07786569007574444 0.005681060415692304 -0.004068435712874159 0.9999755863936897 5.41112610691343
0.999978634147851 -0.00045528177988452743 -0.00652104027740443 -0.05606770770217832 0.000483667670062003 0.9999904127987177 0.004352054254592939 -0.08977912712457432 0.006518996347871515 -0.0043551152856025534 0.9999692673564852 6.727333305541506
0.9999692141003077 -0.0005740490548621798 -0.007825683311754608 -0.07335193794391043 0.0006107881010640923 0.9999888008381842 0.004693094512761526 -0.10592722495004463 0.007822901604191431 -0.004697729865874131 0.9999583659056003 8.157414721001496
0.9999545369409276 -0.002102857547875755 -0.009300647363957583 -0.09256771524606996 0.0021384976066602833 0.9999904029728296 0.0038237141922377923 -0.11731566623344876 0.009292517379142022 -0.0038434297666217806 0.9999494373059008 9.482040958878091
0.999933461270498 -0.0032329586593486297 -0.011073437131665241 -0.09980687194804808 0.0032826451534773604 0.9999846136585375 0.004471765532956062 -0.13653535480481915 0.011058809718878 -0.004507818152091391 0.9999286886088975 10.836801593524715
0.9999200880513547 -0.0029750643818879413 -0.012286842690264371 -0.12691910334762704 0.003032559632212577 0.9999845278389847 0.004663439151512618 -0.15407766518824248 0.012272778554539105 -0.00470032707015241 0.9999136391868975 12.187289683630091
0.9999100206848899 -0.002299920756771476 -0.01321593350680233 -0.16058588127842907 0.002365016808517 0.9999851390818474 0.004912057710765088 -0.17563100276870278 0.01320443976240871 -0.004942871632060226 0.9999006004551603 13.620188076679865
0.9999041627818565 -0.000602517492653011 -0.013831204726500512 -0.18844439860949141 0.0006762402526868268 0.9999855874767639 0.0053261184620802485 -0.1856700040850876 0.013827796304399623 -0.005334961239082487 0.9998901590864577 15.067546491642196
0.9999022519435811 0.001164864440943135 -0.01393304162737573 -0.22304170541374368 -0.0010837095927434216 0.999982413721204 0.005830765115619021 -0.1878443963539492 0.01393958864796783 -0.005815095798793788 0.9998859297585784 16.508799792130816
0.9998902070422021 0.001657714526861948 -0.014725007424459511 -0.24483896616514778 -0.0015565081498340192 0.9999751080676994 0.006881898529674563 -0.20620811445131115 0.014736049113736556 -0.006858223351617128 0.9998678980890312 17.808450554864777
0.9998895739820357 0.0011069516551461978 -0.014819396075982694 -0.2790589788360196 -0.0010055516644959712 0.9999760459981657 0.006848087012058846 -0.2232297776721006 0.014826621593394445 -0.0068324291366883595 0.9998667357224256 19.201344473474077
0.9998766970990349 0.0017981743759157708 -0.015599909206118636 -0.2997329721806624 -0.001689437310632415 0.9999742071634801 0.006980745615135388 -0.23215721601063422 0.01561205943810063 -0.006953529800294822 0.999853945345728 20.48629090717694
0.9998890393837784 0.0025722820476381325 -0.01467284175791257 -0.3417653576423484 -0.002466796244211643 0.9999710171569776 0.007202760743611605 -0.23595631732407002 0.014690944029397374 -0.00716576660990062 0.9998664050524041 21.905989204906227
0.9998884171824058 0.003489569282521927 -0.014525016030488835 -0.36916716416409323 -0.0033658203145868187 0.999957907726655 0.008535457137194207 -0.2467037191711373 0.014554189708581874 -0.008485616132812214 0.9998580748690155 23.229777983349585
0.9998863396955742 0.0036353071722771647 -0.014631890921899891 -0.38941559200736964 -0.003531645805197594 0.9999685281790288 0.007104233200980489 -0.25341749925077467 0.01465725649955727 -0.007051751075475665 0.9998677100690252 24.59178702544643
0.9998858300831011 0.003915465675338166 -0.014594379999627876 -0.41249673335141546 -0.003841556647350722 0.999979673020464 0.005088810117452455 -0.2666360091364701 0.014614008401307365 -0.005032163990922645 0.9998805469074871 25.888973167337735
0.9998986958925069 0.0020165356243714494 -0.014090121949079402 -0.4500971818660019 -0.0019478367551422312 0.9999861580675636 0.004887699382044261 -0.2748146431043878 0.014099783134488368 -0.004859758980603738 0.9998887832445224 27.367179785347567
0.9999023225446034 0.001018286872843539 -0.013939457010690184 -0.4658978425797951 -0.000913609989462099 0.9999713543746839 0.007513703936671072 -0.2849695595841379 0.013946708812312605 -0.007500234790017214 0.9998746100343782 28.69848456452404
0.9999043909112075 -0.00045113117095505243 -0.013820474563282304 -0.4819520619827148 0.0005705305721428548 0.9999625412151267 0.008636588530927554 -0.29584425513314094 0.013816060630801716 -0.008643647797827636 0.9998671930918595 30.01273679314498
0.9999080235310163 -0.0013006653946907197 -0.013500101771034386 -0.5131518743732131 0.0014093742985474538 0.9999666367107648 0.00804606297814351 -0.3052272341828355 0.013489186127555099 -0.008064349626145334 0.9998764964347966 31.324375086218986
0.9999134420186453 -0.001343302794176568 -0.01308831570635352 -0.5348129626053841 0.0014243854794583472 0.9999798415909333 0.006187692443723025 -0.3127866595854874 0.013079739922182337 -0.006205799656398451 0.9998951987354441 32.61019473475846
0.9999203704912014 -0.0006549745047458746 -0.012602526934612373 -0.5565684064368106 0.0007234074832118912 0.9999850158212636 0.005426307636031443 -0.32430373605330465 0.01259878400293977 -0.005434992304111546 0.9999058613191054 33.89382637316044
0.9999282484543343 0.000280954934405633 -0.01197576750663681 -0.5743223978710998 -0.00022784309724354745 0.9999901346104382 0.004436075892189061 -0.33626972918643666 0.011976895698436362 -0.004433029000926413 0.9999184477862714 35.10976143893161
0.999940968866314 0.0007712499938698433 -0.010838078987761577 -0.5925597976652214 -0.0007116699358735571 0.9999846212522249 0.005500071358372599 -0.35320030320209156 0.0108421542416799 -0.005492033547946653 0.9999261399017971 36.34379537964767
0.9999562014169101 0.00116940274263801 -0.009285889569133976 -0.6095148543737002 -0.0011006381452507439 0.9999719625328395 0.007406938901816665 -0.3619791843501577 0.009294290910976472 -0.007396394084115257 0.9999294522670163 37.4646132115605
0.9999706463258105 0.0008634767116419094 -0.007613205284909064 -0.6250978293236861 -0.000799640205184414 0.9999645336650302 0.008384031704471665 -0.37181555327477184 0.007620174688546722 -0.008377697777300375 0.9999358715026024 38.66125030003814
0.999984734149453 0.0013093212289386562 -0.0053681603895529405 -0.6354860482500474 -0.0012611262551129865 0.999958959964389 0.008971507538143493 -0.38009763868440494 0.005379686665334675 -0.008964600652441224 0.9999453459597308 39.67128375674042
0.9999981047108703 0.0009674440037919193 -0.0016895640761780642 -0.6505656534088923 -0.0009531251661950219 0.9999637998162881 0.008455211965925104 -0.39382856085804985 0.0016976828577653512 -0.008453585574812787 0.9999628266909949 40.838078980381674
0.9999979957853496 0.0002949207261745242 0.00198026438876218 -0.6555244857433657 -0.00030832637467794995 0.999977017224351 0.006772736370010704 -0.4075947530410455 -0.0019782214564615544 -0.006773333363733043 0.9999751039876011 41.98810258546941
0.9999838609320876 0.00020972749656363336 0.0056774897386778905 -0.6574911839725313 -0.00023797440336396818 0.9999875961578857 0.004975027493148179 -0.4194638807337859 -0.005676375915930071 -0.004976298298074671 0.9999715071999353 43.066937974235174
0.9999521081008518 0.000338265032065503 0.009780955036740058 -0.6515604077286005 -0.00039304869521670263 0.9999842444525008 0.005599674944595884 -0.4309328899952978 -0.009778906758213675 -0.005603251157143245 0.9999364862625449 44.21493554218863
0.9998865631083408 0.0005291326017812917 0.01505260555784699 -0.6436563136849608 -0.000612444397935817 0.999984518357044 0.005530638126916937 -0.44626968369784586 -0.015049446077840556 -0.005539229632467072 0.9998714072858718 45.28024633345803
0.9997627510960817 0.0020605925717416323 0.02168399130805738 -0.6353866070379091 -0.0021609510693662345 0.9999870582893174 0.004605816361294621 -0.4580259726816549 -0.021674219969134517 -0.004651581680616443 0.9997542652955269 46.44147553617777
0.9995686135582721 0.0035121792966655305 0.02915907038611107 -0.6164240463008314 -0.0036517763859488005 0.9999821193347804 0.004735561207399369 -0.47119966087207954 -0.029141916862504634 -0.004840000755172644 0.9995635662999475 47.578436963675195
0.9992816344774935 0.004701193336899927 0.037604704189751696 -0.5839168552612274 -0.004927691992178826 0.9999702598364042 0.005932730766324917 -0.4900940157853757 -0.03757569490534882 -0.006113773296792056 0.9992750817109652 48.68085589771421
0.998822189849263 0.007009435377026812 0.04801146613485953 -0.544650467806445 -0.007337314387243563 0.9999509272213813 0.006656347848763857 -0.5032689527757646 -0.04796245283871778 -0.0070007831559245936 0.9988246053000988 49.7801122945776
0.9980972936244639 0.009203580393641216 0.060967914245599025 -0.487663447691993 -0.009625094656034512 0.9999317402245458 0.006623627735244061 -0.5185363933577259 -0.06090279149910379 -0.007197846862117818 0.9981177490597823 50.823662019659395
0.9970355853089204 0.011532121009219373 0.07607267454695645 -0.4379114031830715 -0.012115639256793091 0.9999005835317519 0.007213483088102112 -0.5267585607742875 -0.0759819249104528 -0.008113768414972152 0.9970761825703244 51.68859791448654
0.9956416592007236 0.013914471807591451 0.09221753595898054 -0.35162430839779146 -0.014760562328102037 0.9998549339751834 0.008499223802259159 -0.5348308078698595 -0.0920858961176376 -0.009823363975666037 0.9957026108514597 52.68976740217439
0.9938492973835887 0.013913945318179157 0.1098634434915885 -0.258895705306742 -0.015026563486187913 0.9998437899941226 0.009305804639345303 -0.5463567464684385 -0.1097168012655414 -0.010899437410839766 0.9939031269616698 53.600387796937945
0.9915639446039751 0.013420731507404816 0.12892178918713107 -0.14105086376108422 -0.014630523867866663 0.999857334913332 0.008441421169571348 -0.5558834282225468 -0.1287901065018455 -0.010256402186753987 0.9916188353805242 54.602029983778124
0.9887070479755852 0.012635336899285676 0.1493275645848594 -0.004898810728945852 -0.01392153716230707 0.9998744268538615 0.007571084909148082 -0.5632503734516954 -0.14921314984424905 -0.009564454250221158 0.988758796233163 55.58872140200885
0.9853932920324306 0.010007746967337387 0.16999972064131916 0.16436601418573252 -0.011399692578888483 0.9999089998938703 0.007213802072973707 -0.566255175903106 -0.16991205674287996 -0.009046376726565816 0.9854177063771108 56.557334561612
0.9814781870059958 0.00471278660799925 0.1915159473093848 0.37273479226520323 -0.006622952306849225 0.9999344948004503 0.009335020670071576 -0.5781289623421799 -0.19145940805863992 -0.010430520147956382 0.981445107642439 57.57401825667233
0.9767411552652161 -0.0006062805068769673 0.21442095987826865 0.5967402509865724 -0.001715881351779502 0.9999418827647338 0.01064362927328036 -0.5831376855458251 -0.21441495134984812 -0.010763991679084265 0.9766833494642854 58.557702208866374
0.9712295017199759 -0.005580932274899817 0.2380800457487154 0.8355717271462485 0.003260485750436005 0.9999432815502435 0.010139177244865452 -0.5880659201080641 -0.23812312827912926 -0.009071211466754289 0.9711926116384366 59.501409652636426
0.9647185810066051 -0.011468114136163565 0.26303334735117195 1.0944842821179506 0.009653583002911007 0.9999198641173803 0.008189852177341608 -0.5939958666161745 -0.26310619110125144 -0.00536168831999073 0.9647519808233365 60.43164959739524
0.9572420166894383 -0.015137931071619443 0.2888919599559808 1.3921950280663797 0.013153852284040096 0.9998746881661115 0.008808185670842992 -0.599534399182286 -0.2889890960822341 -0.004631523247624909 0.9573211850460536 61.36955938908695
0.9485284549757229 -0.01791300882582396 0.3161849051048673 1.7016482292089987 0.015112673840914657 0.999821866628743 0.01130672810301271 -0.6129868066604784 -0.31633111954208054 -0.005946353994110775 0.9486302038641987 62.343688852157484
0.9387706867404974 -0.022305889055756666 0.34381978568751276 2.0412157982615047 0.01858037751133524 0.999727563408163 0.014126872743632534 -0.6156902073827931 -0.34404122905301787 -0.006873592613095114 0.9389293830934671 63.28073821026614
0.9277106350908203 -0.025547446322128745 0.3724248991753972 2.4109327871771535 0.021944481414883758 0.9996624090256803 0.013910705100984714 -0.627084900744703 -0.3726545548826936 -0.004732437785401136 0.9279580738146468 64.2148473081423
0.9156035557628271 -0.02506507607065919 0.4013002250635295 2.7856785027081092 0.02290109122427763 0.9996858119708111 0.01018908067485444 -0.6346937422246022 -0.4014295314189087 -0.00013894543334795357 0.9158899016797611 65.06186370926635
0.9024600780388201 -0.026167319926375426 0.4299779981743683 3.1929747044623236 0.026741993928309105 0.9996312849740421 0.004707426248477845 -0.6382664651840975 -0.4299426395542836 0.007250204756922199 0.9028270937583113 65.91785049177768
0.8885492987581456 -0.028112524789111453 0.4579190208174248 3.6410917539150374 0.030400183904119457 0.999534986847733 0.0023746338452505103 -0.6468829722371695 -0.45777283940291086 0.011810843208039361 0.8889907375713835 66.72513930448747
0.8725932710368035 -0.02865219163989017 0.48760643479708315 4.108742150709479 0.02971472280175593 0.9995429662156811 0.005558231514946396 -0.6526476789272193 -0.4875428376974744 0.009639014627540923 0.8730458583642124 67.5796266767339
0.8548236514332963 -0.027692367109156707 0.5181791753381617 4.614076234518426 0.025492757430043485 0.9996103876825312 0.011366272730922326 -0.6623466343739698 -0.5182920453459214 0.0034936572631620406 0.8551965564068117 68.43022584799864
0.8349567701610434 -0.027915675142725676 0.5496070478474266 4.876759034934866 0.02343516439516225 0.9996102586981547 0.015169831086100493 -0.6680907330257001 -0.5498163193576648 0.00021397835150523386 0.8352855614586281 68.8428140329158
0.8138053724285021 -0.021640129079629297 0.5807344665334778 5.388677610818851 0.01932175072407283 0.9997615087979035 0.010178186238091951 -0.668876028539636 -0.5808162237364441 0.002937743957100234 0.8140294121866725 69.56501101092624
0.7915079956875535 -0.014606532144715415 0.6109842403707122 5.920252559142578 0.016291401301486444 0.9998633703410417 0.0027983734360992815 -0.6657763858055856 -0.6109416363338687 0.007738854499170925 0.7916378130968326 70.27456254299659
0.7690826188489649 -0.012529968344210742 0.6390265450493505 6.448103468825318 0.015593879810458301 0.9998780569591894 0.0008379283822785187 -0.67428998748556 -0.6389591194253931 0.009320466984541378 0.7691842253961767 70.90899890299814
0.7455875008509482 -0.01499058809818678 0.6662391168666898 6.993768492613421 0.016649399069973286 0.9998539201319181 0.003864700175385473 -0.6800098013210346 -0.6661997268728388 0.008211008787436238 0.745728169810721 71.52266395772367
0.7211844416491713 -0.015297190214698447 0.6925741816547215 7.601362925482178 0.016794112028986806 0.9998484048199364 0.004596213679478149 -0.6937552769169719 -0.6925394999018684 0.008316450598958547 0.721332016290075 72.1459204740096
0.6957437584791676 -0.013493433552454562 0.718163316933026 8.238354136849946 0.01763237122572196 0.9998430857332419 0.0017039355587873096 -0.70196025935673 -0.718073618803977 0.011477419674981974 0.695872507586961 72.76558254951281
0.6693567505924229 -0.011185163521092022 0.7428569394933039 8.92620323796993 0.017572281719388426 0.9998452920627376 -0.0007790090849303329 -0.7119928549010389 -0.7427333002845143 0.013575126407749995 0.6694497446347164 73.39445008050859
0.6426528419115333 -0.008940993569364654 0.7661053344136308 9.566041353255915 0.015780882149901858 0.9998742436232474 -0.001568661024944455 -0.724687500333517 -0.7659949663944273 0.013097922462469106 0.642713120984446 73.916593224285
0.6142987321424606 -0.007506889570288493 0.7890378408524799 10.310391066516068 0.015690629276630702 0.9998732408476271 -0.0027030334381907646 -0.7365272584950625 -0.7889175317110577 0.014040970260068696 0.6143386519771386 74.51096995839062
0.5857357761213128 -0.0011246458796401182 0.8105012867005253 10.619425050045011 0.014174111028439226 0.9998603232120622 -0.0088559947394737 -0.7442623229201066 -0.8103781186261855 0.016675408178438034 0.5856699032850897 74.73253880555723
0.5552457159826041 0.008160961750497433 0.8316463152003204 11.32974809856368 0.013002015376008692 0.999744477769895 -0.018491261848873612 -0.7628689457613302 -0.8315847175598686 0.021080272102335214 0.5549977294088371 75.22979411643915
0.5240548552658268 0.016580878072714578 0.8515230960782271 12.084669595820557 0.011799550787163082 0.9995731670222134 -0.026725537794491536 -0.785243746240338 -0.8516027708230719 0.024053237859411086 0.5236355244585157 75.7106803711732
0.4924537493195867 0.021353738980623642 0.8700766188173474 12.839866907314873 0.009470173509694403 0.9995083216346273 -0.029890312758953402 -0.8130453138599447 -0.870287090904362 0.022959373133410246 0.49200939685187256 76.14313480142093
0.4590124784454485 0.021194491885836313 0.8881769745636658 13.643573916740406 0.007214162639562636 0.999593525302347 -0.02758151611201605 -0.8461800131456785 -0.8884005293159026 0.019067713217076575 0.4586730009755264 76.58967302839076
0.4253760312306006 0.01969064777839729 0.9048024704014511 14.668409396733768 0.002301229743544078 0.9997365185041961 -0.022838518138834713 -0.8974679235082811 -0.9050137769095948 0.011797116562005622 0.42521863981327573 77.0979581698173
0.39085227777032994 0.02093321167973711 0.9202153539310864 15.679572312286274 -0.0019549039632726435 0.9997579846829767 -0.021912334725637424 -0.9349041800389309 -0.9204513432616841 0.006765553296317118 0.3907986079508931 77.54573459151523
0.3561170387605925 0.023736683170805687 0.9341398313830933 16.759677335042394 -0.009065563494123243 0.9997180321123992 -0.021947023211520048 -0.9731526326379334 -0.9343973834846288 -0.0006527950380964499 0.35623181159985956 77.95811539526478
0.3199032128498134 0.025688240580733757 0.9471019209695608 17.789896116934923 -0.013900072657853632 0.9996520384129798 -0.022418520845089503 -1.0041596035063296 -0.9473482582390033 -0.005993028670184939 0.32014896723070213 78.33160952518466
0.28354283439169836 0.025185228725623728 0.958628794330297 18.686803825865596 -0.016524696326628 0.9996349578218341 -0.02137488039389934 -1.0308367326293713 -0.9588171856388654 -0.00978035554459987 0.28385550755443656 78.61416162487127
0.24746342054148637 0.024765682186613614 0.9685806711264364 19.637870590112694 -0.017247942043854 0.9996274637680373 -0.021152829029087664 -1.0596159195123431 -0.9687437039739454 -0.011471471854718647 0.24779838850228075 78.85755835065842
0.21157064122337438 0.024018690181303468 0.977067534152222 20.574947872346243 -0.01671680318636208 0.9996406788806316 -0.020953797228645456 -1.0946358047071043 -0.9772197359159088 -0.011900237352477666 0.2118961351402998 79.06413702931462
0.17593979088488046 0.022696932164280748 0.9841392377370761 21.53612591315078 -0.01448695283664202 0.9996855950159222 -0.020465564130294406 -1.1242562452710807 -0.9842943249764745 -0.010656471648360684 0.17621328392352928 79.24432904227727
0.141628915810403 0.021553124780753823 0.989685158532022 22.452439781913366 -0.0063022517128675055 0.9997623195294443 -0.020870698897105917 -1.1559835707720285 -0.9898997584754314 -0.0032813505285554344 0.14173108660061626 79.36830399823302
0.10749807048433786 0.024909876242510808 0.993893184858275 23.376338771236018 -0.004253652982992489 0.9996884463585446 -0.024595053436414695 -1.1867806027824663 -0.9941961935545944 -0.0015837559226744818 0.10757053703841418 79.47485691030023
0.07473734070868698 0.0300035059064189 0.9967517843159928 24.351011922838424 -0.0034054739540946163 0.9995491147642666 -0.02983236365291218 -1.219252517487808 -0.9971974391518169 -0.0011648207137122473 0.07480581890309948 79.5551028534401
0.04554491802045212 0.03385011639090797 0.9983886167534316 25.30796725304879 0.003581298626144462 0.99941377374765 -0.03404824729162985 -1.2576653269340474 -0.998955872269972 0.005126252413174763 0.04539699101852198 79.59938820284928
0.019814951909404112 0.03195373376561977 0.9992929133038332 26.312955912005194 0.005382641380128661 0.999471254212128 -0.032066168704865575 -1.2987763851941578 -0.9997891752027529 0.006014224976824344 0.019632479347428844 79.6256881063435
-0.002894164479884727 0.028939758166044785 0.9995769676264318 27.30177679035198 0.007107643773361496 0.9995565000402027 -0.028918586192474397 -1.3383950866892111 -0.9999705521723898 0.007020941864978893 -0.003098574409985587 79.62926862618178
-0.02145937033751329 0.02632325564930286 0.9994231244256545 28.27419347326127 0.007347412529097244 0.9996304800435178 -0.026170955219359904 -1.3756115321902234 -0.9997427223810358 0.006781561766135912 -0.021644848490284228 79.60183806959355
-0.037712587910031445 0.02969467238620157 0.9988473292475696 29.24082628969745 0.00871397009455178 0.9995301554724462 -0.02938596648774966 -1.4079265021316112 -0.9992506329436672 0.007595704911595793 -0.03795362734412278 79.55894696117463
-0.05201725250762248 0.03414039345547345 0.9980624424234498 30.16798945181585 0.011599046189562656 0.9993687049754915 -0.033580554538330774 -1.4393163157048119 -0.9985788239137914 0.009829804184971026 -0.052380410275545596 79.49986597537885
-0.06375549595403569 0.039413946835866756 0.9971869320897023 31.158743438481764 0.016290930331752197 0.9991277560587071 -0.03844909182307085 -1.4803322339319185 -0.9978325722908533 0.01379376192024494 -0.06434197547096808 79.42696050208266
-0.07238819676418151 0.04269054792944381 0.9964624760053498 32.110146779550774 0.021910565860959567 0.9989104963906523 -0.041203729251528334 -1.5267977499675474 -0.9971358363196474 0.01885039304801238 -0.07324470362458124 79.34643135688077
-0.07788152846016444 0.04798321891727033 0.9958072495352925 33.06466079816767 0.025938138027019168 0.998600519767946 -0.04608920605608001 -1.5746194578709327 -0.9966251454385445 0.022239888073589814 -0.07901713015589905 79.26141959925174
-0.08118181648565476 0.05286059362995972 0.9952965740487486 34.039620645747476 0.02781487311821463 0.998323846411523 -0.050752640517708746 -1.6211787100246702 -0.9963111188306127 0.02356385637348867 -0.08251605399740401 79.17225263927877
-0.08416155730853067 0.05695275985494451 0.9948232081210743 35.14431762973057 0.030037645214623192 0.9980565818052491 -0.054596697566636494 -1.6899880753725607 -0.9959992832032379 0.02528720348570313 -0.0857087230012751 79.09374330124521
-0.08680437794066062 0.0599226586675574 0.9944215780787063 36.039122505560776 0.030613023569089626 0.9978784190275762 -0.05745871236795643 -1.7463411076686728 -0.9957549109887902 0.02545458342296302 -0.08845462918621101 79.01889976826799
-0.08972671646991985 0.06318837640481755 0.9939599315057162 37.01290077780692 0.0317456058827865 0.9976597436216114 -0.06055784395101589 -1.8158853880166443 -0.995460362273989 0.026120203754639578 -0.09152268624310968 78.94728051150787
-0.09116007347819101 0.06703921850404375 0.9935771656926382 37.97410154708129 0.03301290341031979 0.9973865139576019 -0.06426733216746486 -1.881263353938916 -0.9952888973619026 0.02694225227907705 -0.09313498714370902 78.8488334501851
-0.09351172202967739 0.06838406381143297 0.9932669216578576 38.918371718841605 0.035681727133038015 0.9972276841957157 -0.06529747485510749 -1.9506100223183527 -0.9949785787602907 0.029335399950977753 -0.0956925395099764 78.76544632209483
-0.09522713192068177 0.06735790028981925 0.9931740565553986 39.875890480849506 0.03591464624980041 0.997290993152158 -0.06419356013132761 -2.0134768994583934 -0.9948074846576662 0.029556526286582376 -0.09738829612924639 78.66549880463765
-0.09773273403644465 0.06709221056036886 0.9929486129603499 40.90195595362821 0.03533456535165447 0.9973299011396912 -0.063910380879039 -2.0838791338540275 -0.9945852307314699 0.02883927139886327 -0.0998424520733113 78.56567749362918
-0.10003704422212865 0.06875071275944374 0.9926056262576626 42.11021829189203 0.035210744881724376 0.9972296739554067 -0.06552236891068368 -2.1600639275200155 -0.9943604946035285 0.02839571935806626 -0.10218067280050537 78.45542268148054
-0.1024272336080578 0.07059252508553589 0.9922325116712547 43.06944988160073 0.03404732184074909 0.997143094252377 -0.0674272160204473 -2.2333357516831924 -0.9941576543440546 0.02687647645885886 -0.10453809507678816 78.35773412124047
-0.10542614278729243 0.07297135549931039 0.9917461921749864 44.12665963270034 0.032556736959926114 0.9970226833897162 -0.06989869587404533 -2.309000953088967 -0.9938940523494019 0.02491887001778691 -0.10748796500781393 78.26132197963176
-0.10770288748104065 0.07659937780573789 0.9912278362455417 45.08327305758301 0.030350616887674882 0.9968160410487271 -0.0737334412765355 -2.383420222108376 -0.993719743228836 0.0221430717768909 -0.1096848042779836 78.1534202228267
-0.11018416720185618 0.08075212436906194 0.9906253296317005 46.078800370889866 0.027061528577424217 0.996568247924427 -0.07822659969531534 -2.4654385271766 -0.9935427132081874 0.018188502926887378 -0.11199131837866695 78.05540884617815
-0.11287226910886465 0.08322028855902638 0.9901182931540891 47.103444965900465 0.02495052306686349 0.9964095013007354 -0.08090474100020122 -2.5508033202596807 -0.9932961906022323 0.015572067613907049 -0.1145433911027692 77.94847731151604
-0.11585922906293968 0.08185731319274726 0.9898868719797247 48.10811769889742 0.022758083921609558 0.9965554626300638 -0.07974509087333548 -2.6346012981874987 -0.993004888536385 0.013288723755275586 -0.11732306322201837 77.83714529564875
-0.11889830452091044 0.07760747840259766 0.9898688157922954 49.12405398874278 0.019690829420424542 0.9969289155661761 -0.0757958346136761 -2.7219401848052054 -0.9927111686783768 0.010479341775050494 -0.12006131340766307 77.72426406311897
-0.12113559562108958 0.07622069907038494 0.9897052957859445 50.13186595765192 0.01992968578479935 0.997033357856601 -0.0743457527079402 -2.7998621110570316 -0.9924358795902349 0.010718598528391346 -0.12229528424082488 77.60263762670499
-0.12282316521925582 0.07674515890697821 0.9894567452242994 51.13095898235903 0.019272199688733664 0.9970019382310754 -0.07493809099941288 -2.8789454267528187 -0.9922414284863745 0.009864874445290772 -0.1239339818108726 77.4757338136198
-0.12401253294649874 0.07957663943058912 0.9890846526607951 52.13252967406192 0.02040404405641629 0.9967728852149693 -0.077636913168732 -2.961188847352576 -0.9920708476002797 0.010553376576214383 -0.12523601552470134 77.34193795989938
-0.12479638784002267 0.0823855590322027 0.9887560271599017 53.206484230922584 0.021088566437576294 0.9965417805810713 -0.08037258190400169 -3.050915764952398 -0.9919582319572184 0.010821239266319926 -0.1261022078833297 77.22079540889727
-0.12488964761394877 0.08333875169067849 0.9886643658924404 54.184844415985665 0.019497005966802695 0.9964797874987418 -0.0815346543795497 -3.1316534454165272 -0.9919790535476011 0.00909316078718318 -0.12607486565411952 77.09592969972083
-0.1249710035488966 0.08197272913746186 0.9887682842555865 55.12683775708817 0.01641659467444392 0.9966154986674631 -0.08054839064251049 -3.218466329932812 -0.9920245680885514 0.00616599493672635 -0.12589375208946468 76.98323212840778
-0.1251583239120173 0.08099123590712154 0.9888254717905328 56.263943648122385 0.0127757308776471 0.996711375920517 -0.08002008379882704 -3.325162255163533 -0.9920545220178559 0.0026177885449980313 -0.12578144746765005 76.85057449402157
-0.12509989627615556 0.08200085158440698 0.9887496529916587 57.359290240153044 0.008935743475395039 0.9966313267303407 -0.08152392942113447 -3.422474669244652 -0.992103910102282 -0.0013634218540891055 -0.1254112141740552 76.71818371476746
-0.12530796021568882 0.08203077066389326 0.988720823979585 58.40337571756799 0.0046810387112351136 0.9966137331376195 -0.08209235529621971 -3.516553739116229 -0.9921068505877616 -0.005658585139818058 -0.1252676232354082 76.5954644485172
-0.12601980915556277 0.08126564663028524 0.9886935330921083 59.47262727232804 0.00113651948098669 0.9966501860715015 -0.08177478173073797 -3.6145525228949507 -0.9920270742393398 -0.009181572926360546 -0.12569002623411715 76.47963562442693
-0.1264705576589764 0.07640142817495618 0.9890237711087905 60.51150644799416 0.0011792560156956276 0.9970404333474107 -0.0768699136571401 -3.6981196197452277 -0.9919696605242908 -0.008555468615669748 -0.12618635645777773 76.35237880595923
-0.12697216479842088 0.067910435175684 0.9895788205901794 61.54340029327712 0.004053591676088389 0.9976807434568218 -0.06794632094503657 -3.7791293092968425 -0.9918979976595002 -0.004615942990501747 -0.1269529649491585 76.22445356095012
-0.126612842751099 0.06266444526667843 0.9899708861122652 62.605555400320696 0.009570995618034057 0.9980333192411251 -0.06195070401069809 -3.8557090804282463 -0.9919060359194134 0.001631252267735508 -0.12696359684048808 76.07907410321172
-0.12534910154532977 0.0652047626140821 0.9899676467815596 63.6468349260435 0.018087162219115792 0.9978222514337605 -0.06343192497882989 -3.926739198587258 -0.9919478097685572 0.009954570613627433 -0.12625549183802004 75.92958973399053
-0.12399136345691919 0.07089049732254679 0.9897477856390764 64.71483308277753 0.023337385273970623 0.9973772044522322 -0.06851334532500723 -4.001529953401518 -0.9920088246768112 0.014603062295676157 -0.1253205583091625 75.78754808330976
-0.12293637601439067 0.07658428881975334 0.9894551501500308 65.63735421626916 0.02683870476010126 0.9969098787779808 -0.07382667215628218 -4.070486358961653 -0.9920515769753347 0.017479711120142623 -0.12461191082680627 75.66627307432259
-0.12225681904193976 0.08076443052585758 0.9892069434448888 66.74871896003867 0.027798894417184777 0.9965711896698243 -0.07793000313905193 -4.167798501009332 -0.9921091127829281 0.017971385085861803 -0.12408278547472683 75.53224613534309
-0.12218944306679054 0.07778937855196007 0.9894536636889706 67.86109871191812 0.02458770607252909 0.9968551044932619 -0.07533488803879884 -4.25924569941751 -0.99220218943173 0.015123267842211746 -0.12371783241171933 75.39754240753568
-0.1219443699638082 0.07310555507308787 0.9898409712936643 68.96546637935674 0.02350347708486935 0.9972168013871323 -0.07075477083658152 -4.347732089655039 -0.9922586140714785 0.014636558634865033 -0.12332320930091495 75.26092938381751
-0.1218574061980862 0.0709171381132422 0.9900108747263846 70.14944526797085 0.020893274282076376 0.9974064746915161 -0.06887521566728923 -4.436706683138988 -0.9923276896491648 0.012291613615347193 -0.12302305714898516 75.11853896524929
-0.12151872412916688 0.0717731030858072 0.9899908188258377 71.26863668877967 0.018936447927219983 0.9973683927772597 -0.06998356970607679 -4.515744854773475 -0.992408489799397 0.010242595488434422 -0.1225580622062098 74.98150769406762
-0.1208641505117786 0.0770461784962894 0.9896745644403433 72.37593473561158 0.019496472829488805 0.9969753271777008 -0.07523353338854635 -4.595198555864578 -0.992477578924721 0.010202126152641263 -0.12200070472620421 74.83138718901581
-0.1205141725223674 0.07991836651096723 0.9894894587187206 73.55734959960841 0.018988929044155174 0.9967574089429231 -0.0781926357859001 -4.685485565220865 -0.9925299767740043 0.009366024322468821 -0.12164095853529691 74.69534190618725
-0.12014873608978455 0.0788859100940004 0.9896167411703722 74.69390568064173 0.01919895597069132 0.996836141001328 -0.0771304614482247 -4.776617715698163 -0.9925702399858982 0.009732480784563078 -0.12128312954453045 74.56074288335894
-0.11905583351805918 0.07224812301712473 0.9902554807855504 75.737448171449 0.02047333774185654 0.9973156488932232 -0.07030177035037685 -4.8565035252509965 -0.9926764583423084 0.011903999041987936 -0.12021540608333155 74.42188480491205
-0.11890475260209692 0.07054664585963391 0.9903962997540876 76.78548048256009 0.0197943539501736 0.9974428927454896 -0.068672114160007 -4.937280380545474 -0.9927083375092254 0.011438814163416177 -0.11999712567476548 74.29216976251381
-0.11898835853740465 0.07379672187155474 0.9901493899273914 77.97109348359265 0.01737979679660096 0.9972361077954789 -0.07223633415555467 -5.022814735466361 -0.9927435284079589 0.008613312367287688 -0.11994205957119725 74.16593683008256
-0.11876185998536443 0.07705518151143706 0.9899283406464606 79.13646613424014 0.01669081406505183 0.9969982888128927 -0.07560310066399333 -5.109296421389249 -0.9927824723163999 0.007543945015938897 -0.1196914848890009 74.03366464286533
-0.11856952592546217 0.07650980821033171 0.9899936953180197 80.24622438839343 0.01595889806079948 0.9970450261382097 -0.07514339242902028 -5.198057198794721 -0.992817496368037 0.006889492047674664 -0.1194401683054276 73.90183242536621
-0.11878548178546888 0.07300996617746815 0.9902320708580175 81.37375960111746 0.015603417478072363 0.9973070726510685 -0.07165986466049953 -5.287739767725826 -0.992797332127761 0.006938852853394952 -0.11960480609523981 73.78152559823023
-0.11808037252590367 0.07189735941890059 0.9903977965104385 82.57876214469874 0.015946250209586347 0.9973840772814313 -0.07050332963570609 -5.384819444687829 -0.9928759956451751 0.007468071642477822 -0.1189179766794985 73.641127101775
-0.11663942614603189 0.07249885550430117 0.9905246893535211 83.72966541827157 0.017621565797174107 0.9973262257939512 -0.07092164523224376 -5.47257212266116 -0.9930179880984941 0.009182335985947311 -0.11760510200948324 73.49983424821218
-0.11558429732326435 0.07267339306172724 0.99063557787573 84.92490493990967 0.02020327120103578 0.9972856276537362 -0.07080398793903118 -5.564144922657581 -0.9930921901037513 0.011830250047600542 -0.11673879877207338 73.36000380995105
-0.11445439898991171 0.07191533861429042 0.9908220701134227 86.0835687268111 0.01997384776454553 0.9973412980334686 -0.07008124315674265 -5.657649875585781 -0.9932276858592582 0.011769422624226696 -0.11558652487965672 73.2296557767811
-0.11380721720523305 0.07203009505666767 0.990888279635059 87.24865710746144 0.021203753047803815 0.9973172527462352 -0.07006210267605249 -5.758956471181421 -0.9932765567397074 0.013036977442236284 -0.11502920955340859 73.11431049685322
-0.11335383974726128 0.06996121111182514 0.9910884602064124 88.39670294094344 0.02115119068482829 0.9974616380224464 -0.06799196868889905 -5.853188912747401 -0.9933295194179859 0.013255550284496589 -0.11454586958720495 73.00119700027555
-0.11242594626012714 0.0693708495146012 0.9912356389099094 89.53008290011518 0.01935030247289292 0.9975237413031492 -0.06761620612527204 -5.9360813004281 -0.9934716766982957 0.011578893478664675 -0.113489897453858 72.8809623669887
-0.11115950009154531 0.06863414410344314 0.9914297351817647 90.67942563631064 0.02042437746390712 0.9975594280673352 -0.06676849765557698 -6.020571119959207 -0.9935926782865351 0.012827382319036558 -0.11229001700165384 72.7574413170193
-0.10950680761941918 0.06948481510675329 0.9915543956609654 91.97912608267977 0.018139634376062155 0.99752721196038 -0.0679000372846278 -6.114569975148735 -0.9938205133472073 0.010550917880988228 -0.11049644963600579 72.61703128181412
-0.10767677062334274 0.07209043548882675 0.991568798510299 93.17260350742814 0.01864930417620104 0.9973385105528347 -0.07048474176725529 -6.2060502812080545 -0.9940110243462453 0.010902498763330664 -0.1087346264942499 72.48550414528937
-0.10655191909789638 0.07053819989789475 0.9918019211978361 94.38426866546429 0.015986661089749003 0.997473036205532 -0.06922404719545855 -6.308518999135195 -0.9941786133305007 0.008479646105952468 -0.10741033655175364 72.36144904803872
-0.10624920632948247 0.06959720412187982 0.9919008697106637 95.57360387373787 0.012463433170303337 0.9975623037127451 -0.06865939880985188 -6.40102298641957 -0.9942614188371008 0.005067483570598614 -0.1068576231361024 72.2501888736654
-0.10640701854030378 0.07020440270899375 0.991841160794225 96.8096772533587 0.009347421345963561 0.9975308839711357 -0.06960431910410206 -6.504487879296465 -0.9942787195346909 0.0018647691648179783 -0.106800517397705 72.12950382580465
-0.1067031084733481 0.06963173399046997 0.9918497206046913 98.01924054556982 0.006429139218791866 0.9975722413081106 -0.06934183110084455 -6.594822284120689 -0.9942701407620719 -0.0010222489878064535 -0.10689173118617104 72.00470134452425
-0.10773259256898163 0.06716951124853457 0.9919082342923653 99.16243418109978 0.003870007725860469 0.9977358024639036 -0.06714381223844695 -6.6778344625411155 -0.9941723751636672 -0.0033948844373565537 -0.10774861122580394 71.8895147582034
-0.10913063076985635 0.06570201847696942 0.9918536939467556 100.41078163685201 0.0015766358426711129 0.9978234021357744 -0.06592398933323151 -6.7695622910941875 -0.994026166480135 -0.005630534454238459 -0.10899668542926788 71.76410288914364
-0.11050820728306568 0.06508528927109648 0.9917418218687662 101.66509986483382 -0.0003195113449559954 0.9978510851932916 -0.06552182606636045 -6.85852590751156 -0.9938751601864207 -0.007557572299860553 -0.1102499390718606 71.63383750327478
-0.1126436676006594 0.0652289453447225 0.9914921022573434 103.01800520671978 -0.00045994970571004224 0.997839395250108 -0.06569878030196982 -6.956867639780162 -0.9936353418612587 -0.007856588070750755 -0.11237028712318127 71.50089946954891
-0.11510195870051824 0.06382170447103402 0.9913013311509852 104.45636395917592 -0.0013460766857484336 0.9979229792438447 -0.06440431332329288 -7.062966972313364 -0.99335277076216 -0.00874743022268643 -0.11477698063479015 71.33921659538277
-0.11796899984012568 0.059082448241978114 0.9912580791027398 105.72408966599346 -0.003780236127990871 0.9981944775588698 -0.05994576536996903 -7.150251487279393 -0.9930100829757658 -0.01081893158813291 -0.11753265855818236 71.1955333473768
-0.12202090819182938 0.059184849425324725 0.9907613494492717 106.93202250734913 -0.004113525694706666 0.9981817930913908 -0.0601347391049027 -7.231328999970631 -0.9925190057980754 -0.011413217747740586 -0.12155559053471202 71.05322140923846
-0.12759475474663287 0.06488832664825851 0.9897015123894348 108.11290677457285 -0.009363651279261948 0.9977343375029839 -0.06662217200153474 -7.316787281009172 -0.9917821840484264 -0.017767859529796443 -0.12669807643315853 70.91380700883043
-0.13450549057460726 0.06816293676840297 0.9885656715951602 109.30851066523743 -0.008731973086868189 0.9975110312972164 -0.06996781464626457 -7.406468687952218 -0.9908743743034706 -0.018043184072399528 -0.1335755136888311 70.75735212550688
-0.14369893415345059 0.06417001089872329 0.9875387719094472 110.54986894786273 -0.006729091321714825 0.9978090513436252 -0.06581653581524073 -7.507836649197066 -0.9895985729845947 -0.0161030046262351 -0.1429522913032918 70.5925204137959
-0.15410011220263603 0.06211850058080073 0.9861006273726466 112.62598303884423 -0.0043251380115194825 0.9979697873494623 -0.06354208620159166 -7.6640032278695776 -0.9880457725228707 -0.014056863919887298 -0.15351858511731248 70.2625606335568
-0.16628401591085698 0.063253710030066 0.9840470487837404 115.24889816059434 -0.0033129449487560663 0.997899006304444 -0.06470392269692789 -7.855687769947103 -0.9860723353021948 -0.01401932181083704 -0.1657250981826225 69.79542381407235
