1.0 0.0 0.0 0.0 0.0 1.0 0.0 0.0 0.0 0.0 1.0 0.0
0.9999982694705204 0.0009707510168864926 0.0015870407769417443 -0.010579226418003067 -0.0009633989548777826 0.9999888323233349 -0.004626779772898853 -0.004214560282137389 -0.0015915145045529466 0.004625242812694206 0.9999880370336964 0.9449762255364275
0.9999964511270775 -0.0011933383827961255 0.0023819481007229925 -0.009655993644624532 0.0012065660414740942 0.9999838173701859 -0.005559603955129794 -0.0027348547935810317 -0.002375275065745816 0.005562458202492767 0.9999817083962623 1.8935830553050998
0.9999931862940663 -0.0029212264279337404 0.0022569451914728335 -0.008659756594274183 0.0029250337505054465 0.9999943016493037 -0.0016854810825232226 -0.0013297392965535108 -0.002252008658725573 0.0016920712390088907 0.9999960326680917 2.8144124448257273
0.999986077810836 -0.0049959125501029735 0.0016985412247512376 -0.008280011665234238 0.0049886380394737456 0.9999784810310361 0.004260394978432956 -0.003366899091500856 -0.0017197892346364906 -0.004251862257042725 0.9999894819408529 3.7427916141045863
0.9999667474223314 -0.008133106530637084 0.0005971831917351735 -0.007741346871165512 0.008130589453675108 0.9999585292047106 0.0041028509462488665 0.002094647060189904 -0.0006305273498984463 -0.004097859064518479 0.9999914049562367 4.7136632808027
0.9999407207350819 -0.010868360545833438 -0.0006586006762502501 -0.0028596531714268894 0.01086925931025626 0.99993998001029 0.0013768003002325676 0.003571006626895984 0.0006435975849818562 -0.0013838771860548837 0.999998835332363 5.617583075820995
0.9999336901325667 -0.011392164111981578 -0.0016834294501725838 -0.0005347153940463466 0.0113889927778197 0.9999333730258841 -0.00188158246814293 -0.0010886368901557772 0.0017047525846294492 0.0018622851348089398 0.999996812851272 6.5245752994342245
0.9999370078459828 -0.010910834749713645 -0.0026332537073478052 -0.002113150440060077 0.010904499455691075 0.9999376438918927 -0.002408364497082719 -0.0010779271917314894 0.0026593667749396483 0.00237949847539696 0.9999936328574106 7.418010946150687
0.9999361482638636 -0.010723145491202325 -0.0035656059797907424 -0.014545979501191141 0.01072121434247234 0.9999423691647492 -0.0005602786901899575 -0.000942120591466413 0.003571408440850425 0.0005220152894527725 0.9999934862496785 8.381578778767402
0.9999360334711845 -0.010375165214707415 -0.004503877516269159 -0.01778953247934172 0.010386322534087843 0.9999430322967363 0.0024609887089437205 -0.001081573198374985 0.004478087776264403 -0.002507610012576512 0.9999868292242117 9.303553163917398
0.9999293196626863 -0.010601837802399799 -0.005381144314068101 -0.026163946014235995 0.010621615509090939 0.9999368901297542 0.003660196936303769 0.007414375494168658 0.005341999896505072 -0.003717094678252604 0.9999788228978943 10.241464796221592
0.9999109469323569 -0.011916762654879719 -0.006007409813254708 -0.03552078052029518 0.011943631631316528 0.9999187400782216 0.00445678178027582 0.011811553573728767 0.005953811240922973 -0.0045281351800543195 0.9999720236704116 11.130904376901423
0.9999069469656462 -0.011929084367684221 -0.006617730425845891 -0.045546892725676504 0.011958447231036541 0.999918746963296 0.004415315523747553 0.015134558302864897 0.006564522043759892 -0.004494042445327118 0.9999683548157092 12.03123310929328
0.9998964694634167 -0.01226342646218618 -0.007527199080752321 -0.05071680226432565 0.012286157419105647 0.9999200785979905 0.0029810656586655385 0.01815568127779918 0.007490039416964516 -0.00307323738016936 0.9999672267237246 12.934826961152135
0.9998731826466367 -0.012935749726605545 -0.009288972122701801 -0.058417067128863756 0.012943168119372206 0.9999159606446144 0.0007389500602782931 0.02477001061341057 0.009278632610432106 -0.0008590850764276432 0.9999565835323608 13.851184171186915
0.9998413542463551 -0.014203097473724736 -0.010748877195640036 -0.07048264536319346 0.014199080874692948 0.9998990867534732 -0.0004499020831186134 0.02436775830067647 0.010754182494685774 0.00029720653145057436 0.9999421279389863 14.719359141281517
0.9998273156948274 -0.013812383516912006 -0.012432089609494688 -0.08228627462422305 0.013800313317052603 0.9999042133533853 -0.001056158368337258 0.02449875344081137 0.012445486845758556 0.000884409254566605 0.9999221608092511 15.604987940184625
0.9998276330536162 -0.012454249921438896 -0.013769380570616652 -0.10366152235753423 0.012428792245736406 0.9999208913933526 -0.0019328937982797333 0.02135865056161027 0.013792364036540583 0.001761423860813417 0.999903329367527 16.449959212915502
0.9998272114039229 -0.010942465997205466 -0.015026968229024914 -0.12743172036070477 0.010910127567408872 0.9999379910030889 -0.0022323228192544908 0.02468244060106731 0.01505046353834279 0.002067990958998541 0.99988459682139 17.342366193322203
0.9997981262733934 -0.011368863266210878 -0.01656670299868716 -0.14482242935409062 0.011349260865759433 0.9999347799281095 -0.0012767802959303006 0.020824622300529526 0.016580138057731904 0.0010885027135162668 0.9998619475626763 18.2230525646508
0.999780618998685 -0.010869622191674677 -0.017904334336054328 -0.1692960757938053 0.01087142314556394 0.9999409043279411 3.2571901880207137e-06 0.020546839605267774 0.017903240862957127 -0.00019790207032922879 0.999839704553371 19.143497714083825
0.9997594355422396 -0.01057939441863557 -0.019213210507307055 -0.19117026332128786 0.010591869698770089 0.99994375460097 0.0005476593825962998 0.019037235626025606 0.01920633594799978 -0.0007510314574022682 0.9998152592410267 20.009429687539694
0.9997171403478091 -0.011685652792150059 -0.02071436249612653 -0.21112534603206148 0.01169599614915877 0.9999315279569458 0.0003782482868245458 0.018080688892527327 0.020708524063256708 -0.0006204163996326148 0.9997853630227896 20.87337688297103
0.9996771189626794 -0.011849685827586732 -0.022477605928230594 -0.23231089401378785 0.011850964943820859 0.9999297719377285 -7.630506343390476e-05 0.018990513134901164 0.022476931560550403 -0.00019010089390055862 0.9997473437870545 21.752839615840905
0.999653565245678 -0.011943246638530431 -0.0234543887436169 -0.2588792618730164 0.011953111624438144 0.9999285196811885 0.00028044728719147776 0.019577009428171234 0.023449362765311847 -0.0005607030572398038 0.9997248686503607 22.62590686598365
0.999632303362741 -0.011665139369041953 -0.02447820657650816 -0.2849429962045291 0.011724032444472532 0.9999287085907008 0.002263801973297244 0.021200044357174458 0.024450053925141692 -0.002549952869009663 0.9996978006394842 23.47291935444375
0.9995994396456721 -0.012781384764008443 -0.02525067253704231 -0.3052996831721414 0.012911701043872709 0.9999041163063472 0.005004614847969458 0.024359173006390483 0.025184285501324614 -0.005328639332627626 0.9996686237782243 24.312295031389265
0.9995836640515215 -0.012715771544403759 -0.025899955895052867 -0.33173706368685124 0.012893842287771419 0.9998942898732687 0.006719963533364179 0.023652811095566124 0.02581176848635582 -0.00705111571754375 0.9996419530885762 25.160209177627955
0.9995707513680414 -0.012055840914313354 -0.02670149264326171 -0.3576806460538261 0.012213392298227377 0.9999089083755591 0.005745258894723292 0.02413635100878547 0.026629796433675475 -0.006068908554802824 0.9996269415591265 25.97715137022403
0.9995725068239287 -0.010551068132099118 -0.027266803314633024 -0.3890610464753567 0.010631915522522748 0.9999394981597979 0.002821771119967021 0.03203761836339507 0.027235380923516038 -0.0031104631814791723 0.9996242089129026 26.78984465990214
0.9995576149244174 -0.010023496263107392 -0.028001856532623264 -0.41648959515777667 0.010058017723519877 0.9999488203283441 0.001092246962033551 0.034171087298920905 0.027989475273457756 -0.0013734069375752236 0.9996072743969499 27.55670568540015
0.9995438936471743 -0.009038785067939807 -0.02881501409234509 -0.44849588843624827 0.009059992913109705 0.999958774085299 0.0006055231127691842 0.03800667750538855 0.028808352973761952 -0.000866310753298433 0.9995845778645329 28.33648908486728
0.9995137445726864 -0.009327687178144351 -0.029753464709064516 -0.47587150730079375 0.009338811610643575 0.9999563647474702 0.00023494408878395133 0.03524782562105836 0.029749974924153707 -0.0005126918476275231 0.999557240051354 29.02335263313671
0.9994612046425408 -0.008904312774994228 -0.03159135369822697 -0.5052808692112005 0.008890635072132662 0.9999603131214472 -0.0005734021896239918 0.03391324772823964 0.03159520568845164 0.0002922260460207079 0.9995007041425439 29.773602456640873
0.9993987956860686 -0.00894514419159182 -0.033496739791026124 -0.5368922671075259 0.008932573034657741 0.9999599659938687 -0.0005249271579698577 0.03171246739840175 0.033500094331458 0.00022539949489176745 0.9994386889023508 30.50894989730764
0.9993291904851345 -0.008818221145803187 -0.035544451327176256 -0.563923092155699 0.008847449413299648 0.9999606393697266 0.0006650941034986918 0.03209207494415439 0.035537187328281795 -0.000979125687086422 0.9993678750238485 31.216833269647818
0.999261819958261 -0.00917311358206507 -0.0373050822397574 -0.6003416655726976 0.00929079269255588 0.9999523921879907 0.0029823696381372565 0.03246834777201303 0.037275948610980714 -0.003326761897861583 0.999299472786024 31.924383766668292
0.9991989107760301 -0.008179665795993638 -0.03917435093860999 -0.6371001500053475 0.008360516613865913 0.999955126519193 0.004454964638866654 0.03507820532912212 0.039136152927246044 -0.004778913626560898 0.9992224594746678 32.62307344751939
0.9991409858901205 -0.00701497521187908 -0.04084214045927503 -0.6774355382694063 0.007214470042768196 0.9999627450354129 0.004739194366491081 0.03474229687182208 0.04080737355577327 -0.005029777730486669 0.9991543722565901 33.31705546581401
0.9990742799834322 -0.004386963888995146 -0.042794130712322805 -0.7080318964317484 0.00456565684907938 0.9999812589126015 0.004078798978232974 0.032382821283394994 0.04277543515995091 -0.004270406468362245 0.9990755856167596 33.99872569862713
0.9990007788835494 -0.002706079608610663 -0.04461077138106416 -0.7428133602835888 0.00285819724523611 0.9999903159318929 0.0033464534869155115 0.034559098267152914 0.04460128359777358 -0.0034706160237951995 0.9989988390012501 34.69529785903505
0.9989206577607469 -0.002587326731651006 -0.04637699040710614 -0.7751443071768186 0.002801244233638309 0.9999857334416946 0.0045481802755956416 0.03537063538957017 0.046364561138660935 -0.00467318450946368 0.9989136543350277 35.35488027112118
0.9988769896255413 -0.001186197655799622 -0.04736404260341332 -0.8147670520408666 0.0014948205312020576 0.9999778802758263 0.006481085606926625 0.03767033932002283 0.0473553070753011 -0.00654460802387642 0.998856667894657 36.03162960552335
0.9988768459075984 0.0017953425453329601 -0.04734789810364612 -0.8527656243713837 -0.0014739210602060526 0.9999756399178432 0.006822545537258246 0.04306000299483744 0.047358993511228756 -0.006745095703145841 0.9988551593787551 36.66705752448194
0.9989155524205873 0.004816959491912924 -0.046308919589282446 -0.8929897411665708 -0.004587779571198223 0.9999767046680855 0.005053948927573337 0.038795739978152485 0.046332185474888245 -0.004836013069636179 0.998914381499591 37.34618304849935
0.9989883751876586 0.006452070892024736 -0.04450389894297793 -0.9299408857705451 -0.00637256480361857 0.9999778361021283 0.0019281396029897694 0.04089761329737464 0.04451535305651501 -0.0016425850690977009 0.9990073499512124 37.98340163850397
0.9990681699641861 0.007094733731964665 -0.04257295523786203 -0.9571839919107504 -0.007100545408262973 0.9999747907016016 1.4703511196740128e-05 0.04473647883710332 0.042571986321026524 0.0002876013918072151 0.9990933606355922 38.61499139923422
0.9991894337385588 0.008168012842464881 -0.03941775071492518 -0.9858536336619197 -0.008139285183550019 0.9999664800949143 0.0008892262299573438 0.04523829085071315 0.03942369264692859 -0.0005676731388134858 0.9992224227894847 39.22963351535226
0.9992654147121391 0.013091381627094424 -0.0360173109389201 -1.0193071219555296 -0.012969686859663106 0.9999093721343728 0.003610365716421404 0.045942035233076065 0.03606131144231105 -0.003140580350477201 0.9993446445406723 39.853822261877426
0.9993378122001111 0.017504393734703954 -0.031898797893909946 -1.050635674391713 -0.01728860649336598 0.9998258399938675 0.007028069868349078 0.04701646759579919 0.03201626450124365 -0.006471930201826079 0.9994663940957939 40.44338049593598
0.9993611501902572 0.022629042997367316 -0.027662572248981276 -1.0754954622115915 -0.022418862700885993 0.9997175730405284 0.007884716174611596 0.04964940479197103 0.027833183174147097 -0.007259515615980142 0.9995862210672051 41.02125000541688
0.9994148267398814 0.026410810939665512 -0.021736447685922772 -1.1015962219884146 -0.026239900184347624 0.9996227691254885 0.008110923757830919 0.05403188861549365 0.021942464100667494 -0.007535815244491906 0.9997308336536347 41.6035214116465
0.9994203970686665 0.03010430322197806 -0.015893421614896895 -1.1171194605562484 -0.02994489882128927 0.9994997701069827 0.01017411375360445 0.05881609218592382 0.016191755855756135 -0.00969228990526677 0.9998219274244287 42.18645923114526
0.9993492383162609 0.03493220835050982 -0.00899114544795191 -1.1367696959209197 -0.03482773841639618 0.9993268776626579 0.01152476541200524 0.05944450423084827 0.009387678813675466 -0.011204124274535836 0.9998931638358828 42.745103801843754
0.9992641088997841 0.03831269494331975 -0.0018379529104455745 -1.1449686439905722 -0.03829035651615912 0.9992066810723436 0.010947926664764688 0.06418921711975233 0.0022559394021824898 -0.010869494310765246 0.9999383805169404 43.27820260987472
0.9991064050318961 0.04182342542159391 0.006098566245073185 -1.152097371063603 -0.04188872465123767 0.9990616779142375 0.011004475011603412 0.0656789559584464 -0.005632598985722408 -0.01125010263031348 0.9999208513774842 43.665304178278404
0.998833878249382 0.04630233188739202 0.013673979782377964 -1.151108691446259 -0.04644846305053093 0.9988647659256583 0.010569752718172667 0.06855526352583032 -0.0131690524162727 -0.011192562444304673 0.999850640148011 44.137708754053726
0.9984940381919291 0.050504648355593804 0.021422796027887582 -1.1508738698803251 -0.05068356460657085 0.9986835778078018 0.007892255430482623 0.07060976742645406 -0.020995998998528522 -0.008966153661757436 0.9997393540891382 44.546740429782304
0.9981982975040568 0.05238028693186875 0.029265413049159243 -1.1408221860933272 -0.05253951479267128 0.9986077945721484 0.004698085258971531 0.0743894210087508 -0.028978582528368605 -0.006227211308844044 0.9995606352763005 44.89896241765342
0.9979076698794151 0.05285463755150145 0.037238013979477964 -1.1268968926071883 -0.0530584105041348 0.9985812501113976 0.004504664330810212 0.07430086212083863 -0.03694709015079668 -0.006471028918029407 0.9992962715401927 45.26002277322938
0.9976450791247248 0.05198013968311621 0.04474775052162466 -1.1025747159842265 -0.05229352536890751 0.9986145598729055 0.0058607179026940355 0.07510373733945021 -0.04438111425722944 -0.008186934002864833 0.9989811263527051 45.58498158146552
0.9971597916001652 0.05376468347071791 0.052741907694058614 -1.0864265927435528 -0.054183425669681096 0.9985095754954402 0.006540949977961133 0.07559119547075702 -0.0523116277572513 -0.00938010955210886 0.998586754942292 45.87463724660474
0.9964984256011831 0.05672625763915704 0.061424909186905303 -1.0698274105486885 -0.05723828279504735 0.9983386825262075 0.006607113932018915 0.07891025605022373 -0.06094806606478804 -0.010099834953724497 0.9980898389307796 46.19538503168585
0.995669844638187 0.06132378887773745 0.06986382036395852 -1.0482745518685115 -0.06189239923530816 0.9980647844703237 0.006001409593078177 0.0793687999691844 -0.06936058963897294 -0.010299462019220053 0.9975384853162551 46.46944648751758
0.9947718017287451 0.06503059197721482 0.07874061590081315 -1.0330379146807065 -0.06571259733922842 0.9978199538129957 0.006098714910847789 0.0781201293630546 -0.07817235468040352 -0.011241080007026807 0.9968764823607772 46.65353976189466
0.9940568490568596 0.06442471030250818 0.08775213698586457 -1.006081327030658 -0.06527270523673434 0.9978441186212509 0.006825605032344712 0.07678109965821606 -0.08712321616094316 -0.012512858802730911 0.9961189555320975 46.851781198436086
0.9931473766448742 0.0633543436696225 0.09820649368344177 -0.977702165497902 -0.06415068684886867 0.997927850571527 0.004969349103305952 0.07578506696646291 -0.09768816530277813 -0.011235310048392545 0.9951536515372357 47.053128836371144
0.9919716213411337 0.06207661933290674 0.11017620335644072 -0.9474959812263302 -0.06250437169150769 0.9980445976955725 0.0004295697063423586 0.07613814897428832 -0.10993409831936693 -0.007312615324229378 0.9939119778349731 47.27125353270863
0.9905318684580081 0.0629455421407261 0.1220019520077331 -0.9006661510692842 -0.06300020748235721 0.998007677174246 -0.003413232843780087 0.07402371719879607 -0.12197373252576586 -0.004305232383507855 0.9925239914217979 47.5067031670579
0.9881675062363516 0.06507136615275948 0.1388909533614163 -0.8716392145191827 -0.06489293003098826 0.9978752739120018 -0.005817675398329024 0.07061895280749604 -0.138974412215425 -0.0032642031279601015 0.9902905925673113 47.74179162106132
0.9856568820169443 0.06664625610928412 0.15504446936040953 -0.8403671529370391 -0.06634191595937686 0.9977713860988536 -0.007142217387553486 0.06925081706542308 -0.15517493714989622 -0.003246171435371129 0.9878816737097303 47.91242678292513
0.9827866184780282 0.06729418922602591 0.17205218579528234 -0.7836927301325516 -0.06684634876237594 0.9977279042865536 -0.008402063145464097 0.06486679595822704 -0.17222667678864775 -0.0032436251900308573 0.9850520040576364 48.170167114334504
0.9795031468025779 0.0665049002464734 0.1901333312364084 -0.749408046671982 -0.06588070692619209 0.9977812387999292 -0.009608951752581548 0.06416409841227821 -0.19035051315599957 -0.0031141197929584856 0.9817112530673991 48.31586243098519
0.9756433057549774 0.0654090855873567 0.2093843152151689 -0.7100034415270534 -0.06473073035095267 0.9978516690507027 -0.010098471218885827 0.06420397688519461 -0.20959502017875237 -0.0037010938048465426 0.9777812789274074 48.45711356016044
0.9710473313227205 0.06576812326556046 0.229655468676773 -0.6536089018870261 -0.06490283030413725 0.9978272906178408 -0.011327873444336984 0.06165243830858602 -0.22990150706233872 -0.003905388634260591 0.973206065019162 48.65792914533197
0.9657491856666888 0.0679021784949559 0.25043523022882846 -0.5852542364988693 -0.06667025772974598 0.9976849500500367 -0.013409592756856539 0.05561608158669616 -0.25076600072253896 -0.0037462780589079554 0.9680404838034045 48.859744558118244
0.9594588125939896 0.06934979175015757 0.2731838086709038 -0.5213822048746924 -0.06765058689546806 0.9975863748971471 -0.015646811568721664 0.052444141771806646 -0.2736095484964476 -0.0034685737383181345 0.9618345928317366 49.0476194964166
0.9520895430816201 0.07062021000839794 0.29755384032642085 -0.4634448209372496 -0.06868800275249536 0.9974940414282609 -0.0169586436069561 0.05166994902007847 -0.2980058057026818 -0.004292231760325714 0.9545544073095109 49.198780445172225
0.9435432622004954 0.07332909079673176 0.3230308914004529 -0.37935211928556745 -0.07141790113052891 0.997287953100277 -0.01778263195281854 0.04353111897421715 -0.32345880070598865 -0.006291505700870828 0.9462213383780034 49.3947532684596
0.933628817339596 0.07536138613125698 0.3502254886690036 -0.28440591473736565 -0.073379090737356 0.9971241193759254 -0.018947284801356833 0.03664650818666128 -0.3506461756181374 -0.008009496810690214 0.9364737623047505 49.60749697049417
0.9224129157689325 0.07608072849689965 0.37863720838559545 -0.21678739434987265 -0.07380907505509306 0.9970609825403347 -0.020533327426736043 0.03220136371938184 -0.37908657752836283 -0.00900665571024938 0.9253173763043414 49.740784866946136
0.9097784347718865 0.07419338229772006 0.4084097717332927 -0.1406261066113377 -0.07118309026385079 0.9972074650851654 -0.02258847579865524 0.02604831611798523 -0.40894518860662044 -0.008521361489946309 0.9125191609571023 49.86898334172314
0.8947608471449545 0.07153480990556713 0.4407786262833275 -0.04724217730166777 -0.06717313477411747 0.997415063087469 -0.02551395482550205 0.021203114868463647 -0.44146437725037474 -0.006779594235195842 0.8972531642301106 50.01786869531066
0.8773774534845382 0.07077190243825734 0.4745525702619853 0.05306589972400044 -0.06445516506182652 0.9974818008121051 -0.029590348857215728 0.013441400764533578 -0.47545171764737526 -0.0046254593186870726 0.8797296569470945 50.16281091521058
0.8578948890909455 0.07255662571031851 0.5086766117457798 0.16935298087550116 -0.06379600308293205 0.9973606129578569 -0.03466810798081806 0.006082700855748182 -0.5098494182229462 -0.002709942039952194 0.8602593951546617 50.3169459198179
0.8363088047871223 0.074514769533142 0.543171365369123 0.2890813411208579 -0.06325552372505429 0.9972189278644995 -0.03941000668670976 0.0004325111904814379 -0.5445973941856531 -0.0013996536000617787 0.8386964404455267 50.459565386164506
0.8118018254671259 0.077288595545639 0.5787955331261848 0.43300283339788537 -0.06418311439772728 0.9970064441664244 -0.04311238936582094 -0.00828880885842483 -0.5803949724062486 -0.0021501835281083474 0.8143322741463378 50.62608453510022
0.7842979422544355 0.08132248915815019 0.615031211023132 0.5813420107372538 -0.06701647315029415 0.9966758714550112 -0.04632493481797138 -0.017054003957190474 -0.6167540272279977 -0.00488467158731863 0.7871407814879948 50.79029605104686
0.7547567029101165 0.08590465038770707 0.6503558337202914 0.7489420852723656 -0.07067799310894482 0.9962666645566257 -0.049571709505597104 -0.02679304122170089 -0.6521862776096577 -0.008551265109982088 0.7580105112481476 50.95435188259529
0.7222129460926988 0.08735733958986867 0.6861320249892758 0.9250613681699853 -0.07053265836089037 0.9961225583055193 -0.05258320016329122 -0.03704334371046862 -0.688065116541051 -0.010418447804121664 0.7255741528918348 51.106821057196754
0.6857039009735018 0.084998398711945 0.7229007071556415 1.150346554355494 -0.06673472417441646 0.9963167773596634 -0.053845665944615054 -0.0508816477854926 -0.7248148982872014 -0.011320396108783567 0.6888506455341789 51.28439535667231
0.6468351796567998 0.08339276413068879 0.7580566583369596 1.3818514271893303 -0.0636054032953769 0.9964393775850521 -0.05534364886367579 -0.06754940712376988 -0.759972764663305 -0.012418280418669266 0.6498362742117868 51.44700390700662
0.604693051373077 0.0836062178907442 0.7920582768654852 1.6470487621556413 -0.062300154946523835 0.9963932596234321 -0.05761217640942104 -0.07729839270427308 -0.794018264471766 -0.014507670626139392 0.607720760858347 51.61391292571059
0.5614877338066059 0.08259360313102851 0.8233527928576884 1.9424868676641995 -0.056518242340443794 0.9965104906381756 -0.06142092746620272 -0.08523392942951835 -0.8255526712860108 -0.012047355307113778 0.5641964623804693 51.745731932681366
0.5137736449944247 0.08160068369949924 0.8540362815061878 2.231285592548684 -0.05327357661227802 0.9965797742505463 -0.0631718259168201 -0.10337453162729865 -0.8562701488105713 -0.01304154801024681 0.5163635834191049 51.88866033846573
0.4656360957266728 0.07984898987900123 0.8813666462782236 2.5539409914300903 -0.05112434515307184 0.9966850410181078 -0.0632868891904262 -0.11971067788734557 -0.8834983461722437 -0.015590632637416458 0.46817475848754997 52.027860338411735
0.41460573657628574 0.07747809097933474 0.9066968780227672 3.0320043768875458 -0.051411723679500435 0.9967718580545449 -0.06166601704984666 -0.15867331890968328 -0.9085476970783305 -0.021047764933294556 0.4172506126118635 52.24077650298258
0.3633501425399043 0.07733515691209354 0.9284373686046961 3.426017391081737 -0.05461337568389804 0.9966031884660274 -0.061639791821164386 -0.1828267438524428 -0.9300505648149675 -0.0283082716662277 0.3663394445628687 52.39261003161125
0.3145745422498192 0.07803455652348053 0.9460198017782184 3.8587009841447792 -0.05203322157150104 0.9965343230755647 -0.0648990507266184 -0.20253091013855626 -0.947805571423384 -0.028808868782179562 0.3175447178875505 52.50886580482641
0.2678378826985992 0.07514795206009069 0.9605288407396756 4.393812543918764 -0.04086890552932446 0.9969423621353568 -0.06660074429620975 -0.23598815432143538 -0.9625968009256867 -0.021417560111933517 0.27009014600034137 52.61319743303395
0.22390505429019208 0.06925900010253108 0.9721469629475284 4.935968300563961 -0.027586848743884684 0.9975225256720379 -0.06471303232934895 -0.2700501136228025 -0.9742204537165536 -0.012328896206674291 0.22526097282626956 52.69312502147497
0.1819174102095042 0.0683338977305375 0.980936559765013 5.485110037328501 -0.01812747798333392 0.9976459337224088 -0.06613611319926416 -0.29907003403676147 -0.9831467084848681 -0.005750595455654635 0.1827278857954501 52.75876118134246
0.1436012111248297 0.07024171078843315 0.987139703501483 6.006207202887169 -0.01458976814011222 0.9975197869422651 -0.0688579212892385 -0.3213158255837542 -0.9895280849117418 -0.004514058503312698 0.14426985980006052 52.81329779029927
0.11125362321855745 0.07134833904548708 0.9912275449341554 6.533872713922589 -0.005488009001729397 0.9974483786959918 -0.07118014887546457 -0.35084784815699177 -0.9937768930086569 0.002479183774271208 0.11136130643034603 52.84537790660642
0.08259162586749907 0.06949692056698407 0.9941573323012154 7.0963158645456375 0.002071267274736894 0.9975514145612004 -0.06990625979712842 -0.3908438630246772 -0.9965813229177231 0.007832837203296082 0.08224544651776883 52.865149773307415
0.05766840346854445 0.06787596931744734 0.9960257065109344 7.6482945335822965 0.00922850511090641 0.997607192363393 -0.06851805921248116 -0.4236110310708662 -0.9982931382789357 0.013143155406677532 0.05690402034258126 52.87699063546932
0.03765430637403137 0.06699458008721987 0.997042566518816 8.241176174206254 0.013968701238177275 0.9976173720959689 -0.06756074509691808 -0.4539665389584498 -0.9991931888264693 0.016471342728184245 0.0366287628991432 52.88620155892104
0.02171852635499819 0.06859809724601071 0.9974079439563303 8.813570133386632 0.016659102860962886 0.9974799210307658 -0.06896579900446388 -0.4883553855814497 -0.999625319759776 0.018113757055982185 0.020521011195401617 52.88909361780729
0.008449271481404015 0.06837052145212476 0.9976242186353527 9.403996129297978 0.017680607473455484 0.9974936568600927 -0.06851131762890074 -0.5220309509827891 -0.999807984530431 0.018217472937899905 0.007219262355239939 52.88608530696041
-0.0033713252988400106 0.0691693218700755 0.9975992377090929 9.994301779157368 0.01830770053931499 0.9974419758169009 -0.06909654824547093 -0.5605901355077123 -0.9998267161196942 0.018030801161064723 -0.00462903259850028 52.88312271238193
-0.012601832655015209 0.07225990991248141 0.997306221395001 10.613655684184103 0.023171304111437953 0.9971386920773829 -0.07195498195386063 -0.5952820374313895 -0.9996520817161887 0.022202121106895647 -0.01424013127904611 52.87114410313404
-0.01890267701817996 0.07423327901044537 0.9970617378522272 11.213779380192872 0.027589119121912267 0.9968989060933934 -0.07369811080259446 -0.6313867384372881 -0.999440608194215 0.026114963472154668 -0.020892088819088644 52.85100769448631
-0.02355202646646454 0.07373531071759755 0.9969997021076296 11.836235171730998 0.027989916446701443 0.996934024514116 -0.0730692503273004 -0.6649671805380484 -0.9993307093383194 0.02618500944178567 -0.02554366171683158 52.82627151850544
-0.027067738271907647 0.071103721442112 0.9971015988062228 12.47834993921394 0.025806011526315776 0.9971843415713284 -0.07040908104825022 -0.7025806220242667 -0.999300448971152 0.023825400773921875 -0.02882642822159533 52.8058007096769
-0.02966032846191286 0.06422873309167637 0.9974943281848621 13.127224674992924 0.02389394645948626 0.9976937804289919 -0.06353109330002614 -0.7404506320966694 -0.9992744088778224 0.021949722976467276 -0.031126603141583598 52.79029361860485
-0.031036691385892635 0.05856041634455186 0.9978012835356392 13.814060420058809 0.025050879913521704 0.9980141989779165 -0.057793702546425185 -0.7793522680710793 -0.99920427201017 0.023202074821427825 -0.03244204864994862 52.76853440014856
-0.0314186761442182 0.055782101893764265 0.9979485076383741 14.499086533348892 0.027755257154137042 0.9981050875147061 -0.05491702812031632 -0.8188920899817299 -0.99912086980988 0.025972897134775408 -0.03290738708517976 52.7426567693777
-0.030887901945553846 0.057886382250077764 0.9978452306161508 15.19939221248619 0.031032906731344862 0.9978958267867439 -0.05692870612795801 -0.8597387282708454 -0.9990409882548384 0.029207629681260887 -0.03261929115104692 52.71304800309943
-0.03013292746805324 0.0651616807543423 0.9974196519236395 15.881037212580107 0.032014326931056825 0.9974237388390567 -0.06419476669844357 -0.8971532215056094 -0.9990330773069304 0.02999734257539168 -0.03214140452839739 52.69092754602833
-0.027948580747550463 0.07343851744999816 0.9969080504183643 16.594840172997223 0.03246989044039943 0.9968380570979803 -0.07252305933915715 -0.9298629085069229 -0.9990818700431836 0.03034257859623686 -0.03024474954673998 52.6730245841215
-0.025748951005011882 0.07425773326754881 0.9969066057420359 17.303796311896058 0.033109854316540385 0.9967534693004964 -0.07339113696190369 -0.9690709461335356 -0.9991199773146755 0.031117687693481576 -0.028124018975458097 52.65587514813472
-0.024315216477666757 0.06995928363448456 0.9972534627069459 18.05706703894286 0.03227049650310569 0.99708346479068 -0.06916053279475909 -1.0158796979651825 -0.9991833592004453 0.030500211054379407 -0.02650192111057275 52.64994783073394
-0.022032908267628673 0.06351352971643731 0.997737732320588 18.760220130977537 0.03174043596164978 0.9975213536297026 -0.06279883579915622 -1.06025024044732 -0.9992532690355501 0.0302849896107668 -0.02399424360218587 52.640735016906966
-0.019503934412040198 0.06196251206857926 0.9978878913187603 19.503638565843143 0.029840180076588823 0.9976691909598859 -0.06136569939667021 -1.1046269817829952 -0.999364378090117 0.02858028179701785 -0.021307446983517973 52.63407650058433
-0.01636485847101589 0.0674261516061957 0.9975900488110344 20.231641665097936 0.03757887999936463 0.997060217061783 -0.06677388209998375 -1.1491699619013263 -0.9991596565040123 0.0363955716027038 -0.018850548599323547 52.616285006923356
-0.013218490438776584 0.07324292633364961 0.9972265265488096 20.956600846676896 0.0389954596422901 0.9965927188317855 -0.07267948058947171 -1.1909324813867714 -0.9991519532272382 0.03792659375098826 -0.01602959290315828 52.60645412214297
-0.010722983803811807 0.07402634761889583 0.9971986349151055 21.71579501384166 0.03302843640533698 0.9967380373186936 -0.0736369971596893 -1.2350013339419659 -0.9993968881315172 0.032146303368877936 -0.013132980345460484 52.60864703441797
-0.007495544214784958 0.07063307337214064 0.9974742030563648 22.467518776768735 0.028602316856105675 0.9971092377669629 -0.07039229666837309 -1.2819391874258232 -0.999562766557151 0.028002444639551816 -0.009494145923762198 52.61464002598172
-0.002752777323880559 0.0666673916572126 0.9977714573521478 23.192858616085356 0.032441374625929595 0.997255998646919 -0.06654344727405816 -1.3395212008202724 -0.9994698491847485 0.0321858983463121 -0.00490800552726317 52.61104387483031
0.000789336851343835 0.0675025970473423 0.9977187862014021 23.92084377121768 0.03707359033639791 0.997031227404474 -0.06748540938525888 -1.3910519080856114 -0.9993122264071939 0.03704228627111497 -0.0017155701398440454 52.60690501093913
0.003558913936375064 0.07218027290328251 0.9973852527159206 24.644876019138003 0.036725958091495155 0.9967092603734033 -0.07226239885420449 -1.436842306277803 -0.9993190372117675 0.03688710465067855 0.000896312799579491 52.61682766201721
0.0071483730786116055 0.07294487789496512 0.9973103556823307 25.368068612984167 0.03328617995147202 0.9967657896611973 -0.07314363120140374 -1.4816313107272687 -0.9994202974657688 0.033719509930860855 0.004697197404346318 52.63054922905102
0.01087795263403067 0.07246141493364192 0.9973118937886511 26.09572548885939 0.03242127448169802 0.9968209587704845 -0.07277937288046342 -1.5309156122527467 -0.9994150944965122 0.033125813223312275 0.008494079751219689 52.64231243964068
0.014518494956992834 0.06920913625026719 0.9974965206774784 26.83770918896396 0.036580356472998475 0.9968970817923521 -0.06969997011620485 -1.5838919327456897 -0.9992252452898147 0.037500716971592754 0.011941750379421159 52.65114374644622
0.01824601492522406 0.06978658929527379 0.9973950646027283 27.561351649559185 0.04109857192329715 0.9966656581914559 -0.0704873972257232 -1.634292456344609 -0.9989884835798721 0.0422776269003378 0.015317047315387279 52.6569147185795
0.02164359032112867 0.0703304354668381 0.9972889174381993 28.30570354682436 0.04374620148352 0.9965005658408872 -0.07122423839223738 -1.688644024038399 -0.9988082022359313 0.04516915015622922 0.018491160601478193 52.67024193555785
0.024270539182923292 0.0702264987486286 0.9972357694152765 29.049059620663133 0.044213395301393905 0.9964781615911795 -0.07124920454142146 -1.7371711214916141 -0.9987272483534688 0.045820435892422226 0.021080110316021253 52.690170804458994
0.027591728602604396 0.06882364109431131 0.9972472125502488 29.776135356111837 0.045549233418344826 0.9965042397657663 -0.07003261714267744 -1.7844505743527312 -0.9985809751080379 0.04735616702577612 0.024360410442057574 52.71110711807135
0.03161576814720032 0.06764119700146855 0.9972086600469686 30.52987648417647 0.04768455414172736 0.9964692568667509 -0.06910284665431225 -1.8373774092924045 -0.9983619716819976 0.0497361899187436 0.02827870067028552 52.72836864784901
0.034805117801065336 0.06816983603208567 0.9970664357154001 31.2938641127132 0.045973689560510206 0.9965055275159982 -0.06973631405699257 -1.8824614524033523 -0.9983361275858179 0.04826600341255018 0.03154947339547818 52.754895789134515
0.03781592245253398 0.07006658367433996 0.9968252754927868 32.053808249051414 0.04317516394376684 0.9964927108497453 -0.07168111635398942 -1.9301166968444154 -0.998351571956238 0.0457487822300454 0.034658154840891145 52.78977407352224
0.04050115954020116 0.07013625663082877 0.9967148847999178 32.81752078175191 0.04502614431161446 0.9963919055046303 -0.07194315098243186 -1.9790007025297298 -0.9981644666107522 0.04779200927629979 0.037197062316873045 52.822830321849246
0.04312322033236193 0.07003746752861187 0.9966118306594323 33.58395024777417 0.04269841616947192 0.996499135788972 -0.07187710086286098 -2.0262766256656812 -0.9981569180869226 0.045653318762276525 0.03998176285764465 52.8629354902689
0.04552805714177581 0.07053499780276838 0.996469773800419 34.34657902386268 0.041021664337028266 0.9965307313524494 -0.07241356589183919 -2.074264864368828 -0.9981204431670128 0.04417369754859894 0.04247664507667287 52.90188265282808
0.04801916451677793 0.07061548518087343 0.9963471348339294 35.09328703954959 0.03796396853449449 0.9966480543789086 -0.072466494298036 -2.1247514899451048 -0.9981246900724485 0.04130507178792083 0.045177362831093804 52.94905847866524
0.05134559861579283 0.072670076367108 0.9960334781038157 35.85195930625063 0.03657031043661591 0.9965433131294115 -0.07459247583787972 -2.174673576009403 -0.9980111431729378 0.040255248823649094 0.04851054570699849 52.99229000835299
0.05445745808347259 0.07641252102767969 0.9955880231748878 36.633126990062436 0.03551183560787703 0.9962886018340424 -0.07840874560485883 -2.2266058466523977 -0.9978844095339123 0.039625099189312486 0.051541795888301586 53.04195021381505
0.05768086805866461 0.07861298713500078 0.9952351057482401 37.387692111718735 0.03575947049022219 0.9960924543150492 -0.0807532211548258 -2.280738917374577 -0.9976944310410161 0.040246996289581324 0.05464431863797659 53.08847151282127
0.06024340210536777 0.08114044126572635 0.9948803753688048 38.13869518300974 0.029603187201314704 0.9961070036978301 -0.08303305661996627 -2.332357521062869 -0.9977446486001785 0.03445382381295169 0.057606859091356 53.147776797356464
0.06283494172714152 0.08048872874482065 0.9947730065915487 38.88979166622269 0.025778531311782104 0.9962791930877132 -0.08223890042979722 -2.388254073986049 -0.9976909528614325 0.030811263614746676 0.060526263827437275 53.20666583521819
0.06663239591836839 0.0810188851919645 0.9944828123484232 39.647473717989 0.0277300418929101 0.9961625222175964 -0.08301369830150687 -2.448565718859485 -0.9973921839431038 0.033108451660075124 0.06413003849895443 53.25699000561017
0.07038746067198978 0.0818366784452284 0.9941571120508073 40.424788370175015 0.026980628153494658 0.9961082115623562 -0.08390754770869271 -2.513879652520238 -0.9971547778978903 0.032729022580823997 0.06790552257594476 53.31686866198612
0.07385847002520175 0.08289683921896682 0.9938174080046299 41.20189346639642 0.02296114832137719 0.9961336978333154 -0.08479647226558616 -2.570849640532801 -0.9970043691345084 0.02908212661463192 0.07166950424183641 53.3852614482136
0.07790051964422796 0.0813224991449 0.9936388479583449 41.99235057156151 0.021849682698576987 0.9962889295773145 -0.08325238836009406 -2.6263503950372558 -0.9967216765000798 0.028196097859744154 0.07583455452729422 53.45424025104097
0.08292836442929775 0.08116718461002395 0.9932445693360541 42.762495627577316 0.022208481943172504 0.9962795708931067 -0.08326944187891908 -2.6906280896422623 -0.9963080194913922 0.02896385270521347 0.08081723537469919 53.51779014869178
0.08825191946637885 0.0844715025968744 0.992510032170721 43.53596007619603 0.018743838709051434 0.9960805393581821 -0.08644204776821304 -2.754616177995253 -0.9959218178255499 0.02623212459827303 0.08632269932127959 53.590802248766025
0.09439813357138392 0.0931387836824268 0.9911680782553466 44.31439834803971 0.017084578193712015 0.9953157877140545 -0.09515566149785351 -2.8186773479374954 -0.9953879191381523 0.02591620538021289 0.09236471584164999 53.6720614927649
0.10179160370785743 0.09811342409362697 0.9899556684151095 45.09805805942439 0.015443132487841918 0.9948488390625001 -0.10018631181433166 -2.8856547998944264 -0.9946858695455284 0.025486141893581362 0.09975208016795947 53.75636515717517
0.1090788667683534 0.10138656160411684 0.9888491118217309 45.88627681571229 0.011086138224975471 0.9945989471877985 -0.10319899123624815 -2.9545853896474368 -0.9939712764279395 0.02221934695298755 0.10736574061214532 53.85298935052244
0.11597062161441989 0.09963511427714919 0.9882427125586831 46.708773587084295 0.0072289479368139314 0.994845015905847 -0.10114908125643841 -3.0346939173355527 -0.9932263373642941 0.01887427694705954 0.11465253785082158 53.962876757313985
0.12414953396841782 0.09774957641565578 0.9874370428163934 47.51063436155711 0.007361727036953783 0.995017766222241 -0.09942559970719181 -3.111288949263103 -0.9922362108845134 0.019612883843569864 0.1228113862672385 54.060619874656034
0.13144445663499435 0.09414245994471246 0.9868432256723906 48.3142338001005 0.006811819930256283 0.9953711984736691 -0.09586332123564772 -3.1874741172109466 -0.9913001331227428 0.01932290052371965 0.1301947448485609 54.17163802995939
0.1394756613182813 0.0888847416113824 0.9862281899279219 49.107395424380016 0.004985572109334285 0.9958875759363374 -0.09046037898653689 -3.2532496378150144 -0.9902129487996859 0.0175339329393939 0.13845893696365877 54.282375173851364
0.14676580967757852 0.08127714704043787 0.9858264667164558 49.91523124106465 0.0025602263979658474 0.9965840316952392 -0.08254521797689408 -3.3226073138926875 -0.9891679545711509 0.014638754695292392 0.14605637442609426 54.407506827449204
0.15401469642192797 0.0786156302748586 0.984936066941681 50.704243085173125 0.002231935436930955 0.9967994595204283 -0.0799115508796257 -3.3915677758940985 -0.9880660361282869 0.01450586696024999 0.15334630114047468 54.540016886281826
0.16139736844745098 0.08023668216731257 0.9836223687437262 51.47851102351031 0.0018172500574045625 0.9966636112755166 -0.08159867377276646 -3.4577028654368083 -0.9868878290162792 0.014957299021790955 0.16071307397192827 54.66710707431562
