1.0 0.0 0.0 0.0 0.0 1.0 0.0 0.0 0.0 0.0 1.0 0.0
0.999999865366618 -0.0005188758104762045 -5.88550543873246e-06 -0.011036643825489247 0.0005188847862619773 0.9999985136182068 0.001644238412070515 -0.01837162453483243 5.032341151942908e-06 -0.0016442412446003685 0.9999986482217889 1.2281251004372375
0.9999986113188628 -0.0015917848072678912 -0.0004935397383324213 -0.011897714427312531 0.001592635924127944 0.9999972371260628 0.001728945069814687 -0.037909285750088874 0.0004907862662496146 -0.001729728697978493 0.9999983835824297 2.4332205765172397
0.9999957071766051 -0.0028693453348209398 -0.000593705070703984 -0.0146256113130406 0.002869821257506379 0.9999955601931627 0.000802321577074987 -0.06029474317468367 0.0005914002970939427 -0.0008040219602827045 0.9999995018970639 3.695784082960553
0.9999944810776199 -0.003273578197302271 -0.000567009777693141 -0.01686807972869569 0.003274007227931219 0.9999943536052386 0.0007573865017288245 -0.07568801556351096 0.0005645272121931 -0.0007592387158819483 0.9999995524326993 4.953461562454027
0.9999925007973373 -0.0037854812594284824 -0.0008176067038034971 -0.0156511118098739 0.003786647313020845 0.9999918090666685 0.0014293710850511007 -0.08829389541783231 0.0008121891493862196 -0.0014324563541356946 0.9999986442078704 6.16759663879254
0.9999861668558946 -0.005221820913546492 -0.0006314136533563705 -0.024637312564199383 0.005223477684359044 0.9999828426320643 0.0026513623625548967 -0.10894404624382528 0.0006175578805257452 -0.002654623861005137 0.9999962857903126 7.417608598264484
0.9999884399529478 -0.00474790902912615 -0.0007598159781156865 -0.029862078103205833 0.004750326925721884 0.9999835563636621 0.003212693010817328 -0.129234015588664 0.0007445499098240825 -0.0032162652462343726 0.9999945506268009 8.683899988060721
0.999992106370433 -0.0038974725610339458 -0.0007725959230113615 -0.04645383330090622 0.0038985660102448315 0.999991393951047 0.00141887522566835 -0.14687110014025342 0.0007670592467533219 -0.0014218760417980003 0.9999986949434652 9.966297644800983
0.9999994583395987 -0.0009984899352757093 -0.0002938338950904514 -0.06900324283321536 0.000998227475897188 0.9999991039217965 -0.0008920187838049357 -0.16573788005344048 0.00029472430356992886 0.000891724987566287 0.9999995589819682 11.249301482880734
0.9999968157934608 0.002522771842669383 -6.344421765166267e-05 -0.08070302797791232 -0.002522890942543058 0.9999949103989514 -0.001952997052103258 -0.1845673182067974 5.851692877393979e-05 0.001953150896199371 0.9999980908868503 12.472426331612734
0.9999887566335732 0.004741411158140725 7.501112751711082e-05 -0.09616568691576448 -0.004741263636853503 0.9999870344547651 -0.00185777864415952 -0.21181236898047587 -8.381864734982303e-05 0.0018574021089422577 0.999998271514426 13.764557159408193
0.999983503115403 0.0057337836209517806 0.00034237761977423296 -0.1054573671263244 -0.005733478169016048 0.9999831704747316 -0.0008865638101700126 -0.235889175980263 -0.000347455222775207 0.0008845861700206408 0.9999995483909858 15.039466107178383
0.9999946118358225 0.003222499235058328 0.0006259376983315944 -0.10641640214352727 -0.003223658994406542 0.9999930727947879 0.0018607485391800716 -0.25684520046460096 -0.0006199371015886564 -0.0018627563228525864 0.9999980729065788 16.3109173111532
0.9999988418866863 -0.0009494959290954619 0.001189404374667475 -0.1147176351342152 0.0009449773431179525 0.9999923568262635 0.003793851193173748 -0.27818119068866365 -0.0011929975301067798 -0.0037927228392782815 0.9999920959739418 17.540286614012647
0.9999938253818003 -0.0033763389613705955 0.0009744400910904505 -0.12194035734629217 0.0033748284040789043 0.9999931075814332 0.001547683065395895 -0.29738524550323764 -0.0009796588774750585 -0.0015443849409463666 0.9999983275704202 18.81590366305022
0.9999893407823269 -0.004465625025626907 0.0011732496995304567 -0.12929168000380312 0.004466244235779123 0.9999898881078927 -0.0005256846870970294 -0.31499899308164037 -0.0011708903250618307 0.0005309191034171999 0.9999991735700344 20.101333794198133
0.9999964130629756 -0.0021813590074489077 0.001554198849165509 -0.13603173961489054 0.002184688312199244 0.9999953159015851 -0.002143667853701229 -0.34033739494272414 -0.0015495154599635588 0.0021470556045602566 0.9999964945708908 21.42515131207569
0.9999971423796216 0.0007265729535048406 0.002277569830678135 -0.14348559473550687 -0.0007258663755725929 0.9999996881846053 -0.000311044525016533 -0.35878371927381725 -0.00227779511703604 0.00030939042481125073 0.9999973579599944 22.71273989877428
0.9999952353706707 0.0014621435909695612 0.0027187077952135212 -0.14221619058178536 -0.0014707445215834981 0.9999939120191457 0.0031643064321873493 -0.3764760349427107 -0.002714064573402863 -0.003168289880035713 0.9999912978584998 23.98179475029103
0.999995318305521 -0.0007019144545826212 0.002978369207726856 -0.13169658159806616 0.0006868906263720513 0.9999870514019576 0.005042341686690748 -0.3882857142678916 -0.0029818699345360612 -0.005040272266096846 0.9999828519065598 25.229772384682665
0.9999859809685817 -0.004580399006310294 0.002656654144979546 -0.13466623772228914 0.0045720895642395 0.9999846636010965 0.003125469503595422 -0.4039479259054863 -0.0026709292988804437 -0.0031132792268481896 0.9999915867791767 26.602049535134686
0.9999832642279556 -0.005129130810061299 0.0026764306707926784 -0.13935900639584714 0.005126452582288055 0.9999863530530769 0.0010065741543469476 -0.4256332898767937 -0.0026815569961931196 -0.0009928367136277441 0.999995911755311 27.8761552842173
0.9999790227925921 -0.005583718186622008 0.0032826918808520045 -0.15139275152967707 0.005588928862897957 0.9999831331313743 -0.0015802933036094778 -0.44171223955649463 -0.003273812599659836 0.0015986068848699861 0.9999933632815218 29.189879569807136
0.9999900328975228 -0.0019285165611262118 0.004026776562511274 -0.15580183428872363 0.0019386513792043745 0.999994959518569 -0.0025144717706476775 -0.461893890163905 -0.004021907065166677 0.0025222532245865433 0.9999887311876218 30.480711337261685
0.9999889689834357 -0.0008639324079793207 0.0046168747263942945 -0.16427855455059756 0.0008851894893365435 0.9999890090323516 -0.004604156172782394 -0.49430274040015404 -0.004612846302744518 0.004608192193240803 0.999978742880916 31.851537753576768
0.9999867298684626 0.0004043754795454822 0.005135812248294981 -0.1721691255818479 -0.00038282582567420874 0.9999911224322909 -0.004196248442849582 -0.5200676029504295 -0.005137463514750423 0.004194226636516354 0.9999780072239369 33.17003755805744
0.9999875535377518 0.00037760031541787825 0.004974956038350157 -0.1741013080355906 -0.00036268655357511584 0.9999954392311009 -0.0029983287780939293 -0.5447941494300302 -0.004976065518617763 0.002996487109848281 0.9999831297761753 34.44484133710342
0.9999891451667061 0.0013202352417051337 0.004468392067246766 -0.17405375320309355 -0.001314336445751224 0.99999826136481 -0.0013227951711916968 -0.5697883000023614 -0.004470130699145727 0.001316907841922764 0.9999891417836839 35.78853255653907
0.9999798744259557 0.004359151740120201 0.004609613775175323 -0.18089972394771053 -0.004353505076027657 0.9999897616949759 -0.0012343009270882701 -0.5886278678276657 -0.004614947085577685 0.001214208109104836 0.9999886139162113 37.1401599624081
0.9999640031357182 0.006801875275982397 0.005072171676839584 -0.19342554497073838 -0.006793281439337585 0.9999754639636184 -0.0017096192653042726 -0.6095148363354772 -0.005083675842862887 0.0016751010346622204 0.9999856750356221 38.518678130943194
0.999946267398198 0.009040570929695527 0.005072513546202564 -0.20086935060670005 -0.009034838922782564 0.9999585216692795 -0.0011517927889366669 -0.6336190035066515 -0.005082716011212875 0.0011059015572898304 0.9999864713983361 39.81270270847234
0.9999407985602685 0.009799656577389545 0.004729281723246661 -0.20161522665562828 -0.009795326129213664 0.9999515847334344 -0.0009379632805984925 -0.660442485989366 -0.004738244471843519 0.0008915828949857339 0.9999883769920862 41.059822391065865
0.9999508248744247 0.00898348496527643 0.0042005750602187655 -0.20555001896183256 -0.008978301571145625 0.9999589114480482 -0.0012512060310929398 -0.6764738474803519 -0.00421164265524105 0.0012134304732163616 0.9999903947801857 42.346227377247935
0.9999596497632712 0.008214254581380434 0.0036366010213834707 -0.21465240694780408 -0.008208273182860082 0.9999649392521817 -0.0016566586058428855 -0.6979805956890763 -0.0036500817349750876 0.0016267415446354159 0.9999920152757599 43.61569681745824
0.9999648179876757 0.0077885063925661096 0.003114796148765063 -0.22172981380259843 -0.007784188425892942 0.9999687283016644 -0.0013960047644617953 -0.7249277360385236 -0.0031255715358316834 0.0013717094900748087 0.9999941745908573 44.93226810853275
0.9999649895385909 0.008082211204500533 0.0021673853216234323 -0.22498995722776052 -0.008081751721706857 0.9999673177621548 -0.00022067322174529488 -0.7486716941993019 -0.002169098014206285 0.00020314922581941082 0.9999976268692828 46.23257716976771
0.9999624717989739 0.008599426792834514 0.0010511196515387035 -0.22888789540456697 -0.00859870554242612 0.9999627932321581 -0.00068877742070997 -0.7714084970396343 -0.001057003633779923 0.0006797133037590906 0.9999992103662599 47.580660635819534
0.9999587731455797 0.009079826136696676 -9.362967142827086e-05 -0.23313235939355273 -0.009079868853237586 0.9999586683866492 -0.00046636896094134667 -0.7916763924521971 8.939125248187987e-05 0.0004671998791535048 0.9999998868667322 48.907337761049305
0.9999594030593237 0.00889966951946468 -0.0014100055625040722 -0.23993754825449465 -0.008898826247650959 0.9999602227222186 0.0006032120235091385 -0.8141866016410692 0.0014153178639804273 -0.0005906401404373776 0.999998824009093 50.08738019256982
0.9999700546616992 0.007448253478317169 -0.0021007855678439793 -0.24626455962396593 -0.007445154450884145 0.9999711904679717 0.0014791582978946392 -0.8346659202114515 0.0021117421911320106 -0.0014634733309781638 0.9999966993899172 51.35039336330854
0.9999778077931347 0.006019764217234963 -0.0028541828964754367 -0.254388722435531 -0.006014798639423597 0.9999803881178558 0.0017451581561132336 -0.8579761684294837 0.0028646323611983093 -0.0017279520917999394 0.9999944040158447 52.69430366143992
0.9999866673400453 0.003703222806156704 -0.0035987891017323177 -0.2569833051925772 -0.003699649048625459 0.9999926570764154 0.0009991947597898167 -0.8792996888351563 0.003602462916921052 -0.0009858671811893232 0.9999930251390927 54.02676767865802
0.9999894817348245 0.0024558736710639465 -0.0038736422434586496 -0.2637049184115023 -0.002450864527146731 0.9999961550621774 0.0012973526626792707 -0.9011022220135516 0.0038768134837913 -0.0012878452444144788 0.9999916558511072 55.4055807782161
0.9999921985899514 0.000655295029490311 -0.003895298147872546 -0.26609659194885943 -0.0006466116052621246 0.9999973043857876 0.002230048113973658 -0.9247147514387826 0.003896748987095964 -0.002227511971465412 0.9999899267181392 56.767633350676945
0.9999935724145695 -0.0009155558454887554 -0.0034665381927862673 -0.27741056163755945 0.0009253019475960289 0.999995621261246 0.0028109206038035655 -0.9369582027665426 0.0034639494589309987 -0.002814110130912352 0.999990040869567 58.1047274097997
0.9999913038816538 -0.0030813812062582937 -0.0028102047848431607 -0.30205982302345835 0.0030882542161296367 0.999992243078671 0.0024446816530974674 -0.9563389570516291 0.0028026499902044713 -0.002453339020631363 0.9999930631162816 59.46390163942194
0.9999859899172814 -0.004870847194959911 -0.0020723939681114357 -0.32142726706133606 0.004874069371639447 0.9999869163397761 0.0015526097468997705 -0.9769048306760197 0.0020648043287822652 -0.0015626889866745962 0.9999966472874876 60.83856584426374
0.9999909589627677 -0.0039417792454018675 -0.0015951078665165325 -0.3243118247371341 0.003943762018321278 0.9999914522961901 0.001241803406135003 -1.004574806316018 0.0015901993171137047 -0.0012480829047631034 0.9999979567755105 62.17559119749643
0.9999966306479385 -0.0024480938669076188 -0.00086344032234096 -0.33970620965620246 0.00244903041237425 0.9999964121989994 0.0010852829900246954 -1.031838031138673 0.0008607803498570969 -0.0010873939249327548 0.9999990383153587 63.57433990546557
0.99999987572146 0.00039848274566576733 -0.0002996140298560941 -0.36149468860728784 -0.0003977555110689958 0.9999969844751102 0.002423392506379932 -1.0506948878468676 0.00030057880646223154 -0.002423273032072539 0.999997018695653 64.89289758815006
0.999991245610104 0.004177206061161584 0.0002442389730799967 -0.35647799605756403 -0.004178090279260172 0.9999842801091149 0.0037393978490785507 -1.0814490764942808 -0.0002286148983097877 -0.0037403855654109066 0.9999929786008758 66.16241689839197
0.9999675887895475 0.007990780071702371 0.0009842785503825528 -0.37107766118128954 -0.007994763073087241 0.9999595891221867 0.004111433569062715 -1.0947075403289954 -0.0009513852133925933 -0.004119169386332128 0.9999910636149424 67.47066872284377
0.9999225512551861 0.012355335367164355 0.001495720323121168 -0.37909487884569765 -0.012360607817789854 0.9999172366212629 0.003568652697053038 -1.1115933727901108 -0.0014515046313726319 -0.003586864321700033 0.9999925137413002 68.8523436794109
0.9998805793696096 0.015228019419525018 0.00263332946148614 -0.41308777593448565 -0.015235550063626323 0.9998798313213594 0.0028637267726943543 -1.1247576005855453 -0.002589404130857622 -0.002903505007482279 0.9999924322938251 70.22149340584667
0.999848754646378 0.017145064589499482 0.0029179774346842573 -0.4042475664243289 -0.017153201811460694 0.9998489891603648 0.0027868517384505454 -1.1470806731740997 -0.0028697560354048134 -0.0028364828958921924 0.9999918593994055 71.45402704147205
0.9998408376264711 0.017533560686566814 0.003297523926733445 -0.410520118406778 -0.017544447631135628 0.9998406314745951 0.0033021220149173818 -1.1769021061984075 -0.0032391004484648646 -0.0033594496771846803 0.9999891111037925 72.8113994598484
0.9998606824881489 0.01634291748591798 0.0033947993139652184 -0.4146309980024942 -0.016352880924900583 0.9998619949859697 0.0029281851261343935 -1.192394489528287 -0.0033464757267384895 -0.002983291927613476 0.9999899504842471 74.15416004750321
0.9998810618583136 0.015115527342984006 0.003063163435899522 -0.40659565655338614 -0.015121345659978488 0.9998838885857646 0.0018852724052481344 -1.2074166274156208 -0.003034310881070537 -0.0019313673275788237 0.9999935313679409 75.54432650648802
0.9998934123218547 0.014379146727594886 0.002530639196699526 -0.4026491871337194 -0.014384131399737198 0.9998946167829917 0.0019626747742692435 -1.2324967636203283 -0.002502150921242214 -0.0019988666240526327 0.9999948718733455 76.86058041415973
0.9999014411489189 0.013865491108579295 0.002203666180021196 -0.4167577779975015 -0.013870455617663546 0.9999012606511708 0.002253754458266669 -1.2525610870604964 -0.0021721991790556493 -0.002284098184762694 0.9999950322107659 78.21236161296035
0.9999023033572878 0.013851190466820608 0.001878367227688455 -0.4286897838819507 -0.013854326896063142 0.9999026343624831 0.0016671596275898309 -1.2721805343352095 -0.0018550921937256215 -0.0016930202652945185 0.9999968461526946 79.51901174044482
0.9999029520242761 0.013842877970918703 0.0015688411711224344 -0.4584736878768331 -0.013845985821550801 0.9999021639853094 0.0019877459911347454 -1.2905827766200348 -0.00154117155676223 -0.0020092752370216007 0.9999967937964882 80.87444318340549
0.9999146426360653 0.013047026719145035 0.000694647953568185 -0.47322912249875765 -0.01304901206149298 0.9999105515531809 0.002934651058130559 -1.3131460870158953 -0.0006562973476209978 -0.0029434650335767136 0.9999954526333553 82.24190930775026
0.9999397791313984 0.010974177463358459 -7.442884246837315e-05 -0.48834856774724933 -0.010973794637764045 0.9999318745257018 0.003977705213415521 -1.3386236824806017 0.00011807581487696045 -0.003976648905720115 0.9999920861294773 83.5913144277615
0.9999577275148566 0.009077246763199612 -0.0014651875387324388 -0.484687573987194 -0.009070721247647403 0.9999491773074041 0.0044005474993277765 -1.3595676046816054 0.001505057929500983 -0.0043870711695095585 0.9999892441457477 84.89596843510803
0.9999666170677752 0.007876648987071942 -0.0021732811055590515 -0.48430552759130835 -0.007867093740829272 0.9999595018405981 0.004370756773887101 -1.3880671594178187 0.00220762000859003 -0.004353513459027257 0.9999880865962659 86.13043091315406
0.9999745461868751 0.006558821372655732 -0.0028087079867796087 -0.48506554587669154 -0.006548015269125774 0.999971190744876 0.003839423955623974 -1.4088564287476348 0.0028338091658932927 -0.003820934764860031 0.9999886849275522 87.27890331307684
0.9999801903399271 0.005504643321814875 -0.003052512018472125 -0.49480499070879597 -0.005494109609802277 0.9999789609150358 0.003448548518135185 -1.4268423265126877 0.003071430825982501 -0.0034317093679464314 0.9999893947855131 88.57345728195091
0.9999754626239548 0.0062088770603930515 -0.003244070846446742 -0.4968399249167936 -0.006200144901577242 0.9999771476306858 0.0026948876781856704 -1.4462268326034071 0.0032607289380268785 -0.0026747078433942183 0.9999911067528284 89.7662124375504
0.9999756965595482 0.006155720621115499 -0.0032731321209848725 -0.49933090889625953 -0.006148444480267156 0.9999786151471982 0.0022284251761702767 -1.472261106057333 0.0032867796883456046 -0.002208246346649111 0.9999921603329469 91.02590999343062
0.9999678712004835 0.007432485459549113 -0.0030024534412624406 -0.5136387355696553 -0.007428514346564352 0.999971521580429 0.001331616583509467 -1.4914804752979607 0.0030122651570280005 -0.0013092700318037731 0.999994606020757 92.26866044458288
0.9999564224585314 0.008932660441773292 -0.0027130723114578976 -0.5186321839651455 -0.00892807081631742 0.9999587004569819 0.0016990973733054075 -1.5175671878950747 0.002728137722704258 -0.001674800829092521 0.9999948761402481 93.54190302953347
0.9999518073269338 0.009489453911907425 -0.002516602482075905 -0.5266775669107194 -0.009481710031156651 0.999950330603245 0.003071400551414951 -1.5396457928715288 0.002545623397926157 -0.0030473908374134316 0.9999921165742265 94.93316309984354
0.9999395897522019 0.010715994170421177 -0.0024462859886190532 -0.5382780744309213 -0.010705354947308949 0.9999333574846969 0.004321569718799493 -1.5603642806084954 0.0024924328778810883 -0.004295120291890951 0.9999876697839972 96.26284804888763
0.999948935655706 0.009780316642338095 -0.0025439118295652687 -0.5421856920452575 -0.00977293431357963 0.9999480432239859 0.002898380138122309 -1.5784792582819467 0.002572126731608538 -0.002873370651031003 0.9999925639249422 97.49656957093838
0.9999477102855239 0.00996777098623282 -0.002284783644925469 -0.5602995636861369 -0.009966653761975003 0.9999502067415167 0.0004998503655678009 -1.6008412028564052 0.0022896522720739255 -0.00047705258102475126 0.9999972649529143 98.87083623533759
0.9999548316601592 0.009198205513075925 -0.002393251938636216 -0.5720422319350225 -0.00919973304805814 0.9999574843328565 -0.0006280434303771537 -1.6260406059451882 0.002387373315389383 0.0006500323416504126 0.9999969389486194 100.12314655597135
0.9999744827384974 0.006700028076862099 -0.002478607601826988 -0.5737339357775247 -0.006698646586477376 0.9999774040589996 0.0005652480292964958 -1.6467337719089692 0.0024823387730222766 -0.0005486302893633652 0.99999676849429 101.37609365610004
0.9999880636429763 0.004514204559141689 -0.001869365873445246 -0.5795537981999997 -0.004509372017149368 0.9999865010856814 0.0025813195130571336 -1.6742430868593225 0.0018809932433497308 -0.002572859035346163 0.9999949211175044 102.68023728292944
0.9999952802769021 0.002951513059370305 -0.0008532259843326853 -0.5872875100518308 -0.0029488278971109877 0.999990749387187 0.00313138213677692 -1.6941661578593457 0.0008624604067398586 -0.0031288513409350807 0.9999947332117975 103.92251656948022
0.9999973784393141 0.002287544157581155 0.00010127302788546244 -0.5953238225162846 -0.0022877125774076476 0.9999959460234821 0.0016953783546566823 -1.7187002447119262 -9.739436447708547e-05 -0.0016956055936989895 0.9999985577169646 105.22170921686465
0.9999911862071597 0.004118457214952547 0.0008159768171569607 -0.6018237484909698 -0.004117945146196964 0.9999913238819804 -0.0006282424199509588 -1.7392332251347093 -0.0008185571271731352 0.0006248767349788999 0.9999994697465078 106.56307448751812
0.9999791544482087 0.006135564891592388 0.002011345943939911 -0.6117351814835548 -0.006130243474815956 0.9999777216463794 -0.002641273529309745 -1.764995149305397 -0.0020275068395994166 0.0026288884301572534 0.9999944890656339 107.81209041892592
0.9999544360852914 0.009016716956588528 0.003134416799233884 -0.6173903305421997 -0.009008684610503945 0.9999561251421416 -0.0025673706984380017 -1.787636776347658 -0.003157428532052975 0.002539016746596384 0.9999917919858275 109.0627471312561
0.9999390156249234 0.010262858132359498 0.0040790653358119475 -0.6124517905188359 -0.010260056837010534 0.9999471142349297 -0.0007070834031573175 -1.8080658676568855 -0.004086106307975393 0.000665188839930604 0.9999914305928067 110.28436798474424
0.9999299917401622 0.010523562614188312 0.005409828871967932 -0.6190264214651701 -0.010531421792252646 0.9999435257741115 0.0014263300717690785 -1.8305952404700978 -0.005394513282251591 -0.0014832034065573349 0.9999843495445833 111.5844211627863
0.9999327532621051 0.009861176878100286 0.006102961923879827 -0.6114958185128869 -0.009873313496855654 0.9999493333838626 0.001961720103013701 -1.8540963919841271 -0.006083307838529721 -0.00202184464006991 0.9999794525438981 112.8642039774055
0.9999172945638019 0.010782699487515672 0.007009809124983292 -0.5999042903362224 -0.01079169799092344 0.999940990199434 0.0012471461217462845 -1.876680063495472 -0.006995947875697155 -0.0013226907190330944 0.9999746532800636 114.12417041834375
0.9998852362931688 0.01278206764918895 0.00813221922754738 -0.5958902511198377 -0.012787774942904404 0.9999180216653668 0.0006502006072346009 -1.8975691270736523 -0.008123241653611179 -0.0007541189770709691 0.9999667215710764 115.4331365317021
0.9998382734488924 0.015005547853493381 0.009912642450616977 -0.6023416355154207 -0.01501084878578216 0.9998872247847358 0.0004605768237403064 -1.9273479491394463 -0.009904613342662093 -0.000609299513132858 0.9999507624821519 116.77448575385732
0.999822632413187 0.015549063437850598 0.010626868803657733 -0.5922572814052451 -0.015541369064711503 0.9998789005707757 -0.0008062511843237802 -1.9422238614477227 -0.010638118346723218 0.0006409520914169053 0.9999432081965749 118.02562208162868
0.9997977563152161 0.016710895264544653 0.011188943047342572 -0.5792096006718338 -0.01669439471162155 0.9998594117414095 -0.0015665048151525564 -1.9651199658842764 -0.011213547711221628 0.0013793953678083067 0.9999361747712443 119.2039980284438
0.9997995001709714 0.015836417014159245 0.012254279008927118 -0.5760034867198626 -0.01581480819186344 0.9998732112918508 -0.0018582741394188303 -1.9872651337700904 -0.012282153708920883 0.001664102483715773 0.9999231867814623 120.43187494030497
0.9997936817826085 0.015545140334344737 0.013074497296684263 -0.5623549951665863 -0.015534443739899447 0.9998789106485378 -0.0009192921113330871 -2.0055564539933135 -0.013087204639164993 0.0007159974019405593 0.9999141025220386 121.66593263765589
0.9997971100996422 0.014417326674689597 0.014066958731672293 -0.5539934233662438 -0.014416420127576999 0.9998960642607749 -0.00016585089178057164 -2.0255447987121435 -0.014067887798404094 -3.6977944683476514e-05 0.9999010416863882 122.89824396185921
0.999804457592201 0.013512892980763247 0.01443773881376881 -0.5495975851483572 -0.013516886007507774 0.9999086266980083 0.0001790183347309537 -2.046378633723273 -0.014434000534301413 -0.0003741365988067005 0.9998957543916177 124.1371508395856
0.9998331472711869 0.011508677493580598 0.014185484134895099 -0.5152535934736359 -0.011514747128732662 0.9999336431452268 0.000346272835409409 -2.0727280388560025 -0.014180557688397084 -0.0005095573215539537 0.999899320999361 125.38345245817045
0.9998543888666809 0.00990399656926654 0.013896471350363475 -0.5050725999534222 -0.009918066982082537 0.9999503692076136 0.0009439644575322606 -2.0879093871846544 -0.013886432636730228 -0.001081653139465377 0.9999029938024551 126.56505213578387
0.9998775812885995 0.008236653148871426 0.013303382327990495 -0.49894475328167875 -0.008244537552063747 0.9999658685351498 0.0005379268512351516 -2.1053958988217887 -0.01329849754717124 -0.0006475412340958722 0.9999113613982687 127.8169929174638
0.9999013976980539 0.0069734866130777215 0.01218873930868398 -0.48907330636520746 -0.0069773735193957125 0.999975619634389 0.0002763975252299065 -2.1230421365675123 -0.012186514688321376 -0.0003614156586849617 0.9999256763572352 129.0729234706439
0.9999234602377792 0.00556111999703704 0.011052041009896067 -0.4776442375908661 -0.005575941107916419 0.9999835953803747 0.0013106681126179521 -2.147192633133258 -0.011044570922716828 -0.0013721933241858015 0.9999380653513573 130.3362771338238
0.999940498373416 0.003926450009555649 0.010177558796018187 -0.4745799773463588 -0.003942748000900168 0.9999909762889734 0.001581796076850218 -2.170031536002851 -0.010171256113447758 -0.0016218295070078415 0.9999469562022407 131.6284380674305
0.9999548989005468 0.0034342397417306118 0.008854725416031179 -0.46980395279602644 -0.0034487138661812152 0.9999927411690871 0.0016198709226062098 -2.1895250141564517 -0.008849098115977881 -0.0016503352789701954 0.9999594841072321 132.86357960728074
0.9999689342464647 0.002857166481681502 0.0073462331629877906 -0.454309289823846 -0.0028654253752455057 0.9999952742087362 0.0011139558405359163 -2.212819559609715 -0.007343015688933792 -0.0011349713175761215 0.9999723955993493 134.12748927511123
0.9999745783276244 0.0027221802187802225 0.006590328773737951 -0.45608144603145695 -0.0027276417603092898 0.999995943879978 0.0008198743930734448 -2.2343763617949293 -0.006588070196718914 -0.0008378296064727387 0.9999779474431598 135.36316898316667
0.9999846036001028 0.00028494711418175327 0.005541783818143592 -0.4509912101118262 -0.0002763170999212916 0.9999987481943143 -0.0015579661953582828 -2.2590982256015324 -0.0055422208188786355 0.0015564109186546114 0.9999834305494508 136.66136644666
0.9999762194888385 -0.005181169862915693 0.004551476206824132 -0.45196299799859463 0.00519071769939116 0.9999843473056649 -0.0020884428241605014 -2.276458010246996 -0.004540584386937509 0.002112018588027657 0.9999874611568438 137.99103352100124
0.9999073607661365 -0.013205468512929721 0.0032993161492424258 -0.44958683261607657 0.013204602334682514 0.9999127750556557 0.0002841789608608149 -2.298566135246865 -0.003302781082894781 -0.00024058647701252333 0.9999945168626011 139.21687319927005
0.9997975124539463 -0.020072349883325864 0.001426485563005426 -0.4335006265429745 0.02006950383018166 0.9997966222290501 0.001982219814617431 -2.3230966502426758 -0.001465983257216154 -0.0019531895823210587 0.999997017967327 140.5467222135829
0.9997269807532889 -0.0233650947027716 0.00019053462306100184 -0.42632545025825996 0.023365332107561466 0.9997260723115844 -0.0013570541466586183 -2.3461232693448033 -0.00015877473169878778 0.0013611355495034795 0.99999906104986 141.85570304985578
0.9997390652111506 -0.02284115139407397 0.00028860652557699545 -0.42301023889280054 0.02284219584601676 0.9997295153802725 -0.004373804574769579 -2.376059908923295 -0.000188625729490381 0.004379255703775982 0.9999903932237632 143.20396202693726
0.9998109739499063 -0.01943012134579836 0.0006976774514676632 -0.42422105341556704 0.019434292000553632 0.9997895218242282 -0.006574218198320424 -2.401459666989069 -0.0005697927482433646 0.006586534367135892 0.9999781462118339 144.40163036876882
0.9998113998690987 -0.01936307212527676 0.0014953694070315503 -0.42157321137523107 0.019372736786209238 0.9997895833678776 -0.006744335289634346 -2.428360371949276 -0.001364463705786991 0.006772032705036371 0.9999761386212367 145.59941020550147
0.9997498324656533 -0.022282586422396847 0.0019387695132698738 -0.4129303057349774 0.022289310189770588 0.9997453711037044 -0.0035184667089037365 -2.4511498913337517 -0.001859875308013132 0.003560800337830148 0.9999919307498406 146.83502736163686
0.9996185160534183 -0.02752878685499517 0.002233440720706026 -0.4081156513555529 0.027530329920197574 0.9996207486946942 -0.0006631089996365393 -2.478446451086271 -0.002214339099084865 0.0007243433940965056 0.9999972860108186 148.1112705486112
0.9995153543701112 -0.031070741216994824 0.001914528301262819 -0.39523255468527574 0.031070088575640503 0.999517139881745 0.0003697005805175023 -2.496527664422191 -0.0019250907229660154 -0.0003100368428460608 0.9999980989496259 149.35126216158864
0.9994655192126122 -0.03264347981847818 0.00175474511055948 -0.39048379153187146 0.03264335256732657 0.9994670586409627 0.00010111749876861751 -2.5150064268949865 -0.0017571107613459668 -4.3782690098545225e-05 0.9999984553212319 150.62523007075205
0.9995273346571908 -0.030638613768937256 0.0025263846518594696 -0.3906541421084355 0.030636781332662764 0.9995302940439678 0.0007608665815656079 -2.532968468907169 -0.0025485098912636788 -0.0006831066521608463 0.9999965192252608 151.89076477063793
0.9996438966107586 -0.026442459653994495 0.0035883556547469547 -0.3876233591317972 0.0264432624660307 0.9996503002211562 -0.00017645936008175251 -2.5567950717007255 -0.0035824347880586767 0.00027128435270544894 0.99999354626207 153.08817678704332
0.9997321748211985 -0.02271874177314214 0.004408786626824384 -0.39701664893011057 0.022730088266729162 0.999738409516631 -0.0025407921097101837 -2.5736848112474884 -0.0043499097303599955 0.002640323730785942 0.9999870534041608 154.46908915076926
0.9997763975862706 -0.0204058460042863 0.005545834316650258 -0.4235890182223884 0.02042324092331003 0.9997866232825094 -0.0030982471733025214 -2.592654281378066 -0.005481428610026537 0.0032108183081258923 0.9999798220895194 155.90157032897105
0.9998086884736412 -0.01867308867270924 0.005822560608313461 -0.42493558409677923 0.01868394030023219 0.999823792687056 -0.0018149247171531453 -2.6200042724599357 -0.00578764438037666 0.0019233658759354334 0.99998140174517 157.19333626377883
0.9998413801208406 -0.016916765809594544 0.005571142844610965 -0.42957107901293434 0.01693027282492519 0.999853825065131 -0.0023862868018793325 -2.6368873397385677 -0.005529960228186699 0.0024802292576610015 0.9999816338326948 158.4652661302996
0.9998701057941861 -0.015238353092428145 0.005250155631263913 -0.443349315252752 0.015264249675289531 0.9998713490590243 -0.0049282869983318395 -2.6542102102817124 -0.005174381216380402 0.005007786528795842 0.9999740735904662 159.7437934559612
0.9999163219861166 -0.011995891628879067 0.004842273204204717 -0.4629556419533246 0.012033455889099254 0.9998971380132082 -0.007804443116663168 -2.6723006700516034 -0.004748153864511184 0.007862059337369394 0.9999578206393788 161.0332146750165
0.9999648559705485 -0.006883307285599822 0.004786115816741173 -0.47805434542928466 0.006926346899123232 0.9999351957034001 -0.009034938419105165 -2.704263839040614 -0.004723615398427139 0.009067771193409332 0.9999477301255066 162.31541295231358
0.9999818928563472 -0.0025701114100012395 0.005441368097833659 -0.4974910386196139 0.0026126393706858734 0.9999659864565043 -0.007823045800090746 -2.730981686591738 -0.005421076918351527 0.00783712047959938 0.999954594702997 163.60750745065988
0.9999822962209001 0.00016254744668946003 0.005948178133064252 -0.5067124164227973 -0.0001272500021993134 0.9999823852263816 -0.005934058003984548 -2.755125218458464 -0.0059490379232301676 0.0059331960430519075 0.9999647024432933 164.82858072877133
0.9999823750641426 0.0012364954146793755 0.005806947577242916 -0.5041813420269933 -0.0012146618195156104 0.9999921862017083 -0.0037619319761566217 -2.783961035736897 -0.0058115538145648 0.0037548121948367797 0.9999760633273395 166.14911635692482
0.9999858805005436 -0.0018644222008648518 0.004976216374731232 -0.4962073231305569 0.0018785348419003878 0.9999942230096299 -0.002832852663836742 -2.8087367190935386 -0.004970905993779024 0.002842160661215793 0.999983605973807 167.3634729530702
0.9999844483444359 -0.004327922791842858 0.0035174072241692146 -0.5168606905743014 0.004337590867366901 0.999986823208231 -0.0027456721177985042 -2.8289301807868696 -0.0035054778190892126 0.002760886491503698 0.9999900445159652 168.68986665096955
0.9999890218049847 -0.004473512875413459 0.0013942568134546808 -0.5116976343433379 0.004483084956414092 0.9999658715966959 -0.006939567071112198 -2.8585780041241433 -0.0013631649870535305 0.006945741458937246 0.9999749489146239 169.95750629069445
0.9999963584486472 -0.002689485994124702 -0.00022305723644180714 -0.5081243798317527 0.002686777627686766 0.9999318201190033 -0.011363817117383122 -2.882729239575552 0.000253604855402897 0.01136317643026685 0.9999354048667308 171.25521656795422
0.9999966333188144 0.0024726429286823074 -0.0007870120598300793 -0.5184844379320718 -0.002481943793944697 0.9999243770603664 -0.012044920732101169 -2.921086383658079 0.0007571697555897431 0.01204683350039071 0.9999271475945515 172.55477132050746
0.9999812800123106 0.0059980251197340574 -0.001209677478672488 -0.5224833978554658 -0.006011077723366799 0.9999204170608718 -0.0110917306772499 -2.956120145539951 0.001143052729759805 0.011098794505532575 0.9999377531581563 173.77500740957456
0.9999662969473985 0.0081451293777259 -0.001030454620947097 -0.5362505462485062 -0.008152813812312346 0.999937219527625 -0.007686912924219505 -2.9887271156562996 0.0009677790282361352 0.007695054956455392 0.9999699243142118 175.18313409959305
0.9999608657984307 0.008778185538947839 -0.001100150123867368 -0.5327921280313778 -0.008784468857853991 0.9999443451187372 -0.00584292494780963 -3.0100734495746986 0.001048798615860848 0.005852360524108942 0.9999823247926736 176.24265503717163
0.9999652007857784 0.00825017705129775 -0.0012376574963887492 -0.5358349798857276 -0.008256424979827632 0.9999527510127603 -0.005131002686182971 -3.030724819082482 0.0011952673377138147 0.005141042757590874 0.9999860704106618 177.5329006826778
0.9999786785760119 0.006510224293290701 -0.0005092867784942075 -0.5662619986873249 -0.006512487435269502 0.9999683232477576 -0.004576025401383872 -3.055781104215751 0.0004794796942083268 0.004579244557751878 0.9999894002530747 178.81357671812546
0.9999917092088649 0.004025538735008594 -0.0006136378610853867 -0.5650479815823422 -0.004028061755768567 0.9999832038508336 -0.0041673414444178 -3.082755383082828 0.0005968517599258582 0.004169778665060303 0.9999911283175775 180.19102361207487
0.9999989656218637 0.001416559990401111 -0.0002492247878874838 -0.5682213431756988 -0.001417584652511972 0.9999903406487831 -0.004160416191207545 -3.108271757372874 0.00024332890141787455 0.004160765184998203 0.9999913143743407 181.4315945011111
0.9999979726262801 -0.002000594107643785 0.0002288373762678266 -0.5799997639428356 0.0020012729875762227 0.9999934796500768 -0.003005921449578233 -3.139308430320536 -0.00022282225542793785 0.003006373321511612 0.9999954560245236 182.83958967190566
0.9999796946386206 -0.006322933903220735 0.0007942400804666248 -0.5836928615309575 0.006324119989487921 0.9999788777812795 -0.0014998325412235996 -3.1603727391892704 -0.000784739962329825 0.001504824956151031 0.9999985598414848 184.01045184527908
0.9999608152848628 -0.008809311014071694 0.0008740333452819313 -0.5774770816157605 0.008810886401960816 0.9999595357366167 -0.0018152603730668382 -3.18038127346979 -0.0008580067849685195 0.0018228902511228855 0.9999979704456855 185.25576639518863
0.9999743588813493 -0.007051140994718945 0.001250196186910248 -0.5955666016806229 0.0070585699999025225 0.999956841003436 -0.0060409204585016064 -3.208083670376625 -0.0012075468478064649 0.006049590159842154 0.9999809719637215 186.54923826017253
0.9999985856191927 0.0001265360539772012 0.001677124992318864 -0.6092757406296854 -0.00010809995914207518 0.999939621914889 -0.01098821364500555 -3.2422961696967856 -0.0016784141359181177 0.010988016806343795 0.9999382212980225 187.8958833554398
0.9999542089195966 0.009154489896404053 0.0027884366083752933 -0.6182357488998861 -0.00912353084553535 0.9998987514044912 -0.010920078967233921 -3.2827767656096674 -0.002888122035658391 0.010894138537612457 0.9999364862313164 189.25324744711037
0.9998460759045897 0.017091332241597798 0.003963692773066118 -0.6336196539447186 -0.017062078034102514 0.9998277791743866 -0.007300512610270671 -3.3185104343603964 -0.004087785629180233 0.007231760050073699 0.999965495232325 190.61775705529845
0.9998280675389051 0.017938014174695913 0.004697127727216435 -0.6407366273479571 -0.01791327942229412 0.9998257287608581 -0.005256094382558628 -3.3427955768956354 -0.004790593048484722 0.005171049727855702 0.9999751549228395 191.9957295918091
0.9998641439329153 0.015960269056504574 0.004118675629526485 -0.6400370912944778 -0.015940717471346687 0.9998617175749803 -0.004737009025690112 -3.3725316796371576 -0.004193710027645519 0.004670710829707571 0.9999802984341992 193.4802540835994
0.9999146285723861 0.012738873219061473 0.002908036460344459 -0.6419121921210265 -0.012725547476368976 0.9999086484039613 -0.0045557972288492975 -3.407406553821126 -0.0029658065298823833 0.004518401937896635 0.999985393911109 194.8872902464604
0.9999363351123659 0.010931914925898732 0.002796239993705584 -0.6595528004550442 -0.010917025512362165 0.9999264369304652 -0.005285762150080076 -3.4340657362132685 -0.0028538177958515867 0.005254899009276573 0.9999821207203613 196.28293719728342
0.9999339173977124 0.011242988767326245 0.0023991751169355684 -0.6754081374220638 -0.011228826542117645 0.9999199184451829 -0.0058369641994901545 -3.4638223027561685 -0.002464607910191965 0.005809638556473973 0.9999800867055768 197.84382393285182
0.9999156080151207 0.012708327029183706 0.002697271189559521 -0.6934866542982105 -0.012692403139857604 0.9999023885087783 -0.005840920901352238 -3.49278478867908 -0.002771236237862343 0.005806193121128244 0.9999793039714147 199.34460358404806
0.9998956420153874 0.014212668572385411 0.0025894267101115266 -0.6958350971614295 -0.014199541250639072 0.9998865832166821 -0.005019335766904192 -3.526539435173144 -0.0026604711813718864 0.004982043287753529 0.9999840504416921 200.82946389675462
0.999910575024548 0.013169354621432375 0.0023259520484784405 -0.7101863612239265 -0.013156294693095035 0.9998980847170497 -0.005543653048745272 -3.552420823543022 -0.002398721331314372 0.005512556397115505 0.9999819287656873 202.2658762095299
0.9999125845078725 0.01310634662861757 0.001745571779262538 -0.699688278037511 -0.013094739919332857 0.9998931170512345 -0.006502481065877256 -3.58835760025961 -0.0018306089781988722 0.006479054839834687 0.9999773351027273 203.63190863895386
0.9999255467517528 0.012100239302352388 0.0015764396699925521 -0.7268352287924235 -0.012089074347219082 0.9999030538431966 -0.0069092109880734415 -3.6173294686266866 -0.001659889946571196 0.006889638878497925 0.9999748885054515 205.17455758091828
0.9999253681499346 0.012166510000329582 0.0011109296237286153 -0.7335720847914491 -0.012158642287711983 0.9999027296550624 -0.006833640762835703 -3.6559059702497816 -0.0011939631219005657 0.006819623359680961 0.9999760333074472 206.67126856446313
0.9999249487309609 0.012233851934735838 0.000655570151068349 -0.7368032401591543 -0.012229024950226479 0.9999012728643728 -0.006920655530696911 -3.6889702487601967 -0.0007401717035589414 0.0069121191429825325 0.9999758370854785 207.99018180418983
0.9999279445191147 0.012003733141394267 0.00012712374863035729 -0.739820924671538 -0.012002552923959044 0.9999035834064038 -0.006983023295197845 -3.7240669738436223 -0.00021093383994719378 0.006980994320575244 0.9999756103151778 209.48599358174502
0.9999163993911386 0.01292389394387421 -0.00040889361360482945 -0.7485756013795257 -0.012926481619489848 0.9998910300764361 -0.00712979983067504 -3.7649659889157787 0.00031670427964635925 0.007134489330848535 0.999974499055045 210.89812440558666
