1.0 0.0 0.0 0.0 0.0 1.0 0.0 0.0 0.0 0.0 1.0 0.0
0.9999966367237206 -0.001773032446840044 -0.0018928542441391228 0.006143870463772798 0.00177147594256631 0.9999980917222172 -0.0008236655321642286 -0.011529156905200972 0.0018943110177613094 0.0008203096161931687 0.9999978693366809 0.5306599207797001
0.9999931466482623 -0.0022633053476465957 -0.002929864401337771 -0.0003408098878582462 0.002257128726436418 0.9999952271465258 -0.0021097521372095453 -0.02865801810781688 0.0029346254308186518 0.0021031245972312138 0.999993482399015 1.0924246421840242
0.9999852929901052 -0.002615680862391289 -0.004751001696464172 -0.0068833446833087885 0.002599363230805126 0.9999907134081716 -0.0034375002851678264 -0.039752289490047166 0.004759948979561024 0.003425100150697815 0.9999828056395118 1.600853437900247
0.9999670859088889 -0.004503217919370018 -0.006748935268280962 -0.0007477029510217685 0.0044679562850124515 0.9999763379186609 -0.005230771398124683 -0.05302966976689109 0.006772330877917886 0.005200445284289193 0.9999635447871713 2.1524907840635237
0.9999399959422243 -0.006884177885271611 -0.008521303298705128 -0.0030727390721735116 0.006822637960695729 0.9999505880272057 -0.007230014889536359 -0.0632670962603623 0.00857065495291111 0.007171443291944819 0.999937555187717 2.728957850776515
0.9999154853413995 -0.008328243964683077 -0.009983112086826973 -0.012876865317823212 0.008248219692350301 0.9999337366716241 -0.008030512924454962 -0.07132049674814128 0.010049330643388947 0.00794749132669126 0.9999179207991185 3.271608813098813
0.9998998059409233 -0.008442998009785593 -0.011361948068464297 -0.02090505666301878 0.008359456215330751 0.9999378235151368 -0.007380284248929641 -0.0823477443016813 0.01142355334769756 0.007284565080894407 0.9999082145579636 3.8010926872119972
0.999883947992378 -0.008533043746501403 -0.01262052738975888 -0.021774169251711006 0.008434699879519851 0.9999338089939585 -0.007825181708833224 -0.09905529016922204 0.012686464642199967 0.007717823219932028 0.9998897383309964 4.394064775440049
0.9998735595459349 -0.008076054952230035 -0.01369825745670436 -0.03501976596565828 0.007934197618167896 0.9999146609737133 -0.01037878981288118 -0.11833403189152893 0.013780908137617655 0.010268792832298555 0.9998523083259199 5.018785924808618
0.9998644880307221 -0.006411527017750442 -0.015162384257175868 -0.05068821447509146 0.006197489372251206 0.9998810806549839 -0.014121461457746613 -0.13571617819190526 0.015251121288037593 0.014025579115403553 0.9997853201712533 5.629298296398574
0.999851022370155 -0.005012956094450345 -0.016516759262956746 -0.06292069526721214 0.00472044201169583 0.9998321681751399 -0.01770177701286636 -0.1503130788141723 0.01660272545606811 0.017621173439761016 0.9997068789170336 6.183378499819788
0.9998408239694743 -0.0031066832000907416 -0.017569156028013132 -0.08004501712162043 0.0027956236427593272 0.999839402545256 -0.01770179669958487 -0.16380622159977143 0.017621328340691047 0.01764986224987786 0.9996889371950007 6.8086605549560595
0.9998241491151071 -0.0006514138957640224 -0.018741571604013397 -0.10424971882683154 0.0004478101074826741 0.9999408641097891 -0.010865898466107134 -0.17644244497060266 0.018747541501743424 0.010855595023052368 0.9997653153337217 7.45511650254972
0.9998050763829901 0.00028031776644715724 -0.01974159721888821 -0.11695355251511855 -0.0002907217468040257 0.9999998203790095 -0.0005241400712803178 -0.18684662523101409 0.01974144674710888 0.0005297772156300194 0.999804978291483 8.107689200330451
0.9997890474226959 0.0014574109621323494 -0.020487474390599617 -0.13565361098560177 -0.001327596795251764 0.9999789671548344 0.006348443486359282 -0.20152268882338567 0.020496295771852427 -0.006319905160500165 0.9997699538685861 8.775814133368161
0.9997554970259478 0.0035425255178728483 -0.021826513220275064 -0.15613475943849175 -0.003421956281015057 0.9999786944416748 0.005558855811597254 -0.21558195682689352 0.021845740582787383 -0.005482807280812189 0.9997463190443419 9.43234864474302
0.9997260668534057 0.0058033851796112255 -0.02267403744982477 -0.17655465651908983 -0.005843692939955097 0.999981460237714 -0.001711850949208997 -0.22178852441884875 0.022663682548132034 0.0018438821290578285 0.9997414453707776 10.075873386489423
0.9996942309777294 0.005341147764871354 -0.024143667708109023 -0.197056762347153 -0.005540525814936135 0.9999510411764825 -0.008198647678865212 -0.21597798752800246 0.02409869547381769 0.008329909400584555 0.9996748798913766 10.801120242383876
0.9996847173836465 0.0031684322331079653 -0.024908369411952618 -0.22113834201221716 -0.003337672219775099 0.9999716086991443 -0.006755867064877941 -0.21782559626447676 0.02488625672397185 0.006836873030060187 0.9996669102223197 11.561238642547941
0.9996729636001926 0.002542648718105147 -0.025446036711117326 -0.23810284891132583 -0.002481256881881874 0.9999939353105619 0.002443912105920364 -0.22891117411135523 0.0254520963987905 -0.0023799747039977004 0.9996732098587594 12.316866224892442
0.9996720909895909 0.002341149117624049 -0.02549959837541789 -0.2651582550706151 -0.00208376683145345 0.9999466660551327 0.010115481254826982 -0.2381584352023643 0.025521920231258054 -0.010059029080068803 0.999623652942284 13.083648141772555
0.9996539339618093 0.0014162610483018398 -0.02626797516598516 -0.2864794850690494 -0.001084122395181855 0.9999193449911755 0.012654176822321563 -0.2406372921334503 0.026283778139948078 -0.012621319941328566 0.9995748422652646 13.86847231369456
0.999647403595876 -0.0005712528536359347 -0.026546980133348354 -0.3073108587660329 0.0008761677125627709 0.9999337687402736 0.011475646518274714 -0.2376936512742264 0.02653866639759122 -0.011494859853436238 0.9995816962023601 14.677717474207535
0.999660027424155 -0.001090830804234655 -0.026050713205086336 -0.3291825532206347 0.0013252338007772816 0.999958779448487 0.008982380489886421 -0.2348955758624309 0.02603984112298692 -0.009013850012527766 0.9996202664923522 15.498560631435248
0.9996726726156756 0.0018860582904736615 -0.025514513704101356 -0.35230925545229835 -0.0017430670289186369 0.9999826581981719 0.005625390675346094 -0.2383217949047604 0.025524681051181237 -0.005579075823333998 0.9996586240163153 16.327254932002084
0.9996950511920153 -0.0012686443475378654 -0.02466161316120643 -0.37351995078510003 0.0012741732730796585 0.9999991665091672 0.00020847887324589726 -0.24735169841349974 0.02466132812043373 -0.00023983846622302116 0.9996958344280755 17.191262983669198
0.9997032573238214 -0.00431415765964528 -0.023974681224751288 -0.39873020457227204 0.004167497514105809 0.9999723188031764 -0.0061638942129113436 -0.25786767170470287 0.024000609588313356 0.0060621506980413275 0.9996935635825127 18.08250131658636
0.9997361440015198 -0.003008146031609698 -0.022772646627573917 -0.4298551838230704 0.002745776683464412 0.9999295986324312 -0.011543764082348725 -0.27165925690119097 0.022805768730222283 0.011478189588819828 0.9996740209070089 18.977186234030217
0.9997430765632365 -0.0016806416570455036 -0.022604342668940344 -0.45539260305666124 0.001401095837332944 0.9999224195919473 -0.012377064588981752 -0.2885885551360752 0.022623390425152472 0.012342213780591447 0.999667870827439 19.851117383316073
0.9997193798275198 -0.0014942177635731064 -0.023641677405674296 -0.46597900779279317 0.0012180827588147063 0.9999309265130956 -0.011690101669985613 -0.3105791432816463 0.02365751195015285 0.0116580236720014 0.9996521458049252 20.763242908627426
0.9997140224905785 1.0579455747156737e-05 -0.02391386885850863 -0.49118435286975254 -0.0003223638611050889 0.9999150019872033 -0.013033989507130705 -0.3326762086847669 0.023911698334662116 0.013037971046372866 0.9996290521957363 21.70236775854689
0.9997097043061716 0.002911556776954533 -0.023917147681140175 -0.5221993260982316 -0.0032736781195814727 0.9998803954473255 -0.015115483176825237 -0.35413539478559325 0.02387027749391002 0.015189392260195465 0.9995996659738985 22.623902859431126
0.999687142140017 0.006543312800335686 -0.02414131101498342 -0.5556504453612647 -0.006926320664356391 0.9998509307436203 -0.015815889894989964 -0.38120726285699974 0.024034223972903723 0.015978152230871474 0.9995834406037883 23.587230846529746
0.9996720392841033 0.008101858247227539 -0.024293492266524726 -0.5838049951758024 -0.008485574315670577 0.9998402093025233 -0.01573375004312297 -0.4054065603081876 0.024162137779904547 0.01593473422520991 0.9995810499119502 24.53192598732667
0.9996581190539617 0.008933229744941639 -0.024573205241056585 -0.6170248603241564 -0.009323891327339672 0.999831231739175 -0.0158295006061383 -0.4336078120263786 0.02442764949828275 0.01605320669672786 0.9995727009551336 25.495543930535423
0.9996523574881936 0.009182465391631492 -0.024715308972941802 -0.6481093386966426 -0.009576123174594478 0.9998284160778552 -0.015856742042160494 -0.45949563381343905 0.024565464238264955 0.016087906407551037 0.9995687656355516 26.45494475776566
0.9996401589543398 0.010326262966431531 -0.024757239322875532 -0.6812555865571734 -0.01069141438182002 0.9998353379143206 -0.014662561722697287 -0.489918213411848 0.024601753276102818 0.014921975435705783 0.9995859584772276 27.44311371693102
0.9996301850386597 0.011153940004403033 -0.02480086252436814 -0.7154606516261155 -0.011473386722859412 0.9998525606572606 -0.012775693492961582 -0.5152701453557703 0.02465470658276298 0.013055518737169033 0.9996107736883497 28.422944118837975
0.9996084969161626 0.01172877364210356 -0.025402534555864217 -0.7371802514045 -0.012028311707978802 0.9998595423302398 -0.011671132276634667 -0.5394411253302941 0.025262078506434704 0.011972112596167208 0.9996091715813333 29.372059789594463
0.9996087770498953 0.011600634927810872 -0.025450306758154274 -0.7719322787044197 -0.011926041377389654 0.9998485880466429 -0.012671642284998058 -0.5684456455005569 0.02529945418141031 0.012970206259185733 0.9995957739845227 30.40386259143384
0.999584178256219 0.01267563575898584 -0.0258997845154089 -0.8071110079207874 -0.013029336616522332 0.999823522086813 -0.01353370123998485 -0.5976779360513984 0.025723665508096585 0.01386553064348214 0.9995729288515183 31.45571679491372
0.9995827434127812 0.012325625932856863 -0.026123131832558544 -0.8436006645746996 -0.012662186596836393 0.9998384432349389 -0.01275760401175387 -0.6226846382042547 0.025961666009037973 0.013083056787200509 0.9995773234338293 32.47177283913801
0.9995745630883038 0.011470454509602704 -0.02681644085574258 -0.8746875229547625 -0.011742514303177874 0.9998809506355318 -0.01000989080982739 -0.650979347917361 0.02669843037832113 0.010320524673103779 0.9995902563479727 33.50020364306295
0.999561191770813 0.012036666592640676 -0.027065523513306874 -0.9144157235093874 -0.012215864344543362 0.9999044816379316 -0.006465311956500805 -0.6719060493140945 0.026985117454394487 0.006793103688062694 0.9996127536092443 34.5493277079804
0.9995278547378433 0.012032573928793897 -0.028271624781972482 -0.9363952114788853 -0.012155794395085084 0.9999173342351937 -0.004190627471892083 -0.6918072008432622 0.02821886365162393 0.004532312945050471 0.9995914934980085 35.49066614415479
0.9995131039873517 0.011931605696215118 -0.02883039616584017 -0.9710181237365072 -0.012050894944725015 0.9999195145507732 -0.0039674111933495435 -0.7083604077572142 0.028780738152459524 0.004312911552068372 0.9995764442529363 36.51063561579927
0.9995048235768846 0.011413604184519064 -0.02932298221633752 -1.0099584748403894 -0.011581151196494995 0.9999175317344448 -0.005550375398079179 -0.7254888552943052 0.02925721421298399 0.005887220873622219 0.9995545788234281 37.47122143660972
0.9994838639780461 0.011955646163192966 -0.029817246223198614 -1.0538100647203077 -0.01214872441045533 0.9999063381683605 -0.006302649120741253 -0.7432090619645708 0.02973910124252449 0.006661637603540702 0.9995354963390375 38.51094124439996
0.9994685884042466 0.01154651181438199 -0.03048309134819905 -1.0983347737623586 -0.011706751405748743 0.9999185519940264 -0.005083438766577195 -0.7649223238241318 0.03042191257541677 0.005437595340762489 0.9995223558241025 39.55738887080312
0.9994452566751685 0.011675286415543915 -0.03119080948967389 -1.1421570405955348 -0.01177680399435859 0.9999259290442168 -0.003072997354130608 -0.7897196907581058 0.031152621032339563 0.003438620679146507 0.9995087243694477 40.66740576359055
0.9994275443066264 0.011859848438108654 -0.03168481775631667 -1.1795028964686765 -0.011888336185298089 0.9999290785588554 -0.0007108552484591832 -0.810266973389844 0.03167413998787073 0.0010871280807820895 0.9994976573302035 41.72390403484558
0.9993990243471754 0.01322903256788357 -0.03204033132212178 -1.2288076472479175 -0.013265828144616446 0.999911566848019 -0.0009361021192211967 -0.8312532224352429 0.03202511416921031 0.001360581073654873 0.9994861384139307 42.78745246373036
0.9993707745683099 0.014375617450939586 -0.03242524574525118 -1.271798647064616 -0.014531808285617377 0.9998838888487189 -0.004586433114406357 -0.8547533414860683 0.032355548004720014 0.005054744668834094 0.9994636401939028 43.83197236918598
0.9993393738736954 0.015481769417605049 -0.032880551112013164 -1.3144151991787065 -0.01577528968772377 0.9998378313210784 -0.008686270455807948 -0.8764275553313332 0.032740740080181276 0.009199232297488754 0.9994215417250816 44.87744291810303
0.999330136926643 0.01587881188432028 -0.03297181771328831 -1.3540508033506757 -0.016184745346041567 0.9998282187781613 -0.009032549638573558 -0.9037682042326722 0.032822727617608495 0.009560139540398135 0.9994154653014474 45.97350232154412
0.9993338995643817 0.01657981949175788 -0.032509487339328576 -1.39905036508642 -0.01679692906824348 0.9998383319067718 -0.006416636483445829 -0.9327777398632333 0.03239784491785873 0.006958421911972712 0.9994508292103087 47.11224415292504
0.9993327354686911 0.017447257137883452 -0.03208858113140336 -1.4406550609282727 -0.01759561194761949 0.9998357367757409 -0.00434671212534004 -0.9568117748937759 0.03200747195344954 0.004908429940048916 0.9994755770176044 48.122737369668286
0.9993612640215571 0.015905049557573138 -0.03200145890120507 -1.4817414079978841 -0.016013802146326826 0.9998668249294084 -0.0031449239104888115 -0.978630302388193 0.03194717693400563 0.0036553801656754726 0.9994828743314175 49.201764261979164
0.999368289027549 0.015937049556695188 -0.031765285101431964 -1.5173343624487061 -0.016074180200759767 0.9998625335140248 -0.004066301241927571 -1.0014342161403575 0.03169611359490789 0.004574333431664731 0.9994870843871045 50.221252685151285
0.9993945008082463 0.015441384848458682 -0.031180047918443764 -1.5608377786668084 -0.0156307712200522 0.999860780710786 -0.005839365332367895 -1.0250986113738587 0.03108553916696693 0.006323197797022301 0.9994967265700869 51.28532381467197
0.9994097278441911 0.015226701205361274 -0.03079518567570337 -1.6067956852518712 -0.01548431266836992 0.9998469423425536 -0.008144197286130613 -1.047119355103209 0.030666462978089663 0.008616232276924343 0.9994925355347902 52.34604838880055
0.999421959017985 0.014429170917219576 -0.03078224909413599 -1.6311441739973098 -0.014763700503589284 0.9998340981908411 -0.010668141466471888 -1.07399811266981 0.03062320982673237 0.011116434749955089 0.9994691810648081 53.36084556061278
0.9994524240892655 0.01271890877472714 -0.030546380172940625 -1.673098022944052 -0.013153116016714528 0.9998146941669517 -0.014056061571315476 -1.1045173988701242 0.030361941985658475 0.014450144892904635 0.9994345130079477 54.41090509807514
0.9994712736336404 0.011158081177782768 -0.030539653003555354 -1.7016245033323132 -0.01164607092535631 0.9998065873724655 -0.015847929789950956 -1.135919771529347 0.030356913761927746 0.016195217536534023 0.999407911073249 55.461404786148016
0.9994933051807675 0.009530806867837657 -0.030369336826347394 -1.7374023711994069 -0.009947229154672825 0.9998581656806412 -0.013590480267053368 -1.1686499241180903 0.030235501169462633 0.013885684793798349 0.9994463478480666 56.51364317917501
0.9995157863383966 0.008284144587783645 -0.029992762606742007 -1.7742823295999706 -0.008523915047889418 0.9999326592770348 -0.00787526402192739 -1.1963128709239463 0.02992550304659957 0.008127106472010679 0.9995190915674399 57.530390733490336
0.9995305554186323 0.007052290530616358 -0.02981499593813301 -1.808776628471522 -0.007108389861577486 0.9999731579365613 -0.0017760067450020298 -1.2215585630766372 0.02980167072657038 0.0019871096231087737 0.9995538563865634 58.57057274452114
0.9995520852380636 0.005285596396632484 -0.02945660141580049 -1.8509379314728407 -0.005317064766072608 0.9999853741853337 -0.000990069539354059 -1.2452315269988217 0.029450937481017677 0.0011462487301083114 0.9995655698328837 59.65735130736818
0.9995631445327224 0.0022553467678900034 -0.029469195829052063 -1.879513668870219 -0.0023711731082227206 0.9999895990489942 -0.003896066211441212 -1.2676431297241766 0.02946010234105238 0.0039642407582867415 0.9995580959430346 60.70886874676258
0.9995660712802131 0.0007136208795545725 -0.02944757868957729 -1.9229339471941098 -0.0009232154334754207 0.9999743360801719 -0.0071045657350752986 -1.2910023575558822 0.02944175298282969 0.00712866931908601 0.9995410773225065 61.793458354499364
0.9995636725305116 0.0027010625204132604 -0.029413752201577475 -1.9668680713460278 -0.0030324700721349454 0.9999323621620713 -0.0112283225035207 -1.3194400004261995 0.029381434317891524 0.011312619601236687 0.9995042550960855 62.89311792811836
0.9995568152491238 0.002983372495602085 -0.029618787577825614 -1.9916741037736623 -0.0034446824256104923 0.9998733735336037 -0.015536121186387902 -1.3485868476942253 0.029568687018779596 0.015631263131427625 0.9994405216724511 63.957628541546185
0.9995681358854908 0.005858817479226026 -0.028796110503831275 -2.0465818149322517 -0.006327308019280671 0.9998486680647494 -0.016205127039818436 -1.3811063887496988 0.028696809851146785 0.016380330487893925 0.9994539398478922 65.07050921397803
0.9995595503872995 0.009586380523073014 -0.02808569988455178 -2.086252469576241 -0.009942786747625425 0.9998714604358421 -0.01257790115990675 -1.4125952403231148 0.027961513214228795 0.012851611352822256 0.9995263827755654 66.14509680669931
0.9995504250891664 0.010964155482258939 -0.027905823740329225 -2.131947487892807 -0.011260478625928312 0.9998816390119803 -0.010483777364658583 -1.4445431828762227 0.02778757501439199 0.010793297053151634 0.9995555789517366 67.22586758515506
0.9995521501828085 0.010678928371452937 -0.027954598079035522 -2.157326067920144 -0.01095301937652447 0.9998932539212679 -0.009670166972554909 -1.4754402262843223 0.027848347014867807 0.009972023444466734 0.9995624184196612 68.2956191471788
0.999566220120073 0.009159842002220968 -0.02799051427471293 -2.190534946019606 -0.009410966779055065 0.9999165233180758 -0.008853253626569196 -1.506740365034226 0.027907083315030626 0.009112831063242155 0.9995689826174381 69.39808903702296
0.9995759064138394 0.008127409171078416 -0.027963414260708638 -2.2291682533331145 -0.008342969970580953 0.9999363104288175 -0.007600653792559796 -1.5326771679275528 0.027899859659505352 0.007830728329487818 0.9995800505836483 70.45659161752583
0.9995776364869247 0.006615079255011776 -0.02829822188163667 -2.2629231814103496 -0.006773930893429245 0.9999618137833032 -0.005521307404810048 -1.560034507444545 0.028260617393529325 0.005710665605450991 0.9995842764884202 71.5387724553521
0.9995729438847039 0.005518025702514239 -0.028696362940484353 -2.302500054880936 -0.005632318538672955 0.9999765194487494 -0.003903529050049081 -1.5867202805698188 0.02867414936043463 0.004063489081079278 0.9995805526394271 72.63466423950335
0.9995538395291682 0.004774501419864775 -0.029484335140686786 -2.336340762411693 -0.004926682133419398 0.9999749048451613 -0.005090921632476214 -1.6157325897340717 0.02945928861416811 0.005233910211637157 0.9995522780216365 73.70146212164772
0.9995337788526498 0.005184502122904864 -0.03008896592238561 -2.3733010344029806 -0.00545779280899879 0.999944534983488 -0.0090077441299797 -1.6385265056843499 0.030040596368829112 0.009167763871017875 0.9995066356335056 74.76319381183482
0.9995110625922251 0.005673376685172674 -0.03074814714333338 -2.4162831258075723 -0.006018468016803365 0.9999198109104671 -0.011142252532936358 -1.6669984098351636 0.030682467281668145 0.011321861409024327 0.9994650577462642 75.82611353381175
0.9994792660742646 0.007801514924845344 -0.0313102707194535 -2.455699592479231 -0.00809908154352486 0.9999231298034466 -0.009388256613052069 -1.69950745775863 0.031234621268703824 0.009636952265036917 0.9994656210121692 76.87476152773547
0.9994573920235436 0.009117373017514484 -0.03165114593114797 -2.4988464938970067 -0.00928069374268077 0.999944347898818 -0.005016954142062897 -1.729305768350793 0.031603643036046805 0.005307976494719863 0.9994863856663484 77.94188509116452
0.999419155167515 0.01068658975943408 -0.032359682995396634 -2.529371441608596 -0.01072421909750031 0.9999420043224274 -0.0009895031060643033 -1.7533925179668801 0.032347231859894715 0.0013359606886667874 0.9994757985064169 78.95472623000408
0.999387287625664 0.01167420257142328 -0.032996398690438876 -2.5695174719363076 -0.01169781312599078 0.9999314416847835 -0.0005225880416298736 -1.7718432741411092 0.03298803571427668 0.000908253551181602 0.9994553339570507 80.00543973586588
0.9993554761177948 0.01137540408376978 -0.03404750409802841 -2.599331834708444 -0.011462977506330942 0.9999314702937908 -0.00237799554011472 -1.7968165459230292 0.03401812017239683 0.0027667486388198185 0.999417386581755 81.01917944456505
0.9993309553898759 0.011261418617848394 -0.03479686839745884 -2.6386031046061036 -0.01137935820000175 0.9999301544485366 -0.003193185162744595 -1.8203545954470413 0.03475847819615407 0.0035870148091554097 0.9993893042844944 82.07733412501267
0.9993096076683602 0.010521052426265822 -0.035631663973918384 -2.676519283597301 -0.01064848202955348 0.999937562286113 -0.0033884155255997973 -1.8442018861138627 0.035593789516890656 0.0037654993230139535 0.9993592462986847 83.08791146925957
0.9992986310577825 0.009356168440493489 -0.036258903432856766 -2.7244906631681123 -0.009476544167304944 0.9999501367859667 -0.003149452710120087 -1.8661976214930482 0.036227628637342614 0.0034908528816437784 0.9993374669597218 84.1082829963019
0.9992855969027771 0.008174477084135016 -0.0368981537080078 -2.7640200287555876 -0.008241553849803204 0.9999646497384933 -0.001666152308357246 -1.8925499567853439 0.03688322942476135 0.001969060124730614 0.9993176422886895 85.11475714354772
0.9992643887021512 0.008325379528441944 -0.03743487047422289 -2.8049053585736186 -0.008287547924310336 0.9999649782761567 0.001165663145632432 -1.9188209763382686 0.03744326402861632 -0.0008545623875575057 0.9992983897225136 86.09186780338767
0.9992361801462496 0.007389273916470286 -0.038372580284854796 -2.8483136003665264 -0.007322640362292652 0.9999714279721708 0.0018767464995456497 -1.9372879568197856 0.03838535169637954 -0.0015943243981095805 0.9992617389377311 87.08165826779877
0.9991620832219975 0.006329170766131537 -0.04043603651311375 -2.8980679864593917 -0.006252720192318775 0.9999784176794898 0.0020168454134090034 -1.9558427890882752 0.04044792876864352 -0.0017623202427955015 0.9991800935195256 88.07848210757665
0.9990327034908574 0.005633507697403664 -0.043611018639452416 -2.9440506911142132 -0.005587045390589826 0.9999836876140396 0.0011871940160955762 -1.9785220458937847 0.04361699530631183 -0.0009423889067995649 0.9990478815470242 89.0134040029897
0.9988764991801333 0.005471975223269861 -0.04707225162232807 -2.993451750360782 -0.0054597099998248775 0.9999850199599446 0.00038913034891242446 -2.001366880160262 0.04707367578974073 -0.00013169231774960363 0.9988914113680101 89.93248342121754
0.9987253088889827 0.005326345878323218 -0.05019349982008814 -3.042943505562755 -0.0052998701962033825 0.9999857374218296 0.0006605519089674746 -2.0214451474656405 0.05019630225931065 -0.0003936908755810414 0.9987392934329687 90.79616187331052
0.9985409889611414 0.006482176569703996 -0.053608532449818516 -3.088401698793412 -0.006393263002511621 0.9999778885886063 0.001829896733439413 -2.0410906645622 0.05361920880323336 -0.001484493446774914 0.9985603520701797 91.65299113079706
0.9983942758796416 0.0073647377774908925 -0.056166097676740544 -3.154822723146487 -0.007213430915926071 0.9999697888207636 0.002896180274089133 -2.0602599823369014 0.0561857304409712 -0.0024863795421577323 0.9984172382383961 92.51020723591981
0.9982113394856486 0.008339398916944076 -0.059199460706745526 -3.2082392899001895 -0.008081757151647353 0.9999568067219444 0.004590195180496506 -2.0815922233565396 0.05923518315669485 -0.0041035492146835 0.9982356204625413 93.33005197162558
0.9980118104678706 0.009842420030662987 -0.06225393910895515 -3.2573923732651786 -0.009529209294181603 0.9999404116893996 0.005326090560908736 -2.0958846467582037 0.06230265112231682 -0.004722270468251847 0.998046131110559 94.1081562390888
0.9978280391418421 0.011987413146145761 -0.06477272750477649 -3.3022593877031206 -0.011621184611146057 0.9999143027143355 0.006027876536508002 -2.113087332795818 0.06483943530428089 -0.0052620484005124 0.9978818359285092 94.73066897236653
0.9976248231515608 0.01398180421406028 -0.06744791607407104 -3.3599196142584873 -0.013686756191886456 0.999894644143418 0.0048345959761495645 -2.1303466046624036 0.06750840641549058 -0.0038999697727588115 0.9977110830791709 95.45719759028653
0.9974321468635043 0.015022427993505418 -0.07002456040875087 -3.4070338905475617 -0.014975174041835862 0.999887146001311 0.0011997598805738806 -2.1444250187519796 0.0700346811635173 -0.0001480490940774016 0.9975445461310437 96.00420509219911
0.997213177183194 0.017381682309615794 -0.07255174961560687 -3.4584035379547124 -0.017616298236225594 0.9998414532066767 -0.0025950888259466754 -2.155829262150601 0.07249513975881712 0.0038659500319833742 0.9973612731311055 96.59509571353937
0.9970368906801342 0.019128903257673836 -0.07450854771801117 -3.5119857073213385 -0.019569286596236787 0.9997950590328689 -0.005184877585623771 -2.1707932995163675 0.07439409684244369 0.006627593350690559 0.997206895965614 97.16157959290133
0.9969131402499681 0.02115216630720916 -0.07560936884710717 -3.5498204128122515 -0.021679675036976837 0.9997459739854149 -0.006162725877947205 -2.1840046448671426 0.07545980709779725 0.007782888953840254 0.9971184704699313 97.67605053541237
0.9969369951811408 0.02345653849844361 -0.07460843411349438 -3.597319701162736 -0.023961736084581436 0.9996955646621304 -0.005883298282309757 -2.1983498681134916 0.07444771885698996 0.007653025319231664 0.9971955517151355 98.18921345309133
0.9970518841765565 0.02730133991410814 -0.07170897502315499 -3.634276874454433 -0.027683716483887764 0.9996072948947524 -0.004343712103341963 -2.2121832951754734 0.07156222538194862 0.006316077270848841 0.997416139365256 98.64116387883364
0.9973857915288522 0.0299184260056284 -0.06577591232137675 -3.6720484526670276 -0.030174517449553222 0.9995404294505598 -0.002903169040672615 -2.2241708969528844 0.06565882540108575 0.004880335965675015 0.9978301964602052 99.06272789168561
0.9978138295210544 0.030874566818736834 -0.058432206361579295 -3.6951065045438782 -0.0309883459828675 0.9995192028950408 -0.0010418528254501178 -2.235180413961397 0.058371945571249285 0.002850292584834673 0.9982908352791824 99.5036783152625
0.998348918673444 0.030823564707075805 -0.04847003654127341 -3.7148608769215765 -0.030790418337159876 0.9995248389765006 0.0014305270443917813 -2.2450253612716655 0.0484910994120191 6.424757402161184e-05 0.9988236126314108 99.90517148141714
0.9988865494113465 0.03037938930213304 -0.03609368519175819 -3.7329336845310017 -0.030298125555286978 0.999536994602182 0.002796427984977675 -2.2576592754242006 0.03616192739509795 -0.0016997432948987483 0.99934449809853 100.29752331789783
0.9993038266845683 0.029554765890401714 -0.022767911338998168 -3.7357305746976905 -0.029501903794382143 0.9995612000216241 0.0026542576814387133 -2.265383886330913 0.02283636674438234 -0.001980713128146441 0.999737254046992 100.64907773054642
0.999537524096726 0.029373322803293724 -0.007870567328903488 -3.732646377268692 -0.029360479688301785 0.999567369517804 0.0017424200791344958 -2.2745249907553515 0.007918342949007862 -0.0015105306196388046 0.999967508543247 100.98857843962215
0.999554954872188 0.028047098184831826 0.010161322446753383 -3.720507104825352 -0.02803590715640912 0.9996061449386946 -0.0012421395736005717 -2.2858470226949232 -0.010192158769058535 0.0009567048727317944 0.9999476009348752 101.31856694640315
0.9991361459302164 0.027327654924939736 0.0313075258047516 -3.6995048734346154 -0.02715692152994549 0.9996139724742713 -0.005865803203713461 -2.2962904063573095 -0.03145573888383752 0.005010519984167029 0.9994925868563308 101.64288500207475
0.998136750938944 0.025243964207988103 0.05554969573375302 -3.6658486300009145 -0.024676091069653967 0.9996362356188965 -0.01088517189601625 -2.304207486982766 -0.0558042736228051 0.009494140758883933 0.9983965867012374 101.97028052284705
0.9962629059572302 0.02296539838624872 0.083263513561548 -3.62784583412896 -0.021899086528698285 0.9996663508212994 -0.013697337144025323 -2.314779799249193 -0.08355029756297609 0.011822754018814819 0.9964334249033142 102.29259358763296
0.9933694316321396 0.02039527702625986 0.11314241014694705 -3.575536701995365 -0.01881357406765994 0.9997100317940415 -0.015030028647977433 -2.324932353601623 -0.11341614404324736 0.012801757901962994 0.9934650941351593 102.58764814072097
0.9891751593814997 0.01807589183710307 0.14562199764072767 -3.514211433901233 -0.015752826679401758 0.9997298508841781 -0.017090163916986336 -2.3349273586059587 -0.14589157794126292 0.014611207526898293 0.9891926809779854 102.8848117837239
0.9833414862161367 0.015551289082430893 0.18110129456774138 -3.436469852398557 -0.01236527409525505 0.999748518765713 -0.018708266149318892 -2.3476861284608344 -0.18134668864577194 0.01615724709346266 0.9832864902374964 103.17978855952505
0.9754814646879163 0.012063746807762963 0.2197507180040001 -3.3457746507862094 -0.00805306608101184 0.9997844245109092 -0.019137727976087256 -2.3626513684319064 -0.219934217840268 0.016898831863476522 0.9753683249442947 103.47951936405849
0.9658186393879078 0.010072671269977232 0.2590229663647136 -3.236357379628185 -0.004995801089627234 0.9997824483195266 -0.020250876615292995 -2.3731809708931846 -0.2591705959061748 0.018264646881391382 0.9656588449819823 103.76199719123346
0.9540136757438261 0.01101811849601967 0.29956052403238903 -3.117993376282785 -0.004776344427759276 0.9997561317085352 -0.02156069676738582 -2.3856339403481686 -0.29972502903104303 0.01913839533491304 0.9538336483875711 104.02911683483535
0.9389482102536036 0.013197178934642664 0.34380531253853486 -2.9948618333719046 -0.005928590540915039 0.999736320887066 -0.022184240203194275 -2.398432053407892 -0.34400742764619374 0.01879157171079303 0.9387788698926316 104.30264168731055
0.9216405127697587 0.013279098403791203 0.3878175225116535 -2.8587886641095186 -0.005520733418998556 0.9997618631799549 -0.021112518406455092 -2.408250590105096 -0.38800552408955635 0.017317115132982945 0.9214943465911549 104.55105768774416
0.9016169805789022 0.012615560214161789 0.4323513247027984 -2.7037215192106503 -0.004387518606448817 0.9997898889043124 -0.020023179697097198 -2.4189404900691813 -0.4325130865213912 0.016156289338429247 0.9014828918523925 104.81292259304212
0.8786132067962196 0.01165603720254237 0.4773918407765206 -2.544787089243845 -0.0019352535714682387 0.9997807629668048 -0.020848999859205516 -2.4280821889382658 -0.47753019552367215 0.017394332359937942 0.8784431396310609 105.05264059353283
0.8536115699260468 0.012096479228161705 0.5207695871291549 -2.3633266571269194 -0.0001453512274155655 0.9997358293880777 -0.022983696629443093 -2.442566010741645 -0.5209100369175172 0.019543454863873003 0.853387829073379 105.2930969343712
0.8256017581009422 0.014011462304711602 0.5640792638847089 -2.1735372805098625 0.0008887983307480815 0.9996581083614451 -0.026131904345948576 -2.460547075938577 -0.5642525560935985 0.022075898878691148 0.8253070383987636 105.53796703578665
0.7950783936119 0.018979980985181433 0.6062096240850362 -1.9697471790702077 -0.00034529039223830417 0.9995242279538499 -0.03084150625061493 -2.4717326720995496 -0.6065065776939806 0.024312096887431345 0.7947066711428006 105.76408657731984
0.7617308464640468 0.02516842186171717 0.647404562917312 -1.7741482924555199 -0.0034392406281465197 0.9993881867929411 -0.034805512819389185 -2.4815424429721142 -0.6478844720851609 0.02428585266589591 0.7613513697309691 105.9567383740439
0.7253673787580642 0.029816717425865107 0.6877158782488589 -1.5629276958894005 -0.005208082715301323 0.999270567768955 -0.037831313288628994 -2.4905719334632788 -0.6883422416996394 0.023859919376601802 0.7249935603433022 106.14101495929359
0.6871445393074855 0.030706107881539185 0.7258715568464361 -1.349805314352881 -0.002920994940543542 0.9992151411312675 -0.039504044382567 -2.499509082539418 -0.726514865566053 0.025024721233008577 0.6866949202074748 106.29818739940058
0.646369154929976 0.028284805450906128 0.7625004166134673 -1.1218676914913197 0.0017974234853918804 0.9992534816570546 -0.03859078471694899 -2.507840929882829 -0.7630227289038789 0.026314429062021107 0.6458357887259095 106.4523788985164
0.602478665113683 0.026155391612027228 0.7977063078429644 -0.812223007675154 0.003319497080901907 0.9993721391388698 -0.03527475658499651 -2.5263599445364346 -0.7981280843460928 0.02390027201984057 0.6020135695940861 106.64433234559657
0.556337730322842 0.024816377991423035 0.830585623041125 -0.49640406674262855 0.00439784358442358 0.9994520122298088 -0.03280753300073313 -2.538390713253666 -0.8309446364175145 0.02190485410072549 0.5559237255017909 106.81751661315214
0.5085378037185446 0.022457189463741437 0.86074675534126 -0.1229297724676508 0.005528090204488889 0.9995540628392803 -0.029344772621034895 -2.5618531038558 -0.8610219174956059 0.019681211926068785 0.508186882445141 106.99332510151018
0.458451162169944 0.018803997329206047 0.8885206478126826 0.2810892448841393 0.007766787838304281 0.999653180912818 -0.02516336419401736 -2.584638247753332 -0.8886856637257644 0.018437124920366612 0.4581461158985949 107.15157459451088
0.4071569596719617 0.018380348828663077 0.9131732436770251 0.6904409209754032 0.00517030685915284 0.9997350923482604 -0.022427952523545423 -2.61534102717614 -0.9133435706883072 0.013853082846532035 0.4069540686342633 107.29436128219663
0.35647129271892264 0.023071996451684455 0.9340213597381122 1.118424581881786 0.0016814933626316444 0.999677588806602 -0.025335568236988574 -2.6385181465106196 -0.9343047629373252 0.010601953478163612 0.35631756697512895 107.41876730860605
0.30590323650646944 0.02858030106516687 0.951633530454812 1.5802828792864407 0.0014046984721520859 0.9995346809243236 -0.030470452108787273 -2.648148100778062 -0.9520615719148995 0.010657768084171968 0.3057207471899721 107.53519265471792
0.25899301362921134 0.03113327958395725 0.9653773033346105 2.022486983904921 0.0033024952363698012 0.9994459927096873 -0.033117988794043686 -2.66049141748388 -0.9658735488750443 0.011765481668669893 0.2587467121040023 107.6250771124922
0.21778618520607437 0.030551601292507943 0.9755182095644587 2.453900720551416 0.010934906250553066 0.9993708268118854 -0.03373986281271945 -2.678874155904049 -0.9759352464988017 0.018015276178653193 0.21731508108166325 107.68991757546134
0.18291025795883298 0.030412203504687384 0.9826591145516438 2.9034423509705665 0.018729886155911757 0.9992322263984209 -0.0344114674409919 -2.694174500821538 -0.9829511833748508 0.02469930373199515 0.1822002071819211 107.73597294093693
0.15271979790872028 0.03183007190103358 0.9877568070377913 3.3283552886217214 0.023230915852634468 0.9990893909901639 -0.03578705575417304 -2.7057386598058546 -0.987996451347558 0.02841188718968725 0.15184128816284817 107.77694385113269
0.12469517991894562 0.03045451009834835 0.9917276011686118 3.8425870943379032 0.021672748204090025 0.9992067435935069 -0.03340921343795476 -2.7208651035832636 -0.9919583681235135 0.025659430467769768 0.12393623173957581 107.8325173684804
0.0993279347668987 0.02699399466444239 0.9946885369938656 4.323980689421297 0.015766923903320705 0.9994637694118584 -0.028698044248122986 -2.738029831749233 -0.9949298294279701 0.018533695937302808 0.09884905983029899 107.87762503012387
0.07551961492039602 0.022996588303140657 0.9968791023432525 4.802515725544107 0.011117148413115573 0.9996524732172938 -0.023902757198897458 -2.7560595429799286 -0.9970823420226818 0.012887579949879817 0.0752377133464303 107.90908806485034
0.052763404459190616 0.020487187491668127 0.9983968641269638 5.326786820213731 0.01525985305323699 0.9996562491432995 -0.02131948483298244 -2.7781202558536284 -0.998490440632593 0.016360278036494307 0.052432635523108465 107.92600558993749
0.03267753449077899 0.021190265053167703 0.9992412878812497 5.860461042447377 0.02377989689194558 0.9994757167612961 -0.02197289485486055 -2.793564523220538 -0.9991830138885532 0.024479874825472987 0.03215649988908606 107.92694379467807
0.015473603961239236 0.023646972341172315 0.9996006143853376 6.406802398714396 0.02905381410442849 0.9992875366435104 -0.024089312877933023 -2.8108490799774195 -0.9994580748918066 0.029414958916195617 0.014775544846891106 107.9180905642653
0.0013865944308271152 0.02900979598332227 0.9995781655743028 6.962191572212496 0.029516121909665183 0.9991424261028042 -0.029038094097530293 -2.8264851039547634 -0.9995633426168139 0.029543935052888045 0.000529148648819044 107.90903248148449
-0.009700993861493932 0.033670483828540085 0.9993859060627427 7.529929233641029 0.026755062095319745 0.9990838637170192 -0.0334005974879065 -2.84240822926095 -0.9995949466510797 0.026414612982695648 -0.010592962314648445 107.906885319655
-0.016055394804051756 0.033462579512072196 0.9993110026763852 8.096124145336148 0.028886063325975035 0.9990381866167184 -0.0329893471761369 -2.8601154575654513 -0.9994537606328838 0.028336503912412856 -0.0170065547012915 107.89632450939351
-0.018484064085150263 0.030183336322302964 0.999373456513304 8.70394986603654 0.034947512002423756 0.9989529466090904 -0.029524258938325467 -2.8868561254589458 -0.9992181997840796 0.03437988757211981 -0.019519542791568974 107.87284299283792
-0.01818516150019678 0.028506984828692152 0.9994281623594496 9.3449510324904 0.03665183895179718 0.9989406121272818 -0.027826177319643 -2.9092350791505206 -0.9991626206992852 0.036124856522198316 -0.019210729777582577 107.86442160667957
-0.01622327929228451 0.028083351169910387 0.999473926921593 10.021779940690475 0.035377230156048815 0.9989957153576768 -0.027495677541943632 -2.9361198258394277 -0.999242341374449 0.034912549091581556 -0.017200497679934184 107.8568924484564
-0.01464879175034596 0.02833136716317211 0.9994912438510497 10.677888015073826 0.03188310640253447 0.9991034346015603 -0.02785308768326418 -2.9631628289566425 -0.9993842506395526 0.03145887159502827 -0.015538950144326312 107.85243789138553
-0.013502639005681778 0.029598557050935524 0.9994706619808221 11.398093704011757 0.0308671151140915 0.9990977443848561 -0.029170505131508283 -2.9860037047229846 -0.9994322888242185 0.030456897176115123 -0.014404078241521838 107.84890526960308
-0.012452287310550179 0.030407349488023816 0.9994600210302794 12.111738101063484 0.030503705751398272 0.999083866412025 -0.03001585931857354 -3.0148068585856027 -0.9994570848596593 0.030113468287686084 -0.01336841619336043 107.8412750487117
-0.011724897384411284 0.029962247617661635 0.9994822612227898 12.871796517148473 0.029919933313197 0.9991139198416137 -0.029600215696180758 -3.043097133276481 -0.999483528814687 0.029557383111915077 -0.012610976636113738 107.83665520967013
-0.011191036510457273 0.02863267245622463 0.9995273536876489 13.631014918182336 0.028831786607868202 0.999183585359636 -0.0283000146442091 -3.0711817790511704 -0.9995216299724687 0.028501452873119726 -0.012007431086680058 107.8396817986014
