1.0 0.0 0.0 0.0 0.0 1.0 0.0 0.0 0.0 0.0 1.0 0.0
0.9999803852557283 0.0018042558092448366 -0.005997813333220107 -0.05200744584244635 -0.0018090153347938827 0.9999980530899371 -0.0007882130765028872 0.020657995930948084 0.005996379517994772 0.0007990477521999735 0.9999817023102803 0.04466239304297767
0.9998906054360075 0.0023297893480312866 -0.01460647946660122 0.013676438829460402 -0.002351737309808418 0.9999961311218706 -0.0014856220638367675 -0.005693335497154675 0.014602961769452735 0.0015198101475853796 0.9998922160336461 -0.0042325742274884545
0.999751762991723 0.002563712728789482 -0.022132324143340442 0.006441639948810967 -0.0026123023073677323 0.9999942404542527 -0.0021667798636473253 -0.006300238370895401 0.022126641670090125 0.0022240583101234236 0.9997527020683851 0.07926761956973435
0.9995002959217838 0.0029840111313221363 -0.031468303574145526 -0.004018470781513219 -0.0031027747559761593 0.9999882451030908 -0.0037259152506155736 -0.004427457531689932 0.031456815494898906 0.0038216924535129917 0.9994978056132545 0.18358542292922947
0.999076073518817 0.0030641702222521435 -0.04286735568089373 -0.01988609251049429 -0.0032892815942950535 0.9999811646140582 -0.005181799272997939 -0.006377036526483548 0.04285067034267517 0.0053180144754666914 0.999067334454101 0.2877251765960215
0.9984039808554976 0.00312869633833059 -0.056388848818872454 -0.03855283859749731 -0.003482153824134708 0.999974896053976 -0.006171050687316656 -0.0056979071134974826 0.05636812589256629 0.0063575562178311805 0.9983898115777712 0.40525883358417053
0.9973445839114503 0.0029655264397308906 -0.07276665854243608 -0.06074306012502948 -0.003426892950738334 0.9999748065198633 -0.006216327715528823 -0.006121812168396612 0.07274639061287104 0.006449184328109154 0.9973296198721373 0.5399149605839065
0.995805677688017 0.0014864823400217437 -0.0914813787312055 -0.09271086796040404 -0.00207326949117163 0.999977881974268 -0.006319581938283037 -0.006085169733898858 0.09146996139676913 0.006482741126290598 0.995786734310898 0.711674013570894
0.9937647937898152 0.0003405594580447968 -0.11149627188001326 -0.1266430923599827 -0.0010547171729218244 0.9999793058330301 -0.006346296351201724 -0.009349709374708626 0.11149180326630048 0.0064243229174496316 0.993744587849152 0.8704062864077641
0.9910319037992735 9.333499606677494e-05 -0.13362543523059572 -0.18125495534175495 -0.001037280657925495 0.9999750000682498 -0.006994518378083578 -0.011408000774011197 0.13362144177048949 0.00707039794376273 0.9910072248839019 1.0724627150888049
0.9874785738901566 0.0036979593713055213 -0.15770983230081428 -0.2533077623619204 -0.0050943820578989805 0.9999513123207368 -0.008451050791796883 -0.018012206284255945 0.1576709021326096 0.009148665723784387 0.987449334667943 1.290561892583494
0.9831415977166303 0.008035428312832677 -0.1826691838571047 -0.3390912882180665 -0.00999497422554071 0.999901935446644 -0.009809178369637595 -0.02786319428092359 0.18257244953558074 0.011469585079065241 0.9831255002738418 1.5061989571586973
0.9777574877885297 0.010685630459681855 -0.20946625593432056 -0.42136725671551384 -0.013145734412649906 0.999859962963799 -0.010355874119722662 -0.037981446777128856 0.20932626385672493 0.012879121232079028 0.9777610359878706 1.7164377558170867
0.9709904155818627 0.011454879781424933 -0.2388438790870609 -0.5011274867866824 -0.014362727679834316 0.9998423701128222 -0.010437767039469978 -0.043410105105826595 0.23868666678672348 0.013565421348724366 0.9710018817911091 1.916161333516409
0.9629583207867197 0.013358724058325114 -0.269319172951267 -0.5932400528613343 -0.01660854060098008 0.999814122261538 -0.009791695741641765 -0.04825614664253933 0.2691383079509985 0.013901993307609339 0.9630011971827181 2.1160951960108596
0.9535368290594318 0.014839086288851888 -0.3009108126096435 -0.721091699588448 -0.018312045379915716 0.9997942583603644 -0.008724101309229501 -0.05192807986090261 0.3007194450335526 0.013829044354611053 0.9536123808502855 2.3720834336884673
0.942360402270062 0.01740611455759593 -0.33414652386253385 -0.8420678303546784 -0.02113269090015845 0.9997483957167752 -0.007520281713710183 -0.05765951540744797 0.33393155228089094 0.014148230905065482 0.9424911383952271 2.5876459548997497
0.9298577096130578 0.019849285046209055 -0.36738351317977314 -0.9649239905482382 -0.02407508017626944 0.9996861830538519 -0.006922855316099722 -0.05986546076608404 0.3671308082790987 0.015282057923453666 0.9300437776352034 2.7946207746318827
0.9159341020367613 0.022155323405436158 -0.4007166859152637 -1.0631454812261276 -0.026916431940116003 0.9996181122238056 -0.006255829739477944 -0.058905217840011 0.40042505718014776 0.01651579119863066 0.9161806602539471 2.9471216890220533
0.8998921084005754 0.022958610558017834 -0.4355078592168137 -1.2037880665754273 -0.028137818984530317 0.9995892171682035 -0.005446105383928831 -0.0598201953548215 0.4352039250525671 0.017155148565498483 0.9001684533999927 3.1511855637624233
0.8815129162425789 0.01838304836296142 -0.4718019097358432 -1.3747105215357236 -0.02406593857787702 0.9996922886091864 -0.006013210098927545 -0.062263247169071306 0.4715461897819443 0.016655078150912855 0.8816840699898788 3.394304622945609
0.8602743878715999 0.013582483739198622 -0.5096503641788339 -1.493753844314221 -0.019573779663553392 0.9997879630387276 -0.006395006845581828 -0.06470346040512957 0.5094554393878097 0.015477244533403869 0.8603578384485301 3.552227305779803
0.8350967268195325 0.015289256686848352 -0.5498906213832586 -1.6522752803872565 -0.02029717992407547 0.9997894111673528 -0.0030261865058653172 -0.07096022596257959 0.5497285524169472 0.013688387326571261 0.8352311935685625 3.7329352628654697
0.805851792757581 0.02104758157619543 -0.591743092413579 -1.8637241064449177 -0.0253624508284776 0.999677802926326 0.001018049295162647 -0.07868781129927173 0.5915738619964249 0.014187658234808298 0.8061259679209242 3.9324827254532275
0.7734172230601264 0.024291973045078026 -0.6334316846507911 -2.1394075963104373 -0.02882219086172992 0.9995796165117926 0.0031419051653896655 -0.08288025268368099 0.6332417235052442 0.015826885344738317 0.77379223911357 4.1612136472302375
0.7371648118292539 0.023502728334554968 -0.6753041255327649 -2.3251024035542143 -0.028210089477538572 0.9995940338269791 0.003994795261102581 -0.08406269530298785 0.6751238634890708 0.016105567308883195 0.7375285619209939 4.314292598705043
0.6973496302173082 0.019382581883659378 -0.7164689865969818 -2.564391013100125 -0.022110747618523864 0.9997402598367524 0.005525187896650248 -0.08741774384493996 0.7163899832322705 0.011988677202535256 0.6975970638867399 4.495665311183568
0.6543875537352452 0.015735899661678335 -0.7559955760308644 -2.7785090384611286 -0.016757928183513984 0.9998396911771955 0.006305853604958852 -0.08775853214577799 0.7559736115496342 0.008542447455417948 0.6545463507132814 4.64111178834034
0.6083316917213686 0.015031677958623141 -0.7935405481165818 -3.0795340015908987 -0.01443772916226963 0.9998647829915889 0.007871957178528486 -0.08087686601194549 0.793551576662824 0.00666816248541383 0.6084664582251135 4.826628378409284
0.5602944736219998 0.015588346442894332 -0.8281467902997763 -3.37751585623147 -0.012238336223505415 0.9998695499538066 0.010540692655299565 -0.07693813240162128 0.8282030704815855 0.004229247019193182 0.5604121586069705 4.971386900272775
0.5254672243078679 0.0038455254074103787 -0.8508051528478923 -3.7198542853777665 0.01669194735239471 0.9997507253417053 0.014827881585702855 -0.07677241667877138 0.8506500896795164 -0.02199316059768815 0.5252720493374405 5.046423255036073
0.49476583406326513 -0.0020426458840202685 -0.8690239335262715 -3.7228453680661966 0.04541614979548066 0.9986914804217044 0.02350957827906125 -0.0767683573311768 0.867838776951938 -0.051099457246602316 0.4942111923941693 5.047532298902328
0.441645030993088 6.155652689754463e-05 -0.897189869988459 -4.059834631706885 0.04702486043978307 0.9986238773391387 0.02321667738425029 -0.0739075187122894 0.8959566558152983 -0.05244375862711813 0.44103437857079497 5.156464674500134
0.3872793768475679 0.002137501869334389 -0.9219599315340758 -4.406114149278637 0.04800611828573016 0.9985940276821375 0.02248066913380695 -0.07454121228640509 0.9207117338644574 -0.052966017061185616 0.38663225959686587 5.255594646735889
0.33556690231867625 0.004561922595853009 -0.9420053306274212 -4.761694779161557 0.05143185837166289 0.9984080044025095 0.023156439480981707 -0.07996254870534446 0.9406113001727571 -0.0562196194155439 0.334798053130669 5.311706049969025
0.27898926178459177 0.009201957767985346 -0.9602501318834195 -5.090905883789154 0.05321434208459702 0.9982694419494688 0.025027086654273296 -0.08111358769927672 0.9588186614816125 -0.058081367435118374 0.27801677854308515 5.385686608680966
0.2286967120781375 0.009751100637745744 -0.9734488840822623 -5.498175566940586 0.05575625125320882 0.9981772030838562 0.023097871977308143 -0.08406226066570176 0.9718997141325012 -0.05955826794025846 0.2277361595994758 5.442935672769979
0.18165913351107876 0.011062290641009852 -0.9832993363863202 -5.9321319073502865 0.05366185934236654 0.9983352574194642 0.021145180186819837 -0.0846105763703978 0.9818963102405076 -0.056606885791278365 0.18076309473199748 5.472947675393964
0.1396521245268371 0.011472084475268 -0.9901341703996146 -6.294924275887552 0.051266955418938456 0.998508016916084 0.018799985010171102 -0.0796330164364579 0.988872581982741 -0.05338662222038771 0.13885562707605434 5.488898682516484
0.10190394236738853 0.01009320654874097 -0.9947430390364882 -6.622763953039058 0.04951239523023149 0.9986577630268297 0.015205099960685814 -0.07732391976900838 0.9935613263651865 -0.05080157013138028 0.1012674242964497 5.5020997601304185
0.06770343806267273 0.007428517706543869 -0.9976778345734545 -7.0933592064456095 0.05007614983425348 0.9986866366847215 0.010834247788258132 -0.07779288820400378 0.9964480035065906 -0.050693380554501836 0.06724252728508383 5.506909126918372
0.03623190061386372 0.004683718733368083 -0.9993324332556878 -7.4772517742648805 0.050154599381797386 0.9987203190971284 0.006499260218064131 -0.07911337776015034 0.998084047332066 -0.050356598389460314 0.035950625305884484 5.501608265763878
0.009786317562251798 0.0029562563548105017 -0.9999477429030657 -7.9275205800376085 0.049479525788654326 0.9987692243068156 0.0034370198272217676 -0.0843485549973611 0.998727192238351 -0.04951057589977584 0.00962799863792485 5.486438915792853
-0.011019015465747134 0.0005521720658881908 -0.9999391363498957 -8.480522956216587 0.04822415172469245 0.9988365385709943 2.014818760259123e-05 -0.08516463881193055 0.9987757568586649 -0.04822099461360448 -0.011032823295750461 5.460372621366073
-0.027619649276478822 -0.00026389266171958044 -0.9996184698846393 -8.94451229246059 0.04857453212588642 0.9988182698664473 -0.0016058050158682708 -0.08539176051240008 0.9984376143768801 -0.048600351250385504 -0.027574191842075962 5.439437100933616
-0.04066224614456738 5.755839621571576e-05 -0.9991729472045917 -9.489162217776164 0.04922924959157259 0.9987856098713896 -0.0019458927225531704 -0.0880221731789948 0.9979594494382671 -0.049267658771937374 -0.04061569987089547 5.40611483977873
-0.04991725716576405 0.0013416990889800757 -0.9987524554566071 -10.067376015492426 0.04753859988382295 0.9988688663421263 -0.001034105159969057 -0.09779128796222557 0.9976213454804046 -0.04753091305614393 -0.04992457657223041 5.353953973866551
-0.056694151230232394 0.002890552510805142 -0.9983874087359406 -10.62623198066263 0.04575374520766671 0.9989527057604063 0.00029402965130535265 -0.10914171906083091 0.9973426532620348 -0.0456632933563295 -0.05676702937531885 5.313165009513632
-0.06128534816787917 0.0038278527209753095 -0.9981129463359789 -11.190245383362985 0.0459929094762759 0.9989412586389332 0.001007008824159484 -0.11332585050646429 0.9970600575581436 -0.04584440350153292 -0.06139651691863055 5.27486514400977
-0.06256613438704928 0.004330608580506606 -0.9980314246842052 -11.80936293997937 0.048250468757273186 0.9988344097079148 0.001309292994550797 -0.11316509518957103 0.9968737989798733 -0.048073566674052964 -0.06270216180220792 5.230730276054785
-0.061845745872655684 0.006490911093386219 -0.9980646130339623 -12.438408904961715 0.050529589059643616 0.9987168987132503 0.003364053217728232 -0.11639375199245415 0.996805830815068 -0.05022374237117259 -0.06209437458671773 5.1951383757472085
-0.060190676053700605 0.00901039787674276 -0.9981462293904143 -13.064321240317291 0.04969170567682671 0.9987464656290401 0.00601928404621407 -0.12372053164350033 0.9969492549288181 -0.049237283877201866 -0.06056296701177797 5.153567459970183
-0.05840959013652017 0.009166318125323869 -0.998250619029164 -13.718232162089144 0.04741870822804053 0.9988546143569697 0.00639730316416056 -0.1316040704769575 0.997165876817928 -0.04696209098640702 -0.058777343595272424 5.109577169915089
-0.05695751447455472 0.006668577893604277 -0.9983543316947936 -14.360703924066165 0.04565908050103836 0.9989487988483234 0.00406763411484963 -0.1329320234426683 0.9973319858064715 -0.045352258470439125 -0.05720212180461374 5.070581940052305
-0.05548363785038024 0.006570268975218786 -0.9984379787931152 -15.073800886495903 0.04545565946950307 0.9989581568507002 0.004047701032092964 -0.13502129239991148 0.9974243575094203 -0.04516007558724745 -0.05572448851154796 5.023304448108287
-0.05392802556809648 0.009172467366079818 -0.9985026959907245 -15.777117408783843 0.04594247574621704 0.9989216514390348 0.006695013713266411 -0.13350378296939813 0.9974873718401824 -0.04551263702237833 -0.05429127821882829 4.985238408369459
-0.05180179134218069 0.012915121109283261 -0.998573870107001 -16.484702147247884 0.044869770064997476 0.9989366896295955 0.010592159656111034 -0.13784267296467922 0.997648875180068 -0.04425708710024677 -0.05232620847477594 4.939232033743556
-0.05001714542477659 0.015260535475812988 -0.9986317645761866 -17.215578305491064 0.044271856763074095 0.9989343113127551 0.013047773023103582 -0.14559332705492806 0.997766650005053 -0.043558670079606704 -0.050639454959441915 4.900789275852544
-0.04799588481378452 0.014648365508346424 -0.9987401165612984 -18.00648085678939 0.042715420023364314 0.9990078300235586 0.01259954141423422 -0.14455376180997417 0.997933759291251 -0.04205687743467547 -0.048573975823224126 4.850688323101973
-0.04617310385867688 0.011704788823242825 -0.9988648769471569 -18.783735419938324 0.04058027293916884 0.9991279060968381 0.009832024548960108 -0.14396413103883715 0.9981088547489384 -0.040080234245224576 -0.04660782010145402 4.798637706433429
-0.04462732674983916 0.011154088192556791 -0.9989414337306043 -19.545402694963713 0.0396872303643517 0.9991680897939901 0.009383607165515126 -0.1430923714020923 0.9982150697385653 -0.039226453497894505 -0.04503287568885117 4.759412549244699
-0.042976506404287344 0.01341913087851782 -0.998985959272575 -20.33214419733042 0.042471441624308506 0.9990304240831661 0.011592601199179344 -0.14393376168995772 0.9981729291779227 -0.041930164353069926 -0.04350476725244383 4.719813764009754
-0.042005144169237854 0.015589170909648484 -0.9989957685664494 -21.144469704237228 0.04476945539932861 0.9989033290932179 0.01370529057462478 -0.14728045558599864 0.9981138530881976 -0.04414880379848506 -0.042656997041444135 4.692182446494759
-0.04072926975596695 0.01733856215187988 -0.9990197699983973 -21.94253520771392 0.045218276252171785 0.9988569960356283 0.015492222676688278 -0.147437175510891 0.9981464993065532 -0.044542965024650126 -0.04146673593236894 4.660672177078138
-0.040160282308706385 0.012572002405481446 -0.9991141558802983 -22.722710774477477 0.04552608952598848 0.998905421026044 0.01073941419512638 -0.14891752880436304 0.9981555624737837 -0.0450544626013823 -0.0406886778151359 4.627376865420307
-0.03978747283648419 0.005841360485642231 -0.9991910905892638 -23.562636465354146 0.047011102121312626 0.9988864872086425 0.003967612546484476 -0.15804151238117406 0.9981016547840327 -0.046815213121978505 -0.04001777777086281 4.588417020204789
-0.039926852621147466 0.0010937730346710587 -0.9992020066534681 -24.37628886679748 0.0501449058391673 0.9987415378786303 -0.0009104582420237876 -0.16100862017501555 0.997943552941823 -0.050141242269992004 -0.03993145333533112 4.5561979876149525
-0.0405572059526615 0.0018067448234418203 -0.9991755845287934 -25.193617257820197 0.05116029571932727 0.9986904179119973 -0.0002707631286168122 -0.16713104057276612 0.9978665928806432 -0.05112909977599627 -0.04059652656166301 4.522704301499683
-0.04047171626807133 0.009342777295978459 -0.9991370039662799 -26.08062626903877 0.05080285079194924 0.9986821627528354 0.007280669662246091 -0.17682032349824542 0.9978883256826521 -0.050464346936401956 -0.0408930208538665 4.482593689465369
-0.04076399204429965 0.016509518165624903 -0.9990323982547066 -26.928114288723187 0.04907419677259615 0.99868985720017 0.014501459810274595 -0.17999136099247687 0.9979629352655016 -0.04843557510181317 -0.041520776736711 4.446140853709999
-0.041427301378069006 0.02190935273381226 -0.9989012758843165 -27.788076763018307 0.04719994162216567 0.9986862760206016 0.019947120066999915 -0.18178206847714987 0.9980260238147068 -0.046321726553406224 -0.042406997508862114 4.408214258439885
-0.04156245024370244 0.02226924930233691 -0.9988877030303503 -28.628576683708594 0.045524164675675084 0.9987554896037044 0.020372098984809628 -0.183584397509449 0.9980982482503016 -0.044626813934844384 -0.04252451431472176 4.360493363298727
-0.041766577855141755 0.018789118210636013 -0.9989507105013422 -29.47920811008068 0.04555697036503193 0.9988190849232271 0.016881885092811577 -0.18473190770724462 0.9980882302809851 -0.04480406934636658 -0.04257323037515432 4.31343771189532
-0.04217104725797028 0.0161384876017773 -0.9989800558525144 -30.302657349829097 0.045371593420817355 0.9988689459099703 0.014221371493673732 -0.18328119257806724 0.9980796668020148 -0.04472558680031264 -0.04285557842038294 4.274789995301637
-0.042164037147524924 0.01752751757701708 -0.9989569460687527 -31.145575356103134 0.04372329421900374 0.9989206009991675 0.015681404340840154 -0.18553966406023759 0.9981535290295073 -0.0430164971499288 -0.042884886135905326 4.2274174667248525
-0.04183923381405496 0.020066749652047158 -0.9989228218797758 -31.99061175849147 0.04273239881676383 0.998919365328054 0.018276861436335282 -0.19152493363706705 0.9982101084467222 -0.04192167853271162 -0.04265152123643507 4.181931409769448
-0.04155326080585475 0.018600531689295582 -0.998963135824979 -32.826486084507415 0.041827850415111896 0.9989825511088759 0.01686100559436201 -0.19660455111734226 0.9982603655590313 -0.041083850852586645 -0.04228900274386648 4.13737120609935
-0.04109635082666741 0.013402438565584363 -0.9990652954583232 -33.662030500324875 0.04097284489211407 0.9990915518426399 0.01171738102617392 -0.19729168384376922 0.9983147379109343 -0.04045300578648643 -0.04160815295900832 4.094685172693659
-0.040816534348699335 0.009305606260592987 -0.9991233238273861 -34.51339629763671 0.03976681752960062 0.9991794602777616 0.007681561209061536 -0.2025558341511248 0.9983749850368487 -0.039418420201270246 -0.04115309710710929 4.050032718909054
-0.03969552767457645 0.009995636167436107 -0.9991618249013744 -35.37987613509364 0.04018525502616474 0.9991569450439576 0.00839907428874549 -0.2093758262828955 0.9984034306637363 -0.039818167060200006 -0.04006373935177474 3.998446331760558
-0.03936176138994871 0.01228553838336337 -0.99914949696575 -36.22304310413878 0.04136354400139472 0.9990873450074456 0.010655246295500874 -0.21514351620545544 0.9983685236263834 -0.0409089549194794 -0.03983401108940139 3.9678954302454867
-0.03924893923788799 0.017038719552767197 -0.9990841820410842 -37.04643952695225 0.04196855879652155 0.9990004165689153 0.015388559636185451 -0.21487578769857002 0.9983477153984189 -0.04132613859454647 -0.03992479715190579 3.933260020087112
-0.03856035582575092 0.0225940099792711 -0.9990008056411405 -37.89703263949313 0.04263724666922731 0.998871042040334 0.02094532333779196 -0.21257526253389822 0.9983462145744119 -0.04178698465208729 -0.039480169181846936 3.8936596294666357
-0.038826667968965126 0.02604102574649686 -0.9989065796321984 -38.70818826730834 0.04271998529802418 0.9987896380078086 0.024377486834510676 -0.2175489397973017 0.9983323558367538 -0.04172677780874561 -0.03989214588280777 3.861752352533723
-0.03814100922425366 0.025985017082057377 -0.998934453456582 -39.5657445712011 0.043101958442288146 0.998774259747168 0.024335144234941576 -0.21325616824561533 0.9983423684256785 -0.042127864338716826 -0.03921426338035674 3.817696454565781
-0.03802952390296016 0.021663050066156427 -0.9990417746888992 -40.38765217220009 0.04331567481237292 0.9988610219456697 0.020010276190018418 -0.2088202373251244 0.9983373716471108 -0.042513187359727006 -0.038924558741927746 3.7818667430230675
-0.03796381522615728 0.017381574615484136 -0.9991279345496054 -41.21727543627855 0.04215107048935661 0.9989866653754504 0.015777504829309275 -0.210090107050758 0.9983897214966077 -0.041515337719015846 -0.0386579971545418 3.752708905066796
-0.03769509180032738 0.01452141208341742 -0.9991837712079137 -42.032722820509306 0.03839982597413497 0.9991769409404886 0.013072645408004192 -0.2083633348955303 0.9985512172238934 -0.03787570836183579 -0.03822168621042382 3.7092728650793823
-0.03812086757562493 0.012723797028325443 -0.9991921258919446 -42.8749855208822 0.03526063993036602 0.9993133546959586 0.011380087785698342 -0.2093939201036023 0.9986508332380146 -0.034798334952855066 -0.03854334128648084 3.659445196156733
-0.038659977583212234 0.010865370285524601 -0.9991933495884687 -43.705267132443446 0.03729665854424305 0.9992598088388566 0.0094230409510884 -0.2180458995340991 0.9985561403319783 -0.03690227862734468 -0.03903660381501094 3.623408021329421
-0.039941160481943745 0.007215994682300105 -0.9991759770531418 -44.53537372500806 0.0406749781282522 0.9991567940292907 0.0055899104980003216 -0.22912995125140034 0.9983738026679284 -0.04041819350063108 -0.04020099228282427 3.5926165735824718
-0.04076767266453855 0.005625640069827461 -0.9991528156590069 -45.355779950660015 0.044993037672625996 0.9989801155023885 0.003788850989939057 -0.23532747875882248 0.9981551099035182 -0.044800457638723326 -0.04097920898277851 3.567392548676717
-0.042352261602371696 0.009095540268701281 -0.9990613379990161 -46.19258342414626 0.04531350543833693 0.9989470587357615 0.00717356731763924 -0.24448011355628893 0.9980746325611386 -0.04496715457299152 -0.042719817971926984 3.522917120625507
-0.044057278808445476 0.015253957646512382 -0.9989125452010865 -47.00615433151277 0.047547971753338414 0.9987823287322473 0.013154854401801822 -0.254050635701389 0.9978968616876878 -0.04691669839521177 -0.04472892627320789 3.4879745056915064
-0.04569457746891811 0.018852174724440573 -0.9987775533611555 -47.82043625981005 0.04930773868379418 0.9986457788403343 0.016593833501408348 -0.25716921322451397 0.9977378175131106 -0.048489214393934534 -0.046562255010161493 3.444449585877649
-0.04745092080937944 0.018202274496813085 -0.9987077086502759 -48.62261881373255 0.04932149918237392 0.9986570554645453 0.01585797242042491 -0.2637004768181428 0.997655150757386 -0.048505286042106036 -0.04828496032128792 3.4094686578639686
-0.04860673128248521 0.014552022630885973 -0.9987119826613587 -49.41464942958717 0.04604635564781638 0.9988634134534954 0.012313179751241304 -0.2713287481509367 0.99775604172843 -0.04538854372395905 -0.049221553135096595 3.3670539533921358
-0.04986355648545429 0.011047269311942604 -0.998694940197141 -50.22927719203702 0.04104381852478551 0.9991167884110702 0.009002670495652922 -0.2763361701673887 0.9979123361776444 -0.04054134871829287 -0.050272938531334625 3.317752855764647
-0.05105525394037371 0.009885447993062603 -0.9986469040472012 -51.02173034804901 0.03681604405425839 0.9992899604119166 0.008009614231971956 -0.28439929267591635 0.9980170038357445 -0.03635729552547257 -0.051382945777704796 3.264213640793654
-0.0518487975639521 0.011070393094572828 -0.9985935852927874 -51.824932567912 0.03501793967145796 0.9993437780723997 0.009260514518559925 -0.295170986156654 0.9980408038213348 -0.0344885433834767 -0.05220243560359572 3.2108936604537948
-0.053008092900801836 0.012593006480905734 -0.9985146760437682 -52.61856417879504 0.03529567858987403 0.9993193157013448 0.010729414666072055 -0.3019360766850444 0.9979701183702334 -0.03467450726352246 -0.05341648983349257 3.165414186599498
-0.053661654757428894 0.01206970296254253 -0.9984862287879037 -53.406073140689145 0.03326822255066167 0.9993934585393456 0.010292735160550574 -0.30757499019999923 0.9980048357483102 -0.03266553687239156 -0.054030644303249144 3.1089616194690226
-0.05410603751856208 0.011962904673227257 -0.9984635324416304 -54.20139859091865 0.032578075771350606 0.999417053286237 0.010208946061722375 -0.316167555445553 0.9980036100551308 -0.031975654996173095 -0.054464224996685434 3.056302111175109
-0.05461361579757706 0.013717286445181501 -0.9984133357593412 -54.993985331248126 0.034508483588634474 0.9993342405005441 0.011842310737931534 -0.3244518784014178 0.99791107696524 -0.033806978802927906 -0.055050619018234055 3.0086775923050975
-0.054821154895907664 0.016472966225944442 -0.9983602968666158 -55.77942311445329 0.03555719029164907 0.9992619324577422 0.01453535549555722 -0.3286815243017788 0.9978628799561791 -0.034702042080224274 -0.055366425575613464 2.9617341530298607
-0.05496864465260766 0.020641279226304852 -0.9982747045262422 -56.53495080021228 0.03540989910474691 0.9991977050454678 0.018710565925755818 -0.33202788496760577 0.9978600037833185 -0.034320312116473004 -0.05565544920114149 2.9151179393879283
-0.05567378852484338 0.02264818325915181 -0.9981921103005924 -57.27591146395428 0.035695707484720327 0.9991487359315104 0.020678973708339057 -0.3337987619959008 0.9978107264098005 -0.034479896773696575 -0.056434838353794245 2.8709795321671647
-0.056519024067762894 0.022769017803743737 -0.9981418595303373 -58.038890643625926 0.03608611680473929 0.9991332748269958 0.020748284445653714 -0.33640486517241663 0.9977491629123925 -0.03484639094276254 -0.05729168304284455 2.8243664188280633
-0.0565834991026673 0.020785690694769838 -0.998181477834386 -58.803221650879756 0.037010537728062454 0.9991397520560643 0.018707644384741085 -0.33920972011282996 0.9977116455802125 -0.03588468926558547 -0.05730411285356591 2.7721040529544787
-0.056730976358731665 0.0171104166024784 -0.9982428712317829 -59.56471770735018 0.03766729359350522 0.9991779628108886 0.01498578080793092 -0.3404038902749961 0.9976786914206012 -0.03675094933157912 -0.05732884447206269 2.719423057520527
-0.05636717767825732 0.014144111982693806 -0.998309914493895 -60.29972892742015 0.03749730763068017 0.9992241957901847 0.012039869929060892 -0.3430212145119632 0.9977057147280632 -0.0367552804870209 -0.056853813902696754 2.6657810132014936
-0.05488937341434403 0.011970297600770358 -0.99842068721633 -61.02263353130343 0.036804586343984196 0.9992728745533038 0.009957138445620534 -0.35252958572583315 0.9978139000385927 -0.0361999192999933 -0.05529002380579175 2.6160228192758987
-0.05250344194189391 0.011364336141861045 -0.9985560777684487 -61.75323221602188 0.03461850317922822 0.999354939666505 0.009553208978439826 -0.36303039819424704 0.9980205147299738 -0.03406694039990622 -0.05286299036098184 2.565969070641569
-0.04843550996247694 0.01230992429952806 -0.9987504528852109 -62.44481245974123 0.034125083972014005 0.9993606903834127 0.010662511912843826 -0.3726766873180949 0.9982431968305998 -0.03356599886981506 -0.04882462187558392 2.529833488825687
-0.04236065436078513 0.0139499432628502 -0.9990049920020863 -63.128675519991056 0.03488651176594814 0.999313417603547 0.01247496269826172 -0.3813403598612436 0.9984931177824554 -0.03432335182469675 -0.042818235140972286 2.499403715117828
-0.03543803754036812 0.015574721314103248 -0.9992505059049379 -63.77604473425397 0.035737631597476734 0.9992587848831331 0.014307428898543667 -0.3890407278192582 0.9987326805422402 -0.03520381925121 -0.035968373983787674 2.481683841699765
-0.026625256950287196 0.017141473921459854 -0.9994985070344677 -64.41060866228285 0.03460733344616312 0.9992694256541181 0.016215653691251195 -0.39679232857425073 0.9990462592713486 -0.03415823216573745 -0.02719902592436526 2.4648245380758627
-0.014912399240352673 0.018798132980203608 -0.9997120838248149 -65.04025867634626 0.03266649388167348 0.9992987027404886 0.018303083856412293 -0.39988130360840773 0.9993550522844082 -0.03238414577590174 -0.015516010311617168 2.4578049808800304
-0.0001238561024399576 0.020494398900799845 -0.9997899600782955 -65.63918980787169 0.029702368917249016 0.9993489231102094 0.02048167862183182 -0.40165169848270715 0.9995587796324771 -0.029693593453121527 -0.0007325076594826151 2.4622307633964375
0.01844327484063871 0.021856351731268906 -0.9995909891061197 -66.25078667121079 0.02839243339877156 0.9993464039206035 0.02237486752260104 -0.4054503621553356 0.9994266933291537 -0.028793486415449758 0.017810665377641647 2.4705720315699784
0.04076014571466695 0.022980317931656582 -0.9989046578673452 -66.80691013564123 0.027889143598284538 0.9993197891871337 0.02412788031171644 -0.4130883051711726 0.9987796584786209 -0.02884205136154914 0.04009151883608779 2.492010519872036
0.06625336859987929 0.02335057292417485 -0.9975295694330469 -67.30622752333993 0.02845181819387 0.9992754165515078 0.02528113757869782 -0.4135404320383735 0.9973971050642912 -0.030056490479144056 0.0655409962500238 2.5314032353344
0.09521174467299152 0.02280017242106303 -0.9951958982099421 -67.80410149029505 0.030265526936649363 0.9992091844927626 0.025787661866765767 -0.41281553101164864 0.9949968449977967 -0.03257541654188776 0.0944463905162632 2.5977475001644685
0.1293066615450446 0.022874392216366474 -0.9913407837170857 -68.2125223800505 0.031691917336209026 0.9991278414386208 0.02718784356576701 -0.4124454535062268 0.9910980827625628 -0.03493305945567266 0.12846895228589772 2.6666516546034065
0.16577565757423662 0.023717211003585488 -0.9858782507277658 -68.62036739233183 0.03245649761610652 0.9990379549345104 0.029491360815776056 -0.41461488798887314 0.98562924424873 -0.03688710482651121 0.16484639631849057 2.750271137824235
0.20740101913947234 0.02276005173884819 -0.9779912051264835 -68.99392814022012 0.03298137349465117 0.998998285989979 0.030243240426417947 -0.4087805440653172 0.9776998753514864 -0.038527972097279595 0.20644260486575128 2.8538252732635905
0.25210544455227807 0.023671207260773035 -0.9674102122543022 -69.35872643679357 0.033861820856446956 0.99887276027704 0.033265385384998014 -0.4050470328961541 0.9671071408667095 -0.041144656072740156 0.25101971110108423 2.9705493490859443
0.29947385547808064 0.022392366892861924 -0.9538417016413299 -69.73350519340674 0.037340563702946875 0.9986835544878848 0.03516874034976948 -0.40739504340540855 0.9533735323510073 -0.04614910508751819 0.29824347086261815 3.1189466108301955
0.34815082496560723 0.017000108599555554 -0.9372843748742263 -70.0526276585839 0.04482099220156649 0.9983902185674571 0.034757015506104404 -0.40074107217010213 0.9363664249287411 -0.05411069927868031 0.3468284164968867 3.2768922594359586
0.39802113810641115 0.011538136738942505 -0.9173036820056211 -70.37878124973554 0.04982880766623231 0.9981728687021116 0.03417622146402142 -0.3973173532355107 0.9160219776550321 -0.05931100730547122 0.39671896963136444 3.463344122016685
0.4473053710977069 0.003179957117541189 -0.8943756441562306 -70.71817606858725 0.054776809362506014 0.9980190208365766 0.030944065739071172 -0.38111264068354755 0.8927023054429757 -0.06283249096710128 0.4462450805730665 3.6369039396030627
0.4887903154044729 0.0036913572541582987 -0.8723934900309707 -71.04015769315777 0.05357488973058003 0.9979766288999614 0.0342400256983573 -0.3691957871832187 0.8707547064226239 -0.06347457799064228 0.487603547148457 3.8598091297330988
0.5356430767559173 0.0019768180687996357 -0.844442174760224 -71.37571905751496 0.05487424660697591 0.9978021759048511 0.03714343574389283 -0.35493704301429047 0.8426596652164913 -0.06623375234626788 0.5343573510932188 4.115065405972919
0.5790545611819755 -0.0026518652686359336 -0.8152844796664205 -71.67792315487569 0.06194844600068451 0.9972469179376517 0.04075505737885912 -0.34262674399822446 0.8129318576685551 -0.07410500843027275 0.5776246553888594 4.384997875629657
0.6211271678487186 -0.009576306819425458 -0.7836512845060162 -71.96363628790331 0.07161916566738685 0.9964348907923186 0.0445892758497682 -0.32797395897759224 0.7804304815096185 -0.08382006179548848 0.619598628768062 4.670745550380513
0.6614810739258474 -0.014561429197633173 -0.7498204809270209 -72.12970651121665 0.07243235536769513 0.9963778989500706 0.04454925790324538 -0.32013170216396564 0.7464558545110309 -0.08377975449692016 0.6601398412477766 4.84887316241731
0.7014079676051628 -0.01890887627638114 -0.7125091700307852 -72.27835330193827 0.06800440092875903 0.9968630734895505 0.04048967976270928 -0.3132382882011726 0.7095084667812734 -0.07685354325553648 0.7004935891603529 5.019696390111242
0.7406612166228183 -0.02577591822643535 -0.6713840661129736 -72.43403719077061 0.06360313208065908 0.9974662264955048 0.031871124711057255 -0.3021085999435114 0.6688614234505791 -0.06630783543746246 0.7404239779877884 5.223388180931576
0.7788153830107457 -0.027797409576264715 -0.6266369788056508 -72.58621151700619 0.05709958331772112 0.9980115377770273 0.026694719494214453 -0.29457595759248983 0.6246488907944734 -0.05657096856852919 0.7788539585470757 5.441058330760595
0.8145935677805592 -0.0285785333921965 -0.5793277023927729 -72.83432297580306 0.05393805756356263 0.9981898937531251 0.026601164549577137 -0.2821106077006955 0.5775188354303321 -0.05291694849738547 0.8146605374540462 5.853406860786835
0.8473665111494024 -0.03047908083105766 -0.5301330223766316 -73.07246576723551 0.05270280940444342 0.9982492737525606 0.02684774354323137 -0.26042447941518565 0.5283866100341362 -0.05068937841577885 0.8474893375449941 6.295559782586305
0.8765145846343726 -0.029809477332355026 -0.48045143145213326 -73.30957318220037 0.04906532508822698 0.9984150920896013 0.027566243155320493 -0.24606024930049825 0.47886822487738506 -0.047735719842518606 0.8765880014316281 6.802256412869948
0.90138832835731 -0.028026306318093313 -0.43210370011766575 -73.52720508463906 0.04615536827700211 0.998436753962118 0.03152348833492591 -0.23714475466486362 0.43054472878021244 -0.048358809866996005 0.9012728011139681 7.31616177729444
0.9218290854890774 -0.02164374619649318 -0.38699184151213334 -73.73769557247304 0.03791912355382449 0.998686113456826 0.034470086414287095 -0.22116149655578582 0.3857373163375296 -0.04644991968863223 0.9214386185447393 7.84727690904778
0.9381995338853161 -0.017606250480786366 -0.34564671929787255 -73.89091356689035 0.031434477237245545 0.998912224617477 0.03444185172988125 -0.20565601516420626 0.34466434143699126 -0.043178553169019175 0.9377324268084327 8.315893849792037
0.9510376830010304 -0.012568463264735728 -0.3088192986896922 -74.06169573357714 0.025274015198189163 0.9989890594674827 0.037176379867258594 -0.18681918793574648 0.30803985077874496 -0.043161241819901025 0.9503938959909043 8.885991435954404
0.960293785248576 -0.01192026248327842 -0.27873599221358286 -74.20802193637473 0.02411515773688244 0.9988940413822549 0.04036277069714396 -0.17503181659048533 0.2779465869196554 -0.045481880275057514 0.9595191990712626 9.454011354557686
0.9671215419854575 -0.01262465241431494 -0.2540010653109305 -74.35904657974957 0.02421792622969713 0.9988000326217883 0.04256743924464416 -0.15369291101346474 0.25315887319389446 -0.047319266542616985 0.9662667705851546 10.072839359259167
0.9725068847535371 -0.012660615933350909 -0.2325297140392122 -74.50919803168524 0.023801097723799815 0.9986958829599256 0.04516681421171513 -0.1286670315885403 0.23165462838914166 -0.04945950023081122 0.9715399585106136 10.688222452879856
0.9767925411033398 -0.009636664264767857 -0.21397071375944707 -74.65313530482095 0.020481826969149797 0.9986118827521301 0.04852630616738318 -0.10997029492005468 0.21320606560059333 -0.05178264504728322 0.9756340150194744 11.31657859509167
0.9801080616199007 -0.004859900586572138 -0.19840506272262373 -74.78028463867783 0.015191040961090925 0.9986043680693188 0.05058209512657309 -0.08579850235038083 0.19788233832810276 -0.05258989864188606 0.9788140184624635 11.931955154940697
0.9827849391191734 -0.0007592833313239148 -0.18475168992283725 -74.90900338207933 0.010584768601728382 0.9985804669314896 0.05220166411652934 -0.06294251267687552 0.18444979293609673 -0.05325856317729419 0.9813978802372251 12.574758176116152
0.9851921904817574 -0.002457421960750213 -0.1714360198180712 -75.02524057206418 0.011559623017961679 0.9985741405942036 0.05211584070346832 -0.03155558612704319 0.1710635055452728 -0.05332585502224486 0.9838158518019042 13.233861292941372
0.9874740862533837 -0.002323002133322072 -0.1577641677920947 -75.12736265988333 0.010685340523622406 0.9985806414937819 0.052177829887416836 -0.004426095934153905 0.15741903466842116 -0.05321001874604572 0.9860973285782219 13.904741952473676
0.9897182356500224 -0.001906803024029594 -0.14301810418276828 -75.23104384530559 0.009583060531854265 0.9985483304367433 0.05300374263044327 0.030023455714352085 0.14270942145719806 -0.053829321788584544 0.9882997648199309 14.602972971618483
0.9916844817024238 -0.0005277857992160568 -0.12869191968707225 -75.32858925900906 0.0075319341159641616 0.998515495611889 0.05394511091299437 0.05970878742307864 0.12847240450410455 -0.054465828416472434 0.9902162969855823 15.318992472069057
0.9932522411631904 -0.00026190813793264034 -0.11597377646875816 -75.40978898401103 0.006292983468717418 0.9986459016864698 0.051640695230397805 0.0838537774269389 0.11580321145529797 -0.052022057330940376 0.9919089281621039 16.043114482719865
0.9944994726699331 0.00019180548360447024 -0.10474140570891907 -75.49285444178693 0.004711053479179746 0.9989043968199008 0.04655976792237425 0.11360821688595449 0.10463558111053839 -0.04679710701021468 0.9934089922791782 16.7779302830441
0.9954844890554632 -0.0013874085930750616 -0.09491420940711774 -75.5634922272578 0.005266916277660067 0.9991601536026109 0.040635539195761225 0.13921263652090077 0.09477811795402089 -0.040951954168293045 0.9946557423585759 17.51436025955902
0.9961850678690762 -0.0016069268359202252 -0.08725095037205484 -75.62343949280283 0.005154313420251701 0.9991683813755227 0.04044723368270249 0.16839365416178004 0.0871133951114778 -0.04074264897575162 0.995364904417766 18.266466398087758
0.9967307450351328 0.0002564339096794313 -0.08079453040495778 -75.68880139870906 0.0035307106018151735 0.9989014377007345 0.04672742066550602 0.19327687065163413 0.0807177550750377 -0.04685991891856921 0.995634868822195 19.02314003165473
0.997105812296391 0.004566359645591951 -0.07588904693261218 -75.75927873924049 -0.00040096675524000985 0.9984965700997303 0.054812760601295085 0.2187470515804423 0.07602524784842313 -0.05462369319865498 0.9956085645628623 19.800528137185847
0.9974225711366039 0.00529930634589501 -0.07155509722931806 -75.82278500750606 -0.0011091771150445876 0.9982884748833184 0.058471280482515646 0.24841825048786373 0.07174248611089626 -0.0582412076402086 0.9957213352234832 20.567213651508098
0.9976805692859665 0.004081100722857875 -0.06794723162953896 -75.87737963375336 -0.0001628041904331739 0.998341303847878 0.057572689064466165 0.2784332854271659 0.06806948776084475 -0.05742809110712278 0.9960263847849444 21.326850275459716
0.9978847024463449 0.003926353817817745 -0.06488994043197677 -75.92822427399912 -0.0002158223564397956 0.9983689972696875 0.05709026809736007 0.3028993873932775 0.06500826135406589 -0.05695550049306281 0.9962579971670511 22.07688409231706
