1.0 0.0 0.0 0.0 0.0 1.0 0.0 0.0 0.0 0.0 1.0 0.0
0.9999789390306522 0.00032394385987927253 -0.0064820178576201065 -0.0046583086993382886 -0.0003207626568834821 0.9999998276185077 0.0004918071496421254 -0.0021469234227629234 0.006482176058146556 -0.0004897176024368476 0.9999788705618838 0.07141391790621235
0.9999071648639727 0.0008975660484747541 -0.013596176995021591 0.0028463202582586214 -0.000891101722528828 0.9999994870464748 0.00048150234352507067 -0.0006165235533621267 0.01359660220097048 -0.0004693420664494467 0.9999074517807202 -0.01426467899817338
0.9997762864048093 0.001132237865240115 -0.021120965414104968 -0.004303398572190177 -0.0011369356145749787 0.999999331551341 -0.0002104145400749826 -0.0010677513878038663 0.02112071305651424 0.00023438064527522633 0.9997769053872455 0.06924382909652506
0.9995349339309945 0.0015543721682963435 -0.0304548810328248 -0.014660973835406581 -0.0016094283772081727 0.9999971146686132 -0.0017833661278514625 0.0009974890482587649 0.030452021145725598 0.0018315516945354982 0.999534551592155 0.17356823055141327
0.9991224736058489 0.0016363744295173255 -0.04185218052210107 -0.030420743188018694 -0.0017742135594832208 0.9999931235203886 -0.003256543901265802 -0.0007677129112774523 0.04184656380126631 0.003327940904214976 0.9991185064382324 0.277727648288676
0.9984642936401292 0.0017021443604589592 -0.055372890752535445 -0.04896988490974753 -0.0019413521875322613 0.9999890142554706 -0.004266441146280701 0.00011841245362541824 0.05536502034136739 0.004367387428070757 0.9984566292281567 0.3952785448163886
0.9974213488267555 0.001539161860801599 -0.07175154273867346 -0.07102363403172114 -0.0018551252010615051 0.9999888737860345 -0.004337143602071644 -6.947470275502201e-05 0.07174406884963941 0.004459067716783175 0.997413106641373 0.5299576263902805
0.9958993958968497 6.015076785949769e-05 -0.0904676164943724 -0.10281817411479262 -0.0004664412868898831 0.9999899012988084 -0.004469869452626305 0.000263018370531074 0.09046643402286611 0.0044937381190678135 0.9958893666632369 0.7017485197249284
0.9938714717998347 -0.0011918362477546626 -0.11053541092693563 -0.1365897080934006 0.0006898597864407473 0.9999892763031972 -0.004579451067615596 -0.002739297492410944 0.11053968353448013 0.0044751318376302284 0.9938616360234116 0.8605202335278572
0.9911479167201904 -0.001718275752367577 -0.1327511005968056 -0.19101401227226325 0.001068748206520886 0.9999871085471917 -0.004963921503797212 -0.004458830748473919 0.13275791862821365 0.004778102956574524 0.9911369757877264 1.0626304283058268
0.9876228589106724 0.0018882494982445693 -0.15683597505336627 -0.2628651132442809 -0.0029396946294073076 0.999974732687785 -0.006472416973333165 -0.010693566405016595 0.1568197906917158 0.006853356828827452 0.9876034552124564 1.2808070107205505
0.9833164181571031 0.00622792382160802 -0.1817966851940791 -0.3484431660636258 -0.007791180968125732 0.9999385520871155 -0.00788603506479302 -0.020205683803775562 0.1817364005415666 0.00917087862712624 0.9833045182970539 1.4965409102117397
0.977936788022991 0.008919162556876793 -0.208710534402453 -0.4309256923807698 -0.010986697156897898 0.9999013687099293 -0.008749019235941733 -0.02706467128376649 0.208611915088415 0.010849027204882523 0.977938324993888 1.7068303622301777
0.9712256081778173 0.00935425049100255 -0.23797755359986797 -0.5108424040734031 -0.011827078993956013 0.9998898656756109 -0.008965306557924055 -0.02949763188534092 0.2378674803795111 0.011521914639434638 0.9712292763611196 1.906550346248876
0.9632247266553995 0.011258359664077181 -0.26846112436869174 -0.6027707842266049 -0.014027786684457378 0.9998663222012042 -0.008399936224209276 -0.03413111591977273 0.26833066757335694 0.011856941659200104 0.9632538947619814 2.1065740000188575
0.9538343019417722 0.012738605470402488 -0.3000630806512507 -0.7303919341257068 -0.015686812222323473 0.9998494356781257 -0.0074182138303430616 -0.03755186085479251 0.2999234041577138 0.011782780011547875 0.9538905166389106 2.36268070648357
0.9426927138566032 0.015306104527645213 -0.3333109215220202 -0.8511683566350629 -0.018463501599929693 0.999809641828005 -0.006307076693935284 -0.04309986502086301 0.33315093628915277 0.012099721977903155 0.942795868880278 2.5783599811836937
0.9302251379367578 0.017750568962045608 -0.36655983147647436 -0.9738397065732537 -0.021364805793586718 0.9997548937801092 -0.005804949278189283 -0.04514380049365904 0.36636694422933447 0.013231389354243122 0.9303763714281531 2.7854460515208963
0.916336430403376 0.020057794624115752 -0.39990652806676386 -1.0719304780845285 -0.024167709025029568 0.999694203951811 -0.005236451626233212 -0.044080428379059934 0.3996792065595587 0.014463175998688746 0.9165409692883091 2.9380303953159608
0.9003271805315093 0.02086168186864659 -0.434713420802478 -1.2123935135928998 -0.025352108500384548 0.9996683075543484 -0.004532710668727939 -0.04487682812430796 0.43447466967680165 0.01510182442729756 0.9005574364293492 3.1422183978402543
0.8819710580330163 0.016285403054981468 -0.47102212096615603 -1.3830991961208459 -0.021245064102697473 0.9997607008075584 -0.005214247026049197 -0.047185722088722105 0.47082448963854 0.014605710120123449 0.8821059875029165 3.3854910227105184
0.8607561178944603 0.011483582311564737 -0.5088880356665395 -1.5019998616385477 -0.016720624337390314 0.9998438417660447 -0.005719510842846946 -0.04955574388366329 0.5087428881360639 0.013432029623515725 0.8608137164051057 3.5435222089633327
0.8356150672763061 0.013188870172379253 -0.5491570932296039 -1.6603506593457913 -0.017415144526906852 0.9998452528350258 -0.0024865889017911505 -0.05577924726459381 0.5490393174281045 0.011641481299027168 0.8357154442938372 3.724380859392668
0.8064172442906801 0.018947971706710393 -0.5910433169225626 -1.871609232909753 -0.022456877058683617 0.9997468177814279 0.0014103221883979924 -0.06354687091197286 0.5909203980092367 0.012135678971755623 0.8066385860548081 3.924128176170903
0.7740262161356188 0.022193937639887078 -0.6327644473789681 -2.1470844303804553 -0.02590042456207024 0.9996588135253086 0.003380021992892068 -0.06785554437254193 0.6326235727051903 0.01377264220128456 0.7743369612671971 4.153107757438845
0.7378090285785849 0.021404660387272716 -0.6746700511076716 -2.3326432657480693 -0.02527978446559411 0.9996721295538605 0.004070121695753122 -0.06911840053754242 0.6745359663096523 0.014052540942852217 0.7381082280043718 4.306350861048105
0.6980121810754935 0.017385430832622333 -0.7158748087934054 -2.5717679203794908 -0.019336491575736324 0.9997983053230802 0.005426671782444398 -0.07261424586727391 0.7158247656820576 0.01005462420266984 0.698207568970984 4.487937023664611
0.6552649091990952 0.013810475215652564 -0.7552729106399999 -2.785739544337012 -0.014092882359944135 0.9998823480670842 0.0060564585889006485 -0.07310724102638956 0.7552676938934231 0.006675387491975968 0.6553824454185082 4.63359835599147
0.6096877347356152 0.0132652711043552 -0.7925306925889242 -3.0866702905422745 -0.011355595662024435 0.9999035167503885 0.008000477320858223 -0.07267668829330277 0.7925603551529141 0.004121865200224296 0.609779545136731 4.819394727207375
0.5617911614626303 0.013938918688228693 -0.8271616513404556 -3.3845045432645797 -0.008651861374125706 0.9999023569062787 0.010973693454227992 -0.07437247021791739 0.8272338461385813 0.0009915639502046723 0.5618569040277989 4.964500244666564
0.5112229067962435 0.014773254579706166 -0.8593211800694315 -3.7092785813353673 -0.006759501737689173 0.999890443058748 0.01316856165394891 -0.07534162448003694 0.8594215779831549 -0.0009234873571450912 0.5112667586182831 5.096208154344788
0.45828975272133987 0.016259145338594447 -0.8886541187343193 -3.7122687879330805 -0.005203739295285564 0.9998646112434526 0.01561026201962751 -0.07533670217008415 0.8887876144771365 -0.002529698763315523 0.45831231379508974 5.097319554752338
0.4040602038725513 0.018416577314456676 -0.9145469814757966 -4.0534732461867895 -0.003978178429181439 0.9998232290615776 0.018376199967932102 -0.07156952565348307 0.914723742855108 -0.0037868600312656758 0.40406204220174796 5.192195983379075
0.34871928205186403 0.020511443207950092 -0.9370027444051365 -4.403600337618324 -0.003195568886189655 0.999780699527543 0.020696405284637787 -0.07065409639258695 0.9372217724022027 -0.004222978775618174 0.34870835347828383 5.276734963073027
0.293497933474037 0.02376596300226032 -0.9556642412735986 -4.756312992141681 -0.0005067275918346802 0.999694648791794 0.024705311254759447 -0.0702519007936089 0.9559595735561299 -0.006766696359522049 0.2934203563946469 5.348908961007658
0.2400223661404086 0.02551193240039924 -0.9704320713257344 -5.089892336549858 0.00380492943974038 0.99962221443181 0.02722041378080242 -0.06536816264882848 0.970759901450569 -0.010225933680444978 0.23983461805178524 5.3994596240293244
0.18910583427204714 0.02599099644840743 -0.9816126789869262 -5.498327099324312 0.00671328996719367 0.9995920640182128 0.027760354637875507 -0.06377881496182469 0.9819337631337922 -0.011839495572996591 0.18885420610218934 5.447763487743377
0.1416526086942337 0.02714367071428039 -0.9895442181076453 -5.932879916627567 0.005337971774506704 0.9995885186676493 0.028183317851950124 -0.058910572254526575 0.9899020378337715 -0.009274399601272788 0.14144942914194988 5.4667180496194865
0.09936444261127589 0.02742276002904597 -0.9946731622884664 -6.295918517802294 0.0032818451749758956 0.999605705964474 0.027886593472635366 -0.04898609946130378 0.99504569595411 -0.006035299135070185 0.09923526655152702 5.468129537087319
0.06143470646895273 0.02594017153173655 -0.9977739645540846 -6.623960729789666 0.0019041215575739466 0.9996573570197662 0.02610637618177321 -0.04214796940415426 0.9981092881855016 -0.0035037204731888415 0.061364263058219515 5.4680917992281035
0.02715531158369142 0.023274462273816104 -0.9993602395826321 -7.0943145575347195 0.002870137234545151 0.9997229769710835 0.02336089956152851 -0.035457214716640595 0.9996271061576155 -0.0035026735408187717 0.02708098803624093 5.453747706494201
-0.0043527987921891725 0.020519399224991478 -0.999779979494548 -7.477641953737267 0.00336650059619367 0.9997840860708436 0.020504826583463295 -0.030509155806085025 0.9999848597935926 -0.0032765065126439848 -0.00442093753202205 5.432796084072223
-0.030808768053588665 0.01875895483363204 -0.9993492489738354 -7.926928763575574 0.00307716021545516 0.9998209101017326 0.018672943215939212 -0.027973488009364455 0.9995205605169054 -0.002499867373869295 -0.03086097482394835 5.399114537115621
-0.05161329019505978 0.016304498671949098 -0.998534041281666 -8.478340522411406 0.002147133539236522 0.9998662185064456 0.016215267718401163 -0.01890868477350347 0.9986648377172423 -0.0013070626117646907 -0.051641393227947856 5.350589828797042
-0.06790899799013286 0.015522413619718272 -0.9975707607319863 -8.941028323014038 0.002769695811214161 0.9998780420389166 0.015369770119642247 -0.010076587443512332 0.9976876749650113 -0.0017192218692268061 -0.06794370831117993 5.311011489026363
-0.08080572261148697 0.015878942221062065 -0.9966033786753761 -9.483838008707641 0.003360443069312718 0.9998717504106345 0.015658548883785477 -0.0016600816365444394 0.9967242058942953 -0.002083728559124173 -0.0808487195920772 5.255806046784335
-0.09006206343079513 0.017092559439145037 -0.9957894702909879 -10.059510883674845 0.0018331761386036203 0.9998538681000996 0.016996526424748668 0.0001028171270809012 0.995934467821971 -0.000294715255044493 -0.09008023616246738 5.180010132509463
-0.09684624070726007 0.01856479331189981 -0.9951262000923087 -10.616331471708554 0.00017019078070133905 0.9998263217828667 0.01863591439222859 -0.0005472028588771483 0.9952993402469286 0.0016354569461367846 -0.0968325801815041 5.1162686866422735
-0.10141829151859888 0.01950825333511157 -0.9946525816571639 -11.17830753812539 0.0004947341703905238 0.999808583352442 0.019558933837914776 0.005925607534232108 0.9948437492307778 0.0014915450339509043 -0.10140852976876372 5.055141699316899
-0.1026590925852637 0.02010043521069341 -0.9945134907148873 -11.795037300762779 0.0027785239332988 0.9997977078372924 0.019920421884096814 0.01787614212796708 0.9947127175794646 -0.0007182671014060468 -0.10269417499570455 4.9861776077730235
-0.10190500072139907 0.02234574691659948 -0.9945431304989795 -12.422082845103192 0.005046951569078773 0.9997464289582385 0.02194552494474384 0.026200094331771943 0.9947813323076752 -0.002783052277666505 -0.1019919384666673 4.925180634115577
-0.10026881786586318 0.024823397495080998 -0.9946506739054582 -13.045809517169195 0.004177406489168722 0.999690413913763 0.024528057484139432 0.030660212897213775 0.9949516136168672 -0.0016956608511523874 -0.10034147345674654 4.85814914759828
-0.09853446229189544 0.024830019629658685 -0.9948238185055867 -13.697442519642976 0.0015885044109699665 0.9996913152089437 0.024794171684900737 0.03421903957078699 0.9951323712926761 0.0008627983511065465 -0.09854348879769609 4.787732144996488
-0.09691520178250661 0.022296173020434004 -0.9950428756250141 -14.337766198968433 -0.0003000124464909563 0.9997483522562618 0.02243083042182548 0.04397686859432801 0.9952925970065227 0.002472413703956175 -0.09688412416122776 4.723058140819548
-0.09553918088057387 0.022169458650918666 -0.9951787678702718 -15.048272770737109 -0.000656198607150874 0.9997503431620494 0.02233429539394505 0.05634496416496254 0.9954254539241285 0.0027868352088213106 -0.09550078130288568 4.647069682470275
-0.09377313860805594 0.024760228587666095 -0.9952856522405409 -15.749333964408484 -0.0003310188391079014 0.999689867664833 0.024900982205306323 0.0715032923473653 0.9955935359885191 0.002664501556996702 -0.09373586042347919 4.580821025465012
-0.09171559394120735 0.02841189922306183 -0.9953798339380541 -16.454456508411436 -0.0014344124649218204 0.9995880685852905 0.0286641867632762 0.0804042180739688 0.995784209700522 0.004056738154964828 -0.0916370590244454 4.506426495828443
-0.08996222762021727 0.030590273616052308 -0.9954752798345631 -17.1832017710965 -0.002070313676165247 0.9995202852191619 0.03090167045126779 0.08583928241898305 0.9959430261831707 0.004840929197104577 -0.08985573994808456 4.438465630979253
-0.08797100984142918 0.029918318724763474 -0.9956736391168347 -17.971324052012545 -0.0036635145094932728 0.9995323774079556 0.030357950764663938 0.10150165618292901 0.9961162984756947 0.0063182844091049465 -0.08782026641503332 4.356881366660782
-0.0861863004683782 0.026898341477732776 -0.995915860320198 -18.745737681986434 -0.0058319559316261475 0.9996047176340683 0.02750266848357148 0.1165947545779015 0.9962619685110877 0.008178490658598835 -0.08599536260148492 4.273875352496984
-0.08465848775516134 0.026314430836515156 -0.9960624936121016 -19.50509631167596 -0.006752634754403958 0.9996131076329557 0.02698216025913382 0.13112313601698544 0.9963871448261888 0.009010315095825653 -0.08444804229223304 4.204306620909106
-0.08296976887532838 0.028685826435711714 -0.996139117199236 -20.289514154044333 -0.0039952284400366425 0.9995680161295745 0.029117336425065223 0.14434709437941726 0.9965440560268715 0.0063956620047167685 -0.08281932084383807 4.13328029638572
-0.08196556881249135 0.030942119750839738 -0.9961547222969774 -21.10001337980113 -0.0017124071341331763 0.9995120908041406 0.031187305079704044 0.1549009653865824 0.9966336905759575 0.004262107653744824 -0.08187259155111602 4.073055383820853
-0.0806858814277328 0.03270522307868784 -0.9962028693602535 -21.896064587969644 -0.0012857983201853438 0.9994572877691613 0.032916206461012495 0.168602656481675 0.9967387497538717 0.003936789107547449 -0.08060003989212865 4.009681831656475
-0.08004551071581946 0.028038885503879535 -0.9963967769487933 -22.674189867748414 -0.0011844060372810852 0.9996009162211942 0.02822420011410309 0.18082175273234785 0.996790506273301 0.0034393588708194357 -0.07998035642565565 3.9452114752503085
-0.07970808928275651 0.02118561577226792 -0.9965930915811334 -23.511884251197547 0.00023950735757147842 0.9997745025960454 0.021234090398416165 0.1865086194596259 0.9968182197066422 0.0014538373953718931 -0.07969518942639968 3.8723275792596623
-0.07979364878648511 0.016581254977927624 -0.9966734849471492 -24.323503718182984 0.0032024358830835377 0.9998607448130965 0.01637789321637072 0.19913972062992882 0.996806259018148 -0.0018849310727477619 -0.07983563751293597 3.807586585618782
-0.08004210010824962 0.017365291942115658 -0.9966402103296984 -25.138798081567995 0.0040233534410384995 0.9998457232522228 0.017098020976714225 0.20858070103011814 0.9967833640452428 -0.002641274313040922 -0.08009961818044808 3.7413221250485846
-0.07996228400607447 0.024867370496035723 -0.9964876552276722 -26.023519995561287 0.003663813134780058 0.9996893481403719 0.0246532693163246 0.21451678332407062 0.9967911564665125 -0.001679612837122692 -0.08002855297249718 3.665693908017041
-0.08028048331381621 0.031945562283994366 -0.996260269733396 -26.868815946775552 0.001937913234987623 0.9994894119045015 0.031892945663253215 0.2261775509598176 0.996770429181763 0.0006297151299351203 -0.08030140078268311 3.5955969067906595
-0.08062292324335595 0.03711634405003516 -0.9960533726924751 -27.726455210875745 -4.575233138931251e-05 0.9993063025249994 0.03724126260656001 0.2417122428239969 0.9967446724986406 0.0030480712205993984 -0.08056529716580046 3.5235506960571357
-0.08086266653248567 0.03737909969573108 -0.9960241121916636 -28.564270373435086 -0.0016174305942204693 0.9992903192897751 0.037632986753718754 0.2572431281195793 0.9967239402560423 0.004654103530123418 -0.08074482175843642 3.442648323456601
-0.08106587383169976 0.033909993364506584 -0.9961317364936837 -29.412276392419074 -0.0015809787021333138 0.9994154532081906 0.03415043769854896 0.2713363041390006 0.9967074919986548 0.004343298133679874 -0.08096487605792596 3.3621713155781157
-0.08147215294702788 0.031259146646674514 -0.9961853010585415 -30.233426213952846 -0.0017595939935196167 0.999501978374849 0.03150712703076019 0.2872073002922487 0.9966740651402326 0.004319835144543573 -0.08137657464632912 3.291280673807188
-0.0814903076837305 0.03257953718533863 -0.9961415077740707 -31.07372782641079 -0.0034093968743582823 0.9994506363212937 0.03296667362514682 0.3000883413201838 0.9966683027801002 0.006082706120042498 -0.08133446329627324 3.210736888567049
-0.0811813402914968 0.035073083018348494 -0.9960820592883216 -31.916271228976335 -0.004406840826075093 0.9993582679580221 0.035547602139502886 0.30918974863574156 0.9966896055153838 0.007275377070823272 -0.0809746821300787 3.1318122069469663
-0.0810088062420317 0.03342251838039951 -0.9961528540220883 -32.74968256056688 -0.005326470664240945 0.999408831751104 0.03396491908056036 0.318922340361318 0.9966991532160071 0.008057436502868722 -0.08078289234422142 3.0541711598632175
-0.08064537673473376 0.028175948563954036 -0.9963445383670418 -33.58277551827856 -0.006285900118775857 0.9995661250792702 0.028775841494239493 0.33289415196815625 0.9967230360892694 0.00858356083022183 -0.08043327552987024 2.978554014355946
-0.08038333616929927 0.024125207159453398 -0.9964720235138599 -34.431652132798035 -0.007443437874129716 0.9996646482384256 0.024802949319613278 0.34267133105951747 0.9967362311559207 0.009410921413479233 -0.0801768049952211 2.900079981510887
-0.07977353303431114 0.02492000320789697 -0.9965014685725967 -35.29534636320985 -0.006659277691399013 0.9996518278233943 0.02553188496699761 0.3514534342629363 0.9967907691425791 0.008672748667951721 -0.07957980888824646 2.8137658611827154
-0.07918464002514632 0.02734572861486535 -0.9964848237231764 -36.136580846698166 -0.005694066075809498 0.9995949605778867 0.027883550685125425 0.360114494390023 0.9968437040958902 0.007881999353442382 -0.07899685873868541 2.749371052798735
-0.0789060376934508 0.032206450019134476 -0.9963616721816855 -36.957827813581964 -0.005214140314255668 0.9994509813741411 0.03271923854617461 0.37476793800950026 0.9968684215864725 0.00777691503252397 -0.0786947878596399 2.6821397476527444
-0.07820892421752959 0.03777356329937718 -0.9962211210812608 -37.806022979093974 -0.004556827620351707 0.999257947001299 0.038246446590229424 0.3921052010716222 0.9969265767822509 0.0075308213634827925 -0.07797876143422648 2.609019935242617
-0.07847324460997276 0.04121351292921468 -0.996063951878802 -38.615225021315986 -0.004468972130289377 0.999120513341082 0.04169206290342278 0.4011998710828819 0.9969062032952168 0.007723093491443928 -0.0782200463975837 2.5447890535408586
-0.07795717329522929 0.041115137957914036 -0.9961085405529452 -39.47011332725083 -0.004159058501831202 0.9991271360860893 0.04156522788075413 0.41751870313248557 0.9969480334321332 0.007383181367285787 -0.07771812702775101 2.465657236426664
-0.07789857433215851 0.036764456516805516 -0.9962831860741403 -40.28974900768359 -0.003766459214596401 0.9993018458599923 0.03717034632322495 0.4344883361693489 0.9969541744242829 0.006647976972544983 -0.07770571729396987 2.3967737608347055
-0.07759226699857574 0.032497673750954095 -0.996455388516113 -41.11745773454376 -0.004877266414728965 0.9994442785344222 0.03297493558931591 0.4474175330341356 0.9969732455659694 0.007418578406689716 -0.07739064749749885 2.334663763801136
-0.07750340024498938 0.02955422701059399 -0.9965539476698042 -41.93038915484943 -0.008484599256786744 0.9995047897614225 0.030301597638052874 0.4638334087353363 0.9969559842470064 0.010803837733549367 -0.07721426399513392 2.2590520407322874
-0.07797538099800858 0.027635909609437934 -0.9965721732309577 -42.76988627817013 -0.011618536703761551 0.9995226438859279 0.02862680499360378 0.47817734065005 0.9968875812061647 0.013810896398761771 -0.07761707014300241 2.1758105445356053
-0.07848271308273552 0.025863605147277695 -0.9965799203656264 -43.598073703459356 -0.009572892109252988 0.9995977658293578 0.026695810263300087 0.48406965463626356 0.9968695117636194 0.011635311673312942 -0.07820355515209715 2.1064422632896007
-0.07970945376995464 0.022358647639664084 -0.9965673554032463 -44.42633120680801 -0.006170535484491696 0.9997181932571337 0.02292288294522031 0.48728135070286954 0.9967990406654337 0.007976524707597764 -0.07954902627976569 2.0421996167758483
-0.0804676361635971 0.020945105970530068 -0.9965371353171567 -45.24505611129313 -0.0018346930897220571 0.9997743913470006 0.02116129268247579 0.4949597052347759 0.9967555334341058 0.0035311389961423453 -0.08041105412740401 1.984134054558291
-0.08218404897946352 0.024375243796794514 -0.9963190400585482 -46.07941912140976 -0.0016696017287204834 0.9996960886115928 0.02459558587921841 0.5008443538811567 0.9966157707579227 0.003684820826215127 -0.08211837536185156 1.9059955498235155
-0.08399878609346619 0.03051507258474309 -0.9959985111836118 -46.8909530314319 0.0006302628630301635 0.9995324238300439 0.030570189419642867 0.5054429538022412 0.9964656575635447 0.0019401179286648018 -0.08397874277979592 1.8381592151003077
-0.08578112568551176 0.03411431338940062 -0.9957297886967605 -47.70275180520701 0.002458792734140032 0.9994178265501864 0.03402884529313336 0.5168060863374816 0.9963109719432065 0.0004707394854084753 -0.085815066217534 1.7619172775702776
-0.0874011159583169 0.033293310440678923 -0.9956166935167071 -48.50285681919893 0.002530725673618645 0.9994455510661371 0.03319918495479587 0.524062641642198 0.9961699856735321 0.0003820130865913265 -0.08743691273824677 1.694519343354692
-0.08860280544726061 0.0295221975819328 -0.9956294404630709 -49.29253385305485 -0.0007280965253738123 0.9995584886495152 0.02970349548687571 0.5304081450406829 0.996066771226871 0.003356727367889868 -0.0885421912934896 1.6200907808457008
-0.089930366994379 0.025826944488326505 -0.9956131266865924 -50.104472340123905 -0.005713555651491983 0.9996338799345984 0.026447331977166123 0.5400398535042489 0.9959316665183777 0.0080669092774102 -0.08974987799789093 1.5380104100823315
-0.09112652552957587 0.024474095645511243 -0.9955385351593584 -50.89413538738878 -0.010202279281574009 0.9996225472793832 0.02550836074956571 0.5448982949243313 0.9957870604915331 0.012481250458329696 -0.0908424380156546 1.4524409453906981
-0.09197061693198513 0.025676596984095967 -0.9954306193745828 -51.694570273952614 -0.012073968731101684 0.999565242544183 0.026898795078213248 0.5480467607529811 0.9956885180116476 0.014492696950382605 -0.09162061359145045 1.366493663813851
-0.09297558826828278 0.027235544350112387 -0.9952958178903993 -52.48574373311259 -0.011898532279942422 0.9995240351766058 0.028462748178083676 0.5541215435269753 0.9955972905325476 0.014488900172852232 -0.09260727215522079 1.2892088831788853
-0.09378588366566498 0.026633229963746355 -0.9952360921342974 -53.27033630299647 -0.013775566240493947 0.9995117146046649 0.028045786542495413 0.5627417579459939 0.9954970827681036 0.01634023958611525 -0.09337320156481825 1.2012927530858897
-0.09413985815766389 0.026449497256927926 -0.9952075719169896 -54.06284316016843 -0.014587129917832982 0.9995030647203504 0.027943501129556843 0.5714085413301347 0.9954521097204099 0.01714781937953171 -0.0937072544881757 1.116162288639989
-0.09467104611182427 0.02815038124109035 -0.9951105210297364 -54.85282988602539 -0.01271227245179999 0.9994844274520392 0.02948351081487882 0.579539753147622 0.9954274414326763 0.015441350874878908 -0.09426438100340319 1.0362540780778884
-0.09501732644972526 0.031063178216306837 -0.9949908475124019 -55.63569062988887 -0.01179108899853835 0.9994077899852097 0.032327071273133744 0.5894887977916532 0.995405785544054 0.014803657520075258 -0.09459478753849697 0.9577419139892388
-0.09522665959960767 0.035272285505724955 -0.9948305127893408 -56.388661962049326 -0.012004462545342274 0.9992586829467647 0.036578373863329086 0.5999123229698397 0.9953832308113785 0.015425641986336407 -0.09473264162268154 0.8807232375547003
-0.09579693231805025 0.03731813512939536 -0.9947011131736582 -57.127184517566505 -0.011810000903642792 0.9991840335784502 0.03862370930588401 0.6110052452511514 0.9953308352689105 0.01544745391168601 -0.09527803802839051 0.8069979211579075
-0.09639309061226577 0.03742255470571881 -0.9946395952713288 -57.88766792143683 -0.011646676585077563 0.9991821396364798 0.038722173957307045 0.6197693925171309 0.9952752016436147 0.015316795707810272 -0.09587840613249159 0.7301540217172848
-0.09644382582613986 0.03548317322867401 -0.9947057519073873 -58.649225391725 -0.010720336858576257 0.9992693617320356 0.03668537966655825 0.6311606837356243 0.9952806955013522 0.014201659102540027 -0.09599296870645951 0.6474402460795079
-0.09658121626254687 0.03184669610089653 -0.9948154887277861 -59.40791214498719 -0.010060273609485054 0.9994056972532629 0.032970338072454086 0.6441376499578865 0.9952742634872808 0.013192431359182124 -0.09620343130410544 0.564500713198991
-0.09622125249259803 0.028884018453097075 -0.994940794241927 -60.140118085129636 -0.010236941521007702 0.999497286607624 0.03000631753951583 0.6553364307117938 0.9953073272095662 0.013072396183864493 -0.09587719677254256 0.48158592885152607
-0.09475854321491535 0.026690146864432326 -0.9951424292774087 -60.86047715013834 -0.010956589741957472 0.9995520172877562 0.027851712284771193 0.6592796005160974 0.995439988964183 0.01354255501455566 -0.09442366003637129 0.40268965407753693
-0.09241240843906061 0.025998916166465803 -0.9953813355315949 -61.58852449532994 -0.013186383599939486 0.9995394409290485 0.027331763843385926 0.6623630008083914 0.9956334998653104 0.01565127424219707 -0.09202701538433161 0.32314319765575245
-0.08836391482046854 0.026923045294413965 -0.9957243434754804 -62.27814112560463 -0.01375224597266695 0.9995064054852199 0.02824572754793611 0.6650276288067566 0.9959933204034598 0.01618934915553944 -0.08795004653558633 0.2590817609237119
-0.08246091792900524 0.028523692003096488 -0.9961860248010002 -62.9602602759262 -0.012911697359467587 0.9994758573015161 0.029686676181179796 0.668214773941929 0.9965106547777618 0.015310443034127234 -0.08204940736224349 0.20100403374225148
-0.07539795423744272 0.030082470774421357 -0.9966996505712816 -63.606422836428955 -0.011990171524209118 0.9994452180489564 0.03107236563063386 0.6711411711482597 0.9970814331255139 0.014293392570341002 -0.07499543082882845 0.15712270787431137
-0.06662061582572376 0.0316058262049986 -0.9972776771275397 -64.23982987562823 -0.013267325048730579 0.9993817602316046 0.03255879915507341 0.673768835090624 0.9976901681549499 0.015400294356555561 -0.06616010354192947 0.1146454167246679
-0.05495620896437259 0.03318972432685539 -0.9979370006645568 -64.86866497736884 -0.015397281073932338 0.9993003919048427 0.03408299391702478 0.6805042892337587 0.9983700410327799 0.017238588629149145 -0.0544067296414745 0.08241182188330762
-0.040228231947106265 0.03477565977894856 -0.9985851705494874 -65.46725544470925 -0.01859010698921544 0.999195127810798 0.035545808209713925 0.6875413839181449 0.9990175660500369 0.019993750175770403 -0.039549370126079474 0.06288865956767772
-0.021689808115761076 0.03609929127601361 -0.9991128031374992 -66.07868536347927 -0.020171527736659776 0.9991286708208515 0.0365377696708044 0.6925541802081816 0.9995612345887928 0.02094612883368136 -0.0209427312978111 0.046669653651343054
0.000626174031351486 0.03722318721051289 -0.9993067808435877 -66.63527309485312 -0.02097882208974201 0.9990875384617601 0.037201875142756614 0.6922646535729355 0.9997797242041921 0.02094098432026227 0.0014065012937349902 0.04554355297014286
0.026159423174744244 0.03764125774295214 -0.9989488576972766 -67.13573946535979 -0.020734159466445294 0.9990962911736578 0.037103848779487365 0.6974293505425982 0.999442734332681 0.019741749632688224 0.026916242513690115 0.0649492739191221
0.05521268063231509 0.037192309513334396 -0.9977816855457202 -67.63584016423022 -0.019242832423578247 0.9991600483508292 0.036178877537540684 0.7024465241110379 0.9982891731846606 0.0172026129591597 0.05588199002957494 0.11136794352165419
0.08945351103438955 0.03736085693136951 -0.9952900259386578 -68.0466772562205 -0.018143349356630097 0.999191515856303 0.03587664302713881 0.7056388555077098 0.9958257318616268 0.014848602968873397 0.09005904036869045 0.16388684973796505
0.1265105403628368 0.03758684684970993 -0.9912529001828945 -68.45544050487952 -0.017472149539816267 0.9992112794957577 0.035658700465650055 0.7118224127203562 0.9918113768088983 0.012808117439230157 0.1270674819145397 0.24268309677960756
0.16681426155579226 0.037355900500266895 -0.9852804366470542 -68.83242095801769 -0.017397144426089788 0.999237990153717 0.03493963937090182 0.7139114505747128 0.9858348449448391 0.01131263591587081 0.16733703344215775 0.3331624026009092
0.21192964130586092 0.038373690054963897 -0.9765312524684168 -69.20169471510192 -0.016678655469137153 0.9992252987867087 0.035645823266479505 0.7174881413950347 0.9771425942960996 0.008732821775852358 0.21240548071111706 0.4348498933596042
0.2598713723306797 0.03730239559793337 -0.964922484516567 -69.58234089560932 -0.013253500653869986 0.9992972584535141 0.03506185915919245 0.7136114305966369 0.9655522847383192 0.003677027323313614 0.260183137245051 0.5674388568278362
0.30930941376093135 0.03224340593751693 -0.9504146723048932 -69.90766542890381 -0.0056929975978982136 0.9994698971371205 0.03205486694801419 0.7174270856567251 0.9509444128534643 -0.004504163657432739 0.3093290095877339 0.7122823580304363
0.3600468069113754 0.027000335045432974 -0.9325434460336727 -70.24124648148891 -0.00045868272327014275 0.9995861150328518 0.028764357174822664 0.7167454519518457 0.9329341276012377 -0.009928773386255647 0.35991017353773574 0.8851273772354326
0.4121034563318218 0.02206160660299451 -0.9108699285811674 -70.57414790417397 0.004676081206188712 0.9996424397985327 0.02632730176415782 0.7233620977128744 0.9111250603204368 -0.01510887380721829 0.41185294267293887 1.0714263535034383
0.46306604252934486 0.021419454730072132 -0.8860649226864121 -70.90569839898343 0.004418999128226803 0.9996397247228297 0.02647438767490327 0.7316828510400895 0.8863127623491133 -0.016174910049906586 0.4628045587307484 1.280007120206199
0.5109285673070764 0.02015275355821792 -0.8593869126496866 -71.2485206992508 0.005866501794083855 0.9996201334250291 0.026929036522270966 0.7381961056255951 0.8596031545232011 -0.018800408914152824 0.5106162564572573 1.5257528333892256
0.5554436691418742 0.015905354542038477 -0.8314020387917656 -71.55842878917757 0.01356434152121318 0.999510730441924 0.028183476906480584 0.7416773444822202 0.8314435272760914 -0.02693175501771261 0.5549561618023168 1.7870711352203479
0.5992761708448179 0.009471298775495622 -0.8004863306497357 -71.8525945272181 0.02386867392909437 0.9992740607565191 0.029692387981327006 0.7421547484419893 0.80018645168638 -0.036900487783661465 0.5986150654125655 2.0644963012696698
0.6414998285989668 0.004782320200177819 -0.7671082709246455 -72.02383944102532 0.025117439924899218 0.9993134603068177 0.027234578410974247 0.7411564173783937 0.7667118651221692 -0.03673877329344531 0.6409392938631389 2.237829647916611
0.6825559073419818 0.0013013432102603408 -0.7308322241516263 -72.17776674573793 0.021010689320331545 0.999550138104724 0.02140262481805016 0.7371284010879292 0.7305313027426327 -0.02996377680911816 0.6822215093299878 2.404004623814334
0.7228696610087036 -0.005551931025675064 -0.6909621040658074 -72.33899119257609 0.01738599978201468 0.9997972767403239 0.010155414034017183 0.7401280001779731 0.6907656478175075 -0.0193541076908387 0.7228196443863101 2.603627691111551
0.7621092517894312 -0.007832194135242804 -0.647401069717977 -72.49697996848217 0.012222961856870256 0.9999226706857444 0.0022916919785086996 0.7403880095513609 0.647333057660736 -0.009659678240330052 0.7621460510137783 2.8172477732093197
0.7991166968871574 -0.00871062940979416 -0.601112826091279 -72.7561616314199 0.010581822396993543 0.999943921649821 -0.0004225994856688138 0.7382868438217889 0.6010827977832313 -0.0060231628611553695 0.799164058074581 3.222915669213485
0.8332885989681094 -0.009868724916098767 -0.5527501416537995 -73.00937770238083 0.01038477156043349 0.9999436622144269 -0.002197479653570518 0.7387081295459766 0.5527406872570555 -0.003909049209283799 0.833344137787552 3.65715399953664
0.863894288792738 -0.008202735260385938 -0.5036063670422938 -73.2630684006101 0.007017723376054826 0.9999663476673407 -0.0042491283159854 0.730748516556334 0.5036242739879664 0.0001366275102087167 0.863922781261739 4.155897828331178
0.8899618893770496 -0.0067247895076005945 -0.4559853206656008 -73.49140929304325 0.006140934350154961 0.9999773298348406 -0.0027620176826523173 0.7209697801921319 0.455993557390605 -0.00034208544349153977 0.8899830102849221 4.665119457594308
0.9113766744906605 -0.00026054618420844576 -0.41157318827886613 -73.71282809991902 -0.0005413540843561427 0.9999981757053326 -0.001831808328359114 0.7158798896225914 0.41157291471876517 0.0018922742090946173 0.9113748708233177 5.191990217951339
0.9288965458243007 0.003762989124229525 -0.37032019532903426 -73.88368974733355 -0.005433288585834203 0.9999792280049133 -0.0034674102482313953 0.7119125264940414 0.37029945521270446 0.005232921892927289 0.928897696195678 5.654708888891002
0.9425512753884271 0.008617090226103097 -0.3339503541242097 -74.07631623247106 -0.009899899508786012 0.9999487057703883 -0.002139583564747462 0.7082947447270074 0.3339147874134437 0.005322742164510174 0.942588236274189 6.218104470341636
0.9526037444834856 0.009326192317186392 -0.30407092615523956 -74.23789334748416 -0.009802478488984842 0.9999519537573669 -3.990347019469697e-05 0.6957830670405679 0.3040559445423076 0.003018660907891922 0.9526493952524243 6.781960144698105
0.96010909037922 0.00867058034987761 -0.27949124424135935 -74.40536792402942 -0.008649519865224432 0.9999617358430924 0.0013086847439712107 0.690458511343153 0.27949189680076153 0.0011609849500987385 0.9601473489713228 7.3968876253965625
0.9660724419373539 0.008691151271761576 -0.25812497131964823 -74.57180168375318 -0.008143126473784944 0.9999617491635452 0.0031921311069150297 0.6889633085958116 0.2581428411179156 -0.000981885605939501 0.9661062620023888 8.008578456672062
0.970794850465086 0.011774907688358486 -0.23962201455501042 -74.73250733307664 -0.010658828081044208 0.999925472192543 0.005953103765877026 0.6803891547144625 0.23967425329895015 -0.0032251526226183113 0.9708480059701171 8.633077556892271
0.9743932479020073 0.01641375403478746 -0.22425072379250516 -74.87539417532044 -0.01514967793915314 0.9998581751224513 0.0073564189066173975 0.680348977119863 0.22433966591157356 -0.00377071866826412 0.9745037177863457 9.245468680086345
0.9773108883329464 0.020047410452344094 -0.2108590260814602 -75.02063244148103 -0.018649525042297735 0.9997889562078865 0.008616162743928023 0.6776647324164542 0.21098725734404658 -0.004488248977984759 0.9774785076202701 9.885144594962298
0.9800796075361861 0.018183479491061583 -0.19777088755758102 -75.1545319141767 -0.01688590463340692 0.9998234226344437 0.008245591321816797 0.6796793232800598 0.19788589923596447 -0.0047417955600243455 0.9802135921616484 10.54163527634174
0.9827281579099141 0.01816079552040131 -0.18416175812869715 -75.27477355397133 -0.017003481923813367 0.9998245229351894 0.007861611786159567 0.676590548282281 0.18427221508803965 -0.004594436143412387 0.9828645084156173 11.210049965678904
0.9853599690748353 0.018593614003460806 -0.16946978746410654 -75.39719829873677 -0.01744218493122337 0.9998135832790879 0.008280632550962312 0.67950105621561 0.16959216234739088 -0.0052034804611281685 0.9855005947544775 11.906086478175219
0.987682803681593 0.01998913036588629 -0.15518735122065636 -75.51407718711268 -0.01884549610034195 0.9997833517952621 0.008837236544948418 0.676673151922588 0.1553303788329875 -0.00580380394525668 0.9878455290536914 12.619817225788108
0.9895500136123863 0.0201717282867855 -0.14277209789608852 -75.61503144181184 -0.0195009272213325 0.9997912529862657 0.006096252098591616 0.6675379013580189 0.14286526658790855 -0.0032483580568332016 0.9897368154073598 13.341796344493726
0.9910543553399578 0.020523636016616605 -0.13187132033295845 -75.71818471824973 -0.020608494698206727 0.9997873621484268 0.0007214115006090593 0.6635067747630444 0.13185808548577516 0.0020027113962604727 0.9912665809150892 14.07465554579212
0.992325601384449 0.018864360209338005 -0.12220489659127316 -75.80911052148389 -0.019661511286477994 0.9997925378340256 -0.0053203632694656475 0.6550543556387554 0.12207917844957362 0.007682265634552621 0.9924906331970085 14.809254380713613
0.9932400583667289 0.01873701504701472 -0.1145561465953883 -75.88972336397356 -0.019497106256364305 0.9997946853140186 -0.0055181577958600845 0.6493219837694432 0.11442923273046955 0.007714368733730876 0.9934014491693465 15.559972410061508
0.9939442547274674 0.02085203076525833 -0.1078888840762711 -75.9759118729818 -0.020911424422486773 0.9997811634715386 0.0005809441526169485 0.6392518335123337 0.10787738791276325 0.0016786841425802078 0.9941627890826884 16.314900535071263
0.9943895400403661 0.02548189475104586 -0.10266506561730311 -76.06768113954689 -0.0247288139857213 0.9996571902319276 0.008601614758648091 0.6289010922516175 0.1028490564719383 -0.006014570432970416 0.9946787906280803 17.09041282777565
0.9948123181822616 0.02631173489703293 -0.0982656816978435 -76.15204723044587 -0.025237412340518798 0.9996075255959699 0.012160090059124676 0.6231089382416172 0.09854706799894188 -0.009617035853088329 0.995085919913559 17.85563757756067
0.9951914218950005 0.025072528768197072 -0.09468580721403673 -76.22730269377776 -0.02412168689222624 0.9996465861036722 0.011173500469211601 0.6178132554648975 0.09493249184593766 -0.008835790424740537 0.9954444991055466 18.614081937397792
0.995479222019899 0.025207346662452636 -0.09157351255081526 -76.29862175194339 -0.024342668544122783 0.9996480324839332 0.010547304828274796 0.6073041869363405 0.09180715121822573 -0.008270479141408198 0.9957424597555167 19.362772558040067
