1.0 0.0 0.0 0.0 0.0 1.0 0.0 0.0 0.0 0.0 1.0 0.0
0.9999958160700874 0.0028860365234275875 -0.0001965591653395179 0.007583966176005499 -0.0028857328391400094 0.9999946686406372 0.0015281479912991358 -0.014142709738856543 0.00020096840832803292 -0.0015275743803967938 0.9999988130634012 0.7395944438776825
0.9999836887986224 0.005707973104705865 0.00020292790733108783 -0.0019286943626494746 -0.005708272461330325 0.999982572808941 0.0015065536559277417 -0.0220864472824197 -0.00019432500311887462 -0.0015076874500127445 0.9999988445575057 1.509599161138856
0.9999748916010756 0.007070527816092423 0.00047307908326256774 -0.0008378482263325588 -0.007071142559538656 0.999974140236895 0.0013106488413479594 -0.04040370901498142 -0.00046379987045968706 -0.001313961142693692 0.9999990291974267 2.2453599386286194
0.9999558495468939 0.009359387760744919 0.0008371485493996821 -0.006024126129119024 -0.00936004868124213 0.9999558824416341 0.0007890874840707828 -0.04763998119881412 -0.0008297262407091536 -0.0007968883966766434 0.9999993382614054 2.8205315661690733
0.9999537425090633 0.009540322888914937 0.0012227351688370019 -0.010398124525480258 -0.009541100786462638 0.9999542829735686 0.0006319482565655499 -0.06209052310163539 -0.0012166502786042624 -0.0006435852637057997 0.9999990527796054 3.414555870869809
0.9999519150191033 0.009711058415891793 0.0013649154079968411 -0.0064759585436452915 -0.009713167415012118 0.9999516292464444 0.0015471089649481391 -0.07341330645832676 -0.001349825320475688 -0.0015602922241082892 0.9999978717276252 3.9596221147211637
0.9999404753387622 0.010643907108013533 0.002398545552196882 -0.015372163336237836 -0.010654435854237997 0.999933469015917 0.0044204681225368195 -0.08433878340164944 -0.0023513349225307532 -0.0044457601453986315 0.9999873531404345 4.482227303500069
0.9999410068021736 0.01017062087230292 0.0038133169979536153 -0.018465253212687032 -0.010202976236542314 0.9999112778645236 0.008563625123298047 -0.09499048014993527 -0.003725881287904755 -0.008602027110379532 0.999956060503771 4.964977346785315
0.9999420374847384 0.009459184244556204 0.005142519255879403 -0.01667417051330017 -0.00952089934743736 0.9998813196928299 0.01211193646537245 -0.10245064719265706 -0.005027339901530204 -0.012160195835297687 0.999913423997679 5.450483697371921
0.9999427651174352 0.008552051723922767 0.0064287557590049305 -0.019453018283489776 -0.008644214808543452 0.9998582612599157 0.014447662116835036 -0.11206057240139358 -0.0063042874015504366 -0.014502406752322918 0.9998749602619067 5.962409671120558
0.9999312984213538 0.008917617251203578 0.007607531790676164 -0.01735032889159304 -0.009026408711199179 0.999855743177763 0.014388077711144025 -0.12104420430222164 -0.00747812698230645 -0.01445575791871766 0.999867545567828 6.448255194637821
0.999916957247363 0.009663533430793231 0.00852612050154254 -0.014710194934900936 -0.009765021116363579 0.9998809984714374 0.011942916660455277 -0.13152487277469982 -0.008409695105760718 -0.0120251826345195 0.9998923302090257 6.899947220235969
0.9999095173198475 0.00966167141227173 0.009359982837089467 -0.011557722552056254 -0.009748181888295565 0.999909779911969 0.009241481822231305 -0.13792145332169406 -0.009269850217885116 -0.009331888443354718 0.999913489125444 7.311011423086324
0.9999094303931316 0.00801856439528246 0.010808960908496978 -0.004133717611488794 -0.008098743462854453 0.9999398634278024 0.007394584661172312 -0.1379469070927727 -0.010749016941356986 -0.007481453938044514 0.9999142395634577 7.68819646099548
0.9999100908106178 0.004192333869644303 0.012737135935020186 0.0014538841602691815 -0.004254142135233838 0.9999792894160059 0.004829390619308639 -0.14180992660644717 -0.012716625723633537 -0.004883141999376204 0.9999072168728554 8.047333429518188
0.9998896019725542 0.002383341385366628 0.014666408933611895 0.0073600507460536155 -0.0024374067488376473 0.999990296607392 0.003669569375484564 -0.14847800286476917 -0.014657520783128842 -0.0037049122663799145 0.9998857088235591 8.389022465154568
0.9998406635030518 0.006548752414692893 0.01660606658989933 0.009432795381897757 -0.006579062359287945 0.9999767890187286 0.0017712600787194467 -0.15787481065873643 -0.016594081603081217 -0.0018802301999807519 0.9998605408706486 8.706627548112515
0.9997548583979218 0.010841791905546686 0.01930488689498328 0.012784018931281418 -0.010867737377140736 0.9999401760744457 0.001239579165862962 -0.16843223535533605 -0.01929029274150017 -0.0014490757343104492 0.9998128748848276 9.006925678364482
0.9996762666314994 0.011389002939751897 0.02275197894130597 0.016514340131855026 -0.011442618564889062 0.9999320495519016 0.002227725142884839 -0.171994780530357 -0.02272506136594058 -0.002487346170542007 0.9997386581977026 9.290844434708315
0.9996409996383734 0.007074059205028129 0.02584239788327613 0.027350190840318138 -0.007146651810365915 0.9999707691154183 0.002717771627808012 -0.1765425532345131 -0.025822416809725492 -0.0029014825664275706 0.9996623350857139 9.539490667227128
0.9995989969597334 0.0021167276613436956 0.02823764758443678 0.04231701524447782 -0.0021901229270465863 0.9999943030064934 0.002568524113687351 -0.18109935252195083 -0.02823204984870164 -0.002629338047089352 0.9995979381445198 9.765700956639643
0.9995316762573793 -0.0014219711024872207 0.030568057777642783 0.05198328057539255 0.001306411769103808 0.9999919264801345 0.0038000345839972337 -0.18493323883371116 -0.030573214525188037 -0.0037583204671394212 0.9995254641983183 9.968100710261622
0.9994368941901658 -0.0016988538460510389 0.033511317895974835 0.055920859020824144 0.0015318680398583378 0.9999862864994564 0.005008012912944169 -0.19077074735353533 -0.033519366220496956 -0.004953857954918807 0.9994257908316851 10.14617128414955
0.9993565157223722 -0.0009595784691963463 0.03585573444236861 0.05982666079827308 0.0008102371915837247 0.9999909381993958 0.004179358178780736 -0.19527156555484448 -0.03585941994697605 -0.004147617177925364 0.999348237239058 10.297493489003118
0.9992756413527101 9.7691161404214e-05 0.038055000401615455 0.06496515573591588 -0.00019914306969230037 0.9999964366513292 0.0026621470062312257 -0.19821887868097574 -0.03805460473014756 -0.0026677970466240392 0.9992721000396994 10.439862308706882
0.9991811775604409 0.002249593184515938 0.04039695210575831 0.06860795434849389 -0.0023300802223818738 0.9999953930017315 0.0019454309216233852 -0.2031003245761576 -0.04039238956892773 -0.002037966098276254 0.9991818160670733 10.574199974485525
0.9991040676655443 0.005212659799036146 0.041998692265151835 0.07072737009259558 -0.005271378701817669 0.9999852773611361 0.0012874888561260154 -0.20685501348999355 -0.04199136269217089 -0.0015077263651402713 0.9991168361210129 10.692587516354052
0.9990446003102255 0.0065622952324771566 0.04320674568008369 0.07580083197492056 -0.006567288487918362 0.9999784347805878 -2.6375802857020155e-05 -0.2121825022199988 -0.04320598700293845 -0.00025740056008209536 0.9990661521801517 10.79572738709773
0.9989552837409048 0.0058017034428580845 0.04532859277861192 0.08061484012529074 -0.005722803013253874 0.9999818757560363 -0.0018702099111053674 -0.21439122489744744 -0.045338621635418096 0.0016088494650633018 0.9989703804375781 10.913901948289979
0.9988824579131332 0.004508818671432969 0.04704790991750484 0.08579557119303005 -0.004362758706532509 0.9999853415365836 -0.003206719262995928 -0.21716454374496286 -0.04706167878312562 0.0029978769406420113 0.9988874867190815 11.017608120331948
0.9988258136536274 0.003734757530629339 0.04830161038057001 0.09170932632804323 -0.003536606031390456 0.9999849798145621 -0.004187190352642874 -0.21994170026044055 -0.048316523022126946 0.004011450044303325 0.9988240194706949 11.11810005276748
0.9987523794054292 0.00442738757472567 0.04974015351058946 0.09610656665692562 -0.004155510861326653 0.9999758641292977 -0.00556802373795375 -0.2218692267112021 -0.049763604787788886 0.00535438120870991 0.9987466717042902 11.20550755531492
0.998725624982564 0.005133766635426907 0.05020727480475186 0.10394330172590709 -0.004730158163655509 0.9999555649959851 -0.008154363084128053 -0.22402853302981152 -0.05024690644142884 0.007906483016737948 0.998705530133569 11.320075932010113
0.998660844397919 0.004999805744199813 0.05149291027855909 0.1095725990630049 -0.004461627725694108 0.9999342758601745 -0.010561147571483444 -0.22612782001033052 -0.05154232963761721 0.010317262355373195 0.9986175155448748 11.42247989132302
0.9986039439383967 0.003475837713992256 0.05270751087715647 0.11437332410180072 -0.002766396797998109 0.9999046798498819 -0.013526945814262933 -0.22858865753599328 -0.05274950425772368 0.013362251550242952 0.9985183724068741 11.509830324920811
0.9986463601310201 0.0024911133925842443 0.05195422746158525 0.1196034049690368 -0.0017090973514810937 0.9998846634166166 -0.015091018868293608 -0.23222334177706155 -0.0519858286777081 0.014981796230937148 0.9985354372271358 11.596388641116489
0.9987473026595769 0.0005336506624540865 0.05003539394458872 0.12474941816982017 0.00036303709439034 0.9998395323655367 -0.01791026865052006 -0.23372550405013082 -0.05003692271001314 0.017905997208649656 0.9985868423075064 11.69325519548186
0.9989437708313036 0.0018168135865506427 0.04591341749127292 0.1281495580255205 -0.0010021905443760315 0.9998417873810319 -0.017759386836740467 -0.23661566692630437 -0.04593841890453972 0.01769461486147564 0.9987875461145156 11.760589917524827
0.9990791831588869 0.0031009852795060447 0.042792168312294564 0.1258378356930252 -0.0023203480868218655 0.9998302116186198 -0.018280150968268623 -0.2426493583935834 -0.042841589178360895 0.018164025571524644 0.998916746486768 11.887876626966504
0.9993386195561299 0.0031027611053641227 0.03623115147454888 0.12915193403226266 -0.0024064951358747913 0.9998118988000645 -0.019245150011671028 -0.24588492732021633 -0.03628404945440466 0.019145231556023403 0.9991581095421569 11.984810649093292
0.9995759738689528 0.0019824892376907135 0.029050683302760463 0.12958343662429678 -0.0013937582151797082 0.9997935323381294 -0.020271905013706633 -0.24920788888100126 -0.029084874109620434 0.020222819567745007 0.9993723568654269 12.104070950672952
0.9997498511259266 0.002806212339570434 0.02218919435204719 0.12467935548111642 -0.002343434091320159 0.9997797730390164 -0.02085458555602743 -0.25069593519309613 -0.022242830088532395 0.02079736989042791 0.9995362554281328 12.2063048996102
0.9999045906387796 0.002009669200071259 0.013666413179806122 0.12181063959715525 -0.001700722291621117 0.9997435823718687 -0.02258045725734358 -0.2519087741017825 -0.013708288120027189 0.022555060096799293 0.999651615364497 12.337282582131685
0.9999931702719493 0.0013835586147967179 0.003427123431648779 0.11784992445774553 -0.0013038782026117792 0.999731290151363 -0.02314405742140837 -0.2558680183786756 -0.0034582236898570346 0.023139430802250106 0.9997262662504466 12.43413846620403
0.9999533305648038 -3.2651699664352574e-05 -0.009661036498358339 0.1090163471452425 -0.00020789496575392944 0.9996900103062345 -0.02489658758957313 -0.2585074399645042 0.009658854592513293 0.02489743416074408 0.9996433485499576 12.573631652864654
0.9996652069818718 -0.0008537699831168201 -0.025860104924521787 0.09206785948253804 0.00016433835587901537 0.9996448002174295 -0.026650448235662063 -0.2641483096988905 0.025873672773615446 0.026637276044536713 0.9993102664248631 12.73314878432906
0.9990048378030308 -0.000535974375250118 -0.044598730672622024 0.06080637103856162 -0.0006992955786554258 0.9996166679509247 -0.027677213378262015 -0.2683400995977797 0.04459646882695608 0.02768085775696362 0.9986215124270079 12.914103920777988
0.9977911053735798 0.00012623820550599274 -0.06642961765120543 0.02735663711266309 -0.0019519572828300353 0.9996221139079741 -0.027419322546714153 -0.27329208485120454 0.06640105345652181 0.02748842392845061 0.9974143004036957 13.106532898793255
0.9959878587342905 0.0006284482770899268 -0.0894862576413061 -0.012595095275709019 -0.0029683504980370767 0.9996570806202821 -0.02601749528792148 -0.2787626864691956 0.08943922041925442 0.026178735998883547 0.9956481806503221 13.279947417878535
0.9932884507604952 0.0016151821132903243 -0.11565225796566346 -0.06333682243687519 -0.00449113993931396 0.9996870145251538 -0.024611027037321914 -0.28558188653033095 0.11557630919812648 0.02496525939234767 0.9929848199119721 13.486308447271892
0.9893883879273695 0.002852618123044348 -0.1452669281162283 -0.11820221295300717 -0.006226271383132228 0.9997212396165551 -0.02277447264380837 -0.2883813063272867 0.14516146657823803 0.023437270092399234 0.9891303468155604 13.684231721845244
0.9838688199123785 0.003109423482726121 -0.17886440867268416 -0.16418223654389924 -0.00667565436812165 0.9997906826651394 -0.019339764598709893 -0.29030015522765323 0.1787668337331655 0.02022182834417329 0.9836836365495959 13.847720626429014
0.9765437076767699 0.004026516357319181 -0.2152816159427739 -0.26730613602957487 -0.007430004330847541 0.9998598495319375 -0.015002544104796952 -0.3015095694183252 0.2151910361342946 0.016250183383489443 0.9764367616530277 14.135078375661248
0.9668882259624331 0.005724365214479221 -0.25513602281549885 -0.37109399212908545 -0.008539707693712907 0.9999142473902289 -0.009928305924957331 -0.3043594183843233 0.25505731098661993 0.011778349159575227 0.9668541971793627 14.404135171589093
0.9548999225281133 0.009457679698583276 -0.2967771727247947 -0.48137876535949364 -0.01153657914032656 0.9999196465642538 -0.005254308380577969 -0.30643701609054375 0.2967036320936137 0.008441132005734778 0.9549323023088702 14.65572343832684
0.9408584095570839 0.01294804171449521 -0.3385525090461958 -0.6268663155282286 -0.013937296148882462 0.9999027506036064 -0.0004910309581758459 -0.3165720592020474 0.33851322712971355 0.005180497186876767 0.940947372336585 14.937707833538783
0.9241675850720961 0.015360073802714196 -0.38167832376857014 -0.7488066166264664 -0.014526735373707474 0.999881653961207 0.005064783429240344 -0.3185806003246163 0.38171094909812636 0.0008638313365521566 0.9242813452266738 15.163581609550736
0.9050415174647644 0.018699722407680294 -0.42491195799477405 -0.9680935997752232 -0.014738431597666708 0.9998118901294638 0.012608052577286925 -0.324130073273922 0.4250677949446625 -0.005148275208886563 0.9051468748016843 15.520037664533493
0.8830833505604341 0.022982364946376017 -0.46865297061304256 -1.1651279648958477 -0.01577061236995445 0.9996892082999679 0.019307371495411545 -0.32960188293390635 0.4689510462174428 -0.009659073975116974 0.8831713415535567 15.821478411178251
0.8584042277147392 0.027883600351088174 -0.5122154689902709 -1.3748324355026853 -0.01826867521497872 0.9995498801751295 0.023796902062572293 -0.3304143230422067 0.5126484539597791 -0.01106986329395427 0.8585272393927298 16.091152091432843
0.8306618511323632 0.030838694372231606 -0.5559225341742966 -1.6355997816417556 -0.01903189704550141 0.9994541045372757 0.027005181325881686 -0.3278702893320396 0.5564518631186395 -0.011851913474642426 0.830795315453081 16.397413659492873
0.8001042689699637 0.03420134624629577 -0.5988851531729448 -1.881336588067584 -0.02148633132835054 0.999366634159322 0.028366672260208444 -0.3199228477546011 0.5994760181542615 -0.009828450743160648 0.8003323717143401 16.654758206465083
0.7666305053178794 0.03686476337743017 -0.6410293733809547 -2.117513197424313 -0.02205882502739967 0.9992732720301694 0.031085946093559115 -0.31410687109867463 0.6417094954529374 -0.00969107977715533 0.7668865668521578 16.87919455869335
0.7301292332281052 0.04094895750621781 -0.6820809964109055 -2.374272261083114 -0.023347824479991668 0.9991149095649302 0.03498966386112986 -0.30562897020596935 0.6829100833036447 -0.00962186906049612 0.730439071899903 17.101386973053625
0.6916888175725348 0.04212530956194803 -0.7209660449282054 -2.747879878009376 -0.021111179987140186 0.9990501563703101 0.03811958992449158 -0.29266855052878027 0.7218870394491504 -0.011146450142125428 0.6919211363476112 17.396123706684353
0.651179259953611 0.04199635623448786 -0.757761095246578 -3.102166388264284 -0.01831690206984478 0.9990465928074738 0.03962822855419631 -0.28270067321578307 0.7587028815714562 -0.011925244769224103 0.651327664107984 17.653688180230034
0.611566554645215 0.04057749251991602 -0.7901517679156185 -3.5279116965603867 -0.013520946885880153 0.9990741502924496 0.04084147662280586 -0.2622651556512198 0.7910774508445366 -0.014293681059060967 0.6115489820505724 17.886070808661568
0.5681442403687847 0.04089077258535597 -0.8219124447610885 -4.028091134476688 -0.009180927592861439 0.9990175186322111 0.04335559980528978 -0.24659862943529526 0.8228777750700957 -0.017086315674085986 0.5679614644607275 18.166106792612556
0.5215890179616294 0.04220403965567257 -0.8521524014978574 -4.459451803943763 -0.007214247392997715 0.9989582744191289 0.04505907904197531 -0.22868716672886177 0.853166367701151 -0.017354682546816547 0.5213501357219765 18.389984807040694
0.4723203661591955 0.04185490255504987 -0.8804326429905646 -4.937856764873779 -0.006129350326431252 0.9990037454134819 0.044203480795214016 -0.20644966756257832 0.8814056403131416 -0.015481724126991371 0.47210635818874136 18.60258549679368
0.4204002400086205 0.04081450487807151 -0.9064203298648217 -5.46890710367806 -0.001104032381602036 0.99901003882939 0.04447160251894742 -0.18759028622696639 0.907338095371948 -0.01769515497702017 0.4200291206299206 18.80982355797886
0.36708222556408276 0.03993749840593708 -0.929330746234082 -6.012593952864512 0.003943255590369566 0.9990020848220259 0.044489158865915784 -0.1674396862940292 0.9301801386883447 -0.019995768110364142 0.36655842487577267 18.9921821024001
0.31296317626514686 0.03862576283504853 -0.948979504914327 -6.548986077127709 0.006165711116308499 0.9990690028031356 0.042697911475626044 -0.13876799063169304 0.9497452470575782 -0.01921400747789906 0.31243365313003363 19.13833218874276
0.25928396837192436 0.04419079531900259 -0.9647896130008765 -7.113656706387143 0.0066076373582746725 0.9988481184195143 0.047526576337241076 -0.10825791019808113 0.9657785268237474 -0.018697859205590875 0.25869330719459915 19.258588507990616
0.2078871686872049 0.04929346126931815 -0.9769099650281534 -7.7209708166939475 0.008828071326727407 0.9985941647458133 0.05226623472437934 -0.08182362346338087 0.9781129741762283 -0.019489710405851273 0.207159747384544 19.35456464397248
0.15954393369133107 0.05048316288642746 -0.9858991751123838 -8.324118905255196 0.014182899658247558 0.9984712948923972 0.0534220800155323 -0.05613986767061917 0.9870889415749623 -0.022506077865418906 0.1585840404313605 19.4270003643141
0.11554002959994196 0.05193429651923592 -0.9919442173857846 -8.960564148111743 0.01644129832233215 0.9983954329754711 0.05418711215039827 -0.034141192666137805 0.9931667459543335 -0.022569631338944234 0.11450077061619925 19.47157599709722
0.07518111213590667 0.05029743130554122 -0.9959005817761493 -9.622485679995698 0.016409707541593665 0.9985294377968125 0.051668978619508185 -0.008043415876068272 0.9970348649251976 -0.02022696856299047 0.0742451874961884 19.492346019725854
0.03968714784936501 0.0461262117769326 -0.9981469345155013 -10.29010512997274 0.013872343261565143 0.9988122301593246 0.04670853216053629 0.02415150759328271 0.9991158533363461 -0.015700365322759913 0.03900013000896163 19.490744078693076
0.011232837143226967 0.046349738969029726 -0.998862115142634 -10.98010959991826 0.011603741268917625 0.9988518337177332 0.04647975330493908 0.05406639026526541 0.9998695797744209 -0.012112637046770553 0.010682109599486253 19.47161819815798
-0.009553220027483557 0.05048591828363405 -0.9986790816083838 -11.708043555902316 0.010158772600926838 0.9986780159569594 0.05038868705886423 0.08320033529436856 0.999902762935651 -0.009663979476992556 -0.01005346578644012 19.439627580650058
-0.022258841787543896 0.056402532695070826 -0.9981599562534347 -12.449473973606722 0.01137793572888483 0.9983569521845381 0.0561599377078682 0.11315226413826894 0.9996874944405506 -0.01010694466116017 -0.022864013838121117 19.406042015417007
-0.03045651713529101 0.059311494940373556 -0.9977747978035555 -13.23438793418182 0.01119095370854336 0.9981955536405396 0.05899490865619031 0.14410481704393857 0.9994734429283654 -0.0093692721273885 -0.031065312178086724 19.37811970674373
-0.03416474192209628 0.05643420931642158 -0.9978216025062934 -13.98965069154828 0.012247983001942938 0.9983531214988473 0.056044907939030386 0.17858484725037138 0.9993411616268892 -0.010306542210683823 -0.03479968197956307 19.341913182222125
-0.03347547195009178 0.05246620072921003 -0.9980614663229722 -14.770838361451977 0.019815370134317445 0.998459702608934 0.051822518006379166 0.21450050256920933 0.9992430854822857 -0.018042174124083515 -0.03446354695497319 19.319880230245413
-0.029284233668357928 0.05060712972597909 -0.9982892126429872 -15.551765891138981 0.031514304955690894 0.9982677938245667 0.0496815901093636 0.2563149657403144 0.9990742125796345 -0.03000550338742934 -0.030828355857071627 19.3150277155541
-0.0237785953677335 0.050911714699133595 -0.9984200397171182 -16.379789047248 0.03194140513514209 0.9982312308928742 0.050141363245254374 0.2891947191007051 0.9992068479750977 -0.03069864779585355 -0.025362728228166164 19.29576660409868
-0.01844616819146046 0.04978956537250403 -0.9985893740968155 -17.18034331942809 0.029908138887332725 0.9983398402804473 0.04922465375306836 0.31574810681685966 0.9993824303575424 -0.028957943449606567 -0.01990465784234986 19.277325869357426
-0.01545320652162498 0.0434935331151988 -0.9989341875145517 -18.061120537476985 0.03367925800652147 0.9985092185652551 0.04295402216715502 0.3480287905088876 0.9993132171588295 -0.03297958485735385 -0.01689499909163743 19.266841536265517
-0.013307656849469123 0.03262483650889385 -0.9993790703791755 -18.938261297538723 0.03155435352123881 0.9989834904423187 0.03219174735147362 0.3825497832432527 0.9994134424966643 -0.03110636376133316 -0.014323585113865762 19.248946553472997
-0.012460479181791235 0.02419727466915056 -0.9996295455603271 -19.819354260116736 0.023554170088502357 0.999436860741332 0.023899005480483147 0.40916909735719537 0.9996449057190268 -0.023247651281365078 -0.013023408920017736 19.22164126278731
-0.01373093146838798 0.021291066546196787 -0.9996790244905291 -20.758769092057598 0.01785253366321743 0.9996191338097447 0.021044580377436086 0.432189592044922 0.9997463421102444 -0.017557841746185878 -0.014105801303072941 19.190483101388356
-0.01705130595842415 0.02751119703741311 -0.9994760562428102 -21.723729490899945 0.008274210621064117 0.9995910390021927 0.027373201952234485 0.4477450134765128 0.9998203790700159 -0.0078031265585141694 -0.017271966078050822 19.149949845341336
-0.02196189914830245 0.035610415095904305 -0.9991244033264813 -22.687284405714237 0.003309662878366008 0.9993625554000327 0.03554615304010728 0.47163875106049147 0.9997533301357046 -0.0025261039203822036 -0.022065758123211647 19.119304311529238
-0.026571919359713952 0.045272130413980136 -0.9986212331556548 -23.680810680831915 0.0016644203302238034 0.998974585608299 0.04524386161341774 0.5033240050244581 0.999645518574712 -0.0004599092403435572 -0.026620023985441135 19.08765272908385
-0.02807308531608843 0.05504062335204099 -0.9980893906168198 -24.673251794041054 0.00014554955891127363 0.9984831339124831 0.05505824286730085 0.5451389903337003 0.9996058626759655 0.001400383278809435 -0.028038513343451765 19.046035847068232
-0.029175571081101748 0.06278018729921661 -0.9976008390808254 -25.674998453355503 0.002142685826343063 0.9980273312234175 0.06274436252377777 0.5888501552136843 0.9995720058852894 -0.0003069425694954594 -0.029252535560492454 19.014700648129487
-0.031089030044568623 0.06377144439550181 -0.9974801627554302 -26.63753038669538 0.0031567788395064386 0.9979638459815018 0.06370397837788856 0.6354743456496363 0.9995116342285597 -0.0011683293728649803 -0.031227040337344806 18.988411231351282
-0.03280043953271308 0.06095204449857305 -0.9976016135902672 -27.651975150610557 0.002050628344339004 0.9981406944949598 0.06091755835976469 0.6863231581799004 0.9994598171461692 -4.758745572649905e-05 -0.032864443485016534 18.9456856677855
-0.03554492912275938 0.056009238935384044 -0.9977973357188008 -28.66456125276899 0.0017637732773396258 0.9984302240319648 0.055981933186605985 0.7329391542537955 0.9993665229121316 0.00022998557033155367 -0.03558791914615548 18.900362431400534
-0.039943066307260654 0.05083364878407846 -0.997908057691324 -29.691395618826444 0.0017883443775641168 0.9987071043678004 0.05080277068894534 0.772031403062007 0.9992003569246565 0.0002446151739229566 -0.039982332161289574 18.84985678405829
-0.045603114335209846 0.04610309681194969 -0.997895215154015 -30.736679990628225 0.0018524276130063371 0.9989366550659662 0.046066557040442914 0.8141785131738609 0.9989579192713116 0.00025224981630668264 -0.045640025144185054 18.80030582492928
-0.05221546744886498 0.04433250722073998 -0.9976513287529966 -31.793097381440877 0.0010111845432293353 0.9990159768635805 0.044340224143869574 0.8458492871684635 0.9986353300704498 0.0013064359272924495 -0.0522089145668807 18.73040261887308
-0.058547178155452184 0.04679672945182187 -0.9971871910742971 -32.82782963019475 0.0013716088928814136 0.9989034906067495 0.04679674286421537 0.8815293687547889 0.9982837004674968 0.001372066422421229 -0.05854716743493044 18.658590736576816
-0.06486926127517334 0.05157813834211591 -0.9965599202189374 -33.930500972325326 2.7675245519061037e-05 0.9986634261265059 0.051685206310440185 0.9233005796843364 0.9978937709875207 0.003325201111746694 -0.06478398615300224 18.57691510614574
-0.07075093408509324 0.054526538080106136 -0.9960025913475755 -35.01093024815771 -0.002917022853385729 0.9984892523522422 0.05486988167233998 0.963939842020999 0.9974897474679929 0.006787457702448878 -0.07048499212015194 18.48322800363589
-0.07559348213160112 0.05694192869378138 -0.9955115480072803 -36.0719432531542 -0.005849859188684553 0.9983256536813224 0.05754709679241957 1.0060856548241093 0.99712155959376 0.010173787809655284 -0.0751338101982874 18.39343891190735
-0.07802075719239412 0.058302910092206006 -0.9952454632511044 -37.148662440197576 -0.01039715696468407 0.9981866369111547 0.05929027760985331 1.0504540847488868 0.9968975175885321 0.014973595653079479 -0.07727309272341118 18.288876687266498
-0.07964212983647709 0.059510565028823674 -0.995045538558442 -38.234016222267385 -0.014548852455289911 0.9980406313005017 0.06085416309122611 1.1027583301021693 0.9967173431055288 0.019323325884782857 -0.07862027110997885 18.18807268851127
-0.08148113249827553 0.05892884931660734 -0.9949312618291875 -39.26721228905139 -0.016005227725249822 0.9980444738106529 0.06042400997520133 1.1516579175130084 0.9965463650690127 0.020847518179412806 -0.08037862435683828 18.10845286127222
-0.08301394639658666 0.057978230528537796 -0.9948603969846445 -40.33981342936671 -0.016502263855927204 0.9980893040677719 0.05954339924074936 1.2062356294038898 0.9964117421986227 0.02136038132369524 -0.0818985599288068 18.017580183147373
-0.08386582916277088 0.05734372726912237 -0.9948257232509247 -41.376642297726505 -0.017602831602299134 0.9981017936951913 0.05901652092444869 1.2477839917543936 0.9963215660711267 0.022461219141652413 -0.08269722254252955 17.91800276292306
-0.08472166436315354 0.05649309790036103 -0.9948018744841394 -42.44212103579418 -0.01976204555339153 0.9980997819948458 0.058363402380172076 1.2920988190004985 0.9962086634551434 0.0246039645476995 -0.08344425555694486 17.81993861607958
-0.0854837596596939 0.05399797073817781 -0.9948752414200499 -43.481951818673735 -0.02411792159815112 0.9981255607523611 0.05624669617473599 1.336208178785386 0.9960476156751892 0.028802502129963416 -0.0840212067208294 17.719661583356267
-0.08608734483668544 0.049203368661327705 -0.9950718554814758 -44.56615894992871 -0.029248208316525647 0.9982244282510995 0.05188962471478799 1.3744568950286347 0.9958581783412952 0.033571108935302074 -0.08449538020277426 17.61750220804987
-0.08544235476921638 0.04846124777231952 -0.9951638616207087 -45.62211329426776 -0.030734279035774463 0.9982129009766608 0.05124849671856786 1.4167555581349374 0.9958689713529801 0.03496443604738661 -0.08380023930900027 17.523101084977917
-0.0839412092500493 0.052337947892807685 -0.9950952781518003 -46.454042772576194 -0.03193577571715254 0.9979654101027824 0.055182845774133904 1.4574897802670999 0.995958824258806 0.03641125442439319 -0.0820989703483482 17.45483051236336
-0.08230136261453719 0.055505897274463645 -0.9950605916624107 -47.52294625936659 -0.0320571198271612 0.997783730930257 0.05830923905596998 1.500704601797493 0.9960917762837808 0.03669770644953091 -0.08033960145013531 17.36041594667362
-0.0812667618995216 0.055003549987128475 -0.995173513965871 -48.52985880651069 -0.030120326370325287 0.9978845141011565 0.05761304068044499 1.5470472840024234 0.9962371601931498 0.03465697629504065 -0.07943811833353971 17.28903028528913
-0.07860359601087899 0.054164999524081416 -0.9954333867822167 -49.687108092784555 -0.029756229018495485 0.9979504789944889 0.056651639952184696 1.5957448920931627 0.9964617611974668 0.03407336644990352 -0.07683075015912075 17.18613671846567
-0.0746925125613704 0.05459609912790794 -0.9957109492856271 -50.624882521310106 -0.03445127133656539 0.9977628118600984 0.057292941732180226 1.6390885905853783 0.9966113276852535 0.038582861856636945 -0.0726445063331551 17.110037095989703
-0.06923354841689049 0.055703196201554325 -0.9960441103216949 -51.72811318723474 -0.03926027501761225 0.9975142621349821 0.05851433707089713 1.6803781096922745 0.996827641359903 0.04315612088958283 -0.0668745291618281 17.020665385002278
-0.06379525525165805 0.055403147497648186 -0.9964239342040762 -52.81997653667211 -0.042794865029639376 0.9973874632729287 0.058196629052634154 1.723997454068366 0.9970450165035031 0.04635449658176452 -0.06125761758492122 16.947548830578654
-0.057884643046012624 0.05445703559438949 -0.9968368970768019 -53.77718097562806 -0.04429691556709452 0.9973875935932005 0.05705936748343031 1.7685290945442995 0.9973400379863816 0.04745966098318519 -0.055321146125905066 16.880347286597342
-0.05180359896509702 0.05368810227901337 -0.9972131040093393 -54.8647544389077 -0.04390968928386914 0.9974657247369909 0.05598273985708688 1.8151301783215832 0.9976914985712052 0.04668742495137661 -0.049314886496392964 16.806359819901765
-0.04684118347314195 0.053689181529488955 -0.997458457940745 -55.95291878680032 -0.041943934440476276 0.9975681115305862 0.055664793370276834 1.8531860054421447 0.9980213474142164 0.04444473696621679 -0.044475335428924304 16.759285191736897
-0.041699894784450596 0.054563277126359645 -0.9976391970869015 -56.97285835717122 -0.04092237876784445 0.9975765668688505 0.05627034876506129 1.8910692313895414 0.9982917798374114 0.04317223671982577 -0.03936597878448486 16.721000493488177
-0.03598793542395967 0.05622655296527908 -0.9977692334631105 -57.90695414708741 -0.03997127888511638 0.9975360569061714 0.05765511283814063 1.9284641926492867 0.9985525351067959 0.041957000771422864 -0.03365181596968683 16.684180293205984
-0.030381551291298166 0.05735460625952519 -0.9978914823175657 -59.05057687692958 -0.04081276948141956 0.9974485805466452 0.05857172536934632 1.9813857589199653 0.9987048008237421 0.04250621491382746 -0.02796323488634299 16.639865139413313
-0.024966854466273534 0.05640767542230276 -0.9980956017995029 -60.22318116119275 -0.04040272626840437 0.9975341587976814 0.057386598974723035 2.0341558824508366 0.9988715011892871 0.0417585462541199 -0.02262626629831414 16.600587250248633
-0.020271443174657122 0.052174634684901376 -0.9984322090593399 -61.28500115056585 -0.04040796074185674 0.997778702882778 0.052960898616325455 2.071687954927094 0.9989776100095044 0.04141820335385462 -0.018118143686303257 16.57623378677616
-0.015608028790291566 0.04705501025246046 -0.9987703517062478 -62.43457985208941 -0.040148273840943716 0.9980569659372435 0.04764880745349057 2.1100454504619073 0.9990718220152515 0.0408426095430751 -0.013688524421495499 16.548566703613687
-0.011886905237029054 0.04639185081463808 -0.9988525905567237 -63.4913093315368 -0.040141876998192376 0.9980957707828003 0.04683441103027683 2.1472323018811244 0.9991232812796168 0.04065253403520266 -0.01000201387565508 16.533809192994802
-0.008698768009400273 0.04878288263586677 -0.9987715263246414 -64.61194267515897 -0.03946079257257521 0.9980145578838355 0.049089592598430286 2.182420101923931 0.9991832551062209 0.03983933500538065 -0.006756485896249592 16.52241851592684
-0.006273729210428556 0.04829519109257362 -0.9988134034138338 -65.71766235074614 -0.03972005640489865 0.9980327622239035 0.04850693400865937 2.222123185735283 0.9991911516026283 0.03997724409036466 -0.004343099579046568 16.50730158242087
-0.005248612689869837 0.04822282279672098 -0.9988228128283554 -66.90131251498548 -0.04140775055057056 0.9979693956802064 0.04839920949797433 2.2618245632144713 0.9991285454130384 0.04161303458296643 -0.0032411562170580224 16.494043887057227
-0.004536896389262332 0.04929448552271909 -0.9987739835759657 -68.02313522501933 -0.04250612588631681 0.9978720427925247 0.04944305285086649 2.296091281350489 0.9990859051319312 0.04267833068581122 -0.002431924460761427 16.483929482556903
-0.002970438160553508 0.049097778211550654 -0.9987895597531161 -69.2389008905902 -0.04318168525702686 0.9978560211638816 0.04918031196885008 2.333385220648485 0.9990628201246896 0.04327550348268359 -0.0008439447984529049 16.466448671467646
-0.0015997418352059409 0.0472822915625363 -0.9988802859855909 -70.42449594466756 -0.04338834916718992 0.9979376152671119 0.047307157931322154 2.3680432892526224 0.9990570013680937 0.04341544586421262 0.0004550580236716433 16.44893388503159
-0.0011552575501826783 0.04625581327917217 -0.9989289589945197 -71.51776201839681 -0.04140056400932761 0.9980709589217168 0.04626396283066807 2.4000355065946755 0.9991419612245813 0.04140966909998496 0.0007619877475554099 16.445285561803203
-0.00047700284766241267 0.04591469732390717 -0.9989452502704725 -72.71310644549114 -0.03830425747810728 0.9982114214459316 0.04589925875160508 2.438236989344874 0.9992660087921207 0.03828575015002247 0.0012825786977253759 16.4403280071522
1.9796991753525113e-05 0.046633910182503055 -0.9989120471939305 -73.9307779831342 -0.03612287521465536 0.9982601467552383 0.04660276050235207 2.473827628975907 0.9993473557749107 0.03608265263673678 0.0017043134661871154 16.43324711020482
2.838093229801948e-05 0.049449769118746836 -0.9987766114245092 -75.11766635828836 -0.03582800068684165 0.9981354186417616 0.049417005368819725 2.508839571248741 0.9993579706798295 0.03578276661943481 0.001800014375691266 16.425888929180065
-3.085856375413129e-05 0.05305149740186341 -0.9985917772899839 -76.35998655147927 -0.03790225109590392 0.9978741791161617 0.05301454531647491 2.5521096565654138 0.9992814510485084 0.03785051223787634 0.0019799782115642183 16.420918582695524
-0.00030750762343064386 0.05305256641293276 -0.9985916736264442 -77.57028393861967 -0.040043757557780495 0.9977901241103139 0.05302231330846949 2.5930041702997064 0.9991978797614194 0.04000366764346973 0.001817596037509752 16.41556085932041
-0.0007641323273595248 0.05160247008696259 -0.9986674126968951 -78.72844996138335 -0.04047971686969871 0.9978475599765225 0.05159108034391893 2.6289203372688026 0.9991800681678633 0.040465196525258935 0.0013263658005424422 16.403005913934457
-6.340784259044446e-05 0.04928824129888869 -0.9987845940187043 -79.91575797465184 -0.04007708371827429 0.9979820381857846 0.04925118089131432 2.6677947304953906 0.9991965889353728 0.040031496702135426 0.001912049084876667 16.386422573696393
-9.036983422105655e-05 0.04874142594525127 -0.9988114262612922 -81.0242125093731 -0.03789417424593794 0.9980938749434417 0.048709838416967854 2.7003443211444167 0.9992817537569232 0.03785353612560174 0.0017568185097491316 16.383441551085493
0.00011630289556863946 0.050014867919507634 -0.9987484665623425 -82.26306600388503 -0.03683809256234889 0.9980707841832241 0.049976641506357715 2.7397081773799314 0.9993212403476696 0.03678617602960947 0.001958530856095388 16.377364741836825
0.0007193153709207434 0.05254381770200539 -0.99861836043941 -83.38724783406262 -0.03661687632338141 0.9979503061017254 0.052482291487644314 2.7790188691514093 0.9993291184358214 0.03652853367949947 0.002641831468946606 16.37053058786355
0.0009191968140582846 0.054911420399741465 -0.998490806661183 -84.5513771963042 -0.03707058815401881 0.9978067855990009 0.05483967638952449 2.8197303840365726 0.9993122267695581 0.03696423301348938 0.002952779468959278 16.370016673144814
0.0012368621634714092 0.05536808395391031 -0.998465244989159 -85.7560574911737 -0.0383968600932488 0.9977323370057068 0.055279877244016146 2.860897489583423 0.9992618031862165 0.038269556731255545 0.0033600179501237365 16.3615592943786
0.0015368702226598318 0.05343420861797329 -0.998570189510627 -86.92816672452349 -0.03790274160078197 0.9978569392365694 0.053337707080197666 2.9000428535570073 0.9992802510852818 0.03776657472950856 0.003558879618276426 16.358287000792394
0.0018419805601839218 0.0521456271270866 -0.9986377925349805 -88.07116719297166 -0.036341796871004826 0.997983292567697 0.05204441906610278 2.940481834260107 0.9993377211472623 0.036196426995828986 0.003733331613061723 16.356145837299547
0.0017434543137834697 0.053049822401040864 -0.9985903447912332 -89.18715530345233 -0.03470610418406572 0.9979934806311003 0.05295752024207434 2.9803592164115194 0.9993960409664535 0.03456485152641322 0.0035811087021307554 16.36588829301881
0.0025127076607052083 0.05582630846052945 -0.9984373338291602 -90.37702598875258 -0.032446695742614884 0.9979193224205839 0.05571568787183897 3.0242893181645925 0.9994703088314324 0.03225599515308524 0.004318858771264144 16.35108219204135
0.00233349812534358 0.05842661222811392 -0.9982889790887431 -91.52469686908597 -0.031169010872510314 0.9978109023232141 0.058325774458346115 3.065774479669941 0.9995114044110398 0.030979576957766396 0.004149489581800691 16.354652822222707
0.002519067288531357 0.06013087856341065 -0.9981873229725915 -92.65643825472078 -0.031549902359791104 0.9976983446750154 0.06002180182088221 3.111912624264678 0.9994990034817866 0.03134151361900074 0.004410392611376821 16.352602410658232
0.0027988048912262198 0.06189466545862958 -0.9980787629635978 -93.8413246183444 -0.03384927957280321 0.9975165790973813 0.06176488240305753 3.161796805656479 0.9994230300346215 0.033611379228256626 0.004886944115831287 16.347126751042314
0.002826961350094939 0.061039740520483866 -0.9981313332256019 -95.04014005418453 -0.03565952617578395 0.997506652700247 0.060900541965330866 3.212029084709684 0.999359998440224 0.03542072692569256 0.004996560978499437 16.344453517107382
0.003177082588941123 0.057125437468382834 -0.9983619536722488 -96.15222313060958 -0.038024709569988956 0.9976518665523764 0.05696380102030447 3.2548499839630614 0.9992717486291414 0.03778144463369241 0.005341800543842005 16.333030913597106
0.0036775028207753475 0.05536546030825996 -0.9984593841403155 -97.34253060387408 -0.03941880603280201 0.9976981203267385 0.05517806110624489 3.301772178998463 0.9992160095314487 0.0391551593196948 0.005851477992592006 16.32555627703001
0.0037607480621500104 0.05370645388769336 -0.998549685085736 -98.41859291701131 -0.03938481360573554 0.997789927499649 0.05351725924867735 3.3428776466769166 0.9992170401025271 0.039126428294156475 0.005867655212069004 16.322547716966213
0.0039844826667516375 0.05402041841654738 -0.9985318814599662 -99.6202078445921 -0.03812105924065662 0.997822191483728 0.053829908275832256 3.3897710289728002 0.9992651843931368 0.03785060867034168 0.006035120797129383 16.322065091822047
0.003885224296437337 0.055890796704148975 -0.998429328433386 -100.72309420236411 -0.03792222225643321 0.997726906374842 0.05570390789545039 3.4388706618683758 0.999273140883563 0.03764623672383018 0.005995896032560737 16.321536980987748
