1.0 0.0 0.0 0.0 0.0 1.0 0.0 0.0 0.0 0.0 1.0 0.0
0.9999315098158508 -0.002648406227425115 0.011400071133448895 0.009911459475549536 0.0026354082075613324 0.9999958602427435 0.00115504153826632 -0.004047789001606811 -0.011403082959124577 -0.00112491858822678 0.9999343499736356 0.21198716764561462
0.9998207278955946 -0.004610237545877249 0.018364579496795857 0.017478183162953697 0.004589273886339626 0.9999887688750045 0.0011835070971579773 -0.006893569509480256 -0.01836982949076317 -0.0010990148422318471 0.9998306564268056 0.4278309656612832
0.9997673475231421 -0.007377410536995461 0.02026880954347897 0.027397343171238434 0.007382721227059073 0.9999727298204091 -0.00018719722963098573 -0.009165785664199256 -0.020266875778588267 0.00033679264819568076 0.999794549053398 0.6618477021766812
0.9998100003550255 -0.008914111219006524 0.01733498806631881 0.039514045772187534 0.008948475901985444 0.9999581454161174 -0.001905831836967302 -0.009135491543820906 -0.017317273720647258 0.0020605914525675343 0.9998479214329297 0.8936686720183115
0.9998813206673173 -0.011430774717123417 0.010328696430233292 0.0442523170589861 0.011469196004516968 0.9999274978849331 -0.0036683124985927816 -0.008253806060083 -0.010286015924132813 0.0037863389895428272 0.9999399289524671 1.1285310060972373
0.9999123823077134 -0.013150689259802093 -0.0015123093946816171 0.035811717765509135 0.013142064741026022 0.9998980807362785 -0.0055780170535210515 -0.012166060661671666 0.0015855100301783056 0.005557653452565856 0.9999832991835642 1.3900948060152047
0.9997694086476121 -0.012441895015992863 -0.01750225073569569 0.019194808871877952 0.012341715427058874 0.9999068991556355 -0.00582023034590778 -0.016560321281476845 0.017573035956306576 0.005602880453208051 0.9998298835991579 1.6079042691872303
0.9992751102756666 -0.00798797906517666 -0.037221582099755034 -0.006059523195802205 0.007766825986927249 0.9999513395679547 -0.006082344148584619 -0.01790763823628562 0.03726835651921473 0.005788841568684475 0.9992885263604548 1.8554204899185522
0.9983712890813718 -0.004493142746624297 -0.05687337519664695 -0.04234924549149432 0.004085331658513371 0.9999651206491261 -0.007284747793750905 -0.02221502029681911 0.05690412290194856 0.00704053644526236 0.9983548225171864 2.128436352692265
0.9970431953379897 -0.004206234262039749 -0.07672792336264922 -0.0873716139579189 0.003642800042063438 0.9999653760650975 -0.007481756400846289 -0.02852958470466375 0.07675673676013897 0.007180129826187303 0.9970239962496458 2.450465946776816
0.9951651462068487 -0.0056964823888661625 -0.0980504047084711 -0.15711219125505807 0.005063619319067399 0.9999647201618831 -0.006702103472677514 -0.038012296447356056 0.09808512392046613 0.006173209858756312 0.9951588817598657 2.959069287466237
0.9930035798403449 -0.007075889637495851 -0.11787205864876453 -0.21928631136895488 0.00643549636578184 0.99996239785788 -0.0058126806935540455 -0.043895149117530084 0.1179087562939488 0.005013447532106634 0.9930117776406565 3.3192706246972454
0.9907517424243574 -0.006127812390500189 -0.1355486436612575 -0.2940704973068864 0.005489253563740929 0.9999720092265715 -0.005084177287149452 -0.05088082885635033 0.13557600443445986 0.004293096630759816 0.9907576476328134 3.750635252209351
0.9885264581724131 -0.004836052871254224 -0.15097037486119833 -0.3707084202890626 0.004214563751166557 0.9999812780345942 -0.0044363309938978725 -0.05747771832955524 0.15098900273030372 0.003749156295288286 0.9885283328673901 4.175551677540578
0.9863580415205156 -0.004297360791528886 -0.1645580341947491 -0.4513118328133679 0.0035811854117758684 0.9999827829121889 -0.00464854711076798 -0.06313437119966712 0.16457517746871567 0.003995818992644159 0.986356448953277 4.612399364553056
0.984241440512408 -0.005754677640410322 -0.17673616059911204 -0.5518778938140115 0.004864259469529518 0.9999732033913875 -0.005470966914593438 -0.072579824660354 0.17676290832036354 0.0045250618142126135 0.9842430584249524 5.108565761147266
0.9823702261735354 -0.009685883594851306 -0.1866947304739587 -0.6309168424180048 0.008357081911568129 0.9999338467536281 -0.00790324606829415 -0.07797831823212936 0.1867589299328962 0.006203690472586183 0.9823861849165224 5.5586066490248545
0.9808236777629781 -0.008693807431463812 -0.1947031865477571 -0.7177615355562477 0.00689647797029918 0.9999271412660646 -0.009907106090161027 -0.08550915761921069 0.1947751311926429 0.00837435799456604 0.9808121728430308 6.0100489993084505
0.9792413566618314 -0.008212192564669834 -0.20253129460993652 -0.8248826873099059 0.006026750272212425 0.9999167988485856 -0.011404984066378842 -0.09618950138091871 0.20260810369837753 0.009947626534945384 0.9792093754872185 6.520901292092566
0.9775909041064325 -0.008755784993306773 -0.21033154884020397 -0.9516363094455046 0.005945976820752428 0.9998844890543479 -0.013987634116373602 -0.10964811083277187 0.2104297259609849 0.0124235573680588 0.9775300433512553 7.054819233701434
0.9757593070842828 -0.012854179514832437 -0.21846863552327395 -1.0665089196793998 0.009659433173468297 0.9998303210782403 -0.015685165072479097 -0.12085006772013165 0.2186331859283214 0.013194662617288884 0.9757179053851822 7.571359396371211
0.9738041562333983 -0.01921187723709832 -0.22657530552905802 -1.1735699232282497 0.015782281654723382 0.9997319652000937 -0.01693863462414808 -0.1320770016640909 0.22683999843133995 0.012919037510049651 0.9738463500889054 8.087999151091642
0.9718696980044422 -0.019675581561554575 -0.2346958917215408 -1.3197612544686081 0.015602988925147183 0.9996939616057418 -0.019197131702942145 -0.14974516172674626 0.23500178049826842 0.014995153191381044 0.9718792664438366 8.617821183732122
0.9698476028209245 -0.015519768116222944 -0.24321752424553034 -1.4803280425913865 0.010130265913267293 0.9996749888095882 -0.02339432540332772 -0.16322820797475715 0.24350155033394133 0.020225072216656204 0.9696896108749424 9.17872404429378
0.967619898936123 -0.012755195340475789 -0.2520893416522675 -1.6391146958024079 0.006324925544766235 0.999634038335592 -0.02630180065565741 -0.18159669561537983 0.252332571222386 0.023855699375685456 0.9673464628082308 9.732820589508268
0.9654031103200139 -0.01534604136397926 -0.26031007202737777 -1.8237741135202825 0.008326144393578405 0.9995718783658419 -0.028048802108473672 -0.20372667524545976 0.2606290657313202 0.024911021549468223 0.9651175737190679 10.338812809781963
0.9630965665264274 -0.018085390073514136 -0.2685478024689388 -1.9924052055892016 0.010355237193251545 0.9994910276947027 -0.030173740577847646 -0.22775846624685403 0.2689568229431608 0.02627934975749181 0.9627936555506814 10.907033847783342
0.9608110419466057 -0.017676014945637107 -0.27664001910266 -2.1751288622214098 0.00895325711518752 0.9994230612716654 -0.03276253630907143 -0.250288077959665 0.2770595258432883 0.029001777428555846 0.9604149707524745 11.506895325308195
0.9583772070696092 -0.016926496403558606 -0.2850028468085123 -2.359530934974101 0.006815863616520016 0.9993129577681252 -0.036430158383996 -0.2736954760815894 0.2854236727614178 0.03297129291099074 0.9578341301452776 12.113811248986046
0.9559453492816661 -0.018096338888586975 -0.29298636778113696 -2.5518340820061036 0.006136189199642297 0.9991117792263459 -0.04168932469196954 -0.30132822458482444 0.2934805553505382 0.03805489626836047 0.9552073013231965 12.740224201148305
0.9542702565710298 -0.019490382144418394 -0.29830923959496497 -2.7810954671428925 0.005043395582997949 0.9987800038509932 -0.04912298920469051 -0.34106493480284716 0.29890272930312123 0.04537211601055512 0.9532043482401188 13.417919221372365
0.9529663273639668 -0.020178006152735267 -0.302403748287176 -2.990145988136731 0.003060995173064956 0.998371165626904 -0.05697057094086698 -0.3826413929290327 0.30306073519838206 0.05336537934352245 0.9514758678329882 14.041324757214548
0.9517619077975698 -0.020154763421015482 -0.30617487874901445 -3.2214795929653572 5.536586021919745e-05 0.997851642730106 -0.06551409035811533 -0.4304025422006897 0.3068375267143056 0.06233686399132267 0.9497182990695584 14.713651016853035
0.9504617680809957 -0.019535619266477317 -0.3102269926944189 -3.445457442593043 -0.0037710988915966447 0.9972250020255169 -0.07435101982056765 -0.4795998620899436 0.3108186066333505 0.07183769842557508 0.9477505678475844 15.369115568558168
0.9491523528170898 -0.018708147270822886 -0.31426074582657665 -3.6718818402662743 -0.007176808763580768 0.9966875022849643 -0.08100935874904222 -0.5405064009483262 0.31473529283789237 0.07914561273155464 0.9458740230218784 16.023728595720165
0.9475379348072314 -0.016955606664871968 -0.319193310556273 -3.9048040994771887 -0.011678731390008568 0.9960889221045142 -0.08758119943108604 -0.6015464219130504 0.3194299130237603 0.08671428177234575 0.9436340201594786 16.67379070591463
0.9460156054762867 -0.015779879421352744 -0.3237367288411716 -4.160869138223997 -0.015314723121250377 0.9955224059148208 -0.09327699918675975 -0.6721788817774123 0.3237590669789095 0.0931994352290554 0.941538067112494 17.36105256980982
0.9444087081109114 -0.013589839007891987 -0.3284927827517964 -4.408399485265961 -0.019974279424012146 0.9949280502529487 -0.09858601818390794 -0.743937675785558 0.3281664519809584 0.09966690070231893 0.9393472673610243 18.02787064959082
0.9425747649442046 -0.010854726938910151 -0.33381879424840527 -4.654184406052399 -0.02454614613757733 0.9945176234458322 -0.10164734804925832 -0.8174637259064975 0.333092028124616 0.10400419010182256 0.9371407734385983 18.70943246887956
0.940795694211497 -0.009642011397617275 -0.33883697166825727 -4.927879198021584 -0.026882576849266582 0.9943247158077859 -0.10293535153536584 -0.8991915327905322 0.33790647939193214 0.10594994643686365 0.9351972091676576 19.434989151284327
0.9386476855335683 -0.009373585329884733 -0.34475013900002777 -5.210822233200308 -0.027548547777397146 0.9943984273023955 -0.10204335007181556 -0.983028109285705 0.343775508083155 0.1052801200445079 0.9331315536223083 20.1618833462498
0.9363220848149169 -0.00891858807798973 -0.3510290761098604 -5.492555380643336 -0.02829147164329323 0.9945113501642788 -0.10073116214300332 -1.0669146449854519 0.35000078017070696 0.10424794089629982 0.9309306207762091 20.90181400298081
0.9338793834322033 -0.009285903330835538 -0.35746757782995847 -5.786132433387665 -0.0280373459165808 0.9946838036870977 -0.09908601271885634 -1.1460818116273022 0.3564873131462616 0.10255682659822182 0.9286543452134716 21.62889930824981
0.9308065298380931 -0.00845459405968507 -0.365414454900258 -6.084912905871589 -0.028618428299786718 0.9949776106128285 -0.09591944506113957 -1.230028968550906 0.3643901611904696 0.09974003317862358 0.9258896998072237 22.36000383719895
0.9272791922921116 -0.006539847012973377 -0.37431341138561386 -6.378752951550891 -0.02934517199132003 0.9955012797806294 -0.09008919377999305 -1.3091972870220707 0.37321864961827467 0.09452212627832803 0.922915709705353 23.09641253734032
0.923717142203662 -0.003131455437144144 -0.3830624429331916 -6.6962970448107395 -0.03190373388104965 0.9958637567418134 -0.08507367261691301 -1.3835403039415737 0.3817444079008184 0.09080513198563013 0.9197965182808238 23.839326534734013
0.9201967916015644 0.0006682721034586081 -0.39145551233643705 -7.038832588566683 -0.035181381063473606 0.996092953803332 -0.08100060376207033 -1.4615317963866883 0.38987194712194045 0.08830844124855221 0.9166250509622775 24.599619465631736
0.9164633624204086 0.0014646240993664282 -0.4001159334709452 -7.4055891223701895 -0.03608142873904768 0.9962216130205551 -0.0789976471223825 -1.5373235186123086 0.39848843877988116 0.08683520384596906 0.9130534549147722 25.370601720457405
0.9124349800331703 0.0011805203444506275 -0.40922000633349304 -7.753992606457532 -0.0363440883217743 0.9962779706906265 -0.07816209030358874 -1.6104635227404471 0.40760460553816935 0.08619055335872737 0.9090817752302539 26.12275718764163
0.908619785933042 0.0013096493732994003 -0.41762228081067637 -8.1236290765734 -0.03680092299435808 0.9963560835672305 -0.07694314007976094 -1.681408749392027 0.4159997315837542 0.08528094486513037 0.905357047669678 26.89896083665169
0.9046947334915852 0.0021155814617253195 -0.42605511792216283 -8.490079515827237 -0.0377910243205517 0.9964446724020384 -0.0752984284191789 -1.7480276515390287 0.4243810524439004 0.08422315095431623 0.9015581973283446 27.652951561856153
0.9005229136308582 0.001227956928850363 -0.4348068239431973 -8.859740073463184 -0.036654491050700566 0.9966508129736018 -0.07309996774878134 -1.8179196405799645 0.4332608109575612 0.08176581878046378 0.8975519041078112 28.430200397087805
0.8965069957545977 0.0019695499694560373 -0.44302519954962316 -9.243255510365294 -0.036354293950846286 0.9969447225127508 -0.06913454682942403 -1.8850421376497792 0.44153547068655863 0.07808547321296179 0.8938395197118483 29.2099674349612
0.8925343231101179 0.00419717489269606 -0.4509599381245341 -9.63656155197775 -0.036723863915480943 0.9973122087454169 -0.06340123111151104 -1.9497619928289198 0.4494817458912882 0.07314876629347973 0.8902895136416367 29.994939081825986
0.888893775562152 0.0047999323237109095 -0.4580882190326993 -10.074841826632744 -0.03582854309627976 0.9976106664370532 -0.059070074577713114 -2.0199580705099702 0.4567101611158442 0.06891965511163238 0.8869418864124266 30.81335671140429
0.8854056700148986 0.004188040240554267 -0.4648002364719836 -10.504036808420848 -0.03457627972006515 0.9977824272377435 -0.05687450022881094 -2.083962115883184 0.4635313154320731 0.06642806797206056 0.8835870253683626 31.60445157224959
0.8821191961411569 0.003222215150895505 -0.4710152238822017 -10.949029236809466 -0.03351110712770259 0.9978719719447636 -0.05593329336043624 -2.137571548893041 0.46983266116603134 0.06512407340293079 0.8803500017408163 32.4163981743208
0.8789762658294841 0.0035933995782105183 -0.47685198079480323 -11.406849276603676 -0.03343324065493357 0.9979752904077793 -0.05410672929329541 -2.1923192936246196 0.47569206691699767 0.06350123790116198 0.8773167331455927 33.2426215168112
0.8761946190664982 0.0027205408741874048 -0.4819497776493585 -11.877731086866401 -0.03218910869657823 0.9980816034044313 -0.05288642762523758 -2.251625580438663 0.48088132714863663 0.06185233708592989 0.8746013020781382 34.071017897223854
0.8735544940978712 0.001505736240761313 -0.48672402714452623 -12.357001879903363 -0.03109393647870684 0.998125208828419 -0.052718446633822004 -2.310361012190763 0.4857321411597861 0.061186601961526296 0.8719635811114657 34.92092485775532
0.8716508235737712 0.0004479985027540448 -0.4901271682538196 -12.87370631090136 -0.030456325100028558 0.9981165583739569 -0.05325174326845001 -2.368176186676014 0.4891801856418223 0.0613443982533782 0.8700227645173219 35.79537726361561
0.8701196200977589 0.0008393375995505176 -0.49283987484103375 -13.33409514639557 -0.03134446595747515 0.9980682947931667 -0.05363956918638749 -2.426117389146225 0.49184283178142635 0.06212064424210803 0.8684651140858641 36.61445048480635
0.8695562955655586 0.0007574369580812335 -0.4938332462801158 -13.827111721625412 -0.030777607424613673 0.9981379298199863 -0.05266319336964581 -2.483662967583817 0.49287380506932943 0.06099261712639386 0.8679604328150874 37.47021134264417
0.8693169303659422 0.0014171171994823133 -0.49425303879488536 -14.328117639631115 -0.03055495684457741 0.9982372845800461 -0.050879448567002175 -2.5471074225715578 0.4933097092003781 0.05933224631765715 0.867827871962833 38.345874598088606
0.8689475551417403 2.5318864857290686e-06 -0.4949041790152731 -14.831101788534792 -0.02861455031591387 0.9983273761023814 -0.050236019296443335 -2.6085894980435977 0.4940762632665226 0.05781392667968633 0.8674942051440261 39.22731033696309
0.868399717696589 -0.0018486032517633043 -0.495861384835018 -15.361879856711527 -0.026981030180050835 0.9983354721848897 -0.05097361070001566 -2.6708381703116273 0.4951302397500153 0.05764432013122485 0.8669043649917222 40.14241709392023
0.8671856628972158 -0.0043257539170458124 -0.4979661774845407 -15.877395603892227 -0.024661181265520835 0.9983623139275225 -0.05161895260340228 -2.724111992015788 0.4973739560975275 0.05704364979848614 0.8656588068133785 41.03337617415491
0.8656565922345986 -0.004508802462269067 -0.5006179531550359 -16.42796673360964 -0.0235337315668283 0.998487548056244 -0.049686817720302756 -2.787052615437477 0.5000848206047871 0.054793129833824575 0.8642412192922131 41.96361636935743
0.8639919574340923 -0.0035030014115679923 -0.5034934224697636 -16.985234816234076 -0.022601263260398186 0.9986980369717237 -0.04573197839433454 -2.8482850786752567 0.5029980918335968 0.05089164892137271 0.8627878995916805 42.86378343465572
0.8611046268021814 -0.003810734027671447 -0.5084135128082709 -17.50897285310924 -0.020027603206838628 0.9989415618714346 -0.04140834548310838 -2.9102772439009144 0.5080331847523988 0.04583922198324686 0.8601168809634566 43.74051469902141
0.8571955154716607 -0.0038414084673910965 -0.5149767876674249 -18.073188231080437 -0.019159770920432823 0.9990420059781187 -0.03934429398900976 -2.971172825031721 0.5146345804875048 0.04359258964782604 0.8563007267860079 44.65286592100247
0.8518009475790194 -0.007576407606513833 -0.5238107900294384 -18.607097866284917 -0.016665663058352813 0.9989974001269 -0.041550574177983864 -3.027232630645832 0.5236004214840836 0.04412247259021918 0.8508206662007067 45.542060535530034
0.8457252218833812 -0.011183223718974945 -0.533501438215078 -19.18631758421195 -0.014988499716762044 0.9988880572742564 -0.04469892516719705 -3.08904633167455 0.5334080932518235 0.045799394560555186 0.8446172041293851 46.45486893218974
0.8394760173114921 -0.011583279375155528 -0.5432732682524993 -19.75206173703703 -0.014796165472757335 0.9989148310863036 -0.044161450645608225 -3.1445483628880395 0.5431952594105897 0.04511083988066285 0.8383936559153595 47.32390933682196
0.8336766528763084 -0.008371468856874493 -0.5521894212660479 -20.35606397594782 -0.015699907524104932 0.9991216951750079 -0.038850368522747376 -3.2035520935198694 0.5520296652832065 0.0410579680427211 0.8328129993627097 48.21282194175415
0.8285858082799366 -0.0036514540765352956 -0.5598501810307919 -20.96830128169655 -0.01882749915695984 0.9992314015593657 -0.03438213799635565 -3.258000172647888 0.5595454258526095 0.039029130413483736 0.827880210771213 49.09197453595298
0.824520403454433 -0.003938512218204565 -0.5658185154348039 -21.580617065036392 -0.019943104036311568 0.9991521912573399 -0.0360162644794439 -3.308099910076744 0.5654806600483656 0.04098032243850033 0.8237428216889664 49.96644737458279
0.8210504713572434 -0.00620304120702115 -0.5708219037176409 -22.17902803185979 -0.020361962797702846 0.9989864197342984 -0.04014378728363216 -3.3610799185407387 0.5704923434675286 0.04458312983890365 0.8200919647080405 50.818675782047656
0.8180197244402431 -0.008670187729357523 -0.5751248197317219 -22.809460936272842 -0.0225444059519993 0.9986347762445713 -0.04712041420898884 -3.4180456767919347 0.5747481885025646 0.051511275655849544 0.8167074802481771 51.688917426245055
0.8146889659815034 -0.01001074347718687 -0.5798117571445254 -23.417470346313593 -0.022145108729463875 0.9985845962696703 -0.048356987626402885 -3.4817775976274987 0.5794751788190315 0.05223589865192156 0.8133141631772293 52.53553555379445
0.8113151485466877 -0.008357935275069133 -0.5845492918964175 -24.028713576500323 -0.02171283742842122 0.9987771132415391 -0.044416559476225574 -3.5392113486058525 0.5842056850369333 0.048728051293232426 0.810141527504726 53.38363800540026
0.8080823044969632 -0.005886087871806252 -0.5890401880419044 -24.66517909595383 -0.021178161547713334 0.9990133377454388 -0.03903634819212956 -3.5998461020799875 0.5886887756975971 0.04401937046668885 0.8071603436687036 54.251442250187125
0.8051428612340259 -0.004430507789276882 -0.5930643671681975 -25.346507049241186 -0.02101520047870258 0.9991310107379165 -0.035994231908317444 -3.6550796370492566 0.5927084733262429 0.04144386543939834 0.8043500927237559 55.13358319775927
0.8020150912444964 -0.004342779434050961 -0.5972879822019432 -26.000173991708152 -0.021833131284636275 0.9990921636322445 -0.03658090959706754 -3.702557102296867 0.5969046052715539 0.04237910847844933 0.8011921763036516 55.99653261074327
0.7982855748457965 -0.0056022364977470415 -0.6022530663594328 -26.629942837847757 -0.02184887217331599 0.9990291675092245 -0.038253748189954785 -3.757496733492953 0.6018826860592271 0.04369596562669925 0.7973881707236944 56.8329226458884
0.7944095763953386 -0.008203443022265597 -0.607327035833215 -27.306011978788174 -0.02096715899898039 0.998942443293522 -0.04091910593207904 -3.8103703380245317 0.6070204306074799 0.04524045213467338 0.7933974403259438 57.69797674957269
0.7901041642623642 -0.009400873985443125 -0.6129005083890703 -27.974774590439214 -0.020079536475563882 0.9989488367214396 -0.04120720601799826 -3.8663385096175626 0.612643633632308 0.044864743186527556 0.7890848705865605 58.55269947055283
0.7856151886006383 -0.00946325057185219 -0.6186430492041415 -28.64507498315674 -0.019754202151094084 0.998989619724165 -0.04036720427206378 -3.920940830254555 0.6183999894383548 0.043933888650825724 0.7846344795448764 59.39329730514181
0.7804782103095401 -0.008981779272037449 -0.6251184614720042 -29.280461219257976 -0.020127134519991634 0.9990175007792461 -0.039483307774344875 -3.9760999810547455 0.6248589134260881 0.04339770475379868 0.7795306135964578 60.19654190968152
0.7752636694331537 -0.010013220728216275 -0.6315583728110092 -29.954335798875007 -0.02025184287616961 0.9989662190020826 -0.04069835565231911 -4.029352341896263 0.6313130013845435 0.044342177476210366 0.7742594304104452 61.01145608781541
0.7695414204407649 -0.011409643996177912 -0.6384949665031748 -30.61471103316631 -0.019813441839079026 0.9989324257174342 -0.04173052087828353 -4.080559166633794 0.6382894560843845 0.04476414719576267 0.7684938134932096 61.82104216334496
0.7637115508220256 -0.012883362849154497 -0.6454290713182306 -31.31410819328828 -0.01902291544718935 0.9989175447599709 -0.042448409376574334 -4.135554901630851 0.6452773014982828 0.044696283205756436 0.7626397881298118 62.652082337596816
0.7585100461952088 -0.013989873409825004 -0.651511161272713 -32.04462625221673 -0.018901448774336117 0.9988765895353214 -0.043454506239478365 -4.195603060085266 0.6513871698576611 0.04527518437580115 0.7573934991961332 63.46515941392172
0.7523894440759601 -0.01553940494588594 -0.6585352316596245 -32.75972118377169 -0.018091576664536167 0.9988571083645501 -0.044239935843097836 -4.257567509381203 0.6584700595295576 0.0451996013648127 0.7512484121378241 64.27156621383409
0.7456990849698273 -0.016744018736622207 -0.6660724528996148 -33.469648336423624 -0.01705293122154211 0.9988770706961295 -0.044201755330231025 -4.314320325859578 0.6660646156431942 0.044319696231674435 0.7445761830155564 65.07769004476432
0.7386647305744293 -0.016724269802853697 -0.6738655018658893 -34.196310966385155 -0.01599461105610043 0.9989758313600074 -0.042325651510007584 -4.3711493243963035 0.6738832155667408 0.04204268257549574 0.7376407151312114 65.89160660511658
0.7320747549103214 -0.017281988223627934 -0.6810050558593753 -34.93394791034568 -0.015154234945883274 0.9990176253766871 -0.041642926769509266 -4.425604081031991 0.6810557263441798 0.04080584602436428 0.7310936879388557 66.67579861286404
0.7257881759304872 -0.018775055660062028 -0.6876619961612372 -35.69287930792689 -0.014266167943137597 0.9990017148992327 -0.04233261249451498 -4.488446254098759 0.6877703105919263 0.04053481113011561 0.7247957843109536 67.47320190622322
0.7195804422969909 -0.020388073138716756 -0.6941097273035128 -36.497927128659 -0.014073465601290584 0.9989354088676426 -0.04393161135680461 -4.5514667647612335 0.6942664651483871 0.04138085770167612 0.7185274524931086 68.28345536677999
0.7132844713867574 -0.0198337406844521 -0.7005939520214084 -37.28066172438513 -0.015252425511972936 0.9989235263878529 -0.043808126470539006 -4.6079688154831615 0.700708660139516 0.041933413399327886 0.712214126822941 69.0759708098126
0.7081123300084519 -0.019107933977824666 -0.7058412108605591 -38.12842190200675 -0.01565748552562147 0.9989630623035598 -0.04275094502007561 -4.675304504663243 0.70592617973625 0.041324169830665274 0.7070788794404689 69.89731672709536
0.7030128272050153 -0.01886664099870698 -0.7109268701087594 -38.956891483331106 -0.01633851772227244 0.9989557441294493 -0.04266701430165387 -4.735815988571643 0.7109894637924323 0.04161094961911413 0.7019704489848162 70.70950212424974
0.6981115119104994 -0.020046790783513162 -0.7157083505991239 -39.789247987665334 -0.01605007234507052 0.9989186112259755 -0.043634886548343306 -4.79852803706226 0.7158091310648076 0.041949187425394066 0.6970348295161394 71.50523372138669
0.6927321700146601 -0.022001841250885428 -0.7208592509001673 -40.619383432008284 -0.016633888698017928 0.9987812142507899 -0.04646934265190121 -4.859167726488804 0.7210030890180444 0.04418150112081626 0.6915219017393075 72.29743347756695
0.6875049022424246 -0.02450044807642459 -0.7257663104861565 -41.44427792884974 -0.016302315314337023 0.9986580794510167 -0.04915561883039543 -4.921176816730177 0.7259967244471743 0.04562640015672521 0.6861829112566935 73.07519787447417
0.6824120069989741 -0.024786481008265582 -0.7305473859120012 -42.27903234318168 -0.016898410957421773 0.9986228730376905 -0.04966690198777405 -4.9903336995358085 0.7307723971324768 0.04623838021790938 0.6810533868824653 73.84313057401216
0.6774140938587435 -0.024447408230645853 -0.7351955315916583 -43.140946514216935 -0.0164205780539889 0.998695973519579 -0.04833960169626563 -5.056838589622384 0.7354185951265513 0.04481826309201301 0.6761292873670715 74.62826765125274
0.6719157709034514 -0.024390076287061985 -0.7402258580932791 -43.9799403631564 -0.015864002523569988 0.9987543442360501 -0.04730849071308411 -5.1250052299895925 0.7404576491840384 0.04353026588856418 0.670691870918768 75.39051815837003
0.6666038170537126 -0.02574637409820265 -0.7449674323822588 -44.832686517723005 -0.01480539466501944 0.9987488618429033 -0.04776516781419706 -5.187852277963481 0.7452651550812188 0.04286998003616038 0.6653886183528128 76.15813655406853
0.6619473579266261 -0.02680243794680289 -0.749070974376972 -45.71942331056984 -0.013729559825303432 0.9987592496843102 -0.04786920050551698 -5.255536176602315 0.7494245756051521 0.04197130555679381 0.6607580608580536 76.92345643972574
0.657446202866765 -0.027680837759947948 -0.7529928695259864 -46.58020564970059 -0.012787719027887494 0.9987711864829684 -0.04788101182585391 -5.312440607267128 0.7533929682298184 0.041108250659827344 0.6562843493102299 77.67525801160976
0.653261489923896 -0.02849000114859154 -0.7565961575483741 -47.47092559755142 -0.011551636984744092 0.998800429664645 -0.04758425563874408 -5.380903923336637 0.7570442427397385 0.03982488589153653 0.6521487506683895 78.44424353525278
0.6492008405544246 -0.031308509838139646 -0.759972398074524 -48.35615515602557 -0.009206358340033168 0.9987558519502837 -0.049010112846002735 -5.4449364777777705 0.7605613134978292 0.03881398468050051 0.6481049012341119 79.19709938218385
0.6452438678656054 -0.03597371223382318 -0.7631292439750624 -49.26852398817306 -0.0059504937175805 0.9986238235305638 -0.05210614840606176 -5.515869405375201 0.7639534950547382 0.03816216850908202 0.6441418370889549 79.94640521044349
0.6407149569932138 -0.040286031999648086 -0.7667211875974907 -50.22364648954772 -0.0014184332084346551 0.9985586411183158 -0.0536528498327521 -5.5867601267417175 0.7677775276292065 0.035463726167253726 0.6397343137536989 80.71979471293129
0.6338178570323187 -0.043924403959793405 -0.7722341425006635 -51.14779511667191 0.003754725000245588 0.9985492264115584 -0.053715402568079926 -5.660924603564822 0.7734732226438942 0.031146254504438156 0.633063254883122 81.4963305668923
0.6253310662082644 -0.04767859862038255 -0.7789016682922374 -52.10474602963603 0.008678481799974061 0.9984949319888665 -0.05415306774501729 -5.742722275733513 0.7803113106885495 0.027103911639196294 0.6248036782745213 82.26081482215137
0.6162239994296549 -0.048369854246384396 -0.7860841810691162 -53.056846294883236 0.011345158827811258 0.9985538453437844 -0.05255002683456233 -5.828694517981007 0.7874892189091173 0.02346433781987049 0.615881607902511 83.00975012781963
0.6068138880467105 -0.04668190826871607 -0.7934719306402869 -53.92539413572653 0.01137042057749483 0.9986815220374838 -0.05005927563185165 -5.898944755340313 0.7947626178989071 0.02135455411114884 0.6065446102383474 83.70790931226998
0.5981788492120377 -0.04634215212299819 -0.8000215430174178 -54.990880905849544 0.010998844503013496 0.9987072390730052 -0.0496273719108106 -5.983599557541082 0.8012871456444064 0.02088673166831684 0.5979152570935573 84.46686623498304
0.5888739672690174 -0.04748011458258192 -0.8068290335579602 -55.975079271777254 0.010210708311564048 0.9986303289006999 -0.051314789636675864 -6.058395768758053 0.8081603752403503 0.021979647833962775 0.588552209215521 85.1711477152712
0.5792086773376477 -0.04957340490128483 -0.813670563326009 -56.96896693493382 0.010743669762635405 0.9985267176962563 -0.053188040072673866 -6.133297111795628 0.8151085091304123 0.022065166512722906 0.57888793973442 85.86349312949763
0.569333711692837 -0.0514136919132815 -0.820497262039248 -58.015116844481945 0.011300866563858222 0.9984376660458436 -0.05472218412887549 -6.208968110412195 0.8220288408230959 0.021882854127714797 0.5690252415756804 86.57127628850633
0.5591174516628907 -0.05222346522852677 -0.827442073456214 -59.02634810086324 0.01413124705386728 0.9984695150492267 -0.05346901321386751 -6.287475766095212 0.8289680229675309 0.01820267004829289 0.5589997135065591 87.25621583995729
0.5486871050307341 -0.05252112451156635 -0.8343764092141097 -60.018676753499626 0.015559129136391328 0.9984933886393272 -0.05262001847272926 -6.3593607003854435 0.8358829907789179 0.01588975530314455 0.5486776297635039 87.90138315668808
0.5382332948717418 -0.052924838654417834 -0.8411324995177105 -61.020311615057324 0.015566651789681927 0.9984803653372952 -0.05286434893158307 -6.440118488694896 0.842652122553291 0.015359735977718208 0.5382392394345911 88.54380306003235
0.527960574869604 -0.05358822919957384 -0.847576505735388 -62.0579299907057 0.014548346222708793 0.9984314944607267 -0.0540638186877693 -6.525322411232238 0.8491442615984286 0.01621272833836838 0.5279120858952603 89.19517205414091
0.5178679792101338 -0.053734182500753395 -0.8537712771812995 -63.0914340220606 0.012796601216848317 0.9984002278589189 -0.055074785597000964 -6.607002105562925 0.8553648362576688 0.017596097358061724 0.5177271233494108 89.82062338006007
0.5079424499465173 -0.054580942878061076 -0.8596600422358078 -64.15213633451168 0.011468019315139981 0.9983305439256318 -0.05660927130903388 -6.692906440954845 0.8613146649600927 0.018895653989583268 0.5077203976451885 90.44394181463426
0.4983040936790047 -0.05452752380099645 -0.8652859523711666 -65.2306411377194 0.010604851069013498 0.9983290078680862 -0.056804306024516145 -6.7737606223253515 0.8669374645016498 0.019129589573605416 0.49804968772823793 91.05668422034715
0.4898223214493035 -0.05225917243162392 -0.8702546020026417 -66.35156581492227 0.009682671678390039 0.9984663608771112 -0.054508458664569694 -6.859726724665665 0.8717685124384702 0.01827307017390313 0.489577119182704 91.67212560250533
0.4823681140066997 -0.050386570364881145 -0.8745182651703073 -67.47963814492567 0.009957469862289325 0.9985951967423449 -0.05204307674474484 -6.947249613809406 0.8759120112109211 0.016395931507013392 0.4821922044646262 92.27561377540742
0.47459911652973685 -0.0504104331889413 -0.8787573423960088 -68.59256130690007 0.010120069361150258 0.9986051667989937 -0.0518199289702316 -7.035365306695521 0.8801438875464161 0.015700607251237723 0.4744472870052302 92.87552638181694
0.4669826205652433 -0.053601161388462173 -0.8826404407162781 -69.68289114998336 0.012005521234558695 0.9984534450781449 -0.05428246007202259 -7.111726819533835 0.884184991701343 0.014752406901661519 0.46690391617623306 93.44886891485764
0.46054818171198364 -0.05721473315893289 -0.8857888273349002 -70.82483858588691 0.01450881677947851 0.9982723618188143 -0.05693668294119484 -7.194804806388108 0.8875161218577635 0.013370338000167601 0.4605826391694717 94.02823430004288
0.45491093627732937 -0.05970441629591938 -0.8885332986050928 -71.986605502621 0.015181412816326456 0.9981250094367942 -0.05929578603661473 -7.287903376616126 0.8904075273492376 0.013485110736040213 0.454964379955456 94.60856881480665
0.449235353469278 -0.06310881574769288 -0.8911817292607925 -72.74294281942653 0.017174153866566552 0.9979277138360756 -0.062010695826375646 -7.351888912802747 0.8932483672709958 0.012552104717039868 0.4493882497739252 94.99473139141516
0.4450329258600409 -0.06402605153278353 -0.8932224580839717 -73.69702158502237 0.019591455184978852 0.9978982305486227 -0.06176808521933273 -7.429817479130241 0.8952998770156207 0.00998930393216302 0.4453519327708865 95.45674009111254
0.43991976629650065 -0.061441589399288496 -0.895932771090399 -74.76336694984751 0.021452802588917706 0.9980910677821258 -0.05791370886600806 -7.517766411469471 0.8977808064793502 0.006257116398553348 0.44039808356946947 96.00574080565265
0.4358329023610927 -0.05907074795752294 -0.8980870380732843 -75.87179170356607 0.02393230244745478 0.998251670690256 -0.054044859734076287 -7.613936650179259 0.8997093564696708 0.0020612374562917904 0.43648462192966037 96.56496951504428
0.4329959847516611 -0.058838329216782545 -0.8994734727627693 -76.9157863254635 0.025875256412856956 0.9982674476044493 -0.05284481203360356 -7.688930048505558 0.9010243882906319 -0.0003925153187931082 0.4337682533764036 97.0397429005501
0.42942199060980707 -0.058361930782172375 -0.9012161999298988 -77.97416768684405 0.027136722543870048 0.9982929606622492 -0.05171811077154522 -7.775261372176242 0.9026961572258337 -0.002247159891443273 0.4302727019021007 97.56222201480679
0.4276067315588157 -0.05774619401776987 -0.9021185399946332 -79.08012245889532 0.02894569975386187 0.9983204506704305 -0.05018390418199355 -7.8518078666325 0.9035013168730556 -0.0046534771569539885 0.4285600489534728 98.05774973333311
0.4252165885087192 -0.05694484942094826 -0.9032984761314676 -80.19196133581198 0.030684629536383203 0.9983520972168158 -0.04849271587568761 -7.928694211570973 0.9045713384621585 -0.007097471888691222 0.42626320451754607 98.57315306005974
0.42205894935501204 -0.0579449773611308 -0.9047146637851964 -81.18050428214292 0.03313224679693244 0.9982744476662954 -0.048480731829663976 -7.999279570857312 0.9059627461940861 -0.009513502781344978 0.4232505118405627 99.06314272824632
0.41958846554276225 -0.059149019093420525 -0.9057852466913755 -82.34773517681103 0.03624156737219202 0.9981706275784807 -0.04839366729220308 -8.063398066978612 0.9069906660919265 -0.012521652441580742 0.42096453513598353 99.60010076922333
0.41757974909666684 -0.058992632154329906 -0.9067232336804149 -83.43236156255 0.04020193173023934 0.9981125244570599 -0.0464240584946198 -8.129497455444799 0.9077504931585118 -0.017066278840409704 0.41916319530347484 100.08867139002538
0.41540023874036264 -0.05820000708996112 -0.9077749725725962 -84.52083259495814 0.041633341885199855 0.9981217278453266 -0.04494086388277096 -8.201773462219194 0.9086854827155099 -0.019125260201841764 0.4170430648317889 100.60284321825661
0.413344178295042 -0.05921098954756233 -0.9086477034507899 -85.54874666416148 0.043710231131656216 0.9980234364554059 -0.04515125668416379 -8.278033556984209 0.9095251541128553 -0.02105419204197857 0.41511530329951146 101.08946949855422
0.4119594191624549 -0.060767596582451545 -0.909173655672515 -86.58829872075452 0.04513908980899146 0.9979097279946862 -0.04624540349901627 -8.341259085002605 0.910083457455715 -0.02198804173098279 0.41384130592086577 101.56480120624188
0.41199018272439997 -0.06198600948542996 -0.9090774576276694 -87.70037860493859 0.044984852132606515 0.9978505098689343 -0.04765210418139821 -8.421842568337931 0.9100771683859136 -0.021262515899570348 0.41389304536353 102.05595976034951
0.4113002640925755 -0.06317458420467292 -0.9093080141887807 -88.67174513930489 0.044432501930799624 0.997798917498156 -0.04922471951852214 -8.484077734449206 0.9104163034181377 -0.02015668995828363 0.4132019631129287 102.51197777978123
0.4136340093091105 -0.06292819009615341 -0.9082659022742694 -89.7325924367446 0.04238273366145902 0.9978578478555394 -0.04983391777186263 -8.564274010594161 0.909456216774756 -0.017881788622319227 0.4154150110496897 102.98533297759477
0.41761466502448313 -0.06327052225661835 -0.9064186850290892 -90.6757645419676 0.04057184692919927 0.9978761536374311 -0.050961821381496936 -8.632795305854406 0.9077179720558813 -0.015492676177495081 0.419294717581341 103.42059183438832
0.42247223124702016 -0.06359226005030516 -0.9041422666189534 -91.6710250375397 0.03901801082294666 0.9978869528169098 -0.05195405883280749 -8.709860280520628 0.9055356473693259 -0.01332868558698689 0.42406077097974776 103.8835997106645
0.4279470586503518 -0.06392101365878809 -0.9015405808976906 -92.65942905155892 0.038340991968325806 0.9978818877383271 -0.05255194057955976 -8.776083718576846 0.9029901900504771 -0.012076511773927651 0.42949141380937594 104.35759195352429
0.43464774912725 -0.06288498425181575 -0.8984023669460495 -93.66584211509853 0.037195029990911115 0.9979615201949669 -0.05185878859099944 -8.845067223575562 0.899832130968099 -0.010875797248920191 0.4361007373435747 104.84213073014722
0.44268739249332384 -0.061091235185186096 -0.8945924957828622 -94.61603724783764 0.03520814595228292 0.9980912791157212 -0.050736426872083004 -8.92099313364203 0.8959845193897404 -0.009036566642909603 0.4439933349468696 105.31683440068912
0.45202540293769733 -0.06047594530284764 -0.8899526364581092 -95.58526477855919 0.03455722363953181 0.9981373659543271 -0.0502752123822952 -8.993691737154835 0.8913354213725265 -0.00802861915178871 0.4532733257993186 105.79104072434926
0.461851356248136 -0.06021134103392504 -0.8849112493028065 -96.55159248579402 0.03391313113929235 0.9981623718296865 -0.05021731772669521 -9.061291909952262 0.8863087635063112 -0.006817174945023536 0.46304460028995253 106.2734471798344
0.4707487794584528 -0.0610634205136106 -0.8801516035965367 -97.43407039290516 0.032797858760501876 0.9981236245264324 -0.05170619520853757 -9.12336481438402 0.8816574658557046 -0.004526459697729055 0.47186822743590306 106.76232705035257
0.48151740762375317 -0.06281581537082692 -0.8741825664554279 -98.35453148430744 0.031209076498730164 0.9980246070570957 -0.054524097907494774 -9.189163679066018 0.8758806880502598 -0.0010281283129233158 0.4825266451220853 107.24444045508365
0.4933355646712808 -0.06369630786588673 -0.8675037757812486 -99.30745949676017 0.02958601751903873 0.9979669407057277 -0.056450445753896655 -9.266348960734268 0.8693357741389868 0.0021830306238476427 0.4942171042967485 107.76429405165888
0.505673009719073 -0.06167367455074869 -0.8605179632692526 -100.23174553706468 0.027090336638796515 0.9980847735006374 -0.055613834312856616 -9.343370049721239 0.862299785980752 0.00481069367030427 0.5063752919761775 108.30399972042578
0.5189116650499643 -0.05870508166642437 -0.8528097075324672 -101.1733703377779 0.02532804383659706 0.9982569696245721 -0.0533058420004561 -9.425677458663154 0.8544525581157124 0.006061021572688961 0.5194940711374961 108.86427257353155
0.5322084997048498 -0.05585424756012017 -0.8447688535163957 -102.0954981591059 0.02440294203499539 0.9984188302511021 -0.05063927151981721 -9.507095759939896 0.8462615489681363 0.006335805356378138 0.5327299956906276 109.42242146400332
0.5443333809262 -0.055350395990142486 -0.8370409213850819 -102.98849347069029 0.024470778560730166 0.9984438807603722 -0.0501098589980003 -9.577358345443608 0.8385119864415082 0.006793425932632588 0.5448408005628922 109.97895588266907
