1.0 0.0 0.0 0.0 0.0 1.0 0.0 0.0 0.0 0.0 1.0 0.0
0.9998797196186121 0.0015190057312097572 0.015434990022484694 0.011310224822137654 -0.0015028969887896852 0.9999983139288781 -0.001055196684134497 -0.0008729792467212914 -0.015436566847804502 0.001031872564648102 0.9998803166594308 0.099153409835827
0.9993181523449054 0.004392725286870377 0.03665971028961982 0.02427315401683911 -0.004372969708928273 0.9999902469048841 -0.0006190565674716174 -0.0018151461395639454 -0.03666207208941639 0.0004583226625681392 0.9993276151545336 0.20507940988645168
0.9979384310859231 0.006066130105186225 0.0638912343542834 0.04504969358998843 -0.006135234942720339 0.9999807872412374 0.0008854606670498659 -0.004262053191498922 -0.06388463550780137 -0.0012756229624079486 0.9979564750689749 0.3269186441314746
0.9951916683421728 0.00566939602650145 0.09778241769877818 0.077951782928117 -0.0060076952668902135 0.999976942925881 0.0031656301410378095 -0.005227519144117205 -0.0977622159113828 -0.003737855709407694 0.9952027821377873 0.4582098472794166
0.9907610757252543 0.0024924994738079824 0.1355960112765519 0.12201554186426886 -0.003251050041441657 0.9999802803343784 0.0053730453195829095 -0.006904808139369148 -0.13557994505591808 -0.005764233578830449 0.9907496414886474 0.5902113030295998
0.9845598035394212 -0.000506645942532755 0.17504781222370594 0.1719581860999505 -0.0005115004110077506 0.9999832155279984 0.0057712242734528 -0.006967531450849331 -0.1750477981059643 -0.005771652464751041 0.9845430190733567 0.7227655428301014
0.9757891017113143 -0.00029044434385379803 0.2187133846464593 0.22477672049168673 -0.0012573545561352676 0.9999751439464507 0.006937618380650287 -0.006347698304884212 -0.21870996328687706 -0.007044652678343618 0.9757644822536301 0.8578378169860335
0.9637090365947478 4.866804140862444e-05 0.26695484715031004 0.2836598574089617 -0.002779597421351993 0.9999476039113875 0.009852069328330687 -0.004154018758513559 -0.2669403802795651 -0.010236555245626626 0.9636586772882318 0.9969126326988771
0.9493357770778207 -0.0035790815015686404 0.3142431742069446 0.3561310464162831 -0.0018722254846277172 0.9998529894931728 0.01704388961769446 -0.006764772179565747 -0.3142579786286828 -0.0167687082737631 0.9491895138964842 1.1325656129576787
0.9324659023629295 -0.012855114103129311 0.36102920515089043 0.437226642710724 0.004227738119523419 0.9996865542296569 0.02467629475484525 -0.008248159718820817 -0.3612332586582815 -0.021483466522672717 0.932227972925769 1.2553986037129863
0.9111479345929357 -0.01804167548886938 0.41168427129607726 0.5193389544030484 0.006763214869260537 0.9995612657483915 0.028836347551406124 -0.007167173004160499 -0.412023907330218 -0.023489869327597397 0.9108702025136798 1.3747567484895105
0.8861265053026218 -0.019576676560448963 0.4630297726226795 0.598201671941763 0.0047970659422149 0.9994413442942046 0.03307548145891454 -0.007025437744422306 -0.4634186064008531 -0.02708787644390981 0.8857253762827676 1.4781720369869324
0.8578539565475057 -0.021795544639037944 0.5134311477400626 0.7012423131534189 0.002843585230242416 0.9992862131212361 0.0376693282241366 -0.005801242978849017 -0.5138856908484888 -0.03085479702910212 0.8573036091382469 1.6027011391325936
0.8257341538738687 -0.026589284599819657 0.5634324423306453 0.8283624660122964 0.0036143857616428125 0.9991172451662876 0.0418529165876676 -0.002309719242192066 -0.5640479087291896 -0.032522920468463744 0.8251013369898448 1.7346567126995343
0.7897259061747423 -0.03205897147899437 0.6126215923914134 0.9701859382064859 0.005417905895568228 0.9989590926167139 0.04529213589684622 -0.001812298996559606 -0.6134359293456725 -0.03244924692655657 0.7890775671388143 1.867867648390538
0.7518326086346898 -0.03602161426792978 0.658369327884501 1.1304380777223293 0.0058764560450415716 0.9988329862337706 0.047938845164219875 0.001781714826116193 -0.6593278364045523 -0.03217310859803303 0.7511668890634294 2.0021873497161815
0.7121351619950926 -0.03918736580364419 0.7009478307346376 1.3171575860210394 0.006988200289603192 0.9987871160664255 0.04873870983546068 0.010677889087436412 -0.7020076040235856 -0.029810185190371034 0.7115452738596326 2.1428105969431277
0.6704894230093882 -0.0410098213358201 0.7407848055856312 1.561953723138271 0.006117280378902478 0.998742790092632 0.04975357392942623 0.02169938198528734 -0.7418938687664856 -0.028827656720397818 0.6698973456393948 2.314889462924246
0.6282793059212183 -0.04085166942314775 0.77691457371869 1.8256603946330778 0.0011696624415934794 0.9986689011867317 0.051566051742000345 0.03499512471867636 -0.7779869829508235 -0.03148915540035619 0.6274907867461057 2.488343049893851
0.5865014358695255 -0.04179102833517156 0.8088693192807312 2.2072080562312273 -0.0017818118742476108 0.9985989894739861 0.05288556861733311 0.048265037026391 -0.809946227146858 -0.03245871488865112 0.585605277433825 2.7217096154870055
0.5463688507536607 -0.043035330996937446 0.8364383056819599 2.5662369988930713 -0.0038828802225493804 0.9985381513848097 0.053911811972740836 0.06293562977511691 -0.8375356721759983 -0.032703524504108995 0.5454030411702041 2.9213680113896867
0.507819792499029 -0.045513691360662335 0.8602601712534232 2.99921730980956 -0.0053600504820943045 0.9984170969649455 0.05598723378521262 0.07682798684631408 -0.8614466484960474 -0.03304246338905468 0.5067720073249016 3.1409255107814484
0.47074791905611946 -0.045188454178309516 0.8811097549756827 3.435110872983853 -0.008556092739032461 0.9984066816839322 0.055775364148702926 0.094618225820532 -0.8822262691517263 -0.03379499338443724 0.469611231169753 3.3441606894999074
0.4342780373758557 -0.04443442764938741 0.899682259407423 3.9153862518800735 -0.00971771995341792 0.9984933579846859 0.05400536991237913 0.11652785635584782 -0.9007264580170173 -0.03219620629728467 0.4331919345142295 3.5517816937986537
0.4010387886552434 -0.043207998865608215 0.9150415066148442 4.420768916208649 -0.008420510698922483 0.9986709328882499 0.050847446383096115 0.13797938538126636 -0.9160223714481565 -0.028096915100097684 0.4001419477739784 3.7416188514382425
0.37116932473340686 -0.04136019218199647 0.9276436098414166 4.953921647021598 -0.00643971374118254 0.9988688303550824 0.04711252309101193 0.1623103794428247 -0.9285428705578855 -0.02346048268339383 0.37048312146221113 3.933103819806121
0.3456717550548341 -0.03947823501265692 0.9375246699247949 5.574612231877895 -0.005359942903268645 0.999015222944081 0.04404378887041679 0.18888862208275056 -0.9383401881883693 -0.020249772499304174 0.3451197443559868 4.142516246567165
0.32546535208959737 -0.038913400880818974 0.9447529051667861 6.1391241355908965 -0.004185712027686079 0.9990837297667013 0.0425932005169627 0.21174738868627527 -0.9455447024884733 -0.017817074601224014 0.32500425758540213 4.322593783182112
0.3107686059229006 -0.03939806137774943 0.9496687139905218 6.732955918638178 -0.0030770121233620598 0.9990936236021771 0.04245542690709735 0.23487504637958753 -0.9504806181975146 -0.016115955979906685 0.31036570428081106 4.510209555434953
0.2990573835275715 -0.040905506058325034 0.9533579710327883 7.335388380059721 -0.0022927501570819643 0.9990470877023715 0.04358508747412739 0.2552697398265616 -0.9542323745578748 -0.01522025385867359 0.2986786219636703 4.696725218764002
0.28837267205588196 -0.042969540416424756 0.9565536161699203 7.9776939802633136 -0.0034514775198020227 0.9989394298401997 0.045914080775586265 0.27797924483963554 -0.9575120308979315 -0.016541889460941178 0.28791852420221364 4.8834711961660355
0.2781715095748191 -0.044676335908801275 0.959491863577086 8.671301660811498 -0.004802461745175235 0.9988405518920527 0.047900816873680564 0.30567077021533057 -0.9605194155362257 -0.017932565509254497 0.2776344277502406 5.079516403386473
0.2682430122740599 -0.04654579853835125 0.9622261558514013 9.331701789201222 -0.005391971342650103 0.9987438868799094 0.0498154099155173 0.3321977712078488 -0.9633361889865754 -0.018550931470904513 0.26765509509512964 5.261099756205441
0.2580589694946454 -0.048406212133689584 0.9649157511877549 10.091753269263947 -0.006353593754629429 0.9986374168109758 0.05179711952901262 0.36203427981847847 -0.9661082755621976 -0.019497393978938016 0.2573997892739366 5.466306071890102
0.24767077271623486 -0.04983523595557489 0.967561697050578 10.80471484295643 -0.006665696545450304 0.9985649132563421 0.053138333648302664 0.39468023594976676 -0.9688213234811192 -0.01961028481706825 0.24698315711336685 5.649323201668729
0.23733224035779776 -0.05098298054021434 0.970089760476825 11.536725491651822 -0.006647039667349501 0.9985132374876038 0.05410297058096815 0.4288237793411999 -0.9714057980835864 -0.019288604336772167 0.2366404977858396 5.825636714020102
0.22681900427181503 -0.05376093604169465 0.9724520045005112 12.319182967963417 -0.00812135438098324 0.9983362219184192 0.0570861770367888 0.46463673428846836 -0.9739030664825741 -0.020845857180215067 0.22600501617057295 6.008034663604471
0.2153882024630548 -0.05728387982905843 0.9748469004676905 13.096286162515886 -0.009739039227968961 0.9981023204948878 0.06080221161797431 0.5031522987584528 -0.9764799400677161 -0.02259015127109244 0.2144215747328115 6.18430937237898
0.2032452185599898 -0.06133017196907802 0.9772051939785955 13.885190647332168 -0.010726916974987243 0.9978369710998967 0.06485608960148946 0.5373187258504784 -0.9790691060311901 -0.023664089089335587 0.202147709615662 6.351098750261701
0.19022451084771683 -0.06368536150984971 0.9796728077282261 14.675396490917501 -0.011662807489098094 0.9976767218208878 0.06712032224445622 0.5738982860629643 -0.9816713372581576 -0.024193665825731223 0.18903981628136834 6.506381031634961
0.17664761098259554 -0.06421016684738083 0.9821775175636899 15.458453028403305 -0.012185038019777944 0.9976507298104986 0.06741324912090105 0.6131018592393134 -0.9841987331746563 -0.023876259799466303 0.17545021469177516 6.642798964820628
0.16213564376600267 -0.06299923741837302 0.9847553651061195 16.25809456546123 -0.013757775763903437 0.9977185701324238 0.06609370937496456 0.6554195811455465 -0.9866725680926851 -0.0242641896138237 0.1608990132840166 6.775787049122758
0.1457254309461388 -0.0621909338394711 0.9873684147894017 17.063609329187805 -0.01426216760178292 0.9977864590633618 0.06495207991355922 0.6905930251661445 -0.9892222648883623 -0.023547183652684503 0.14451588421749959 6.891957946184417
0.1258033715427189 -0.060311794961295496 0.9902201770803454 17.839764070304117 -0.016965096969606828 0.9978735325237804 0.0629332866877617 0.7289149036450688 -0.9919101255624407 -0.024716400973014124 0.12451265931480435 6.985969580838263
0.10076731456658407 -0.05925005420826627 0.9931441886208447 18.650188376328767 -0.02151710476239808 0.9978618695087916 0.06171469503338349 0.7609076580759685 -0.9946773157751632 -0.027588411638531197 0.0992769712752143 7.063587158309538
0.07121439268831437 -0.058700498783482 0.9957322741161926 19.43718904273812 -0.025434954070367815 0.9978353669175668 0.06064357871962481 0.7945710420286155 -0.9971366874132521 -0.0296451002874922 0.06956719516748956 7.11133480151302
0.03827553311839788 -0.05864417795795343 0.9975449082402945 20.220474478900073 -0.0284154066727468 0.9978088513291329 0.0597499863837555 0.8247807621456792 -0.9988631278749486 -0.030632606824631 0.03652526756921383 7.135708203127435
0.004070234117205853 -0.05808265107182585 0.9983034803298537 21.04605389782689 -0.02995351859053205 0.9978567111544671 0.05817878245578355 0.8551016917583709 -0.9995430055371698 -0.030139503122302038 0.0023217306611556213 7.13564902073329
-0.02988957108387095 -0.05681779938497583 0.9979370477206815 21.91357855631557 -0.0311845176420585 0.9979501218582818 0.05588452507155247 0.8874653943794799 -0.999066634113989 -0.02944982098569473 -0.03160013677274533 7.104256754913989
-0.0628813657903434 -0.054539625212284726 0.9965296599289173 22.729143415890935 -0.033280180311001634 0.9980649751322133 0.05252366145654713 0.9206994276235214 -0.9974659710660855 -0.0298619271989981 -0.06457477734497882 7.050710626389449
-0.09495467460125617 -0.05145692841153874 0.9941507905191336 23.546750398158597 -0.035605532890662345 0.9981997138132781 0.04826569558870921 0.9469022312184201 -0.9948446390260853 -0.030814215251077727 -0.09661588036921724 6.966764750501863
-0.12732901606736088 -0.04681480361801951 0.9907551139557761 24.37881922585572 -0.03285201032584374 0.9985365020727403 0.04296044047594476 0.9698517846370501 -0.9913163304843056 -0.027078186618435085 -0.12868063072812874 6.850907065880791
-0.1588801199814937 -0.040923132874447835 0.9864493928582476 25.188131152914078 -0.02755316058884738 0.9989352216936825 0.03700332689581415 0.985829698162808 -0.986913335007807 -0.02130070551727281 -0.15983850952832165 6.7080332739680175
-0.18936818372452313 -0.034448232079122953 0.9813016917846912 26.027988095066398 -0.021138413304546057 0.9992958143603805 0.03100069168244854 0.9992415704440377 -0.981678592246893 -0.014872616059285762 -0.1899630143362439 6.5311040677724685
-0.21800993727862525 -0.02863100048618964 0.9755264901882105 26.82300559840039 -0.01493252799945403 0.99955043538099 0.02599897569557399 1.0068775764839462 -0.9758323046790958 -0.008899041568243879 -0.2183394609406456 6.331555369862125
-0.2458234373295237 -0.022566266766990084 0.9690519084464453 27.639103542494126 -0.006430902094628448 0.9997449353285865 0.021649660114879534 1.0091789950292518 -0.9692932895454024 -0.0009098840813762474 -0.2459058579074763 6.104729155961771
-0.2716999611144957 -0.012201475147042637 0.9623046581694472 28.391967473951947 -0.0001970472176228465 0.9999203100566207 0.01262278529745436 1.0033514759122364 -0.9623819887668179 0.003239990819077287 -0.271680713626708 5.870912074030411
-0.2972534144746131 0.00337338267624894 0.9547926622426999 29.12801553909298 0.0046976280494004565 0.99998682245622 -0.00207055659716889 0.9917200852798083 -0.9547870652003478 0.0038697807731417296 -0.29726534430181245 5.627241194739238
-0.32157305559964366 0.020812752848986538 0.9466560089235976 29.80337626476234 0.005678742472210729 0.9997828161782375 -0.02005174203522237 0.9719452592746417 -0.9468677425048562 -0.001072284271914276 -0.32162140539802087 5.3833784839441705
-0.3467545240072134 0.03598845062958551 0.9372652407412811 30.435071518360406 0.0057470659052378525 0.9993264006508538 -0.03624522307408724 0.9486257372986587 -0.9379383089063008 -0.0071816699653615415 -0.34672777838312524 5.14292551631228
-0.37142883192814174 0.04638092604497074 0.9273022336389071 31.223457314490005 0.009448324899187687 0.9988885911738384 -0.046176959399075644 0.9026878117160577 -0.928413351890792 -0.008390001308428954 -0.371454244704445 4.822615673486038
-0.3956143332801275 0.050652711719526664 0.9170188668172414 31.974149773974414 0.012343857749841368 0.9986810257086339 -0.04983811859814305 0.8541059969302944 -0.9183337783612078 -0.008397123615227424 -0.39571777801334573 4.502016864531546
-0.4179096013493934 0.0504596766068784 0.9070862065629259 32.70502927387654 0.01607746018891331 0.9987107420872177 -0.04814944354271493 0.8029657519545741 -0.9083463438435061 -0.0055384723822031745 -0.41818207153081965 4.156551736568747
-0.4380555785845358 0.04634599039714725 0.8977523930600653 33.43163549783596 0.01982444153811966 0.9989252929603162 -0.041895711019723864 0.7507838881046188 -0.898729270463953 -0.0005552100990292618 -0.4385035805476139 3.7913232745566012
-0.4557052600971565 0.04524551149254425 0.8889800670485024 34.16255317085248 0.027735614916801155 0.9989441324917521 -0.03662452491825493 0.7017138751364919 -0.8896985172433243 0.007966420154561287 -0.4564790078031544 3.401955247281024
-0.4696920648078093 0.04542914662270746 0.8816606812678607 34.874663832886206 0.029665392887911722 0.9989233172563082 -0.0356675021056838 0.6535336774798536 -0.8823317566093732 0.009402067793079592 -0.4705340289499082 3.02022022012354
-0.48075530200841565 0.04956804537258869 0.8754526534706129 35.56627005254088 0.03372439647805802 0.9987074727373108 -0.03802695071715103 0.6080690477259475 -0.8762060286673378 0.011242454206927889 -0.4818055650886762 2.630507767482578
-0.4905926319756311 0.05200393378770933 0.8698358812568182 36.266587458432966 0.034453853047133755 0.9985946534975169 -0.04026971587161795 0.5612953548605887 -0.8707076440811974 0.010213171729578675 -0.491694915228736 2.2309219546971506
-0.5014293858084511 0.051484136182987465 0.863665418301121 36.954399794802384 0.028682055853014497 0.9986684567839844 -0.04287951838278642 0.5112537693247708 -0.8647230254363554 0.003270649199587158 -0.502238381781013 1.8414154247247736
-0.5124794034993493 0.05020416422931981 0.857230659089481 37.633927816400316 0.0280404470808529 0.998735453830985 -0.04172800724360304 0.46481106820413 -0.8582415710721876 0.002652386670865095 -0.5132390968432672 1.4376253252873135
-0.5212122786909983 0.0515236056334895 0.8518703414277674 38.327774188587895 0.030109602242432955 0.9986646643667357 -0.04197975700355694 0.41828843479194255 -0.8528957570503791 0.0037691123357973767 -0.5220676406344891 1.0088572953515085
-0.5283437352343917 0.054588458033950966 0.8472738622712528 39.01429903421225 0.03335121018198763 0.998495101963103 -0.043534217979535696 0.37071585663319495 -0.8483752673304236 0.005256577324496963 -0.529369222921833 0.5783514359747628
-0.5320044295731153 0.05755482236010119 0.8447832439967548 39.700075805594985 0.034464994692419745 0.9983323068530907 -0.046311653330861714 0.32638812117726945 -0.8460398637507782 0.004477445307720364 -0.5331008360789563 0.14832395031416756
-0.5319424156935474 0.05990379897474451 0.8446589851854449 40.41860949273163 0.034403833002705504 0.998199863351544 -0.0491264600768339 0.2801493566205343 -0.8460813451795488 0.0029270588228111306 -0.5330457669523455 -0.29947248271661175
-0.5285220715925113 0.059987931805305546 0.8467974184403736 41.13844087254918 0.03642461220843588 0.9981840229191821 -0.04797816184831205 0.22913301760928956 -0.8481377644374909 0.005486750094524562 -0.5297473247769889 -0.7507034325342439
-0.5228216190801821 0.058791351848242746 0.8504123303258437 41.880853358711846 0.034534286007607294 0.9982606517094326 -0.04778131788265681 0.17800707405450136 -0.8517422953642264 0.0043872766626730335 -0.5239425675502662 -1.1982754626200254
-0.5159568067514798 0.05738886171703824 0.8546900561710296 42.65002743387169 0.03234276848264331 0.9983469951980802 -0.047510235800743456 0.12587187131693625 -0.856003807756539 0.003129813059395627 -0.5169600423403349 -1.6517711385967002
-0.5085876128516368 0.056838160025837255 0.8591321572486679 43.39978361420103 0.030712012763012633 0.998381321461379 -0.04786971097755746 0.0747604019288664 -0.8604623247568238 0.002039735744561966 -0.5095099872938468 -2.092994551017857
-0.5022188280744593 0.05535497504881076 0.862967018758458 44.20622025493259 0.027806331779170988 0.9984667370237191 -0.04786421387836589 0.019516959464956102 -0.8642933857438125 -4.2362162618402466e-05 -0.5029880133412182 -2.5530839743504004
-0.4982524614227979 0.0529532618305843 0.8654134484439351 45.053445538128756 0.023238761767436417 0.9985902596308964 -0.047722670941758916 -0.035815772719566444 -0.8667205112593327 -0.0036668013036773904 -0.49878062305041626 -3.0220753356704586
-0.49685672611791964 0.05021924461774999 0.8663783360526761 45.91969886323124 0.019007370495159152 0.9987145236678585 -0.0469895741813256 -0.09306300330119702 -0.8676244081272965 -0.00687951196707587 -0.49717256434446805 -3.5069745772390872
-0.4975923736735563 0.04754509503404215 0.8661069758408129 46.79671122739935 0.015820618613979823 0.9988280184069277 -0.04574164045988301 -0.15233068575947448 -0.8672667050501743 -0.009058343308470641 -0.4977613973862584 -3.99512106589201
-0.49764842078282606 0.046817411254494755 0.8661144146680537 47.643972732039835 0.014623849095127846 0.9988531883575746 -0.04559003340150681 -0.20339402496849185 -0.8672555519165047 -0.010021881626475562 -0.49776236253724976 -4.49062940253084
-0.49761130361942485 0.04618861061865435 0.8661695000167654 48.51023274853452 0.014209277287454228 0.9988813134235034 -0.045102307394467286 -0.25605527878027506 -0.8672837407383721 -0.010135775375131084 -0.4977109393095573 -4.997069942336288
-0.4987696865466964 0.045579327733420195 0.8655352821609748 49.359447604220506 0.017165352414098865 0.9989399209637222 -0.042712819872873745 -0.3241268304399403 -0.8665645679686016 -0.006446641634389117 -0.49902333648140096 -5.4871286463527
-0.5004215662079577 0.044119939314298744 0.8646569765108448 50.268241018992086 0.020046274935614703 0.9990234287636084 -0.03937430180472308 -0.3958680278968298 -0.8655497691844066 -0.0023705983013305836 -0.5008173093339677 -6.00734048749027
-0.5015147276501138 0.043736365738534504 0.8640428856613633 51.14235532341112 0.01837352927492811 0.9990345401531691 -0.03990489948527149 -0.4502310670614728 -0.864953982227965 -0.004137377542768657 -0.5018341267142508 -6.504420071523951
-0.5029908439360636 0.04292227496513452 0.8632252830103522 52.15857711281622 0.014564036465269034 0.9990452060052086 -0.04118938212511476 -0.5042728698535373 -0.8641690226792003 -0.008145837576811516 -0.5031357128766044 -7.080226927131548
-0.5034764794023587 0.042622673126340056 0.862956975998323 53.061405220184014 0.015049524264665385 0.9990635659008501 -0.040564801353945565 -0.5596607873886167 -0.8638778539284433 -0.007436331423691512 -0.5036464578123677 -7.582582687918865
-0.5030238731728989 0.04174181646238972 0.8632639247510313 53.95019875227923 0.014831369711225112 0.9991028431425308 -0.03966786226910114 -0.618128855787812 -0.8641452502274276 -0.0071504952927465785 -0.5031916701679844 -8.080309181075204
-0.5018575753658233 0.04052501929084312 0.8640004032750288 54.8470220993117 0.01514719866159929 0.9991604088986239 -0.038066253588193606 -0.6781852913118012 -0.8648176318858457 -0.0060166519769226405 -0.502050060729353 -8.593838876317193
-0.5000822737202768 0.0385237475409727 0.8651205929731162 55.777334185131586 0.01582654650054609 0.9992497387630156 -0.03534798449573709 -0.7429226950786568 -0.865833263357688 -0.003985029164788264 -0.5003167792568355 -9.122835774095142
-0.4979798868290586 0.037050760631604306 0.8663967182822984 56.68514041290972 0.01610461325861659 0.9993096872065347 -0.033478209136210316 -0.7988067435571587 -0.8670390266565328 -0.0027184907204185565 -0.4982328131132031 -9.629984364387354
-0.4958008913927306 0.036707717479625764 0.8676600829654483 57.589980651155535 0.016415169771879002 0.9993239047737389 -0.032897956610211984 -0.8526731992756363 -0.8682810710222432 -0.002068048646182008 -0.4960682461912516 -10.13651508248508
-0.4936988260954409 0.03701036544112038 0.8688450390960962 58.48528270958491 0.01680592985501593 0.9993134367520117 -0.03301841680928015 -0.9044274607564293 -0.869470545696455 -0.0016994048363439937 -0.49398186423138213 -10.63771853040026
-0.4925358919976134 0.03751960405166951 0.8694829925915284 59.362553808268544 0.01688817907739202 0.9992941925755212 -0.03355452417017397 -0.9579200084569919 -0.8701282575009069 -0.0018428230090796038 -0.492821894300358 -11.13334043606384
-0.49357064037866893 0.03888288746312287 0.868836085817526 60.28311982335134 0.01625802772921147 0.9992380318811238 -0.03548284341331995 -1.0146165670590397 -0.8695537358269161 -0.0033877285706074307 -0.4938267143488557 -11.649288984217696
-0.49642250104710506 0.04078781973018117 0.8671222833117564 61.15327933416983 0.015213684587841985 0.9991509085618353 -0.03828845415161805 -1.0699527672904026 -0.8679477197708384 -0.0058151252537791635 -0.4966215259761558 -12.143267594506163
-0.5009763207741038 0.041126308393475856 0.8644832865831277 62.023053205846 0.014020205941702094 0.9991248857376362 -0.039406808106055145 -1.1314795772905464 -0.865347421472436 -0.00762164402736765 -0.5011145085639876 -12.63783830879155
-0.5062492378095147 0.039858361841498234 0.8614656233469776 62.837309004812575 0.014951495706495057 0.9991868670720839 -0.0374440575634142 -1.1835086215344472 -0.862257596077543 -0.006075826033208535 -0.5064335320104616 -13.111956552895425
-0.5116084502674441 0.03761905788603246 0.858394781029516 63.68296617673817 0.016318604025256343 0.9992862952873404 -0.034067627061025126 -1.2370023902787004 -0.8590637326634213 -0.003421481356012934 -0.5118572034148984 -13.61539773081064
-0.5166317011049721 0.035035524443975424 0.8554906179732876 64.51921436774035 0.013789301547400943 0.999373328959606 -0.03260068292275415 -1.291239954290955 -0.8560966888011053 -0.005045928173360186 -0.5167910583907708 -14.118048266977175
-0.5223182986175754 0.03832140610055835 0.8518891152982978 65.38606532205156 0.01604432925437528 0.9992545418621074 -0.03511324631427583 -1.3484897207600026 -0.8525996565962348 -0.004672301619748023 -0.52254377344827 -14.629715327252221
-0.5279570885656586 0.0394317992266295 0.8483551413429539 66.1849948468386 0.016187757728229342 0.9992073003190256 -0.03636932070985946 -1.4039107601314083 -0.8491167582452984 -0.005468473179530587 -0.5281768895626546 -15.104776310921276
-0.5326495608715096 0.04035428073812859 0.8453732769194302 67.05078762579122 0.014929274705029763 0.9991551949710361 -0.03828855075831952 -1.4608226545005016 -0.8462042082500943 -0.007773569868404001 -0.5328020359864746 -15.64314908892854
-0.536489795464032 0.04001254053878625 0.8429577071019593 67.90392756129617 0.013230905841562076 0.9991513806705383 -0.03900591794547004 -1.5193223591024636 -0.8438030827708395 -0.00977318288936692 -0.5365639220098938 -16.174644958361828
-0.5397816272466708 0.039354714997837444 0.8408846539772115 68.71029066907884 0.014037353575831446 0.9991885135796008 -0.03775270897796536 -1.5732839870005533 -0.841688034601611 -0.008574423480727306 -0.5398960378354809 -16.68940999579314
-0.5421348672635409 0.03269964538200231 0.8396549999190344 69.51915522484722 0.015042009928457344 0.9994600809095342 -0.029211035682075392 -1.6221654949006867 -0.8401568446632179 -0.0032062221068714777 -0.5423340266895923 -17.209130635709414
-0.5444772759107576 0.023730979659911514 0.8384398228979711 70.45209617971923 0.014261497199206588 0.9997171105007769 -0.01903440751939156 -1.6757351758679746 -0.838654342214024 0.0015936048312291695 -0.5446616883067922 -17.80756391980398
-0.5462771375926274 0.02197866904896321 0.8373160855080006 71.3237247714209 0.014841974326752556 0.99975272143142 -0.016559341428736073 -1.7165807735987137 -0.8374729874698582 0.0033814342083778046 -0.5464682618057575 -18.36970633664841
-0.5473542439843556 0.02635219441413817 0.8364860389999785 72.13190701210554 0.014167001031652408 0.9996526716245726 -0.02222233551235401 -1.7486806056499318 -0.8367811109687426 -0.0003129910764556238 -0.5475374638894618 -18.896219607106314
-0.5486106952276573 0.03293259758844869 0.8354290808308648 72.80162498383245 0.016248833297860074 0.9994551846291755 -0.02872819754734255 -1.782198236232633 -0.8359200203956623 -0.0021858485624798134 -0.5488469199765799 -19.33052747615932
-0.5488845800839647 0.036869961244937514 0.8350846206845425 73.45715800020301 0.022196923514746652 0.9993173626043883 -0.029531430440969852 -1.8199438068192528 -0.8356033833898291 0.0023269626568055246 -0.5493282906534714 -19.763516427033075
-0.5486770953816849 0.03815103377679919 0.8351634233042529 74.2881242813352 0.025795624195629814 0.9992551718966297 -0.028699951397083347 -1.8705989918002537 -0.8356363029308115 0.005796555839345055 -0.5492525549913513 -20.313612047690945
-0.5481257265677798 0.03477664349657268 0.8356726469986051 75.0096357878958 0.024607603601987906 0.9993732182365085 -0.02544870363243733 -1.9106056924660122 -0.8360338831168929 0.00661481206962789 -0.5486379412160391 -20.786699270293497
-0.5473972109731998 0.0300938759309111 0.8363316639050662 75.81955883765039 0.02355943801646039 0.999511299563203 -0.020545435644587398 -1.950426702148673 -0.8365412400468433 0.008456989826898142 -0.5478386925217663 -21.31177246879218
-0.5465666379752655 0.023114676169872082 0.8370965428180768 76.54374573775716 0.020369319647255187 0.9996901867425104 -0.014304591844325063 -1.9854790834382596 -0.8371678452195369 0.009232674384312552 -0.5468681346121674 -21.777890461423002
-0.5462075061824821 0.017375487890729555 0.8374696726511786 77.33447741627525 0.011881810181168878 0.9998449651663939 -0.012994930481976388 -2.0172813987978073 -0.8375656289370594 0.002852727111351953 -0.5463292772415708 -22.271060981885167
-0.544908592386234 0.011885307139143462 0.838411214988123 77.96490402748192 0.004067866504800663 0.999925240308097 -0.011531099552663257 -2.0382758875986333 -0.8384855862838382 -0.002872850327207802 -0.5449162030305637 -22.664716492054033
-0.5429215499661718 0.012609422008338794 0.839688747726766 78.70372930558915 0.007133342122005616 0.9999204397329977 -0.01040334726610054 -2.064473126086325 -0.8397531220617759 0.0003415856909858932 -0.5429683023038425 -23.143954749619095
-0.5396756398945852 0.016050126157468182 0.8417200230211342 79.50652227220205 0.011341651531633298 0.9998661264335704 -0.011793903139444277 -2.096226128969752 -0.8417966325929945 0.003181612964669745 -0.5397854265298752 -23.662511556529484
-0.5346002174075952 0.019153909311583943 0.8448880016344384 80.32155323204614 0.013554667342065924 0.9998088623813882 -0.01408934692880786 -2.123861861329916 -0.8449963778271466 0.00392000787218601 -0.5347576600641504 -24.1718508934946
-0.5270077137226754 0.021476351937710757 0.8495890983200324 81.13073267863685 0.018439790071276798 0.9997342698378957 -0.013833432466917019 -2.1519649791177704 -0.8496604285353804 0.00837591900253983 -0.527263691298707 -24.67260961427649
-0.5184889111942342 0.02479937665363422 0.8547246573524178 81.89188392799198 0.026140009964532897 0.9995718612661022 -0.013145114836861975 -2.1868439940982625 -0.8546847072737829 0.01552691478083651 -0.5189151819610968 -25.14852741606986
-0.5082027186274596 0.023780849955419344 0.8609090938972919 82.47110567435467 0.022898112733692234 0.999638424344132 -0.014095992622592481 -2.2035033472729766 -0.8609330248125545 0.01254957171296698 -0.5085635014793414 -25.49171783882956
-0.4975041076979397 0.021370351439377072 0.8671983457681602 83.27079428457654 0.020906754217173758 0.9997015042131021 -0.012641602041020715 -2.2328301472631105 -0.8672096461939178 0.01184105372922421 -0.49780238950290634 -25.937863351226554
-0.4865302255772936 0.017851083335718613 0.8734813555099206 84.04872283558352 0.020808349371620807 0.9997443901590585 -0.008841207039813975 -2.2596955238200938 -0.8734159102032302 0.013874190759591183 -0.48677731524243334 -26.359964745022275
-0.47532144209483845 0.016953064487957196 0.8796488619269336 84.64210519519368 0.020421504017016107 0.9997575603051321 -0.008233030208437218 -2.279206405732678 -0.879575175217313 0.014050416975919858 -0.47555241238399565 -26.676683559310295
-0.46342274339820433 0.01615586346043977 0.8859900388701494 85.47334192638512 0.02118030540657336 0.9997500922477457 -0.007151762965045136 -2.301041601739215 -0.8858841659969812 0.015451249997056757 -0.4636491165842585 -27.10310270132099
-0.45193955837882865 0.017182398036371584 0.8918830645157853 86.28111359019402 0.022199630622259554 0.999721462734859 -0.008010826892980256 -2.323255044239361 -0.8917722870624458 0.016179065022236653 -0.4521951192598422 -27.502372581852946
-0.4415135418042181 0.020565080382559317 0.8970188793288317 86.89795991880537 0.021943595164086876 0.9996857649700971 -0.012118166009203294 -2.3502192088990688 -0.8969862156325317 0.014333484747640002 -0.4418260745816398 -27.783579273061275
-0.4288937687186018 0.030004588617388805 0.9028565001240536 87.66106991666511 0.025076764815219543 0.9994585337152586 -0.02130247051746608 -2.373691507548959 -0.9030068056336883 0.013504223252250227 -0.4294139552152421 -28.149957393527945
-0.4160003211537433 0.03499348723960265 0.9086909203083265 88.36918955672218 0.025088807783806313 0.9993206013520161 -0.026997915427537805 -2.398975017479012 -0.9090183081346441 0.011566830346168374 -0.41659563597303145 -28.47370877562121
-0.4039460240743389 0.03184124409981837 0.9142284970447534 89.17389635508535 0.02388479749081135 0.9994204375286209 -0.024255009769594233 -2.436767643305413 -0.914470954204319 0.012038447751930942 -0.4044724337855037 -28.828126377161873
-0.392126081722678 0.028121589899248654 0.9194815453364779 90.01931014239294 0.02245219437495609 0.9995274497840279 -0.02099466827523591 -2.4749426838504047 -0.9196374475849545 0.012411821372243937 -0.3925721738606238 -29.182624094219697
-0.3820178481772894 0.02886633077115947 0.9237040102878209 90.6238659066838 0.0189533758532685 0.9995465516222801 -0.023397877762168635 -2.500562686659203 -0.9239605690816894 0.00856890236953755 -0.38239173722038533 -29.432323426734072
-0.3746285895945757 0.033408293029521946 0.9265728820849614 91.38819298267636 0.013727044536326189 0.9994409438460132 -0.030485537759536475 -2.5372400950985172 -0.9270733455917487 0.0012983532046450487 -0.37487774830240367 -29.736867936342193
-0.36959165912457154 0.03857216240915349 0.9283933400195348 92.16314309535896 0.008027724979848194 0.9992332902040932 -0.03831954304986555 -2.5764853589345327 -0.9291595993892522 -0.006709697085895734 -0.36961793629073536 -30.03396919963756
-0.3653333878086167 0.04077423056651236 0.9299833212880686 93.05039292799788 0.006156559693766906 0.9991242183449796 -0.04138711259886377 -2.632196742966992 -0.9308563866273987 -0.00939459622564199 -0.3652644645140589 -30.380571428188848
-0.3621220394548596 0.04041992370881905 0.9312539172043388 93.86292640744631 0.004261733245279859 0.9991207366995593 -0.04170840594743947 -2.6821026226737126 -0.9321209503979622 -0.011134777245351158 -0.36197589776792904 -30.679471722657457
-0.356641834598586 0.04069041530628892 0.933354644235703 94.6041664986827 0.003853343352816365 0.9991066225976907 -0.04208453904275785 -2.726935584745861 -0.9342332436598269 -0.011412571298259067 -0.35648001298418264 -30.96276817042592
-0.35011394354713465 0.03640982173899712 0.9359992261828037 95.44051402102333 0.0003830406124659758 0.9992497567790027 -0.03872695259110279 -2.774859257186215 -0.936707040548839 -0.013200320376369217 -0.3498652193748317 -31.28410694575191
-0.3451554561208262 0.03269026056701718 0.9379760433902798 96.79832646578019 0.001093211682491555 0.9994065499708201 -0.03442895240404947 -2.8628327017734514 -0.9385448929050986 -0.010857934402250479 -0.3449863609800765 -31.76390006002575
-0.33967328224815657 0.030134742436123806 0.9400606143356246 97.67784749557943 -9.227788235270879e-05 0.999485524084037 -0.032073020301347954 -2.9123394658004034 -0.9405434879959341 -0.01098109488014472 -0.3394957477549278 -32.067699651846254
-0.3345924083855199 0.028392352073506977 0.9419351329016828 98.527472245341 -0.009509613974046146 0.9993933982804363 -0.03350227925897212 -2.9538078109747814 -0.9423149619383338 -0.020167047806150622 -0.33411944374720726 -32.34804628444058
-0.32875842544965106 0.028579753360124565 0.9439815122097149 99.37316263934709 -0.0170488614605366 0.9991995226289527 -0.036189090911110264 -2.99632166418793 -0.9442601516630716 -0.027991278569362198 -0.32800800951392567 -32.61975972249041
-0.3223386236132379 0.03267720053602671 0.9460602582775852 100.02948500685699 -0.015435355936249109 0.9990897161094192 -0.03976793873865617 -3.035851187613453 -0.9464985797740247 -0.02742151946060834 -0.32154081973557824 -32.83659572933628
-0.315155596515667 0.03606907673036171 0.9483543492222056 100.91699755614133 -0.013944868019922407 0.9989936398608783 -0.04262919391005353 -3.0908360651720743 -0.9489375588734816 -0.026659505271728095 -0.31433545797110823 -33.13267349504782
-0.30861267171674805 0.03449016442895685 0.950562279607977 101.75229537488896 -0.015453639214145925 0.9990286816084966 -0.04126594671915898 -3.1349359049853556 -0.9510622502711855 -0.0274248405875585 -0.307779911995338 -33.39772568794604
-0.30134040575218934 0.029829652789823642 0.9530499208727443 102.63917082713157 -0.01590832525060096 0.9992141442560623 -0.036304532862253616 -3.1871239740703987 -0.9533839127281457 -0.026101450784658416 -0.3006290558447565 -33.67617771890961
-0.2940861906073186 0.02706136676719216 0.9553957268706864 103.44757697548042 -0.01729601086566574 0.9992847300751095 -0.033628503488117426 -3.233239888204019 -0.9556223943076116 -0.02641421335961147 -0.2934077859062076 -33.923716397341295
-0.28773800134653443 0.03042692208163404 0.9572257022216546 104.45215201208515 -0.019291052117093647 0.9991082646623618 -0.03755703384959646 -3.2826351473257156 -0.9575148551794479 -0.029272476765766626 -0.2868944478631139 -34.21492978763095
-0.2805681338845702 0.033482294233868254 0.959249945645746 105.00135036640407 -0.017675105767794318 0.9990416972912362 -0.040040950407596074 -3.312725083873201 -0.9596713567074038 -0.02818905898186349 -0.27970746158994486 -34.37696201752136
-0.27350054214805286 0.033659297635674906 0.9612827394307015 105.8431931023932 -0.018963048714537564 0.9990046185801458 -0.04037542370041346 -3.368094503099843 -0.9616849048561451 -0.02927155168778907 -0.27259002188931725 -34.610240919160404
-0.2665734509947956 0.03319731249725399 0.963242717941685 106.58994682933374 -0.01983165455462011 0.9990061276787444 -0.03991819557478576 -3.4093894261818796 -0.9636105544784953 -0.029743827986328825 -0.26565015338668396 -34.8051591476066
-0.2576708184705583 0.03316711177006453 0.9656633429956551 106.59229382593045 -0.015899035887540366 0.9991298352653286 -0.03855895409012527 -3.4095244005842766 -0.9661019459490603 -0.025288633405341508 -0.2569192773108539 -34.80580563907925
-0.2502233491308887 0.034018047643689875 0.9675903306587105 107.363592170554 -0.014405923398924554 0.999141098434152 -0.03885273208953068 -3.454990795171319 -0.9680809598999185 -0.023660892931337104 -0.24951837051597334 -35.01009909763782
-0.2438333825630315 0.03447869692597872 0.9692040554012125 108.07373928005805 -0.013563877157479389 0.9991488488222726 -0.03895637474900086 -3.494021953528348 -0.9697222812663062 -0.022645029375434965 -0.24315817868264067 -35.183947396832686
-0.23631448801985142 0.03443678128695336 0.971066203122377 108.93350944053414 -0.017961124363532414 0.9990462251718335 -0.03979997464205533 -3.529212814364096 -0.9715106076433315 -0.026846751470244748 -0.23547057389827314 -35.373430326209125
-0.23022973833691315 0.03298166027004505 0.9725772348102475 109.63455258328563 -0.020949599150619842 0.9990258956215353 -0.03883779310179586 -3.564239212387623 -0.9729107779651467 -0.02931671815570272 -0.22931451797876784 -35.52273551028426
-0.2255194736127205 0.03269388358852561 0.973689928569327 110.483040273728 -0.018138395883903147 0.9991226232623998 -0.03774893746875484 -3.6198430515235525 -0.9740697950435597 -0.026174293899953044 -0.22472859346918675 -35.72135332366458
-0.22167030553147926 0.03306263085336604 0.9745609976223318 111.27951934446662 -0.01643792055434349 0.9991563088748613 -0.0376359562574434 -3.664742050941581 -0.9749831128862858 -0.024362530176834617 -0.22093980336271118 -35.88481252992132
-0.21704063796666676 0.034601900986499796 0.9755491119975163 112.20756494122713 -0.015555742744864279 0.9991220632848463 -0.0388988627737038 -3.7134521889021617 -0.9760386162128423 -0.023618025013796756 -0.216311831751687 -36.0850850477779
-0.2114484901660977 0.03375693340046572 0.9768060224291586 113.07263485605047 -0.009323095480697291 0.9992882605110267 -0.036552049128663965 -3.76053452271392 -0.9773446760980169 -0.016835731413960307 -0.21098327481253548 -36.27524503476076
-0.20595639344225283 0.03248816003010178 0.9780217193181949 114.00179820122626 -0.0020762767565367206 0.9994319726777602 -0.03363660304298039 -3.8087021181019365 -0.9785589676024088 -0.008958317213589485 -0.20577195017205538 -36.477726575436606
-0.20143734494215546 0.03157120108354952 0.9789924694934057 114.90859720612949 -0.0005262888176376084 0.9994767841803306 -0.03234008201327358 -3.853880470975945 -0.9795012603783302 -0.007029733045211287 -0.20131533416652073 -36.65653353253737
