1.0 0.0 0.0 0.0 0.0 1.0 0.0 0.0 0.0 0.0 1.0 0.0
0.9999914467486336 -0.002746327116345388 -0.0030925906526427034 -0.0065990145527181805 0.002739644340302355 0.9999939077287331 -0.0021630659506252114 -0.006031470813769479 0.003098512298416172 0.0021545748509000343 0.9999928784890163 0.8603965186517294
0.9999757066338334 -0.0012060227728331319 -0.006865249539320818 -0.0248732645685561 0.0011806161547135397 0.9999924446911888 -0.0037036071653344877 -0.009985697152107493 0.00686966430482349 0.003695411967737251 0.9999695753585346 1.719520458310011
0.9999400393657941 -0.0013937053727644218 -0.010861641610198671 -0.045509532455382695 0.0013295316863192995 0.9999816326296513 -0.005913268878727404 0.005295168094995117 0.010869683465011494 0.005898473418689032 0.999923526072219 2.5795748283211464
0.9998852167480621 0.00012668330784484667 -0.01515048778160296 -0.07685710535159077 -0.0002252602770085304 0.999978816946324 -0.006504991655485038 -0.003318484408699725 0.015149342774146634 0.006507657794463512 0.999864064662563 3.4383901719031416
0.9998237799370875 -0.0006810263779780483 -0.018760204566772642 -0.11427753802565069 0.0005564758754122484 0.9999777768702741 -0.006643500597150631 -0.014923909645564098 0.018764312055461627 0.006631890277798276 0.9998019396982729 4.297933089095745
0.9997427537560013 0.0009791902977325504 -0.02265982124219466 -0.15330915893249944 -0.0011405736291911902 0.9999740719100999 -0.007110175759487746 -0.04061757217121252 0.022652271501193488 0.007134191888030555 0.9997179491746366 5.156059800787095
0.9996255707293387 0.0036706379621573937 -0.027115397120357047 -0.19441410483524263 -0.003873837373712043 0.9999647809395279 -0.0074451504057421874 -0.05732018455666536 0.027087113689832826 0.007547403362273801 0.9996045843104371 6.015453533419027
0.9995103596540389 0.0037701154215573195 -0.031061667275954743 -0.23591076640324984 -0.003947043052423273 0.9999763241405559 -0.0056366665223587 -0.06988272116637341 0.031039680980904073 0.00575650832103098 0.9995015761951324 6.873805149644777
0.9993768566392316 0.003053181279492599 -0.03516498966249498 -0.27657035291721427 -0.0031595885933883294 0.9999905957139907 -0.002970771532527061 -0.08034951658761515 0.035155588656845906 0.003080027216194563 0.9993771050101851 7.733086594364977
0.9992600302891236 0.0023358203068046626 -0.038391871666723226 -0.32092357230747975 -0.0023385909659593435 0.9999972651208544 -2.7259959322962178e-05 -0.0910983650865963 0.03839170299522747 0.0001170226720249249 0.9992627599619736 8.592473665564183
0.9991683276125718 0.003515164313540715 -0.04062384417734791 -0.3762916625644126 -0.0035365324007524115 0.9999936433243517 -0.0004541469671256428 -0.10170010264859998 0.04062198954353493 0.0005974368068096474 0.9991744077160839 9.44975602194791
0.9991038399242393 0.003113451800923271 -0.042211650838642235 -0.4319153473894932 -0.00314122359249077 0.9999948913454038 -0.0005916058113949052 -0.10913189989548411 0.04220959325771922 0.0007236718713785583 0.9991085158960666 10.308356404404405
0.9990456562926162 0.00023451769656085463 -0.043677472961538254 -0.47321865235506977 -0.00029133648389711216 0.9999991196820873 -0.0012945107583495988 -0.11383176832873665 0.043677130925795185 0.001306000191551429 0.9990448451383906 11.16770866186875
0.9989755048601141 7.680625274684972e-05 -0.04525411351777813 -0.524194756785326 -9.439730844497591e-05 0.9999999208223775 -0.00038658037547966274 -0.12200892450430373 0.04525408024287497 0.0003904561922760309 0.9989754330139123 12.025749414031486
0.998914879960989 -0.0011142082045343528 -0.04655986611449826 -0.5650603932674989 0.0010852640848623709 0.9999992018428195 -0.0006469278088276557 -0.1304528666250844 0.046560549764679125 0.0005956960640084971 0.9989152918800525 12.880602582327212
0.9988371582556314 0.0012466937773202363 -0.04819519729641963 -0.6169271981963276 -0.0013840891429340286 0.9999950728627411 -0.002817542809849543 -0.14100804530918087 0.04819144721897898 0.002880972902773269 0.9988339623831751 13.742646261826843
0.998767620685051 0.0016677830404175694 -0.049603007679501425 -0.6622731583242769 -0.0019387966791026725 0.9999834536491544 -0.005416040559900475 -0.151729050456711 0.04959315415014139 0.005505536090108071 0.9987543282178061 14.61212297286362
0.99865128521745 0.0051514529969068565 -0.05166307255241773 -0.7117746660628244 -0.005526962150507287 0.9999593199402467 -0.007128194303340191 -0.15853257402466853 0.051624250337632814 0.007404120248886554 0.9986391319092286 15.492320664142987
0.9985953432651034 0.005735617164710749 -0.05267298268553482 -0.7674586364651244 -0.006095761852698536 0.9999591137258533 -0.00667926373494535 -0.16935645629822588 0.05263251938379887 0.006990963620678305 0.9985894773784513 16.382437200652213
0.9985183776048975 0.004755481968910491 -0.05420733323570818 -0.8143958180646007 -0.005042147312442903 0.9999740124756534 -0.00515277826237665 -0.18454745671001344 0.05418142057719946 0.0054184651502953065 0.9985164064248777 17.282807941398406
0.9984320528209416 0.005921076845619231 -0.055663064492975534 -0.8650812003389925 -0.006132196034068846 0.9999746355372968 -0.0036227688099139538 -0.20108173241261765 0.05564020193673486 0.003958425323106061 0.9984430373323261 18.187403300593708
0.998375903320609 0.005195338454075117 -0.056732390458238594 -0.9205605825109444 -0.005405351108186992 0.9999790932203603 -0.0035489859936459274 -0.21196315190475462 0.0567127661832471 0.003849880586912045 0.9983831131240706 19.098696669973304
0.9982780804806386 0.005143198783958507 -0.05843305176148708 -0.9779073750443459 -0.0054156659439865895 0.9999751852597211 -0.004505488560573971 -0.22140147692357576 0.058408429137198056 0.004814184360305216 0.9982811623158425 20.01194939401971
0.9982349326248515 0.003567143860972978 -0.05928148760054411 -1.0371053518786577 -0.0038825567165086047 0.999978910058572 -0.005206264631513706 -0.23323855727701528 0.05926166586252398 0.005427238961514401 0.9982277295469469 20.92847062988028
0.9981519038928158 0.0027556065346703534 -0.06070571132746504 -1.083391675588564 -0.0029624838907542873 0.9999901067902324 -0.003318133640584394 -0.24408678819567212 0.06069596728238593 0.0034918411026045783 0.9981501924066184 21.855949346438383
0.9981525469848195 0.004816072310695028 -0.06056647913835188 -1.14148088185469 -0.004824367498215827 0.9999883626284242 9.271767901043032e-06 -0.2571378748179781 0.06056581895723378 0.00028294031469102646 0.9981641656154651 22.790201329600517
0.9981920853625419 0.004929261109491637 -0.05990211268807488 -1.2062342637739105 -0.004720888068476084 0.9999823057538626 0.003619584925595378 -0.2590371129768485 0.05991889464455509 -0.0033302498559611544 0.9981976935960487 23.725293244641094
0.9983140696142239 0.0037631843052275222 -0.05792112614730256 -1.2716822524129574 -0.0033932463795476415 0.999973221749685 0.006483954238237957 -0.26347454807671916 0.05794397543571324 -0.006276482091169008 0.9983001059216935 24.66701955083154
0.9983876207062622 0.0035864708813956197 -0.05665064913225564 -1.3251555205941905 -0.003177415092546231 0.9999682400639442 0.007309096849000579 -0.2655165288061911 0.05667506377427995 -0.007117309185029889 0.9983673076859767 25.612387217451545
0.9984569018314161 0.0035237822465529166 -0.055420196173317345 -1.3817874300660657 -0.0032800880425433456 0.9999845513100152 0.0044875565446136165 -0.26993089240788254 0.05543515317597011 -0.004298848681544636 0.9984530352962875 26.56011476497296
0.9984697302686113 0.0036574113991117677 -0.05517989741911904 -1.430644589989608 -0.0036703966662319674 0.9999932550955153 -0.00013398428478465525 -0.2742107976542654 0.055179035200331024 0.0003363113642193879 0.9984764198362556 27.51215664592761
0.9985367199048921 0.0028497120643492806 -0.05400276051026914 -1.4844484281853179 -0.003019133741993672 0.9999907729354408 -0.0030559573668654952 -0.2818428029983161 0.05399355362473506 0.003214527201696484 0.9985361100039608 28.4706524182959
0.9985554076444263 -0.00023155030468877602 -0.05373122228770097 -1.530287786040028 0.00012332740557480107 0.999997957320955 -0.0020174598556104277 -0.2892557460889023 0.053731579675503405 0.002007918916282301 0.9985533964727176 29.439409798634845
0.998530251218451 -0.002351015177133301 -0.05414619219533734 -1.580927493541171 0.0025185817202066844 0.9999922479533145 0.003026677947123002 -0.29835967002788166 0.05413865668573759 -0.0031586011007799816 0.9985284317891753 30.415084458064108
0.99845755311116 -0.006260959766646841 -0.055166248903437305 -1.6315245848140467 0.006630451370248489 0.9999567800131547 0.006517301615741697 -0.30855765832893317 0.05512306005568211 -0.006873026154774055 0.9984559127781121 31.39455527379479
0.9983206460070756 -0.013796426501045518 -0.05626318842562119 -1.6761725001141579 0.014156964948572794 0.9998816959491309 0.006014519875694029 -0.32047614723942225 0.056173553381111505 -0.006800935354161644 0.9983978561569768 32.37408401701608
0.9982288358964045 -0.016042045684462176 -0.057287380418091664 -1.736865651525587 0.016194742947922024 0.9998664314584759 0.00220216787376157 -0.3267576710209797 0.05724440134860567 -0.0031260218731042 0.9983553007329045 33.35275417375426
0.9981493526329493 -0.01598947861383788 -0.05867031968621083 -1.7954624593898718 0.015925964065605116 0.999871972341178 -0.0015500306913649063 -0.3426405016612422 0.058687592445129375 0.0006127807281070112 0.998276209770008 34.3367137396423
0.9980456422215972 -0.014373474374515912 -0.060813643838247146 -1.857773528132635 0.01426631012182835 0.9998958195077414 -0.0021960251479535113 -0.35796446635926016 0.060838872754085886 0.0013241470264892573 0.9981467217782483 35.348032544991455
0.9979898523894275 -0.014433339070710384 -0.06170845364291035 -1.922019685068662 0.014398918279835202 0.9998958276720973 -0.0010024750883852944 -0.3670912893947034 0.06171649439250363 0.00011192498430252296 0.9980937139330643 36.406493664724245
0.9979584411525444 -0.011362563014902804 -0.06284776761442418 -1.998283908915081 0.01149882075587285 0.9999322540417495 0.0018067784067827895 -0.3784409818140993 0.0628229802986821 -0.0025257649770459864 0.9980214895770891 37.44827811446926
0.9978729544181283 -0.01144614375905227 -0.06417595058808098 -2.065112096878336 0.01168694885076219 0.9999259990603747 0.0033781103699748564 -0.3963985533654806 0.06413253517050732 -0.0041209460272092135 0.9979328813785245 38.4925291874977
0.9978466072258112 -0.009216999378312172 -0.06493993663685253 -2.131291634646151 0.009624223316021635 0.9999359199216611 0.005960736194899537 -0.4113798842121113 0.06488083517882269 -0.0065728968409699065 0.9978713715973699 39.52536538894215
0.9978637159942236 -0.009931819623470454 -0.06457060678951915 -2.212806122859716 0.010540190883665342 0.999903151820069 0.00908797867672298 -0.4148157112465552 0.06447409307881523 -0.009749150694266635 0.9978717579841633 40.560031288241774
0.9978614431706212 -0.004135683970673666 -0.06523370564010748 -2.285689590610252 0.00487697764048325 0.9999252893516144 0.011208514807277997 -0.4127129238294467 0.06518247711263887 -0.011502688085202304 0.9978070619334555 41.58321399246269
0.9978527126909139 -0.00430274664978758 -0.06535633210831591 -2.357029248347212 0.0050169660256261855 0.9999294387561622 0.010767894904977668 -0.4221710523338577 0.06530538896050188 -0.011072663638649527 0.9978038896960979 42.60554596568491
0.9978595955710653 -0.003817830584265218 -0.06528132731784868 -2.4189752683085888 0.0044116839508286055 0.9999501703721025 0.008955100084392709 -0.42602736364235777 0.06524388531861228 -0.009223933132527395 0.9978267156606392 43.616161491853454
0.997879107889466 -0.0019293556280426392 -0.06506584068913837 -2.5007972410291712 0.0023792064603071696 0.9999737970401177 0.006837002982978228 -0.43104070784155485 0.06505094476134078 -0.006977307505804782 0.9978575508386084 44.62073623397066
0.9977999434003054 -0.001841782116906015 -0.06627126669214616 -2.560968919730776 0.002307288716684832 0.999973197663505 0.006948407976165384 -0.44267140316832904 0.0662566930138047 -0.007086028031219184 0.9977774495535638 45.62251935696593
0.9977012574752515 -0.004074584333646635 -0.06764317108777763 -2.6243878151317444 0.00464337868714452 0.9999551571330098 0.00825365115970122 -0.4514033807062533 0.06760650757634286 -0.00854877099975579 0.9976754375285196 46.622167777550835
0.9976520651637962 -0.003215723313063905 -0.06841064243220257 -2.6935860387363544 0.0038538300194701793 0.9999502742538386 0.009197663499732292 -0.46021495673843266 0.06837766352102026 -0.009439710972646018 0.9976148490214841 47.61735411049907
0.9976414224682357 -0.0004918648900702682 -0.06863927625263572 -2.765707471933707 0.0008714414789350519 0.9999844941462678 0.005500186977027283 -0.46834288664921236 0.06863550659319484 -0.00554702947201336 0.9976263818177282 48.60372398818392
0.9975728403068965 -0.0002248947197355311 -0.06963029300812049 -2.8351828183041357 0.0003093214237502028 0.9999992300945437 0.0012017198413998547 -0.47299612031777055 0.06962996913893085 -0.0012203412168077955 0.997572141834878 49.58178930010053
0.997550911270303 0.0010041057206202572 -0.06993690867839633 -2.9131262353233245 -0.001011194994451624 0.9999994865666186 -6.59634976087598e-05 -0.4851892444841249 0.06993680653612727 0.00013652179913324603 0.9975514144410433 50.563110282352696
0.9975386184010495 -0.000524254126575852 -0.07011725861823591 -2.9833066945205724 0.0007746396518667257 0.9999934206479523 0.00354381069161969 -0.4959104395905445 0.07011493943472771 -0.0035894036299990123 0.9975324613513311 51.544109262903504
0.9974908871788796 -0.002482071635917957 -0.07075146157844502 -3.0426196225500055 0.0029654013413984138 0.9999729755053858 0.006727157928162286 -0.5064227944434553 0.0707328522680686 -0.0069200852090256035 0.997471290830329 52.521400567874856
0.9974544172457943 -0.004445597315294013 -0.07116826667386998 -3.1092355620610186 0.004985695973742468 0.999960092857196 0.007413199625396461 -0.514758266782032 0.07113247045133607 -0.007749152052890683 0.9974367760865599 53.491678421946105
0.9974116473276043 -0.0079549062575743 -0.07146135488267676 -3.1793740885290083 0.00842245924254531 0.9999450371035356 0.00624379310333453 -0.521276039716633 0.07140775837079819 -0.0068295123136860115 0.9974238265682318 54.45453264474469
0.9973720539234463 -0.010444633411934152 -0.0716930658112518 -3.2477596961637007 0.01083059170384116 0.9999288623849136 0.004996844299930197 -0.5315764607507144 0.07163577553060224 -0.005760191186355297 0.9974142248141566 55.41790356122332
0.9972819296287453 -0.011805480943271949 -0.07272814761606693 -3.3193100645037505 0.012290413430287864 0.999905100422681 0.006223816065846012 -0.5407662318166784 0.07264777060363894 -0.007100758298021733 0.9973323822366911 56.37620169827611
0.9971372319502898 -0.014682508005133535 -0.07417388096353816 -3.384938476333031 0.015480068279541207 0.999828259990885 0.010189112309760186 -0.5456867266532085 0.0740115406174919 -0.011308159986458986 0.9971932698194192 57.33828789585312
0.9970441421059697 -0.01568023533201609 -0.0752137548065754 -3.448727643453845 0.01687346874411321 0.9997412460883444 0.015255389941490675 -0.5510902219693047 0.07495508484894443 -0.016479414117561705 0.9970507329948806 58.30019320320028
0.9970198819553922 -0.01342267194971095 -0.07596832802811028 -3.5212188510210054 0.014794263535274793 0.9997370395512585 0.01752088798363886 -0.5574366932972038 0.07571317423080969 -0.018592569134383265 0.9969562837059995 59.25175264528055
0.9968969892442305 -0.012585819356114988 -0.07770450428980324 -3.5954348445639286 0.013693239805007227 0.9998119001569127 0.01373533720981428 -0.5624192533213704 0.07751701761182096 -0.014756742721887543 0.9968818137195642 60.19245173612583
0.9967921412563006 -0.011121316352090203 -0.07925745045278973 -3.6720714572267803 0.011627343807445508 0.9999148403718914 0.005925949716246512 -0.562757708842803 0.07918479655630323 -0.006828493732350647 0.9968365661770657 61.11661101691571
0.9967661565352594 -0.009169368677611412 -0.07983202279775421 -3.753957798119006 0.009290171504579023 0.9999561934099627 0.0011419170170176235 -0.5714390400115553 0.07981805497093121 -0.0018798774194834205 0.9968076766164797 62.030465424417
0.9966717282492035 -0.004448687126545489 -0.0813982511580948 -3.830377798578674 0.004637695478050142 0.9999869707425518 0.0021331023858095974 -0.583741102345589 0.08138770109420114 -0.0025035031427143644 0.996679374012834 62.94099401585345
0.9965577944273079 -0.0018861418493276885 -0.08287945966947331 -3.902696380368692 0.002263288265239895 0.9999875070390267 0.0044568253389018 -0.5958866589271695 0.08287001805483123 -0.004629064138382956 0.996549613352388 63.83962024770141
0.9963954650096137 0.0006670501498754972 -0.0848270732276742 -3.9681460709156595 -0.0001442071239675085 0.9999809573651464 0.006169611931971122 -0.6113745931106787 0.08482957333725683 -0.006135140681620365 0.9963765872079868 64.72302476005707
0.9962287711919358 0.001107046931554001 -0.08675834194183882 -4.037157454155662 -0.000591002637243722 0.9999819836930482 0.005973525357728428 -0.6203870948018374 0.08676339184983752 -0.005899723417923034 0.9962114770962552 65.59204256864682
0.9960146299803172 0.0037627459172542097 -0.08911059762078721 -4.101128871708418 -0.0031659948919576983 0.9999716145745988 0.006837142781495687 -0.6382757250407418 0.08913379460965265 -0.006527770540747205 0.9959982705156926 66.44755256002473
0.9958899184468584 0.00454014655817861 -0.09045804223583367 -4.180525558561933 -0.0038724036943488223 0.9999639555163266 0.0075559352677533964 -0.6516640150517781 0.09048908677590677 -0.007174589700654987 0.9958716033892566 67.28986808190662
0.9956387646991242 0.004637343464130753 -0.09317695677579055 -4.241959094186215 -0.0038612708914081786 0.9999563549122836 0.008507576484661866 -0.675210588282875 0.09321234261354557 -0.008110691470823618 0.9956132159972362 68.11903671474145
0.9955110001031318 0.004637409385669333 -0.09453223316864942 -4.3191122159115825 -0.00374657915381728 0.9999469110294523 0.009598868021851116 -0.681934657753491 0.09457172843036317 -0.00920160621013744 0.9954755238702989 68.93498100500881
0.9953763560760338 0.007366173653281325 -0.09576872793613934 -4.403607556829979 -0.0062337138731088934 0.999907133927161 0.012118759545395048 -0.6809725991248851 0.09584910315774874 -0.011465731868511415 0.9953298380017418 69.73810404385614
0.9952285119709527 0.009141946943302752 -0.09714233766061359 -4.4808677404637045 -0.007585796385335608 0.9998371187696349 0.016376557136213866 -0.6892363471215731 0.09727622861358795 -0.015561514595992431 0.9951357568745055 70.53133710896935
0.9949900649484583 0.01240448321808935 -0.09920130770284451 -4.547165127170042 -0.010634313736188498 0.9997750114374897 0.01835314350535172 -0.6972057410467087 0.09940664980383647 -0.017206257619246004 0.9948981167303096 71.30788106616704
0.9948354400281659 0.015357791701372678 -0.10033237512399627 -4.6270193229038075 -0.013913468718570547 0.999789492140661 0.015079349897680956 -0.7231754469290703 0.10054283988520703 -0.013605500328050432 0.9948396995037141 72.0598466589578
0.9946569947606305 0.015386476766406528 -0.10208192350493542 -4.689410156157976 -0.014584499787236579 0.9998566734155918 0.008597964425535587 -0.7466544831280199 0.10219958483138132 -0.007063211664923535 0.9947388380380394 72.79080952678696
0.9945688391990913 0.014474665896457767 -0.10306943359385286 -4.774793787559171 -0.014203400394389809 0.9998934632546507 0.003365346617715156 -0.762116156604953 0.10310716517976976 -0.0018831324453270149 0.9946684705472392 73.50152928082133
0.9945634674432366 0.015274351841722232 -0.1030058415969745 -4.859197200712427 -0.015072727836276893 0.9998826580046147 0.002735525031925773 -0.7745443648208012 0.10303553805779442 -0.001168074245091951 0.9946769895296149 74.1945908731821
0.9945152611174938 0.01816162075860776 -0.1030026744110245 -4.949473094535056 -0.017548498771298247 0.9998225095670961 0.006855622059884511 -0.792500840830083 0.10310890162966874 -0.005010478457666527 0.9946574533528353 74.86834532392993
0.9944855003277022 0.018281531703073537 -0.10326846196467354 -5.0496520300576035 -0.017402740367644665 0.9998043314643809 0.009404435802271224 -0.8092738104109106 0.10342018306721375 -0.007555420812384179 0.9946090595559096 75.52031910800137
0.9944937837761393 0.015300442742859974 -0.10367261201730052 -5.126764675175947 -0.014706849187974897 0.999870800881844 0.00648769071877632 -0.8239689031058154 0.10375848214762665 -0.004927270621023251 0.9945903173601919 76.14936267661494
0.9947596201443524 0.0072587851967607486 -0.10198337201588822 -5.212895524993775 -0.0070895267202007025 0.9999728246416256 0.0020220259970359982 -0.844760064428581 0.10199527803357984 -0.0012884159718106656 0.9947840485467866 76.75714534933985
0.9949460796342339 0.0034289967735814746 -0.10035208319509678 -5.281464867499607 -0.0036784360676152573 0.9999905878764132 -0.0023007100387752257 -0.8586768667534762 0.10034324954158727 0.002658221155739769 0.9949493284241772 77.34978865203294
0.9953297487513861 0.005962030961417916 -0.09634908114412664 -5.360340355926156 -0.0062095823388535224 0.9999781445861037 -0.002269677798914021 -0.8691125379427356 0.09633344350576978 0.0028573653859771007 0.9953450171299251 77.92876236327393
0.9957501968938127 0.010960299337616468 -0.09144078534419506 -5.438325998371898 -0.010905069316209548 0.9999399289370661 0.0011036215584647891 -0.8829444269198958 0.0914473884216598 -0.00010176328163042985 0.9958099039450712 78.49585290466938
0.996376207071573 0.009588358495215835 -0.08451341528439912 -5.523705048270947 -0.0091982324096497 0.9999451731064448 0.0050043282926432306 -0.9044407928459522 0.0845567649700726 -0.004208819607645619 0.9964097748091925 79.04587224857626
0.9970310006669661 0.005971390318563344 -0.07676930510752118 -5.590198806821451 -0.0052345692002176624 0.999938321764346 0.009795506745011433 -0.9189382839418476 0.076823062906372 -0.009364569651980754 0.9970007632097962 79.5856788356511
0.9976694901669123 0.0015398692896596506 -0.06821449400724171 -5.618537687181378 -0.0005641689098552618 0.9998972990338335 0.014320373538631808 -0.9439954784290296 0.06822953981622885 -0.014248515270566085 0.9975678972927355 80.11631206996653
0.9983737071545796 0.005146612438371324 -0.05677546338719655 -5.656399288170944 -0.004310837253174857 0.9998806866979094 0.014833376240560017 -0.9578564628060091 0.056845030957844475 -0.01456450304427072 0.9982767740994852 80.62736661445071
0.9991152352925257 0.010466083449515957 -0.040733373339179195 -5.692016833449487 -0.009865477152880366 0.9998400498768895 0.014918010012249454 -0.9684307543777597 0.040882991168787464 -0.014502956919447398 0.9990586795947899 81.12801334406629
0.9996437654129827 0.015682272106704302 -0.02159649537599176 -5.715051514061033 -0.015332228017376952 0.9997499160992093 0.016279681927108422 -0.9789463840716607 0.0218463968419759 -0.01594276014985934 0.999634214772497 81.61545295339343
0.9999013680023169 0.013913575101424908 -0.0019148616119003753 -5.666157411880584 -0.013876941080978577 0.9997421713587304 0.017972793693985484 -0.996609868494991 0.0021644337205761195 -0.017944448579672857 0.9998366426531089 82.08723373173108
0.9996671020248185 0.010449869423744537 0.02358994188903923 -5.621631075607375 -0.010906746516622828 0.9997538097790093 0.019322595912018452 -1.002719293576529 -0.023382215671824347 -0.019573452975489628 0.9995349678369899 82.54531322449903
0.9985467689916534 0.009325648518737215 0.05307902048865498 -5.576128545070615 -0.010484307315753498 0.9997118797757976 0.02159251572306361 -1.0131558814599853 -0.05286236313710304 -0.022117633572488794 0.9983568404376835 82.99794338374417
0.9966474249797035 0.008840896206152879 0.08133725367627648 -5.454370616362975 -0.010838342960862689 0.999649618236468 0.02414893541229401 -1.0290654625118831 -0.08109525635442362 -0.024949535345502094 0.9963940385624824 83.4310476555205
0.99331280923475 0.008597148093176328 0.11513362695074693 -5.336049717185069 -0.011723870829106085 0.9995798563898444 0.026507764003047697 -1.0539764271654324 -0.11485736312031661 -0.027680313298856053 0.9929962670588066 83.85173791109733
0.9875618487483471 0.008753638651530577 0.15698716096262683 -5.247456862338376 -0.01308430607591481 0.9995612176694421 0.026573917018288304 -1.0531670493941319 -0.15668565930313832 -0.0282974546830898 0.987243059346177 84.28140554223921
0.9805494101731841 0.00834510815804369 0.1960949091099815 -5.068942170843778 -0.01407317119142744 0.9995134481600105 0.027835459398105063 -1.0706166376877688 -0.1957672088518356 -0.030053720520383628 0.980189764189182 84.67427225388815
0.9693217021651496 0.010428981741519348 0.2455741721995464 -4.948006517507122 -0.01738812451427711 0.999505824161684 0.026187031002953873 -1.0785753159284561 -0.24517971130893662 -0.02965373175013096 0.9690240272334621 85.06924435935075
0.956280466845428 0.01037382949443617 0.292267090845875 -4.726139197020173 -0.01769132104870889 0.9995924320451763 0.02240506544426339 -1.0742532738680854 -0.29191554581666634 -0.02659611737886903 0.956074244319408 85.42187294659578
0.9392432599318048 0.00900452254606729 0.34313410970988273 -4.514439192902982 -0.017244790543931736 0.9996313501540667 0.020970955825958888 -1.0668030140449807 -0.3428187799286564 -0.025614104764284846 0.9390522891539915 85.75757396964012
0.9172603762365056 0.009083173251663744 0.3981845026493932 -4.295369788369479 -0.01791549748728236 0.9996689598616966 0.018466337991534007 -1.0627807836751273 -0.397884954649265 -0.02407211359051487 0.9171194558022623 86.09606803932755
0.886669990521646 0.009678546520327643 0.4623014748468778 -4.138364224674395 -0.019394160157173296 0.9996795561102496 0.016268117500584767 -1.062832002064344 -0.4619958814320129 -0.023390400434126213 0.8865735698222618 86.46055368178847
0.8566854503539526 0.007269624363468018 0.5157879328885657 -3.866784912058975 -0.017841490427592217 0.9997200070434155 0.015543125053742637 -1.0856919536203062 -0.5155305232196905 -0.022517994553872163 0.8565752853953376 86.72333072840986
0.821178986218173 0.006551477828554421 0.5706331139462165 -3.611634016441617 -0.018107155236059866 0.9997297489919961 0.014579434476632158 -1.0962271289533303 -0.5703833829302457 -0.02230486760021538 0.8210756903954627 87.01449745545943
0.7807901067898179 0.005504199001621235 0.624769167719163 -3.370895086997509 -0.018771698063367943 0.9997164309156366 0.014652000174707653 -1.095883819518949 -0.6245113549736012 -0.023168114956820154 0.780672022015894 87.30016119552225
0.734161099352478 0.004418796848094287 0.6789609373387961 -3.140193343009134 -0.02383797281137782 0.999530081217978 0.01927090534008931 -1.1306952735984972 -0.6785567266263051 -0.030333001414267247 0.7339214384219857 87.61038974400861
0.6880538326844073 0.003821016463015049 0.7256495870332232 -2.8506577041580643 -0.024910926076970135 0.9995211154035419 0.01835716820338977 -1.1283486934940852 -0.7252319415816477 -0.030707323159943116 0.6878195193610492 87.86192673955304
0.6386191482390439 0.0037999972503638853 0.769513575918798 -2.564641700344658 -0.02393044494291767 0.9996022300620643 0.014923654370908533 -1.121229321290075 -0.7691507767058895 -0.027945333704315907 0.6384560603650667 88.10595126003452
0.5953131047302445 0.0012229211018890207 0.8034928822338229 -2.2106766385035876 -0.020138601600772497 0.9997074054706483 0.013399260155342086 -1.1326392154274163 -0.8032413983741148 -0.02415797820852825 0.5951635472934085 88.2446486834075
0.5470021053510358 0.0030319515880583062 0.8371257396658536 -1.895768858270266 -0.023926174181933418 0.9996415428607528 0.012013491415473369 -1.1455840433712063 -0.8367892416436478 -0.02660062135630551 0.546878571542996 88.44036216273904
0.4965846203680825 0.006077947016187088 0.8679670347276769 -1.5734069929016619 -0.029626426443008277 0.9995115079497305 0.009950896053772815 -1.1521510722973083 -0.8674825587123384 -0.030656223448500473 0.4965221105789456 88.64197373179002
0.44644308880270794 0.00772662538755695 0.894778669683413 -1.2481209082477784 -0.03273580946342348 0.9994343558167216 0.0077029339857825445 -1.1679687771441476 -0.8942130256482922 -0.032730225684147775 0.4464434982028435 88.83997163817804
0.3982460918802069 0.005112834040079248 0.917264361691994 -0.9167323453309428 -0.02824312020636399 0.9995786923877757 0.006690581839666015 -1.1773178384449048 -0.9168437033994137 -0.02857090569833231 0.39822271015654764 89.01838354703098
0.35368248213291964 -0.000989154929578277 0.9353650214781515 -0.5565967980207295 -0.014276685955730322 0.9998772424753988 0.006455712037724184 -1.1609209605452382 -0.9352565840829027 -0.015637184923056078 0.3536249430926264 89.1629506696209
0.3161712211586358 -0.0024922589877137084 0.9486988708521771 -0.18949755835288884 -0.010123712497518339 0.9999307482726593 0.00600075863098636 -1.1363131232994201 -0.9486481272612759 -0.0115016217994648 0.3161240948419734 89.27836499927774
0.27895161840903915 0.0023558292373820518 0.9603022673385618 0.17124535443589015 -0.013877722919916215 0.9999024541815784 0.0015782674724410918 -1.134559890951708 -0.9602048757393065 -0.013767069051211563 0.2789571013905237 89.41482637382929
0.24333391348078534 0.009008453360784301 0.9699007445703777 0.5334453164224954 -0.026257839523870997 0.9996515651310174 -0.0026970714944470524 -1.1582216345233352 -0.9695870937742856 -0.024811209143330598 0.24348566998322765 89.55357743080073
0.2146400699466164 0.013742947934283127 0.9765965245460316 0.918761932484508 -0.030863798522357745 0.9994970738409914 -0.007281848945667272 -1.1650816885858344 -0.9762054426779662 -0.028578501804184704 0.21495628141681503 89.6339053335804
0.18555059290041773 0.015211105739343428 0.9825169717294916 1.3113746809800575 -0.030588869543503212 0.9994850117995581 -0.009697022640382918 -1.1817977496688403 -0.9821584895190567 -0.028254795172219332 0.18592032706356143 89.72842614372723
0.1584860367327741 0.015000539273114415 0.9872472638514903 1.71362519596447 -0.023894386030224646 0.9996500209472855 -0.011353146538760212 -1.2072988794224981 -0.9870720513098208 -0.02179035203037594 0.15878899861582244 89.81063904002848
0.13827362829014242 0.021557034298110355 0.9901594305927456 2.136527297401903 -0.017286029518009408 0.999663328869999 -0.01934998956214388 -1.2055928417696813 -0.990243200887026 -0.014440331880627495 0.13859971108265373 89.84319137214887
0.11526560326072262 0.02567061910192367 0.9930029506602013 2.559820210166662 -0.01489075138501256 0.9995983425342739 -0.024112634155611858 -1.2275106831557487 -0.9932230898585334 -0.012007202740713194 0.11560156077757684 89.91305900505995
0.09449009892470858 0.023626107343357405 0.9952454110705558 3.0032410725555194 -0.01781962302266717 0.9995983215165781 -0.022037619122086762 -1.262981307407785 -0.9953663055581746 -0.01565256122940565 0.09487315261142504 89.98350417233499
0.07717917054178314 0.018225921630982318 0.9968506364622455 3.468172236063994 -0.019768002362230593 0.9996643279154426 -0.01674686764662825 -1.2872181949597072 -0.9968212486284036 -0.01841323638223687 0.07751355371057728 90.03511934820341
0.05919131273389117 0.013948301325389444 0.9981492039705162 3.939484604064876 -0.01893305372579072 0.9997382030526996 -0.012847755974336529 -1.3112373656155742 -0.9980670959276512 -0.01813753696332328 0.05943990056728706 90.09329258609009
0.04054482475366103 0.010543240089919024 0.9991220932769437 4.4221960783574925 -0.01601542074855256 0.9998227253025399 -0.009900720521724604 -1.3327568592530907 -0.9990493598836555 -0.015599937724516455 0.04070649160821153 90.1605614616896
0.021585508767127795 0.00894383852853252 0.9997269995171884 4.914714422490666 -0.011987397521988644 0.999890417715448 -0.008686475780049722 -1.3502330395702529 -0.9996951375854111 -0.01179662295757171 0.021690356725577096 90.23380007050713
0.004850137184247077 0.009154245411786532 0.9999463365402341 5.426623006235793 -0.008540033817395477 0.9999220111292237 -0.009112600160603519 -1.3637164940652526 -0.9999517708328196 -0.008495378168750133 0.004927936492913599 90.28954546875731
-0.01050919023986872 0.008806231885356315 0.9999059991821652 5.9536481644491355 -0.006135402356792058 0.9999418291260873 -0.008871031613943958 -1.3840514509282742 -0.9999259541378165 -0.006228052982807537 -0.010454549135225236 90.34792570643174
-0.01964420159749235 0.008459188190484992 0.9997712475755419 6.49930106748318 -0.004141843444186947 0.9999549376078799 -0.008542124238462042 -1.3993858093101326 -0.9997984549280325 -0.004308699198068476 -0.01960827974962792 90.36891944489763
-0.02981232248979697 0.010581699183683294 0.999499501285594 7.063205253878786 -0.0022468085886320445 0.9999407268463156 -0.010653386561496465 -1.39985137460834 -0.9995529887299274 -0.0025632862596016524 -0.029786780366816864 90.3861347198663
-0.03743705034168391 0.011912888552613564 0.9992279771643946 7.647414668750188 -0.0016162025580441358 0.999926909820699 -0.011981773897040585 -1.4025901549734985 -0.9992976809494785 -0.002063517085328462 -0.037415060420010235 90.37833051624078
-0.04373908229350112 0.011189421864984724 0.9989803248905608 8.250394566525966 0.0008348133465355741 0.9999373367095508 -0.011163589964146946 -1.4209393147244807 -0.999042639613945 0.0003456769280124326 -0.04374568253739702 90.36785856136399
-0.049112101645921946 0.012055378494775797 0.9987205161211363 8.869835894994091 0.002095877785437477 0.9999261979690838 -0.011966867234230193 -1.4229354109832264 -0.9987910736326338 0.0015054781436082455 -0.04913374367306088 90.3560179104273
-0.05384729304883185 0.012049479721392253 0.9984764789767245 9.509528987994326 0.0025075545007682354 0.9999256701450614 -0.011931737315918595 -1.428513692620785 -0.9985460335917112 0.0018612424329374254 -0.05387350531445871 90.34232463666676
-0.05730004568478876 0.011706569596693962 0.9982883656503263 10.16398684961483 0.004308205267160045 0.9999248391498352 -0.011478476316688328 -1.4379107871992867 -0.9983477070299192 0.003643113977701386 -0.05734617326943818 90.3164573474986
-0.05813220431002889 0.012102879398408789 0.9982355268834732 10.836773722100585 0.008533954897717784 0.9998959980317556 -0.011626036894996132 -1.4442293549767564 -0.9982724169463268 0.007843049811627324 -0.058229443873281515 90.27617825559393
-0.05866846086369619 0.01183402012719858 0.9982073770853002 11.522819117104591 0.011365699664470916 0.9998728417479055 -0.01118575907596823 -1.4672700239668008 -0.9982128192780446 0.010689073982231677 -0.05879550260334943 90.27158589047258
-0.055809746963843984 0.01193949171985708 0.9983700319427179 12.228991795877535 0.013271303453758154 0.9998490333601746 -0.01121530175088295 -1.478009101193688 -0.998353216376083 0.012623748500210162 -0.055959774171573905 90.22879275876781
-0.053983476902788624 0.011650891212996678 0.9984738559198378 12.952018573641794 0.015195969483738572 0.9998257181824469 -0.010845080562358184 -1.500676681146058 -0.9984261949352767 0.014587323088821757 -0.05415111515164794 90.21758509096054
-0.049888077799127496 0.011253303303811642 0.9986914152320829 13.690662252392862 0.0153438637739307 0.999827146953012 -0.010499621911656291 -1.5111447508573632 -0.9986369438079061 0.014799979072725063 -0.05005212364577266 90.18698153208815
-0.046087387062413554 0.00999593589991709 0.9988873980680926 14.44963948818387 0.01664683119522176 0.9998187622182226 -0.009237192624370184 -1.518493035522373 -0.9987986963171893 0.01620259182682448 -0.046245434944179334 90.16129760916819
-0.04119932757188274 0.008100351022743986 0.999118110996359 15.220502723523522 0.017078855020859613 0.9998267477454488 -0.0074018378755386855 -1.533744286398724 -0.999004969016071 0.016758842623153702 -0.04133053441623115 90.12104360241018
-0.03530703470638437 0.006025506129477548 0.9993583474290519 16.00674787936275 0.014644865434246071 0.9998775695917217 -0.005511237952145831 -1.5361941971301771 -0.9992692035766213 0.014440883049037487 -0.03539095477815031 90.06601008303701
-0.03217767483899171 0.004819222209591757 0.999470546008861 16.801641521846523 0.011470798206221256 0.9999242968828086 -0.004452110952537334 -1.5681221022621927 -0.9994163386849688 0.011321466367751604 -0.03223051921418032 90.06004253852832
-0.02894950034354372 0.00583968228530009 0.9995638171425905 17.60514176447922 0.008166556665349267 0.9999509420889521 -0.0056054230571429085 -1.575380317714688 -0.9995475145194904 0.008000720356609347 -0.028995770237822256 90.06171739749816
-0.02564431272430194 0.009594663198259508 0.9996250855510832 18.408906015699372 0.0050995538641697424 0.9999421846651557 -0.00946688319684344 -1.6010741325387636 -0.9996581234478539 0.004854870254518801 -0.025691758591563738 90.01477168541692
-0.025046284176078026 0.013315785417519807 0.9995976057932942 19.218662020302443 -0.0013632052746024009 0.9999099007497564 -0.013354102515423214 -1.6397564022715079 -0.9996853631620053 -0.0016971273752150627 -0.02502587537573648 90.01791662287685
-0.02515042059889673 0.014653291173209888 0.9995762789309738 20.03266195950163 -0.005016735180245506 0.9998781262782139 -0.014783942589853194 -1.6908581609511895 -0.999671090265108 -0.005386431858096605 -0.025073843742199592 89.99911840018115
-0.025175942556123328 0.01300503297807246 0.9995984398915648 20.85129357719851 -0.00831397579025675 0.9998780728181047 -0.013218067336512394 -1.7346350553176595 -0.9996484630723791 -0.008643414533203836 -0.025064749395065453 89.98283512368383
-0.02571925600609671 0.010117220001875033 0.9996180079059834 21.670769770144858 -0.011716386845111604 0.9998770539002346 -0.010421293733686858 -1.774864121527219 -0.9996005432920635 -0.0119799391994177 -0.025597556660543527 89.97916535670885
-0.025851702987002196 0.007950178616459306 0.9996341751424059 22.48883820064781 -0.011263531516756086 0.9999025832024986 -0.008243601321154157 -1.8123420675171054 -0.9996023320853362 -0.011472522169840635 -0.025759637509477594 89.96027406049681
-0.025850284151413307 0.0061048542070670985 0.9996471845428274 23.3075693073322 -0.014246660361051698 0.9998775481532246 -0.006474671239030192 -1.8460404716513727 -0.999564302822909 -0.01440900601037908 -0.025760144951938162 89.95735684895371
-0.025554048522049972 0.005310330880789671 0.9996593374695547 24.12417491199522 -0.01594035633372516 0.9998565895673521 -0.005718858163844612 -1.8777617138279168 -0.9995463449205777 -0.01608106603060986 -0.02546573523840647 89.93911666223072
-0.026310353963258846 0.004131278186141974 0.9996452859964261 24.936930187210233 -0.02114317593409329 0.999765465677128 -0.004688256692644603 -1.9251559426646736 -0.9994302033587679 -0.021259025846563473 -0.026216834940685996 89.93920161824373
-0.027621949924167558 0.0039192927940038666 0.9996107577584294 25.748756090659633 -0.024731407286861042 0.999683534987666 -0.004602973840448832 -1.9606656746952211 -0.9993124563298499 -0.024848923891374577 -0.027516278917079882 89.92615514824624
-0.030796202671764795 0.002004898578569797 0.9995236736979717 26.5614776939208 -0.029523000096621278 0.9995598519187975 -0.00291460072174512 -1.9964002382576376 -0.9990895787497207 -0.029598696149694546 -0.030723457161322385 89.91663700005397
-0.03530505444655127 1.2854686630300004e-06 0.9993765822395847 27.373035033956977 -0.03271805450846215 0.9994639513184871 -0.0011571188438338654 -2.0163161707425488 -0.99884086922778 -0.032738509635977936 -0.03528608716063141 89.90912341018947
-0.04021072265025295 -0.003649368797778958 0.999184557472403 28.185923549806475 -0.035570708581659956 0.9993646995922171 0.0022185355432744478 -2.044669030991773 -0.9985578713699786 -0.035452493795725244 -0.04031498739576956 89.88422752955798
-0.04645230874894383 -0.005910249340105648 0.9989030243044767 28.998405412644154 -0.03801660290155403 0.9992685129190624 0.0041445135241049615 -2.055387287787018 -0.9981968347554093 -0.03778237739030864 -0.04664301708742698 89.85377803147792
-0.05358562892114665 -0.006250600339319655 0.9985436947718026 29.804897724414396 -0.038727590047608854 0.9992410765036682 0.004176696888069196 -2.072689911541559 -0.997811983362712 -0.03844737992618672 -0.053787032215786054 89.80785268480261
