0.9986828829286872 -0.005665752075901801 0.05099410356757283 0.0012776163693331913 0.005347382271802787 0.9999653656724659 0.006377535446465016 -0.06318432739602811 -0.05102847095578251 -0.00609645052027185 0.9986785911608241 0.9921335265424585
0.9954362057021298 -0.0013446806423566627 0.09541987325142048 0.12245597905564787 0.0019223281612418047 0.9999803789435916 -0.0059620786871093165 -0.030030629833665008 -0.09540998392090617 0.006118297295886962 0.9954192591096533 1.9857515227283782
0.9909693853958713 -0.0026423908585009584 0.13406228022333577 0.3171631721288636 0.0040635454028693785 0.9999384061261807 -0.01032819212601189 -0.05185212210443925 -0.13402673168770507 0.010779690365864195 0.9909190852278142 2.972836556768656
