0.9977822120635979 0.0031914304835788474 0.06648663069326069 0.04248036250436253 -0.00018392594121883175 0.9989783108946844 -0.045191819317786104 -0.049367990263707834 -0.06656292857681143 0.04507936482995032 0.9967633758349103 0.9976865515379718
0.9960936878877645 -0.008449368652173021 0.08789751486551076 0.17668611812263008 0.009206599548639156 0.9999238889483191 -0.008213089261687477 -0.13143437616010034 -0.087821429474269 0.008990243592312985 0.9960956641032261 1.9854252513283779
0.9243431159587052 -0.37204720910756967 0.08467985696150128 0.27344663330267793 0.30362076394605864 0.5827742653502076 -0.7537828515868064 0.14494840860925107 0.23109356477531712 0.7224645526534806 0.6516446381875957 3.3142011805894107
0.9885586672157328 0.052326659750871723 0.14146972167913133 0.45616437226799 -0.04526110145220136 0.9975835897856036 -0.05271066387176099 -1.5502326779806408 -0.14388604577229813 0.045704508199790383 0.9885382662103817 3.2873592056108496
0.958385756963818 -0.03486913758789144 0.2833388150126395 0.4479184321002243 0.04284226092023802 0.9988398087771901 -0.021990386108203322 -1.69589661509429 -0.28224330200756254 0.03321414827783929 0.9587677189111269 4.3251161621912955
0.9372364286271825 -0.011129644425293201 0.3485168688444381 0.7277739022454508 0.02111915585278508 0.9994674254535477 -0.02487662986262458 -1.723168897356512 -0.34805438958621143 0.030675665799176594 0.936972329056492 5.293019791803341
0.7151414073287228 -0.35924648828574557 0.5995954704450772 0.7323837424333985 0.3105356888178579 0.9318032687081137 0.18791022961854065 -2.373432719436539 -0.6262111093667311 0.051813406365862694 0.7779299566326353 6.672784540928171
0.4102747655060842 0.8477598016661947 0.33612190566492706 3.0381279739294063 -0.7623197662662047 0.5211043555698913 -0.38382134459397443 -0.21956375922183047 -0.5005428960126851 -0.09876016041391579 0.8600600211416942 6.840702494390395
-0.37232160198076003 0.910872843432365 0.17800923514222405 0.7810863372380141 0.6988778443033041 0.14895542559289177 0.6995584606938912 -3.256047065137179 0.6106933628593371 0.38486743728702144 -0.6920481719329038 16.24132436260294
