0.9999794905341821 0.0005154755605278194 -0.00638379165888972 -0.09202467506621297 -0.0005132646600508301 0.9999998077402864 0.0003479637611153823 -0.01651934590341182 0.006383969798358568 -0.00034468004990887926 0.9999795628538 0.9956196816002991
0.9999095480341406 0.0009766757757726156 -0.013414240738475592 -0.17528540698727407 -0.0009725396798676614 0.9999994775160093 0.0003148559665624824 -0.032162245146511226 0.013414541241944957 -0.00030178160582788253 0.9999099754533559 1.9920246847106
0.9997760640430378 0.0010718999116846753 -0.021134635014372315 -0.24633922982249956 -0.0010786674470839549 0.9999993705552253 -0.0003088133610838571 -0.0461249555614727 0.021134290694272268 0.0003315414494643222 0.9997765909627597 2.989399427211314
0.9995460466312712 0.0017273300423489898 -0.03007851383830739 -0.39376928280932555 -0.0017773066907407075 0.9999970841639297 -0.001634883655082775 -0.0592242373134829 0.030075602150638633 0.0016876002380324302 0.9995462021140961 3.978385154253865
0.9991407362446761 0.0018423574071107683 -0.04140525202955285 -0.5344829988252613 -0.0019762529599714257 0.9999929492966709 -0.0031930833349822435 -0.06794787638271176 0.0413990772926708 0.0032721668860865305 0.9991373325640402 4.968397037135267
0.998505673389831 0.0015896703620567319 -0.054625023171252535 -0.698587601102534 -0.0018081502807767065 0.9999905622580078 -0.00395044142795925 -0.08315605873146494 0.05461822773472246 0.00404330842919607 0.9984991241138195 5.954722729136174
0.9974987030801572 0.0014641033706066806 -0.0706696098384885 -0.8713116062090709 -0.0017608167597577356 0.9999898944524577 -0.004136486105523551 -0.0802904237441893 0.07066283944013692 0.0042505757589779815 0.997491200827343 6.939688812915751
0.9960247743464299 1.5393658730608953e-05 -0.08907664481320908 -1.0595098955502262 -0.0003974173941087447 0.9999908003770175 -0.004270974215200064 -0.08346055570929348 0.08907575959574074 0.004289396736991678 0.9960156174117325 7.921814738727908
0.9940360796637127 -0.0011082821960594683 -0.10904606383254135 -1.2561077825730165 0.0006324495991059627 0.9999901283921895 -0.004398082045295999 -0.100135067796263 0.10904986168859351 0.004302886094990418 0.9940269678620154 8.90215713374346
0.9913542857256932 -0.0013753720316013072 -0.13120513909552106 -1.4936214373560097 0.0007564328500976093 0.9999883513956865 -0.004767062227443705 -0.12301955393451075 0.13121016722283235 0.004626599692183902 0.9913437782084703 9.873271722288912
0.9879364014435413 0.0020701377638320047 -0.15484631488164075 -1.8067516774301464 -0.003107452498722848 0.999974323523477 -0.006457246528733661 -0.13952030404364926 0.15482897158398254 0.006860526466927903 0.9879174675724905 10.82283854879295
0.9837148428706255 0.006369176626231715 -0.17962333229601324 -2.1585393547902902 -0.007934062476639128 0.999936563573566 -0.007994965997729874 -0.1698605398102591 0.179561016283148 0.00928990946091151 0.9837029729616411 11.75842653511555
0.9785411570882264 0.009303598944589223 -0.20584131492757446 -2.5344152171230987 -0.011334243473838558 0.999898020568663 -0.008688117618075999 -0.21602972938606155 0.20573949258543056 0.010834736247274889 0.9785468152731078 12.683945698639043
0.9720941109635081 0.010070203926423046 -0.23437497823561954 -2.9221532366347507 -0.012540808322859863 0.9998803765747072 -0.009053213099843494 -0.22760737957946356 0.23425577379581533 0.011739826817382884 0.9721041142334611 13.60564259363301
0.9643242464570128 0.011932723552498994 -0.26445483131100905 -3.332160833049509 -0.01461385959470235 0.9998598069346422 -0.00817322362147309 -0.2629552410412768 0.26432022775955116 0.011746343483821454 0.9643634380314817 14.517039477307893
0.9551442234137572 0.013787231437642017 -0.2958199194250039 -3.7725921924340313 -0.016736369166581222 0.9998322604471764 -0.007439416389037639 -0.2693190061221628 0.29566772976848676 0.012056666967884084 0.9552147561439653 15.414803199099262
0.9442193082702403 0.01594770714766279 -0.3289309479608167 -4.241804904562907 -0.01908686627821675 0.9997978760317606 -0.006316535289048267 -0.2848503816954549 0.3287637288773606 0.012242455599784876 0.9443328506705361 16.297751774696653
0.9321842416024507 0.018333968337053766 -0.3615195780494883 -4.7540985923362244 -0.02196877255781198 0.9997409733919093 -0.005946356338200384 -0.29634751802013387 0.3613169145506025 0.013485241058788589 0.9323455558607117 17.156485128726846
0.9188953815905169 0.02117995900806427 -0.39393233813440043 -5.3071372868878 -0.02534018744190347 0.9996645075191131 -0.005361651515928394 -0.29605682229803976 0.39368661723765536 0.014909116103437373 0.9191238032305477 17.98964063511487
0.9033407414584349 0.021565587433006392 -0.42838117402611786 -5.862045070376018 -0.026176014409750932 0.9996454674788126 -0.004873973603426592 -0.28812387484447266 0.4281241888645703 0.015616170712941873 0.9035849789152753 18.821514664141436
0.8856250831416514 0.017280155717934606 -0.46407931254119417 -6.4409195165879485 -0.022412936233519164 0.9997334140519163 -0.00554627059311322 -0.2928127110504487 0.4638597550981716 0.015313296394433153 0.8857762869674266 19.63691785909339
0.8651722430943197 0.01266132653629655 -0.5013149514920585 -7.047261671975779 -0.017984307596858783 0.9998215292638807 -0.005785697943798709 -0.3142103967790999 0.5011522268327313 0.014021427558440006 0.8652455403582375 20.43183377266231
0.8407466485203702 0.01430656317987276 -0.5412396837370166 -7.6990836004646575 -0.018792191111420328 0.9998195931928056 -0.002763081794867081 -0.3356807225688355 0.5411025102094774 0.01249413133249282 0.8408638237712748 21.1899018294036
0.8127014980431081 0.01999573654179852 -0.5823370549764452 -8.427217088746893 -0.02393949243149933 0.9997129881939986 0.0009175719856806927 -0.3562833318122524 0.5821882648942787 0.013195141392865081 0.812946930902019 21.875027464403708
0.7809913774552689 0.023306535461840368 -0.6241067807236899 -9.181483944012571 -0.027263518166405577 0.9996231179755543 0.00321287815234075 -0.38654212036581304 0.6239464471552926 0.014506116420244634 0.7813324539968184 22.530897799731427
0.7468534973713907 0.022657523993856968 -0.6646025053147107 -9.976934587856737 -0.026879504029427542 0.9996311774092689 0.0038731659519591097 -0.389471753058737 0.6644451412473829 0.014971498182453906 0.747187063937083 23.13690907888404
0.7078683737699984 0.018369645911711217 -0.7061054606256039 -10.754166669427448 -0.02099402053383794 0.999767283023924 0.00496295242636476 -0.38711100123350456 0.7060323055767654 0.011310875476280288 0.7080892935060643 23.766118661001222
0.6665729363037208 0.01501508320866497 -0.745288580258461 -11.57958929897731 -0.01589142856264604 0.9998561339500854 0.005930758857673547 -0.396809624593775 0.7452704093721113 0.007890416885464416 0.6667156502105672 24.330550587217218
