0.9990498000009974 -0.0016497800091035914 0.043551939976776685 0.05154655997693422 0.0017604230013831084 0.9999952999993985 -0.00250223723940314 -0.024248830239876864 -0.043547604378427585 0.002576529018455414 0.9990480999043954 1.000725100077112
0.9960495000020072 -0.005367949009217481 0.08863830997688721 0.14646319995402157 0.006010224012187744 0.9999574999982577 -0.006980718239091119 -0.0505162204787603 -0.08859707888432194 0.0074858755094856224 0.9960394996035576 1.9956591995745976
0.9909271000030551 -0.005886878009322733 0.13427209997704473 0.2879203999312201 0.007448178023142688 0.999910299997176 -0.011128520238269976 -0.07903059071713117 -0.13419461344430023 0.012027630963684536 0.9908820990877483 2.986691298681338
0.9836222000041357 -0.0035650660093869365 0.180207199977241 0.4657502999087664 0.006172884034199825 0.9998840999964925 -0.013912500236926577 -0.1102928009525108 -0.18013681803804565 0.014797041240577808 0.9835302983521654 3.963845396400089
0.9740479000051762 -0.006173619009399698 0.22625789997746018 0.6971644998864815 0.009486835045292847 0.9998629999963828 -0.013559120235056607 -0.1438770011868535 -0.22614322263925615 0.015353701296309558 0.9739730973952893 4.934639493482148
0.9624212000062076 -0.007368625009432083 0.2714612999777359 0.9715688998646356 0.011640150056203972 0.9998323999960579 -0.01412847023268371 -0.18022370141733085 -0.27131172715635127 0.0167573914367137 0.9623456962316336 5.887651588785669
0.9488374000071944 -0.00969354400953367 0.3156163999780787 1.288078999843143 0.01587616006686619 0.9997289999950247 -0.01702376022982666 -0.21848770164472944 -0.31536583156245906 0.02116355187740858 0.9487341948701487 6.826202682642569
0.933620200008134 -0.012638570009625396 0.3580414999784504 1.6513309998221168 0.020804610077122126 0.9996036999940966 -0.01896441022656889 -0.25472900186757436 -0.3576599357926945 0.025154462276598125 0.9335130933475153 7.743952774417796
0.9161945000091135 -0.0122839400096512 0.40054559997885775 2.050497999801458 0.02177648008744294 0.9995792999938258 -0.019155670222781827 -0.291952802087045 -0.40014174004070197 0.026272782388427722 0.9160765916029217 8.646240864646224
0.8965559000100798 -0.013077650009654345 0.44273759997930257 2.488684999781308 0.023417900097709048 0.9995654999937994 -0.017896590218473396 -0.330923702301812 -0.44231124425758817 0.026413282402499502 0.8964725896412387 9.527392952760557
0.8745113000110493 -0.013514290009647364 0.4848167999798 2.966291999761723 0.0244775401079745 0.9995675999938753 -0.0162895302135887 -0.36973850251110446 -0.4843870484649092 0.026112492372430154 0.8744640874390249 10.384171038436536
0.8503691000120014 -0.013481620009646391 0.5260138999803504 3.4830679997427283 0.02517723011804866 0.999569199993885 -0.015083480208190446 -0.4086031027146868 -0.525583952584205 0.026070102368190004 0.8503422850255974 11.215601121576816
0.8245429000129059 -0.01401100000967342 0.565625999980946 4.036689999724359 0.026963900127749477 0.9995304999936084 -0.014547550202374318 -0.443973502911844 -0.5651566565413018 0.027246562485857596 0.8245336824436872 12.018781201890404
0.7970302000137506 -0.0161933300097457 0.6037223999815845 4.63143899970673 0.03126104013708291 0.9994065999928735 -0.014464060196146966 -0.47902270310174155 -0.6031299603390199 0.030401282801410044 0.7970634796957604 12.79006127901296
0.7681511000145907 -0.015104450009774797 0.6400903999822588 5.252123999689813 0.031868020146039185 0.9993844999925625 -0.014660900189561028 -0.5136186032845147 -0.6394750639730036 0.031660202927282007 0.7681597768045909 13.5305813530588
0.7374230000153554 -0.01831697000985255 0.6751827999829612 5.913460999673662 0.03718619015467404 0.9992170999917764 -0.01350645018254987 -0.5462713034595718 -0.6744067674667313 0.03506743326811983 0.737526873740208 14.237311423724233
0.7051666000161271 -0.01811309000987422 0.7088102999837027 6.602642999658244 0.03829943016300407 0.9991871999915493 -0.012569110175141065 -0.5777429036272538 -0.7080065708262274 0.03601033336241225 0.705287170515231 14.912161491200736
0.6706801000168873 -0.01682164000988979 0.7415559999845016 7.315982999643573 0.03848398017114889 0.9991853999913772 -0.012140010167182093 -0.6091556037874555 -0.7407478740995995 0.036680083429357635 0.6707811670637662 15.55483155545866
0.6350649000175503 -0.017843060010006104 0.7722527999853352 8.059653999629852 0.04358563017876302 0.9989681999901703 -0.012761430158944327 -0.6362920039377638 -0.7712282771480317 0.041763453937770416 0.6351872635038102 16.155001615464855
0.5983915000182122 -0.01631634001003882 0.8010376999861896 8.824946999616925 0.04435618018597201 0.998933899989817 -0.012787680150422275 -0.6652783040802699 -0.799975180022053 0.043182994079697105 0.5984773598321562 16.721741672127983
0.5606382000188085 -0.015604190010114129 0.8279138999870718 9.61749899960493 0.047224240192710175 0.9987976999890236 -0.013153880141627843 -0.6938755042134219 -0.8267132826956708 0.046472164408630154 0.5607010560539881 17.248351724777386
0.5217303000193323 -0.014154590010273905 0.8529930999880041 10.435719999593827 0.052990640198983134 0.9984692999873374 -0.015842910132519795 -0.7209802043374425 -0.8514631851711353 0.05346636510809506 0.5216817521521175 17.735821773511837
0.48240230001984724 -0.01314333001031292 0.8758511999889131 11.273389999583504 0.05466343020478848 0.9983901999869195 -0.015125390123315508 -0.7448949044533423 -0.8742425874485606 0.055173545278808474 0.4823441482176537 18.188611818777073
0.4437520000202659 -0.014834900010404314 0.8960268999897907 12.138439999574038 0.05962892020990388 0.9981358999859713 -0.013005430114279046 -0.7707228045608796 -0.8941636894409595 0.05920028568158271 0.4438094443632068 18.60541186044313
0.40633210002063647 -0.01567329001047571 0.9135910999906414 13.023859999565445 0.0633316802143965 0.997931399985226 -0.0110474301055083 -0.7968987046596657 -0.911528091177415 0.06234817599644018 0.4064841406297994 18.984861898373797
0.37059690002096496 -0.013364620010540576 0.9286976999914814 13.922819999557495 0.0654987302182971 0.9977830999845243 -0.011778460097072223 -0.8194983047516317 -0.9264814926724421 0.06519356628096096 0.3706506370462724 19.335291933401294
0.33671040002124836 -0.01369924001056372 0.9415085999922467 14.845669999550225 0.06695770022165218 0.9977111999842826 -0.0094289810891034 -0.8398217048366029 -0.9392245939463127 0.06621607638323695 0.3368570336660519 19.655581965413685
0.3032101000214911 -0.0160637200105865 0.9527883999929817 15.788189999543583 0.06893784022463516 0.9976077999840601 -0.005119036081247213 -0.8590110049152231 -0.950426895066237 0.06723530648523972 0.30359213033826793 19.948581994696347
0.2700383000217145 -0.015840840010602812 0.9627192999937342 16.746089999537677 0.06970552022730275 0.997562699983886 -0.00313790707341642 -0.8779579049863294 -0.9603231960552789 0.06795419655713432 0.27048432702678266 20.209592020779596
0.23738410002193758 -0.013010400010566464 0.9713287999944966 17.710959999532385 0.06752450022968971 0.9977126999842479 -0.0031385910656557435 -0.8926428050508716 -0.9690661969282975 0.06633352639496556 0.23771962375011213 20.442902044091664
0.20580130002210495 -0.010890490010575307 0.9785331999952327 18.690739999527796 0.06752573023169667 0.9977126999841377 -0.003097801058148183 -0.9066816051081874 -0.976261297647073 0.06671368643293221 0.20606602058457443 20.645442064326225
0.17487600002222595 -0.010566140010616015 0.9845337999959378 19.691659999523935 0.06930053023338481 0.9975944999837054 -0.001603074050815191 -0.9204752051581611 -0.9821485982355082 0.06850903661248797 0.17518761749623687 20.81649208141124
0.14401590002232473 -0.010952600010651802 0.9895147999966325 20.708719999520728 0.0709383702348316 0.9974803999833304 0.0007162509564981208 -0.9323174052014288 -0.987029498723272 0.07009140677076128 0.1444300144198058 20.95890209563141
0.11322800002243215 -0.01188899001062021 0.993497899997316 21.74156999951813 0.06960632023609055 0.9975664999836716 0.004004713963794714 -0.9423525052384256 -0.9911278991320769 0.06870027663164946 0.11378001135392614 21.074502107169778
0.0834750600224948 -0.011821210010636438 0.996439799997989 22.79075999951617 0.07016375023705552 0.9975176999834996 0.005956142970869321 -0.9484050052686512 -0.9940367994224079 0.06941674670330657 0.08409726838511651 21.161182115814814
0.05575869002251211 -0.011194870010700514 0.9983814999986226 23.853649999514943 0.07276066023772551 0.9973239999828172 0.0071193889774722316 -0.9510470052910625 -0.9957895995976642 0.07224591698625535 0.05642402561746878 21.214682121140715
0.030224050022492455 -0.010553590010800537 0.9994874999992056 24.931119999514344 0.07695768023814462 0.9970005999817527 0.008200161983557617 -0.9519265053070296 -0.9965761996767342 0.07667038742876484 0.030945583069340244 21.240692123716858
0.007200764022455747 -0.010110890010902235 0.9999229999997278 26.02347999951434 0.08125250023837471 0.9966482999806704 0.009492646989043549 -0.9509506053168082 -0.9966675996863661 0.08117787787958787 0.007998165774279175 21.240272123649206
-0.013587799977611243 -0.009968577011040808 0.9998580000001939 27.127229999514896 0.08719664023842658 0.9961290999791961 0.011116369993987766 -0.9489508053208977 -0.9960984996303944 0.08733528849544983 -0.012665971292521469 21.21564212116004
-0.03162963997767039 -0.010651860011146156 0.9994429000005874 28.24248999951594 0.09165357023839597 0.9956991999780792 0.013512539998262225 -0.9456288053199908 -0.9952885995500509 0.09202989896502961 -0.03051732307822024 21.169692116538293
-0.04749040997772138 -0.010302370011223503 0.9988186000009429 29.370219999517353 0.09488928023831594 0.9953780999772509 0.014778540002042075 -0.94143860531529 -0.9943544994570459 0.09547900931000931 -0.04629333465610974 21.107412110283054
-0.06213431997776824 -0.010862170011285048 0.9980087000012606 30.502909999519115 0.0973747302381976 0.9951043999765976 0.016892940005513335 -0.9363594053069186 -0.9933063993524897 0.09823044958523186 -0.060772436104506874 21.02960210247448
-0.07560867997779158 -0.011935090011295215 0.9970662000015481 31.641959999521145 0.09751631023809249 0.9950465999764975 0.019305690008703198 -0.929686805295746 -0.9923577992573501 0.09868987963121365 -0.07407029743484829 20.939842093470386
-0.08805538997781291 -0.011988090011295822 0.9960435000018247 32.78681999952346 0.09729037023796472 0.9950432999764913 0.02057702001167475 -0.9216773052814873 -0.9913530991565366 0.09871733963396168 -0.08645259867335875 20.83696208315383
-0.09947787997783879 -0.009193596011296807 0.9949973000021105 33.94231999952612 0.09735338023780792 0.9950698999764583 0.01892746001446888 -0.911746205263619 -0.9902658990475659 0.09874920963707728 -0.0980924098369209 20.718592071287567
-0.10979669997787127 -0.0053606820113063555 0.9939396000023829 35.11472999952912 0.09798071023762542 0.9950565999763245 0.016190260017023048 -0.9007201052423415 -0.989112998932186 0.09916453967852429 -0.10872871089987156 20.585332057931645
-0.11945539997790951 -0.0025120590113266172 0.9928364000026284 36.309119999532456 0.09905114023741929 0.9949775999760833 0.014435040019396182 -0.8891584052176521 -0.9878862988095474 0.1000659097686139 -0.11860661188721607 20.436982043066084
-0.12708849997792984 -0.0012786700113220585 0.9918906000028124 37.526799999536024 0.09888957023726422 0.9950005999761213 0.013953150021251642 -0.8781568051908453 -0.986949598715661 0.0998609097480797 -0.12632661265907882 20.27890202722712
-0.1329870999779423 -0.0007149781113110683 0.991117500002951 38.76732999953984 0.09839198023714348 0.9950503999762337 0.013919940022677763 -0.8670199051618603 -0.9862218986426348 0.09936917969888166 -0.13225851325224294 20.110852010390587
-0.13815909997797046 0.0008940046886692523 0.9904097000030829 40.024029999543885 0.09941083023699565 0.9949618999760085 0.012969380023950542 -0.8564479051305653 -0.9854083985614083 0.10024930978687839 -0.13755191378133913 19.932531992526823
-0.14268519997797732 0.0028158129886903414 0.9897642000032066 41.30549999954812 0.0986917002368995 0.9950527999762162 0.011396610025082039 -0.8460362050976438 -0.9848354985038409 0.09930761969264291 -0.1422571142514679 19.746481973889505
-0.14682529997799468 0.003917605988686559 0.9891547000033111 42.60678999955259 0.09897322023678456 0.9950319999761655 0.010750210026098687 -0.837548005062562 -0.9841984984401121 0.09947820970968126 -0.14648361467394913 19.550651954274194
-0.1499192999780029 0.003009371988687978 0.9886937000033698 43.93277999955724 0.09873932023670658 0.9950415999761891 0.011943510026818054 -0.8295496050260388 -0.9837554983956841 0.09941348970322808 -0.1494731149731739 19.347861933962417
-0.15222999997801792 0.0005817953886655233 0.9883450000033924 45.28136999956203 0.09933371023662825 0.9949453999759713 0.014714200027310494 -0.8187903049879164 -0.9833406983542926 0.1004159098035496 -0.15151831517834863 19.137531912895465
-0.15450759997802663 -0.0003897853113395308 0.987991600003432 46.64849999956692 0.09937378023656286 0.994922599975926 0.01593314002783187 -0.8059921049487917 -0.9829813983183192 0.10064220982620767 -0.15368431539523203 18.92231189133859
-0.15651549997805952 0.0003425743886118108 0.9876755000034811 48.03558999957196 0.1016061002364504 0.9946998999753983 0.01575634002832192 -0.7907530049080173 -0.9824353982642067 0.10281991004401392 -0.15572071559882242 18.699441869015665
-0.1575240999780602 0.0008739824886194614 0.9875148000035102 49.4420099995771 0.10133510023642764 0.9947348999754755 0.015284160028577588 -0.7765930048666065 -0.9823020982507884 0.10247751000975316 -0.15678331570496573 18.473181846353548
-0.1580661999780858 0.00173630798857582 0.9874270000035285 50.87124999958239 0.10339300023636039 0.9945303999749998 0.014802230028721422 -0.7612088048237329 -0.982000498221108 0.10443281020531206 -0.15738121576463843 18.239941822992613
-0.15814749997808064 0.002246275988588295 0.9874130000035368 52.31633999958771 0.10292090023636989 0.9945877999751288 0.0142215600287554 -0.7488661047807653 -0.9820370982246532 0.10387451014945646 -0.15752271577864918 18.005711799533035
-0.15762269997807932 0.0034913079885917175 0.9874933000035394 53.784139999593144 0.10297400023638403 0.994600099975154 0.01292016002866097 -0.7385593047372233 -0.9821158982325582 0.10372261013423455 -0.1571310157391697 17.76822177574741
-0.15643529997807878 0.003535457988584495 0.9876819000035129 55.27560999959863 0.10331580023641014 0.9945661999750762 0.012803690028376844 -0.7282464046933985 -0.9822697982480577 0.10404601016658165 -0.1559505156210962 17.52865175175324
-0.15494529997806292 0.0023030109886011075 0.9879204000034671 56.78689999960412 0.10240810023647592 0.9946474999752659 0.013742970027992222 -0.7193216046498453 -0.9826009982809952 0.10330041009203085 -0.15435181546145646 17.28947172779794
-0.15380839997806992 0.003054215988582025 0.9880960000034489 58.31969999960967 0.10338430023648389 0.9945562999750541 0.013018750027735866 -0.7090229046056947 -0.9826773982888952 0.1041560101775952 -0.15328691535479724 17.046981703510813
-0.1525996999780647 0.003933833988587082 0.9882803000034324 59.87003999961519 0.10331140023651986 0.9945766999751 0.011993340027469029 -0.698229404561957 -0.982873398308506 0.10393081015504986 -0.1521785152437162 16.805551679329156
-0.1516315999780728 0.00460035398856692 0.988426400003417 61.449319999620826 0.10431790023652156 0.9944788999748776 0.011374580027251415 -0.6898538045175167 -0.9829169983131293 0.10483531024550775 -0.15127441515316156 16.560091654744408
-0.15058759997806398 0.00453098398857684 0.9885863000033936 63.04563999962646 0.10387980023656156 0.9945259999749846 0.011265400027001037 -0.6822340044732781 -0.9831237983337288 0.10439061020102808 -0.15023391504908912 16.314831630179444
-0.1496364999780809 0.002801778988531526 0.9887371000033497 64.66145999963219 0.10563810023654288 0.9943173999745148 0.013169780026724122 -0.6742945044282544 -0.9830816983299616 0.10641901040395824 -0.14908211493436824 16.065551605211947
-0.14895019997809328 0.001053387988496976 0.9888442000033119 66.29272999963796 0.10691900023652849 0.9941538999741603 0.015046230026510236 -0.6659320043828963 -0.983047398326854 0.10796741055887805 -0.14819211484581965 15.814291580045982
-0.14817409997810832 0.0015872229884645226 0.9889600000032984 67.9335799996437 0.10845030023650944 0.9939937999738072 0.014653610026333159 -0.6566595043379267 -0.9829969983221984 0.10942431070459395 -0.14745631477214843 15.564291555005584
-0.14710939997813244 0.003907488988418725 0.989112500003298 69.59145999964953 0.1108431002364742 0.9937584999732936 0.012559700026132735 -0.6495479042922401 -0.9828899983120958 0.1114840109105663 -0.14662431468845102 15.310651529601305
-0.1464649999781217 0.0036035479884342723 0.9892093000032813 71.26347999965532 0.11011540023651095 0.9938378999734637 0.012683560025972741 -0.6455501042475115 -0.9830679983297366 0.11078481084063437 -0.14595921462197287 15.060481504544441
-0.1462603999781256 0.0032332499884242137 0.989240900003272 72.94956999966116 0.11051050023650574 0.993788699973359 0.013090990025912644 -0.641150904202137 -0.9830540983284459 0.11123621088579475 -0.14570921459707106 14.80708147916415
-0.14603609997811692 0.001690014988434455 0.98927780000325 74.65678999966701 0.1098325002365299 0.9938440999734834 0.014515530025819845 -0.6351425041569877 -0.983163498339229 0.11077461083965741 -0.1453227145587627 14.553821453796987
-0.1456357999781372 0.0019666909883937957 0.9893363000032414 76.37582999967292 0.11168620023649053 0.993638199973044 0.014465570025725105 -0.626639304110813 -0.9830139983247319 0.11260191102243025 -0.14492891451937212 14.295831427955951
-0.14562039997814516 0.002152570988379087 0.9893382000032422 78.11206999967887 0.1123679002364724 0.9935625999728841 0.01437762002572411 -0.6192733040647493 -0.9829385983173554 0.11326351108860401 -0.14492481451894113 14.03765140209579
-0.14560429997815078 0.0031774919883714716 0.9893378000032532 79.86416999968489 0.11285660023645942 0.9935206999727929 0.01341856002574674 -0.6121849040180252 -0.9828849983121127 0.1136071111229502 -0.14501941452817163 13.776111375899324
-0.1459368999781458 0.0038667719883854856 0.9892864000032696 81.62655999969093 0.11232990023646504 0.9935898999729371 0.012687010025846818 -0.6069533039714271 -0.9828959983130791 0.1129779110599976 -0.1454358145696354 13.51471134971706
-0.1470603999781366 0.004142621988411226 0.9891189000032995 83.40314999969708 0.11121170023646557 0.9937196999732115 0.012372850026126252 -0.6037449039239979 -0.9828556983087553 0.11182111094428013 -0.14659751468572632 13.24930132313395
-0.14823409997813364 0.004952491988427208 0.988939900003336 85.19376999970332 0.1106078002364503 0.9937963999733759 0.011602400026430457 -0.6018080038757656 -0.9827474982977634 0.11110431087256292 -0.14786231481201786 12.980001296161824
-0.14924229997812385 0.0043380529884505395 0.988791200003353 87.00537999970965 0.10946710023645347 0.9939159999736322 0.012161770026658312 -0.599481603826864 -0.982722698294987 0.1100551107676286 -0.14880911490682822 12.707111268830111
-0.15022859997812912 0.003835818988445111 0.9886439000033685 88.8274699997161 0.10961990023642235 0.9938910999735786 0.012801010026880269 -0.5948763037766723 -0.9825552982782608 0.11029811079194625 -0.14973131499919776 12.428431240918615
-0.15067229997810047 0.002811837988500256 0.988579800003371 90.66660999972258 0.1070118002364789 0.9941662999741804 0.013482240026967669 -0.5892579037263614 -0.9827748982995866 0.10782111054420424 -0.15009421503564926 12.148611212892472
-0.15206769997810313 0.003896025988508206 0.9883624000034149 92.5161299997292 0.10680600023644544 0.9942010999742555 0.012513940027330363 -0.5822604036743454 -0.982582298280245 0.1074660105086607 -0.1516020151861926 11.86127118411376
-0.1546859999781 0.005230308988536795 0.9879499000034905 94.38416999973596 0.10571420023639959 0.9943324999745495 0.011287850027994435 -0.5761580036214016 -0.9822915982508531 0.10618641038063821 -0.1543622154619097 11.569351154876834
-0.15849469997812268 0.005190444988518943 0.9873462000035729 96.26376999974289 0.10645370023626961 0.9942468999743584 0.011861860028902582 -0.5690865035661892 -0.9816043981822214 0.10698671046068961 -0.158135415839353 11.267511124647404
-0.16320489997811452 0.004742999988567336 0.9865808000036762 98.15386999975004 0.1041819002361858 0.9944802999748815 0.012453280030025014 -0.5670654035094783 -0.9810760981287383 0.10481631024360415 -0.1627982163057567 10.959011093752945
-0.16807239997810766 0.003613140988612746 0.9857681000037751 100.05269999975746 0.10192290023608996 0.9946974999753787 0.013731880031169052 -0.5652429034503027 -0.9804914980696248 0.10278031003997845 -0.16754951678117375 10.639881061795325
-0.17277819997811567 0.004875199988638064 0.9849487000038959 101.95529999976513 0.1009596002359606 0.9948082999756378 0.012786180032330518 -0.5641477033885685 -0.9797728979974247 0.10164920992681256 -0.1723734172633185 10.309911028753792
-0.1774520999781409 0.006239530988630724 0.9841097000040145 103.86979999977312 0.10146580023579042 0.994766799975546 0.0119889400334824 -0.5624452033236372 -0.978884897908637 0.10198090995996076 -0.1771565177414183 9.966128994330639
-0.18205459997815732 0.00797944298864326 0.9832561000041372 105.79099999978138 0.10117830023563688 0.9948111999756634 0.01066042003462908 -0.5643553032561998 -0.9780690978268812 0.10142490990430965 -0.1819173182171607 9.611618958835388
-0.18687579997816633 0.008786951988669602 0.9823443000042555 107.72479999978992 0.10012070023548891 0.9949234999759375 0.0101469400358071 -0.5687973031863105 -0.9772682977464361 0.100249209786694 -0.18680691870597668 9.24638292226785
-0.19188729997816406 0.007633131988712924 0.9813873000043581 109.66829999979869 0.09794174023535464 0.9951266999764122 0.011410210036986295 -0.5717942031142217 -0.9765176976707381 0.0983082395925752 -0.19169971919553672 8.87158588474364
-0.1972642999781677 0.007480825988753663 0.9803218000044799 111.62059999980767 0.0960630202351915 0.9953060999768493 0.011735010038277599 -0.5733449030397826 -0.9756324975816435 0.0964875594104678 -0.19705701973131967 8.486629846202986
-0.20289289997818347 0.006576711988770286 0.9791789000045965 113.58149999981698 0.09508165023498916 0.9953843999770356 0.013016040039609655 -0.5728043029618914 -0.974573797475408 0.0957427993359941 -0.20258172028406965 8.086921806186423
-0.20840309997820983 0.0064692129887694025 0.978021600004718 115.54779999982654 0.09502287023476197 0.9953812999770272 0.013664040040929602 -0.5705380028809344 -0.9734160973594956 0.09578203933992135 -0.20805532083155776 7.674193764867327
-0.21384499997824366 0.007858297988761602 0.9768360000048537 117.51819999983645 0.09558616023451544 0.9953372999769303 0.012918200042266605 -0.568058402796536 -0.9721798972358839 0.09613447937514356 -0.2135991213857318 7.246929722094475
-0.219538299978269 0.008856305988773367 0.9755637000049928 119.49629999984667 0.09521901023427175 0.9953791999770463 0.012391640043658027 -0.5658779027094845 -0.9709460971122835 0.09561263932292632 -0.21936712196237632 6.808278678182826
-0.22545759997830567 0.008853205988761237 0.9742128000051233 121.48609999985729 0.09566882023398995 0.9953270999769168 0.013095110045077891 -0.564565202618135 -0.9695444969720933 0.09615416937709186 -0.22525102255090326 6.351224632430803
-0.23104519997832565 0.009190853988782997 0.9728996000052539 123.48169999986816 0.09472620023374771 0.995417199977146 0.013092090046430927 -0.5636678025242258 -0.9683207968493678 0.09518392928003844 -0.23085702311147208 5.883248585586548
-0.23620919997834874 0.009550856988795419 0.9716553000053741 125.47939999987928 0.09420289023350836 0.9954665999772748 0.01311579004768169 -0.5607338024275251 -0.9671251967295624 0.09463079922470523 -0.23603812362955884 5.403529537567454
-0.24140409997836448 0.009719217988823692 0.9703760000054948 127.48889999989072 0.09294890023327733 0.9955839999775749 0.013151540048938079 -0.5591517023278706 -0.9659630966129317 0.09337020909861421 -0.24124142414986766 4.911013488268714
-0.24581589997840875 0.009821941988785271 0.96926680000559 129.50039999990253 0.0945750602330131 0.9954206999771636 0.013898220049995417 -0.5556139022243536 -0.964691796486088 0.0950848592701159 -0.24561912458779053 4.402279437347657
-0.2497009999784511 0.008595702988737844 0.9682849000056576 131.52329999991463 0.09625855023276952 0.9952278999766693 0.015988230050893712 -0.5494115021177249 -0.9635267963699004 0.0971979694815016 -0.24933682496003776 3.880107385081896
-0.2532928999784891 0.009879225988711056 0.9673392000057481 133.54859999992692 0.09768544023254318 0.99509789997637 0.015415720051782532 -0.5427542020087781 -0.9624449962619781 0.09839963960166984 -0.2530163253278288 3.3481583318382646
-0.25634189997851126 0.010331399988705851 0.9665310000058204 135.58369999993945 0.09797856023237042 0.9950700999763099 0.015349250052525272 -0.5360354018977056 -0.9616075961782371 0.09863395962509795 -0.25609042563520407 2.8069472776681996
-0.2597613999785224 0.010131909988724085 0.9656197000058965 137.6249999999522 0.09708426023220341 0.995152699976507 0.015674850053345842 -0.5295973017848353 -0.9607802960952134 0.09781817954350482 -0.2594859259748108 2.2579892227233525
-0.26370269997853274 0.010350609988753845 0.9645485000059904 139.6796999999651 0.09579549023201302 0.995280199976823 0.015509600054303787 -0.5224538016697583 -0.9598354960003332 0.0964893094105822 -0.2634496263711164 1.6992961668045372
-0.2681713999785465 0.011259199988788757 0.963305500006104 141.7303999999783 0.09446872023178857 0.9954197999771867 0.014664270055405255 -0.5179993015526215 -0.9587282958891918 0.09493475925507265 -0.2680067268265953 1.132152110041344
-0.27264889997856584 0.011087669988806828 0.962049700006204 143.79269999999173 0.09357615023154768 0.9954983999773813 0.01504669005648176 -0.5127373014323802 -0.957552195771264 0.09412736917431883 -0.2724590272718876 0.5515872519356182
-0.2772300999785983 0.011321089988802907 0.9607369000063081 145.86180000000547 0.09373713023127046 0.9954790999773372 0.015318280057589076 -0.5061993013092355 -0.956220095637986 0.09430339919192103 -0.27703792772981206 -0.041372107410016734
-0.28173079997862316 0.011857819988816735 0.9594203000064159 147.93050000001946 0.09322617023100821 0.9955308999774791 0.015071450058686927 -0.5006247011835506 -0.9549537955111291 0.09368914913047113 -0.28157712818364244 -0.6449311678153923
-0.2862851999786506 0.012396529988827143 0.9580643000065245 150.00680000003376 0.09286516023073356 0.9955676999775848 0.014867820059797358 -0.49596890105491676 -0.9536335953789167 0.09322721908425678 -0.2861674286425922 -1.261108129482507
-0.29049669997867644 0.01139403998882649 0.9568082000066076 152.0968000000484 0.0925312202304745 0.9955773999775878 0.0162376900607893 -0.4898301009228045 -0.9523915952545385 0.09325161908671778 -0.2902662290527707 -1.892338192655615
-0.2947360999787133 0.011471439988811801 0.9555099000067009 154.18120000006326 0.09310741023018757 0.9955147999774304 0.016768130061809657 -0.4829921007883421 -0.9510318951186076 0.09390720915228998 -0.2944822294744674 -2.533182256790151
-0.2986659999787531 0.012088249988791202 0.9542812000067922 156.2753000000784 0.09410159022990615 0.9954200999772042 0.01684205006276659 -0.4753909006507073 -0.9497070949862739 0.09482950924452829 -0.2984357298698065 -3.187653322287795
-0.30225729997878115 0.013277019988794918 0.9531339000068854 158.37340000009377 0.09424427022966328 0.9954201999772313 0.01602063006365942 -0.467684000510875 -0.9485560948711246 0.0946697492285246 -0.30212433023844326 -3.851462388719354
-0.3058438999788137 0.015425359988797195 0.9519567000069888 160.47370000010943 0.09475529022940836 0.9953976999772334 0.014313620064572851 -0.46087350036865943 -0.9473547947510335 0.094580659219571 -0.3058979306153675 -4.525316456155256
-0.3092557999788469 0.016027719988785286 0.9508438000070695 162.58750000012537 0.09539849022915861 0.9953370999770998 0.014250010065407062 -0.45553110022350285 -0.9461818946338179 0.09511594927310048 -0.3093428309598164 -5.211974524871516
-0.3126265999788702 0.016892959988795694 0.9497259000071555 164.70370000014154 0.09518253022892915 0.9953664999772017 0.013626980066240883 -0.4525483000759882 -0.9450952945250279 0.09465745922722432 -0.31278593130395144 -5.908582594582269
-0.3161338999788957 0.01703661998879917 0.9485616000072354 166.82570000015798 0.09503047022868527 0.9953787999772374 0.013794000067090206 -0.4495306999262498 -0.9439430944096899 0.09450299921177202 -0.31629203165457437 -6.614701665244276
-0.32013649997892685 0.01695748998879755 0.9472197000073233 168.9537000001746 0.09501387022839893 0.9953732999772212 0.014292740068053188 -0.4456124997740188 -0.9425948942747727 0.0945746192189372 -0.3202665320521125 -7.331463736970937
-0.3239252999789729 0.01718207998876496 0.9459266000074052 171.08710000019158 0.09640571022808943 0.9952299999768708 0.014935750068966825 -0.44167439961828625 -0.9411579941313275 0.09603078936458327 -0.3240366324292462 -8.063072810182415
-0.32713249997902605 0.018154609988714977 0.9448041000074797 173.22450000020882 0.09878847022779373 0.9949940999763259 0.015085850069754903 -0.43655229945985996 -0.939800693996093 0.09827080958861911 -0.32728833275442604 -8.80608688453478
-0.3298960999790563 0.017682399988694298 0.9438517000075327 175.36650000022624 0.09945702022757057 0.9949111999761098 0.016123350070406484 -0.42940889929938647 -0.9387634938924687 0.09919169968073895 -0.32997593302341205 -9.557829959760634
-0.33258699997907665 0.017036819988691675 0.942918700007585 177.51690000024382 0.09930238022737162 0.9949111999760888 0.017049780071039456 -0.4209329991369082 -0.9378299937990192 0.09930458969204298 -0.33258643328466203 -10.318271035856803
-0.33535949997908626 0.016985439988717564 0.94193710000765 179.67140000026166 0.09814417022718958 0.9950269999763663 0.0169996500717116 -0.41182769897281857 -0.9369641937120976 0.09814661957621944 -0.3353588335618673 -11.085601112642127
-0.338351799979101 0.01880924998875276 0.9408317000077415 181.83030000027966 0.09724016022698168 0.9951466999767231 0.015075380072482327 -0.40436339880653827 -0.9359820936136017 0.09658739942022637 -0.3385386338793613 -11.862251190359169
-0.34161619997912673 0.02028946998876758 0.939620600007832 183.996900000298 0.09708227022673126 0.9951805999768654 0.013806820073306903 -0.39858019863770594 -0.934811993496478 0.09593711935515581 -0.34193953421911966 -12.64986126917199
-0.34481849997913555 0.021599759988816247 0.9384208000079246 186.16990000031663 0.09545937022651882 0.9953589999773707 0.012165800074116948 -0.39905089846642133 -0.9338028933951052 0.09377604913897561 -0.34528013455275913 -13.447971349033441
-0.3481356999791507 0.0230883299888563 0.93715980000802 188.3440000003354 0.09427365022628303 0.9954909999777813 0.010495320074956682 -0.4000548982929053 -0.9326918932836443 0.09200325896163036 -0.34874253489857016 -14.255451429831783
-0.3519010999791924 0.02312203998883717 0.9357516000081012 190.51950000035447 0.09504064022596014 0.9954109999775771 0.011145010075864457 -0.4013832981165286 -0.9311997931345303 0.09285635904695873 -0.35248373527281285 -15.074931511830101
-0.35550469997921413 0.02192989998884693 0.9344172000081702 192.70870000037388 0.09415617022568652 0.9954794999776944 0.012459310076708788 -0.40386549793683507 -0.9299198930062448 0.09241047900238208 -0.3559625356209763 -15.90879159526647
-0.359238499979244 0.02119194998884668 0.9330052000082455 194.90100000039357 0.09384472022538431 0.9954949999776999 0.013522060077593923 -0.4035662977546553 -0.9285154928656434 0.09241523900287155 -0.3596089359858378 -16.753161679754577
-0.3631388999792822 0.021284189988839897 0.9314919000083324 197.0930000004134 0.09410306022505001 0.9954647999776266 0.013939790078537283 -0.4021161975701182 -0.9269707927111444 0.09271829903318261 -0.36349493637450253 -17.607381765227935
-0.3666019999793027 0.021433299988863674 0.9301310000084149 199.29580000043364 0.09312059022477875 0.9955596999778785 0.013761560079380961 -0.4006637973825119 -0.9257059925843488 0.09165934892726144 -0.36697003672193823 -18.474841852025545
-0.370348999979326 0.022010509988891716 0.9286319000085089 201.48040000045387 0.09212319022447946 0.9956608999781709 0.013140530080303543 -0.4011964971942174 -0.924313292444753 0.09041510880279979 -0.3707697371017248 -19.344491939041244
-0.373599199979356 0.022063689988892205 0.927327800008582 203.6882000004746 0.0920768102241968 0.9956615999781754 0.013406100081090538 -0.4030818970012397 -0.9230089923142363 0.09039387880067538 -0.37401003742578803 -20.234592028102167
-0.37639619997939383 0.022700509988872696 0.9261807000086476 205.8770000004954 0.09308605022392583 0.9955674999779602 0.013428630081778171 -0.4061954968074815 -0.9217705921905726 0.09126896888819208 -0.3768409377088568 -21.12723211741636
-0.3789167999794322 0.02285843998884297 0.9251484000087002 208.07480000051657 0.09433619022367097 0.9954412999776413 0.014042410082386771 -0.4083229966097913 -0.9206100920747631 0.09259586902090863 -0.37934583795946974 -22.036652208409002
-0.3816063999794687 0.022501759988816004 0.9240510000087514 210.27460000053787 0.09526666022340641 0.9953371999773576 0.015104710083024673 -0.4072562964102305 -0.919402491954163 0.09379529914088486 -0.38197073822218836 -22.953962300191453
-0.3840977999795044 0.02314781998879655 0.9230022000088102 212.47440000055937 0.0962803502231553 0.9952395999771426 0.015106600083638781 -0.40517769620883026 -0.9182586918399677 0.09466937922830117 -0.38449803847489444 -23.878962392743148
-0.3866126999795344 0.024327389988795408 0.9219213000088782 214.66970000058097 0.09675317022291355 0.9952054999771169 0.01431277008427412 -0.40369439600669055 -0.9171529917294523 0.0947322892345729 -0.3871128387361594 -24.806882485586605
-0.3893715999795534 0.024500549988813326 0.9207549000089444 216.87160000060283 0.09604304022267698 0.9952767999773063 0.014131450084948026 -0.4053454958021228 -0.9160597916198983 0.0939344691547698 -0.3898856390133689 -25.74520257946945
-0.39209579997957417 0.02535894998883425 0.9195748000090174 219.085400000625 0.09548806022243736 0.9953420999775197 0.01326659008562983 -0.4089665955948855 -0.9149551915092421 0.09301017906230521 -0.3926909392936646 -26.695132674513097
-0.394973799979603 0.026520359988844746 0.9183096000090951 221.2752000006471 0.0954871002221671 0.9953542999776182 0.012324520086354276 -0.4145728953880917 -0.9137165913853149 0.09255456901671427 -0.39567123959143985 -27.64230276927971
-0.3974299999796062 0.026549199988890507 0.917248400009158 223.47480000066938 0.09359537022198124 0.9955410999781058 0.011738120086955154 -0.422787795179129 -0.9128468912978351 0.0905152788127399 -0.39814273983842496 -28.598902864988936
-0.4003448999796387 0.027179939988889797 0.9159614000092292 225.67430000069197 0.0938458102216965 0.9955205999780908 0.01147700008767484 -0.4323729949675835 -0.9115464911677872 0.09055388881659113 -0.4011023401342926 -29.566302961777822
-0.40290659997968603 0.02696928998884195 0.9148437000092753 227.86860000071474 0.09567667022140389 0.9953301999775831 0.012794970088283788 -0.44183289475397797 -0.9102265910361756 0.0926843590296886 -0.4036054403848919 -30.54211305940763
-0.4054480999797131 0.026289109988832184 0.913740000009323 230.06560000073767 0.09575560022115469 0.9953084999774869 0.01385312008888179 -0.4485621945388217 -0.9090889909223752 0.09311242907251663 -0.4060633406309094 -31.524503157696167
-0.40863979997973626 0.025463289988844163 0.9123405000093874 232.25840000076064 0.09487381022086355 0.9953804999776243 0.01471329008963717 -0.45020079432255516 -0.90775139078833 0.09256963901823963 -0.4091678409415327 -32.51137325643381
-0.4116807999797545 0.025806649988876076 0.9109627000094643 234.44780000078376 0.09367349022059193 0.9955026999779607 0.014131180090386214 -0.4516441941048592 -0.9065011906629519 0.09115057887629638 -0.41224674124925137 -33.504093355756424
-0.41507719997977277 0.02524699998890728 0.9094358000095398 236.6402000008071 0.09211869022028996 0.9956437999782997 0.014403820091201018 -0.4545614938847209 -0.905110590523441 0.08975472873669062 -0.4155948415840911 -34.50713345611075
-0.418523399979797 0.02430781998892366 0.9078807000096097 238.82660000083064 0.09099928021996825 0.995733599978485 0.015289680092017716 -0.4565039936632503 -0.903635690375603 0.08901555866277396 -0.4189498419197668 -35.515523557000165
-0.42208209997982904 0.02436984998893725 0.9062300000096921 241.00980000085434 0.0904171702196181 0.9957858999786291 0.015334190092883625 -0.4583594934394425 -0.902037490215561 0.08841102860230698 -0.42250684227543917 -36.53355365885353
-0.4257270999798594 0.023894999988951532 0.9045361000097709 243.18660000087823 0.08957398021926107 0.9958539999787867 0.015851370093759146 -0.45981539321387244 -0.9004071900522446 0.08777123853832274 -0.42610244263508346 -37.55871376141985
-0.4295872999798967 0.02463814998896967 0.9026892000098679 245.3571000009023 0.08910321021886809 0.9959060999789714 0.015221540094714015 -0.4618583929865077 -0.8986186898731922 0.08697147845831697 -0.4300239430270399 -38.59114386471286
-0.43369479997992977 0.02386279998898771 0.9007439000099551 247.52440000092656 0.08796735021845954 0.9959952999791722 0.015968720095696498 -0.4614749927570984 -0.8967556896865247 0.08616158837732468 -0.43405714343049334 -39.63198396884741
-0.4375345999799719 0.023996259988990253 0.8988814000100425 249.68390000095104 0.08785629021805019 0.996001799979198 0.016175490096631155 -0.46144599252503393 -0.8948993895007789 0.08604970836613203 -0.4378935438141395 -40.68364407406366
-0.44102149998001955 0.02505592998898375 0.8971467000101292 251.8424000009758 0.08852924021765597 0.9959497999791166 0.015704060097498508 -0.46283919229032433 -0.8931196893228889 0.0863495383961028 -0.4414534441699764 -41.74631418038058
-0.4446550999800566 0.025002809988992267 0.8953529000102112 253.98960000100058 0.08810197021726748 0.9959838999792078 0.01594074009838045 -0.4623207920543835 -0.891358489146582 0.0859704783581899 -0.4450721445318613 -42.81371428717065
-0.44830329998008867 0.025215579989016315 0.8935258000102996 256.14250000102555 0.08717879021688463 0.996069999979461 0.01563027009927441 -0.45994109181629 -0.8896201889724463 0.08490359825147635 -0.4487397448985046 -43.89031439488134
-0.4519336999801295 0.025070499989017378 0.8916992000103792 258.2951000010508 0.08700532021648162 0.9960778999794737 0.016091130100152826 -0.4566040915755965 -0.8877984887901502 0.08485468824658682 -0.4523424452588423 -44.977774503678226
-0.4553867999801774 0.02592549998901069 0.8899162000104635 260.4446000010762 0.08760414021607617 0.9960297999793926 0.015811810101008076 -0.45158599133275695 -0.885973188607683 0.08516081827719144 -0.45584994560948405 -46.074084613360455
-0.45888979998023577 0.027016549988985845 0.8880824000105475 262.59250000110194 0.08903314021564082 0.9959047999791155 0.015708530101877782 -0.446893091086651 -0.8840210884127332 0.08627723838883795 -0.45941594596601676 -47.18398472440159
-0.4621007999802997 0.028997499988952787 0.886353200010632 264.7340000011279 0.09121464021521603 0.9957185999787401 0.014979360102695195 -0.44432279083900555 -0.8821240882234803 0.08777034853814743 -0.4627673463009421 -48.300074836061064
-0.4649722999803452 0.029829259988938553 0.8848226000107012 266.89200000115426 0.0921218402148581 0.9956370999785785 0.014844760103408619 -0.4426919905871195 -0.8805193880631605 0.0884138786025006 -0.4656915465932943 -49.43452494955667
-0.46786049998040297 0.03190776998891418 0.8832262000107812 269.0255000011807 0.09402770021446964 0.9954732999782939 0.013845270104153038 -0.43948849033526105 -0.8787863878902494 0.08952536871364046 -0.46874284689814816 -50.56793506294809
-0.4704907999804577 0.03425763998889353 0.8817397000108592 271.1744000012074 0.09593141021410788 0.9953091999780452 0.012518300104842912 -0.4357940900789775 -0.8771747877294835 0.09047625880871404 -0.47157024718053614 -51.720415178247
