0.9999967999996984 -0.001958988012141795 -0.001630129170451822 0.006189306578489334 0.0019574009874423755 0.9999975999996775 -0.0009745060562301359 -0.01731255733743271 0.0016320348288394208 0.0009713119440844916 0.999998200000625 0.9998309519475026
0.9999930999994997 -0.002475044012369954 -0.0027558371704349454 0.0020538887945036706 0.0024686619870400266 0.9999941999992068 -0.0023168283562149798 -0.039761627728752885 0.002761555828657914 0.0023100086441736715 0.999993500001295 1.9995703724845235
0.9999862999991875 -0.002528164012575328 -0.004580897170418716 -0.01397009203162478 0.002512019986388805 0.9999905999987782 -0.003526615356189489 -0.07356195970067946 0.004589770828643627 0.0035150586441840097 0.9999833000020372 2.998870475708558
0.9999674999988162 -0.004648687012898729 -0.006595320170392361 -0.02686051655662633 0.0046128149856655976 0.9999744999981273 -0.005443974356158275 -0.10524099483199084 0.006620459827898422 0.005413372644551217 0.9999634000030635 3.998285435585025
0.9999412999985166 -0.007134576013255964 -0.008152763170362598 -0.036275466333501 0.007072900985100946 0.9999462999974098 -0.007569121356130608 -0.1317989955519105 0.008206327827026483 0.007511011644985017 0.9999381000040863 4.997888322948764
0.9999199999982638 -0.008311338013410998 -0.009539068170348079 -0.052450286007933423 0.008230326984601483 0.9999299999970996 -0.008500812356106988 -0.1606058154365741 0.009609053826617784 0.008421621645191422 0.9999184000046546 5.997342409222745
0.9999040999980282 -0.008525348013279414 -0.010910730170355818 -0.07286615583647593 0.008441126984114693 0.9999343999973774 -0.0077422253560877445 -0.19350841198929378 0.0109760198265454 0.007649382645226335 0.999910500004618 6.9965924485925415
0.9998883999978272 -0.008811524013313822 -0.012066130170350681 -0.09739639423879914 0.008715867983701848 0.9999302999973088 -0.007957589356068563 -0.23597822582713662 0.012135399826450196 0.00785153264527658 0.9998955000048918 7.995388995679377
0.9998779999976299 -0.008278892013729607 -0.013247860170315059 -0.1211732172879626 0.008141372983275396 0.9999126999964328 -0.010401050356041124 -0.27422118229884107 0.013332809826656633 0.010291919645192054 0.9998582000059637 8.994374496727753
0.999874799997455 -0.006580037014396102 -0.014390590170257483 -0.15093279089661019 0.006374275982865711 0.9998773999950187 -0.01429781035600464 -0.31211929537977884 0.014482909827286705 0.014204289644915036 0.9997942000075468 9.9932129098332
0.9998651999972663 -0.005082827015037159 -0.015612470170199145 -0.17945368840067027 0.004800846982431715 0.9998255999936597 -0.0180459703559619 -0.3436096127803662 0.015701469827848875 0.017968589644678273 0.9997153000090903 10.99230992437211
0.9998521999970849 -0.003623834015176574 -0.016805380170183758 -0.20881318061268928 0.0033069549820153696 0.9998168999933508 -0.01884543035593546 -0.3741507471674968 0.016870599828383293 0.01878705964443267 0.9996812000095786 11.991412178693924
0.9998393999969387 -0.0011125360140864528 -0.017885420170274877 -0.24060218850676934 0.0008907686816495707 0.9999226999956017 -0.0124025303559517 -0.40164616457024427 0.01789782982924624 0.01238459964396689 0.9997631000074674 12.990528539718477
0.999825799996818 -8.672137227869648e-05 -0.018665310170412567 -0.27073261977768137 5.358729137627566e-05 0.9999983999993691 -0.001775663355964123 -0.42818120156293477 0.01866542982954681 0.0017743536437650545 0.9998242000038143 13.989722207816877
0.999811999996709 0.0010046039889523978 -0.019366750170494735 -0.3002268021561674 -0.0008989153188752537 0.9999846000019286 0.00546514064405379 -0.45705161107934683 0.019371939829888496 -0.005446702356416061 0.9997975000013544 14.988870115247153
0.9997816999965221 0.0033899699889612042 -0.020617460170491587 -0.3341995913620768 -0.0032758430193251782 0.9999791000019184 0.005566727644077888 -0.48428482796379063 0.020635899830740444 -0.0054979713568207205 0.9997719000015312 15.987921741554944
0.9997542999964113 0.005555762987700373 -0.021459260170402984 -0.3707149400599898 -0.005595211019614521 0.9999826999992575 -0.0017786293559107135 -0.5003682735108775 0.021449009831571393 0.001898260642808805 0.9997682000042911 16.987125346126255
0.9997368999962452 0.004812929986490086 -0.022427650170307702 -0.39996728694017775 -0.005013394019947294 0.9999478999967363 -0.008890577355877994 -0.5082550187176844 0.022383689831367088 0.009000674642947824 0.9997089000069896 17.98666633497343
0.9997144999959897 0.002620742986593814 -0.02375049017031007 -0.4222095839638277 -0.002819209020425848 0.9999612999969797 -0.008326642355852997 -0.516487419579048 0.023727749830589225 0.00839122064331674 0.9996832000070143 18.986384998984242
0.999706299995904 0.0018937479882711558 -0.02416094017043177 -0.43797473047558355 -0.0018581310205810601 0.9999971000004947 0.0014965036441434466 -0.5236908985318686 0.02416370983024824 -0.0014511693565720813 0.9997070000035848 19.98623471911703
0.9996965999958254 0.0016251459896292554 -0.024578820170517882 -0.45612468509370685 -0.0013931670207339003 0.9999543000033352 0.009452360644167618 -0.5295109619624198 0.02459305983008425 -0.00941524835651104 0.9996532000008217 20.98605308097561
0.9996862999957373 0.0007583640901079613 -0.02503532017054415 -0.4771866933343238 -0.0004521018208939678 0.9999250000043451 0.012236609644187872 -0.5345629595000367 0.02504271982975075 -0.012221450356352848 0.9996116999999076 21.98581846820977
0.9996791999956723 -0.001382699010052081 -0.025292120170533162 -0.49492467296404147 0.00166754897902339 0.9999354000040367 0.011244759644189094 -0.535574447195777 0.02527493982899683 -0.011283330355991581 0.9996169000003047 22.985660640074823
0.9996850999957142 -0.002198699010503058 -0.024997790170507028 -0.5168795842049149 0.00241389997912913 0.9999602000031047 0.008581849644173528 -0.5353790465908663 0.024977929828729938 -0.00863948735586132 0.999650700001203 23.985419612099534
0.9997040999958533 5.747477889324814e-05 -0.024326550170472208 -0.5330094365976872 6.660543936096164e-05 0.9999870000018167 0.005099767644151093 -0.5368416430968312 0.024326529829562918 -0.005099877356255469 0.9996911000023292 24.9852884656662
0.9997239999959896 -0.002636624012000605 -0.023346100170414875 -0.5419324443930198 0.0026325649797098397 0.9999964999999813 -0.00020461295587358326 -0.5443350795153635 0.0233465598286454 0.00014309634420038835 0.9997274000040518 25.98522060779466
0.9997262999960559 -0.005544119013046857 -0.022727860170339526 -0.5448794292067245 0.0053997759799178525 0.9999648999978288 -0.0064074633558787834 -0.5597203023514022 0.022762589827659187 0.006282983644707265 0.9997212000061562 26.985097872054542
0.9997552999962626 -0.0050859300140725745 -0.021530360170262518 -0.5592171539779169 0.004819451980334681 0.9999112999956782 -0.012410780355882441 -0.5752225683934292 0.021591569827860986 0.01230396964464825 0.9996912000080909 27.98487493508071
0.9997661999963225 -0.003838836014236914 -0.021278430170250162 -0.5723730636663956 0.0035552929804285745 0.9999045999953197 -0.013347290355883076 -0.5966434337806052 0.02132763982830948 0.013268519644438053 0.9996845000083816 28.98455894800733
0.9997621999962848 -0.003422674014139849 -0.021535880170257423 -0.5869464618310634 0.003148128980339528 0.9999134999955177 -0.012769320355880708 -0.6229927556778427 0.021577729828455215 0.01269847964436394 0.9996865000082196 29.984105509644746
0.9997667999963107 -0.0022044380143037166 -0.02148374017024431 -0.600961330388658 0.001910244980362928 0.9999041999951604 -0.013704670355877344 -0.6520750655356058 0.021511889828895427 0.013660439644159588 0.999675300008544 30.983584238595565
0.9997725999963781 0.0004687528853149826 -0.021317950170213276 -0.6197383451961194 -0.0008075310195644393 0.9998734999943306 -0.01588585035586907 -0.6815236373491199 0.02130780982986265 0.01589944964371484 0.9996465000092928 31.98297418181852
0.9997642999964281 0.004013693985154899 -0.02133588017020045 -0.6332890784108869 -0.004371519019549251 0.999850099993953 -0.01675089035586369 -0.710574650450121 0.021265449831133744 0.016840209643118893 0.9996320000096036 32.98246021778717
0.9997575999964706 0.005791202985177623 -0.021239960170203322 -0.6516310302442454 -0.006143965019504703 0.9998435999939792 -0.016580890355866587 -0.7407265927216893 0.02114061983176632 0.016707369642818205 0.9996369000095271 33.981837203871464
0.9997474999964451 0.006655409985194016 -0.021463890170204215 -0.6703801665752248 -0.007009523019579485 0.9998397999940027 -0.01646518035586287 -0.7709019249202129 0.0213508698320764 0.016611469642672242 0.999634000009524 34.981205950900396
0.9997431999964136 0.0066840379851737805 -0.021652370170201794 -0.6891076958723914 -0.007043805019646109 0.9998376999939603 -0.016582080355858477 -0.8014799968604606 0.021538029832089342 0.016730329642668115 0.9996280000095978 35.98056283196028
0.9997299999963632 0.007470018985367609 -0.022005120170217513 -0.7093716473951913 -0.0078104350197701344 0.9998504999943563 -0.015424670355858136 -0.8330390796652124 0.021886609832364713 0.015592369642529573 0.9996389000092456 36.97985923734578
0.9997179999963203 0.008169160985689008 -0.022298740170243903 -0.7298200909807304 -0.008471998019876458 0.99987269999502 -0.013520280355862101 -0.8635848452572276 0.022185459832602443 0.013705379642402486 0.9996599000086172 37.97918344589153
0.99970479999627 0.008828654985903506 -0.022634830170260706 -0.7509371097016967 -0.009107452019996942 0.9998834999954607 -0.012243760355861244 -0.8938810645521347 0.022524099832831067 0.012446289642286218 0.9996688000082196 38.97850128247385
0.9997048999962609 0.00868944598577803 -0.02268546017025008 -0.7710623805188002 -0.008985541020013232 0.9998752999951998 -0.01298294035585693 -0.9241886388829885 0.02256981983278762 0.013182949642312867 0.9996584000084914 39.97783924321865
0.9996908999962477 0.00975836998557301 -0.022865420170232537 -0.7933237836860467 -0.010083820020067913 0.9998487999947577 -0.014161350355847613 -0.9530243443490061 0.022723779833181263 0.014387539642140094 0.9996383000089419 40.97717553099338
0.9996850999961862 0.00956305598570203 -0.023200370170242055 -0.8153191481297711 -0.00987584002019081 0.9998613999950301 -0.013404870355844563 -0.9832890853706615 0.02306895983310816 0.013629769642168901 0.9996410000087296 41.97647545207218
0.9996755999960557 0.008859608986167802 -0.02387811017027755 -0.8363873958257173 -0.009116721020444408 0.9999013999960129 -0.01068035035584243 -1.012155777791136 0.023781139832839342 0.010894579642274567 0.9996578000078745 42.97583669836653
0.9996655999959969 0.009103415986759995 -0.02420489017032325 -0.858848182845879 -0.009280078020571323 0.9999309999972483 -0.007196274355846816 -1.0396038511478944 0.02413771983289925 0.0074184896422224665 0.999681100006689 43.975207524652944
0.9996515999959089 0.009284322987199447 -0.024707000170354754 -0.8820382072238595 -0.009400963020758234 0.9999451999981649 -0.004608864355841872 -1.0650466252188215 0.0246628598329447 0.004839527642186571 0.9996841000058528 44.97461476598984
