0.9990430301931246 -0.0005915850869518947 0.04373412683048103 0.03672369088215212 0.000747535855915344 0.9999934206917819 -0.0035496145273949805 0.05346585724962998 -0.04373173919116212 0.00357891048139915 0.99903689941217 1.0002442362145574
0.9960206004038064 -0.005237612719230747 0.08896926988710536 0.09719700844669366 0.006025788863971118 0.9999449262355308 -0.008592692499193033 0.03560587166485072 -0.08891936481896437 0.009094608777852897 0.9959973065482505 2.000604050592133
0.9909494618768986 -0.005035504823981465 0.13414099931435192 0.2285941926261424 0.006740505760347682 0.9999021315228172 -0.012259402849298849 -0.0005739172316795646 -0.13406613885683444 0.013052626835022004 0.9908864210113718 2.9936405868328717
0.9834393329732407 -0.002418688786432358 0.18122148963547838 0.34139743445276605 0.005148251128617359 0.9998802604842917 -0.014593156073362376 -0.029879508620927774 -0.18116449395912015 0.015284457413307475 0.9833340284410566 3.989186854160825
0.9739068904420176 -0.005266381226252049 0.22688683077327254 0.5717617354432566 0.00876254170691518 0.9998578492063224 -0.014404834026860226 -0.05571598764486519 -0.22677871728271676 0.016017072431833427 0.973814595689713 4.964358902891046
0.9623072096474128 -0.006108270012102207 0.27189616271302847 0.8431952815775738 0.01078722038139343 0.9998182854583385 -0.01571724974641953 -0.07520461088316872 -0.27175075002114274 0.018057826574849136 0.9621982356886439 5.929055634014934
