0.9990499837387424 -0.00034465489018185034 0.04357764569850982 0.04572975769769931 0.0004459691070692384 0.9999972204481492 -0.002315212200024997 -0.01845694507689674 -0.04357672662297751 0.002332446994527039 0.9990473605329449 0.6056338524380106
0.996039251000238 -0.004747253147894891 0.08878780352297345 0.08500795110809892 0.005409425109196348 0.9999593128303177 -0.0072187813311442115 -0.030219389985837057 -0.08874992161614753 0.007670480523974935 0.9960244048926005 1.106050856959842
0.9910178848004917 -0.004527766556467345 0.13365272662975836 0.15698350594033222 0.006064851242216776 0.9999200482365057 -0.011095707012790241 -0.04508736418183211 -0.13359180208743557 0.01180662799930747 0.9909661114035724 1.5967612565588698
0.9837513887641005 -0.002340441059409328 0.17952082731636088 0.2282903293244723 0.004821956990465118 0.9998987516117034 -0.013387877208088912 -0.05625548014341607 -0.17947131758441323 0.014035984504272826 0.9836630710276312 2.0071737101694715
0.9742620844860135 -0.00500471691640765 0.22536269332246237 0.4427027762149277 0.008271411293310304 0.9998739362643491 -0.013553425192666836 -0.07613767096105678 -0.22526645220312871 0.01506865580677104 0.9741806614401627 2.9289437424526823
0.9627563538990296 -0.0058948917385463415 0.27030622130916065 0.5124257401834383 0.010258062638182502 0.9998388614378378 -0.014731711020746241 -0.08372769369994512 -0.2701758227117246 0.01695586653870753 0.9626616868931497 3.179360898125532
0.9492820105939777 -0.008207479858760582 0.3143187898249534 0.6835972547501005 0.01436213126303538 0.9997477053172555 -0.01727005785934087 -0.10047726949603639 -0.3140977452135539 0.020908442965693812 0.9491603886933504 3.701869268150512
0.9342640600841767 -0.009997309279785456 0.35644174817520186 0.8771819639501925 0.018085212818748617 0.9996488954466338 -0.019365198414303536 -0.10854577205877487 -0.3561229999765957 0.024538533768118122 0.9341168391845748 4.18254333638304
0.9170048845542 -0.009819173317282883 0.3987550946873318 1.248482688105502 0.019485040958300413 0.9996061846059549 -0.020194278307942532 -0.13688879832449505 -0.398399767673867 0.026288011200743793 0.9168350809085124 5.041148775621806
0.8975686434659359 -0.010287369879695805 0.4407546940052686 1.6614334125358188 0.02063497830529417 0.9996123562284985 -0.01869050415716414 -0.165997965841492 -0.440391562063875 0.025870974010795685 0.8974329862260876 5.86957654092901
0.8758202559259052 -0.010130575428974088 0.48253108786000504 2.131820607693099 0.021300381216365 0.999616875283411 -0.017674739281413658 -0.2023340872770087 -0.482167162994246 0.025757990801037127 0.8757004926571493 6.709499578251943
0.8519741768818896 -0.010533669722920731 0.5234778349926537 2.6188410021164588 0.022488208543735528 0.9996111786312368 -0.016485509757403496 -0.23120868022110624 -0.523100642709337 0.02581730732737998 0.8518797944777436 7.507691820515122
0.8265194122623616 -0.01099892099775666 0.5628007506128311 3.156216755471832 0.024362554039426464 0.9995712135279906 -0.016243615572110605 -0.2649585372398029 -0.5623807670201367 0.02713692729591127 0.826432973726714 8.29278874853125
0.799311313802383 -0.012605695887316658 0.6007849199661269 3.6871810436357833 0.02768342787526607 0.9994909158538055 -0.015859916355223175 -0.28907522572432337 -0.6002791446057277 0.029308796579118158 0.7992533659575667 8.997928226069307
0.7706584646233238 -0.011658300866572439 0.6371417541845193 4.244596512408138 0.028532442465334183 0.9994612017071878 -0.016223625026031745 -0.3129789518602025 -0.6366093233933858 0.030682084396717043 0.7705758749569628 9.675943260715604
0.7403577075276809 -0.014648063437837007 0.6720534942561336 4.848381984187796 0.03338285165152656 0.9993301531120037 -0.014994342157963445 -0.33119904445960974 -0.6713836832393009 0.03353623888659716 0.7403507753500171 10.309977463104815
0.708686411328759 -0.01381159419477906 0.7053884109224967 5.5311476566785815 0.033722672760010744 0.9993287292559054 -0.014313358295514689 -0.3611838231214508 -0.7047172140226804 0.033931265074753074 0.7086764547454214 10.965979019834574
0.6746841513181672 -0.012469642571848053 0.7380012222037415 6.230325069772116 0.034815110830409175 0.9992820383025708 -0.014943760695446858 -0.39442232605766386 -0.7372850222389934 0.03577591284630892 0.6746338859278128 11.59871153898445
0.6392202533008011 -0.013454405481977166 0.7689060064423919 6.9328267878041165 0.03943359927461837 0.9991050475875239 -0.01530016775650039 -0.411462140015977 -0.7680120174960222 0.040100908446750044 0.6391787372272608 12.182097956226235
0.6027331641351157 -0.011653799972683036 0.7978577077385852 7.667009998097086 0.03947025433549996 0.9991047622002702 -0.015224098378196979 -0.44650955105020945 -0.7969660167625495 0.04066771563457479 0.6026535530723283 12.7414483768544
0.5652720190655743 -0.01037440219467527 0.8248393275302973 8.441666596946074 0.042599195087107494 0.9989538385695722 -0.016629401223254025 -0.47036807778711254 -0.8238038923429901 0.044537626634300866 0.5651225944645314 13.265816484426628
0.5268922067834475 -0.008869880255858057 0.8498858321298906 9.250825881402283 0.04717500548901659 0.9987092668995551 -0.018823364897401676 -0.511300971010634 -0.8486218953621106 0.05001125306564617 0.526630566221543 13.744877404162128
0.4880113212649443 -0.007934903635635569 0.8728012303047799 10.113967736097383 0.048869745082886225 0.9986384939719068 -0.018245722047979397 -0.5480918608592236 -0.8714681281221809 0.05155769255709058 0.4877346676271954 14.250743882807143
0.44977756642598254 -0.009607555838448625 0.8930889292846109 10.942772315616947 0.053826715506261856 0.9984161390972968 -0.016367586500520424 -0.574211568539056 -0.8915171481456369 0.05543381694286474 0.4495823244984344 14.66170649794074
0.41280326925974226 -0.010120903729426924 0.9107639805109605 11.782439410646138 0.05768143164299036 0.9982215740527042 -0.015051296932595253 -0.59900783882364 -0.908991921488901 0.05874739486511445 0.4126529174311966 15.036439374529996
0.3776639634770352 -0.007546958127818646 0.9259119688792421 12.668434032129719 0.05907567194938985 0.9981259089822945 -0.015960413590918043 -0.624663009564753 -0.9240562730021075 0.06072654478300195 0.3774020284579466 15.393878739383968
0.3444713294609532 -0.008244130985868535 0.9387606390788293 13.560369308760453 0.05969349049925721 0.9981302845713413 -0.01313857730291807 -0.6409250822701559 -0.9368971076758744 0.06056376248068938 0.344319387056209 15.70461377126553
0.31115269899235654 -0.009629423370381033 0.9503111448969368 14.551070618584033 0.062090415133337955 0.9980182336707927 -0.01021692758109181 -0.6569757032143486 -0.9483294671464881 0.06218423808475355 0.3111339619448131 16.027329619949725
0.27840404325387635 -0.009364582617636948 0.9604183949156181 15.754127825967048 0.06273801653300823 0.9979942121844251 -0.008455396376810734 -0.6709935784097775 -0.9584128181433083 0.06260876167743844 0.2784331391552009 16.38056887247425
0.24604887725905217 -0.006227209551443942 0.9692374176953565 16.699567929570737 0.06010039768556306 0.9981531576017755 -0.008843990481624476 -0.6867636694645409 -0.9673923155564124 0.0604276081837114 0.24596872153100752 16.62760965006499
0.21532403804989184 -0.004402431434727459 0.9765327322908087 17.654963099845446 0.05995484416371075 0.9981630017641637 -0.008720009773821287 -0.696112340575271 -0.9747004541392161 0.06042549550159135 0.2151924352624714 16.824510819970133
0.1848729806921841 -0.004260783561079165 0.9827531870889221 18.27354411126834 0.061988114034522174 0.998049942160608 -0.007333939708405729 -0.7098525555153113 -0.9808055132025058 0.06227486392316745 0.18477658562415394 16.940956257882668
0.1541946250054896 -0.004483800562000162 0.9880303199557885 18.894461254695493 0.06373524300181214 0.9979521359028527 -0.0054178636407896585 -0.7213317103958975 -0.9859826755166224 0.06380775798796229 0.15416463148735826 17.043292635694243
0.12385624218875951 -0.004996419718651605 0.9922875929189459 19.752971525343376 0.06231383844630419 0.9980528088766745 -0.0027524954975541114 -0.7288187114935747 -0.99034166670345 0.062174162506391434 0.12392641650455882 17.150677969050225
0.09445045447595575 -0.005310636454367176 0.9955153985698745 20.47725812310649 0.0628295068844412 0.9980240715080636 -0.0006369891055010057 -0.7376717298151197 -0.9935449485121165 0.06260790549852302 0.09459749180155048 17.22454557667771
0.06744489151628735 -0.00504211326696547 0.9977102603973561 21.141517514078014 0.06571337752969009 0.9978383593269435 0.0006005575315558493 -0.7436040949817169 -0.9955565973976555 0.06552240646917028 0.06763043418825505 17.269393658236833
0.04211313453986802 -0.004559893917297831 0.9991024428289076 21.814924864051502 0.06960111450663321 0.9975735878490795 0.0016191619263470247 -0.7462981675036668 -0.996685591728235 0.0694704555431442 0.04232832441718265 17.292629497588365
0.019463524057580596 -0.004176981297144506 0.999801842396034 22.534990752668712 0.0737673642313648 0.9972717388674535 0.0027303535733622084 -0.7493993795094336 -0.9970855265249912 0.07369960436475392 0.01971854738212549 17.29130269653178
-0.0006292335517539533 -0.004295851956713845 0.9999905748161347 23.295702983758865 0.07919037169935567 0.9968500976352811 0.004332190513019613 -0.7477508557856042 -0.9968593125889211 0.07919235127516232 -0.0002870614142843172 17.277971503089667
-0.018533849449377204 -0.005017486534457561 0.9998156436330975 24.22397751899657 0.08374572606045236 0.996465609219714 0.0065530915592965045 -0.7553197568345691 -0.9963147844889167 0.08385174101503708 -0.018048150529934057 17.26908925469013
-0.03390793656477577 -0.004887179498748593 0.9994130113794131 25.057129464259962 0.0869933874007245 0.9961781735282401 0.00782285973795487 -0.7550622032947857 -0.9956316599960388 0.08720758030400062 -0.03335319401577893 17.24099171472338
-0.04813424027721808 -0.005654202580047509 0.9988248719901399 25.847713274010562 0.08934294925847287 0.9959512865682504 0.009943450147583027 -0.7564908697567062 -0.9948371385964306 0.08971658027490108 -0.047434195397875085 17.20013485632362
-0.06139116012387105 -0.006659182918864163 0.9980915693169132 26.77976931055567 0.08947580827442808 0.9959149066470705 0.012148187181136383 -0.7560494125999413 -0.9940951690820571 0.09005084120097166 -0.06054453572960855 17.140645891150665
-0.07346372143989885 -0.006486610789658524 0.997276794833142 27.646432655650127 0.08911564253732984 0.9959358887978482 0.013042532713861053 -0.7512263092791338 -0.9933083528730442 0.08983111534928304 -0.07258709821823407 17.077460305326788
-0.0845380023110518 -0.0035072718167875627 0.9964140832052006 28.48870213675145 0.08932422256799549 0.9959409252453948 0.011084073437279568 -0.7455253839855439 -0.9924084388133143 0.08994093876395934 -0.08388157191169801 17.00556674305391
-0.0946218440514037 -0.00014864167072444617 0.9955132769250074 29.37572709402032 0.09015283785645406 0.9958897879625217 0.00871757181701579 -0.748123196290263 -0.9914228020651632 0.09057321975954027 -0.09421952774053664 16.929288127459053
-0.10412097748580551 0.0024292878871570206 0.9945616726014342 30.297973131222683 0.09132646570028638 0.9957954902329925 0.007128695134597029 -0.7452276742576319 -0.990362710682351 0.09157204918526289 -0.10390505809591963 16.837857579024742
-0.1116047315176351 0.0036453298135461225 0.9937459914250861 31.42370715717356 0.09095873085973824 0.9958330408063993 0.006562325705052274 -0.738559971481806 -0.9895811705884775 0.09112226077541809 -0.11147125372899469 16.71948501543057
-0.11729293817557555 0.0043412092663572075 0.9930878715180479 32.33549536857664 0.09056740786859328 0.9958701244871615 0.006343483733934651 -0.7317422790044936 -0.9889590038450046 0.09068544015454671 -0.11720170501264547 16.609881286226315
-0.12240713884923507 0.006136350069583069 0.9924610005267552 33.467049377199096 0.09139315230197316 0.9958017508321978 0.00511514924817583 -0.7228579870849172 -0.9882630136107754 0.09133027015916279 -0.12245406355691688 16.47130690616538
-0.12724676247555552 0.007717519018087253 0.9918410665725108 34.510429854814376 0.09032832792587636 0.9959046401057147 0.0038393996946928365 -0.7214650641441165 -0.9877494898068054 0.09007989629270827 -0.12742275177647647 16.34818285792218
-0.13153290699223652 0.008574316656103798 0.9912747225023208 35.685445392443434 0.09056525101724205 0.9958847097387307 0.0034029717574091253 -0.7195918212927891 -0.9871661611331477 0.09022264683813024 -0.13176814604131726 16.195463321062366
-0.13475666062613034 0.0075660244675738765 0.9908498360955865 36.87944621279558 0.09002972724345956 0.9959282728949028 0.004639338426752641 -0.7133604856232896 -0.9867802646128279 0.089831122236811 -0.13488913539760053 16.04507437079845
-0.13719779937640106 0.005481832929960521 0.9905285020401994 38.17963682912045 0.09092840587541016 0.9958322409635149 0.007083280492414203 -0.7174481418216185 -0.9863613885646727 0.0910389881605935 -0.1371244463378618 15.874652725524033
-0.13943860091113955 0.004155684770613706 0.9902219987760479 39.453274081463455 0.0907624365624757 0.9958354251855289 0.008601514680148163 -0.7138935773740315 -0.9860623999956523 0.09107434451939059 -0.13923507850098746 15.695118099370733
-0.14146359301394337 0.005081945469867962 0.9899304145655021 40.79050377552561 0.09307311708719344 0.9956255982075384 0.008189204451532827 -0.70101680449336 -0.9855584440951524 0.09329438366866245 -0.14131776692484388 15.49656633849902
-0.14248302227885523 0.004859263536514855 0.9897853180968921 41.8765806109066 0.09281691961411546 0.9956471378157304 0.008473275204097802 -0.6934796471485508 -0.9854357451379715 0.09307612216470516 -0.14231383519233065 15.342032790930539
-0.14305542143918543 0.006260362751810709 0.9896948793719571 43.23823586838017 0.09455243838397531 0.9954926011062538 0.007370043306764644 -0.6848913897191564 -0.9851877906229353 0.094632388752021 -0.14300254615419894 15.143911945745732
-0.1429987764548659 0.006656243728827969 0.9897004821418616 44.58389540766318 0.0943608548280732 0.995513880041283 0.0069385676662533724 -0.6748070717850889 -0.9852143822582601 0.09438119020528042 -0.1429853556379368 14.94436200173717
-0.1426416042262786 0.008050295202340409 0.9897416660376122 45.909896796568724 0.09350165460455573 0.9956046018904381 0.005377479036410998 -0.6651848276174156 -0.9853480670960706 0.09330953564202776 -0.1427673535101924 14.757232359373885
-0.14148658599879302 0.007912965756131573 0.9899085467634613 47.25747714249978 0.09384248721796404 0.9955721145466947 0.005454569622206712 -0.6631300808738877 -0.985482183286512 0.09366722858053687 -0.14160267199063806 14.557917145009858
-0.1400457016981164 0.006853388845679249 0.9901213221101803 48.69174260610437 0.09314822490526951 0.9956324242599094 0.006283626288053678 -0.6591871533382856 -0.9857538281096743 0.09310803844813466 -0.14007242249443727 14.353793415161801
-0.13903207284793412 0.007606129264717336 0.9902586679838832 49.97128411780843 0.0940046483106374 0.9955562806536061 0.005551409473859754 -0.6580590714919154 -0.985816011644971 0.09386074178675737 -0.13912926484258645 14.174865795003845
-0.13803318914531873 0.008366695285132703 0.9903922642591559 51.563004076237995 0.09394036182310171 0.9955668158252061 0.004682269556475601 -0.6523151380462375 -0.9859624978237839 0.09368411625061816 -0.1382072329779533 13.969515410652619
-0.1373125926462925 0.00897514177303824 0.9904871017488853 53.090927165251316 0.09507580945536723 0.9954613415719125 0.0041602755016191375 -0.6513763993497088 -0.9859542800541806 0.09474262116911975 -0.1375426965594451 13.767952424588549
-0.13642104501549804 0.008827729515434172 0.9906116139378144 54.47910663162245 0.09433515227509609 0.9955319719611461 0.0041196903258618025 -0.6454678374688373 -0.9861491659592438 0.09401150990569022 -0.13664427716936178 13.57628509926324
-0.13554603594378434 0.0071749728003091 0.9907450690794484 55.873278738538424 0.0962247539296826 0.9953418092863208 0.005956460173633795 -0.6459769291646221 -0.9860872521593088 0.09614157504400306 -0.13560504665003784 13.38903446012614
-0.13510722781634518 0.005295272160115811 0.9908168332666398 57.33394037427988 0.0978914866178129 0.9951646985498205 0.00802991955088492 -0.6411145672653937 -0.9859834145864395 0.09807743294452696 -0.13497230570555577 13.197950319217505
-0.13443869257325103 0.006420835492252186 0.9909011105104164 58.7027998527536 0.09924984278129138 0.9950377971638692 0.0070179001957867615 -0.6347597798733398 -0.98593899742686 0.09929025675689065 -0.13440884742480994 13.017580586394326
-0.13399958045279795 0.008342959422518817 0.9909462687081215 60.28827981635859 0.10129650555297873 0.9948420451783287 0.005321945898814072 -0.6329369275037592 -0.9857906118447402 0.10109253272852312 -0.13415352930617203 12.81970916439266
-0.13348834088519848 0.007810495009829051 0.9910196057674231 61.69783706987735 0.10070095483906068 0.9949002781242668 0.005723135744689328 -0.6409892896795604 -0.9859209808814378 0.10056059246022203 -0.13359411177828742 12.636729455012524
-0.13340507157503648 0.007477604199578899 0.9910333860740989 63.07105055095585 0.10055328521264517 0.9949134084496176 0.006028807519116335 -0.6370864983061957 -0.9859473229899259 0.1004559362237559 -0.13347839213297333 12.445459980789218
-0.13345634450940994 0.006489075134653467 0.9910334484839965 64.45890202289276 0.1000586041867599 0.9949572056127887 0.006959506259899082 -0.6297723736174868 -0.9859907098134242 0.1000902138227301 -0.13343263940481767 12.269285600481483
-0.1335339878016306 0.006624008551047606 0.9910220969345281 65.95208091758047 0.10105772894364531 0.994856166864635 0.006967257146945985 -0.6234865674531556 -0.985878293463521 0.10108080808003718 -0.13351651851115234 12.076370504584274
-0.1339293732514468 0.006544820911265985 0.9909692670813327 67.43575386403458 0.10201187464630533 0.9947570012539625 0.00721705531112455 -0.6176487451097545 -0.9857263821221478 0.102057208346374 -0.13389483116581555 11.906330517575467
-0.1338933282214635 0.007466078214074051 0.9909676252703116 68.93450338604121 0.10227860278098695 0.9947356858098895 0.006324775845115382 -0.6152955177643923 -0.9857036390675169 0.10220162940198926 -0.13395209172173633 11.708529349424087
-0.13440763477782106 0.008184279145283567 0.9908923277976793 70.36306267792433 0.10172365084997126 0.9947970370339485 0.005581573812379818 -0.6145379878643172 -0.9856910705546552 0.10154739131725836 -0.13454085158595216 11.525475887377326
-0.13584846072143456 0.00882461504607765 0.9906903259287967 71.93733623762498 0.10066752126354148 0.9949078491101088 0.004941856103205085 -0.6141515972916567 -0.9856019713262896 0.10040168299574108 -0.13604505198407632 11.333415648570499
-0.13702320244450364 0.009613815594220962 0.9905211842972228 73.49425444721135 0.10055164955747452 0.9949227487021336 0.004253220692008537 -0.6200440253321007 -0.9854511696492728 0.10018132892262314 -0.137294186228596 11.13253841968057
-0.1382264107104278 0.008604808260929582 0.9903632750950053 74.8860030593264 0.09917847636842314 0.9950560899093492 0.005196899031926451 -0.6219018331259986 -0.9854222897861336 0.09894106937516373 -0.1383964435364848 10.944896618593623
-0.13931205294506432 0.008269919166146387 0.9902139972456546 76.41709678010534 0.09900508077381484 0.995071066443808 0.00561842569990594 -0.6207687030297909 -0.985286834320442 0.09881893119923318 -0.13944415710756003 10.730632805573409
-0.1401741361384491 0.007224861456276658 0.9901005064814267 78.04922276644442 0.09618884115129148 0.9953428164650768 0.00635488389602131 -0.6159213782653327 -0.9854435135490047 0.09612741070213261 -0.14021627051056232 10.526422383410729
