0.999990982391463 -0.002705913648644757 -0.0032730974752948165 -0.003574216645115578 0.0026987329271643645 0.9999939465529039 -0.002196291905943295 -0.0041751894932460665 0.003279020638017109 0.002187438884712258 0.9999922315372162 0.9999848862698224
0.9999716456807 -0.0013857359609929286 -0.007401862635804822 -0.01914398543970998 0.0013567813564821295 0.9999914143965293 -0.003915389837534154 -0.004959298088795829 0.007407224782846463 0.003905236110093015 0.999964940461385 1.9998633526213054
0.9999398083841857 -0.0013986899542813157 -0.010882245862406645 -0.0511045571788878 0.0013404628745075605 0.9999847575363159 -0.00535610439760084 -0.011067596914676117 0.010889571519584286 0.005341194758452867 0.9999264417299266 2.999333807682164
0.9998762268348189 -2.868843269058824e-05 -0.015733092116280257 -0.072225656304551 -6.391215767751011e-05 0.9999826800969787 -0.005885186598589736 -0.024225519621699703 0.015732988457430177 0.005885463706280859 0.999858907241997 3.999024133854104
0.9997972230189346 -0.0011081027942134371 -0.020106838434316137 -0.0954689601291884 0.0009858921314605546 0.9999809882894015 -0.00608695954130746 -0.03742121966316373 0.020113201145798745 0.006065902072226892 0.9997793076332988 4.998666871199668
0.9996962818946801 0.0009574891247223652 -0.024625742233043067 -0.12816127370838232 -0.0011368023916452207 0.9999729374248465 -0.007268569202170958 -0.05219039579069116 0.0246181162210798 0.007294356208771097 0.9996703160148472 5.998023196075512
