0.9999789390306522 0.00032394385987927253 -0.0064820178576201065 -0.00465959156776946 -0.0003207626568834821 0.9999998276185077 0.0004918071496421254 -0.0021475146717464004 0.006482176058146556 -0.0004897176024368476 0.9999788705618838 0.07143358484259232
0.9999071648639727 0.0008975660484747541 -0.013596176995021591 0.002844058444755779 -0.000891101722528828 0.9999994870464748 0.00048150234352507067 -0.0006173144361207442 0.01359660220097048 -0.0004693420664494467 0.9999074517807202 -0.014233835674438186
0.9997762864048093 0.001132237865240115 -0.021120965414104968 -0.004306277517774078 -0.0011369356145749787 0.999999331551341 -0.0002104145400749826 -0.001068581218551783 0.02112071305651424 0.00023438064527522633 0.9997769053872455 0.06928188050502676
0.9995349339309945 0.0015543721682963435 -0.0304548810328248 -0.014674753339321996 -0.0016094283772081727 0.9999971146686132 -0.0017833661278514625 0.0009988327256215596 0.030452021145725598 0.0018315516945354982 0.999534551592155 0.1737160754390411
0.9991224736058489 0.0016363744295173255 -0.04185218052210107 -0.030455133114815496 -0.0017742135594832208 0.9999931235203886 -0.003256543901265802 -0.0007686777422464162 0.04184656380126631 0.003327940904214976 0.9991185064382324 0.27801171151799475
0.9984642936401292 0.0017021443604589592 -0.055372890752535445 -0.04905403377697955 -0.0019413521875322613 0.9999890142554706 -0.004266441146280701 0.000119824695402558 0.05536502034136739 0.004367387428070757 0.9984566292281567 0.3958779438249136
0.9974213488267555 0.001539161860801599 -0.07175154273867346 -0.07117045794579224 -0.0018551252010615051 0.9999888737860345 -0.004337143602071644 -6.859642172358024e-05 0.07174406884963941 0.004459067716783175 0.997413106641373 0.5309397729171166
0.9958993958968497 6.015076785949769e-05 -0.0904676164943724 -0.10316848692873086 -0.0004664412868898831 0.9999899012988084 -0.004469869452626305 0.00026602464742342933 0.09046643402286611 0.0044937381190678135 0.9958893666632369 0.7038301487352514
0.9938714717998347 -0.0011918362477546626 -0.11053541092693563 -0.13713318851158923 0.0006898597864407473 0.9999892763031972 -0.004579451067615596 -0.002753463967067712 0.11053968353448013 0.0044751318376302284 0.9938616360234116 0.8635100105541237
0.9911479167201904 -0.001718275752367577 -0.1327511005968056 -0.1922063126543357 0.001068748206520886 0.9999871085471917 -0.004963921503797212 -0.004493496658482752 0.13275791862821365 0.004778102956574524 0.9911369757877264 1.0680296643275713
0.9876228589106724 0.0018882494982445693 -0.15683597505336627 -0.26507074789240015 -0.0029396946294073076 0.999974732687785 -0.006472416973333165 -0.010816162370307103 0.1568197906917158 0.006853356828827452 0.9876034552124564 1.289283246315286
0.9833164181571031 0.00622792382160802 -0.1817966851940791 -0.35196762763457456 -0.007791180968125732 0.9999385520871155 -0.00788603506479302 -0.02047486918195071 0.1817364005415666 0.00917087862712624 0.9833045182970539 1.508341779464787
0.977936788022991 0.008919162556876793 -0.208710534402453 -0.43571089473307295 -0.010986697156897898 0.9999013687099293 -0.008749019235941733 -0.027438695900274077 0.208611915088415 0.010849027204882523 0.977938324993888 1.7218454939444516
0.9712256081778173 0.00935425049100255 -0.23797755359986797 -0.5167475337041711 -0.011827078993956013 0.9998898656756109 -0.008965306557924055 -0.02990575123482016 0.2378674803795111 0.011521914639434638 0.9712292763611196 1.9243642900441242
0.9632247266553995 0.011258359664077181 -0.26846112436869174 -0.610133984247372 -0.014027786684457378 0.9998663222012042 -0.008399936224209276 -0.03461272667486446 0.26833066757335694 0.011856941659200104 0.9632538947619814 2.127560506698118
0.9538343019417722 0.012738605470402488 -0.3000630806512507 -0.7411519298690339 -0.015686812222323473 0.9998494356781257 -0.0074182138303430616 -0.03812451899327195 0.2999234041577138 0.011782780011547875 0.9538905166389106 2.3904838118670897
0.9426927138566032 0.015306104527645213 -0.3333109215220202 -0.8644953998934171 -0.018463501599929693 0.999809641828005 -0.006307076693935284 -0.04379044344553711 0.33315093628915277 0.012099721977903155 0.942795868880278 2.6107472507166274
0.9302251379367578 0.017750568962045608 -0.36655983147647436 -0.9895537005073572 -0.021364805793586718 0.9997548937801092 -0.005804949278189283 -0.04587415000718508 0.36636694422933447 0.013231389354243122 0.9303763714281531 2.8218628213061607
0.916336430403376 0.020057794624115752 -0.39990652806676386 -1.0887057808421867 -0.024167709025029568 0.999694203951811 -0.005236451626233212 -0.04479927256756346 0.3996792065595587 0.014463175998688746 0.9165409692883091 2.9760980758638897
0.9003271805315093 0.02086168186864659 -0.434713420802478 -1.2321757723458668 -0.025352108500384548 0.9996683075543484 -0.004532710668727939 -0.04561272120385936 0.43447466967680165 0.01510182442729756 0.9005574364293492 3.1846572236944084
0.8819710580330163 0.016285403054981468 -0.47102212096615603 -1.4080556028405138 -0.021245064102697473 0.9997607008075584 -0.005214247026049197 -0.047991598538682664 0.47082448963854 0.014605710120123449 0.8821059875029165 3.4353035255195703
0.8607561178944603 0.011483582311564737 -0.5088880356665395 -1.5288201254704337 -0.016720624337390314 0.9998438417660447 -0.005719510842846946 -0.05039877220287016 0.5087428881360639 0.013432029623515725 0.8608137164051057 3.595811969146572
0.8356150672763061 0.013188870172379253 -0.5491570932296039 -1.6908547694428644 -0.017415144526906852 0.9998452528350258 -0.0024865889017911505 -0.056767058117379116 0.5490393174281045 0.011641481299027168 0.8357154442938372 3.7808780847327466
0.8064172442906801 0.018947971706710393 -0.5910433169225626 -1.9099555792308884 -0.022456877058683617 0.9997468177814279 0.0014103221883979924 -0.06482302764589665 0.5909203980092367 0.012135678971755623 0.8066385860548081 3.988040322557124
0.7740262161356188 0.022193937639887078 -0.6327644473789681 -2.200149807971586 -0.02590042456207024 0.9996588135253086 0.003380021992892068 -0.06936191965238422 0.6326235727051903 0.01377264220128456 0.7743369612671971 4.229254608247891
0.7378090285785849 0.021404660387272716 -0.6746700511076716 -2.3902530400489037 -0.02527978446559411 0.9996721295538605 0.004070121695753122 -0.07065570357886636 0.6745359663096523 0.014052540942852217 0.7381082280043718 4.386250685702061
0.6980121810754935 0.017385430832622333 -0.7158748087934054 -2.6391652704065423 -0.019336491575736324 0.9997983053230802 0.005426671782444398 -0.07429463683461966 0.7158247656820576 0.01005462420266984 0.698207568970984 4.575269324573187
0.6552649091990952 0.013810475215652564 -0.7552729106399999 -2.8606321637728165 -0.014092882359944135 0.9998823480670842 0.0060564585889006485 -0.074804901253399 0.7552676938934231 0.006675387491975968 0.6553824454185082 4.726033066780546
0.6096877347356152 0.0132652711043552 -0.7925306925889242 -3.174925229221911 -0.011355595662024435 0.9999035167503885 0.008000477320858223 -0.07435523055664996 0.7925603551529141 0.004121865200224296 0.609779545136731 4.920079410649092
0.5617911614626303 0.013938918688228693 -0.8271616513404556 -3.4865479679045475 -0.008651861374125706 0.9999023569062787 0.010973693454227992 -0.07612952012451114 0.8272338461385813 0.0009915639502046723 0.5618569040277989 5.071902709464738
0.5112229067962435 0.014773254579706166 -0.8593211800694315 -3.8281579918887423 -0.006759501737689173 0.999890443058748 0.01316856165394891 -0.07714891444769556 0.8594215779831549 -0.0009234873571450912 0.5112667586182831 5.210438235430272
0.45828975272133987 0.016259145338594447 -0.8886541187343193 -3.8311481984864555 -0.005203739295285564 0.9998646112434526 0.01561026201962751 -0.07714399213774277 0.8887876144771365 -0.002529698763315523 0.45831231379508974 5.211549635837821
0.4040602038725513 0.018416577314456676 -0.9145469814757966 -4.189562282222404 -0.003978178429181439 0.9998232290615776 0.018376199967932102 -0.07318680726864829 0.914723742855108 -0.0037868600312656758 0.40406204220174796 5.311211429263468
0.34871928205186403 0.020511443207950092 -0.9370027444051365 -4.557016740226187 -0.003195568886189655 0.999780699527543 0.020696405284637787 -0.07222607452006816 0.9372217724022027 -0.004222978775618174 0.34870835347828383 5.399934140884052
0.293497933474037 0.02376596300226032 -0.9556642412735986 -4.924774330026303 -0.0005067275918346802 0.999694648791794 0.024705311254759447 -0.07180672329404464 0.9559595735561299 -0.006766696359522049 0.2934203563946469 5.475186715993803
0.2400223661404086 0.02551193240039924 -0.9704320713257344 -5.270196387769679 0.00380492943974038 0.99962221443181 0.02722041378080242 -0.06674960297850835 0.970759901450569 -0.010225933680444978 0.23983461805178524 5.527532025539918
0.18910583427204714 0.02599099644840743 -0.9816126789869262 -5.6971993310984415 0.00671328996719367 0.9995920640182128 0.027760354637875507 -0.06508800068071828 0.9819337631337922 -0.011839495572996591 0.18885420610218934 5.578031869970256
0.1416526086942337 0.02714367071428039 -0.9895442181076453 -6.153233724994148 0.005337971774506704 0.9995885186676493 0.028183317851950124 -0.05997910246637167 0.9899020378337715 -0.009274399601272788 0.14144942914194988 5.5979234269744715
0.09936444261127589 0.02742276002904597 -0.9946731622884664 -6.526938187366182 0.0032818451749758956 0.999605705964474 0.027886593472635366 -0.04976305448272438 0.99504569595411 -0.006035299135070185 0.09923526655152702 5.599376383116338
0.06143470646895273 0.02594017153173655 -0.9977739645540846 -6.861841728791529 0.0019041215575739466 0.9996573570197662 0.02610637618177321 -0.042781898127899384 0.9981092881855016 -0.0035037204731888415 0.061364263058219515 5.599337855932228
0.02715531158369142 0.023274462273816104 -0.9993602395826321 -7.347372227956182 0.002870137234545151 0.9997229769710835 0.02336089956152851 -0.03587525620942949 0.9996271061576155 -0.0035026735408187717 0.02708098803624093 5.5845309295412076
-0.0043527987921891725 0.020519399224991478 -0.999779979494548 -7.738860967830123 0.00336650059619367 0.9997840860708436 0.020504826583463295 -0.03082184920824593 0.9999848597935926 -0.0032765065126439848 -0.00442093753202205 5.563133230494514
-0.030808768053588665 0.01875895483363204 -0.9993492489738354 -8.19775544400149 0.00307716021545516 0.9998209101017326 0.018672943215939212 -0.028231958029959474 0.9995205605169054 -0.002499867373869295 -0.03086097482394835 5.528731428552335
-0.05161329019505978 0.016304498671949098 -0.998534041281666 -8.762105611200978 0.002147133539236522 0.9998662185064456 0.016215267718401163 -0.01895445688890805 0.9986648377172423 -0.0013070626117646907 -0.051641393227947856 5.4790681291865155
-0.06790899799013286 0.015522413619718272 -0.9975707607319863 -9.23041362492904 0.002769695811214161 0.9998780420389166 0.015369770119642247 -0.010015077133760156 0.9976876749650113 -0.0017192218692268061 -0.06794370831117993 5.439009036077685
-0.08080572261148697 0.015878942221062065 -0.9966033786753761 -9.780029225901085 0.003360443069312718 0.9998717504106345 0.015658548883785477 -0.0014930425807649327 0.9967242058942953 -0.002083728559124173 -0.0808487195920772 5.383111410971735
-0.09006206343079513 0.017092559439145037 -0.9957894702909879 -10.361697618059575 0.0018331761386036203 0.9998538681000996 0.016996526424748668 0.0002882164188614759 0.995934467821971 -0.000294715255044493 -0.09008023616246738 5.3065260974966835
-0.09684624070726007 0.01856479331189981 -0.9951262000923087 -10.921374330445069 0.00017019078070133905 0.9998263217828667 0.01863591439222859 -0.000365137743222492 0.9952993402469286 0.0016354569461367846 -0.0968325801815041 5.242457699825499
-0.10141829151859888 0.01950825333511157 -0.9946525816571639 -11.484760585011735 0.0004947341703905238 0.999808583352442 0.019558933837914776 0.006123915121867204 0.9948437492307778 0.0014915450339509043 -0.10140852976876372 5.1811773242006725
-0.1026590925852637 0.02010043521069341 -0.9945134907148873 -12.101689249435529 0.0027785239332988 0.9997977078372924 0.019920421884096814 0.018078303887758575 0.9947127175794646 -0.0007182671014060468 -0.10269417499570455 5.112190991017368
-0.10190500072139907 0.02234574691659948 -0.9945431304989795 -12.727855343443178 0.005046951569078773 0.9997464289582385 0.02194552494474384 0.02639058149694806 0.9947813323076752 -0.002783052277666505 -0.1019919384666673 5.0512795674595345
-0.10026881786586318 0.024823397495080998 -0.9946506739054582 -13.348857775652558 0.004177406489168722 0.999690413913763 0.024528057484139432 0.03083121968211211 0.9949516136168672 -0.0016956608511523874 -0.10034147345674654 4.984540853169877
-0.09853446229189544 0.024830019629658685 -0.9948238185055867 -13.998256325159085 0.0015885044109699665 0.9996913152089437 0.024794171684900737 0.0343778431204432 0.9951323712926761 0.0008627983511065465 -0.09854348879769609 4.91436531083761
-0.09691520178250661 0.022296173020434004 -0.9950428756250141 -14.63561239568304 -0.0003000124464909563 0.9997483522562618 0.02243083042182548 0.044090449047870885 0.9952925970065227 0.002472413703956175 -0.09688412416122776 4.849991041232763
-0.09553918088057387 0.022169458650918666 -0.9951787678702718 -15.345843585220805 -0.000656198607150874 0.9997503431620494 0.02233429539394505 0.05645375092076113 0.9954254539241285 0.0027868352088213106 -0.09550078130288568 4.774032034928011
-0.09377313860805594 0.024760228587666095 -0.9952856522405409 -16.044802374925926 -0.0003310188391079014 0.999689867664833 0.024900982205306323 0.07156662097542815 0.9955935359885191 0.002664501556996702 -0.09373586042347919 4.707982050221976
-0.09171559394120735 0.02841189922306183 -0.9953798339380541 -16.746685022944135 -0.0014344124649218204 0.9995880685852905 0.0286641867632762 0.08042664874214175 0.995784209700522 0.004056738154964828 -0.0916370590244454 4.633929348456188
-0.08996222762021727 0.030590273616052308 -0.9954752798345631 -17.472693477392493 -0.002070313676165247 0.9995202852191619 0.03090167045126779 0.0858413016627144 0.9959430261831707 0.004840929197104577 -0.08985573994808456 4.566223711138779
-0.08797100984142918 0.029918318724763474 -0.9956736391168347 -18.259612805434227 -0.0036635145094932728 0.9995323774079556 0.030357950764663938 0.10147976911415772 0.9961162984756947 0.0063182844091049465 -0.08782026641503332 4.484763973213785
-0.0861863004683782 0.026898341477732776 -0.995915860320198 -19.03257334372113 -0.0058319559316261475 0.9996047176340683 0.02750266848357148 0.11654454717105794 0.9962619685110877 0.008178490658598835 -0.08599536260148492 4.4019137096004455
-0.08465848775516134 0.026314430836515156 -0.9960624936121016 -19.78892992870547 -0.006752634754403958 0.9996131076329557 0.02698216025913382 0.13101549217777797 0.9963871448261888 0.009010315095825653 -0.08444804229223304 4.332620010696921
-0.08296976887532838 0.028685826435711714 -0.996139117199236 -20.57063892517475 -0.0039952284400366425 0.9995680161295745 0.029117336425065223 0.1441937839790417 0.9965440560268715 0.0063956620047167685 -0.08281932084383807 4.26183896280739
-0.08196556881249135 0.030942119750839738 -0.9961547222969774 -21.380881241434103 -0.0017124071341331763 0.9995120908041406 0.031187305079704044 0.15474430965334246 0.9966336905759575 0.004262107653744824 -0.08187259155111602 4.201633140146042
-0.0806858814277328 0.03270522307868784 -0.9962028693602535 -22.175969234041847 -0.0012857983201853438 0.9994572877691613 0.032916206461012495 0.1684294218123864 0.9967387497538717 0.003936789107547449 -0.08060003989212865 4.13833626947019
-0.08004551071581946 0.028038885503879535 -0.9963967769487933 -22.952701488121164 -0.0011844060372810852 0.9996009162211942 0.02822420011410309 0.18062664303143694 0.996790506273301 0.0034393588708194357 -0.07998035642565565 4.073981330035636
-0.07970808928275651 0.02118561577226792 -0.9965930915811334 -23.790333606199944 0.00023950735757147842 0.9997745025960454 0.021234090398416165 0.18631308705698763 0.9968182197066422 0.0014538373953718931 -0.07969518942639968 4.00110285146555
-0.07979364878648511 0.016581254977927624 -0.9966734849471492 -24.601651918658682 0.0032024358830835377 0.9998607448130965 0.01637789321637072 0.19893950140859118 0.996806259018148 -0.0018849310727477619 -0.07983563751293597 3.936385880219513
-0.08004210010824962 0.017365291942115658 -0.9966402103296984 -25.416452410011505 0.0040233534410384995 0.9998457232522228 0.017098020976714225 0.2083747628483835 0.9967833640452428 -0.002641274313040922 -0.08009961818044808 3.87016155995357
-0.07996228400607447 0.024867370496035723 -0.9964876552276722 -26.30261266866666 0.003663813134780058 0.9996893481403719 0.0246532693163246 0.21432049578187007 0.9967911564665125 -0.001679612837122692 -0.08002855297249718 3.794410389663457
-0.08028048331381621 0.031945562283994366 -0.996260269733396 -27.148150545738417 0.001937913234987623 0.9994894119045015 0.031892945663253215 0.22598460075905968 0.996770429181763 0.0006297151299351203 -0.08030140078268311 3.724293326496515
-0.08062292324335595 0.03711634405003516 -0.9960533726924751 -28.00648502648041 -4.575233138931251e-05 0.9993063025249994 0.03724126260656001 0.24153188530265707 0.9967446724986406 0.0030480712205993984 -0.08056529716580046 3.6521887139071327
-0.08086266653248567 0.03737909969573108 -0.9960241121916636 -28.843560619434427 -0.0016174305942204693 0.9992903192897751 0.037632986753718754 0.25704906092667745 0.9967239402560423 0.004654103530123418 -0.08074482175843642 3.5713577567433767
-0.08106587383169976 0.033909993364506584 -0.9961317364936837 -29.691841113065628 -0.0015809787021333138 0.9994154532081906 0.03415043769854896 0.27114679849333956 0.9967074919986548 0.004343298133679874 -0.08096487605792596 3.490854700820595
-0.08147215294702788 0.031259146646674514 -0.9961853010585415 -30.51239971829112 -0.0017595939935196167 0.999501978374849 0.03150712703076019 0.28700636775284866 0.9966740651402326 0.004319835144543573 -0.08137657464632912 3.420015099313478
-0.0814903076837305 0.03257953718533863 -0.9961415077740707 -31.352074192677232 -0.0034093968743582823 0.9994506363212937 0.03296667362514682 0.2998777953382844 0.9966683027801002 0.006082706120042498 -0.08133446329627324 3.339531425911071
-0.0811813402914968 0.035073083018348494 -0.9960820592883216 -32.19389725545592 -0.004406840826075093 0.9993582679580221 0.035547602139502886 0.3089714213267487 0.9966896055153838 0.007275377070823272 -0.0809746821300787 3.2606742216318145
-0.0810088062420317 0.03342251838039951 -0.9961528540220883 -33.02657719480722 -0.005326470664240945 0.999408831751104 0.03396491908056036 0.3186954718412976 0.9966991532160071 0.008057436502868722 -0.08078289234422142 3.1831013114417366
-0.08064537673473376 0.028175948563954036 -0.9963445383670418 -33.859291300969524 -0.006285900118775857 0.9995661250792702 0.028775841494239493 0.3326609297244298 0.9967230360892694 0.00858356083022183 -0.08043327552987024 3.1075185530607388
-0.08038333616929927 0.024125207159453398 -0.9964720235138599 -34.70846434953614 -0.007443437874129716 0.9996646482384256 0.024802949319613278 0.3424415230796759 0.9967362311559207 0.009410921413479233 -0.0801768049952211 3.0290171164979265
-0.07977353303431114 0.02492000320789697 -0.9965014685725967 -35.57145281697482 -0.006659277691399013 0.9996518278233943 0.02553188496699761 0.35121645003593577 0.9967907691425791 0.008672748667951721 -0.07957980888824646 2.9427735272767617
-0.07918464002514632 0.02734572861486535 -0.9964848237231764 -36.412184930386665 -0.005694066075809498 0.9995949605778867 0.027883550685125425 0.35987233793396656 0.9968437040958902 0.007881999353442382 -0.07899685873868541 2.878417174312105
-0.0789060376934508 0.032206450019134476 -0.9963616721816855 -37.23085049500326 -0.005214140314255668 0.9994509813741411 0.03271923854617461 0.37447972180027944 0.9968684215864725 0.00777691503252397 -0.0786947878596399 2.8113971954181785
-0.07820892421752959 0.03777356329937718 -0.9962211210812608 -38.077228857985325 -0.004556827620351707 0.999257947001299 0.038246446590229424 0.39177984908908625 0.9969265767822509 0.0075308213634827925 -0.07797876143422648 2.738434002929476
-0.07847324460997276 0.04121351292921468 -0.996063951878802 -38.88533922848328 -0.004468972130289377 0.999120513341082 0.04169206290342278 0.4008622497367348 0.9969062032952168 0.007723093491443928 -0.0782200463975837 2.6742897733043387
-0.07795717329522929 0.041115137957914036 -0.9961085405529452 -39.73994026695021 -0.004159058501831202 0.9991271360860893 0.04156522788075413 0.41717559818160344 0.9969480334321332 0.007383181367285787 -0.07771812702775101 2.5951845467945263
-0.07789857433215851 0.036764456516805516 -0.9962831860741403 -40.55838357068055 -0.003766459214596401 0.9993018458599923 0.03717034632322495 0.4341205444026476 0.9969541744242829 0.006647976972544983 -0.07770571729396987 2.526401280421661
-0.07759226699857574 0.032497673750954095 -0.996455388516113 -41.385692725311635 -0.004877266414728965 0.9994442785344222 0.03297493558931591 0.4470434997626103 0.9969732455659694 0.007418578406689716 -0.07739064749749885 2.464321266677089
-0.07750340024498938 0.02955422701059399 -0.9965539476698042 -42.19674276673094 -0.008484599256786744 0.9995047897614225 0.030301597638052874 0.4634213839664054 0.9969559842470064 0.010803837733549367 -0.07721426399513392 2.388884532907203
-0.07797538099800858 0.027635909609437934 -0.9965721732309577 -43.03598170954263 -0.011618536703761551 0.9995226438859279 0.02862680499360378 0.47776090452158004 0.9968875812061647 0.013810896398761771 -0.07761707014300241 2.3056686369553123
-0.07848271308273552 0.025863605147277695 -0.9965799203656264 -43.86462065766689 -0.009572892109252988 0.9995977658293578 0.026695810263300087 0.4836564309621664 0.9968695117636194 0.011635311673312942 -0.07820355515209715 2.236262536536917
-0.07970945376995464 0.022358647639664084 -0.9965673554032463 -44.694250409675554 -0.006170535484491696 0.9997181932571337 0.02292288294522031 0.4868734481343536 0.9967990406654337 0.007976524707597764 -0.07954902627976569 2.171913453455747
-0.0804676361635971 0.020945105970530068 -0.9965371353171567 -45.51391251677686 -0.0018346930897220571 0.9997743913470006 0.02116129268247579 0.49456059215576476 0.9967555334341058 0.0035311389961423453 -0.08041105412740401 2.113781423006282
-0.08218404897946352 0.024375243796794514 -0.9963190400585482 -46.35058108405993 -0.0016696017287204834 0.9996960886115928 0.02459558587921841 0.500461501582758 0.9966157707579227 0.003684820826215127 -0.08211837536185156 2.0354270017131464
-0.08399878609346619 0.03051507258474309 -0.9959985111836118 -47.163768362871494 0.0006302628630301635 0.9995324238300439 0.030570189419642867 0.5050694704057339 0.9964656575635447 0.0019401179286648018 -0.08397874277979592 1.9674524614544278
-0.08578112568551176 0.03411431338940062 -0.9957297886967605 -47.9769795206037 0.002458792734140032 0.9994178265501864 0.03402884529313336 0.5164523727492243 0.9963109719432065 0.0004707394854084753 -0.085815066217534 1.8910778766564982
-0.0874011159583169 0.033293310440678923 -0.9956166935167071 -48.779192600132376 0.002530725673618645 0.9994455510661371 0.03319918495479587 0.5237280471619151 0.9961699856735321 0.0003820130865913265 -0.08743691273824677 1.8235023666728771
-0.08860280544726061 0.0295221975819328 -0.9956294404630709 -49.569273962161176 -0.0007280965253738123 0.9995584886495152 0.02970349548687571 0.5300767995668738 0.996066771226871 0.003356727367889868 -0.0885421912934896 1.7490356954645072
-0.089930366994379 0.025826944488326505 -0.9956131266865924 -50.38321180997396 -0.005713555651491983 0.9996338799345984 0.026447331977166123 0.5397322256643539 0.9959316665183777 0.0080669092774102 -0.08974987799789093 1.6667532056074528
-0.09112652552957587 0.024474095645511243 -0.9955385351593584 -51.17366336409303 -0.010202279281574009 0.9996225472793832 0.02550836074956571 0.5445955184123207 0.9957870604915331 0.012481250458329696 -0.0908424380156546 1.581098296738517
-0.09197061693198513 0.025676596984095967 -0.9954306193745828 -51.97536224879756 -0.012073968731101684 0.999565242544183 0.026898795078213248 0.5477489561069152 0.9956885180116476 0.014492696950382605 -0.09162061359145045 1.4950152924365183
-0.09297558826828278 0.027235544350112387 -0.9952958178903993 -52.76738045887909 -0.011898532279942422 0.9995240351766058 0.028462748178083676 0.5538302250417977 0.9955972905325476 0.014488900172852232 -0.09260727215522079 1.4176479933741368
-0.09378588366566498 0.026633229963746355 -0.9952360921342974 -53.55281042272771 -0.013775566240493947 0.9995117146046649 0.028045786542495413 0.5624596397971519 0.9954970827681036 0.01634023958611525 -0.09337320156481825 1.329638030584313
-0.09413985815766389 0.026449497256927926 -0.9952075719169896 -54.34609033818436 -0.014587129917832982 0.9995030647203504 0.027943501129556843 0.5711348772768454 0.9954521097204099 0.01714781937953171 -0.0937072544881757 1.2444245248243544
-0.09467104611182427 0.02815038124109035 -0.9951105210297364 -55.13738586754311 -0.01271227245179999 0.9994844274520392 0.02948351081487882 0.5792795604073967 0.9954274414326763 0.015441350874878908 -0.09426438100340319 1.1643839270430996
-0.09501732644972526 0.031063178216306837 -0.9949908475124019 -55.920284853421904 -0.01179108899853835 0.9994077899852097 0.032327071273133744 0.5892290910529558 0.995405785544054 0.014803657520075258 -0.09459478753849697 1.0858679277086476
-0.09522665959960767 0.035272285505724955 -0.9948305127893408 -56.6738327157668 -0.012004462545342274 0.9992586829467647 0.036578373863329086 0.5996605972479977 0.9953832308113785 0.015425641986336407 -0.09473264162268154 1.0087902801156676
-0.09579693231805025 0.03731813512939536 -0.9947011131736582 -57.41246555344896 -0.011810000903642792 0.9991840335784502 0.03862370930588401 0.6107551760142415 0.9953308352689105 0.01544745391168601 -0.09527803802839051 0.9350539544579589
-0.09639309061226577 0.03742255470571881 -0.9946395952713288 -58.174162497736724 -0.011646676585077563 0.9991821396364798 0.038722173957307045 0.6195333086569925 0.9952752016436147 0.015316795707810272 -0.09587840613249159 0.8580874314632521
-0.09644382582613986 0.03548317322867401 -0.9947057519073873 -58.936532952811035 -0.010720336858576257 0.9992693617320356 0.03668537966655825 0.6309367604107264 0.9952806955013522 0.014201659102540027 -0.09599296870645951 0.775285356460264
-0.09658121626254687 0.03184669610089653 -0.9948154887277861 -59.69593937054882 -0.010060273609485054 0.9994056972532629 0.032970338072454086 0.6439260361422174 0.9952742634872808 0.013192431359182124 -0.09620343130410544 0.692267149956965
-0.09622125249259803 0.028884018453097075 -0.994940794241927 -60.4273866050875 -0.010236941521007702 0.999497286607624 0.03000631753951583 0.6551132128142025 0.9953073272095662 0.013072396183864493 -0.09587719677254256 0.6094382812079271
-0.09475854321491535 0.026690146864432326 -0.9951424292774087 -61.14642594428399 -0.010956589741957472 0.9995520172877562 0.027851712284771193 0.6590491585781276 0.995439988964183 0.01354255501455566 -0.09442366003637129 0.5306865474765432
-0.09241240843906061 0.025998916166465803 -0.9953813355315949 -61.8732424339748 -0.013186383599939486 0.9995394409290485 0.027331763843385926 0.6621273459948634 0.9956334998653104 0.01565127424219707 -0.09202701538433161 0.45127457433266893
-0.08836391482046854 0.026923045294413965 -0.9957243434754804 -62.55956567048001 -0.01375224597266695 0.9995064054852199 0.02824572754793611 0.6647792485616446 0.9959933204034598 0.01618934915553944 -0.08795004653558633 0.3875190750263444
-0.08246091792900524 0.028523692003096488 -0.9961860248010002 -63.23738277362833 -0.012911697359467587 0.9994758573015161 0.029686676181179796 0.6679462927383362 0.9965106547777618 0.015310443034127234 -0.08204940736224349 0.32980763740284846
-0.07539795423744272 0.030082470774421357 -0.9966996505712816 -63.877825495270656 -0.011990171524209118 0.9994452180489564 0.03107236563063386 0.6708467854409321 0.9970814331255139 0.014293392570341002 -0.07499543082882845 0.2863147495662784
-0.06662061582572376 0.0316058262049986 -0.9972776771275397 -64.50424818338118 -0.013267325048730579 0.9993817602316046 0.03255879915507341 0.6734454750802323 0.9976901681549499 0.015400294356555561 -0.06616010354192947 0.2443058401937982
-0.05495620896437259 0.03318972432685539 -0.9979370006645568 -65.12505974322272 -0.015397281073932338 0.9993003919048427 0.03408299391702478 0.6800949890486264 0.9983700410327799 0.017238588629149145 -0.0544067296414745 0.2124835258265259
-0.040228231947106265 0.03477565977894856 -0.9985851705494874 -65.71370513899352 -0.01859010698921544 0.999195127810798 0.035545808209713925 0.6870151683892229 0.9990175660500369 0.019993750175770403 -0.039549370126079474 0.19328472425014537
-0.021689808115761076 0.03609929127601361 -0.9991128031374992 -66.31308065512533 -0.020171527736659776 0.9991286708208515 0.0365377696708044 0.6919291368938203 0.9995612345887928 0.02094612883368136 -0.0209427312978111 0.17738547767450544
0.000626174031351486 0.03722318721051289 -0.9993067808435877 -66.85653852642588 -0.02097882208974201 0.9990875384617601 0.037201875142756614 0.6916464401687465 0.9997797242041921 0.02094098432026227 0.0014065012937349902 0.17628594161832153
0.026159423174744244 0.03764125774295214 -0.9989488576972766 -67.34451711265102 -0.020734159466445294 0.9990962911736578 0.037103848779487365 0.6966822660984405 0.999442734332681 0.019741749632688224 0.026916242513690115 0.19520744530252682
0.05521268063231509 0.037192309513334396 -0.9977816855457202 -67.8314569427045 -0.019242832423578247 0.9991600483508292 0.036178877537540684 0.7015674055319244 0.9982891731846606 0.0172026129591597 0.05588199002957494 0.24040454088471375
0.08945351103438955 0.03736085693136951 -0.9952900259386578 -68.23155760985148 -0.018143349356630097 0.999191515856303 0.03587664302713881 0.7046763115836517 0.9958257318616268 0.014848602968873397 0.09005904036869045 0.291550968080903
0.1265105403628368 0.03758684684970993 -0.9912529001828945 -68.62918017879782 -0.017472149539816267 0.9992112794957577 0.035658700465650055 0.7106913384046425 0.9918113768088983 0.012808117439230157 0.1270674819145397 0.36819965475910826
0.16681426155579226 0.037355900500266895 -0.9852804366470542 -68.99540431651135 -0.017397144426089788 0.999237990153717 0.03493963937090182 0.7127207701178625 0.9858348449448391 0.01131263591587081 0.16733703344215775 0.45609733083086934
0.21192964130586092 0.038373690054963897 -0.9765312524684168 -69.35317437482985 -0.016678655469137153 0.9992252987867087 0.035645823266479505 0.7161860390648835 0.9771425942960996 0.008732821775852358 0.21240548071111706 0.5546170301083404
0.2598713723306797 0.03730239559793337 -0.964922484516567 -69.72094711090197 -0.013253500653869986 0.9992972584535141 0.03506185915919245 0.7124404385300597 0.9655522847383192 0.003677027323313614 0.260183137245051 0.6827218381026837
0.30930941376093135 0.03224340593751693 -0.9504146723048932 -70.03658798438524 -0.0056929975978982136 0.9994698971371205 0.03205486694801419 0.7161425162180858 0.9509444128534643 -0.004504163657432739 0.3093290095877339 0.8232539054969904
0.3600468069113754 0.027000335045432974 -0.9325434460336727 -70.35950523676524 -0.00045868272327014275 0.9995861150328518 0.028764357174822664 0.7154826727365586 0.9329341276012377 -0.009928773386255647 0.35991017353773574 0.9905734767277584
0.4121034563318218 0.02206160660299451 -0.9108699285811674 -70.68068869612266 0.004676081206188712 0.9996424397985327 0.02632730176415782 0.721866415881088 0.9111250603204368 -0.01510887380721829 0.41185294267293887 1.1703148223485975
0.46306604252934486 0.021419454730072132 -0.8860649226864121 -71.00024451862409 0.004418999128226803 0.9996397247228297 0.02647438767490327 0.7298861450473428 0.8863127623491133 -0.016174910049906586 0.4628045587307484 1.371349655670088
0.5109285673070764 0.02015275355821792 -0.8593869126496866 -71.33011006519817 0.005866501794083855 0.9996201334250291 0.026929036522270966 0.7361532352633188 0.8596031545232011 -0.018800408914152824 0.5106162564572573 1.6078075638462312
0.5554436691418742 0.015905354542038477 -0.8314020387917656 -71.62938385503534 0.01356434152121318 0.999510730441924 0.028183476906480584 0.7395150176104555 0.8314435272760914 -0.02693175501771261 0.5549561618023168 1.8601588934333293
0.5992761708448179 0.009471298775495622 -0.8004863306497357 -71.91338917478632 0.02386867392909437 0.9992740607565191 0.029692387981327006 0.7399759321450567 0.80018645168638 -0.036900487783661465 0.5986150654125655 2.128001856776497
0.6414998285989668 0.004782320200177819 -0.7671082709246455 -72.08001107768892 0.025117439924899218 0.9993134603068177 0.027234578410974247 0.7390045525119638 0.7667118651221692 -0.03673877329344531 0.6409392938631389 2.2966558121710707
0.6825559073419818 0.0013013432102603408 -0.7308322241516263 -72.22973950027642 0.021010689320331545 0.999550138104724 0.02140262481805016 0.7350864138395948 0.7305313027426327 -0.02996377680911816 0.6822215093299878 2.4582978097434753
0.7228696610087036 -0.005551931025675064 -0.6909621040658074 -72.38594336177314 0.01738599978201468 0.9997972767403239 0.010155414034017183 0.7379926043708439 0.6907656478175075 -0.0193541076908387 0.7228196443863101 2.6517045453047925
0.7621092517894312 -0.007832194135242804 -0.647401069717977 -72.53941184751847 0.012222961856870256 0.9999226706857444 0.0022916919785086996 0.7382451744954275 0.647333057660736 -0.009659678240330052 0.7621460510137783 2.8592126441321906
0.7991166968871574 -0.00871062940979416 -0.601112826091279 -72.78719340910365 0.010581822396993543 0.999943921649821 -0.0004225994856688138 0.7362364285072991 0.6010827977832313 -0.0060231628611553695 0.799164058074581 3.2470372441350137
0.8332885989681094 -0.009868724916098767 -0.5527501416537995 -73.02841887882421 0.01038477156043349 0.9999436622144269 -0.002197479653570518 0.7366377649877133 0.5527406872570555 -0.003909049209283799 0.833344137787552 3.6607129828247293
0.863894288792738 -0.008202735260385938 -0.5036063670422938 -73.26989509604442 0.007017723376054826 0.9999663476673407 -0.0042491283159854 0.7290613845816063 0.5036242739879664 0.0001366275102087167 0.863922781261739 4.135443723761844
0.8899618893770496 -0.0067247895076005945 -0.4559853206656008 -73.48759340265482 0.006140934350154961 0.9999773298348406 -0.0027620176826523173 0.7197384187098692 0.455993557390605 -0.00034208544349153977 0.8899830102849221 4.6209313873980165
0.9113766744906605 -0.00026054618420844576 -0.41157318827886613 -73.69906950740338 -0.0005413540843561427 0.9999981757053326 -0.001831808328359114 0.7148770871616115 0.41157291471876517 0.0018922742090946173 0.9113748708233177 5.124143276570209
0.9288965458243007 0.003762989124229525 -0.37032019532903426 -73.86306150212499 -0.005433288585834203 0.9999792280049133 -0.0034674102482313953 0.7110692355864863 0.37029945521270446 0.005232921892927289 0.928897696195678 5.568257909611466
0.9425512753884271 0.008617090226103097 -0.3339503541242097 -74.04826013322698 -0.009899899508786012 0.9999487057703883 -0.002139583564747462 0.7075909588043393 0.3339147874134437 0.005322742164510174 0.942588236274189 6.1099284404269545
0.9526037444834856 0.009326192317186392 -0.30407092615523956 -74.20450249882064 -0.009802478488984842 0.9999519537573669 -3.990347019469697e-05 0.6954923759133389 0.3040559445423076 0.003018660907891922 0.9526493952524243 6.655167439202993
0.96010909037922 0.00867058034987761 -0.27949124424135935 -74.36750398214477 -0.008649519865224432 0.9999617358430924 0.0013086847439712107 0.690310034243193 0.27949189680076153 0.0011609849500987385 0.9601473489713228 7.253670767638183
0.9660724419373539 0.008691151271761576 -0.25812497131964823 -74.52971101307362 -0.008143126473784944 0.9999617491635452 0.0031921311069150297 0.6888528034584925 0.2581428411179156 -0.000981885605939501 0.9661062620023888 7.849827182972914
0.970794850465086 0.011774907688358486 -0.23962201455501042 -74.68666204559638 -0.010658828081044208 0.999925472192543 0.005953103765877026 0.6804789702401086 0.23967425329895015 -0.0032251526226183113 0.9708480059701171 8.459735913634972
0.9743932479020073 0.01641375403478746 -0.22425072379250516 -74.82671339711514 -0.01514967793915314 0.9998581751224513 0.0073564189066173975 0.6804395899421325 0.22433966591157356 -0.00377071866826412 0.9745037177863457 9.059974557827843
0.9773108883329464 0.020047410452344094 -0.2108590260814602 -74.96932451591208 -0.018649525042297735 0.9997889562078865 0.008616162743928023 0.6778038992911947 0.21098725734404658 -0.004488248977984759 0.9774785076202701 9.688079672956704
0.9800796075361861 0.018183479491061583 -0.19777088755758102 -75.10080504675929 -0.01688590463340692 0.9998234226344437 0.008245591321816797 0.6797820958505555 0.19788589923596447 -0.0047417955600243455 0.9802135921616484 10.332710615456328
0.9827281579099141 0.01816079552040131 -0.18416175812869715 -75.21880216823703 -0.017003481923813367 0.9998245229351894 0.007861611786159567 0.6767509781840566 0.18427221508803965 -0.004594436143412387 0.9828645084156173 10.988648187747708
0.9853599690748353 0.018593614003460806 -0.16946978746410654 -75.33880976590879 -0.01744218493122337 0.9998135832790879 0.008280632550962312 0.6796040212167586 0.16959216234739088 -0.0052034804611281685 0.9855005947544775 11.670942195519917
0.987682803681593 0.01998913036588629 -0.15518735122065636 -75.45339083417177 -0.01884549610034195 0.9997833517952621 0.008837236544948418 0.6768317130664808 0.1553303788329875 -0.00580380394525668 0.9878455290536914 12.370641111637251
0.9895500136123863 0.0201717282867855 -0.14277209789608852 -75.55254303495619 -0.0195009272213325 0.9997912529862657 0.006096252098591616 0.6678595285766512 0.14286526658790855 -0.0032483580568332016 0.9897368154073598 13.079732756693515
0.9910543553399578 0.020523636016616605 -0.13187132033295845 -75.65404738783188 -0.020608494698206727 0.9997873621484268 0.0007214115006090593 0.6638928402608489 0.13185808548577516 0.0020027113962604727 0.9912665809150892 13.800877072662827
0.992325601384449 0.018864360209338005 -0.12220489659127316 -75.74366804331486 -0.019661511286477994 0.9997925378340256 -0.0053203632694656475 0.6555617470464741 0.12207917844957362 0.007682265634552621 0.9924906331970085 14.524931485832605
0.9932400583667289 0.01873701504701472 -0.1145561465953883 -75.82331558373016 -0.019497106256364305 0.9997946853140186 -0.0055181577958600845 0.6498980177195353 0.11442923273046955 0.007714368733730876 0.9934014491693465 15.266660008687412
0.9939442547274674 0.02085203076525833 -0.1078888840762711 -75.90857003639772 -0.020911424422486773 0.9997811634715386 0.0005809441526169485 0.6399370013575075 0.10787738791276325 0.0016786841425802078 0.9941627890826884 16.013406701972162
0.9943895400403661 0.02548189475104586 -0.10266506561730311 -75.99960401323807 -0.0247288139857213 0.9996571902319276 0.008601614758648091 0.6296691941113838 0.1028490564719383 -0.006014570432970416 0.9946787906280803 16.78270529981356
0.9948123181822616 0.02631173489703293 -0.0982656816978435 -76.08332178052089 -0.025237412340518798 0.9996075255959699 0.012160090059124676 0.6239215507595538 0.09854706799894188 -0.009617035853088329 0.995085919913559 17.542049567622037
0.9951914218950005 0.025072528768197072 -0.09468580721403673 -76.15809249740268 -0.02412168689222624 0.9996465861036722 0.011173500469211601 0.6186599793059626 0.09493249184593766 -0.008835790424740537 0.9954444991055466 18.29560852519391
0.995479222019899 0.025207346662452636 -0.09157351255081526 -76.2289784461748 -0.024342668544122783 0.9996480324839332 0.010547304828274796 0.6082147306933398 0.09180715121822573 -0.008270479141408198 0.9957424597555167 19.039752465762668
0.9957872879935491 0.024162915910240074 -0.08845241978129381 -76.29799280304528 -0.0231107439382282 0.999649676045261 0.012900337096940885 0.6017385489884585 0.08873314254027653 -0.010801790467679317 0.99599686281515 19.79314156780223
