0.9999794999989183 0.0005025122880768155 -0.006380358170464089 -0.004596714015580808 -0.0005005160142490648 0.9999998000001049 0.00031448744383338027 -0.0020015240325570774 0.006380514829718003 -0.00031128745633588893 0.9999796000009755 0.09154274000149638
0.9999095999977273 0.0010615159880575753 -0.013405990170451023 -0.01001116003160933 -0.0010587620167511337 0.9999994000000582 0.00021260184394228035 -0.004359704066049073 0.013406209829928793 -0.00019838875643103635 0.9999101000022095 0.18573730000325944
0.9997799999964493 0.001386755987950022 -0.020929250170421618 -0.017533710048238803 -0.0013955060194294601 0.9999988999998295 -0.0004034728559215918 -0.006859665100775287 0.02092866983007085 0.0004325909435137001 0.9997809000037113 0.28346720000543235
0.9995453999948979 0.002025308987708252 -0.03008212017036494 -0.028631920065941834 -0.0020800740226862412 0.9999961999993163 -0.0017893313557282202 -0.0067266601376364 0.030078389830354723 0.001851090643405812 0.9995458000057654 0.3873100000072768
0.9991402999929736 0.0022307069874048222 -0.04139680017027426 -0.04273697008533876 -0.002379114026710634 0.9999908999986797 -0.0035360423554469 -0.007303015178019305 0.041388539830530306 0.0036314896433726866 0.9991365000083162 0.5011396000098864
0.9984891999906713 0.0021456309872415324 -0.05490591017015151 -0.06000009010694382 -0.002394373031514738 0.9999870999983396 -0.004464951355051803 -0.008065471222983777 0.05489561983064672 0.004589670643388543 0.9984816000109499 0.6279359000131008
0.9974752999879332 0.002223073987237128 -0.07097932016997895 -0.0827569301306278 -0.002545053037228567 0.9999868999983293 -0.004446103354498172 -0.008995000272231346 0.07096850983087323 0.004615523643375412 0.9974679000136831 0.7669396000173112
0.9959797999847491 0.0009912398872429565 -0.08957233016972335 -0.10904970015656325 -0.001397593043836342 0.9999889999983564 -0.004473982353741977 -0.010339820326152323 0.08956690983071938 0.004581181643584646 0.9959703000168625 0.9191805000222721
0.9939835999813311 -0.0003564687127464916 -0.10952860016938225 -0.14153350018428398 -0.00014066435092397085 0.9999896999983947 -0.0045310843527915454 -0.011950880383736791 0.10952909983061186 0.004519230643814132 0.9939733000202845 1.0819130000283832
0.991297999977563 -0.0004511767127813148 -0.13163660016892179 -0.1816057002131226 -0.00017455105876782478 0.9999886999983231 -0.004741873351569673 -0.016045150443628836 0.1316371998310817 0.0047235856438306335 0.9912867000241284 1.2513780000366728
0.9877898999734984 0.00292787198692007 -0.15576410016830905 -0.23256430024274932 -0.0039008670673134392 0.9999746999976582 -0.005941284350030172 -0.022653640505100502 0.15574279983300718 0.006476355643259615 0.9877764000286685 1.4256430000477134
0.9834264999692356 0.0072819069864733495 -0.18116110016754688 -0.29345900027307475 -0.00880976207629227 0.9999320999966714 -0.007630442348175398 -0.03116429056796083 0.1810931998354998 0.009099963642532585 0.9834238000335993 1.6041400000611254
0.9780771999647223 0.01080195998619889 -0.2079623001666325 -0.36165120030442743 -0.012793410085760074 0.9998841999960544 -0.008233354345958597 -0.039333570632872315 0.2078492998378308 0.010713399641949605 0.9781022000383826 1.78864000007566
0.9713482999597255 0.011583859986049038 -0.23737820016548325 -0.4366243003368707 -0.014004440096152678 0.9998656999957314 -0.008513365343211522 -0.04313507069987252 0.23724769983940927 0.011593789641822911 0.9713800000434969 1.979231000089794
0.9632836999545087 0.013445709986001886 -0.2681487001641218 -0.5224919003698736 -0.01613640010701172 0.9998390999956099 -0.007832912339980784 -0.04573638076788154 0.26800029984154344 0.01187226964151501 0.9633457000484998 2.1730200001053577
0.9538089999491115 0.015771979985998368 -0.299999500162529 -0.6200940004031977 -0.01861376011823998 0.9998047999955739 -0.006616866336240142 -0.04902232083643831 0.29983669984404104 0.011895339641130683 0.953916400053496 2.3687410001231655
0.9425174999433963 0.017741189985975896 -0.3336855001606261 -0.7248452004367415 -0.0207381701301018 0.9997701999955025 -0.005421185331829787 -0.051407430905346566 0.3335125998467226 0.01202958964080733 0.9426689000588122 2.5656890001418713
0.9299712999377493 0.02036642998574781 -0.3670676001585027 -0.8394934004695412 -0.023853020141830675 0.9997030999949925 -0.004964301326981178 -0.0539778909725859 0.36685749984997096 0.013372329640383726 0.93018100006434 2.7582850001623305
0.9160370999321172 0.023498469985500717 -0.4004045001561508 -0.9687591005023282 -0.02746958015352486 0.9996138999944364 -0.004180152321647151 -0.051010011039484514 0.4001516998536346 0.014828119639881603 0.9163290000697434 2.950416000183309
0.899965399926188 0.02432814998538228 -0.4352819001534258 -1.1036330005350516 -0.028660130165753576 0.9995833999941781 -0.0033888383155147674 -0.04676236110615137 0.4350181998567984 0.015525069639751041 0.9002878000754069 3.142085000204787
0.8815779999199557 0.020507119985369443 -0.47159270015026716 -1.2427640005676595 -0.025437550178477465 0.999668099994199 -0.0040816333084961465 -0.04292676117253604 0.4713524998587847 0.015594439640372215 0.8818071000818432 3.3331050002271376
0.8604448999134595 0.01550967998558593 -0.5093075001466436 -1.3924750006000408 -0.020638870191680984 0.9997771999947143 -0.004422429300479917 -0.04238966123840321 0.5091253998606776 0.014316789641185235 0.8605733000883937 3.5230280002524657
0.835745299906717 0.016847569985847344 -0.5488588001424758 -1.5644460006312462 -0.02109935020548784 0.9997762999952445 -0.0014391272912213215 -0.044919851301622585 0.548711799865052 0.012783309640957499 0.8359139000940731 3.7062670002826814
0.8069522998997489 0.02370091998576692 -0.5901408001376536 -1.7615680006609327 -0.02696201021985227 0.9996310999949909 0.003279094719469038 -0.04899414136140469 0.590000899872049 0.01326530963984098 0.8072937000994292 3.8807030003177347
0.7747742998927115 0.026852789985489765 -0.6316674001322118 -1.969361000689677 -0.03022770023425627 0.9995282999943712 0.00541501173139242 -0.0514114414190494 0.6315148998786976 0.014898439639340325 0.775220600105747 4.049498000354017
0.7390814998856612 0.027036229985297727 -0.6730732001261421 -2.187835000718014 -0.030781630248576677 0.999505899993967 0.006348110744596465 -0.05358748147570795 0.6729123998849792 0.016026519639317026 0.7395486001124727 4.215884000392034
0.6998653998786168 0.02300742998589013 -0.7139041001194505 -2.415527000746401 -0.0250627002626857 0.9996565999952571 0.007646712759102816 -0.05318918153229924 0.7138349998896266 0.012540689639950104 0.7002017001189702 4.3823910004307045
0.6574737998718454 0.019588319986395784 -0.753222700112217 -2.663146000773403 -0.02008945027620522 0.9997622999963575 0.008464135774711 -0.05287039158575769 0.7532095998950811 0.00956688664049528 0.6577111001253813 4.540774000472801
0.6131628998655835 0.01930945998680353 -0.7897204001046871 -2.9291150007984457 -0.017508630288696495 0.9997877999972138 0.010851589790944315 -0.0528378916349077 0.7897623999017149 0.007173129640533734 0.6133709001307524 4.687680000518128
0.565477199859618 0.02029054998719397 -0.824514300096593 -3.215512000821774 -0.01550389030054279 0.9997821999980178 0.013970699808354976 -0.0513893016801964 0.8246181999091295 0.004883067640368491 0.5656686001355721 4.824434000566431
0.5147144998540354 0.02089947998741757 -0.8571069000879619 -3.5178390008429004 -0.013822360311560039 0.9997751999984775 0.016077599826836063 -0.04877551172065947 0.8572502999171837 0.003571868640267186 0.5148876001403774 4.948178000617035
0.46223149984901324 0.02267229998752077 -0.8864694000790477 -3.8369550008615416 -0.013115770321409526 0.999738499998671 0.018730319845883588 -0.04505658175570208 0.8866622999258785 0.0029689926399780577 0.4624080001444377 5.0572710006701085
0.4081171998445362 0.024827799987673912 -0.9125918000698594 -4.177130000878013 -0.012029690330090924 0.9996895999989641 0.021817619865476274 -0.03878842178589828 0.912850299934716 0.0020740546396280455 0.4082892001477909 5.153468000725863
0.352822099840652 0.026851539987614418 -0.9353051000604653 -4.5343350008917715 -0.011748590337539232 0.9996364999988143 0.02426654988544178 -0.03325067181023642 0.9356166999440416 0.002426747639301988 0.35300930015079024 5.23379400078478
0.2977516998373873 0.02999077998795962 -0.9541721000511217 -4.911075000903521 -0.009323251343641752 0.9995500999994958 0.028507729905301406 -0.029454351830183564 0.9545978999525649 0.0004077652387976423 0.29789730015249544 5.302451000847648
0.24394229983475127 0.0322657799884931 -0.9692528000419729 -5.29932900091352 -0.005239211348404377 0.9994756000005817 0.03195327992468886 -0.026977481846371554 0.9697755999602825 -0.0027166323615636203 0.24398340015383874 5.3609430009129495
0.19281189983276179 0.03260780998873953 -0.9806938000332545 -5.701357000920513 -0.002205280351873835 0.999459500001092 0.03279819994306725 -0.023030831856074283 0.9812332999679175 -0.004161174361616186 0.19277960015548803 5.401694000980074
0.14510079983138952 0.03362422998818369 -0.9888454000251431 -6.122091000923939 -0.003991990354214995 0.9994340999999175 0.0333985199601319 -0.016042661858016546 0.989408899976687 -0.000898687261780402 0.14515290015666377 5.421290001049304
0.10206089983050327 0.03392392998757157 -0.9941995000178238 -6.558994000925151 -0.006144850355605585 0.9994207999986342 0.033471289975494374 -0.005757047855058425 0.9947591999847907 0.002693099638173246 0.10221020015755056 5.427674001120115
0.06378190982997647 0.03251617998712378 -0.997434000011292 -7.009091000924669 -0.007384401356279094 0.9994569999977161 0.03210993998914999 0.006191582151634836 0.9979365999917573 0.005317421638400318 0.06398739015858691 5.424017001192584
0.029047259829689972 0.029911739987065752 -0.9991304000053383 -7.473426000922519 -0.006521623356440302 0.999536499997628 0.02973431000155305 0.016251128161941162 0.9995567999973712 0.005652254638815958 0.02922887015972244 5.4106970012681534
-0.0027219941703917694 0.027260049987041228 -0.999624699999889 -7.95041100091895 -0.005718749356210592 0.9996115999976103 0.027275270012885558 0.023064238175282754 0.9999800000025008 0.005790848639241221 -0.002565040839317249 5.389282001347035
-0.029648940170309546 0.02550782998682039 -0.9992347999952826 -8.444612000912965 -0.0063263763557315006 0.9996494999971708 0.025706140022468342 0.03066421819389744 0.9995404000073073 0.007083697639526408 -0.029477169838824695 5.353644001428571
-0.050917640170156896 0.023129999986662517 -0.9984349999916308 -8.953007000905771 -0.0068200213551701215 0.9997003999968708 0.023507130030035305 0.04057476821527457 0.9986796000111086 0.008006277639913607 -0.050744639838177626 5.310729001511704
-0.06733280016999567 0.02173971998667086 -0.997493699988815 -9.480377000897926 -0.006474859354627968 0.9997319999969057 0.022225580035876994 0.05248991823828436 0.9977096000137836 0.007955143640139342 -0.06717398983788152 5.263869001597356
