0.9999983543036044 0.00039157562970519133 0.0017714566348965878 -0.01830185371341325 -0.0003900393415084769 0.9999995476494147 -0.0008675080852371085 -0.02201022964848824 -0.0017717955286018529 0.0008668157198028319 0.9999980546836643 0.999590202003538
0.99999409088532 0.0009475459794251763 0.003304595445695267 -0.02779554865722833 -0.0009461190580716298 0.9999994585393239 -0.00043333565154649294 -0.04117065256766623 -0.0033050042618411055 0.0004302065501860865 0.999994445919153 1.9993615398352806
0.999988899846653 0.0005513980752925198 0.004679331538088662 -0.04033747977918212 -0.0005508572973269073 0.999999841450515 -0.00011685539647473988 -0.060571972302685635 -0.004679395230023723 0.00011427645543760388 0.9999890450405812 2.999094638595281
0.9999838459228622 0.0002882793061730059 0.005676688150957138 -0.05247885183904269 -0.00028838086452970116 0.9999999582725131 1.7071901195781424e-05 -0.0844046934895648 -0.005676682992607339 -1.8708673651562455e-05 0.9999838873302846 3.9987368588347696
0.9999789903275361 0.000275512771154715 0.006476341269136653 -0.056208899444183905 -0.0002765610759003015 0.9999999488010227 0.00016097181272676248 -0.10368884616033856 -0.006476296587764364 -0.0001627595346709408 0.9999790153257426 4.998543934325154
0.9999742440573693 0.0006343686824620322 0.007149041772654874 -0.0527281758445237 -0.0006292244127648171 0.9999995415399102 -0.0007218009486331436 -0.1262051508349083 -0.00714949638302131 0.000717284006358109 0.999974184769349 5.9982843409243
0.9999677722766017 0.0004164521784259515 0.008017541752496502 -0.057409310695826284 -0.0004079911702182153 0.9999993582328595 -0.0010569186705599177 -0.15120170913925593 -0.008017976763184427 0.0010536135222355071 0.9999673004389552 6.99796090814464
0.9999634457939093 0.00039651936857879576 0.008541068338281535 -0.06568564591846851 -0.0004002017073595438 0.9999998277148717 0.00042942848513157546 -0.17071655245375505 -0.008540896590070722 -0.0004328309378458018 0.9999634322028069 7.997736209482743
0.9999719628820931 -0.00023424142474676017 0.007484556144909026 -0.07153254068762324 0.0002252451959865087 0.9999992512770259 0.001202792580991742 -0.18998462366440377 -0.007484832284897754 -0.0012010729978385226 0.9999712669418664 8.99753345655506
