0.9999907591659424 -0.0027957683412155377 -0.0032657712878191446 -0.0035701709400638004 0.0027881619851436936 0.9999933954578994 -0.0023313501079318196 -0.004274646314893852 0.003272267633719249 0.0023222230649554425 0.9999919497398816 0.9999844805187409
0.9999725475039448 -0.0014184943915831168 -0.007272696345359532 -0.019062316360882247 0.0013885734781180674 0.9999905588064986 -0.004117543146437371 -0.005261010162641499 0.007278468394286411 0.004107331436340762 0.9999650762533187 1.9998639735160717
0.9999424303265559 -0.001340039227139059 -0.010646141436720217 -0.050829166354570604 0.0012807704532697987 0.9999836559280006 -0.005572028707392831 -0.011587583847080278 0.010653434172460742 0.005558072664126191 0.9999278034781277 2.999339246700397
0.9998799111130625 3.0196552352781915e-05 -0.015497175249139936 -0.07171474231383848 -0.00012475401517705615 0.99998138300049 -0.006100662985524444 -0.0249607079364764 0.015496702519246718 0.006101863698533127 0.9998613001163883 3.999031665531779
0.9998019984099431 -0.001049343236680444 -0.01987115633917207 -0.09472271618262719 0.000924277359597368 0.9999797151835274 -0.006301978485673512 -0.03837130183381544 0.019877366194914307 0.0062823642239994764 0.9997826874940925 4.998676987188302
0.9997019990071468 0.0010162046363017376 -0.02439017239077398 -0.12717995802646417 -0.0011990470295746786 0.9999712822888253 -0.007483106564997954 -0.053354570574731044 0.024381867593262493 0.007510121555567911 0.9996745083310292 5.998037787455017
0.9995641528598443 0.0035358994062716343 -0.029308731343577667 -0.16379402553392955 -0.003767405848129763 0.9999621114815053 -0.007847436181634788 -0.06973126282697889 0.029279873134232727 0.007954433784882536 0.9995396020230538 6.997233060668133
0.9994318251466839 0.004218358038965865 -0.033439981151651935 -0.21230862590888358 -0.004425817687924468 0.9999714028062413 -0.006132349265243349 -0.08583141810999789 0.0334131564172109 0.006276864278663937 0.9994219138847547 7.995925755419788
0.9992764992994618 0.0035567969496480664 -0.037865910041504774 -0.2522018853395361 -0.0036936972997161826 0.9999868909626689 -0.0035460545784044666 -0.09503050616185373 0.037852801059768744 0.0036833542151044523 0.9992765374778171 8.995087346270344
