0.9999968058149163 -0.002123235405866558 -0.0013712152914757652 -0.001669962830299986 0.0021276278914151795 0.999992584914634 0.0032098777708605385 -0.018828317956569685 0.0013643897976657366 -0.00321278495381613 0.9999939082081054 0.9998213268714927
0.9999923322193146 -0.002548063416423157 -0.002973697261198349 -0.0028844450264006744 0.0025602298146662253 0.9999883391475588 0.004094727366054857 -0.03259406022150213 0.0029632289603517153 -0.004102309316971379 0.9999871950842154 1.9997258269978255
0.9999889143893131 -0.00123798869275742 -0.004542959660744133 -0.005035062800014449 0.001255291164036637 0.9999919625667891 0.0038077612731934798 -0.04109453027718683 0.00453820918160835 -0.003813421798955147 0.9999824310814702 2.999687374684548
0.9999812919993762 -0.001054060533212205 -0.006025330501331766 -0.011381688311768817 0.0010757388410270901 0.9999929566442975 0.0035957541268341257 -0.050199417395230414 0.006021497920273537 -0.003602168539513939 0.999975382669298 3.9996257734747847
0.9999715097963414 -0.0011909947612363339 -0.00745393366644654 -0.024995778524708676 0.0012202546154377082 0.9999915639864438 0.003922108440411003 -0.06201667560386057 0.007449199574355505 -0.003931092395702356 0.999964527339984 4.999463254746669
0.9999569427272047 -0.001242051292695749 -0.009196194878744315 -0.035881772521897115 0.0012821557868748787 0.9999896889733986 0.004356377327839174 -0.07605432651752976 0.009190689212442727 -0.004367980708593127 0.9999482246478212 5.999305452041582
0.9999338692055534 -0.0034140250956546736 -0.010981878175302402 -0.04761711307198435 0.0034525385661695997 0.9999879500137315 0.0034899577049921065 -0.08524016928970311 0.010969831040633522 -0.0035276422692456584 0.9999336070694693 6.99919438691122
0.9999113621177312 -0.004486135552759007 -0.01253564899257971 -0.057237145340540904 0.004535521511165493 0.9999820546900444 0.003913993165222007 -0.10094993302037325 0.012517865332581223 -0.003970501942818855 0.9999137653627123 7.999024691664321
0.999897370380287 -0.004211521521708072 -0.013693494552479845 -0.07948105044303448 0.004266380297241856 0.9999829808383083 0.00397945133029458 -0.11682062820147633 0.01367650195575972 -0.0040374645760769485 0.9998983209177076 8.998651276805122
0.9998844509010185 -0.0034114555344499434 -0.014813737459003478 -0.09701249604896799 0.0034719097633329954 0.9999857425491956 0.004057159219053002 -0.13193923454758422 0.014799685434598328 -0.0041081223776761955 0.9998820393634275 9.99838326896958
0.9998819518313317 -0.0017018958402725036 -0.015270427384794543 -0.12394953226530726 0.0017709046588908722 0.9999882765644736 0.004506731665164243 -0.1408093694625392 0.015262578375049358 -0.004533242124743496 0.9998732436750087 10.997981036467321
0.9998745704642129 0.00016548415976858468 -0.015837170012284792 -0.14839709458427086 -8.260687083713378e-05 0.9999863012195358 0.005233598128980745 -0.14614827366918315 0.015837819139958034 -0.0052316334221393975 0.9998608870721097 11.997667883834302
0.9998619675598601 0.0007543025805163397 -0.016597495441859133 -0.1715441139093703 -0.0006539402573454633 0.9999814760947027 0.006051432028663924 -0.15444678136751785 0.01660175260221995 -0.006039742964294181 0.9998439394802872 12.997365503250466
0.9998594282585243 0.0005930917264778165 -0.016756251512240576 -0.2050105755831481 -0.0004946786656858297 0.9999826094058518 0.005876749005941585 -0.1606093236719474 0.016759445562284748 -0.0058676339409596484 0.9998423334988271 13.99678633504025
0.9998474820680423 0.001396312530685421 -0.01740870223517113 -0.2189380456009838 -0.0012927088040038887 0.9999813969574634 0.005961094106454831 -0.1674333184495415 0.017416701930740044 -0.005937680550063848 0.9998306868883056 14.99666604714275
0.99984123933956 0.0020465312738478683 -0.01770050354307049 -0.2316954410935752 -0.0019339220616494705 0.9999777985726395 0.0063767003438015115 -0.17430085842275658 0.017713160683304047 -0.006341456580339287 0.999822999268894 15.996561074510604
0.9998436594901324 0.0030659334821805505 -0.017414265108363233 -0.2579308586885986 -0.002933443614381765 0.9999665992953944 0.007628577990808459 -0.1848352467847369 0.017437072172321575 -0.007576301570254554 0.9998192577504064 16.996161349383243
0.9998433011670352 0.0031354305942567166 -0.017422462122065142 -0.2876688964296133 -0.003026030134873253 0.9999755630704297 0.006302095175161401 -0.19207094715434334 0.01744179615260514 -0.00624838674879719 0.9998283559741681 17.99569287652557
0.9998424198560809 0.0034350911679562157 -0.017416532519541245 -0.3148810764475481 -0.0033606158839118807 0.9999850925692543 0.0043035915393884756 -0.20131982248344144 0.017431056113075955 -0.004244383102986578 0.9998390587963932 18.995279758974426
0.9998514870993261 0.0013841595883432554 -0.01717812118656725 -0.3301164117450083 -0.0013120685894956576 0.9999902887719534 0.004207236361145185 -0.21706457185816677 0.01718377785246433 -0.004184072659034025 0.999843593425842 19.995039713876352
0.9998607207885556 0.0005227399375723091 -0.01668129992386018 -0.3615834480975118 -0.0004097209750433534 0.9999769459180684 0.006777887656973763 -0.22169538421703175 0.016684458424375347 -0.00677010895965597 0.9998378840950963 20.994533766485016
0.9998640195858732 -0.0007980970442751298 -0.01647135023885156 -0.38171908649484465 0.0009267381311413617 0.9999691201743337 0.00780383586454981 -0.22500529221270266 0.016464613388089862 -0.00781803932405503 0.9998338835862224 21.994325535092557
0.9998712415857607 -0.0011905258689455735 -0.016002590349902854 -0.40755352767414355 0.001303464602436107 0.9999743062981233 0.0070489519514114855 -0.22605674313745427 0.015993787224469695 -0.0070689031496046825 0.9998471030004936 22.993991207254957
0.9998793619203917 -0.0011498643991443918 -0.01548997797075214 -0.4310571470216969 0.0012314972850988343 0.9999853997091852 0.005261538073127826 -0.2356239027666735 0.015483701757253632 -0.005279979197096264 0.9998661794458148 23.99366917006808
0.9998895188842725 -0.000497193023618548 -0.014856070290480946 -0.45396701153903457 0.0005633213022251495 0.9999899515554088 0.00444741018107531 -0.2435117399539305 0.014853709788766193 -0.004455287567098531 0.9998797516292672 24.9933755770358
0.9999022778001367 0.00011027250285208941 -0.01397936658338612 -0.47675483005000424 -6.102074615817296e-05 0.9999937904070978 0.0035235527116835403 -0.2572417604325437 0.013979668328186623 -0.003522355350981627 0.999896075542961 25.993021605320394
0.9999196785061634 0.0006955779124693935 -0.012655145494942652 -0.4959867031995879 -0.0006383586100157293 0.9999895588182266 0.004524903624618532 -0.2693690521948686 0.012658160783285063 -0.00451646165651238 0.9999096821911914 26.992763093831137
0.9999387889076606 0.0011816503520061055 -0.011001006332416432 -0.5160552044887259 -0.001108846078568252 0.9999774614299894 0.006621713706173857 -0.2826218632557412 0.01100858293579636 -0.006609109961112886 0.9999175619856205 27.99247385112796
0.9999543982751822 0.0005877249888362473 -0.009531838723703364 -0.5214826672341798 -0.0005157288683022441 0.9999713357118789 0.007553924697367739 -0.29025654577136173 0.009536005130639845 -0.007548664380974738 0.9999260384009468 28.992429967300584
0.9999717924578775 0.0012446647045758455 -0.007407097835983708 -0.5212631209174864 -0.0011850240563795423 0.9999668898373584 0.008050773067504685 -0.29811670096062975 0.0074168730988508754 -0.008041768385860812 0.9999401581868104 29.992399041702296
0.9999913822806759 0.0008719911362610936 -0.00405894023614535 -0.528787351571229 -0.0008416170008068425 0.9999716779442458 0.007478969861676848 -0.3113148244410027 0.00406534687404097 -0.007475489336905895 0.999963794351559 30.992283622786367
0.9999997958859334 0.00020549439177523202 -0.000604979458782135 -0.528494303138753 -0.00020209743800711673 0.9999842450482128 0.005609706942375195 -0.3179752596961862 0.0006061226906756268 -0.005609583532556558 0.9999840824672533 31.99226138890161
0.9999962138721529 0.00020643140874103343 0.0027440166603406595 -0.5326472656809224 -0.0002172901891315489 0.9999921452663654 0.003957548552222466 -0.3331881498506563 -0.0027431781444983653 -0.003958129816336928 0.9999884040237788 32.99213703160688
