0.9999959023010769 -0.0023445190348547374 -0.0016427451263806517 -0.0023464199898056647 0.0023494978344900104 0.9999926329733659 0.0030354338933312346 -0.016115498661190514 0.001635616391691623 -0.003039281081154074 0.999994043747026 0.9998673703792594
0.999993905242324 -0.002749568660566502 -0.002151592523385959 -0.013312232525439734 0.0027599232127947654 0.9999845537432491 0.004824427300140225 -0.028331158112013418 0.002138294195225816 -0.004830336126574655 0.9999860476780859 1.9997326056081453
0.9999923580539094 -0.001301026628016779 -0.0036866195213145544 -0.018541044561832847 0.001319403115319311 0.9999866963878707 0.0049866043247561494 -0.035858027680155856 0.0036800827709485293 -0.004991430354676102 0.9999807711220318 2.9996905942717347
0.9999758198074333 -0.0008496536651044543 -0.0069020206534635775 -0.026667638262797663 0.0008883642483216757 0.9999838834779928 0.005607458714458469 -0.04684825367006789 0.006897145019047209 -0.005613454633416603 0.9999604584770664 3.9995971630220364
0.9999395169171623 -0.0009669642113256745 -0.01095570571374836 -0.04646723370236083 0.0010251706769481247 0.9999853842084976 0.005308520930222187 -0.0603157256609484 0.010950412437683337 -0.005319431322753968 0.9999258933130232 4.9993104029388435
0.9999182167762848 -0.0012608254602769595 -0.012726746563583627 -0.059938281948326 0.001336732809261319 0.9999813595894222 0.005957652145537291 -0.0708792995121877 0.012718997772293844 -0.005974177169225687 0.9999012632769394 5.999163849751063
0.9999072255009758 -0.0032416333555701565 -0.013229973700993452 -0.07771556527997449 0.003291857336419445 0.9999874518499715 0.0037762174033658075 -0.0772191116041414 0.013217566577006045 -0.0038194182526762035 0.9999053495096392 6.998985708040078
0.9998789403342281 -0.004438793973860254 -0.014913141324306153 -0.0871934100021002 0.004462132168793295 0.9999888710653005 0.0015320320015438254 -0.09246968545005774 0.014906174982514085 -0.0015983909419026673 0.9998876192321754 7.998824470266818
0.9998734335548048 -0.004255289029918516 -0.015330015870738152 -0.11198022110238855 0.004259601498357266 0.9999908969382566 0.0002486678428851646 -0.11029117299718731 0.015328818167113343 -0.00031393612845304693 0.9998824574807316 8.998358352588294
0.9998476551094496 -0.0033368364128090336 -0.017132778376242268 -0.1253696547052079 0.0033367611737190866 0.9999944324531715 -3.297769925735106e-05 -0.12713042971795538 0.017132793029884172 -2.4195314410404526e-05 0.9998532226369938 9.998126893718492
0.9998707553300878 -0.001543408169434409 -0.016002828714398627 -0.15597625181960248 0.0015717056591487383 0.999997223354093 0.001755854613873809 -0.13687414298340697 0.016000074279854493 -0.0017807794154766163 0.9998704048264018 10.997610888719684
0.9998699381580299 4.013694918339949e-05 -0.016127775943465084 -0.17996791304312787 -1.2565482577703681e-05 0.9999985384482739 0.001709661786594316 -0.14834639254916884 0.01612782099249467 -0.0017092367715455467 0.9998684773007362 11.997257206681526
0.9998443333635992 0.0006633040890206798 -0.017631479472387895 -0.19729802198967408 -0.0006374375308779306 0.9999987124923992 0.0014726462365627952 -0.15934320750696113 0.017632433583994564 -0.0014611780279359477 0.9998434688713413 12.997046539850498
0.9998535423136766 0.00048427774340861296 -0.01710729078083246 -0.23063660238191727 -0.0004551816090008217 0.9999984434776416 0.0017046559760720218 -0.17222161198933394 0.017108089679901368 -0.0016966193919585543 0.9998522064536055 13.996407658643461
0.9998552550067528 0.0012709394996897661 -0.016966253215407314 -0.24696487541700396 -0.001250802855921612 0.9999985008337781 0.0011974232384470544 -0.18459778296695045 0.016967749632665317 -0.0011760284794523923 0.9998553457522837 14.996197732221255
0.9998674409250365 0.001890645992442287 -0.016171766624259964 -0.26243492591669293 -0.0018599170780640405 0.9999964367598531 0.0019149872218314806 -0.19481511795832102 0.01617532956328856 -0.0018846552279698768 0.9998673946019997 15.996025845916707
0.9998389059195985 0.002905798747047437 -0.01771210160149635 -0.2874995744689862 -0.002869690227127361 0.9999937529681161 0.0020637109154635264 -0.20907684325580764 0.017717987682025486 -0.002012550218983676 0.9998409986363411 16.99560992271241
0.9998378091312792 0.003018246975437954 -0.017755157469279036 -0.3114243366953832 -0.0030215748636708067 0.9999954221346091 -0.00016060874222823332 -0.22078152539598747 0.017754591431707843 0.00021423123046650618 0.9998423518675698 17.99525514953085
0.9998287426996114 0.0034036223620549774 -0.018190674163724573 -0.3412700303091799 -0.003445759724979493 0.9999914513820537 -0.0022855858617037324 -0.2336207337364385 0.018182739387451834 0.0023478751308428445 0.9998319236105327 18.994727191478574
0.9998121547285539 0.0014365120742080564 -0.019328520122011965 -0.3535911437350336 -0.0014635394476670382 0.9999979709597026 -0.0013842430287559302 -0.2543273423539842 0.0193264924218415 0.001412271056912082 0.99981222846149 19.994436842589355
0.999798640522682 0.0004490046630497716 -0.020061824538401662 -0.38421995035952466 -0.00042143477599714744 0.9999989611296078 0.001378452913305068 -0.2662266176121286 0.020062422628552203 -0.001369720598216459 0.9997977910876561 20.993896825172712
0.9997974177995644 -0.0013432015221241844 -0.020082807846370593 -0.40372640987351854 0.001408373228119885 0.9999937873862438 0.0032313578826617347 -0.2796269242414493 0.020078342714816 -0.003258987355987733 0.9997930981734372 21.993616737447876
0.9997823625926382 -0.002742116942815409 -0.020681108368619864 -0.43081090391937565 0.002803820594448418 0.9999917027462631 0.0029551698264338438 -0.2944893701043947 0.020672833350966414 -0.003012512788494389 0.9997817555486511 22.993139372453413
0.9997852315704593 -0.003015930823883057 -0.020503533716627602 -0.4572373084235941 0.0030450479652420373 0.9999943991215829 0.0013890314442895416 -0.31053153896257424 0.020499229656080163 -0.0014511673678116851 0.9997888155489529 23.992661391945585
0.9998047856841966 -0.0024051885183385266 -0.019611363827367785 -0.4857511223036506 0.002434867766316194 0.9999959261986694 0.0014896325135729945 -0.3224374996003912 0.01960770108754974 -0.0015370927936177244 0.9998065689941258 24.99218386985804
0.9998283489861045 -0.0017384331725937747 -0.018445877962982308 -0.5131014501827277 0.0017640366506464665 0.9999975030948661 0.001371852298195416 -0.3389291525834219 0.018443447031832042 -0.0014041560231374752 0.9998289191693983 25.991673712200125
0.9998561353442125 -0.0011638179961911523 -0.016922001719897526 -0.5349871905712368 0.0012173001930020633 0.9999942960732996 0.0031505556820432155 -0.35173307705941115 0.01691823852463953 -0.0031707015843939956 0.9998518489539772 26.991352184119275
0.9998851616469568 -0.0007415352403702577 -0.015136500379116749 -0.5601922669652212 0.0008063053222601066 0.9999905438669932 0.004273411789404423 -0.3676300021432562 0.015133188360917656 -0.004285125678648637 0.9998763045036879 27.990908068115267
0.9999196706773874 -0.0013229888238989065 -0.012605629416962976 -0.5699876058862655 0.0013789923996535979 0.9999892141304172 0.004435087687014703 -0.38194236669425075 0.01259962588284535 -0.004452114486583828 0.9999107100657594 28.990757640331193
0.9999577658621559 -0.0006705140162450949 -0.009166073473440322 -0.5795687261517315 0.0007175038602783161 0.9999866139467017 0.005124169749318015 -0.39640550459687696 0.00916251494825394 -0.0051305300275271805 0.9999448614706014 29.99060712544809
0.9999840434581684 -0.0010034638674790057 -0.005559306550194107 -0.5925600748608013 0.0010253431598121077 0.999991735477755 0.003934164154116834 -0.4121527078995001 0.005555312813604276 -0.003939801575406383 0.9999768079626097 30.990398715620742
0.9999919181811524 -0.0016206396361301576 -0.0036792797596178093 -0.5972554241303824 0.0016307291620588278 0.9999949140436595 0.002740913937588366 -0.42097035650110715 0.0036748190131953126 -0.0027468916948177394 0.9999894750902321 31.99034879575881
0.9999981593552191 -0.001733100062981341 -0.0008231952054294609 -0.6065596028390129 0.0017340453496041944 0.9999978364499866 0.0011489917625492909 -0.4405395785564549 0.0008212021067096243 -0.0011504171054813035 0.9999990010832931 32.99011399376299
