0.9999983411875708 0.0009130658658092576 0.0015760497550988233 -0.0029099302545123706 -0.0009055544420112361 0.9999882604819446 -0.004760133343473423 -0.011061156847949739 -0.001580377568306912 0.004758698248448502 0.9999874285198399 0.7323332163472944
0.9999964849579417 -0.0012726852624890626 0.002326014613659153 0.0009347351173329692 0.0012859247523274123 0.999982931952388 -0.005699315874509121 -0.02484928321673474 -0.002318721477811244 0.005702286920940091 0.9999810535478058 1.6077981517297215
0.9999931100066703 -0.0029929309685715645 0.0021959743631599104 0.005048990428830372 0.0029969330079052453 0.9999938503884521 -0.0018214219237335304 -0.040839820590014196 -0.0021905094686882607 0.001827990562202073 0.9999959300511037 2.6248846053548087
0.9999859089223789 -0.00505980032165975 0.0016063553116595951 0.007384773126526665 0.0050531434653012484 0.9999787395367338 0.004121433687996274 -0.05362049626453826 -0.0016271747913017365 -0.0041132584687082144 0.999990216655627 3.286253813961179
0.9999664758635676 -0.008175626076934608 0.0004541885576766385 0.010922114586684462 0.008173767000141982 0.9999587751623162 0.003954429024272267 -0.06470883471793476 -0.0004864997668773087 -0.003950584024009577 0.9999920780705444 4.23168471675312
0.9999402702161403 -0.010896147357975472 -0.0008543844712581278 0.019427906468091494 0.010897198696800366 0.9999398602736684 0.0012356765107489572 -0.08055488337409643 0.000840868975461924 -0.0012449131014048197 0.9999988715647312 5.209784172158336
0.9999332997001983 -0.011393733677646848 -0.001891820169870846 0.023828884174270253 0.011389900788974271 0.9999330833504209 -0.002024594116730865 -0.09712898414821354 0.0019147612617748141 0.0020029114316508874 0.9999961610101845 5.946149794826452
0.999936611768718 -0.01089588014764393 -0.002837646965882105 0.02584093953702059 0.010888648496324831 0.9999374614601257 -0.0025515686553545655 -0.1190201264230867 0.00286527108984139 0.0025205087755623525 0.9999927186020373 7.21284102163442
0.9999356446705707 -0.010699851070759176 -0.0037709023207569492 0.01866943750457175 0.010697304534107607 0.9999425407882587 -0.0006948364020110667 -0.131831394646689 0.0037781202937021007 0.0006544531950919985 0.9999926487220099 7.954651868916702
0.9999355948025476 -0.010328679094347324 -0.004703683135654212 0.018549013352610784 0.010339681963344286 0.9999438505688917 0.0023209235993648285 -0.1440831396961127 0.004679446951461673 -0.0023694087075009904 0.999986244244692 8.670874261836326
0.9999287843634337 -0.010545912010695001 -0.005586585838231573 0.014518253204872326 0.010565694435115498 0.9999379737458712 0.0035234588268376406 -0.14990321480323124 0.005549081236477485 -0.0035822340603764696 0.9999781874103889 9.381312536064424
0.999910271219791 -0.011854258779308938 -0.006239075088189857 0.009465297065616721 0.011881311584055936 0.9999200959011805 0.004316972088835185 -0.1584327792383594 0.006187402056233322 -0.004390713127314362 0.9999712184328244 10.075234723974877
0.9999062645907985 -0.01185600542671418 -0.006848150655251493 0.0036521529413530967 0.011885455245598597 0.9999202234120038 0.00427583504036263 -0.16838538283802362 0.00679691000971582 -0.004356827631343354 0.9999674095025847 10.805959072207937
0.9998954868754533 -0.012192320529136443 -0.007769340140188759 0.001932852374089921 0.012214714446183002 0.9999213603911058 0.002841440584904768 -0.1786617791350815 0.0077340854079430725 -0.0029360438883184754 0.9999657811991307 11.533107089285433
0.9998728719815027 -0.012817414582175793 -0.009484395546828433 -0.0015869893857404544 0.012824264240436645 0.9999175467763832 0.0006617366472286309 -0.18491336522784996 0.009475131774889818 -0.0007832829166129567 0.9999548031514827 12.159163799085837
0.99983980588221 -0.014117011629404125 -0.011003297509329978 -0.008514223692646905 0.014110002277711975 0.9999001937555245 -0.0007143972193929148 -0.19522724619750634 0.011012284465382934 0.0005590262242419045 0.9999392066923537 12.906412459832964
0.9998256972065094 -0.013703028203266516 -0.012680781662705686 -0.020219977322742208 0.013687372767398369 0.9999054515199552 -0.0013205481438724178 -0.21513266501269185 0.012697678222532968 0.0011467513830428482 0.9999187236615895 14.060139910212929
0.9998260209389136 -0.012323993637626506 -0.014001679694886084 -0.034114049035558314 0.012294417245277908 0.999922008382344 -0.0021964647090303344 -0.2284997879282157 0.014027656898336082 0.0020239400778592547 0.9998995592100756 14.693916880056502
0.9998257316089129 -0.010790980128168558 -0.01523355377366382 -0.048725618549411404 0.010754260660018415 0.9999390702879257 -0.0024902990532259402 -0.23701235250873046 0.01525949836521503 0.0023260394647565937 0.9998808615280371 15.31614937850855
0.9997965461666424 -0.011193698784312124 -0.016779969629851815 -0.05895234977361867 0.011169516330866956 0.9999364420792273 -0.001534179542961805 -0.25045019638892124 0.016796076273556424 0.0013464432634409933 0.9998580293783464 15.932216739664014
0.9997789663700154 -0.010676558087614396 -0.018111585008076886 -0.07296281856937574 0.010673754226169136 0.9999430022415745 -0.00025147330866680034 -0.2610086697060053 0.018113237557717286 5.809911758629751e-05 0.9998359401670202 16.530561567705156
0.9997570222927197 -0.010362380680995013 -0.019455524742748982 -0.08711180372575456 0.01036997596625735 0.999946188433556 0.0002895438848360641 -0.27362975969695824 0.019451477446527997 -0.0004912268561196715 0.9998106814399021 17.191721096205416
0.9997144618766338 -0.011445108072936923 -0.020976277455983548 -0.0993974834215735 0.011450104640105006 0.9999344384278486 0.00011810890003269181 -0.28507388931429745 0.02097355044913034 -0.0003582557472695842 0.9997799667098636 17.808632512324223
0.9996742640444533 -0.011574853021990312 -0.02274617736453296 -0.11570722248783653 0.011570595970882693 0.9999330076063163 -0.0003187605114581341 -0.29807437095844835 0.022748343149733445 5.5469851531626834e-05 0.9997412214203414 18.59167636431534
0.9996505391054528 -0.011655971646632289 -0.02372631431868345 -0.14365177708813945 0.011660197856334048 0.9999320167908855 3.9780172975433566e-05 -0.3152163916282198 0.023724237651127245 -0.0003164197907176919 0.9997184905894196 19.616378527185443
0.9996291741791301 -0.011367360482199185 -0.024744640745357004 -0.16675595095724483 0.011421104584307194 0.9999327130146803 0.0020317020384484044 -0.3282153077786791 0.024719880663614947 -0.002313559760725701 0.9996917399584779 20.45208756134893
0.9995951792589252 -0.012484163737868493 -0.025566056756586096 -0.1962695245810161 0.01260988425062371 0.9999091521474548 0.00476217082250008 -0.34749573105419146 0.025504282414935905 -0.0050826280134236125 0.9996617920431766 21.89468373231835
0.9995792447264892 -0.012403973129487392 -0.02621974375583175 -0.22713117916592349 0.012577934268307035 0.9998998959295197 0.006480253828085451 -0.36773491916667117 0.026136738158398985 -0.00680731744060589 0.9996351991340146 23.003278847207113
0.9995697213206101 -0.011719092470924567 -0.02688931183002427 -0.24857424435761705 0.011869258290569897 0.9999148045434433 0.0054317918293296736 -0.38075383922179973 0.026823365312095667 -0.005748610832480447 0.9996236594573125 23.76521995881593
0.9995662574951268 -0.009916107975183863 -0.02773026649361139 -0.2667473762084567 0.009998444752968311 0.9999460036396984 0.00283212067463726 -0.3891911221984237 0.027700685545742076 -0.0031081518010427824 0.9996114302130983 24.452223497574956
0.9995511258560121 -0.00938107633250497 -0.028452455198427783 -0.2943474666254039 0.009416209145687087 0.9999550603324077 0.0011010544641609748 -0.4013378463351997 0.02844084747857442 -0.0013684744981371604 0.9995945405374353 25.292471051782485
0.9995370553981954 -0.0083834024427114 -0.029247110103116085 -0.31667570026121605 0.008405186975275744 0.9999644823548388 0.0006219812923292942 -0.4085052049006457 0.029240856995151967 -0.0008675207783503474 0.9995720182607586 25.877019008964297
0.9995065602256434 -0.008657491102966373 -0.030194103955902763 -0.33809981480910173 0.00866899295982115 0.9999623923126535 0.00025004282799681116 -0.42081725118632723 0.030190803681922687 -0.0005116719215415977 0.9995440228248491 26.457323802371942
0.9994529088134322 -0.0081948584810886 -0.03204258664401702 -0.3603557573730622 0.008181656177843735 0.9999663821971535 -0.000543118515658169 -0.4330225565642118 0.03204596022203076 0.0002806599533352977 0.9994863569171101 27.080634174048438
0.9993899538761125 -0.008206721291127502 -0.03394657298089211 -0.39811900204563 0.008194717265091023 0.9999663013433413 -0.0004927338635651604 -0.4519331557422543 0.03394947275647348 0.00021425070548484522 0.9994235275378456 28.020266880158687
0.9993198932801522 -0.00804312644236364 -0.0359869283431195 -0.4209260935045788 0.008073562396378953 0.9999671628992406 0.0007005094374240228 -0.4625894347534295 0.035980112350748224 -0.0009905757276800955 0.9993520151953231 28.664442262610994
0.999252233228257 -0.008358585373405947 -0.03775060845723899 -0.46751343518871075 0.008478791112927033 0.999959478220321 0.0030252303388694597 -0.4786059116906358 0.03772379208933871 -0.0033430476956395625 0.9992826124488023 29.624624320390815
0.9991885054224501 -0.007326332217233281 -0.03960625566609479 -0.5125025492500053 0.007510945543160773 0.9999616020857216 0.004514427006919021 -0.4911067566075524 0.039571660676461735 -0.0048082440033582665 0.9992051663501893 30.536654496472725
0.99912972242847 -0.006134179616257778 -0.04125735813693458 -0.5667888364680205 0.0063377397293257936 0.9999683723731443 0.004804925444136148 -0.5084732643287858 0.04122657898888939 -0.0050622222230802625 0.999136999160293 31.52108114641745
0.9990620340197358 -0.0034763461341806036 -0.04316210372420297 -0.6149744471670351 0.003659039723152815 0.9999846758689147 0.00415445010094671 -0.5320177437886507 0.0431469999959196 -0.004308485220146563 0.9990594443507643 32.66200238800474
0.9989876389138231 -0.0017407264842835642 -0.0449518316499712 -0.6654551091871173 0.0018968071604141628 0.9999923194203804 0.003429755507179326 -0.5469936126169782 0.04494551612760333 -0.003511548312315645 0.9989832679321871 33.742029302739766
0.9989089588176425 -0.00158161085794503 -0.04667323109602078 -0.6978128858449149 0.0017997615407116696 0.99998765103378 0.004632346957486848 -0.5578627797261733 0.04666532815962097 -0.0047112935624921085 0.9988994698470518 34.433299564547205
0.9988642837811168 -0.0001621530681107208 -0.04764573740445521 -0.7421783344299586 0.00047568655534403195 0.9999783091032436 0.006569249981020847 -0.568779652129419 0.047643638701644814 -0.006584453613973731 0.9988426946531024 35.228790194623784
0.9988634227839086 0.0024476250330520907 -0.04760117389422558 -0.781126177858326 -0.002097805694131109 0.9999704374145422 0.007397533929135262 -0.5832549983133496 0.04761787306968241 -0.007289268046972976 0.9988390284403477 35.87326058541441
0.9989078353440991 0.005572404019765687 -0.0463905680241385 -0.8367807178822101 -0.0053238966522847955 0.9999708196388163 0.0054786855452880106 -0.6055797672582441 0.04641974377996374 -0.005225723328772835 0.9989083537557849 36.86268440079441
0.9989861662680395 0.007080237799476821 -0.0444579558435055 -0.8877874084813548 -0.006980788686354459 0.9999727736153683 0.002391781197998849 -0.6178905902812135 0.04447367979374598 -0.0020790047343695107 0.9990083931303662 37.71736810419945
0.9990651164693338 0.007685112564192558 -0.04254212146787943 -0.9151373657985548 -0.0076719887698867405 0.999970458584493 0.0004717484802249576 -0.6253802376464683 0.042544490153565186 -0.0001449247721908944 0.9990945627689013 38.42122761480787
0.9991870765652096 0.008707019813424808 -0.03936208621293096 -0.9578042289319308 -0.008660818992542013 0.9999615910536335 0.001344110062159588 -0.6409379888452008 0.03937227754961543 -0.0010021094997315237 0.9992241087649484 39.40811812206801
0.9992612411905031 0.013591397648314185 -0.03594782002260672 -0.9947241430053491 -0.01345155387243465 0.999900997812132 0.004129197587038244 -0.6555524915542497 0.036000382676149426 -0.0036425930683134013 0.9993451375590459 40.20547833936972
0.9993376083441028 0.017738793105739767 -0.03177545858421608 -1.023734018945358 -0.017501862781994528 0.9998170334419905 0.007719095699049747 -0.6646683309490485 0.031906572179498695 -0.0071578529184912094 0.9994652249044736 40.70836475030148
0.9993677350600462 0.022609078034335088 -0.027440111358877445 -1.0568965060451183 -0.022377194175833746 0.9997114961401269 0.008728440071379628 -0.6744979120295305 0.027629536763526974 -0.008108888684657386 0.9995853413403635 41.534698416544394
0.9994171655207513 0.026353807756494308 -0.021698066254796637 -1.0911821004175044 -0.02616439867917903 0.9996174313100439 0.008967455762943343 -0.6819208724536646 0.02192609185925649 -0.008394512364475288 0.9997243513378775 42.376997581175296
0.9994264633734912 0.029928200189045965 -0.015844467242437883 -1.1067029661194534 -0.029755726335904783 0.9994965443935605 0.011011561903180941 -0.6868447347027009 0.01616604648560614 -0.010533782737909681 0.9998138318518371 43.009166480597735
0.999358611018871 0.03465955405429541 -0.009004548583179735 -1.1286665343273683 -0.03454859540189596 0.9993285646048256 0.012198955717973204 -0.6974507981226247 0.0094213129756565 -0.011880036936416991 0.9998850451847963 43.72164000651174
0.9992838207686111 0.03779708360323229 -0.0017961127952506647 -1.134301422905381 -0.03777350710795134 0.9992175640716491 0.011722704955747903 -0.7011911864635966 0.002237791511336723 -0.01164646391848438 0.9999296736107722 44.195917439571545
0.9991415956144135 0.04102073208110367 0.005776802974861212 -1.1443761455371766 -0.04108677454356311 0.9990856680642254 0.01181967961753324 -0.7092866939391975 -0.005286669148539323 -0.012046883754123584 0.9999134581158142 44.82875231316159
0.9988791611599206 0.0453741393926441 0.013476233703331765 -1.1421321912279672 -0.04552885855559586 0.99889791874447 0.011404865917015521 -0.7177569026164882 -0.01294389582289915 -0.01200564043847055 0.9998441479343596 45.630693122515886
0.9985489663221186 0.0494708815331773 0.021274250570911677 -1.138954276565044 -0.04966513032825058 0.9987280241263898 0.008701072006945944 -0.7272097405680787 -0.020816740534989202 -0.009745034885670002 0.999735813907141 46.500549420919945
0.9982592488339735 0.051204137881613355 0.02926787285108248 -1.112406518439734 -0.05138595944668221 0.9986637577658559 0.0054938235063142805 -0.7324404157765618 -0.02894745738696091 -0.0069882178540557 0.9995565064177471 47.59959178217739
0.9979730685847763 0.05154586036561129 0.03731994987469164 -1.0635505240572316 -0.05177886894997151 0.9986444919885377 0.005303522528646113 -0.7529013102849836 -0.03699598775194185 -0.007225157446002246 0.9992892944438742 48.8077794230434
0.9977123997542298 0.050624973144954684 0.044800440519286465 -0.9515047304374595 -0.05097555774300417 0.9986773110444517 0.006717210567523991 -0.7743411839738443 -0.044401124866818145 -0.008985571717581336 0.998973372824054 50.23719186127637
0.9972268630540144 0.052392907084049936 0.052854204096984436 -0.7431099164000816 -0.05285637262963283 0.9985746437726533 0.007408419990191514 -0.8285915837244844 -0.0523907193678478 -0.010181556933797815 0.9985747585546714 53.823880319445195
0.9965743923432815 0.05521175741101053 0.061572253241223424 -0.6020847725616678 -0.05577757438160917 0.9984149934297675 0.00750753559672079 -0.8460576659056043 -0.06106015658117163 -0.01091616866030283 0.9980743932894278 56.373933402582
0.9957511651801509 0.05966753882648237 0.07013844774983337 -0.41601949191528687 -0.06029896775829103 0.998156386982377 0.006918208840911167 -0.8796911719480668 -0.06959634709990138 -0.011118090513780278 0.9975132763696303 58.75552035432363
0.9948586758608251 0.06321521287997711 0.07912048991872155 -0.27019800542224814 -0.06397024933091042 0.997926957652982 0.007042328450087368 -0.9221369361487629 -0.07851128750046053 -0.01206747902411491 0.9968401846259104 60.52831787559781
0.9941521160291833 0.06247656888270527 0.08808092038197154 0.019804453887897977 -0.06340724807412985 0.9979572117710506 0.00780540619126029 -0.9695398508948546 -0.08741333471705481 -0.013344729850765645 0.9960827410907441 62.520375338916054
0.9932434239196385 0.06123120800014604 0.09858113413442443 0.29833020227163415 -0.06211978734682233 0.9980508653236376 0.005966761828511485 -1.0131027463598536 -0.09802363419283935 -0.012050286037102368 0.9951111283399701 64.5244676251306
0.992074917200077 0.05975715999431862 0.11052800772594941 0.5558579892360604 -0.06028592487874582 0.9981801031767462 0.0014452970520750213 -1.0401566558125808 -0.11024049130862865 -0.00809712612403049 0.9938719588682235 66.3234781216464
0.990493454013657 0.0604472944981784 0.12356715641277488 0.7760632779466434 -0.06060111610913188 0.9981588903436208 -0.0025168143184913427 -1.0709500587278675 -0.1234917903441995 -0.004995419485611852 0.992333020463263 67.63518594434306
0.9883306970047788 0.062042261473017946 0.1391157473090478 1.0331084864154707 -0.06199170478976517 0.9980655950029912 -0.004700702987697641 -1.1089900808288753 -0.13913828335616074 -0.003978173278545952 0.9902649707235244 69.18818798488226
0.9858336914772701 0.06334178530507423 0.15530534756619627 1.644625787687524 -0.06317959418968931 0.9979842265936839 -0.0059851773763919865 -1.1859563540239086 -0.1553713989971023 -0.003911739327605776 0.9878483824297696 72.42350716947591
0.9829606472752401 0.06372182449414465 0.17241779198032411 1.8022318353499707 -0.06342750987674428 0.9979603206887465 -0.007221448721982703 -1.2066668842900001 -0.17252627886518593 -0.0038376312937328607 0.9849974394316879 73.15776727729471
0.9797056250586742 0.06257295163998158 0.19042456236380065 1.961559411410636 -0.06210492365075573 0.9980340192666328 -0.008430589826283483 -1.2183463316781673 -0.19057771823253067 -0.003566806631459499 0.9816656310596454 73.78760658674145
0.9758640022701179 0.061231854635116156 0.20961896157381074 2.3597723071029284 -0.06074557173454911 0.9981148109673463 -0.008763540509166555 -1.2480592154920527 -0.20976039804496244 -0.004181399951871467 0.9777438781738585 75.16519223315505
0.9712928804381809 0.06126079060955378 0.22986355940858905 2.498530850429919 -0.060590044602436485 0.9981128222088359 -0.009982015697344334 -1.2590523627971186 -0.23004127217777226 -0.004231982537787967 0.9731716721209203 75.63203233714943
0.9659388217618864 0.06299504644064244 0.25098569030363316 2.641947132993671 -0.061920937004842753 0.9980067050958878 -0.012182534386866202 -1.2704567072929853 -0.2512528411256118 -0.0037736862066841555 0.9679141331330573 76.09745276660391
0.9595879004416195 0.06398153637774374 0.27403909270171584 2.8524905623593875 -0.06246327343060666 0.9979452146769668 -0.014271929640773116 -1.293207102369861 -0.27438914118158747 -0.0034222077788617668 0.9616126495089099 76.76002635672864
0.952219728860429 0.06485450510072896 0.2984484564160153 3.0840353378315353 -0.06313184475621039 0.9978860654417971 -0.015419811113066218 -1.3083834451639658 -0.2988176001286407 -0.004158553261022723 0.954301183216353 77.35852462276439
0.9435333949781859 0.06730427817731327 0.3243684119946966 3.315178052722049 -0.06561974159612562 0.9977141272461737 -0.01614217476858048 -1.3411476664716624 -0.3247133845005284 -0.006054290415306782 0.9457930870405933 77.95647364235721
0.9337136032391469 0.06875919940617924 0.35135605818483057 3.61686089571227 -0.06704369146722182 0.9976041448346978 -0.01706205272160189 -1.3770393731715862 -0.3516874330433327 -0.007625136434738963 0.9360864312304389 78.59296117143772
0.9224943835171638 0.06886758884426442 0.37981754512667887 3.943181191913427 -0.06697843653541835 0.9975883401356961 -0.01820419359854551 -1.4126843639531406 -0.38015523331732565 -0.008646318990187486 0.9248822842661468 79.2411613909357
0.909813907158953 0.06655409616342702 0.4096452204335127 4.5229363574795 -0.06395455571485016 0.9977511671934288 -0.020060487717447523 -1.47304858910002 -0.41005910445138044 -0.007947367363811192 0.9120243254477989 80.18555039843312
0.8949032588331646 0.06333889110065483 0.44174239348732774 5.080844545696299 -0.05949052458126197 0.997973573261537 -0.022574865595193245 -1.525249883743237 -0.4422771018431997 -0.006077165929483361 0.8968578667991052 81.03173277841385
0.8776968315861106 0.062224545630601834 0.4751593182762602 5.593088594041742 -0.056346501600288715 0.9980563507051894 -0.026619402218005857 -1.5695386667643878 -0.47589215541034485 -0.0034098003021844165 0.8794970322182964 81.7201360613127
0.8581973639573218 0.0633828981418794 0.5093916888994482 6.1111954176468375 -0.05515803418015752 0.9979884647801317 -0.031250846887276695 -1.6227415940849053 -0.5103477988216238 -0.0012776497673082608 0.8599671457962746 82.40350222167703
0.836358574260932 0.06465940116326518 0.5443560389133392 6.785418009018668 -0.054085357010999154 0.9979073724008453 -0.03543515577825968 -1.6719258576248892 -0.5455081203952931 0.00019480565969889202 0.8381055140216802 83.2156063260749
0.8119220257759707 0.06701086073665599 0.5799070344487712 7.575923975297814 -0.05449122595538283 0.9977522438337176 -0.0390021309502014 -1.7098439328022148 -0.5812171112017565 6.684392340413766e-05 0.8137485269898623 84.09958829337204
0.7848390206234811 0.07054690975966915 0.6156710527791023 9.002527721008832 -0.056838777586335584 0.9975061377341654 -0.04184326164574946 -1.78967058487628 -0.6170875667757839 -0.0021537655455135364 0.7868915403184311 85.51561419255309
0.754948386411644 0.07432574870419265 0.6515586059089453 10.833653741663714 -0.059884090966959375 0.9972187333014345 -0.044369962832290354 -1.9376471921972884 -0.6530442783636555 -0.005520962981173562 0.757299603501975 87.32694556426004
0.7222478322634696 0.07484861728657656 0.6875723622143337 11.471522345298274 -0.058960677911283614 0.9971712387673654 -0.04661715387489105 -1.9848528816580213 -0.6891166136808434 -0.006870594256786431 0.7246178908111515 87.87041101090041
0.6861431737680685 0.07176852307564756 0.723917691583107 12.213234337403678 -0.05455878841112212 0.9973958204227351 -0.04716901536352735 -2.038078583330101 -0.7254177304826404 -0.007131374257104575 0.6882719373929294 88.4252886577539
0.6478479799189044 0.06990471710164343 0.7585554201519661 12.97190110207941 -0.05108996233909603 0.9975257203439771 -0.048293405351188104 -2.0892540235127157 -0.7600544787468702 -0.007467782747508418 0.6498164522060481 88.9098166856389
0.605943586993817 0.069028593367029 0.792507048977375 13.807004290845908 -0.0486198994506375 0.9975792637702731 -0.049716374294233374 -2.14598900053641 -0.7940204498364436 -0.008406294863025791 0.6078329206683387 89.4216957783567
0.5606651707645424 0.06801804397986784 0.8252442741302182 14.447358048497053 -0.04424743610727426 0.9976576278762216 -0.052167249671775544 -2.191878806332502 -0.8268595592296742 -0.007266583346928035 0.5623615083529153 89.76284610123383
0.5132403574488107 0.06645216057018538 0.8556684205002326 16.290003619510134 -0.04053880453833295 0.9977621865316663 -0.053171650850289354 -2.3196114609824137 -0.8572869652644978 -0.007397937759737155 0.5147857124129281 90.62973797819875
0.46520285880235 0.06400326915221911 0.8828872417811582 17.98583402699825 -0.03818480480757044 0.9979052343847997 -0.05222129708481191 -2.4452992711634787 -0.8843801336777766 -0.00941938030028647 0.4666723201892656 91.34577680851442
0.41586517784180604 0.06147094163399328 0.9073463931670336 19.154622577999625 -0.03736150833933086 0.998025472953346 -0.050490326111587935 -2.505562295944157 -0.9086585010625318 -0.012902661387285715 0.4173406878988843 91.78731977823311
0.36603186025380385 0.06080650206365974 0.9286136153352016 20.033934891842836 -0.03966252962822024 0.9979756219434989 -0.04971460298515361 -2.5500818375842416 -0.9297567214183639 -0.018634036418964963 0.3677026130776173 92.08347875066731
0.316866211532025 0.06082809605870595 0.9465176948790798 20.929110872861777 -0.03694348851288601 0.9979756055117365 -0.05176745560653829 -2.594267647776056 -0.9477504854368767 -0.018564308049310238 0.3184719513878912 92.32862873418743
0.2699667681719797 0.057302159802893646 0.961163048896852 21.667439994537098 -0.02551023840268936 0.9983028521507291 -0.05235115208236878 -2.6434153875922215 -0.9625316471781122 -0.010386427183455825 0.27097038640956556 92.471250985827
0.22621333081393907 0.051170197858246766 0.9727328203639494 22.25324697126658 -0.011837349327879946 0.9986899152504287 -0.049782831759301996 -2.679969340195862 -0.9740058552816551 -0.0002530380077185781 0.22652269168631745 92.55472288873874
0.1842928018937549 0.05013821304432027 0.9815917291638433 23.37794683871182 -0.002592560631986438 0.9987193649902109 -0.050526316142317826 -2.7415075181566806 -0.9828679676332492 0.006766800297525417 0.18418677643689688 92.67535769158742
0.14584389268430864 0.05159693349406476 0.9879611912523132 24.33802208532697 0.001043924120548172 0.998630440892761 -0.05230824738752272 -2.7858411546451665 -0.9893070651668842 0.008660194936204974 0.14559028756942913 92.77552089858
0.11343706392088256 0.052422142900636015 0.9921612527521458 25.459470989690924 0.01014699192743477 0.9984938704089483 -0.053916874080170436 -2.8490324736397334 -0.9934933674080714 0.016183624113837287 0.1127342859413598 92.84428541323547
0.08438973258684977 0.05064761394766763 0.9951448096811443 26.549674212381476 0.01730074294251277 0.9984823505357442 -0.05228460540394654 -2.923210686137845 -0.996282619203784 0.021629028411318547 0.08338541720484244 92.89371229312127
0.05940301676375652 0.04888841994201286 0.9970362099718 27.029271002131264 0.0242318220508859 0.9984350679298009 -0.050400733408376606 -2.951864620306415 -0.9979399282519233 0.027153959629891075 0.058125399585374424 92.90107562207413
0.03950869429459401 0.04797304799193166 0.9980669565422419 27.969913695774572 0.028916447385039255 0.998373598084032 -0.04913245077711985 -2.9984913617909577 -0.9988007319509533 0.030801709613298547 0.03805722716033906 92.90990172739623
0.02376074539955445 0.0499168559826906 0.9984706978508954 28.621636053160408 0.03199916557371451 0.9982029429792276 -0.050664958602459786 -3.0311965604502324 -0.999205424515219 0.033154066363064276 0.022120748245707787 92.91402758794082
0.010485094986406086 0.04970773490434208 0.9987087682972443 29.273194366824903 0.032986208579170236 0.998202896447176 -0.05002886734710568 -3.0668307193595834 -0.9994008068971593 0.03346817316709506 0.008826582473403313 92.90849093961991
-0.0013684744513691837 0.050513703838686 0.9987224304090534 29.924417072040495 0.033590365341204055 0.9981620913921622 -0.05043933647326876 -3.108229208415445 -0.9994347475617987 0.03347842636858708 -0.0030627330870726006 92.90360860649909
-0.010512796297801087 0.05349380700896517 0.9985128410419576 30.57591225659964 0.03858471322147995 0.9978460409565342 -0.053051846838546454 -3.144236780392027 -0.9992000305342339 0.03796960836053294 -0.012554195367707827 92.89432619745162
-0.016841677222129432 0.05550298344506699 0.9983164712339647 34.25472442450308 0.042950978923986416 0.997576586312865 -0.05473726198702377 -3.3549646381531057 -0.9989352187793827 0.04195680241703031 -0.019184770343200878 92.76334113029831
-0.02148849494958725 0.05500675151892469 0.9982547279487987 35.082340394742864 0.04334152659647851 0.9975978406823588 -0.05403758264555775 -3.397605773361976 -0.9988291929339495 0.04210469751968717 -0.023820952745163798 92.72827874740304
-0.025106976556121784 0.05249420732969469 0.9983055634048278 36.19069833601392 0.04113763375087888 0.9978287344247014 -0.05143453942411303 -3.4506375873179813 -0.9988379922778194 0.0397765628633172 -0.02721195011739578 92.71050889935827
-0.02767948453606126 0.045553489821863836 0.9985783523093519 37.78133228204144 0.03904208560192964 0.9982481453963508 -0.04445622301311201 -3.53944603765351 -0.9988541243283051 0.03775605617367381 -0.029409497352740843 92.66915570492866
-0.02892554534189469 0.03984699863998027 0.9987870291138409 39.62709498447144 0.04030327898978695 0.9984390784352213 -0.03866590689601468 -3.6372710486696462 -0.9987687212409794 0.03913595984265061 -0.03048635953748921 92.59551001715786
-0.029274840199138476 0.03717264240343896 0.9988799619514117 40.70101880678731 0.04296305911388001 0.9984315673471932 -0.0358968087188629 -3.69684312003303 -0.9986476652367877 0.041864065514085905 -0.030825975016861403 92.55277904444644
-0.02893534582251303 0.039414436773325276 0.998803908650725 41.85313434587588 0.04608428779755533 0.998212390617544 -0.038056032843608104 -3.761363853748454 -0.9985183945127495 0.04492800230862149 -0.03070000697447545 92.50179092040355
-0.02820841099288255 0.046701459615162484 0.9985105203346948 43.66117476392665 0.04705530379639156 0.9978626746207611 -0.04534182377589555 -3.8585906272956563 -0.9984939078100982 0.04570619507800586 -0.030345671810084733 92.44273342621024
-0.02617585106662346 0.05478120745363499 0.9981552204596502 44.81959202730475 0.04777491094471251 0.9974249660767627 -0.05348826909695234 -3.9124974857967585 -0.99851508887205 0.04628667580076743 -0.028725614669697426 92.42084606709295
-0.02401879837369389 0.05546762237144182 0.9981715484790861 46.5205267306529 0.04836436408356894 0.9973549556040584 -0.05425846310772625 -4.002895357605205 -0.9985409283607114 0.0469727091030532 -0.02663792386887952 92.37608327791412
-0.02211553369642755 0.050984950388585415 0.9984545247547277 47.53900126908998 0.04765149283341513 0.997617486087071 -0.04988673855900003 -4.064088200409431 -0.9986191658485554 0.04647457678323609 -0.02449235212775654 92.36492189562836
-0.019614591966281986 0.044545966367575324 0.9988147599341775 48.202703876481415 0.047212327954831254 0.9979337758572738 -0.04357952606813639 -4.104314224282382 -0.9986922768656403 0.04630157539022964 -0.021677182596021242 92.35386985352714
-0.01688060543675372 0.04303774435525857 0.9989308272953105 49.04900221774726 0.045373960745662266 0.9980768891058238 -0.04223419371890434 -4.153162039511143 -0.998827436971139 0.04461250938522286 -0.018800935083494206 92.34515551755104
-0.013606807597957692 0.048565825691459195 0.9987272977954954 49.56470146895998 0.05322136974382704 0.9974390909574481 -0.04777808736820107 -4.18223338833993 -0.9984900302905273 0.052503527547011555 -0.016156701567378067 92.33185630972493
-0.010274502152677951 0.05426838424648567 0.9984735234730981 50.09513623754126 0.05469254981526429 0.9970620188224387 -0.05362886924428378 -4.2118264496851845 -0.9984503791376989 0.05405805298928075 -0.013212392167538231 92.32407022051845
-0.007843166142925245 0.05497773810024036 0.9984567757585848 50.59200026871628 0.04873513024475855 0.997321964979992 -0.054532423827171245 -4.239647062272861 -0.9987809428622855 0.048232214150105264 -0.010501509096203041 92.32504251609558
-0.004512629521137905 0.05146451149555567 0.9986646285071489 51.206394576922314 0.0442184472226872 0.9977082288986432 -0.05121541675257225 -4.27679354089192 -0.9990116941758064 0.043928282967234965 -0.006777968392616682 92.32960496812352
0.00016436273632308842 0.047614277874670215 0.9988657835401898 51.87146690609705 0.04810750525824102 0.9977088974090229 -0.047567047088215644 -4.328054958956336 -0.9988421501532234 0.04806075918395705 -0.0021266179587898218 92.32547458345815
0.003564239111589349 0.04859224036735863 0.9988123399195813 52.549884534403 0.05281614788378924 0.99741542106243 -0.048712753459075095 -4.374901987067692 -0.9985978924082851 0.05292704415446097 0.0009885721010072144 92.32075164031647
0.0063504969894164305 0.05327911622011562 0.9985594659121626 53.81476096668048 0.052486470773886955 0.9971853799510088 -0.05353959653990712 -4.452692209928611 -0.9986014428057295 0.05275086527023093 0.0035361899769245056 92.3364773684594
0.00993716023263007 0.053897882986970666 0.9984970060325801 54.47435790042957 0.04886236859320611 0.9973272757982417 -0.05432102617138169 -4.493839500914332 -0.9987560872314957 0.04932872548904529 0.007277022719077916 92.34825895588519
0.013679136783866109 0.05339630348656127 0.9984797023429227 55.06763571649274 0.04800102024289541 0.9973867812369632 -0.053995468971048156 -4.533203640256539 -0.9987536148983308 0.04866665581004977 0.011080313162407348 92.35708401261603
0.017433733424578598 0.05020696904840446 0.9985866638393711 55.53759930413592 0.052011715182981345 0.9973406827553071 -0.05105236532125721 -4.5650976548477065 -0.9984942896294394 0.052828238472844825 0.014776021022298082 92.35988494851236
0.02107921908384241 0.05080897020880036 0.9984859113022722 56.11942412082093 0.056583843495693044 0.9970463959213768 -0.05193027089704534 -4.604745055154851 -0.9981753028291492 0.05759282009510747 0.018141992597911317 92.36382874596913
0.02445551452208885 0.05140870531957324 0.9983782213303823 56.627721745936185 0.05933486445040892 0.9968416765131276 -0.052783006992221805 -4.641062438137663 -0.997938525997521 0.06052947202689952 0.021327947534483544 92.37225923805121
0.02712493969273353 0.05134670147544343 0.9983124530397535 57.209745815981584 0.05982857454622349 0.9968062397165071 -0.05289482139110033 -4.678288513080026 -0.997840056980289 0.06116237985740689 0.023966309180725752 92.38718202143298
0.03062025009312861 0.049883830712024374 0.9982855321588714 58.22058064544312 0.06094606825686061 0.9968023108923281 -0.05167910374354988 -4.74268152927353 -0.9976712770488372 0.06242400526401035 0.027482112701444197 92.4152172268088
0.034495696090723754 0.04879988068372369 0.9982127120992118 58.71076876038227 0.06306912850446898 0.9967100238272888 -0.05090592727653752 -4.776406920643722 -0.9974128192383014 0.06471244121073065 0.03130444012668098 92.425838976243
0.03742632128958703 0.04938755432382096 0.9980782233635965 59.31608392990155 0.061272090838798345 0.9967853251213825 -0.051621182734357555 -4.811245987520908 -0.9974191703386116 0.06308633053652848 0.03427992911990441 92.44632659250624
0.040442253801170475 0.051285506169697063 0.9978648310088861 59.969511873972856 0.05847499208849857 0.9968487206522074 -0.05360320358243916 -4.851697717476602 -0.9974693476030856 0.060517972462475665 0.03731588939446232 92.47549377281534
0.04313086136638136 0.05135349087276585 0.9977487398002406 60.46217511474579 0.06033639790394103 0.9967213029951613 -0.053908841979756816 -4.8827388203122455 -0.9972458312200481 0.06252569976259754 0.03989096368134904 92.49611239098839
0.045765124995501956 0.05124778268567456 0.9976368167343972 60.99279964094701 0.058022710137236096 0.9968607869568449 -0.05386962535700886 -4.915055064284163 -0.9972657210806298 0.06035094197754251 0.04264792327824885 92.52313566648951
0.04817515233396228 0.05174721467324176 0.9974975591304243 61.71520532778283 0.056350976672847476 0.9969257515870671 -0.05443907834057991 -4.959840879445337 -0.9972480745158684 0.05883257257776183 0.045111043861421514 92.55910202749632
0.05083511857325687 0.051933382688951125 0.997355861506874 62.518147597420985 0.05316392617444616 0.9970903843264082 -0.05462931847943686 -5.013620423261377 -0.9972910245627161 0.05580044127328393 0.047926225392223985 92.60880905462123
0.054144137783883134 0.054071152422535386 0.9970680632832104 63.1597735243859 0.05165781423833422 0.9970439810652202 -0.056875038898697154 -5.055502077013347 -0.9971960101062121 0.05458580673865755 0.05119088913989208 92.64464602395665
0.057473853912367125 0.05777179288998063 0.9966740570832223 64.07071867816046 0.050560544373937956 0.9968747458138401 -0.06069903220971752 -5.115494143249586 -0.99706588923153 0.05388099019935542 0.05437326021185837 92.70204821679302
0.06090191096343782 0.05989004395428045 0.9963453918577378 64.60098165463438 0.05087792073153524 0.9967144251041548 -0.06302215460711773 -5.152868063724968 -0.9968462240601748 0.054530151516778314 0.05765473226475473 92.73425869107987
0.0636848773313117 0.0624114192640171 0.9960165918019337 65.29068405067466 0.04460997725894722 0.9968669087176044 -0.06531704396830215 -5.199724757664185 -0.9969725103172318 0.048591985442586805 0.060701174803259525 92.78793305912079
0.06630620188047973 0.06163686642869685 0.9958937615473995 65.99335361024198 0.04071369646910929 0.9970918898291411 -0.06442172115651014 -5.251606721321028 -0.9969683457923811 0.04481807597161481 0.06360391146931649 92.84257697274448
0.06991429876749619 0.06220823989783139 0.9956114330986041 66.63444994882029 0.04261207326996381 0.9969564341931318 -0.06528460410039483 -5.302191535175764 -0.9966424644974119 0.04698939465160625 0.0670506879218358 92.8846473638808
0.07366333475085712 0.06331433218414172 0.995271324038552 68.36081217191773 0.04141440311095464 0.9969275819204438 -0.06648491273375388 -5.4470009244322295 -0.9964228822785719 0.04611606820109645 0.07081488491359474 93.01616179817405
0.07726182027704799 0.06427190542708258 0.9949370499183565 69.57928656361435 0.03753154656855191 0.997025187456308 -0.06732130858711514 -5.536152750500417 -0.9963041674808152 0.04254289306666402 0.0746197568333547 93.12235699735038
0.08145258043263383 0.06248543092570692 0.9947165666977137 70.45684202091387 0.036580575240055264 0.9971729486791442 -0.06563514255063657 -5.597356971411378 -0.9960056920801018 0.041733455938430426 0.07893655680015102 93.19847996300068
0.08638899054389239 0.0624429045424648 0.9943026832836673 71.01508565923045 0.03686878072157663 0.9971498185269786 -0.06582501363245583 -5.643710820228799 -0.995579045239956 0.042345284081108894 0.08384057248837816 93.24411069755998
0.09144840006582068 0.06589676257668105 0.9936270964538492 71.93824504381811 0.033303773216919894 0.9970475317201747 -0.06918871425469732 -5.72030888619913 -0.9952527562458233 0.03941872870369143 0.08898379072880402 93.33122111981547
0.09753609609957098 0.07451188026603046 0.9924387586430049 72.79052449639296 0.03172243794935555 0.9964539362526161 -0.07793099420135507 -5.79009857729309 -0.9947262924484273 0.039083661879148766 0.09482652838690334 93.41935190026408
0.10481546992239986 0.07948432738900599 0.9913102233733175 73.46668184180791 0.029975384959047068 0.9960955072051549 -0.08303744229115834 -5.8474012342132635 -0.9940398349973166 0.038418514094357516 0.10202364536360455 93.4917213290072
0.11206147788979319 0.08257911127290378 0.9902640635479639 74.20084835928526 0.02581822741554414 0.9959626236031051 -0.08597599385138971 -5.911855027901429 -0.9933658159541547 0.035201459728154055 0.10947699724934382 93.58144707008469
0.11903045982025202 0.08065669984315481 0.9896091381981998 74.73001850566597 0.022222572557990684 0.9962289489344592 -0.08386917534972202 -5.963277465370517 -0.9926418825054043 0.031974647384284065 0.11678919051336392 93.65148440662794
0.1266083356935901 0.07911869280500819 0.9887924766004842 75.36644434496257 0.021646858384024983 0.9963563021231406 -0.0824956528648494 -6.0253484388297895 -0.9917165637696033 0.03184888802333578 0.12443434203095294 93.73362262458292
0.1339717496487704 0.07567490633965898 0.9880915336377111 76.21410537588645 0.021572449652300176 0.9966210801432228 -0.0792530884581052 -6.09839223849583 -0.9907503215805867 0.03193322978706637 0.13188657673668164 93.8546103906603
0.14148858229179706 0.0702999995654257 0.9874405760055394 77.36563632555323 0.01948933883323399 0.9970841496714479 -0.07377915793638928 -6.198996894106569 -0.9897480218484354 0.029683472422559587 0.13970592225112985 94.02248771473056
0.14877004047057182 0.06289774248188285 0.986869469103721 78.32152490675955 0.017437009933371158 0.9976530974648233 -0.0662136526965537 -6.275419896508036 -0.9887180719208888 0.027058660527073918 0.1473241431249913 94.174126882511
0.15625930153849202 0.060361733860955995 0.9858699162506152 78.89390748507398 0.017201264283482877 0.9978132114903687 -0.06381936604448214 -6.325668807996609 -0.9875662748341218 0.02693057854130304 0.1548792973566145 94.26912467021478
0.16315770349884628 0.06221361940263073 0.9846364960480597 79.80624283668668 0.016735887638044965 0.9976917010437598 -0.0658116990615514 -6.405251210392483 -0.9864580446496147 0.027216451444419133 0.16173988659828029 94.42761431342231
