0.9988112226108021 0.001048317089928039 0.04873440897347255 -0.021065331324849595 -0.0009086018432026038 0.9999954142366356 -0.0028889355115592785 0.01679905705161224 -0.04873721400947376 0.002841221036523601 0.9988075948017298 0.9996369468856744
0.9951544637305051 -0.0004160313944503778 0.09832304020487583 -0.19199013753535626 0.0011618562508128659 0.9999709868384382 -0.007528317967008799 0.04472182074885152 -0.09831705552600344 0.007606076468112331 0.9951260745219462 1.9845252719221471
0.9890444531621401 0.0004873864086745882 0.14761718099087193 -0.06451343420479536 0.0011533978473110824 0.9999385099174739 -0.011029327152080918 0.009017898206461858 -0.14761347954238127 0.011078756180657219 0.9889830745866587 2.9757239912379783
0.980720930143111 0.0029579614354258077 0.1953911657250083 0.061662929641484565 -0.00027512542992743586 0.9999053397304611 -0.013756303446377124 -0.01885800415532868 -0.19541336055968364 0.013437337632787743 0.9806289086459329 3.967340065771414
0.9706680587033397 0.00037119930349434425 0.24042333918354697 0.30528145755393477 0.0030598995984933174 0.9998987416729239 -0.013897604662331151 -0.043763275369345614 -0.24040415309960206 0.014225632217247625 0.9705686346469695 4.936891364219959
0.9583159301782262 -0.0003522343419529885 0.285710437152039 0.5897840984422011 0.005015824117247689 0.9998658696281036 -0.015591159715073402 -0.06305560313967752 -0.2856666229629666 0.01637433002612444 0.9581891576516246 5.895372471710804
