0.9990430301974307 -0.0005915851892859345 0.04373412673072588 0.03663777003309297 0.0007475359535191609 0.9999934206920713 -0.0035496144252790476 0.05334076584679986 -0.04373173909111749 0.003578910383590393 0.9990368994168998 0.9979040116693988
0.996020600420441 -0.005237612928795878 0.08896926968853856 0.09696960096378235 0.006025789053944349 0.9999449262361759 -0.008592692290881877 0.03552256648612761 -0.08891936461975669 0.009094608586218769 0.9959973065677852 1.9959233310956788
0.9909494618953874 -0.005035504923698012 0.13414099917402236 0.22805936120453743 0.006740505843558758 0.9999021315236645 -0.012259402734432712 -0.0005725741910335459 -0.13406613871598866 0.01305262673163809 0.9908864210317903 2.986636506328308
0.9834393330150428 -0.002418688772054205 0.1812214894088195 0.3405986823308167 0.0051482511075047355 0.9998802604846311 -0.014593156057555253 -0.02980960064549644 -0.18116449373279853 0.015284457393379011 0.983334028483063 3.979853540759624
0.9739068904722052 -0.005266381101522633 0.22688683064658666 0.5704240106907783 0.008762541596880176 0.9998578492060392 -0.01440483411342206 -0.05558563140793763 -0.22677871715732623 0.016017072490495922 0.9738145957179488 4.952744025183421
0.9623072097080047 -0.0061082700095055065 0.27189616249863663 0.841222496408135 0.01078722037175754 0.9998182854585953 -0.01571724973665945 -0.07502865816681367 -0.27175074980696107 0.018057826561476704 0.9621982357493858 5.915183700614375
0.9488795352788892 -0.008428380786852459 0.3155258942245959 1.1662418595495634 0.014939651702307061 0.9997223224647647 -0.018223193262142175 -0.10052956284269386 -0.31528468776001994 0.022005462116653374 0.9487419698216686 6.860547174334327
0.9338272634807885 -0.010163744107176584 0.3575798376386817 1.5444279381783503 0.018470914459852168 0.9996328515300092 -0.019823911344567034 -0.13893925556209874 -0.3572470675862846 0.02511693547597461 0.9336721438777624 7.785479585614515
0.9166687681609929 -0.010259471045489688 0.3995160982139192 1.9557041526507777 0.020040170153288333 0.9995928276079851 -0.020311833371188744 -0.17755156795270163 -0.3991450376222092 0.026625593862643793 0.9165011274914111 8.696172148854757
0.8971644254663921 -0.01072483838556767 0.4415664972789052 2.4005576482808446 0.021284596014431813 0.9995935220347965 -0.01896725279454025 -0.20650511353689677 -0.44118358950675024 0.026415308964178874 0.8970280217486338 9.591307356308812
0.8753263069367712 -0.010483154835181807 0.48341903132699954 2.8817718357402504 0.021851957347359764 0.9996011310105536 -0.01789052381875791 -0.24599576671894946 -0.4830386613352213 0.026223698196896586 0.875206243869613 10.467020422386417
0.8513836578575027 -0.01041074604970681 0.5244401619821532 3.4066758727098705 0.02243182874699429 0.9996110034681291 -0.01657271264771072 -0.27904255468651684 -0.5240636222752392 0.025873888616258483 0.8512860046398214 11.317540052834781
0.8259336013213011 -0.010680267273662095 0.563666229340901 3.979841063128666 0.024048317029079384 0.9995779400295918 -0.016297860419831625 -0.31504279444301436 -0.563254262883554 0.027016174732158945 0.8258418502633218 12.136188712046815
0.7988319161536346 -0.012437526011753955 0.6014257042071111 4.58721236194598 0.027572747413777646 0.9994924877419539 -0.015953386707962005 -0.3453702541118821 -0.6009220526277674 0.029327033503316967 0.7987694359272437 12.930027694815363
0.7701607972218285 -0.011385333313753285 0.6377481639393187 5.221810781304861 0.0281811136729834 0.9994717268257426 -0.01618925903545686 -0.3810901719563742 -0.6372269385821573 0.030440786147889084 0.770074793305112 13.70204383040865
0.7397238053379592 -0.014267839444490516 0.6727593333235259 5.904329989153514 0.03291109345194183 0.9993458224616006 -0.014992900197861857 -0.40640856811377235 -0.6721053129860877 0.033231850477091894 0.7397094648372037 14.432472806924276
0.7076857691009776 -0.01322676153656175 0.7064035001266715 6.602701841218495 0.033227324575157584 0.9993415275184908 -0.01457588002780555 -0.42768577481000003 -0.7057455611716841 0.033787041247538056 0.7076592673951233 15.147891577099156
0.6739269055404276 -0.012008388383324277 0.7387004295363165 7.357673694429624 0.034356215314084615 0.9992955870193025 -0.015099014306832585 -0.46953830022227455 -0.737998764536904 0.03555458299827122 0.6738647454569968 15.802311814389817
0.6381517897216653 -0.013170364406799239 0.769797918142435 8.113486970657576 0.03887827683703927 0.9991293177272613 -0.015135588790603454 -0.5019397842491397 -0.7689283275216349 0.039587219645333294 0.6381082033444908 16.456296841214154
0.6015177394149888 -0.011329286644863623 0.7987791036533191 8.903776999639918 0.03884700699585464 0.9991313343245924 -0.015082666150947924 -0.5380704175737993 -0.7979143558155515 0.0401026686752323 0.601435330479162 17.067963602961633
0.563731865478193 -0.009795743857559568 0.8258997682810867 9.725880377870538 0.04166212130475046 0.9989940399390669 -0.016588424114645568 -0.564346268995831 -0.8249064501462363 0.043760159603184794 0.5635728852053113 17.63669516981356
0.5252243123769682 -0.0080376657317899 0.850925859060426 10.58789520116433 0.04634893117525567 0.9987412662790776 -0.0191744520175368 -0.5895292145404571 -0.8497006521517166 0.049510392452953175 0.5249357320397443 18.14295226228286
0.4865088125060689 -0.006807464672470061 0.8736491479871463 11.462809113865427 0.047838757052087025 0.9986770342235017 -0.018858277711885457 -0.6143140142535938 -0.8723649630043873 0.05096900763483935 0.48619083864576645 18.626596076535908
0.4483871097470056 -0.008525644781519815 0.8937988102441089 12.364873808486221 0.052813752185661 0.9984601640613957 -0.01697080913096709 -0.6414903677042884 -0.8922778196239085 0.05481436092437459 0.44814693845172543 19.057340446820437
0.41147931107649827 -0.009025686777031281 0.9113744090845495 13.280722724788667 0.05653953217755445 0.9982778390495727 -0.015640887559717157 -0.6756881989932627 -0.9096637059139775 0.057964584365934144 0.4112809855830092 19.457404505244543
0.37651344177614965 -0.006284281434001648 0.9263898401692102 14.21399605170592 0.058220410502438286 0.9981608405457629 -0.016891423915709743 -0.6856124949104915 -0.9245799110746477 0.06029464493494471 0.3761868469648613 19.816434288988667
0.3433193216092015 -0.0069856171331474344 0.9391927621969121 15.158095661496363 0.059006050854497186 0.9981574005102825 -0.01414530908494878 -0.7054875961924969 -0.9373633923790452 0.06027441380736511 0.3430989152822039 20.145494902162834
0.30989459023060173 -0.008533933305582608 0.950732620103119 16.107415262584507 0.06125002390068301 0.9980617741211925 -0.011005889796839726 -0.7311662231315728 -0.9487959620055152 0.0616430614131911 0.3098166481350491 20.458756586874472
0.27712499074870917 -0.008218841015734267 0.9607987251005717 17.070679664363972 0.06184861662601908 0.9980421971420544 -0.009301685078804063 -0.7427849539013908 -0.9588412215398197 0.06200180139492549 0.27709075859690646 20.727059917751568
0.2448109218192901 -0.00508427013682528 0.9695575087405407 18.039064178136133 0.0591507400264562 0.9982019243232593 -0.009700939730774714 -0.7604090120813356 -0.9677648487687033 0.059724940138215096 0.2446714715964549 20.975898833637988
0.21399217196181822 -0.003351343778323111 0.9768296263084679 19.015021759506887 0.05926844230140366 0.9981963103280764 -0.009559173320732082 -0.7747721405580323 -0.9750356927242342 0.05994075860622866 0.2138048254167368 21.19338556864799
0.18341867505238885 -0.0031026033680855683 0.9830299911469459 19.996541217222916 0.0614010750202849 0.9980786098012803 -0.008306421822494924 -0.7910663790515012 -0.9811154354245875 0.061882651118712516 0.18325675939004388 21.384052901761844
0.15283484829688482 -0.00322202123747569 0.9882464913801676 20.985018569578823 0.06302983412151626 0.9979905153950813 -0.0064939350219958185 -0.8032520997839839 -0.986239701673321 0.0632815119968 0.15273081248627204 21.53493037552677
0.12242741637431585 -0.0037196175554009333 0.9924704993928786 21.977016460852564 0.061830690318305605 0.998079085224381 -0.0038865630601531945 -0.8169716661873963 -0.9905495916180421 0.06184095797204675 0.12242223026243286 21.66043709728362
0.09295127829667 -0.004023792401329069 0.9956625276456498 22.97236368057245 0.06239158492873562 0.9980501398885774 -0.0017912002867777916 -0.8290364597153864 -0.9937139175804544 0.06228745751030518 0.09302108709215738 21.756031725548056
0.06583769486008327 -0.00365752667594552 0.9978236419498805 23.971029886539345 0.06518207775964509 0.9978731799055146 -0.0006430895643215998 -0.833543287563254 -0.9956990984601947 0.06508255775449356 0.06593607511588029 21.807465931699532
0.040782082617129164 -0.0028824945101500296 0.999163906955614 24.970867065901437 0.06911482117114917 0.9976087099886108 5.700294251325105e-05 -0.8302972311294509 -0.9967747805958416 0.06905471005119354 0.040883783922919525 21.82521580163934
0.01811441179718326 -0.0025022888254763904 0.9998327893382345 25.970830144893384 0.07334349674978886 0.9973060559335977 0.0011671686596149043 -0.8385767662276734 -0.9971422163210999 0.0733100903614241 0.01824913919734475 21.827511439133037
-0.0022013505583381595 -0.0023687100356967234 0.999994771620574 26.970628595529956 0.07872341187293301 0.9968932740823884 0.0025346621816931688 -0.8315558419449901 -0.9968940658258544 0.07872857995707483 -0.002008038629756751 21.808703336439542
-0.019734603489216653 -0.003184414849465246 0.9998001825000774 27.970017516375247 0.08296981640559649 0.9965404441172759 0.004811736085751924 -0.8401118599469265 -0.9963566404610069 0.08304819528806037 -0.019402120210202538 21.774812932965503
-0.03506338960708339 -0.003054783949336144 0.9993804215634219 28.968731838441336 0.0859423971492597 0.9962816737017044 0.0060606120453884004 -0.8376201587138551 -0.9956829129203228 0.08610165469460351 -0.03467047702802064 21.724182168355142
-0.049530427904792944 -0.003446340783085428 0.9987666691709195 29.967624924814153 0.08806040060175602 0.9960845652979766 0.0078041412720858665 -0.8287184456975119 -0.9948829592255689 0.08833833545150896 -0.04903300859859949 21.677994058392034
-0.06266952151411173 -0.004391511482179631 0.9980246718894739 30.965182303653663 0.0882046082865363 0.9960529657501843 0.009921516883807262 -0.8267916599794306 -0.9941290047826838 0.088652151960113 -0.062034811216204244 21.608168966772727
-0.07479092231628429 -0.004114320474415998 0.9971907492080494 31.96185555983607 0.08804413560237927 0.9960589639149618 0.010713103690228609 -0.8225299434338669 -0.9933048616236146 0.0885980404505745 -0.07413392680284117 21.526779543732378
-0.08621500486904128 -0.0012168402598467824 0.9962758113269694 32.958803036385 0.08820036649101577 0.9960634452626802 0.008849201222991227 -0.8193223204757327 -0.9923646851265318 0.08863482561170068 -0.08576828902631632 21.448770440688733
-0.0965354478003286 0.0023691080063643543 0.995326727585089 33.95462447562859 0.08866517912340054 0.9960420117551184 0.006228710125459014 -0.8166322170938626 -0.9913724796104662 0.08885211390882021 -0.09636341901846734 21.35748843541596
-0.10614248107987342 0.004821817484755761 0.9943392397900981 34.95043444673691 0.08990059953907381 0.9959393343589467 0.004767019946309026 -0.8196918345672085 -0.9902785749034069 0.08989767712681566 -0.10614495623664365 21.26609302972085
-0.11394208217650259 0.005775704045576523 0.9934706050769991 35.945151111775445 0.08972088879939105 0.99595678218094 0.004500015647791055 -0.8223892190324118 -0.98942779626526 0.08964780683631376 -0.11399959081991702 21.1634701257878
-0.11961558984323852 0.00659628786264881 0.9927983680752529 36.93724732940931 0.08939701483000786 0.995987411202376 0.004153368014942347 -0.816481535515073 -0.9887872796541914 0.08925001799897568 -0.1197253101112925 21.038129891896045
-0.12477702712812523 0.008170271129447702 0.9921511680035137 37.930089876697004 0.09061227677521742 0.9958811217374665 0.0031947870871402205 -0.8174897494108531 -0.9880385158477767 0.09029971227303167 -0.12500341261233366 20.918703597471286
-0.1293332258477543 0.009911414008119356 0.9915516529985572 38.9223670301202 0.08968020347870014 0.9959690893516265 0.0017418840677702627 -0.8140638183201371 -0.9875375323479264 0.08914783748609045 -0.12970075279550586 20.794710477539066
-0.1337543317517226 0.010752234167303466 0.9909561888388706 39.91449680773151 0.09001571041727698 0.9959394392747088 0.0013435681026874855 -0.816468400906488 -0.9869179046991304 0.08938133338446713 -0.13417908416251673 20.669519813512075
-0.13685001237590802 0.00978040894225667 0.9905434961240388 40.90567266617718 0.08942956860654779 0.9959899579655633 0.002521089168790033 -0.8134777864687285 -0.986546717784596 0.08892888862834515 -0.1371758958263691 20.537000177760387
-0.1390545576896046 0.007955872388600804 0.9902527627228729 41.89554199972289 0.09001680495898169 0.9959294426416994 0.004638976650631284 -0.8095674656277261 -0.9861849749467514 0.08978446064840338 -0.13920469034967917 20.395072760054383
-0.14130680038483406 0.006731142645120011 0.9899429679954747 42.88492372528665 0.08932482514788515 0.9959846065935322 0.005978213865431939 -0.8027899236185856 -0.9859277173187191 0.0892712447959157 -0.14134065613010055 20.249890646676775
-0.14352537015032082 0.007596499113856622 0.9896174823255823 43.87517967566424 0.09187771628131938 0.9957540888717821 0.005681526735861453 -0.801798014492583 -0.9853724947318868 0.09173923749592784 -0.14361392317433225 20.1106349507141
-0.14466454362267211 0.007293939942820243 0.9894538737397276 44.86538569984731 0.09133836924539446 0.9958017572913338 0.00601352468003123 -0.7976668853059822 -0.9852560439408813 0.0912450470743268 -0.14472342333695548 19.971082295980494
-0.14568755812264148 0.008818458744103553 0.9892913474773943 45.85511664495966 0.09299399903552143 0.9956550046117282 0.004819536802958571 -0.7918323738490449 -0.9849503802484891 0.09270030516126929 -0.14587461009841265 19.828258646807548
-0.14594465652242197 0.009215981044791688 0.9892498283679064 46.84496987344307 0.09259580876266116 0.9956941250159643 0.004384701617670474 -0.7869662214837673 -0.9849498329519838 0.0922403116975956 -0.14616959829523093 19.68624848300886
-0.145203409426467 0.010581932920715808 0.9893452342769886 47.83380784757029 0.09254896283434719 0.9957038142828033 0.00293320659992867 -0.7870215540693251 -0.9850637844166318 0.09198878691630287 -0.1455589355293943 19.537253725174
-0.14416151976524386 0.010481827690603034 0.98949865462629 48.824500546108546 0.09357885456903814 0.9956070850237209 0.003087106754030787 -0.7926716977862952 -0.9851195126463194 0.09304119269887251 -0.14450910789513932 19.401253604074896
-0.14313095351386304 0.009393632023371023 0.9896591786183867 49.8161472078922 0.09280944488260061 0.9956759665885409 0.003971964067447721 -0.795510255367552 -0.9853425480952273 0.09241822999484091 -0.14338386826217425 19.27230081905577
-0.14195116680569833 0.010144992019029289 0.9898216735247984 50.80565263721171 0.09378313528440417 0.9955873596538751 0.0032454327363266983 -0.7960716881553346 -0.9854210215835302 0.09328927287932468 -0.1422762165188505 19.12780628580129
-0.14114338752622568 0.010981430571698834 0.9899282561581009 51.79785471885006 0.09367945436310286 0.995599725070727 0.00231241633735586 -0.7937974561876033 -0.9855469060312925 0.09306232117073472 -0.14155105224074316 19.003187518910142
-0.14038585634398257 0.01163089033781636 0.9900285519764137 52.78861257517867 0.09429599562443747 0.9955427956493258 0.0016754819943659112 -0.7891992624443666 -0.9855963050599184 0.09359094197980426 -0.14085687427871482 18.867623118209067
-0.13953746902097544 0.011362848259421127 0.9901515946655098 53.77903294161355 0.09278534279929912 0.9956847691103419 0.001649461516437706 -0.7813877088188093 -0.9858601193378488 0.09210171681956333 -0.13998963839531697 18.72975920929547
-0.1386219750021134 0.009822594214240416 0.9902966548915603 54.769940375931355 0.09461434721914386 0.995508296999358 0.0033698524782804903 -0.7826807917862817 -0.9858154357418073 0.09416340716187203 -0.13892868460061913 18.595220127426487
-0.1383597401777152 0.00795424846190535 0.9903500957890395 55.76073971517882 0.0959534287544996 0.9953711176858803 0.005410876731915808 -0.7814740280795089 -0.9857228422879384 0.09577613485706715 -0.13848252663650415 18.459886491296597
-0.13768889693390918 0.009069160315357252 0.9904340048646836 56.75181021282748 0.09738000492307668 0.9952374382126736 0.004424502350239442 -0.7809186865993407 -0.9856768751991225 0.09705767311779176 -0.13791629993098906 18.326548798627645
-0.13719747935146487 0.010963302018506784 0.9904830425951036 57.744040640253154 0.09971022361964657 0.9950125841025801 0.0027979962859272303 -0.7852323671881452 -0.9855124164440174 0.09914516370629084 -0.1376063717577353 18.20220994287274
-0.1367335742185975 0.01044817465030629 0.990552757468214 58.736667467063164 0.09927024231532394 0.9950553410781278 0.0032073637987102255 -0.7939697756742808 -0.9856213008412849 0.09877096657600005 -0.13709466616020557 18.08131486278247
-0.13673185571903265 0.010496887570261154 0.9905524796713021 59.72777078068722 0.09931773627200609 0.9950507378548307 0.0031648627696713926 -0.7897776523430825 -0.9856167545721999 0.09881216749917093 -0.13709766103286256 17.94828618983792
-0.13669376174452713 0.009386572981636426 0.9905688808698713 60.71984911183743 0.09938677135001679 0.9950396475622528 0.004285960778703175 -0.795028234596011 -0.9856150796232537 0.09903530697098784 -0.13694861369291775 17.822775249086856
-0.13671332832977395 0.00947860901314016 0.9905653041713957 61.71047426819769 0.10040909650085032 0.9949367813272656 0.004337568675310739 -0.7933563190368588 -0.9855087413092188 0.10005477066740218 -0.13697285742005597 17.686177356406994
-0.1371212875543025 0.009623085953293259 0.9905075207771943 62.7025538608366 0.10127310150551279 0.9948491328412322 0.004354514495537466 -0.787769017356907 -0.9853636442506424 0.10090886532794666 -0.13738955377801404 17.56069092714333
-0.1371289729135789 0.010786977060620427 0.9904944653624062 63.69293978099057 0.10179425218242331 0.9948001351632566 0.0032590338717262603 -0.7892952028507682 -0.9853088728973722 0.10127355135991743 -0.1375139730524205 17.422367465942358
-0.13798818454249917 0.011485329680017147 0.9903672794114335 64.68642432890638 0.10181889545410566 0.9947994227295872 0.0026497293022989575 -0.7963315113700031 -0.9851863648341731 0.10120373381951459 -0.1384399899083264 17.30861807730694
-0.13876693858433128 0.012056320529472015 0.9902516760355525 65.67638752135875 0.10134946143177569 0.9948486910516304 0.0020901149096766245 -0.8037147657426754 -0.9851253846203653 0.10065151289542314 -0.1392740088043737 17.167485709848627
-0.14008660725326924 0.01274749685853638 0.9900571921824052 66.66661202281007 0.10029082951787598 0.9949572078072559 0.0013799083281872582 -0.8029039082356364 -0.9850469491262259 0.09948696375013023 -0.14065863663812253 17.028005391396253
-0.14093454713004416 0.011876930927814602 0.9899476713124704 67.65578794865037 0.09907211867918989 0.9950778983604357 0.0021659859149939023 -0.8055495149591445 -0.9850493229913243 0.09838147542247766 -0.14141752567496807 16.881294899259366
-0.1420717290120585 0.011495156405076333 0.9897896166331231 68.64521533626684 0.09801356237002436 0.9951819116972925 0.0025108209909606312 -0.8028531587425624 -0.9849918605790924 0.09736952300249947 -0.14251389610562118 16.736290918977442
-0.14272940133733744 0.010488776725957383 0.9897061703135313 69.63636335611749 0.09531721847349524 0.9954418165851275 0.0031965068693238217 -0.803511557311854 -0.9851613806155629 0.09479227477217163 -0.14307857557005374 16.603531176368975
-0.14455767924283838 0.011573982009429285 0.98942868379301 70.6268402132508 0.09487370736124802 0.99548684933261 0.0022164064054624637 -0.8007413729745618 -0.9849375904205594 0.0941911659672364 -0.14500333523845318 16.465879799470517
-0.147292361146472 0.01219428767721556 0.9890178257725897 71.6165122439824 0.09406814757356742 0.9955642498469293 0.0017343698529000994 -0.8114674925178182 -0.9846096403956114 0.09329053421840071 -0.14778610308574433 16.322931550278195
-0.1516863639679797 0.013059339831180088 0.9883424005016406 72.60645559165222 0.09443495164891703 0.9955301334530594 0.0013391392714719938 -0.8139551612670917 -0.983907153593895 0.09353719597088432 -0.1522416042895756 16.18148912415207
-0.1561361154038201 0.012036708692091756 0.9876622049620329 73.59331078636062 0.09240339760500027 0.9957185833162211 0.002472842448774036 -0.8189433089247834 -0.9834038466355818 0.09164944343849707 -0.15657986441351984 16.019959179373974
-0.16093632827862933 0.011233263444392148 0.9869008623122082 74.58016112007995 0.09056713403879132 0.99588443376189 0.00343348550974652 -0.8205937905062943 -0.9828006371956596 0.08993335523116834 -0.16129134863554093 15.858330980260666
-0.16545949763757534 0.012020839612576639 0.9861433232834503 75.5669575930894 0.08912274071045187 0.9960166808515479 0.002812215089419714 -0.8246974023699086 -0.9821813945141601 0.0883531034002817 -0.16587174982425518 15.696417851621336
-0.16981638562935888 0.013763055003607985 0.9853796088253227 76.55297098528396 0.09023323724844981 0.9959193103552011 0.001640169890993846 -0.8350575848272382 -0.9813360067109772 0.08919251974562996 -0.17036530267040734 15.53007412005201
-0.17348588883610425 0.015421033362643532 0.984715612806445 77.53554983113041 0.08955995245054921 0.9959814165546935 0.00018109320033223302 -0.8373174344807313 -0.9807556583022112 0.0882225005750837 -0.17416982832992922 15.344241709599517
-0.17850023906081366 0.015748608187396335 0.9838138268978482 78.52118862288773 0.08818743262672539 0.9961038970350825 5.511999954010949e-05 -0.8431811823290325 -0.9799799188666778 0.08676985450989312 -0.17919361307366038 15.175476284691655
-0.1829006558887638 0.015518679917180925 0.9830089117851808 79.50193595279285 0.08645193141340159 0.9962559589117658 0.00035761386515585056 -0.8500450628819771 -0.9793229363342585 0.08504842683091039 -0.1835574881698773 14.980315986403982
-0.18784787239985665 0.014599471615863925 0.9820896253720341 80.48354102912796 0.08502312962477837 0.9963779215673668 0.001450807322861417 -0.8628435727729327 -0.9785112387007402 0.0837728645900216 -0.1884087654402694 14.789822804747288
-0.19244474081071483 0.014239364981102391 0.9812044956171111 81.46657621527324 0.08446053793525007 0.9964246013066967 0.0021050991579778075 -0.8670954734010113 -0.9776663230703949 0.083278174786148 -0.1929593385620469 14.606455075467078
-0.197940654053847 0.014094386072508822 0.9801126699282954 82.44676894142123 0.08451154196791559 0.9964187363243037 0.002738827499076685 -0.868346702663337 -0.9765640259332413 0.08337295834444391 -0.19842291467961878 14.408413074790689
-0.20366891156658776 0.015738336132073896 0.9789133154866536 83.42832378347845 0.08511593033528742 0.9963696214908769 0.0016899033319751672 -0.8706492640025763 -0.9753328933571551 0.08366529833752885 -0.20426909944887053 14.217246209865554
-0.20894870608693894 0.016795721801733277 0.9777823591954143 84.40542541988529 0.0849075529125855 0.996388301996381 0.0010291273735900117 -0.8764664964531672 -0.9742336196636775 0.0832361422334936 -0.2096201300998914 14.004552693420683
-0.2151401970693517 0.016725111098398675 0.9764399450369203 85.38842924695638 0.08542773621232605 0.9963428210355948 0.0017563759437681239 -0.8842734587936244 -0.9728395538271449 0.08379292111846819 -0.21578217924526727 13.821133754097065
-0.2213736286369721 0.016808381399162645 0.9750442014897773 86.36919078645558 0.08441751395104284 0.9964284855500989 0.0019891009646292646 -0.8878752239605338 -0.971528383467218 0.08275114198041789 -0.22200191129472635 13.625957398134458
-0.2266937896713005 0.017672125694978013 0.9738057412532964 87.3418964276751 0.08361841749012879 0.9964968896182751 0.0013817516185874552 -0.8917749533110606 -0.9703699737630544 0.08174132953721054 -0.22737737148753115 13.393947683573401
-0.23311282820522064 0.018436671991182263 0.9722749088874246 88.32449732998153 0.08298345384828514 0.9965504242715233 0.0009991354471506474 -0.8973648584394079 -0.9689025522278145 0.08091564131935654 -0.23383862657034382 13.208302323417964
-0.23807642961645542 0.0176836517935023 0.9710854247285992 89.3083247989637 0.08431621495475534 0.9964358457073182 0.002526120589067743 -0.9052541569704307 -0.9675796554066152 0.08247965718147808 -0.23871890707365775 13.029357498835534
-0.24235434116265792 0.01763680339470071 0.9700274823352313 90.28167544365341 0.08618429745840314 0.9962733463113611 0.0034185232410546577 -0.9076463101813327 -0.9663522340178116 0.0844296310282462 -0.24297118597319098 12.800048144283396
-0.2458075455461438 0.01837909957784725 0.9691443954598742 91.25118319438613 0.08686254206498341 0.9962153616928195 0.003138775754789635 -0.9074570448529607 -0.965418846583486 0.08495388058198639 -0.24647370820327358 12.554987610031548
-0.24885438849439773 0.019093076721706473 0.9683526980126484 92.22184227335028 0.0871273458884193 0.9961933902270994 0.0027486116973732115 -0.9094981108625495 -0.9646140777147709 0.0850540045448959 -0.2495706260467325 12.314536437287435
-0.25202579279901227 0.019155372510263852 0.9675309149934278 93.19146524223359 0.08661972460570361 0.9962374022842273 0.00283929554477562 -0.9149839673070971 -0.9638360976189166 0.08452283711490363 -0.25273675421827013 12.069993632050899
-0.2561339376790411 0.019654663528860885 0.9664414623610649 94.16004835267057 0.08479363128513828 0.9963960865038919 0.002208821674771197 -0.9166657026695072 -0.9629150772848611 0.08251383521131109 -0.2568774434165286 11.82130927399357
-0.26062379276262465 0.02033908336797245 0.9652261705599222 95.12685927090989 0.08359767436918394 0.996498344210071 0.0015744289863339489 -0.9210577933214019 -0.9618142583087906 0.08110099675294356 -0.2614114780180683 11.565854115672279
-0.2657311038151685 0.0198930298288132 0.9638419205603165 96.09581426456043 0.08243595215123656 0.9965940268541066 0.002158571661386572 -0.9268497245794268 -0.9605161603315645 0.08002882607491753 -0.26646593166665744 11.318684833980612
-0.2692162842365368 0.02007207690170553 0.9628705541404418 97.05019875884174 0.0823271686252207 0.9966028322718526 0.0022432150717372223 -0.9363648387340576 -0.9595544953821157 0.07987431650134341 -0.2699541886235829 11.020256149571706
-0.2749487668076529 0.020505812538739763 0.9612401818916405 98.01809665217908 0.0815757912424684 0.9966649872908908 0.002072050094955954 -0.9448426186000249 -0.9579919445977174 0.07898363603024369 -0.275704587058914 10.769055482132964
-0.2792150543802692 0.02029304351514325 0.9600141383293859 98.975873584816 0.08071842835643371 0.9967340368798351 0.0024072907755586645 -0.9526715988373333 -0.9568299163023121 0.07816298427071713 -0.2799411708891804 10.481649785639224
-0.2835340992664473 0.019489956778043764 0.9587640774131827 99.9319613258219 0.07976596381057278 0.996808070945081 0.0033257654907458334 -0.951233104615091 -0.9556389514720155 0.0774197086246134 -0.2841837137239666 10.188572761236756
-0.287521498123694 0.019464441012541432 0.9575763800620675 100.88943951153884 0.07983177400869236 0.9968014521036125 0.0037084960208983784 -0.948913962130695 -0.9544413423439546 0.07751129350089701 -0.2881557276968243 9.900076443315136
-0.2907814780226265 0.020248343812184277 0.9565752122085528 101.83946044922658 0.08069362233643743 0.9967330472585657 0.003431008140546628 -0.9487585294799186 -0.9533806539641969 0.07818719252857574 -0.2914654208843623 9.58789032287477
-0.29473727436295066 0.02132875822368022 0.9553402656507952 102.79637766802621 0.08057784989015314 0.9967449106832041 0.002606364171523722 -0.9507373419163275 -0.9521749572469216 0.07774745719154619 -0.2954965036884027 9.297536227559904
-0.2969080311509053 0.02296517934803005 0.9546298872210127 103.74630359604026 0.08061735731611479 0.9967445220343059 0.0010952141124317852 -0.9522495431023106 -0.9514969588692637 0.0772849165885548 -0.2977928456669861 8.985064749606781
