0.9999976428394881 -0.0016371864717030383 -0.0014261612546955888 -0.025124807081482445 0.0016360521033285265 0.9999983446952766 -0.000796203631031207 -0.025303640073224515 0.0014274624277775733 0.0007938684801310171 0.999998666061037 0.9993640227005188
0.999995384938811 -0.001810982574994112 -0.0024393530273321765 -0.047396564708326844 0.0018054558025867706 0.999995802843114 -0.00226597120484682 -0.05561429851170512 0.0024434464233522315 0.002261556603173305 0.9999944574502935 1.9986563787191352
0.999988851329145 -0.002223750858007994 -0.004165591139126652 -0.07907691786445654 0.002208655301372624 0.9999909906741101 -0.003624970671840018 -0.08205186663998133 0.004173614641600309 0.0036157299032823585 0.9999847536028187 2.9978047111580004
