0.9999998573222317 -0.0004620405824330673 -0.0002680932979617495 -0.011117491797470964 0.00046248025496568 0.9999985445452191 0.0016422604716792195 -0.01633574564434318 0.00026733411677924007 -0.0016423842252219854 0.999998615552305 1.2257482330427605
0.9999987209406158 -0.0014548158952111799 -0.0006645508583259068 -0.012241581583359541 0.001455955159432769 0.9999974659080324 0.0017170824345351923 -0.034056842885857495 0.000662051135473764 -0.0017180477945357069 0.9999983049985982 2.429547647744541
0.9999959744325633 -0.0027324541761237276 -0.0007647305689220625 -0.015184700645021875 0.002733058623403971 0.9999959527579282 0.0007904798061274601 -0.05642686821938262 0.0007625675240249245 -0.0007925666774736961 0.9999993951642334 3.6904121126260563
0.9999948078426104 -0.0031368395710736235 -0.0007379195927392555 -0.01764098756790459 0.003137389892283588 0.9999948002682953 0.0007458022762859652 -0.07181314184537389 0.0007355762936628979 -0.0007481135454347768 0.999999449626668 4.946334890537445
0.999992854875087 -0.0036487210768608455 -0.0009884499359695395 -0.01663596812586623 0.003650120733918469 0.9999923330195545 0.001417928325243571 -0.0844009307681333 0.0009832687325774068 -0.0014215261555743284 0.9999985062218785 6.157359941853969
0.9999867498928351 -0.005084941100904295 -0.0008021301415508874 -0.02581202079241112 0.005087042374582341 0.99998357686506 0.0026396969597690762 -0.1050042722089441 0.0007886942644946539 -0.0026437424535214866 0.9999961942863566 7.403730970140016
0.9999889360576486 -0.004611102871112397 -0.0009303185491726771 -0.031252958098361455 0.0046140591488265745 0.9999842319508883 0.0032009854362827256 -0.12529675259301598 0.0009155438067284394 -0.003205242565577503 0.9999944440843828 8.669291634680574
0.9999924819607017 -0.0037611535146968825 -0.0009432636500992556 -0.048049367316597535 0.0037624788867450585 0.9999919316313998 0.001407275640831313 -0.14292888407114365 0.0009379630597777356 -0.0014108140704458265 0.9999985649134487 9.950396046638694
0.9999993230621157 -0.0009121090715282837 -0.0007224488568790695 -0.07097029226293175 0.0009114770221774178 0.9999992020392955 -0.0008747173318617934 -0.15928143961674962 0.0007232461180075676 0.0008740582441985739 0.9999993564684122 11.229628989588024
0.999996417463121 0.002631746151926637 -0.0004888487642332247 -0.08306163166637949 -0.0026326780639095056 0.9999946997646156 -0.001915580561683886 -0.17553617861864962 0.00048380485144868115 0.0019168606804628714 0.9999980457870893 12.449337158437412
0.9999865534587663 0.005178141671013029 -0.00028240129625543175 -0.09901580735765231 -0.005178676179609296 0.9999847357412407 -0.0019260315543083188 -0.202812066231421 0.0002724237213588132 0.001927468120710449 0.9999981053241851 13.739647878542486
0.9999803253820972 0.006271769437339158 0.00011728955177863673 -0.10867053990080115 -0.0062716512358648 0.9999798504760946 -0.000982360719959287 -0.226971396862079 -0.00012344832838900066 0.0009816057932239908 0.9999995106051687 15.01208253178934
0.9999922447485952 0.0038942905879641846 0.0005873188925649477 -0.1101196399858043 -0.0038953446103642438 0.9999907853595247 0.001804296652032387 -0.24966110030568597 -0.0005802870251616908 -0.0018065704687420892 0.9999981997834345 16.280592892801938
0.999999667924373 -0.0001251381358025141 0.0008052897553170578 -0.11889522967428548 0.00012216148957555455 0.9999931646910375 0.0036953548916322035 -0.27331893872640467 -0.0008057466807341326 -0.003695255289099998 0.9999928479047412 17.505864886620962
0.9999968378443392 -0.0024585641001568775 0.000528927109396276 -0.12666336648994744 0.002457797490709182 0.9999959353531456 0.0014451673549414506 -0.2926345118761085 -0.0005324779960710806 -0.0014438627893762542 0.9999988158630135 18.77992244195272
0.9999936303543486 -0.0035150229772154024 0.0006195677518263733 -0.1346719362561321 0.0035153552274828056 0.999993677475841 -0.0005359906429341153 -0.3102828401232267 -0.0006176798151679616 0.0005381652295976414 0.9999996644248594 20.063374222344383
0.9999984040178761 -0.0013558791127584236 0.001163423195280119 -0.14202496815441262 0.0013583478214334458 0.9999968222297821 -0.002123775302387551 -0.3355351708278598 -0.0011605399156149913 0.0021253522462416925 0.9999970680081686 21.384848119995105
0.9999969015960741 0.001400517463392124 0.0020579963763120465 -0.14984825811225455 -0.0014002896632324222 0.9999990133077122 -0.0001121269919032151 -0.3537394457943774 -0.002058151381512326 0.00010924485343462645 0.9999978760369709 22.668504201736475
0.999994586755652 0.002137152226355023 0.002501807297356123 -0.14887126530715766 -0.0021455604256542336 0.9999920433536444 0.0033630045887765277 -0.371136177134159 -0.0024946001386152088 -0.003368354162741926 0.9999912155416081 23.93450686565015
0.9999961820299216 -2.6223560628519434e-05 0.002763193424999556 -0.13866167590851494 1.174109946467522e-05 0.9999862653238165 0.005241090141721065 -0.38266969858732314 -0.0027632929134768264 -0.005241037688468035 0.9999824477140699 25.178947706411645
0.9999893976881279 -0.003905185738834491 0.0024400892769481835 -0.14194501522930414 0.0038970640315409933 0.9999868805985092 0.003324383070402207 -0.3980689707087451 -0.0024530395977933523 -0.003314838640102326 0.9999914971846121 26.55252203662268
0.999987058295577 -0.004454175453660612 0.0024583657957678562 -0.14692161966994297 0.00445122422492173 0.9999893676509487 0.0012046526292215135 -0.4194554596525098 -0.0024637053917349926 -0.0011936943015805768 0.9999962526178074 27.824214559133644
0.9999832587841613 -0.00490941889446317 0.003062638980703615 -0.1592108809316756 0.004913669350837574 0.9999869730679894 -0.0013818638982637716 -0.43520809798155985 -0.0030558149351812705 0.0013968895594729887 0.9999943553313896 29.13337098351498
0.9999919705401159 -0.0012543330321776527 0.00380598265083058 -0.16390437000732172 0.0012631535727416418 0.9999965202222981 -0.0023160281408310737 -0.4550767266906324 -0.0038030643362556636 0.0023208170849580495 0.999990075205606 30.420923899626906
0.9999911521037513 -0.00012369199765404487 0.004204808497389218 -0.1737426375660112 0.00014227052217889312 0.9999902287566589 -0.004418387749628929 -0.4855799486758148 -0.00420422089197417 0.004418946876491962 0.9999813985445908 31.789832723288857
