0.9990499837343453 -0.00034465499221268843 0.043577645798513975 0.07543468607634848 0.0004459692049737839 0.9999972204483422 -0.002315212097854555 -0.030446123444817817 -0.0435767267227888 0.002332446896754546 0.9990473605288196 0.9990387385620415
0.9960392509824519 -0.00474725314273014 0.08878780372277992 0.1538469193364154 0.0054094251051485355 0.9999593128303726 -0.007218781326574376 -0.05392784428577699 -0.08874992181600973 0.007670480520016261 0.9960244048748225 1.9980361809538651
0.9910178847875469 -0.004527766440185441 0.1336527267296832 0.2992453904783407 0.006064851139359613 0.9999200482360376 -0.011095707111214503 -0.08396277395358463 -0.13359180218813446 0.011806628083562979 0.9909661113889934 2.98932470960399
0.98375138872861 -0.002340440828373248 0.17952082751385753 0.47076499504547287 0.004821956795865831 0.9998987516099 -0.01338787741288449 -0.11082627397063079 -0.1794713177841799 0.014035984671283412 0.9836630709888001 3.9765203017030726
0.9742620844650355 -0.005004716567053294 0.22536269342091111 0.6978071444849725 0.008271411009556725 0.9998739362624043 -0.013553425509322137 -0.1318796012288563 -0.22526645230427692 0.015068656051858852 0.9741806614129823 4.952586067537086
0.962756353847572 -0.005894891267253468 0.2703062215027175 0.9665463143876829 0.010258062273177222 0.9998388614352358 -0.014731711451525615 -0.1611344740292594 -0.2701758229089503 0.01695586685600743 0.9626616868322083 5.917790279308525
0.9492820105047671 -0.00820747926163399 0.3143187901099727 1.2784480115494434 0.014362130822147675 0.9997477053141217 -0.01727005840742054 -0.1916548630537039 -0.31409774550333003 0.020908443349949533 0.9491603885889924 6.869883550267467
0.9342640600187152 -0.009997308742417221 0.3564417483618538 1.6528561452854627 0.018085212503145612 0.9996488954394307 -0.019365199080884084 -0.2072599856821522 -0.35612300016435655 0.02453853428049434 0.9341168390995328 7.799545203227269
0.9170048845214468 -0.009819172649309352 0.3987550947791024 2.050526341183993 0.019485040573885618 0.9996061845976014 -0.0201942790923619 -0.23761591117275388 -0.3983997677680571 0.026288011767899612 0.916835080851321 8.719128093740963
0.897568643472207 -0.01028736934447258 0.44075469400499007 2.497473171021856 0.020634978053301008 0.9996123562205901 -0.018690504858349048 -0.26912148712445116 -0.44039156206290064 0.025870974529201427 0.8974329862116207 9.615756048594996
0.8758202558848099 -0.010130574758896449 0.48253108794866284 2.9868978745471133 0.021300380901869326 0.9996168752757484 -0.01767474009382588 -0.30692820455367037 -0.48216716308278484 0.025757991361972023 0.8757004925918992 10.489672446850761
0.8519741767855774 -0.01053366891612191 0.5234778351656381 3.508725765448194 0.022488208172176633 0.9996111786243175 -0.016485510683865476 -0.33786647444773205 -0.5231006428821724 0.025817307924501365 0.851879794353516 11.344911732184158
0.8265194122141267 -0.01099892022038274 0.5628007506988594 4.0745245519707 0.024362553812320668 0.9995712135165807 -0.01624361661490723 -0.3734014397214933 -0.5623807671008634 0.02713692803130018 0.826432973647632 12.17153423300091
0.799311313693454 -0.012605694970141933 0.6007849201302943 4.677238837038333 0.027683427601028335 0.9994909158431242 -0.01585991750708868 -0.4007770535309034 -0.6002791447634199 0.029308797337877463 0.7992533658113073 12.971960260681081
0.7706584645719564 -0.011658299808765402 0.6371417542660056 5.313554412706545 0.028532442145540564 0.9994612016957293 -0.016223626294404037 -0.42806426538340697 -0.6366093234699013 0.03068208517193767 0.7705758748628818 13.745945826228164
0.7403577075428155 -0.014648062390037006 0.6720534942622975 6.0046432930918465 0.03338285149131406 0.9993301530966127 -0.01499434354047732 -0.4489188649867604 -0.6713836832305766 0.03353623980291419 0.7403507753164207 14.471657204481987
0.7086864114124356 -0.013811593288338555 0.7053884108561757 6.7270711025066925 0.033722672759736894 0.9993287292374453 -0.014313359585110364 -0.4806454729447761 -0.7047172139385435 0.03393126598744131 0.7086764547853875 15.165766159888438
0.6746841514777402 -0.012469641662677113 0.7380012220732194 7.469808754709962 0.034815110991705006 0.9992820382761791 -0.014943762084575637 -0.5159548067245439 -0.7372850220853506 0.03577591390041022 0.6746338860398232 15.837919260298971
0.6392202533945828 -0.013454404432435608 0.7689060063827913 8.240793050212375 0.03943359940477594 0.9991050475597477 -0.015300169234947932 -0.5346557290115576 -0.7680120174112826 0.040100909490968506 0.6391787372635669 16.478176436001164
0.6027331643119805 -0.011653798939452013 0.797857707620065 9.037530246892139 0.03947025443073783 0.9991047621755247 -0.015224099755365327 -0.5726892562827175 -0.796966016624071 0.04066771653864179 0.6026535531944474 17.085184714094698
0.5652720193339986 -0.01037440102289376 0.8248393273610801 9.86731926727425 0.04259919514662358 0.9989538385424399 -0.016629402700790573 -0.5982457993255333 -0.8238038921557257 0.04453762751585851 0.5651225946680376 17.646872175415393
0.5268922069776663 -0.008869879223909248 0.8498858320202525 10.729018325661768 0.047175005715205116 0.998709266863118 -0.018823366263872952 -0.6418365203251571 -0.8486218952289492 0.050011253976348216 0.5266305663496362 18.157039149317743
0.48801132155295845 -0.007934902639498118 0.8728012301527972 11.593204787185293 0.04886974526662114 0.9986384939398583 -0.018245723310065104 -0.6786719371260215 -0.871468127950592 0.05155769333119524 0.48773466785195385 18.663517847026192
