0.9999994999998916 0.0007196823880015834 -0.0006870877704622142 -0.014017510204047987 -0.000719771712220986 0.9999996999999451 -0.000129563656242 -0.02820321042697541 0.0006869944297927042 0.00013005814362712707 0.9999998000001633 1.1989980000124365
0.9999980999997843 0.0014308799879795154 -0.001366265170460544 -0.02787365040574491 -0.0014312330124628277 0.9999988999998903 -0.000257619056233581 -0.05608120084903126 0.0013658948300464013 0.0002595739435061787 0.9999990000003248 2.3841810000247303
0.9999955999996765 0.002145638987957171 -0.002049036170458798 -0.04180320060850785 -0.00214643501270587 0.9999975999998352 -0.00038634715622497647 -0.0841062912733178 0.0020482028303016185 0.00039074344338480135 0.9999978000004871 3.5756280000370886
0.9999921999995687 0.002860328987934665 -0.002731935170456966 -0.05573543081130756 -0.0028617470129488802 0.9999956999997798 -0.0005150909562161924 -0.11213620169768125 0.002730450830557028 0.0005229049432636495 0.9999961000006493 4.7672910000494495
0.9999877999994607 0.0035768159879119342 -0.0034167461704550615 -0.06970674101467382 -0.003579038013192492 0.9999933999997236 -0.0006441881562072429 -0.1402442021232302 0.003414419830813313 0.0006564088431423339 0.999994000000812 5.962283000061845
0.9999823999993532 0.004290399987889133 -0.004098979170453061 -0.08362554121727322 -0.004293603013435106 0.9999904999996672 -0.0007727888561981104 -0.16824580254717447 0.004095624831068798 0.0007903744430217267 0.9999913000009739 7.152769000074192
0.9999759999992455 0.005005067987866132 -0.004782444170450991 -0.0975695814202377 -0.00500943601367808 0.9999869999996105 -0.0009016144561888207 -0.19629770297188262 0.0047778698313249044 0.0009255500429011485 0.9999882000011362 8.345400000086563
0.999968699999138 0.005718770987842997 -0.005465184170448819 -0.11149890162298619 -0.005724485013920718 0.9999830999995536 -0.0010302943561793258 -0.22431930339613887 0.005459200831580887 0.0010615476427808775 0.9999845000012985 9.53676200009892
0.9999603999990303 0.0064323839878197 -0.0061480381704465785 -0.12543070182576807 -0.006439629014163314 0.9999785999994963 -0.0011589883561696872 -0.25234520382046494 0.006140451831837071 0.0011985336426608352 0.9999804000014605 10.728320000111278
0.9999510999989227 0.007145766987796244 -0.006830869170444252 -0.13936210202854174 -0.007154725014405823 0.9999735999994386 -0.0012876693561598709 -0.2803697042447739 0.006821487832093409 0.0013364796425410102 0.9999758000016227 11.919830000123635
0.9999408999988153 0.007859280987772619 -0.007514028170441858 -0.15330040223141245 -0.007870140014648365 0.9999679999993805 -0.0014164043561499084 -0.3084073046692858 0.007502656832350014 0.001475457642421377 0.9999708000017852 13.111910000136003
0.9999310999987119 0.008435907987753243 -0.008163220170439708 -0.16714080243419802 -0.008448594014878897 0.999963099999333 -0.0015206063561402454 -0.33629480509361726 0.00815009283255776 0.0015894696423248286 0.9999655000019327 14.303480000148296
0.9999062999985731 0.010214839987694863 -0.009110264170434399 -0.18181400263723124 -0.010232020015213792 0.9999458999991893 -0.001840097356125804 -0.3654237055184873 0.009090975833197337 0.0019331416420277124 0.9999568000022079 15.496590000161172
0.9999048999984929 0.009942670987704303 -0.00955912617043439 -0.1950729028399283 -0.009960151015374065 0.9999487999992124 -0.0017825313561189676 -0.392444505942619 0.009540913833100724 0.0018775716420730744 0.999952700002264 16.68758000017306
0.9999044999983843 0.009373886987760288 -0.010151340170437426 -0.2081761030430502 -0.00938911801558651 0.9999547999993366 -0.0014535383561099873 -0.41915140636763265 0.01013725983289736 0.0015487116421678943 0.999947400002248 17.881040000184804
0.9999025999982963 0.009037035987828596 -0.01063812017044147 -0.22206870324654443 -0.009048731015761374 0.9999584999994834 -0.001051573356102554 -0.4450814067933956 0.010628169832776419 0.001147732642223997 0.9999429000021878 19.076630000196413
0.9998927999981824 0.00927013098767024 -0.011333100170428899 -0.23729510344968663 -0.009293058016005691 0.9999547999991496 -0.001971849356090989 -0.4715143072184193 0.01131430983286513 0.0020769566421855808 0.9999338000026343 20.27019000020842
0.9998894999980964 0.009007104987492692 -0.011827610170415026 -0.25315590365298934 -0.009043321016178659 0.9999544999987814 -0.00301191135608211 -0.4977817076437667 0.011799949832776723 0.0031185386422305237 0.999925500003089 21.46468000022048
0.9998738999979648 0.009613272987592708 -0.012639210170420813 -0.2707637038562258 -0.009644484016468982 0.9999505999989833 -0.002410510356069433 -0.5247441080689722 0.012615409832993548 0.0025321046421285837 0.9999172000030132 22.658830000233085
0.9998621999978444 0.009849564987613742 -0.013361120170420876 -0.28879080405944657 -0.00988084701672627 0.9999485999990243 -0.002277132356057581 -0.5527301084941654 0.013338009833079745 0.002408837642089017 0.9999082000030888 23.852960000246128
0.99984959999769 0.009852333987481787 -0.014275180170409204 -0.3071147042626185 -0.009896726017049037 0.9999463999987483 -0.0030422673560413973 -0.5812326089192661 0.014244449833087548 0.0031830866420893287 0.999893500003517 25.0468400002594
0.9998347999975512 0.010114889987537536 -0.015105460170411356 -0.3273512044662291 -0.01015685001734556 0.9999446999988615 -0.002703181356027463 -0.6069839093451918 0.015077289833182739 0.002856157642045178 0.9998823000035378 26.243100000272022
0.9998321999974168 0.0092549799879082 -0.015808290170436064 -0.3472488046702328 -0.009264587017603944 0.999956899999647 -0.0005344811560164093 -0.6329432097719481 0.01580265983286531 0.000680848642187416 0.9998749000028849 27.441680000284666
0.9998233999972558 0.0086112559879438 -0.01670535017043607 -0.367798504873729 -0.008617934017924196 0.9999627999997293 -0.0003276815560005001 -0.6565642101975777 0.01670190983263644 0.0004715892422950458 0.9998604000029641 28.63712000029658
0.9998145999971114 0.007984937987709766 -0.01751954017041698 -0.38921360507647246 -0.008016013018210314 0.9999663999992476 -0.001704144355985299 -0.6824261106216795 0.017505349832423505 0.0018442656424005272 0.9998451000035934 29.828300000309444
0.9998007999969373 0.007461296987573729 -0.018510440170404065 -0.41127620528065273 -0.00750890501856135 0.9999685999989695 -0.002503665355966449 -0.7087202110487871 0.018491179832245196 0.0026421596424890054 0.9998255000040472 31.027940000322573
0.9997834999968146 0.007872527987571102 -0.019259480170401633 -0.4357161054855669 -0.007922232018827585 0.999965499998959 -0.0025057453559524548 -0.7356474114774162 0.019239089832395393 0.0026577806424200093 0.9998114000041755 32.23193000033633
0.999774199996696 0.007403985987666411 -0.01991672017040629 -0.45965330568780005 -0.007444296019063528 0.9999703999991638 -0.0019504893559404149 -0.7632533119004653 0.019901689832226715 0.0020983146424981333 0.9997997000040896 33.42024000035024
0.9997629999965827 0.007159486987710979 -0.020562080170407296 -0.4846981058910901 -0.007195731019294152 0.9999726999992598 -0.001689150355928233 -0.7915945123257278 0.020549429832140077 0.0018367086425389923 0.9997872000041065 34.61480000036461
0.9997577999964894 0.006402721987725957 -0.02105455017040646 -0.5098190060949452 -0.006438109019470194 0.9999778999993001 -0.0016133193559187014 -0.8182722127521292 0.02104375983187106 0.0017484806426661414 0.9997770000041635 35.81256000037839
0.9997446999963888 0.006469360987724861 -0.021649040170404282 -0.5367057062986129 -0.006505831019681773 0.9999774999992972 -0.0016145073559070576 -0.8457827131781391 0.02163810983189741 0.0017549406426549247 0.9997643000042652 37.00928000039277
0.9997455999963434 0.0055956969878127195 -0.021849870170409617 -0.5627412065024324 -0.00562143301975487 0.9999835999994915 -0.0011165703559033345 -0.8734675136044797 0.021843259831582196 0.001239113642801679 0.9997606000041219 38.206900000407074
0.9997468999963594 0.005730088988017779 -0.02175759017042452 -0.5904619067064296 -0.00572952101972442 0.9999835999999184 8.851291409459842e-05 -0.9001114140311458 0.02175773983162049 3.617011277877056e-05 0.999763300003677 39.405490000421295
0.9997472999963897 0.006200802988177007 -0.021606470170436272 -0.618170306910146 -0.006179958019672663 0.9999803000002453 0.0010314746440918264 -0.9268582144572276 0.021612439831780888 -0.0008976863573002931 0.9997660000033153 40.60244000043555
0.9997431999964085 0.006994167988103308 -0.021554190170431548 -0.6466319071137521 -0.006982521019653208 0.9999754000000814 0.0006156640440906659 -0.9531287148830585 0.021557969832067498 -0.0004650032574337875 0.9997675000034544 41.798710000449766
0.9997392999964362 0.007822382988084261 -0.021449630170430795 -0.6756680073175397 -0.00781301601961578 0.9999693000000316 0.0005205577440885944 -0.9776312153092171 0.02145303983236403 -0.0003528356575727954 0.9997698000034703 42.99592000046344
0.9997216999965491 0.010798169988330808 -0.02097680017045017 -0.7080160075217738 -0.010758080019453246 0.9999401000005106 0.0020233586440800456 -1.0004120157362268 0.02099739983341621 -0.0017971253580696559 0.9997779000028543 44.19563000047707
0.9997510999968203 0.011073629988864596 -0.019367010170491146 -0.7358613077260915 -0.010975980018892545 0.9999265000016226 0.005141410644053177 -1.0203650161633935 0.019422519833488826 -0.004927557358111764 0.999799200001469 45.395630000488914
0.9997772999971208 0.011637159989331925 -0.017605890170526363 -0.761727507930527 -0.011500000018277707 0.9999029000025921 0.007871627644026814 -1.0374440165907584 0.017695779833671044 -0.007667405358199417 0.9998140000001959 46.596120000499404
0.9998037999974211 0.011919699989896147 -0.015821270170565525 -0.7844470081358342 -0.011743830017656899 0.9998687000037672 0.011162919644005974 -1.0512070170198995 0.015952259833753393 -0.010974920358235395 0.9998124999987192 47.80149000050818
0.9998272999976366 0.011607069990258595 -0.01451319017058975 -0.8050204083407563 -0.011414710017198586 0.9998468000045279 0.013267579643992375 -1.06409201744824 0.014664969833632144 -0.013099620358174297 0.9998066999977466 49.00454000051627
0.9998654999978719 0.009923125989969861 -0.013055970170576105 -0.8220020085450153 -0.009772672016666092 0.9998857000039455 0.011537689643960139 -1.0738500178751593 0.013168969833040658 -0.011408540357901106 0.9998481999981145 50.203480000522646
0.9998739999980616 0.010398469989575892 -0.011998060170554745 -0.8402902087496202 -0.010288110016282818 0.9999045000031168 0.00922332064393418 -1.085315018302829 0.012092829833222836 -0.009098718357988835 0.9998854999987586 51.404570000529844
0.9998707999982127 0.01154740998954404 -0.011183600170554446 -0.8594630089542363 -0.01144656001599563 0.9998936000030363 0.009040289643920472 -1.0982860187305485 0.011286799833636079 -0.008911106358180805 0.9998965999986851 52.60583000053773
0.9998819999982105 0.010573459989466422 -0.011143350170549654 -0.8753783091595451 -0.010478180015976592 0.999908300002886 0.00857457364391835 -1.112635019159789 0.011232989833289185 -0.008456798358020018 0.9999011999988441 53.81125000054556
0.9998802999980784 0.009904894989344744 -0.011884060170540656 -0.8928730093645926 -0.009811863016235923 0.9999209000026402 0.007861424643928182 -1.1278830195884872 0.0119609898330521 -0.00774387835791054 0.9998984999992244 55.015200000553975
0.9998591999978184 0.010071969989333893 -0.013419530170536847 -0.9118602095698305 -0.009967695016782933 0.9999198000026155 0.007815016643953378 -1.1431520200175667 0.013497159833111208 -0.0076801533579386305 0.9998793999995026 56.22027000056265
0.9998372999975558 0.010097079989591322 -0.014944680170549193 -0.9332309097754555 -0.009958179017331448 0.9999068000031528 0.009339763643984004 -1.160687020447483 0.015037589833111552 -0.009189421357938276 0.9998446999992195 57.42777000057254
0.9998224999973906 0.01009403998965533 -0.015909110170550647 -0.9562150099806597 -0.009940127017676173 0.9999033000032865 0.009724524644002143 -1.1756550208764358 0.016005729833107645 -0.009564658357936509 0.9998261999992468 58.632620000581795
0.9997986999972583 0.011052659989607846 -0.016745290170545674 -0.9814360101860553 -0.010895120017976023 0.9998958000031755 0.009469923644016182 -1.1902780213057538 0.016848219833451916 -0.009285574358097244 0.9998148999994799 59.83857000059129
0.999782099997141 0.011445369989585391 -0.017457780170542395 -1.0067150103910287 -0.011283330018230448 0.9998926000031237 0.009352646644028633 -1.2056000217342053 0.01756295983359304 -0.009153625358163046 0.9998038999996431 61.04209000060107
0.9997861999971055 0.010801069989492765 -0.017632480170536112 -1.0311260105960005 -0.010647140018288532 0.9999046000029382 0.008800714644030051 -1.2213200221626743 0.0177258598333657 -0.008611096358057492 0.9998057999998696 62.24563000061083
0.9997954999970565 0.009508882989328697 -0.01785067017052509 -1.0538630108006772 -0.009370520018359122 0.9999255000026114 0.007818951644031135 -1.237483022590558 0.01792368983290932 -0.007650080357844669 0.9998101000002567 63.44747000062046
0.9997929999969905 0.009088419989488599 -0.018201030170533868 -1.078473011005077 -0.008930260018485727 0.9999218000029504 0.008752214644040354 -1.251701023017792 0.018279159832752898 -0.008587861357771676 0.9997959999999841 64.64755000062972
0.9997888999969476 0.009083059989861551 -0.018428810170555688 -1.1031930112099348 -0.008882419018573739 0.9999007000037293 0.010940249644052236 -1.267101023446012 0.018526349832736558 -0.010774250357763242 0.9997702999992435 65.85040000063941
0.9997791999969035 0.009523956989613407 -0.01872882017053996 -1.129538011413848 -0.009347320018677378 0.9999112000032057 0.00949644264405255 -1.281112023872203 0.018817599832903823 -0.009319280357842139 0.9997794999998092 67.0476100006489
0.9997623999969102 0.01103352998932145 -0.018802110170522048 -1.1576800116171364 -0.01088822001870177 0.9999102000025776 0.007813076644048724 -1.2939220242970366 0.018886629833455633 -0.007606496358099112 0.9997927000004212 68.24107000065825
0.9997346999969196 0.013195929989342868 -0.018879290170523554 -1.1869300118205186 -0.013047220018735546 0.9998830000025957 0.007978687644050644 -1.3094170247221204 0.018982369834229497 -0.007730246358458031 0.9997899000003752 69.43527000066877
0.9997103999969496 0.015004349989381535 -0.018812310170526512 -1.21531601202334 -0.014851540018717732 0.9998558000026541 0.008236957644050129 -1.3246780251460353 0.01893318983487643 -0.007955179358756611 0.9997891000002718 70.62616000067905
0.9996882999970023 0.016657139989458444 -0.01859770017053223 -1.2432260122259875 -0.016497330018648507 0.9998259000027943 0.008713767644047557 -1.339456025569582 0.018739609835466513 -0.008404237359027702 0.9997891000000653 71.81600000068907
0.99969909999717 0.01706542998961762 -0.01762360017054486 -1.2685670124279949 -0.016897440018308462 0.9998108000031215 0.00963771164403261 -1.3557430259918593 0.017784729835607208 -0.009337016359091921 0.99979829999957 73.00219000069917
0.9997035999975387 0.01873149998971785 -0.015552110170556641 -1.2928380126298573 -0.018573940017580066 0.9997753000033102 0.010214379643997613 -1.3714700264138322 0.015739949836203696 -0.009922484359363277 0.9998268999990113 74.18749000070893
0.999751999997985 0.018143309989593667 -0.012913170170554976 -1.310252012830449 -0.018022250016633604 0.9997931000030582 0.009430320643949873 -1.3901250268333045 0.01308159983599891 -0.009195255359269353 0.9998721999988408 75.36554000071857
0.9998363999983532 0.014638319988660109 -0.010625240170499395 -1.3201380130305782 -0.01459781001577934 0.9998859000011514 0.0038809446438997476 -1.407515027251869 0.010680839834764566 -0.003725203358704944 0.9999360000004277 76.54079000072645
0.9998510999987801 0.015193119988373745 -0.008185862170483713 -1.330920013230726 -0.015175840014902079 0.9998825000005463 0.0021695926438604876 -1.4270850276705156 0.008217862834967988 -0.0020450423587983074 0.9999642000006216 77.71630000073523
0.9998809999992615 0.014502419989040677 -0.005257612170530643 -1.3379500134313234 -0.014470640013878792 0.9998771000019482 0.006033894643824064 -1.448797028090201 0.0053444718347116634 -0.00595709435867864 0.9999679999987459 78.89460000074415
0.9998916999998244 0.014593049989377735 -0.0019338431705534672 -1.3409420136311825 -0.01457722001270518 0.9998620000026511 0.007962397643784827 -1.4685340285083424 0.0020497718347478096 -0.007933343358688711 0.9999663999974923 80.06843000075169
0.9998850000005143 0.015024709989004278 0.0020516078294708783 -1.342290013829755 -0.015036220011274656 0.9998706000018656 0.0057129406437316805 -1.485826028923754 -0.0019655071650875266 -0.005743131358765359 0.9999815999976143 81.23454000075807
0.999885000001099 0.014133749988573288 0.005503276829501991 -1.3356510140280329 -0.014151170010030337 0.9998949000009761 0.0031389916436909493 -1.5060960293387193 -0.005458334165402823 -0.003216507358622141 0.9999798999979429 82.39913000076416
0.9998797000016639 0.012729169987917892 0.008863338829551743 -1.3238650142252901 -0.012723120008814141 0.9999187999996239 -0.0007394371563423782 -1.5303120297517117 -0.00887203216591066 0.0006265787416087723 0.9999604999987519 83.55801000077076
0.9998558000022149 0.011873759987736668 0.012144849829570961 -1.3092680144226323 -0.01185235000764047 0.9999280999992556 -0.0018332713563688884 -1.5554720301649374 -0.012165750166216797 0.001689061641751275 0.9999245999985822 84.71745000077725
0.9998073000028289 0.011676429988067092 0.015781679829556586 -1.2929930146199862 -0.01167891000635237 0.9999317999999486 6.528196360504725e-05 -1.580587030578208 -0.015779840166270317 -0.00024958225821640435 0.9998754999972859 85.8769600007834
0.9997260000034945 0.01277106998823118 0.01961988982955752 -1.2731210148164385 -0.012792380004988325 0.9999177000002779 0.000960483843583447 -1.6050740309896228 -0.019606010165859784 -0.0012112053583979768 0.9998070999963126 87.03114000078874
0.9996514000041198 0.012444229987842673 0.023284159829598756 -1.2471310150126242 -0.012415990003671724 0.99992199999947 -0.0013571773564322567 -1.6306730314005804 -0.02329923016598116 0.001067608641656204 0.9997279999965136 88.18383000079345
0.9995737000046788 0.012124829987408518 0.02656001982964472 -1.216671015208272 -0.012024450002492896 0.9999198999985665 -0.003935727356439959 -1.6561630318104656 -0.026605610166107397 0.0036146786417113963 0.9996394999968737 89.33336000079734
0.9994807000052357 0.012212729987347272 0.029818019829665476 -1.1827450154039953 -0.012088680001329365 0.9999174999984376 -0.004336840356445632 -1.6831630322205884 -0.02986853016606866 0.003974126641697268 0.9995458999964613 90.48344000080118
0.9994064000057067 0.010864389987554882 0.032693089829665296 -1.1441280156002336 -0.010768470000310927 0.9999371999988881 -0.003108733356449677 -1.7104190326318467 -0.03272481016652632 0.002754833641920095 0.9994605999955338 91.6365500008043
0.9993189000061723 0.010108509987780652 0.03549008982966519 -1.1017500157967675 -0.010051389999318969 0.9999478999993693 -0.0017875713564503284 -1.7360860330437307 -0.03550631016676686 0.0014296286420451346 0.9993683999945864 92.79129000080623
0.9992253000066295 0.009287853988096695 0.038244079829659994 -1.0560150159935024 -0.009297314998343336 0.9999568000000401 6.948715355231368e-05 -1.7606500334560466 -0.03824179016701955 -0.00042500065781814265 0.9992683999934552 93.94713000080716
0.9991384000070325 0.008157563988291122 0.04069359982966269 -1.0061190161901787 -0.00821453599747292 0.9999655000004601 0.0012329566435577118 -1.7850710338682882 -0.040682140167390475 -0.0015661733576285673 0.999170899992623 95.10262000080736
0.9990531000074054 0.006863192987917488 0.04296189982970459 -0.9539660163863892 -0.006830005996657847 0.9999761999996952 -0.0009192476564357527 -1.8095430342795837 -0.04296719016786917 0.0006249469425882621 0.9990762999930032 96.25538000080721
0.9989655000077624 0.0053985099873006875 0.04515418982976538 -0.8975398165834472 -0.005201347995869433 0.9999763999984238 -0.004482798356424139 -1.8348710346927228 -0.045177330168434435 0.004243296642837863 0.998969999993899 97.41317000080662
0.998868500008118 0.005748712986767655 0.04720813982982259 -0.8410031167806988 -0.005394133995129894 0.9999562999973052 -0.007634949356408092 -1.861916035106312 -0.04724997016834922 0.007371662642785324 0.9988558999946722 98.57222000080662
0.9987897000083966 0.005894855986594811 0.04883026982984964 -0.7820453169793539 -0.005478099994548686 0.999947399996942 -0.008664245356396738 -1.8916430355229261 -0.048878780168305866 0.008386259642763582 0.9987694999947624 99.73968000080717
0.9987595000085003 0.0059543249867008725 0.04943637982984646 -0.7233569171791792 -0.0055630419943334475 0.9999520999971631 -0.008048731356395233 -1.9224570359420166 -0.049481940168270455 0.007763728642751772 0.9987448999944398 100.91410000080816
0.9987950000083748 0.006151442987044504 0.048690599829813726 -0.6655319173800639 -0.005864211994603165 0.9999644999978791 -0.006039799356404399 -1.953029036363298 -0.048726030168169204 0.005746987642713754 0.998795699993851 102.09470000080917
0.9988645000081331 0.0054680019873161265 0.047326769829781554 -0.6077182175815493 -0.005265286995094297 0.9999763999984552 -0.004406917356414427 -1.9830930367858262 -0.04734975016839441 0.004152723642826018 0.9988696999935018 103.27880000081004
0.9989556000077957 0.005748433987426958 0.045328079829757534 -0.5505715177842496 -0.005583724995808274 0.9999772999986833 -0.0037595173564244767 -2.012875037210876 -0.04534867016829649 0.0035024906427778934 0.9989650999936119 104.4700000008109
0.9990632000073784 0.005895616987527625 0.04287053982973155 -0.4977483179881096 -0.005765334996686088 0.9999783999988922 -0.003161991356434411 -2.0411180376382605 -0.04288825016825013 0.0029118656427524134 0.9990755999938179 105.66790000081198
0.9991887000068553 0.006377171987525985 0.03976664982970979 -0.448327218192204 -0.006255911997792801 0.9999753999988826 -0.0031730393564429805 -2.0697390380661034 -0.039785910168096746 0.0029216876426713945 0.9992039999943509 106.86720000081375
0.999320800006233 0.007835241987478623 0.03600759982968935 -0.4053771183972208 -0.007714879999131152 0.999964199998766 -0.0034804483564483705 -2.098282038495793 -0.03603358016759951 0.0032002896424268364 0.9993454999951012 108.07190000081658
0.9994529000055686 0.007975422987510286 0.03209953982966403 -0.36510761860257657 -0.007874505000525363 0.9999635999988303 -0.003269149356449233 -2.127000038926162 -0.03212445016756517 0.003014591642403154 0.999479299995692 109.27860000081996
0.999569100004887 0.008622269987700352 0.028058989829629268 -0.32907531880899166 -0.00856555200196889 0.9999609999992197 -0.002141033356445267 -2.1568530393587255 -0.0280763601673388 0.0018997696422938175 0.9996039999959788 110.49160000082446
0.999679400004152 0.008809001987838317 0.023738569829599862 -0.29852831901587934 -0.008780628003511808 0.9999605999995057 -0.0012993163564339232 -2.1856650397921853 -0.023749080167280986 0.0010904606422621295 0.9997173999964153 111.7073000008295
0.9997737000033947 0.008964039987963475 0.019291259829574216 -0.27267181922289924 -0.00895549900509962 0.9999596999997654 -0.0005291838564150034 -2.2134020402258376 -0.019295230167234757 0.0003563011422360224 0.9998137999968988 112.92370000083497
0.9998512000025828 0.009347450987994355 0.0145021998295578 -0.25377921943034076 -0.009343926006807257 0.9999562999998253 -0.0003109411563865047 -2.240145040660262 -0.014504470167109597 0.00017538734217187617 0.9998947999976374 114.14250000084127
0.9999025000017507 0.0101782899879946 0.009563340829547214 -0.24155231963802645 -0.01017616000856734 0.9999481999998155 -0.00027186165634851696 -2.26780404109514 -0.009565613166821866 0.00017451694203313384 0.9999541999984656 115.36280000084903
0.9999322000009121 0.010693729987943155 0.004603701829544281 -0.23407171984619007 -0.01069143001033347 0.9999426999997018 -0.0005259435563016233 -2.2968300415309946 -0.004609062166643367 0.00047668764194722904 0.9999892999994014 116.58600000085809
0.9999330000001306 0.011579519987839711 -4.926645045075221e-05 -0.23257112005474237 -0.011579570011988538 0.9999322999994746 -0.0010837583562494958 -2.327575041967633 3.6713723672891474e-05 0.0010842556417999384 0.9999994000003931 117.8116000008688
0.9999029999995245 0.01341512998778508 -0.003741016170446237 -0.2372931202637587 -0.013420290013301236 0.9999089999993379 -0.0013562973562026815 -2.3580010424051587 0.003722481834333758 0.0014063706414953337 0.9999921000011197 119.03990000088042
0.9998585999991918 0.015760189987815636 -0.005858555170447169 -0.2464440204733238 -0.015767110014055036 0.9998749999993727 -0.0011372543561737945 -2.388148042843772 0.00583989983517738 0.0012294666411076986 0.9999822000014027 120.27140000089271
0.9998369999990387 0.01671110998776575 -0.006828606170442802 -0.2562318206826266 -0.016721100014398266 0.9998591999992565 -0.0014092433561598608 -2.4174240432818066 0.006804095835520919 0.0015231956409512298 0.9999757000016649 121.50130000090479
0.9997911999988794 0.01884222998783352 -0.007907589170446686 -0.26967892089386336 -0.018850550014783758 0.9998217999993718 -0.0009793679561443027 -2.4446350437237876 0.007887726836287343 0.0011282256406012752 0.9999683000016959 122.74240000091677
0.9997551999987236 0.020256359988030253 -0.008898890170459514 -0.283571721105002 -0.020255350015144377 0.9997947999997654 0.00020430814387038321 -2.4715000441655492 0.00890120383679394 -2.400803963016271e-05 0.9999604000014433 123.98290000092871
0.9997473999985953 0.020294559988023618 -0.009654303170458041 -0.29701552131625325 -0.020293770015413177 0.9997939999997509 0.00018099914388192405 -2.4989190446075664 0.009655988836808956 1.4968730363610556e-05 0.9999534000015804 125.22410000094077
0.9996671999984845 0.023568199988307788 -0.010493080170476827 -0.3168152215283966 -0.023549590015725298 0.9997208000003037 0.001894704643895602 -2.521615045051254 0.010534809837982514 -0.0016469653601683476 0.9999432000011128 126.47020000095222
0.9996211999983929 0.02520160998880337 -0.011065750170509248 -0.33607602174121687 -0.02514942001595597 0.9996720000013187 0.004830971643908196 -2.5432890454963357 0.011183869838560295 -0.004550843360429396 0.9999271000001643 127.72020000096322
0.9996375999982471 0.02417675998888981 -0.01184163017051347 -0.35320432195403045 -0.024114810016235267 0.9996949000015124 0.005347019643921586 -2.561295045941336 0.01196729983818892 -0.005059522360262855 0.9999156000001127 128.96990000097253
0.999638099998159 0.023881059988563602 -0.012385220170490976 -0.37044242216694234 -0.02384011001641217 0.9997098000008346 0.0034434316439274568 -2.5781250463865137 0.012463859838090972 -0.0031469193602177586 0.9999174000008832 130.22010000098146
0.9996899999980005 0.02116354998868611 -0.013116800170497366 -0.38454502238074334 -0.021110800016675597 0.9997685000011248 0.004147836643940493 -2.596170046833617 0.013201549837109808 -0.0038696443597754327 0.9999054000007571 131.47560000099023
0.9997229999977931 0.01881768998901849 -0.014138910170516534 -0.3976226225949465 -0.01873314001704977 0.9998060000018485 0.006088650643961248 -2.6148080472815876 0.014250749836257138 -0.005822097359388906 0.9998815000002398 132.73350000099904
0.9997670999977046 0.0160332099893399 -0.014446710170535764 -0.41337312280994204 -0.015919640017164657 0.9998417000025547 0.007941935643971134 -2.6313570477311297 0.01457175983524731 -0.00771009735892697 0.999864099999632 133.99590000100764
0.9997890999976268 0.014276469989656532 -0.014765420170554202 -0.42991212302512877 -0.014132950017282877 0.9998523000032378 0.009779036643982397 -2.6461400481810182 0.014902849834607055 -0.009568293358631281 0.9998431999990318 135.2593000010157
0.9998428999975946 0.009895167989328067 -0.014709290170533516 -0.44388672324030914 -0.009781329017241623 0.9999218000026056 0.007791336643975204 -2.660056048630902 0.014785239833047614 -0.007646234357909189 0.9998614999997304 136.52260000102305
0.999864999997561 0.007231493989042464 -0.014754310170514921 -0.45705562345607925 -0.007142445017246299 0.9999560000020414 0.006079342643971754 -2.675992049082077 0.014797619832103742 -0.005973139357467315 0.999872700000348 137.78950000103097
0.999877799997574 0.00564458798903994 -0.014576920170514937 -0.4720570236719018 -0.005557022017179803 0.9999663000020553 0.006040788643968634 -2.693213049533373 0.014610529831536753 -0.005959045357200474 0.9998755000003317 139.05680000103968
0.9998819999976193 0.0055982479891112215 -0.014305780170520139 -0.49081502388882187 -0.005506331017083984 0.9999640000022048 0.006456573643964923 -2.7113160499869404 0.014341419831517982 -0.006377037357191757 0.9998768000001373 140.33060000104933
0.9998896999977411 0.005971144989413961 -0.013602510170540864 -0.5099508241060301 -0.005859504016838108 0.9999489000028328 0.00823257064395764 -2.7281340504410734 0.013650979831642486 -0.008151956357249942 0.9998735999993846 141.6060000010586
0.9998799999978869 0.008591961989708331 -0.012893610170560748 -0.5316574243230434 -0.008463478016598353 0.9999143000034157 0.009986779643951503 -2.7441340508947474 0.012978309832571802 -0.009876454357684366 0.9998669999986386 142.88020000106798
0.999886599997987 0.008660586989571872 -0.012318710170553679 -0.5501461245398254 -0.008547757016391436 0.9999213000031298 0.009182759643939274 -2.759529051347961 0.012397269832600701 -0.009076419357698559 0.9998819999988272 144.1530000010766
0.999888999998064 0.00895428198912655 -0.011911510170526756 -0.5681071247563123 -0.00887644401623912 0.999939000002196 0.006571728643925315 -2.775354051800576 0.011969629832717389 -0.006465265357754932 0.9999074999996878 145.42410000108532
0.9998924999981402 0.009105109988773535 -0.011494250170504717 -0.5862240249725514 -0.009053901016084196 0.9999489000014568 0.00449961264391451 -2.7948300522527614 0.01153463983278001 -0.004395060357784171 0.9999238000003549 146.69400000109533
0.9999060999981723 0.007812497988072611 -0.011258450170457472 -0.6015689251882579 -0.0078087990159868845 0.999969400000008 0.00037255944390712434 -2.8188640527039825 0.011261019832334124 -0.00028460935757113667 0.9999366000017849 147.96110000110653
0.9999109999982634 0.007891192987477867 -0.010759110170415767 -0.6184009254037409 -0.00792518001579923 0.999963699998764 -0.0031197813560991062 -2.8445470531547583 0.01073409983237475 0.0032047706424174743 0.999937300002944 149.22700000111857
0.9999146999982906 0.007643518987286883 -0.01059073017040189 -0.6344428256190807 -0.007688832015736496 0.9999613999983678 -0.004244256356100268 -2.8750570536053655 0.010557879832289922 0.004325324642460512 0.9999349000033159 150.49240000113215
0.9999150999982723 0.0074706569873528575 -0.01068148017040662 -0.6492857258341098 -0.007512242015770127 0.9999642999985078 -0.003858175356099394 -2.9087570540554166 0.010652269832226943 0.003938088642488945 0.9999355000031938 151.7562000011467
0.9999103999982859 0.00811723298741135 -0.010646940170411094 -0.6669047260499892 -0.008155002015757877 0.9999605999986224 -0.003508696356100414 -2.939717054507145 0.010618039832456733 0.0035952076423800476 0.9999372000030634 153.0248000011607
0.9999007999982527 0.00893226398761769 -0.01088975017042587 -0.6841745262650086 -0.008957684015847114 0.9999571999990438 -0.002287657356097826 -2.969914054957061 0.010868849832744321 0.002384977642242327 0.9999381000026698 154.2883000011744
0.9998936999982144 0.009403346987713652 -0.011141810170432427 -0.7034750264803135 -0.009423055015938335 0.9999540999992386 -0.0017174373560942375 -2.997619055407486 0.011125149832911322 0.0018222446421631293 0.9999365000025098 155.5533000011876
0.9998849999981259 0.009671332987670058 -0.01168366017042832 -0.7212308266953853 -0.009694938016130226 0.999950999999144 -0.0019651763560853616 -3.024885055857432 0.011664079833009664 0.0020782226421185513 0.9999298000026905 156.81690000120034
0.9998741999980205 0.009992073987699029 -0.01232232017042923 -0.740133926910002 -0.010014820016358015 0.9999481999992007 -0.0017852793560751124 -3.0517070563064017 0.012303849833125461 0.0019084606420648746 0.9999225000027354 158.07780000121312
0.9998708999978952 0.009437092987887266 -0.013004830170441208 -0.7581397271252055 -0.0094467480166052 0.9999550999996009 -0.0006809687560643376 -3.0793410567566295 0.012997819832923646 0.000803734142157022 0.9999152000024584 159.34220000122602
0.9998534999977927 0.01030764998793826 -0.013664650170443536 -0.7785169273399102 -0.010313590016840957 0.9999466999996967 -0.0003643026560533715 -3.107330057205795 0.013660169833235423 0.0005051808420116164 0.999906600002458 160.60370000123945
0.9998419999976936 0.010592459987777641 -0.014277200170430769 -0.7989665275544284 -0.010612050017055456 0.9999427999993575 -0.0012963873560426868 -3.135262057654568 0.014262649833343712 0.0014476926419644547 0.9998972000028945 161.8641000012529
0.9998250999975609 0.011036349987589057 -0.015101060170415292 -0.8210143277692463 -0.011073640017344203 0.9999357999989579 -0.0023876863560277966 -3.162340058103927 0.015073739833511035 0.00255449164189128 0.9998831000034238 163.12620000126626
0.9998059999974666 0.01187480998758936 -0.015715940170413945 -0.8448485279843835 -0.01191344001756234 0.9999261999989482 -0.0023666013560170837 -3.1912240585539777 0.01568667983381347 0.0025533726417517723 0.9998737000035209 164.3903000012806
0.9997990999973515 0.011556379987473367 -0.016376060170403713 -0.8676072281990734 -0.0116077400177949 0.9999279999987096 -0.0030442123560047605 -3.2218450590031504 0.016339709833705744 0.0032336896418054114 0.999861300003875 165.65190000129542
0.9997824999972187 0.011811459987267339 -0.017189100170386322 -0.8915914284139016 -0.011885980018078971 0.9999202999982757 -0.004239466355988611 -3.2523290594525935 0.017137659833807693 0.004442853641764673 0.9998433000044397 166.91430000131035
0.9997695999971152 0.011986959987293641 -0.01780678017038657 -0.9159259286286967 -0.012061330018299279 0.9999188999983287 -0.004074819355977615 -3.282708059901961 0.017756499833872365 0.004288652641735256 0.9998332000044863 168.1765000013253
0.999752299996994 0.012336229987534787 -0.018524340170402272 -0.9418036288439421 -0.012387310018560463 0.9999197999988285 -0.002645128355966065 -3.313952060352272 0.018490229833991446 0.0028739386416753985 0.9998249000040993 169.44140000134087
0.9997373999968676 0.012409739987613607 -0.019264730170405756 -0.9682551290589224 -0.012453860018826052 0.9999200999989922 -0.002172174355952637 -3.3446000608020054 0.019236239834017694 0.002411523641662761 0.9998121000040571 170.70470000135634
0.9997202999967623 0.012772939987663472 -0.019904990170407387 -0.9957698292743796 -0.012812570019055008 0.9999161999990921 -0.0018647563559406944 -3.373848061252689 0.019879499834148398 0.0021192676416022386 0.9998001000040567 171.97070000137143
0.9996999999966439 0.013210509987722803 -0.020625050170409394 -1.0243190294894353 -0.01324422001931266 0.9999110999992109 -0.001498835355927119 -3.4024470617025053 0.020603419834305636 0.0017715486415294658 0.9997862000040493 173.23430000138652
0.9996845999965456 0.013419939987588982 -0.021229120170397735 -1.0536470297045488 -0.013471160019523816 0.9999066999989286 -0.002271637355914861 -3.431925062152455 0.02119665983438911 0.002556901641495333 0.9997721000044278 174.49830000140204
0.9996606999964847 0.014451229987471025 -0.021671760170387848 -1.083166029919101 -0.01451821001967682 0.9998902999986692 -0.0029363853559055348 -3.4612380626012254 0.021626949834766193 0.0032500236413253777 0.9997608000047402 175.75900000141746
0.9996488999964166 0.014652809987557509 -0.022077940170392767 -1.1119650301347792 -0.014709760019823851 0.9998888999988474 -0.002418874355897999 -3.491932063052392 0.02204004983483645 0.0027427856412915153 0.9997533000046249 177.0264000014333
0.9996423999963601 0.014573719987403777 -0.02241892017038028 -1.1409400303496464 -0.01465169001994062 0.999887099998527 -0.0033174593558903172 -3.523533063501882 0.02236803983481687 0.003644747641305638 0.9997432000050032 178.2891000014495
0.9996588999963344 0.013258119987086273 -0.022500710170355962 -1.1674980305640652 -0.013378490019962658 0.9998968999978792 -0.00520742435588581 -3.555449063950474 0.02242934983436048 0.005506672641526407 0.9997333000056904 179.5492000014654
0.9996873999962486 0.010306409987153528 -0.022777180170359176 -1.193384030778728 -0.010419990020068489 0.9999337999980561 -0.00487375035588086 -3.587083064399574 0.022725449833301655 0.005109564642016422 0.9997287000056188 180.81070000148105
0.9996813999961915 0.010248819987705311 -0.023068850170398628 -1.220912030993408 -0.010289260020184338 0.9999456999992102 -0.0016349513558787574 -3.617217064848654 0.023050849833256105 0.0018717916420220005 0.9997326000045147 182.0722000014965
0.9996813999961625 0.010029179988585105 -0.02316311017045916 -1.2498190312086301 -0.009950237020236449 0.9999443000010514 0.0035208886441249008 -3.644685065298786 0.023197129833135325 -0.00328928835794006 0.999725500002694 183.33670000151116
0.9996733999961342 0.010362809988453316 -0.023360660170449642 -1.2802670314225597 -0.010301160020304317 0.9999431000007719 0.00275764064412805 -3.6691310657461207 0.023387909833261705 -0.002516097357996505 0.9997233000029994 184.59340000152508
0.9996605999962023 0.012019209987922372 -0.023115240170414383 -1.3119190316352878 -0.012029860020205051 0.9999275999996421 -0.0003217056558782721 -3.6942090661909472 0.023109699833879737 0.0005996696417266602 0.9997328000040545 185.8431000015394
0.9996500999961596 0.01230446998754343 -0.02341722017038614 -1.3427680318478934 -0.012367170020302706 0.9999202999988464 -0.002534452355871021 -3.7223580666356053 0.023384169834001694 0.0028231696416806335 0.9997226000048943 187.09230000155472
0.9996510999961248 0.011883409987559268 -0.023589740170386505 -1.3714750320600135 -0.011944470020364964 0.9999255999988844 -0.0024489773558675656 -3.7526640670793276 0.023558889833850936 0.00272988964175052 0.9997187000048934 188.3388000015704
0.9996524999961355 0.011927539987839735 -0.023507980170406995 -1.4008720322721986 -0.011949740020342825 0.9999282999994702 -0.0008037380558701846 -3.7818610675231485 0.023496699833852573 0.001084372641742036 0.9997233000042931 189.58560000158582
0.99965509999616 0.012029129988179543 -0.023343680170431466 -1.4299130324841116 -0.012004630020292839 0.999927200000179 0.0011896246441265995 -3.8110430679664042 0.02335629983387168 -0.0009089814582748884 0.9997268000035551 190.83080000160118
0.9996762999962555 0.011435269988344684 -0.022729550170444975 -1.4569200326949558 -0.011389600020077975 0.9999328000005314 0.0021377106441147556 -3.839753068407439 0.022752469833648963 -0.0018781383581756511 0.9997394000031126 192.06970000161598
0.9997052999964844 0.011469559988266211 -0.021395640170444458 -1.4823470329049258 -0.011436590019601236 0.999933200000367 0.0016630036440879864 -3.8688610688466762 0.02141327983366076 -0.001417820358181639 0.9997697000030545 193.30350000163068
0.9997486999967056 0.01007973998798259 -0.020022530170429105 -1.5043870331144058 -0.010082630019105783 0.9999490999997913 -4.3033805939073555e-05 -3.897568069284921 0.020021079833171015 0.00024490284204961034 0.9997995000034282 194.53440000164463
0.9997734999969204 0.01002800998774099 -0.018774280170415925 -1.5254280333231165 -0.010057440018656301 0.999948299999287 -0.001473791355962287 -3.929306069721645 0.018758539833157815 0.0016622786420587132 0.9998227000037251 195.7610000016595
0.9998065999971416 0.009130045987606012 -0.01742092017041 -1.5433400335307919 -0.00917138301817243 0.9999552999990158 -0.002294297355986653 -3.962116070156269 0.017399189832836514 0.0024536266422092896 0.9998456000037867 196.98160000167428
0.9998261999973538 0.00926539898775484 -0.016176620170424188 -1.561315033737875 -0.009289747017732147 0.9999557999993253 -0.0014304903560095716 -3.994523070589646 0.016162649832875346 0.0015805176421860398 0.999868100003267 198.19870000168888
