0.99999560000015 0.0028722189883975398 0.0006839950295103116 0.004677674480942535 -0.002873712011734767 0.9999934000007467 0.0021903016437424343 -0.22303718458162103 -0.0006776996694393893 -0.0021922573567375583 0.9999973999991032 0.9747987020621237
0.9999832000003304 0.0055876579885693325 0.0015627378294989654 0.008611526105632879 -0.005592623011425685 0.9999792000010727 0.0031903646437332293 -0.4406450985962684 -0.001544879168468663 -0.0031990503571953845 0.9999936999985971 1.9508270581684624
0.9999733000004809 0.006921213988546813 0.002355062829500833 0.02558029081881881 -0.006928386011144484 0.9999713000010095 0.0030501436437241325 -0.6761745885882886 -0.0023338851679911093 -0.0030663783574198934 0.9999925999985121 2.922546105005925
0.9999566000005787 0.008891449988536238 0.002795367829501844 0.036925285113852985 -0.008899773010989358 0.9999559000009633 0.002978513643719179 -0.9022908060664746 -0.0027687611672859544 -0.003003261357750261 0.9999916999984626 3.896580377783475
0.9999525000007192 0.009051768988547544 0.0036091128295016213 0.04196035456304059 -0.009062748010699785 0.9999543000009852 0.003036916643710431 -1.148364790308442 -0.0035814581672271957 -0.0030694803577770197 0.9999888999983031 4.865818371345362
0.9999467000008543 0.009344228988772822 0.004393636829487263 0.048339142341157146 -0.009363343010424942 0.9999467000014522 0.0043495796437038855 -1.3921910049738278 -0.00435276016711912 -0.004390486357824168 0.9999808999977019 5.835616342365584
0.9999351000010306 0.01002403998926418 0.0054111078294566016 0.0657258802992741 -0.010062980010073688 0.9999233000024703 0.0072173346436993965 -1.647831086655821 -0.005338346166867898 -0.007271317357931717 0.999959299996507 6.802232006948824
0.9999263000013077 0.009856340989973312 0.007085164829415334 0.06738086959324764 -0.009936435009491453 0.9998861000039533 0.011359159643696768 -1.9231594911036372 -0.006972398166911481 -0.01142872035788988 0.9999103999947463 7.763580784062601
0.9999227000015432 0.009036039990613975 0.00854474982938085 0.08413430991755422 -0.009164425008980367 0.999843900005301 0.01510695964370102 -2.21127368440528 -0.0084069091671859 -0.015184100357735018 0.9998493999931624 8.72103027798184
0.9999187000017427 0.008184366991053797 0.009779583829359137 0.10821006493809492 -0.00835640100854352 0.9998087000062293 0.017681489643705292 -2.5068529759122233 -0.009633002167473077 -0.017761770357577297 0.9997958999920347 9.676045075006636
0.9998992000020082 0.00856944299110223 0.01131732982935953 0.1312820140522557 -0.008771741007998844 0.9998004000063258 0.017947849643694357 -2.8066401195050372 -0.011161270167321788 -0.018045310357639986 0.9997748999916777 10.629772192854576
0.9998704000022781 0.009739188990757645 0.012819729829381241 0.10720735449156016 -0.009942603007463637 0.9998241000055922 0.015900119643670486 -3.1331618657447518 -0.012662630166899759 -0.01602552035784783 0.999791399992151 11.57465523497657
0.9998544000024903 0.0097054429902104 0.014036619829414723 0.05774859596449599 -0.00988363600701845 0.99987070000445 0.012681589643645326 -3.4996312830608147 -0.013911730166918039 -0.012818470357858675 0.9998210999930903 12.503769839146297
0.9998390000027904 0.00839163098999598 0.015861789829431813 0.04270129791159627 -0.0085734320063583 0.9998979000040183 0.011428369643627815 -3.8810074330632855 -0.015764270167382178 -0.011562520357644409 0.9998088999932256 13.428067315120225
0.9998292000030965 0.0047309109896223 0.01786429982945943 0.023240787112612495 -0.004897407005626048 0.9999448000032823 0.009287784643607966 -4.283377625180805 -0.01781938016869009 -0.009373685357037096 0.9997972999936467 14.343337491518449
