0.9999798526930299 0.0005911438110282512 -0.0063201864704323235 -0.0919927610349137 -0.0005894492957213536 0.9999997898325791 0.00026997097184598 -0.016555666236371214 0.006320344733804231 -0.0002662401031941278 0.9999799909791461 0.995622027595133
0.9999109665322464 0.001123114773904886 -0.013296526680073905 -0.17894657231520095 -0.001119528165230099 0.9999993349136233 0.00027718044493971867 -0.03296191916313971 0.01329682914218794 -0.0002622699304854511 0.9999115588637061 2.0373504733377024
0.9997778348025972 0.001376961533909297 -0.02103295068138735 -0.25595614376622255 -0.0013848128131201327 0.9999989768046448 -0.0003587243185069034 -0.04815511247736253 0.021032435210982078 0.00038777132204916227 0.9997787186685348 3.1200337152128013
0.9995544704014867 0.0019558740737246733 -0.02978313712508975 -0.4031949492233764 -0.002006030050237471 0.9999966196396021 -0.001654252945281717 -0.06125130145819201 0.029779800936905444 0.0017132617946944086 0.9995550150893051 4.1090479739582095
0.9991517277113883 0.002144198876114231 -0.04112453552963932 -0.5599778809950007 -0.002278432019001904 0.999992228277819 -0.0032174728433545315 -0.0709824082967889 0.041117317019519754 0.0033084430088194247 0.9991488479931174 5.214386558564154
0.9985161546103956 0.0018951525030463968 -0.054423316501844336 -0.7578562097410622 -0.002113295545999779 0.9999899617589891 -0.003950995215272491 -0.08931588266855096 0.05441528244900497 0.00406014510159982 0.9985101362819252 6.405434809371678
0.9975132735029293 0.00178671842655861 -0.07045620499810765 -0.9303734204146878 -0.0020795907492306164 0.9999894994261163 -0.004083667447449065 -0.08638745703317344 0.0704481688036452 0.00422003255554222 0.9975065146842117 7.390436949645845
0.9960447798509113 0.00039103375601242415 -0.08885180709671299 -1.1313107051191584 -0.0007695594338989538 0.9999907744145694 -0.004225974920399157 -0.0896829067548688 0.08884933488793001 0.004277637005614687 0.9960358916784176 8.440291600364317
0.9940877209335564 -0.0007790533194402148 -0.10857714384276763 -1.3485760470298152 0.0003017726612276648 0.9999902209435698 -0.004412136726394567 -0.10808432423833847 0.10857951935051342 0.004353285329143257 0.9940782347906297 9.525652243872903
0.9914411590619944 -0.0012211103987995607 -0.13054860017327838 -1.5855418486411361 0.0006107851851835814 0.9999886977085551 -0.004715018197838604 -0.13091443649079162 0.1305528822327034 0.004594925956131595 0.9914306993412054 10.496901941345827
0.9880350770545281 0.002152766103618151 -0.15421430578242448 -1.9139889898051803 -0.003149541437342262 0.9999756984962489 -0.00621955027908451 -0.14807482781131495 0.15419716890587343 0.006630838185532829 0.9880178465424451 11.495076927018621
0.9838485006973038 0.006471465724234855 -0.1788861308403946 -2.2936983476853823 -0.007988698444404843 0.9999379601706161 -0.0077625064890341645 -0.1806151684511609 0.1788247979806802 0.009066197726059884 0.9838391614923452 12.507046822037985
0.978661181928692 0.009535512887523124 -0.2052592628358233 -2.670180167461437 -0.011547232855374906 0.9998963002824254 -0.008605236481499462 -0.22473972435532963 0.20515592216486803 0.010791787409448974 0.978669803828233 13.432419418857434
0.9722241780149966 0.010055767128537969 -0.23383547470501315 -3.074597452230842 -0.012479784503804096 0.9998826135159036 -0.00888899135706746 -0.23516570045431673 0.23371863995368622 0.011560308649171578 0.9722355458437707 14.392513600566145
0.9644319507003014 0.012195343096960246 -0.2640497795400655 -3.5142361068544496 -0.014903973664490299 0.9998548350789437 -0.00825713862472838 -0.2728275000796273 0.26391075013613596 0.011898839271429817 0.96447370808466 15.370834111738535
0.9552614279137486 0.013854147620367218 -0.2954380932342642 -3.9543661756608652 -0.01676199204749104 0.9998327709011843 -0.007312034919307887 -0.27894511287077717 0.2952873853769996 0.011937035887292509 0.9553339035182621 16.268747290919126
0.9443722973000649 0.01583852141732183 -0.32849673564817794 -4.440055366525192 -0.018918985829395798 0.9998018999839574 -0.006183264805708991 -0.2948917854942516 0.32833372666752225 0.012054129076114107 0.9444848658950722 17.183631206403
0.9323637120342555 0.018080252746652585 -0.361069263358596 -4.972438613307885 -0.0216234056626686 0.9997495077981408 -0.005774944581949187 -0.30672072099907655 0.3608744058661543 0.013191895921143445 0.9325211188347186 18.076980380825436
0.919067038080102 0.021145399955550752 -0.39353354567988974 -5.525102723692852 -0.025210665574847593 0.9996688269873287 -0.005163205501716971 -0.30626686508309026 0.3932940399445935 0.01466657460008292 0.9192957574869798 18.910384337563823
0.9035224681159624 0.021506692784486046 -0.4280007146899541 -6.09814671552361 -0.02603483338584144 0.9996498520368094 -0.004728717940160151 -0.29788956586039894 0.42774915202745784 0.015415430200292722 0.9037660247273791 19.770226955662043
0.8858286908395162 0.017512888494140576 -0.4636818189471513 -6.720237313088197 -0.02254072518515742 0.9997318595838547 -0.005303267024784324 -0.30271439111780984 0.46346461158720015 0.015149510539979852 0.8859859175724655 20.647304707080995
0.865369875302393 0.013070847606607434 -0.5009632040998259 -7.326250719117456 -0.01830080988909555 0.9998172530691103 -0.00552637519020149 -0.3238204524291981 0.5007994202038598 0.013950390968883024 0.8654509387107348 21.442479069022284
0.8409835115191847 0.014754347813614779 -0.5408595405218013 -8.014677579080907 -0.019061684821057655 0.9998155133127439 -0.0023646375955429103 -0.3460749373652969 0.5407248704513616 0.012298315322459645 0.8411096039848708 22.243826430815886
0.8130189755951732 0.02072957678107744 -0.5818680520261023 -8.833186909224649 -0.02441309832088588 0.9997008247267519 0.0015038853108996168 -0.36859505758459565 0.5817251463986648 0.012982514669016397 0.8132818136171002 23.01479870495982
0.7813209317995637 0.023972435242596252 -0.6236689216887429 -9.587104174430609 -0.02775353901067099 0.9996081194530732 0.0036535730285140434 -0.3982560222254935 0.62351210301344 0.014454406664796231 0.7816800672421711 23.671098152164326
0.7471903898129146 0.023331411164996808 -0.6642003964348964 -10.40794640162557 -0.027337690650627335 0.9996167464640673 0.0043601443192173624 -0.40070382450776604 0.6640475676042444 0.01489984703424553 0.7475418533548751 24.29715762582699
0.7082629803790572 0.01903733292040844 -0.7056919516190132 -11.241530264050125 -0.021413088743299166 0.9997556994937663 0.005479138636925776 -0.3975818276235123 0.7056238589043352 0.011230373324551941 0.7084975994736644 24.97275554676678
0.6670593807151565 0.015628092175271002 -0.744840617404067 -12.066607193998507 -0.016332646429189687 0.9998464398309422 0.00635148943244083 -0.40676412577314264 0.7448255012152373 0.007928397842738254 0.6672121950677437 25.537701318560536
0.6232658951248862 0.015171724880131326 -0.7818628030149116 -12.938502957090918 -0.014061733957127356 0.9998675654170289 0.008192634810828553 -0.398341211386463 0.7818835537420465 0.005888156858168217 0.6233966939249201 26.07834732886229
0.5768291141769549 0.01588084187048249 -0.8167104578118937 -13.886620024245454 -0.011754125251177552 0.99986885528164 0.011140591427907263 -0.3981212553638434 0.8167802725197323 0.003173499530301411 0.5769401314896737 26.553714338432318
0.5271834818744648 0.016819645914053355 -0.8495850021922705 -14.792634929453905 -0.009758053580501351 0.9998579915713895 0.013739617212586397 -0.41905378235463864 0.8496954494576483 0.0010469967308297857 0.5272727443826484 26.976442147848616
0.47608815425379925 0.01831787876289896 -0.8792067587870541 -15.72787500086229 -0.009094300864235799 0.9998321241590609 0.01590651411757065 -0.40113163437839605 0.8793505348102089 0.0004228678394337992 0.47617481885520657 27.31784942172761
0.423231582901571 0.020430424330990786 -0.9057911597030991 -16.608387711943838 -0.007923120069810663 0.9997909565475948 0.018848537715338988 -0.3935081272693371 0.905986893615459 -0.0008006043361412356 0.42330498181536536 27.590622481078352
0.3694728344454815 0.022517315388797154 -0.9289686728380576 -17.57791565488022 -0.007654226692001372 0.9997461952219425 0.021188627916850177 -0.3889442365142869 0.9292100071676845 -0.0007180856027787784 0.3695514131112173 27.835560674847166
0.3160796780769301 0.025591608648325038 -0.9483874243544007 -18.534262901006265 -0.00580103412654553 0.9996695673261666 0.02504204793898709 -0.37949809876592866 0.948714912452548 -0.0024136546370763304 0.3161236928188803 28.032722176891497
0.2639373265980387 0.027342905824334206 -0.964152193965953 -19.469607129144944 -0.001451430492571161 0.999608238147933 0.027951092578131536 -0.3695473047363125 0.9645387400088212 -0.005977936756765447 0.2638736123494095 28.190810441016353
0.21427649037810895 0.027798705295740245 -0.9763773950963427 -20.46152535284066 0.0012543394012436556 0.9995862842296533 0.028734770098638975 -0.36198062409148346 0.9767722417758941 -0.007381894325711894 0.21415297180346834 28.317463363779144
0.16806513104212228 0.028977164981738593 -0.9853499051795834 -21.419689331354846 -0.0012479659968377414 0.9995733185088826 0.02918258909025459 -0.3504690612936285 0.9857751033114317 -0.0036748924829526517 0.16802958327798617 28.37075709291096
0.12667554838386022 0.029500726952409215 -0.9915054273935803 -22.319510420637336 -0.0035967496419572194 0.9995647486097636 0.029280996033486634 -0.33913355946823137 0.991937683946759 -0.00014298943879303798 0.12672651940442056 28.39664736946162
0.08958418678719934 0.027992961074712094 -0.9955857911842376 -23.319112509732324 -0.004894254671949673 0.9996052529323997 0.027665584778918745 -0.3132748834108798 0.9959672282504484 0.002394251495416344 0.08968582837268314 28.40791557027158
0.055879820313191636 0.025280727495396938 -0.9981173931452489 -24.26576137061564 -0.0037377356687878873 0.9996776818327243 0.025110989180449916 -0.2948496291718455 0.9984305058509753 0.0023275014187040164 0.05595630190881287 28.396051634668385
0.02504567509721177 0.022694743108847157 -0.9994286681870532 -25.17375417577633 -0.0033011437386714555 0.9997387062241828 0.02261905672688406 -0.2896949340450216 0.9996808573784638 0.0027327481444449613 0.025114049427312077 28.375729907549115
-0.0008558499353859307 0.020880872298237922 -0.999781604498178 -26.172118539624705 -0.004234069897359058 0.9997729332249511 0.020884315714959863 -0.28076428817238025 0.9999906700429716 0.00425101903579175 -0.0007672445274727752 28.319260264713982
-0.021263349075112976 0.018696759301333594 -0.9995990702165225 -27.062853697928404 -0.004379516281625308 0.9998137865666822 0.01879393594573404 -0.2704752402864404 0.999764317138418 0.004777382423618554 -0.02117750679210427 28.25490690745486
-0.03725731732985122 0.017832468666443127 -0.9991465835234797 -27.86158195882658 -0.003763228921786486 0.9998311744277142 0.017985014611635305 -0.2556254764724886 0.9992986192392459 0.004430090716785641 -0.037183919680098834 28.199816616471704
-0.05006542460220088 0.018195296860678042 -0.9985801842774329 -28.85862137577828 -0.003077394738328313 0.999826479136905 0.01837229594594536 -0.23980695054466977 0.9987411991607356 0.003992842202343544 -0.05000074309569138 28.124569322287286
-0.05943296578461084 0.01928691703113642 -0.9980459595677337 -29.774446313530877 -0.004116329010534905 0.9998000949374263 0.019565939757399158 -0.23669325379846487 0.9982238117844721 0.005271147365358837 -0.059341693537767755 28.045208414056532
-0.06613836282388541 0.020762691660336785 -0.9975944203923721 -30.58184788154361 -0.005680031936528315 0.9997594518564875 0.021184325828683907 -0.23903259115211656 0.9977942945317809 0.007067464795365821 -0.06600452061177427 27.97392479493546
-0.07045837022410069 0.021755560398136465 -0.9972774506911932 -31.577251385483844 -0.005579929461449716 0.9997379010045627 0.022203461040936394 -0.22590876521896167 0.9974991140109183 0.00712915750662779 -0.070318508663629 27.87905852307672
-0.07188742714546936 0.02250576607338975 -0.9971588079698507 -32.6776349597308 -0.003249223103654238 0.9997348082909037 0.022798149941876723 -0.2139065118328491 0.9974074595508226 0.004878891779864161 -0.07179523694071113 27.794684971704456
-0.07086787502574511 0.024535807298891734 -0.9971839040264968 -33.83666207223833 -0.00134812542290773 0.9996941629768008 0.02469338105557424 -0.19505126476639403 0.9974848003088462 0.003094296414939632 -0.0708131236602157 27.698461184701983
-0.06934108528735464 0.027027603027869485 -0.9972268160081428 -34.83364144374618 -0.0022488362699786854 0.9996261474316819 0.0272490019326056 -0.18959936628682833 0.9975904754089233 0.004132075200235433 -0.06925438129055045 27.620986094571098
-0.06758488259353729 0.02705511816537778 -0.9973466319318846 -35.88036463934827 -0.004400443056204466 0.9996144572130552 0.027414832327719487 -0.18055496984390373 0.9977038236599707 0.006241595285300817 -0.06743977122268134 27.52596572091892
-0.0660004696809777 0.02457985638013786 -0.9975168011929527 -36.913759615806875 -0.0063788934054568504 0.999665725831114 0.025054866143594715 -0.16987910758366165 0.9977992021047174 0.008016686278230472 -0.06582161514505873 27.440736462645482
-0.06481125771012737 0.024526658909375616 -0.9975960825287822 -37.911025451505296 -0.006733545050619841 0.999664398979748 0.025014971187476417 -0.15126818129901615 0.9978748219316292 0.008338609908269411 -0.06462435562320863 27.369220965223207
-0.0630649891391955 0.027249207619904885 -0.9976373528637342 -39.003914108616094 -0.00629057912541501 0.9995964775468963 0.027700373465061354 -0.1317928724032651 0.9979895970194969 0.0080226404583818 -0.06286812770343532 27.282392949934366
-0.06132167487976218 0.03066625430282209 -0.9976468478559803 -39.90713761375118 -0.007010142179040196 0.9994900193360159 0.031153798393134112 -0.11579677954904988 0.9980934375581114 0.008904049344272288 -0.061075427208529105 27.215869760066514
-0.059542975810078475 0.03284112496428738 -0.9976853685119168 -40.9044611467464 -0.007411175757411125 0.9994165752791193 0.03334041888233648 -0.10422212505457178 0.9981982310671412 0.009379209371645101 -0.05926484561685479 27.143677115654015
-0.057706669677619254 0.03217434876160501 -0.997814988640922 -41.94403180749406 -0.00906280124061052 0.9994224746092415 0.03275031113765509 -0.0828143092870836 0.9982924450822953 0.010932910303611496 -0.05738175288279201 27.06306807231338
-0.05587129184263367 0.02918412159450236 -0.9980113655638353 -43.00788147139153 -0.011251434808726656 0.9994908447097373 0.02985726973721295 -0.058681420714604624 0.9983745809878055 0.012897224049118555 -0.05551448143724787 26.97156254897827
-0.05428136356616333 0.028567782027367466 -0.9981169347323158 -44.004868312967275 -0.0120785871579311 0.9994987312231551 0.029264210489453678 -0.03922524449069714 0.9984526234637586 0.013644343639022786 -0.053909095568316925 26.896471438109113
-0.052818716099966044 0.030798595182290774 -0.9981290646826931 -44.93285163422181 -0.009786224372998524 0.999460321698382 0.031357537580117056 -0.02246444379121186 0.9985561641901108 0.011424179855230483 -0.05248880902214075 26.84199637001516
-0.05176626834017863 0.0327857447580661 -0.9981209087093561 -45.78579694735207 -0.007306167035812472 0.9994217770824226 0.03320740002856585 -0.008981897366132679 0.9986325016668404 0.009011461261721596 -0.051496797769871205 26.793870813208695
-0.05047981246522654 0.03449080055998367 -0.998129336914914 -46.78385864063064 -0.0065258767360475735 0.9993707682748474 0.03486374120152208 0.006679031714316247 0.9987037606148765 0.00827358413702487 -0.05022296625276186 26.733641487210036
-0.04992735328579595 0.0299212217633645 -0.9983045526702067 -47.88491112968766 -0.006464418364251944 0.9995205222385422 0.030280966285821477 0.023802281241325187 0.998731931345485 0.007965306784981484 -0.049709990934759266 26.67353466401365
-0.04962848612741086 0.023027929248468013 -0.9985022422805206 -49.13292168448918 -0.0053356212623458426 0.9997137885429199 0.023321066504463358 0.03798027790052358 0.9987534953683223 0.006485019019901514 -0.04949141357715798 26.601096232786894
-0.04964848754121561 0.018571040201074265 -0.9985940837751437 -50.130653807721096 -0.0022244646656733 0.9998225812865119 0.018704483594213374 0.049394203760236344 0.9987642762142707 0.003149986575396458 -0.04959836834769625 26.5347613809546
-0.05039748773951022 0.019284994482124663 -0.9985430297274972 -51.08764143768944 -0.0012154338441246288 0.9998116289109359 0.019370839295974107 0.06090232057533968 0.9987284996184456 0.002189904629064556 -0.05036455467488018 26.48644528243349
-0.050460564900984425 0.026599692130757354 -0.9983717683150005 -52.21527046327482 -0.001553521277586168 0.9996419622916046 0.026712053410928176 0.06862078489385842 0.9987248459718567 0.0028988970897965765 -0.05040117492825945 26.42331419541985
-0.05068567117742911 0.03351692145580014 -0.9981520819561605 -53.21308802734369 -0.0028947277666762517 0.9994275741435623 0.03370674402353826 0.08276372846660127 0.9987104601877594 0.004597827491040433 -0.05055963502550357 26.358815621925736
-0.05103592928301571 0.03864626292314609 -0.9979487964240915 -54.18576662063874 -0.004880436653447204 0.9992294199080648 0.03894544553937867 0.10107686138229674 0.9986848928767706 0.006858042888772721 -0.05080799137384688 26.300620532703352
-0.05141516000410595 0.03892600900177786 -0.9979184571621793 -55.09784780608865 -0.006215836582568063 0.9992082578417895 0.039296575376876655 0.11737082913485417 0.9986580218960482 0.008223337763062267 -0.051132494743591834 26.240875680979784
-0.051626575517055066 0.0355769364271022 -0.9980325537249988 -56.09530079930077 -0.006404430066250323 0.9993329031933004 0.03595458066467408 0.12991862790705505 0.9986459232259975 0.008248041568040236 -0.05136428559206692 26.170661301553956
-0.05195258990446016 0.032882565692600584 -0.998108042886986 -57.143428719497344 -0.006889182915245181 0.9994221753667435 0.0332844489809111 0.1492728529183947 0.9986257895533119 0.008605362204725468 -0.05169603640847193 26.107249994009557
-0.05205010188118303 0.03417349956652753 -0.9980595968285327 -58.22016771954386 -0.00830878861188359 0.9993649168561931 0.03465150774226255 0.16612497842146964 0.9986099092868843 0.01009628072042976 -0.05173310535481719 26.031904471562733
-0.05211871449754229 0.03640296200101762 -0.9979771860902805 -59.21827470410367 -0.00879123233757419 0.999279938637945 0.03690959861237283 0.18308869143674106 0.9986021999941257 0.010697130142813795 -0.05176115892826471 25.97278882377258
-0.052015977778335026 0.03469522145846323 -0.9980433756424169 -60.208469562577115 -0.009244479931737245 0.999336755667938 0.03522198690969038 0.1991105563733204 0.9986034636664105 0.011058498045531233 -0.05166073919739587 25.90271623887872
-0.05166165606513313 0.029653041695211556 -0.9982243086655567 -61.15211302017542 -0.010168979236441856 0.9994916340922788 0.030216969418346958 0.2126587150991147 0.9986128705128396 0.011711980949551155 -0.051333851875156176 25.84482574718868
-0.05139695729926048 0.025554650316484732 -0.9983512972033335 -62.14982865002329 -0.01153402115858158 0.9995906988244371 0.026180167676708912 0.22871117006396371 0.9986116958739707 0.01286058594580592 -0.051081172586766005 25.779206994938427
-0.05081597451831325 0.026243955590951763 -0.998363156135428 -63.1641421316308 -0.01118603682199523 0.9995770137636415 0.026845225563811435 0.24291253211356365 0.9986453871690227 0.012531893324441412 -0.05050091420690865 25.704128272336302
-0.05022093157410238 0.028694041599081316 -0.9983258536212202 -64.20349664161233 -0.009930192874945593 0.999523444008859 0.02922800277353744 0.2485180135176902 0.9986887649820098 0.011381425805839101 -0.04991206112083844 25.641113264296692
-0.04998854667038002 0.03357324468291082 -0.9981853447347558 -65.20208238591916 -0.009703623231951 0.9993713483823089 0.03409908691874673 0.26124432676075704 0.9987026508916212 0.01139057829881428 -0.04963133917257158 25.589494157190636
-0.04936074429415531 0.039289256465295234 -0.9980079514959436 -66.25596754172356 -0.008537318145896824 0.9991728909314785 0.03975736694628303 0.274134957684143 0.9987445274551439 0.010482764617698002 -0.04898449269275968 25.523892751433685
-0.049517826512905094 0.04252440822245184 -0.997867556122939 -67.26228235789556 -0.008512229584004414 0.9990389495392428 0.04299673535315011 0.2901705904852099 0.9987369657747444 0.010623182613984341 -0.049108259857204746 25.45772328985256
-0.04926439009889472 0.04249072178424211 -0.9978815352688097 -68.2602596834669 -0.00811089990063614 0.9990446994716947 0.042940677222258056 0.3076731545578036 0.9987528388800612 0.010209163519044344 -0.04887268980990787 25.396609478841178
-0.049216789190674584 0.03797444637252631 -0.998065954275798 -69.24982256142056 -0.007866870793282493 0.9992312227862185 0.038406714947695327 0.3337269467568337 0.9987571376494278 0.009741911098546713 -0.04888021238154923 25.336113621629664
-0.04874325453237589 0.03379826895149904 -0.9982393361080661 -70.26160118198385 -0.008743268728876352 0.9993745837773019 0.03426363308046316 0.35044295849395174 0.9987730725192392 0.010397995759770415 -0.048417262362229485 25.270816668243015
-0.048479063256181024 0.031210809586028343 -0.9983364491947524 -71.25851130508252 -0.012377204068662875 0.9994161608710728 0.031845599525858366 0.36566239270772677 0.9987475082548348 0.013900458794710137 -0.048064456722722984 25.193754645912932
-0.04916202296204981 0.029539885517682694 -0.9983538904926849 -72.16787000934558 -0.015360610167402075 0.9994219682438092 0.030327892227269896 0.37819877343978503 0.9986726927044507 0.016826305455031772 -0.04867985508575149 25.138734536713635
-0.04981220899086553 0.027731175298911902 -0.9983735401902386 -73.0960964126194 -0.013221849851203796 0.9995085546177664 0.028422384354749575 0.3830729286057589 0.9986710802471234 0.014616126793304703 -0.049421071574777625 25.09330226200986
-0.05111662276107342 0.023919231120158462 -0.9984062105476513 -74.09481915505998 -0.009661491401326584 0.9996545187142662 0.024443788537051633 0.39353469364338056 0.9986459565138178 0.010895576935732818 -0.05086786747872494 25.04387134856235
-0.05172416288577998 0.02248056765796448 -0.9984083508522649 -75.11186886688647 -0.005600162443364334 0.9997243536942627 0.022800324804486783 0.4007961385762708 0.9986457075231271 0.006770576663615832 -0.051584010480658624 24.981297671583953
-0.05350996958166347 0.025881444396207934 -0.9982318538252191 -76.14619895887185 -0.005207607729627345 0.9996432303846489 0.02619719007587176 0.410031232327516 0.9985537361489855 0.006600210762020887 -0.05335609844050588 24.914837489078433
-0.05556558844181313 0.031878113053519855 -0.9979460162199458 -77.14480077087202 -0.002338635081636351 0.9994832923470653 0.032057434473441906 0.41835549028013275 0.9984523003965005 0.004115121773559077 -0.05546232600350124 24.862634924011882
-0.05738557662903488 0.035636900448610564 -0.9977158447781448 -78.09470356653998 -0.00027783801682484217 0.9993620958107448 0.03571168244125428 0.4240267050233004 0.9983520513330874 0.0023265388809489895 -0.05733906884355311 24.794915027168358
-0.0589630288543733 0.034771137937093445 -0.9976544137099159 -79.06959711316306 -5.1763236828021955e-05 0.9993930830190894 0.03483479487754071 0.43290910572406843 0.9982601657628527 0.002105606837185629 -0.05892544332426702 24.72799637888791
-0.06006770567677304 0.03094211075529271 -0.9977146167701133 -80.06635160411751 -0.002819952741950328 0.9995101951723986 0.031167573100271618 0.44336416470197193 0.9981903218330932 0.0046856726768868566 -0.05995102893448264 24.648176854309717
-0.0614287277222342 0.027556129993707112 -0.9977310114004654 -81.048085490717 -0.007258855069126791 0.999580049662623 0.028054114485170416 0.4524051592566623 0.9980850767512286 0.00896571336992293 -0.0612029047534114 24.573430882856325
-0.06274265138190285 0.02621444853613581 -0.9976854025119909 -82.00159229559654 -0.011556030743795746 0.999568887859764 0.02699067572767516 0.4588650694514652 0.9979628339026513 0.013222749741804221 -0.06241266728996552 24.494126679932542
-0.06362764298278499 0.027311676549494568 -0.997599917488223 -82.99786526425133 -0.013143480370653635 0.9995158187289592 0.028202429581830096 0.4659593378828594 0.9978871539268329 0.014906389053948043 -0.06323786518511364 24.408162598577675
-0.06462745725517816 0.028758961965867115 -0.9974949693484043 -84.0529492973483 -0.012892097799159726 0.9994771578585785 0.02965138670059706 0.47442596109752844 0.9978261800449317 0.014776096425555298 -0.06422290394676541 24.33034749011763
-0.06562957361103944 0.0282519985244684 -0.9974440253202205 -84.97907741989478 -0.014640397917511426 0.9994642454893807 0.02927252529511181 0.47986969109107663 0.997736647526011 0.016524120784765256 -0.06518079177058358 24.25533116285626
-0.06625446047686946 0.028180560252540676 -0.9974047335413895 -85.97629374942893 -0.015542616947337733 0.9994506723974907 0.029270813152773124 0.48419137540858254 0.9976816995040757 0.017441601648048567 -0.065780065419573 24.18089397352812
-0.06681927474782644 0.029735932782143377 -0.9973218932840835 -86.93639901173103 -0.01401429950413004 0.9994292335726666 0.030737704692356215 0.49475629338436095 0.9976666697507617 0.016030638849462122 -0.06636440828105754 24.10166296033876
-0.06696038268028219 0.03256044223806887 -0.9972242098708642 -87.75222982463073 -0.013058017199842724 0.9993531834526972 0.03350675916533644 0.5047873178874157 0.997670183646935 0.015265396300676644 -0.06649189678197126 24.033450931314416
-0.06712734743162312 0.036688812722677565 -0.9970696315944001 -88.74877822319667 -0.013250959738492227 0.9992027722466954 0.03765942113898331 0.5125522929018105 0.9976564194615263 0.01574010659159699 -0.06658766966700327 23.95080122182492
-0.0677804249409939 0.038835050694487026 -0.9969441573289718 -89.69290088419596 -0.01325121496416397 0.9991189706840327 0.0398206946354474 0.5212311124621756 0.9976122589948367 0.015909784939864804 -0.06720609679467503 23.875892105217588
-0.06856183869630454 0.038737814311352016 -0.9968945059618696 -90.62697981142404 -0.012575731655113592 0.9991329135559686 0.039689696679326834 0.5366741904176985 0.9975676043496551 0.015257876377061956 -0.06801523329770763 23.803088803173953
-0.06907126321374579 0.036791026418274544 -0.9969330875104639 -91.62466441920276 -0.01201120126540008 0.9992166316697175 0.03770747987844055 0.5486783818193107 0.9975394185906682 0.014578867230030833 -0.06857525055054073 23.736146269682934
-0.06914773236096165 0.03337806337278284 -0.9970478905222246 -92.592204832382 -0.011616211748434817 0.9993454235432275 0.03426059059355761 0.5608081990518199 0.9975387986108314 0.013950961568523343 -0.06871474323142777 23.653993287223674
-0.06867787440544638 0.03054364701798822 -0.997171216589202 -93.51816946310703 -0.012010150110696904 0.9994334773456647 0.03144011219871767 0.5721683005617773 0.9975665921939534 0.014135416074174276 -0.0682721330481297 23.568254918240275
-0.06761011880730489 0.028331487771296425 -0.9973094798684742 -94.51550246987196 -0.012501711455039397 0.9994942054941375 0.029241073754810207 0.5772388691495551 0.9976334893364127 0.01444506781930195 -0.06722172989546249 23.49544596994801
-0.06528675191307337 0.027696494361291697 -0.9974821022077213 -95.49257128173569 -0.014754159272733595 0.9994786708080206 0.028717614524598402 0.5804949244224802 0.9977574629181104 0.016591889582671538 -0.06484407753434848 23.407460222692734
-0.061367831747049635 0.028539757279596456 -0.9977071070615297 -96.54979622640478 -0.014934656309049563 0.9994529581629878 0.02950831171347092 0.5881351431496937 0.9980034795869125 0.01671127384942661 -0.060908029509522635 23.33676381153574
