1.0 0.0 0.0 0.03672369073048 0.0 1.0 0.0 0.053465857406591176 0.0 0.0 1.0 1.0002442362117359
0.9989605417307672 -0.0048828289573133515 0.045321011091386934 0.05101241084812085 0.005118283935650204 0.9999739945739344 -0.005080683556659306 0.04118401759463361 -0.04529502439039078 0.0053073682011392145 0.9989595550412699 1.8599930644838172
0.9958691373542256 -0.00485403737091283 0.0906702795107203 0.12135215843038856 0.005674419774768404 0.9999452459711192 -0.008792384203245213 0.014989354123948816 -0.09062263638611574 0.009270565298811862 0.9958421533523628 2.6593344911022925
0.9904246981459864 -0.0023373436188878494 0.13803424983401155 0.17349741644938554 0.003918057603844149 0.9999298145282334 -0.011181003628726836 -0.004476875297622366 -0.13799842798758313 0.011614768286103729 0.990364342568237 3.413288745407667
0.9828988689925399 -0.005214366078307811 0.18407233284659363 0.3382294583442713 0.007374714347662131 0.999911710013476 -0.011053767059930615 -0.02423163515219922 -0.18399844271481308 0.012222216015364109 0.9828505433249746 4.278252237799132
0.9732785074909596 -0.006144724623933566 0.2295456146726968 0.548315238699986 0.009245291126273989 0.9998799482512782 -0.01243437481379584 -0.039092253812074776 -0.2294416515111432 0.014224325794762896 0.9732184734721818 5.173483496637077
0.9617706018486776 -0.008635323829241884 0.273720186690709 0.8658491772507555 0.013249834687439179 0.9997994866658702 -0.015014271324859118 -0.06409365375554706 -0.27353564904850763 0.018067031992695885 0.9616921706318436 6.247919856555729
0.9485704622122249 -0.010505163483151296 0.316391718852878 1.336924316731169 0.016639799315899716 0.9997221786193238 -0.016693790922291202 -0.11341904039703027 -0.3161284474659205 0.0210999316781562 0.9484817328688858 7.561550208939982
0.9332618312234174 -0.010666804987939298 0.3590384013623921 1.7542814962000393 0.01806924631640816 0.9996876109444336 -0.017267972138215917 -0.15345993731381433 -0.3587420476039436 0.022603092610492724 0.933163031568103 8.605359735559537
0.9156155028316502 -0.011122530342102244 0.40190115736724724 2.094081457293877 0.01917475026050491 0.9996878280802954 -0.016017969301611062 -0.17527107226173388 -0.40159753476184507 0.022372655338361393 0.9155429451239963 9.371582765154926
0.8956291019258447 -0.010872692915511092 0.4446687489944278 2.5695904099575477 0.01960523141689911 0.9996946082718172 -0.015044104936676782 -0.21465176880358372 -0.44436938090353917 0.022191771921612 0.8955687458673319 10.334638028963155
0.8735038916015102 -0.010785048261728209 0.48669768243850187 2.9422927475110554 0.020052438459274093 0.9997031858913334 -0.013836178321815901 -0.2378418276298014 -0.4864039998487411 0.02184543093436754 0.873460889839058 11.002324247294004
0.8497932732538932 -0.011104290436508036 0.5269991342178233 3.45963909991816 0.021543712191885677 0.999674370254736 -0.013675595811057347 -0.27004095464475725 -0.5266756698362167 0.022974947000937013 0.8497557829240575 11.814843678731542
0.8243674361721922 -0.012960989282566261 0.5659066556736222 3.9510680542130387 0.02494934269997859 0.9995982284540094 -0.013450352056448667 -0.293962023507053 -0.5655049606128367 0.02520703132898756 0.8243595969562402 12.51905727858887
0.7973118852113515 -0.011958525360799829 0.6034490462101297 4.599389717040054 0.025444734432558482 0.9995808312336786 -0.013810406215716619 -0.32996641778706826 -0.6030309471249193 0.026365801739785436 0.797281958474066 13.38227916034203
0.7684328484088954 -0.014960425235284347 0.6397555339057026 5.123876501383205 0.03006786258881139 0.9994666219149442 -0.012743442127957008 -0.34861496028878575 -0.6392236550109296 0.029028561016828727 0.7684728111779633 13.995345088979553
0.7378968545558732 -0.01394462627601893 0.6747694268671114 5.773053586192261 0.03028264942563883 0.999463698091834 -0.012461032876813003 -0.36725031851015205 -0.6742337822894313 0.029628762961274077 0.737923399293635 14.721428526517359
0.705581629769155 -0.012804751085947952 0.7085129512450209 6.315699271208647 0.031316072656507786 0.9994233629969151 -0.01312421766454952 -0.3971323384896532 -0.7079363441197772 0.03144804994846408 0.7055757598080906 15.235175014120422
0.6711967336381377 -0.0141420936394295 0.7411443489233306 6.768092500467329 0.035748574321964606 0.999272214651786 -0.0133071581812167 -0.4161305367999464 -0.7404167638482005 0.03542657494602873 0.6712138061751654 15.66269581995533
0.6358653270626573 -0.012325317708327545 0.7717016083842821 7.663437441173892 0.03563523845045874 0.9992749868273982 -0.013402629655365515 -0.4565205199524932 -0.7709769228842581 0.03602203831668512 0.6358435319600516 16.420716060549204
0.5992981286921343 -0.010953293546640628 0.8004509843248281 8.19692656800477 0.038376085514560974 0.9991498759562345 -0.015059928194273934 -0.4730837330347041 -0.7996055458828966 0.039743562209730535 0.599208995473363 16.825462955361335
0.5619152232883599 -0.009448554488646066 0.8271408626436411 8.963307381375824 0.042996908820180924 0.9989166434743941 -0.017799023056198682 -0.4948968014035534 -0.8260765991533119 0.04556604226747309 0.5617127274002056 17.32195524494961
0.5242290364090249 -0.008283366488930584 0.8515370239897231 9.563611640012853 0.04442851487386097 0.9988569043257144 -0.01763495809321517 -0.5114870578441698 -0.8504175588802056 0.047077282424290684 0.5239978101364315 17.689024851988147
0.4870183578062991 -0.010168228456515147 0.8733325404962935 10.05332382466227 0.0493547631808301 0.9986548142151855 -0.015895577881730866 -0.5260107592061599 -0.8719961161100532 0.05084455895065098 0.486865078141876 17.94981260494924
0.4509089789822028 -0.010805692971063457 0.8925045264157716 10.839563689431165 0.05304013023776087 0.9984840605877591 -0.014708002465934109 -0.555190918357221 -0.8909926134697113 0.05397052669366674 0.4507985636521266 18.33516020383827
0.41663013907219254 -0.008168896131622283 0.9090393810791009 11.724137546319044 0.05468829903250394 0.9983737801568847 -0.01609301227800701 -0.5640604803703467 -0.9074296210536742 0.056418651448253844 0.4163993499072069 18.720705309718237
0.3840274158393568 -0.008868678502839896 0.9232790967120167 12.380550384636441 0.055447820431476454 0.9983706826384571 -0.013472908276102888 -0.5776693124653123 -0.9216552951581963 0.05636777971173735 0.383893462196513 18.982272007670034
0.3511363145219219 -0.010475437807622834 0.9362657495747129 13.289205405616485 0.05767063614776477 0.9982808711065665 -0.010459450703706201 -0.6020885082996555 -0.9345466207473395 0.05766773435336174 0.3511367911003871 19.326963690608313
0.3188378186958163 -0.010176350009359429 0.9477546556307592 14.12341035603172 0.05825265986083412 0.9982623917505451 -0.00887833518266873 -0.6119419443232553 -0.946017480276358 0.05803997860927419 0.3188766029275337 19.599193500816416
0.2869429023325244 -0.006945088315889733 0.9579225107226943 15.046701541517406 0.05554198067386761 0.9984121148327552 -0.009398794497372158 -0.6286462479925645 -0.9563361643187035 0.05590183094912591 0.2868730139150854 19.880084708011484
0.25647169972553685 -0.005223262629180182 0.9665376271865461 15.959433472917887 0.055651892391453635 0.9984062480958968 -0.009371800057621525 -0.6420342471863564 -0.9649482546298236 0.056193249510743115 0.2563536319155237 20.125884619872615
0.22619493267055474 -0.005059770578078382 0.9740689149931121 16.926786105070384 0.057780839052763974 0.9982953510516228 -0.008232053636330377 -0.658145421100532 -0.9723668171387381 0.058144568021528044 0.22610170750586697 20.358180877004184
0.19586568434431356 -0.005240314640854841 0.9806167308376893 17.925126449042573 0.059409341087142034 0.9982123342685888 -0.006531914393360764 -0.6705930029608252 -0.9788294866256962 0.05953717172082938 0.19582686561235574 20.555631032847405
0.1656749339953358 -0.005674370632240993 0.9861640927166065 18.89188365572308 0.058212769049962025 0.998296042272015 -0.004035530146433704 -0.6841859245196475 -0.9844608116960144 0.05807592876532473 0.16572295173834095 20.721230699794113
0.13636580445800153 -0.005997802231017496 0.9906403957758427 19.97448923994554 0.058779772777773825 0.9982688750538191 -0.002047293572314855 -0.6976461799507658 -0.9889131942120676 0.0585087982031389 0.13648228766440476 20.873284526412988
0.10936706930800366 -0.005754253889434893 0.9939847748900144 21.059915226260827 0.06157918245909743 0.9981017029709393 -0.0009974037174489453 -0.7030037728767201 -0.9920921572306911 0.061317852936011906 0.10951380037543386 20.9769538718268
0.08438541584694809 -0.0051538702346590635 0.9964198609090148 22.083803451255008 0.06552287275501832 0.9978509922736138 -0.00038776860274860095 -0.7002154921272197 -0.9942765484201397 0.06532101377171015 0.08454176731988124 21.03998937433925
0.061758666993772 -0.0049603498215925025 0.9980787854577405 23.191615680285157 0.06976361535069951 0.9975633449105814 0.0006409867442827783 -0.7100446578474774 -0.9956499912240004 0.06958999799147941 0.06195423436048552 21.09106623649213
0.04145551583660901 -0.0050641674052205885 0.9991275165939585 24.25059488373176 0.07515640169022816 0.9971698790406346 0.001935876818813263 -0.7033050987846129 -0.9963096684724572 0.07501057620477537 0.041718796312092785 21.117454557234613
0.023918713493551066 -0.006068259657827575 0.9996954893213917 25.377790951449754 0.07941507409446119 0.9968329934719469 0.004150798998162036 -0.7137534474945075 -0.9965546353067575 0.07929160958435048 0.024324874062126117 21.128592286314912
0.0085773553950621 -0.006072479340836986 0.9999447754596652 26.47275697379252 0.08239911477392849 0.9965850761287609 0.005345270984656525 -0.7118704334177173 -0.9965624992236557 0.08234871603177313 0.009048431301540222 21.121022651062475
-0.0059092384663974725 -0.006561622751430022 0.9999610122437842 27.031133139507663 0.08452852573960218 0.9963962055410792 0.007037749613591031 -0.7073220594481149 -0.9964035373467097 0.08456681790278113 -0.0053332984879171765 21.119632519258076
-0.0190686222984527 -0.007519636314181766 0.9997898992855145 28.081651592742535 0.08468320370416 0.9963662884713382 0.009109017962654934 -0.7061800332980707 -0.9962254477045032 0.08483910812559708 -0.018362545531995265 21.092165317231867
-0.031214584458799852 -0.007240339695581316 0.9994864817485801 29.28533804794863 0.0845328524514997 0.9963719289543137 0.009857791246884996 -0.7021077029710874 -0.9959316475408725 0.0847971501463749 -0.030489289161535694 21.04670852382195
-0.04266873327459552 -0.00434723761118124 0.999079816994564 30.255064374714696 0.08469920543771228 0.9963748278169618 0.007952803966767416 -0.6998385221916573 -0.9954925533618827 0.08496060273953818 -0.04214584419812631 21.013383782420476
-0.05302234326224746 -0.0007742394066091391 0.9985930260463067 31.21225230329591 0.08517367144776074 0.9963520507118766 0.0052949725533937494 -0.6981382663316079 -0.9949543089042271 0.08533458616278398 -0.052762975630048226 20.96771966752718
-0.06266709773511271 0.001630321849979074 0.9980331542148897 31.725102210631054 0.0864186821007386 0.9962516649817077 0.003798868929190058 -0.7001795991184052 -0.9942859982145118 0.08648677397056274 -0.06257309072385205 20.94320516669046
-0.07049657521868721 0.002594235875391156 0.9975086479939195 32.34813027971362 0.08624663153242143 0.9962676541203676 0.00350426922553737 -0.7024595743462105 -0.9937765098007426 0.08627879979298037 -0.07045720172229399 20.906374960118622
-0.07619290652266675 0.0034314533124726004 0.9970871908332748 32.861930566784935 0.08592840840856196 0.9962963738444527 0.003137529722618678 -0.6999478021412036 -0.9933835863471868 0.08591717286173618 -0.07620557580287068 20.864177267584445
-0.08138124075935999 0.00495794591350046 0.9966707141402242 33.78611761832587 0.08714939554660378 0.9961929106954024 0.0021604481197459663 -0.7018228192781878 -0.9928655883392917 0.08703507024490487 -0.08150349709758388 20.793840896578814
-0.08595568497240476 0.006747861817617748 0.9962761096110925 34.44785069485552 0.08622181673721532 0.9962757252398214 0.0006910979641132401 -0.7002327175872496 -0.992561040208338 0.08596013994144257 -0.08621737528937429 20.740404810075102
-0.09039940660270056 0.007577643991094951 0.9958767627560261 35.357933894619144 0.086562154520988 0.996246413602123 0.00027710934082091814 -0.7033734982746207 -0.992136553449455 0.08623028874152361 -0.09071602180976213 20.665827248285844
-0.09350879556538808 0.006626572734007508 0.9955964010007818 36.19085716174326 0.08597917637017696 0.9962958876187734 0.0014441414821661737 -0.7017595792467841 -0.9918990303365638 0.08573559848578395 -0.09373217574380721 20.59135572434228
-0.09572661185890709 0.004766321317002 0.9953962517325025 36.60440930878664 0.08656900768055732 0.9962395140774473 0.003554926149562037 -0.7005890044143094 -0.9916361342202178 0.08651076679713489 -0.09577924898929699 20.55041593318133
-0.09798846682914536 0.0035652486616977773 0.9951811640954886 37.537991970439826 0.08587928551762643 0.996293565444773 0.00488669339297057 -0.6952654224231039 -0.9914751679630992 0.08594428692656253 -0.09793145999743484 20.45488257255956
-0.10022728596175885 0.004321675077304705 0.9949551820425201 37.70347239779494 0.08843545941969966 0.9960713700323003 0.004582064948868427 -0.6952807671681808 -0.9910265691019423 0.08844856655986759 -0.10021571936347187 20.438953423569245
-0.10137086505640722 0.004041052886694746 0.9948404985771745 38.23419693137528 0.08789720661740434 0.9961174484645199 0.004910186695485122 -0.6936567238123412 -0.9909581367477507 0.08794145072771042 -0.10133248470916131 20.38769880668674
-0.10240503012444399 0.005500362099649091 0.9947275786977975 38.49230320525608 0.08955452465782231 0.9959750031059799 0.003712182827902006 -0.6924277624521066 -0.9907033849334139 0.08946250166862799 -0.10248543250953915 20.361909351520943
-0.1026622040845929 0.005917649541545299 0.9946986746127671 38.939575265362855 0.0891564910591091 0.9960122418091417 0.003276319329298107 -0.6907322455700764 -0.9907126687160719 0.08902019765325277 -0.10278040890780284 20.317591921218533
-0.10191671806301963 0.007293301101958166 0.994766198831815 39.382079915758084 0.08910879910612529 0.9960202227506814 0.001826962927979724 -0.6912544687957317 -0.9907939263545816 0.08882861943491195 -0.10216100952986021 20.270598359613683
-0.10087261848523928 0.007147195825827448 0.9948736766201817 40.04355601015027 0.09013786825200905 0.995927319814765 0.00198452854734017 -0.6957207773003168 -0.9908076904964533 0.08987597698161195 -0.10110602956641955 20.20913222006035
-0.09983385988798447 0.006087336262870709 0.994985499772277 40.69944087109128 0.08936705573613986 0.9959946151591417 0.0028733122071985615 -0.6982793778399023 -0.9909827091170261 0.08920577846310918 -0.09997799417807146 20.152880879151464
-0.09865104254937397 0.00679981877267146 0.995098856530636 41.34231229319519 0.09033976093780925 0.9959086816984267 0.002150653712896503 -0.6993545847647642 -0.9910129663115527 0.09010915703940697 -0.09886172373586412 20.087565975958103
-0.0978386086496701 0.007645391115404412 0.9951729270092652 42.043429766130984 0.09023515229924148 0.9959197399694367 0.0012201756977852874 -0.6984814480237596 -0.9911030339712571 0.08991896092534278 -0.09812928471703489 20.030507664057644
-0.09707918120970199 0.008271069304048105 0.9952422931066689 42.59901371653149 0.09085106456523694 0.9958643185983156 0.0005856706125782132 -0.6965135941643192 -0.991121443942678 0.0904756782526162 -0.09742912809684606 19.97910826497863
-0.09622119797787296 0.008068516270249853 0.9953272728630012 43.173747733475246 0.08933897561811502 0.9960011198915788 0.0005626812751223404 -0.6926269192183202 -0.9913425384271628 0.08897566082872453 -0.09655725392161117 19.92458330640088
-0.09530716690394217 0.006439442978294389 0.9954270829703563 44.32108041784227 0.0911675863302599 0.9958329387381141 0.002286772161054295 -0.6953468336665584 -0.9912643517949491 0.09096863029820375 -0.09549708457439726 19.819661217682153
-0.09504823129152587 0.00450225524316487 0.9954624872018419 45.9893605739162 0.09250683530482115 0.995702637420751 0.004329348130689598 -0.6951185372161943 -0.9911651321299806 0.0924985812381758 -0.09505626396342776 19.665735547743424
-0.09437897382820486 0.005559956332574733 0.9955208165501684 47.044654353683335 0.09393316973867843 0.9955728857723113 0.0033449570739434594 -0.6956569830043402 -0.9910949343640003 0.09382811945553314 -0.09448341165230091 19.570513473738753
-0.09389347666266167 0.00736082771900957 0.9955550377831899 48.69491071108628 0.09626367097180479 0.9953543835371671 0.0017195419060778861 -0.7045077299121241 -0.9909174136582893 0.09599723635931348 -0.09416586387934606 19.436717656244447
-0.09342558267078917 0.006862589565791928 0.9956026141825234 49.953713009938525 0.0958230284353488 0.9953961057551299 0.0021306968316958936 -0.7168276602891126 -0.9910043429390737 0.09560071920211655 -0.09365305528350869 19.33906985716673
-0.09342402912858977 0.0069094506398560615 0.995602435851397 51.40242086058659 0.09587053733360433 0.9953916211986887 0.002088185528244107 -0.7122753536293032 -0.9909998944766591 0.09564402720133684 -0.09365590855874167 19.208784196131614
-0.09338599325109496 0.005790432021209135 0.9956131413162009 52.74377504546494 0.09593955541607305 0.995381986420916 0.003209799885593283 -0.7207366143896881 -0.9909968001820574 0.09581843249473095 -0.09351026693994512 19.09844131803927
-0.09340942724630891 0.005837720160416457 0.9956106668396257 53.96019280094343 0.09696226599131291 0.995282714984773 0.0032613227924516565 -0.7200072493382438 -0.9908950488701365 0.09684130459600196 -0.09353482692985428 18.984639459784752
-0.09382269553808245 0.005944642275252033 0.9955711742664042 55.33837815754074 0.09782702594342504 0.9951980383332372 0.0032768113660645104 -0.7137135090624436 -0.9907710001796763 0.09770120636862155 -0.09395370922471986 18.871248448509437
-0.09383237921036479 0.007091434592009765 0.9955627535053473 56.99344985787365 0.09834837375983445 0.9951496576155178 0.002180900387714596 -0.7180480457116328 -0.9907184675731654 0.09811661685531543 -0.09407469110419056 18.71351790028514
-0.09469610766862696 0.007792171618929278 0.9954757301179532 60.25215021703137 0.09837396361163471 0.9951482821807489 0.0015683609370735776 -0.7442844796307649 -0.9906337418419339 0.09807741092705073 -0.09500321568293177 18.484296606826902
-0.09547713415596686 0.008386802458598795 0.9953962921358923 62.68464781509591 0.09790521161993335 0.9951952360397116 0.0010058337366844843 -0.7649971390085444 -0.9906052121763856 0.09755051874987879 -0.09583950073226462 18.245552053246236
-0.09679976142782161 0.009128326232345118 0.9952620156761292 63.981816471266704 0.0968476480811427 0.9952991753746642 0.00029079142269837694 -0.7653543931399893 -0.9905808090452138 0.09641693398307419 -0.09722877965209341 18.120390448984587
-0.0976476970686598 0.008307028554571116 0.9951863747729766 65.69913887817539 0.09562943839355253 0.9954164237040397 0.001074212632729133 -0.771839109540429 -0.990615938580499 0.09527400850620439 -0.09799451787441196 17.942037265454427
-0.09878709494207225 0.007969951571434554 0.9950766753094223 67.38987957307772 0.09457176744173765 0.9955170405216905 0.0014152151312085857 -0.7691333576096195 -0.9906045077001486 0.09424596491559104 -0.09909796880500099 17.76936056266183
-0.09943874010279596 0.007077436802708331 0.995018515835294 69.31414743386165 0.0918752236574736 0.9957683153183917 0.002098924926641353 -0.7724561384990551 -0.9907930562154035 0.09162626313597175 -0.09966818779871338 17.5968678831008
-0.10127538667647187 0.008187924774514991 0.9948247352882902 71.16128081848377 0.091433597970406 0.9958105544636732 0.0011121065257153643 -0.7693176141313929 -0.9906478653970437 0.09107303391578318 -0.10159975038186367 17.42206989424346
-0.10402239558193403 0.008847080880833365 0.9945356053843836 73.10924752713024 0.09063083498381247 0.9958843642247871 0.0006203569253959015 -0.7924651359802035 -0.9904369707192548 0.09020012335061456 -0.10439609561665138 17.22728647807677
-0.10844264024572253 0.009700492755374508 0.9940553778421192 75.56645221941874 0.091002750210145 0.9958506190836444 0.00020958267637576663 -0.8013032980923317 -0.9899286303722749 0.0904845009435945 -0.1088754419428989 16.985306462870653
-0.11291166255208296 0.008761535817668554 0.993566400372838 77.26250729968669 0.08897564322999255 0.9960329165832325 0.0013281545440982552 -0.811807915475796 -0.989613202908862 0.08855317370258353 -0.11324329585307116 16.78341806855284
-0.11773503383900494 0.008034030943720299 0.9930125458188945 79.09252689639376 0.08714439031249722 0.9961930995181246 0.002272379703935526 -0.816991692190157 -0.9892139895108614 0.08680301157938945 -0.11798694901029046 16.565380621193576
-0.1222820349567879 0.008890059445515476 0.9924555762198529 80.78408354218293 0.08570489854133041 0.9963192242396055 0.0016351686746325432 -0.8259642740451643 -0.9887880330449241 0.08525825621973493 -0.1225938638493902 16.363357441788786
-0.12667089368108134 0.010593825664477613 0.9918882273481346 83.46818410308562 0.08682099081062394 0.9962238279109419 0.00044750096667490937 -0.8571746301204486 -0.9881379459613421 0.08617340401913354 -0.12711232902853048 16.030597721735734
-0.1303627682338549 0.012292684440187019 0.9913901545646184 85.38597680906085 0.08615195828116673 0.9962814812546953 -0.0010247893704488484 -0.8639683211703378 -0.9877162491033186 0.0852766088572253 -0.1309370506735408 15.754150309451768
-0.13540727031933242 0.012683564083001798 0.9907088363120706 87.39524685594318 0.0847851902048211 0.9963985682507464 -0.0011682079346213223 -0.8782484912741757 -0.987155683094922 0.08383925327672666 -0.13599498867017576 15.500020250977602
-0.13983350441950904 0.01252925054503922 0.990095757451034 90.04469091484084 0.08305465491292341 0.996544604313732 -0.000880857801241125 -0.9000761149255927 -0.9866856213298424 0.08210888803260574 -0.14039093691187676 15.092403305032315
-0.14481255162363132 0.01166679562489193 0.9893903227604858 92.11348330012065 0.08163169421793223 0.9966625448339713 0.00019551001363810391 -0.9294891032029491 -0.9860859959412089 0.08079392059371154 -0.14528162651806248 14.784204232974947
-0.14944239115764926 0.011328702141523055 0.988705533631157 95.31862268897004 0.08107484954645955 0.9967076668494569 0.0008340350802238281 -0.9472600374894169 -0.9854409370916682 0.08028379258159918 -0.14986884984082416 14.330407524269539
-0.15498121222122493 0.011179712539240287 0.987854158206553 97.90295778774544 0.08113304956710005 0.9967022268948873 0.0014488515104368774 -0.9539041928089442 -0.9845802415884565 0.08037216514625924 -0.1553771635193552 13.924990308031939
-0.16075737573107415 0.0128092681368341 0.9869108312293744 99.91150396237711 0.08174522882347977 0.9966531861067319 0.0003797207934797674 -0.961149343516534 -0.9836029604025479 0.0807362946454916 -0.16126644726743805 13.624315519741122
-0.16608034656747386 0.013884423627458474 0.9860144731516668 101.91925146235027 0.08154391042203381 0.9966697050443928 -0.00029953261962510657 -0.9757296196399156 -0.9827349129633651 0.08035372939223871 -0.16665944022361295 13.278502985555246
-0.17232648854770372 0.013789497588852161 0.9849433644129307 103.7245585808117 0.0820727423303908 0.996626258816819 0.0004064518964241949 -0.9922220377406299 -0.9816148156538742 0.08090704538557082 -0.172876845458812 13.022819266324099
-0.17861204984709322 0.013918311053213166 0.9838211302197385 105.28902655338712 0.08107090688268058 0.9967081450720587 0.0006177412237113334 -0.9999473232308662 -0.9805739358695197 0.07986960726350595 -0.179152454989973 12.782087365727415
-0.18397837627224492 0.014825440760617934 0.9828184793594795 106.78112050047478 0.08027910885225943 0.9967724236836123 -8.109761959291303e-06 -1.0080093812894393 -0.979646477942996 0.07889829966568046 -0.18457474519486503 12.494535970738294
-0.19045591953399382 0.015625404209895916 0.9815713878560928 112.24823878833534 0.0796531985663328 0.9968225506262377 -0.00041294205119846205 -1.0457663080067465 -0.9784589468509216 0.07810665340586281 -0.19109536891595094 11.707569593811181
-0.19547162722035066 0.014804621844592945 0.9805976066276444 116.00518559099595 0.08099362182640751 0.9967140157640855 0.0010972706388562895 -1.0803196001707116 -0.9773591336736309 0.07963663699236376 -0.19602839047769963 11.19290212554071
-0.19979772574747978 0.014672421056652039 0.9797273033076443 118.17907360030141 0.08286861561963053 0.9965585239337288 0.0019750747573949326 -1.0887028317666039 -0.9763266161133897 0.08158326075457269 -0.20032600987697718 10.780202543501542
-0.20328793716216872 0.015391037194476835 0.9789980237867829 120.0469078032355 0.08355223913838014 0.9965019768074292 0.001683316319613081 -1.0911085973836865 -0.9755475580100204 0.08213967490164585 -0.2038627868634661 10.394113740807283
-0.20636686036554464 0.01609993606428636 0.9783422259115631 121.1971324662468 0.08382172388241305 0.9964799414426528 0.0012825395942632277 -1.0951871626831111 -0.9748777551817712 0.08227100559223235 -0.20698996132806707 10.162059208855549
-0.20956963161973752 0.016185434013712474 0.9776597573944391 122.37664059943981 0.08331876641635322 0.9965220153563152 0.0013623777107027637 -1.1035387837809665 -0.9742374210969454 0.08174291795598033 -0.2101893020551172 9.918925369415359
-0.21371548802052964 0.016772222995122935 0.9767519555731367 123.43848703828257 0.08149841167712167 0.9966732131210023 0.0007177333372549403 -1.1069512828404242 -0.9734904719997296 0.07975712371218023 -0.2143714116735415 9.695300235163124
-0.21825008119742192 0.017517850189267308 0.9757356337564304 125.41658868502003 0.08030905849396956 0.9967700088395273 6.783686779774723e-05 -1.118852164866322 -0.9725828279283641 0.07837521548790756 -0.21895197741992048 9.264249904272223
-0.2234101412186968 0.01711918292444449 0.9745741851581332 127.56961859191422 0.07915501110525575 0.9968621175299321 0.0006347051647475616 -1.1347985501487874 -0.971505220272939 0.07728423001958291 -0.22406417556742894 8.814358440143202
-0.22693412302790464 0.0173048222094198 0.9737563591237051 132.7969385613345 0.07905173178875259 0.9968702639922309 0.0007074385051467474 -1.1950900167795175 -0.970696516686218 0.07713766846580798 -0.2275918552956243 7.427810460769961
-0.2327300145311346 0.0177771402436342 0.9723788940639825 136.34827533385408 0.07830934283055754 0.9969289743451666 0.0005166589979179947 -1.2312201256546027 -0.9693835088146414 0.07626659423255484 -0.23340741085574596 6.670304592426552
-0.23704367782318853 0.017600514979250786 0.9713395475715583 137.81512686416016 0.07745866825305091 0.9969952123117121 0.0008374604282207954 -1.2454799507835759 -0.9684061387230674 0.07543718247635708 -0.23769472434933994 6.299267595540114
-0.24141138447855232 0.016830756851661292 0.9702769032951091 139.82955800367696 0.07651302741313169 0.9970670608671567 0.001741484937399476 -1.2458462540630535 -0.9674018296862096 0.07465923758993949 -0.24199111174227678 5.7769542503962334
-0.24544729184993422 0.016801255390239744 0.9692643317180525 141.19189793226784 0.07658548220011734 0.9970607849380493 0.0021107000915610574 -1.2448339033082332 -0.9663799929839757 0.07474964184538839 -0.24601260171844336 5.430666208262907
-0.24874989353141555 0.01755479864356373 0.9684086531587228 142.56659590675793 0.0774530495219785 0.9969943357798213 0.00182196121764627 -1.2470097887068508 -0.965465957757111 0.07545941602952833 -0.24936190756534396 5.044660385675102
-0.25275471805242583 0.01865341839045818 0.9673505582179541 143.79607875692034 0.07734393310842447 0.9970039861958787 0.0009836263661986055 -1.251558706842493 -0.9644340145979703 0.07506731307206913 -0.2534401901723198 4.729619735271816
-0.25495301800662035 0.02030850092364777 0.9667401529881483 145.91980740333452 0.07738715095745374 0.9970009740756701 -0.0005353119033653432 -1.258601457984815 -0.9638517455895403 0.07467678677059308 -0.25576002432283096 4.132614349047729
-0.2586249273317192 0.021635683834627748 0.9657354938841534 147.80698529980822 0.07883120430726506 0.9968872286742997 -0.0012225111538437018 -1.279253025719561 -0.9627558299953989 0.07581392016683935 -0.25952545408650546 3.673621406518683
-0.26194441424071646 0.02230011716646554 0.9648252839879604 148.48051272068847 0.07830476430829945 0.9969278737343611 -0.001782823066872744 -1.2853094097339144 -0.9619009760545573 0.07508341591742385 -0.26288589334435863 3.484887811495538
-0.26571037653643687 0.022212115756575397 0.9637969795109758 149.95347711906405 0.0777187281020228 0.9969741198681209 -0.0015503597548690623 -1.2866625650246042 -0.9609150821498584 0.07449312872193646 -0.2666326661722982 3.0728673318876596
-0.26910102541656816 0.022242850497347734 0.96285507410072 150.59957695126153 0.07771383194016551 0.9969748444913935 -0.0013114025001816178 -1.2959695587229871 -0.9599714570990786 0.07447425765387149 -0.2700155301125798 2.884286503885062
-0.2727363068341674 0.023058782323936503 0.9618124554673821 151.56953366981313 0.08000068241028771 0.9967940718841776 -0.0012120521562648263 -1.3056361389349043 -0.9587569023210982 0.07661508215932024 -0.27370665216134854 2.599628330302119
-0.27541416060296675 0.02322319043650126 0.9610451204627761 152.19094403573604 0.08216133737470269 0.996618897099368 -0.000537201284195784 -1.3117010635074353 -0.9578082035460773 0.07881279953389736 -0.27639100537004846 2.4182086095629356
-0.27800176396876447 0.022832049103528602 0.9603091776943445 154.13161914428184 0.08330398186241729 0.9965240929810232 0.00042274601660847105 -1.3317919655136081 -0.9569615801254104 0.08011510245929562 -0.27893745629050093 1.875298665775349
-0.28070463107145244 0.02257616884055548 0.9595286481890584 156.10147187302897 0.08336104457293451 0.996518967241369 0.0009403062712333053 -1.3429585372146164 -0.9561672690187373 0.08025125873566134 -0.2816094620721982 1.3233411048733483
-0.2840433855689553 0.023034077536969396 0.9585347079717801 158.40495548775752 0.08233026142538537 0.996605000633707 0.00044806862823460576 -1.3646853338413665 -0.9552701623981329 0.07904368402275788 -0.28497546008026153 0.668767725528272
-0.2869092005251823 0.025155857040404385 0.9576274293850204 160.68666051337885 0.08158970584498762 0.9966644890689847 -0.0017367005979184984 -1.379121655454551 -0.9544769408184414 0.07763426489251972 -0.2880046707268282 0.003867430177760589
-0.29021119976697907 0.026978688079136542 0.9565822546542134 162.50561693931465 0.08108364157283607 0.9967011175887924 -0.0035107358942587557 -1.400253116852354 -0.9535213173280919 0.07654431779538463 -0.2914413574188478 -0.5439559164553435
-0.294254949982994 0.027972524261268412 0.9553175190987327 164.64856882867906 0.08011184235953024 0.9967756756065475 -0.004510569016321938 -1.4258463098337186 -0.952363437519663 0.07520498923304797 -0.2955471070238881 -1.148707198025983
-0.2975488524265647 0.028782799265710916 0.9542726187448025 166.74993968242202 0.07815503828429017 0.9969249219786048 -0.005699993746654419 -1.446636068265767 -0.9515022177643189 0.07288518645349974 -0.29888338726871866 -1.796463345636315
-0.30233778525311933 0.029331630490245748 0.9527494524065715 169.3116609070862 0.07877352940906393 0.9968762828597761 -0.005692779294203049 -1.4699018138552051 -0.9499403111104823 0.0733302947248812 -0.30370392358822773 -2.553146362453174
-0.30548100898231956 0.028519105379677733 0.9517709880950808 171.10033846784552 0.07859642547740683 0.9968956951612313 -0.004644875795652339 -1.500874726272915 -0.9489488685136415 0.07338687619272632 -0.30677420254864174 -3.1266464246199046
-0.30940852918569456 0.027712525122264527 0.9505253168740391 171.73966586161137 0.0777985879661727 0.9969620743758901 -0.00374192017151663 -1.5058111881654916 -0.9477413897143122 0.07279174546230623 -0.3106245644100543 -3.3312660960059204
-0.3136413479428362 0.027652390779002844 0.9491387939310062 172.7646821175558 0.07771112011904073 0.9969702348091466 -0.003366409722290134 -1.516178234199746 -0.946356215529039 0.07270279354179272 -0.3148399865658343 -3.6559897187627284
-0.31706003910204067 0.02776245722081597 0.9479990388041931 174.32916870457623 0.07680363928444528 0.9970400544734279 -0.0035115193674155653 -1.5378536518747494 -0.9452905016963186 0.07169641375038348 -0.31825381640768513 -4.178513536016293
-0.3203402758371427 0.028389938196376655 0.9468770348285931 175.99904518085123 0.07627699263104774 0.9970782793437001 -0.004089652326143561 -1.5623284460155447 -0.9442266296137527 0.07091485225389971 -0.3215698301427873 -4.737379747289701
-0.3235731010681736 0.029236506807405097 0.9457513811434937 178.41277080824088 0.07693753405870177 0.9970257658250374 -0.004498681356028715 -1.6050803898921129 -0.9430700207927788 0.07130812682070956 -0.3248601036311321 -5.517864483212542
-0.32634259519298264 0.02966716991238879 0.9447858855804834 180.69381911548558 0.07726720088582105 0.9969997282054955 -0.0046175345604577275 -1.63133162942528 -0.9420882603185224 0.07149406260338806 -0.32765577788661604 -6.3320384629888675
-0.329086706023578 0.02925018782928002 0.9438465799220247 182.27434345100787 0.07805062205632729 0.996942597418197 -0.0036820985399670368 -1.6485441569921682 -0.9410685630256559 0.07245608300888429 -0.33036355083428603 -6.878802151243433
-0.3319188777698127 0.028463425509331737 0.9428784078492322 184.03802657380137 0.07917890295827869 0.9968579506278175 -0.002219819003912481 -1.6778129816265435 -0.9399790209926778 0.07391927812392494 -0.33312967507456603 -7.487753646662295
-0.33454453842908116 0.02924732552793132 0.9419259767926225 186.67899458602943 0.08069817552452987 0.9967359587490929 -0.0022875759041522076 -1.7139854436981055 -0.9389183970262198 0.0752464117813544 -0.33581277706446105 -8.38852984451977
-0.33701281225409496 0.02983430316847826 0.9410272465402036 188.32821254149346 0.08014742663051193 0.9967788065415925 -0.0028984192249751485 -1.7369678417323666 -0.9380824880473431 0.0744441077852983 -0.3383183714121328 -9.00423937082246
-0.33983835669998325 0.030182013921793146 0.9399994347610424 190.52998137238902 0.07961153312258587 0.9968207494587996 -0.00322447549952174 -1.757980322968485 -0.9371082622137779 0.07373899568071864 -0.34116076182156757 -9.77313798219977
-0.3428010028583498 0.031238644180887818 0.9388885021923791 191.94269096108349 0.07914963884411436 0.9968536067850298 -0.004268642700165751 -1.7821853999312847 -0.9360677363899238 0.07284939086496198 -0.3441949435137708 -10.293127033776546
-0.34541147754936186 0.0323988033909634 0.9378919067333931 193.06855568938246 0.07905830465014933 0.9968557997124439 -0.0053196847168093375 -1.800254151794651 -0.935115338149798 0.07231066393331276 -0.3468868291511114 -10.717343494150828
-0.34779954985356 0.032154977002480746 0.9370173587376226 194.11167865253708 0.07653874555878358 0.9970497054686854 -0.005805622539696624 -1.8201044572905603 -0.9344395612076517 0.06969894029866062 -0.3492345403468773 -11.114857419277074
-0.3509101026771479 0.03295829357677831 0.9358289644607181 195.2978459392485 0.07739243801421929 0.9969820953570774 -0.006091968122455345 -1.842131098293036 -0.9332055027577413 0.07028835196458491 -0.3524018121417279 -11.561398792588495
-0.353240190432118 0.03219720520359977 0.9349784531424015 195.99770715792116 0.07852569180571885 0.996901188766155 -0.004662141464864381 -1.853823908069812 -0.9322312393338437 0.07177297411758227 -0.3546738735745874 -11.838439292734503
-0.35565419447696334 0.031178891519221513 0.9340974096284468 197.4399276035584 0.07857138374796122 0.9969028295374905 -0.0033594815157237117 -1.8707294029934722 -0.9313090956319883 0.07219851233756298 -0.35700244146135707 -12.409317099706454
-0.3585675664848777 0.030651970825145494 0.9330004056535274 198.5903774856889 0.07747486412740542 0.9969898539752976 -0.0029793453531874806 -1.8858677204992493 -0.9302832609982573 0.07121578304581548 -0.359862983024954 -12.85822902607834
-0.3614120373050792 0.030717936550630775 0.9319000738625696 200.8747076510269 0.07600323645097186 0.9971018035307245 -0.0033913779990924417 -1.9267605573522695 -0.9293034204929888 0.0696017368305363 -0.3626992568095541 -13.771676321929995
-0.3659172861114615 0.030410375309024434 0.9301503904199505 202.24503344145432 0.07481108756283648 0.9971926796260249 -0.0031718886979840537 -1.9431635593099366 -0.9276356186038174 0.06842491340010402 -0.36716507230903594 -14.213370395895122
-0.3696375970630845 0.03006013758445449 0.9286896332822024 203.05118093301985 0.07421480488873558 0.997238514858683 -0.0027399302462303697 -1.9512574286509807 -0.9262074333391815 0.06790973870389762 -0.3708477555768841 -14.513832827694205
-0.37330438706026914 0.030243936807100313 0.9272157995245573 204.3228468201821 0.07377448860572589 0.9972709431238314 -0.0028268059443039084 -1.976886666132829 -0.9247708686115277 0.06734961237670127 -0.37451684912722866 -15.016605013474415
-0.3777929514971195 0.02982365504286006 0.9254096581509073 205.9705409627964 0.07326979749207471 0.9973096655347701 -0.002228857638910651 -2.010181212677427 -0.9229864693344991 0.06696253154406057 -0.37896173526445237 -15.633244060673093
-0.3820933834440494 0.02943674610810432 0.9236547646750083 208.05372002758767 0.07231161255181061 0.9973803302753814 -0.0018728240458167184 -2.025325735188335 -0.9212902240979408 0.06607537179855588 -0.383221043554822 -16.439128598859963
-0.3859300046446835 0.029504440305999847 0.9220561368578291 209.41468755295065 0.07129698985267617 0.9974529722815951 -0.002075409486725725 -2.03262232914487 -0.9197688681146474 0.06493886424030283 -0.3870506080065979 -17.018944562064867
-0.3902971887493631 0.030021604362809585 0.9201993304310897 210.06550520944083 0.07120748094020712 0.9974587807157106 -0.0023399639434221104 -2.0436482420431954 -0.9179311516189499 0.06461179493397474 -0.39144312082717153 -17.283257832116654
-0.3934857303896141 0.030348733811839595 0.9188296546889249 211.7999640961633 0.07136972371487303 0.9974470865664333 -0.0023816038661571494 -2.0626171541745832 -0.9165562407820984 0.0646394914594112 -0.394647176129836 -18.064663365527537
-0.3968865201375317 0.030491890127470937 0.9173610710999097 213.80112451671357 0.07111064867114629 0.9974655720384158 -0.002389193090663186 -2.073885116514285 -0.9151089365636669 0.06428590229988693 -0.3980489379294963 -18.9480246139029
-0.4009088190637822 0.030841666107542787 0.915598662312584 215.77219148389045 0.07021311940158459 0.9975279205621727 -0.002857544887895475 -2.1172510600824515 -0.9134233611315059 0.0631414232544613 -0.4020832302006866 -19.761446515209744
-0.4050629796747304 0.031335471178269514 0.913751646095953 216.49662793016793 0.07073171418153955 0.9974912984319811 -0.0028520451260992097 -2.1229686031285473 -0.9115486860864674 0.06347596236763027 -0.40626320913360214 -20.06679921698009
-0.4084219354104523 0.0320670276808515 0.9122298111831771 216.99637891480222 0.0713446316186713 0.997446844289226 -0.00312031354847321 -2.1278838645685214 -0.9100008056121555 0.06380829533188351 -0.4096669808906527 -20.28890966656614
-0.41147332992517466 0.03313458780748179 0.9108193003286196 217.60812968748166 0.07236534827485427 0.9973717252970972 -0.003591371177055397 -2.134682360135556 -0.9085444156062724 0.06443400242652378 -0.41278966096784814 -20.575162830124892
-0.4144898639052192 0.03521962124716856 0.90937216308783 218.2985390750643 0.07443139329562914 0.9972150793973324 -0.004696074384393177 -2.1406597094658246 -0.907005027776528 0.06573936189041583 -0.4159569880244066 -20.90165407422391
-0.4171501190247064 0.03589285902895056 0.9081285596590393 219.5448572323029 0.07577020109652399 0.9971146736794433 -0.004604797379902191 -2.16211527927462 -0.9056735917666265 0.06688819181175584 -0.4186661139532167 -21.48396731207181
-0.42098879035607867 0.038053904146114564 0.906267255710899 220.6001054517149 0.07755168692445928 0.9969712435429665 -0.005837414114299119 -2.174319630782138 -0.9037445293055403 0.06782506857799943 -0.42266486229954486 -21.934393923239234
-0.42369901880980615 0.040333086912495264 0.9049046267755051 221.65732033029283 0.07903883811821451 0.9968439000335004 -0.00742300713349367 -2.1884163633310827 -0.9023480501051278 0.06837748946905817 -0.4255496626780221 -22.42401655187797
