0.9988530026024333 -0.00032075685664962987 0.0478808553301043 -0.003736029578489097 0.0005183013814061997 0.9999914056425493 -0.004113393333560491 0.029832235610278264 -0.0478791244258027 0.004133491995572231 0.99884458435141 0.9995479277556533
0.9954086786659252 -0.0035199801000721054 0.09565130514871185 -0.10103739932388976 0.004437350767949601 0.9999461635039919 -0.009379766085047713 0.07864237674651053 -0.09561313902764133 0.009761138957269825 0.9953707087369699 1.993605265447656
0.9900557202753916 -0.0032239423452134265 0.14063881735043982 0.03510123019957284 0.005116848533263023 0.9999011015410014 -0.013099809089445906 0.04077043711821044 -0.14058267535889077 0.013689168449800934 0.9899743017149938 2.9835709061439175
0.982137282789241 -0.0008076247335493882 0.18816403880034158 0.1841049806299128 0.003790352625177875 0.9998728003009907 -0.015492464143332363 0.011040012681743882 -0.188127592294016 0.01592893469587314 0.9820154164050129 3.9719604873363146
0.9722551927936663 -0.0032503135175108045 0.2339001401192148 0.4197977946338022 0.007073371274166544 0.9998547269600433 -0.015507817205376213 -0.01681239447409935 -0.23381575546692362 0.016732018338964774 0.9721369410004622 4.9433888793707075
0.9602725396569652 -0.003676073764871385 0.2790396675428728 0.6974780417004378 0.008778502831045379 0.9998163005328516 -0.01703828268482202 -0.040593867842434586 -0.2789257741206557 0.01881094549664641 0.9601284085270652 5.903768024232784
0.9465784490038981 -0.006098515275163641 0.3224159549290526 1.0325546314891836 0.013184210045045525 0.9997170735154464 -0.019797715201499724 -0.066234186275953 -0.3222039982477908 0.022990890220915074 0.946391040997318 6.845609960586724
0.9312431117760928 -0.007721618538003383 0.36431668006932166 1.4039416256882213 0.01666247298734481 0.9996320358390153 -0.021404553681208503 -0.1080916063577881 -0.36401734678930453 0.026003260016761256 0.9310291089461036 7.7731441308376175
0.9138046002504768 -0.007669729692971837 0.40608167627646335 1.8178334051014515 0.018153613228444002 0.9995937662845552 -0.021971543682910464 -0.14521528373543263 -0.4057481964073501 0.02744954738232902 0.9135726153189396 8.682712933953951
0.8939932807889239 -0.008096428040734911 0.4480072117245847 2.2680142508091987 0.019429672744498614 0.999596775083559 -0.020706884352561978 -0.17677935766447028 -0.44765891225496357 0.027216448988247714 0.8937901113702101 9.57509227896364
0.8718229437176911 -0.007953353068397012 0.4897565711477369 2.7558234935869783 0.02019449554737596 0.9996016595978876 -0.019715589738471893 -0.2173333005080743 -0.4894046762721069 0.027078890378265975 0.8716362753688466 10.447100019987221
0.8476634485586982 -0.007911828616548334 0.5304753349077759 3.2877947194222266 0.02090714197036487 0.999610255870014 -0.01849939929068386 -0.25025415972244197 -0.5301222211831961 0.02677198773769915 0.8474984904295505 11.29322224044493
0.8219797460163187 -0.008115375527394138 0.5694588991481273 3.8667362826594616 0.022565063299144247 0.9995773928812562 -0.018326307839177564 -0.28741577746439273 -0.5690695168933696 0.02791372996860255 0.8218154954866614 12.107743977756247
0.7945968244191574 -0.009886640746793714 0.6070569503413451 4.479035576386748 0.02622807876364076 0.9994929623397373 -0.018052870068352926 -0.3199327717932826 -0.6065706673647834 0.03026669073553325 0.7944532414966667 12.897701065198046
0.7656232226831472 -0.008942292017259785 0.6432271109816109 5.120341795655619 0.027141833696958724 0.9994620194458916 -0.018411750289065172 -0.3572105702269368 -0.6427164240563938 0.031554826867189543 0.7654540424803724 13.664080004683179
0.7349902501478278 -0.011944765485402225 0.6779724587069389 5.807853180980979 0.0321067543712999 0.9993364332877304 -0.01720027405301585 -0.38619727107496393 -0.6773171255116573 0.03440952893104727 0.7348860427354498 14.389674827040666
0.7027629416700188 -0.01065820852238806 0.7113442559031418 6.517456006139987 0.03221635615756413 0.9993387987475674 -0.01685442712458889 -0.4142174988677113 -0.7106942761914086 0.03476158668505211 0.7026416425745825 15.093719340777039
0.6687788375639806 -0.009424187126707298 0.743401675491501 7.271171143820889 0.03351178591851796 0.9992854529326193 -0.017479810119145334 -0.45638423624269664 -0.7427057470028905 0.03660284489285987 0.6686167849483194 15.74956645523627
0.6328492569438673 -0.010531707609531791 0.7742033977711683 8.035427060786278 0.038175438690512986 0.9991157986275061 -0.01761410837106558 -0.491187768522046 -0.7733333394251029 0.04070262973995769 0.6326917433204499 16.393539736919443
0.5959316971678512 -0.00867649263667444 0.8029882507148967 8.827773026436404 0.038214716634083795 0.9991151603867067 -0.017565070965478994 -0.5290535390792501 -0.8021253316927601 0.04115355101290006 0.5957359629028682 17.002435486747096
0.5591163748729293 -0.007613474956423953 0.8290542288343034 9.678334784654355 0.0418221828556102 0.9989437983017248 -0.019031365051283954 -0.5472798181128784 -0.8280336855286416 0.04531360539188239 0.5588442473500491 17.527994692025906
0.52035258839924 -0.005890773615547175 0.8539311930901816 10.536543722333745 0.04662174029084598 0.9986807777243111 -0.021520165803693276 -0.5784773587700539 -0.8526778976134327 0.05100983228923531 0.5199407657910273 18.04034624395128
0.48147676733466854 -0.004731372688073437 0.8764460831274469 11.411572435244612 0.04834038291807816 0.9986066541365721 -0.021165011067667355 -0.607302740588782 -0.8751247510476953 0.05255820037489351 0.48103462004003555 18.5235582356843
0.4426660330820205 -0.0064622849189272785 0.8966632712613211 12.311998283627215 0.053513158572079306 0.9983820987628708 -0.01922307804398268 -0.6332216558592165 -0.89508833363812 0.05649268752212235 0.4422956604370664 18.957794900939263
0.40585657118350654 -0.006983224984770314 0.9139101040014704 13.233126292004258 0.05749437052714332 0.9981852505438148 -0.017905388978440826 -0.6633054027080668 -0.9121265487775555 0.05981170592445759 0.40552153931641083 19.34589043092816
0.37078254055204163 -0.004199531342777776 0.9287102193678466 14.168104268028022 0.059107142013460186 0.9980691894549133 -0.01908504188659518 -0.6786338261977827 -0.9268369076513806 0.06196980714278098 0.3703148520082772 19.700264814580958
0.33754139751344964 -0.004891052839015756 0.9412979775643803 15.112805906305024 0.05990559044992375 0.9980710266473118 -0.01629558222424183 -0.7031090609154276 -0.9394025362950182 0.06188944473257921 0.33718329056046 20.02728126299499
0.3038937237881664 -0.0064892648861758166 0.9526838374211026 16.064521177374026 0.062314828387297155 0.997970830715892 -0.01307987780119748 -0.7308530869890637 -0.950665801849011 0.0633412226079478 0.3036814494059639 20.33300710723772
0.264558257652462 -0.007739589861905444 0.9643386474971654 16.971405113930338 0.06216565935904816 0.9980248616855214 -0.009044680981160224 -0.8053002055701213 -0.9623639431651354 0.062341592908472125 0.26451685520829465 20.74775899973817
0.23205550761297317 -0.00463658406021468 0.9726914945010762 17.943400044677738 0.05953259666665468 0.9981816812843978 -0.00944463246393406 -0.8228023661487822 -0.9708790405197808 0.06009852940385433 0.23190958462918945 20.982108117466748
0.19993191866324625 -0.0031029068505169055 0.9798048784674984 18.91712393948566 0.059273990385264964 0.998201773332534 -0.008933855807670936 -0.8443442132598991 -0.9780152462837376 0.059863107878406666 0.19975631742625202 21.20881873811567
0.1691980838377795 -0.002822565601356974 0.9855780240798031 19.901795548383355 0.06129645912247781 0.9980901752323247 -0.007664607214587439 -0.8606770487007158 -0.9836741089022673 0.06170927991909753 0.16904795842362677 21.382470807249696
0.13845470167457455 -0.0029229700229746226 0.9903644540422725 20.892199675437126 0.06301076941947759 0.9979956222451593 -0.005863524252788639 -0.8739971221443242 -0.9883622506557853 0.06321545875608595 0.13836136474062236 21.520028870482236
0.10793653048275671 -0.0035120899278473297 0.9941515833169923 21.885969168706406 0.06173684655076291 0.9980874056354195 -0.0031768679426678556 -0.8875735924387942 -0.9922390171552979 0.061718683850972636 0.10794691703977075 21.630653703606473
0.07840400725275369 -0.003803087298536817 0.9969144136653402 22.88278292061028 0.06230769732902004 0.9980563894556168 -0.0010928496572930567 -0.8987381509397002 -0.9949726440964418 0.06220112534205408 0.07848858200984815 21.709632666963714
0.05124495610493746 -0.0034259946650262185 0.9986802376308231 23.881811929588565 0.06507752876848576 0.9978802073406047 8.394795287449742e-05 -0.9036248170883999 -0.9965635301992489 0.06498733998577794 0.05135928268952883 21.7534178210544
0.02593252517841234 -0.0027715092755541946 0.9996598535873118 24.881618255676987 0.06907374883946854 0.9976110808413701 0.0009739629229949999 -0.9065581914854073 -0.9972744463582391 0.06902499633356649 0.02606201300778759 21.772877667844934
0.011214631872867318 0.0008913973624865698 0.9999367167189618 25.850342344940476 0.07522407852130877 0.9971651498830095 -0.0017325903771651286 -0.815297730414917 -0.9971035904270806 0.07523874845807327 0.011115785527200852 21.542128568630318
-0.009334639934162557 0.0009261250100979613 0.9999560024269889 26.850268280143734 0.08099983898795976 0.9967141005323328 -0.00016698487167162647 -0.8193935563716535 -0.9966704021797896 0.08099471644797851 -0.009378983222472978 21.530668711576578
-0.02674169120753594 0.0001929307466585488 0.9996423584107903 27.84936084163323 0.08543351056051728 0.9963416753070284 0.0020931602159871927 -0.8303223475424002 -0.9959849382519128 0.08545893062817249 -0.026660344169241998 21.48950325143165
-0.04222312091937299 0.0003381841051190652 0.9991081491466968 28.848204169835412 0.08861585756819954 0.9960600466395996 0.003407825666186647 -0.8341695947380756 -0.9951705571645899 0.0886807144751867 -0.04208673226671148 21.441574299873682
-0.05677511612581166 -6.004232033980883e-05 0.9983869903919117 29.84660383665511 0.09093476698758708 0.9958431122112832 0.005231062440722867 -0.8321139470717845 -0.9942371217882651 0.0910850825122603 -0.056533648404476125 21.38506005717516
-0.07007513826564585 -0.0011000395073190858 0.997541109383534 30.844108377822774 0.09114588606739416 0.9958093007400327 0.007500934117603793 -0.8354175015778608 -0.993368965918525 0.0914473972988262 -0.06968121035997049 21.314535190073492
-0.08221086384494385 -0.000872990101197939 0.9966145753269667 31.840441076772375 0.09103602670437021 0.9958123248134925 0.008381860857142447 -0.8358410929486466 -0.9924483944809164 0.09141691111512416 -0.08178711790019404 21.228972618936144
-0.09351448713603458 0.0020450106864615953 0.9956158187910513 32.83628106849609 0.09120017053785195 0.9958112319214331 0.006520680408103075 -0.8345416644015867 -0.9914320801696657 0.09141011054806877 -0.09330928196079294 21.137862782063355
-0.10394607325205314 0.00556480622391323 0.9945673666409772 33.83121699456854 0.09164793603738414 0.9957834105965397 0.004006869203082158 -0.8346229408578313 -0.990351386971092 0.09156654472247686 -0.10401777834591718 21.037351706021365
