0.9999794999989183 0.0005025122880768155 -0.006380358170464089 -0.05013871230494884 -0.0005005160142490648 0.9999998000001049 0.00031448744383338027 -0.021831646976441355 0.006380514829718003 -0.00031128745633588893 0.9999796000009755 0.9985035155513845
0.9999095999977273 0.0010615159880575753 -0.013405990170451023 -0.10750757682975237 -0.0010587620167511337 0.9999994000000582 0.00021260184394228035 -0.04681778784219347 0.013406209829928793 -0.00019838875643103635 0.9999101000022095 1.9965437463926403
0.9997799999964493 0.001386755987950022 -0.020929250170421618 -0.18422846280461963 -0.0013955060194294601 0.9999988999998295 -0.0004034728559215918 -0.07231435816247668 0.02092866983007085 0.0004325909435137001 0.9997809000037113 2.9932701885999844
0.9995453999948979 0.002025308987708252 -0.03008212017036494 -0.29049827302757825 -0.0020800740226862412 0.9999961999993163 -0.0017893313557282202 -0.07104078231835993 0.030078389830354723 0.001851090643405812 0.9995458000057654 3.9876066294867476
0.9991402999929736 0.0022307069874048222 -0.04139680017027426 -0.41346992709969177 -0.002379114026710634 0.9999908999986797 -0.0035360423554469 -0.07606560197878082 0.041388539830530306 0.0036314896433726866 0.9991365000083162 4.980003974794883
0.9984891999906713 0.0021456309872415324 -0.05490591017015151 -0.5483713955327649 -0.002394373031514738 0.9999870999983396 -0.004464951355051803 -0.08202376249395153 0.05489561983064672 0.004589670643388543 0.9984816000109499 5.970844972303266
0.9974752999879332 0.002223073987237128 -0.07097932016997895 -0.7099309791193393 -0.002545053037228567 0.9999868999983293 -0.004446103354498172 -0.08862284769083163 0.07096850983087323 0.004615523643375412 0.9974679000136831 6.957685845917573
0.9959797999847491 0.0009912398872429565 -0.08957233016972335 -0.8801101427787347 -0.001397593043836342 0.9999889999983564 -0.004473982353741977 -0.09732715506593531 0.08956690983071938 0.004581181643584646 0.9959703000168625 7.943060494995695
0.9939835999813311 -0.0003564687127464916 -0.10952860016938225 -1.0758537251594003 -0.00014066435092397085 0.9999896999983947 -0.0045310843527915454 -0.1070352146781996 0.10952909983061186 0.004519230643814132 0.9939733000202845 8.923667520459917
0.991297999977563 -0.0004511767127813148 -0.13163660016892179 -1.3059071517915108 -0.00017455105876782478 0.9999886999983231 -0.004741873351569673 -0.13054030938619085 0.1316371998310817 0.0047235856438306335 0.9912867000241284 9.896561544697686
0.9877898999734984 0.00292787198692007 -0.15576410016830905 -1.5863878549674326 -0.0039008670673134392 0.9999746999976582 -0.005941284350030172 -0.166914031158277 0.15574279983300718 0.006476355643259615 0.9877764000286685 10.855731728211982
0.9834264999692356 0.0072819069864733495 -0.18116110016754688 -1.908939902507261 -0.00880976207629227 0.9999320999966714 -0.007630442348175398 -0.21199394127038038 0.1810931998354998 0.009099963642532585 0.9834238000335993 11.801209295313402
0.9780771999647223 0.01080195998619889 -0.2079623001666325 -2.255324585085155 -0.012793410085760074 0.9998841999960544 -0.008233354345958597 -0.2534900871767049 0.2078492998378308 0.010713399641949605 0.9781022000383826 12.738383545612892
0.9713482999597255 0.011583859986049038 -0.23737820016548325 -2.621328658519406 -0.014004440096152678 0.9998656999957314 -0.008513365343211522 -0.272048270166078 0.23724769983940927 0.011593789641822911 0.9713800000434969 13.668811690306049
0.9632836999545087 0.013445709986001886 -0.2681487001641218 -3.026408708665573 -0.01613640010701172 0.9998390999956099 -0.007832912339980784 -0.284319939717688 0.26800029984154344 0.01187226964151501 0.9633457000484998 14.583010501195242
0.9538089999491115 0.015771979985998368 -0.299999500162529 -3.472626483089801 -0.01861376011823998 0.9998047999955739 -0.006616866336240142 -0.299342617137356 0.29983669984404104 0.011895339641130683 0.953916400053496 15.477808758673431
0.9425174999433963 0.017741189985975896 -0.3336855001606261 -3.942183322784182 -0.0207381701301018 0.9997701999955025 -0.005421185331829787 -0.31003409127723386 0.3335125998467226 0.01202958964080733 0.9426689000588122 16.360646191020734
0.9299712999377493 0.02036642998574781 -0.3670676001585027 -4.453658988606906 -0.023853020141830675 0.9997030999949925 -0.004964301326981178 -0.32150158726919736 0.36685749984997096 0.013372329640383726 0.93018100006434 17.219867420111775
0.9160370999321172 0.023498469985500717 -0.4004045001561508 -5.011831241797529 -0.02746958015352486 0.9996138999944364 -0.004180152321647151 -0.3086862137475419 0.4001516998536346 0.014828119639881603 0.9163290000697434 18.04949347839542
0.899965399926188 0.02432814998538228 -0.4352819001534258 -5.587217915428906 -0.028660130165753576 0.9995833999941781 -0.0033888383155147674 -0.29056527882019034 0.4350181998567984 0.015525069639751041 0.9002878000754069 18.867174203382636
0.8815779999199557 0.020507119985369443 -0.47159270015026716 -6.175885802332259 -0.025437550178477465 0.999668099994199 -0.0040816333084961465 -0.2743367279767493 0.4713524998587847 0.015594439640372215 0.8818071000818432 19.6753861744249
