0.9999983456494304 0.0008819333923707068 0.0015908777118086147 -0.008848365937537895 -0.0008803027335866097 0.9999990867952615 -0.001025414911281209 -0.02112005794540604 -0.0015917806066628416 0.0010240127608869554 0.9999982088145788 1.199192952157987
0.9999941751232936 0.001360318451969139 0.0031303758868666334 -0.026848820104246253 -0.001358651191120461 0.99999893409574 -0.0005346721657761856 -0.04691013736001066 -0.003131099874598489 0.0005304159624494175 0.9999949574235273 2.4311449449983873
0.9999916236243459 0.0006479865062621269 0.004041385236814294 -0.03389073184270775 -0.0006473646988953674 0.9999997784211753 -0.0001551661917593444 -0.07692789877930072 -0.0040414848869273785 0.00015254864189210844 0.9999918215309666 3.6973523343328134
0.999987970849871 0.00033373580285686204 0.004893544315863624 -0.04475226992257199 -0.0003329149683182132 0.9999999303789451 -0.00016855185821843205 -0.10297824544138802 -0.0048936002269596105 0.00016692069653198447 0.9999880123352977 4.973970864050265
0.9999827916087081 -0.0001322742261665828 0.005865065215620144 -0.05517773018499125 0.00013260304884712065 0.9999999896583192 -5.56757941440117e-05 -0.12696975883762548 -0.005865057790492913 5.645256158249667e-05 0.9999827988071704 6.195609173303838
0.9999777700981144 0.00037631371942852476 0.006657153865313333 -0.057297756779432565 -0.00036988474667631866 0.9999994641168714 -0.0009669287692726517 -0.15278142054661817 -0.0066575141664184725 0.0009644448948699677 0.999977373419603 7.4340460797945696
0.9999737249218673 0.00015992695813699407 0.007247336700694357 -0.06165945845677069 -0.00015067413818968542 0.9999991729670215 -0.00127724804843179 -0.17923968470549118 -0.007247534973303054 0.0012761225024280171 0.9999729220074757 8.613612214600277
0.9999729333413233 -0.0002035870081796046 0.0073546677069185286 -0.06296250478919964 0.00020299640360802923 0.999999976111697 8.104977224463426e-05 -0.19671753924935825 -0.007354684031908628 -7.95546074038346e-05 0.9999729507810973 9.594756922532813
0.9999802499312775 -0.0006836666780508508 0.0062475873144186385 -0.07475151683046626 0.0006778025535726285 0.9999993278414788 0.0009406913896380913 -0.21939960530803715 -0.006248226234407023 -0.0009364381802830542 0.9999800411770515 10.752706031788982
0.9999909436523629 -0.00148125754258921 0.00398979815874731 -0.08255023726934779 0.001479015843031937 0.9999987467841163 0.0005647497977373165 -0.24606113370749777 -0.003990629698566492 -0.0005588437084795006 0.999991881251202 11.955358357223341
0.9999968475509905 -0.0013670727982170415 0.0021061813890310343 -0.09930216880499361 0.0013668781401789027 0.9999990614168851 9.385893397176543e-05 -0.2682797224834059 -0.0021063077242002904 -9.097974478631903e-05 0.9999977775927589 13.113190343571066
0.9999989081889673 -0.0012848701549351724 0.0007298832485180684 -0.11095826620406553 0.001284744639212601 0.9999991598527038 0.00017240968418000166 -0.29420131022467744 -0.0007301041593662942 -0.00017147178235040503 0.9999997187726327 14.250924346246402
0.9999998773748681 0.0004922252793709944 5.4447420581131156e-05 -0.12581762274750444 -0.0004922214598527736 0.9999998763990765 -7.01417587474534e-05 -0.3157757103283991 -5.448193939823218e-05 7.011494995744937e-05 0.9999999960578062 15.411008508917789
0.999999780897305 0.0005924545264204198 -0.00029530149734144053 -0.13615992981506203 -0.0005924844396239794 0.9999998193583366 -0.00010121997526635804 -0.3364233344213828 0.00029524147576513406 0.00010139491463094584 0.9999999512757701 16.63670379654212
0.9999997713380679 4.772486911658422e-05 -0.000674571084099772 -0.15662722701546938 -4.749736979787686e-05 0.9999999419990606 0.0003372623238256527 -0.3664602852751248 0.0006745871407742239 -0.0003372302063544193 0.9999997156039484 18.1966553558234
0.9999993435860274 -0.0002513097322134911 -0.0011178868154067198 -0.17516624450677024 0.0002518752769400757 0.9999998403660469 0.0005057931641095415 -0.39199266075123745 0.0011177595262093516 -0.0005060744001511299 0.9999992472508885 19.487582966814728
0.9999981865483609 0.00020464417234230853 -0.0018934151028175803 -0.1851214745455144 -0.00020553648185012727 0.9999998679157464 -0.00047108729960202843 -0.41572704486147877 0.0018933184474566815 0.00047147561118685065 0.999998096526191 20.77636250152235
0.9999976546346628 4.900564896991846e-05 -0.0021652537078964505 -0.2055473406922164 -5.182059040950365e-05 0.9999991536380075 -0.0013000145746856822 -0.4423508172423845 0.0021651881672500634 0.0013001237304020301 0.9999968108141579 22.0155504115276
0.9999954094737936 0.000630806775070727 -0.0029636319192143817 -0.2263860954565225 -0.0006327262014668975 0.9999995906747572 -0.0006467672463839457 -0.4696004700435781 0.0029632227209641067 0.0006486394449486982 0.9999953992784051 23.094405037857232
0.9999929766943866 0.0005162249489500277 -0.00371215216585302 -0.24434775611621376 -0.0005183972005846591 0.999999694967011 -0.000584234735550424 -0.5006537826126616 0.003711849436977615 0.0005861550015821961 0.9999929392731091 24.216619603547308
0.9999877717081003 0.0003409872017693605 -0.004933574971211635 -0.2752957494770817 -0.0003464784212457952 0.9999993214609778 -0.0011122186329649343 -0.556885224867663 0.004933192371269056 0.0011139144096979025 0.9999872113220833 26.509282062140855
0.99998448296391 0.0008110083254070104 -0.005511451432933047 -0.3281528249413125 -0.0008134403662967104 0.9999995727778351 -0.00043904318422855284 -0.6100973967941934 0.005511093010641158 0.0004435196086519206 0.9999847154552843 28.96728243672049
0.9999827507825846 -0.0006149377676592603 -0.005841231791072032 -0.4031593806130001 0.0006229464571007324 0.9999988684204131 0.0013693413033036266 -0.6765316632405217 0.00584038312156911 -0.0013729564578872414 0.9999820022958209 31.982083274512693
0.9999780179880655 -0.000975641645328096 -0.006558327838610656 -0.4306613092849903 0.0009852252174579212 0.9999984514747974 0.0014582109858971982 -0.6995455960100608 0.006556894991509107 -0.0014646403614569788 0.9999774307236554 33.26181384254561
0.9999732416246269 -0.0019007069961477427 -0.007064230152730757 -0.4623951386641744 0.0019049241923769118 0.9999980114038718 0.0005902983341770816 -0.7247762292090092 0.007063094120656409 -0.0006037393616712411 0.9999748737844504 34.4925724852306
0.9999633309949859 -0.002505890800532025 -0.00818884465040271 -0.48317161006737486 0.002502458707419371 0.9999967766796481 -0.00042933754937436145 -0.7498476401567249 0.008189894128148361 0.00040882956039439765 0.9999663786810844 35.70972328128815
0.9999575310024684 -0.0019167561570348876 -0.009014556965388044 -0.5083131113199377 0.0019135619810916158 0.9999981032731694 -0.000362947114493412 -0.7764259652976183 0.009015235548352329 0.0003456817870078324 0.9999593021879 36.89554245082395
0.9999549514534639 -0.002541630344767255 -0.009145227109862054 -0.5443566583752373 0.0025438266561217675 0.9999967383535022 0.0002285351185084855 -0.8035652290442207 0.009144616429571983 -0.00025178869583205774 0.999958155420921 38.16729327007867
0.9999469853664642 -0.002984786806952639 -0.009854821370095817 -0.5729028574211688 0.0029908078773660915 0.999995349738648 0.0005962963354552677 -0.8305852461530207 0.009852995725165733 -0.000625738600407361 0.9999512622755401 39.44958506990536
0.9999406422585893 -0.003662348285749746 -0.010261538116248336 -0.6100531690352973 0.0036661315035338184 0.9999932185043385 0.000349893033302137 -0.8503365114645837 0.010260187097521342 -0.00038749241260466454 0.9999472878158909 40.631288959759736
0.9999359173983648 -0.003764339029028107 -0.010676649678714673 -0.6349504070931534 0.0037703000705844557 0.9999927475346007 0.0005382523385954446 -0.8780957044282492 0.010674546082396584 -0.0005784720190225542 0.9999428580854309 41.67864674536812
0.9999284902956618 -0.00524000525064304 -0.010749727438828925 -0.6744385240798948 0.0052566809748566395 0.9999850228596486 0.0015236014958582055 -0.9135515950074885 0.010741582758814079 -0.001580000431278361 0.9999410592622323 42.83385257323761
0.9999335225903478 -0.0046272600707944565 -0.010561196158220985 -0.7051281414667206 0.004655364902030203 0.999985683873684 0.0026381101779528195 -0.9351665395020426 0.01054883774091336 -0.0026871010251408624 0.9999407489998589 44.207703822706435
0.9999395232627587 -0.0037726145554342824 -0.01033040156333329 -0.736551564309663 0.0038081156429996643 0.9999869040799806 0.003419053054110343 -0.9564256717333826 0.01031736750790233 -0.003458185644729583 0.9999407946872434 45.54817860047134
0.9999411989705538 -0.0028930190164072464 -0.010451269889286652 -0.7654006797553801 0.002925108061410486 0.9999910511363527 0.003056368767602737 -0.9823521362115913 0.01044233422933111 -0.0030867601437785754 0.9999407130263577 46.82216057334685
0.9999466937112158 -0.0018623095596475292 -0.010155862302650096 -0.793472315721896 0.0018935783171564221 0.9999934942752354 0.0030701414238002668 -1.0023494988118664 0.010150078677681716 -0.0030892086866038657 0.9999437147622513 48.101896555909086
0.9999528886556083 0.000957818528198089 -0.009659350545990292 -0.8229867461864635 -0.0009111426589420337 0.9999878941016841 0.004835438877142333 -1.0256418397640443 0.009663865083822817 -0.0048264100267766 0.9999416560369403 49.36734581684355
0.9999687602348425 0.0009412557597045372 -0.007848094799727676 -0.8599430266867242 -0.0008798373226314756 0.9999689917710238 0.007825687364579732 -1.0452259970955025 0.007855217417512198 -0.007818537845228563 0.999938581126506 50.7018262550285
0.9999835412259961 0.0018592531171751523 -0.00542774860899603 -0.9015844172636265 -0.0018022654831661624 0.9999434026022693 0.010485391329066725 -1.058433425958548 0.0054469364090621395 -0.01047543650841188 0.9999302956275091 51.95025612253857
0.999990134693446 0.002322343865534813 -0.0037864541134754967 -0.9256768235871345 -0.0022695850752424765 0.9999011087581431 0.013878821557376516 -1.0735111260976522 0.003818311062430148 -0.013870090958803916 0.999896515184161 53.27327173782325
0.9999958920893696 0.0015537685714576764 -0.0024086526549169244 -0.945754406821083 -0.0015171178884704714 0.9998841701725474 0.015144127299648718 -1.0835203680651215 0.0024319041301353902 -0.01514041087889802 0.9998824199878324 54.53442526478979
0.9999995410457849 -0.00029067415904457427 -0.000912916618311311 -0.959805325048558 0.00030312039037361216 0.9999066100380859 0.013663064084283872 -1.0907517320868705 0.0009088598613999506 -0.013663334537205462 0.9999062392360001 55.657300464844084
0.9999996421401633 0.0004532028497360009 0.0007143715567944334 -0.9800031733269134 -0.0004618551706220515 0.999925975754094 0.012158523842273703 -1.1000252925905496 -0.0007088083983252239 -0.01215884942742433 0.9999258272348303 56.48696666957018
0.9999977879577938 0.0008931383137175605 0.001904306559000275 -1.0080523135240482 -0.0009156317450376909 0.9999294392744353 0.011843905218261199 -1.1109400360176411 -0.0018935939442138385 -0.011845622662581396 0.9999280451741086 57.8442800159765
0.999998813691723 0.000591095010955904 0.0014224000258022083 -1.007921830873253 -0.0006072577071181682 0.9999349531520441 0.011389499677105938 -1.1232839963381684 -0.0014155752267281069 -0.011390349929027196 0.9999341258679373 59.21627219120627
0.9999998756711488 -0.0004697789143145337 0.00016722875755699942 -1.0212980437396126 0.00046798347723971145 0.9999439287019993 0.010579245883997265 -1.1403565500674897 -0.00017218928746967315 -0.010579166308397035 0.9999440242288927 60.52642331204615
0.9999988573332148 -0.00023557306081804132 -0.0014932640752182483 -1.0385457492208845 0.0002517300132048874 0.9999413334944295 0.010828951998174297 -1.147686028948084 0.0014906254612648503 -0.010829315523676691 0.9999402501954938 61.82171368415101
0.9999961951715077 -0.00023047810165828942 -0.0027489129399176403 -1.0583217461070296 0.00026351284038385336 0.9999276854270228 0.01202308103348928 -1.1627013303247402 0.0027459430965589564 -0.01202375966158558 0.9999239416076178 63.14837165231513
0.9999927449424201 -0.0007626096868136298 -0.0037320890917205245 -1.0881678345455759 0.0008085380952206077 0.9999237746208208 0.01232035771382758 -1.1764503367789232 0.003722408987676213 -0.012323285865129185 0.9999171367152474 64.40965638581
0.9999880446827364 0.0005845531951044273 -0.004854769732753473 -1.096331109115746 -0.0005261758703100822 0.9999276509570262 0.01201732043823412 -1.1861627357825602 0.004861443257867611 -0.01201462230466715 0.9999160040825081 65.6417035028074
0.9999859096943866 0.0007840338993724508 -0.005250305089506628 -1.1249652312186889 -0.0007210309497569528 0.9999278451189838 0.011991024563113635 -1.202215868570232 0.005259327624112684 -0.011987069973448535 0.9999143211427656 66.91573382387399
0.9999856211731412 0.00015322166559347578 -0.005360407641819621 -1.1414162264264687 -9.100224713114733e-05 0.9999326493506726 0.011605536658588657 -1.2118949286686698 0.00536182483454062 -0.011604881975446308 0.9999182854357569 68.16239102808345
0.9999816952915479 -0.0008610004304556572 -0.005988969869629119 -1.1523202095568086 0.0009243650499833919 0.9999435446577992 0.0105855111566846 -1.2227692184951184 0.005979517630622597 -0.010590853386422754 0.9999260368614552 69.33613314250297
0.9999737661355454 -0.001533668243313639 -0.007079187976883461 -1.160660095662936 0.0016193375616361976 0.9999253388635218 0.012111748202900929 -1.2337654408989902 0.007060084033073372 -0.012122894059937916 0.9999015904843143 70.1645079200431
0.9999718320179467 -0.0018441957951232876 -0.00727558331278244 -1.1826321272636948 0.0019418494655991765 0.9999078210308701 0.013437956018213005 -1.2408070605601658 0.007250130435028255 -0.013451705585677997 0.9998832367959348 71.28390051709512
0.9999709250470395 -0.0009827931616913188 -0.007561955975155749 -1.2061423585022912 0.00107229558060206 0.9999293186002026 0.011840945313548722 -1.253230917222663 0.007549784285439339 -0.011848709690594697 0.999901299547068 72.49467405219576
0.9999721157658384 0.0009140277939751482 -0.007411628969699115 -1.2287250437694959 -0.0008364901921719635 0.9999449640186142 0.010457973893949524 -1.2560354364797832 0.007420779942232072 -0.010451482526416549 0.9999178458943778 73.66651122611954
0.9999665409964271 0.0031469215128794798 -0.007550746495031214 -1.249775052445496 -0.0030649836246718623 0.9999365614596126 0.010838769842675443 -1.2659246619301197 0.007584376244685033 -0.010815264273876354 0.9999127498415393 74.85825038079952
0.9999577662853635 0.004707052374257635 -0.007893624233011997 -1.2728727381255194 -0.0046196893314866426 0.999928280989659 0.011049495352363116 -1.2783046294250533 0.007945068663425925 -0.01101256259947463 0.999907795423623 75.95652652642617
0.9999529706735625 0.006026265348421673 -0.00759872141006516 -1.3050976197156199 -0.0059389528533559215 0.9999166825405655 0.01146110012481241 -1.2911227742445477 0.007667155934438513 -0.011415432668794257 0.9999054468382823 77.39674758666018
0.999956605533771 0.006530633970762909 -0.006643633743620456 -1.3322850172414378 -0.006446860115153249 0.9999004143228232 0.01255386122656132 -1.3053443243166745 0.0067249568054448886 -0.012510485881053976 0.9998991262617387 78.74796250349259
0.9999555230780186 0.008209021577775661 -0.004643687166771621 -1.3592331327738676 -0.008146822222977457 0.9998789151550845 0.013258367771022593 -1.3196581216915346 0.004751963113748875 -0.013219946785827965 0.9999013210580078 80.03743876436205
0.9999753073640357 0.006706059334653532 -0.0021008166039712924 -1.3718746393519312 -0.006682250953677119 0.9999155977037499 0.011142037108970835 -1.3335909284377179 0.002175358452186837 -0.011127723798950339 0.9999357187232901 81.31102853015075
0.9999929326872566 0.0037578442804899756 0.00011481247372516253 -1.381344919737884 -0.0037584896453031953 0.9999733255597893 0.006262740971410846 -1.3493301709406795 -9.127500582785982e-05 -0.00626312823215652 0.9999803822543845 82.56563379058223
0.9999838804240432 0.004968029766308285 0.002749103911112383 -1.4089902962157443 -0.004983622299934074 0.9999713683621944 0.0056943800896907554 -1.3631104046275495 -0.0027207353499794098 -0.005707988794255697 0.9999800080317026 83.72159616767736
0.9999662358133704 0.0056018619010166065 0.00601218566583851 -1.419016544939215 -0.005656130175582574 0.9999430724167145 0.009047658108683899 -1.3799228299961739 -0.005961159675386612 -0.009081358326633796 0.9999409950123417 84.64344924735714
0.9999385321012034 0.006149611202152374 0.0092257412359484 -1.4151312168846015 -0.006243606826536174 0.9999285428177835 0.010194441234968234 -1.390386805464261 -0.009162390140458377 -0.010251416505047828 0.9999054750657973 85.81017953340945
0.9998899075640949 0.006429358836847959 0.013372961392763652 -1.4129749754869074 -0.006541035433081119 0.9999439612198557 0.00832401798414981 -1.4049984294309303 -0.013318693889736636 -0.008410574587049791 0.9998759296173655 87.01843191584092
0.9998438024154286 0.005588211561251182 0.01676730935492509 -1.4109462313735284 -0.005680254527072625 0.9999690328666627 0.005446835430976913 -1.4270399813303947 -0.016736352050693813 -0.005541227233310238 0.9998445825831073 88.30486093336371
0.9997889765230185 0.0045277684167930625 0.020037508233785296 -1.3947996127700995 -0.0045709385877908595 0.9999873288328328 0.002109192782909707 -1.4498760436339178 -0.020027704398702325 -0.002200337913305072 0.9997970041811434 89.6100116563567
0.9997178775544792 0.0038787163793427325 0.023433327915944838 -1.3809056804889712 -0.003907126777027853 0.9999916865167401 0.001166729508727093 -1.4779045432434166 -0.023428607690510674 -0.001257957331121198 0.999724721053271 90.97326816942987
0.9996253625536808 0.0039523895080459635 0.02708344801901333 -1.37058787714936 -0.004036631970545368 0.9999871815897612 0.0030565108363580606 -1.5078746429700953 -0.027071020330906095 -0.0031646916650909422 0.9996285032875522 92.18003890971775
0.999516064872271 0.005138033408528232 0.030679580749134485 -1.3481486756136916 -0.005248718888330783 0.9999800006597913 0.003528346704597144 -1.5401840828550406 -0.030660838414517454 -0.0036876677086491267 0.9995230433034511 93.60999618329507
0.9993974264246429 0.004893642806938483 0.03436329896675161 -1.3193915610276878 -0.004944411708065659 0.9999868066516323 0.0013925930937663603 -1.5638660085184117 -0.03435603074660192 -0.0015616602517068783 0.9994084372110332 94.87486347544831
0.9992747679347564 0.004703851781184084 0.03778639897316915 -1.2892124468134751 -0.004671507995748762 0.9999886426759155 -0.000944209838140105 -1.5889020198301609 -0.03779041124391995 0.0007670056019543807 0.9992853929285793 96.20012626123946
0.999154052123144 0.0047712847715839874 0.040846235659238735 -1.2476725083951206 -0.004726307678351629 0.9999881137809498 -0.0011976278805993835 -1.6210151212638673 -0.04085146437560404 0.00100356287260744 0.9991647265190723 97.5357703616578
0.9990597649299812 0.0032646117835608934 0.043231104634894844 -1.1910951632031717 -0.003265324496902369 0.9999946673487761 -5.412885584058446e-05 -1.645240492112503 -0.04323105080819342 -8.708562300150562e-05 0.999065097309538 98.81119277725647
0.9989400622721163 0.002454485314493774 0.045964415471322725 -1.144996530511023 -0.0025210984720928304 0.999995854139532 0.0013913181644735356 -1.6716471926428709 -0.04596080993926821 -0.001505724271475945 0.998942108805184 100.04363775076254
0.9988256285071941 0.0018395522058924547 0.048414666010307236 -1.0893715622113027 -0.001992417280559759 0.9999931811079396 0.003109342534456571 -1.6914894846512842 -0.04840861607800847 -0.0032021532284152417 0.998822482778655 101.29003452298046
0.9987151564734231 0.0001585119376631913 0.050675547399426 -1.017796638895245 -0.0003682782191970686 0.9999914033356575 0.004130087883831462 -1.72711851094097 -0.05067445709052251 -0.004143444067503903 0.9987066292309483 102.92483287007698
0.9986168829389882 -0.000934197450582165 0.05256851133846241 -0.955633314579023 0.0008293844326893477 0.9999976247038963 0.0020156160400393716 -1.7561208354301325 -0.05257026945604928 -0.001969228702153216 0.9986152857370246 104.21026237720284
0.9984952301977844 -0.0022079803496633165 0.0547941611401142 -0.8998184053538106 0.002292672909434122 0.9999962724147629 -0.0014828376519712598 -1.7781554656366925 -0.05479068281381186 0.00160623141149106 0.9984965703984422 105.41977175771508
0.9983781495632088 -0.0013448588573766493 0.05691451334585203 -0.8561613940301961 0.0015918977180035476 0.9999895076036309 -0.004295409677399321 -1.7967709562964407 -0.056908139456469144 0.0043790452492533435 0.9983698150616888 106.67533297440097
0.9982931774389354 -0.001361405274529908 0.05838560143178575 -0.8004033708463986 0.0016630431690310248 0.9999855199383683 -0.005118027061554367 -1.8284158923785216 -0.058377788295642864 0.005206389273127419 0.9982809861679467 107.97178045619549
0.9982734635121959 -0.001237984222038184 0.05872443650159234 -0.7312525408237426 0.0015096025341469826 0.9999883669463108 -0.004581164942837513 -1.8556579895025531 -0.0587180819471529 0.004661905952565165 0.9982637194075218 109.28636976739895
0.9983277419082255 -0.0010764403439104473 0.057797586563873564 -0.6593118245014922 0.0012444502822034624 0.999995104473629 -0.0028709531979849686 -1.8829204027979798 -0.05779421320441761 0.0029380784461775604 0.9983241941449327 110.60211073801585
0.9984079626851384 -0.0018939903883222696 0.056373334541430384 -0.5963122010658417 0.00197452748489225 0.999997108089329 -0.0013729727541442777 -1.9133412546432509 -0.05637057111758396 0.0014820976287533351 0.9984088151145796 111.9345489654894
0.9985016495613376 -0.0014957420891102272 0.05470117529714195 -0.5617115706501985 0.0015289971479851131 0.9999986708510807 -0.0005660952113389993 -1.9377346228066556 -0.054700255858701745 0.0006488849433498797 0.9985026093893421 113.25865021383783
0.9986275335888402 -0.0012462691974299213 0.052359296895156796 -0.5156505771144851 0.0012533988072439407 0.999999209156734 -0.00010333117468127684 -1.9594574471275366 -0.052359126708701145 0.00016881643638966889 0.9986283059033101 114.62114714030395
0.9987860584621249 -0.0010439520515926246 0.04924753380428503 -0.46245113046545594 0.0010529671566785151 0.9999994332875826 -0.00015711357581157012 -1.9899516261693535 -0.04924734187605813 0.00020877888475740025 0.9987865916848916 116.19900536994422
0.9989578135606648 0.0003204166258526987 0.04564191121414473 -0.431738253427854 -0.00029120789152018724 0.9999997485519365 -0.0006466019036917731 -2.0128397138603815 -0.04564210691957667 0.0006326367392248013 0.9989576556825119 117.50268714165728
0.9991284615152464 0.00042088958139809934 0.041738953534262886 -0.4045592236270593 -0.00041632543459774033 0.9999999063695979 -0.00011804203538124238 -2.0416830543350812 -0.0417389993088926 0.00010056216923312491 0.9991285431934893 118.8089049116192
0.9992713946276427 0.000987824098257559 0.03815369028645294 -0.3922215558801958 -0.0010246099212978584 0.9999990289455123 0.0009446070801662095 -2.069530082471092 -0.038152720131505426 -0.000983011483976126 0.9992714364150469 120.11202818245407
0.999427001786335 0.001125252866932986 0.03382900983415919 -0.36204032941587727 -0.0011875144162445024 0.999997637896709 0.0018204423936241565 -2.095101700996522 -0.033826881468523036 -0.0018595717202515396 0.9994259772905314 121.4444894634712
0.9995593923481553 0.0012606469641780501 0.029655217716538583 -0.34558600792940497 -0.0013321386057096145 0.9999962539504305 0.002391127733170287 -2.1184433630335735 -0.029652092258707023 -0.002429579044377103 0.9995573273056181 122.8879189720909
0.9996922875851388 0.0016183159019412354 0.024753003786016053 -0.3201062630376843 -0.0016813856381931087 0.9999953926803993 0.0025273623216346777 -2.148063870452543 -0.024748799670382998 -0.002568203965940821 0.9996904026963882 124.56556498431219
0.9998044695588668 0.002395181508823231 0.019628697247872588 -0.30671907840901774 -0.002444173355136644 0.9999939568082392 0.0024723194793428594 -2.1756295969302455 -0.019622656973991782 -0.0025198120044351035 0.9998042817875634 126.00824833046482
0.9998871333590453 0.0027419109960828167 0.014771677870719806 -0.3028648383339865 -0.0027733735018272234 0.9999939284324052 0.0021098572798298252 -2.2020542947978354 -0.014765803142604879 -0.0021505865273113104 0.9998886668200339 127.54323057886617
0.9999373992750014 0.003939523279549261 0.0104727115625463 -0.31398055121829926 -0.003954012478221578 0.9999912537323898 0.0013631742518450114 -2.224795705749195 -0.010467249708710658 -0.0014044981483490883 0.999944230479125 129.3072075859225
0.9999568024388827 0.005921141360559873 0.0071647289682752364 -0.3245832432218921 -0.005929688804544307 0.9999817320437205 0.0011723350706334787 -2.2435800064195175 -0.007157656521646015 -0.0012147690417698006 0.9999736457973759 130.64993942872405
0.9999542680091001 0.008184189444556482 0.004947821087648543 -0.32327418714381756 -0.008190784630259225 0.999965591427982 0.001314156468214358 -2.2670363094874255 -0.004936895534696133 -0.0013546229061421025 0.999986895943774 131.93322682185837
0.9999489508185995 0.009378482760068758 0.003760294921537698 -0.3373660307412841 -0.009382522898183998 0.9999554232205309 0.001058222996365376 -2.289489513035637 -0.003750202773573978 -0.0010934500281543358 0.9999923701439904 133.15389072940093
0.999930372500947 0.01155653357366429 0.002386772271092723 -0.3455233079734952 -0.011559809773066317 0.9999322536134085 0.001363444760947148 -2.317773340185545 -0.002370853880741463 -0.0013909404611252313 0.9999962221611202 134.54904919593343
0.9999176579963514 0.012767365106886608 0.0012929096314625254 -0.35828400501465674 -0.012770244226099514 0.9999159399495477 0.0022436348218839055 -2.343987023334739 -0.0012641556444784392 -0.002259960848255048 0.9999966472381161 136.10764594306184
0.9999242742625246 0.012299001717200218 0.0004246143180695427 -0.37149772103542894 -0.012300079412552033 0.9999208758537474 0.0026363001185699024 -2.3677751355085257 -0.0003921568611410761 -0.002641323272632943 0.9999964348058286 137.3198063296069
0.9998688946702 0.01618821717589332 -0.0003675536071551504 -0.3881218298019504 -0.016186313566250943 0.9998579610767878 0.004696905843150551 -2.391330209288601 0.00044353593207793225 -0.004690340715824918 0.9999889019283408 138.62190133779706
0.9998512590060447 0.017189549153335086 -0.0014068631521492177 -0.3999997700254762 -0.017177744501256337 0.9998203513620367 0.008011872199333834 -2.41314282650507 0.001544330882078578 -0.007986513769725416 0.9999669147726513 139.89255477817875
0.9998712775361174 0.01592376143010585 -0.0019652430397835525 -0.4184793122079926 -0.015908570011676646 0.9998451890817237 0.007517663886556381 -2.424710887237024 0.00208464828494293 -0.00748543198785171 0.9999698108190492 141.10275791027513
0.9998734410623598 0.01571340727460363 -0.002488109710947726 -0.44479435313463117 -0.01569844363350191 0.9998592254701866 0.005923521726086731 -2.435523310363736 0.0025808381578528144 -0.005883712601420501 0.9999793603872174 142.37432822384167
0.9999115145532946 0.012970580428075529 -0.0029541677493209913 -0.4675844203724774 -0.012950013898711506 0.9998924912115799 0.0068777291832710875 -2.4497162866241853 0.003043058289857419 -0.0068388640909209505 0.9999719844746612 143.66424730460335
0.9999333088779063 0.010729215779037642 -0.004273373988380483 -0.4799676479001246 -0.010691233773477317 0.9999040018591651 0.008813886000042648 -2.4653854208158354 0.004367529837166627 -0.00876761055178583 0.9999520256934005 144.8759730835046
0.9999624046679221 0.00738748595619174 -0.004540297566319184 -0.4927313340585848 -0.007338555911306593 0.9999158175162219 0.010700629794343882 -2.4770332076575308 0.004618966105118917 -0.010666908273070722 0.9999324388277516 146.01044554991788
0.9999737026623172 0.005580092311543683 -0.004632121933519174 -0.5181261896672646 -0.005525306911962716 0.9999156184426979 0.011756996975341832 -2.4897967695960195 0.004697336196285079 -0.011731093902286646 0.9999201550466499 147.16219768608028
0.9999892908465869 0.0014477343299902704 -0.004395708981084177 -0.5360330082808621 -0.001403694762235722 0.9999489597746687 0.010005372884868581 -2.5015157638926064 0.004409969744916385 -0.009999095502123063 0.9999402833449554 148.32371910483886
0.9999893084289955 -0.0011485031908370592 -0.004479282098282502 -0.5524117768474793 0.001189048462676916 0.9999582540337822 0.00905960007154994 -2.511807448644759 0.0044686901267327675 -0.009064829293686075 0.9999489285350674 149.4304020267627
0.9999872484553919 -0.002758532717289707 -0.004230061921288761 -0.5727711873008375 0.0027954270288933812 0.9999578896620464 0.008740966213525672 -2.5228914706243284 0.00420577155067025 -0.008752679582134451 0.9999528499313345 150.55874731265635
0.9999883627344652 -0.002898021478279055 -0.003856924571561885 -0.5860081203840766 0.0029327092575148262 0.9999550312321589 0.009018576932983165 -2.529497923672965 0.0038306151007602394 -0.00902978321980592 0.999951893544362 151.7681414359405
0.9999895609460523 -0.0025284409948797895 -0.0038059144832768496 -0.5974716951899575 0.0025698887830028342 0.9999370163299246 0.010925156513457646 -2.5393288147697226 0.0037780511592098998 -0.010934823242099798 0.9999330757456243 152.8673691842719
0.9999952574017 -0.00027564617712480316 -0.0030674408371013945 -0.6148504164919801 0.00031344919669429403 0.9999239296887379 0.012330311651614936 -2.5484003902261145 0.0030638086926518997 -0.012331214660766934 0.9999192738522881 153.88449953082085
0.9999966066160075 -0.00025810850488535537 -0.0025923226006286403 -0.6254566915730903 0.00028534743947221115 0.9999446996126247 0.01051267299260819 -2.5573901099922347 0.0025894658338754327 -0.010513377031689088 0.9999413800668954 154.92431870616113
0.9999971993072433 0.0003272120137986214 -0.002343994445872018 -0.648732216183947 -0.00030647678583924505 0.9999608705251672 0.008841011849526396 -2.5777396715715795 0.0023467956118908883 -0.00884026870868551 0.9999581702248933 156.3128960065053
0.9999982248988545 0.00031022148346958523 -0.0018584837274934116 -0.6638492726809876 -0.00029850769439407094 0.9999801112604556 0.006299839416806672 -2.592889066533203 0.001860401110123348 -0.006299273462262677 0.9999784287981215 157.77022775388662
0.9999985086568747 -0.0006045996011410612 -0.0016177587406748521 -0.6803683065004177 0.0006081554730017282 0.9999973985114233 0.0021984351934908304 -2.6312231291067456 0.0016164253590520907 -0.002199415763702464 0.9999962748627416 160.62683887566612
0.9999992177434471 -0.0006175894108670474 -0.0010877020765466103 -0.7224963699794551 0.0006163664127435238 0.9999991779491614 -0.0011243635713649837 -2.6919842815267523 0.0010883955774350763 0.0011236922687964598 0.9999987763546289 163.38619707086966
0.9999991321724098 -0.000867098341756433 -0.0009918643491062414 -0.7600125472003733 0.0008652078873727356 0.9999978115652197 -0.0019048044721302183 -2.75360479404537 0.0009935138312742045 0.0019039446502296126 0.9999976939598606 166.03944139076117
0.9999984700818775 -0.00131143892896801 -0.0011575672049140375 -0.8017873394074824 0.0013095435846833708 0.9999978033262233 -0.00163659351140035 -2.8126843158722497 0.0011597109545574997 0.0016350751228385576 0.9999979907979055 168.63316914163147
0.9999986520052632 -0.0006954077516090927 -0.001487412420740676 -0.8215261038766538 0.000693660276288904 0.9999990690625924 -0.0011750358985597753 -2.841429892601449 0.0014882281651243294 0.0011740025557061546 0.9999982034458517 169.96016181144267
0.9999983880962867 0.00013903931386244383 -0.001790104156501795 -0.8400971242561961 -0.00013898529251575315 0.9999999898824312 3.0302130564661793e-05 -2.8721896669589886 0.0017901083515769719 -3.0053283571421056e-05 0.9999983973031622 171.17814598937935
0.9999969931726211 0.0006171227579005211 -0.002373353157833631 -0.8471285921223981 -0.0006160475958007661 0.9999997073124736 0.00045371832670010315 -2.8912957127524095 0.00237363246308709 -0.0004522548639412687 0.9999970806629745 172.34938610728364
0.9999946947810848 0.0008705311263434762 -0.003138882800749982 -0.8563186687703944 -0.0008704330324170336 0.9999996206411523 3.2617184592297966e-05 -2.9127211669047615 0.0031389100042607644 -2.9884824276921933e-05 0.999995073163306 173.46478460145948
0.9999926081382696 0.0009653778899000255 -0.0037217891322505656 -0.8772561294794288 -0.0009643458008328311 0.9999994960715866 0.00027909450504520723 -2.9359075825628955 0.0037220566883989477 -0.0002755033502965353 0.9999930351717035 174.6409333305104
0.9999905145429299 0.00038169744242401785 -0.0043387937520750295 -0.8979662201065701 -0.00037525540365991963 0.999998826279661 0.0014854705235034253 -2.9571438749046735 0.004339355659843484 -0.001483828277336317 0.9999894840677598 175.71404196902702
0.9999879318295463 0.0012563510708677457 -0.004749502842100769 -0.9255036157170472 -0.001247540631968812 0.999997496607135 0.0018575311110116109 -2.983450764452242 0.004751824663429037 -0.0018515834962329677 0.9999869958159098 176.96371582385618
0.9999854378834568 0.001653024371928382 -0.005137268870795463 -0.9551743749166507 -0.0016481928848675355 0.9999981956230609 0.0009445691242053101 -3.004460103129006 0.005138820997008561 -0.0009360881592797404 0.9999863580358097 178.02558424297712
0.9999798302690464 0.0022941703904921598 -0.00592248573678587 -0.974334430540966 -0.002295918491295885 0.9999973227936386 -0.0002883813975224263 -3.025944165477221 0.005921808285005313 0.00030197312546415553 0.9999824203449132 179.1850207767031
0.9999737643814176 0.0028052729293453586 -0.006678397460625808 -0.9960937742271693 -0.002807447815824521 0.999996009085209 -0.00031630746251074313 -3.052274797492786 0.006677483478947953 0.0003350484163522536 0.9999776492286969 180.42588098729138
0.9999723593729473 0.0024921042675926145 -0.00700499153552769 -1.062294758610698 -0.002501601423894325 0.9999959633312074 -0.0013473349998259516 -3.1021930035224115 0.007001605559393293 0.0013648214554407775 0.9999745570673232 183.27945744122033
0.9999642616250053 0.00278238799660255 -0.007983344523831405 -1.0966782134334725 -0.0028007844280153182 0.9999934463401353 -0.002294097504907281 -3.148110130366274 0.007976909134345391 0.0023163751446156336 0.9999655010683397 185.20047507778511
0.999959890132321 0.002906635462209423 -0.008471693858836794 -1.1315182105088966 -0.0029232658443088208 0.9999938233919311 -0.0019513315420189915 -3.177908033283404 0.008465969723044826 0.001976018287669432 0.9999622106401719 186.5043733312905
0.9999531399321205 0.003087139786757755 -0.00917537507801574 -1.1568770489716957 -0.0030913320658413905 0.9999951238037265 -0.0004427581999309296 -3.2079162757381705 0.00917396348063032 0.0004711015834457841 0.9999578073385689 187.74652706537353
0.9999479994291974 0.003040833254131974 -0.009734052119193731 -1.1885902768034982 -0.003041263250713339 0.9999953749168502 -2.937248127629188e-05 -3.2325043626090273 0.00973391778157477 5.8974768880508356e-05 0.9999526225609904 188.89297854843596
0.9999396118099872 0.0036657387542642986 -0.010360265086879785 -1.2133005612582188 -0.0036624073790470038 0.9999932353906612 0.0003405071249926323 -3.255050181948809 0.010361443213897264 -0.00030254305108120194 0.9999462730378226 189.94418544963708
0.9999290174485768 0.004380626151013278 -0.011080170524014155 -1.2252972594025748 -0.004374170369836231 0.9999902491601735 0.0006068098096490735 -3.2671095562582417 0.011082720689966198 -0.0005583001831422937 0.9999384289060089 190.66789306785964
0.9999206659445391 0.004558481858233444 -0.011742319198892423 -1.2516225153698735 -0.004561240394087312 0.9999895758249783 -0.00020815245489195643 -3.2884943471445327 0.011741247935711756 0.0002616954819632248 0.9999310349281046 191.77165195011167
0.9999068839273428 0.005838813251777367 -0.01233416938880684 -1.2791889097871794 -0.005849100028114208 0.9999825753827825 -0.0007980975360405124 -3.30625937058686 0.012329294528156069 0.000870167010850623 0.9999236127354003 192.9839515784594
0.9999003805480475 0.006127050873674115 -0.012715668580564249 -1.3226782653975873 -0.006132166057143755 0.9999811320896302 -0.00036332380513508635 -3.3443099507693645 0.01271320255903068 0.00044126220227979046 0.9999190866106944 194.7370089743712
0.9999040397937352 0.006005659942398025 -0.012483719510411845 -1.3734643150511485 -0.006025267320815327 0.999980671896313 -0.0015336190887298932 -3.375590211024947 0.012474267829057842 0.001608689669533543 0.9999208992513757 196.20387474172404
0.9999095679280076 0.004451183037780006 -0.012690269326507391 -1.4288694115991036 -0.004490369896628186 0.9999852329331612 -0.0030611262307746042 -3.424755087015563 0.01267645629529629 0.0031178334101502037 0.9999147896549104 198.40384415816152
0.9999152661453107 0.0011954241158161844 -0.012962696120990392 -1.468113856470855 -0.0012347579847129487 0.9999946568798611 -0.0030268109365915075 -3.4668497083818175 0.012959008536959242 0.003042560255771662 0.9999113995373955 200.50508465628837
0.9999144981551499 0.0016157304497718742 -0.01297635519845254 -1.532488651583475 -0.0016078984498465315 0.9999985188509751 0.0006139694044092732 -3.506276887631102 0.012977327987598418 -0.000593052247484223 0.9999156150632602 202.3373035069269
0.9999115158122563 0.0007314918917900341 -0.01328252482157365 -1.560448628272762 -0.0006663291024156417 0.9999877255137054 0.004909666735334573 -3.533978882032133 0.013285953166812858 -0.004900381774619229 0.9998997298264041 203.6130348076819
0.9999082030612186 0.0018728051255242461 -0.013419316369835125 -1.589247631691359 -0.0018159692818965753 0.9999893354984374 0.004246309569455674 -3.55385461708078 0.013427125769840752 -0.004221550704924404 0.9999009404952125 204.8103810028483
0.9999053993029723 0.0033107181346096063 -0.013350340451998155 -1.6201131498729093 -0.003295472399454737 0.9999938926844676 0.0011638107355743648 -3.573501443121207 0.013354111966563904 -0.0011197049597846142 0.99991020294544 205.9101836195693
0.9999039116451491 0.0035281479066599035 -0.013405955731150164 -1.6536185701175412 -0.0035400269200819446 0.9999933621526722 -0.0008624731871003635 -3.5923248355107393 0.013402823811492947 0.0009098477576485193 0.9999097641742176 206.99048007303693
0.999902923235186 0.0031518433744289315 -0.013572398058542365 -1.6812989747108984 -0.0031596622429466404 0.9999948544182866 -0.0005546814028987962 -3.616568949747872 0.013570579951754291 0.0005975117499146042 0.999907736913504 208.0870048292852
0.9999067906015582 0.0030606249134802308 -0.013305738762547297 -1.716911652523323 -0.0030503469869832623 0.9999950335172044 0.0007926690244662064 -3.6477968181038927 0.013308098742388894 -0.0007520080201192831 0.999911160549678 209.30596646188866
0.9999099120368734 0.003236282576059237 -0.013026675918530383 -1.7582130950305899 -0.0031968531953565278 0.999990249423324 0.003046504213599122 -3.6807239896791737 0.013036408249432174 -0.00300458538970481 0.999910508258911 210.50165921368827
0.9999170611156772 0.0024618396094791004 -0.01264160731518722 -1.7783092922406623 -0.0024140400460093687 0.9999898851475699 0.0037949984457789476 -3.6991109107891154 0.01265082212468631 -0.00376416634653704 0.9999128900815755 211.57441414821741
0.9999330066297123 0.002335782592508938 -0.011336947213945217 -1.799732707291391 -0.002299481853874968 0.9999921913762057 0.0032139648123537703 -3.71808844394851 0.011344365811050928 -0.003187680393622208 0.9999305696187396 212.6844060540054
0.9999492904439932 0.0010489456399885686 -0.01001580019703528 -1.8250053640623467 -0.0010310031365692986 0.9999978549602893 0.0017964151386665559 -3.7424881242963672 0.010017663054573274 -0.0017859977218340768 0.9999482269793104 213.83425264253373
0.9999590121893671 0.000902323105044098 -0.009008870865269197 -1.8449617420998197 -0.0008991714299832498 0.9999995331277827 0.0003538855098053101 -3.7766821024696 0.009009185978349541 -0.0003457704855145667 0.9999593566794517 215.43273722380073
0.9999723806438384 0.00019963608549826938 -0.007429542039415233 -1.8718943327144724 -0.00020130748535099764 0.9999999546004318 -0.00022421959858671205 -3.8047339098462816 0.007429496939794084 0.00022570902821104878 0.9999723754337719 216.72642964922707
