0.9999968058149163 -0.002123235405866558 -0.0013712152914757652 -0.0025538556427280694 0.0021276278914151795 0.999992584914634 0.0032098777708605385 -0.02879393791526842 0.0013643897976657366 -0.00321278495381613 0.9999939082081054 1.5290156709008573
0.9999923322193146 -0.002548063416423157 -0.002973697261198349 -0.004411149801153312 0.0025602298146662253 0.9999883391475588 0.004094727366054857 -0.049845734950362076 0.0029632289603517153 -0.004102309316971379 0.9999871950842154 3.0581585377377323
0.9999889143893131 -0.00123798869275742 -0.004542959660744133 -0.0077000657200200495 0.001255291164036637 0.9999919625667891 0.0038077612731934798 -0.06284540956804813 0.00453820918160835 -0.003813421798955147 0.9999824310814702 4.587388646775281
0.9999812919993762 -0.001054060533212205 -0.006025330501331766 -0.01740588975476759 0.0010757388410270901 0.9999929566442975 0.0035957541268341257 -0.076769412498472 0.006021497920273537 -0.003602168539513939 0.999975382669298 6.116583354462151
0.9999715097963414 -0.0011909947612363339 -0.00745393366644654 -0.038225766988004554 0.0012202546154377082 0.9999915639864438 0.003922108440411003 -0.09484141446767391 0.007449199574355505 -0.003931092395702356 0.999964527339984 7.645623730107959
0.9999569427272047 -0.001242051292695749 -0.009196194878744315 -0.054873596922893744 0.0012821557868748787 0.9999896889733986 0.004356377327839174 -0.11630903838483428 0.009190689212442727 -0.004367980708593127 0.9999482246478212 9.174671317915802
0.9999338692055534 -0.0034140250956546736 -0.010981878175302402 -0.07282032312503739 0.0034525385661695997 0.9999879500137315 0.0034899577049921065 -0.1303568458996243 0.010969831040633522 -0.0035276422692456584 0.9999336070694693 10.703790380977424
0.9999113621177312 -0.004486135552759007 -0.01253564899257971 -0.08753213182311934 0.004535521511165493 0.9999820546900444 0.003913993165222007 -0.15438161341034323 0.012517865332581223 -0.003970501942818855 0.9999137653627123 12.232819781653193
0.999897370380287 -0.004211521521708072 -0.013693494552479845 -0.12154948929456837 0.004266380297241856 0.9999829808383083 0.00397945133029458 -0.17865249160409463 0.01367650195575972 -0.0040374645760769485 0.9998983209177076 13.761537636185246
0.9998844509010185 -0.0034114555344499434 -0.014813737459003478 -0.1483601347014818 0.0034719097633329954 0.9999857425491956 0.004057159219053002 -0.20177320868033063 0.014799685434598328 -0.0041081223776761955 0.9998820393634275 15.290416688509193
