0.9999794999989183 0.0005025122880768155 -0.006380358170464089 -0.004596714015580808 -0.0005005160142490648 0.9999998000001049 0.00031448744383338027 -0.0020015240325570774 0.006380514829718003 -0.00031128745633588893 0.9999796000009755 0.09154274000149638
0.9999095999977273 0.0010615159880575753 -0.013405990170451023 -0.01001116003160933 -0.0010587620167511337 0.9999994000000582 0.00021260184394228035 -0.004359704066049073 0.013406209829928793 -0.00019838875643103635 0.9999101000022095 0.18573730000325944
0.9997799999964493 0.001386755987950022 -0.020929250170421618 -0.017533710048238803 -0.0013955060194294601 0.9999988999998295 -0.0004034728559215918 -0.006859665100775287 0.02092866983007085 0.0004325909435137001 0.9997809000037113 0.28346720000543235
