0.9999998571931697 -0.0004604400310507393 -0.00027130908183545233 -0.018546254066008967 0.00046087882517990326 0.9999985824283326 0.0016194851137612406 -0.018484467885047526 0.0002705630214593157 -0.0016196099230986023 0.9999986518287655 1.1502395370246548
0.999998725054696 -0.0014522437073476136 -0.0006639858410404366 -0.027994213604660936 0.0014533707996091142 0.9999974986077458 0.0017001445732893463 -0.038244726111149596 0.0006615151558932596 -0.0017011074233307002 0.9999983343142291 2.285634765122042
0.9999959799343517 -0.0027301680309370956 -0.0007657007630993858 -0.041641571225132026 0.002730779344849517 0.9999959526399722 0.0007984659316065915 -0.06694100876973427 0.0007635177178724425 -0.0008005536815493051 0.9999993880770615 3.693388320299293
0.9999948129023797 -0.003134611656077934 -0.0007405255569406139 -0.05259495094358226 0.003135172596472347 0.9999947983940884 0.0007575470655387837 -0.08456673280905203 0.0007381470891568209 -0.0007598648115012773 0.999999438872014 4.870084940289052
0.9999928631536769 -0.00364551944682398 -0.0009918818854618085 -0.06334998190636061 0.0036469269395197792 0.999992340420813 0.0014209235032960968 -0.10633305120582813 0.0009866942838002105 -0.0014245306831523051 0.9999984985722343 6.5292175775144266
0.9999867613333746 -0.005081099265717956 -0.000812150380571811 -0.08042164634711708 0.005083221268222154 0.999983615354092 0.0026324674541450994 -0.12863994024344128 0.0007987612453270465 -0.0026365609438735596 0.9999962052562309 7.692533812719169
0.9999889480679003 -0.004607261763871652 -0.0009364192936270171 -0.09472821003329501 0.004610219306632086 0.9999843130445446 0.003181122879480508 -0.1516466033373521 0.0009217483382503875 -0.0031854048202329967 0.9999945017729507 8.922556166580712
0.9999925025191343 -0.0037561369008975794 -0.000941456903429218 -0.11966333848838018 0.003757463562698039 0.9999919447141838 0.00141137320332749 -0.17183269536059032 0.0009361480087547111 -0.0014149001115943605 0.9999985608412543 10.148786920595667
0.999999330190188 -0.0009088284999522263 -0.0007166937512527232 -0.14862292709244357 0.000908216561802296 0.9999992231703564 -0.0008536986353173829 -0.1898800167745858 0.0007174690601537883 0.0008530471503670595 0.9999993787741605 11.311494657309522
0.9999964259861577 0.00263343217194785 -0.00046157329503992924 -0.16919920407457367 -0.0026343048306771495 0.999994724600646 -0.0019003181145594878 -0.20884916144049934 0.00045656650119649153 0.0019015272475570969 0.9999980878687502 12.491512322361247
0.9999865548126101 0.005179510593564671 -0.00025072697814551586 -0.19137771641773738 -0.005179984900481695 0.9999847221603524 -0.001929560134498066 -0.2357623343555038 0.00024072897042123548 0.001930832953161427 0.9999981069650431 13.626514326191481
0.999980320496052 0.006271952406483184 0.00014571761603197629 -0.20834019775050222 -0.006271802180473684 0.9999798225152023 -0.0010094849540791624 -0.26037603611074717 -0.00015204611740419422 0.00100855117585407 0.9999994798531167 14.766114968759688
0.9999922424915909 0.0038930835504012782 0.0005990468334033773 -0.21797049404438557 -0.0038941260776541027 0.9999908881776122 0.0017490980078191554 -0.2837849788881734 -0.0005922319903128925 -0.0017514172030723368 0.9999982908980647 15.907132631289887
0.9999996712170497 -0.00012421203894483115 0.000801334612655041 -0.23640358172525436 0.00012129546761706399 0.9999933726811312 0.0036386647585478138 -0.31182849406850616 -0.0008017812679238905 -0.0036385663639603126 0.9999930589667178 17.185049868671623
0.9999968436538824 -0.002457378404356695 0.0005234249228697212 -0.2524735111594911 0.002456621010408969 0.9999959417239317 0.001442757386900769 -0.33316993655443206 -0.0005269681995123254 -0.0014414669763961915 0.9999988222380427 18.38182679268559
0.9999936196483012 -0.00351938495896435 0.0006120393765885758 -0.26908790212203226 0.0035196884456377107 0.99999368311991 -0.0004954932110154714 -0.35328028435814046 -0.0006102916790552662 0.000497644237516583 0.9999996899470915 19.601720875955525
0.9999984083380485 -0.0013605572006694122 0.001154212057008985 -0.28364182418684136 0.001362948190524022 0.999996921929898 -0.002073283135222358 -0.37786536305093754 -0.001151387683964857 0.002074852966491071 0.9999971846418212 20.734175860946603
0.9999969449246181 0.001394900745624707 0.0020406845271595717 -0.29902124340345043 -0.001394668193822012 0.9999990207939842 -0.00011537634593532633 -0.39732321193758163 -0.00204084346746013 0.00011252991564824873 0.9999979111452981 21.88754203468464
0.9999946564600194 0.0021323704074402627 0.0024779119945074458 -0.3074089661350588 -0.0021405341435043823 0.999992275127233 0.003296634562711994 -0.4181152792598015 -0.002470863206967058 -0.0033019210022422383 0.9999914960401952 23.151554277515604
0.9999962656637666 -2.886182638839373e-05 0.002732732243705425 -0.3067410616339494 1.4771078984400846e-05 0.9999867067827641 0.005156165200637212 -0.43167378108510496 -0.0027328447332471326 -0.005156105580378847 0.9999829729224934 24.284066028322723
0.999989471903191 -0.0039066930448956195 0.0024070380615606813 -0.3177040672900369 0.0038987427219181426 0.9999869586621843 0.003298834755197412 -0.4473505464943058 -0.002419894205358788 -0.003289415602621845 0.9999916618937521 25.408341000096023
0.9999871350785369 -0.004455337953989759 0.0024247971328297292 -0.33174746697198343 0.0044523962079684246 0.9999893471887392 0.0012172415723347802 -0.4717346631189092 -0.0024301945245001526 -0.001206429755058227 0.9999963193341361 26.662160225699317
0.9999833569741128 -0.004916446488542901 0.0030189946520509238 -0.35129432794108106 0.0049204548213439454 0.9999870210120086 -0.0013217155059443125 -0.4891796625097815 -0.00301245732499775 0.0013365483353902526 0.9999945693549603 27.842276349782786
0.9999921255408234 -0.0012636905280332066 0.003761906776531426 -0.36392810118311897 0.0012722279732931153 0.9999966189840676 -0.0022679189616482123 -0.5100870787974867 -0.0037590281097546994 0.0022726871060469917 0.9999903522539547 28.997325556016268
0.999991342567822 -0.0001334710607083572 0.004158963197802531 -0.38035782076846447 0.0001515395201781317 0.9999905513493195 -0.0043444502364431755 -0.5383739350766389 -0.004158344042831041 0.0043450428719473706 0.9999819142250838 30.13641985741188
0.9999902105299662 0.0008219647335557908 0.004347783137463052 -0.3968232779310179 -0.0008055867983658028 0.9999925789370615 -0.0037673731848827134 -0.5618060255804663 -0.004350847520187039 0.003763833787598138 0.9999834517036149 31.275475192450195
0.9999909060425191 0.0007965969601655833 0.004189661745829627 -0.4081280148840285 -0.0007857528933405294 0.9999963390491785 -0.0025893011856921028 -0.5872026710580182 -0.004191709037137668 0.002585985599858332 0.9999878710533572 32.449279663843924
0.9999916712934199 0.0017391915796287401 0.0036922291968068317 -0.4238557856304175 -0.0017357000393863533 0.9999980437124351 -0.0009486393810114503 -0.6280319882380039 -0.003693871839368465 0.0009422228777101053 0.9999927337370423 34.409400308055
0.9999815665379405 0.0047056875632004724 0.0038370677455142163 -0.4450413400204624 -0.004702689061617225 0.9999886301603876 -0.000790104765357179 -0.6541569951630535 -0.0038407421048374745 0.0007720456644754806 0.9999923262933452 36.02444966292079
0.9999657082506015 0.007135343286935554 0.0042034746401542564 -0.46817336930138864 -0.007130316124500722 0.9999738472320734 -0.0012097288330990663 -0.6775049391032255 -0.004211996538165901 0.001179715246375502 0.9999904336327924 37.37590266181912
0.9999490883699425 0.009162380133938386 0.0042274647724414695 -0.4862985299169828 -0.009159963964956587 0.999957872268326 -0.0005905495423568558 -0.7061927876130902 -0.004232697518334975 0.0005517960515383783 0.9999908898549206 38.69148244215185
0.9999437394468025 0.00991080806901 0.003780717466889749 -0.5020196436266469 -0.009908907578789912 0.9999507698008211 -0.0005210809334473666 -0.7286207284415067 -0.0037856956745357414 0.00048358883718486496 0.9999927172985293 39.93179658913501
0.9999533083576725 0.009097028515054877 0.003259628313485553 -0.515882693374645 -0.009094389282866025 0.9999583060285051 -0.0008235825237108375 -0.7466434595679083 -0.0032669845603383986 0.0007938997404899677 0.9999943482515712 41.1580460184357
0.9999616401808834 0.008321287001788214 0.002733925637529636 -0.5356782260669899 -0.008318014637730539 0.9999646772992837 -0.001206145192434062 -0.7709260155192924 -0.0027438657482047784 0.0011833580914512756 0.9999955354222254 42.415361134181126
0.9999663618460335 0.007894489477247352 0.0022253566683653643 -0.5531528331786998 -0.007892405919008503 0.9999684093573424 -0.0009435126683640439 -0.7999437351596319 -0.0022327349187502444 0.000925917512198425 0.9999970787815049 43.697577596508665
0.9999638453362194 0.00843375864006047 0.001086156343628155 -0.5630508233608547 -0.008433966847197048 0.999964415936435 0.00018725416989946958 -0.8271050577950423 -0.0010845384372986141 -0.00019640800638083002 0.9999993925999521 45.03982210476762
0.999959010550102 0.009053861315706839 6.938974983962401e-05 -0.5809164781800571 -0.00905384609513802 0.9999589896343746 -0.0002166109087309198 -0.8574696783970264 -7.134806926784902e-05 0.0002159737858534401 0.9999999741323881 46.631973436544996
0.9999534745367175 0.009593966118347464 -0.0010022854217026963 -0.6088157623099432 -0.009593923008571856 0.999953976118624 4.78106621223591e-05 -0.8995922320393454 0.0010026979865097251 -3.81925885405777e-05 0.9999994965689103 49.05381382746046
0.9999530351982654 0.0094359455093112 -0.0022114090806272754 -0.6299741724193516 -0.009433680947832241 0.999954969059209 0.0010322391052086698 -0.9318143194864336 0.0022210496507451085 -0.001011328898591836 0.9999970220717199 50.573893851923195
0.9999628778763642 0.00814364163054018 -0.0028149547443792593 -0.6489904515903981 -0.008138404212205602 0.9999651396550573 0.0018670435238677652 -0.9584786918937306 0.002830061147452732 -0.00184406497569829 0.9999942950728605 52.02076480561779
0.9999704346150913 0.0069192620933190615 -0.003354654645322643 -0.6695465179671292 -0.006912563547335588 0.9999740993055075 0.002004291231916776 -0.9871704425563922 0.003368435973782383 -0.001981042710859742 0.999992364525284 53.48775796535968
0.999981375585205 0.004740011785719157 -0.0038445768288020493 -0.6839560820871378 -0.004735068735748747 0.99998795252379 0.0012938049873276276 -1.0143659239264138 0.0038506631622423756 -0.0012755765554224915 0.9999917726149862 54.97084443830153
0.9999847124843146 0.0038184097793085617 -0.003999317994366647 -0.7011964774771584 -0.003812071101111153 0.9999914677988119 0.0015913652934172913 -1.039732431100125 0.004005360356179624 -0.0015760952808447691 0.9999907364631349 56.36209150350755
0.9999888433848475 0.003114094403777696 -0.003551833594000178 -0.714225842262818 -0.003106462362762269 0.9999928588142423 0.0021522574443459575 -1.0684502837218253 0.0035585105625595046 -0.0021411997950592197 0.999991376095821 57.792263313818346
0.999994004547095 0.0015332708307275254 -0.0031048269555971762 -0.7394852691347819 -0.001524743153304012 0.9999950643045287 0.0027470939003180327 -1.086868575276965 0.0031090236700633215 -0.0027423433666030122 0.9999914067254171 59.26969678960554
0.9999967576191204 -0.0006328153952619004 -0.002466636560469841 -0.7724480320109626 0.0006387388476538165 0.9999969126853588 0.0024013813596746292 -1.1092548166451668 0.0024651093140922345 -0.0024029491100756727 0.9999940745182663 60.5921254182376
0.9999935362672457 -0.00294096425159901 -0.002068369647604286 -0.8150577323624165 0.002944404062937977 0.9999942841367304 0.0016619803193247277 -1.144516750113311 0.002063470000380055 -0.001668059692721996 0.9999964798280137 62.60555803386092
0.9999960833020415 -0.0023084575082864016 -0.0015825310450968614 -0.8278587226515212 0.0023105581222539716 0.9999964504081263 0.0013268354498964456 -1.1755053077242137 0.001579462484500829 -0.00133048678304252 0.9999978675493163 63.94186081040565
0.9999992972713653 -0.0008167668351308232 -0.0008592721993049986 -0.8510493947141222 0.0008177640088499118 0.9999989919302269 0.0011607758421189386 -1.2034808389143477 0.0008583232498876858 -0.0011614777082867027 0.9999989571248221 65.21374676528673
0.9999979027545356 0.002026556617461013 -0.0002958966145598895 -0.8869025016204093 -0.002025823884881724 0.999994932130749 0.0024559622159278094 -1.2290131512457911 0.00030087226147537584 -0.0024553576307427666 0.9999969403427129 66.72644060509704
0.9999831471579542 0.005800167922724269 0.00025189708531383727 -0.8925980378631257 -0.005801065339175371 0.9999762491094347 0.00372140537378598 -1.2708711599311684 -0.00023030632645729978 -0.0037228039289794977 0.9999930438207569 68.29748106424012
0.9999533105070391 0.009612209747087031 0.0009910750684739358 -0.9167178891799646 -0.009616157919077899 0.9999455253382356 0.0040590470452081685 -1.2876641068345995 -0.0009520046684230236 -0.004068387864727639 0.9999912709155483 69.60837473518461
0.9999048669407882 0.01370637301280548 0.001546740753600509 -0.935412246645647 -0.013712028839869168 0.9998991131987022 0.0037072482441234678 -1.308584256876396 -0.0014957717805884707 -0.003728104516077715 0.9999919319192019 71.03832635538761
0.999860717447565 0.01650197276074701 0.0024961170334095177 -0.9833545538303413 -0.016509579247916715 0.9998590311196809 0.0030580519076163224 -1.3266859925020429 -0.00244530126930578 -0.0030988358163160793 0.9999922088287917 72.55179215279335
0.9998270560552824 0.018371236066795728 0.0028906167517891474 -0.9837713770461036 -0.0183794682467576 0.99982702825345 0.0028475815776028016 -1.3510248768678736 -0.002837803163379426 -0.002900217104414697 0.9999917677730917 73.73687961752599
0.9998190410968892 0.018728565116991322 0.0033355522415589576 -1.0029037836717902 -0.018739537322940376 0.9998189891737708 0.0032891683540692764 -1.389980307143003 -0.003273347066791881 -0.0033510798554948745 0.9999890276711951 75.33816174011062
0.9998403298711583 0.01753754806201964 0.0034277063914497463 -1.0219040598802893 -0.017547619124386533 0.9998417341495298 0.002930480494118454 -1.4157956845849569 -0.003375770460072186 -0.0029901606701475693 0.9999898315047846 77.1710305151038
0.9998621751416334 0.01631036080475855 0.0030988467952874402 -1.0243671407485022 -0.016316343344427185 0.9998650453747085 0.0019151965169706033 -1.4353383978603464 -0.003067191045375556 -0.0019654944035654015 0.9999933645634057 78.63193616989791
0.9998753923597219 0.015574809252081998 0.0025739211825740183 -1.029964188056406 -0.015579968724580697 0.9998766311263464 0.001996772888761347 -1.4624617103257793 -0.0025425042839546767 -0.0020366256871273154 0.9999946938998108 79.89377711635406
0.9998840512924533 0.015060400865999996 0.002251287797432724 -1.053257513184108 -0.015065547939135174 0.9998838925328115 0.0022870764584065127 -1.485299004787644 -0.0022165821178338823 -0.002320728159083895 0.9999948504790043 81.21216071247537
0.9998848977882144 0.015048741877763764 0.0019304255875765128 -1.07370988196267 -0.015052050139643142 0.9998852478546704 0.001710821205779287 -1.5073100773748735 -0.0019044583603741846 -0.0017396811492093678 0.9999966732683925 82.46829684666807
0.9998855664906827 0.015040231204432153 0.001626459014132904 -1.1078556325636928 -0.015043516700433157 0.9998847852540786 0.0020270231101230966 -1.5262336320610856 -0.001595784725837883 -0.0020512588140965994 0.9999966228984906 83.64572601151262
0.9998944188245993 0.01450953692581057 0.0007902794545065171 -1.1340600814604156 -0.014511726496274469 0.9998906684113642 0.0028391931904354593 -1.5559969401764182 -0.0007489976735621685 -0.0028503617443804185 0.9999956572107754 85.05401856763831
0.9999208728840785 0.012579607914821461 -3.788737045698018e-05 -1.161736348346591 -0.012579367507195415 0.9999134053444663 0.0038654010855168073 -1.5901840531739808 8.65093197024924e-05 -0.0038646186283199484 0.9999925285915863 86.51131414659942
0.9999443276343019 0.010513877310233203 -0.0008944360739633275 -1.185516530597613 -0.01050988742445512 0.9999352891198451 0.004354289739683024 -1.6142074404755224 0.0009401586623139585 -0.004344646903626321 0.9999901200236789 87.74724662991227
0.9999553538206671 0.009314104329842613 -0.0015930555289355038 -1.1931757127470166 -0.009307123685358569 0.9999472929710824 0.004334596695166183 -1.6436994067984143 0.0016333444495582245 -0.0043195764071390745 0.9999893366659324 88.90228080670303
0.9999655388379128 0.007998906273057032 -0.002222303993304055 -1.2036998258563822 -0.007990373488142194 0.9999607711355832 0.003822318857681365 -1.6728688854909353 0.0022527911851303313 -0.00380443009722071 0.9999902255739859 90.3148897218622
0.9999728436857116 0.006945182727577126 -0.002465020891040249 -1.2223773824664892 -0.006936667651312188 0.9999700025036047 0.0034462638953146945 -1.694421082265649 0.002488881879065385 -0.003429071276814299 0.9999910234282957 91.62259171134022
0.999967205265124 0.007651282636345757 -0.002654480792438375 -1.2326617650857203 -0.007644115274370317 0.9999671386996545 0.002699818975119549 -1.7172975947126423 0.00267505064079341 -0.002679439278100799 0.9999928323289241 92.83894718584676
0.9999675254072431 0.007599100851029264 -0.0026836164352979966 -1.2454164834270627 -0.007593095040015203 0.9999686607061633 0.0022410964360316493 -1.750775141875973 0.0027005626504882905 -0.00222064670269315 0.9999938878261166 94.28502726634893
0.9999577041131167 0.00887503433833523 -0.0024132447698739685 -1.2679482285719936 -0.008871794152240136 0.9999597334732859 0.0013500742777739281 -1.7730396972282754 0.0024251295524635634 -0.001328607364347447 0.9999961767672537 95.51991253224938
0.9999439279746759 0.010374434174628615 -0.002124152097679818 -1.2855688220925887 -0.01037083238755194 0.9999447769260116 0.0016996864353160377 -1.8106957520525975 0.0021416680805121007 -0.0016775619050842351 0.9999962995150966 97.15889668453443
0.9999384160232261 0.010929307325022215 -0.0019272784848889755 -1.3018872900726945 -0.010923408729125516 0.9999357014885838 0.0030450008654301234 -1.8346292954738181 0.00196043431401463 -0.0030237608915420064 0.9999935067626041 98.45739935057497
0.9999244134489642 0.012154498774007871 -0.001853523212421429 -1.323888559521744 -0.01214650458468488 0.9999171330828579 0.004264902546652546 -1.8603879653730404 0.0019052073694415916 -0.004242066349180791 0.9999891874705285 99.87783933340972
0.9999351460829843 0.011220428955325766 -0.0019507952380846691 -1.337466050290797 -0.0112148028055145 0.9999329892799708 0.002871436514260043 -1.8837330972773207 0.0019828832632991554 -0.0028493725064453216 0.9999939746069887 101.23166632540621
0.9999334630819694 0.011410093758572794 -0.0016968115163717207 -1.3633989880011501 -0.011409245070012832 0.9999347828920752 0.0005090083604513667 -1.9082703474694758 0.0017025086883486146 -0.000489615154175655 0.9999984308693519 102.53921782849321
0.9999417539162021 0.010640951707011834 -0.0018052483929747664 -1.3838162382929353 -0.010642039976126685 0.999943195279936 -0.0005943050550155965 -1.936905133980378 0.0017988218749555313 0.0006134819646386862 0.9999981939382392 103.80526129481845
0.9999650446675173 0.008143567172561084 -0.001895193076646186 -1.3940716229818437 -0.008142447780227128 0.9999666711439668 0.000597616432568291 -1.960751219301823 0.0018999966415910563 -0.0005821640320269024 0.9999980255469512 105.0562195229803
0.9999814281216647 0.005955158875327798 -0.0012959531346170262 -1.4082049082408636 -0.005951780230509403 0.9999789196292578 0.0025954978694840546 -1.9899870774327333 0.0013113824176178358 -0.002587736437966859 0.9999957919392869 106.29647006111735
0.9999903152370364 0.004390625938655751 -0.00030304455233125786 -1.426494091167519 -0.004389651015074693 0.9999854164355507 0.00314608966566881 -2.016209408232924 0.00031685343575293755 -0.003144728936709147 0.9999950051294326 107.70684844098689
0.9999928678587267 0.0037238018068807385 0.0006305012161680953 -1.4427547822224391 -0.0037248921527700896 0.9999915538294184 0.001737080388445763 -2.0431499192870075 -0.0006240273477580763 -0.0017394165483752232 0.999998292508512 108.9657944699796
0.9999836854302724 0.005553539002092913 0.0013368163087902297 -1.4584147276932964 -0.005552791584205586 0.9999844251158431 -0.0005621666651752996 -2.067284419111642 -0.001339917502531786 0.0005547344313191892 0.9999989484448453 110.31427428612433
0.9999682084365844 0.0075668816516276695 0.0025148395971140505 -1.4779467259645718 -0.007560449695734231 0.9999681492949616 -0.002557341590004256 -2.0981029164097804 -0.002534110598854191 0.002538246969850298 0.9999935677722093 111.6481016911734
0.9999388664671383 0.010445627757468117 0.003626594706901205 -1.4914218335200913 -0.010436570697479691 0.9999423937901766 -0.0025074076748991567 -2.1226753389665003 -0.003652577239733809 0.0024694051761601854 0.9999902803115553 112.83916170511402
0.9999205931699752 0.011568898151523255 0.004996793988725701 -1.4947818108300794 -0.011565713562222291 0.9999328932691232 -0.0006657538863232963 -2.146530834666446 -0.0050041607091211365 0.0006079095329147802 0.9999872943300812 114.07941791980315
0.9999152455822582 0.011505912438325643 0.006092259936593125 -1.5110331291681116 -0.011515116221478725 0.9999326068064811 0.0014778171745403793 -2.1741919168867683 -0.006074845724730162 -0.0015478450042273393 0.9999803500195706 115.4812916654468
0.9999182849607942 0.010843008830548331 0.006771451880207319 -1.5134435172004705 -0.010856836292256223 0.9999390454321748 0.0020086129330029196 -2.2321143931041205 -0.006749259721514745 -0.0020819653436424234 0.9999750561456614 118.2609785984221
0.9999014241251193 0.01176360071217869 0.007665489602357561 -1.507322494588421 -0.01177389028544841 0.9999298421361192 0.0012985812189393263 -2.285085291350626 -0.007649675817029578 -0.0013887058437217674 0.9999697765212572 120.85731948685121
0.9998630613915868 0.014041671845581132 0.008757277911890342 -1.5141393861741455 -0.01404777350461515 0.9999011231298417 0.0006356282281879014 -2.3200040407289295 -0.008747486736663382 -0.000758561442765908 0.9999614522872012 122.74291653419108
0.9998105049976824 0.016587370338853154 0.010188878325006036 -1.5347471375948618 -0.016591443137618265 0.9998623028112097 0.0003153278871251856 -2.3636804689228206 -0.010182244884661924 -0.0004843163294318064 0.9999480423135999 124.5040983027088
0.9997911017750124 0.01714138365564015 0.011132195555134367 -1.5329611380527592 -0.017132510459056807 0.9998528299188003 -0.0008919578113859958 -2.387187917064963 -0.011145846620060306 0.0007010490262019318 0.9999376373721434 126.12615372982653
0.9997552943141089 0.018592011249450546 0.011987018336951247 -1.5259612376837068 -0.01857247106435615 0.999826003792574 -0.0017393845852986501 -2.4238405947290507 -0.012017271298999401 0.0015163303967898156 0.9999266402755019 127.79228950305772
0.9997581242874161 0.017715658475437494 0.01303258861814294 -1.5305496090704214 -0.01769079213892313 0.9998414634797776 -0.002020836488635446 -2.4476866863445026 -0.013066322925961438 0.0017897908810941387 0.99991303014502 128.94260925496417
0.999752434783419 0.017422365288860226 0.01383944841269439 -1.5251532040530553 -0.017408857756886522 0.9998478537662582 -0.0010958971702313166 -2.469158282304235 -0.013856435913560262 0.0008546968753607037 0.999903629694894 130.16471713257937
0.999757609656336 0.016290933332900263 0.01480970713394065 -1.5248308223070888 -0.01628761685597516 0.9998672886106296 -0.00034453386075007143 -2.4936577736396908 -0.014813354495287272 0.00010323551352238967 0.9998902709152763 131.453935393817
0.9997665018380855 0.015385370897926744 0.015173403203350767 -1.5285886026691184 -0.0153871518264127 0.999881610771134 6.273486432368993e-07 -2.5175294841922975 -0.015171597183854822 -0.00023410266097175707 0.9998848772907979 132.67731012960468
0.999799162149433 0.013381991639180257 0.014918366702206068 -1.5023904875333995 -0.013386162966586984 0.9999103851437104 0.00017978539611150662 -2.5476849078151864 -0.014914623908250503 -0.00037944897626997513 0.9998886988120972 133.94403941356904
0.9998235786622893 0.011779450775825845 0.014630655841531113 -1.4999389532556304 -0.011792118735014121 0.9999301664218644 0.0007798815819633636 -2.566710385042956 -0.014620447553777671 -0.0009522704250658394 0.9998926620864681 135.16138798822885
0.9998502573316128 0.010113518135213702 0.014042067683807145 -1.5034146926411667 -0.010120051353902707 0.999948713236818 0.0003942798830893875 -2.601248010899872 -0.014037359954859456 -0.0005363272886426423 0.999901327571144 137.22854425374575
0.999877102030887 0.008848970113971953 0.012941273594108859 -1.501902054007052 -0.008851642846528073 0.9999608123018868 0.00014926308314798612 -2.6218881971636647 -0.012939445630824333 -0.00026379627085237927 0.9999162470718703 138.45482455426927
0.9999006454656382 0.007510007259978155 0.011928913963794923 -1.4996968690625265 -0.007524260646973554 0.9999710305868843 0.00115042979830307 -2.6506633124903907 -0.011919928654021129 -0.0012400717557849964 0.9999281861828492 139.68424950482165
0.999920903822808 0.0059143910681445635 0.011099823263109284 -1.5053490528061975 -0.005929800680567077 0.9999814993580216 0.001355878155193777 -2.6774883236583626 -0.011091598715602684 -0.0014215906499546159 0.99993747580434 140.90741471077237
0.9999372858641572 0.005425861621992118 0.009797161031752405 -1.5084259926899661 -0.005439813026191132 0.9999842269760341 0.001397938977124038 -2.6998865863453854 -0.009789421477450972 -0.0014511460307892253 0.9999510295021117 142.11404885355284
0.9999535712303813 0.004866397559176553 0.008317064289954485 -1.5015797497934353 -0.0048740355950119725 0.9999877183104198 0.0008983347589342323 -2.7250818798224987 -0.008312590488274632 -0.000938830717751815 0.9999650091059469 143.30942302882022
0.9999601212273501 0.004732562356485091 0.007573559831796261 -1.513694428505903 -0.004737324087763288 0.9999885922066549 0.0006109149203419803 -2.756494588643406 -0.0075705822412359585 -0.0006467689652259702 0.9999711335705811 144.86373637113684
0.9999759994668088 0.0022984290382373094 0.006535879000837755 -1.517395966304557 -0.0022873192087071678 0.9999959275128582 -0.00170678895471077 -2.7881191290118745 -0.006539775316850408 0.0016917983492814967 0.9999771843182969 146.31311527489916
0.9999796102845131 -0.0031661562979187845 0.005545671242615812 -1.5262302159884722 0.0031783173649306447 0.9999925610148889 -0.0021854550124462847 -2.8080054908506744 -0.005538710496298727 0.002203036354851058 0.9999822345006214 147.56211509607218
0.9999281675829824 -0.01118986609981536 0.004294947125179103 -1.5316310341780763 0.011189067887955123 0.9999373784041872 0.00020983317198174653 -2.834435094950779 -0.004297026173834159 -0.0001617616441989358 0.9999907546568769 148.8310586334629
0.9998402891293717 -0.017680245287799636 0.0026086702087763534 -1.5247428262742513 0.017675894993255052 0.9998423554442412 0.0016813672706873094 -2.8599821419885925 -0.0026379859518849955 -0.0016349881573742106 0.9999951839103233 150.02236718002592
0.999784770260029 -0.02068666970873961 0.001573166381256536 -1.5253311713439601 0.020689252795113716 0.9997846031551723 -0.0016438104010095464 -2.8850055940140003 -0.0015388225633523002 0.001676004241075036 0.9999974115141002 151.22841966670842
0.9997954141743612 -0.0201582391956358 0.0016658896870730359 -1.5297042640147518 0.020165738745580773 0.9997860003062308 -0.004614820962333031 -2.9156106772003882 -0.0015725065223865522 0.004647470731584816 0.9999879640470851 152.44031184420945
0.9998575854132501 -0.016748678731516465 0.002071388986679578 -1.538194500345791 0.01676241480715939 0.9998363638505238 -0.006801982945857876 -2.945310466283548 -0.001957125805464417 0.006835735725689336 0.999974720868317 153.66349599345662
0.9998530251013542 -0.016923730310041497 0.0027414499930138642 -1.543589347147223 0.01694220801038233 0.9998329145509286 -0.0068632767923512495 -2.9800379941290895 -0.002624839691133867 0.006908714278972105 0.9999726895688729 155.03128948418845
0.9997925496463825 -0.020061587710937773 0.003519995753186792 -1.5543961565737388 0.020073115124247812 0.9997931650569473 -0.0032706504888779858 -3.0186017258282405 -0.003453653253411291 0.0033406292712681806 0.9999884561710076 156.3750801252014
0.9996724518740101 -0.025309659017130077 0.0037960669964969052 -1.5568501504106838 0.025311461300349242 0.9996795222406683 -0.0004274804203632937 -3.0480326791122527 -0.0037840310577758477 0.0005234244028281695 0.999992703541304 157.60641165078073
0.9995776400595895 -0.02885267001192998 0.0034734602466027662 -1.5510224038701914 0.028850704913031433 0.9995835428649691 0.000614540102303455 -3.0706515925980735 -0.0034897448220808135 -0.0005140687685804799 0.9999937786878356 158.91791487322905
0.9995315647432242 -0.030425056258763544 0.0033116511913711872 -1.553690068911949 0.030424020772425484 0.9995370165563287 0.00036262061757559165 -3.092692519953093 -0.0033211507043888356 -0.000261697008656069 0.9999944507209388 160.20216202645332
0.9995877075768872 -0.02842159084277249 0.0040777487845610845 -1.5625103203126234 0.028417755858811705 0.9995956384552356 0.0009953558249610787 -3.118068606636114 -0.004104389495763529 -0.0008790649778828435 0.9999911905770117 161.70926771578468
0.9996932771903225 -0.024229036718238478 0.005128871238362793 -1.5666364194461537 0.024229138002180683 0.9997064304456312 4.2394870072464015e-05 -3.1468715360552277 -0.005128392744782684 8.18862624310028e-05 0.9999868463547372 162.99017771271156
0.9997718823371011 -0.020518556759199415 0.005930608455267787 -1.5817497379253718 0.020532503923549654 0.9997865392553046 -0.0023004796304630457 -3.165526646912148 -0.005882139981299477 0.002421725091803117 0.9999797676337345 164.22626123785406
0.9998138293823721 -0.017953277988642533 0.007070105035995608 -1.6104437651857748 0.01797406277858938 0.9998342844827057 -0.0028873240529132165 -3.184490929071557 -0.00701709647851709 0.0030138650297792807 0.9999708380620862 165.42184453952638
0.9998431316019655 -0.016052621939706108 0.007485019521411627 -1.6183884980209624 0.016065138718264593 0.9998696428485584 -0.0016151247192017295 -3.2124397200436077 -0.0074581168090856135 0.0017351192340948841 0.9999706824976936 166.60086212388046
0.9998716025491371 -0.01429462396261258 0.0072416946627385384 -1.631073000930019 0.014310815397419194 0.9998951989337914 -0.002188997901785902 -3.23443982187485 -0.007209644823555863 0.002292351395518385 0.9999713826638217 167.98365914475124
0.9998965452960343 -0.012610734924029761 0.0069186754318852645 -1.651077066670013 0.012643424927685363 0.9999090148847462 -0.00470167611753205 -3.2545324712603683 -0.006858754344186936 0.004788665460443315 0.9999650124739125 169.22787231740372
0.999934859082061 -0.009363229728540132 0.006527443725502038 -1.6801708950584757 0.009412461237247715 0.9999271780373421 -0.007552760802137301 -3.2775828974838572 -0.006456250149763802 0.007613708119410366 0.999950172899967 170.6123611051114
0.999969947587897 -0.004248118456892824 0.006485168512458487 -1.7036662558277003 0.004305114714039186 0.9999520101299156 -0.008800194568266159 -3.3148829633118333 -0.006447473021094544 0.008827849495578499 0.999940247797299 171.9760233893554
0.9999744713525751 6.327369389834067e-05 0.007145112985662355 -1.7315669221723509 -8.671812553964243e-06 0.9999708023398686 -0.007641622377383054 -3.346565210028369 -0.007145387878757129 0.007641365336019217 0.9999452749865173 173.3429390108363
0.9999667850138967 0.002794342247078446 0.007656403880267954 -1.754297159847415 -0.0027499328122729044 0.999979371448714 -0.005804700385232412 -3.385577946152978 -0.0076724662592660715 0.0057834529859355 0.9999538414012209 175.09104219126502
0.9999642254577934 0.0038647721762127612 0.007524050812002178 -1.7591846118261367 -0.0038371934164702338 0.9999858798945611 -0.003676405606612872 -3.417673315756415 -0.007538153041708407 0.003647402846644409 0.9999649357358448 176.41001294957516
0.9999772358858848 0.0007509739994486253 0.006705501329351917 -1.758679486993883 -0.0007326309876253857 0.9999959845160842 -0.0027375542995169877 -3.454790912380304 -0.0067075302356203 0.002732579323457163 0.9999737706802 178.0359110868595
0.9999846796958554 -0.0017116558999052305 0.005264086592974971 -1.7901559882657234 0.001725523703466812 0.9999950501769386 -0.0026310054294922847 -3.4815690666298718 -0.005259557160711787 0.0026400484278822525 0.9999826834514534 179.54099827388237
0.9999932600488375 -0.0018478426952942986 0.00317259109751483 -1.7927610269290497 0.0018692283625411541 0.9999754641706856 -0.006751077095515891 -3.515289495778308 -0.003160038326864969 0.006756961890848264 0.9999721784248682 180.84757037451087
0.9999987496350166 -5.371872190273108e-05 0.0015804564855828602 -1.7966760661449444 7.127887489881044e-05 0.9999382477984121 -0.011112853331277216 -3.542983805785063 -0.0015797619206378423 0.011112952089314738 0.9999370013396507 182.15736842381494
0.9999864005940806 0.005110490053796168 0.0010399607229861136 -1.8237462009764422 -0.005097844523641027 0.9999171560333066 -0.011819181506171577 -3.6069776646134097 -0.0011002763780460563 0.011813719214248241 0.9999296102377491 184.16535366825948
0.9999624849745614 0.008638463672571955 0.0006368586013451255 -1.8344679018315533 -0.008631005970710579 0.9999032720595123 -0.010906523763939491 -3.644657604658164 -0.0007310126086532074 0.01090061787503241 0.99994031929436 185.37594554949888
0.9999415558076956 0.010779106540454 0.000834164896790684 -1.8594145863758729 -0.010772484984260356 0.9999133024665798 -0.007572391804506728 -3.6863274704790774 -0.0009157161947786431 0.007562963213358908 0.9999709811045928 187.00083938675644
0.9999342126404587 0.011437293120134962 0.0008710437361659181 -1.8625608979055301 -0.011432131039993411 0.9999183073490135 -0.005717080388370226 -3.716560775270321 -0.0009363605024872639 0.0057067463906138585 0.9999832779975074 188.33576400937528
0.9999396409701211 0.010956338367569471 0.0008204060706757865 -1.875177661543759 -0.01095218532306115 0.9999279866531336 -0.004906235263285685 -3.746402628572854 -0.0008741013641444329 0.004896953888358713 0.9999876278181736 189.95048987330253
0.9999577332287796 0.009118920264847716 0.0011734773812986242 -1.9222493126286793 -0.009113800101324437 0.999949235829439 -0.00429702360161251 -3.7818223586209303 -0.0012126020262921168 0.00428614714202253 0.9999900792202892 191.5722576032868
0.9999787177559892 0.006436924911638487 0.0010630299947195403 -1.9317402064639464 -0.006432920711334229 0.9999723586680557 -0.0037281940622423855 -3.8239546840988736 -0.0010869987163894083 0.0037212763302369328 0.9999924852398951 193.5031800919917
0.9999916770679359 0.0038271390021178 0.001413789912183209 -1.9462387994532784 -0.0038218820727168607 0.9999858422609155 -0.0037024985007964705 -3.86373299378149 -0.0014279398725323398 0.0036970643468331134 0.9999921463206265 195.25294534556159
0.9999981600410085 0.00040725403439343874 0.0018745822866849723 -1.9654334325956786 -0.0004024863987502265 0.9999966856216638 -0.0025429806104190775 -3.896932174767662 -0.001875611712723168 0.0025422214375654005 0.9999950095829793 196.6266929392437
0.999989411970215 -0.003913744639879324 0.002420444248057736 -1.9773063857677957 0.003916254724414424 0.9999917977248263 -0.0010331660090407764 -3.9240271800524136 -0.002416380846978134 0.0010426341460700358 0.9999965370028224 197.9680956011808
0.99997642532162 -0.006398764427713149 0.0024909064200637205 -1.9784271239899498 0.006402080540095716 0.9999786278488669 -0.0013255980741113435 -3.9494490896543115 -0.0024823709942333435 0.0013415138070822711 0.999996019079551 199.35452146796342
0.9999850909980476 -0.004646528130316102 0.002868372005338511 -2.0062595902192686 0.004662224295412562 0.99997406179758 -0.005489935943860773 -3.982399654935067 -0.0028427884631282113 0.005503227088046731 0.999980816338678 200.75224306870825
0.9999913172698731 0.0025364688791022823 0.0033063137313000535 -2.0276891479146117 -0.002501940003853907 0.9999427266372171 -0.01040594741211594 -4.019517338992196 -0.003332518729362795 0.010397584861493305 0.9999403904973356 202.10030468390747
0.9999233703848213 0.011562119267179056 0.004423884753429868 -2.044334817179302 -0.011515560371792046 0.9998795149203358 -0.010409011095986957 -4.062848869022248 -0.004543701969068259 0.010357269945516395 0.9999360388203286 203.46216387395864
0.9997943179867361 0.019490514628129146 0.005607277500547356 -2.066650696155502 -0.019451608719023277 0.9997869117485035 -0.006911296161409144 -4.10033376920914 -0.005740787374522499 0.006800804064180854 0.9999603954279384 204.78945192777778
0.9997738526750471 0.020313455844508232 0.006293410756217306 -2.08028192383449 -0.020282578435148423 0.9997821229891025 -0.004931892478961436 -4.127392348844541 -0.006392223346794752 0.004803130547382864 0.9999680341979074 206.07508118573213
0.9998161415103387 0.018283583805659715 0.005778731573614479 -2.088029007247607 -0.018258198256426335 0.9998235548788323 -0.004415575373879764 -4.163360730882292 -0.005858444487020431 0.004309254306118899 0.9999735541280657 207.621339369187
0.9998786982464553 0.014880185678355307 0.004600963719877538 -2.098445463919713 -0.014860157980024897 0.9998800893459802 -0.004356906503749424 -4.197508087576742 -0.004665243593067908 0.004288006955612827 0.9999799240477599 208.93318376268815
0.9999098299835744 0.012907150710304835 0.0037063948468469892 -2.1006783756952974 -0.012888617725685014 0.9999045302067686 -0.004981365786749508 -4.23149685156322 -0.0037703362370501855 0.004933146310593331 0.9999807241302882 210.40592695562478
0.999906370923194 0.013281254773811934 0.003295096180855484 -2.125564473153755 -0.013262710389694874 0.9998964359202229 -0.0055873023144962465 -4.258699919176497 -0.0033689613127889833 0.005543077274185914 0.9999789619757024 211.8791687351945
0.9998952369161422 0.014116855498095288 0.0031983719698878274 -2.151419168182724 -0.01409916683023607 0.9998855456897959 -0.005487168241545303 -4.2837701883930075 -0.0032754674635899765 0.005441499008890166 0.9999798304973101 213.22235280786495
0.9998731869268497 0.01562101205432152 0.0030974258899688534 -2.1630584027455213 -0.015606388792883044 0.9998672117205987 -0.004690368313847096 -4.318049690856479 -0.0031702828880842363 0.004641433881131114 0.9999842030741958 214.59777813419365
0.9998897383687232 0.014576511948340769 0.0028348552601940866 -2.185340079494193 -0.014561640318037056 0.9998804639905542 -0.005197726549260078 -4.345083924219997 -0.0029102811160585124 0.005155873296799291 0.9999824734635955 215.93076290650353
0.9998920734476361 0.014516668803141418 0.0022600405852851915 -2.184187881833362 -0.01450256187900215 0.9998759930756489 -0.00613792879800918 -4.385420691858768 -0.0023488626041013577 0.00610448997407831 0.9999786087945187 217.34568268405243
0.9999065853697313 0.01350736085040736 0.002090869938815667 -2.2166551820338287 -0.013493450999121727 0.9998876389538215 -0.006529643748726722 -4.413496771338567 -0.002178833260820635 0.006500820733405296 0.9999764957314803 218.68346977293325
0.9999053916895895 0.013653856249535426 0.0016672970957892369 -2.228562095116009 -0.01364285248001487 0.9998861812712779 -0.006441822641802368 -4.45281173014082 -0.0017550630464896182 0.006418466503528168 0.9999778612756601 219.9825338953037
0.999905443566426 0.013706663948972207 0.001109634903301921 -2.236734051544217 -0.013699003591355568 0.9998841207678822 -0.00663945305291194 -4.486392632617703 -0.0012005110714626939 0.006623624357385069 0.999977342930097 221.24798768967807
0.9999088733647384 0.01348663813780796 0.0005962870104999779 -2.256066384399736 -0.013482344417109405 0.9998866749758675 -0.006698029166928547 -4.5413098977297865 -0.0006865533318710258 0.006689379451220768 0.9999773901679364 223.37385086494163
0.9998962156646319 0.014406689532219914 7.20851573467159e-05 -2.2725195039023927 -0.014405858034811453 0.9998727743126428 -0.006848827828068657 -4.580407259536654 -0.0001707449224416855 0.006847078578481392 0.9999765439054603 224.6292187397245
