0.9999798526930299 0.0005911438110282512 -0.0063201864704323235 -0.0919927610349137 -0.0005894492957213536 0.9999997898325791 0.00026997097184598 -0.016555666236371214 0.006320344733804231 -0.0002662401031941278 0.9999799909791461 0.995622027595133
0.9999109665322464 0.001123114773904886 -0.013296526680073905 -0.17516395148357222 -0.001119528165230099 0.9999993349136233 0.00027718044493971867 -0.03224822262498884 0.01329682914218794 -0.0002622699304854511 0.9999115588637061 1.9920337280249019
0.9997778348025972 0.001376961533909297 -0.02103295068138735 -0.24610619394191016 -0.0013848128131201327 0.9999989768046448 -0.0003587243185069034 -0.04624439457485489 0.021032435210982078 0.00038777132204916227 0.9997787186685348 2.9894159443320367
0.9995544704014867 0.0019558740737246733 -0.02978313712508975 -0.393344999399064 -0.002006030050237471 0.9999966196396021 -0.001654252945281717 -0.05934058355568437 0.029779800936905444 0.0017132617946944086 0.9995550150893051 3.9784302030774445
0.9991517277113883 0.002144198876114231 -0.04112453552963932 -0.5337755263996011 -0.002278432019001904 0.999992228277819 -0.0032174728433545315 -0.0680567393655097 0.041117317019519754 0.0033084430088194247 0.9991488479931174 4.968482361155114
0.9985161546103956 0.0018951525030463968 -0.054423316501844336 -0.6976481393586196 -0.002113295545999779 0.9999899617589891 -0.003950995215272491 -0.08323957605589512 0.05441528244900497 0.00406014510159982 0.9985101362819252 5.954847013903791
0.9975132735029293 0.00178671842655861 -0.07045620499810765 -0.8701653500322453 -0.0020795907492306164 0.9999894994261163 -0.004083667447449065 -0.08031115042051759 0.0704481688036452 0.00422003255554222 0.9975065146842117 6.939849154177958
0.9960447798509113 0.00039103375601242415 -0.08885180709671299 -1.0581476428419652 -0.0007695594338989538 0.9999907744145694 -0.004225974920399157 -0.08339413322997756 0.08884933488793001 0.004277637005614687 0.9960358916784176 7.922016722776616
0.9940877209335564 -0.0007790533194402148 -0.10857714384276763 -1.2544044961614844 0.0003017726612276648 0.9999902209435698 -0.004412136726394567 -0.10001622426467932 0.10857951935051342 0.004353285329143257 0.9940782347906297 8.90242833715843
0.9914411590619944 -0.0012211103987995607 -0.13054860017327838 -1.4913702977728054 0.0006107851851835814 0.9999886977085551 -0.004715018197838604 -0.12284633651713249 0.1305528822327034 0.004594925956131595 0.9914306993412054 9.873678034631354
0.9880350770545281 0.002152766103618151 -0.15421430578242448 -1.8038901760977948 -0.003149541437342262 0.9999756984962489 -0.00621955027908451 -0.1391745754797015 0.15419716890587343 0.006630838185532829 0.9880178465424451 10.823448898716011
0.9838485006973038 0.006471465724234855 -0.1788861308403946 -2.1550334836865614 -0.007988698444404843 0.9999379601706161 -0.0077625064890341645 -0.16926686213318362 0.1788247979806802 0.009066197726059884 0.9838391614923452 11.75928692520328
0.978661181928692 0.009535512887523124 -0.2052592628358233 -2.531515303462616 -0.011547232855374906 0.9998963002824254 -0.008605236481499462 -0.21339141803735234 0.20515592216486803 0.010791787409448974 0.978669803828233 12.684659522022729
0.9722241780149966 0.010055767128537969 -0.23383547470501315 -2.919689102293498 -0.012479784503804096 0.9998826135159036 -0.00888899135706746 -0.2233986331126709 0.23371863995368622 0.011560308649171578 0.9722355458437707 13.60619136496015
0.9644319507003014 0.012195343096960246 -0.2640497795400655 -3.3293317320744173 -0.014903973664490299 0.9998548350789437 -0.00825713862472838 -0.25849081274369695 0.26391075013613596 0.011898839271429817 0.96447370808466 14.517762226053744
0.9552614279137486 0.013854147620367218 -0.2954380932342642 -3.769461800880833 -0.01676199204749104 0.9998327709011843 -0.007312034919307887 -0.2646084255348468 0.2952873853769996 0.011937035887292509 0.9553339035182621 15.415675405234335
0.9443722973000649 0.01583852141732183 -0.32849673564817794 -4.238303272456604 -0.018918985829395798 0.9998018999839574 -0.006183264805708991 -0.2800019356235145 0.32833372666752225 0.012054129076114107 0.9444848658950722 16.298823577614154
0.9323637120342555 0.018080252746652585 -0.361069263358596 -4.750199683177773 -0.0216234056626686 0.9997495077981408 -0.005774944581949187 -0.29137567749868604 0.3608744058661543 0.013191895921143445 0.9325211188347186 17.15779545298991
0.919067038080102 0.021145399955550752 -0.39353354567988974 -5.30286379356274 -0.025210665574847593 0.9996688269873287 -0.005163205501716971 -0.29092182158269975 0.3932940399445935 0.01466657460008292 0.9192957574869798 17.991199409728296
0.9035224681159624 0.021506692784486046 -0.4280007146899541 -5.857422192239721 -0.02603483338584144 0.9996498520368094 -0.004728717940160151 -0.28281476224973034 0.42774915202745784 0.015415430200292722 0.9037660247273791 18.823304714389785
0.8858286908395162 0.017512888494140576 -0.4636818189471513 -6.435945841699367 -0.02254072518515742 0.9997318595838547 -0.005303267024784324 -0.28730168992047467 0.46346461158720015 0.015149510539979852 0.8859859175724655 19.63895797067947
0.865369875302393 0.013070847606607434 -0.5009632040998259 -7.041959247728626 -0.01830080988909555 0.9998172530691103 -0.00552637519020149 -0.3084077512318629 0.5007994202038598 0.013950390968883024 0.8654509387107348 20.43413233262076
0.8409835115191847 0.014754347813614779 -0.5408595405218013 -7.693455654401422 -0.019061684821057655 0.9998155133127439 -0.0023646375955429103 -0.32946840097029984 0.5407248704513616 0.012298315322459645 0.8411096039848708 21.192491654528936
0.8130189755951732 0.02072957678107744 -0.5818680520261023 -8.421238639802548 -0.02441309832088588 0.9997008247267519 0.0015038853108996168 -0.3494923148356619 0.5817251463986648 0.012982514669016397 0.8132818136171002 21.878006752126456
0.7813209317995637 0.023972435242596252 -0.6236689216887429 -9.175155905008507 -0.02775353901067099 0.9996081194530732 0.0036535730285140434 -0.37915327947655975 0.62351210301344 0.014454406664796231 0.7816800672421711 22.534306199330963
0.7471903898129146 0.023331411164996808 -0.6642003964348964 -9.970279012451742 -0.027337690650627335 0.9996167464640673 0.0043601443192173624 -0.38152438575326564 0.6640475676042444 0.01489984703424553 0.7475418533548751 23.140749603009194
0.7082629803790572 0.01903733292040844 -0.7056919516190132 -10.747159512503623 -0.021413088743299166 0.9997556994937663 0.005479138636925776 -0.37861475828813584 0.7056238589043352 0.011230373324551941 0.7084975994736644 23.770390931629827
0.6670593807151565 0.015628092175271002 -0.744840617404067 -11.572236442452006 -0.016332646429189687 0.9998464398309422 0.00635148943244083 -0.3877970564377662 0.7448255012152373 0.007928397842738254 0.6672121950677437 24.335336703423582
0.6232658951248862 0.015171724880131326 -0.7818628030149116 -12.422079646568557 -0.014061733957127356 0.9998675654170289 0.008192634810828553 -0.37958717992112057 0.7818835537420465 0.005888156858168217 0.6233966939249201 24.862308340558346
0.5768291141769549 0.01588084187048249 -0.8167104578118937 -13.316012785691662 -0.011754125251177552 0.99986885528164 0.011140591427907263 -0.3793797941619342 0.8167802725197323 0.003173499530301411 0.5769401314896737 25.310508608037804
0.5271834818744648 0.016819645914053355 -0.8495850021922705 -14.222027690900113 -0.009758053580501351 0.9998579915713895 0.013739617212586397 -0.4003123211527294 0.8496954494576483 0.0010469967308297857 0.5272727443826484 25.7332364174541
0.47608815425379925 0.01831787876289896 -0.8792067587870541 -15.161242409955168 -0.009094300864235799 0.9998321241590609 0.01590651411757065 -0.38231400639807905 0.8793505348102089 0.0004228678394337992 0.47617481885520657 26.076094627471488
0.423231582901571 0.020430424330990786 -0.9057911597030991 -16.116424074537246 -0.007923120069810663 0.9997909565475948 0.018848537715338988 -0.37404401311037305 0.905986893615459 -0.0008006043361412356 0.42330498181536536 26.371999299379915
0.3694728344454815 0.022517315388797154 -0.9289686728380576 -17.085952017473627 -0.007654226692001372 0.9997461952219425 0.021188627916850177 -0.36948012235532285 0.9292100071676845 -0.0007180856027787784 0.3695514131112173 26.61693749314873
0.3160796780769301 0.025591608648325038 -0.9483874243544007 -18.065309289470257 -0.00580103412654553 0.9996695673261666 0.02504204793898709 -0.35980670745962373 0.948714912452548 -0.0024136546370763304 0.3161236928188803 26.81884276507487
0.2639373265980387 0.027342905824334206 -0.964152193965953 -19.051270716803337 -0.001451430492571161 0.999608238147933 0.027951092578131536 -0.3493174150800024 0.9645387400088212 -0.005977936756765447 0.2638736123494095 26.985486152452506
0.21427649037810895 0.027798705295740245 -0.9763773950963427 -20.043188940499054 0.0012543394012436556 0.9995862842296533 0.028734770098638975 -0.3417507344351734 0.9767722417758941 -0.007381894325711894 0.21415297180346834 27.112139075215296
0.16806513104212228 0.028977164981738593 -0.9853499051795834 -21.041573851460875 -0.0012479659968377414 0.9995733185088826 0.02918258909025459 -0.3297559497671149 0.9857751033114317 -0.0036748924829526517 0.16802958327798617 27.167669919838154
0.12667554838386022 0.029500726952409215 -0.9915054273935803 -22.041080923624982 -0.0035967496419572194 0.9995647486097636 0.029280996033486634 -0.3171646531460856 0.991937683946759 -0.00014298943879303798 0.12672651940442056 27.196428430636452
0.08958418678719934 0.027992961074712094 -0.9955857911842376 -23.04068301271997 -0.004894254671949673 0.9996052529323997 0.027665584778918745 -0.291305977088734 0.9959672282504484 0.002394251495416344 0.08968582837268314 27.207696631446414
0.055879820313191636 0.025280727495396938 -0.9981173931452489 -24.040415160728905 -0.0037377356687878873 0.9996776818327243 0.025110989180449916 -0.27184752764760484 0.9984305058509753 0.0023275014187040164 0.05595630190881287 27.195167426252677
0.02504567509721177 0.022694743108847157 -0.9994286681870532 -25.040148689876936 -0.0033011437386714555 0.9997387062241828 0.02261905672688406 -0.26617201841280447 0.9996808573784638 0.0027327481444449613 0.025114049427312077 27.172792456037204
-0.0008558499353859307 0.020880872298237922 -0.999781604498178 -26.03851305372531 -0.004234069897359058 0.9997729332249511 0.020884315714959863 -0.2572413725401631 0.9999906700429716 0.00425101903579175 -0.0007672445274727752 27.11632281320207
-0.021263349075112976 0.018696759301333594 -0.9995990702165225 -27.035847178962463 -0.004379516281625308 0.9998137865666822 0.01879393594573404 -0.2457209801124194 0.999764317138418 0.004777382423618554 -0.02117750679210427 27.044267950800176
-0.03725731732985122 0.017832468666443127 -0.9991465835234797 -28.033305462183485 -0.003763228921786486 0.9998311744277142 0.017985014611635305 -0.22717647549773887 0.9992986192392459 0.004430090716785641 -0.037183919680098834 26.975470751857433
-0.05006542460220088 0.018195296860678042 -0.9985801842774329 -29.030344879135185 -0.003077394738328313 0.999826479136905 0.01837229594594536 -0.21135794956992 0.9987411991607356 0.003992842202343544 -0.05000074309569138 26.900223457673015
-0.05943296578461084 0.01928691703113642 -0.9980459595677337 -30.026605613865893 -0.004116329010534905 0.9998000949374263 0.019565939757399158 -0.20797078060320123 0.9982238117844721 0.005271147365358837 -0.059341693537767755 26.81389237682596
-0.06613836282388541 0.020762691660336785 -0.9975944203923721 -31.02272673419698 -0.005680031936528315 0.9997594518564875 0.021184325828683907 -0.21085690745490823 0.9977942945317809 0.007067464795365821 -0.06600452061177427 26.72594714442456
-0.07045837022410069 0.021755560398136465 -0.9972774506911932 -32.01813023813721 -0.005579929461449716 0.9997379010045627 0.022203461040936394 -0.19773308152175334 0.9974991140109183 0.00712915750662779 -0.070318508663629 26.631080872565818
-0.07188742714546936 0.02250576607338975 -0.9971588079698507 -33.015144526087816 -0.003249223103654238 0.9997348082909037 0.022798149941876723 -0.18685831167456896 0.9974074595508226 0.004878891779864161 -0.07179523694071113 26.554633315357552
-0.07086787502574511 0.024535807298891734 -0.9971839040264968 -34.01158502768709 -0.00134812542290773 0.9996941629768008 0.02469338105557424 -0.17064805080842832 0.9974848003088462 0.003094296414939632 -0.0708131236602157 26.47190765902749
-0.06934108528735464 0.027027603027869485 -0.9972268160081428 -35.00856439919494 -0.0022488362699786854 0.9996261474316819 0.0272490019326056 -0.16519615232886262 0.9975904754089233 0.004132075200235433 -0.06925438129055045 26.394432568896605
-0.06758488259353729 0.02705511816537778 -0.9973466319318846 -36.004432406572214 -0.004400443056204466 0.9996144572130552 0.027414832327719487 -0.15659117911207582 0.9977038236599707 0.006241595285300817 -0.06743977122268134 26.30402877296772
-0.0660004696809777 0.02457985638013786 -0.9975168011929527 -37.00099576698086 -0.0063788934054568504 0.999665725831114 0.025054866143594715 -0.1462958192432029 0.9977992021047174 0.008016686278230472 -0.06582161514505873 26.22183720249852
-0.06481125771012737 0.024526658909375616 -0.9975960825287822 -37.99826160267928 -0.006733545050619841 0.999664398979748 0.025014971187476417 -0.1276848929585574 0.9978748219316292 0.008338609908269411 -0.06462435562320863 26.150321705076244
-0.0630649891391955 0.027249207619904885 -0.9976373528637342 -38.99496320043544 -0.00629057912541501 0.9995964775468963 0.027700373465061354 -0.10992364036718577 0.9979895970194969 0.0080226404583818 -0.06286812770343532 26.0711355766401
-0.06132167487976218 0.03066625430282209 -0.9976468478559803 -39.99210643197556 -0.007010142179040196 0.9994900193360159 0.031153798393134112 -0.09226422868227577 0.9980934375581114 0.008904049344272288 -0.061075427208529105 25.99769511794957
-0.059542975810078475 0.03284112496428738 -0.9976853685119168 -40.989429964970775 -0.007411175757411125 0.9994165752791193 0.03334041888233648 -0.08068957418779768 0.9981982310671412 0.009379209371645101 -0.05926484561685479 25.92550247353707
-0.057706669677619254 0.03217434876160501 -0.997814988640922 -41.986227093312834 -0.00906280124061052 0.9994224746092415 0.03275031113765509 -0.06016259118718006 0.9982924450822953 0.010932910303611496 -0.05738175288279201 25.848210120112476
-0.05587129184263367 0.02918412159450236 -0.9980113655638353 -42.982293948500555 -0.011251434808726656 0.9994908447097373 0.02985726973721295 -0.037567321157277074 0.9983745809878055 0.012897224049118555 -0.05551448143724787 25.76253483914581
-0.05428136356616333 0.028567782027367466 -0.9981169347323158 -43.9792807900763 -0.0120785871579311 0.9994987312231551 0.029264210489453678 -0.018111144933369603 0.9984526234637586 0.013644343639022786 -0.053909095568316925 25.687443728276655
-0.052818716099966044 0.030798595182290774 -0.9981290646826931 -44.977399990216334 -0.009786224372998524 0.999460321698382 0.031357537580117056 -8.358279436418425e-05 0.9985561641901108 0.011424179855230483 -0.05248880902214075 25.628851499140463
-0.05176626834017863 0.0327857447580661 -0.9981209087093561 -45.975687691051256 -0.007306167035812472 0.9994217770824226 0.03320740002856585 0.01569639754540335 0.9986325016668404 0.009011461261721596 -0.051496797769871205 25.57252531888465
-0.05047981246522654 0.03449080055998367 -0.998129336914914 -46.97374938432983 -0.0065258767360475735 0.9993707682748474 0.03486374120152208 0.03135732662585228 0.9987037606148765 0.00827358413702487 -0.05022296625276186 25.512295992885992
-0.04992735328579595 0.0299212217633645 -0.9983045526702067 -47.97214227667272 -0.006464418364251944 0.9995205222385422 0.030280966285821477 0.046884043827337296 0.998731931345485 0.007965306784981484 -0.049709990934759266 25.457793391368806
-0.04962848612741086 0.023027929248468013 -0.9985022422805206 -48.97039780967944 -0.0053356212623458426 0.9997137885429199 0.023321066504463358 0.05822470401449932 0.9987534953683223 0.006485019019901514 -0.04949141357715798 25.399851521809907
-0.04964848754121561 0.018571040201074265 -0.9985940837751437 -49.96812993291135 -0.0022244646656733 0.9998225812865119 0.018704483594213374 0.06963862987421209 0.9987642762142707 0.003149986575396458 -0.04959836834769625 25.333516669977612
-0.05039748773951022 0.019284994482124663 -0.9985430297274972 -50.96678582946104 -0.0012154338441246288 0.9998116289109359 0.019370839295974107 0.08164782242350947 0.9987284996184456 0.002189904629064556 -0.05036455467488018 25.283096836768298
-0.050460564900984425 0.026599692130757354 -0.9983717683150005 -51.96519897987013 -0.001553521277586168 0.9996419622916046 0.026712053410928176 0.0884818219940438 0.9987248459718567 0.0028988970897965765 -0.05040117492825945 25.2271999894507
-0.05068567117742911 0.03351692145580014 -0.9981520819561605 -52.963016543939 -0.0028947277666762517 0.9994275741435623 0.03370674402353826 0.10262476556678664 0.9987104601877594 0.004597827491040433 -0.05055963502550357 25.162701415956587
-0.05103592928301571 0.03864626292314609 -0.9979487964240915 -53.96105528316588 -0.004880436653447204 0.9992294199080648 0.03894544553937867 0.12141536732616015 0.9986848928767706 0.006858042888772721 -0.05080799137384688 25.102989036269122
-0.05141516000410595 0.03892600900177786 -0.9979184571621793 -54.95875826108213 -0.006215836582568063 0.9992082578417895 0.039296575376876655 0.13923893435959128 0.9986580218960482 0.008223337763062267 -0.051132494743591834 25.037635625376907
-0.051626575517055066 0.0355769364271022 -0.9980325537249988 -55.95621125429425 -0.006404430066250323 0.9993329031933004 0.03595458066467408 0.15178673313179214 0.9986459232259975 0.008248041568040236 -0.05136428559206692 24.96742124595108
-0.05195258990446016 0.032882565692600584 -0.998108042886986 -56.95421664012968 -0.006889182915245181 0.9994221753667435 0.0332844489809111 0.1702154195810236 0.9986257895533119 0.008605362204725468 -0.05169603640847193 24.90704233109467
-0.05205010188118303 0.03417349956652753 -0.9980595968285327 -57.95165572656712 -0.00830878861188359 0.9993649168561931 0.03465150774226255 0.18582641599295818 0.9986099092868843 0.01009628072042976 -0.05173310535481719 24.83724587246053
-0.05211871449754229 0.03640296200101762 -0.9979771860902805 -58.94976271112693 -0.00879123233757419 0.999279938637945 0.03690959861237283 0.20279012900822962 0.9986021999941257 0.010697130142813795 -0.05176115892826471 24.778130224670377
-0.052015977778335026 0.03469522145846323 -0.9980433756424169 -59.94713821878569 -0.009244479931737245 0.999336755667938 0.03522198690969038 0.21892818056244254 0.9986034636664105 0.011058498045531233 -0.05166073919739587 24.70754949065281
-0.05166165606513313 0.029653041695211556 -0.9982243086655567 -60.94515925392559 -0.010168979236441856 0.9994916340922788 0.030216969418346958 0.23325705370502792 0.9986128705128396 0.011711980949551155 -0.051333851875156176 24.64632305181509
-0.05139695729926048 0.025554650316484732 -0.9983512972033335 -61.942874883773456 -0.01153402115858158 0.9995906988244371 0.026180167676708912 0.24930950866987697 0.9986116958739707 0.01286058594580592 -0.051081172586766005 24.58070429956484
-0.05081597451831325 0.026243955590951763 -0.998363156135428 -62.940049455477144 -0.01118603682199523 0.9995770137636415 0.026845225563811435 0.26327090953480053 0.9986453871690227 0.012531893324441412 -0.05050091420690865 24.50689418620996
-0.05022093157410238 0.028694041599081316 -0.9983258536212202 -63.93820209684097 -0.009930192874945593 0.999523444008859 0.02922800277353744 0.26865417964707833 0.9986887649820098 0.011381425805839101 -0.04991206112083844 24.446377205606854
-0.04998854667038002 0.03357324468291082 -0.9981853447347558 -64.93678784114779 -0.009703623231951 0.9993713483823089 0.03409908691874673 0.28138049289014516 0.9987026508916212 0.01139057829881428 -0.04963133917257158 24.394758098500798
-0.04936074429415531 0.039289256465295234 -0.9980079514959436 -65.93478172158106 -0.008537318145896824 0.9991728909314785 0.03975736694628303 0.29358748784173816 0.9987445274551439 0.010482764617698002 -0.04898449269275968 24.33263576844171
-0.049517826512905094 0.04252440822245184 -0.997867556122939 -66.93250076749983 -0.008512229584004414 0.9990389495392428 0.04299673535315011 0.3094861469908149 0.9987369657747444 0.010623182613984341 -0.049108259857204746 24.267031515163577
-0.04926439009889472 0.04249072178424211 -0.9978815352688097 -67.93047809307117 -0.00811089990063614 0.9990446994716947 0.042940677222258056 0.3269887110634086 0.9987528388800612 0.010209163519044344 -0.04887268980990787 24.205917704152196
-0.049216789190674584 0.03797444637252631 -0.998065954275798 -68.92827014189345 -0.007866870793282493 0.9992312227862185 0.038406714947695327 0.35325916570255 0.9987571376494278 0.009741911098546713 -0.04888021238154923 24.144918765472156
-0.04874325453237589 0.03379826895149904 -0.9982393361080661 -69.92605851276022 -0.008743268728876352 0.9993745837773019 0.03426363308046316 0.36974403875638395 0.9987730725192392 0.010397995759770415 -0.048417262362229485 24.08052469801701
-0.048479063256181024 0.031210809586028343 -0.9983364491947524 -70.9229686358589 -0.012377204068662875 0.9994161608710728 0.031845599525858366 0.384963472970159 0.9987475082548348 0.013900458794710137 -0.048064456722722984 24.003462675686926
-0.04916202296204981 0.029539885517682694 -0.9983538904926849 -71.92104875760702 -0.015360610167402075 0.9994219682438092 0.030327892227269896 0.3987229634206008 0.9986726927044507 0.016826305455031772 -0.04867985508575149 23.943074539486332
-0.04981220899086553 0.027731175298911902 -0.9983735401902386 -72.91983933962726 -0.013221849851203796 0.9995085546177664 0.028422384354749575 0.40396765400245654 0.9986710802471234 0.014616126793304703 -0.049421071574777625 23.894188483310984
-0.05111662276107342 0.023919231120158462 -0.9984062105476513 -73.91856208206784 -0.009661491401326584 0.9996545187142662 0.024443788537051633 0.4144294190400782 0.9986459565138178 0.010895576935732818 -0.05086786747872494 23.844757569863475
-0.05172416288577998 0.02248056765796448 -0.9984083508522649 -74.91664944131578 -0.005600162443364334 0.9997243536942627 0.022800324804486783 0.4215554781826319 0.9986457075231271 0.006770576663615832 -0.051584010480658624 23.783350545912164
-0.05350996958166347 0.025881444396207934 -0.9982318538252191 -75.9145518805174 -0.005207607729627345 0.9996432303846489 0.02619719007587176 0.4304653249056772 0.9985537361489855 0.006600210762020887 -0.05335609844050588 23.719230997669356
-0.05556558844181313 0.031878113053519855 -0.9979460162199458 -76.91315369251757 -0.002338635081636351 0.9994832923470653 0.032057434473441906 0.43878958285829395 0.9984523003965005 0.004115121773559077 -0.05546232600350124 23.667028432602805
-0.05738557662903488 0.035636900448610564 -0.9977158447781448 -77.9106044100567 -0.00027783801682484217 0.9993620958107448 0.03571168244125428 0.44474467346407887 0.9983520513330874 0.0023265388809489895 -0.05733906884355311 23.595918778008354
-0.0589630288543733 0.034771137937093445 -0.9976544137099159 -78.90821561785795 -5.1763236828021955e-05 0.9993930830190894 0.03483479487754071 0.453834058168657 0.9982601657628527 0.002105606837185629 -0.05892544332426702 23.52744074390224
-0.06006770567677304 0.03094211075529271 -0.9977146167701133 -79.9049701088124 -0.002819952741950328 0.9995101951723986 0.031167573100271618 0.4642891171465605 0.9981903218330932 0.0046856726768868566 -0.05995102893448264 23.44762121932405
-0.0614287277222342 0.027556129993707112 -0.9977310114004654 -80.90204220527775 -0.007258855069126791 0.999580049662623 0.028054114485170416 0.4734713645130045 0.9980850767512286 0.00896571336992293 -0.0612029047534114 23.371707447296153
-0.06274265138190285 0.02621444853613581 -0.9976854025119909 -81.8985786084763 -0.011556030743795746 0.999568887859764 0.02699067572767516 0.48022279579547744 0.9979628339026513 0.013222749741804221 -0.06241266728996552 23.2888244256588
-0.06362764298278499 0.027311676549494568 -0.997599917488223 -82.89485157713109 -0.013143480370653635 0.9995158187289592 0.028202429581830096 0.48731706422687165 0.9978871539268329 0.014906389053948043 -0.06323786518511364 23.202860344303932
-0.06462745725517816 0.028758961965867115 -0.9974949693484043 -83.89211096052729 -0.012892097799159726 0.9994771578585785 0.02965138670059706 0.4953196679832047 0.9978261800449317 0.014776096425555298 -0.06422290394676541 23.129309949598415
-0.06562957361103944 0.0282519985244684 -0.9974440253202205 -84.88882940366479 -0.014640397917511426 0.9994642454893807 0.02927252529511181 0.5011783239854772 0.997736647526011 0.016524120784765256 -0.06518079177058358 23.048575810230894
-0.06625446047686946 0.028180560252540676 -0.9974047335413895 -85.88604573319894 -0.015542616947337733 0.9994506723974907 0.029270813152773124 0.5055000083029831 0.9976816995040757 0.017441601648048567 -0.065780065419573 22.974138620902757
-0.06681927474782644 0.029735932782143377 -0.9973218932840835 -86.88259804819414 -0.01401429950413004 0.9994292335726666 0.030737704692356215 0.5164659865971252 0.9976666697507617 0.016030638849462122 -0.06636440828105754 22.891899878221615
-0.06696038268028219 0.03256044223806887 -0.9972242098708642 -87.87904610473467 -0.013058017199842724 0.9993531834526972 0.03350675916533644 0.5287177852704955 0.997670183646935 0.015265396300676644 -0.06649189678197126 22.808586349633
-0.06712734743162312 0.036688812722677565 -0.9970696315944001 -88.8755945033006 -0.013250959738492227 0.9992027722466954 0.03765942113898331 0.5364827602848903 0.9976564194615263 0.01574010659159699 -0.06658766966700327 22.725936640143505
-0.0677804249409939 0.038835050694487026 -0.9969441573289718 -89.87241980324744 -0.01325121496416397 0.9991189706840327 0.0398206946354474 0.5456460472907212 0.9976122589948367 0.015909784939864804 -0.06720609679467503 22.646845960811834
-0.06856183869630454 0.038737814311352016 -0.9968945059618696 -90.8692607357372 -0.012575731655113592 0.9991329135559686 0.039689696679326834 0.5621267661903319 0.9975676043496551 0.015257876377061956 -0.06801523329770763 22.569150908089817
-0.06907126321374579 0.036791026418274544 -0.9969330875104639 -91.86694534351592 -0.01201120126540008 0.9992166316697175 0.03770747987844055 0.5741309575919441 0.9975394185906682 0.014578867230030833 -0.06857525055054073 22.502208374598798
-0.06914773236096165 0.03337806337278284 -0.9970478905222246 -92.86328219769736 -0.011616211748434817 0.9993454235432275 0.03426059059355761 0.5866217887537378 0.9975387986108314 0.013950961568523343 -0.06871474323142777 22.417610312347193
-0.06867787440544638 0.03054364701798822 -0.997171216589202 -93.85894848172585 -0.012010150110696904 0.9994334773456647 0.03144011219871767 0.5988370178038466 0.9975665921939534 0.014135416074174276 -0.0682721330481297 22.325418018590224
-0.06761011880730489 0.028331487771296425 -0.9973094798684742 -94.85628148849078 -0.012501711455039397 0.9994942054941375 0.029241073754810207 0.6039075863916245 0.9976334893364127 0.01444506781930195 -0.06722172989546249 22.252609070297957
-0.06528675191307337 0.027696494361291697 -0.9974821022077213 -95.8522459207107 -0.014754159272733595 0.9994786708080206 0.028717614524598402 0.6072266108060765 0.9977574629181104 0.016591889582671538 -0.06484407753434848 22.1629217588778
-0.061367831747049635 0.028539757279596456 -0.9977071070615297 -96.84999165930472 -0.014934656309049563 0.9994529581629878 0.02950831171347092 0.6144369927739268 0.9980034795869125 0.01671127384942661 -0.060908029509522635 22.096202709803663
-0.05554000393489681 0.030143903438513583 -0.9980013291816802 -97.84822489288351 -0.014416208669163908 0.9994157596769818 0.030988905061077356 0.6189817948909349 0.9983523831245696 0.016108519322611214 -0.055072994422984564 22.036959683610146
-0.04855494598190768 0.03169489292532347 -0.9983175101054499 -98.84737642320356 -0.013613724816159642 0.9993825595637923 0.032390834140986355 0.624116634006872 0.9987277325263939 0.015163555063748516 -0.048093480644517454 21.996096094849868
-0.039817916242758135 0.03312761246628837 -0.998657646462674 -99.84561104636212 -0.014529786117343157 0.9993253894734788 0.033729086395275956 0.6271320243657119 0.9991013056049207 0.015853303944578574 -0.039309717533603156 21.936778942621704
-0.02819676863437581 0.034817838981402754 -0.9989958259808915 -100.84486465325979 -0.01678011578085994 0.9992358830517349 0.035299826291303654 0.6346661664344994 0.9994615400068922 0.017758606659319488 -0.027590975636228674 21.898891665003923
-0.013682913485357703 0.036349561413096636 -0.9992454589657273 -101.8446422948265 -0.020042373089055116 0.9991282688749747 0.03661974352520176 0.6476747262019958 0.9997054972138041 0.020528315078641467 -0.012942454192326728 21.882295737910756
0.004384377212528149 0.03777765378094819 -0.9992765513666697 -102.8446207080006 -0.021323655103037922 0.9990624708289871 0.03767600183302684 0.6542428559840922 0.9997630114029488 0.021143042729994423 0.005185824390821459 21.882182349313315
0.026253166394658457 0.038740359427609915 -0.998904377708734 -103.84426008251232 -0.02223618370265693 0.999024184440422 0.03816059535027934 0.6600039573455202 0.9994079864542726 0.021209984784663825 0.02708898589534142 21.908410399888048
0.050734275996993906 0.03886226114854825 -0.9979557895505602 -104.83927500213564 -0.02193930454157108 0.9990448610779957 0.03778931687496385 0.6805623496265397 0.9984711814345372 0.019977242353895842 0.051538428697821215 22.005994426418123
0.07919929022334393 0.038279913649376794 -0.9961235468751424 -105.83213202351158 -0.02041860294088698 0.999115079279075 0.03677144287495766 0.6940062248904192 0.9966496641659238 0.017427179007521113 0.07991082748776032 22.124544741990885
