0.9990498000009974 -0.0016497800091035914 0.043551939976776685 0.05154655997693422 0.0017604230013831084 0.9999952999993985 -0.00250223723940314 -0.024248830239876864 -0.043547604378427585 0.002576529018455414 0.9990480999043954 1.000725100077112
0.9960495000020072 -0.005367949009217481 0.08863830997688721 0.14646319995402157 0.006010224012187744 0.9999574999982577 -0.006980718239091119 -0.0505162204787603 -0.08859707888432194 0.0074858755094856224 0.9960394996035576 1.9956591995745976
0.9909271000030551 -0.005886878009322733 0.13427209997704473 0.2879203999312201 0.007448178023142688 0.999910299997176 -0.011128520238269976 -0.07903059071713117 -0.13419461344430023 0.012027630963684536 0.9908820990877483 2.986691298681338
0.9836222000041357 -0.0035650660093869365 0.180207199977241 0.4657502999087664 0.006172884034199825 0.9998840999964925 -0.013912500236926577 -0.1102928009525108 -0.18013681803804565 0.014797041240577808 0.9835302983521654 3.963845396400089
0.9740479000051762 -0.006173619009399698 0.22625789997746018 0.6971644998864815 0.009486835045292847 0.9998629999963828 -0.013559120235056607 -0.1438770011868535 -0.22614322263925615 0.015353701296309558 0.9739730973952893 4.934639493482148
0.9624212000062076 -0.007368625009432083 0.2714612999777359 0.9715688998646356 0.011640150056203972 0.9998323999960579 -0.01412847023268371 -0.18022370141733085 -0.27131172715635127 0.0167573914367137 0.9623456962316336 5.887651588785669
0.9488374000071944 -0.00969354400953367 0.3156163999780787 1.288078999843143 0.01587616006686619 0.9997289999950247 -0.01702376022982666 -0.21848770164472944 -0.31536583156245906 0.02116355187740858 0.9487341948701487 6.826202682642569
0.933620200008134 -0.012638570009625396 0.3580414999784504 1.6513309998221168 0.020804610077122126 0.9996036999940966 -0.01896441022656889 -0.25472900186757436 -0.3576599357926945 0.025154462276598125 0.9335130933475153 7.743952774417796
0.9161945000091135 -0.0122839400096512 0.40054559997885775 2.050497999801458 0.02177648008744294 0.9995792999938258 -0.019155670222781827 -0.291952802087045 -0.40014174004070197 0.026272782388427722 0.9160765916029217 8.646240864646224
0.8965559000100798 -0.013077650009654345 0.44273759997930257 2.488684999781308 0.023417900097709048 0.9995654999937994 -0.017896590218473396 -0.330923702301812 -0.44231124425758817 0.026413282402499502 0.8964725896412387 9.527392952760557
0.8745113000110493 -0.013514290009647364 0.4848167999798 2.966291999761723 0.0244775401079745 0.9995675999938753 -0.0162895302135887 -0.36973850251110446 -0.4843870484649092 0.026112492372430154 0.8744640874390249 10.384171038436536
0.8503691000120014 -0.013481620009646391 0.5260138999803504 3.4830679997427283 0.02517723011804866 0.999569199993885 -0.015083480208190446 -0.4086031027146868 -0.525583952584205 0.026070102368190004 0.8503422850255974 11.215601121576816
0.8245429000129059 -0.01401100000967342 0.565625999980946 4.036689999724359 0.026963900127749477 0.9995304999936084 -0.014547550202374318 -0.443973502911844 -0.5651566565413018 0.027246562485857596 0.8245336824436872 12.018781201890404
0.7970302000137506 -0.0161933300097457 0.6037223999815845 4.63143899970673 0.03126104013708291 0.9994065999928735 -0.014464060196146966 -0.47902270310174155 -0.6031299603390199 0.030401282801410044 0.7970634796957604 12.79006127901296
0.7681511000145907 -0.015104450009774797 0.6400903999822588 5.252123999689813 0.031868020146039185 0.9993844999925625 -0.014660900189561028 -0.5136186032845147 -0.6394750639730036 0.031660202927282007 0.7681597768045909 13.5305813530588
0.7374230000153554 -0.01831697000985255 0.6751827999829612 5.913460999673662 0.03718619015467404 0.9992170999917764 -0.01350645018254987 -0.5462713034595718 -0.6744067674667313 0.03506743326811983 0.737526873740208 14.237311423724233
0.7051666000161271 -0.01811309000987422 0.7088102999837027 6.602642999658244 0.03829943016300407 0.9991871999915493 -0.012569110175141065 -0.5777429036272538 -0.7080065708262274 0.03601033336241225 0.705287170515231 14.912161491200736
0.6706801000168873 -0.01682164000988979 0.7415559999845016 7.315982999643573 0.03848398017114889 0.9991853999913772 -0.012140010167182093 -0.6091556037874555 -0.7407478740995995 0.036680083429357635 0.6707811670637662 15.55483155545866
0.6350649000175503 -0.017843060010006104 0.7722527999853352 8.059653999629852 0.04358563017876302 0.9989681999901703 -0.012761430158944327 -0.6362920039377638 -0.7712282771480317 0.041763453937770416 0.6351872635038102 16.155001615464855
0.5983915000182122 -0.01631634001003882 0.8010376999861896 8.824946999616925 0.04435618018597201 0.998933899989817 -0.012787680150422275 -0.6652783040802699 -0.799975180022053 0.043182994079697105 0.5984773598321562 16.721741672127983
0.5606382000188085 -0.015604190010114129 0.8279138999870718 9.61749899960493 0.047224240192710175 0.9987976999890236 -0.013153880141627843 -0.6938755042134219 -0.8267132826956708 0.046472164408630154 0.5607010560539881 17.248351724777386
0.5217303000193323 -0.014154590010273905 0.8529930999880041 10.435719999593827 0.052990640198983134 0.9984692999873374 -0.015842910132519795 -0.7209802043374425 -0.8514631851711353 0.05346636510809506 0.5216817521521175 17.735821773511837
0.48240230001984724 -0.01314333001031292 0.8758511999889131 11.273389999583504 0.05466343020478848 0.9983901999869195 -0.015125390123315508 -0.7448949044533423 -0.8742425874485606 0.055173545278808474 0.4823441482176537 18.188611818777073
