0.999991502239929 -0.0026116727482975296 -0.0031897669798564877 -0.007380765337350998 0.0026049571225867244 0.9999943858653777 -0.0021077087359034907 -0.009329283388336206 0.003195253717542159 0.002099381618886783 0.999992691448542 0.8603607288372688
0.9999745642578122 -0.0011550504795276933 -0.007038231012676715 -0.02300818403953742 0.0011295403502738547 0.999992783004796 -0.0036274063626882715 -0.016523356959222805 0.007042370055256066 0.003619364130991916 0.9999686521223015 1.736156560040303
0.9999403903236757 -0.0014309994317520964 -0.01082441868929109 -0.04218610341250712 0.0013763147414484912 0.9999862624277658 -0.005057737980550543 -0.020424350273032448 0.010831507608233723 0.0050425386834169715 0.9999286230759471 2.6592001683716413
0.9998758309458107 0.00011045611602593657 -0.01575787072769681 -0.06003404626695544 -0.00019862486212217714 0.9999843350523602 -0.005593764211419362 -0.03329064818740218 0.01575700601600834 0.005596199543908567 0.9998601898826041 3.5614383513642207
0.9998039367939369 -0.0008847169852970216 -0.019781436934724412 -0.08886895082561896 0.000772546560882611 0.9999835849470191 -0.005677412114433173 -0.04767427258921613 0.019786135124319464 0.005661016901738671 0.9997882084444091 4.482793219270389
0.9997057414242027 0.0008313001758107064 -0.024243339363714807 -0.12184165271285673 -0.000998134717880041 0.999975900537314 -0.00687037638494688 -0.06141927299016653 0.024237043767165945 0.0068925528364729635 0.9996824788025573 5.421260491512789
0.9995759465570554 0.0035227764251363897 -0.028905312847753786 -0.16580219440540803 -0.0037412078937065453 0.999964829586977 -0.00750619428085501 -0.07301077409458959 0.02887785359170746 0.007611152037922934 0.9995539704971375 6.389570071574637
0.9994419865825532 0.004040952369952293 -0.03315699262394486 -0.20807209512591882 -0.004237681788179193 0.9999738207289454 -0.005865143631192244 -0.08504101972372274 0.03313242383199121 0.0060023795861441215 0.9994329461901492 7.383000907207277
0.9992885971293114 0.00322146972366512 -0.03757554763611284 -0.24896386518396116 -0.0033461903199344585 0.9999890981434078 -0.0032567782659328197 -0.0954706924922568 0.037564646380300964 0.0033801963182915123 0.9992884826791377 8.404134667213691
0.9991615498686972 0.0029845131217661304 -0.04083246190729768 -0.30521175027291414 -0.0030035227782192484 0.9999954077203821 -0.0004042141309633664 -0.11313139343902506 0.04083106801083751 0.0005265164470015867 0.999165925492621 9.446026238742732
0.9990450961984301 0.004549737413365851 -0.04345337330220844 -0.36197150255993293 -0.004599249999254561 0.9999888830709102 -0.0010395354895644973 -0.12394892842088066 0.04344816062062957 0.001238395760301493 0.9990549152647343 10.527047774570834
0.9989525063486409 0.004380529616217692 -0.04554888604622753 -0.41624652507859367 -0.004441278088086137 0.9999893778373761 -0.0012325832054138888 -0.13410633743473285 0.04554300285131707 0.001433587351865344 0.9989613504628646 11.610597362507885
0.998868259734356 0.0009542173049511258 -0.04755301425353094 -0.4636460215508345 -0.0010379770394187589 0.999997953176128 -0.0017367346417198294 -0.14478812437996727 0.04755125969863719 0.0017841280461454094 0.9988672056826114 12.696998961929825
0.998768144076046 0.00047835746730199636 -0.049618197801076375 -0.5196151858629854 -0.0005166528908048629 0.9999995785100434 -0.0007589792630670757 -0.15532061653658538 0.049617813824106585 0.0007836796952961974 0.9987679702500735 13.811694673590035
0.9987100265535991 -0.0008583069929478182 -0.050769539789315456 -0.5815471470529413 0.0008135418827094423 0.9999992619206863 -0.0009023899833904064 -0.16960521794107125 0.05077027684500182 0.0008599227772891233 0.9987099876950764 14.927601286469237
0.9986076638067021 0.0013557351916365314 -0.05273419923175383 -0.650329915268453 -0.0015216597569882695 0.9999940173680912 -0.0031064094392361597 -0.18360205107171862 0.05272967227385474 0.003182327781730758 0.9986037524723118 16.065897439799723
0.9985396930522051 0.0019170320188228614 -0.05398894690073707 -0.7214196030877683 -0.002229496585451295 0.9999811098901229 -0.005727932252313116 -0.19766964602207676 0.053976946414069 0.005839935885815947 0.9985251045440284 17.21483113449179
0.9984261369809546 0.005627322474286122 -0.05579948239063103 -0.7958220177040486 -0.0060478440299513245 0.9999545501087947 -0.007370298453982823 -0.21011773244157012 0.05575547126409515 0.007696165180257397 0.9984147917902845 18.340158258460683
0.998357795469424 0.0066230858112328265 -0.056902082209467186 -0.8686910042244458 -0.007038134820679998 0.9999500489104518 -0.007096783935333571 -0.22463801609391856 0.056852237279476144 0.007485614090770163 0.9983545405806509 19.472735448292635
0.9982830352311907 0.005727962470078542 -0.05829384200364999 -0.9524875913101722 -0.006075916214045859 0.9999647588681985 -0.00579346733999244 -0.24051671463275828 0.058258602899185975 0.006137708660489504 0.9982826572272175 20.863006257796886
0.9982019602085835 0.006481757375935725 -0.05958887024491976 -1.0283356603963412 -0.006746231706310989 0.9999682624698889 -0.004238208431528615 -0.2602275486409458 0.05955950800259471 0.004632588289914078 0.9982140071809379 22.041901336007964
0.9981566820124638 0.006296290060015091 -0.06036219748612988 -1.1040701082833528 -0.0065685772448027735 0.9999691231872945 -0.004313521184029513 -0.2771309787751809 0.0603331745133094 0.0047020637496951985 0.9981672197831588 23.163660109682375
0.9980591621017494 0.006247871637771344 -0.061958639791050686 -1.1801449717966346 -0.006575076229490087 0.9999654878366678 -0.005078534054630659 -0.29479682755872655 0.06192477143547347 0.005476060222971697 0.9980657971532233 24.28662577586568
0.9979962938396137 0.004376485236368016 -0.06312086706768585 -1.2542059980842462 -0.00475161105479574 0.9999719249744294 -0.005794087961924373 -0.3078312439067042 0.06309373720730578 0.006082404121928521 0.9979890704237765 25.42973600574998
0.9979588390282805 0.004438680378124848 -0.0637059943948198 -1.3309821906408565 -0.004709766864872608 0.9999804803401443 -0.004105731940234535 -0.31950601872589046 0.06368652684367795 0.004397391861932432 0.9979602643609627 26.552901406246136
0.9979544162676337 0.005705289397422887 -0.06367442755787925 -1.406186638302362 -0.005750346068846774 0.9999833291390544 -0.000524370150142364 -0.33801049172069997 0.06367037436689418 0.0008894475012871774 0.9979705868967894 27.679173099991782
0.9980006576999265 0.006228788081191865 -0.06289586178405696 -1.4921732393287852 -0.006035857631870756 0.9999764799168847 0.0032569979546383373 -0.34648624595572747 0.06291466961820104 -0.002870855633493829 0.9980147807195865 28.862726436003673
0.9981075185391113 0.004946524877731502 -0.06129366465905929 -1.5703562431142937 -0.004589196646162275 0.9999716536737403 0.005969181111409063 -0.35188857494607056 0.06132145391171101 -0.005676595866534521 0.9981019264331283 30.0646446003865
0.9982055192816602 0.005151462519866376 -0.05965906225832528 -1.6455834895841164 -0.004754436323081836 0.9999656113529909 0.006794957445181628 -0.3597880005680728 0.05969201463249583 -0.006499118812462203 0.9981956846449375 31.284814476639372
0.9982955981081493 0.005713369314957491 -0.05807974009038896 -1.7301139467997022 -0.005492529470338109 0.9999770699137585 0.0039612834669834505 -0.371927720220129 0.05810104059234833 -0.0036355271638719997 0.9983040879533283 32.52635188748549
0.9983465115343123 0.00694426551497408 -0.05706154645407558 -1.8139928960505878 -0.007001901782361409 0.9999751581658876 -0.0008101990695850532 -0.38305924433483546 0.05705450270314561 0.0012083987585898089 0.9983703338409733 33.820203499394424
0.9984235423442938 0.006362444285768249 -0.0557669202609133 -1.8847623126510857 -0.006584505006055224 0.9999711051311863 -0.0037991047015864007 -0.39408953594789264 0.055741137291069 0.0041603131395251715 0.9984365865732678 35.02209800434887
0.9984782314680511 0.0036030445279694565 -0.05502944079824093 -1.9524632523173102 -0.0037672363975780857 0.9999887559307429 -0.002880267696554751 -0.4014276002923526 0.0550184443106347 0.003083193508124189 0.9984805780301531 36.19796299029174
0.9984668099888157 0.0015400324893279356 -0.05533224783699433 -2.017281185625029 -0.0014213755840195822 0.9999966054926475 0.0021837341012831374 -0.4148251250401766 0.05533542303273668 -0.0021017381158874105 0.9984656096504677 37.36263853985635
0.9984250037443823 -0.0020136243312749756 -0.056066542742412795 -2.0814735147029553 0.0023299013197561487 0.9999817380211822 0.00557630558433251 -0.42858146547901055 0.05605429027179405 -0.005698152435846553 0.9984114620741004 38.55278812472171
0.9983190507598505 -0.0096549626087779 -0.057147656005981345 -2.1407715806189938 0.00995002650731353 0.9999385850614319 0.004880889041927141 -0.4354963953491503 0.05709702148500146 -0.005441305207291043 0.9983538061905618 39.77734131708955
0.9982069183784875 -0.011984968864303051 -0.058645618955291155 -2.213415512511439 0.012064489988212579 0.9999267192875809 0.0010020659128456189 -0.4443778235050997 0.05862931163378887 -0.0017077986096122313 0.9982783616012401 40.98878062808034
0.9981364777613149 -0.011767232666856692 -0.05987573797127198 -2.2952271483403917 0.011619054903022763 0.9999285134606065 -0.002822327340340082 -0.46036112892278996 0.059904668644447066 0.0021213683837294764 0.9982018485610906 42.19818681804682
0.9980137416830738 -0.010553603182761903 -0.0621063029942625 -2.3744583438583575 0.01036228079816787 0.9999405234787163 -0.0034018585751207633 -0.47606832363223234 0.062138510992896724 0.002751538654270467 0.9980637426971382 43.37301298816408
0.9979488889656556 -0.010575632786009795 -0.06313613072870336 -2.442716837993019 0.010483397773851797 0.9999434419671558 -0.001791992742055221 -0.4990554526186377 0.06315151133054354 0.00112643599363792 0.9980033155048234 44.52776029622712
0.9978766098643884 -0.00795252952245193 -0.0646454078783049 -2.522371023995602 0.008037523254758124 0.9999671422643749 0.0010548040310734597 -0.5134527053478528 0.06463489541638637 -0.0015721532397337747 0.9979077405395265 45.71516883241149
0.9977967550553112 -0.008130079864242006 -0.06584479783928436 -2.6110736067237985 0.008303087653202547 0.9999627573660532 0.002354276172662541 -0.5244034965574724 0.06582320515227542 -0.0028958042535533754 0.9978270992417503 46.92790008708448
0.997744816843847 -0.006792248753367725 -0.06677683593967243 -2.6976017231529386 0.0071370659098944226 0.9999623951553941 0.004926516546148002 -0.5299131305540221 0.06674086268126522 -0.005391997028369974 0.9977557735320832 48.17608858640937
0.9977491019670691 -0.007327061334547134 -0.06665616022626838 -2.7825985361190173 0.00788122343795344 0.9999365029956763 0.008054582167504818 -0.5375065493757198 0.06659291134220945 -0.008561784216606833 0.9977434940955496 49.4186270641832
0.997750053471609 -0.0015954416377019455 -0.06702451315291774 -2.8855518206901483 0.00229178689582273 0.9999441849887476 0.010313807250811102 -0.541679353577934 0.0670043171014314 -0.010444207636935097 0.9976980204533867 50.68678990294647
0.9977394315361597 -0.001548403658119939 -0.06718354861136681 -2.9793910169470594 0.0022204636106726346 0.9999482327600868 0.009929820810403224 -0.5526683903789028 0.06716469533362095 -0.01005655239555473 0.997691219493615 51.97540987276432
0.9977445572885624 -0.0013048522932445615 -0.06711256038586753 -3.170819912518432 0.0018662595983226274 0.9999637867738819 0.008303144942937685 -0.5675645995077199 0.06709929564582351 -0.008409667135181766 0.9977108609324191 54.890829936771986
0.9977562428762565 0.0007215488704359042 -0.06694743586341767 -3.3052706197876573 -0.0003060233694877697 0.9999806287467897 0.006216790238270153 -0.5812725268708314 0.06695062472566038 -0.006182353790984253 0.9977371358982516 56.65084172301653
0.9976789386952101 -1.8424668007276405e-05 -0.06809357491373934 -3.392804561013939 0.0004550112674783401 0.9999794414531274 0.006396064089109141 -0.5907895149593019 0.06809205716343078 -0.006412201776077134 0.9976584362494183 57.89927229358496
0.9975897131563908 -0.0025132842645221036 -0.06934297085327287 -3.47894612820516 0.003051819985986196 0.9999659939627378 0.0076614171587890065 -0.5958769882406459 0.06932135745443348 -0.007854573210145004 0.9975634591745834 59.133829866515235
0.9975387825380948 -0.001723691657219484 -0.07009569330199987 -3.5795283633365385 0.0023345087549098424 0.9999600093760882 0.008633059564317862 -0.6071633473549254 0.07007800939874431 -0.008775450737063057 0.9975029143130713 60.3993688835314
0.9975142213761616 0.00047825978141192906 -0.07046381638751492 -3.680778501119 -0.00011814767969701165 0.9999869129839043 0.005114675164793204 -0.6188382942243642 0.07046534036984274 -0.005093636078191907 0.9975012233967762 61.684373206748255
0.99746667517189 0.001391130658228743 -0.07112170327704985 -3.771414723362515 -0.0013228149954087817 0.999998617413126 0.001007636997223781 -0.6336126895799057 0.0711230066998364 -0.0009110034698071 0.9974671362960551 62.86698940161288
0.9974077556036147 0.0016821273930107722 -0.07193705240831268 -3.8589808659152443 -0.0017042099947542425 0.9999985176746405 -0.00024559480558181785 -0.6410127437864911 0.07193653265244639 0.0003675540075307899 0.9974091438191224 64.06286074918819
0.997405978091087 9.824151534244797e-05 -0.07198128379495214 -3.9584885613177256 0.00014032137838776763 0.9999945148344169 0.0033091707394651785 -0.6522495365401244 0.07198121406364041 -0.003310687191026809 0.9974004933687608 65.25022377963548
0.9973832031905618 -0.0012394123626559934 -0.07228561302453072 -4.034430431507136 0.0017068276358545697 0.9999780322919162 0.006404816390956751 -0.6714904689899054 0.07227608686667046 -0.006511435369844746 0.9973634084307815 66.40369432238813
0.9973794263682304 -0.0028736128444993535 -0.07229123187913089 -4.125033284416012 0.003396530589233727 0.9999689438996562 0.007111597299859636 -0.6867352223515504 0.07226855081803471 -0.007338500215906615 0.9973582119666147 67.59073239464917
0.9973560995718543 -0.006078787906043586 -0.07241449429784662 -4.2096668697880455 0.006529176731787489 0.9999607770181007 0.0059845030331412315 -0.6991663656476362 0.07237527546078681 -0.006441487634223223 0.9973566697721702 68.79975590602444
0.9973048256381936 -0.008810279749777656 -0.07283861427501885 -4.295335763605703 0.009179495739183618 0.9999466533303569 0.004735752462419394 -0.7087666483513837 0.07279300527350704 -0.005391610533184409 0.997332496672554 70.02061015454318
0.9972188758184608 -0.010281415729618468 -0.07381602943780145 -4.392312494350983 0.010746400687841322 0.99992482112364 0.005904826255226047 -0.7188442286118105 0.07374977005811066 -0.006681660829663977 0.9972543942369636 71.28332810281432
0.9971072308842732 -0.013073531722387014 -0.07487491493553233 -4.480568117503472 0.013870363526896752 0.9998524663453198 0.010132056000828138 -0.7326307204508138 0.07473140661014908 -0.011141288591351533 0.9971414586479656 72.50547953243495
0.9970361453068192 -0.01409660918729153 -0.07563207362714927 -4.611501659777099 0.015279097653694928 0.9997695607502043 0.015078944665422662 -0.7348143163858193 0.07540208303893779 -0.016189842703208612 0.9970217725138373 74.36001623680816
0.9970310909666378 -0.011958708603237283 -0.07606571457904852 -4.713605362139575 0.01331928381623935 0.9997598070323979 0.017404738468453265 -0.7421624926904049 0.07583930593367214 -0.01836620622435448 0.9969508925440724 75.6072234302095
0.9969412626907961 -0.010732943892251937 -0.07741396941049786 -4.822470761701353 0.01180871782272998 0.999839785928722 0.013452013134860599 -0.7500367368949379 0.07725718690107146 -0.014325026680707214 0.9969082809781096 76.90765108494232
0.9968504017511952 -0.009435815585913901 -0.07874161487239163 -4.928667450230178 0.009912617445833796 0.9999348127802651 0.005666586755587982 -0.7504103031836798 0.07868301305781432 -0.006429274789163138 0.9968789534752095 78.17666120107538
0.9968153582303582 -0.007592637845609619 -0.07938194660393723 -5.0326033273956226 0.007690525959135453 0.9999699973552189 0.0009274696034306199 -0.7625596987194954 0.0793725229947805 -0.001535004866035793 0.9968438425117067 79.36561347295849
0.9967533099804111 -0.002965628665823045 -0.08046144474041071 -5.1383673812005 0.0031313060874414286 0.9999932292141261 0.0019329894153460188 -0.7770567092805489 0.08045516742437742 -0.002178663009623258 0.9967558474682785 80.5055926058518
0.99669200761002 -0.0002158523216708474 -0.08127112263336646 -5.244913405071714 0.0005627727854083239 0.9999908281996703 0.004245798313265195 -0.7941038601603927 0.081269460765435 -0.004277490420813173 0.9966829876257525 81.63175131505191
0.9966096262032424 0.002452272488545995 -0.08223891608404509 -5.35079912299958 -0.0019889743871060687 0.9999816911294189 0.005715014157752681 -0.806965093396532 0.08225142515436552 -0.005532067025789646 0.9965962569137509 82.74943769321888
0.9965189848456458 0.0031834919316969324 -0.08330533128994767 -5.4474036359549665 -0.0027358878134593366 0.9999812055683246 0.005486659090970361 -0.8171797627534527 0.0833212323485397 -0.005239645906855517 0.9965089655144566 83.87354600672369
0.9963774267006218 0.005061338331878607 -0.08489055551556542 -5.550551830573213 -0.004530220954449165 0.9999689499445262 0.00644796440230112 -0.8318090789559567 0.08492055498850053 -0.006040033205190466 0.9963694181072231 84.98570974879442
0.9962796847823817 0.005965266288705015 -0.08597211924820523 -5.657122870912495 -0.0053703702455583325 0.9999600228028949 0.00714926006286617 -0.8487216810089 0.08601132956389193 -0.0066609604507012875 0.9962718920016398 86.08789453258022
0.9961506151624749 0.005878912417458004 -0.08746079293154932 -5.7464373918656895 -0.005222932309105773 0.99995650451766 0.007727227892607708 -0.8641276458599899 0.08750241647818656 -0.007240681017539367 0.9961379922725975 87.15097617500042
0.9960372304016215 0.005524257211087104 -0.08876552391631244 -5.8518771631213475 -0.004769106989036154 0.9999506328287958 0.008717082298837922 -0.8681939290411601 0.0888092972182465 -0.008259206229622534 0.996014404634822 88.23815734405149
0.9958996327650427 0.008282637818377318 -0.09008506740424514 -5.952213859827941 -0.007272580790202682 0.999907025428768 0.011534733062792337 -0.8786920534791356 0.09017222980002088 -0.010832285490589231 0.9958672755763911 89.26552211030791
0.995800612994654 0.009843558943879581 -0.09101781972117547 -6.060609547463838 -0.008455183150897747 0.9998421421120787 0.01562692338881179 -0.8810524696692342 0.0911572763818818 -0.01479172755406107 0.9957266471068277 90.30138865165944
0.9956122133580515 0.012988243325760644 -0.09266944559885733 -6.164401357578389 -0.011404949842882543 0.9997801546587416 0.017594586372222696 -0.8938235428615874 0.09287759542198544 -0.016460494702145095 0.9955414629149264 91.36957555605471
0.995449029585077 0.015880797762457943 -0.09396291694367366 -6.294629910199914 -0.01468173721530306 0.9998019055838127 0.01343860793771864 -0.8989714893466932 0.09415771922936779 -0.011997910376025678 0.9954849943902386 92.56184895958803
0.995285637043764 0.015710852876754566 -0.09570616383640594 -6.385519742833793 -0.015166655555498239 0.9998644268799729 0.00641096086636243 -0.9181325551898942 0.09579391031614036 -0.004929194848495012 0.9953889841587005 93.59942755008312
0.9951681330708994 0.015003283676366823 -0.09703240901428026 -6.489152267330782 -0.01502138583877021 0.9998870246421859 0.0005439849865149253 -0.9254992921221673 0.09702960830422216 0.0009162047312205272 0.9952810737079354 94.5615363837442
0.9950926963063789 0.015729162364205077 -0.09768888989556535 -6.580679710245332 -0.015848480593154628 0.9998743056895434 -0.0004455162492729035 -0.937134607049313 0.09766960336049138 0.0019915504414141512 0.9952169021405556 95.46864728617825
0.9949800712309821 0.01849615121111986 -0.09834912426439213 -6.67593219101198 -0.018260220270693458 0.9998278270761171 0.0032985693718647576 -0.9560134462336991 0.09839320204599016 -0.0014861341160804934 0.9951465063981919 96.3398673223576
0.994860749833739 0.018917879735572102 -0.09946960473716929 -6.773701060817486 -0.01845884982458279 0.9998143102356641 0.005533164657031922 -0.9734849642748357 0.09955580999324748 -0.0036686338436941034 0.9950252166765974 97.2123978487396
0.9948034994403319 0.015762453268277837 -0.10058599588532387 -6.863666423786074 -0.015624526786408506 0.9998755988465794 0.0021589335053267093 -0.9856906781008326 0.10060751295990632 -0.0005761060191099942 0.9949260256108882 98.09651504727813
0.9949078036697394 0.007753149911735013 -0.10049055111555616 -6.936038628030416 -0.008092222454579984 0.9999628557962078 -0.0029669788715204408 -1.0011426258516887 0.10046381504207197 0.003765062326809549 0.9949335888253387 98.92961626433262
0.9950575176092729 0.0037574002581149237 -0.0992291216960943 -7.013308635223222 -0.004546904237137687 0.9999597745855592 -0.007731421126941546 -1.0138789739906193 0.09919608011981293 0.008144394028053906 0.9950345755473929 99.69568474083445
0.9953488354036292 0.006441272230092257 -0.09612078793218135 -7.082976220984391 -0.007231932280312297 0.9999428040417743 -0.00787958124224251 -1.0250342709531328 0.09606453568377116 0.008538071041990312 0.9953384883177903 100.42513508506951
0.9956919974555355 0.01136786912459513 -0.09202291972426234 -7.162536792525421 -0.011883491039634854 0.9999166003400982 -0.0050571736174558 -1.0327464393231598 0.09195775575623198 0.006128940842628461 0.9957440470524668 101.12882368910255
0.9961234060135458 0.009835970267542758 -0.08741517992245121 -7.216287083483475 -0.01004604545726719 0.9999476093039987 -0.0019635727319423603 -1.047194125314747 0.08739128653732586 0.0028341376288540296 0.9961700310194297 101.80765223220433
0.9966465759131692 0.00598605761952112 -0.08160741286634188 -7.259483701731739 -0.005797170879513923 0.9999799415738121 0.002551325109495399 -1.0660476291444507 0.0816210483291875 -0.0020696773169985414 0.9966612869503098 102.47294777928306
0.9972917511057369 0.0015899730232275151 -0.07352982498445501 -7.291911177050197 -0.00113864428462317 0.9999802581430792 0.006179547983377881 -1.083655358273049 0.07353819868376148 -0.0060790879144168655 0.997273873128378 103.15313094517549
0.9980031016729279 0.0054269892083519495 -0.06293136610112392 -7.335017345768283 -0.005051695634124167 0.99996850564109 0.006121118944329271 -1.0967454598448125 0.06296260336454851 -0.005790985584766921 0.9979990857027453 103.84746881802182
0.9988163207603407 0.010592360054763933 -0.04747377477357325 -7.378450131815945 -0.010337036444725174 0.9999307754630302 0.005620494589319155 -1.104090556052546 0.04753002272587354 -0.005123103586553964 0.9988566717749445 104.50676487758734
0.99945372636556 0.015722301719942343 -0.02906988274191544 -7.399584361891828 -0.015546468347676475 0.9998595198639393 0.006264811198465826 -1.1108500945025337 0.02916429625271453 -0.005809454885365406 0.9995577492361402 105.14021408856006
0.9998734680237746 0.014246188079039677 -0.007077716251127855 -7.38574101564268 -0.014198312583626064 0.9998762861261168 0.006769073969630182 -1.1169861470947586 0.007173274140325546 -0.00666772583761178 0.9999520416351285 105.77268457978961
0.9997546196212409 0.010878402650796544 0.019296655196193904 -7.350867075932793 -0.011027105732491107 0.999910191408838 0.007616564572680238 -1.1226880645489772 -0.019212066134538262 -0.007827481874312349 0.9997847903635808 106.40293320226421
0.9987703315999629 0.009673022612352374 0.048623629535929934 -7.293975113123059 -0.010134523569247371 0.9999058255476776 0.009253727239670221 -1.1343673805064327 -0.048529538919409795 -0.009735125543255218 0.998774304426644 107.00052350542661
0.9966085550478807 0.009092943256914905 0.08178451190969913 -7.218323577310743 -0.010020796382924729 0.9998899243635253 0.010941791267446419 -1.1465021781538924 -0.08167601634037235 -0.011724228725809194 0.9965899712597714 107.61572968900144
0.9928473947532137 0.00910361810771562 0.11904274387425735 -7.111875725183616 -0.010545493141537068 0.9998784026696973 0.011487926230598732 -1.1526444802399542 -0.11892368690115733 -0.012661122068242903 0.9928226693029367 108.22305380929369
0.9869323942825915 0.009269775141792934 0.16086802163406777 -6.973382166894226 -0.011264029518538655 0.9998705504702771 0.011489296812858044 -1.1594387749673734 -0.1607406941463275 -0.013151181356412469 0.9869090513691153 108.86750257922724
0.978519480021037 0.008918532768682493 0.2059613725741316 -6.80433150954496 -0.011523181134213863 0.9998680457703709 0.011450211520798358 -1.1672712270916692 -0.20583207601322412 -0.013577585226285601 0.9784931301054232 109.47813460276122
0.9667735984533223 0.011034592333991237 0.25539586352492694 -6.617020383219745 -0.013900226874518041 0.9998590319103202 0.009418067751835141 -1.1802013858941722 -0.2552559363197188 -0.012655199696728939 0.9667906975629105 110.06066743972866
0.9513541015407684 0.011997677686674226 0.30786592733150975 -6.377112015998302 -0.014718573596582631 0.9998704358547587 0.006517291989796902 -1.1904697740903232 -0.3077478465771035 -0.01073159977474121 0.9514074288618045 110.62117906174004
0.9316240873776392 0.012100929061841776 0.3632218706708438 -6.11464986693013 -0.014633884340578496 0.9998840026593399 0.004222636028243356 -1.1994438273051644 -0.36312864008074575 -0.009249256281506019 0.9316931050573181 111.14557268671727
0.9074869352871625 0.012660297035678914 0.41988948446238605 -5.818903451911442 -0.015069514783587076 0.9998835173824471 0.002421030994366585 -1.208728176298488 -0.41980992366463327 -0.008524584790892343 0.9075720133668937 111.65100818834152
0.878370133043319 0.012670111458382621 0.4778131200093824 -5.487857521345604 -0.014611296533985253 0.999893189411959 0.0003460941469600213 -1.2166511517948009 -0.4777576994576455 -0.00728546794619716 0.8784614405685331 112.1498841286499
0.8450722981532627 0.011050127768452777 0.5345378429730397 -5.077854224987406 -0.012212884638523639 0.9999244911221533 -0.001362902377657608 -1.2372669902965276 -0.5345125408657617 -0.005376497966709896 0.8451434416280118 112.66156477226826
0.8084827647164465 0.010499868897515134 0.5884261822094526 -4.687516267994702 -0.011355231826302397 0.9999330160967477 -0.002240988579782688 -1.2575610450968868 -0.5884102972132832 -0.004869915068974159 0.8085478378306357 113.08035691823407
0.7686225445989844 0.009016467367292728 0.6396390288673783 -4.277638926405295 -0.01060996061249287 0.9999428069950891 -0.0013459103111239624 -1.2697542444021443 -0.6396145813456613 -0.005752047894358467 0.7686742491296522 113.4814487495405
0.7258362612948397 0.008347261868511998 0.6878168688021787 -3.8527240524472477 -0.012376709930310656 0.9999229769189566 0.0009258946024150094 -1.2842325519805695 -0.6877561623430439 -0.009184957746909613 0.7258836667885255 113.84992765074915
0.6808808343858327 0.006824935373901905 0.7323624168560268 -3.3886855345733067 -0.011548836682199033 0.99993230372217 0.001418571162693346 -1.2975541659399406 -0.7323031569898778 -0.00942381186134241 0.6809135613517033 114.18896679707726
0.6347844746308297 0.005155658093478816 0.7726720455389152 -2.8622541901095504 -0.00805709431468157 0.999967539682834 -5.3026840832514255e-05 -1.3055676671244838 -0.7726472377475162 -0.006191830929926509 0.6348054089489686 114.5154961993478
0.588251344980807 0.002491189705565431 0.8086743158417541 -2.3129641055889154 -0.002578884792832307 0.9999959491108787 -0.0012046223640388557 -1.315721252542078 -0.8086740409346014 -0.0013768571696392458 0.5882553865310848 114.81144732300599
0.5418420594840788 0.004712591617398379 0.8404671165811938 -1.7650908145781998 -0.004672200807765783 0.9999857184108417 -0.0025949015292334697 -1.325536668102726 -0.8404673420863322 -0.002520804352233374 0.5418563392927618 115.08609756322352
0.49422040969618 0.007497028154236959 0.8693043087484387 -1.2050596571707108 -0.008894740405225646 0.9999540793539854 -0.0035669001147622817 -1.3407803183840934 -0.8692911308835856 -0.005969401323398708 0.49426439889493945 115.36040796841793
0.4488218276620161 0.009408560978233577 0.8935717352258027 -0.639053103620262 -0.009767484378528785 0.9999364898786695 -0.005622495711183465 -1.3576022615289238 -0.893567883970234 -0.006204449163798146 0.4488852209056684 115.58663164182444
0.40661094955945287 0.006923895744692259 0.9135751722579167 -0.06032846385379098 -0.0023859232489069626 0.9999759190554025 -0.006516799792405696 -1.3598393955986663 -0.9135982941471645 0.00047008190856409095 0.4066176778675376 115.76876957101865
0.3671742856210288 -0.0007131692259524543 0.9301518883324097 0.5157521197042395 0.012998985536113481 0.9999059836662098 -0.004364653883455023 -1.3596412082304572 -0.9300613261251742 0.013693619614461895 0.3671490357172888 115.91025129958494
0.3317848514746647 -0.004452336620604061 0.9433445759798256 1.1074907291280973 0.016963042523288892 0.9998553395770218 -0.0012470395552011404 -1.365492504126396 -0.9432025591145767 0.016415742990063865 0.3318123805131389 116.06158035401886
0.2985473389850812 -0.00024749390252713343 0.9543947952140668 1.7073449135842897 0.014005099471596723 0.9998934287593496 -0.004121688081689523 -1.3737928362690797 -0.9542920640840084 0.014596913051060473 0.2985189886014989 116.22292588805365
0.2673592808013138 0.007392118170668339 0.9635685609017972 2.304915792049987 0.0024489615449019685 0.9999621324513014 -0.008350823359249585 -1.399434687047093 -0.9635938031954933 0.0045924124789510305 0.2673310535475954 116.38504684237753
0.23928046771534708 0.011694490405111644 0.9708800629656037 3.2502051390075857 -0.0024425505217952103 0.9999315499328325 -0.011442438370028202 -1.4414879496475512 -0.9709474196458179 0.0003665284005853692 0.23929265333490374 116.58967195048366
0.2137529341534686 0.013352666306570681 0.9767964933614849 3.978858963871425 -0.0011812889260508401 0.9999093825934792 -0.013410114018186346 -1.4649392525545388 -0.9768870393741822 0.0017125723381049202 0.21374933777378285 116.71458465609425
0.1903683132126813 0.01472426077448916 0.9816023132965858 4.865260132900561 0.006532009723022196 0.9998463840707057 -0.01626471978526444 -1.4821950292925763 -0.9816910095205801 0.009508123124990393 0.19024289059279784 116.83760588385128
0.17023569759529447 0.021055873905852857 0.9851783886374639 5.533672136425628 0.013402075695761375 0.9996297388514896 -0.023680573699291933 -1.480076674633984 -0.9853122305296362 0.01723471432150165 0.16989047351446082 116.91204337579197
0.1504697130392851 0.027918039694195682 0.9882203441123409 6.121646150089427 0.015679275452481517 0.9994080674290196 -0.03062148068035544 -1.4774370578499434 -0.9884902760164911 0.02010218439389324 0.14994291048073444 116.98461319994395
0.13284023771687914 0.028759461689748606 0.9907201242564138 6.676787484903282 0.012780252090730547 0.999446123316824 -0.0307264014074092 -1.492620672641424 -0.9910550622441814 0.016743355406499648 0.13239910743623334 117.05048985273655
0.11756247092563225 0.024354253196325844 0.9927668083599057 7.2369477951118 0.011057063513969439 0.9996051627259621 -0.025831376231867535 -1.5168023208823718 -0.9930039308967032 0.014013886071822617 0.11724676635565742 117.10513492446725
0.1031655965043091 0.02103619492243991 0.9944417218726794 7.836754919354968 0.011237234113091276 0.9996878797816919 -0.022312946624189853 -1.5409797395072387 -0.9946007159998402 0.013476702888760647 0.10289700778861584 117.15538406542989
0.08977168522589947 0.018653823958673377 0.9957876678205174 8.46582202484655 0.0133845938971601 0.9997117031420684 -0.019933972182527956 -1.5585081650988892 -0.9958724301726137 0.015117719817647807 0.08949613047280322 117.19795635242103
0.0782384765363447 0.017950179165640345 0.9967730593556376 9.11404568907585 0.016955133364009063 0.9996693212391266 -0.019333174232210024 -1.5752740188580308 -0.9967904816168126 0.018413018253564253 0.07790825705221126 117.23385786996319
0.0681561252950102 0.018549592121652532 0.9975022081263256 9.774745443381324 0.02011406868521005 0.9995983727348977 -0.01996290226023068 -1.5933457424405295 -0.99747188773704 0.021424421995600133 0.06775564416679188 117.26545544215752
0.06028304993413135 0.01907586516324389 0.9979990306903693 10.443112137161018 0.021916312176490815 0.9995510574425082 -0.020429361862950197 -1.611960207465719 -0.9979406942054311 0.023104002549750417 0.05983791369156758 117.29852617403202
0.054580666900401614 0.01949278661721508 0.9983190782863999 11.140262014739085 0.023596466108308792 0.9995050356118803 -0.02080602253373772 -1.6299678407387121 -0.9982305132522763 0.02469240888149762 0.05409369053523782 117.32986303219576
0.049163858107049783 0.02067107906923994 0.9985767980211372 11.868694678007953 0.025029721655478922 0.9994463295639147 -0.021921390353925915 -1.645087423701396 -0.9984770543632312 0.026071839430956496 0.04861924617687186 117.35873313020075
0.0431071830395939 0.021384133696319026 0.9988415738226223 14.320231545387506 0.025802727849206963 0.9994135886904577 -0.022509952829388998 -1.6933314247182543 -0.9987371976680985 0.026743177950646273 0.0425301355178811 117.50484027267707
0.038908719714299135 0.02129540178934574 0.9990158243956039 15.085224564542333 0.028764748795173555 0.9993346890195519 -0.022422500951640605 -1.716201997609484 -0.998828664364885 0.029608870035962163 0.03827027643287652 117.52563135707588
0.035912637275376164 0.021254360615667534 0.9991288879012307 15.86274638877304 0.030325064233465503 0.9992902313741374 -0.02234779540445492 -1.7366054627155931 -0.9988947256659026 0.03110121597337863 0.03524260776125604 117.54996419444531
0.03286511985172527 0.020775879017264444 0.9992438374832219 16.64890074696893 0.03135637082665416 0.9992703340220076 -0.021807740646556894 -1.7579267282492794 -0.9989677982326098 0.03204937432441489 0.03218968312519303 117.57389716828696
0.030469892788886316 0.020081488266749183 0.9993339379118623 17.47049414798691 0.03324258720754532 0.9992247101516812 -0.02109286651970343 -1.7799337258581172 -0.9989827406062519 0.03386314296195784 0.02977870916536426 117.59587623611446
0.029683086997455664 0.019604063763939614 0.9993670972321653 18.31033694402314 0.037395071206873215 0.9990859500059718 -0.020709252764866116 -1.804383531144581 -0.9988596112546192 0.03798611831427175 0.028922859811567517 117.61719222223347
0.030790340384829622 0.019096869240676023 0.9993434167112895 19.208856344214936 0.041238523420096734 0.9989418719879385 -0.02035977837169155 -1.8297027263752959 -0.9986747914737365 0.04183833140098876 0.029970233573736606 117.63890644662173
0.033375894354627476 0.019012293209257018 0.9992620188834144 20.12101622404567 0.043215871642820626 0.9988564798253831 -0.020448010880690613 -1.8538658720923833 -0.9985081061835075 0.043866449796524376 0.032516095523121395 117.66898341073599
0.037145998127891426 0.018906064525052724 0.9991309901846007 21.02769134908913 0.04576563689429757 0.9987397760543187 -0.02060015064531499 -1.8795718722141495 -0.998261329163229 0.04649107926393027 0.036233937767411975 117.70279997278286
0.04153338699062592 0.018468427645554127 0.9989664133219851 21.98191971394248 0.046231470729658115 0.9987227141367538 -0.020386058507445824 -1.8984133920454658 -0.9980669460909194 0.047030388554607096 0.040626514410453125 117.74100179927015
0.04548139692688125 0.017013993907250016 0.9988202874115578 22.965695494827933 0.04775025107505601 0.9986750308997963 -0.019185832781995957 -1.918971520088319 -0.9978233090361461 0.048566517978889084 0.04460871300045972 117.78649807292007
0.0491889741377247 0.015432817209730732 0.9986702523737515 23.996643845298713 0.04743509398414616 0.9987162469183689 -0.017769918401087274 -1.947819469924377 -0.9976624462622563 0.04824610133717741 0.04839377050581078 117.85139393671307
0.05309950428185117 0.013405173819268599 0.9984992458484384 25.01199807810488 0.044182190408752806 0.9988991703978356 -0.015760121483631602 -1.9726679473348905 -0.9976113354887777 0.04495273844127129 0.0524487808335335 117.9217039702891
0.0571966909198326 0.012288967945382194 0.9982872932250824 26.013708164038118 0.04323240244835253 0.9989557961637455 -0.014774189973720734 -1.999036254130019 -0.9974264373508258 0.04400339279729804 0.056605684307864786 117.9809992802566
0.06129000813172882 0.01320297994966052 0.9980326729239202 27.019367591054554 0.040406830372657694 0.9990599888205766 -0.01569798703795199 -2.026049276067216 -0.9973017712620611 0.04128946667441181 0.06069890426765991 118.05043246726723
0.06444583022746367 0.017141411091541086 0.9977739759044064 29.792766815613955 0.0383785818589954 0.9990701953238735 -0.019642537259435072 -2.120822908743673 -0.9971829418019453 0.03955902983247768 0.06372804514440739 118.26037477477597
0.06607164640343977 0.022380384643014076 0.9975638605747368 32.551434326575205 0.0331097875336326 0.9991487096248376 -0.024608901326111765 -2.191060671928949 -0.9972654007389471 0.034655078101652685 0.06527439046633572 118.4494592474179
0.06621813318110027 0.02575497639948382 0.9974727264585609 33.58716335965065 0.031389786108950324 0.9991182683783586 -0.02788130414171324 -2.207916008665013 -0.9973113055440816 0.03315670344396132 0.0653513033587291 118.51755407923622
0.06669758684161871 0.02521167251777085 0.9974546623673501 34.58023463885 0.029462951043033873 0.9991950215997368 -0.027225784214891732 -2.244078300281163 -0.9973381404645749 0.03120385199197497 0.06590108645175896 118.58095123606499
0.06637202282749277 0.023482827013589756 0.997518576980519 35.589926991756975 0.026301782713448088 0.9993344581508513 -0.025275620238015446 -2.2848140516511375 -0.9974482296399538 0.02791411090778207 0.06571020925508099 118.66578299307662
0.06627438534604083 0.02225454049033222 0.9975532272889361 36.60469192984012 0.027210077035351388 0.9993391309823237 -0.02410213673518632 -2.3244690338232092 -0.9974303572454226 0.028740854459040604 0.06562503889697326 118.73286997575387
0.06684744503803947 0.021476900493339144 0.9975320354941433 37.607901898449775 0.02445970652700956 0.9994325786121143 -0.02315693341809339 -2.367784457286686 -0.997463353636862 0.025947322673387375 0.06628419568482394 118.80160906945098
0.06691461986363027 0.021719788724513477 0.997522272646717 38.64947044002295 0.022669535588180162 0.9994718592034287 -0.023282929726198897 -2.410874244247689 -0.9975011407535929 0.024171335051701777 0.06638690199953654 118.886762633987
0.0672864595209999 0.022416960623064718 0.9974818355446656 39.69657932338101 0.020293252340105955 0.999510002925723 -0.023831448987825903 -2.445283675431577 -0.9975273010171637 0.021845684421020296 0.06679857631407549 118.96127983939142
0.06626921371916922 0.023544227607647253 0.9975239649549302 40.74927891556162 0.017102990248874923 0.9995478994085183 -0.024728212886155884 -2.492637021059044 -0.9976551904528875 0.018699361870282833 0.06583657667326025 119.03410135952367
0.06367901576869402 0.02332478548319275 0.9976978186469568 41.91065239155438 0.014227388114133939 0.999604015596989 -0.02427742634221843 -2.5291576647985012 -0.9978690116333796 0.015740596701378298 0.06332194909590357 119.11301484306146
0.0595700596142821 0.021921205805934926 0.997983401031083 42.97258438685171 0.010988718492073293 0.9996838667386199 -0.022614478733793048 -2.5746795661045137 -0.9981636419262373 0.012313704500004486 0.05931034157744874 119.18584390658808
0.05468627513977909 0.019472682759725784 0.9983136911499702 44.04187587860988 0.00887995150704423 0.9997607977185924 -0.019987341151186864 -2.614640421162982 -0.9984640993909423 0.009958010403730476 0.05450027757938684 119.25177108803997
0.048327076725613066 0.01743570087362974 0.9986793729672225 45.130720441345076 0.006801298311081963 0.9998187067156461 -0.017784713737186746 -2.650742364385673 -0.9988084080525337 0.007651799557988436 0.048199729948247144 119.31629639728575
0.040862449671850674 0.017382670198280912 0.9990135649647585 46.21778584243474 0.005567791212704752 0.9998291719992356 -0.017624599862470388 -2.6976061583315865 -0.9991492680815129 0.006282483273244859 0.04075868614288475 119.3671893157703
