0.9999794999989183 0.0005025122880768155 -0.006380358170464089 -0.004596714015580808 -0.0005005160142490648 0.9999998000001049 0.00031448744383338027 -0.0020015240325570774 0.006380514829718003 -0.00031128745633588893 0.9999796000009755 0.09154274000149638
0.9999095999977273 0.0010615159880575753 -0.013405990170451023 -0.01001116003160933 -0.0010587620167511337 0.9999994000000582 0.00021260184394228035 -0.004359704066049073 0.013406209829928793 -0.00019838875643103635 0.9999101000022095 0.18573730000325944
0.9997799999964493 0.001386755987950022 -0.020929250170421618 -0.017533710048238803 -0.0013955060194294601 0.9999988999998295 -0.0004034728559215918 -0.006859665100775287 0.02092866983007085 0.0004325909435137001 0.9997809000037113 0.28346720000543235
0.9995453999948979 0.002025308987708252 -0.03008212017036494 -0.028631920065941834 -0.0020800740226862412 0.9999961999993163 -0.0017893313557282202 -0.0067266601376364 0.030078389830354723 0.001851090643405812 0.9995458000057654 0.3873100000072768
0.9991402999929736 0.0022307069874048222 -0.04139680017027426 -0.04273697008533876 -0.002379114026710634 0.9999908999986797 -0.0035360423554469 -0.007303015178019305 0.041388539830530306 0.0036314896433726866 0.9991365000083162 0.5011396000098864
0.9984891999906713 0.0021456309872415324 -0.05490591017015151 -0.06000009010694382 -0.002394373031514738 0.9999870999983396 -0.004464951355051803 -0.008065471222983777 0.05489561983064672 0.004589670643388543 0.9984816000109499 0.6279359000131008
0.9974752999879332 0.002223073987237128 -0.07097932016997895 -0.0827569301306278 -0.002545053037228567 0.9999868999983293 -0.004446103354498172 -0.008995000272231346 0.07096850983087323 0.004615523643375412 0.9974679000136831 0.7669396000173112
0.9959797999847491 0.0009912398872429565 -0.08957233016972335 -0.10904970015656325 -0.001397593043836342 0.9999889999983564 -0.004473982353741977 -0.010339820326152323 0.08956690983071938 0.004581181643584646 0.9959703000168625 0.9191805000222721
0.9939835999813311 -0.0003564687127464916 -0.10952860016938225 -0.14153350018428398 -0.00014066435092397085 0.9999896999983947 -0.0045310843527915454 -0.011950880383736791 0.10952909983061186 0.004519230643814132 0.9939733000202845 1.0819130000283832
0.991297999977563 -0.0004511767127813148 -0.13163660016892179 -0.1816057002131226 -0.00017455105876782478 0.9999886999983231 -0.004741873351569673 -0.016045150443628836 0.1316371998310817 0.0047235856438306335 0.9912867000241284 1.2513780000366728
0.9877898999734984 0.00292787198692007 -0.15576410016830905 -0.23256430024274932 -0.0039008670673134392 0.9999746999976582 -0.005941284350030172 -0.022653640505100502 0.15574279983300718 0.006476355643259615 0.9877764000286685 1.4256430000477134
0.9834264999692356 0.0072819069864733495 -0.18116110016754688 -0.29345900027307475 -0.00880976207629227 0.9999320999966714 -0.007630442348175398 -0.03116429056796083 0.1810931998354998 0.009099963642532585 0.9834238000335993 1.6041400000611254
0.9780771999647223 0.01080195998619889 -0.2079623001666325 -0.36165120030442743 -0.012793410085760074 0.9998841999960544 -0.008233354345958597 -0.039333570632872315 0.2078492998378308 0.010713399641949605 0.9781022000383826 1.78864000007566
0.9713482999597255 0.011583859986049038 -0.23737820016548325 -0.4366243003368707 -0.014004440096152678 0.9998656999957314 -0.008513365343211522 -0.04313507069987252 0.23724769983940927 0.011593789641822911 0.9713800000434969 1.979231000089794
0.9632836999545087 0.013445709986001886 -0.2681487001641218 -0.5224919003698736 -0.01613640010701172 0.9998390999956099 -0.007832912339980784 -0.04573638076788154 0.26800029984154344 0.01187226964151501 0.9633457000484998 2.1730200001053577
0.9538089999491115 0.015771979985998368 -0.299999500162529 -0.6200940004031977 -0.01861376011823998 0.9998047999955739 -0.006616866336240142 -0.04902232083643831 0.29983669984404104 0.011895339641130683 0.953916400053496 2.3687410001231655
0.9425174999433963 0.017741189985975896 -0.3336855001606261 -0.7248452004367415 -0.0207381701301018 0.9997701999955025 -0.005421185331829787 -0.051407430905346566 0.3335125998467226 0.01202958964080733 0.9426689000588122 2.5656890001418713
0.9299712999377493 0.02036642998574781 -0.3670676001585027 -0.8394934004695412 -0.023853020141830675 0.9997030999949925 -0.004964301326981178 -0.0539778909725859 0.36685749984997096 0.013372329640383726 0.93018100006434 2.7582850001623305
