0.9999953080385515 0.003023831949613721 0.0004902460842044706 -0.025143162046477797 -0.003024652226005176 0.999994012545346 0.0016811758891169101 -0.03290504855732189 -0.00048515955551186067 -0.0016826508250143235 0.9999984666520279 0.9991421616475532
0.9999831448046147 0.005774294430560068 0.0006063254097346464 -0.02897017905900817 -0.005775501639578035 0.9999813045454573 0.0020085169595035392 -0.0513818216242613 -0.0005947163059125824 -0.0020119849389557865 0.9999977991121386 1.9989641171965493
0.9999748137597759 0.007004030175419319 0.0011469121166418805 -0.056722269653405946 -0.007005849187563148 0.999974195058375 0.0015897466829344175 -0.07229282362159944 -0.0011357478869031621 -0.0015977417365131774 0.9999980786471947 2.998360200570458
0.9999594340734143 0.008990485876510811 0.0005489729333256219 -0.04450711821033802 -0.008991134478903403 0.9999588700542427 0.0011906723413194866 -0.0964423977002183 -0.0005382456312305181 -0.0011955599300615318 0.9999991404636778 3.997993917562359
0.9999573815164792 0.00917708445942985 0.0010081029368745873 -0.06056254473899168 -0.009178091778409052 0.9999573812247251 0.0009991824142072867 -0.12140037233159715 -0.0009988903913565512 -0.0010083922918447505 0.9999989926809787 4.997553471956835
0.9999566044404341 0.00926658576044983 0.0009589704384472235 -0.05640033091416374 -0.009268390372469888 0.9999552523233397 0.0018948062881392507 -0.14399683434864008 -0.0009413691417796813 -0.0019036121743392946 0.9999977450398722 5.9972894650472055
0.9999504516352484 0.009819842902147631 0.0016324704715085137 -0.07751962273036443 -0.009827478249029806 0.9999404896146511 0.004736866102892681 -0.17239576258506456 -0.0015858580415828154 -0.004752674466974168 0.9999874484910715 6.996662997010207
0.9999478569327479 0.009750006795639933 0.0030365742359004643 -0.0854994181050998 -0.009776285237208594 0.9999138148194827 0.00876282945799789 -0.19489741464740018 -0.0029508748814373233 -0.008792058953066263 0.9999569950936891 7.9963779456431885
0.9999488483006579 0.009083369894351795 0.0044489519609268524 -0.09679957589501122 -0.009136952308686231 0.9998841318475762 0.012175343195475193 -0.2090700866482945 -0.0043378433232477715 -0.0122153702678713 0.9999159803926138 8.996213643046657
0.9999499132935987 0.008109721688905943 0.00586543419136998 -0.12036143766692586 -0.008194269525896136 0.9998607529856758 0.014537145037945702 -0.22921578697290548 -0.0057467252467621344 -0.014584479868880779 0.9998771264989977 9.995733012257816
0.9999384239404454 0.008631996212637476 0.006974020998197156 -0.12441521039006277 -0.008732307116564737 0.9998569782626803 0.014483433013063214 -0.24894528809707384 -0.006848002622683157 -0.01454344047352309 0.9998707882517986 10.995530138534992
0.9999204512919921 0.009584686811303497 0.00819907718881693 -0.1380496145287684 -0.009682692668513303 0.9998811362180731 0.01199828729203052 -0.2703169056531095 -0.008083102789527804 -0.012076721988362871 0.9998944025422435 11.995208755384837
0.9999101199842788 0.009502159586922899 0.009458378096172549 -0.15655011009215916 -0.009592207883218377 0.9999086650673099 0.009521085612216599 -0.295350850809399 -0.009367043340917744 -0.009610956585828662 0.9999099399508713 12.994724144587948
0.9999048083014486 0.007890376283629345 0.011318847014884392 -0.1595536795105041 -0.00798164852037924 0.9999358128572601 0.008041358864474307 -0.30806636719989317 -0.011254671143162984 -0.00813093645239407 0.9999036054789815 13.99463877805107
0.9999058334962425 0.004061047345686018 0.01310847186520436 -0.1516243859883196 -0.0041336321426705906 0.9999762491621187 0.0055149067960306155 -0.3180686102630965 -0.013085764230408482 -0.00556857307718237 0.9998988717707359 14.99455730545115
