0.999979851954953 0.000590972790851267 -0.006320319241220428 -0.008433895772746858 -0.0005892767572134646 0.9999997898710428 0.00027020505876036157 -0.001517811977310453 0.006320477596976014 -0.0002664751974296512 0.9999799900767592 0.09127855501686749
0.9999109613950726 0.0011226647114141607 -0.01329695100117395 -0.01612157293225641 -0.001119070952629243 0.9999993352793612 0.00027770674966215507 -0.002968267730775806 0.013297253933984152 -0.00026280179141664186 0.9999115530750875 0.18337854539953338
0.9997778230266696 0.0013763761797998086 -0.02103354874160353 -0.02284903989412686 -0.001384214410410822 0.9999989778571936 -0.0003580991961183073 -0.0042954660463288006 0.021033034363109444 0.00038713457599296103 0.9997787063107018 0.27795982297109145
0.9995544523603322 0.0019551979489668136 -0.029783786992542523 -0.03817192044268545 -0.002005333270271828 0.9999966222289883 -0.0016535323067881254 -0.005658296021160765 0.02978045340675541 0.0017125219983425456 0.9995549969177752 0.3808843420482765
0.9991516994845825 0.00214334068962297 -0.04112526605092239 -0.05367094918002237 -0.0022775380873685863 0.9999922332413061 -0.0032165629678448243 -0.0066201948872371946 0.04111805245061502 0.0033074987156054593 0.9991488208544885 0.4901538252015407
0.9985161190766131 0.0018943192745584866 -0.05442399745209262 -0.07384095390406446 -0.0021124198246314225 0.9999899668015565 -0.0039501871736530685 -0.008488850730852635 0.05441596848962491 0.004059291897415754 0.9985101023638308 0.6115584576705088
0.9975132273394672 0.0017858640891514307 -0.07045688023362778 -0.09724004046595754 -0.002078690329028146 0.9999895040055935 -0.004083004428557836 -0.008091574683929906 0.07044884902762212 0.004219308960327188 0.9975064697046233 0.7451570551059425
0.9960447093759873 0.00038993596532930683 -0.08885260195429431 -0.1246308448167137 -0.0007684038043016461 0.9999907779994625 -0.004225336865121175 -0.008540714748150787 0.08885013494474195 0.004276899107199035 0.9960358234794209 0.888267618080724
0.9940876125795879 -0.0007803925826720424 -0.10857812626506597 -0.15471402263984135 0.00030320083171941675 0.9999902239562144 -0.00441135594304317 -0.01108852663885341 0.1085805073900069 0.0043523533194684515 0.9940781309512403 1.0385490554839492
0.9914410262312726 -0.001222294289048579 -0.1305495978628528 -0.1923672031260581 0.0006120343392378888 0.999988699083084 -0.004714564676531418 -0.014716080232325431 0.13055388511817342 0.004594312004268247 0.9914305701246852 1.1928771725898115
0.9880349160080012 0.0021516319995263924 -0.15421535341463732 -0.24326649724306115 -0.0031484215144860638 0.9999757011951501 -0.0062196833709792405 -0.01737541968208025 0.15419822369609196 0.006630799273596535 0.9880176821848703 1.3475633346415312
0.9838482989895941 0.00647021955943838 -0.17888728527800873 -0.2980519784133785 -0.007987499945587347 0.999937967300496 -0.007762821366732406 -0.022070482610793103 0.17882596125815256 0.009066300778444086 0.9838389491020838 1.4935725704267386
0.9786609905438518 0.009534326489670232 -0.20526023045421127 -0.36306346259329886 -0.011546068932397556 0.999896312191224 -0.008605414493157123 -0.02969004240776898 0.20515690063932993 0.01079173224181767 0.9786695993210809 1.6533669187902331
0.9722240262899154 0.0100547510352822 -0.23383614922899557 -0.4306042118581388 -0.012478802454629585 0.9998826237496484 -0.008889218909320217 -0.031431325379305895 0.2337193235355711 0.011560307311571644 0.9722353815311069 1.8137095457877441
0.9644318114890604 0.012194407807750557 -0.2640503311987099 -0.5080227081822081 -0.01490307070584869 0.9998548467385603 -0.008257356535048098 -0.0380634723624021 0.26391130985894984 0.01189881807696458 0.9644735551879609 1.9859873463453048
0.955261284143787 0.013853194082896574 -0.295438602808884 -0.5920916585800401 -0.016761110169909783 0.9998327830947416 -0.007312389137336078 -0.03923207565275975 0.2952879005340993 0.011937121207614629 0.9553337432203672 2.157496902263666
0.9443721385027467 0.015837600413751707 -0.328497236568109 -0.6799435809878718 -0.01891816921088918 0.9998019127378447 -0.006183701113042523 -0.042116622282572756 0.3283342304625853 0.012054281350690723 0.9444846888158962 2.3229817639206964
0.9323635286188654 0.018079368261756268 -0.36106978126760325 -0.7763978938919831 -0.021622637175702834 0.9997495218508475 -0.005775389213704459 -0.044259831821232457 0.360874925788627 0.013192043141896554 0.932520915548169 2.4848337291788196
0.9190668456129506 0.02114447609138285 -0.3935340448117323 -0.8869580208863067 -0.025209889973753504 0.9996688438832858 -0.0051637211936997355 -0.04416916326435859 0.3932945394263349 0.014666754919748266 0.9192955409211725 2.6515554949303346
0.903522263766123 0.021505763077504316 -0.4280011927943605 -1.0000063611190788 -0.026034037723323022 0.9996498705204521 -0.004729191079267085 -0.04251664258595193 0.42774963209658257 0.015415528628557542 0.9037657958333787 2.82118237718609
0.88582846307598 0.017511963381699816 -0.4636822890115233 -1.1182520869607049 -0.022539903770688027 0.9997318759378027 -0.005303675319087044 -0.04343384911539447 0.46346508686464827 0.015149500731052932 0.8859856691195087 2.987895358936088
0.8653696171568638 0.013069832214581589 -0.5009636765152404 -1.2438599279854665 -0.018300028851212347 0.9998172637033991 -0.005527037605496847 -0.04780861511223038 0.5007998948141148 0.013950580150318666 0.8654506610244402 3.1527102359528283
0.8409831973596361 0.014753019083201606 -0.5408600652541233 -1.377485132448264 -0.01906101656740271 0.9998155227324138 -0.0023660411508207384 -0.05212849448246331 0.5407253826168888 0.012299143516557021 0.8411092626184649 3.308253381293487
0.8130186098830764 0.020727993051425322 -0.5818686194390024 -1.5440659007940742 -0.024412547902127213 0.9997008410807452 0.0015019478609739026 -0.05671213133536552 0.5817256806164883 0.012983783982753383 0.813281411237692 3.4651593317056295
0.7813204967646575 0.02397111214408329 -0.623669517547559 -1.7148820488000494 -0.027752907310250104 0.9996081417881251 0.003652260494613702 -0.06343283928026852 0.6235126762715074 0.014455056328760265 0.7816795979653519 3.6138578501887544
0.7471898596175113 0.023330447406037992 -0.6642010267295574 -1.8980708707745495 -0.027337010311437853 0.999616767977512 0.004359477655108018 -0.06397937136557623 0.6640481921908954 0.014899912819447652 0.7475412972177364 3.753576426634648
0.7082623522255785 0.01903653919777213 -0.7056926034721227 -2.083777507970637 -0.021412461677966947 0.9997557155585327 0.0054786579502565675 -0.06328400668536771 0.705624508435457 0.01123028866138344 0.7084969539185059 3.904086528563381
0.6670896989714928 0.01569497691713322 -0.7448120576532674 -2.3756626766029094 -0.01618102242553828 0.9998474492723841 0.006576678247550106 -0.06761975894535525 0.7448016568452217 0.007664586295308237 0.6672418947259937 4.103319980392699
0.6217192162874638 0.014798336747563288 -0.783100392879743 -2.597017132896469 -0.013979489287397043 0.9998718891973676 0.007796093390343846 -0.061162689304331365 0.7831154384751747 0.006100362480470301 0.6218464405296867 4.25809021697029
0.5739988716873783 0.015060045590097625 -0.8187175888720366 -2.8270183388376884 -0.01197199063997949 0.9998783389651764 0.00999893536114814 -0.05602445052045141 0.818768567265337 0.0040623016953885115 0.5741093371155032 4.385762409348979
0.5234117794755783 0.016046322936329138 -0.8519287673429228 -3.0731016905441058 -0.009769960095994264 0.9998699568484719 0.012830326245192383 -0.060796059004930715 0.8520238593994484 0.0016077661703215516 0.5235004852930035 4.496800512499902
0.47073268784183797 0.017219810318159254 -0.8821078248886616 -3.3312705408479744 -0.009970036308964569 0.9998494989996487 0.01419780708946965 -0.04925912223931509 0.8822195503236121 0.0021112751498757396 0.4708335242355251 4.608572466703731
0.4168064754691386 0.019041717942053463 -0.9087957828823865 -3.60581598951194 -0.009532937358154222 0.9998171511417077 0.016576712225453982 -0.04220288616831416 0.9089452596896687 0.001754212272014838 0.4169117863853034 4.708190673819162
0.3628840449677597 0.021128211392709914 -0.9315947448280192 -3.9003357894865878 -0.009393950219103504 0.9997750609251128 0.01901528993910482 -0.04140348543141872 0.9317869518334743 0.0018510093279557188 0.36300089553243514 4.780380796700232
0.30935124513005474 0.024214663054626502 -0.9506394990897632 -4.219006035342024 -0.007660856053101504 0.9997067664892667 0.022971554586242462 -0.03885726290972345 0.9509169881861496 0.0001764333470920486 0.3094460380264314 4.843731027435917
0.25709190750151517 0.025991143040501843 -0.9660373758714933 -4.605403172952387 -0.003421169116664917 0.9996564738873672 0.025985184566420804 -0.0354405658389952 0.9663809014561011 -0.0033756034310845023 0.2570925098138188 4.90623061255391
0.20734176989561182 0.026456350465674374 -0.9779107586976395 -5.363756548985297 -0.0008132526878479891 0.9996385586983823 0.02687174321637684 -0.030938235524438636 0.9782682296163051 -0.004776346245677668 0.20728834371454793 4.997609891537584
0.16107128313872537 0.027608060999982992 -0.9865565552546222 -5.8668497871003655 -0.0034007796319948875 0.9996182614985851 0.027418351089027126 -0.02565681953924777 0.9869369161430421 -0.0010612475525367281 0.16110368496000674 5.022026981847011
0.11964239304015914 0.028107122752065714 -0.9924191087631399 -6.257053672860752 -0.005821403212298651 0.9996018549911843 0.027608744318120677 -0.02130678365070436 0.9927999844139115 0.002474095548646431 0.11975838091320493 5.030495414156398
0.08252524065519276 0.026581050692853866 -0.9962344264272678 -6.662150312924758 -0.007179803769892218 0.9996341531672986 0.02607700595014243 -0.01139734805863609 0.996563111434809 0.005000756498956491 0.08268589578525358 5.032212587526642
0.048802688756055965 0.02386874879212252 -0.9985231997311224 -7.088544234629014 -0.006075866492597842 0.9997030179642314 0.023599994058724816 -0.0036721218932211606 0.9987899586081865 0.0049151504866351775 0.04893321856520472 5.023862766952816
0.017959793492124097 0.02127983837493321 -0.9996122319662049 -7.656165922402515 -0.0056848353852593115 0.9997594985103393 0.021180835323415817 -0.0012008350656432538 0.9998225484876615 0.005302227559420274 0.0180764465132219 5.007136516607768
-0.007941927886920205 0.01945532632546456 -0.9997791836495744 -8.261352667176205 -0.006654227220847174 0.9997875502378304 0.019508348200997498 0.0034634410564212126 0.9999463220801064 0.006807691753282609 -0.007810780464203835 4.968609810734532
-0.028346856000170492 0.017267520339453755 -0.9994489924434528 -8.803528286785221 -0.006827555073371174 0.9998241174185147 0.017467647809837006 0.009076759042746102 0.999574829738437 0.007318945936060137 -0.028223975335861747 4.925585819504329
-0.04433783844906447 0.01640555477256166 -0.9988818818330172 -9.371424394582787 -0.0062324239200189455 0.999841155041029 0.01669795132052166 0.018951901774533812 0.9989971536364582 0.006965806401689256 -0.0442285492349492 4.8823927170937615
-0.057142726570684296 0.016771049445299856 -0.9982251452956752 -9.92739129331973 -0.005562809721241393 0.999838025688857 0.017116586535118272 0.027112135572708123 0.9983505215845148 0.006531024966438094 -0.05704017676002116 4.836486508738185
-0.06650517357906965 0.01785376724524694 -0.9976263352991295 -10.513511534038885 -0.006613356539341653 0.9998100511376902 0.01833371646266313 0.028420624534933648 0.997764163218193 0.00781694564406879 -0.06637446766864706 4.781508739959143
-0.07320541466156923 0.019317317355592688 -0.99712978519068 -11.117101691145644 -0.008185337474719646 0.999767085622616 0.019969345409556742 0.025967313093737385 0.9972832935102502 0.00962370800910712 -0.07303024530633011 4.723895800165073
-0.07752328539633428 0.020309706626628957 -0.9967836555833465 -11.79786435720217 -0.0080905593620986 0.999746753825917 0.02099931103035903 0.03416729466495001 0.9969577137825686 0.009692472918799606 -0.07733933603381549 4.6541614856321365
-0.07895485306817769 0.02107589724832446 -0.9966553756099253 -12.321523287497785 -0.005761878194326185 0.9997501367697669 0.021597795917786197 0.03925743082277604 0.9968615410058987 0.007447857679270075 -0.0788136884007662 4.610284037095502
-0.07793837024949363 0.02311796825989057 -0.996690107298346 -12.852738418160426 -0.0038597086461077887 0.9997166214550804 0.023489985857952318 0.04727860515695035 0.9969507074534922 0.005677704639581956 -0.07782705556556548 4.562406419125172
-0.07641124541101851 0.02560253379074075 -0.9967476269539005 -13.401064409282009 -0.0047582896305123695 0.9996495290669609 0.02604184547983808 0.049625644942381184 0.997065033111947 0.006732703743488291 -0.07626264121949303 4.515887381760894
-0.07465295658974815 0.0256152224662423 -0.9968805326870492 -13.961367481773129 -0.0069074078167302025 0.9996327722098587 0.026203214331192524 0.05382053265516408 0.9971856516164187 0.008842007805807076 -0.0744486071615813 4.461025006795269
-0.07306655250660518 0.023127818889249488 -0.997058866315438 -14.534253070885667 -0.008883648287056942 0.999676326040689 0.023839545861914998 0.05906687622280869 0.9972875010236067 0.010599393719291323 -0.07283744335760307 4.409696232011232
-0.07195763155221128 0.02288471037946748 -0.9971451194747157 -15.115088942230232 -0.009231436145284563 0.9996786455216841 0.02360902951472472 0.06910337753065618 0.9973649682278253 0.01090393134513882 -0.07172324890249132 4.363901837331274
-0.06992748588407335 0.02554150002341581 -0.9972250390430876 -15.7069546972759 -0.008963120987329877 0.9996157183116949 0.02623124408717692 0.07881279691879117 0.9975118090429297 0.010772533627165683 -0.06967168247683087 4.312712878058564
-0.06851747102695474 0.02891629816070909 -0.9972307676083567 -16.342396771782994 -0.00975194002297354 0.9995126957203637 0.029652500056494523 0.08917187956002758 0.997602253320359 0.011756648948278199 -0.06820209216474356 4.261406697451417
-0.06673890099402535 0.03108750583892196 -0.9972860603030735 -17.188394106195965 -0.010150354880397018 0.9994416285483423 0.031833966457855946 0.09774666886208798 0.9977188428559977 0.012247371365027158 -0.06638608668038357 4.194045472978138
-0.0649004282337563 0.030409168803182576 -0.9974283016176028 -18.124862251273484 -0.011799416691624423 0.9994423146576603 0.03123833282164954 0.11567200450657461 0.9978219822096582 0.013796453328238966 -0.06450542376226384 4.114671847828714
-0.06306184373717243 0.02740439486663402 -0.9976333008708476 -18.895838008780697 -0.013985532496798993 0.99950050749873 0.028339731660030867 0.1320610011850392 0.9979116237148702 0.015739588678716276 -0.06264707976414677 4.042789513782131
-0.06147100831700737 0.026782189154299366 -0.9977494823253955 -19.624662369720976 -0.014810264305378807 0.999505402599142 0.02774177799515049 0.14522065887317476 0.9979989835704716 0.01648224860966239 -0.06104395361601359 3.982635217777909
-0.0600130076058529 0.029028645408242293 -0.9977754139403633 -20.344959468729595 -0.012515604602356385 0.9994766011815766 0.029830912355500616 0.15714547949642707 0.9981191304446261 0.014278005332910177 -0.059618285820510174 3.9351617211846013
-0.058965423586246624 0.03103312198569087 -0.9977775424217147 -21.089867281358508 -0.010034007425538923 0.999447757537369 0.03167804679125336 0.16779285793556215 0.9982095959848702 0.011879616717126609 -0.05862147379907293 3.8877612534363033
-0.057930699393129864 0.032840682391196724 -0.9977802982861028 -21.89718168133232 -0.009211806114372178 0.9993986487726841 0.033428781901895556 0.1792972190284637 0.9982781058883006 0.011127911367989194 -0.057593340697098885 3.8331020573343815
-0.05758158891125602 0.028310981953431878 -0.9979393012199131 -22.674604447292086 -0.008926961775128753 0.9995432664339448 0.028871575641551496 0.190284143670333 0.9983008915011143 0.010571037195700874 -0.05730255841309854 3.7847660985362293
-0.0572417026132867 0.02135819787988309 -0.9981318624637011 -23.424933204029152 -0.0076325621268744535 0.9997325581086695 0.021830168411524006 0.19772661693551183 0.9983311732472899 0.008867899459277497 -0.05706337601184025 3.7354665396048974
-0.05692442794163408 0.01689508151672802 -0.9982355261780969 -24.17347244652034 -0.004565415220767104 0.9998419449050316 0.01718261308375081 0.20445107407803365 0.9983680516159251 0.005535470085458861 -0.056838297683456954 3.680056881549212
-0.057695468138975164 0.017463639258046264 -0.9981814736109312 -24.897159015595925 -0.003341402596953629 0.9998380114089086 0.01768575614906728 0.2104288833294026 0.9983286372657594 0.0043557141485667476 -0.05762776908180968 3.6382311545599566
-0.05784260437539996 0.02474237614778029 -0.9980190619129644 -25.636986377071874 -0.0036904629542919183 0.9996807027533713 0.024997460385184612 0.21348137672328427 0.998318893742001 0.005129070587116916 -0.057732824568510324 3.5913309316948885
-0.05806509424860785 0.031647506458287386 -0.9978110443189501 -26.362507754380783 -0.005031984228990117 0.9994754221435903 0.03199311903536958 0.2225443561820259 0.9983001171815108 0.0068786529106207575 -0.05787538483254953 3.539062149692373
-0.058411669098645855 0.03676028037282662 -0.9976155365169602 -27.1137167899789 -0.0070182528569209925 0.9992819805354081 0.03723261344666588 0.2354178253021702 0.9982679104528731 0.009176337185593336 -0.05811173544052574 3.4885669293319057
-0.05878838540943581 0.03702973252068385 -0.9975834424500034 -27.86225238893707 -0.008354416910915529 0.9992585392936363 0.03758424359791008 0.24753351085964237 0.9982355080135294 0.010543744979609667 -0.05843543430808648 3.4339984090030775
-0.05899935448239749 0.033680651827369026 -0.9976896761333882 -28.610029312125977 -0.00854327955702707 0.9993770264470127 0.034242829677725246 0.25569115250221797 0.9982214626750269 0.010543846661003779 -0.05867485622068733 3.3758163038419715
-0.05932424269624422 0.030982940069680085 -0.9977578321682856 -29.355940538317697 -0.009028386687941072 0.9994606833995257 0.03157262378020277 0.26820456765673073 0.9981979375165676 0.010881165525431022 -0.05901252218366901 3.3251763677006645
-0.059418853873277035 0.03226238461970107 -0.9977116509007188 -30.151979116975326 -0.010448232402208352 0.9994027396491993 0.032939314220914694 0.27933337268740893 0.9981784581146073 0.01238153949738013 -0.05904628045541222 3.2635777556844494
-0.05948670613554785 0.034487545017455476 -0.9976331695727709 -31.264677629466487 -0.010931037449183376 0.9993205873495538 0.0351976720768231 0.29636019651807166 0.9981692462771165 0.012998959112636784 -0.05906930546874956 3.1894496381701507
-0.05938323996586741 0.03277678815460378 -0.9976970045907855 -32.28660313368463 -0.01138446536714971 0.9993735583352765 0.03350947401246441 0.3111897009492506 0.9981703385492176 0.01334814813208493 -0.0589728936205738 3.109563589735066
-0.059027291121317306 0.027729256197958085 -0.9978711676632352 -33.31941416300162 -0.012308413010537339 0.9995179219549679 0.02850309912947925 0.3242719973504709 0.9981804856197302 0.013964671193081741 -0.05865753222245029 3.0385598833706102
-0.058826411959963056 0.02344546092528956 -0.9979928675185604 -34.20545015384765 -0.013570286792938879 0.9996130065569062 0.02428341900598478 0.33693099762218215 0.9981759867740122 0.014971555839776727 -0.058485484895504744 2.9736929580146936
-0.05801815113087583 0.024040187383826 -0.9980260334930682 -35.280586329579286 -0.013166639873492425 0.9996046387303786 0.024843627415314658 0.3499467616736912 0.9982286981117079 0.014582030697394156 -0.057678684511209284 2.8862029613974025
-0.057468043655601146 0.02662607192217225 -0.9979922225410349 -36.13899748918123 -0.012130628080748357 0.9995518688319132 0.02736620867048047 0.35296111863655744 0.9982736457609022 0.013678954953688163 -0.0571192994583307 2.8279073117701774
-0.05723633409698093 0.031505173562420954 -0.9978634305845374 -36.910784223008534 -0.011903654298811753 0.9994093726308027 0.03223676336171763 0.36136362464365135 0.9982896899565135 0.013723335473081208 -0.056827502056839355 2.782396218061325
-0.056611168920086226 0.03722846608559561 -0.9977019679575743 -37.82413448427365 -0.010736802011913205 0.9992240635129376 0.037894484813092114 0.3708600340014231 0.998338568140116 0.012857379577750206 -0.05616752757897734 2.718887593511088
-0.05676815616869835 0.04046291375890945 -0.997567105038727 -38.657901210255474 -0.010712488465015515 0.9990961873735469 0.04113454711710393 0.3826248403946264 0.9983299149259687 0.01302155850047868 -0.056283389895469105 2.657992809260247
-0.056346660601423654 0.04064537985372567 -0.997583583934507 -39.41654793960047 -0.010400127122382384 0.9990928973657391 0.0412943069825725 0.3946421518900557 0.9983570960307263 0.012701792388438651 -0.05587283127974376 2.606091885567118
-0.05607034454051033 0.036201357934870296 -0.9977703032997028 -40.19802213128744 -0.01035135820153461 0.9992676600030523 0.03683738665280042 0.41398891452773534 0.9983731596184318 0.012393762773903519 -0.0556545487611946 2.5528885697280517
-0.05560191872687959 0.03188796923523841 -0.997943677795467 -40.94456730635766 -0.01136176498236486 0.9994049505668043 0.032567699934889296 0.4251244805896437 0.9983883697892186 0.013149228137650014 -0.05520652922444066 2.4995780169031683
-0.05533079086640713 0.0292763311712153 -0.9980387768094244 -41.6693160850605 -0.014995442849579836 0.9994329395068469 0.030148567502431348 0.4350158037515928 0.9983554678949985 0.01663417752270903 -0.054860403409928246 2.4385585923359634
-0.056007799606703074 0.027585624112060433 -0.9980491770076083 -42.395641947096884 -0.01798017169501001 0.999428276378436 0.028632740019894236 0.4438208694376972 0.9982684207211163 0.019548752327885256 -0.05547978436682691 2.389615130964241
-0.05666203575223979 0.025792614736825575 -0.998060195944839 -43.13484321911707 -0.01584255910017604 0.9995171521175857 0.02672968282469564 0.4464489333393061 0.9982677131038384 0.01732638588364827 -0.05622605558494692 2.348338503820436
-0.05825976382520535 0.02194921323739383 -0.9980601344394492 -43.84982723319746 -0.01229266596409333 0.9996666968654797 0.022702104342036913 0.4526922482265411 0.9982257711973402 0.013591439082044415 -0.057970531316803645 2.3079198724077297
-0.058594244196251574 0.0204804282438093 -0.9980717742757886 -44.525814963627916 -0.008110198711847379 0.999746770742304 0.02099092821172285 0.45632947219598957 0.9982489365002711 0.009324507991606359 -0.05841330607652706 2.2615822974428075
-0.06040948345042522 0.02372253605223419 -0.9978917454275809 -45.18715069036364 -0.007650021181339178 0.9996771862891972 0.02422809090371978 0.4609999088272885 0.9981443640501989 0.00909749944568815 -0.060208504537629826 2.2145149288911163
-0.06253029336526068 0.029755065019313017 -0.9975994178613736 -45.90778416308962 -0.005050721743049019 0.9995332479787372 0.030129327821087723 0.4658045624257975 0.9980302864249796 0.006922592778196193 -0.06235082267058301 2.171762836884714
-0.06392612509038946 0.0336961798452184 -0.9973855914313016 -46.60547231988913 -0.003284576781107768 0.9994172741324585 0.03397533989551061 0.46978089788393723 0.9979492282106815 0.0054479013835755695 -0.06377819599375555 2.117125732058613
-0.06533032315384203 0.03286435119668616 -0.9973223567618626 -47.322968635456625 -0.0033505722100815472 0.9994446464648067 0.033153767790445016 0.4756179360084378 0.9978580673334649 0.005507546936576499 -0.06518392734610082 2.0631780338497587
-0.06642936843002137 0.029018449133133267 -0.9973690734226206 -48.05880661533439 -0.006120912356266734 0.9995463496633274 0.02948947789710917 0.4821490973893731 0.9977723555209944 0.008063776077306802 -0.06622161334080906 1.9995470113272122
-0.06778151498067016 0.02560448829634626 -0.9973715839174525 -48.74023293591462 -0.010561960689785377 0.9995962048321023 0.026379391040073173 0.48731569851925394 0.9976442809004173 0.012322234551408738 -0.06748371153357967 1.9433075670975306
-0.06908658556291951 0.024235614926275007 -0.997316238043081 -49.56306040671384 -0.014861008246394056 0.9995689357550311 0.025319816497262726 0.4915688741514522 0.9974999719945641 0.016570384506696432 -0.06869663913280011 1.869597057518131
-0.06984184276240023 0.025316962063748873 -0.9972367664859813 -50.546320008459126 -0.016462874161348874 0.9995125080987092 0.026527720003335333 0.49565056534826296 0.9974222229196108 0.018270128245047028 -0.06939100546907875 1.7787013243555947
-0.0710522070462898 0.026711980374799157 -0.9971148649871329 -51.670128013546524 -0.016087400323301217 0.9994806519482313 0.0279217107637841 0.5047622149942653 0.9973428595145638 0.0180248851756374 -0.07058557989926845 1.6880870364173928
-0.0722053362070949 0.026250189999871217 -0.9970442903643708 -52.97871909693712 -0.017742960157683906 0.9994616027679445 0.027598767316216997 0.5106360087089923 0.9972319573640133 0.019683295392350034 -0.07170070497864155 1.5730358569174039
-0.07282824131949668 0.02617284561581186 -0.9970010177621088 -54.16115656195483 -0.018646103404198883 0.99944515354882 0.027599055701525307 0.5138109191601316 0.9971701811095973 0.02060017476010467 -0.07229981124251983 1.476906952779336
-0.07339580440109579 0.02773755333110349 -0.9969170898482587 -55.19901622768076 -0.0171186866798367 0.999430844245943 0.02906781959830712 0.5235486680255124 0.997155958946579 0.01919936730849057 -0.07287920027195632 1.3843682335894554
-0.07353876016965294 0.030567965925588046 -0.9968237809221262 -56.05575263178468 -0.016162640838394485 0.9993623463744818 0.031838179753551764 0.5326973902905388 0.9971613810180563 0.01845264501534943 -0.07299780885819862 1.307049971264829
-0.0736661931428984 0.034723537902658114 -0.9966782669966054 -56.91779615250652 -0.01628830036902311 0.9992184665345376 0.03601593268896285 0.5391303755373325 0.9971499301804717 0.018887351637804816 -0.07304303313244988 1.2297630110830389
-0.07426641082728974 0.03691877515727361 -0.9965548174905984 -57.72754375032651 -0.016260632724327602 0.9991368013291825 0.03822622206149294 0.5483841150972238 0.9971058579941423 0.0190435361888679 -0.07360198151671231 1.1597178529127778
-0.07511764377742004 0.036814812513962424 -0.9964948615888048 -58.55085110312246 -0.01575979364117913 0.9991496138434832 0.03810089317596136 0.5623832898345361 0.9970501333923555 0.018566602704328233 -0.07447357092488235 1.0898336657513004
