0.9999976430541889 -0.0016369461773666349 -0.0014262865347608907 -0.025124877839583913 0.0016358113537800394 0.9999983448907752 -0.0007964527133954673 -0.025303771637987294 0.0014275879243255234 0.0007941177004922514 0.9999986656840082 0.9993640175904068
0.9999953850610578 -0.0018104613072823829 -0.0024396898248137686 -0.04739688648424073 0.0018049315660992643 0.9999958017427678 -0.002266874253290106 -0.0556150206352946 0.002443783670492343 0.00226246031862751 0.9999944545819637 1.9986563501013475
0.9999888502495055 -0.0022232878119825355 -0.004166097451677821 -0.07907768152977826 0.002208184480341476 0.9999909865515189 -0.003626394493217169 -0.082053753533682 0.0041741224194512564 0.0036171545480869535 0.9999847463311644 2.997804637708353
0.9999707354126836 -0.004356751017652744 -0.006288643636439477 -0.08100078515527522 0.004322632442503549 0.999975920871834 -0.005428860404793378 -0.10323050638021099 0.0063121444044766176 0.00540151803643179 0.9999654896224767 3.997578525550661
0.999949293749886 -0.006425332897339266 -0.007754032903106186 -0.09870850955432808 0.006367327967858712 0.9999517353088173 -0.007482258177444589 -0.12340842462273569 0.007801734656716559 0.007432506309622285 0.9999419437078855 4.997218094651448
0.9999268583614103 -0.00776303481777748 -0.009274331129435641 -0.11166252598848594 0.007687962936861337 0.9999376163629007 -0.008102999960594992 -0.14810519719533183 0.009336656433750614 0.008031106579913001 0.9999241612111093 5.9968291404501235
0.99991120721792 -0.008090427256154168 -0.010588799120514584 -0.14213893957325258 0.008011782089009498 0.9999401625589917 -0.007448667616121276 -0.1710948246887694 0.010648428417375292 0.007363171077062877 0.999916193830228 6.9961001973924954
0.9998941138752165 -0.008502912897750452 -0.011809382284785815 -0.1466523295820423 0.008410213325054003 0.999933606350322 -0.007877258600944336 -0.1984211017474147 0.011875577860552315 0.007777105084304885 0.9998992385670595 7.995716565752249
0.9998858069328787 -0.00781718412846843 -0.012933086502730702 -0.17255720623526635 0.007681728384929726 0.9999154686015316 -0.010490314599640605 -0.23437593401130324 0.013013997971633022 0.010389768220748507 0.9998613346725201 8.994734166899725
0.9998781608221662 -0.006235204700843409 -0.014310336586541985 -0.21112405269600742 0.006030031083148738 0.9998790504170342 -0.01433608252858317 -0.2585851051059199 0.014397994166473606 0.014248044057647248 0.9997948244537541 9.993696876108125
0.9998660492525554 -0.004590030175280244 -0.015710352480950113 -0.23269809411621514 0.004308268579583473 0.9998301082802319 -0.017921869271532484 -0.2889953616703494 0.015789945342902675 0.017851784205779972 0.9997159553726936 10.993001512859344
0.9998564107472869 -0.002657982012383256 -0.016735979779316172 -0.27096936525172394 0.002360165449041076 0.9998389657977558 -0.017789662490539208 -0.3201748635691093 0.01678056931706981 0.017747608404965066 0.9997016729451332 11.991782333894177
0.9998374942858855 -6.218091024280366e-05 -0.018027233666175892 -0.2973934848517708 -0.0001399955240732856 0.9999371160680867 -0.01121357706940632 -0.33596344027218566 0.018026797313270646 0.01121427853108147 0.9997746118679213 12.991308454988095
0.9998180642231548 0.0008149855146729628 -0.01905713125506851 -0.3182927293646633 -0.0008333223655334295 0.9999991974587046 -0.0009542828626813334 -0.3545638402877652 0.01905633823422367 0.0009699899781850305 0.9998179409735274 13.990916991715373
0.9998006579490684 0.0021487152642776933 -0.019850123105958673 -0.347358707347277 -0.0020368896056558584 0.9999819528191601 0.005652001124654482 -0.38190847334449163 0.019861909408287522 -0.005610441933733012 0.999786991061578 14.990120384407225
0.9997722999578565 0.004682549632533673 -0.02081878877157931 -0.3874284372729233 -0.004583487427022512 0.9999779588635614 0.004803481036884071 -0.41340563779663525 0.02084082244017965 -0.004706964627469246 0.9997717262475526 15.988820702508287
0.9997442877897723 0.006878877278429833 -0.021541589521404406 -0.43036754993870635 -0.006934376338860198 0.9999728250136408 -0.0025027303149281624 -0.4251200100983736 0.021523788154305685 0.0026514678249063214 0.9997648204762262 16.987829704512297
0.9997264026491933 0.00624881523378034 -0.022540455946509587 -0.47689748369447044 -0.006441558981930603 0.9999432236740068 -0.00848856562188071 -0.4271331933322577 0.02248613270406393 0.00863143884927339 0.9997098939689477 17.986744561924052
0.9997112580568408 0.003994115557194686 -0.023694884581359987 -0.5077972227781853 -0.004158618108264372 0.9999675658728986 -0.006897325398963924 -0.4352520434985059 0.023666567343782946 0.006993871827918831 0.9996954432961145 18.986234066819694
0.9997030620931896 0.003206852660135645 -0.02415582202110144 -0.5467857425323945 -0.0031561873772960125 0.9999927395262348 0.0021352695510695177 -0.44698085321745273 0.024162494133229483 -0.0020583952080473747 0.9997059252032203 19.9854048782178
0.9996995029827691 0.0031484836464921004 -0.024310302069920943 -0.5890477266554383 -0.0029190927982709054 0.9999509386891454 0.009465680743200363 -0.46176023655347515 0.02433891191565715 -0.009391872306674914 0.9996596471306296 20.984402112711564
0.999687882843149 0.002168548627091804 -0.02488843694233559 -0.6138905479992579 -0.0018778988756704097 0.9999298414476421 0.011695540958269943 -0.4627960190313654 0.02491205315491755 -0.01164515261152705 0.9996218185035075 21.984092935607492
0.9996818730747106 0.000625274762933457 -0.02521431492838494 -0.6300452300181534 -0.0003582872823993267 0.9999438405509755 0.010591854152590174 -0.4644962353878899 0.025219521725445452 -0.010579450630222302 0.9996259555195139 22.98396098465857
0.999692149258966 1.3849281989968291e-05 -0.024811419108653854 -0.665757119576095 0.0001879429572950958 0.999966927743156 0.008130688615399135 -0.46559317190636895 0.02481071114322796 -0.008132848708365784 0.9996590845805648 23.98332249966426
0.9997033081488105 0.003023083084722167 -0.024169332737697995 -0.7140997632073691 -0.002903659952071842 0.9999834105670875 0.004974670793220616 -0.4790929474824417 0.024183970625301147 -0.004903015325395216 0.9996955016431317 24.982062067753027
0.9997240934293798 -0.00024198975921651796 -0.02348783637883219 -0.7398774379625203 0.00022954296894471624 0.9999998318131813 -0.000532619598707474 -0.48688147343449967 0.023487961316976256 0.0005270811777640114 0.9997239808360121 25.98169941716916
0.9997292038055844 -0.003054147260655423 -0.023069270529439204 -0.7602442148920304 0.0029000968089173892 0.9999732941149201 -0.00670824086159105 -0.5030527702925089 0.023089142399602906 0.006639521177648005 0.9997113624750801 26.981361191748658
0.9997549568931902 -0.0019235641847345556 -0.022052801824715872 -0.789870263144865 0.0016553503951263766 0.9999245220299546 -0.012174155339851478 -0.5152230330878111 0.02207455509319155 0.012134667032789998 0.9996826815912335 27.980848141122394
0.999755579296591 -0.0006697005457835419 -0.022098261617469032 -0.8223724782086359 0.0003812500319702247 0.9999147108517343 -0.013054718331267217 -0.5336463121065161 0.022105119627549102 0.013043102524881717 0.9996705663181127 28.980149981812257
0.9997539354862709 -0.0006355998407910506 -0.022173508801142716 -0.8671646351145612 0.0003601243013556245 0.9999227367038016 -0.012425414812779914 -0.5605995615913859 0.022179693194441328 0.012414372139760444 0.9996769200967757 29.97878262949704
0.9997444529772292 0.0009225534793990263 -0.022587112173472503 -0.8889168537569501 -0.0012377865802844985 0.9999019791411538 -0.013946325465430679 -0.5842245195761913 0.022572031934255533 0.013970719547815029 0.999647599091637 30.978266837648597
0.9997490718158142 0.0037105091911721175 -0.022091299757111663 -0.9430488685598308 -0.004065611504135272 0.9998629062539279 -0.01605115262367282 -0.6087000035144515 0.02202871322873341 0.01613693957952462 0.9996270979592801 31.976500605690617
0.999724433818937 0.007237962092048628 -0.02233088287905638 -0.9774539437038238 -0.007618916369418816 0.9998260887990156 -0.01702187622506033 -0.6348307692291065 0.0222037955935434 0.017187322700745217 0.9996057159698617 32.975566896728154
0.9997115916158763 0.008954435726275705 -0.0222834393591765 -1.0224189562782247 -0.009332254638920184 0.9998134746901867 -0.016909312561206914 -0.6691133639570933 0.022127869581241598 0.01711239050402522 0.9996086851758705 33.97396703261702
0.999701707212022 0.009492117027514103 -0.02250325113630948 -1.0641602385948277 -0.009877399219021955 0.9998054677793169 -0.017072304567695006 -0.6994830620583691 0.02233682121600744 0.01728948561756759 0.9996009904482106 34.97263380726601
0.9997010575098532 0.00972669681858723 -0.022431829677469588 -1.1015033172204272 -0.010107831696959757 0.9998054070023413 -0.01694048013698458 -0.7327546955604257 0.02226268968623592 0.017162153066702934 0.9996048384987185 35.971382260522816
0.9996780734294396 0.010943872199793193 -0.022890634890217487 -1.139620202201521 -0.011308379610637175 0.9998103438126454 -0.015855502383203456 -0.766515910276029 0.022712772947932804 0.016109254064563844 0.9996122357586958 36.97008505087652
0.9996655177188792 0.011556573752211622 -0.023136514148710166 -1.180536455502026 -0.011880868035173221 0.9998324067614195 -0.013928509051603965 -0.798584090196979 0.02297167078326136 0.014198732083518587 0.9996352826649554 37.96873287270983
0.9996571611322387 0.01208467238787224 -0.023227588990467035 -1.228658489828413 -0.012383235571415848 0.9998419925912335 -0.012753247742321254 -0.830391171348999 0.02306980003847149 0.013036508139530046 0.9996488552395348 38.96706776612029
0.9996562063546739 0.012145402439462468 -0.0232370027362487 -1.2653632648136937 -0.012468494047128463 0.9998268926387736 -0.01381019234093541 -0.8617867897665329 0.02306524989627523 0.014095174914857955 0.9996345933846734 39.96590061231502
0.9996346870401733 0.013353139861163293 -0.02349864085305329 -1.309210597193041 -0.013701223371668616 0.999797855299815 -0.01471478902375183 -0.8902246115023438 0.023297402091481505 0.015031373647878644 0.9996155705380168 40.964534019395984
0.9996416994132975 0.012963534779095825 -0.023418359466986928 -1.3547613974817247 -0.013290743362375061 0.9998154570832607 -0.013871118133331976 -0.91767731421257 0.023234219052279157 0.014177395509210112 0.9996295176322104 41.96311874474831
0.9996468853923107 0.012215635984035566 -0.02359836356522826 -1.398097071865505 -0.012481221832154686 0.9998600488394433 -0.011140100375009301 -0.9491287894279611 0.02345897753585326 0.011430703053369164 0.9996594497130898 42.96168411768714
0.9996285092193279 0.012633307796413735 -0.02415042629156183 -1.4321668672194665 -0.012815574301563545 0.9998904403919399 -0.007407311802289485 -0.9798206291744723 0.024054201530380435 0.00771406163679926 0.9996808934063904 43.960632184414095
0.9996151470207949 0.012518149803832205 -0.02475588358517206 -1.4739585925899235 -0.012649974492969937 0.9999065914890525 -0.00517556200572418 -1.0021109649858178 0.024688782714442435 0.005486731471170517 0.9996801287341074 44.9595098408966
