0.9999967999996984 -0.001958988012141795 -0.001630129170451822 0.006189306578489334 0.0019574009874423755 0.9999975999996775 -0.0009745060562301359 -0.01731255733743271 0.0016320348288394208 0.0009713119440844916 0.999998200000625 0.9998309519475026
0.9999930999994997 -0.002475044012369954 -0.0027558371704349454 0.0020538887945036706 0.0024686619870400266 0.9999941999992068 -0.0023168283562149798 -0.039761627728752885 0.002761555828657914 0.0023100086441736715 0.999993500001295 1.9995703724845235
0.9999862999991875 -0.002528164012575328 -0.004580897170418716 -0.01397009203162478 0.002512019986388805 0.9999905999987782 -0.003526615356189489 -0.07356195970067946 0.004589770828643627 0.0035150586441840097 0.9999833000020372 2.998870475708558
