0.9999798526930299 0.0005911438110282512 -0.0063201864704323235 -0.0919927610349137 -0.0005894492957213536 0.9999997898325791 0.00026997097184598 -0.016555666236371214 0.006320344733804231 -0.0002662401031941278 0.9999799909791461 0.995622027595133
0.9999109665322464 0.001123114773904886 -0.013296526680073905 -0.17516395148357222 -0.001119528165230099 0.9999993349136233 0.00027718044493971867 -0.03224822262498884 0.01329682914218794 -0.0002622699304854511 0.9999115588637061 1.9920337280249019
0.9997778348025972 0.001376961533909297 -0.02103295068138735 -0.24610619394191016 -0.0013848128131201327 0.9999989768046448 -0.0003587243185069034 -0.04624439457485489 0.021032435210982078 0.00038777132204916227 0.9997787186685348 2.9894159443320367
0.9995544704014867 0.0019558740737246733 -0.02978313712508975 -0.393344999399064 -0.002006030050237471 0.9999966196396021 -0.001654252945281717 -0.05934058355568437 0.029779800936905444 0.0017132617946944086 0.9995550150893051 3.9784302030774445
0.9991517277113883 0.002144198876114231 -0.04112453552963932 -0.5337755263996011 -0.002278432019001904 0.999992228277819 -0.0032174728433545315 -0.0680567393655097 0.041117317019519754 0.0033084430088194247 0.9991488479931174 4.968482361155114
0.9985161546103956 0.0018951525030463968 -0.054423316501844336 -0.6976481393586196 -0.002113295545999779 0.9999899617589891 -0.003950995215272491 -0.08323957605589512 0.05441528244900497 0.00406014510159982 0.9985101362819252 5.954847013903791
0.9975132735029293 0.00178671842655861 -0.07045620499810765 -0.8701653500322453 -0.0020795907492306164 0.9999894994261163 -0.004083667447449065 -0.08031115042051759 0.0704481688036452 0.00422003255554222 0.9975065146842117 6.939849154177958
0.9960447798509113 0.00039103375601242415 -0.08885180709671299 -1.0581476428419652 -0.0007695594338989538 0.9999907744145694 -0.004225974920399157 -0.08339413322997756 0.08884933488793001 0.004277637005614687 0.9960358916784176 7.922016722776616
0.9940877209335564 -0.0007790533194402148 -0.10857714384276763 -1.2544044961614844 0.0003017726612276648 0.9999902209435698 -0.004412136726394567 -0.10001622426467932 0.10857951935051342 0.004353285329143257 0.9940782347906297 8.90242833715843
0.9914411590619944 -0.0012211103987995607 -0.13054860017327838 -1.4913702977728054 0.0006107851851835814 0.9999886977085551 -0.004715018197838604 -0.12284633651713249 0.1305528822327034 0.004594925956131595 0.9914306993412054 9.873678034631354
0.9880350770545281 0.002152766103618151 -0.15421430578242448 -1.8038901760977948 -0.003149541437342262 0.9999756984962489 -0.00621955027908451 -0.1391745754797015 0.15419716890587343 0.006630838185532829 0.9880178465424451 10.823448898716011
0.9838485006973038 0.006471465724234855 -0.1788861308403946 -2.1550334836865614 -0.007988698444404843 0.9999379601706161 -0.0077625064890341645 -0.16926686213318362 0.1788247979806802 0.009066197726059884 0.9838391614923452 11.75928692520328
0.978661181928692 0.009535512887523124 -0.2052592628358233 -2.531515303462616 -0.011547232855374906 0.9998963002824254 -0.008605236481499462 -0.21339141803735234 0.20515592216486803 0.010791787409448974 0.978669803828233 12.684659522022729
0.9722241780149966 0.010055767128537969 -0.23383547470501315 -2.919689102293498 -0.012479784503804096 0.9998826135159036 -0.00888899135706746 -0.2233986331126709 0.23371863995368622 0.011560308649171578 0.9722355458437707 13.60619136496015
0.9644319507003014 0.012195343096960246 -0.2640497795400655 -3.3293317320744173 -0.014903973664490299 0.9998548350789437 -0.00825713862472838 -0.25849081274369695 0.26391075013613596 0.011898839271429817 0.96447370808466 14.517762226053744
0.9552614279137486 0.013854147620367218 -0.2954380932342642 -3.769461800880833 -0.01676199204749104 0.9998327709011843 -0.007312034919307887 -0.2646084255348468 0.2952873853769996 0.011937035887292509 0.9553339035182621 15.415675405234335
0.9443722973000649 0.01583852141732183 -0.32849673564817794 -4.238303272456604 -0.018918985829395798 0.9998018999839574 -0.006183264805708991 -0.2800019356235145 0.32833372666752225 0.012054129076114107 0.9444848658950722 16.298823577614154
0.9323637120342555 0.018080252746652585 -0.361069263358596 -4.750199683177773 -0.0216234056626686 0.9997495077981408 -0.005774944581949187 -0.29137567749868604 0.3608744058661543 0.013191895921143445 0.9325211188347186 17.15779545298991
0.919067038080102 0.021145399955550752 -0.39353354567988974 -5.30286379356274 -0.025210665574847593 0.9996688269873287 -0.005163205501716971 -0.29092182158269975 0.3932940399445935 0.01466657460008292 0.9192957574869798 17.991199409728296
0.9035224681159624 0.021506692784486046 -0.4280007146899541 -5.857422192239721 -0.02603483338584144 0.9996498520368094 -0.004728717940160151 -0.28281476224973034 0.42774915202745784 0.015415430200292722 0.9037660247273791 18.823304714389785
0.8858286908395162 0.017512888494140576 -0.4636818189471513 -6.435945841699367 -0.02254072518515742 0.9997318595838547 -0.005303267024784324 -0.28730168992047467 0.46346461158720015 0.015149510539979852 0.8859859175724655 19.63895797067947
