0.9999798526930299 0.0005911438110282512 -0.0063201864704323235 -0.0919927610349137 -0.0005894492957213536 0.9999997898325791 0.00026997097184598 -0.016555666236371214 0.006320344733804231 -0.0002662401031941278 0.9999799909791461 0.995622027595133
0.9999109665322464 0.001123114773904886 -0.013296526680073905 -0.17516395148357222 -0.001119528165230099 0.9999993349136233 0.00027718044493971867 -0.03224822262498884 0.01329682914218794 -0.0002622699304854511 0.9999115588637061 1.9920337280249019
0.9997778348025972 0.001376961533909297 -0.02103295068138735 -0.24610619394191016 -0.0013848128131201327 0.9999989768046448 -0.0003587243185069034 -0.04624439457485489 0.021032435210982078 0.00038777132204916227 0.9997787186685348 2.9894159443320367
0.9995544704014867 0.0019558740737246733 -0.02978313712508975 -0.393344999399064 -0.002006030050237471 0.9999966196396021 -0.001654252945281717 -0.05934058355568437 0.029779800936905444 0.0017132617946944086 0.9995550150893051 3.9784302030774445
0.9991517277113883 0.002144198876114231 -0.04112453552963932 -0.5337755263996011 -0.002278432019001904 0.999992228277819 -0.0032174728433545315 -0.0680567393655097 0.041117317019519754 0.0033084430088194247 0.9991488479931174 4.968482361155114
0.9985161546103956 0.0018951525030463968 -0.054423316501844336 -0.6976481393586196 -0.002113295545999779 0.9999899617589891 -0.003950995215272491 -0.08323957605589512 0.05441528244900497 0.00406014510159982 0.9985101362819252 5.954847013903791
0.9975132735029293 0.00178671842655861 -0.07045620499810765 -0.8701653500322453 -0.0020795907492306164 0.9999894994261163 -0.004083667447449065 -0.08031115042051759 0.0704481688036452 0.00422003255554222 0.9975065146842117 6.939849154177958
0.9960447798509113 0.00039103375601242415 -0.08885180709671299 -1.0581476428419652 -0.0007695594338989538 0.9999907744145694 -0.004225974920399157 -0.08339413322997756 0.08884933488793001 0.004277637005614687 0.9960358916784176 7.922016722776616
