0.9999794999989183 0.0005025122880768155 -0.006380358170464089 -0.004596714015580808 -0.0005005160142490648 0.9999998000001049 0.00031448744383338027 -0.0020015240325570774 0.006380514829718003 -0.00031128745633588893 0.9999796000009755 0.09154274000149638
0.9999095999977273 0.0010615159880575753 -0.013405990170451023 -0.01001116003160933 -0.0010587620167511337 0.9999994000000582 0.00021260184394228035 -0.004359704066049073 0.013406209829928793 -0.00019838875643103635 0.9999101000022095 0.18573730000325944
0.9997799999964493 0.001386755987950022 -0.020929250170421618 -0.017533710048238803 -0.0013955060194294601 0.9999988999998295 -0.0004034728559215918 -0.006859665100775287 0.02092866983007085 0.0004325909435137001 0.9997809000037113 0.28346720000543235
0.9995453999948979 0.002025308987708252 -0.03008212017036494 -0.028631920065941834 -0.0020800740226862412 0.9999961999993163 -0.0017893313557282202 -0.0067266601376364 0.030078389830354723 0.001851090643405812 0.9995458000057654 0.3873100000072768
0.9991402999929736 0.0022307069874048222 -0.04139680017027426 -0.04273697008533876 -0.002379114026710634 0.9999908999986797 -0.0035360423554469 -0.007303015178019305 0.041388539830530306 0.0036314896433726866 0.9991365000083162 0.5011396000098864
0.9984891999906713 0.0021456309872415324 -0.05490591017015151 -0.06000009010694382 -0.002394373031514738 0.9999870999983396 -0.004464951355051803 -0.008065471222983777 0.05489561983064672 0.004589670643388543 0.9984816000109499 0.6279359000131008
0.9974752999879332 0.002223073987237128 -0.07097932016997895 -0.0827569301306278 -0.002545053037228567 0.9999868999983293 -0.004446103354498172 -0.008995000272231346 0.07096850983087323 0.004615523643375412 0.9974679000136831 0.7669396000173112
0.9959797999847491 0.0009912398872429565 -0.08957233016972335 -0.10904970015656325 -0.001397593043836342 0.9999889999983564 -0.004473982353741977 -0.010339820326152323 0.08956690983071938 0.004581181643584646 0.9959703000168625 0.9191805000222721
0.9939835999813311 -0.0003564687127464916 -0.10952860016938225 -0.14153350018428398 -0.00014066435092397085 0.9999896999983947 -0.0045310843527915454 -0.011950880383736791 0.10952909983061186 0.004519230643814132 0.9939733000202845 1.0819130000283832
0.991297999977563 -0.0004511767127813148 -0.13163660016892179 -0.1816057002131226 -0.00017455105876782478 0.9999886999983231 -0.004741873351569673 -0.016045150443628836 0.1316371998310817 0.0047235856438306335 0.9912867000241284 1.2513780000366728
0.9877898999734984 0.00292787198692007 -0.15576410016830905 -0.23256430024274932 -0.0039008670673134392 0.9999746999976582 -0.005941284350030172 -0.022653640505100502 0.15574279983300718 0.006476355643259615 0.9877764000286685 1.4256430000477134
0.9834264999692356 0.0072819069864733495 -0.18116110016754688 -0.29345900027307475 -0.00880976207629227 0.9999320999966714 -0.007630442348175398 -0.03116429056796083 0.1810931998354998 0.009099963642532585 0.9834238000335993 1.6041400000611254
0.9780771999647223 0.01080195998619889 -0.2079623001666325 -0.36165120030442743 -0.012793410085760074 0.9998841999960544 -0.008233354345958597 -0.039333570632872315 0.2078492998378308 0.010713399641949605 0.9781022000383826 1.78864000007566
0.9713482999597255 0.011583859986049038 -0.23737820016548325 -0.4366243003368707 -0.014004440096152678 0.9998656999957314 -0.008513365343211522 -0.04313507069987252 0.23724769983940927 0.011593789641822911 0.9713800000434969 1.979231000089794
0.9632836999545087 0.013445709986001886 -0.2681487001641218 -0.5224919003698736 -0.01613640010701172 0.9998390999956099 -0.007832912339980784 -0.04573638076788154 0.26800029984154344 0.01187226964151501 0.9633457000484998 2.1730200001053577
0.9538089999491115 0.015771979985998368 -0.299999500162529 -0.6200940004031977 -0.01861376011823998 0.9998047999955739 -0.006616866336240142 -0.04902232083643831 0.29983669984404104 0.011895339641130683 0.953916400053496 2.3687410001231655
0.9425174999433963 0.017741189985975896 -0.3336855001606261 -0.7248452004367415 -0.0207381701301018 0.9997701999955025 -0.005421185331829787 -0.051407430905346566 0.3335125998467226 0.01202958964080733 0.9426689000588122 2.5656890001418713
0.9299712999377493 0.02036642998574781 -0.3670676001585027 -0.8394934004695412 -0.023853020141830675 0.9997030999949925 -0.004964301326981178 -0.0539778909725859 0.36685749984997096 0.013372329640383726 0.93018100006434 2.7582850001623305
0.9160370999321172 0.023498469985500717 -0.4004045001561508 -0.9687591005023282 -0.02746958015352486 0.9996138999944364 -0.004180152321647151 -0.051010011039484514 0.4001516998536346 0.014828119639881603 0.9163290000697434 2.950416000183309
0.899965399926188 0.02432814998538228 -0.4352819001534258 -1.1036330005350516 -0.028660130165753576 0.9995833999941781 -0.0033888383155147674 -0.04676236110615137 0.4350181998567984 0.015525069639751041 0.9002878000754069 3.142085000204787
0.8815779999199557 0.020507119985369443 -0.47159270015026716 -1.2427640005676595 -0.025437550178477465 0.999668099994199 -0.0040816333084961465 -0.04292676117253604 0.4713524998587847 0.015594439640372215 0.8818071000818432 3.3331050002271376
0.8604448999134595 0.01550967998558593 -0.5093075001466436 -1.3924750006000408 -0.020638870191680984 0.9997771999947143 -0.004422429300479917 -0.04238966123840321 0.5091253998606776 0.014316789641185235 0.8605733000883937 3.5230280002524657
0.835745299906717 0.016847569985847344 -0.5488588001424758 -1.5644460006312462 -0.02109935020548784 0.9997762999952445 -0.0014391272912213215 -0.044919851301622585 0.548711799865052 0.012783309640957499 0.8359139000940731 3.7062670002826814
0.8069522998997489 0.02370091998576692 -0.5901408001376536 -1.7615680006609327 -0.02696201021985227 0.9996310999949909 0.003279094719469038 -0.04899414136140469 0.590000899872049 0.01326530963984098 0.8072937000994292 3.8807030003177347
0.7747742998927115 0.026852789985489765 -0.6316674001322118 -1.969361000689677 -0.03022770023425627 0.9995282999943712 0.00541501173139242 -0.0514114414190494 0.6315148998786976 0.014898439639340325 0.775220600105747 4.049498000354017
0.7390814998856612 0.027036229985297727 -0.6730732001261421 -2.187835000718014 -0.030781630248576677 0.999505899993967 0.006348110744596465 -0.05358748147570795 0.6729123998849792 0.016026519639317026 0.7395486001124727 4.215884000392034
0.6998653998786168 0.02300742998589013 -0.7139041001194505 -2.415527000746401 -0.0250627002626857 0.9996565999952571 0.007646712759102816 -0.05318918153229924 0.7138349998896266 0.012540689639950104 0.7002017001189702 4.3823910004307045
0.6574737998718454 0.019588319986395784 -0.753222700112217 -2.663146000773403 -0.02008945027620522 0.9997622999963575 0.008464135774711 -0.05287039158575769 0.7532095998950811 0.00956688664049528 0.6577111001253813 4.540774000472801
0.6131628998655835 0.01930945998680353 -0.7897204001046871 -2.9291150007984457 -0.017508630288696495 0.9997877999972138 0.010851589790944315 -0.0528378916349077 0.7897623999017149 0.007173129640533734 0.6133709001307524 4.687680000518128
0.565477199859618 0.02029054998719397 -0.824514300096593 -3.215512000821774 -0.01550389030054279 0.9997821999980178 0.013970699808354976 -0.0513893016801964 0.8246181999091295 0.004883067640368491 0.5656686001355721 4.824434000566431
0.5147144998540354 0.02089947998741757 -0.8571069000879619 -3.5178390008429004 -0.013822360311560039 0.9997751999984775 0.016077599826836063 -0.04877551172065947 0.8572502999171837 0.003571868640267186 0.5148876001403774 4.948178000617035
0.46223149984901324 0.02267229998752077 -0.8864694000790477 -3.8369550008615416 -0.013115770321409526 0.999738499998671 0.018730319845883588 -0.04505658175570208 0.8866622999258785 0.0029689926399780577 0.4624080001444377 5.0572710006701085
0.4081171998445362 0.024827799987673912 -0.9125918000698594 -4.177130000878013 -0.012029690330090924 0.9996895999989641 0.021817619865476274 -0.03878842178589828 0.912850299934716 0.0020740546396280455 0.4082892001477909 5.153468000725863
0.352822099840652 0.026851539987614418 -0.9353051000604653 -4.5343350008917715 -0.011748590337539232 0.9996364999988143 0.02426654988544178 -0.03325067181023642 0.9356166999440416 0.002426747639301988 0.35300930015079024 5.23379400078478
0.2977516998373873 0.02999077998795962 -0.9541721000511217 -4.911075000903521 -0.009323251343641752 0.9995500999994958 0.028507729905301406 -0.029454351830183564 0.9545978999525649 0.0004077652387976423 0.29789730015249544 5.302451000847648
0.24394229983475127 0.0322657799884931 -0.9692528000419729 -5.29932900091352 -0.005239211348404377 0.9994756000005817 0.03195327992468886 -0.026977481846371554 0.9697755999602825 -0.0027166323615636203 0.24398340015383874 5.3609430009129495
0.19281189983276179 0.03260780998873953 -0.9806938000332545 -5.701357000920513 -0.002205280351873835 0.999459500001092 0.03279819994306725 -0.023030831856074283 0.9812332999679175 -0.004161174361616186 0.19277960015548803 5.401694000980074
0.14510079983138952 0.03362422998818369 -0.9888454000251431 -6.122091000923939 -0.003991990354214995 0.9994340999999175 0.0333985199601319 -0.016042661858016546 0.989408899976687 -0.000898687261780402 0.14515290015666377 5.421290001049304
0.10206089983050327 0.03392392998757157 -0.9941995000178238 -6.558994000925151 -0.006144850355605585 0.9994207999986342 0.033471289975494374 -0.005757047855058425 0.9947591999847907 0.002693099638173246 0.10221020015755056 5.427674001120115
0.06378190982997647 0.03251617998712378 -0.997434000011292 -7.009091000924669 -0.007384401356279094 0.9994569999977161 0.03210993998914999 0.006191582151634836 0.9979365999917573 0.005317421638400318 0.06398739015858691 5.424017001192584
0.029047259829689972 0.029911739987065752 -0.9991304000053383 -7.473426000922519 -0.006521623356440302 0.999536499997628 0.02973431000155305 0.016251128161941162 0.9995567999973712 0.005652254638815958 0.02922887015972244 5.4106970012681534
-0.0027219941703917694 0.027260049987041228 -0.999624699999889 -7.95041100091895 -0.005718749356210592 0.9996115999976103 0.027275270012885558 0.023064238175282754 0.9999800000025008 0.005790848639241221 -0.002565040839317249 5.389282001347035
-0.029648940170309546 0.02550782998682039 -0.9992347999952826 -8.444612000912965 -0.0063263763557315006 0.9996494999971708 0.025706140022468342 0.03066421819389744 0.9995404000073073 0.007083697639526408 -0.029477169838824695 5.353644001428571
-0.050917640170156896 0.023129999986662517 -0.9984349999916308 -8.953007000905771 -0.0068200213551701215 0.9997003999968708 0.023507130030035305 0.04057476821527457 0.9986796000111086 0.008006277639913607 -0.050744639838177626 5.310729001511704
-0.06733280016999567 0.02173971998667086 -0.997493699988815 -9.480377000897926 -0.006474859354627968 0.9997319999969057 0.022225580035876994 0.05248991823828436 0.9977096000137836 0.007955143640139342 -0.06717398983788152 5.263869001597356
-0.08060838016984248 0.022174319986807568 -0.996499199986554 -10.023020000889058 -0.0053440463541205635 0.9997284999971863 0.022678480040601072 0.06141730826353688 0.9967316000156438 0.0071534156400665065 -0.08046798983821239 5.211227001686676
-0.09045247016968486 0.023835989986565585 -0.9956154999849048 -10.579210000879197 -0.006387145353699392 0.9996790999966594 0.024513560044082883 0.06596198829091462 0.9958803000176933 0.00857645463980085 -0.09027119983901678 5.153075001779866
-0.09725791016954669 0.02540280998613957 -0.9949349999837794 -11.152740000868206 -0.008559783353383511 0.9996158999957486 0.026359070046472977 0.06936404832083809 0.9952224000196275 0.011080059639556276 -0.09700310983979024 5.08836000187642
-0.10181140016946867 0.026260129986099456 -0.9944569999830163 -11.739410000857665 -0.008587813353166635 0.9995910999956538 0.027274920048085016 0.07855472835012273 0.9947667000204139 0.011317109639418968 -0.10154419984019798 5.025880001973152
-0.10350050016947164 0.026485619986510448 -0.9942766999827172 -12.344120000847411 -0.006117944353090796 0.9996094999965106 0.027264540048707646 0.09123046837910999 0.9946106000198218 0.008904823639373978 -0.10329799984022503 4.964841002071719
-0.10282780016951176 0.028471919986855748 -0.9942915999828451 -12.964270000836805 -0.003919262353127672 0.9995708999972075 0.02902843004848485 0.10267149840899117 0.9946915000189239 0.0068818206390491386 -0.10267209984085086 4.901812002173356
-0.10135780016952889 0.0312697999866997 -0.9943584999831372 -13.60015000082561 -0.004596263353198001 0.9994804999968456 0.03189940004794747 0.10951629844016582 0.9948395000189146 0.007803587638604409 -0.10116139984186227 4.835681002279312
-0.09950488016952905 0.03165294998628487 -0.9945334999834742 -14.251640000814042 -0.007042716353281717 0.9994463999959731 0.03251396004726039 0.11782419847235578 0.9950122000194703 0.010239519638551242 -0.09922687984205139 4.767225002387407
-0.09786425016953365 0.028808429986043514 -0.9947826999837253 -14.913410000802275 -0.008778970353354412 0.9995169999955045 0.029809190046670993 0.12961489850516972 0.9951611000198093 0.011650419639010975 -0.09756406984104533 4.697363002496014
-0.09663340016954887 0.028584559985986805 -0.9949094999839343 -15.593720000790976 -0.009168533353410727 0.9995194999953886 0.02960754004623106 0.1450797985373157 0.9952778000197383 0.011982939639048246 -0.09632489984095188 4.629999002606473
-0.09508533016958075 0.03088558998603981 -0.994989899984227 -16.290980000779815 -0.008691167353483917 0.9994546999954703 0.03185476004567632 0.16222539856942705 0.9954312000193044 0.011676549638679092 -0.09476504984173874 4.563302002719223
-0.093245920169598 0.03432540998583998 -0.9950511999845949 -17.004780000768285 -0.009606841353564939 0.9993279999950083 0.03537320004499606 0.17701879860244013 0.9955968000193169 0.012857709638137864 -0.09285349984298173 4.494630002835629
-0.0914335201696114 0.03749732998561256 -0.9951048999849568 -17.733220000756837 -0.010720940353642473 0.9991957999944919 0.03863657004432143 0.19055939863542404 0.9957535000194049 0.014201139637644262 -0.09095797984413512 4.426532002954979
-0.08963018016962267 0.036337949985436956 -0.995311999985256 -18.471830000745594 -0.011919240353717615 0.9992234999941396 0.037554120043671785 0.20927529866823946 0.9959038000195244 0.015229339637832027 -0.08912745984371419 4.3592490030742175
-0.08776869016961879 0.03343540998510465 -0.9955795999855463 -19.22427000073421 -0.014181240353788429 0.9992932999934817 0.034810340042999925 0.23055549870157033 0.9960400000200129 0.017173809638301937 -0.0872325098426911 4.290984003194899
-0.08620014016962244 0.032526669984895354 -0.9957466999858088 -19.988330000722883 -0.015537400353848789 0.9993013999930553 0.03398785004243264 0.2503188987348967 0.9961567000202287 0.018401069638453955 -0.08563453984236959 4.223122003318102
-0.08451284016968508 0.03487322998532266 -0.9958118999861126 -20.77310000071269 -0.012900880353933903 0.9992652999939193 0.036089050041851416 0.2703515987660953 0.9963389000190019 0.015896839638066814 -0.08400084984310703 4.161929003444739
-0.08331618016973555 0.0370588799857066 -0.9958337999863306 -21.564480000702385 -0.010520130353994121 0.9992198999946944 0.03806506004144572 0.2880248987975578 0.9964677000179498 0.013647739637710416 -0.08286131984380726 4.100217003573346
-0.08195788016976524 0.03938853998581479 -0.995857099986589 -22.36419000069165 -0.009754524354053282 0.9991390999948906 0.04032114004096214 0.30622359883002664 0.9965881000174457 0.013018749637342081 -0.08150310984460701 4.035961003703185
-0.08125065016977412 0.035263909985862416 -0.9960696999866512 -23.164150000680763 -0.009827283354082127 0.9992969999950435 0.03617980004073094 0.321615198862743 0.9966453000173511 0.012728289637988931 -0.08084697984309544 3.971019003834065
-0.08074505016979898 0.027842089986190015 -0.9963457999866244 -23.969500000670337 -0.008508473354107133 0.9995540999958236 0.028621280040600695 0.3342057988944929 0.9966985000167952 0.010788409639162493 -0.08047214984035567 3.9089700039668633
-0.08068463016984546 0.023172759986847192 -0.9964702999865525 -24.789470000660298 -0.005031547354118008 0.9997074999972566 0.02365546004062794 0.3492535989256587 0.9967270000155461 0.0069224216399037955 -0.08054442983856537 3.849052004101278
-0.08117506016985832 0.022684729987116122 -0.9964416999864548 -25.61886000064971 -0.003485151354100307 0.999728399997825 0.023043480040816248 0.3615095989580259 0.9966938000150787 0.0053433086399795405 -0.08107394983835223 3.7860790042382924
-0.0809868901698482 0.031237899986829597 -0.9962254999866046 -26.461360000637942 -0.004490308354106586 0.9994871999971179 0.03170522004071788 0.3717696989929593 0.9967051000154047 0.007041068638607463 -0.08080508984147482 3.7163430043782526
-0.0813260101698287 0.038060489986539145 -0.9959605999866464 -27.307550000625906 -0.005642357354090589 0.9992369999964229 0.03864644004080167 0.3854990990285976 0.996671600015873 0.008762528637533592 -0.08104920984399279 3.6447520045176067
-0.08165962016979846 0.04388269998612525 -0.9956936999866856 -28.152870000613294 -0.007595689354072275 0.9989737999954816 0.044650220040867335 0.40288149906551535 0.9966314000166256 0.011209099636634884 -0.08124249984617714 3.5695410046555103
-0.08204879016976893 0.044659359985806 -0.9956271999866458 -28.997620000600428 -0.009387220354050764 0.9989164999948036 0.045580510040972765 0.4194171991029365 0.9965841000173303 0.013085999636522907 -0.08154065984651988 3.4928980047936187
-0.08245294016975913 0.04133612998579592 -0.9957372999865324 -29.837210000587948 -0.009690603354033028 0.9990588999948258 0.042276470041128736 0.43700639913951067 0.9965479000175074 0.013135119637038667 -0.08197476984532406 3.418460004930473
-0.08290210016975526 0.03805546998586849 -0.9958307999864079 -30.67424000057584 -0.009508351354015 0.99919489999502 0.03897560004130755 0.4566602991753328 0.996512400017519 0.01269986963754945 -0.0824735098441322 3.346046005066154
-0.08288970016973424 0.03922071998558893 -0.9957865999864387 -31.515860000563453 -0.011052920354009841 0.9991275999944199 0.04027237004127509 0.47638549921179507 0.9964975000180673 0.014344519637374792 -0.08238387984460173 3.2719900052025936
-0.08269813016972173 0.0419464899853672 -0.9956914999865198 -32.354420000551166 -0.012142920354013275 0.9989971999939206 0.0430943100411749 0.49172559924790465 0.9965007000184228 0.0156544196369566 -0.08210583984562322 3.1988210053400734
-0.08271724016970894 0.04082258998523114 -0.9957365999865072 -33.19517000053853 -0.013028300354008482 0.9990309999936505 0.04203994004117523 0.5076453992847617 0.9964879000187414 0.016450179637136145 -0.08210523984523993 3.1236260054777194
-0.08231200016970414 0.03566379998517793 -0.9959682999865053 -34.0262600005264 -0.013765490354021777 0.9992234999936059 0.036918030041054 0.524189899320495 0.996511600018935 0.016748789637946952 -0.08175714984337576 3.051261005613496
-0.08195133016969151 0.031054209985033398 -0.9961523999865064 -34.86004000051448 -0.014990270354030374 0.9993628999933626 0.03238752004094094 0.5386701993557396 0.9965236000193098 0.01758678963868306 -0.08143360984173038 2.9803580057504657
-0.08151395016969723 0.03157686998502395 -0.9961717999865891 -35.69639000050274 -0.015018610354048258 0.999345599993336 0.03290641004078184 0.5500319993905998 0.9965591000192455 0.017643449638600133 -0.08098636984191196 2.910621005888985
-0.08074712016972146 0.034417699985151186 -0.9961401999867556 -36.53345000049133 -0.01407711035408455 0.999264599993566 0.035666750040502467 0.5579547994246655 0.9966352000187794 0.016902759638144728 -0.08020322984290071 2.8431370060288508
-0.08028235016973531 0.0389323599851832 -0.9960114999868981 -37.37375000047987 -0.013557420354106077 0.999101799993575 0.04014595004031539 0.5707776994589783 0.996680000018515 0.01672635963743314 -0.07968241984451836 2.7750700061675233
-0.07964970016975537 0.044430419985252816 -0.9958321999870806 -38.21476000046847 -0.01275581035413549 0.998878899993649 0.045586610040067865 0.5878614994933059 0.9967413000181217 0.016333609636575333 -0.07899365984648715 2.706985006304798
-0.07980664016975181 0.0483563899851831 -0.9956366999871136 -39.04918000045707 -0.012858750354128696 0.9986895999934515 0.04953538004009638 0.6055645995275706 0.996727500018185 0.016755899635973535 -0.07908025984792726 2.638855006440729
-0.07952916016976008 0.0477654199852475 -0.9956874999871489 -39.88167000044594 -0.01253987035414135 0.9987242999935941 0.04891272004000739 0.6246495995612658 0.9967537000180241 0.016375789636061917 -0.07882873984769677 2.57225700657584
-0.07935204016976413 0.04425697998531404 -0.9958636999871261 -40.7117100004347 -0.012423850354149028 0.9988923999937794 0.04538155003996873 0.6464857995952358 0.9967693000179527 0.015973579636600094 -0.07871430984640876 2.5048060067095514
-0.07897161016975894 0.039593099985252664 -0.996090299987128 -41.53840000042322 -0.013153260354160994 0.999082599993712 0.040754860039851765 0.6640168996295941 0.9967901000181477 0.016320309637327356 -0.07837837984472187 2.4361540068442262
-0.07862370016970593 0.03683574998461463 -0.9962235999871759 -42.36520000041097 -0.01711449035415355 0.9991198999924124 0.03829356003969152 0.6807226996655313 0.9967575000194997 0.020060639637784095 -0.07792407984382234 2.363072006979214
-0.07912445016964927 0.03465561998407885 -0.9962621999870805 -43.191430000398746 -0.02040105035411139 0.9991298999913191 0.03637566003984323 0.6977482997013855 0.9966560000207559 0.023202999638152165 -0.0783485998431325 2.290205007113991
-0.0797654601696604 0.033127699984315584 -0.9962629999869383 -44.01519000038754 -0.019107510354094626 0.9992130999918342 0.03475564004010012 0.7092787997349496 0.9966305000204043 0.02180840963838298 -0.07906969984255524 2.2236830072503047
-0.08099499016969945 0.02976201998499316 -0.9962699999866527 -44.83883000037698 -0.015358500354067682 0.9993980999932952 0.03110410004060589 0.7206986997671777 0.9965962000192784 0.017820489638890796 -0.08048913984125318 2.1609080073866362
-0.08168221016974983 0.02762875998573672 -0.9962753999864788 -45.66121000036617 -0.011152090354059408 0.999527699994878 0.028633300040907472 0.7331960997999301 0.9965961000178969 0.01344937963920827 -0.08133551984037203 2.0966190075223685
-0.08331048016973934 0.030880149985838316 -0.9960450999862426 -46.48335000035463 -0.01024723035399534 0.9994402999950494 0.031842510041478964 0.7434450998341315 0.9964710000178522 0.012859519638685162 -0.08294741984155458 2.028253007658863
-0.08506616016973921 0.037601109986050756 -0.9956654999860255 -47.30744000034297 -0.008393766353927648 0.9992250999954074 0.038452680042093304 0.7534144998686292 0.9963400000174912 0.011628409637616148 -0.08468462984397417 1.9591220077957892
-0.08682806016974103 0.04163557998633933 -0.9953528999857651 -48.123330000331414 -0.006298404353857881 0.9990832999959587 0.04234107004273138 0.7646920999028496 0.9962034000170451 0.009945528636978937 -0.0864862298454127 1.89049300793085
-0.08855103016972787 0.040488179986510844 -0.9952483999854483 -48.93314000031959 -0.005319431353785269 0.9991399999963323 0.04111980004336186 0.7767208999375562 0.9960575000169901 0.008935357637154326 -0.08825950984499543 1.8202950080646074
-0.08958858016966074 0.037222209985888675 -0.995283099985257 -49.73553000030614 -0.009200308353729703 0.9992277999950733 0.038197900043689115 0.7874192999755233 0.9959364000185497 0.012579009637679777 -0.08917693984394862 1.7406950081975754
-0.09088125016958316 0.03306854998523474 -0.995312499985007 -50.53252000029242 -0.013343250353655797 0.9993183999937587 0.03442002004411736 0.7989932000140413 0.995772400020246 0.01640883963835555 -0.09037805984259774 1.6593660083293102
-0.09202649016950169 0.031373529984512045 -0.9952621999848161 -51.32871000027826 -0.017684450353580485 0.999294399992268 0.03313583004448322 0.8126433000535236 0.9955995000219876 0.020650039638653046 -0.09140672984214884 1.5753040084601684
-0.0930130101694518 0.03268319998410116 -0.9951282999846848 -52.12276000026446 -0.019938540353520856 0.9991994999913912 0.034680540044795184 0.8219496000920861 0.9954653000229586 0.0230671396384636 -0.09228689984272197 1.4937520085922111
-0.09396287016944373 0.03429641998414972 -0.9949847999845458 -52.91590000025147 -0.019474380353480942 0.999151899991472 0.036279160045124194 0.8317695001289966 0.9953852000229552 0.022785599638205558 -0.09321527984331593 1.4168070087239144
-0.09489148016940095 0.03383214998384461 -0.9949124999843937 -53.70196000023806 -0.02126901035342536 0.9991252999908393 0.036003980045434564 0.8419538001666711 0.9952604000237528 0.024577269638294177 -0.09408889984323023 1.33747900885428
-0.09547628016937457 0.03365710998366052 -0.9948624999842992 -54.48400000022478 -0.022341570353390072 0.9991039999904562 0.03594471004562986 0.8494927002039976 0.9951810000242345 0.025658659638331607 -0.09463877984321763 1.258994008984901
-0.09600787016938864 0.035264699983879814 -0.9947556999842244 -55.26303000021224 -0.02088946035337672 0.9990806999908948 0.03743416004582245 0.8601357002397939 0.9951614000238078 0.024373879638065876 -0.09518294984376643 1.1847020091139067
-0.09631614016940243 0.03786490998404527 -0.9946302999842045 -56.03808000019976 -0.019667480353371285 0.9990085999912075 0.039936120045925325 0.8696735002754192 0.995156500023425 0.02340835963764832 -0.09547594984467914 1.1107560092426272
-0.09631889016939363 0.042291389983877894 -0.9944515999842801 -56.81074000018659 -0.020236660353367086 0.9988071999907998 0.04443667004587766 0.8820234003125024 0.9951448000236284 0.024404469636965517 -0.09534815984631291 1.0326370093699382
-0.09679243016938671 0.04476911998384514 -0.9942971999842395 -57.574600000173774 -0.02017706035334549 0.9986942999906989 0.04693131004602351 0.8957003003487608 0.9951001000236878 0.02460458963658337 -0.09576273984722795 0.9565390094952757
-0.09751230016938152 0.04461773998391703 -0.9942336999841106 -58.33039000016143 -0.01973636035331496 0.9987113999908512 0.04675439004628756 0.9106542003839879 0.9950386000236535 0.024181679636603084 -0.09650604984717574 0.8830630096187831
-0.09795446016938435 0.042838379984056436 -0.9942684999840008 -59.07759000014912 -0.019066920353298863 0.9988088999911663 0.04491248004647142 0.9234551004189622 0.9950083000234903 0.023357009636871668 -0.0970209998465136 0.8100074097415941
-0.09803627016938667 0.03931107998415413 -0.9944060999839284 -59.81040000013663 -0.018824510353296638 0.9989674999914169 0.04134728004653507 0.9337799004541149 0.9950048000234181 0.022772739637416443 -0.09719503984522004 0.7359683098628331
-0.09799930016938393 0.03666303998415965 -0.994510899983894 -60.53658000012421 -0.019044400353296898 0.9990690999914627 0.0387077300465416 0.943217700489032 0.9950043000234898 0.02273318963783164 -0.09720984984426183 0.6623665099832581
-0.09675594016939652 0.03416076998411665 -0.9947216999840695 -61.2454800001123 -0.019578720353351443 0.9991520999914049 0.03621733004611493 0.9508013005226085 0.9951156000234682 0.022979619638228616 -0.09600507984333868 0.5919478101013992
-0.09446826016940167 0.03336157998378727 -0.9949686999844606 -61.94033000010075 -0.02166315035344175 0.9991327999907257 0.03555804004528374 0.956511200555222 0.9952922000238208 0.024913259638371727 -0.09366361984306172 0.5237598102178109
-0.0906559701694463 0.034473039983623076 -0.9952853999851341 -62.62022000009023 -0.022663470353605757 0.9990703999903677 0.03666846004390772 0.9607290005854672 0.9956244000235273 0.025880839638204492 -0.08979041984340332 0.46171791033220333
-0.08478874016954807 0.03562919998379167 -0.995761699986144 -63.285510000081274 -0.021796940353867016 0.9990549999907059 0.037603050041826354 0.965474800612272 0.9961605000222185 0.024892879638012896 -0.08393199984365507 0.40884071044392034
-0.07769131016965933 0.03737606998395269 -0.9962765999873728 -63.93546000007339 -0.020990370354164345 0.9990141999910204 0.039115650039302514 0.9696725006366388 0.9967565000207215 0.023951159637729653 -0.07683018984410618 0.3622951105532179
-0.06908210016975128 0.03878500998381963 -0.9968566999888668 -64.57047000006627 -0.02201573035448533 0.9989412999907238 0.04039181003621895 0.9742130006592442 0.9973681000196191 0.024736879637515453 -0.06815507984446192 0.3201877106598469
-0.05715155016984375 0.04050174998349946 -0.9975435999909401 -65.1899100000605 -0.0242857303548783 0.9988246999900311 0.04194516003193283 0.9801827006788576 0.998070100018394 0.026623309637264354 -0.056100769844898195 0.2859581107633119
-0.04271090016991636 0.04211608998306746 -0.998199399993445 -65.79136000005666 -0.02736683035528014 0.9986868999891055 0.04330764002673995 0.9882448006943234 0.99871260001703 0.029167259637038256 -0.0415022298452718 0.262766810862964
-0.024299150169992952 0.04346381998290772 -0.9987593999966088 -66.37563000005552 -0.02907338035570346 0.9986010999887535 0.04416428002015576 0.9966522007038852 0.9992819000144992 0.030110459636839084 -0.02300151984548152 0.255566810959566
-0.002518869170021824 0.044262129982861664 -0.9990168000003316 -66.93703000005713 -0.03030184035605544 0.9985577999886467 0.04431821001238278 1.0037120007073834 0.999537700011224 0.030383669636718427 -0.0011740108454924886 0.2646196110527493
0.022886779830019244 0.04500993998308577 -0.9987243000046584 -67.47673000006225 -0.030121220356269393 0.9985634999891062 0.04431245000333635 1.00921300070332 0.9992842000068286 0.029068619636588914 0.024209660154459692 0.29416991114278856
0.05165758983017513 0.04439304998356742 -0.9976777000095252 -67.99052000007107 -0.02852108035624819 0.9986695999901227 0.042960439993118896 1.0138130006911663 0.9982575000013542 0.026235619636656275 0.052855000154762924 0.3455598112287323
0.08536047983055277 0.04448257998398783 -0.9953566000152478 -68.48214000008319 -0.02750150035583708 0.9987273999910017 0.04227473998111389 1.016477000671789 0.9959704999952458 0.02376520963662042 0.08647519015461153 0.41648081131158654
0.12275729983120952 0.04458955998436877 -0.9914345000216027 -68.9541200000983 -0.026863210354896506 0.9987733999917977 0.04159348996776834 1.0198240006459487 0.9920730999886437 0.0215272096365858 0.1238045001541856 0.5048813113908475
0.1629810998321974 0.044269839984672675 -0.9856355000284359 -69.40376000011645 -0.026716300353309953 0.9988244999924379 0.040444529953389104 1.0215430006134971 0.9862673999817346 0.01974083963662209 0.16397230015360634 0.6110892114668816
0.20779879983362426 0.045183689985184516 -0.9771275000360672 -69.84846000013879 -0.02578527035084148 0.9988383999934971 0.04070407993734493 1.023928000572197 0.9778316999737632 0.01673723963646137 0.20872250015206356 0.7419667115418358
0.2555491998355225 0.04418567998593339 -0.9657858000441649 -70.27047000016498 -0.02323950034738238 0.9989470999950768 0.039553629920257107 1.0243370005225285 0.9665166999647165 0.012336479636592776 0.25630700015054 0.8955753116136249
0.3052821998378845 0.039402879987374316 -0.9514463000525396 -70.68171000019652 -0.015720970342853507 0.9992158999981523 0.03633694990250252 1.0238880004614863 0.9521321999535602 0.0038646346373123128 0.30566230014924156 1.0807440116838856
0.35612899984084273 0.03412234998840749 -0.9338136000611218 -71.06861000023152 -0.010092550337139052 0.9994152000003796 0.03267049988426409 1.025888000393089 0.9343822999428877 -0.002210349361858546 0.3562651001475419 1.2857460117491228
0.4079744998444237 0.02889901998939131 -0.9125358000698911 -71.45144000027044 -0.004496180330136207 0.9995504000025016 0.029644549865606797 1.0323620003165157 0.9129822999320564 -0.007991289361016321 0.4079211001449928 1.513560011812079
0.45897529984860613 0.02786761998964233 -0.8880119000785744 -71.81419000031147 -0.0043833193220031985 0.999566800003039 0.029102889847152338 1.0402910002352637 0.8884382999233223 -0.009465065360846348 0.4588986001410053 1.7538290118710869
0.5069012998530988 0.026539269990060305 -0.8615955000867326 -72.17075000035582 -0.0031810203131579155 0.9995767000039286 0.028917959829781372 1.0455490001469738 0.8619982999147245 -0.011917790360623435 0.5067711001365682 2.0136470119299914
0.5520073998578144 0.022625549991400134 -0.833532200094396 -72.50742000040414 0.004001909696336957 0.9995484000067749 0.029782189813450925 1.0491840000500814 0.8338296999044768 -0.019775700359946205 0.5516675001314765 2.2969440119860876
0.5956628998629174 0.015855759993323344 -0.8030780001018092 -72.81071000045613 0.015498079706766942 0.9993921000108714 0.031227049797629355 1.0521869999451188 0.8030849998929395 -0.031046950358736516 0.5950551001257703 2.6017720120367187
0.6381225998685771 0.010527859993421897 -0.7698628001090231 -73.10855000050843 0.017637449718140165 0.9994442000111424 0.02828667978208127 1.052213999839355 0.7697327998849394 -0.031628780357846865 0.6375822001211559 2.908665012087478
0.6793712998747663 0.006183857992345329 -0.7337686001160136 -73.38524000056165 0.014386019730499354 0.9996600000089498 0.021744199766875586 1.051990999731462 0.7336536998790664 -0.025328390357183254 0.6790514001173339 3.2208230121347197
0.719878999881561 -0.0011539490093926599 -0.6940987001228219 -73.65932000061856 0.011345159744138406 0.9998846000054112 0.010104219751880568 1.056080999615913 0.6940068998732447 -0.015148480356012448 0.7198090001147183 3.5543850121799823
0.7593589998890053 -0.004902043011088089 -0.6506534001294547 -73.91333000067944 0.007111605759117541 0.9999744000019152 0.0007659134372650245 1.0587529994918146 0.6506329998680231 -0.005208790355405533 0.7593745001106389 3.911270012222318
0.7967184998969151 -0.006044423011696595 -0.6043204001357865 -74.16588000074577 0.005806607775168134 0.9999804000006572 -0.0023465592766005947 1.0578549993561577 0.6043227998621198 -0.00163950235521294 0.7967379001038499 4.300551012265696
0.8310407999051137 -0.008059018012009339 -0.5561530001416108 -74.401710000817 0.006588533791910675 0.9999675000000277 -0.004645155289407178 1.0570759992100842 0.5561723998559905 0.00019608254513506945 0.831066900096458 4.718510012306176
0.8620976999135721 -0.0073744960127304715 -0.5066885001468653 -74.6151500008915 0.004114509809154197 0.9999629999985122 -0.00755319130105374 1.0534569990568463 0.5067254998515779 0.004426814645019983 0.8620961000890621 5.155827012343868
0.8886386999217876 -0.0054326560125938705 -0.4585759001514116 -74.82560000097106 0.0031656138259820903 0.999978599998775 -0.005712150311085115 1.0448439988928808 0.45859709984739144 0.003624364644683414 0.8886369000802048 5.623155012382811
0.9103878999294975 0.00012471288713590978 -0.4137557001551296 -75.01816000105401 -0.0022687931583014196 0.9999863999981438 -0.004690620319366417 1.0381189987216601 0.41374949984562004 0.0052090106437333045 0.9103759000722009 6.110247012418031
0.9282974999367158 0.004418181986506224 -0.37181210015815913 -75.20557000114056 -0.007412496143558746 0.9999505999967755 -0.0066244123262486545 1.0358359985429832 0.3717644998443995 0.008905480643014177 0.9282844000657401 6.618096012450785
0.9422180999430644 0.00882571598643675 -0.334883700160548 -75.37989000123152 -0.011435520130558562 0.9999175999965766 -0.00582221233166314 1.0302819983548763 0.33480479984345973 0.009315363642274607 0.9422415000591593 7.151976012482481
0.9526122999483299 0.010321539986838478 -0.30401190016235224 -75.53930000132586 -0.011948350119691835 0.9999224999973985 -0.0034913313357451355 1.0201339981593807 0.3039522998418707 0.006958324642017878 0.9526619000530665 7.706095012513272
0.9601291999524987 0.009160133987183603 -0.279406700163648 -75.69196000142372 -0.010173340111025013 0.9999458999981341 -0.002176331338714717 1.010451997956366 0.27937169983995697 0.004932059642207521 0.9601704000484038 8.281091012542756
0.966141399956158 0.008961542987582848 -0.25785730016469677 -75.83698000152481 -0.00932613810342791 0.9999564999989711 -0.00019085604111478702 1.0046879977467351 0.2578443998386302 0.002589207642237597 0.9661830000440232 8.874404012569531
0.9708684999593354 0.011646629988008327 -0.23932950016554133 -75.98069000162903 -0.011330830096894 0.9999320999998274 0.002695420656970527 0.996633397530426 0.23934469983853865 9.490472178858012e-05 0.9709347000398367 9.4864180125969
0.9745260999620377 0.015564759988032171 -0.22373360016618352 -76.1222500017356 -0.015160880091386218 0.9998787999998289 0.003522980655462307 0.9889480973091863 0.22376129983927967 -4.123861886033089e-05 0.9746440000368833 10.112200012623772
0.977506199964432 0.020134509988263726 -0.20994360016672878 -76.2580400018451 -0.01939283008652422 0.9997963000002562 0.005591007654209345 0.9812745970817366 0.2100133998402793 -0.0013938423596099184 0.9776975000337961 10.755220012649655
0.9802979999666771 0.018425049988303795 -0.1966633001671948 -76.37903000195752 -0.01774418008182398 0.9998289000003613 0.005223749653067153 0.9768094968481424 0.19672589983921604 -0.001631200359330131 0.980457200031663 11.414990012671872
0.9829610999690233 0.01830400998829898 -0.182899900167645 -76.4929400020728 -0.01770182007695148 0.9998312000003529 0.004924681651953979 0.9734489966084994 0.18295919983874695 -0.0016031083593103185 0.9831192000294234 12.091500012692489
0.9855729999715267 0.018633079988411707 -0.16822210016809613 -76.60203000219083 -0.017986440071757745 0.9998238000005842 0.005367036650846493 0.9705965963630242 0.16829249983840308 -0.0022638883593637774 0.9857345000267638 12.784220012712103
0.9879062999740015 0.019853949988496364 -0.1537755001685025 -76.70271000231176 -0.019193230066643894 0.9997991000007459 0.005780144649834723 0.9650850961113453 0.15385939983843527 -0.002758791359563093 0.9880889000241544 13.494070012731235
0.9898225999762067 0.01986471998810819 -0.14091370016880111 -76.79658000243413 -0.019598500062068227 0.9998024999999344 0.003276916648993976 0.954648495856529 0.14095099983825293 -0.00048186785956614 0.9900165000228534 14.212500012750953
0.9913421999781765 0.021185239987360556 -0.12958310016901284 -76.88462000255893 -0.021512810058017365 0.9997678999983551 -0.0011284793516944114 0.9437304955964697 0.1295290998386759 0.003906405640221086 0.9915679000224912 14.945450012769848
0.9926195999798324 0.018452949986240932 -0.11985770016913104 -76.96463000268537 -0.01957470005452378 0.9997747999960479 -0.008188277352234614 0.9352273953329475 0.1196795998377677 0.010474019640684385 0.9927573000233483 15.68785001278652
0.9935924999812371 0.017887929986059706 -0.11159770016927784 -77.04091000281467 -0.019062920051586895 0.9997733999956759 -0.009470564352672371 0.9267551950634715 0.11140299983741957 0.0115372596407812 0.9937084000223972 16.446840012802543
0.9943125999824134 0.01972078998715574 -0.10465920016949071 -77.11873000294605 -0.02014681004916411 0.999792499997945 -0.003014790353038757 0.9133108947894776 0.10457799983768297 0.005106191640461961 0.9945036000189146 17.218560012820593
0.9947551999833318 0.024302669988513388 -0.09935508016968086 -77.19881000307798 -0.023898750047343625 0.9997006000007251 0.00525383864670727 0.8975355945143317 0.09945300983894413 -0.002851820360286344 0.9950382000150645 17.993590012839867
0.9951549999840659 0.025470639989410376 -0.0949622501698097 -77.27201000320977 -0.02458401004583172 0.9996426000025843 0.01049517964651665 0.8859439942394884 0.0951956398391201 -0.008109779360464775 0.9954256000124486 18.76754001285647
0.9955247999846363 0.02343595998911235 -0.09154850016984345 -77.33723000334031 -0.0227539200445981 0.9997050000019873 0.008486911646355032 0.8765599939672142 0.09172040983840511 -0.006365842360140168 0.9957645000125822 19.534010012870933
0.9958151999852023 0.02366514998895139 -0.08827304016988329 -77.40244000347101 -0.023093530043427336 0.9997052000016481 0.007491473646207612 0.8673709936945724 0.08842430983847661 -0.0054215863601793065 0.9960682000123785 20.301510012885323
0.996104299985671 0.02209171998930258 -0.0853712901699459 -77.46374000360234 -0.02137124004240843 0.9997279000024016 0.009344272646088359 0.8595218934206553 0.08555449983781377 -0.0074833773599191815 0.9963054000112236 21.072460012898564
