0.9999977999999567 0.0005272627909294304 -0.0020669350232575805 -0.05451022432311077 -0.0005296506095380043 0.9999991999997186 -0.0011548652392176374 -0.033005417868024134 0.0020663241834910817 0.0011559578763467105 0.9999972000000444 0.9979675618935518
0.9999909999999134 0.0010489719909025426 -0.0041313480232469555 -0.10901856500172305 -0.0010585140100313906 0.9999967999994372 -0.0023081042391969574 -0.0660095564544481 0.0041289133898766844 0.0023124559919849566 0.9999887999995283 1.9959352721506365
0.9999795999998701 0.0015664659908755886 -0.006198571023236188 -0.1635250724402889 -0.0015879520105251178 0.999992699999155 -0.003462706239174913 -0.09901250664098644 0.006193102596422531 0.0034724791079762084 0.9999747999984525 2.9939031167005323
0.9999636999998269 0.002078470990848633 -0.008263498023225303 -0.21802965769527358 -0.002116664011017968 0.9999870999988727 -0.004615826239151549 -0.13201410710064795 0.008253797802618909 0.004633149224032645 0.9999551999968164 3.991871119436846
0.9999432999997838 0.002586171990821614 -0.01033094002321428 -0.272532298367078 -0.0026458810115110943 0.9999797999985897 -0.0057701632391268225 -0.16501461016850502 0.010315811008947314 0.00579717034042469 0.9999299999946208 4.989839254701425
0.9999183999997407 0.0030883629907945956 -0.012395990023203138 -0.32703288348493903 -0.003174350012003324 0.9999709999983065 -0.006922975239100778 -0.19801363561258853 0.012374251214918345 0.006961759456874022 0.9998991999918645 5.987807568314765
0.9998889999996976 0.003586304990767511 -0.014463840023191853 -0.3815316762839896 -0.0037034030124958985 0.9999604999980224 -0.008077186239073369 -0.2310115850232247 0.014434301421050618 0.00812985357367436 0.9998627999885484 6.985776000623464
0.9998550999996545 0.00407870499074043 -0.01652913002318045 -0.436028297865487 -0.004231669012987542 0.9999483999977382 -0.009229794239044641 -0.2640080761008246 0.016490631626810807 0.009298401690520607 0.9998207999846722 7.983744631882037
0.9998166999996114 0.004566670990713291 -0.01859652002316891 -0.490522825542015 -0.004760342013479364 0.9999346999974534 -0.010383420239014559 -0.2970034074134399 0.018547881832663198 0.01047004080767644 0.9997731999802363 8.981713401278789
