0.9999798526930299 0.0005911438110282512 -0.0063201864704323235 -0.008433889671622863 -0.0005894492957213536 0.9999997898325791 0.00026997097184598 -0.0015178222819594875 0.006320344733804231 -0.0002662401031941278 0.9999799909791461 0.091278555409245
0.9999109665322464 0.001123114773904886 -0.013296526680073905 -0.016283546045142712 -0.001119528165230099 0.9999993349136233 0.00027718044493971867 -0.0029988780971792013 0.01329682914218794 -0.0002622699304854511 0.9999115588637061 0.1853194055249649
0.9997778348025972 0.001376961533909297 -0.02103295068138735 -0.023239494298034465 -0.0013848128131201327 0.9999989768046448 -0.0003587243185069034 -0.004371214866474555 0.021032435210982078 0.00038777132204916227 0.9997787186685348 0.28311359477773945
0.9995544704014867 0.0019558740737246733 -0.02978313712508975 -0.03861626993939892 -0.002006030050237471 0.9999966196396021 -0.001654252945281717 -0.0057389056670748406 0.029779800936905444 0.0017132617946944086 0.9995550150893051 0.3864005666845033
0.9991517277113883 0.002144198876114231 -0.04112453552963932 -0.05472387985852328 -0.002278432019001904 0.999992228277819 -0.0032174728433545315 -0.006738662919131858 0.041117317019519754 0.0033084430088194247 0.9991488479931174 0.49996115997232415
0.9985161546103956 0.0018951525030463968 -0.054423316501844336 -0.07569438816772303 -0.002113295545999779 0.9999899617589891 -0.003950995215272491 -0.008681585517507551 0.05441528244900497 0.00406014510159982 0.9985101362819252 0.6261846196027621
0.9975132735029293 0.00178671842655861 -0.07045620499810765 -0.099994687777062 -0.0020795907492306164 0.9999894994261163 -0.004083667447449065 -0.008269095540157008 0.0704481688036452 0.00422003255554222 0.9975065146842117 0.7649293108196
0.9960447798509113 0.00039103375601242415 -0.08885180709671299 -0.1290380487127147 -0.0007695594338989538 0.9999907744145694 -0.004225974920399157 -0.008745417970079666 0.08884933488793001 0.004277637005614687 0.9960358916784176 0.9166747053870414
0.9940877209335564 -0.0007790533194402148 -0.10857714384276763 -0.161607024490132 0.0003017726612276648 0.9999902209435698 -0.004412136726394567 -0.011503866763701411 0.10857951935051342 0.004353285329143257 0.9940782347906297 1.0793747669676381
0.9914411590619944 -0.0012211103987995607 -0.13054860017327838 -0.20288326451849764 0.0006107851851835814 0.9999886977085551 -0.004715018197838604 -0.015480563767231257 0.1305528822327034 0.004594925956131595 0.9914306993412054 1.248553337747763
0.9880350770545281 0.002152766103618151 -0.15421430578242448 -0.25966283767267656 -0.003149541437342262 0.9999756984962489 -0.00621955027908451 -0.018447128465845404 0.15419716890587343 0.006630838185532829 0.9880178465424451 1.4211106308903232
0.9838485006973038 0.006471465724234855 -0.1788861308403946 -0.32595528694945247 -0.007988698444404843 0.9999379601706161 -0.0077625064890341645 -0.024128260196068882 0.1788247979806802 0.009066197726059884 0.9838391614923452 1.5977877697149108
0.978661181928692 0.009535512887523124 -0.2052592628358233 -0.4000726586161045 -0.011547232855374906 0.9998963002824254 -0.008605236481499462 -0.03281499070411996 0.20515592216486803 0.010791787409448974 0.978669803828233 1.7799643877768392
0.9722241780149966 0.010055767128537969 -0.23383547470501315 -0.47958705132741203 -0.012479784503804096 0.9998826135159036 -0.00888899135706746 -0.03486489111430214 0.23371863995368622 0.011560308649171578 0.9722355458437707 1.9687330400557768
0.9644319507003014 0.012195343096960246 -0.2640497795400655 -0.5664218086017399 -0.014903973664490299 0.9998548350789437 -0.00825713862472838 -0.042303621068059474 0.26391075013613596 0.011898839271429817 0.96447370808466 2.1619649663905567
0.9552614279137486 0.013854147620367218 -0.2954380932342642 -0.6626923282931818 -0.01676199204749104 0.9998327709011843 -0.007312034919307887 -0.043641738602887684 0.2952873853769996 0.011937035887292509 0.9553339035182621 2.3583672904397472
0.9443722973000649 0.01583852141732183 -0.32849673564817794 -0.7672839355702532 -0.018918985829395798 0.9998018999839574 -0.006183264805708991 -0.047075803333548695 0.32833372666752225 0.012054129076114107 0.9444848658950722 2.5553846031415417
0.9323637120342555 0.018080252746652585 -0.361069263358596 -0.882026441217723 -0.0216234056626686 0.9997495077981408 -0.005774944581949187 -0.049625248131386114 0.3608744058661543 0.013191895921143445 0.9325211188347186 2.7479247014838335
0.919067038080102 0.021145399955550752 -0.39353354567988974 -1.010016518866199 -0.025210665574847593 0.9996688269873287 -0.005163205501716971 -0.04952014079252193 0.3932940399445935 0.01466657460008292 0.9192957574869798 2.940930607116447
0.9035224681159624 0.021506692784486046 -0.4280007146899541 -1.140008147560973 -0.02603483338584144 0.9996498520368094 -0.004728717940160151 -0.04761980018072694 0.42774915202745784 0.015415430200292722 0.9037660247273791 3.1359808021122557
0.8858286908395162 0.017512888494140576 -0.4636818189471513 -1.2767415625764693 -0.02254072518515742 0.9997318595838547 -0.005303267024784324 -0.04868028049803364 0.46346461158720015 0.015149510539979852 0.8859859175724655 3.3287595334660516
0.865369875302393 0.013070847606607434 -0.5009632040998259 -1.4232971233613656 -0.01830080988909555 0.9998172530691103 -0.00552637519020149 -0.053784475587905244 0.5007994202038598 0.013950390968883024 0.8654509387107348 3.5210609303933187
0.8409835115191847 0.014754347813614779 -0.5408595405218013 -1.5870249897983515 -0.019061684821057655 0.9998155133127439 -0.0023646375955429103 -0.05907723731634061 0.5407248704513616 0.012298315322459645 0.8411096039848708 3.71164456600036
0.8130189755951732 0.02072957678107744 -0.5818680520261023 -1.7786152878476267 -0.02441309832088588 0.9997008247267519 0.0015038853108996168 -0.06434857190719157 0.5817251463986648 0.012982514669016397 0.8132818136171002 3.892107759700331
0.7813209317995637 0.023972435242596252 -0.6236689216887429 -1.9804561719895748 -0.02775353901067099 0.9996081194530732 0.0036535730285140434 -0.0722894901006307 0.62351210301344 0.014454406664796231 0.7816800672421711 4.067814122718082
0.7471903898129146 0.023331411164996808 -0.6642003964348964 -2.1988183524438516 -0.027337690650627335 0.9996167464640673 0.0043601443192173624 -0.07294065962623435 0.6640475676042444 0.01489984703424553 0.7475418533548751 4.234359784276215
0.7082629803790572 0.01903733292040844 -0.7056919516190132 -2.417959791606441 -0.021413088743299166 0.9997556994937663 0.005479138636925776 -0.07211991570217786 0.7056238589043352 0.011230373324551941 0.7084975994736644 4.411968189817293
0.6670593807151565 0.015628092175271002 -0.744840617404067 -2.660482521098828 -0.016332646429189687 0.9998464398309422 0.00635148943244083 -0.074818956154564 0.7448255012152373 0.007928397842738254 0.6672121950677437 4.578028087527895
0.6232658951248862 0.015171724880131326 -0.7818628030149116 -2.9187018770659843 -0.014061733957127356 0.9998675654170289 0.008192634810828553 -0.07232443832300484 0.7818835537420465 0.005888156858168217 0.6233966939249201 4.738145008031308
0.5768291141769549 0.01588084187048249 -0.8167104578118937 -3.2024140679527076 -0.011754125251177552 0.99986885528164 0.011140591427907263 -0.07225861923036533 0.8167802725197323 0.003173499530301411 0.5769401314896737 4.880392648573361
0.5271834818744648 0.016819645914053355 -0.8495850021922705 -3.498392686308167 -0.009758053580501351 0.9998579915713895 0.013739617212586397 -0.07909689571103592 0.8496954494576483 0.0010469967308297857 0.5272727443826484 5.01849014813125
0.47608815425379925 0.01831787876289896 -0.8792067587870541 -3.8151603577649476 -0.009094300864235799 0.9998321241590609 0.01590651411757065 -0.07302662856199371 0.8793505348102089 0.0004228678394337992 0.47617481885520657 5.134125470516654
0.423231582901571 0.020430424330990786 -0.9057911597030991 -4.152884533933722 -0.007923120069810663 0.9997909565475948 0.018848537715338988 -0.07010260188353581 0.905986893615459 -0.0008006043361412356 0.42330498181536536 5.238748669694675
0.3694728344454815 0.022517315388797154 -0.9289686728380576 -4.5078937938849855 -0.007654226692001372 0.9997461952219425 0.021188627916850177 -0.06843145512468979 0.9292100071676845 -0.0007180856027787784 0.3695514131112173 5.328436984030729
0.3160796780769301 0.025591608648325038 -0.9483874243544007 -4.882952101661777 -0.00580103412654553 0.9996695673261666 0.02504204793898709 -0.06472688813474234 0.948714912452548 -0.0024136546370763304 0.3161236928188803 5.405759378814653
0.2639373265980387 0.027342905824334206 -0.964152193965953 -5.270083089681913 -0.001451430492571161 0.999608238147933 0.027951092578131536 -0.06060833946743928 0.9645387400088212 -0.005977936756765447 0.2638736123494095 5.471190761233971
0.21427649037810895 0.027798705295740245 -0.9763773950963427 -5.670924531228147 0.0012543394012436556 0.9995862842296533 0.028734770098638975 -0.05755058822853909 0.9767722417758941 -0.007381894325711894 0.21415297180346834 5.522372137806657
0.16806513104212228 0.028977164981738593 -0.9853499051795834 -6.091492242480087 -0.0012479659968377414 0.9995733185088826 0.02918258909025459 -0.052497808404427616 0.9857751033114317 -0.0036748924829526517 0.16802958327798617 5.545764398617593
0.12667554838386022 0.029500726952409215 -0.9915054273935803 -6.528347467595616 -0.0035967496419572194 0.9995647486097636 0.029280996033486634 -0.04699452196147484 0.991937683946759 -0.00014298943879303798 0.12672651940442056 5.558333900183576
0.08958418678719934 0.027992961074712094 -0.9955857911842376 -6.978438742792861 -0.004894254671949673 0.9996052529323997 0.027665584778918745 -0.03535112444506583 0.9959672282504484 0.002394251495416344 0.08968582837268314 5.563407637950897
0.055879820313191636 0.025280727495396938 -0.9981173931452489 -7.442949205141969 -0.0037377356687878873 0.9996776818327243 0.025110989180449916 -0.02631004942862565 0.9984305058509753 0.0023275014187040164 0.05595630190881287 5.557586131751461
0.02504567509721177 0.022694743108847157 -0.9994286681870532 -7.920336053595465 -0.0033011437386714555 0.9997387062241828 0.02261905672688406 -0.02359991378950288 0.9996808573784638 0.0027327481444449613 0.025114049427312077 5.546901768164588
-0.0008558499353859307 0.020880872298237922 -0.999781604498178 -8.415068097869385 -0.004234069897359058 0.9997729332249511 0.020884315714959863 -0.01917439856755799 0.9999906700429716 0.00425101903579175 -0.0007672445274727752 5.518918656135675
-0.021263349075112976 0.018696759301333594 -0.9995990702165225 -8.924007046912191 -0.004379516281625308 0.9998137865666822 0.01879393594573404 -0.013295549878466553 0.999764317138418 0.004777382423618554 -0.02117750679210427 5.482149107178826
-0.03725731732985122 0.017832468666443127 -0.9991465835234797 -9.452242846619129 -0.003763228921786486 0.9998311744277142 0.017985014611635305 -0.003474716877138795 0.9992986192392459 0.004430090716785641 -0.037183919680098834 5.445715359509938
-0.05006542460220088 0.018195296860678042 -0.9985801842774329 -9.995892065810155 -0.003077394738328313 0.999826479136905 0.01837229594594536 0.005150548205864723 0.9987411991607356 0.003992842202343544 -0.05000074309569138 5.404685755229429
-0.05943296578461084 0.01928691703113642 -0.9980459595677337 -10.553041121345434 -0.004116329010534905 0.9998000949374263 0.019565939757399158 0.0070447892664198914 0.9982238117844721 0.005271147365358837 -0.059341693537767755 5.356405944051007
-0.06613836282388541 0.020762691660336785 -0.9975944203923721 -11.127981881978348 -0.005680031936528315 0.9997594518564875 0.021184325828683907 0.005378975809064437 0.9977942945317809 0.007067464795365821 -0.06600452061177427 5.305645752565362
-0.07045837022410069 0.021755560398136465 -0.9972774506911932 -11.71532890095399 -0.005579929461449716 0.9997379010045627 0.022203461040936394 0.013122810353428813 0.9974991140109183 0.00712915750662779 -0.070318508663629 5.24966903382065
-0.07188742714546936 0.02250576607338975 -0.9971588079698507 -12.321428857057468 -0.003249223103654238 0.9997348082909037 0.022798149941876723 0.01973374623135117 0.9974074595508226 0.004878891779864161 -0.07179523694071113 5.203195415911532
-0.07086787502574511 0.024535807298891734 -0.9971839040264968 -12.942659429341859 -0.00134812542290773 0.9996941629768008 0.02469338105557424 0.029840029164039175 0.9974848003088462 0.003094296414939632 -0.0708131236602157 5.151620126928353
-0.06934108528735464 0.027027603027869485 -0.9972268160081428 -13.580074381194056 -0.0022488362699786854 0.9996261474316819 0.0272490019326056 0.033325679625993684 0.9975904754089233 0.004132075200235433 -0.06925438129055045 5.102086724074856
-0.06758488259353729 0.02705511816537778 -0.9973466319318846 -14.23249673294687 -0.004400443056204466 0.9996144572130552 0.027414832327719487 0.03896305006191249 0.9977038236599707 0.006241595285300817 -0.06743977122268134 5.042860544791681
-0.0660004696809777 0.02457985638013786 -0.9975168011929527 -14.895761307180237 -0.0063788934054568504 0.999665725831114 0.025054866143594715 0.045815145725159816 0.9977992021047174 0.008016686278230472 -0.06582161514505873 4.988157794160282
-0.06481125771012737 0.024526658909375616 -0.9975960825287822 -15.577703606937087 -0.006733545050619841 0.999664398979748 0.025014971187476417 0.05854151959343535 0.9978748219316292 0.008338609908269411 -0.06462435562320863 4.939254642127357
-0.0630649891391955 0.027249207619904885 -0.9976373528637342 -16.27604510186911 -0.00629057912541501 0.9995964775468963 0.027700373465061354 0.07098598613632753 0.9979895970194969 0.0080226404583818 -0.06286812770343532 4.88377268099228
-0.06132167487976218 0.03066625430282209 -0.9976468478559803 -16.99124437785205 -0.007010142179040196 0.9994900193360159 0.031153798393134112 0.08365216893919822 0.9980934375581114 0.008904049344272288 -0.061075427208529105 4.831097637706678
-0.059542975810078475 0.03284112496428738 -0.9976853685119168 -17.721027352083297 -0.007411175757411125 0.9994165752791193 0.03334041888233648 0.09212182347277857 0.9981982310671412 0.009379209371645101 -0.05926484561685479 4.778271286964962
-0.057706669677619254 0.03217434876160501 -0.997814988640922 -18.460555484007337 -0.00906280124061052 0.9994224746092415 0.03275031113765509 0.1073508815838629 0.9982924450822953 0.010932910303611496 -0.05738175288279201 4.720927753245947
-0.05587129184263367 0.02918412159450236 -0.9980113655638353 -19.21341264621138 -0.011251434808726656 0.9994908447097373 0.02985726973721295 0.12442906342010207 0.9983745809878055 0.012897224049118555 -0.05551448143724787 4.6561718098434905
-0.05428136356616333 0.028567782027367466 -0.9981169347323158 -19.97842288807568 -0.0120785871579311 0.9994987312231551 0.029264210489453678 0.13935822141709364 0.9984526234637586 0.013644343639022786 -0.053909095568316925 4.59855272552631
-0.052818716099966044 0.030798595182290774 -0.9981290646826931 -20.764348996200855 -0.009786224372998524 0.999460321698382 0.031357537580117056 0.1535532511779734 0.9985561641901108 0.011424179855230483 -0.05248880902214075 4.5524167904547035
-0.05176626834017863 0.0327857447580661 -0.9981209087093561 -21.55696873699395 -0.007306167035812472 0.9994217770824226 0.03320740002856585 0.16608222846194276 0.9986325016668404 0.009011461261721596 -0.051496797769871205 4.507694970926237
-0.05047981246522654 0.03449080055998367 -0.998129336914914 -22.357906978949355 -0.0065258767360475735 0.9993707682748474 0.03486374120152208 0.1786500257129109 0.9987037606148765 0.00827358413702487 -0.05022296625276186 4.459361314996553
-0.04992735328579595 0.0299212217633645 -0.9983045526702067 -23.15935621376579 -0.006464418364251944 0.9995205222385422 0.030280966285821477 0.19111393217276137 0.998731931345485 0.007965306784981484 -0.049709990934759266 4.415609933534944
-0.04962848612741086 0.023027929248468013 -0.9985022422805206 -23.965781847718787 -0.0053356212623458426 0.9997137885429199 0.023321066504463358 0.2002753129800702 0.9987534953683223 0.006485019019901514 -0.04949141357715798 4.368802470569305
-0.04964848754121561 0.018571040201074265 -0.9985940837751437 -24.786211016983135 -0.0022244646656733 0.9998225812865119 0.018704483594213374 0.20966091608242954 0.9987642762142707 0.003149986575396458 -0.04959836834769625 4.314255717874052
-0.05039748773951022 0.019284994482124663 -0.9985430297274972 -25.61696040816495 -0.0012154338441246288 0.9998116289109359 0.019370839295974107 0.21965097315151894 0.9987284996184456 0.002189904629064556 -0.05036455467488018 4.272313096910373
-0.050460564900984425 0.026599692130757354 -0.9983717683150005 -26.461062247329377 -0.001553521277586168 0.9996419622916046 0.026712053410928176 0.2254287331940156 0.9987248459718567 0.0028988970897965765 -0.05040117492825945 4.22505547454738
-0.05068567117742911 0.03351692145580014 -0.9981520819561605 -27.308532697532122 -0.0028947277666762517 0.9994275741435623 0.03370674402353826 0.2374406752447342 0.9987104601877594 0.004597827491040433 -0.05055963502550357 4.170275285177294
-0.05103592928301571 0.03864626292314609 -0.9979487964240915 -28.15570517998238 -0.004880436653447204 0.9992294199080648 0.03894544553937867 0.25339083841330423 0.9986848928767706 0.006858042888772721 -0.05080799137384688 4.119589191597372
-0.05141516000410595 0.03892600900177786 -0.9979184571621793 -29.00213735418198 -0.006215836582568063 0.9992082578417895 0.039296575376876655 0.2685120126806279 0.9986580218960482 0.008223337763062267 -0.051132494743591834 4.064144604483488
-0.051626575517055066 0.0355769364271022 -0.9980325537249988 -29.843056944155556 -0.006404430066250323 0.9993329031933004 0.03595458066467408 0.27909064633093184 0.9986459232259975 0.008248041568040236 -0.05136428559206692 4.004949186194278
-0.05195258990446016 0.032882565692600584 -0.998108042886986 -30.68176711535957 -0.006889182915245181 0.9994221753667435 0.0332844489809111 0.29457786412180736 0.9986257895533119 0.008605362204725468 -0.05169603640847193 3.9542075662240177
-0.05205010188118303 0.03417349956652753 -0.9980595968285327 -31.524705022489893 -0.00830878861188359 0.9993649168561931 0.03465150774226255 0.30777075060743275 0.9986099092868843 0.01009628072042976 -0.05173310535481719 3.895222429621536
-0.05211871449754229 0.03640296200101762 -0.9979771860902805 -32.36499726872606 -0.00879123233757419 0.999279938637945 0.03690959861237283 0.3220522622435773 0.9986021999941257 0.010697130142813795 -0.05176115892826471 3.845453796361042
-0.052015977778335026 0.03469522145846323 -0.9980433756424169 -33.207037561175454 -0.009244479931737245 0.999336755667938 0.03522198690969038 0.33567690967669056 0.9986034636664105 0.011058498045531233 -0.05166073919739587 3.7858655856449444
-0.05166165606513313 0.029653041695211556 -0.9982243086655567 -34.039784901269606 -0.010168979236441856 0.9994916340922788 0.030216969418346958 0.34763290115973766 0.9986128705128396 0.011711980949551155 -0.051333851875156176 3.734778331679001
-0.05139695729926048 0.025554650316484732 -0.9983512972033335 -34.874787640766534 -0.01153402115858158 0.9995906988244371 0.026180167676708912 0.3610674344779577 0.9986116958739707 0.01286058594580592 -0.051081172586766005 3.679861042371137
-0.05081597451831325 0.026243955590951763 -0.998363156135428 -35.71174547405843 -0.01118603682199523 0.9995770137636415 0.026845225563811435 0.3727856472655762 0.9986453871690227 0.012531893324441412 -0.05050091420690865 3.617910051740695
-0.05022093157410238 0.028694041599081316 -0.9983258536212202 -36.55000734444609 -0.009930192874945593 0.999523444008859 0.02922800277353744 0.37730658913971105 0.9986887649820098 0.011381425805839101 -0.04991206112083844 3.5670870861457153
-0.04998854667038002 0.03357324468291082 -0.9981853447347558 -37.39196475491726 -0.009703623231951 0.9993713483823089 0.03409908691874673 0.38803677811353376 0.9987026508916212 0.01139057829881428 -0.04963133917257158 3.523564444251786
-0.04936074429415531 0.039289256465295234 -0.9980079514959436 -38.234206150187106 -0.008537318145896824 0.9991728909314785 0.03975736694628303 0.3983386814234197 0.9987445274551439 0.010482764617698002 -0.04898449269275968 3.471137271127571
-0.049517826512905094 0.04252440822245184 -0.997867556122939 -39.06968007669326 -0.008512229584004414 0.9990389495392428 0.04299673535315011 0.41165196359418366 0.9987369657747444 0.010623182613984341 -0.049108259857204746 3.416201321667662
-0.04926439009889472 0.04249072178424211 -0.9978815352688097 -39.9033581123337 -0.00811089990063614 0.9990446994716947 0.042940677222258056 0.426273040507286 0.9987528388800612 0.010209163519044344 -0.04887268980990787 3.365148817157802
-0.049216789190674584 0.03797444637252631 -0.998065954275798 -40.73458108011921 -0.007866870793282493 0.9992312227862185 0.038406714947695327 0.4481579666259057 0.9987571376494278 0.009741911098546713 -0.04888021238154923 3.314332899250624
-0.04874325453237589 0.03379826895149904 -0.9982393361080661 -41.56246698424361 -0.008743268728876352 0.9993745837773019 0.03426363308046316 0.46183581097750254 0.9987730725192392 0.010397995759770415 -0.048417262362229485 3.260903793127608
-0.048479063256181024 0.031210809586028343 -0.9983364491947524 -42.39009351438444 -0.012377204068662875 0.9994161608710728 0.031845599525858366 0.47447085925036125 0.9987475082548348 0.013900458794710137 -0.048064456722722984 3.196927540234881
-0.04916202296204981 0.029539885517682694 -0.9983538904926849 -43.21811239907628 -0.015360610167402075 0.9994219682438092 0.030327892227269896 0.48588589266145454 0.9986726927044507 0.016826305455031772 -0.04867985508575149 3.146828839643734
-0.04981220899086553 0.027731175298911902 -0.9983735401902386 -44.04363479283799 -0.013221849851203796 0.9995085546177664 0.028422384354749575 0.49022074483328376 0.9986710802471234 0.014616126793304703 -0.049421071574777625 3.106423438509681
-0.05111662276107342 0.023919231120158462 -0.9984062105476513 -44.86868738608208 -0.009661491401326584 0.9996545187142662 0.024443788537051633 0.4988632899635841 0.9986459565138178 0.010895576935732818 -0.05086786747872494 3.0655881780382606
-0.05172416288577998 0.02248056765796448 -0.9984083508522649 -45.69209325030482 -0.005600162443364334 0.9997243536942627 0.022800324804486783 0.5047421730417126 0.9986457075231271 0.006770576663615832 -0.051584010480658624 3.014928380418867
-0.05350996958166347 0.025881444396207934 -0.9982318538252191 -46.51540396480806 -0.005207607729627345 0.9996432303846489 0.02619719007587176 0.5120931644648159 0.9985537361489855 0.006600210762020887 -0.05335609844050588 2.9620271057014254
-0.05556558844181313 0.031878113053519855 -0.9979460162199458 -47.34129220101546 -0.002338635081636351 0.9994832923470653 0.032057434473441906 0.5189776970538886 0.9984523003965005 0.004115121773559077 -0.05546232600350124 2.918853256154767
-0.05738557662903488 0.035636900448610564 -0.9977158447781448 -48.15805372964114 -0.00027783801682484217 0.9993620958107448 0.03571168244125428 0.5238540170772832 0.9983520513330874 0.0023265388809489895 -0.05733906884355311 2.860625186170619
-0.0589630288543733 0.034771137937093445 -0.9976544137099159 -48.96904762757563 -5.1763236828021955e-05 0.9993930830190894 0.03483479487754071 0.5312431036009188 0.9982601657628527 0.002105606837185629 -0.05892544332426702 2.804956938492239
-0.06006770567677304 0.03094211075529271 -0.9977146167701133 -49.772830075947944 -0.002819952741950328 0.9995101951723986 0.031167573100271618 0.5396740592468665 0.9981903218330932 0.0046856726768868566 -0.05995102893448264 2.7405905037526876
-0.0614287277222342 0.027556129993707112 -0.9977310114004654 -50.571696650931 -0.007258855069126791 0.999580049662623 0.028054114485170416 0.5470309901350966 0.9980850767512286 0.00896571336992293 -0.0612029047534114 2.679767444648978
-0.06274265138190285 0.02621444853613581 -0.9976854025119909 -51.369654981149 -0.011556030743795746 0.999568887859764 0.02699067572767516 0.5524370754677067 0.9979628339026513 0.013222749741804221 -0.06241266728996552 2.613400378341227
-0.06362764298278499 0.027311676549494568 -0.997599917488223 -52.16496086943333 -0.013143480370653635 0.9995158187289592 0.028202429581830096 0.5581002959244211 0.9978871539268329 0.014906389053948043 -0.06323786518511364 2.5447768763156824
-0.06462745725517816 0.028758961965867115 -0.9974949693484043 -52.959700929057185 -0.012892097799159726 0.9994771578585785 0.02965138670059706 0.5644777639055145 0.9978261800449317 0.014776096425555298 -0.06422290394676541 2.48616279251077
-0.06562957361103944 0.0282519985244684 -0.9974440253202205 -53.747226433740344 -0.014640397917511426 0.9994642454893807 0.02927252529511181 0.5691067953604066 0.997736647526011 0.016524120784765256 -0.06518079177058358 2.4223732697139106
-0.06625446047686946 0.028180560252540676 -0.9974047335413895 -54.531043137530276 -0.015542616947337733 0.9994506723974907 0.029270813152773124 0.5725036594672654 0.9976816995040757 0.017441601648048567 -0.065780065419573 2.363865290401317
-0.06681927474782644 0.029735932782143377 -0.9973218932840835 -55.310981656932995 -0.01401429950413004 0.9994292335726666 0.030737704692356215 0.5810860376784653 0.9976666697507617 0.016030638849462122 -0.06636440828105754 2.29950222361683
-0.06696038268028219 0.03256044223806887 -0.9972242098708642 -56.086843958665796 -0.013058017199842724 0.9993531834526972 0.03350675916533644 0.5906256304918529 0.997670183646935 0.015265396300676644 -0.06649189678197126 2.234631982130624
-0.06712734743162312 0.036688812722677565 -0.9970696315944001 -56.86086033700757 -0.013250959738492227 0.9992027722466954 0.03765942113898331 0.5966566650579666 0.9976564194615263 0.01574010659159699 -0.06658766966700327 2.170438181907656
-0.0677804249409939 0.038835050694487026 -0.9969441573289718 -57.6261859931213 -0.01325121496416397 0.9991189706840327 0.0398206946354474 0.6036918984536979 0.9976122589948367 0.015909784939864804 -0.06720609679467503 2.109715278852106
-0.06856183869630454 0.038737814311352016 -0.9968945059618696 -58.383287096380485 -0.012575731655113592 0.9991329135559686 0.039689696679326834 0.6162090113196745 0.9975676043496551 0.015257876377061956 -0.06801523329770763 2.050705853961517
-0.06907126321374579 0.036791026418274544 -0.9969330875104639 -59.13242056006176 -0.01201120126540008 0.9992166316697175 0.03770747987844055 0.625222622849078 0.9975394185906682 0.014578867230030833 -0.06857525055054073 2.0004405781511787
-0.06914773236096165 0.03337806337278284 -0.9970478905222246 -59.86633533700469 -0.011616211748434817 0.9993454235432275 0.03426059059355761 0.6344235326894263 0.9975387986108314 0.013950961568523343 -0.06871474323142777 1.938124537419955
-0.06867787440544638 0.03054364701798822 -0.997171216589202 -60.59313333453359 -0.012010150110696904 0.9994334773456647 0.03144011219871767 0.6433401789145605 0.9975665921939534 0.014135416074174276 -0.0682721330481297 1.8708277176270247
-0.06761011880730489 0.028331487771296425 -0.9973094798684742 -61.30366260483047 -0.012501711455039397 0.9994942054941375 0.029241073754810207 0.6469526006174686 0.9976334893364127 0.01444506781930195 -0.06722172989546249 1.8189564885086837
-0.06528675191307337 0.027696494361291697 -0.9974821022077213 -61.99905604258641 -0.014754159272733595 0.9994786708080206 0.028717614524598402 0.6492699803580456 0.9977574629181104 0.016591889582671538 -0.06484407753434848 1.7563358107074312
-0.061367831747049635 0.028539757279596456 -0.9977071070615297 -62.680244918732946 -0.014934656309049563 0.9994529581629878 0.02950831171347092 0.654192709465552 0.9980034795869125 0.01671127384942661 -0.060908029509522635 1.7107848528848284
-0.05554000393489681 0.030143903438513583 -0.9980013291816802 -63.34647069936689 -0.014416208669163908 0.9994157596769818 0.030988905061077356 0.6572259328009195 0.9983523831245696 0.016108519322611214 -0.055072994422984564 1.6712457651794534
-0.04855494598190768 0.03169489292532347 -0.9983175101054499 -63.99754588507319 -0.013613724816159642 0.9993825595637923 0.032390834140986355 0.660571938115959 0.9987277325263939 0.015163555063748516 -0.048093480644517454 1.6446179036055408
-0.039817916242758135 0.03312761246628837 -0.998657646462674 -64.63284310362909 -0.014529786117343157 0.9993253894734788 0.033729086395275956 0.6624909950825165 0.9991013056049207 0.015853303944578574 -0.039309717533603156 1.606867237630871
-0.02819676863437581 0.034817838981402754 -0.9989958259808915 -65.25279381036981 -0.01678011578085994 0.9992358830517349 0.035299826291303654 0.6671652806372426 0.9994615400068922 0.017758606659319488 -0.027590975636228674 1.5833614485364005
-0.013682913485357703 0.036349561413096636 -0.9992454589657273 -65.85461092562417 -0.020042373089055116 0.9991282688749747 0.03661974352520176 0.6749957957311993 0.9997054972138041 0.020528315078641467 -0.012942454192326728 1.5733715142220763
0.004384377212528149 0.03777765378094819 -0.9992765513666697 -66.43897314563908 -0.021323655103037922 0.9990624708289871 0.03767600183302684 0.6788340454876403 0.9997630114029488 0.021143042729994423 0.005185824390821459 1.5733052527791762
0.026253166394658457 0.038740359427609915 -0.998904377708734 -67.00028804599195 -0.02223618370265693 0.999024184440422 0.03816059535027934 0.6820690041327941 0.9994079864542726 0.021209984784663825 0.02708898589534142 1.588032759488282
0.050734275996993906 0.03886226114854825 -0.9979557895505602 -67.53812978936195 -0.02193930454157108 0.9990448610779957 0.03778931687496385 0.6931815626756282 0.9984711814345372 0.019977242353895842 0.051538428697821215 1.6407804740390022
0.07919929022334393 0.038279913649376794 -0.9961235468751424 -68.05081549206682 -0.02041860294088698 0.999115079279075 0.03677144287495766 0.7001236323677847 0.9966496641659238 0.017427179007521113 0.07991082748776032 1.7019967927402355
0.11260198695020344 0.03854744319387403 -0.9928921830481295 -68.54256482605174 -0.01929231834341368 0.9991436744945236 0.03660224269787318 0.7000415235082055 0.993452867018758 0.01503370682143187 0.11324923254223093 1.772065902573375
0.1492405389860615 0.03882275075241529 -0.988038488899681 -69.01330602602141 -0.018559068216583458 0.999162889658195 0.03645656205422905 0.7052102057647922 0.988626735684439 0.012896276745541824 0.1498361222670285 1.8667601633376614
0.18889137635049483 0.03850154967799405 -0.981242925382297 -69.4616818179263 -0.018532188532159845 0.9991929063574955 0.03563837640894907 0.7077054455662366 0.9818231031752166 0.011452796918243954 0.18945244129893044 1.9781699292369865
0.23236586966245865 0.03929953374909185 -0.9718341675734152 -69.90380895243834 -0.01767053080916804 0.9991890260235656 0.036180693954049784 0.713232434751265 0.9724679197572121 0.008765667183878912 0.23287187061104908 2.117402605138954
0.27896913440177495 0.03782713246815903 -0.9595547561761968 -70.32352261082445 -0.014233667227087958 0.9992769851847453 0.035254923022910105 0.716141988883546 0.9601945765147716 0.0038229477264736713 0.27930585440030914 2.277152955472629
0.3271599266962526 0.03296087521030009 -0.9443939660276709 -70.73162480330869 -0.006343353905530492 0.9994455797894121 0.03268478087171037 0.7144238148966826 0.944947693909732 -0.004702525361316184 0.3271876251172913 2.469131170745269
0.37674068872111716 0.027553578854149087 -0.9259088798333593 -71.1205923124721 -0.001218652811525606 0.9995713900799787 0.02924980374123319 0.7173821430548315 0.926317962876275 -0.009891229746809496 0.3766127921709922 2.6701708943596745
0.42725848791983695 0.022571588075906018 -0.903847723851859 -71.50375492246101 0.0040602970128964765 0.9996303437311218 0.026882891960559954 0.722799650689627 0.9041204004382439 -0.015155833983255308 0.4270089017897032 2.8974526549854835
0.47671212712952743 0.022232318349318117 -0.8787782836805059 -71.8681243260596 0.003676878543586071 0.9996209564772779 0.027284133404321547 0.7276629607582177 0.8790517780038933 -0.01623783828789984 0.4764496869512211 3.1353410669848563
0.5236695563383195 0.021174562062467806 -0.8516582845753866 -72.22777043725935 0.005058868959013054 0.999596148964672 0.027963312032908777 0.7311129415120982 0.8519064523815235 -0.01895196286555361 0.5233509525110815 3.3909009113388273
0.5686181078095903 0.016741189168024594 -0.8224312615995829 -72.57647319415244 0.012699568433904122 0.9994950778755958 0.029125766325464507 0.7347802467316297 0.8225035978235139 -0.02700596022536092 0.5681183940691135 3.659247754820231
0.6111315843062785 0.010186342419471112 -0.7914634704718918 -72.88555996190141 0.023069160885198586 0.9992631968786895 0.03067372132347644 0.7354927184533188 0.7911927707451214 -0.037004078044064234 0.610446310275321 3.958210664050119
0.6524574019016568 0.005541711589372009 -0.7578051386315614 -73.187458802976 0.02430104472883075 0.9993060065866904 0.028230558351620028 0.7326431589955745 0.7574356724691675 -0.036834693325959254 0.6518699313810614 4.261098349046371
0.6927386795227211 0.0009201543796354033 -0.721188099741693 -73.47629748217881 0.021133560672319918 0.999543837874597 0.02157518899630124 0.7365425876308413 0.7208789735499429 -0.030187240397801726 0.6924032322359082 4.562025322909663
0.7319102353253722 -0.005981236347734006 -0.6813748103927165 -73.74596421050545 0.017920092278121254 0.9997845714182125 0.010472871948032564 0.740713570870634 0.6811653820612845 -0.01987550165024641 0.731859745248666 4.899164224750358
0.7701808380285394 -0.008647574889098982 -0.6377669607169957 -74.015850991616 0.013308942472411612 0.9999082710708856 0.002514258199505867 0.7441179742437878 0.6376867168005914 -0.010424437278107409 0.7702252802417643 5.244192684087473
0.8059908948104141 -0.009867769680656667 -0.5918456763415925 -74.26535757928944 0.012196955644702072 0.9999256124784203 -6.150327551309462e-05 0.740992942266844 0.5918022573087267 -0.0071691443827877205 0.806051295894437 5.635419833654156
0.8390018123306097 -0.011158997911924477 -0.5440141870131269 -74.50339946601274 0.012199735858993753 0.9999241424401204 -0.001695821439860233 0.737570990991476 0.5439918430922646 -0.005214032123678585 0.839074304527365 6.052109743631582
0.8686703589600101 -0.009745567926338744 -0.49529469144144866 -74.72489686541738 0.00913524546732165 0.9999515982942971 -0.0036535406016140813 0.7291798967582396 0.49530632416166026 -0.001350916159104955 0.868717341988165 6.48533530916683
0.8937760175801326 -0.008206896950653082 -0.4484384876892692 -74.92891968112166 0.008188604926580557 0.9999645129034934 -0.0019798189389815717 0.7161868554448138 0.4484388220793908 -0.0019025709227533097 0.8938115031011401 6.955404153579635
0.9144332954795406 -0.001967073797487516 -0.4047318602965446 -75.13262664288393 0.0017088970729865057 0.9999980406591107 -0.0009991740233633467 0.70793842459923 0.40473303273790057 0.00022203290353126808 0.9144348653196456 7.4379169763994195
0.9314137986487979 0.002002763292033646 -0.3639564872698558 -75.32238561382572 -0.00316295771318199 0.9999916392894773 -0.0025917271544482782 0.7040082257788155 0.363948253719014 0.0035651494126538842 0.9314123460232493 7.94488284182212
0.9445452648381947 0.00666847589973864 -0.3283135301825363 -75.49738456783649 -0.007466995217699331 0.9999714353405091 -0.00117153124405912 0.6980732625810465 0.3282963396904727 0.003558079848960194 0.9445680777019797 8.478536552328608
0.9542980903760944 0.007357251145481178 -0.29876583733774215 -75.66022491671231 -0.007441142075700879 0.9999719472714426 0.0008567816311610267 0.6873303657019434 0.29876375969844166 0.0014055339685047088 0.9543260660618583 9.03164593203607
0.9614281592046625 0.006985019514049544 -0.27496746023979535 -75.81066467977055 -0.0065550725244322115 0.9999754337179532 0.002482535958519673 0.6747682180051682 0.2749780458737276 -0.0005843483330330765 0.9614503277988308 9.607171115450011
0.9671283011453238 0.007115021146867581 -0.2541893498906683 -75.96300776547251 -0.006180531250167746 0.9999708881609461 0.00447480324353473 0.6705419471548473 0.25421378829093055 -0.0027566836384249893 0.9671441208724162 10.198659103454794
0.9716374022195464 0.009583308055749999 -0.2362814398440156 -76.11192498663911 -0.008148890215400622 0.9999419686870475 0.007046619510325804 0.6664155924800442 0.23633525804735395 -0.004921327562221569 0.9716591101506243 10.809466108378563
0.9751281947385564 0.01445535838286537 -0.221169723153844 -76.25936769756053 -0.012900968791305856 0.9998808961225594 0.008471043229005973 0.6617269983356712 0.2212658329479957 -0.005407049395468094 0.9751985413169215 11.433917897169172
0.9779533631640567 0.01828215504781024 -0.20802159090565522 -76.4093244529698 -0.016617057789424104 0.999814395544535 0.009749248808672003 0.6559753665404041 0.2081612184498699 -0.006077603863241484 0.9780756462895567 12.073802560637922
0.9805884872795935 0.016850778322862196 -0.1953516569794951 -76.53752258179166 -0.015277691437870085 0.9998376177999935 0.009556682288158154 0.6514926508590604 0.1954809728823997 -0.0063866502911523225 0.9806866981554282 12.732209818677909
0.9831905049522514 0.01623940988111042 -0.18185904579770548 -76.66478657789004 -0.014824564487227578 0.9998483657654564 0.009136616655158218 0.6508227801783166 0.18197984300329098 -0.006287053590731389 0.9832821617916353 13.406343298963975
0.9857360648943423 0.016849139725054932 -0.16745302880851196 -76.78807388636952 -0.01544783028308892 0.9998339378494083 0.009667536608831729 0.650376390643887 0.1675881108735445 -0.006942853524593659 0.9858326540943749 14.096683648602964
0.987979348711491 0.018632905618008004 -0.1534588588118989 -76.90598233145481 -0.017268021571584698 0.9997986395679879 0.010222316224656974 0.6465910867811504 0.15361842972320425 -0.007449506441649848 0.9881021621791646 14.803887387584725
0.9898278787205878 0.01894889130344151 -0.14100251779977102 -77.01444660281997 -0.01808395857343454 0.9998089899657204 0.007413098274819917 0.6386885280018142 0.14111605489744442 -0.004787807649476066 0.9899814826288825 15.520291749800503
0.9912737856751787 0.019845871538918095 -0.1303166267828584 -77.11430136327847 -0.019740827081696 0.9998029297842215 0.0020979373227044632 0.62949563657952 0.1303325806517024 0.0004929277231988556 0.9914702090546718 16.25174947902926
0.9925144855342554 0.017728360707858055 -0.12083336141681526 -77.21310209382646 -0.018356658297879073 0.9998231431029435 -0.004088473049698373 0.6262738313610918 0.12073950927848534 0.0062759654520496404 0.9926643859617521 16.99192494045735
0.9934260479646211 0.01740220660944522 -0.11314526251911262 -77.29776158778809 -0.017998135776001758 0.9998289982456556 -0.004247514057604368 0.6185110613992797 0.1130519983635197 0.006255994901145476 0.9935693776449629 17.750033607361136
0.9941258258679884 0.0195572700582207 -0.10644883996625738 -77.38826610304181 -0.019475663300492805 0.9998086997755862 0.0018062093039110834 0.6054322648285053 0.10646380080242188 0.00027756244996506464 0.9943165401811317 18.52037525375043
0.9945425683777274 0.02366956281307398 -0.10161117793271568 -77.47564731529704 -0.022774227101462912 0.9996909929542048 0.009962589330032384 0.5912715559107647 0.10181558949673139 -0.007594103137700882 0.994774303715649 19.294647250222866
0.9949584690096054 0.023675132929442733 -0.0974532350763062 -77.5662831627664 -0.022472288420354754 0.9996573630140977 0.013422102102298772 0.5871142783050952 0.0977376140450381 -0.011164436952467128 0.9951495938542632 20.066825353437036
0.9953141583589674 0.022352731446273356 -0.09407487213423756 -77.64775559675209 -0.02128001672327251 0.9996967700133986 0.012390678473221055 0.580826701496519 0.09432331132037018 -0.010330702863819034 0.9954880157590482 20.831770191237553
0.9956066796985927 0.022094996798614007 -0.09098983710291308 -77.72396002345663 -0.0211270326943271 0.9997096442398444 0.011587739355384206 0.5733196960591908 0.0912194487435554 -0.0096144854415068 0.9957844012840348 21.598274916453246
0.9959013786956525 0.020497983886703854 -0.08809243196030012 -77.79789538452887 -0.019350719258165033 0.9997167151092599 0.013857820728197384 0.5682322179600621 0.08835153409132897 -0.012096370849301001 0.9960159056139472 22.36813906199112
