0.999991502239929 -0.0026116727482975296 -0.0031897669798564877 -0.005739492732563456 0.0026049571225867244 0.9999943858653777 -0.0021077087359034907 -0.007254715704943193 0.003195253717542159 0.002099381618886783 0.999992691448542 0.6690409361147354
0.9999745642578122 -0.0011550504795276933 -0.007038231012676715 -0.018562916650057742 0.0011295403502738547 0.999992783004796 -0.0036274063626882715 -0.013157971824919916 0.007042370055256066 0.003619364130991916 0.9999686521223015 1.3876945680878454
0.9999403903236757 -0.0014309994317520964 -0.01082441868929109 -0.03352998302556337 0.0013763147414484912 0.9999862624277658 -0.005057737980550543 -0.01620243273450562 0.010831507608233723 0.0050425386834169715 0.9999286230759471 2.1080675493640757
0.9998758309458107 0.00011045611602593657 -0.01575787072769681 -0.047915128392043496 -0.00019862486212217714 0.9999843350523602 -0.005593764211419362 -0.026572455057863712 0.01575700601600834 0.005596199543908567 0.9998601898826041 2.835256532620058
0.9998039367939369 -0.0008847169852970216 -0.019781436934724412 -0.07052207590703358 0.000772546560882611 0.9999835849470191 -0.005677412114433173 -0.037849407310838676 0.019786135124319464 0.005661016901738671 0.9997882084444091 3.5576109659097375
0.9997057414242027 0.0008313001758107064 -0.024243339363714807 -0.09622444052332906 -0.000998134717880041 0.999975900537314 -0.00687037638494688 -0.04856369494078547 0.024237043767165945 0.0068925528364729635 0.9996824788025573 4.2891502887751916
0.9995759465570554 0.0035227764251363897 -0.028905312847753786 -0.13136961064513075 -0.0037412078937065453 0.999964829586977 -0.00750619428085501 -0.05783076178293561 0.02887785359170746 0.007611152037922934 0.9995539704971375 5.063285538514625
0.9994419865825532 0.004040952369952293 -0.03315699262394486 -0.16414899523694185 -0.004237681788179193 0.9999738207289454 -0.005865143631192244 -0.06715995445880013 0.03313242383199121 0.0060023795861441215 0.9994329461901492 5.83366944932342
0.9992885971293114 0.00322146972366512 -0.03757554763611284 -0.19584260754127264 -0.0033461903199344585 0.9999890981434078 -0.0032567782659328197 -0.0752435860726374 0.037564646380300964 0.0033801963182915123 0.9992884826791377 6.625110305382469
0.9991615498686972 0.0029845131217661304 -0.04083246190729768 -0.24012032722478566 -0.0030035227782192484 0.9999954077203821 -0.0004042141309633664 -0.08914589661637971 0.04083106801083751 0.0005265164470015867 0.999165925492621 7.445275950220876
0.9990450961984301 0.004549737413365851 -0.04345337330220844 -0.282150925002255 -0.004599249999254561 0.9999888830709102 -0.0010395354895644973 -0.09715628150084761 0.04344816062062957 0.001238395760301493 0.9990549152647343 8.245772420526377
0.9989525063486409 0.004380529616217692 -0.04554888604622753 -0.3207971107634341 -0.004441278088086137 0.9999893778373761 -0.0012325832054138888 -0.10438880020623632 0.04554300285131707 0.001433587351865344 0.9989613504628646 9.017307036517865
0.998868259734356 0.0009542173049511258 -0.04755301425353094 -0.3555944865827465 -0.0010379770394187589 0.999997953176128 -0.0017367346417198294 -0.11223061673213189 0.04755125969863719 0.0017841280461454094 0.9988672056826114 9.814866663927134
0.998768144076046 0.00047835746730199636 -0.049618197801076375 -0.39755568804092234 -0.0005166528908048629 0.9999995785100434 -0.0007589792630670757 -0.12012703667464944 0.049617813824106585 0.0007836796952961974 0.9987679702500735 10.65057632470876
0.9987100265535991 -0.0008583069929478182 -0.050769539789315456 -0.4433821746284292 0.0008135418827094423 0.9999992619206863 -0.0009023899833904064 -0.13069691177779275 0.05077027684500182 0.0008599227772891233 0.9987099876950764 11.476290195954817
0.9986076638067021 0.0013557351916365314 -0.05273419923175383 -0.49309270005871036 -0.0015216597569882695 0.9999940173680912 -0.0031064094392361597 -0.1408126711072862 0.05272967227385474 0.003182327781730758 0.9986037524723118 12.29895699674469
0.9985396930522051 0.0019170320188228614 -0.05398894690073707 -0.5460558091235801 -0.002229496585451295 0.9999811098901229 -0.005727932252313116 -0.15129328494160088 0.053976946414069 0.005839935885815947 0.9985251045440284 13.154933474443414
0.9984261369809546 0.005627322474286122 -0.05579948239063103 -0.6036574489126839 -0.0060478440299513245 0.9999545501087947 -0.007370298453982823 -0.16093047472498723 0.05575547126409515 0.007696165180257397 0.9984147917902845 14.026151001106598
0.998357795469424 0.0066230858112328265 -0.056902082209467186 -0.6605949056226975 -0.007038134820679998 0.9999500489104518 -0.007096783935333571 -0.17227615223953982 0.056852237279476144 0.007485614090770163 0.9983545405806509 14.911109991153134
0.9982830352311907 0.005727962470078542 -0.05829384200364999 -0.7131550114036438 -0.006075916214045859 0.9999647588681985 -0.00579346733999244 -0.18223581890247165 0.058258602899185975 0.006137708660489504 0.9982826572272175 15.783135730542133
0.9982019602085835 0.006481757375935725 -0.05958887024491976 -0.7692436727974922 -0.006746231706310989 0.9999682624698889 -0.004238208431528615 -0.19681172449631862 0.05955950800259471 0.004632588289914078 0.9982140071809379 16.654913320364958
0.9981566820124638 0.006296290060015091 -0.06036219748612988 -0.8280655327019735 -0.0065685772448027735 0.9999691231872945 -0.004313521184029513 -0.2099403763450064 0.0603331745133094 0.0047020637496951985 0.9981672197831588 17.52616727774695
0.9980591621017494 0.006247871637771344 -0.061958639791050686 -0.8899543034537252 -0.006575076229490087 0.9999654878366678 -0.005078534054630659 -0.22431197840919004 0.06192477143547347 0.005476060222971697 0.9980657971532233 18.439727440288326
0.9979962938396137 0.004376485236368016 -0.06312086706768585 -0.9470848004453085 -0.00475161105479574 0.9999719249744294 -0.005794087961924373 -0.23436669573194666 0.06309373720730578 0.006082404121928521 0.9979890704237765 19.321519913644547
0.9979588390282805 0.004438680378124848 -0.0637059943948198 -1.0089310536116896 -0.004709766864872608 0.9999804803401443 -0.004105731940234535 -0.24377118760741304 0.06368652684367795 0.004397391861932432 0.9979602643609627 20.226273970777385
0.9979544162676337 0.005705289397422887 -0.06367442755787925 -1.0696906227676712 -0.005750346068846774 0.9999833291390544 -0.000524370150142364 -0.2587214178342701 0.06367037436689418 0.0008894475012871774 0.9979705868967894 21.136217265256114
0.9980006576999265 0.006228788081191865 -0.06289586178405696 -1.1376234439655821 -0.006035857631870756 0.9999764799168847 0.0032569979546383373 -0.2654175994496898 0.06291466961820104 -0.002870855633493829 0.9980147807195865 22.071271287554072
0.9981075185391113 0.004946524877731502 -0.06129366465905929 -1.1971800985943393 -0.004589196646162275 0.9999716536737403 0.005969181111409063 -0.26953287548527777 0.06132145391171101 -0.005676595866534521 0.9981019264331283 22.98684400211183
0.9982055192816602 0.005151462519866376 -0.05965906225832528 -1.255252260593819 -0.004754436323081836 0.9999656113529909 0.006794957445181628 -0.27563088845199957 0.05969201463249583 -0.006499118812462203 0.9981956846449375 23.92876207097358
0.9982955981081493 0.005713369314957491 -0.05807974009038896 -1.3187506746774065 -0.005492529470338109 0.9999770699137585 0.0039612834669834505 -0.2847501215747893 0.05810104059234833 -0.0036355271638719997 0.9983040879533283 24.861392263817677
0.9983465115343123 0.00694426551497408 -0.05706154645407558 -1.3818969649485595 -0.007001901782361409 0.9999751581658876 -0.0008101990695850532 -0.29313022718156256 0.05705450270314561 0.0012083987585898089 0.9983703338409733 25.835437959228415
0.9984235423442938 0.006362444285768249 -0.0557669202609133 -1.4375230155362098 -0.006584505006055224 0.9999711051311863 -0.0037991047015864007 -0.30180023731783573 0.055741137291069 0.0041603131395251715 0.9984365865732678 26.780148933900264
0.9984782314680511 0.0036030445279694565 -0.05502944079824093 -1.493559823759418 -0.0037672363975780857 0.9999887559307429 -0.002880267696554751 -0.30787403343392133 0.0550184443106347 0.003083193508124189 0.9984805780301531 27.753425243483587
0.9984668099888157 0.0015400324893279356 -0.05533224783699433 -1.5460977176726534 -0.0014213755840195822 0.9999966054926475 0.0021837341012831374 -0.31873333884496424 0.05533542303273668 -0.0021017381158874105 0.9984656096504677 28.697447944359762
0.9984250037443823 -0.0020136243312749756 -0.056066542742412795 -1.5986889529632144 0.0023299013197561487 0.9999817380211822 0.00557630558433251 -0.330003578562821 0.05605429027179405 -0.005698152435846553 0.9984114620741004 29.672508948496795
0.9983190507598505 -0.0096549626087779 -0.057147656005981345 -1.6436918854435159 0.00995002650731353 0.9999385850614319 0.004880889041927141 -0.3352515089505092 0.05709702148500146 -0.005441305207291043 0.9983538061905618 30.601856032307207
0.9982069183784875 -0.011984968864303051 -0.058645618955291155 -1.702511946156292 0.012064489988212579 0.9999267192875809 0.0010020659128456189 -0.34244283422352123 0.05862931163378887 -0.0017077986096122313 0.9982783616012401 31.58276292935985
0.9981364777613149 -0.011767232666856692 -0.05987573797127198 -1.7665462445356477 0.011619054903022763 0.9999285134606065 -0.002822327340340082 -0.3549530320436037 0.059904668644447066 0.0021213683837294764 0.9982018485610906 32.52937004759506
0.9980137416830738 -0.010553603182761903 -0.0621063029942625 -1.8331326767653189 0.01036228079816787 0.9999405234787163 -0.0034018585751207633 -0.36815346464090526 0.062138510992896724 0.002751538654270467 0.9980637426971382 33.51670190150377
0.9979488889656556 -0.010575632786009795 -0.06313613072870336 -1.8891118561331917 0.010483397773851797 0.9999434419671558 -0.001791992742055221 -0.3870053398982732 0.06315151133054354 0.00112643599363792 0.9980033155048234 34.46371673829616
0.9978766098643884 -0.00795252952245193 -0.0646454078783049 -1.9547729089715402 0.008037523254758124 0.9999671422643749 0.0010548040310734597 -0.3988733762140217 0.06463489541638637 -0.0015721532397337747 0.9979077405395265 35.442529008533654
0.9977967550553112 -0.008130079864242006 -0.06584479783928436 -2.0292978646433344 0.008303087653202547 0.9999627573660532 0.002354276172662541 -0.40807386626027775 0.06582320515227542 -0.0028958042535533754 0.9978270992417503 36.46142541737041
0.997744816843847 -0.006792248753367725 -0.06677683593967243 -2.0964100019109146 0.0071370659098944226 0.9999623951553941 0.004926516546148002 -0.4123471976157959 0.06674086268126522 -0.005391997028369974 0.9977557735320832 37.429533835298436
0.9977491019670691 -0.007327061334547134 -0.06665616022626838 -2.162335875859359 0.00788122343795344 0.9999365029956763 0.008054582167504818 -0.41823686282332284 0.06659291134220945 -0.008561784216606833 0.9977434940955496 38.393280971258704
0.997750053471609 -0.0015954416377019455 -0.06702451315291774 -2.244509421591221 0.00229178689582273 0.9999441849887476 0.010313807250811102 -0.42156744249709555 0.0670043171014314 -0.010444207636935097 0.9976980204533867 39.40548215998875
0.9977394315361597 -0.001548403658119939 -0.06718354861136681 -2.31368199982687 0.0022204636106726346 0.9999482327600868 0.009929820810403224 -0.4296678955931382 0.06716469533362095 -0.01005655239555473 0.997691219493615 40.3553748405932
0.9977445572885624 -0.0013048522932445615 -0.06711256038586753 -2.3757586715847223 0.0018662595983226274 0.9999637867738819 0.008303144942937685 -0.43449844681042366 0.06709929564582351 -0.008409667135181766 0.9977108609324191 41.30078892664054
0.9977562428762565 0.0007215488704359042 -0.06694743586341767 -2.4485310368318096 -0.0003060233694877697 0.9999806287467897 0.006216790238270153 -0.44191795628798536 0.06695062472566038 -0.006182353790984253 0.9977371358982516 42.25340734828482
0.9976789386952101 -1.8424668007276405e-05 -0.06809357491373934 -2.515154779953471 0.0004550112674783401 0.9999794414531274 0.006396064089109141 -0.44916151645236874 0.06809205716343078 -0.006412201776077134 0.9976584362494183 43.20361153735208
0.9975897131563908 -0.0025132842645221036 -0.06934297085327287 -2.583870781562038 0.003051819985986196 0.9999659939627378 0.0076614171587890065 -0.45321984547496874 0.06932135745443348 -0.007854573210145004 0.9975634591745834 44.1884306314722
0.9975387825380948 -0.001723691657219484 -0.07009569330199987 -2.6618917788841214 0.0023345087549098424 0.9999600093760882 0.008633059564317862 -0.4619746021482628 0.07007800939874431 -0.008775450737063057 0.9975029143130713 45.17010116333739
0.9975142213761616 0.00047825978141192906 -0.07046381638751492 -2.738056774497112 -0.00011814767969701165 0.9999869129839043 0.005114675164793204 -0.47075703243989575 0.07046534036984274 -0.005093636078191907 0.9975012233967762 46.13674032832072
0.99746667517189 0.001391130658228743 -0.07112170327704985 -2.8117616124419267 -0.0013228149954087817 0.999998617413126 0.001007636997223781 -0.48277148304759104 0.0711230066998364 -0.0009110034698071 0.9974671362960551 47.09843679840553
0.9974077556036147 0.0016821273930107722 -0.07193705240831268 -2.8815518734090486 -0.0017042099947542425 0.9999985176746405 -0.00024559480558181785 -0.4886693300829044 0.07193653265244639 0.0003675540075307899 0.9974091438191224 48.05154688179338
0.997405978091087 9.824151534244797e-05 -0.07198128379495214 -2.961208675623955 0.00014032137838776763 0.9999945148344169 0.0033091707394651785 -0.49766448341537467 0.07198121406364041 -0.003310687191026809 0.9974004933687608 49.002041631883564
0.9973832031905618 -0.0012394123626559934 -0.07228561302453072 -3.0230152365561085 0.0017068276358545697 0.9999780322919162 0.006404816390956751 -0.5133240380310663 0.07227608686667046 -0.006511435369844746 0.9973634084307815 49.940812921111394
0.9973794263682304 -0.0028736128444993535 -0.07229123187913089 -3.095558980207644 0.003396530589233727 0.9999689438996562 0.007111597299859636 -0.5255301821467526 0.07226855081803471 -0.007338500215906615 0.9973582119666147 50.89124861771495
0.9973560995718543 -0.006078787906043586 -0.07241449429784662 -3.161349856939872 0.006529176731787489 0.9999607770181007 0.0059845030331412315 -0.5351936722687687 0.07237527546078681 -0.006441487634223223 0.9973566697721702 51.831096746015334
0.9973048256381936 -0.008810279749777656 -0.07283861427501885 -3.227019395859323 0.009179495739183618 0.9999466533303569 0.004735752462419394 -0.5425527743950708 0.07279300527350704 -0.005391610533184409 0.997332496672554 52.76694325943855
0.9972188758184608 -0.010281415729618468 -0.07381602943780145 -3.2988191842412964 0.010746400687841322 0.99992482112364 0.005904826255226047 -0.5500140295285474 0.07374977005811066 -0.006681660829663977 0.9972543942369636 53.701836411385734
0.9971072308842732 -0.013073531722387014 -0.07487491493553233 -3.366923952701948 0.013870363526896752 0.9998524663453198 0.010132056000828138 -0.560652737874164 0.07473140661014908 -0.011141288591351533 0.9971414586479656 54.64494164553443
0.9970361453068192 -0.01409660918729153 -0.07563207362714927 -3.433051558757062 0.015279097653694928 0.9997695607502043 0.015078944665422662 -0.5617555566726643 0.07540208303893779 -0.016189842703208612 0.9970217725138373 55.58157003327982
0.9970310909666378 -0.011958708603237283 -0.07606571457904852 -3.5085275717364217 0.01331928381623935 0.9997598070323979 0.017404738468453265 -0.5671873974120982 0.07583930593367214 -0.01836620622435448 0.9969508925440724 56.503517270637836
0.9969412626907961 -0.010732943892251937 -0.07741396941049786 -3.5864433664445836 0.01180871782272998 0.999839785928722 0.013452013134860599 -0.5728230538960867 0.07725718690107146 -0.014325026680707214 0.9969082809781096 57.434243236710095
0.9968504017511952 -0.009435815585913901 -0.07874161487239163 -3.662917318794177 0.009912617445833796 0.9999348127802651 0.005666586755587982 -0.5730920650202604 0.07868301305781432 -0.006429274789163138 0.9968789534752095 58.34807793811859
0.9968153582303582 -0.007592637845609619 -0.07938194660393723 -3.741740992081774 0.007690525959135453 0.9999699973552189 0.0009274696034306199 -0.5823060151063556 0.0793725229947805 -0.001535004866035793 0.9968438425117067 59.249764516317974
0.9967533099804111 -0.002965628665823045 -0.08046144474041071 -3.825919161985372 0.0031313060874414286 0.9999932292141261 0.0019329894153460188 -0.593844262499501 0.08045516742437742 -0.002178663009623258 0.9967558474682785 60.15707993855289
0.99669200761002 -0.0002158523216708474 -0.08127112263336646 -3.9106700834767896 0.0005627727854083239 0.9999908281996703 0.004245798313265195 -0.6074042405575869 0.081269460765435 -0.004277490420813173 0.9966829876257525 61.05287111763677
0.9966096262032424 0.002452272488545995 -0.08223891608404509 -3.9943768208425623 -0.0019889743871060687 0.9999816911294189 0.005715014157752681 -0.6175715406785615 0.08225142515436552 -0.005532067025789646 0.9965962569137509 61.93644523835304
0.9965189848456458 0.0031834919316969324 -0.08330533128994767 -4.067121496486064 -0.0027358878134593366 0.9999812055683246 0.005486659090970361 -0.6252633429188768 0.0833212323485397 -0.005239645906855517 0.9965089655144566 62.782915989588375
0.9963774267006218 0.005061338331878607 -0.08489055551556542 -4.144445750841551 -0.004530220954449165 0.9999689499445262 0.00644796440230112 -0.6362300978027199 0.08492055498850053 -0.006040033205190466 0.9963694181072231 63.61664102370171
0.9962796847823817 0.005965266288705015 -0.08597211924820523 -4.227490860477601 -0.0053703702455583325 0.9999600228028949 0.00714926006286617 -0.6494091836711334 0.08601132956389193 -0.0066609604507012875 0.9962718920016398 64.47551465313498
0.9961506151624749 0.005878912417458004 -0.08746079293154932 -4.295017344654132 -0.005222932309105773 0.99995650451766 0.007727227892607708 -0.661056904899874 0.08750241647818656 -0.007240681017539367 0.9961379922725975 65.27926039278763
0.9960372304016215 0.005524257211087104 -0.08876552391631244 -4.37630844519567 -0.004769106989036154 0.9999506328287958 0.008717082298837922 -0.6641918949607817 0.0888092972182465 -0.008259206229622534 0.996014404634822 66.11744652187083
0.9958996327650427 0.008282637818377318 -0.09008506740424514 -4.455078172594851 -0.007272580790202682 0.999907025428768 0.011534733062792337 -0.6724334897842603 0.09017222980002088 -0.010832285490589231 0.9958672755763911 66.92398336465912
0.995800612994654 0.009843558943879581 -0.09101781972117547 -4.533923298002334 -0.008455183150897747 0.9998421421120787 0.01562692338881179 -0.6741504151950507 0.0911572763818818 -0.01479172755406107 0.9957266471068277 67.67745455100942
0.9956122133580515 0.012988243325760644 -0.09266944559885733 -4.606551831894221 -0.011404949842882543 0.9997801546587416 0.017594586372222696 -0.6830870000870851 0.09287759542198544 -0.016460494702145095 0.9955414629149264 68.42492054763399
0.995449029585077 0.015880797762457943 -0.09396291694367366 -4.686597781937683 -0.01468173721530306 0.9998019055838127 0.01343860793771864 -0.6862512237452469 0.09415771922936779 -0.011997910376025678 0.9954849943902386 69.15776027729557
0.995285637043764 0.015710852876754566 -0.09570616383640594 -4.748445224771128 -0.015166655555498239 0.9998644268799729 0.00641096086636243 -0.6992896779928072 0.09579391031614036 -0.004929194848495012 0.9953889841587005 69.86379725306321
0.9951681330708994 0.015003283676366823 -0.09703240901428026 -4.824575320419554 -0.01502138583877021 0.9998870246421859 0.0005439849865149253 -0.7047013997470817 0.09702960830422216 0.0009162047312205272 0.9952810737079354 70.57057765705638
0.9950926963063789 0.015729162364205077 -0.09768888989556535 -4.889325886969348 -0.015848480593154628 0.9998743056895434 -0.0004455162492729035 -0.7129327368141657 0.09766960336049138 0.0019915504414141512 0.9952169021405556 71.21230808222444
0.9949800712309821 0.01849615121111986 -0.09834912426439213 -4.960608400159914 -0.018260220270693458 0.9998278270761171 0.0032985693718647576 -0.7270607793843155 0.09839320204599016 -0.0014861341160804934 0.9951465063981919 71.86428851592024
0.994860749833739 0.018917879735572102 -0.09946960473716929 -5.032677814173498 -0.01845884982458279 0.9998143102356641 0.005533164657031922 -0.7399397465817207 0.09955580999324748 -0.0036686338436941034 0.9950252166765974 72.5074662868243
0.9948034994403319 0.015762453268277837 -0.10058599588532387 -5.09406231775273 -0.015624526786408506 0.9998755988465794 0.0021589335053267093 -0.7482678593055097 0.10060751295990632 -0.0005761060191099942 0.9949260256108882 73.11071061939147
0.9949078036697394 0.007753149911735013 -0.10049055111555616 -5.148021525821608 -0.008092222454579984 0.9999628557962078 -0.0029669788715204408 -0.759788509705253 0.10046381504207197 0.003765062326809549 0.9949335888253387 73.73185353444913
0.9950575176092729 0.0037574002581149237 -0.0992291216960943 -5.207329845699672 -0.004546904237137687 0.9999597745855592 -0.007731421126941546 -0.769564248532574 0.09919608011981293 0.008144394028053906 0.9950345755473929 74.3198466756883
0.9953488354036292 0.006441272230092257 -0.09612078793218135 -5.255909470340991 -0.007231932280312297 0.9999428040417743 -0.00787958124224251 -0.7773429038897316 0.09606453568377116 0.008538071041990312 0.9953384883177903 74.82849676784022
0.9956919974555355 0.01136786912459513 -0.09202291972426234 -5.308850805455895 -0.011883491039634854 0.9999166003400982 -0.0050571736174558 -0.7824747484985854 0.09195775575623198 0.006128940842628461 0.9957440470524668 75.29674647345527
0.9961234060135458 0.009835970267542758 -0.08741517992245121 -5.342772542491068 -0.01004604545726719 0.9999476093039987 -0.0019635727319423603 -0.7915926638854217 0.08739128653732586 0.0028341376288540296 0.9961700310194297 75.72515426289473
0.9966465759131692 0.00598605761952112 -0.08160741286634188 -5.374640713449685 -0.005797170879513923 0.9999799415738121 0.002551325109495399 -0.8055017777831994 0.0816210483291875 -0.0020696773169985414 0.9966612869503098 76.21597398656981
0.9972917511057369 0.0015899730232275151 -0.07352982498445501 -5.397356641327429 -0.00113864428462317 0.9999802581430792 0.006179547983377881 -0.8178362534415122 0.07353819868376148 -0.0060790879144168655 0.997273873128378 76.6924523922529
0.9980031016729279 0.0054269892083519495 -0.06293136610112392 -5.422301058612351 -0.005051695634124167 0.99996850564109 0.006121118944329271 -0.8254111543343186 0.06296260336454851 -0.005790985584766921 0.9979990857027453 77.09424763762199
0.9988163207603407 0.010592360054763933 -0.04747377477357325 -5.4465086941418 -0.010337036444725174 0.9999307754630302 0.005620494589319155 -0.8295050066543246 0.04753002272587354 -0.005123103586553964 0.9988566717749445 77.46171194669141
0.99945372636556 0.015722301719942343 -0.02906988274191544 -5.460786271564175 -0.015546468347676475 0.9998595198639393 0.006264811198465826 -0.8340715242522071 0.02916429625271453 -0.005809454885365406 0.9995577492361402 77.88964900048197
0.9998734680237746 0.014246188079039677 -0.007077716251127855 -5.4531988394913204 -0.014198312583626064 0.9998762861261168 0.006769073969630182 -0.8374346476907932 0.007173274140325546 -0.00666772583761178 0.9999520416351285 78.23630123354195
0.9997546196212409 0.010878402650796544 0.019296655196193904 -5.4320405084511965 -0.011027105732491107 0.999910191408838 0.007616564572680238 -0.8408940519927858 -0.019212066134538262 -0.007827481874312349 0.9997847903635808 78.61867870803528
0.9987703315999629 0.009673022612352374 0.048623629535929934 -5.396719255447125 -0.010134523569247371 0.9999058255476776 0.009253727239670221 -0.8481451302378342 -0.048529538919409795 -0.009735125543255218 0.998774304426644 78.98969136515471
0.9966085550478807 0.009092943256914905 0.08178451190969913 -5.3484706113684135 -0.010020796382924729 0.9998899243635253 0.010941791267446419 -0.8558843985338805 -0.08167601634037235 -0.011724228725809194 0.9965899712597714 79.38205437361981
0.9928473947532137 0.00910361810771562 0.11904274387425735 -5.290308153992777 -0.010545493141537068 0.9998784026696973 0.011487926230598732 -0.8592405149432769 -0.11892368690115733 -0.012661122068242903 0.9928226693029367 79.71389257001205
0.9869323942825915 0.009269775141792934 0.16086802163406777 -5.222266925083128 -0.011264029518538655 0.9998705504702771 0.011489296812858044 -0.862578519746807 -0.1607406941463275 -0.013151181356412469 0.9869090513691153 80.03050719683797
0.978519480021037 0.008918532768682493 0.2059613725741316 -5.133291988844223 -0.011523181134213863 0.9998680457703709 0.011450211520798358 -0.8667009049494488 -0.20583207601322412 -0.013577585226285601 0.9784931301054232 80.35189574516593
0.9667735984533223 0.011034592333991237 0.25539586352492694 -5.032083400679138 -0.013900226874518041 0.9998590319103202 0.009418067751835141 -0.8736873725599185 -0.2552559363197188 -0.012655199696728939 0.9667906975629105 80.66665187922982
0.9513541015407684 0.011997677686674226 0.30786592733150975 -4.907886651100907 -0.014718573596582631 0.9998704358547587 0.006517291989796902 -0.8790031539648758 -0.3077478465771035 -0.01073159977474121 0.9514074288618045 80.95681983944264
0.9316240873776392 0.012100929061841776 0.3632218706708438 -4.766721051801067 -0.014633884340578496 0.9998840026593399 0.004222636028243356 -0.8838298598526367 -0.36312864008074575 -0.009249256281506019 0.9316931050573181 81.23886561481157
0.9074869352871625 0.012660297035678914 0.41988948446238605 -4.606999940875845 -0.015069514783587076 0.9998835173824471 0.002421030994366585 -0.8888439748515875 -0.41980992366463327 -0.008524584790892343 0.9075720133668937 81.5118316279934
0.878370133043319 0.012670111458382621 0.4778131200093824 -4.455455537354473 -0.014611296533985253 0.999893189411959 0.0003460941469600213 -0.8924709114330187 -0.4777576994576455 -0.00728546794619716 0.8784614405685331 81.74020433952613
0.8450722981532627 0.011050127768452777 0.5345378429730397 -4.293277379165557 -0.012212884638523639 0.9999244911221533 -0.001362902377657608 -0.9006255744501892 -0.5345125408657617 -0.005376497966709896 0.8451434416280118 81.94260130828233
0.8084827647164465 0.010499868897515134 0.5884261822094526 -4.111159680193367 -0.011355231826302397 0.9999330160967477 -0.002240988579782688 -0.9100940529746234 -0.5884102972132832 -0.004869915068974159 0.8085478378306357 82.13799471188193
0.7686225445989844 0.009016467367292728 0.6396390288673783 -3.898093322187106 -0.01060996061249287 0.9999428069950891 -0.0013459103111239624 -0.9164324384007156 -0.6396145813456613 -0.005752047894358467 0.7686742491296522 82.34649410194612
0.7258362612948397 0.008347261868511998 0.6878168688021787 -3.6861143282808917 -0.012376709930310656 0.9999229769189566 0.0009258946024150094 -0.9236552899929673 -0.6877561623430439 -0.009184957746909613 0.7258836667885255 82.53031865491195
0.6808808343858327 0.006824935373901905 0.7323624168560268 -3.4717194837730525 -0.011548836682199033 0.99993230372217 0.001418571162693346 -0.9298101354279937 -0.7323031569898778 -0.00942381186134241 0.6809135613517033 82.68696135214346
0.6347844746308297 0.005155658093478816 0.7726720455389152 -3.2396268134506627 -0.00805709431468157 0.999967539682834 -5.3026840832514255e-05 -0.9333431220332021 -0.7726472377475162 -0.006191830929926509 0.6348054089489686 82.83092139880242
0.588251344980807 0.002491189705565431 0.8086743158417541 -3.01595709931674 -0.002578884792832307 0.9999959491108787 -0.0012046223640388557 -0.9374776396802293 -0.8086740409346014 -0.0013768571696392458 0.5882553865310848 82.95143204534723
0.5418420594840788 0.004712591617398379 0.8404671165811938 -2.7668250531268597 -0.004672200807765783 0.9999857184108417 -0.0025949015292334697 -0.9419409610411176 -0.8404673420863322 -0.002520804352233374 0.5418563392927618 83.07632255827168
0.49422040969618 0.007497028154236959 0.8693043087484387 -2.546667229198296 -0.008894740405225646 0.9999540793539854 -0.0035669001147622817 -0.9479335006173254 -0.8692911308835856 -0.005969401323398708 0.49426439889493945 83.1841586689769
0.4488218276620161 0.009408560978233577 0.8935717352258027 -2.3257689375255826 -0.009767484378528785 0.9999364898786695 -0.005622495711183465 -0.9544986869742662 -0.893567883970234 -0.006204449163798146 0.4488852209056684 83.2724481466834
0.40661094955945287 0.006923895744692259 0.9135751722579167 -2.0411250221740262 -0.0023859232489069626 0.9999759190554025 -0.006516799792405696 -0.9555990144132963 -0.9135982941471645 0.00047008190856409095 0.4066176778675376 83.36203212105987
0.3671742856210288 -0.0007131692259524543 0.9301518883324097 -1.5692449828323052 0.012998985536113481 0.9999059836662098 -0.004364653883455023 -0.9554366748625863 -0.9300613261251742 0.013693619614461895 0.3671490357172888 83.47792285848006
0.3317848514746647 -0.004452336620604061 0.9433445759798256 -1.199350988835002 0.016963042523288892 0.9998553395770218 -0.0012470395552011404 -0.9590943020218418 -0.9432025591145767 0.016415742990063865 0.3318123805131389 83.57251818733124
0.2985473389850812 -0.00024749390252713343 0.9543947952140668 -0.8423111599845781 0.014005099471596723 0.9998934287593496 -0.004121688081689523 -0.9640347512917126 -0.9542920640840084 0.014596913051060473 0.2985189886014989 83.6685528293331
0.2673592808013138 0.007392118170668339 0.9635685609017972 -0.46165129549523354 0.0024489615449019685 0.9999621324513014 -0.008350823359249585 -0.9803689198299722 -0.9635938031954933 0.0045924124789510305 0.2673310535475954 83.77182583464129
0.23928046771534708 0.011694490405111644 0.9708800629656037 -0.0765614836523889 -0.0024425505217952103 0.9999315499328325 -0.011442438370028202 -0.9975004817525828 -0.9709474196458179 0.0003665284005853692 0.23929265333490374 83.85518554310782
0.2137529341534686 0.013352666306570681 0.9767964933614849 0.33909449378184015 -0.0011812889260508401 0.9999093825934792 -0.013410114018186346 -1.0108781295453897 -0.9768870393741822 0.0017125723381049202 0.21374933777378285 83.92644120796928
0.1903683132126813 0.01472426077448916 0.9816023132965858 0.7706309963265505 0.006532009723022196 0.9998463840707057 -0.01626471978526444 -1.019278950530747 -0.9816910095205801 0.009508123124990393 0.19024289059279784 83.98633299536749
0.17023569759529447 0.021055873905852857 0.9851783886374639 1.2100779723948265 0.013402075695761375 0.9996297388514896 -0.023680573699291933 -1.0178862398312845 -0.9853122305296362 0.01723471432150165 0.16989047351446082 84.03527186924606
0.1504697130392851 0.027918039694195682 0.9882203441123409 1.6632817411506253 0.015679275452481517 0.9994080674290196 -0.03062148068035544 -1.0158516528481898 -0.9884902760164911 0.02010218439389324 0.14994291048073444 84.09120787498667
0.13284023771687914 0.028759461689748606 0.9907201242564138 2.1059922649087013 0.012780252090730547 0.999446123316824 -0.0307264014074092 -1.0279601838390071 -0.9910550622441814 0.016743355406499648 0.13239910743623334 84.14374276228887
0.11756247092563225 0.024354253196325844 0.9927668083599057 2.594088868857158 0.011057063513969439 0.9996051627259621 -0.025831376231867535 -1.0490309026478586 -0.9930039308967032 0.014013886071822617 0.11724676635565742 84.19135783506036
0.1031655965043091 0.02103619492243991 0.9944417218726794 3.065417291527013 0.011237234113091276 0.9996878797816919 -0.022312946624189853 -1.0680295175760592 -0.9946007159998402 0.013476702888760647 0.10289700778861584 84.23084360872522
0.08977168522589947 0.018653823958673377 0.9957876678205174 3.5545769287512905 0.0133845938971601 0.9997117031420684 -0.019933972182527956 -1.0816595392838773 -0.9958724301726137 0.015117719817647807 0.08949613047280322 84.26394761985314
0.0782384765363447 0.017950179165640345 0.9967730593556376 4.037938705242483 0.016955133364009063 0.9996693212391266 -0.019333174232210024 -1.0941613550993263 -0.9967904816168126 0.018413018253564253 0.07790825705221126 84.2907183507837
0.0681561252950102 0.018549592121652532 0.9975022081263256 4.561698238869703 0.02011406868521005 0.9995983727348977 -0.01996290226023068 -1.1084874350679186 -0.99747188773704 0.021424421995600133 0.06775564416679188 84.31576683849451
