0.9990499837387424 -0.00034465489018185034 0.04357764569850982 0.05522808242202497 0.0004459691070692384 0.9999972204481492 -0.002315212200024997 -0.022290555106460247 -0.04357672662297751 0.002332446994527039 0.9990473605329449 0.731427368172951
0.996039251000238 -0.004747253147894891 0.08878780352297345 0.10107553705666213 0.005409425109196348 0.9999593128303177 -0.0072187813311442115 -0.03602026394821865 -0.08874992161614753 0.007670480523974935 0.9960244048926005 1.315538904910309
0.9910178848004917 -0.004527766556467345 0.13365272662975836 0.18608969303097822 0.006064851242216776 0.9999200482365057 -0.011095707012790241 -0.053581619053665784 -0.13359180208743557 0.01180662799930747 0.9909661114035724 1.8951430572779984
0.9837513887641005 -0.002340441059409328 0.17952082731636088 0.4034702617869784 0.004821956990465118 0.9998987516117034 -0.013387877208088912 -0.08762788958493806 -0.17947131758441323 0.014035984504272826 0.9836630710276312 3.146295308301724
0.9742620844860135 -0.00500471691640765 0.22536269332246237 28.986038169403347 0.008271411293310304 0.9998739362643491 -0.013553425192666836 -2.738052701385822 -0.22526645220312871 0.01506865580677104 0.9741806614401627 126.02421086327514
0.9627563538990296 -0.0058948917385463415 0.27030622130916065 62.817886544824944 0.010258062638182502 0.9998388614378378 -0.014731711020746241 -6.420978438508029 -0.2701758227117246 0.01695586653870753 0.9626616868931497 247.5347542927612
0.9492820105939777 -0.008207479858760582 0.3143187898249534 63.06832031753804 0.01436213126303538 0.9997477053172555 -0.01727005785934087 -6.445484031442567 -0.3140977452135539 0.020908442965693812 0.9491603886933504 248.2992140961975
0.9342640600841767 -0.009997309279785456 0.35644174817520186 63.36894209158839 0.018085212818748617 0.9996488954466338 -0.019365198414303536 -6.458013779088251 -0.3561229999765957 0.024538533768118122 0.9341168391845748 249.0456629853125
0.9170048845542 -0.009819173317282883 0.3987550946873318 63.67832203314687 0.019485040958300413 0.9996061846059549 -0.020194278307942532 -6.4816301181881215 -0.398399767673867 0.026288011200743793 0.9168350809085124 249.7610811984544
0.8975686434659359 -0.010287369879695805 0.4407546940052686 64.14602710934456 0.02063497830529417 0.9996123562284985 -0.01869050415716414 -6.514598955887511 -0.440391562063875 0.025870974010795685 0.8974329862260876 250.69935263902835
0.8758202559259052 -0.010130575428974088 0.48253108786000504 65.26513054712777 0.021300381216365 0.999616875283411 -0.017674739281413658 -6.6010466288531795 -0.482167162994246 0.025757990801037127 0.8757004926571493 252.697622932562
0.8519741768818896 -0.010533669722920731 0.5234778349926537 65.57234602556103 0.022488208543735528 0.9996111786312368 -0.016485509757403496 -6.619260900755262 -0.523100642709337 0.02581730732737998 0.8518797944777436 253.2011275381113
0.8265194122623616 -0.01099892099775666 0.5628007506128311 65.93361693856512 0.024362554039426464 0.9995712135279906 -0.016243615572110605 -6.641950502179908 -0.5623807670201367 0.02713692729591127 0.826432973726714 253.72893825939914
0.799311313802383 -0.012605695887316658 0.6007849199661269 66.31845894464779 0.02768342787526607 0.9994909158538055 -0.015859916355223175 -6.659430236661764 -0.6002791446057277 0.029308796579118158 0.7992533659575667 254.2400221442348
0.7706584646233238 -0.011658300866572439 0.6371417541845193 66.72475587281258 0.028532442465334183 0.9994612017071878 -0.016223625026031745 -6.676853525114971 -0.6366093233933858 0.030682084396717043 0.7705758749569628 254.73422340210993
0.7403577075276809 -0.014648063437837007 0.6720534942561336 67.16602636808886 0.03338285165152656 0.9993301531120037 -0.014994342157963445 -6.690169495208823 -0.6713836832393009 0.03353623888659716 0.7403507753500171 255.19760087571117
0.708686411328759 -0.01381159419477906 0.7053884109224967 67.62730723428763 0.033722672760010744 0.9993287292559054 -0.014313358295514689 -6.710427403933868 -0.7047172140226804 0.033931265074753074 0.7086764547454214 255.64079973369144
0.6746841513181672 -0.012469642571848053 0.7380012222037415 68.2341555824062 0.034815110830409175 0.9992820383025708 -0.014943760695446858 -6.739276634791497 -0.7372850222389934 0.03577591284630892 0.6746338859278128 256.1899774915199
0.6392202533008011 -0.013454405481977166 0.7689060064423919 68.86408264301306 0.03943359927461837 0.9991050475875239 -0.01530016775650039 -6.754556084854791 -0.7680120174960222 0.040100908446750044 0.6391787372272608 256.71309491825104
0.6027331641351157 -0.011653799972683036 0.7978577077385852 69.51505092265003 0.03947025433549996 0.9991047622002702 -0.015224098378196979 -6.785631097939849 -0.7969660167625495 0.04066771563457479 0.6026535530723283 257.20904657708184
0.5652720190655743 -0.01037440219467527 0.8248393275302973 70.19302395221881 0.042599195087107494 0.9989538385695722 -0.016629401223254025 -6.806511882634513 -0.8238038923429901 0.044537626634300866 0.5651225944645314 257.6679691952177
0.5268922067834475 -0.008869880255858057 0.8498858321298906 70.89706884417328 0.04717500548901659 0.9987092668995551 -0.018823364897401676 -6.842127360254972 -0.8486218953621106 0.05001125306564617 0.526630566221543 258.084797377201
0.4880113212649443 -0.007934903635635569 0.8728012303047799 71.60314605068072 0.048869745082886225 0.9986384939719068 -0.018245722047979397 -6.872223466228644 -0.8714681281221809 0.05155769255709058 0.4877346676271954 258.49861208003875
0.44977756642598254 -0.009607555838448625 0.8930889292846109 72.10215905246217 0.053826715506261856 0.9984161390972968 -0.016367586500520424 -6.887949819650246 -0.8915171481456369 0.05543381694286474 0.4495823244984344 258.7460475953162
0.41280326925974226 -0.010120903729426924 0.9107639805109605 72.61081258468943 0.05768143164299036 0.9982215740527042 -0.015051296932595253 -6.902970904245537 -0.908991921488901 0.05874739486511445 0.4126529174311966 258.9730532770289
0.3776639634770352 -0.007546958127818646 0.9259119688792421 73.1273711136438 0.05907567194938985 0.9981259089822945 -0.015960413590918043 -6.917928554028909 -0.9240562730021075 0.06072654478300195 0.3774020284579466 259.1814499738284
0.3444713294609532 -0.008244130985868535 0.9387606390788293 73.6534874572431 0.05969349049925721 0.9981302845713413 -0.01313857730291807 -6.927520889319684 -0.9368971076758744 0.06056376248068938 0.344319387056209 259.36473993116624
0.31115269899235654 -0.009629423370381033 0.9503111448969368 74.18323643374337 0.062090415133337955 0.9980182336707927 -0.01021692758109181 -6.936103496340658 -0.9483294671464881 0.06218423808475355 0.3111339619448131 259.5373029315839
0.27840404325387635 -0.009364582617636948 0.9604183949156181 74.71784560795358 0.06273801653300823 0.9979942121844251 -0.008455396376810734 -6.942332696944269 -0.9584128181433083 0.06260876167743844 0.2784331391552009 259.6942738087224
0.24604887725905217 -0.006227209551443942 0.9692374176953565 75.25688739082887 0.06010039768556306 0.9981531576017755 -0.008843990481624476 -6.951323999477198 -0.9673923155564124 0.0604276081837114 0.24596872153100752 259.83512387493795
0.21532403804989184 -0.004402431434727459 0.9765327322908087 75.80260509317027 0.05995484416371075 0.9981630017641637 -0.008720009773821287 -6.956663921089976 -0.9747004541392161 0.06042549550159135 0.2151924352624714 259.9475929949127
0.1848729806921841 -0.004260783561079165 0.9827531870889221 76.35006907502611 0.061988114034522174 0.998049942160608 -0.007333939708405729 -6.968824450824515 -0.9808055132025058 0.06227486392316745 0.18477658562415394 260.05065093224243
0.1541946250054896 -0.004483800562000162 0.9880303199557885 77.04932517994709 0.06373524300181214 0.9979521359028527 -0.0054178636407896585 -6.981751890845383 -0.9859826755166224 0.06380775798796229 0.15416463148735826 260.1658987357501
0.12385624218875951 -0.004996419718651605 0.9922875929189459 77.75262577445481 0.06231383844630419 0.9980528088766745 -0.0027524954975541114 -6.987885320465396 -0.99034166670345 0.062174162506391434 0.12392641650455882 260.25386992418294
0.09445045447595575 -0.005310636454367176 0.9955153985698745 78.36290348693507 0.0628295068844412 0.9980240715080636 -0.0006369891055010057 -6.995344798228072 -0.9935449485121165 0.06260790549852302 0.09459749180155048 260.3161101406228
0.06744489151628735 -0.00504211326696547 0.9977102603973561 78.97497437982688 0.06571337752969009 0.9978383593269435 0.0006005575315558493 -7.000811078560472 -0.9955565973976555 0.06552240646917028 0.06763043418825505 260.35743466790456
0.04211313453986802 -0.004559893917297831 0.9991024428289076 79.64115632478577 0.06960111450663321 0.9975735878490795 0.0016191619263470247 -7.003476244707833 -0.996685591728235 0.0694704555431442 0.04232832441718265 260.38042119552796
0.019463524057580596 -0.004176981297144506 0.999801842396034 80.46479423749821 0.0737673642313648 0.9972717388674535 0.0027303535733622084 -7.0070235253437945 -0.9970855265249912 0.07369960436475392 0.01971854738212549 260.3789035515594
-0.0006292335517539533 -0.004295851956713845 0.9999905748161347 81.16026318899009 0.07919037169935567 0.9968500976352811 0.004332190513019613 -7.0055163889801815 -0.9968593125889211 0.07919235127516232 -0.0002870614142843172 260.3667157218566
-0.018533849449377204 -0.005017486534457561 0.9998156436330975 81.85578560039257 0.08374572606045236 0.996465609219714 0.0065530915592965045 -7.01118749177295 -0.9963147844889167 0.08385174101503708 -0.018048150529934057 260.3600605755706
-0.03390793656477577 -0.004887179498748593 0.9994130113794131 82.6121150675431 0.0869933874007245 0.9961781735282401 0.00782285973795487 -7.010953686483753 -0.9956316599960388 0.08720758030400062 -0.03335319401577893 260.33455382670917
-0.04813424027721808 -0.005654202580047509 0.9988248719901399 83.38060728901712 0.08934294925847287 0.9959512865682504 0.009943450147583027 -7.012342431167777 -0.9948371385964306 0.08971658027490108 -0.047434195397875085 260.2948386472597
-0.06139116012387105 -0.006659182918864163 0.9980915693169132 84.13973178791687 0.08947580827442808 0.9959149066470705 0.012148187181136383 -7.0119828809585885 -0.9940951690820571 0.09005084120097166 -0.06054453572960855 260.2463871281382
-0.07346372143989885 -0.006486610789658524 0.997276794833142 84.88810212084071 0.08911564253732984 0.9959358887978482 0.013042532713861053 -7.007818094876023 -0.9933083528730442 0.08983111534928304 -0.07258709821823407 260.19182589837504
-0.0845380023110518 -0.0035072718167875627 0.9964140832052006 85.66218505909772 0.08932422256799549 0.9959409252453948 0.011084073437279568 -7.00257869216577 -0.9924084388133143 0.08994093876395934 -0.08388157191169801 260.1257525321014
-0.0946218440514037 -0.00014864167072444617 0.9955132769250074 86.39052360563103 0.09015283785645406 0.9958897879625217 0.00871757181701579 -7.004711762743638 -0.9914228020651632 0.09057321975954027 -0.09421952774053664 260.06311995839684
-0.10412097748580551 0.0024292878871570206 0.9945616726014342 87.1729897075879 0.09132646570028638 0.9957954902329925 0.007128695134597029 -7.002255099611882 -0.990362710682351 0.09157204918526289 -0.10390505809591963 259.98554705274336
-0.1116047315176351 0.0036453298135461225 0.9937459914250861 87.95560531890072 0.09095873085973824 0.9958330408063993 0.006562325705052274 -6.99761968115276 -0.9895811705884775 0.09112226077541809 -0.11147125372899469 259.903253887498
-0.11729293817557555 0.0043412092663572075 0.9930878715180479 88.7793950758192 0.09056740786859328 0.9958701244871615 0.006343483733934651 -6.991459977442633 -0.9889590038450046 0.09068544015454671 -0.11720170501264547 259.8042282274715
-0.12240713884923507 0.006136350069583069 0.9924610005267552 90.10767818732475 0.09139315230197316 0.9958017508321978 0.00511514924817583 -6.981031085118859 -0.9882630136107754 0.09133027015916279 -0.12245406355691688 259.6415616580283
-0.12724676247555552 0.007717519018087253 0.9918410665725108 90.94259228403509 0.09032832792587636 0.9959046401057147 0.0038393996946928365 -6.979916466795193 -0.9877494898068054 0.09007989629270827 -0.12742275177647647 259.5430376720733
-0.13153290699223652 0.008574316656103798 0.9912747225023208 91.74796068172273 0.09056525101724205 0.9958847097387307 0.0034029717574091253 -6.978632525821359 -0.9871661611331477 0.09022264683813024 -0.13176814604131726 259.43836204459643
-0.13475666062613034 0.0075660244675738765 0.9908498360955865 92.55372685512305 0.09002972724345956 0.9959282728949028 0.004639338426752641 -6.9744273365015514 -0.9867802646128279 0.089831122236811 -0.13488913539760053 259.3368727265739
-0.13719779937640106 0.005481832929960521 0.9905285020401994 93.44969853315038 0.09092840587541016 0.9958322409635149 0.007083280492414203 -6.97724417284634 -0.9863613885646727 0.0910389881605935 -0.1371244463378618 259.219433817562
-0.13943860091113955 0.004155684770613706 0.9902219987760479 94.36653016176926 0.0907624365624757 0.9958354251855289 0.008601514680148163 -6.974685408876836 -0.9860623999956523 0.09107434451939059 -0.13923507850098746 259.09019527386613
-0.14146359301394337 0.005081945469867962 0.9899304145655021 95.28234724491841 0.09307311708719344 0.9956255982075384 0.008189204451532827 -6.965866603377441 -0.9855584440951524 0.09329438366866245 -0.14131776692484388 258.95421482465605
-0.14248302227885523 0.004859263536514855 0.9897853180968921 96.23812950965643 0.09281691961411546 0.9956471378157304 0.008473275204097802 -6.959233664452653 -0.9854357451379715 0.09307612216470516 -0.14231383519233065 258.8182203726418
-0.14305542143918543 0.006260362751810709 0.9896948793719571 97.20516867136183 0.09455243838397531 0.9954926011062538 0.007370043306764644 -6.953134337020509 -0.9851877906229353 0.094632388752021 -0.14300254615419894 258.6775161709047
-0.1429987764548659 0.006656243728827969 0.9897004821418616 98.19612769805141 0.0943608548280732 0.995513880041283 0.0069385676662533724 -6.945708130321824 -0.9852143822582601 0.09438119020528042 -0.1429853556379368 258.53056531705346
-0.1426416042262786 0.008050295202340409 0.9897416660376122 99.1367591867346 0.09350165460455573 0.9956046018904381 0.005377479036410998 -6.938882356282943 -0.9853480670960706 0.09330953564202776 -0.1427673535101924 258.39782033236065
-0.14148658599879302 0.007912965756131573 0.9899085467634613 100.03134525192834 0.09384248721796404 0.9955721145466947 0.005454569622206712 -6.937518320505921 -0.985482183286512 0.09366722858053687 -0.14160267199063806 258.2655056886442
-0.1400457016981164 0.006853388845679249 0.9901213221101803 101.02271392101025 0.09314822490526951 0.9956324242599094 0.006283626288053678 -6.934792956950536 -0.9857538281096743 0.09310803844813466 -0.14007242249443727 258.1244147431236
-0.13903207284793412 0.007606129264717336 0.9902586679838832 102.03198932002627 0.0940046483106374 0.9955562806536061 0.005551409473859754 -6.9339031497459995 -0.985816011644971 0.09386074178675737 -0.13912926484258645 257.98328040431704
-0.13803318914531873 0.008366695285132703 0.9903922642591559 103.06882869663836 0.09394036182310171 0.9955668158252061 0.004682269556475601 -6.9301615767754665 -0.9859624978237839 0.09368411625061816 -0.1382072329779533 257.84951606758796
-0.1373125926462925 0.00897514177303824 0.9904871017488853 104.04272399276519 0.09507580945536723 0.9954613415719125 0.0041602755016191375 -6.929563226500236 -0.9859542800541806 0.09474262116911975 -0.1375426965594451 257.72104020030605
-0.13642104501549804 0.008827729515434172 0.9906116139378144 105.10546293082471 0.09433515227509609 0.9955319719611461 0.0041196903258618025 -6.9250398497100925 -0.9861491659592438 0.09401150990569022 -0.13664427716936178 257.5743067737489
-0.13554603594378434 0.0071749728003091 0.9907450690794484 106.1441950183853 0.0962247539296826 0.9953418092863208 0.005956460173633795 -6.925419149996835 -0.9860872521593088 0.09614157504400306 -0.13560504665003784 257.4347951264257
-0.13510722781634518 0.005295272160115811 0.9908168332666398 107.20090469891637 0.0978914866178129 0.9951646985498205 0.00802991955088492 -6.921901494187006 -0.9859834145864395 0.09807743294452696 -0.13497230570555577 257.2965560869704
-0.13443869257325103 0.006420835492252186 0.9909011105104164 108.25045843309407 0.09924984278129138 0.9950377971638692 0.0070179001957867615 -6.917029050417488 -0.98593899742686 0.09929025675689065 -0.13440884742480994 257.1582601335915
-0.13399958045279795 0.008342959422518817 0.9909462687081215 109.30999685304161 0.10129650555297873 0.9948420451783287 0.005321945898814072 -6.915810881683857 -0.9857906118447402 0.10109253272852312 -0.13415352930617203 257.02602738475014
-0.13348834088519848 0.007810495009829051 0.9910196057674231 110.42715910946397 0.10070095483906068 0.9949002781242668 0.005723135744689328 -6.922192882184646 -0.9859209808814378 0.10056059246022203 -0.13359411177828742 256.8810045242027
-0.13340507157503648 0.007477604199578899 0.9910333860740989 111.57307746560406 0.10055328521264517 0.9949134084496176 0.006028807519116335 -6.918936083197054 -0.9859473229899259 0.1004559362237559 -0.13347839213297333 256.7213940888976
-0.13345634450940994 0.006489075134653467 0.9910334484839965 112.70266612134687 0.1000586041867599 0.9949572056127887 0.006959506259899082 -6.912983030984973 -0.9859907098134242 0.1000902138227301 -0.13343263940481767 256.5780036862125
