0.9990430301974307 -0.0005915851892859345 0.04373412673072588 0.03663777003309297 0.0007475359535191609 0.9999934206920713 -0.0035496144252790476 0.05334076584679986 -0.04373173909111749 0.003578910383590393 0.9990368994168998 0.9979040116693988
0.996020600420441 -0.005237612928795878 0.08896926968853856 0.09696960096378235 0.006025789053944349 0.9999449262361759 -0.008592692290881877 0.03552256648612761 -0.08891936461975669 0.009094608586218769 0.9959973065677852 1.9959233310956788
0.9909494618953874 -0.005035504923698012 0.13414099917402236 0.22805936120453743 0.006740505843558758 0.9999021315236645 -0.012259402734432712 -0.0005725741910335459 -0.13406613871598866 0.01305262673163809 0.9908864210317903 2.986636506328308
0.9834393330150428 -0.002418688772054205 0.1812214894088195 0.3405986823308167 0.0051482511075047355 0.9998802604846311 -0.014593156057555253 -0.02980960064549644 -0.18116449373279853 0.015284457393379011 0.983334028483063 3.979853540759624
0.9739068904722052 -0.005266381101522633 0.22688683064658666 0.5704240106907783 0.008762541596880176 0.9998578492060392 -0.01440483411342206 -0.05558563140793763 -0.22677871715732623 0.016017072490495922 0.9738145957179488 4.952744025183421
0.9623072097080047 -0.0061082700095055065 0.27189616249863663 0.841222496408135 0.01078722037175754 0.9998182854585953 -0.01571724973665945 -0.07502865816681367 -0.27175074980696107 0.018057826561476704 0.9621982357493858 5.915183700614375
0.9488795352788892 -0.008428380786852459 0.3155258942245959 1.1662418595495634 0.014939651702307061 0.9997223224647647 -0.018223193262142175 -0.10052956284269386 -0.31528468776001994 0.022005462116653374 0.9487419698216686 6.860547174334327
0.9338272634807885 -0.010163744107176584 0.3575798376386817 1.5444279381783503 0.018470914459852168 0.9996328515300092 -0.019823911344567034 -0.13893925556209874 -0.3572470675862846 0.02511693547597461 0.9336721438777624 7.785479585614515
0.9166687681609929 -0.010259471045489688 0.3995160982139192 1.9557041526507777 0.020040170153288333 0.9995928276079851 -0.020311833371188744 -0.17755156795270163 -0.3991450376222092 0.026625593862643793 0.9165011274914111 8.696172148854757
0.8971644254663921 -0.01072483838556767 0.4415664972789052 2.4005576482808446 0.021284596014431813 0.9995935220347965 -0.01896725279454025 -0.20650511353689677 -0.44118358950675024 0.026415308964178874 0.8970280217486338 9.591307356308812
0.8753263069367712 -0.010483154835181807 0.48341903132699954 2.8817718357402504 0.021851957347359764 0.9996011310105536 -0.01789052381875791 -0.24599576671894946 -0.4830386613352213 0.026223698196896586 0.875206243869613 10.467020422386417
0.8513836578575027 -0.01041074604970681 0.5244401619821532 3.4066758727098705 0.02243182874699429 0.9996110034681291 -0.01657271264771072 -0.27904255468651684 -0.5240636222752392 0.025873888616258483 0.8512860046398214 11.317540052834781
0.8259336013213011 -0.010680267273662095 0.563666229340901 3.979841063128666 0.024048317029079384 0.9995779400295918 -0.016297860419831625 -0.31504279444301436 -0.563254262883554 0.027016174732158945 0.8258418502633218 12.136188712046815
0.7988319161536346 -0.012437526011753955 0.6014257042071111 4.58721236194598 0.027572747413777646 0.9994924877419539 -0.015953386707962005 -0.3453702541118821 -0.6009220526277674 0.029327033503316967 0.7987694359272437 12.930027694815363
0.7701607972218285 -0.011385333313753285 0.6377481639393187 5.221810781304861 0.0281811136729834 0.9994717268257426 -0.01618925903545686 -0.3810901719563742 -0.6372269385821573 0.030440786147889084 0.770074793305112 13.70204383040865
0.7397238053379592 -0.014267839444490516 0.6727593333235259 5.904329989153514 0.03291109345194183 0.9993458224616006 -0.014992900197861857 -0.40640856811377235 -0.6721053129860877 0.033231850477091894 0.7397094648372037 14.432472806924276
0.7076857691009776 -0.01322676153656175 0.7064035001266715 6.602701841218495 0.033227324575157584 0.9993415275184908 -0.01457588002780555 -0.42768577481000003 -0.7057455611716841 0.033787041247538056 0.7076592673951233 15.147891577099156
0.6739269055404276 -0.012008388383324277 0.7387004295363165 7.357673694429624 0.034356215314084615 0.9992955870193025 -0.015099014306832585 -0.46953830022227455 -0.737998764536904 0.03555458299827122 0.6738647454569968 15.802311814389817
0.6381517897216653 -0.013170364406799239 0.769797918142435 8.113486970657576 0.03887827683703927 0.9991293177272613 -0.015135588790603454 -0.5019397842491397 -0.7689283275216349 0.039587219645333294 0.6381082033444908 16.456296841214154
0.6015177394149888 -0.011329286644863623 0.7987791036533191 8.903776999639918 0.03884700699585464 0.9991313343245924 -0.015082666150947924 -0.5380704175737993 -0.7979143558155515 0.0401026686752323 0.601435330479162 17.067963602961633
0.563731865478193 -0.009795743857559568 0.8258997682810867 9.725880377870538 0.04166212130475046 0.9989940399390669 -0.016588424114645568 -0.564346268995831 -0.8249064501462363 0.043760159603184794 0.5635728852053113 17.63669516981356
0.5252243123769682 -0.0080376657317899 0.850925859060426 10.58789520116433 0.04634893117525567 0.9987412662790776 -0.0191744520175368 -0.5895292145404571 -0.8497006521517166 0.049510392452953175 0.5249357320397443 18.14295226228286
0.4865088125060689 -0.006807464672470061 0.8736491479871463 11.462809113865427 0.047838757052087025 0.9986770342235017 -0.018858277711885457 -0.6143140142535938 -0.8723649630043873 0.05096900763483935 0.48619083864576645 18.626596076535908
0.4483871097470056 -0.008525644781519815 0.8937988102441089 12.364873808486221 0.052813752185661 0.9984601640613957 -0.01697080913096709 -0.6414903677042884 -0.8922778196239085 0.05481436092437459 0.44814693845172543 19.057340446820437
0.41147931107649827 -0.009025686777031281 0.9113744090845495 13.280722724788667 0.05653953217755445 0.9982778390495727 -0.015640887559717157 -0.6756881989932627 -0.9096637059139775 0.057964584365934144 0.4112809855830092 19.457404505244543
0.37651344177614965 -0.006284281434001648 0.9263898401692102 14.21399605170592 0.058220410502438286 0.9981608405457629 -0.016891423915709743 -0.6856124949104915 -0.9245799110746477 0.06029464493494471 0.3761868469648613 19.816434288988667
0.3433193216092015 -0.0069856171331474344 0.9391927621969121 15.158095661496363 0.059006050854497186 0.9981574005102825 -0.01414530908494878 -0.7054875961924969 -0.9373633923790452 0.06027441380736511 0.3430989152822039 20.145494902162834
0.30989459023060173 -0.008533933305582608 0.950732620103119 16.107415262584507 0.06125002390068301 0.9980617741211925 -0.011005889796839726 -0.7311662231315728 -0.9487959620055152 0.0616430614131911 0.3098166481350491 20.458756586874472
0.27712499074870917 -0.008218841015734267 0.9607987251005717 17.070679664363972 0.06184861662601908 0.9980421971420544 -0.009301685078804063 -0.7427849539013908 -0.9588412215398197 0.06200180139492549 0.27709075859690646 20.727059917751568
0.2448109218192901 -0.00508427013682528 0.9695575087405407 18.039064178136133 0.0591507400264562 0.9982019243232593 -0.009700939730774714 -0.7604090120813356 -0.9677648487687033 0.059724940138215096 0.2446714715964549 20.975898833637988
0.21399217196181822 -0.003351343778323111 0.9768296263084679 19.015021759506887 0.05926844230140366 0.9981963103280764 -0.009559173320732082 -0.7747721405580323 -0.9750356927242342 0.05994075860622866 0.2138048254167368 21.19338556864799
0.18341867505238885 -0.0031026033680855683 0.9830299911469459 19.996541217222916 0.0614010750202849 0.9980786098012803 -0.008306421822494924 -0.7910663790515012 -0.9811154354245875 0.061882651118712516 0.18325675939004388 21.384052901761844
0.15283484829688482 -0.00322202123747569 0.9882464913801676 20.985018569578823 0.06302983412151626 0.9979905153950813 -0.0064939350219958185 -0.8032520997839839 -0.986239701673321 0.0632815119968 0.15273081248627204 21.53493037552677
0.12242741637431585 -0.0037196175554009333 0.9924704993928786 21.977016460852564 0.061830690318305605 0.998079085224381 -0.0038865630601531945 -0.8169716661873963 -0.9905495916180421 0.06184095797204675 0.12242223026243286 21.66043709728362
0.09295127829667 -0.004023792401329069 0.9956625276456498 22.97236368057245 0.06239158492873562 0.9980501398885774 -0.0017912002867777916 -0.8290364597153864 -0.9937139175804544 0.06228745751030518 0.09302108709215738 21.756031725548056
0.06583769486008327 -0.00365752667594552 0.9978236419498805 23.971029886539345 0.06518207775964509 0.9978731799055146 -0.0006430895643215998 -0.833543287563254 -0.9956990984601947 0.06508255775449356 0.06593607511588029 21.807465931699532
0.040782082617129164 -0.0028824945101500296 0.999163906955614 24.970867065901437 0.06911482117114917 0.9976087099886108 5.700294251325105e-05 -0.8302972311294509 -0.9967747805958416 0.06905471005119354 0.040883783922919525 21.82521580163934
0.01811441179718326 -0.0025022888254763904 0.9998327893382345 25.970830144893384 0.07334349674978886 0.9973060559335977 0.0011671686596149043 -0.8385767662276734 -0.9971422163210999 0.0733100903614241 0.01824913919734475 21.827511439133037
-0.0022013505583381595 -0.0023687100356967234 0.999994771620574 26.970628595529956 0.07872341187293301 0.9968932740823884 0.0025346621816931688 -0.8315558419449901 -0.9968940658258544 0.07872857995707483 -0.002008038629756751 21.808703336439542
-0.019734603489216653 -0.003184414849465246 0.9998001825000774 27.970017516375247 0.08296981640559649 0.9965404441172759 0.004811736085751924 -0.8401118599469265 -0.9963566404610069 0.08304819528806037 -0.019402120210202538 21.774812932965503
-0.03506338960708339 -0.003054783949336144 0.9993804215634219 28.968731838441336 0.0859423971492597 0.9962816737017044 0.0060606120453884004 -0.8376201587138551 -0.9956829129203228 0.08610165469460351 -0.03467047702802064 21.724182168355142
-0.049530427904792944 -0.003446340783085428 0.9987666691709195 29.967624924814153 0.08806040060175602 0.9960845652979766 0.0078041412720858665 -0.8287184456975119 -0.9948829592255689 0.08833833545150896 -0.04903300859859949 21.677994058392034
