0.9999998672999985 -0.00045688465316755006 -0.00023802604584629607 -0.02042091719038516 0.00045721761660792867 0.9999989145209431 0.001400681615020806 -0.018298073797808515 0.00023738583754012027 -0.0014007902588517255 0.9999989907167981 1.310483382608127
0.9999984108107404 -0.0016438753071752364 -0.0006899637429587581 -0.03706293059687486 0.0016449000555124498 0.9999975411327291 0.0014872902556344785 -0.045937100847792824 0.0006875171267036167 -0.0014884228134478582 0.9999986559579613 2.6249594957968214
0.9999948859323572 -0.003024972153478166 -0.001038100477478376 -0.04019572273761597 0.0030254727394577433 0.9999953075743516 0.0004809823093248559 -0.0738277960355273 0.0010366406481769745 -0.0004841205942441157 0.9999993455014943 3.9412596962997446
0.9999948202672555 -0.0030746165707061382 -0.0009519304602273568 -0.05366879884686357 0.0030752723367645208 0.999995034538695 0.0006881845756519357 -0.10640887064758317 0.0009498098297534166 -0.0006911084564505104 0.9999993101149564 5.260256008473385
0.9999936893969706 -0.0033832060009957835 -0.001084012633028223 -0.06224223424461335 0.0033846569253761075 0.9999933749657668 0.0013394484215547135 -0.12757874071922182 0.0010794738214695188 -0.0013431089796929144 0.9999985153961666 6.580784863702787
0.9999891673213053 -0.004571609616699798 -0.000875000316200383 -0.07610753276397542 0.004573697711794672 0.9999866618563908 0.0023994579709985093 -0.14864851217124184 0.0008640192601853519 -0.002403433965385185 0.9999967384826273 7.907772702430553
0.9999903077756271 -0.004242903969953105 -0.0011756362987226825 -0.0967216650203078 0.004246307886097246 0.9999867556096101 0.0029081737746499796 -0.1721301699020339 0.0011632816260826542 -0.0029131377016635624 0.9999950801901925 9.23769170652723
0.9999930204217844 -0.003365435201391468 -0.001622637858737975 -0.10794742907080458 0.00336707256067311 0.9999938239658518 0.0010073988906126288 -0.19215408120541003 0.0016192375015825174 -0.0010128553988033786 0.9999981760952639 10.568269914732916
0.999998255790136 -0.00043351503686237056 -0.0018167227074818377 -0.12096137461610695 0.0004310870097695165 0.9999990137435365 -0.0013366659814331527 -0.211441444556693 0.0018173003805291986 0.0013358804844475964 0.9999974564180939 11.902767609438287
0.9999938228047318 0.0031495356502020044 -0.0015603773785770958 -0.14215149170566435 -0.003152873837369397 0.9999927366016735 -0.0021415252657831043 -0.24288750462962433 0.0015536212347639197 0.0021464317101767194 0.9999964895398242 13.240120429611961
0.9999826491471866 0.005708428995561824 -0.0014543874911553515 -0.16734746085047983 -0.0057117065314710985 0.9999811354629786 -0.0022594527374859064 -0.2728934664216832 0.0014414621292875903 0.002267720568586514 0.9999963898086593 14.578094594346803
0.9999758334481751 0.006759747431154649 -0.0016242950136388418 -0.18055925326858682 -0.006762096210507109 0.9999760928512016 -0.0014449155295668936 -0.30104553209595875 0.0016144889173367045 0.0014558642500973138 0.9999976369396183 15.928098984481187
0.9999901625378746 0.004248398521034431 -0.001275122534791273 -0.19851031000577762 -0.004246972232748702 0.999990355283684 0.0011191811596569078 -0.32408336750117045 0.0012798649641793086 -0.0011137547397560275 0.9999985607469907 17.279472983154097
0.9999993954843408 1.0965152248895715e-05 -0.0010995047593558322 -0.21314508299623833 -7.734865494817868e-06 0.9999956843083175 0.0029379082547213026 -0.34689385890139973 0.0010995322288433111 -0.0029378979741883247 0.9999950798800813 18.63179088736465
0.9999959325124779 -0.0025294099021840807 -0.0013179696674368356 -0.24075621091316865 0.002530377939014339 0.9999965296925509 0.0007333419002647536 -0.3720005290798798 0.0013161101714123779 -0.0007366738787764893 0.9999988625821593 19.9833898972915
0.99999203404031 -0.00374939700314029 -0.0013688966486142132 -0.2634779760445935 0.003747866899711373 0.9999923510584081 -0.0011186234313403627 -0.39822652253316715 0.0013730803413446427 0.001113484077992876 0.9999984374005709 21.33771438057557
