0.9999983456496776 0.000881933292240099 0.0015908776119041644 -0.008848366117146143 -0.0008803026337175683 0.9999990867954521 -0.0010254148111577758 -0.02112005776761517 -0.0015917805065678089 0.0010240126610107732 0.9999982088148404 1.199192952159793
0.9999941751235658 0.0013603182520996917 0.0031303758867762556 -0.02684882022073995 -0.0013586509912508382 0.9999989340960116 -0.0005346721655338635 -0.04691013724940262 -0.003131099874401786 0.000530415962833041 0.9999949574235277 2.4311449449997093
0.9999916236249451 0.0006479862060535669 0.004041385136730317 -0.03389073214063204 -0.0006473643991059817 0.9999997784213849 -0.00015516609118919848 -0.07692789847807913 -0.004041484786732524 0.0001525485425992203 0.9999918215313869 3.6973523343376455
0.9999879708509838 0.00033373540220031433 0.004893544115835009 -0.04475227040970782 -0.0003329145686734675 0.999999930379112 -0.00016855165730126503 -0.10297824482330219 -0.004893600026797254 0.00016692049763965576 0.9999880123363106 4.973970864059954
0.9999827916092558 -0.00013227452626994726 0.005865065115541238 -0.055177730726559855 0.00013260334835646842 0.9999999896582845 -5.5675692897226925e-05 -0.12696975816549047 -0.005865057690410496 5.645246208083336e-05 0.9999827988077633 6.195609173314123
0.9999777700995952 0.00037631331981708934 0.0066571536655437615 -0.05729775762272237 -0.0003698843472588941 0.9999994641170202 -0.0009669287677371771 -0.15278141969296222 -0.006657513966263022 0.0009644448960688294 0.9999773734209347 7.434046079808122
0.9999737249226696 0.00015992645778605094 0.007247336601089424 -0.061659459584509274 -0.00015067363869059177 0.9999991729672265 -0.0012772479466571442 -0.17923968391698575 -0.007247534873044335 0.0012761224042921408 0.9999729220083278 8.613612214611317
0.9999729333427148 -0.0002035874075998933 0.007354667506707476 -0.06296250615541088 0.00020299680304175133 0.9999999761116157 8.104977406498824e-05 -0.19671753851363571 -0.007354683831729699 -7.955460632716872e-05 0.9999729507825699 9.594756922542595
0.9999802499315659 -0.0006836671766596528 0.0062475872138625255 -0.07475151824647151 0.0006778030529016735 0.9999993278412324 0.0009406912910049802 -0.21939960475527 -0.006248226134251003 -0.0009364380786007317 0.9999800411777727 10.752706031794675
0.999990943652276 -0.0014812581417647725 0.003989797958289039 -0.08255023897025932 0.0014790164423244922 0.9999987467832293 0.000564749797756063 -0.2460611330987683 -0.003990629498443283 -0.0005588437064035997 0.9999918812520019 11.955358357228429
0.9999968475505202 -0.001367073297158687 0.002106181288972247 -0.09930217055348148 0.0013668786393437593 0.9999990614162119 9.385883309835294e-05 -0.26827972206211564 -0.002106307624049036 -9.097964299859158e-05 0.9999977775929791 13.113190343571867
0.9999989081886018 -0.0012848705537231958 0.000729883048556539 -0.11095826822664273 0.0012847450381827327 0.9999991598522256 0.00017240948255603508 -0.29420130987010246 -0.0007301039592142095 -0.00017147158069226264 0.9999997187728135 14.250924346242876
0.99999987737512 0.0004922247805072832 5.444732068876575e-05 -0.12581762481817857 -0.0004922209609899914 0.9999998763993149 -7.014186063502523e-05 -0.3157757100404421 -5.4481839520955604e-05 7.011505192139542e-05 0.9999999960578044 15.411008508912406
0.9999997808976018 0.0005924539275399968 -0.0002953016972709657 -0.13615993218154226 -0.0005924838408229782 0.9999998193586707 -0.00010122017729164798 -0.33642333420455595 0.0002952416756357336 0.0001013951165978593 0.9999999512756905 16.63670379653304
0.99999977133789 4.772437029705763e-05 -0.0006745713843019082 -0.1566272299134671 -4.7496871080786774e-05 0.9999999419991863 0.00033726202162427036 -0.36646028530931857 0.000674587440793843 -0.00033722990447517724 0.9999997156038477 18.196655355802513
0.9999993435856536 -0.0002513103309011616 -0.001117887015711468 -0.17516624784297727 0.00025187587550308673 0.9999998403659989 0.0005057929616751609 -0.39199266099197494 0.0011177597262621334 -0.0005060741984362488 0.9999992472507667 19.487582966783467
0.9999981865479372 0.00020464347325982061 -0.0018934154024857215 -0.18512147831816733 -0.00020553578348133815 0.9999998679157475 -0.00047108760254164963 -0.4157270455642955 0.0018933187473921776 0.000471475912865022 0.9999980965254807 20.77636250147921
0.9999976546338385 4.9004849801017e-05 -0.002165254106930539 -0.20554734500145697 -5.181979219813469e-05 0.9999991536377851 -0.0013000147778157159 -0.4423508181465404 0.0021651885673123665 0.0013001239318228726 0.9999968108130296 22.015550411471285
0.9999954094734729 0.0006308058763861837 -0.002963632218768694 -0.22638610022647626 -0.000632725303281051 0.9999995906752589 -0.0006467673502255596 -0.4696004710180762 0.0029632230210355367 0.0006486395463172588 0.9999953992774501 23.094405037790246
0.9999929766934189 0.0005162239506216003 -0.003712152565407841 -0.24434776136039205 -0.0005183962025009106 0.9999996949675264 -0.000584234740044204 -0.5006537835460938 0.0037118498371151772 0.0005861550025774798 0.9999929392716231 24.21661960347387
0.9999877717060134 0.0003409861036374099 -0.004933575470166785 -0.2752957559221958 -0.00034647732319157917 0.9999993214614632 -0.0011122185386956834 -0.5568852254870946 0.004933192871479809 0.0011139143101830487 0.9999872113197263 26.509282062058908
0.9999844829615763 0.0008110071281672252 -0.005511452032600137 -0.32815283291962105 -0.0008134391682372577 0.9999995727788947 -0.0004390429905646692 -0.6100973968544562 0.0055110936109966134 0.00044351940887487414 0.999984715452064 28.96728243661768
0.9999827507778114 -0.0006149388642863927 -0.00584123249282022 -0.4031593901795026 0.0006229475552541807 0.9999988684196013 0.0013693413965983631 -0.6765316632430178 0.005840383821752785 -0.0013729565580254577 0.9999820022915938 31.98208327437164
0.9999780179831469 -0.000975642642516961 -0.006558328440371406 -0.4306613195333649 0.0009852262155007415 0.9999984514738243 0.001458210978520871 -0.6995455961084907 0.0065568955918157215 -0.0014646403612118889 0.9999774307197193 33.26181384238817
0.9999732416193822 -0.0019007078931314383 -0.007064230653813864 -0.4623951494416637 0.0019049250903376458 0.9999980114021068 0.0005902984264655208 -0.7247762291522881 0.007063094621021213 -0.0006037394612519499 0.9999748737808556 34.4925724850627
0.9999633309897102 -0.0025058915972115308 -0.008188845050841947 -0.4831716212499449 0.0025024595055311073 0.9999967766777332 -0.0004293373578195325 -0.7498476398132227 0.008189894528432738 0.0004088293613066934 0.999966378677887 35.709723281119246
0.9999575309980404 -0.0019167570528291515 -0.009014557266106057 -0.5083131227764128 0.0019135628794430767 0.999998103271556 -0.00036294682341842703 -0.776425964559157 0.009015235848822526 0.00034568148727002004 0.999959302185294 36.8955424506581
0.9999549514477725 -0.002541631141262978 -0.009145227510852852 -0.544356670129964 0.0025438274544968237 0.9999967383514279 0.00022853530925001555 -0.8035652281497389 0.009144616829875761 -0.000251788894884951 0.9999581554172093 38.167293269907695
0.9999469853614171 -0.002984787504270922 -0.009854821671087515 -0.572902869477441 0.0029908085757991416 0.9999953497365053 0.0005962964259427913 -0.8305852449617819 0.009852996025449106 -0.0006257386986701265 0.9999512622725191 39.44958506973392
0.9999406422543422 -0.003662348882126419 -0.01026153831741759 -0.6100531814951451 0.0036661321019756726 0.9999932185020771 0.0003498932238582009 -0.8503365100068999 0.010260187297759581 -0.0003874926100263142 0.9999472878137592 40.63128895958006
0.9999359173925283 -0.0037643397243034295 -0.010676649980369652 -0.6349504196925065 0.0037703007691693214 0.99999274753181 0.0005382526285097398 -0.8780957026199867 0.01067454638255411 -0.0005784723175109507 0.9999428580820534 41.67864674519442
0.9999284902882203 -0.005240005846639799 -0.010749727840662866 -0.6744385371799109 0.0052566815735574516 0.9999850228562122 0.0015236016852746143 -0.9135515928271414 0.010741583158704538 -0.0015800006292179892 0.9999410592576231 42.83385257305821
0.9999335225839354 -0.004627260767462084 -0.01056119646028926 -0.7051281548978902 0.004655365600496517 0.9999856838701942 0.0026381102679885163 -0.9351665372792165 0.010548838040686575 -0.0026871011239359152 0.9999407489964304 44.2077038225203
0.9999395232576623 -0.003772615352948403 -0.01033040176557195 -0.7365515779269662 0.0038081164411550602 0.9999869040769724 0.003419053044743184 -0.956425669605541 0.010317367707416512 -0.0034581856443603692 0.9999407946851855 45.548178600279336
0.9999411989666687 -0.0028930199129392894 -0.010451270013015004 -0.7654006936824245 0.0029251089593181658 0.9999910511334478 0.003056368858396455 -0.9823521339174186 0.010442334350025758 -0.003086760244300649 0.9999407130247862 46.822160573151216
0.9999466937074616 -0.0018623103572174967 -0.010155862526147294 -0.7934723299799648 0.0018935791153610697 0.9999934942737521 0.0030701414146043623 -1.0023494966087618 0.010150078898731376 -0.0030892086859259475 0.9999437147600087 48.10189655570477
0.9999528886533279 0.0009578176320993858 -0.00965935087102403 -0.8229867608926238 -0.0009111417603617021 0.9999878941020619 0.004835438968317382 -1.025641837394152 0.009663865404611055 -0.004826410126319232 0.9999416560333584 49.367345816631854
0.999968760233992 0.0009412547635615655 -0.007848095027693782 -0.8599430416044248 -0.0008798363247622123 0.9999689917719582 0.007825687357384054 -1.0452259948299825 0.007855217637676774 -0.007818537845656582 0.9999385811247719 50.70182625480941
0.9999835412273236 0.0018592520221760126 -0.005427748739608065 -0.9015844322526859 -0.001802264386323952 0.9999434026032484 0.010485391424266549 -1.0584334235470385 0.005446936528368063 -0.010475436609341327 0.9999302956258005 51.95025612231864
0.9999901346953322 0.0023223426716181862 -0.0037864543477623457 -0.9256768389120836 -0.0022695838774288227 0.9999011087581244 0.013878821754648975 -1.0735111233776313 0.0038183112805821894 -0.01387009116010359 0.9998965151805342 53.27327173760072
0.9999958920902605 0.0015537674782104744 -0.002408652990457511 -0.9457544223450045 -0.0015171167895372739 0.9998841701696864 0.015144127598677374 -1.0835203649219871 0.0024319044495390565 -0.015140411180076105 0.9998824199824937 54.53442526456745
0.9999995410452254 -0.00029067535254730017 -0.0009129168520960632 -0.9598053407522878 0.0003031215873244646 0.9999066100322488 0.013663064484965926 -1.0907517284513581 0.0009088600787346636 -0.013663334939042529 0.9999062392303102 55.657300464622665
0.9999996421408448 0.0004532015559681485 0.0007143714248889876 -0.9800031890725514 -0.0004618538757014519 0.9999259757485804 0.012158524344975701 -1.1000252885203876 -0.000708808281927591 -0.012158849929147716 0.9999258272288107 56.48696666935259
0.9999977879590995 0.0008931369200554898 0.001904306527450316 -1.0080523292100874 -0.0009156303518622138 0.999929439270924 0.011843905622502576 -1.1109400315094025 -0.0018935939288042226 -0.01184562306415466 0.9999280451693794 57.844280015763665
0.999998813692675 0.0005910937174226675 0.0014223998947887214 -1.0079218465317712 -0.0006072564126047445 0.9999349531493724 0.01138949998078449 -1.1232839914872144 -0.0014155751102719926 -0.011390350230794582 0.9999341258646636 59.21627219099651
0.9999998756705941 -0.00046978010783378925 0.00016722872754494297 -1.0212980593348937 0.00046798467097523594 0.9999439286993035 0.010579246086115525 -1.1403565450373196 -0.00017218927017977333 -0.010579166510323094 0.9999440242267583 60.526423311839366
0.9999988573330613 -0.00023557415440897771 -0.00149326400548068 -1.0385457646382823 0.00025173110612695335 0.9999413334930708 0.010828952098435403 -1.1476860238724202 0.0014906253796638713 -0.010829315625549675 0.999940250194511 61.82171368394685
0.999996195171193 -0.00023047909505955453 -0.002748912971449365 -1.0583217615986638 0.00026351383464344507 0.9999276854243704 0.012023081232405657 -1.1627013249326676 0.00274594311609216 -0.01202375986323802 0.9999239416051382 63.14837165211344
0.999992744941994 -0.0007626105805447077 -0.003732089023483766 -1.0881678498629734 0.0008085389884152001 0.9999237746188917 0.012320357811876554 -1.176450331352864 0.003722408908352223 -0.012323285966449693 0.9999171367142927 64.40965638561279
0.9999880446831653 0.0005845522018101686 -0.004854769764238865 -1.0963311245104046 -0.0005261748757368557 0.9999276509551837 0.012017320635202434 -1.1861627300538684 0.004861443277520819 -0.012014622506449295 0.9999160040799869 65.64170350261207
0.9999859096945547 0.0007840328065827132 -0.005250305220894722 -1.1249652468096052 -0.0007210298538923944 0.9999278451162184 0.011991024859723746 -1.202215862419632 0.0052593277426062944 -0.011987070275714528 0.9999143211385175 66.91573382367957
0.9999856211720561 0.00015322067220221102 -0.005360407872850956 -1.141416242343487 -9.100125005424029e-05 0.9999326493484836 0.011605536855132272 -1.2118949223479114 0.005361825054046525 -0.011604882177297361 0.9999182854322358 68.16239102788604
0.9999816952886313 -0.000861001523561827 -0.005988970199629031 -1.152320225660392 0.0009243661483154191 0.9999435446536534 0.010585511452524652 -1.222769211770148 0.005979517948753856 -0.010590853689108597 0.9999260368563456 69.33613314230757
0.999973766130661 -0.001533669435179891 -0.007079188408742141 -1.1606601121413698 0.0016193387614682904 0.9999253388568023 0.012111748597348374 -1.2337654338066675 0.007060084449812292 -0.012122894463508196 0.9999015904764776 70.16450791984882
0.9999718320135085 -0.0018441968872013694 -0.007275583645988962 -1.1826321440351528 0.001941850564226545 0.9999078210247818 0.013437956312615318 -1.2408070532120907 0.007250130752942264 -0.01345170588865145 0.9998832367895522 71.28390051689668
0.9999709250441182 -0.0009827943549622917 -0.007561956206398166 -1.2061423754638714 0.0010722967780320944 0.9999293185966208 0.011840945507786213 -1.2532309097190395 0.007549784502318729 -0.011848709894093696 0.9999012995430177 72.49467405199522
0.9999721157645798 0.0009140264995665549 -0.007411629299215263 -1.2287250611583935 -0.0008364888936515211 0.9999449640187156 0.01045797398837144 -1.2560354289430318 0.007420780258281042 -0.010451482630170051 0.9999178458909467 73.66651122591084
0.9999665409975692 0.0031469201178701413 -0.00755074692525909 -1.2497750703772479 -0.0030649822250911106 0.9999365614639657 0.010838769837110428 -1.2659246544779872 0.007584376659781586 -0.010815264277571996 0.9999127498383497 74.85825038058053
0.9999577662897914 0.004707050880108236 -0.00789362456315441 -1.272872756329687 -0.004619687832999817 0.999928280995551 0.011049495445910135 -1.2783046218370013 0.007945068977522696 -0.011012562703368834 0.9999077954199816 75.95652652620299
0.9999529706786914 0.006026263953656756 -0.007598721841335211 -1.3050976385728943 -0.00593895145375818 0.9999166825489442 0.011461100119322177 -1.291122766769755 0.007667156349718471 -0.011415432671435808 0.9999054468350664 77.3967475864214
0.9999566055413192 0.006530632475713056 -0.006643634077104441 -1.332285036578915 -0.006446858616718526 0.9999004143338028 0.012553861121845563 -1.30534431707992 0.006724957119516868 -0.012510485784241522 0.9998991262608363 78.74796250324164
0.9999555230890911 0.008209019983585926 -0.004643687600606618 -1.359233152684252 -0.008146820623177788 0.9998789151681352 0.013258367770124244 -1.3196581144204078 0.00475196352644899 -0.013219946788969894 0.9999013210560036 80.0374387640995
0.9999753073729474 0.00670605783977216 -0.0021008171337921037 -1.3718746599560643 -0.006682249452762676 0.999915597712628 0.011142037212747737 -1.3335909209833308 0.002175358966022277 -0.011127723902435585 0.9999357187210193 81.3110285298833
0.9999929326925802 0.0037578428828822347 0.00011481185148452748 -1.3813449411499807 -0.0037584882438435677 0.9999733255637612 0.006262741178926386 -1.349330163174125 -9.127439157653116e-05 -0.006263128437203236 0.999980382253155 82.56563379031259
0.9999838804329193 0.004968028268534767 0.002749103389259313 -1.408990318146916 -0.004983620799501518 0.9999713683690443 0.00569438020059463 -1.363110396837701 -0.002720734836137245 -0.005707988898481665 0.9999800080325044 83.72159616739559
0.9999662358260801 0.005601860304749748 0.006012185039336724 -1.419016567454414 -0.005656128574952727 0.9999430724238133 0.009047658325171164 -1.3799228219839381 -0.00596115906219211 -0.009081358530060764 0.9999409950141483 84.64344924707308
0.9999385321171209 0.006149609707440816 0.009225740507107453 -1.4151312402747467 -0.006243605325484949 0.9999285428259154 0.010194441357038944 -1.3903867973803763 -0.009162389426230776 -0.010251416608873258 0.9999054750712763 85.81017953312895
0.9998899075841202 0.006429357439569672 0.01337296056730076 -1.4129749998975503 -0.006541034031829225 0.9999439612271216 0.008324018212875126 -1.4049984210276079 -0.013318693074576737 -0.00841057479177722 0.9998759296265004 87.0184319155661
0.9998438024347944 0.005588210263238874 0.016767308632765165 -1.4109462566117983 -0.005680253227115499 0.9999690328733281 0.005446835563683399 -1.4270399728505316 -0.016736351334995618 -0.005541227340201541 0.9998445825944935 88.3048609330915
0.9997889765457495 0.00452776701805791 0.020037507415684767 -1.394799639108214 -0.0045709371877307526 0.9999873288391571 0.0021091928205474093 -1.4498760351861337 -0.020027703583517784 -0.0022003379191884672 0.9997970041974588 89.61001165609754
0.9997178775817821 0.003878714877637133 0.023433326999719974 -1.3809057080997729 -0.00390712527710799 0.9999916865224379 0.0011667296517130432 -1.4779045345554374 -0.023428606775623445 -0.001257957435369584 0.9997247210745793 90.97326816918861
0.9996253625821998 0.0039523879055025565 0.027083447200293705 -1.3705879056368497 -0.004036630371551058 0.9999871815954613 0.0030565110846029328 -1.5078746341989335 -0.027071019516267336 -0.003164691866717668 0.9996285033089743 92.18003890948607
0.9995160649031057 0.005138031703550824 0.03067958003012548 -1.3481487049941494 -0.0052487171907574124 0.9999800006674576 0.003528347058305828 -1.54018407353865 -0.03066083769995545 -0.0036876680064395935 0.9995230433242711 93.60999618308972
0.999397426461515 0.004893640997129227 0.034363298152143465 -1.319391591457027 -0.00494440991175036 0.9999868066598767 0.0013925935544238568 -1.5638659985809211 -0.034356029932552885 -0.0015616606463819513 0.9994084372383998 94.87486347527845
0.9992747679772391 0.004703850072903579 0.037786398062365174 -1.289212478212193 -0.004671506300829934 0.9999886426841842 -0.0009442094710209819 -1.5889020095105781 -0.037790410330097904 0.0007670053034424351 0.9992853929633659 96.20012626109889
0.999154052173076 0.004771282959223568 0.04084623464954914 -1.2476725411551493 -0.004726305884828085 0.9999881137899972 -0.0011976274076703044 -1.6210151102649462 -0.04085146336186795 0.0010035624781701248 0.9991647265609148 97.53577036157589
0.9990597649843321 0.003264609876640918 0.04323110352287261 -1.1910951974009736 -0.0032653226044442136 0.9999946673549802 -5.412847811171696e-05 -1.645240480436027 -0.043231049695107916 -8.708591492702865e-05 0.9990650973576767 98.8111927772512
0.9989400623324366 0.0024544835135820627 0.04596441425657647 -1.1449965662167347 -0.0025210966804659262 0.999995854143659 0.0013913184475317557 -1.6716471804526876 -0.04596080872652651 -0.0015057244689034254 0.998942108860683 100.04363775082467
0.9988256285745596 0.0018395503025215568 0.04841466469285142 -1.0893715995792568 -0.001992415389528034 0.9999931811105055 0.0031093429222557017 -1.6914894719247529 -0.04840861476588963 -0.0032021535217887547 0.9988224828413065 101.2900345231253
0.998715156535612 0.00015850993065249066 0.050675546180092956 -1.0177966784200838 -0.0003682762295226629 0.9999914033343621 0.0041300883759029005 -1.7271184973451121 -0.05067445587934431 -0.004143444457921983 0.9987066292907832 102.9248328703352
0.9986168829957075 -0.0009341995651615968 0.052568510223428365 -0.9556333556662148 0.0008293865210229716 0.9999976247009671 0.0020156166360010713 -1.756120821010989 -0.052570268345681695 -0.001969229188548115 0.9986152857945183 104.21026237755517
0.9984952302591208 -0.002207982573619355 0.05479415993279498 -0.8998184479191548 0.0022926750963477454 0.999996272410792 -0.0014828369514007771 -1.7781554503291803 -0.05479068160452751 0.0016062308291288512 0.9984965704657359 105.41977175815181
0.9983781496231193 -0.0013448609791120612 0.05691451224480312 -0.8561614378913608 0.0015918998038244043 0.9999895076029142 -0.004295409072101448 -1.7967709403523913 -0.05690813834709027 0.0043790447621562595 0.9983698151270605 106.67533297489219
0.9982931774943522 -0.001361407502734036 0.05838560043231445 -0.8004034158859598 0.0016630453543540699 0.9999855199383644 -0.005118026352950208 -1.8284158754923103 -0.058377787285745414 0.005206388691946621 0.9982809862300343 107.97178045676038
0.9982734635742923 -0.0012379863439862606 0.058724435401276094 -0.7312525873327327 0.0015096046187623138 0.999988366945958 -0.0045811643336646475 -1.8556579716359696 -0.058718080837860814 0.004661905465486395 0.9982637194750447 109.28636976806146
0.9983277419755338 -0.0010764425695258691 0.05779758535983109 -0.6593118726120856 0.0012444524670551793 0.9999951044729436 -0.002870952490929131 -1.8829203839426447 -0.057794211994711804 0.0029380778652791832 0.9983241942166728 110.60211073878642
0.9984079627549228 -0.0018939925065592001 0.056373333234343494 -0.5963122509268328 0.001974529570463908 0.9999971080860439 -0.0013729721502933087 -1.9133412350780619 -0.05637056980854996 0.0014820971409504166 0.9984088151892117 111.93454896635895
0.9985016496242578 -0.0014957443116985513 0.05470117408786292 -0.5617116219947909 0.0015289993347457206 0.9999986708481369 -0.0005660945108899525 -1.9377346023271786 -0.05470025464905087 0.0006488843617569993 0.998502609455987 113.258650214763
0.9986275336548934 -0.0012462713142039655 0.05235929558499596 -0.515650629998106 0.0012534008954908401 0.9999992091541813 -0.00010333057938416185 -1.9594574259609088 -0.05235912539892896 0.00016881594961502925 0.9986283059720648 114.6211471412921
0.9987860585295483 -0.0010439540634703888 0.04924753239426343 -0.46245118528019824 0.0010529691466018857 0.9999994332855673 -0.00015711308698315317 -1.9899516043629721 -0.04924734046613042 0.00020877849304874052 0.9987865917544926 116.19900537100985
0.998957813621109 0.0003204147085400207 0.045641909904702606 -0.4317383098451016 -0.0002912059996232363 0.9999997485528673 -0.0006466013218313106 -2.012839691548509 -0.04564210560874926 0.0006326362447426118 0.9989576557427162 117.50268714276952
0.9991284615666788 0.0004208875604830799 0.04173895232350588 -0.40455928176358 -0.00041632344020889404 0.9999999063705114 -0.00011804136114724811 -2.0416830311273984 -0.04173899809764961 0.00010056157934225092 0.9991285432441487 118.808904912787
0.9992713946722448 0.000987821974688716 0.038153689173317636 -0.39222161533885747 -0.0010246078243651277 0.99999902894694 0.000944607846987767 -2.069530058273147 -0.03815271901967227 -0.0009830121691332024 0.9992714364568231 120.11202818365555
0.9994270018297428 0.0011252508407216433 0.03382900861919628 -0.36204039050095616 -0.0011875124156569545 0.999997637897526 0.0018204432516894875 -2.0951016756161764 -0.03382688025631185 -0.0018595725087818867 0.9994259773300928 121.44448946473221
0.9995593923839577 0.0012606448418566384 0.02965521660006792 -0.34558607050181206 -0.0013321365019761475 0.9999962539514444 0.0023911284825392388 -2.118443336700557 -0.029652091146398857 -0.002429579729625871 0.9995573273369489 122.88791897338427
0.9996922876185441 0.0016183138824658798 0.024753002569001592 -0.32010632766832037 -0.0016813836308085175 0.9999953926821616 0.0025273629610736473 -2.1480638431668733 -0.024748798457485347 -0.0025682045535309803 0.9996904027249054 124.56556498565365
0.9998044695858791 0.0023951793871009324 0.01962869613101542 -0.3067191448010702 -0.002444171244497711 0.999993956811599 0.002472320208021672 -2.1756295685483273 -0.019622655860706047 -0.0025198126888779783 0.9998042818076881 126.00824833184357
0.9998871333825594 0.002741908975636327 0.01477167665427479 -0.3028649064407548 -0.002773371487687559 0.999993928436688 0.0021098578987518357 -2.202054265275575 -0.014765801928794838 -0.0021505871130858395 0.9998886668366985 127.54323058026885
0.9999373992963452 0.003939521359419662 0.010472710247178689 -0.313980621334882 -0.0039540105614872985 0.9999912537392753 0.0013631747626545675 -2.2247956754759657 -0.010467248394030258 -0.001404498633879975 0.9999442304922044 129.3072075873222
0.9999568024595563 0.005921139339332889 0.007164727753734611 -0.32458331486136965 -0.005929686786112739 0.9999817320549844 0.0011723356744387067 -2.243579975308236 -0.007157655306001122 -0.0012147696239083914 0.9999736458053696 130.64993943012348
0.99995426803297 0.008184187322938316 0.004947819773506806 -0.32327426048072694 -0.008190782510291345 0.9999655914444298 0.0013141571681355494 -2.2670362774212753 -0.004936894217739364 -0.0013546235848081278 0.9999868959493559 131.93322682327698
0.999948950844006 0.009378480537712773 0.003760293708818658 -0.3373661054480587 -0.009382520677473609 0.9999554232405277 0.0010582237928267331 -2.2894894802222447 -0.0037502015558648653 -0.001093450804871615 0.9999923701477073 133.15389073081747
0.9999303725304439 0.011556531251404755 0.0023867711587158965 -0.3455233843709202 -0.011559807451369723 0.9999322536390352 0.001363445653235786 -2.3177733060784083 -0.002370852761354213 -0.001390941334990329 0.999996222162558 134.5490491973663
0.9999176580262849 0.012767362885848538 0.001292908415875555 -0.3582840833195824 -0.012770242003317075 0.9999159399761637 0.0022436356129097957 -2.3439869881081488 -0.0012641544239096255 -0.002259961620883968 0.9999966472379126 136.1076459444979
0.99992427428917 0.012298999596538334 0.0004246130028903504 -0.3714978009344493 -0.012300077288771447 0.9999208758775276 0.002636301008953175 -2.3677750991686057 -0.00039215554071359883 -0.002641324145938662 0.9999964348040394 137.31980633104743
0.9998688947055873 0.016188214958159843 -0.0003675550253702238 -0.38812191154569947 -0.016186311341449468 0.9998579611081563 0.004696906833217683 -2.391330171625775 0.0004435373557163756 -0.004690341683788698 0.9999889019231688 138.62190133923795
0.9998512590439506 0.017189546840261326 -0.0014068644762189949 -0.3999998535674122 -0.01717774217600193 0.9998203513932872 0.008011873285330094 -2.4131427874155063 0.0015443322060925196 -0.007986514836388781 0.9999669147620869 139.89255477962735
0.9998712775689719 0.015923759216163475 -0.0019652442644028647 -0.41847939712715243 -0.015908567786575355 0.9998451891097387 0.0075176648696485 -2.4247108470579213 0.0020846495084408997 -0.007485432955953357 0.9999698108092514 141.10275791171313
0.9998734410928235 0.01571340515853876 -0.0024881108337085583 -0.44479443938137725 -0.015698441508588495 0.9998592254983365 0.0059235226064859835 -2.435523269182001 0.0025808392818274383 -0.005883713469548379 0.9999793603792083 142.37432822526074
0.9999115145790041 0.012970578213232917 -0.0029541687727234625 -0.4675845078219242 -0.01295001167393563 0.9998924912336706 0.006877730161206162 -2.449716244156428 0.003043059310668727 -0.006838865062263767 0.9999719844649113 143.66424730601528
0.999933308896616 0.010729213665650448 -0.004273374917161451 -0.47996773635876827 -0.010691231648192164 0.9999040018741899 0.008813886873922186 -2.465385377368623 0.004367530756673849 -0.008767611424922451 0.9999520256817285 144.87597308491888
0.9999624046795742 0.00738748374504606 -0.004540298598268026 -0.4927314236924807 -0.007338553684757224 0.9999158175221419 0.010700630768517962 -2.4770331630641618 0.004618967120546159 -0.01066690924986717 0.9999324388126408 146.01044555133075
0.9999737026708828 0.00558009000187902 -0.004632122867211125 -0.518126280256952 -0.005525304586437999 0.9999156184429329 0.011756998048642513 -2.489796723752193 0.004697337108734598 -0.01173109498127218 0.9999201550297045 147.16219768748593
0.9999892908464345 0.001447731919217883 -0.004395709810292883 -0.536033099951213 -0.001403692338094697 0.9999489597663339 0.010005374058399281 -2.5015157166548754 0.004409970551625275 -0.009999096685130746 0.9999402833295679 148.3237191062419
0.9999893084228584 -0.0011485057018922624 -0.0044792828251494065 -0.552411869215662 0.0011890509859328524 0.9999582540192499 0.009059601344869732 -2.5118073999686072 0.004468690829293505 -0.009064830579102526 0.9999489285202747 149.43040202816877
0.9999872484452482 -0.0027585351290161583 -0.004230062747175651 -0.5727712803810713 0.0027954294527139244 0.9999578896450145 0.008740967387270378 -2.522891420493561 0.0042057723521325445 -0.008752680768336357 0.9999528499175803 150.55874731406388
0.999988362724967 -0.002898023790195061 -0.003856925297823996 -0.5860082142414723 0.0029327115800289786 0.9999550312156569 0.009018578007901372 -2.529497872324529 0.0038306158029615947 -0.009029784305712859 0.9999518935318656 151.76814143734617
0.9999895609380652 -0.002528443205890557 -0.003805915113580749 -0.5974717896363171 0.0025698910044729957 0.9999370163135638 0.010925157488752637 -2.5393287624225147 0.003778051762791096 -0.010934824227371078 0.9999330757325688 152.8673691856804
0.9999952573988712 -0.0002756482868470551 -0.0030674415705823025 -0.6148505114861806 0.00031345131860844406 0.9999239296747994 0.012330312728345692 -2.548400336969008 0.003063809399724855 -0.01233121574419563 0.99991927383676 153.88449953222812
0.9999966066132892 -0.0002581107157450206 -0.002592323430209999 -0.625456787438011 0.0002853496619872811 0.9999446995996124 0.010512674170358043 -2.5573900554735483 0.0025894666398320857 -0.01051337821540374 0.999941380052362 154.92431870757042
0.999997199306302 0.0003272097018852193 -0.0023439951716701965 -0.6487323131891023 -0.00030647446459425244 0.9999608705145799 0.008841013127854576 -2.577739615250345 0.002346796317615464 -0.008840269992219527 0.9999581702118892 156.3128960079219
0.999998224898021 0.0003102192698024302 -0.001858484547510019 -0.6638493708992805 -0.0002985054730352047 0.9999801112524312 0.006299840796290557 -2.592889008157771 0.0018604019165919237 -0.0062992748456216635 0.999978428787906 157.770227755312
0.9999985086540042 -0.0006046019181822158 -0.0016177596514153102 -0.6803684073619252 0.0006081577944351837 0.9999973985067613 0.002198436673529921 -2.6312230663867973 0.001616426263794917 -0.0021994172480416805 0.9999962748580136 160.6268388771345
0.9999992177409887 -0.00061759163095317 -0.00108770307981087 -0.7224964736127724 0.0006163686334225335 0.9999991779495738 -0.0011243619901807373 -2.691984214388361 0.0010883965822196077 0.0011236906845776043 0.9999987763553145 163.386197072393
0.9999991321696804 -0.000867100462689341 -0.000991865250602497 -0.7600126529734738 0.0008652100080576261 0.9999978115662101 -0.0019048029906655346 -2.7536047231902225 0.0009935147355258085 0.0019039431658783165 0.9999976939617875 166.03944139234056
0.9999984700783029 -0.0013114409497784255 -0.0011575680068567778 -0.8017874470209577 0.001309545605782516 0.9999978033258405 -0.0016365921301691917 -2.812684241649472 0.0011597117579948035 0.0016350737382146213 0.9999979907992368 168.6331691432579
0.9999986520027471 -0.0006954098722059172 -0.0014874131235386168 -0.8215262123018096 0.0006936623979670693 0.9999990690626291 -0.0011750346179106648 -2.841429816784974 0.0014882288695238308 0.0011740012714132227 0.9999982034463103 169.96016181309156
0.9999983880955156 0.00013903709421666675 -0.001790104761943111 -0.8400972335330725 -0.00013898307037835372 0.999999989882702 3.030351058497141e-05 -2.872189589433368 0.0017901089571443142 -3.0054667482463243e-05 0.9999983973020358 171.17814599105841
0.9999969931722568 0.0006171206383236627 -0.0023733538642303864 -0.8471287022430366 -0.0006160454728638118 0.9999997073132051 0.0004537196054909023 -2.891295633798733 0.0023736331693137588 -0.0004522561473306422 0.999997080660717 172.34938610898092
0.9999946947804929 0.0008705289067238401 -0.003138883606156756 -0.8563187797979926 -0.0008704308084398514 0.999999620643047 3.261856179360593e-05 -2.9127210863693205 0.003138910810800517 -2.9886207750064457e-05 0.9999950731607322 173.46478460317968
0.9999926081369476 0.0009653757701470454 -0.003721790038281569 -0.8772562415821701 -0.000964343676066643 0.9999994960732831 0.0002790957810707856 -2.935907500623635 0.0037220575950768745 -0.00027550463334592164 0.9999930351679743 174.64093333223914
0.9999905145401958 0.00038169542330234634 -0.0043387945606685975 -0.8979663329777501 -0.00037525337822459865 0.9999988262786795 0.0014854716981804307 -2.9571437917940258 0.0043393564658816995 -0.0014838294604820274 0.9999894840625054 175.7140419707641
0.9999879318278933 0.001256348951610231 -0.004749503751543435 -0.9255037297301211 -0.001247538505904151 0.999997496607796 0.0018575321849166899 -2.9834506801095055 0.004751825570286012 -0.0018515845790845974 0.9999869958095943 176.96371582559405
0.9999854378826513 0.0016530223513904006 -0.005137269678493543 -0.9551744896911726 -0.0016481908585478963 0.9999981956254851 0.0009445700971620587 -3.00446001785874 0.005138821804418263 -0.0009360891412994672 0.99998635803074 178.02558424471206
0.9999798302697409 0.0022941682695751487 -0.005922486441731919 -0.9743345462623904 -0.0022959163642116403 0.9999973227988345 -0.0002883803263933612 -3.02594407893125 0.0059218089930500725 0.00030197204337836347 0.999982420341046 179.18502077844605
0.9999737643817156 0.0028052709090340333 -0.006678398265253136 -0.9960938909542176 -0.002807445787925937 0.9999960090912751 -0.00031630629269728663 -3.0522747094588794 0.006677484287534122 0.0003350472352860106 0.9999776492236921 180.42588098904824
0.9999723593733166 0.002492102145821997 -0.007004992238285594 -1.0622948775780767 -0.0025015992955484305 0.9999959633379744 -0.0013473339309572389 -3.1021929126805077 0.007001606267719089 0.0013648203734516594 0.9999745570638394 183.27945744297432
0.9999642616242442 0.002782385974864686 -0.007983345324355415 -1.0966783339467172 -0.002800782398762096 0.9999934463484988 -0.002294096337809803 -3.148110037221182 0.007976909942817157 0.0023163739636005713 0.999965501064625 185.20047507956647
0.999959890130276 0.0029066335399353313 -0.008471694760313944 -1.131518331950851 -0.0029232639147217616 0.9999938233996549 -0.0019513304756005295 -3.177907938863172 0.008465970631433409 0.0019760172075787416 0.9999622106346142 186.50437333307622
0.9999531399285312 0.003087137965031876 -0.009175376082606334 -1.1568771716695392 -0.003091330235655502 0.9999951238098141 -0.00044275723453218816 -3.207916179961143 0.009173964489059638 0.000471100604404221 0.999957807329777 187.74652706716637
0.9999479994256231 0.0030408315318490213 -0.009734053024823143 -1.1885904004410377 -0.003041261519990895 0.999995374922142 -2.9371617178375667e-05 -3.232504265937699 0.009733918689930496 5.8973890735370803e-05 0.9999526225521984 188.892978550222
0.9999396118083165 0.003665736933304834 -0.010360265892829358 -1.2133006856483555 -0.0036624055477711133 0.999993235397043 0.0003405080876394011 -3.2550500842353207 0.01036144402281715 -0.00030254402968941604 0.9999462730291431 189.94418545142778
0.9999290174469517 0.004380624229213127 -0.011080171430851219 -1.2252973844618267 -0.004374168437860824 0.9999902491681039 0.0006068106713437037 -3.26710945782101 0.011082721599491793 -0.0005583010622140622 0.9999384288954363 190.6678930696513
0.9999206659410473 0.004558480034502307 -0.011742320204635502 -1.2516226415564569 -0.0045612385615579655 0.9999895758334968 -0.00020815169399585997 -3.2884942479495396 0.011741248945393462 0.0002616947041967048 0.9999310349164513 191.77165195189116
0.9999068839262581 0.005838811526264481 -0.012334170294024664 -1.27918903698238 -0.005849098295127216 0.9999825753934461 -0.0007980968767189831 -3.3062592706775633 0.012329295438717386 0.0008701663355100196 0.9999236127247594 192.9839515802264
0.999900380548987 0.006127049049793092 -0.012715669385960898 -1.3226783938490336 -0.00613216422383156 0.9999811321011488 -0.0003633230470945766 -3.344309849479206 0.012713203369866779 0.000441261425942837 0.9999190866007267 194.73700897613702
0.9999040397965215 0.0060056580189052355 -0.012483720213021089 -1.3734644444020279 -0.00602526538760201 0.9999806719092778 -0.001533618230863221 -3.375590108461339 0.0124742685399183 0.0016086887918538477 0.9999208992439182 196.20387474348584
0.9999095679285221 0.0044511812120208915 -0.012690269926783586 -1.428869542084406 -0.004490368063005122 0.999985232943713 -0.003061125473824009 -3.4247549829531 0.012676456904656686 0.003117832632696601 0.9999147896496081 198.40384415992824
0.9999152661382985 0.0011954223887983952 -0.01296269682159892 -1.468113988471645 -0.0012347562511768884 0.9999946568839904 -0.0030268102798396024 -3.4668496030687903 0.012959009243630968 0.003042559577448631 0.9999113995302995 200.50508465805189
0.9999144981502264 0.0016157286238440288 -0.012976355805677959 -1.5324887845316972 -0.0016078966161799074 0.9999985188535823 0.0006139699609974806 -3.5062767813073163 0.012977328594635329 -0.000593052826839718 0.9999156150550369 202.3373035086789
0.9999115158040283 0.0007314901700118971 -0.013282525536290496 -1.560448762135271 -0.0006663273682832227 0.99998772551164 0.0049096673914821734 -3.5339787748237663 0.013285953873520448 -0.004900382453225704 0.9998997298136869 203.6130348094331
0.9999082030533442 0.0018728035045560275 -0.013419317183302663 -1.5892477665473104 -0.0018159676472078484 0.9999893354981959 0.004246310325498041 -3.553854508931002 0.013427126577829481 -0.004221551481323007 0.9999009404810832 204.8103810045912
0.9999053992958932 0.0033107166096281726 -0.013350341360867808 -1.6201132857522096 -0.0032954708645523824 0.9999938926887626 0.001163811391988536 -3.573501334332029 0.013354112875884049 -0.001119705633624732 0.9999102029325402 205.91018362129492
0.9999039116393854 0.003528146478591672 -0.013405956537378827 -1.653618706789463 -0.00354002548516588 0.9999933621582318 -0.000862472631109733 -3.5923247262051397 0.01340282462098437 0.00090984718532399 0.9999097641638869 206.99048007474698
0.9999029232270714 0.003151842045268118 -0.013572398965517776 -1.6812991123988983 -0.003159660908014016 0.999994854422758 -0.0005546809468030093 -3.61656883979436 0.013570580860960791 0.0005975112786060976 0.9999077369014451 208.08700483098394
0.9999067905919007 0.003060623684258495 -0.01330573977155074 -1.7169117914626146 -0.003050345752144528 0.999995033520689 0.000792669381215589 -3.647796707560322 0.013308099751551474 -0.0007520083901803659 0.9999111605359674 209.30596646356597
0.9999099120292951 0.0032362812503271047 -0.013026676830110757 -1.758213234950726 -0.003196851860821613 0.9999902494261994 0.0030465046703921435 -3.6807238785592187 0.013036409158480866 -0.003004585860903894 0.9999105082456422 210.5016592153476
0.9999170611058983 0.002461838383182429 -0.012641608328003666 -1.7783094332730829 -0.002414038811286149 0.9999898851491946 0.003794998803347129 -3.6991107993495813 0.012650823133739815 -0.0037641667172023056 0.9999128900674126 211.57441414986138
0.9999330066197419 0.002335781464392706 -0.011336948326326615 -1.7997328495884017 -0.002299480719203303 0.9999921913779823 0.0032139650717049398 -3.7180883322891436 0.011344366920424108 -0.003187680663229682 0.9999305696052929 212.6844060556287
0.9999492904329504 0.0010489446091679728 -0.010015801408066186 -1.8250055077810976 -0.0010310021019232709 0.9999978549610677 0.0017964152996185975 -3.7424880122952966 0.010017664263926689 -0.0017859978918722777 0.99994822696689 213.83425264413302
0.9999590121785978 0.0009023219733641304 -0.00900887217465033 -1.8449618879540213 -0.0008991702954429828 0.9999995331287109 0.0003538857719462597 -3.7766819899757853 0.00900918728757475 -0.0003457707566844792 0.9999593566675612 215.4327372253839
0.9999723806336244 0.00019963485386640864 -0.007429543448072387 -1.87189448042469 -0.00020130625129851547 0.9999999546007627 -0.00022421923452026102 -3.804733797098727 0.007429498348802749 0.0002257086552675161 0.9999723754233862 216.7264296507771
