0.9990430301974307 -0.0005915851892859345 0.04373412673072588 0.03672369073048 0.0007475359535191609 0.9999934206920713 -0.0035496144252790476 0.053465857406591176 -0.04373173909111749 0.003578910383590393 0.9990368994168998 1.0002442362117359
0.996020600420441 -0.005237612928795878 0.08896926968853856 0.09704323891837907 0.006025789053944349 0.9999449262361759 -0.008592692290881877 0.03565128558972719 -0.08891936461975669 0.009094608586218769 0.9959973065677852 1.9980603724358625
0.9909494618953874 -0.005035504923698012 0.13414099917402236 0.22832737029267813 0.006740505843558758 0.9999021315236645 -0.012259402734432712 -0.0004973745491826491 -0.13406613871598866 0.01305262673163809 0.9908864210317903 2.9902425109386455
0.9834393330150428 -0.002418688772054205 0.1812214894088195 0.3401571881746715 0.0051482511075047355 0.9998802604846311 -0.014593156057555253 -0.029550076405672917 -0.18116449373279853 0.015284457393379011 0.983334028483063 3.977197816570138
0.9739068904722052 -0.005266381101522633 0.22688683064658666 0.5696515111854515 0.008762541596880176 0.9998578492060392 -0.01440483411342206 -0.055288983304857084 -0.22677871715732623 0.016017072490495922 0.9738145957179488 4.9486870979289375
0.9623072097080047 -0.0061082700095055065 0.27189616249863663 0.8383909832629952 0.01078722037175754 0.9998182854585953 -0.01571724973665945 -0.07458417519977617 -0.27175074980696107 0.018057826561476704 0.9621982357493858 5.903808872693054
0.9488795352788892 -0.008428380786852459 0.3155258942245959 1.1605572925525043 0.014939651702307061 0.9997223224647647 -0.018223193262142175 -0.09986123027602098 -0.31528468776001994 0.022005462116653374 0.9487419698216686 6.840873847289472
0.9338272634807885 -0.010163744107176584 0.3575798376386817 1.5340877184853687 0.018470914459852168 0.9996328515300092 -0.019823911344567034 -0.1377980811866871 -0.3572470675862846 0.02511693547597461 0.9336721438777624 7.754419895301779
0.9166687681609929 -0.010259471045489688 0.3995160982139192 1.9401578776968451 0.020040170153288333 0.9995928276079851 -0.020311833371188744 -0.17592162757287505 -0.3991450376222092 0.026625593862643793 0.9165011274914111 8.65358464428209
0.8971644254663921 -0.01072483838556767 0.4415664972789052 2.378277718273352 0.021284596014431813 0.9995935220347965 -0.01896725279454025 -0.20443690934559816 -0.44118358950675024 0.026415308964178874 0.8970280217486338 9.535170375846885
