0.9999794999989183 0.0005025122880768155 -0.006380358170464089 -0.05013871230494884 -0.0005005160142490648 0.9999998000001049 0.00031448744383338027 -0.021831646976441355 0.006380514829718003 -0.00031128745633588893 0.9999796000009755 0.9985035155513845
0.9999095999977273 0.0010615159880575753 -0.013405990170451023 -0.10750757682975237 -0.0010587620167511337 0.9999994000000582 0.00021260184394228035 -0.04681778784219347 0.013406209829928793 -0.00019838875643103635 0.9999101000022095 1.9965437463926403
0.9997799999964493 0.001386755987950022 -0.020929250170421618 -0.18422846280461963 -0.0013955060194294601 0.9999988999998295 -0.0004034728559215918 -0.07231435816247668 0.02092866983007085 0.0004325909435137001 0.9997809000037113 2.9932701885999844
0.9995453999948979 0.002025308987708252 -0.03008212017036494 -0.29049827302757825 -0.0020800740226862412 0.9999961999993163 -0.0017893313557282202 -0.07104078231835993 0.030078389830354723 0.001851090643405812 0.9995458000057654 3.9876066294867476
0.9991402999929736 0.0022307069874048222 -0.04139680017027426 -0.41346992709969177 -0.002379114026710634 0.9999908999986797 -0.0035360423554469 -0.07606560197878082 0.041388539830530306 0.0036314896433726866 0.9991365000083162 4.980003974794883
0.9984891999906713 0.0021456309872415324 -0.05490591017015151 -0.5483713955327649 -0.002394373031514738 0.9999870999983396 -0.004464951355051803 -0.08202376249395153 0.05489561983064672 0.004589670643388543 0.9984816000109499 5.970844972303266
0.9974752999879332 0.002223073987237128 -0.07097932016997895 -0.7099309791193393 -0.002545053037228567 0.9999868999983293 -0.004446103354498172 -0.08862284769083163 0.07096850983087323 0.004615523643375412 0.9974679000136831 6.957685845917573
0.9959797999847491 0.0009912398872429565 -0.08957233016972335 -0.8801101427787347 -0.001397593043836342 0.9999889999983564 -0.004473982353741977 -0.09732715506593531 0.08956690983071938 0.004581181643584646 0.9959703000168625 7.943060494995695
0.9939835999813311 -0.0003564687127464916 -0.10952860016938225 -1.0758537251594003 -0.00014066435092397085 0.9999896999983947 -0.0045310843527915454 -0.1070352146781996 0.10952909983061186 0.004519230643814132 0.9939733000202845 8.923667520459917
0.991297999977563 -0.0004511767127813148 -0.13163660016892179 -1.3059071517915108 -0.00017455105876782478 0.9999886999983231 -0.004741873351569673 -0.13054030938619085 0.1316371998310817 0.0047235856438306335 0.9912867000241284 9.896561544697686
0.9877898999734984 0.00292787198692007 -0.15576410016830905 -1.5863878549674326 -0.0039008670673134392 0.9999746999976582 -0.005941284350030172 -0.166914031158277 0.15574279983300718 0.006476355643259615 0.9877764000286685 10.855731728211982
0.9834264999692356 0.0072819069864733495 -0.18116110016754688 -1.908939902507261 -0.00880976207629227 0.9999320999966714 -0.007630442348175398 -0.21199394127038038 0.1810931998354998 0.009099963642532585 0.9834238000335993 11.801209295313402
0.9780771999647223 0.01080195998619889 -0.2079623001666325 -2.255324585085155 -0.012793410085760074 0.9998841999960544 -0.008233354345958597 -0.2534900871767049 0.2078492998378308 0.010713399641949605 0.9781022000383826 12.738383545612892
0.9713482999597255 0.011583859986049038 -0.23737820016548325 -2.621328658519406 -0.014004440096152678 0.9998656999957314 -0.008513365343211522 -0.272048270166078 0.23724769983940927 0.011593789641822911 0.9713800000434969 13.668811690306049
0.9632836999545087 0.013445709986001886 -0.2681487001641218 -3.026408708665573 -0.01613640010701172 0.9998390999956099 -0.007832912339980784 -0.284319939717688 0.26800029984154344 0.01187226964151501 0.9633457000484998 14.583010501195242
0.9538089999491115 0.015771979985998368 -0.299999500162529 -3.472626483089801 -0.01861376011823998 0.9998047999955739 -0.006616866336240142 -0.299342617137356 0.29983669984404104 0.011895339641130683 0.953916400053496 15.477808758673431
0.9425174999433963 0.017741189985975896 -0.3336855001606261 -3.942183322784182 -0.0207381701301018 0.9997701999955025 -0.005421185331829787 -0.31003409127723386 0.3335125998467226 0.01202958964080733 0.9426689000588122 16.360646191020734
0.9299712999377493 0.02036642998574781 -0.3670676001585027 -4.453658988606906 -0.023853020141830675 0.9997030999949925 -0.004964301326981178 -0.32150158726919736 0.36685749984997096 0.013372329640383726 0.93018100006434 17.219867420111775
0.9160370999321172 0.023498469985500717 -0.4004045001561508 -5.011831241797529 -0.02746958015352486 0.9996138999944364 -0.004180152321647151 -0.3086862137475419 0.4001516998536346 0.014828119639881603 0.9163290000697434 18.04949347839542
0.899965399926188 0.02432814998538228 -0.4352819001534258 -5.587217915428906 -0.028660130165753576 0.9995833999941781 -0.0033888383155147674 -0.29056527882019034 0.4350181998567984 0.015525069639751041 0.9002878000754069 18.867174203382636
0.8815779999199557 0.020507119985369443 -0.47159270015026716 -6.175885802332259 -0.025437550178477465 0.999668099994199 -0.0040816333084961465 -0.2743367279767493 0.4713524998587847 0.015594439640372215 0.8818071000818432 19.6753861744249
0.8604448999134595 0.01550967998558593 -0.5093075001466436 -6.794947056727362 -0.020638870191680984 0.9997771999947143 -0.004422429300479917 -0.27211579725764456 0.5091253998606776 0.014316789641185235 0.8605733000883937 20.460725732698712
0.835745299906717 0.016847569985847344 -0.5488588001424758 -7.479244034097477 -0.02109935020548784 0.9997762999952445 -0.0014391272912213215 -0.28218378204646793 0.548711799865052 0.012783309640957499 0.8359139000940731 21.18985967873756
0.8069522998997489 0.02370091998576692 -0.5901408001376536 -8.228039947465385 -0.02696201021985227 0.9996310999949909 0.003279094719469038 -0.2976605514896599 0.590000899872049 0.01326530963984098 0.8072937000994292 21.85247959914635
0.7747742998927115 0.026852789985489765 -0.6316674001322118 -9.004189562173345 -0.03022770023425627 0.9995282999943712 0.00541501173139242 -0.3066896646364692 0.6315148998786976 0.014898439639340325 0.775220600105747 22.48296365888208
0.7390814998856612 0.027036229985297727 -0.6730732001261421 -9.799719809724678 -0.030781630248576677 0.999505899993967 0.006348110744596465 -0.31461328797256716 0.6729123998849792 0.016026519639317026 0.7395486001124727 23.088825664347954
0.6998653998786168 0.02300742998589013 -0.7139041001194505 -10.606912959705312 -0.0250627002626857 0.9996565999952571 0.007646712759102816 -0.31320127092358385 0.7138349998896266 0.012540689639950104 0.7002017001189702 23.679111268753395
0.6574737998718454 0.019588319986395784 -0.753222700112217 -11.44932768023983 -0.02008945027620522 0.9997622999963575 0.008464135774711 -0.3121167283654775 0.7532095998950811 0.00956688664049528 0.6577111001253813 24.217939754060787
0.6131628998655835 0.01930945998680353 -0.7897204001046871 -12.324676233764288 -0.017508630288696495 0.9997877999972138 0.010851589790944315 -0.3120097655804782 0.7897623999017149 0.007173129640533734 0.6133709001307524 24.701432020571666
0.565477199859618 0.02029054998719397 -0.824514300096593 -13.227068761908164 -0.01550389030054279 0.9997821999980178 0.013970699808354976 -0.30744548330318733 0.8246181999091295 0.004883067640368491 0.5656686001355721 25.13232266477298
0.5147144998540354 0.02089947998741757 -0.8571069000879619 -14.152516557439263 -0.013822360311560039 0.9997751999984775 0.016077599826836063 -0.2994444574078299 0.8572502999171837 0.003571868640267186 0.5148876001403774 25.511113219533318
0.46223149984901324 0.02267229998752077 -0.8864694000790477 -15.098694032048556 -0.013115770321409526 0.999738499998671 0.018730319845883588 -0.28841784713981866 0.8866622999258785 0.0029689926399780577 0.4624080001444377 25.8345734637133
0.4081171998445362 0.024827799987673912 -0.9125918000698594 -16.060807308216948 -0.012029690330090924 0.9996895999989641 0.021817619865476274 -0.2706896780391984 0.912850299934716 0.0020740546396280455 0.4082892001477909 26.106646399339763
0.352822099840652 0.026851539987614418 -0.9353051000604653 -17.03633177611249 -0.011748590337539232 0.9996364999988143 0.02426654988544178 -0.25556611986353456 0.9356166999440416 0.002426747639301988 0.35300930015079024 26.32601616869527
0.2977516998373873 0.02999077998795962 -0.9541721000511217 -18.02008027968833 -0.009323251343641752 0.9995500999994958 0.028507729905301406 -0.24565311859115685 0.9545978999525649 0.0004077652387976423 0.29789730015249544 26.50529424129108
0.24394229983475127 0.0322657799884931 -0.9692528000419729 -19.00890181584582 -0.005239211348404377 0.9994756000005817 0.03195327992468886 -0.23934492245617228 0.9697755999602825 -0.0027166323615636203 0.24398340015383874 26.65426411502324
0.19281189983276179 0.03260780998873953 -0.9806938000332545 -20.003756260626922 -0.002205280351873835 0.999459500001092 0.03279819994306725 -0.22957858208989373 0.9812332999679175 -0.004161174361616186 0.19277960015548803 26.75510612987133
0.14510079983138952 0.03362422998818369 -0.9888454000251431 -21.002535900437955 -0.003991990354214995 0.9994340999999175 0.0333985199601319 -0.21298937866554113 0.989408899976687 -0.000898687261780402 0.14515290015666377 26.801625037044804
0.10206089983050327 0.03392392998757157 -0.9941995000178238 -22.00215225673587 -0.006144850355605585 0.9994207999986342 0.033471289975494374 -0.18945631070332689 0.9947591999847907 0.002693099638173246 0.10221020015755056 26.816231370462912
0.06378190982997647 0.03251617998712378 -0.997434000011292 -23.001767037772375 -0.007384401356279094 0.9994569999977161 0.03210993998914999 -0.16291974821159805 0.9979365999917573 0.005317421638400318 0.06398739015858691 26.80810958519926
0.029047259829689972 0.029911739987065752 -0.9991304000053383 -24.001121529391618 -0.006521623356440302 0.999536499997628 0.02973431000155305 -0.1412693180499764 0.9995567999973712 0.005652254638815958 0.02922887015972244 26.779441916914703
-0.0027219941703917694 0.027260049987041228 -0.999624699999889 -25.000013495007426 -0.005718749356210592 0.9996115999976103 0.027275270012885558 -0.12700144620236178 0.9999800000025008 0.005790848639241221 -0.002565040839317249 26.734595074005536
-0.029648940170309546 0.02550782998682039 -0.9992347999952826 -25.997306196634938 -0.0063263763557315006 0.9996494999971708 0.025706140022468342 -0.11166476213014999 0.9995404000073073 0.007083697639526408 -0.029477169838824695 26.662677944700423
-0.050917640170156896 0.023129999986662517 -0.9984349999916308 -26.993574361235556 -0.0068200213551701215 0.9997003999968708 0.023507130030035305 -0.09224371062468724 0.9986796000111086 0.008006277639913607 -0.050744639838177626 26.578580248614468
-0.06733280016999567 0.02173971998667086 -0.997493699988815 -27.98939775142108 -0.006474859354627968 0.9997319999969057 0.022225580035876994 -0.06974454478161837 0.9977096000137836 0.007955143640139342 -0.06717398983788152 26.49009534431674
-0.08060838016984248 0.022174319986807568 -0.996499199986554 -28.98459176863441 -0.0053440463541205635 0.9997284999971863 0.022678480040601072 -0.053371929374054966 0.9967316000156438 0.0071534156400665065 -0.08046798983821239 26.393551201360673
-0.09045247016968486 0.023835989986565585 -0.9956154999849048 -29.97913755961564 -0.006387145353699392 0.9996790999966594 0.024513560044082883 -0.04524540355973767 0.9958803000176933 0.00857645463980085 -0.09027119983901678 26.289567262876552
-0.09725791016954669 0.02540280998613957 -0.9949349999837794 -30.972814430960444 -0.008559783353383511 0.9996158999957486 0.026359070046472977 -0.039351120145223475 0.9952224000196275 0.011080059639556276 -0.09700310983979024 26.177444446922078
-0.10181140016946867 0.026260129986099456 -0.9944569999830163 -31.967070543416316 -0.008587813353166635 0.9995910999956538 0.027274920048085016 -0.023775260126973802 0.9947667000204139 0.011317109639418968 -0.10154419984019798 26.071556772742074
-0.10350050016947164 0.026485619986510448 -0.9942766999827172 -32.96179838338316 -0.006117944353090796 0.9996094999965106 0.027264540048707646 -0.0029240893190996993 0.9946106000198218 0.008904823639373978 -0.10329799984022503 25.971149647795045
-0.10282780016951176 0.028471919986855748 -0.9942915999828451 -33.95650565426369 -0.003919262353127672 0.9995708999972075 0.02902843004848485 0.015427076942740038 0.9946915000189239 0.0068818206390491386 -0.10267209984085086 25.870052486662573
-0.10135780016952889 0.0312697999866997 -0.9943584999831372 -34.95108419526802 -0.004596263353198001 0.9994804999968456 0.03189940004794747 0.026133013956943875 0.9948395000189146 0.007803587638604409 -0.10116139984186227 25.76661713189291
-0.09950488016952905 0.03165294998628487 -0.9945334999834742 -35.945529030685236 -0.007042716353281717 0.9994463999959731 0.03251396004726039 0.0388143264564766 0.9950122000194703 0.010239519638551242 -0.09922687984205139 25.662124790418698
-0.09786425016953365 0.028808429986043514 -0.9947826999837253 -36.939846759563146 -0.008778970353354412 0.9995169999955045 0.029809190046670993 0.056530001205583935 0.9951611000198093 0.011650419639010975 -0.09756406984104533 25.55715625895291
-0.09663340016954887 0.028584559985986805 -0.9949094999839343 -37.93472552128983 -0.009168533353410727 0.9995194999953886 0.02960754004623106 0.07914572138383186 0.9952778000197383 0.011982939639048246 -0.09632489984095188 25.458643797286648
-0.09508533016958075 0.03088558998603981 -0.994989899984227 -38.92988355094297 -0.008691167353483917 0.9994546999954703 0.03185476004567632 0.10361662398178655 0.9954312000193044 0.011676549638679092 -0.09476504984173874 25.363451107339376
-0.093245920169598 0.03432540998583998 -0.9950511999845949 -39.92507587375415 -0.009606841353564939 0.9993279999950083 0.03537320004499606 0.12424183852559048 0.9955968000193169 0.012857709638137864 -0.09285349984298173 25.26770741572079
-0.0914335201696114 0.03749732998561256 -0.9951048999849568 -40.92056408064287 -0.010720940353642473 0.9991957999944919 0.03863657004432143 0.1427464616204841 0.9957535000194049 0.014201139637644262 -0.09095797984413512 25.174644492494494
-0.08963018016962267 0.036337949985436956 -0.995311999985256 -41.91612366147223 -0.011919240353717615 0.9992234999941396 0.037554120043671785 0.16797329796415333 0.9959038000195244 0.015229339637832027 -0.08912745984371419 25.083954906435203
-0.08776869016961879 0.03343540998510465 -0.9955795999855463 -42.91163857747031 -0.014181240353788429 0.9992932999934817 0.034810340042999925 0.19612804325802977 0.9960400000200129 0.017173809638301937 -0.0872325098426911 24.9936369732824
-0.08620014016962244 0.032526669984895354 -0.9957466999858088 -43.90738701918949 -0.015537400353848789 0.9993013999930553 0.03398785004243264 0.22188436447174237 0.9961567000202287 0.018401069638453955 -0.08563453984236959 24.905196954657853
-0.08451284016968508 0.03487322998532266 -0.9958118999861126 -44.90403795957434 -0.012900880353933903 0.9992652999939193 0.036089050041851416 0.24732571585469648 0.9963389000190019 0.015896839638066814 -0.08400084984310703 24.827482387498623
-0.08331618016973555 0.0370588799857066 -0.9958337999863306 -45.90076422068885 -0.010520130353994121 0.9992198999946944 0.03806506004144572 0.2695848609710047 0.9964677000179498 0.013647739637710416 -0.08286131984380726 24.749757437539674
-0.08195788016976524 0.03938853998581479 -0.995857099986589 -46.89729536999004 -0.009754524354053282 0.9991390999948906 0.04032114004096214 0.2922625459560459 0.9965881000174457 0.013018749637342081 -0.08150310984460701 24.669687030265827
-0.08125065016977412 0.035263909985862416 -0.9960696999866512 -47.893833058844805 -0.009827283354082127 0.9992969999950435 0.03617980004073094 0.31143639155406166 0.9966453000173511 0.012728289637988931 -0.08084697984309544 24.5887865471666
-0.08074505016979898 0.027842089986190015 -0.9963457999866244 -48.89075707724917 -0.008508473354107133 0.9995540999958236 0.028621280040600695 0.3270220022549206 0.9966985000167952 0.010788409639162493 -0.08047214984035567 24.51197753458029
-0.08068463016984546 0.023172759986847192 -0.9964702999865525 -49.88793078800461 -0.005031547354118008 0.9997074999972566 0.02365546004062794 0.3453217822419532 0.9967270000155461 0.0069224216399037955 -0.08054442983856537 24.43911065619725
-0.08117506016985832 0.022684729987116122 -0.9964416999864548 -50.88495252869305 -0.003485151354100307 0.999728399997825 0.023043480040816248 0.3600548975270475 0.9966938000150787 0.0053433086399795405 -0.08107394983835223 24.36340990029162
-0.0809868901698482 0.031237899986829597 -0.9962254999866046 -51.88147099391901 -0.004490308354106586 0.9994871999971179 0.03170522004071788 0.3721906591175751 0.9967051000154047 0.007041068638607463 -0.08080508984147482 24.280925376193704
-0.0813260101698287 0.038060489986539145 -0.9959605999866464 -52.87778093532649 -0.005642357354090589 0.9992369999964229 0.03864644004080167 0.3883557493990263 0.996671600015873 0.008762528637533592 -0.08104920984399279 24.196633639258174
-0.08165962016979846 0.04388269998612525 -0.9956936999866856 -53.87363728638683 -0.007595689354072275 0.9989737999954816 0.044650220040867335 0.4088336435381622 0.9966314000166256 0.011209099636634884 -0.08124249984617714 24.10802890746029
-0.08204879016976893 0.044659359985806 -0.9956271999866458 -54.86935744724267 -0.009387220354050764 0.9989164999948036 0.045580510040972765 0.42832453421750605 0.9965841000173303 0.013085999636522907 -0.08154065984651988 24.017688593577933
-0.08245294016975913 0.04133612998579592 -0.9957372999865324 -55.86523334145443 -0.009690603354033028 0.9990588999948258 0.042276470041128736 0.44918788456130854 0.9965479000175074 0.013135119637038667 -0.08197476984532406 23.929394295553724
-0.08290210016975526 0.03805546998586849 -0.9958307999864079 -56.861239431322566 -0.009508351354015 0.99919489999502 0.03897560004130755 0.4725746259273548 0.996512400017519 0.01269986963754945 -0.0824735098441322 23.843226792766945
-0.08288970016973424 0.03922071998558893 -0.9957865999864387 -57.85711904105525 -0.011052920354009841 0.9991275999944199 0.04027237004127509 0.4959152363150598 0.9964975000180673 0.014344519637374792 -0.08238387984460173 23.755597149645855
-0.08269813016972173 0.0419464899853672 -0.9956914999865198 -58.85316843549812 -0.012142920354013275 0.9989971999939206 0.0430943100411749 0.514136350310342 0.9965007000184228 0.0156544196369566 -0.08210583984562322 23.668686328707434
-0.08271724016970894 0.04082258998523114 -0.9957365999865072 -59.84901561245439 -0.013028300354008482 0.9990309999936505 0.04203994004117523 0.5329929520643124 0.9964879000187414 0.016450179637136145 -0.08210523984523993 23.579619747279807
-0.08231200016970414 0.03566379998517793 -0.9959682999865053 -60.84505036658268 -0.013765490354021777 0.9992234999936059 0.036918030041054 0.5528210056150804 0.996511600018935 0.016748789637946952 -0.08175714984337576 23.4928926120137
-0.08195133016969151 0.031054209985033398 -0.9961523999865064 -61.84130497576404 -0.014990270354030374 0.9993628999933626 0.03238752004094094 0.5701230105236265 0.9965236000193098 0.01758678963868306 -0.08143360984173038 23.408173093172593
-0.08151395016969723 0.03157686998502395 -0.9961717999865891 -62.8377553462876 -0.015018610354048258 0.999345599993336 0.03290641004078184 0.5836597712753573 0.9965591000192455 0.017643449638600133 -0.08098636984191196 23.325086515361686
-0.08074712016972146 0.034417699985151186 -0.9961401999867556 -63.83447685961783 -0.01407711035408455 0.999264599993566 0.035666750040502467 0.5930937727087964 0.9966352000187794 0.016902759638144728 -0.08020322984290071 23.244730561825396
-0.08028235016973531 0.0389323599851832 -0.9960114999868981 -64.83109685552462 -0.013557420354106077 0.999101799993575 0.04014595004031539 0.6083021013769913 0.996680000018515 0.01672635963743314 -0.07968241984451836 23.16400114004257
-0.07964970016975537 0.044430419985252816 -0.9958321999870806 -65.82763161164112 -0.01275581035413549 0.998878899993649 0.045586610040067865 0.6285451430780206 0.9967413000181217 0.016333609636575333 -0.07899365984648715 23.083325442090924
-0.07980664016975181 0.0483563899851831 -0.9956366999871136 -66.82409205155429 -0.012858750354128696 0.9986895999934515 0.04953538004009638 0.6496861018855888 0.996727500018185 0.016755899635973535 -0.07908025984792726 23.001964916651982
-0.07952916016976008 0.0477654199852475 -0.9956874999871489 -67.82064719429613 -0.01253987035414135 0.9987242999935941 0.04891272004000739 0.6725323281862787 0.9967537000180241 0.016375789636061917 -0.07882873984769677 22.922241941886444
-0.07935204016976413 0.04425697998531404 -0.9958636999871261 -68.81701920800258 -0.012423850354149028 0.9988923999937794 0.04538155003996873 0.6987442921878187 0.9967693000179527 0.015973579636600094 -0.07871430984640876 22.841274411931025
-0.07897161016975894 0.039593099985252664 -0.996090299987128 -69.8133662339027 -0.013153260354160994 0.999082599993712 0.040754860039851765 0.719873203122066 0.9967901000181477 0.016320309637327356 -0.07837837984472187 22.758533341047304
-0.07862370016970593 0.03683574998461463 -0.9962235999871759 -70.80928075551324 -0.01711449035415355 0.9991198999924124 0.03829356003969152 0.7399960246643474 0.9967575000194997 0.020060639637784095 -0.07792407984382234 22.670503073830343
-0.07912445016964927 0.03465561998407885 -0.9962621999870805 -71.80520457353889 -0.02040105035411139 0.9991298999913191 0.03637566003984323 0.7605183980859568 0.9966560000207559 0.023202999638152165 -0.0783485998431325 22.58267041135752
-0.0797654601696604 0.033127699984315584 -0.9962629999869383 -72.80186284240806 -0.019107510354094626 0.9992130999918342 0.03475564004010012 0.7744690247281876 0.9966305000204043 0.02180840963838298 -0.07906969984255524 22.502186166884908
-0.08099499016969945 0.02976201998499316 -0.9962699999866527 -73.79887563450345 -0.015358500354067682 0.9993980999932952 0.03110410004060589 0.7882927661889325 0.9965962000192784 0.017820489638890796 -0.08048913984125318 22.42619729081203
-0.08168221016974983 0.02762875998573672 -0.9962753999864788 -74.79571948539461 -0.011152090354059408 0.999527699994878 0.028633300040907472 0.8034414278477034 0.9965961000178969 0.01344937963920827 -0.08133551984037203 22.348269697490842
-0.08331048016973934 0.030880149985838316 -0.9960450999862426 -75.79220293563706 -0.01024723035399534 0.9994402999950494 0.031842510041478964 0.8158638363374491 0.9964710000178522 0.012859519638685162 -0.08294741984155458 22.2654059669532
-0.08506616016973921 0.037601109986050756 -0.9956654999860255 -76.78863044387748 -0.008393766353927648 0.9992250999954074 0.038452680042093304 0.8279180833677091 0.9963400000174912 0.011628409637616148 -0.08468462984397417 22.181817973000225
-0.08682806016974103 0.04163557998633933 -0.9953528999857651 -77.78501681549363 -0.006298404353857881 0.9990832999959587 0.04234107004273138 0.8416905857623878 0.9962034000170451 0.009945528636978937 -0.0864862298454127 22.098006429576426
-0.08855103016972787 0.040488179986510844 -0.9952483999854483 -78.7811716870624 -0.005319431353785269 0.9991399999963323 0.04111980004336186 0.8564873254345015 0.9960575000169901 0.008935357637154326 -0.08825950984499543 22.011655211954807
-0.08958858016966074 0.037222209985888675 -0.995283099985257 -79.77619941836599 -0.009200308353729703 0.9992277999950733 0.038197900043689115 0.8697541965551971 0.9959364000185497 0.012579009637679777 -0.08917693984394862 21.912944850059986
-0.09088125016958316 0.03306854998523474 -0.995312499985007 -80.77092933336702 -0.013343250353655797 0.9993183999937587 0.03442002004411736 0.8841996784329417 0.995772400020246 0.01640883963835555 -0.09037805984259774 21.811437442027927
-0.09202649016950169 0.031373529984512045 -0.9952621999848161 -81.76525733132517 -0.017684450353580485 0.999294399992268 0.03313583004448322 0.9012467107297911 0.9955995000219876 0.020650039638653046 -0.09140672984214884 21.706455967711836
-0.0930130101694518 0.03268319998410116 -0.9951282999846848 -82.75995704685631 -0.019938540353520856 0.9991994999913912 0.034680540044795184 0.9129046340358378 0.9954653000229586 0.0230671396384636 -0.09228689984272197 21.60429646759086
-0.09396287016944373 0.03429641998414972 -0.9949847999845458 -83.75520862355805 -0.019474380353480942 0.999151899991472 0.036279160045124194 0.9252268860908959 0.9953852000229552 0.022785599638205558 -0.09321527984331593 21.507743989542227
-0.09489148016940095 0.03383214998384461 -0.9949124999843937 -84.75007226267094 -0.02126901035342536 0.9991252999908393 0.036003980045434564 0.9381164744142696 0.9952604000237528 0.024577269638294177 -0.09408889984323023 21.40734383861838
-0.09547628016937457 0.03365710998366052 -0.9948624999842992 -85.74502815560226 -0.022341570353390072 0.9991039999904562 0.03594471004562986 0.9477078930354214 0.9951810000242345 0.025658659638331607 -0.09463877984321763 21.30749074526244
-0.09600787016938864 0.035264699983879814 -0.9947556999842244 -86.7404196136535 -0.02088946035337672 0.9990806999908948 0.03743416004582245 0.9613067933651152 0.9951614000238078 0.024373879638065876 -0.09518294984376643 21.21256548940025
-0.09631614016940243 0.03786490998404527 -0.9946302999842045 -87.7358244097955 -0.019667480353371285 0.9990085999912075 0.039936120045925325 0.9735562893979617 0.995156500023425 0.02340835963764832 -0.09547594984467914 21.117595870758134
-0.09631889016939363 0.042291389983877894 -0.9944515999842801 -88.73062645437076 -0.020236660353367086 0.9988071999907998 0.04443667004587766 0.9894568223715852 0.9951448000236284 0.024404469636965517 -0.09534815984631291 21.017017426429646
-0.09679243016938671 0.04476911998384514 -0.9942971999842395 -89.72554274602307 -0.02017706035334549 0.9986942999906989 0.04693131004602351 1.0072707812980923 0.9951001000236878 0.02460458963658337 -0.09576273984722795 20.917900913143537
-0.09751230016938152 0.04461773998391703 -0.9942336999841106 -90.72065739476834 -0.01973636035331496 0.9987113999908512 0.04675439004628756 1.0269599078824214 0.9950386000236535 0.024181679636603084 -0.09650604984717574 20.82115837380126
-0.09795446016938435 0.042838379984056436 -0.9942684999840008 -91.71576703161284 -0.019066920353298863 0.9988088999911663 0.04491248004647142 1.0440079525629564 0.9950083000234903 0.023357009636871668 -0.0970209998465136 20.723864032976255
-0.09803627016938667 0.03931107998415413 -0.9944060999839284 -92.71060406600205 -0.018824510353296638 0.9989674999914169 0.04134728004653507 1.0580245372817894 0.9950048000234181 0.022772739637416443 -0.09719503984522004 20.62335115985295
-0.09799930016938393 0.03666303998415965 -0.994510899983894 -93.70542371971138 -0.019044400353296898 0.9990690999914627 0.0387077300465416 1.070953713192273 0.9950043000234898 0.02273318963783164 -0.09720984984426183 20.52252145224625
-0.09675594016939652 0.03416076998411665 -0.9947216999840695 -94.70046979045867 -0.019578720353351443 0.9991520999914049 0.03621733004611493 1.0815984182503293 0.9951156000234682 0.022979619638228616 -0.09600507984333868 20.423678384640446
-0.09446826016940167 0.03336157998378727 -0.9949686999844606 -95.69565587970055 -0.02166315035344175 0.9991327999907257 0.03555804004528374 1.0897763171976032 0.9952922000238208 0.024913259638371727 -0.09366361984306172 20.326017380195598
-0.0906559701694463 0.034473039983623076 -0.9952853999851341 -96.69149912379997 -0.022663470353605757 0.9990703999903677 0.03666846004390772 1.0959541807713387 0.9956244000235273 0.025880839638204492 -0.08979041984340332 20.235143846457596
-0.08478874016954807 0.03562919998379167 -0.995761699986144 -97.68833022417567 -0.021796940353867016 0.9990549999907059 0.037603050041826354 1.1030650062203105 0.9961605000222185 0.024892879638012896 -0.08393199984365507 20.155915784484424
-0.07769131016965933 0.03737606998395269 -0.9962765999873728 -98.68575500923085 -0.020990370354164345 0.9990141999910204 0.039115650039302514 1.1095068710477296 0.9967565000207215 0.023951159637729653 -0.07683018984410618 20.0844860822507
-0.06908210016975128 0.03878500998381963 -0.9968566999888668 -99.68353831375325 -0.02201573035448533 0.9989412999907238 0.04039181003621895 1.1166413021854915 0.9973681000196191 0.024736879637515453 -0.06815507984446192 20.018323249207242
-0.05715155016984375 0.04050174998349946 -0.9975435999909401 -100.68196873337199 -0.0242857303548783 0.9988246999900311 0.04194516003193283 1.1262634287766644 0.998070100018394 0.026623309637264354 -0.056100769844898195 19.963151039165275
-0.04271090016991636 0.04211608998306746 -0.998199399993445 -101.6811364826522 -0.02736683035528014 0.9986868999891055 0.04330764002673995 1.1396567122199703 0.99871260001703 0.029167259637038256 -0.0415022298452718 19.924624147612427
-0.024299150169992952 0.04346381998290772 -0.9987593999966088 -102.68095706901936 -0.02907338035570346 0.9986010999887535 0.04416428002015576 1.1540437107093664 0.9992819000144992 0.030110459636839084 -0.02300151984548152 19.912303288890822
-0.002518869170021824 0.044262129982861664 -0.9990168000003316 -103.68074797873044 -0.03030184035605544 0.9985577999886467 0.04431821001238278 1.1666164286784713 0.999537700011224 0.030383669636718427 -0.0011740108454924886 19.92842531817577
0.022886779830019244 0.04500993998308577 -0.9987243000046584 -104.67920068124154 -0.030121220356269393 0.9985634999891062 0.04431245000333635 1.1767933571802398 0.9992842000068286 0.029068619636588914 0.024209660154459692 19.983093795078926
0.05165758983017513 0.04439304998356742 -0.9976777000095252 -105.67419624373 -0.02852108035624819 0.9986695999901227 0.042960439993118896 1.185701626269314 0.9982575000013542 0.026235619636656275 0.052855000154762924 20.082614460217133
