0.9999789390306522 0.00032394385987927253 -0.0064820178576201065 -0.0046583086993382886 -0.0003207626568834821 0.9999998276185077 0.0004918071496421254 -0.0021469234227629234 0.006482176058146556 -0.0004897176024368476 0.9999788705618838 0.07141391790621235
0.9999071648639727 0.0008975660484747541 -0.013596176995021591 0.0028463202582586214 -0.000891101722528828 0.9999994870464748 0.00048150234352507067 -0.0006165235533621267 0.01359660220097048 -0.0004693420664494467 0.9999074517807202 -0.01426467899817338
0.9997762864048093 0.001132237865240115 -0.021120965414104968 -0.004303398572190177 -0.0011369356145749787 0.999999331551341 -0.0002104145400749826 -0.0010677513878038663 0.02112071305651424 0.00023438064527522633 0.9997769053872455 0.06924382909652506
0.9995349339309945 0.0015543721682963435 -0.0304548810328248 -0.014660973835406581 -0.0016094283772081727 0.9999971146686132 -0.0017833661278514625 0.0009974890482587649 0.030452021145725598 0.0018315516945354982 0.999534551592155 0.17356823055141327
0.9991224736058489 0.0016363744295173255 -0.04185218052210107 -0.030420743188018694 -0.0017742135594832208 0.9999931235203886 -0.003256543901265802 -0.0007677129112774523 0.04184656380126631 0.003327940904214976 0.9991185064382324 0.277727648288676
0.9984642936401292 0.0017021443604589592 -0.055372890752535445 -0.04896988490974753 -0.0019413521875322613 0.9999890142554706 -0.004266441146280701 0.00011841245362541824 0.05536502034136739 0.004367387428070757 0.9984566292281567 0.3952785448163886
0.9974213488267555 0.001539161860801599 -0.07175154273867346 -0.07102363403172114 -0.0018551252010615051 0.9999888737860345 -0.004337143602071644 -6.947470275502201e-05 0.07174406884963941 0.004459067716783175 0.997413106641373 0.5299576263902805
0.9958993958968497 6.015076785949769e-05 -0.0904676164943724 -0.10281817411479262 -0.0004664412868898831 0.9999899012988084 -0.004469869452626305 0.000263018370531074 0.09046643402286611 0.0044937381190678135 0.9958893666632369 0.7017485197249284
0.9938714717998347 -0.0011918362477546626 -0.11053541092693563 -0.1365897080934006 0.0006898597864407473 0.9999892763031972 -0.004579451067615596 -0.002739297492410944 0.11053968353448013 0.0044751318376302284 0.9938616360234116 0.8605202335278572
0.9911479167201904 -0.001718275752367577 -0.1327511005968056 -0.19101401227226325 0.001068748206520886 0.9999871085471917 -0.004963921503797212 -0.004458830748473919 0.13275791862821365 0.004778102956574524 0.9911369757877264 1.0626304283058268
0.9876228589106724 0.0018882494982445693 -0.15683597505336627 -0.2628651132442809 -0.0029396946294073076 0.999974732687785 -0.006472416973333165 -0.010693566405016595 0.1568197906917158 0.006853356828827452 0.9876034552124564 1.2808070107205505
0.9833164181571031 0.00622792382160802 -0.1817966851940791 -0.3484431660636258 -0.007791180968125732 0.9999385520871155 -0.00788603506479302 -0.020205683803775562 0.1817364005415666 0.00917087862712624 0.9833045182970539 1.4965409102117397
0.977936788022991 0.008919162556876793 -0.208710534402453 -0.4309256923807698 -0.010986697156897898 0.9999013687099293 -0.008749019235941733 -0.02706467128376649 0.208611915088415 0.010849027204882523 0.977938324993888 1.7068303622301777
0.9712256081778173 0.00935425049100255 -0.23797755359986797 -0.5108424040734031 -0.011827078993956013 0.9998898656756109 -0.008965306557924055 -0.02949763188534092 0.2378674803795111 0.011521914639434638 0.9712292763611196 1.906550346248876
0.9632247266553995 0.011258359664077181 -0.26846112436869174 -0.6027707842266049 -0.014027786684457378 0.9998663222012042 -0.008399936224209276 -0.03413111591977273 0.26833066757335694 0.011856941659200104 0.9632538947619814 2.1065740000188575
0.9538343019417722 0.012738605470402488 -0.3000630806512507 -0.7303919341257068 -0.015686812222323473 0.9998494356781257 -0.0074182138303430616 -0.03755186085479251 0.2999234041577138 0.011782780011547875 0.9538905166389106 2.36268070648357
0.9426927138566032 0.015306104527645213 -0.3333109215220202 -0.8511683566350629 -0.018463501599929693 0.999809641828005 -0.006307076693935284 -0.04309986502086301 0.33315093628915277 0.012099721977903155 0.942795868880278 2.5783599811836937
0.9302251379367578 0.017750568962045608 -0.36655983147647436 -0.9738397065732537 -0.021364805793586718 0.9997548937801092 -0.005804949278189283 -0.04514380049365904 0.36636694422933447 0.013231389354243122 0.9303763714281531 2.7854460515208963
0.916336430403376 0.020057794624115752 -0.39990652806676386 -1.0719304780845285 -0.024167709025029568 0.999694203951811 -0.005236451626233212 -0.044080428379059934 0.3996792065595587 0.014463175998688746 0.9165409692883091 2.9380303953159608
0.9003271805315093 0.02086168186864659 -0.434713420802478 -1.2123935135928998 -0.025352108500384548 0.9996683075543484 -0.004532710668727939 -0.04487682812430796 0.43447466967680165 0.01510182442729756 0.9005574364293492 3.1422183978402543
0.8819710580330163 0.016285403054981468 -0.47102212096615603 -1.3830991961208459 -0.021245064102697473 0.9997607008075584 -0.005214247026049197 -0.047185722088722105 0.47082448963854 0.014605710120123449 0.8821059875029165 3.3854910227105184
0.8607561178944603 0.011483582311564737 -0.5088880356665395 -1.5019998616385477 -0.016720624337390314 0.9998438417660447 -0.005719510842846946 -0.04955574388366329 0.5087428881360639 0.013432029623515725 0.8608137164051057 3.5435222089633327
0.8356150672763061 0.013188870172379253 -0.5491570932296039 -1.6603506593457913 -0.017415144526906852 0.9998452528350258 -0.0024865889017911505 -0.05577924726459381 0.5490393174281045 0.011641481299027168 0.8357154442938372 3.724380859392668
0.8064172442906801 0.018947971706710393 -0.5910433169225626 -1.871609232909753 -0.022456877058683617 0.9997468177814279 0.0014103221883979924 -0.06354687091197286 0.5909203980092367 0.012135678971755623 0.8066385860548081 3.924128176170903
0.7740262161356188 0.022193937639887078 -0.6327644473789681 -2.1470844303804553 -0.02590042456207024 0.9996588135253086 0.003380021992892068 -0.06785554437254193 0.6326235727051903 0.01377264220128456 0.7743369612671971 4.153107757438845
0.7378090285785849 0.021404660387272716 -0.6746700511076716 -2.3326432657480693 -0.02527978446559411 0.9996721295538605 0.004070121695753122 -0.06911840053754242 0.6745359663096523 0.014052540942852217 0.7381082280043718 4.306350861048105
0.6980121810754935 0.017385430832622333 -0.7158748087934054 -2.5717679203794908 -0.019336491575736324 0.9997983053230802 0.005426671782444398 -0.07261424586727391 0.7158247656820576 0.01005462420266984 0.698207568970984 4.487937023664611
0.6552649091990952 0.013810475215652564 -0.7552729106399999 -2.785739544337012 -0.014092882359944135 0.9998823480670842 0.0060564585889006485 -0.07310724102638956 0.7552676938934231 0.006675387491975968 0.6553824454185082 4.63359835599147
0.6096877347356152 0.0132652711043552 -0.7925306925889242 -3.0866702905422745 -0.011355595662024435 0.9999035167503885 0.008000477320858223 -0.07267668829330277 0.7925603551529141 0.004121865200224296 0.609779545136731 4.819394727207375
0.5617911614626303 0.013938918688228693 -0.8271616513404556 -3.3845045432645797 -0.008651861374125706 0.9999023569062787 0.010973693454227992 -0.07437247021791739 0.8272338461385813 0.0009915639502046723 0.5618569040277989 4.964500244666564
0.5112229067962435 0.014773254579706166 -0.8593211800694315 -3.7092785813353673 -0.006759501737689173 0.999890443058748 0.01316856165394891 -0.07534162448003694 0.8594215779831549 -0.0009234873571450912 0.5112667586182831 5.096208154344788
0.45828975272133987 0.016259145338594447 -0.8886541187343193 -3.7122687879330805 -0.005203739295285564 0.9998646112434526 0.01561026201962751 -0.07533670217008415 0.8887876144771365 -0.002529698763315523 0.45831231379508974 5.097319554752338
0.4040602038725513 0.018416577314456676 -0.9145469814757966 -4.0534732461867895 -0.003978178429181439 0.9998232290615776 0.018376199967932102 -0.07156952565348307 0.914723742855108 -0.0037868600312656758 0.40406204220174796 5.192195983379075
0.34871928205186403 0.020511443207950092 -0.9370027444051365 -4.403600337618324 -0.003195568886189655 0.999780699527543 0.020696405284637787 -0.07065409639258695 0.9372217724022027 -0.004222978775618174 0.34870835347828383 5.276734963073027
0.293497933474037 0.02376596300226032 -0.9556642412735986 -4.756312992141681 -0.0005067275918346802 0.999694648791794 0.024705311254759447 -0.0702519007936089 0.9559595735561299 -0.006766696359522049 0.2934203563946469 5.348908961007658
0.2400223661404086 0.02551193240039924 -0.9704320713257344 -5.089892336549858 0.00380492943974038 0.99962221443181 0.02722041378080242 -0.06536816264882848 0.970759901450569 -0.010225933680444978 0.23983461805178524 5.3994596240293244
0.18910583427204714 0.02599099644840743 -0.9816126789869262 -5.498327099324312 0.00671328996719367 0.9995920640182128 0.027760354637875507 -0.06377881496182469 0.9819337631337922 -0.011839495572996591 0.18885420610218934 5.447763487743377
0.1416526086942337 0.02714367071428039 -0.9895442181076453 -5.932879916627567 0.005337971774506704 0.9995885186676493 0.028183317851950124 -0.058910572254526575 0.9899020378337715 -0.009274399601272788 0.14144942914194988 5.4667180496194865
0.09936444261127589 0.02742276002904597 -0.9946731622884664 -6.295918517802294 0.0032818451749758956 0.999605705964474 0.027886593472635366 -0.04898609946130378 0.99504569595411 -0.006035299135070185 0.09923526655152702 5.468129537087319
0.06143470646895273 0.02594017153173655 -0.9977739645540846 -6.623960729789666 0.0019041215575739466 0.9996573570197662 0.02610637618177321 -0.04214796940415426 0.9981092881855016 -0.0035037204731888415 0.061364263058219515 5.4680917992281035
0.02715531158369142 0.023274462273816104 -0.9993602395826321 -7.0943145575347195 0.002870137234545151 0.9997229769710835 0.02336089956152851 -0.035457214716640595 0.9996271061576155 -0.0035026735408187717 0.02708098803624093 5.453747706494201
-0.0043527987921891725 0.020519399224991478 -0.999779979494548 -7.477641953737267 0.00336650059619367 0.9997840860708436 0.020504826583463295 -0.030509155806085025 0.9999848597935926 -0.0032765065126439848 -0.00442093753202205 5.432796084072223
-0.030808768053588665 0.01875895483363204 -0.9993492489738354 -7.926928763575574 0.00307716021545516 0.9998209101017326 0.018672943215939212 -0.027973488009364455 0.9995205605169054 -0.002499867373869295 -0.03086097482394835 5.399114537115621
-0.05161329019505978 0.016304498671949098 -0.998534041281666 -8.478340522411406 0.002147133539236522 0.9998662185064456 0.016215267718401163 -0.01890868477350347 0.9986648377172423 -0.0013070626117646907 -0.051641393227947856 5.350589828797042
-0.06790899799013286 0.015522413619718272 -0.9975707607319863 -8.941028323014038 0.002769695811214161 0.9998780420389166 0.015369770119642247 -0.010076587443512332 0.9976876749650113 -0.0017192218692268061 -0.06794370831117993 5.311011489026363
