0.9999798519496221 0.0005909712741206125 -0.006320320226453907 -0.09199282807489001 -0.000589275227405368 0.9999997898713977 0.00027020708145439337 -0.016555552867484453 0.006320478582997054 -0.00026647722916979094 0.9999799900699855 0.9956220232859637
0.9999109613601014 0.0011226607877672648 -0.01329695396221293 -0.17516429730989214 -0.0011190669630397935 0.9999993352824723 0.00027771162373040645 -0.032247745125712546 0.013297256899444831 -0.000262806714776971 0.9999115530343575 1.9920337061798479
0.9997778229488768 0.0013763712285982384 -0.021033552763270017 -0.24610704851672732 -0.001384209336641097 0.9999989778663109 -0.0003580933480175387 -0.046243363592955625 0.02103303839478577 0.00038712862801110274 0.9997787062281877 2.989415894067182
0.9995544522374685 0.001955191993199011 -0.029783791506860054 -0.39334646862129363 -0.0020053271086223788 0.9999966222530539 -0.0016535252252697144 -0.05933895620816926 0.02978045794546825 0.0017125147453115662 0.9995549967949764 3.978430069203882
0.9991516992824517 0.002143332926669428 -0.041125271366334794 -0.5337776808820074 -0.002277529958227883 0.9999922332893083 -0.0032165538004377825 -0.06805437362145172 0.04111805781257909 0.0033074892331179133 0.9991488206652172 4.96848213658332
0.9985161188131169 0.0018943116527528592 -0.05442400255174092 -0.6976509849487078 -0.0021124117499950247 0.9999899668521265 -0.003950178689851928 -0.08323645436502336 0.05441597363815281 0.004059282996481281 0.9985101021194359 5.954846686148316
0.9975132270017768 0.0017858564122161787 -0.07045688520916119 -0.8701688754631605 -0.0020786821462955834 0.9999895040519625 -0.004082997237930903 -0.08030739198486916 0.0704488540505567 0.004219301220015672 0.9975064693826192 6.939848705458945
0.9960447088210588 0.0003899256757578691 -0.0888526082202418 -1.05815190186955 -0.0007683927991435817 0.999990778041163 -0.004225328997357536 -0.08338983263439204 0.0888501412608816 0.004276890295187712 0.9960358229538355 7.922016135352004
0.9940876116955335 -0.0007804054939048316 -0.10857813426622925 -1.2544096272035465 0.0003032148803305279 0.9999902239962172 -0.004411345909343285 -0.10001133181750214 0.10858051544456106 0.004352341813393869 0.9940781301218395 8.902427585209477
0.9914410252105796 -0.0012223050937018119 -0.13054960551320172 -1.491376381528513 0.0006120459732040065 0.9999886991036003 -0.004714558814556963 -0.12284099262371234 0.13055389281488833 0.0045943046641621944 0.991430569145178 9.873677060850088
0.9880349148425424 0.002151622493477619 -0.15421536101418565 -1.8038972350923839 -0.0031484119662509307 0.9999757012243726 -0.006219683506044132 -0.13916929320225105 0.15419823135879607 0.006630797951238639 0.9880176809978398 10.82344760297483
0.9838482975639037 0.006470209269065034 -0.17888729349124632 -2.1550415694136595 -0.007987489807035534 0.999937967371096 -0.007762822704645574 -0.16926202617947367 0.17882596955473573 0.009066300335625442 0.9838389475981488 11.75928522986105
0.9786609891125371 0.009534316230502852 -0.2052602377551186 -2.5315243488443415 -0.011546058555734024 0.9998963123101077 -0.008605414602194114 -0.21338704816160478 0.205156908051127 0.01079173029059123 0.9786695977888741 12.684657414026548
0.9722240255543515 0.01005474719110025 -0.23383615245255635 -2.919698915847002 -0.012478800612287587 0.9998826236960225 -0.008889227527606366 -0.2233946695850158 0.23371932669373074 0.011560315293357933 0.972235380676998 13.606188928976387
0.964431811560093 0.012194408213173177 -0.2640503309205425 -3.329342091705583 -0.014903076109983836 0.9998548465074854 -0.00825737476160895 -0.2584872511385677 0.2639113092941973 0.011898837078644368 0.9644735551080694 14.517759529200202
0.9552612842480115 0.013853194537904805 -0.29543860245055187 -3.7694726567587398 -0.016761116424755522 0.9998327828530448 -0.007312407847806646 -0.2646053181722972 0.2952878998418933 0.011937140923681777 0.9553337431879667 15.415672462040442
0.9443721386195634 0.015837601223216452 -0.3284972361932549 -4.23831458920736 -0.018918176640465294 0.9998019124802362 -0.0061837200343223195 -0.2799993802216273 0.3283342296985083 0.012054301653646252 0.9444846888223916 16.29882038013314
0.9323635287259457 0.018079369350485416 -0.36106978093658226 -4.750211461102631 -0.02162264552415389 0.9997495215630158 -0.0057754077828734785 -0.29137371759720626 0.3608749250117546 0.01319206346294683 0.9325209155613345 17.157791972790957
0.9190668456967669 0.02114447687370284 -0.39353404457395197 -5.3028760335769425 -0.025209898785920885 0.9996688435648863 -0.005163739812122402 -0.2909205029431986 0.39329453866561553 0.014666775493649564 0.9192955409183813 17.991195623447865
0.903522263806838 0.021505763580100017 -0.4280011926831558 -5.857434889590374 -0.02603404682937519 0.9996498701978194 -0.00472920914843517 -0.28281407612392073 0.4277496314563612 0.015415548849151873 0.9037657957914905 18.82330062947853
0.8858284630740096 0.01751196378564936 -0.46368228900003117 -6.43595897138038 -0.022539913200408365 0.9997318756341902 -0.00530369247438286 -0.28730157831035014 0.46346508640981393 0.01514952029982713 0.885985669022828 19.638953575965676
