0.9999978020548437 -0.0017504437186597666 -0.0011540503755488414 -0.024974366047714087 0.0017495819469649588 0.9999981902334539 -0.0007473237769736856 -0.025273511399306715 0.001155356435198315 0.0007453030286940194 0.9999990548370048 0.9993685559702511
0.9999957004814822 -0.00216380938084305 -0.001979127967754831 -0.04686150962464829 0.002159641699679826 0.9999954513237344 -0.0021055354591325752 -0.055470260305624394 0.001983674942720634 0.002101252199055658 0.9999958248777429 1.9986728586236184
0.9999911464953988 -0.002451083588601253 -0.0034203976463913276 -0.07791363802019463 0.0024394307188400303 0.9999912210698916 -0.0034068990174318933 -0.08171929578492264 0.003428718213229149 0.003398525031346451 0.9999883468916153 2.997845883408872
0.9999735927803375 -0.004594904379594043 -0.00563032820767263 -0.07913614667085392 0.004565829210731367 0.9999762323083712 -0.005166045099735584 -0.10265610373364739 0.005653931871022022 0.005140201561851201 0.9999708052649844 3.9976259269912178
0.9999514801126759 -0.0068540884055821654 -0.007075230921840353 -0.09617160150045193 0.006802931340740698 0.9999507269956688 -0.007229364149506042 -0.12258271983534419 0.007124433004953391 0.007180881071390874 0.999948837391892 4.997282219548557
0.9999290150221448 -0.008243676803508973 -0.00860271524591889 -0.10844407956660698 0.008176433987823186 0.9999359745475164 -0.007822578408103235 -0.1470143050185364 0.00866665126134924 0.007751683589223788 0.9999323979937077 5.996908381634941
0.9999142510418172 -0.008511342970124135 -0.009952266290964712 -0.1382635921322532 0.008439835039146254 0.9999384256135347 -0.007205148578408477 -0.1697546325923285 0.010012978976975482 0.007120535258662833 0.9999245162659213 6.996204961320965
0.9998942715761325 -0.008917114159174117 -0.0114861109304757 -0.14230744825738392 0.008830173257150364 0.9999321482460216 -0.0075978249745936 -0.19682202529813267 0.011553082250362596 0.007495597318967164 0.9999051666589927 7.995830382906344
0.9998859763986391 -0.008293688289982271 -0.012619387302414506 -0.16788349164112595 0.008166177126769123 0.9999154198367184 -0.010122584842467138 -0.23245644368599552 0.01270227351594831 0.010018378476945403 0.9998691336071027 8.994867936870655
0.9998795873710237 -0.006724991652332557 -0.01398517951358515 -0.20612512000745334 0.006529142778808046 0.9998806381333525 -0.014002849017730867 -0.25632859418817866 0.014077679259206171 0.013909851664035923 0.9998041483077368 9.993851259199058
0.9998686819941285 -0.005109092606315812 -0.015379074746683626 -0.22736375824231964 0.0048376043643062645 0.9998327206665212 -0.01763882843604867 -0.2864355276477163 0.015466620553257203 0.017562114261158897 0.9997261403961283 10.993172265084349
0.9998603893985554 -0.003189831251464822 -0.016402033055572314 -0.26529552607657186 0.0029023752042592913 0.9998423062285885 -0.017519671619946064 -0.3173506047402182 0.0164553313531697 0.017469620834014026 0.9997119757299963 11.991974256971297
0.9998427076327276 -0.0005764394407344144 -0.017726469226180538 -0.29140456181924046 0.0003806040481924059 0.9999388853331941 -0.011049015303061651 -0.3329359661155879 0.017731754967122145 0.011040530611340835 0.9997818219739772 12.991511847441702
0.9998222923752849 0.00035268261862201786 -0.018848323119058645 -0.31205012734707066 -0.0003691232804557884 0.9999995544764096 -0.0008687893791562151 -0.3514207626367523 0.018848008314772846 0.0008755923435199379 0.9998219771142329 13.991127800156349
0.9998051376858436 0.0016684256428511092 -0.019669850351873422 -0.3409097161742559 -0.0015537606687200684 0.9999817205478576 0.005843320796439379 -0.3786284363806323 0.01967923994404152 -0.005811619913590404 0.9997894541298203 14.990340913872421
0.9997780206633319 0.00399679339808692 -0.020686590851149437 -0.3808000234691325 -0.003890375628029707 0.9999790058241224 0.005181977274378059 -0.4098292174642182 0.02070686784578215 -0.005100348373625875 0.9997725801753539 15.989057717898309
0.9997528662269375 0.0061747179579142745 -0.02135601388749645 -0.42356338358502493 -0.006218929297545944 0.9999786533984778 -0.002004411574143482 -0.4211036508017979 0.021343181333036036 0.002136727756792001 0.9997699250352942 16.988079320359702
0.9997369310087955 0.0057229849631245935 -0.02221072309102439 -0.4698284197274346 -0.005903266348051576 0.9999500942745326 -0.008059801906796829 -0.4226675605754166 0.022163488523657068 0.008188797437028897 0.9997208227165204 17.98700728603939
0.9997214860392529 0.003661749460964048 -0.023313985981642766 -0.5003633086123239 -0.0038163894631198783 0.9999709906359131 -0.006591893361992457 -0.43044258270122715 0.02328917179577014 0.006679032678106909 0.9997064594167386 18.98651073755505
0.9997220180485156 0.0028631656961434827 -0.023402754350704442 -0.538750521306052 -0.002808975427432878 0.999993298027605 0.0023480964462850393 -0.441944603937294 0.023409320495287086 -0.002281705955947396 0.9997233605012332 19.985707467638324
0.9997177727958387 0.0025263260597855595 -0.023621863448229523 -0.5802765960585841 -0.002294922731689265 0.9999491675045453 0.009818133051738124 -0.4564525181051021 0.023645466495350237 -0.009761151756104794 0.9996727523697996 20.98473954196934
0.9997050419478113 0.0015456725968417627 -0.02423716155715651 -0.6044445547320711 -0.0012531826079304712 0.9999262684103577 0.012078380532489056 -0.45712029161991924 0.02425404373450979 -0.012044444327564723 0.9996332691159111 21.98444722116966
0.9996974929733825 7.168521885608835e-06 -0.024595172114573717 -0.6199577912067071 0.00026394359825550047 0.9999392462384012 0.011019717144925233 -0.45840799694139195 0.024593756860434125 -0.011022875341285343 0.9996367556981381 22.98432604448231
0.9997069728216292 -0.0005827331049289306 -0.024199770948134747 -0.6550485722656978 0.0007906606116170822 0.9999628489497013 0.00858344780337749 -0.4590696987905235 0.024193870042037564 -0.008600066425585976 0.9996702934017113 23.983709944310267
0.9997195746630968 0.002428463165969468 -0.023555776405963375 -0.7027673194796251 -0.0023012089095582554 0.9999826212556013 0.0054278563292011524 -0.4721310369571723 0.023568548385311756 -0.00537212745822456 0.9997077891932127 24.98248534579432
0.9997380774677346 -0.0008332818859891939 -0.02287098822560577 -0.7279239139457694 0.0008316930327433155 0.9999996510241923 -7.898222752799298e-05 -0.47946733387632684 0.022871046058643714 5.9939898743614425e-05 0.9997384216180706 25.982141939081426
0.9997413620501473 -0.003641653251312175 -0.02244877207584033 -0.7476646278807512 0.0035020631014860753 0.9999743090331902 -0.006254344700001728 -0.49518316411043506 0.022470971499893657 0.00617411007275023 0.9997284310274763 26.981823536838128
0.99976722630904 -0.0025295519157737647 -0.021426492140192016 -0.7766655094339776 0.0022773869417264626 0.999927960138698 -0.01178507707141722 -0.5069398177057359 0.02145475954295365 0.011733537402121833 0.999700963985224 27.981333771885964
0.9997688212845036 -0.001294258994512978 -0.02146226644716444 -0.8085325208632713 0.0010209365001154858 0.9999183077527363 -0.012741095304801409 -0.5250223608077688 0.021477003423585207 0.012716238223563566 0.999688469278997 28.980662294053488
0.9997674622798289 -0.0012652788397681833 -0.021527202233644592 -0.8526745580014307 0.001004528709789678 0.9999260565220222 -0.012119092803836011 -0.5516810553494755 0.021540944469122206 0.012094649964939572 0.9996948070054196 29.979331796222564
0.9997592493004939 0.0002938749095744244 -0.02193985131330662 -0.8737734504396437 -0.0005932557629440504 0.9999067912451035 -0.01364026647539781 -0.5749994769606761 0.021933797795006073 0.013649998514932017 0.9996662373286543 30.978837207889473
0.9997653247661605 0.003083240103979095 -0.02144269166112444 -0.9272523700656254 -0.0034212535021405648 0.9998701898269371 -0.015744793422525355 -0.599189467540012 0.021391363203099756 0.015814459393387957 0.9996460936023345 31.97711313643399
0.9997430645453498 0.006611394786985575 -0.02168165935629239 -0.9610027573152365 -0.006974525376233832 0.9998359579855871 -0.016715654782828646 -0.6250218895572619 0.021567588860323526 0.01686257922184641 0.999625176019861 32.97620951683641
0.9997312677699841 0.008327801724922455 -0.021634231242408326 -1.0053082706923406 -0.008687866667519122 0.9998244157872964 -0.016602968660995476 -0.6590130233415867 0.021492166381894308 0.016786462224690487 0.9996280815734376 33.974649101542695
0.9997218650664254 0.00886555105351031 -0.021853935861188216 -1.046392350301357 -0.009232901380435615 0.9998168080433026 -0.016766152993455265 -0.689089106350255 0.02170129121058183 0.016963264975186677 0.9996205788203715 34.9733520141416
0.9997213140933536 0.009100006578776234 -0.021782654285548375 -1.0830763527811493 -0.009463316095454134 0.99981685637088 -0.016634282825770938 -0.7220643151948513 0.021627292848042913 0.016835783228482205 0.9996243377425081 35.972134723024624
0.9996999379303063 0.010294216395619822 -0.022227532722753726 -1.1205259043959601 -0.010640300514486776 0.999823122017342 -0.015508342414839872 -0.7555064849513646 0.022063954928850552 0.015740196577382896 0.9996326465780329 36.97087349385803
0.9996884109131752 0.010891977430067725 -0.022459873409098934 -1.1607609058431612 -0.011197060773620215 0.9998461387940587 -0.013502761519151753 -0.7871958368142604 0.022309345932180768 0.013750038773549739 0.9996565557819362 37.9695610874713
0.9996805650331793 0.011421637876245023 -0.02254582185609135 -1.2081918582140072 -0.011700623660139763 0.9998561224542265 -0.01228127830326261 -0.8185691028462577 0.02240230570513802 0.012541155410181823 0.9996703737332974 38.96794277947876
0.9996800105791497 0.011474756952356287 -0.022543433663814547 -1.2441966008845253 -0.01177778225235023 0.9998414463986759 -0.01335537002930076 -0.8495118839074668 0.02238660969612595 0.013616608105092406 0.9996566549020843 39.96681523520343
0.9996598121682596 0.012675410534719397 -0.022794602507950703 -1.2873353067823445 -0.013004484840657686 0.999812510511976 -0.0143466789804755 -0.8775570720917871 0.022608478713709447 0.014638230477623772 0.999637223646026 40.9654906076209
0.9996662903260424 0.012287422568286568 -0.022722835043109138 -1.332178056395433 -0.012598111952562852 0.9998284103672002 -0.013580773093904262 -0.9047001932544115 0.022552063342379153 0.013862505878295562 0.9996495562794869 41.964115842021016
0.9996710753062996 0.011537615694652625 -0.022904685547461827 -1.3748068642572735 -0.011788525367486476 0.9998716471820017 -0.01084987701361937 -0.935875306554499 0.022776563955209116 0.011116320687756386 0.9996787761820097 42.962720306787226
0.999653337303252 0.011952721848600665 -0.02345927660605858 -1.4081700437357467 -0.012122714167209572 0.9999011857598641 -0.0071174796970394855 -0.9662843266908315 0.023371885240384898 0.007399402437198269 0.9996994567488181 43.961700872038335
0.9996402972704322 0.011836031332583685 -0.024066250962187296 -1.4492609454135055 -0.011956936990033966 0.9999165749508441 -0.004886184236099938 -0.9882971922091726 0.02400641020430258 0.005172185308634112 0.9996984249103503 44.960613756904166
