0.9990498000009974 -0.0016497800091035914 0.043551939976776685 0.05154655997693422 0.0017604230013831084 0.9999952999993985 -0.00250223723940314 -0.024248830239876864 -0.043547604378427585 0.002576529018455414 0.9990480999043954 1.000725100077112
0.9960495000020072 -0.005367949009217481 0.08863830997688721 0.14646319995402157 0.006010224012187744 0.9999574999982577 -0.006980718239091119 -0.0505162204787603 -0.08859707888432194 0.0074858755094856224 0.9960394996035576 1.9956591995745976
0.9909271000030551 -0.005886878009322733 0.13427209997704473 0.2879203999312201 0.007448178023142688 0.999910299997176 -0.011128520238269976 -0.07903059071713117 -0.13419461344430023 0.012027630963684536 0.9908820990877483 2.986691298681338
0.9836222000041357 -0.0035650660093869365 0.180207199977241 0.4657502999087664 0.006172884034199825 0.9998840999964925 -0.013912500236926577 -0.1102928009525108 -0.18013681803804565 0.014797041240577808 0.9835302983521654 3.963845396400089
0.9740479000051762 -0.006173619009399698 0.22625789997746018 0.6971644998864815 0.009486835045292847 0.9998629999963828 -0.013559120235056607 -0.1438770011868535 -0.22614322263925615 0.015353701296309558 0.9739730973952893 4.934639493482148
0.9624212000062076 -0.007368625009432083 0.2714612999777359 0.9715688998646356 0.011640150056203972 0.9998323999960579 -0.01412847023268371 -0.18022370141733085 -0.27131172715635127 0.0167573914367137 0.9623456962316336 5.887651588785669
0.9488374000071944 -0.00969354400953367 0.3156163999780787 1.288078999843143 0.01587616006686619 0.9997289999950247 -0.01702376022982666 -0.21848770164472944 -0.31536583156245906 0.02116355187740858 0.9487341948701487 6.826202682642569
0.933620200008134 -0.012638570009625396 0.3580414999784504 1.6513309998221168 0.020804610077122126 0.9996036999940966 -0.01896441022656889 -0.25472900186757436 -0.3576599357926945 0.025154462276598125 0.9335130933475153 7.743952774417796
0.9161945000091135 -0.0122839400096512 0.40054559997885775 2.050497999801458 0.02177648008744294 0.9995792999938258 -0.019155670222781827 -0.291952802087045 -0.40014174004070197 0.026272782388427722 0.9160765916029217 8.646240864646224
0.8965559000100798 -0.013077650009654345 0.44273759997930257 2.488684999781308 0.023417900097709048 0.9995654999937994 -0.017896590218473396 -0.330923702301812 -0.44231124425758817 0.026413282402499502 0.8964725896412387 9.527392952760557
