0.9999966999999497 -0.002220141008981679 -0.001303943023292042 0.0036242490733345697 0.00222360299064581 0.9999940000006571 0.0026595607607758213 -0.019928830904920748 0.0012980301060030192 -0.002662451505429057 0.9999956999989641 0.9997948256714696
0.9999914999999073 -0.003006968008961123 -0.0028258200232998275 0.003704155327220003 0.003016951990282903 0.9999892000008751 0.003535539760790996 -0.039389702844623335 0.002815159257526257 -0.003544035593568009 0.9999897999982 1.9996055219716595
0.9999888999998829 -0.0021285350089703518 -0.0042058190232961675 0.0021210632616035386 0.0021417499899518354 0.9999928000007727 0.0031398507608043132 -0.05804834793575704 0.004199105396130312 -0.0031488235540681054 0.999986299997977 2.999430217089898
0.9999829999998548 -0.0015245410089692395 -0.005643893023296436 -0.004431575059535892 0.001542551989607413 0.9999937000007787 0.003188329760819065 -0.07280600942722343 0.005638997540263015 -0.003196981558898176 0.9999789999972688 3.999299913034581
0.999974699999824 -0.0016258290089586124 -0.006926312023300311 -0.012102371700325933 0.0016510809893009448 0.9999920000008886 0.0036417077608329592 -0.08629509880884371 0.006920335668371056 -0.003653051604502416 0.9999693999962299 4.999179510650935
0.9999622999997859 -0.0017396910089543726 -0.008516225023301625 -0.021053901092640104 0.001772273988920869 0.9999911000009332 0.003819953760850424 -0.10079806203607118 0.008509503827259166 -0.0038349016226845536 0.9999564999949343 5.999034278832975
0.9999408999997287 -0.0035359310089735836 -0.010287360023293635 -0.029780607950225906 0.0035666789884982743 0.9999892000007518 0.0029720147608697433 -0.11506768616291049 0.010276741003554095 -0.003008530540005196 0.9999426999937984 6.998894433565358
0.9999211999996864 -0.004713044008966336 -0.011638880023295899 -0.04123807998470111 0.0047513149881763025 0.9999834000008363 0.003262683760885722 -0.12487598732501962 0.011623311137928156 -0.0033177255708959227 0.9999269999921901 7.998780715143335
0.9999053999996567 -0.004749818008963606 -0.012909800023296527 -0.05463872058963105 0.004793737987872557 0.9999828000008647 0.0033732077609010436 -0.13609505625882484 0.012893551264942389 -0.003434774582599824 0.9999109999905933 8.998628031401795
0.9998919999996341 -0.004228781008972152 -0.014076970023292891 -0.07198598120017478 0.00427154298759265 0.9999863000007725 0.003009019760915092 -0.14893532958379763 0.014064061382118638 -0.003068824546017782 0.9998963999892474 9.998395122220511
0.9998906999996374 -0.0026233270089578934 -0.014555050023298429 -0.09257031525176186 0.0026766389874775228 0.9999898000009049 0.003644476760921545 -0.16532367056115596 0.014545341430628234 -0.003683036607477181 0.9998874999882165 10.998048922212213
0.999886999999641 -0.001053198008941676 -0.014999500023304713 -0.11577345546673753 0.0011187679873700404 0.9999898000010573 0.004363720760927836 -0.1808848793592735 0.014994751475942024 -0.004380008677210922 0.9998779999871048 11.997658642979868
0.9998787999996367 -2.451032892304022e-05 -0.015573200023311789 -0.1382206048849196 0.00010517118723180909 0.9999866000012393 0.005178665760936039 -0.19679767683536814 0.015572861533995707 -0.0051796757572008 0.999865399985663 12.997280039656276
0.9998718999996267 -2.3538678918245113e-05 -0.016009220023313463 -0.1605030460524623 0.00010975018712756417 0.9999855000012884 0.005384262760941895 -0.20867434448251376 0.01600886157759478 -0.005385328777765861 0.999857399984824 13.996961281476853
0.9998635999996192 0.0004413865910839308 -0.016510070023314175 -0.18046303217470105 -0.00035086761299278786 0.9999849000013066 0.005485151760948506 -0.21875137497905642 0.016512241628043177 -0.005478609787104636 0.9998486999839414 14.996711322437083
0.9998624999996244 0.001119431991097078 -0.016547240023319282 -0.20099506779422546 -0.001019277013002699 0.9999811000014353 0.006059862760949776 -0.22798846523936114 0.016553711632350112 -0.006042162843474809 0.9998447999834149 15.996457885356376
0.9998614999996331 0.002049948991123489 -0.016516010023329485 -0.2222599338613006 -0.001931135012997094 0.9999721000016976 0.007206626760951192 -0.23839855195071927 0.016530321630229286 -0.007173732956651319 0.9998376999824298 16.99617763553095
0.9998617999996376 0.002377256991104091 -0.016453740023322165 -0.24287190918832913 -0.0022725380129823133 0.9999770000014957 0.006380234760949049 -0.24781827742230925 0.016468531624131946 -0.0063419608734828995 0.9998442999832858 17.9959208733966
0.9998619999996433 0.00276909099104219 -0.01638309002329855 -0.26363482929120513 -0.0027083060129643056 0.9999893000008566 0.0037312667609449173 -0.26190942248588206 0.016393251616708193 -0.0036863806079369334 0.9998588999853781 18.99560601578144
0.9998698999996357 0.0011702989910412163 -0.01608933002329806 -0.282936471975957 -0.0011114810128926658 0.9999926000008613 0.0036641967609410647 -0.27759579433338266 0.016093501586350985 -0.003645836603846122 0.9998638999858872 19.995296726969404
0.999874899999633 0.00021021919110583232 -0.01582067002332276 -0.30200701135818453 -0.00010865591282768414 0.9999794000015331 0.00642024476094093 -0.2932891002788125 0.01582169155892995 -0.0064177218810091505 0.9998542999842618 20.994991746404054
0.9998764999996217 -0.0014610670088562032 -0.015650800023337026 -0.3197585667329114 0.0015867419872161118 0.9999666000019373 0.00802052376094152 -0.30668144992665564 0.015638561540211305 -0.008044366043631615 0.9998453999829849 21.99474453954735
0.9998783999996188 -0.0024480860088740425 -0.015404100023330203 -0.338290453191796 0.002559860987276535 0.999970500001763 0.007240647760936946 -0.3166058973640299 0.015385921514714454 -0.007279197967092775 0.9998551999841457 22.994523595314337
0.9998848999996295 -0.0023513530089137864 -0.014991880023315219 -0.35945770878933586 0.002434639987373927 0.9999817000013547 0.005539600760929127 -0.328672973244805 0.014978581474010256 -0.00557546179672409 0.999872299986253 23.99422677757786
0.9998957999996516 -0.0015581950089408655 -0.014355950023305183 -0.38273505050797874 0.0016213939875244624 0.9999890000010698 0.004391700760919789 -0.3419703544548911 0.014348941411240556 -0.00441451968065008 0.999887299988013 24.993867408134168
0.9999090999996789 -0.0008665701089532562 -0.013454650023300818 -0.40359008996756884 0.0009187322877391173 0.9999921000009365 0.0038711887609081215 -0.35744188634998936 0.013451191321633343 -0.0038831976275347097 0.9999019999895866 25.99353018998184
0.9999241999997105 -0.0003144412089375124 -0.012311140023307274 -0.4244531506399102 0.0003705382880120963 0.9999895000010932 0.004554591760894933 -0.3731611482089445 0.012309581207603129 -0.004558807695107941 0.9999138999905866 26.9931889546384
0.9999426999997533 0.00033416049111547144 -0.01070505002332802 -0.4426927240646544 -0.00026100861160469356 0.9999766000016309 0.006834072760879093 -0.38857221657582247 0.010707081047503774 -0.006830885922327768 0.9999193999905539 27.992903872793896
0.9999590999997867 -0.00027120270885739976 -0.009045792023338661 -0.45866181979620957 0.0003434902887931873 0.9999680000019145 0.00799069076086222 -0.40290523089584374 0.009043335880984259 -0.007993470038570035 0.9999271999910186 28.992673669504093
0.9999771999998431 6.777909115391088e-05 -0.006759562023343399 -0.47208227494310606 -1.0467450660692364e-05 0.9999640000020275 0.008478278760838173 -0.41651280699472554 0.006759893652724297 -0.008478014087031374 0.9999412999922589 29.992491049016458
0.9999943999999223 5.4909541150932454e-05 -0.003365373023342667 -0.4826512443476085 -2.6804989848834622e-05 0.999965100001997 0.008350574760803123 -0.42964778349908506 0.003365714313309873 -0.008350437074273633 0.9999594999940304 30.99234900376505
0.999999700000001 -0.0007846738088994905 0.0003218969766763816 -0.4883279137152669 0.0007826664910344906 0.9999805000014876 0.006189642760764681 -0.4435072862720532 -0.00032674765613010257 -0.00618938885815296 0.9999807999965915 31.99223686393406
0.9999922000000793 -0.0011001010089375864 0.0038034849766910876 -0.49024809292530025 0.001082754991867513 0.9999890000010995 0.004559604760732812 -0.4578136551156377 -0.0038084594043728947 -0.004555450694753839 0.9999823999970605 32.99213267858172
