0.9999909823908651 -0.002705913748917033 -0.003273097575048836 -0.003075409725124071 0.0026987330268898554 0.9999939465524144 -0.002196292006241235 -0.0035925125899549525 0.0032790207382605435 0.002187438984412364 0.9999922315366693 0.8604299684804191
0.9999716456804266 -0.0013857361618826154 -0.007401862635096283 -0.016146675753175906 0.0013567815558918615 0.9999914143954727 -0.0039153900382454 -0.004250794386253018 0.007407224783194801 0.0039052363093224655 0.9999649404606041 1.6998565292548582
0.9999398083848648 -0.0013986902560078208 -0.010882245761202893 -0.04420213751353744 0.001340463173505318 0.9999847575343004 -0.005356104699041761 -0.009612749445427598 0.010889571420397846 0.005341195056761174 0.9999264417294133 2.5772064557114525
0.9998762268348332 -2.868863306764607e-05 -0.01573309211500898 -0.062411205607038014 -6.391196046121842e-05 0.999982680095798 -0.005885186801298858 -0.020956548903593882 0.015732988457325424 0.005885463905862038 0.9998589072408239 3.439066393609827
0.9997972230166169 -0.0011081030963749374 -0.02010683853291704 -0.08300689957941437 0.0009858924269669366 0.9999809882872606 -0.0060869598451384465 -0.032649146799717144 0.020113201246530658 0.00606590236994322 0.9997793076294663 4.324841321513457
0.9996962818951117 0.0009574887202899694 -0.024625742231239287 -0.11339634899924474 -0.0011368019970709978 0.9999729374223484 -0.007268569607564184 -0.04637797466291866 0.02461811622176603 0.007294356604325574 0.9996703160119443 5.253802450653004
0.999557426772382 0.003477134551931682 -0.02954420619142214 -0.14832048839216197 -0.0037041590249741263 0.9999640077824566 -0.007632977503245527 -0.06169652044626814 0.02951660194011509 0.007739035789755293 0.9995343303433623 6.200798639376848
0.9994241550988234 0.0041601148924813045 -0.03367568334991402 -0.19301629968180323 -0.004361798693746343 0.999972977068874 -0.005917756683800322 -0.07626223775131954 0.03365015478653187 0.00606123552543428 0.9994152933124185 7.116439373409724
0.9992677345781155 0.0034991813465664583 -0.03810184196366846 -0.2302058357748563 -0.0036287311757011195 0.9999878667398031 -0.0033314686299981476 -0.08458890282553277 0.03808972225121918 0.003467290452501571 0.9992683077911272 8.042409843333632
0.999129514682173 0.003121071946445137 -0.041598939900798104 -0.2721543656001517 -0.0031474561637203436 0.999994884995222 -0.0005687733209184518 -0.0988492585538069 0.041596951939565946 0.0006992090518884845 0.9991342275670668 9.01448472220887
0.9990307699607471 0.004836940222124726 -0.043750710633360584 -0.33846853912389635 -0.004891332693502464 0.9999873917977428 -0.0011362702273891483 -0.11292849598017426 0.043744662944385955 0.001349168201437037 0.9990418330625831 10.066609664765226
0.9989386571087548 0.004566621990587242 -0.04583345172854133 -0.39002370447459933 -0.004631144604387426 0.9999884290050174 -0.00130167420314425 -0.123651765280452 0.045826977135860675 0.0015125540231551843 0.9989482470813572 11.105652085422577
0.9988735165578467 0.0018870144819166435 -0.047414524100807716 -0.4408675419487539 -0.001977273561879246 0.9999963213595207 -0.0018567866566620603 -0.13305077067553905 0.047410845896509096 0.0019484465021913757 0.9988735732051406 12.166269157041276
0.9987752388358629 0.0013001845572851295 -0.04946040647307553 -0.5000782355613316 -0.0013505041712048235 0.999998603973213 -0.000983966518305142 -0.1405568382522384 0.0494590580869512 0.0010495578795781044 0.998775600423543 13.238724737496403
0.9986989564708946 -0.00033435796788675465 -0.05099296567856848 -0.5596825553654304 0.0002725234063212906 0.9999992192046673 -0.0012195577269746784 -0.15342907482334506 0.050993333632342173 0.001204074252580534 0.9986982678117824 14.382577476284272
0.9985975671003904 0.001822235406176612 -0.05291104269720725 -0.6283148752071918 -0.0020178408777001998 0.9999913258862221 -0.003643689134440604 -0.16358724853491471 0.05290394408145285 0.003745345169758764 0.9985925821325659 15.531518189217966
0.9985124169240094 0.0020571385439963432 -0.05448597461351041 -0.6886774387146207 -0.002400400152327422 0.999977679269292 -0.006235306111970127 -0.1771731712592811 0.054471931558207086 0.006356818717886403 0.9984950673529165 16.692450087395663
0.9983781821473432 0.005906280035422966 -0.05662262152452474 -0.7510332316261882 -0.006361270994259718 0.999948886805433 -0.007858626337540808 -0.19041166599584855 0.05657331211361056 0.008206072916972184 0.9983647232969405 17.823639014175992
0.9983132528654077 0.00693998100449554 -0.057641008118748845 -0.829772704387352 -0.0073851323460038774 0.9999445028208206 -0.007513394615898976 -0.20697370556029207 0.05758566638947955 0.007926407892573699 0.9983091019741327 18.987859679183018
0.9982241508176374 0.005567425996667772 -0.05930892422037684 -0.9067158930205759 -0.005934618800383349 0.9999642882968698 -0.006016845571328155 -0.22479876831716986 0.05927330785523034 0.006358136417748796 0.9982215430840949 20.253576643021276
0.9981485484213511 0.006500938730117619 -0.06047489627917618 -0.9922452887153816 -0.006785301709856149 0.9999668633147504 -0.004497994349273939 -0.24352002135701278 0.06044365115589959 0.00490000694766181 0.9981595839177502 21.46850680772317
0.9980974489754125 0.005725770130647642 -0.06138972149460425 -1.0718073990078332 -0.006008655091279027 0.9999721599933118 -0.00442439852465544 -0.2558743030547444 0.06136267931542866 0.004784850543320066 0.9981040661136038 22.64778511300263
0.9980163800602476 0.0055731394605054805 -0.0627076171449178 -1.1578539476459404 -0.005916445097714091 0.9999685034452535 -0.005290349219708728 -0.2724580937678762 0.0626761582170251 0.005650861351554782 0.9980179191563342 23.809634123743464
0.9979433416457837 0.003976531331892826 -0.06397870007599263 -1.2273526170850162 -0.004380737844440869 0.9999713154390171 -0.006178789129015197 -0.2851641379315297 0.06395229472650396 0.006446355383395214 0.9979321362204369 24.965370364493094
0.9979211687256531 0.00389195314609362 -0.06432879378580035 -1.3135873362442672 -0.004187442252659516 0.9999812901189932 -0.004459230800858648 -0.3019325466295325 0.0643102350843787 0.0047193339215716905 0.9979187950683802 26.12955656203253
0.9979181742896336 0.005163605348954553 -0.0642857262714323 -1.4014977648572693 -0.005238580049076102 0.9999857807668415 -0.0009977691117164923 -0.32121959317236926 0.06427966009177938 0.0013324578534127242 0.9979310346184015 27.344665495549528
0.9979600980308388 0.005729448770888722 -0.06358314363934098 -1.4817464281236112 -0.005569709489328399 0.9999808729360582 0.0026892560762997522 -0.33128657647822135 0.06359733543540791 -0.002329630619044637 0.9979729213494192 28.55543450978042
0.9980519703282125 0.004694951586848179 -0.06221110795967725 -1.5544613651773778 -0.004360985305091815 0.9999753492589538 0.00550297025275704 -0.33985899639909917 0.0622354105886853 -0.005220948575795956 0.9980478422224186 29.801254525054603
0.9981685521416578 0.004967792393600313 -0.06028982131472289 -1.6483391545416741 -0.004599938348012508 0.9999699592213197 0.006238687530827344 -0.3498742915933566 0.060319002666005796 -0.005949932238849601 0.9981614179198326 31.077545212936922
0.9982605868558815 0.005697967444983216 -0.058679927548928035 -1.7324331218307634 -0.005515758057004562 0.9999794525106961 0.0032666449861901577 -0.3608590172830577 0.05869733506053002 -0.0029372986578014345 0.9982715037169928 32.37582641079928
0.9983142217926426 0.006070685513182537 -0.057722277709308774 -1.8224976155535597 -0.006171053776691694 0.9999797409214355 -0.001560718419400929 -0.36681423699773985 0.05771163367845094 0.0019142946741590853 0.9983314593931537 33.65318113152284
0.9983886051539405 0.005061533955936981 -0.05652056238911807 -1.8997324983087647 -0.005323332269427835 0.999975785205847 -0.004482313632456081 -0.37570690605685586 0.05649650637268259 0.004775968589022642 0.9983913736064217 34.85522977890436
0.9984462487782084 0.002126866891458866 -0.055682714893851744 -1.9793067959112776 -0.002323316187188252 0.9999913030938543 -0.003463515345727453 -0.3828437544103009 0.055674864190389514 0.003587502457386937 0.9984425067691676 36.08045789912599
0.9984476985094345 0.00015195131887997928 -0.05569712965683381 -2.0573354120159966 -7.29406122047067e-05 0.999998988276012 0.0014206078347498742 -0.3944573474974814 0.05569728916994578 -0.0014143400403551372 0.9984466994393686 37.309714765920646
0.9983862738683995 -0.004077915936380357 -0.05664114010848437 -2.1265266781471746 0.004358860000982218 0.9999787996692449 0.0048374116579607915 -0.40378487196307244 0.056620212739488855 -0.00507649620038781 0.9983828828138339 38.5854164771322
0.998258230043757 -0.011887317369599429 -0.05778579268003244 -2.1933129588579745 0.01215026007697207 0.9999173576816858 0.004201069737335682 -0.40960203045112437 0.057731077678900185 -0.004895864850099376 0.9983201656670077 39.863481558222595
0.998171171744722 -0.013438194749628918 -0.05893833064856282 -2.2627181166968455 0.01348666411381101 0.9999089606389846 0.00042464684983706215 -0.4299959649040517 0.05892725845353331 -0.0012187517125653523 0.9982615352979463 41.12951813769011
0.9980959555429959 -0.012749653805446052 -0.06034823822246173 -2.3420351578116576 0.012556094464797062 0.9999147406427806 -0.003585517685377471 -0.44567984380948705 0.0603888070796634 0.002820952520397947 0.9981709443809572 42.39119699295563
0.9979764724317998 -0.011808406532985125 -0.06247817225025541 -2.4226986056809006 0.011563659926292465 0.9999239896262722 -0.004277468759466205 -0.457110710741532 0.06252393335107674 0.0035463368467911613 0.998037164264577 43.58505248539392
0.9979129622557075 -0.011221226087339307 -0.06359091009834372 -2.487115054392428 0.011060698813713096 0.9999346930534239 -0.002875859855334861 -0.4800089779305047 0.06361902784380744 0.002166497923381941 0.9979719062092658 44.78006009833527
0.9978716556117665 -0.007966261880015178 -0.06472014831789946 -2.570792007386342 0.00798794693805124 0.9999680929319954 7.629982601869891e-05 -0.5013626665910343 0.06471747546333032 -0.0005931185442982247 0.9979034505301825 45.976691104488275
0.9977722626308412 -0.008578844828091733 -0.06615825984672702 -2.656142163933605 0.008692358715651641 0.9999612009228663 0.0014281277455615814 -0.5117352253533309 0.06614344128097631 -0.0020000175786057694 0.9978081203844725 47.16409956609318
0.9977012273512617 -0.00728895738775956 -0.06737308098925995 -2.7311884861786027 0.007572176236069244 0.9999635318387413 0.003949321415220465 -0.5212240983844483 0.06734183758137183 -0.004450403665987585 0.9977200362919313 48.398050359797374
0.9976952584853298 -0.007230969008406013 -0.06746765360593375 -2.8096906944483306 0.007724802836565678 0.9999452294676051 0.007061549838011115 -0.537641766475181 0.06741289651859633 -0.007566449112892946 0.9976964719947614 49.68172968954892
0.9976990409574007 -0.00157032818232241 -0.06778021645054406 -2.919375942271077 0.0022114431449513543 0.9999535170334936 0.009384737160051226 -0.5417568467823127 0.0677623287077669 -0.009513035359253118 0.9976561376377899 50.96633341248145
0.9976841623859203 -0.0020741203043170052 -0.06798536717020814 -3.020163280747358 0.00267794297956765 0.9999577662123813 0.008791724116606798 -0.5468334709208729 0.0679642607971497 -0.008953424847931588 0.9976475807808026 52.33182539436264
0.9976977199098953 -0.0016866164985078966 -0.06779686579321414 -3.186718043919604 0.002180690091494158 0.999971599467694 0.007214211581758594 -0.5666380503706907 0.06778277271785944 -0.007345446399537583 0.9976730627514552 54.70152881862355
0.99770083165344 0.000378145195991219 -0.06777099323637689 -3.3112439369430016 -4.199746591252926e-05 0.9999876912513267 0.004961409281048444 -0.5740158771540684 0.06777203519333884 -0.0049471559558966795 0.9976885670857912 56.361012073455505
0.9976442036460977 -3.635528641766065e-05 -0.06860059481984664 -3.4060729370062774 0.00039011026021921964 0.9999866968263021 0.0051433436989903915 -0.5859100745792863 0.0685994952264847 -0.005157988824553687 0.9976309459945376 57.588742734611465
0.9975562132883133 -0.00238157162988515 -0.06982785580592529 -3.4982958987504458 0.0028363491858588398 0.9999754049128158 0.006414412891760559 -0.5967421305260316 0.06981086199995856 -0.006596793616737652 0.9975384332750291 58.83031444831832
0.9975151845226374 -0.0019994297829221503 -0.07042342598391658 -3.6035948052891897 0.0025291428701660224 0.9999691730211624 0.007433467812186069 -0.6024288932895908 0.0704063923455201 -0.007593107922035609 0.9974894909867331 60.07621211265428
0.9974931517781483 0.00015781980809170728 -0.07076289457480237 -3.7119176032582795 0.0001131357037490394 0.9999926781164992 0.0038250377389338055 -0.6140329798707586 0.07076298012385406 -0.0038234547597563334 0.9974858303944423 61.42679092720132
0.997428503716948 0.0008297583624782332 -0.07166373890630133 -3.7981590876785587 -0.0008646160501206817 0.9999995225308211 -0.00045538688554789533 -0.6231052572578593 0.07166332682799836 0.0005161774787345494 0.9974287448979766 62.61371236250426
0.9973777590580439 0.0018673069697765668 -0.07234721073431737 -3.889749626779496 -0.0019946968963789917 0.9999965848960188 -0.001688603147810942 -0.6378684205393111 0.0723438105206429 0.001828485980215617 0.9973780776207046 63.87846125503421
0.9973552697995905 0.00025383664937559617 -0.07268013050306138 -3.9721011144160574 -0.00012062434584246269 0.9999983049967954 0.0018372406764464435 -0.6500186530900569 0.0726804736690247 -0.0018236146773461831 0.9973536098980911 65.09216334808431
0.9973436039427095 -0.0014373449927396992 -0.07282629823037975 -4.060860732501282 0.0018088720725773525 0.9999856839776883 0.005035853601934429 -0.6710049535136297 0.07281801738851053 -0.005154209837299114 0.9973319259226381 66.32327901097999
0.9973369897732941 -0.0037368110264614854 -0.0728351911736163 -4.163948582109052 0.004163839667536974 0.9999750175111248 0.005711986768961522 -0.6806875891153272 0.07281202695412187 -0.006000049747982143 0.9973276332950235 67.59041412905061
0.9973068005096173 -0.006868248948849652 -0.07302035889837546 -4.25184738095546 0.007218048552557187 0.9999636995050118 0.0045276315379523405 -0.695471298207049 0.07298661132265197 -0.005042502218855145 0.9973201731334866 68.86967681241664
0.9972657525826697 -0.00981678329772961 -0.07324376759429842 -4.350268099986592 0.010081981604153967 0.9999438877731777 0.0032519151274700373 -0.7060143412356685 0.07320773437728886 -0.003981465904435847 0.9973087664091773 70.1169866782387
0.9971615519605821 -0.011499395079397602 -0.07440835439903125 -4.443235450089668 0.011865403195925557 0.9999195734354924 0.004478712714739917 -0.7183666902166206 0.07435086750376231 -0.005348885247505323 0.9972177986418242 71.4255756320657
0.9970376786196733 -0.01451421141471223 -0.07553280796913939 -4.537296009791519 0.01520865091074703 0.9998471260584727 0.008626786776541088 -0.731763661622311 0.07539604996396612 -0.009749983570340393 0.9971059991145416 72.74317257079974
0.9970011347578078 -0.01521914001265673 -0.075875655311301 -4.672285369187187 0.016303765818054584 0.9997732794110649 0.013695875137981416 -0.7406992408427653 0.07565001329672212 -0.014891861969555435 0.997023223368084 74.33154106545351
0.9970027822922567 -0.013208904873106036 -0.0762297640922043 -4.774687313723334 0.014466458117167314 0.9997678403437514 0.01596831249492898 -0.7489786096308797 0.07600114269564709 -0.01702322667547766 0.9969624045381602 75.63126878389207
0.9969186363355471 -0.01162881855760545 -0.0775757894309063 -4.889670817797613 0.012595982437976345 0.9998487828641205 0.0119896885513864 -0.7568263632317207 0.07742463272948855 -0.012929887242019728 0.9969143615489805 76.9735941779355
0.9968324876269542 -0.009979122802301732 -0.07890125930272318 -4.990555677786912 0.010354432923301777 0.999936933965097 0.004349001186282052 -0.7692618618905234 0.07885288409624469 -0.005152203468228042 0.996872949512186 78.19265085520401
0.9967830163923823 -0.008292147576220625 -0.07971736649111508 -5.08698231100052 0.008271939092747383 0.9999656165456331 -0.0005837380900569787 -0.7771759605028039 0.07971946597507053 -7.755698605844269e-05 0.9968173356887221 79.35087679886696
0.9967234338855718 -0.003217059754382685 -0.08082107936603923 -5.18963027899382 0.003253509494824505 0.9999946563457952 0.0003193052175936422 -0.7958031447671129 0.08081962026217361 -0.0005812111420367082 0.9967285744746587 80.5303519471931
0.9966685650154905 -0.0006721876994157808 -0.08155562318847367 -5.300489170315956 0.000883220007043327 0.9999963547784736 0.0025515391794549806 -0.810350581462346 0.08155361078690931 -0.0026150704506549475 0.9966655256274063 81.70545762961584
0.9965858309372277 0.0018307191019954635 -0.08254289819678987 -5.40857875849462 -0.001498606566651421 0.9999905322460717 0.004085290268332904 -0.8268441075695724 0.08254959571987248 -0.003947643067417997 0.996579139035479 82.84033219069833
0.9964946278264432 0.0024376094590338 -0.08362125790230933 -5.500898756451768 -0.002122012846152827 0.9999902879091511 0.003862790293788323 -0.8392787716557545 0.08362986173921393 -0.0036718043926998924 0.9964901224186723 83.96951391905075
0.9963581755391338 0.004001686207087216 -0.08517260442084618 -5.606056822468053 -0.003626749812909491 0.9999830430189365 0.00455635384736156 -0.8453748365579123 0.0851893932489513 -0.004230860679319463 0.9963557934271203 85.12774742885011
0.9962050920709539 0.004791579046059839 -0.08690486351263119 -5.695677590021291 -0.004355138923490954 0.999976939111995 0.005210950888476865 -0.8658591029121423 0.08692782809239377 -0.0048126930559076525 0.996202986689303 86.25926111963734
0.9960663900475479 0.004616537872180221 -0.08848974062410968 -5.795351379646872 -0.00413233543405996 0.9999754762591998 0.005654262467079337 -0.8776447853148561 0.0885136736414655 -0.0052663515132331425 0.9960610398566093 87.37546434612423
0.9959535146778018 0.004515369321459387 -0.08975638161616097 -5.896438821694482 -0.003922700716412203 0.9999693324899591 0.006778384665587835 -0.8905146702092692 0.08978423592159443 -0.006398868609061905 0.9959406837058611 88.4440367598261
0.9958157736307849 0.0072451891575621465 -0.09109584086111784 -5.9998878993360405 -0.006406431512097773 0.9999343852673492 0.009496462251216278 -0.9011741059846399 0.09115866729721171 -0.008873127637936642 0.9957968492531576 89.48979708451738
0.995692979872928 0.00878414230987978 -0.09229479224555544 -6.113043855036601 -0.007559487463919684 0.9998788011790185 0.013610183764044985 -0.9060625193576132 0.09240316001659941 -0.012853863103674604 0.9956387066713794 90.57065998979382
0.9955114894115513 0.01148951324740202 -0.09394075545222222 -6.222250423116893 -0.010103431076506377 0.9998331649308166 0.015217193726442061 -0.9011983462479632 0.09409992098869535 -0.014199767243287805 0.995461486688539 91.65052755704754
0.9953615050903103 0.014175234493605682 -0.0951553304413636 -6.361363978086883 -0.013172358499007253 0.9998509688050445 0.01115926302167345 -0.9158792303211881 0.09529933449886947 -0.009854080711286215 0.99539988644635 92.87158201509018
0.995204262155428 0.01401255465938711 -0.09680973556202495 -6.449740637696211 -0.013697776897185711 0.999898515214468 0.003915377373452634 -0.9287718520445576 0.09685477528623154 -0.0025705220908026566 0.9952952049118053 93.8903733525489
0.9950830114127127 0.013269691528430664 -0.09815149354211927 -6.55596877133588 -0.013528382436420345 0.999906545539987 -0.001970546864053435 -0.937192102506168 0.09811617229826237 0.003288688648955963 0.9951695339290217 94.86762678168016
0.9950305163703524 0.014201811705075021 -0.09855242278120142 -6.652331341124873 -0.014583416272765486 0.9998886858018098 -0.003152772643967755 -0.9456820888107453 0.0984966774138411 0.004574335998033564 0.9951268662781692 95.74680568524107
0.9948627372235149 0.01709988231454502 -0.09977839500094855 -6.739699063106538 -0.017144417222195445 0.9998529391357881 0.00041116862321030883 -0.9620944366067988 0.09977075243901824 0.0013015860917100414 0.9950095993664564 96.63365473348291
0.9947471681544248 0.017464433404288694 -0.10086161318668684 -6.83718326581645 -0.017260848040958707 0.9998468412387935 0.002890880439084591 -0.9910847197711679 0.10089665293586592 -0.001134738151870868 0.9948962648415483 97.55145322520369
0.9947238581950433 0.014310097681907746 -0.10158576200385083 -6.930052594510637 -0.01442955713965286 0.9998957911877023 -0.0004411868897047566 -1.0018696602549266 0.10156886244475827 0.001904696682522122 0.9948266875753905 98.41183600494057
0.9948157096799617 0.006100479050369834 -0.10151102368369423 -7.009453756117813 -0.006683951409934773 0.99996303450131 -0.005408735941151163 -1.0238311454752902 0.10147427539778307 0.006059190233642547 0.9948197111266974 99.23824457370841
0.9949461717320569 0.002069726176981786 -0.10038840365937772 -7.076331503824139 -0.0031055485419113306 0.9999435332110796 -0.010162969920049109 -1.0376281199785244 0.10036170048369862 0.01042336907599027 0.9948964179517005 99.9338552770839
0.9952626190683636 0.004672548260702233 -0.09711069136781289 -7.147221285530362 -0.005704201669662599 0.9999301821674487 -0.010348568687724491 -1.0501967951600415 0.09705555712320123 0.010853482543596122 0.9952197851470698 100.62408672688733
0.9956152094351274 0.009543375592726753 -0.09305524554663941 -7.228357443339305 -0.010295732018265013 0.9999180523457218 -0.007608317510858024 -1.0570571893665444 0.09297501085591356 0.008533028503064094 0.9956318771418016 101.32173513650264
0.9960605573440365 0.007888830937354695 -0.08832401966583588 -7.290800547744621 -0.008311288080982946 0.9999557084444332 -0.004416292543132578 -1.074103284190376 0.08828526827236809 0.005132981183820292 0.9960820066190541 102.02245030827572
0.9965472360909472 0.0042463273332755316 -0.08291908672720914 -7.325714230011435 -0.004256247703485206 0.9999909405049175 5.7127723596926e-05 -1.0950367410536326 0.08291857810516468 0.00029599369740329964 0.9965562812971214 102.70072596508325
0.9971889573884387 -0.00028077047765218133 -0.0749273276615373 -7.360536775864749 0.000557810584687098 0.999993085892154 0.003676549365727496 -1.1163038191544625 0.07492577733939151 -0.0037080096852486473 0.9971822193331872 103.44246679261244
0.9979052184031552 0.003491666155033292 -0.06459863273487303 -7.3951714517556475 -0.003268044313635801 0.9999882979370691 0.003567054146984002 -1.127773438292231 0.06461033175984553 -0.0033484707532239104 0.9979049517732118 104.11361563196961
0.9987509723627485 0.008575231372097066 -0.04922357779947994 -7.442486918373748 -0.008426432043147986 0.9999592814679258 0.003229651555774222 -1.1404386720788 0.04924926849699036 -0.0028108384984742267 0.9987825632936558 104.77877816044573
0.9994213377780334 0.01365743182548139 -0.03115227359118964 -7.463400895806812 -0.013551252417733525 0.9999016356167492 0.00361699445128267 -1.1409715371655644 0.03119860817214239 -0.003192749110415914 0.9995081056205787 105.41533199851285
0.9998824502737538 0.012141738248715726 -0.009362896285658407 -7.445604971052212 -0.012103822054676451 0.9999183579880575 0.004095711188011825 -1.1463005492839469 0.009411860933155118 -0.00398190290772466 0.9999477792980027 106.05219640583616
0.999826200366044 0.008637123145350364 0.01652177851725401 -7.406058963068698 -0.008724226751472847 0.9999483848395146 0.005207256901176237 -1.15908213041452 -0.016475950023899455 -0.005350491623954812 0.9998499463970535 106.67246545304901
0.9989146006001058 0.007606405427877423 0.045953925886691935 -7.3545510404188015 -0.00792327068333145 0.9999460499250226 0.006717069377559906 -1.166368220301257 -0.04590035391597194 -0.007073884068250245 0.998920976691638 107.28815743981625
0.9968874843410762 0.007382649217982066 0.07849101894259469 -7.268873942868501 -0.008032879158678615 0.9999359610455815 0.007971615913448126 -1.1706510593328163 -0.07842714081582085 -0.008577313004297782 0.9968829486379432 107.90738632156642
0.9932324503321254 0.007357995286684784 0.11591013550421402 -7.159668243754268 -0.008406103669113596 0.9999280619414631 0.008556188584511147 -1.1787705979803311 -0.11583884075882418 -0.009472636768646963 0.9932228511891475 108.52163863302795
0.987561866401306 0.007453525534886475 0.15705414667264314 -7.020877561873125 -0.008908520438859278 0.9999236589733848 0.00856238803539288 -1.1841909892520424 -0.1569783370199904 -0.009855007984725418 0.9875528747991461 109.13378431759597
0.9794114165706745 0.007015499759115772 0.20175247174237274 -6.854302533829169 -0.008941997162125463 0.999922701322342 0.008638985298244438 -1.1929401047978643 -0.2016762697438137 -0.010265190858458678 0.9793984419422254 109.724283203112
0.9678281627871166 0.009148359770104524 0.2514457293923163 -6.676361554363403 -0.011209868979361342 0.9999142664179534 0.006767470082074321 -1.2059958882971336 -0.25136226079820057 -0.009368421818158343 0.9678477393263122 110.30142605719671
0.9523703101056656 0.00999524127657271 0.3047800642776097 -6.464715514114134 -0.011816186719350648 0.999921654832237 0.0041306087897846535 -1.2193320879097775 -0.30471489980086947 -0.007535207321892098 0.9524138021311749 110.8410613392523
0.9327040752535551 0.010375701388075005 0.3604933464380702 -6.215340896103803 -0.011827768216197377 0.9999283893900165 0.0018220842218647604 -1.2238685960270357 -0.3604486258878461 -0.005963297124339077 0.9327600051368888 111.35223154580463
0.9087777265966593 0.01089592926657572 0.4171382533012618 -5.929998452295153 -0.011961066065858634 0.9999284620657555 -6.041010888251097e-05 -1.229456030549183 -0.4171090703165988 -0.004934518844919338 0.9088430414452159 111.83785923005502
0.8797696499168783 0.010861551993686954 0.475276119506781 -5.625161658853311 -0.011404370890839687 0.9999334518430422 -0.0017413241635678813 -1.240663156202246 -0.4752634042399212 -0.003888260992640241 0.8798349720355135 112.30268992785535
0.8464060964400606 0.009230827730308954 0.5324579905762654 -5.273517096830263 -0.008596084916208982 0.9999563146389474 -0.0036709859449299957 -1.2531169537330356 -0.5324686161955587 -0.0014699092175728362 0.8464484698631555 112.75364471417923
0.8096372886242702 0.009011485718861203 0.586861358409532 -4.907317384212918 -0.0075847934100592195 0.9999592749493716 -0.004890741421674416 -1.2632188204059291 -0.5868815312974737 -0.0004914955398759204 0.8096726663621941 113.16178351554625
0.7702625020662107 0.007448433109851613 0.637683462820631 -4.518016368094082 -0.006519157537789792 0.9999715086499538 -0.003805584492940742 -1.2769075903964153 -0.6376936399994113 -0.0012258599200138907 0.7702891137564882 113.52889331603566
0.7276978879935392 0.007229780298132879 0.6858596897956503 -4.102656863080781 -0.007931060373472913 0.9999662886871798 -0.002125975197429539 -1.2795990614839103 -0.685851938898692 -0.0038925269464043623 0.7277306961664285 113.88741638992937
0.6824755610605059 0.006021455152936254 0.7308836094981138 -3.6497020278732517 -0.007504093904883997 0.9999710858475048 -0.001231277234819073 -1.2957837567827122 -0.7308698906986212 -0.004644302617560014 0.6825010134229695 114.23070739485215
0.6357251040988852 0.004846578676732768 0.7719003191433428 -3.206642838046549 -0.004234833981466337 0.9999871383399154 -0.0027909381749797475 -1.3007421481733346 -0.771903917725264 -0.0014946002399901723 0.6357374520747618 114.52461283458814
0.5887286816637605 0.0022238984366372842 0.8083276524171349 -2.7112697142516096 0.0005762498182216155 0.9999948065902627 -0.0031709192122126124 -1.3196639871405078 -0.808330506242711 0.00233260975023731 0.5887243426334215 114.80492876497222
0.541847617999847 0.004271703169286592 0.8404658895041057 -2.2278103137463297 -0.0018957313804566392 0.9999907520285385 -0.0038603186308299067 -1.338312864453909 -0.8404746070348732 0.0004984068938994923 0.5418507050102843 115.05923182340753
0.494326326356854 0.007053609598211256 0.8692477953162582 -1.707907610460925 -0.006023829776686948 0.9999708642280246 -0.004688727959625135 -1.355136502683888 -0.8692555415672413 -0.0029184390851771796 0.49435441352125764 115.31163756197273
0.4487919669319548 0.00924777355083671 0.8935884114634108 -1.169940247918305 -0.006725013828535834 0.9999530885524083 -0.006971003048750309 -1.3647182892183447 -0.8936109581950932 -0.002880864254373282 0.44883310485613015 115.5322870228293
0.4062604795913087 0.0067750215893615726 0.9137321937004877 -0.653664970112227 0.0007142945070989946 0.9999698522743778 -0.007732032444080709 -1.3676623053465002 -0.9137570314397565 0.003793893095867771 0.40624339240113133 115.70459843481838
0.3666694663036193 -0.0008781432030992046 0.9303508646446974 -0.09283794778297738 0.015871583976557854 0.9998599303202119 -0.00531154988081076 -1.3723610315677575 -0.9302158863955685 0.016713725035913646 0.36663204455247683 115.84658118058107
0.3314998654626156 -0.004473372219420167 0.9434446608780277 0.4628743244534961 0.020527221963072592 0.9997862379205276 -0.0024721697347219198 -1.3712795051998807 -0.9432319292500363 0.020185821898180266 0.3315208292665004 115.9860130678898
0.2984128734689757 -0.0001544799336451819 0.9544368669974675 1.0406175766793604 0.017870685322763123 0.999825585542775 -0.0054255967544556815 -1.3755571926996644 -0.9542695612635262 0.018675508828336913 0.298363586611903 116.13951025475694
0.2677512750303216 0.007392332100493096 0.9634597075881044 1.598728155268602 0.006814107159893485 0.9999310288791845 -0.009565846968722076 -1.3979608568853983 -0.9634639706098249 0.009126385414365461 0.2676824357816882 116.28293759515137
0.23912806045693677 0.011866950015676767 0.9709155195996362 2.4145953496150137 0.0021467604703272825 0.9999164091821738 -0.012750139909453341 -1.428742212444678 -0.9709856652503093 0.00513323928460615 0.23908259604760057 116.47444443643927
0.2134810762112096 0.013440108883250057 0.9768547453807617 3.0654240519217155 0.0034495139560130972 0.9998887614533807 -0.01451087773677311 -1.4525346134485324 -0.9769411092553993 0.006467471873204378 0.21341096704339768 116.58562428628119
0.19016227363313115 0.014876419924670068 0.9816399552875309 3.770236186376646 0.011097102985403638 0.9997887394595267 -0.01730117785764676 -1.464022303448762 -0.9816899530870267 0.014183390996354253 0.1899570146844673 116.67803013463397
0.17004854338312547 0.02118847248244084 0.9852078671666913 4.459865419012022 0.01802014502229735 0.999534779130006 -0.024606903155526105 -1.4625481940270633 -0.9852709105959903 0.021937956682219074 0.16958761390489674 116.75492089042532
0.1504446135234246 0.027721354455345903 0.9882297024320567 4.9725287510318825 0.020368226477268207 0.9993076994171448 -0.031132896360342457 -1.4654914058120414 -0.988408596488293 0.02481226295149625 0.14977582580399154 116.81675300809219
0.13300036376175542 0.02852609736710618 0.9907053875942362 5.551682346884627 0.01781774083061454 0.999355360313101 -0.031167161005852987 -1.4812976981052586 -0.990955817052876 0.021797375586847478 0.13240635583910637 116.88143051656212
0.11755507855918441 0.024055158711556536 0.99277497593579 6.18515420520297 0.01595362557654551 0.999531818612913 -0.026107956858509192 -1.5112872942063522 -0.9929382082163556 0.018907483167365607 0.11711627446417669 116.95053261069239
0.10288951090361043 0.020758851923914058 0.9944761528628122 6.826017109129814 0.016386942037571527 0.9996111489434695 -0.022561450276382754 -1.5373053960715175 -0.9945577995655519 0.018617759658923372 0.10250932810534573 117.01193579929672
0.0895959872476635 0.018399314965367064 0.9958082266570829 7.4593130288491265 0.018516691743428206 0.9996257696988222 -0.0201358556042581 -1.5582038686515567 -0.9958060509938643 0.02024316583051919 0.08922176327086735 117.05766104077719
0.0779675749251387 0.017620211094660766 0.9968001732650708 8.12096230337718 0.022028919087082485 0.9995692416004073 -0.019392214165507467 -1.575660860074266 -0.9967124881249091 0.02347039427375977 0.07754583553284204 117.09452475875894
0.06779456520930935 0.018233136761901754 0.9975326809944148 8.788141635921509 0.025137366880114975 0.999484379153558 -0.019977202365711037 -1.5915411349155646 -0.9973825794119398 0.02642969072554325 0.06730127587005257 117.12923325836672
0.05988886107714028 0.018792703207873112 0.998028135187093 9.453177278877035 0.02710478843862115 0.9994234906305779 -0.020445459630151416 -1.6081707028018974 -0.9978369880709874 0.028275796751486348 0.05934496234296596 117.16592096467465
0.05431875372835082 0.019145965228548036 0.9983400748286471 10.206229151682013 0.028760274144557837 0.9993713476028103 -0.020730562502543137 -1.6285969077504032 -0.9981093725762363 0.029838592560796285 0.05373396290487181 117.20044656135566
0.04886236530345217 0.020220509617604146 0.998600821273325 10.98269395050097 0.02989822192119193 0.9993174143683764 -0.021697964560136895 -1.6483607716872446 -0.9983579346020659 0.03091660283579335 0.048224455271062054 117.23365362669405
0.042801830743371835 0.021028292253311317 0.998862259878672 11.856174400412062 0.030116324626678095 0.9992969877885972 -0.022327946336730138 -1.669933879347452 -0.998629566093452 0.031037737055795392 0.04213844565784335 117.27514479680612
0.038396039083431026 0.020941068418796362 0.9990431501372629 12.716655760784397 0.03259248356928156 0.9992221992973478 -0.022197442333668424 -1.6951744207259918 -0.998730931831737 0.033413591319247954 0.03768365318888994 117.30357270603623
0.03538282962957031 0.020940574398250988 0.9991544163497845 13.576752254576038 0.03405884205884948 0.9991744095650881 -0.022147111501660415 -1.7177124983363687 -0.9987932972567523 0.03481366993190978 0.034640406187816296 117.33275258480302
0.03243531826280587 0.020346433375807344 0.9992667175374533 14.407913586770697 0.035133473959523334 0.9991516679621065 -0.021484492455607483 -1.7413034928976783 -0.998856140360926 0.03580456754973316 0.03169296145598605 117.35788488798049
0.029903896953659085 0.01991073427292493 0.9993544514373768 15.279177336557273 0.03694821801924539 0.9990962709706155 -0.021011199818476937 -1.7603173459070875 -0.9988696542253084 0.037552682904456236 0.029141205783050943 117.38260297747897
0.029301575519065842 0.019477913893473538 0.9993808225808924 16.15456878609123 0.04161487262000853 0.9989194988552097 -0.020689059516480323 -1.7827936890386265 -0.9987039701778104 0.04219532767042396 0.028459344227592834 117.39866633209193
0.03049927268140399 0.01913093333135977 0.9993516907254316 17.12684824609127 0.045181301015321425 0.9987684691688877 -0.02049865928783381 -1.810249294961343 -0.9985131167913961 0.04577720375805913 0.029597351429222027 117.41849091824443
0.032958682730022025 0.019015006985210203 0.9992758151491792 18.07780898163072 0.046958000794008525 0.9986854049819803 -0.020552567659710443 -1.8342027842802144 -0.9983529793585691 0.047601380077992556 0.032022448696794964 117.44954665913528
0.03653447711182019 0.01917945641594371 0.9991483275438924 19.02042308079017 0.048933737526783525 0.9985821231098608 -0.020957880070789033 -1.8549452009827974 -0.9981336189678344 0.049657747200116245 0.03554415323486573 117.48914181811486
0.04098075634705818 0.018729829336046812 0.9989843697987812 19.97602685087548 0.04962950449657361 0.998551967837162 -0.020757644662989107 -1.876125063022229 -0.9979265954430956 0.0504297632512083 0.03999186274455671 117.52765116296621
0.04485945955555171 0.017383139050804887 0.9988420572668767 20.99981898870974 0.05082899655039794 0.9985138398644045 -0.019660231659900197 -1.8976518954020043 -0.9976993745603249 0.05165208685021065 0.04390922370020734 117.57859848200617
0.04878857489872896 0.01581661062162509 0.998683888819579 22.025122606625562 0.05061946209057739 0.9985505700101979 -0.018287405227874056 -1.921293793054543 -0.9975256112085602 0.05144505769023673 0.047917230953348156 117.63387774113829
0.05275627296766444 0.013723166722089817 0.9985131197724351 23.054417224889917 0.04766533438496657 0.9987312603201767 -0.01624455469502677 -1.947259454508876 -0.997469193288961 0.048451463903458385 0.05203521966016161 117.70265777502819
0.05697008016113833 0.01267370625538872 0.9982954408070729 24.05026188893539 0.04734240383853199 0.9987602875548912 -0.015381313404884175 -1.9649861596333786 -0.9972527797731241 0.048137980566513715 0.05629944992409006 117.76271618028157
0.06105596047033788 0.013724493240257022 0.9980399831551565 25.0508367155602 0.044507961281138333 0.9988734406083083 -0.01645876756977984 -1.9880724846050315 -0.9971415200831031 0.045425630789428725 0.06037632809091053 117.83111841783939
0.06412108356694247 0.017740832279833668 0.9977844203595396 27.33166144661865 0.04174068217683992 0.9989193072369791 -0.020443411667453386 -2.0825234217551585 -0.9970688050950213 0.042959056079152264 0.06331127393422932 117.98362051398061
0.06516730414542095 0.02292641582349069 0.9976109471772596 31.019542772547886 0.03514607797482372 0.9990630137945462 -0.02525564631414475 -2.2367780308249756 -0.9972552209306332 0.036707954522772854 0.06430046968217426 118.29593333873653
0.06545664385179986 0.02597840297414358 0.9975171930120174 32.04763762038709 0.0330629421963218 0.9990556920972545 -0.02818804607271881 -2.265227915017952 -0.9973075100634616 0.03482594818505367 0.06453591018983634 118.36051916531403
0.06580930888247756 0.0254849230277906 0.9975067185551589 33.01695506868524 0.03065998939272648 0.9991501293389264 -0.027549665922545468 -2.2996377184937726 -0.9973610679763117 0.03239656988438052 0.06497201201192611 118.42175629357206
0.06570175616856538 0.023748118956380914 0.9975566681058288 34.01505305649421 0.027715253401953813 0.9992876214927591 -0.025614727408451957 -2.3394588877181706 -0.9974543317692458 0.029330468413876255 0.06499676651488687 118.49617216729895
0.06558609280564531 0.02276632338237573 0.9975871685973817 34.99853171224512 0.028859247456066033 0.9992782106392237 -0.024702258559497144 -2.374204121531683 -0.9974295003992812 0.030409739579940427 0.0648817345014863 118.5646437394334
0.06578419329854808 0.02214194525882516 0.9975881786449843 35.993642096143944 0.02651546849372958 0.9993619430102342 -0.023929830617183484 -2.41032585859678 -0.9974815135342701 0.028025722523500565 0.06515511518229736 118.64752390751775
0.06576450576770178 0.022592654737174703 0.9975793711445017 36.98849236372249 0.02518137825427711 0.9993876704821514 -0.02429366743563547 -2.4439865502613243 -0.9975173822898254 0.02671808451564316 0.0651553220348882 118.73122492673784
0.06574564506580313 0.02311575857429176 0.9975686301505371 38.00249939006833 0.02226283716631691 0.9994487969560737 -0.024626578007560653 -2.482214952436683 -0.9975880293168058 0.023827798232137716 0.06519478349700242 118.81366457094057
0.06429848767663701 0.024605312995670203 0.997627326738239 39.04284949099759 0.019759189925030077 0.9994686130711348 -0.02592423382027582 -2.519345663656579 -0.9977350745042516 0.021379196852240243 0.06377813924809342 118.89871429026748
0.0617224727742176 0.024306601718368306 0.9977973368713424 40.08771380777017 0.017321433706384066 0.9995267783783718 -0.025420213195568295 -2.5549973882001926 -0.9979430365952717 0.01885227883990188 0.06127223917526812 118.97092774986848
0.05767683807623389 0.023156147941445507 0.9980667187929094 41.14401789287838 0.01502282075944737 0.999597639156212 -0.024059814000866025 -2.5927171988340647 -0.9982222684382261 0.01638147141866797 0.05730576051499478 119.04738874866008
0.053011921377144756 0.02078042767411564 0.998377638981156 42.19940779225258 0.013727869698760803 0.9996738128467503 -0.021536329816699482 -2.6281135156091735 -0.9984995151653495 0.014847280361084927 0.05270935856602754 119.10728705631168
0.04664405716096295 0.018614619423718712 0.9987381177642507 43.25778560057096 0.011278539866371264 0.9997528086883268 -0.01916027291777352 -2.6699142632507558 -0.9988478995673206 0.012158020542464995 0.04642258142802373 119.16875615434218
0.03906800609068729 0.018918786608935426 0.9990574409979374 44.32343623934221 0.01124916093465563 0.9997490637641091 -0.019371780533874776 -2.700888566169083 -0.9991732318664092 0.011995374776635913 0.03884538203704271 119.22727169379151
