0.9990499837343453 -0.00034465499221268843 0.043577645798513975 0.07543468607634847 0.0004459692049737839 0.9999972204483422 -0.002315212097854555 -0.03044612344481781 -0.0435767267227888 0.002332446896754546 0.9990473605288196 0.9990387385620413
0.9960392509824519 -0.00474725314273014 0.08878780372277992 0.14398171489613376 0.0054094251051485355 0.9999593128303726 -0.007218781326574376 -0.05097356066095822 -0.08874992181600973 0.007670480520016261 0.9960244048748225 1.8723502567712562
0.9910178847875469 -0.004527766440185441 0.1336527267296832 0.26224184484877583 0.006064851139359613 0.9999200482360376 -0.011095707111214503 -0.07540252925833987 -0.13359180218813446 0.011806628083562979 0.9909661113889934 2.67861671403199
0.98375138872861 -0.002340440828373248 0.17952082751385753 0.40306186412687284 0.004821956795865831 0.9998987516099 -0.01338787741288449 -0.09745784240942036 -0.1794713177841799 0.014035984671283412 0.9836630709888001 3.48911824627074
0.9742620844650355 -0.005004716567053294 0.22536269342091111 0.69194190001696 0.008271411009556725 0.9998739362624043 -0.013553425509322137 -0.12424531754994528 -0.22526645230427692 0.015068656051858852 0.9741806614129823 4.731028235941407
0.962756353847572 -0.005894891267253468 0.2703062215027175 1.842870612136429 0.010258062273177222 0.9998388614352358 -0.014731711451525615 -0.2495351035069987 -0.2701758229089503 0.01695586685600743 0.9626616868322083 8.864706407190326
0.9492820105047671 -0.00820747926163399 0.3143187901099727 3.4352113035938876 0.014362130822147675 0.9997477053141217 -0.01727005840742054 -0.4053497650012256 -0.31409774550333003 0.020908443349949533 0.9491603885889924 13.725394473996477
0.9342640600187152 -0.009997308742417221 0.3564417483618538 4.981141084486226 0.018085212503145612 0.9996488954394307 -0.019365199080884084 -0.4697832578451721 -0.35612300016435655 0.02453853428049434 0.9341168390995328 17.563963954641
0.9170048845214468 -0.009819172649309352 0.3987550947791024 5.788797577604105 0.019485040573885618 0.9996061845976014 -0.0201942790923619 -0.5314352513311078 -0.3983997677680571 0.026288011767899612 0.916835080851321 19.431609808274455
0.897568643472207 -0.01028736934447258 0.44075469400499007 6.219412457611508 0.020634978053301008 0.9996123562205901 -0.018690504858349048 -0.5617895773992126 -0.44039156206290064 0.025870974529201427 0.8974329862116207 20.295473949185393
0.8758202558848099 -0.010130574758896449 0.48253108794866284 7.362149463438941 0.021300380901869326 0.9996168752757484 -0.01767474009382588 -0.6500628802465019 -0.48216716308278484 0.025757991361972023 0.8757004925918992 22.33594432408291
0.8519741767855774 -0.01053366891612191 0.5234778351656381 7.806770712785115 0.022488208172176633 0.9996111786243175 -0.016485510683865476 -0.6764237023734173 -0.5231006428821724 0.025817307924501365 0.851879794353516 23.064647343153517
0.8265194122141267 -0.01099892022038274 0.5628007506988594 8.53007865804169 0.024362553812320668 0.9995712135165807 -0.01624361661490723 -0.7218510227020826 -0.5623807671008634 0.02713692803130018 0.826432973647632 24.121388072916172
0.799311313693454 -0.012605694970141933 0.6007849201302943 9.086613731433761 0.027683427601028335 0.9994909158431242 -0.01585991750708868 -0.747129151357791 -0.6002791447634199 0.029308797337877463 0.7992533658113073 24.860486463474345
0.7706584645719564 -0.011658299808765402 0.6371417542660056 10.010576162469018 0.028532442145540564 0.9994612016957293 -0.016223626294404037 -0.7867515644551557 -0.6366093234699013 0.03068208517193767 0.7705758748628818 25.98435268972238
0.7403577075428155 -0.014648062390037006 0.6720534942622975 10.661222483588693 0.03338285149131406 0.9993301530966127 -0.01499434354047732 -0.8063857517434545 -0.6713836832305766 0.03353623980291419 0.7403507753164207 26.667595398232297
0.7086864114124356 -0.013811593288338555 0.7053884108561757 11.399518855641828 0.033722672759736894 0.9993287292374453 -0.014313359585110364 -0.8388092537843406 -0.7047172139385435 0.03393126598744131 0.7086764547853875 27.376950875565395
0.6746841514777402 -0.012469641662677113 0.7380012220732194 12.131088547900422 0.034815110991705006 0.9992820382761791 -0.014943762084575637 -0.873587668976427 -0.7372850220853506 0.03577591390041022 0.6746338860398232 28.038997340234754
0.6392202533945828 -0.013454404432435608 0.7689060063827913 12.88456224841937 0.03943359940477594 0.9991050475597477 -0.015300169234947932 -0.8918638559246076 -0.7680120174112826 0.040100909490968506 0.6391787372635669 28.664712995241416
0.6027331643119805 -0.011653798939452013 0.797857707620065 13.765659731276141 0.03947025443073783 0.9991047621755247 -0.015224099755365327 -0.9339244566878638 -0.796966016624071 0.04066771653864179 0.6026535531944474 29.33599264445353
0.5652720193339986 -0.01037440102289376 0.8248393273610801 14.402326105245363 0.04259919514662358 0.9989538385424399 -0.016629402700790573 -0.9535330453659416 -0.8238038921557257 0.04453762751585851 0.5651225946680376 29.766954624570296
0.5268922069776663 -0.008869879223909248 0.8498858320202525 14.988384022687486 0.047175005715205116 0.998709266863118 -0.018823366263872952 -0.9831799237281452 -0.8486218952289492 0.050011253976348216 0.5266305663496362 30.11392888590052
0.48801132155295845 -0.007934902639498118 0.8728012301527972 15.539758508915906 0.04886974526662114 0.9986384939398583 -0.018245723310065104 -1.0066819223336088 -0.871468127950592 0.05155769333119524 0.48773466785195385 30.437076081752572
0.4497775666343803 -0.009607554801989238 0.8930889291908068 16.17256937715729 0.05382671584784897 0.9984161390568264 -0.016367587845962102 -1.0266249052792946 -0.8915171480198737 0.05543381785144452 0.4495823246357915 30.750855247312916
0.41280326938526496 -0.010120902560231147 0.9107639804670594 17.01062091644916 0.05768143194294721 0.9982215740138639 -0.01505129835912868 -1.0513734678218452 -0.9089919214128618 0.05874739572653975 0.4126529174760572 31.12486712167056
0.3776639636968214 -0.007546957090333345 0.9259119687980505 17.862510883226317 0.05907567240008867 0.998125908934545 -0.015960414908964837 -1.0760410933985707 -0.9240562728834658 0.06072654569680023 0.3774020286013987 31.468547547549807
0.3444713297766562 -0.008244129891210317 0.938760638972597 18.7400141284053 0.05969349109679317 0.9981302845171108 -0.013138578708106191 -1.092040037660038 -0.9368971075217267 0.06056376352348716 0.34431938729222283 31.77425470621191
0.3111526992197422 -0.009629422148950339 0.9503111448348616 19.623879834609312 0.06209041568296049 0.9980182336214627 -0.010216929059824227 -1.1063597873971553 -0.9483294670358949 0.06218423906564755 0.31113396208585214 32.062169407408454
0.2784040433866675 -0.009364581330216767 0.9604183948896771 20.531141108672458 0.06273801723527743 0.9979942121271407 -0.008455397927635742 -1.116931086128517 -0.9584128180587628 0.06260876278316307 0.27843313919758356 32.328557649229424
0.24604887729109917 -0.006227208193544546 0.9692374176959447 21.44616534476034 0.06010039854186694 0.9981531575358804 -0.008843992099821302 -1.1321938372643632 -0.9673923154950618 0.060427609412148614 0.24596872147050394 32.56765084807556
0.21532403817846485 -0.004402430002587738 0.9765327322689141 22.37068598470469 0.05995484517130352 0.9981630016888419 -0.008720011468286076 -1.1412403983642037 -0.9747004540488339 0.060425496850206616 0.21519243529316165 32.75818896398398
0.18487298072513725 -0.004260782247073092 0.9827531870884192 23.325912272264926 0.061988115193083414 0.9980499420772274 -0.007333941263255357 -1.1624583393866734 -0.9808055131230711 0.062274865349407876 0.18477658556511162 32.93800654867472
0.154194624941158 -0.004483799363471461 0.9880303199712664 24.300425456293265 0.06373524430683357 0.9979521358118515 -0.005417865051198767 -1.1804745736833875 -0.9859826754423235 0.063807759495479 0.1541646313385895 33.09862081146116
0.12385624202326279 -0.004996418407389652 0.9922875929462047 25.267042622447708 0.06231383969611871 0.9980528087946045 -0.0027524969623811393 -1.1889043680560272 -0.9903416666455067 0.06217416392923824 0.1239264162537544 33.21952851623646
0.0944504542102464 -0.0053106352533261675 0.9955153986014902 26.320365398805603 0.06282950827538525 0.9980240714196588 -0.0006369904252189419 -1.2017792256662696 -0.9935449484494147 0.06260790700969524 0.09459749145994246 33.32695344095222
0.06744489115285987 -0.005042112172762616 0.9977102604274529 27.355252434348788 0.0657133790539321 0.9978383592272729 0.0006005563575877937 -1.2110215919238314 -0.995556597321665 0.06552240807129779 0.06763043375467281 33.39682478729977
0.042113134279708156 -0.004559892727487227 0.9991024428453035 28.388468975959004 0.06960111616094568 0.9975735877356735 0.0016191606862043157 -1.215155139095586 -0.9966855916237018 0.06947045724976195 0.042328324077609863 33.432475799091414
0.01946352390278441 -0.004176980003422221 0.999801842404452 29.45701827172423 0.073767365814542 0.9972717387539387 0.0027303522630160062 -1.219757216459867 -0.9970855264108832 0.07369960597416797 0.01971854713672108 33.43050687857976
-0.0006292338002565056 -0.004295850762815935 0.9999905748211072 30.477253850199794 0.07919037340611136 0.996850097504784 0.004332189343040718 -1.2175462861739088 -0.9968593124531787 0.07919235298263907 -0.00028706174913471137 33.41262763647229
-0.018533849791648915 -0.005017485240147823 0.9998156436332479 31.56390401042803 0.08374572768786842 0.9964656090910462 0.006553090327512352 -1.226406540904472 -0.9963147843457553 0.083851742621582 -0.01804815096883809 33.4022299612134
-0.03390793700192964 -0.004887178105784119 0.9994130113713928 32.67331614436441 0.08699338894679778 0.9961781734034271 0.007822858439456846 -1.2260635881204995 -0.9956316598460613 0.08720758180786203 -0.03335319456065199 33.364815714609094
-0.04813424061023307 -0.005654201090307341 0.9988248719825247 33.50297197643802 0.08934295072461591 0.9959512864505661 0.009943448761979244 -1.2275628629472295 -0.9948371384486476 0.08971658167526003 -0.047434195848684295 33.32193963909059
-0.06139116055678189 -0.006659181523374958 0.9980915692995961 34.65363529540624 0.08947580985656767 0.9959149065202628 0.012148185924178045 -1.227017866454603 -0.9940951689129173 0.09005084270663864 -0.06054453626729198 33.2484979488164
-0.07346372197325785 -0.006486609287761987 0.9972767948036212 35.83048017504467 0.08911564423347104 0.9959358886634706 0.013042531386100056 -1.2204685609203019 -0.9933083526814259 0.08983111694759165 -0.0725870988623929 33.162698042434485
-0.084538002743355 -0.0035072702230295877 0.9964140831741327 36.98293658038785 0.08932422418094917 0.9959409251165116 0.0110840720197697 -1.212668128156574 -0.99240843863131 0.0899409402533159 -0.08388157246805404 33.064327866491745
-0.09462184458127544 -0.00014864018520637087 0.9955132768748655 38.08857782180352 0.09015283938242344 0.9958897878357024 0.008717570524380186 -1.2159061990036821 -0.9914228018758305 0.09057322115645387 -0.09421952838992642 32.96924961276865
-0.1041209781126924 0.0024292892836867775 0.9945616725323938 38.679753806513155 0.09132646733662977 0.9957954900912891 0.007128693966048151 -1.2140501189503645 -0.9903627104655477 0.09157205068920439 -0.10390505883693066 32.910641017273534
-0.11160473224347957 0.003645331121133998 0.993745991338772 39.53790551204525 0.09095873260336358 0.9958330406540407 0.006562324658104632 -1.2089673024041203 -0.9895811703463488 0.09112226238821025 -0.11147125456010214 32.82040512153259
-0.1172929388024814 0.004341210661539672 0.9930878714379053 40.560845345419395 0.09056740951960716 0.9958701243443155 0.006343482588150956 -1.2013184997587145 -0.9889590036194541 0.09068544165647824 -0.11720170575373176 32.69744013937074
-0.12240713957327647 0.006136351377901835 0.9924610004293647 41.74155981400805 0.09139315405747389 0.9958017506763654 0.005115148220110408 -1.1920482301815019 -0.9882630133587484 0.09133027177039253 -0.12245406438918613 32.55284538255084
-0.1272467632990269 0.00771752043710913 0.991841066455823 42.47663891329756 0.09032832978588805 0.9959046399412932 0.003839398585208982 -1.191066893405223 -0.9877494895306258 0.09007989798899108 -0.1274227527181847 32.466102418494735
-0.13153290771490336 0.00857431798901162 0.9912747223949 43.52146030836361 0.09056525298174653 0.9958847095635365 0.003402970746881334 -1.1894012107444076 -0.9871661608566278 0.09022264864531061 -0.13176814687552457 32.33030452014166
-0.13475666144905848 0.007566025885977108 0.9908498359728364 44.38103980582202 0.09002972911147955 0.9959282727311427 0.00463933733172852 -1.1849151776586422 -0.986780264330016 0.08983112393294797 -0.13488913633694094 32.22203720815105
-0.13719780009806182 0.005481834263857099 0.9905285019328601 44.80560562619912 0.09092840784603778 0.9958322407906965 0.007083279492296058 -1.1862499662851111 -0.9863613882826292 0.09103898997069854 -0.13712444716489514 32.166387517116355
-0.1394386015332467 0.004155686019336493 0.990221998683205 46.11194214603176 0.09076243863565221 0.9958354250043987 0.008601513774868836 -1.1826041433500156 -0.9860623997168539 0.09107434644299381 -0.13923507921719858 31.982243531502924
-0.14146359353430538 0.00508194680483633 0.9899304144842879 46.41275782650919 0.09307311906318651 0.9956255980311276 0.008189203441759529 -1.1797074571742003 -0.9855584438338547 0.09329438547862032 -0.14131776755226427 31.937578442504027
-0.14248302270099442 0.004859264956168593 0.9897853180291544 47.05601488439559 0.09281692149251418 0.995647137650128 0.008473274087416357 -1.175243381823118 -0.9854357449000107 0.0930761238621041 -0.14231383572993114 31.846051957202555
-0.14305542195729024 0.0062603640875012 0.9896948792886191 47.492408147420996 0.0945524403614609 0.9954926009258857 0.007370042300343855 -1.1724909545163575 -0.9851877903579157 0.09463239056109898 -0.14300254678283716 31.782556735454936
-0.14299877687491702 0.006656245149062138 0.9897004820716185 48.813001402608684 0.09436085670669604 0.9955138798709939 0.006938566550798828 -1.1625944838487354 -0.9852143820173631 0.09438119190133723 -0.14298535617827032 31.586723908989892
-0.1426416047457873 0.00805029653735834 0.9897416659518827 49.378230974584426 0.09350165658188059 0.9956046017101808 0.005377478029466221 -1.158492846958608 -0.985348066833233 0.09330953745021937 -0.1427673541424488 31.506956867334427
-0.14148658641817727 0.007912967006545672 0.9899085466935246 50.19355684697126 0.09384248929420594 0.9955721143560278 0.0054545687030593554 -1.1572496652615927 -0.9854821830285908 0.0936672305015091 -0.14160267251495853 31.386365281041464
-0.14004570202024114 0.006853390180817072 0.9901213220553774 51.16958153140449 0.09314822688124336 0.9956324240815547 0.006283625256858092 -1.154566484798596 -0.9857538278771919 0.09310804025709947 -0.140072422928084 31.24745808105931
-0.1390320732673134 0.007606130515067248 0.9902586679153994 52.119973563163875 0.0940046503844267 0.9955562804629469 0.005551408549639144 -1.1537285917572848 -0.9858160113880745 0.09386074370774518 -0.13912926536690545 31.114557832315782
-0.13803318966309214 0.008366696450212088 0.9903922641771511 53.491889224671866 0.09394036399507039 0.9955668156241089 0.004682268739218362 -1.1487778524745467 -0.9859624975443563 0.0936841182836373 -0.1382072335932923 30.93756475738547
-0.13731259326266718 0.008975143023998511 0.9904871016521019 54.9062041811578 0.09507581152649827 0.9954613413779014 0.004160274592829015 -1.147908914713969 -0.9859542797686196 0.09474262308912863 -0.13754269728390572 30.75098890834173
-0.13642104553291182 0.008827730680606343 0.9906116138561767 56.418989771247425 0.0943351544455548 0.9955319717588755 0.004119689505218724 -1.1414699881491932 -0.98614916568004 0.09401151193825534 -0.13664427778594565 30.542117090086126
-0.1355460365574142 0.007174973881249875 0.9907450689876688 57.83662977185681 0.09622475619812035 0.9953418090712947 0.005956459459733883 -1.1419876502624333 -0.9860872518536009 0.09614157718950991 -0.1356050473519515 30.351714487418665
-0.13510722832967742 0.005295273327722684 0.9908168331904026 59.48084305346251 0.09789148878673938 0.9951646983431258 0.008029918726346206 -1.1365142691174404 -0.9859834143007612 0.09807743497879985 -0.1349723063142626 30.136618070759624
-0.13443869318466414 0.006420836746152938 0.9909011104193395 60.810370612206825 0.09924984484909893 0.9950377969640757 0.0070178992803760325 -1.1303420773597996 -0.9859389971353338 0.09929025867807435 -0.1344088481440544 29.9614309637006
-0.13399958116011812 0.008342960591940375 0.9909462686026298 62.49662886049718 0.10129650771886774 0.9948420449621116 0.005321945092364661 -1.1284033598557368 -0.9857906115260342 0.10109253475982319 -0.13415353011739792 29.750982186374838
-0.13348834149334118 0.007810496093175743 0.9910196056769698 63.864784881899716 0.10070095710472475 0.9949002778990783 0.005723135026372526 -1.1362192105853932 -0.9859209805676861 0.1005605946040304 -0.1335941124800576 29.573376918991098
-0.13340507208501584 0.0074776053686268305 0.9910333859966293 65.46048402790406 0.10055328737937302 0.9949134082356539 0.006028806690988024 -1.1316840971336213 -0.9859473226999458 0.10045593825586976 -0.13347839274556714 29.35111829556754
-0.13345634511839907 0.006489076415947955 0.9910334483935989 67.11419199225806 0.10005860645248216 0.9949572053913575 0.006959505342212124 -1.12296888211973 -0.9859907095010704 0.10009021594086472 -0.13343264012409015 29.141195992247106
-0.13353398850781384 0.006624009747249529 0.9910220968313797 68.62123675002411 0.10105773130800609 0.9948561666301247 0.006967256339002472 -1.1166247062644599 -0.9858782931255115 0.10108081030978543 -0.13351651931893382 28.946489459105152
-0.13392937405491692 0.006544822022490693 0.9909692669654055 70.03869957924697 0.10201187710951011 0.9947570010064255 0.007217054613743086 -1.1110474027817425 -0.985726381758067 0.10205721068791473 -0.1338948320613987 28.784037644018664
-0.1338933289262319 0.0074660794111081705 0.9909676251660696 71.73407422108956 0.10227860514530318 0.9947356855719256 0.0063247750381784 -1.1083854504808566 -0.9857036387264588 0.1022016316307102 -0.13395209253101473 28.56028638891575
-0.13440763558148294 0.008184280256132296 0.9908923276794938 74.77202157663427 0.10172365331369045 0.9947970367859273 0.0055815731165562875 -1.1067745036444343 -0.9856910701908126 0.10154739365748575 -0.13454085248525874 28.17100833209363
-0.1358484616242689 0.008824616070361583 0.9906903257958721 76.77727731323695 0.10066752382740914 0.9949078488535862 0.004941855520818577 -1.1062823337095509 -0.9856019709399813 0.10040168544771196 -0.13604505297320105 27.926368576410383
-0.13702320344541946 0.009613816532868373 0.9905211841496518 78.45725017506805 0.10055165222102624 0.9949227484349535 0.004253220222484009 -1.1126404842533468 -0.9854511692383217 0.10018133148601821 -0.1372941873078081 27.70961454650319
-0.13822641161245028 0.008604809113103825 0.990363274961705 80.15242268014208 0.09917847913282682 0.9950560896357906 0.005196898654953244 -1.1149033250335847 -0.9854222893813815 0.09894107205229496 -0.13839644450453775 27.48106377124513
-0.13931205374891312 0.008269920103369025 0.9902139971247351 81.88065758293133 0.0990050834397691 0.9950710661812919 0.005618425216405586 -1.1136242958600442 -0.9852868339389007 0.09881893376429352 -0.1394441579857105 27.239211690378166
-0.14017413704295456 0.007224862306128791 0.9901005063471696 83.68784949294252 0.09618884391727614 0.9953428162001553 0.006354883523932836 -1.1082570355508854 -0.9854435131503578 0.09612741338141945 -0.1402162714754488 27.01309714466078
-0.14209909014281977 0.008177696394846693 0.9898186570590886 85.45156657759121 0.09539662406117243 0.9954243065595669 0.00547119988098095 -1.0965463950057373 -0.985244808511221 0.09520281084127702 -0.1422290128968272 26.7600931927956
-0.14465163564653213 0.009098583813663939 0.9894408118110803 87.23592252583406 0.09457135959137257 0.9955071244372508 0.00467152434611637 -1.0975207599685735 -0.984952873111105 0.0942485064457933 -0.14486219928923824 26.507921355771078
-0.14883368062092353 0.009901319631226126 0.9888126715320705 89.19523527209293 0.09439097074199856 0.9955261804195067 0.004238955264228219 -1.0864917080461614 -0.9843469307897548 0.0939658872618633 -0.14910242075794286 26.219909990436793
-0.1534110091973853 0.009040675745144142 0.9881211102082132 90.78130106520082 0.09289984091792078 0.9956612807552232 0.0053135263521347535 -1.0924407999525163 -0.9837858922623677 0.09261144738605986 -0.15358527923793422 25.99145350213719
-0.15861376714018824 0.008220273528288987 0.9873064873567473 92.51440114791995 0.09121471547383704 0.9958109207928737 0.006362838256405745 -1.093420211748161 -0.9831182780086144 0.09106611407527111 -0.15869913141729713 25.737843748456683
-0.16337482205965262 0.009000990920350734 0.9865230102128533 94.18664407205185 0.09003160938826366 0.9959218849436331 0.005823092072182016 -1.0989145987352333 -0.9824474422725799 0.08976960093914704 -0.16351893443662804 25.473821208010122
-0.16786544105832718 0.010739601446325776 0.9857514162602397 96.67754605626924 0.0911420104160617 0.9958269489439555 0.004671369637728799 -1.1176307205461318 -0.9815876566234979 0.09062752737302188 -0.16814375886913055 25.071198920604985
-0.170197235017238 0.012355570868917318 0.9853325535376324 98.63725380633166 0.09097973187338619 0.9958475140054169 0.0032275745504531006 -1.1265813932203168 -0.9812010953829658 0.09019461579127154 -0.1706145999073087 24.671199175376653
-0.17534325555566876 0.012528052984693406 0.9844276462084723 100.5467461063841 0.08959550511634952 0.9959728229710177 0.003283499061824715 -1.1330352671241946 -0.9804220459547429 0.0887760316276611 -0.17575957445999582 24.3589565419648
-0.1803305458284431 0.01210594507945528 0.9835315655000352 103.10616269530132 0.08767726687656516 0.9961416298283564 0.0038144719113602193 -1.1405964447030699 -0.979690558857372 0.08692122535169503 -0.18069618000690665 23.893180480489562
-0.18652210259613222 0.01158941866767438 0.9823824054908884 105.01731411295978 0.08550079160880529 0.9963280311162962 0.004479848902996868 -1.1373173204529172 -0.9787232090215211 0.08483006416873293 -0.18682810370964803 23.57300115288825
-0.1919025926717166 0.010418228796388982 0.9813586782795678 108.01550089202765 0.08274576953857851 0.9965549478759838 0.005601204099566001 -1.1179250380943448 -0.9779194918546925 0.08227816461639498 -0.19210354259621465 22.985044195355055
-0.19738084337574757 0.010474602610587283 0.9802709244736527 110.98898179711816 0.0831246159926585 0.9965205567648068 0.006089183954658958 -1.1098146119500076 -0.9767963456546868 0.08268653243008106 -0.19756476525518762 22.425391721801848
-0.20291360634464226 0.012177128402213497 0.9791209250670155 112.91910238216865 0.0833401553288861 0.9965092186426056 0.00487808057148783 -1.1068155504361257 -0.9756436269816798 0.08258991890164775 -0.20322012308295273 22.039768142306777
-0.20841813098780101 0.013214035122660634 0.9779505467820596 114.83265468422915 0.08287662892445324 0.9965509765854962 0.00419707572165855 -1.1139948448709593 -0.9745221121419814 0.08192399124964497 -0.20879442665947218 21.598713382048803
-0.21432180701252485 0.013113077227906746 0.9766750791560628 116.69266050139446 0.08287448524617691 0.9965484038147162 0.004806095038976577 -1.11640961959657 -0.9732409684831734 0.0819714954112549 -0.2146687942062732 21.204365989365673
-0.2201230389668367 0.013024973051637896 0.9753851535639698 118.39891163452438 0.08189608390598921 0.9966274460341293 0.005173514506873524 -1.1232124242732886 -0.9720282296090302 0.0810190341123228 -0.22044735642469954 20.846205154304712
-0.22581293160046353 0.013758683484972816 0.9740735180420239 120.29957176525427 0.08154977710541818 0.9966575788667422 0.004827457047045233 -1.1391160322596472 -0.9707513346764243 0.08052558050858592 -0.22618018725718256 20.47512217943718
-0.23102893579331227 0.014629358646123377 0.9728368890476005 125.58242209072216 0.08126560251887979 0.9966831579734954 0.004310969638599836 -1.1546162734122243 -0.969547076048116 0.08005413466888861 -0.23145151295457614 19.250578102312833
-0.23386129654702112 0.013092005066313073 0.9721818211531681 129.22439914148543 0.08238946236680261 0.9965796686754411 0.006398474322684413 -1.1845829569195294 -0.9687728683588602 0.08159389306861414 -0.23414005668755616 18.27092356814407
-0.23787401858975563 0.012828693185429875 0.9712112931340509 131.25497110818907 0.0842677990013424 0.9964150852982607 0.007477689585036074 -1.1902001201470842 -0.9676336545053754 0.08362058610901311 -0.23810230626215087 17.761237117941857
-0.241456033555276 0.013675412508499185 0.9703153956072615 132.97636110411693 0.08545279592092309 0.9963160421261815 0.007222456044797664 -1.1885148186385892 -0.9666420244997881 0.08466006906886102 -0.24173512193350202 17.365332825337862
-0.24493639053183347 0.014084212710691041 0.9694368465998998 134.43338687852776 0.08566435239132511 0.9962982580645061 0.007169358897883259 -1.1885891231691663 -0.9657472667953094 0.08480221653914338 -0.24523621418427602 17.018191296862412
-0.24822562684623373 0.013882496966557214 0.9686027640135911 136.3389436923851 0.08443219080739049 0.9964020697765081 0.007356663683773837 -1.1844752740010063 -0.9650156699931132 0.08360736584216281 -0.2485046579939216 16.521682623031523
-0.25268488118558385 0.014381020580603506 0.9674417486687704 137.65192753302185 0.082859105938422 0.9965378780915639 0.006828330092326815 -1.1841815600071657 -0.9639941490399779 0.08188677412027319 -0.2530016538302913 16.194338636582305
-0.25731942859098567 0.014743022102902657 0.9662139281592264 139.55637026277344 0.08198721257025775 0.9966113433507957 0.00662776579874236 -1.197327317900833 -0.9628420476093504 0.08092263962450127 -0.2576562006853998 15.731326295226921
-0.2611986108312475 0.014358557834743232 0.9651782827626892 141.56753270522123 0.08128523067518544 0.9966650859948131 0.007170608972385945 -1.200245262349107 -0.9618565365863596 0.08032769245944557 -0.26149467461161086 15.166588720844574
-0.26526246488820926 0.015082578568085044 0.9640582661567557 146.62658953810774 0.0819999448869296 0.9966079567265141 0.0069706260797781925 -1.1804573876089426 -0.9606830037842714 0.08090177014837861 -0.2655994537398125 13.73426548100649
-0.26919151014077053 0.015540686738374042 0.9629612754019925 151.15954524672736 0.08106115088233141 0.996687441052254 0.006575307319243761 -1.1674240137143173 -0.959669224621568 0.07982876614610981 -0.2695595433477106 12.426374613033019
-0.27299791880570096 0.015663098951843164 0.9618871054645558 152.7018867359053 0.08136081849323942 0.9966610904734828 0.006862066038671939 -1.1825277091362671 -0.9585679702253066 0.08013325194595361 -0.2733607660047435 11.988704045193257
-0.2769157098492842 0.015100807438582118 0.960775548842377 154.68957102167104 0.08109481691796079 0.9966765849579555 0.007708155784006343 -1.179914243879295 -0.9574660935551231 0.08004842666318254 -0.2772200012283375 11.389412238356643
-0.28140994929931434 0.015047724172999967 0.9594696485207708 156.42232520658672 0.08142697409302144 0.9966451523402253 0.00825155783984053 -1.1809955547192885 -0.956126606849433 0.08044878068649076 -0.2816911524358636 10.91751770015296
-0.2854706531688425 0.015682090840021992 0.9582591393804916 157.94180792060038 0.08265355571737894 0.9965436577260098 0.008314323384394001 -1.1911961356557004 -0.9548166818330245 0.08157702049567268 -0.2857801494513218 10.486701729673776
-0.2892421272438418 0.016727890050391443 0.9571098001388973 159.72380442376814 0.08282595207300349 0.9965349458577694 0.007613366368052097 -1.1953977702192797 -0.9536660073058367 0.08147563671868809 -0.28962539103232365 9.96504956438985
-0.296243344915736 0.018713494115931702 0.9549291522050786 162.53819818040836 0.0823284120112333 0.9965871292944206 0.0060105158194098856 -1.1760261926872142 -0.9515576247231923 0.08039837599528808 -0.2967729569358959 9.27984808347611
-0.3002370393208226 0.019800238429098522 0.9536590956825288 164.4674605523472 0.08320467024436053 0.9965172745072862 0.005504948510049365 -1.1841935704155941 -0.9502287635455963 0.08100168002407039 -0.3008388684393753 8.708562647582632
-0.303625607409888 0.020425170587573913 0.9525724659738208 165.36301428548995 0.08263689255212442 0.9965673229479077 0.004971400383224782 -1.1852699985767112 -0.9492010506285293 0.08022707297982493 -0.304271231382108 8.423542250581352
-0.30707933761562095 0.02026528515011807 0.9514681280144579 166.93349527495778 0.0824583618013496 0.996579952603913 0.005386709294313228 -1.1872756473771842 -0.9481048987209104 0.08011065026429433 -0.3077001539415319 7.906219157450868
-0.3107332562940632 0.020492330921364026 0.9502762271078332 167.8642954857629 0.0821446818331987 0.9966059512197817 0.005369286715928925 -1.1867321387006267 -0.9469409140381511 0.07972855427464222 -0.31136194846812054 7.598752123244154
-0.3144826613648075 0.02121649789872492 0.9490260881123459 168.88007002443067 0.08436850586827334 0.996418423857364 0.0056815328180611245 -1.1921997858006235 -0.9455065366873259 0.08185465664530604 -0.3151463219950628 7.267597886339593
-0.31745127332952183 0.021552713508081116 0.9480296248545741 169.8770999754866 0.08662656380520148 0.9962205591217608 0.006358932805960978 -1.1950693423168048 -0.9443095506796312 0.08414320010295491 -0.3181185225221335 6.937872823915894
-0.32012913782198105 0.021269857449782964 0.9471351161695051 171.83292969092355 0.08734127210618062 0.9961527859765055 0.007150466986264924 -1.1875950718456225 -0.9433391952549345 0.08501305873401697 -0.32075526892080364 6.291592260195255
-0.3222214772372904 0.02048140849404194 0.9464427248984059 173.560049292234 0.08676322972468188 0.9961969922199099 0.007980893417913198 -1.1872506705662205 -0.9426799359139658 0.08468804282840735 -0.3227730996026978 5.695448857265622
-0.32543440555024106 0.02089818415988249 0.9453336519890646 175.76027751974118 0.08586079520103837 0.9962786611635823 0.007533469157454247 -1.1964566714354374 -0.9416583093307278 0.08361874914706965 -0.32601768856838503 4.967877159816139
-0.32818683962773243 0.022828883860773946 0.9443369315857733 177.88680619414117 0.08545111418373404 0.9963265634282344 0.005611246924149013 -1.2107297978971008 -0.9407398712608698 0.08253618036325995 -0.32893201965014524 4.2380655256801525
-0.3315420521392413 0.02437259826806209 0.9431255717649507 179.92123620826237 0.08411276050300853 0.9964489280842073 0.0038180152433868126 -1.2022902628294136 -0.9396834100822801 0.08059472795101934 -0.3324147689899422 3.5313941870550636
-0.3349069785114336 0.025542971060653355 0.9419049168433816 181.9701731729258 0.08371048726920499 0.9964863470341436 0.0027412580508370684 -1.2192108870228644 -0.9385253699636962 0.07976538600134514 -0.3358684461668907 2.8237364557953897
-0.3379957033161859 0.026210533617667377 0.9407826063800685 183.969026298978 0.08189619637204522 0.9966394885174542 0.001656184609113505 -1.231643837740573 -0.937577686146373 0.07760630035728505 -0.3390064078823086 2.09924885287601
-0.34254832003653013 0.02650136243944998 0.9391263632914395 188.21236858266514 0.0826390815393792 0.9965774937352461 0.002020193729361813 -1.2570749960603076 -0.9358586595434576 0.07830055407996282 -0.34356599451676195 0.6646168663026983
-0.34580058264760244 0.025652001887393708 0.9379573187729539 189.989346875899 0.08226231078676521 0.9966059777883258 0.003072012467003387 -1.2699906174965172 -0.9346950675298329 0.07822084016261192 -0.34673712074084956 0.0023784921256163605
-0.3496205812348758 0.024890852490456555 0.9365606732290688 191.45404110274066 0.08209838267559172 0.9966155451312444 0.004160620723578926 -1.279154303672496 -0.9332873645019727 0.07834475518534514 -0.350480804889381 -0.5310091116753716
-0.35340574672105 0.02473149501792949 0.9351431608789725 192.00023116524937 0.08206867403101986 0.9966157922269091 0.004657834982180976 -1.2811302879129198 -0.9318632469023154 0.07839206489249476 -0.35423942924886737 -0.7360104828065291
-0.35733785154621656 0.024633631993487115 0.9336502792947391 193.5291266302457 0.08084212814363118 0.996716103069746 0.004643296099628592 -1.2904819758892612 -0.9304698867612757 0.07713750097241624 -0.3581558261067204 -1.3023948976426065
-0.3609690265945691 0.02526880958373568 0.9322354043381913 195.18286381735032 0.08007298477472476 0.99678103140942 0.003986543821437668 -1.298465639145635 -0.9291338326358772 0.07608589018073202 -0.3618304276408624 -1.9318697348238731
-0.3642992337704856 0.025894354381368338 0.9309218821605871 197.46395942401946 0.08001922036773057 0.9967868645792427 0.0035876139735985407 -1.3100180005496251 -0.9278378051394414 0.0757986082553965 -0.3652007370482253 -2.7956117677612737
-0.36682307360898814 0.02662771930177975 0.9299095640076197 199.64681056520539 0.08066529048330127 0.9967358525095481 0.0032789073346675265 -1.3149461660022714 -0.9267868922137914 0.0762142039704562 -0.36777364170621296 -3.667224327384357
-0.3693482296042281 0.026210994742448947 0.9289213470702643 200.99728921702038 0.0814004438007733 0.9966724464077014 0.004242914178373348 -1.3225582653485408 -0.9257191005036344 0.07718172274767625 -0.3702527901804941 -4.21266375580627
-0.3722615124162792 0.025627737833336762 0.9277739947999679 202.6924301490589 0.08242165631339739 0.9965821342666633 0.00554258342821465 -1.330729874154686 -0.9244609439798412 0.07853195982559097 -0.37310145314894033 -4.89174082010553
-0.3748341907647647 0.026344769939931123 0.9267174771906144 205.0565048520648 0.08355896874528061 0.996487824944806 0.005469321621113339 -1.3383969589376856 -0.923318595164176 0.07948564545615779 -0.37571904927813893 -5.845724515963906
-0.37761924961727794 0.027038244344704525 0.9255661163100346 206.61858621535418 0.08323685278118874 0.9965179963192906 0.0048486442300321895 -1.3486065334062651 -0.9222121928588697 0.07887215195836056 -0.37855495636418557 -6.474923633884617
-0.3800124131783072 0.027271530479002142 0.9245792715909938 208.71328542774853 0.08285048414125562 0.9965511024658421 0.004658052347764889 -1.3597561669897216 -0.9212634602044942 0.07837195799166803 -0.3809612488070052 -7.331074458074934
-0.38243560166721413 0.02839999187386019 0.9235455868764686 210.06830305779343 0.08264394170166463 0.9965727196119589 0.0035767897947604843 -1.3722860272800466 -0.9202787563979983 0.07769333939784458 -0.3834719749026822 -7.917151329383905
-0.3850336043689763 0.029578695074401192 0.9224284385817311 211.32116151466673 0.0825531001632789 0.996583526240129 0.0025021750981797774 -1.3816528884658337 -0.9192029749517049 0.07711274878050874 -0.386159960140157 -8.443809784961614
-0.3882282024230327 0.029558978189298365 0.9210890997356258 212.37273584409905 0.08017839131007277 0.9967788936922449 0.0018062825341821453 -1.3885583978259985 -0.9180687819604303 0.07455269209135898 -0.38934766943134663 -8.853747276292632
-0.39133707517904065 0.030300717298144857 0.9197484221902922 213.59681554755403 0.08085936219940666 0.9967242879293858 0.0015676084855703184 -1.4052359192118944 -0.9166880915202388 0.07498373412198624 -0.39250526427311005 -9.37028962955961
-0.39371711787536984 0.02958821767533454 0.9187553365650233 214.37423648867312 0.08208873874535616 0.9966202590658334 0.003081913488028228 -1.415548148301718 -0.9155589932184094 0.07663286889023535 -0.39481531548629534 -9.712103323639557
-0.39587152319962854 0.02875995624694271 0.9178554363494722 215.8344770728872 0.08260152621433255 0.9965729433300624 0.004399601063630692 -1.4232768185267728 -0.9145833614201974 0.07755793666111843 -0.39689046533546346 -10.355342283202678
-0.39927550765032116 0.02830649750754755 0.916393917040829 216.82383601526095 0.08160211115925986 0.9966535784969159 0.004768639600916738 -1.4278459582125396 -0.9131922932465696 0.07668367928149242 -0.4002492334620052 -10.769574793438252
-0.4014465883670373 0.028434379045017673 0.9154409444507008 218.73968776361446 0.08021467404826567 0.9967686954588312 0.004215900927483418 -1.4404505931617442 -0.9123629994447363 0.07512425601378077 -0.4024302466298707 -11.662600606650786
-0.40513753479631476 0.02785570173543106 0.9138312961263648 220.3385215547589 0.07847757802647812 0.9969061504499509 0.004404195971775631 -1.4378251829993745 -0.9108813576126487 0.07349957194355912 -0.4060701482230014 -12.367570366071778
-0.4086290817692284 0.02696858787257585 0.9123020162208328 221.1238298051222 0.0774433604178147 0.9969831098783861 0.0052157975821836575 -1.444548403034512 -0.9094090385847463 0.07278306042879049 -0.40948483079960973 -12.717798520218546
-0.4121325757927059 0.02713570423157896 0.9107197118358239 222.7202293781929 0.07685972547279492 0.99702900336497 0.005074352106522295 -1.4579046338744688 -0.907876270518574 0.07208897283850411 -0.41299377407458926 -13.431176493071298
-0.4159053001508667 0.02684205031350687 0.9090117081981864 224.35191087673775 0.07626981095056795 0.9970723003747571 0.005453784278322762 -1.4673294168247282 -0.9062040042087548 0.07159840892336206 -0.41673489246241485 -14.157718896355306
-0.4198292331505895 0.02619322306935072 0.9072250713342457 226.08666298846867 0.07525609064313882 0.997145969490644 0.0060362529498815265 -1.4803131227743196 -0.9044777143817853 0.07080840764910948 -0.4206022272800008 -14.964619023796622
-0.42420566913715674 0.026019682025572727 0.9051919831832279 227.3853082758014 0.07464139450910316 0.9971904416416424 0.006315482901765245 -1.500754283569842 -0.9024844666240147 0.07024385557352406 -0.4249559839048415 -15.51817853785058
-0.42829678924840414 0.027033568938977057 0.9032336610589363 228.07906367829173 0.07506751044654002 0.9971618710141014 0.005750814813140762 -1.5050687426947618 -0.9005147023757387 0.0702665578072383 -0.42911057043500445 -15.826686375747174
-0.4319614283123562 0.027424942976024574 0.901475011829563 229.449774992391 0.07564978332473604 0.9971169074553585 0.005914655491402764 -1.5177801100351394 -0.8987137668542016 0.07075129235161182 -0.4327907345326453 -16.44433460802458
-0.4356436949751243 0.027454672153918933 0.8997004012477384 231.25808937174443 0.07552670462299539 0.9971248560575333 0.0061431523693979825 -1.5220474090575427 -0.8969449748547622 0.07062763205122775 -0.4364647175587327 -17.307367044819102
-0.43951091352807525 0.027597020091431033 0.8978132107358355 232.8004977835014 0.07441211117144722 0.9972108537736837 0.005775017486410789 -1.5413680804872796 -0.8951497051335734 0.06934635965956162 -0.44033860584922757 -18.02650672840104
-0.4434620919208542 0.028172098933354924 0.8958502697833322 233.597296305503 0.07509567605251893 0.9971593738493087 0.005815718585781067 -1.5417201599926493 -0.8931416530805142 0.06985353238128392 -0.44431798472092204 -18.407346666144957
-0.4467974588990193 0.028697365842340096 0.8941747546845022 234.3395932445747 0.07567830264110621 0.9971153381959393 0.005813505290085985 -1.545399877719863 -0.8914285306353722 0.07026708708995676 -0.4476803672724009 -18.77155497508942
-0.45025155079920226 0.029991642461556202 0.8923979170669166 235.3440794969421 0.07704263821492989 0.9970133716714702 0.005363637307788315 -1.5473012763948726 -0.8895717918750545 0.0711676758840993 -0.4512174520222579 -19.274576680555068
-0.4533120125665937 0.0322472523933357 0.8907683952498003 235.99985114000933 0.07902588542082381 0.9968640165608244 0.0041281860029039295 -1.5436417356936079 -0.8878418376581934 0.0722651174447271 -0.45443880127517744 -19.616159620036587
-0.4561036400346264 0.033032483036899964 0.8893134006701915 237.25680062732422 0.08050776227744726 0.9967448473688783 0.004267253996281097 -1.552797687644903 -0.8862775918188616 0.07354294193195976 -0.45727832436247184 -20.24509754266094
-0.45893145732846163 0.034948519526397784 0.8877840494496887 238.2888255122086 0.08197834228637954 0.9966291501252171 0.003144601193118708 -1.5572388268673276 -0.8846815635415662 0.07422222109044917 -0.4602494899791291 -20.784167182085447
-0.46130681408882857 0.037700166523259984 0.886439349712846 239.49735077353037 0.08393325686238053 0.9964705313443013 0.0012994440651305692 -1.560113629861197 -0.8832617005552134 0.07500118403414158 -0.462842943908393 -21.417705911433494
