0.9990499837387424 -0.00034465489018185034 0.04357764569850982 0.07543468592689632 0.0004459691070692384 0.9999972204481492 -0.002315212200024997 -0.030446123599638667 -0.04357672662297751 0.002332446994527039 0.9990473605329449 0.9990387385686077
0.996039251000238 -0.004747253147894891 0.08878780352297345 0.1538469189345988 0.005409425109196348 0.9999593128303177 -0.0072187813311442115 -0.05392784439324043 -0.08874992161614753 0.007670480523974935 0.9960244048926005 1.998036180981353
0.9910178848004917 -0.004527766556467345 0.13365272662975836 0.29924539002387585 0.006064851242216776 0.9999200482365057 -0.011095707012790241 -0.08396277390967646 -0.13359180208743557 0.01180662799930747 0.9909661114035724 2.9893247096437867
0.9837513887641005 -0.002340441059409328 0.17952082731636088 0.47076499454179055 0.004821956990465118 0.9998987516117034 -0.013387877208088912 -0.11082627367072659 -0.17947131758441323 0.014035984504272826 0.9836630710276312 3.9765203017583866
0.9742620844860135 -0.00500471691640765 0.22536269332246237 0.6978071437360126 0.008271411293310304 0.9998739362643491 -0.013553425192666836 -0.13187960056192638 -0.22526645220312871 0.01506865580677104 0.9741806614401627 4.9525860676573705
0.9627563538990296 -0.0058948917385463415 0.27030622130916065 0.9665463134003993 0.010258062638182502 0.9998388614378378 -0.014731711020746241 -0.16113447288066315 -0.2701758227117246 0.01695586653870753 0.9626616868931497 5.917790279509764
0.9492820105939777 -0.008207479858760582 0.3143187898249534 1.2784480102338358 0.01436213126303538 0.9997477053172555 -0.01727005785934087 -0.19165486130666243 -0.3140977452135539 0.020908442965693812 0.9491603886933504 6.869883550595448
0.9342640600841767 -0.009997309279785456 0.35644174817520186 1.6528561438316967 0.018085212818748617 0.9996488954466338 -0.019365198414303536 -0.2072599832087338 -0.3561229999765957 0.024538533768118122 0.9341168391845748 7.799545203623084
0.9170048845542 -0.009819173317282883 0.3987550946873318 2.0505263396882367 0.019485040958300413 0.9996061846059549 -0.020194278307942532 -0.23761590786225378 -0.398399767673867 0.026288011200743793 0.9168350809085124 8.71912809418257
0.8975686434659359 -0.010287369879695805 0.4407546940052686 2.497473169581427 0.02063497830529417 0.9996123562284985 -0.01869050415716414 -0.2691214831594029 -0.440391562063875 0.025870974010795685 0.8974329862260876 9.615756049032024
0.8758202559259052 -0.010130575428974088 0.48253108786000504 2.9868978729845326 0.021300381216365 0.999616875283411 -0.017674739281413658 -0.3069281999227083 -0.482167162994246 0.025757990801037127 0.8757004926571493 10.489672447385008
0.8519741768818896 -0.010533669722920731 0.5234778349926537 3.5087257636782283 0.022488208543735528 0.9996111786312368 -0.016485509757403496 -0.3378664688395527 -0.523100642709337 0.02581730732737998 0.8518797944777436 11.344911732880293
0.8265194122623616 -0.01099892099775666 0.5628007506128311 4.074524550173107 0.024362554039426464 0.9995712135279906 -0.016243615572110605 -0.3734014330174509 -0.5623807670201367 0.02713692729591127 0.826432973726714 12.171534233763065
0.799311313802383 -0.012605695887316658 0.6007849199661269 4.677238835204311 0.02768342787526607 0.9994909158538055 -0.015859916355223175 -0.40077704561755806 -0.6002791446057277 0.029308796579118158 0.7992533659575667 12.971960261512027
0.7706584646233238 -0.011658300866572439 0.6371417541845193 5.313554410683908 0.028532442465334183 0.9994612017071878 -0.016223625026031745 -0.4280642561532787 -0.6366093233933858 0.030682084396717043 0.7705758749569628 13.7459458272606
0.7403577075276809 -0.014648063437837007 0.6720534942561336 6.004643290957239 0.03338285165152656 0.9993301531120037 -0.014994342157963445 -0.44891885432021816 -0.6713836832393009 0.03353623888659716 0.7403507753500171 14.471657205662332
0.708686411328759 -0.01381159419477906 0.7053884109224967 6.727071100487569 0.033722672760010744 0.9993287292559054 -0.014313358295514689 -0.48064546103274 -0.7047172140226804 0.033931265074753074 0.7086764547454214 15.165766161005516
0.6746841513181672 -0.012469642571848053 0.7380012222037415 7.469808752872208 0.034815110830409175 0.9992820383025708 -0.014943760695446858 -0.5159547933671359 -0.7372850222389934 0.03577591284630892 0.6746338859278128 15.837919261291564
0.6392202533008011 -0.013454405481977166 0.7689060064423919 8.240793048403772 0.03943359927461837 0.9991050475875239 -0.01530016775650039 -0.5346557141242301 -0.7680120174960222 0.040100908446750044 0.6391787372272608 16.47817643700334
0.6027331641351157 -0.011653799972683036 0.7978577077385852 9.037530245256063 0.03947025433549996 0.9991047622002702 -0.015224098378196979 -0.5726892398612212 -0.7969660167625495 0.04066771563457479 0.6026535530723283 17.085184714966548
0.5652720190655743 -0.01037440219467527 0.8248393275302973 9.867319265730792 0.042599195087107494 0.9989538385695722 -0.016629401223254025 -0.5982457813796189 -0.8238038923429901 0.044537626634300866 0.5651225944645314 17.646872176219777
0.5268922067834475 -0.008869880255858057 0.8498858321298906 10.729018324226837 0.04717500548901659 0.9987092668995551 -0.018823364897401676 -0.6418365010683039 -0.8486218953621106 0.05001125306564617 0.526630566221543 18.15703915005084
0.4880113212649443 -0.007934903635635569 0.8728012303047799 11.593204785950848 0.048869745082886225 0.9986384939719068 -0.018245722047979397 -0.6786719166480081 -0.8714681281221809 0.05155769255709058 0.4877346676271954 18.663517847506018
