0.9990949336652589 -0.00249938868397076 0.04246253149093204 0.017809931735000124 0.002619861019115331 0.9999926991175875 -0.002781733229979071 -0.012649338859074839 -0.04245526884442585 0.0028904615079064326 0.9990941874416139 0.6059834067910053
0.9966816603170315 -0.008496419175438759 0.08095355982834021 0.05988167019917864 0.009117735748356063 0.9999317247679769 -0.0073083990970855064 -0.024250420714320424 -0.0808859374830296 0.008022260512746198 0.996691079750269 1.1040710384180081
0.9918197231012686 -0.010223062906386013 0.12723649575548296 -0.011792596785617795 0.011794071459492673 0.9998631619137291 -0.011599884753230788 -0.04087550400178804 -0.12710049860536085 0.013005630807151568 0.9918045759228865 1.5946054920398436
0.9846570623376524 -0.002249683682666247 0.17448612698983454 0.0026762771644153454 0.005001989040824117 0.9998698909754993 -0.015335619527058796 -0.04000748789648426 -0.17442892447704936 0.015973103767620636 0.9845402024609299 2.0103283303687616
0.9764228661967046 -0.001675399808870393 0.21586009219791602 0.19361454377265197 0.005262033023286856 0.9998574738962066 -0.01604191080758547 -0.044622352230089105 -0.2158024498857096 0.01679955146356966 0.9762925164590524 2.9362537851517825
0.9648391032371358 -0.004741679125099057 0.26279844243000017 0.26324322029433017 0.009353672356967668 0.9998233731767456 -0.01630126568437892 -0.05831119837886636 -0.2626747298047492 0.01818622909095809 0.9647130388843376 3.1845301074753976
0.9514900009877028 -0.00694793787833623 0.30760120965246596 0.4314326511527379 0.012972366782173754 0.9997619209700299 -0.017544773534716937 -0.07976603369286273 -0.3074060762582456 0.020683992302128938 0.9513536023697788 3.7060415018051094
0.9337108451914649 -0.004620500055702121 0.35799819629584106 0.5035012283349054 0.013991619304806581 0.9996237901251426 -0.023590523628657465 -0.0510118349358674 -0.3577545138234732 0.02703570223020179 0.9334242222290197 4.21819476506922
0.9171002587024075 -0.003977926285297403 0.398636791566516 0.8587398947018778 0.014031742028127766 0.9996527172656994 -0.022305942682607424 -0.08056236629444948 -0.39840962049583245 0.026050354427002216 0.9168375828523798 5.083526118688025
0.8976708134025422 -0.004446116502240074 0.44064423610580333 1.271419759774995 0.015285277860675768 0.9996615250267933 -0.021052212753721794 -0.11187944753555422 -0.44040148846926075 0.025633326533139215 0.897434934424165 5.911758661153025
0.8759263803547775 -0.004289155518106342 0.48242572417266394 1.7408342844531772 0.016067636063147085 0.9996651044909474 -0.020285707639756814 -0.15070106000665365 -0.4821771534093253 0.025520227429333967 0.8757019531336191 6.750333174120574
0.8520873013331469 -0.004692076931401518 0.5233786538643554 2.227676136568866 0.017384738504889738 0.9996617852459458 -0.019341302593287146 -0.18223055623413395 -0.5231108886019403 0.025579279367454837 0.8518806833665912 7.548517730933348
0.829515399720247 -0.010058221427601202 0.5583932608911684 2.7588752574224618 0.02392294023186549 0.9995600358943769 -0.017533612676641986 -0.2318369002588846 -0.557971230940827 0.027902810334180527 0.8293910649493599 8.33659122060166
0.806308857031469 -0.014331044052818386 0.5913211041802606 3.3004899157338454 0.03080395803171023 0.999367238389524 -0.017783110056366798 -0.2436087713016259 -0.5906920883524572 0.032553709620447194 0.8062401086201062 9.033646599749012
0.7766661047154481 -0.013320179066202907 0.6297716527565984 3.8312116168739876 0.03160499781209268 0.999341212245806 -0.017840000571207302 -0.2670175398260655 -0.6291191349016741 0.033759655459251185 0.7765754308268077 9.732743825444699
0.7466369434418448 -0.018025640301742078 0.6649874818216746 4.426057027943865 0.03770988734119255 0.9991722708533817 -0.015255738409233624 -0.2953399069203754 -0.6641620578477322 0.03646710091861719 0.7466986751468474 10.374800178825117
0.7152767498531103 -0.017076965992189858 0.6986326276034301 5.077880034676824 0.03855816315769611 0.9991429507371392 -0.01505430324482147 -0.30463399683736386 -0.6977767832003843 0.03770598393868201 0.7153221788828723 11.061616252352561
0.6812913441320628 -0.01572887971255576 0.731843362170974 5.756183773229274 0.03962376473149792 0.9990957733417447 -0.01541405070589991 -0.3332290002513494 -0.7309391641437956 0.03949984852691339 0.6812985397658801 11.715109399832087
0.6463940061915592 -0.016703714755124954 0.7628209322462293 6.453045453260015 0.044254418544450974 0.9988980669892249 -0.01562684243481693 -0.35250113819639395 -0.7617193283611224 0.04385929409565845 0.6464209364821896 12.30426247508484
0.6101023019921172 -0.015243135080582493 0.7921760081805272 7.180173216937141 0.04453192051668154 0.9988942016005231 -0.01507587688824378 -0.38159642299942065 -0.7910702175907116 0.044474946225584566 0.6101064579228903 12.86980244330595
0.5728886225390485 -0.013528334674808387 0.8195215740456369 7.948526329609429 0.047196172468633384 0.9987492602419178 -0.016505649654987017 -0.40183890134016476 -0.818273271877814 0.04813418044538139 0.5728105735784113 13.400712493157828
0.5368334830573365 -0.012768783915106758 0.8435915893522516 8.777932414642049 0.05318591385158125 0.9984088894805665 -0.018733605471300874 -0.4142525484336188 -0.8420101365401136 0.054924016272587764 0.5366584410965578 13.832635695199786
0.498406208365426 -0.012226127096863031 0.8668574123112815 9.649786275399391 0.055556275764544256 0.9982957621808292 -0.017862570782826347 -0.4414661028731586 -0.8651616910647244 0.057062185622432295 0.4982360437443455 14.317489626140906
0.4603539847808428 -0.013743458264449601 0.8876290475482048 10.461668237299037 0.06017756059430315 0.9980633178368391 -0.01575673790604497 -0.4730358603346409 -0.8856934401345189 0.06066902787629081 0.4602894732222616 14.754827301806083
0.4235808951649296 -0.014295984972632167 0.905745466488759 11.296121441636068 0.06400041855538068 0.9978491137124098 -0.014180715359054796 -0.49697849896332436 -0.9035945836911666 0.06397476906578656 0.4235847698477439 15.139260774920778
0.3886219723535291 -0.011745664475428965 0.9213224202037438 12.176948990053411 0.06535633220022077 0.9977515178392897 -0.014847844649245419 -0.5215249589856455 -0.9190764453762195 0.06598445283113578 0.3885158163308004 15.50692208329907
0.35558532596283265 -0.012440565049157122 0.9345610243858684 13.064914304729164 0.06593066332438433 0.9977543878779277 -0.011803774987212577 -0.5364266512268698 -0.9323155171901369 0.0658134774312963 0.35560703395024035 15.828293555834781
0.32225736452759707 -0.013965369141002363 0.9465490792729572 14.052435691217418 0.0681503043485395 0.9976390005210114 -0.008482962727664245 -0.5569630755540509 -0.9441958096840551 0.06724130504528475 0.32244825921514597 16.16023050219217
0.28955735492954343 -0.013772833972486303 0.9570615692057501 15.241493097939635 0.06862437157102942 0.9976220041526507 -0.006405658196476988 -0.577421073447565 -0.9546974567016964 0.06753255418548247 0.28981394081806533 16.5204188732758
0.25737757490223473 -0.010732877790634292 0.9662513075136178 16.18320770917356 0.06597815191496592 0.9977999544592311 -0.006491097830266468 -0.5926384841663086 -0.9640558424735208 0.06542213857317504 0.25751946795763225 16.777571876879193
0.22674323919539166 -0.00890851163965913 0.9739138267318868 17.136218141423676 0.06575568367129885 0.997816603745666 -0.006181856871903577 -0.5994341733236205 -0.9717323157866581 0.06544206376506378 0.22683395412959625 16.985861997879404
0.19635992275911954 -0.008789341780998296 0.9804924926816571 17.748984155658924 0.06770714075127883 0.9976945605883433 -0.0046159358443732 -0.6113780554045677 -0.9781914556084197 0.06729272801343135 0.19650232805539783 17.10875420722994
0.1657391111750098 -0.009030481040213308 0.9861282865018628 18.366324110567607 0.06936651819374622 0.9975880514533538 -0.002523044030072148 -0.6210291622486332 -0.9837270115131506 0.06882245280199882 0.16596576999406296 17.218049861350543
0.13546042538568814 -0.009523712066706403 0.9907369843014839 19.222634170934843 0.06785428464106091 0.9976951929469556 0.0003130916591984375 -0.6258596195906874 -0.9884565085071665 0.06718333780787947 0.13579443991126453 17.33555710947738
0.10609297617569978 -0.009843175303707135 0.9943074938398698 19.943290713294346 0.06827691077256798 0.9976630438295834 0.0025912221143483943 -0.6323651421828143 -0.9920093466603714 0.06761333357135697 0.10651710314231796 17.41774333695971
0.07910252337370315 -0.009609030561370139 0.996820173013961 20.60430593427948 0.07107050640017065 0.9974633722548842 0.003975440848234698 -0.6360347126295247 -0.9943298114388082 0.07053004708338968 0.07958478838621592 17.470305370780874
0.05377161483141404 -0.00917271922871273 0.9985111289617021 21.275630409221616 0.07486936644003728 0.9971801617520919 0.005128642797034872 -0.6363352149830828 -0.9957425326896955 0.07448212020359893 0.0543067432524466 17.50151408308016
0.03111301795542248 -0.008838704630418491 0.9994767918336881 21.995147140837723 0.07895310125627378 0.9968580572449225 0.0063577911176504 -0.6367436493567583 -0.9963926876065088 0.07871398227974054 0.031713105775728466 17.508796097970627
0.010998578569193469 -0.009021340186252452 0.9998988182264748 22.755290338798595 0.08429999109314473 0.9964078012920063 0.008062569449346803 -0.6321939004437693 -0.996379718165295 0.08420278466697953 0.011719568386816653 17.504594989443657
-0.007514590538131686 -0.00998178563619314 0.9999219443959398 23.6799341596035 0.08833897299383599 0.9960339956224885 0.010606856965899992 -0.6361461389912483 -0.996062124959803 0.08841178382893215 -0.006603006947416429 17.506473663286705
-0.02322869716688627 -0.009853582405926592 0.9996816165868504 24.512909747987333 0.09142521601492924 0.9957403716710401 0.01193909967470084 -0.6324676447123841 -0.9955409873553938 0.09167343747339535 -0.022228885650406732 17.487774221298274
-0.0375187850713719 -0.01054427812715348 0.9992402909038173 25.303896168796996 0.09381279772231498 0.9954910338729134 0.01402713306951742 -0.6306250028444808 -0.9948826562717233 0.09426780827734974 -0.036360425909285274 17.455672721320084
-0.05084528154123166 -0.011619266220309305 0.9986389487685198 26.236440465154224 0.09390186998575628 0.9954469788606275 0.01636310149169421 -0.626276935726936 -0.9942822517565979 0.09460605123220683 -0.04952271107358783 17.406452356488177
-0.0631567904166435 -0.011402318985339562 0.9979384785376425 27.10133552155023 0.09355354819541525 0.9954640243266225 0.017294793768453845 -0.6178079450876092 -0.993609054630802 0.09445296921326403 -0.06180358535297067 17.3528414031347
-0.07435918299495646 -0.008386146541789118 0.9971962617511672 27.94406431927536 0.09374673693106612 0.9954775494296345 0.015362223027504503 -0.6084998846916125 -0.9928153208019604 0.09462621797234078 -0.07323672339169067 17.289988943966808
-0.08462344133545323 -0.0051135126398629506 0.9963998821582764 28.831835666028994 0.09437833460362578 0.9954498920610386 0.013124113421959203 -0.6072381130595877 -0.9919332654639578 0.09514916911959011 -0.08375579073628583 17.223048248461268
-0.09430907226100986 -0.0026185099755872314 0.9955395232208389 29.754958531368086 0.09541723362025849 0.9953691093056232 0.011657090905844828 -0.600193153005659 -0.9909598127156944 0.09609099669395603 -0.09362248627780359 17.141202227575633
-0.10195327443369884 -0.0014029287504309612 0.994788199378726 30.8817434179026 0.0950541279382588 0.9954097081515021 0.011145657434108612 -0.5884010717965201 -0.9902374677793926 0.09569506104633921 -0.10135192498020655 17.034361063608493
-0.10764582958116671 -0.0007023378177423981 0.9941890575214415 31.793533054223165 0.09463662678826376 0.9954516593585931 0.010950011432059098 -0.5773570294583065 -0.989674837633008 0.0952654218581596 -0.10708975279766787 16.9341588661546
-0.11277038624000241 0.0010867871854115157 0.9936204803046756 32.926400562095054 0.09543842431463172 0.9953876535989146 0.009743009144378367 -0.5632008178937059 -0.989026969880812 0.09592829591137722 -0.11235397141142044 16.807112423872603
-0.11761070476638953 0.0026802669774769606 0.993056160694491 33.97091266772605 0.09435153954846207 0.9955027623155218 0.008487473534601078 -0.5569687223888387 -0.9885674024107753 0.09469459536370065 -0.11733466878854204 16.69459308489193
-0.12198929488359737 0.003688417180147896 0.9925245626746514 35.147327663890486 0.0947899680190593 0.9954655402663761 0.00795110716298403 -0.5496806824140936 -0.9879946730103094 0.09505132151041736 -0.12178576428456182 16.553752839270043
-0.125406137815886 0.0029688597538550677 0.9921010465017488 36.34239361944503 0.09449795120759827 0.9954846800576737 0.008965990633334822 -0.5382086537661883 -0.9875947740929318 0.09487590654234936 -0.12512044014507792 16.415292302282328
-0.12795131651586217 0.0009417535922768613 0.9917800026729866 37.64390386284562 0.09535930186151852 0.9953781267375369 0.01135730429967121 -0.5367068964143156 -0.9871854254142638 0.09602863069232513 -0.12744974671224582 16.257597257104745
-0.12993230847266188 -0.0003845204314001377 0.9915227921530615 38.91664915221827 0.09526576940721634 0.9953686742958596 0.012869942103737708 -0.5276843119647271 -0.9869356759152117 0.09613040296670093 -0.12929391799788417 16.090988864794532
-0.1320329550994203 0.0007143590581235445 0.9912450698282694 40.2552695971649 0.09762903858930398 0.995147025414036 0.012286929385486773 -0.5093016471980832 -0.9864258054166275 0.0983965827695851 -0.13146194471186537 15.905875925836973
-0.13329389057407193 0.0007169153896457438 0.9910762961386735 41.34277832351517 0.09741858482306653 0.9951664668678141 0.01238234844052076 -0.49745197646459377 -0.9862770189286061 0.0981997416195967 -0.13271945102036148 15.762003216372309
