0.9999966999999497 -0.002220141008981679 -0.001303943023292042 0.005542523964699181 0.00222360299064581 0.9999940000006571 0.0026595607607758213 -0.03047694036583789 0.0012980301060030192 -0.002662451505429057 0.9999956999989641 1.5289751529046778
0.9999914999999073 -0.003006968008961123 -0.0028258200232998275 0.0056642789295199515 0.003016951990282903 0.9999892000008751 0.003535539760790996 -0.06012991073030081 0.002815159257526257 -0.003544035593568009 0.9999897999982 3.0524093052551846
0.9999888999998829 -0.0021285350089703518 -0.0042058190232961675 0.0032672058945497533 0.0021417499899518354 0.9999928000007727 0.0031398507608043132 -0.08838230109246151 0.004199105396130312 -0.0031488235540681054 0.999986299997977 4.566315456652616
0.9999829999998548 -0.0015245410089692395 -0.005643893023296436 -0.006648871140455183 0.001542551989607413 0.9999937000007787 0.003188329760819065 -0.1107150014543609 0.005638997540263015 -0.003196981558898176 0.9999789999972688 6.079413607968004
0.999974699999824 -0.0016258290089586124 -0.006926312023300311 -0.01843176017600492 0.0016510809893009448 0.9999920000008886 0.0036417077608329592 -0.13143520182169513 0.006920335668371056 -0.003653051604502416 0.9999693999962299 7.61529976156185
0.9999622999997859 -0.0017396910089543726 -0.008516225023301625 -0.03171614021033592 0.001772273988920869 0.9999911000009332 0.003819953760850424 -0.15295810217655945 0.008509503827259166 -0.0038349016226845536 0.9999564999949343 9.099118909949224
0.9999408999997287 -0.0035359310089735836 -0.010287360023293635 -0.044809970245049596 0.0035666789884982743 0.9999892000007518 0.0029720147608697433 -0.17436870253534967 0.010276741003554095 -0.003008530540005196 0.9999426999937984 10.599341059976865
0.9999211999996864 -0.004713044008966336 -0.011638880023295899 -0.06193958027970023 0.0047513149881763025 0.9999834000008363 0.003262683760885722 -0.18903270289282778 0.011623311137928156 -0.0033177255708959227 0.9999269999921901 12.094231209469788
0.9999053999996567 -0.004749818008963606 -0.012909800023296527 -0.08195167031429124 0.004793737987872557 0.9999828000008647 0.0033732077609010436 -0.20578690324986115 0.012893551264942389 -0.003434774582599824 0.9999109999905933 13.587371358788275
0.9998919999996341 -0.004228781008972152 -0.014076970023292891 -0.10778030034875449 0.00427154298759265 0.9999863000007725 0.003009019760915092 -0.22490500360574867 0.014064061382118638 -0.003068824546017782 0.9998963999892474 15.075941507650464
0.9998906999996374 -0.0026233270089578934 -0.014555050023298429 -0.13834730038307472 0.0026766389874775228 0.9999898000009049 0.003644476760921545 -0.24924110396060767 0.014545341430628234 -0.003683036607477181 0.9998874999882165 16.560391656102016
0.999886999999641 -0.001053198008941676 -0.014999500023304713 -0.17275730041735887 0.0011187679873700404 0.9999898000010573 0.004363720760927836 -0.27231820431494386 0.014994751475942024 -0.004380008677210922 0.9998779999871048 18.04280180434935
0.9998787999996367 -2.451032892304022e-05 -0.015573200023311789 -0.20584840045143496 0.00010517118723180909 0.9999866000012393 0.005178665760936039 -0.2957765046671891 0.015572861533995707 -0.0051796757572008 0.999865399985663 19.516421951717746
0.9998718999996267 -2.3538678918245113e-05 -0.016009220023313463 -0.2386867004855566 0.00010975018712756417 0.9999855000012884 0.005384262760941895 -0.3132795050193504 0.01600886157759478 -0.005385328777765861 0.999857399984824 20.989682099048707
0.9998635999996192 0.0004413865910839308 -0.016510070023314175 -0.26787470051944035 -0.00035086761299278786 0.9999849000013066 0.005485151760948506 -0.32801540536884144 0.016512241628043177 -0.005478609787104636 0.9998486999839414 22.451642245248923
0.9998624999996244 0.001119431991097078 -0.016547240023319282 -0.2977989005532217 -0.001019277013002699 0.9999811000014353 0.006059862760949776 -0.3414779057171559 0.016553711632350112 -0.006042162843474809 0.9998447999834149 23.908712390959852
0.9998614999996331 0.002049948991123489 -0.016516010023329485 -0.3286901005868767 -0.001931135012997094 0.9999721000016976 0.007206626760951192 -0.3566005060643157 0.016530321630229286 -0.007173732956651319 0.9998376999824298 25.360992536192207
0.9998617999996376 0.002377256991104091 -0.016453740023322165 -0.35840000062028365 -0.0022725380129823133 0.9999770000014957 0.006380234760949049 -0.37017800640879245 0.016468531624131946 -0.0063419608734828995 0.9998442999832858 26.802012680298155
0.9998619999996433 0.00276909099104219 -0.01638309002329855 -0.3881643006534461 -0.0027083060129643056 0.9999893000008566 0.0037312667609449173 -0.390378106751369 0.016393251616708193 -0.0036863806079369334 0.9998588999853781 28.235092823611694
0.9998698999996357 0.0011702989910412163 -0.01608933002329806 -0.4156875006864127 -0.0011114810128926658 0.9999926000008613 0.0036641967609410647 -0.41274610709215487 0.016093501586350985 -0.003645836603846122 0.9998638999858872 29.660602966168696
0.999874899999633 0.00021021919110583232 -0.01582067002332276 -0.44280340071928503 -0.00010865591282768414 0.9999794000015331 0.00642024476094093 -0.43506000743197065 0.01582169155892995 -0.0064177218810091505 0.9998542999842618 31.08204310831868
0.9998764999996217 -0.0014610670088562032 -0.015650800023337026 -0.467862900751953 0.0015867419872161118 0.9999666000019373 0.00802052376094152 -0.4539657077693863 0.015638561540211305 -0.008044366043631615 0.9998453999829849 32.493373249456795
0.9998783999996188 -0.0024480860088740425 -0.015404100023330203 -0.49371170078427556 0.002559860987276535 0.999970500001763 0.007240647760936946 -0.46780860810277325 0.015385921514714454 -0.007279197967092775 0.9998551999841457 33.887893388912715
0.9998848999996295 -0.0023513530089137864 -0.014991880023315219 -0.5230180008163299 0.002434639987373927 0.9999817000013547 0.005539600760929127 -0.48451560843363634 0.014978581474010256 -0.00557546179672409 0.999872299986253 35.27199352732742
0.9998957999996516 -0.0015581950089408655 -0.014355950023305183 -0.5548668008479899 0.0016213939875244624 0.9999890000010698 0.004391700760919789 -0.5027095087605624 0.014348941411240556 -0.00441451968065008 0.999887299988013 36.63973366410651
0.9999090999996789 -0.0008665701089532562 -0.013454650023300818 -0.5831612008793576 0.0009187322877391173 0.9999921000009365 0.0038711887609081215 -0.5237000090847742 0.013451191321633343 -0.0038831976275347097 0.9999019999895866 37.9959937997382
0.9999241999997105 -0.0003144412089375124 -0.012311140023307274 -0.6110062009102121 0.0003705382880120963 0.9999895000010932 0.004554591760894933 -0.5446798094037124 0.012309581207603129 -0.004558807695107941 0.9999138999905866 39.330193933163876
0.9999426999997533 0.00033416049111547144 -0.01070505002332802 -0.6351590009408303 -0.00026100861160469356 0.9999766000016309 0.006834072760879093 -0.5650871097202005 0.010707081047503774 -0.006830885922327768 0.9999193999905539 40.65401406555133
0.9999590999997867 -0.00027120270885739976 -0.009045792023338661 -0.6559744009709838 0.0003434902887931873 0.9999680000019145 0.00799069076086222 -0.5837699100317811 0.009043335880984259 -0.007993470038570035 0.9999271999910186 41.957194195874294
0.9999771999998431 6.777909115391088e-05 -0.006759562023343399 -0.6731874010006641 -1.0467450660692364e-05 0.9999640000020275 0.008478278760838173 -0.6012229103384136 0.006759893652724297 -0.008478014087031374 0.9999412999922589 43.23955432411489
0.9999943999999223 5.4909541150932454e-05 -0.003365373023342667 -0.6865415010299096 -2.6804989848834622e-05 0.999965100001997 0.008350574760803123 -0.6178192106405305 0.003365714313309873 -0.008350437074273633 0.9999594999940304 44.502894450453184
0.999999700000001 -0.0007846738088994905 0.0003218969766763816 -0.6935884010586354 0.0007826664910344906 0.9999805000014876 0.006189642760764681 -0.6350241109374174 -0.00032674765613010257 -0.00618938885815296 0.9999807999965915 45.74413457458148
0.9999922000000793 -0.0011001010089375864 0.0038034849766910876 -0.6959569010871736 0.001082754991867513 0.9999890000010995 0.004559604760732812 -0.652670711232459 -0.0038084594043728947 -0.004555450694753839 0.9999823999970605 46.977484697920765
0.9999689000001778 -0.0006772935089238703 0.007861747976686375 -0.7001992011154592 0.0006368231928382291 0.9999865000012363 0.005149117760702449 -0.6645447115243518 -0.00786512980993271 -0.005143950753613084 0.999955899994175 48.197744819949726
0.999913400000305 -0.00026204710892282064 0.01315830997668729 -0.6975233011434824 0.00019374169410533873 0.9999865000012433 0.005192057760667923 -0.6781882118137739 -0.013159491339261566 -0.005189058758133545 0.9998999999884517 49.40741494091994
0.9998044000004714 0.0011853489910531344 0.01974543997669928 -0.6903610011712538 -0.0012671940043192892 0.9999906000009835 0.004133009760633111 -0.6899979121004733 -0.01974035199699559 -0.004157221654984495 0.9997964999782019 50.60553506073462
