0.9999999226165874 -0.00038473921957879074 -8.211304459501176e-05 -0.02031375071905784 0.0003848569731702737 0.9999988907582986 0.0014388770908069408 -0.018287394049344177 8.15593610628149e-05 -0.0014389085812395218 0.9999989614445435 1.3104851972480476
0.9999986821753154 -0.0015468061410912467 -0.0004929892438122101 -0.03672599565842362 0.001547593122551412 0.9999975225025345 0.0015999825999038638 -0.04581602044394151 0.0004905131595214343 -0.0016007434381705313 0.9999985985076607 2.624966516063581
0.9999955221510752 -0.0028935207969134277 -0.0007636852731727846 -0.042829629735407576 0.002893950875015844 0.9999956542224187 0.0005626585198160357 -0.07071722312501987 0.000762053890237784 -0.0005648660679807374 0.9999995500999956 3.9413162411992433
0.999995008107624 -0.003090176409696062 -0.0006592189244173148 -0.057472401493199946 0.0030906288994902798 0.999994988358263 0.0006864920706865316 -0.09856494077262656 0.0006570942390459179 -0.0006885260448508823 0.9999995470794206 5.260408510749759
0.9999933980749547 -0.003540349133682271 -0.000818373091558417 -0.06780420363268619 0.003541583564935907 0.9999925856425635 0.0015119013700351579 -0.12316109428148886 0.0008130143651421093 -0.0015147897252666815 0.999998522208773 6.580865404322603
0.999987520843501 -0.004947728601273746 -0.0006914759266165331 -0.0832400840708009 0.00494958650740785 0.9999840745646441 0.0027114959889372714 -0.1471705275709321 0.0006780491683046329 -0.002714884671671057 0.999996084817608 7.907785969621028
0.9999890866557333 -0.004583275551281189 -0.0009056239029340894 -0.10355161065822938 0.004586187028475965 0.9999842364743351 0.003239396761897909 -0.17023715122785002 0.0008907625791286867 -0.003243514769842157 0.9999943430609821 9.237716892983862
0.9999922090645895 -0.0036892708351440534 -0.0014039554221751578 -0.11445668058630325 0.003691189767532696 0.9999922536265686 0.0013666766101474795 -0.18982197159374561 0.0013989025064532162 -0.001371848228346698 0.9999980805502657 10.568304303571892
0.9999986442486339 -0.0007447011227293314 -0.0014686460200053833 -0.1337930215831562 0.0007433933493477297 0.9999993269144818 -0.0008908068879542722 -0.21348073020819705 0.0014693084163705458 0.0008897138985577875 0.99999852476989 11.902655018861491
0.9999952888855637 0.0028314475690858825 -0.0011853739248526523 -0.1592635520200583 -0.002833525783203055 0.9999944451498414 -0.0017552210963015123 -0.24326078759609288 0.0011803975237717093 0.001758571614832857 0.9999977570412653 13.239971302186628
0.9999851371169233 0.005366498135105662 -0.0009624151984830917 -0.18386906538527764 -0.005368302450914615 0.9999838193853388 -0.001882098909642226 -0.27275702925106987 0.0009522993457248633 0.0018872374720949891 0.999997765727844 14.57796778967917
0.9999782613245953 0.006514008737831343 -0.001022041292232988 -0.19633883949065414 -0.006515127678940293 0.999978176446635 -0.001095327252345903 -0.30042598088087497 0.0010148840163676331 0.0011019621708943288 0.999998877844274 15.927989225617209
0.9999912138508461 0.004133701197622668 -0.0006962295027262928 -0.2134985311644975 -0.00413265076924385 0.9999903303264547 0.0015034796998383386 -0.3229879210852217 0.000702437706250057 -0.0015005892166514599 0.9999986274056939 17.27938153372882
0.9999998124531344 4.462496659707327e-05 -0.0006108210118779758 -0.22742155541973066 -4.2633392248152616e-05 0.9999946849106203 0.0032601124065575766 -0.34534405970516746 0.0006109632477168731 -0.0032600857537619446 0.999994499267265 18.631714540649977
0.999996802026977 -0.0023844276759490512 -0.0008428763118548744 -0.2485915013034796 0.0023852421073879064 0.9999966881742286 0.0009665716031295544 -0.36838318682043275 0.000840568800314068 -0.0009685789761300287 0.9999991776490913 19.983466601835584
0.9999932598936974 -0.0035574221675116055 -0.0009082481481720204 -0.2681664596617051 0.003556514193542271 0.9999931762162733 -0.0009993636379858253 -0.39006027412116223 0.0009117971088422307 0.0009961267047384084 0.9999990881783944 21.337920666120908
