0.9999977999999567 0.0005272627909294304 -0.0020669350232575805 -0.04690294001972339 -0.0005296506095380043 0.9999991999997186 -0.0011548652392176374 -0.02839928020500758 0.0020663241834910817 0.0011559578763467105 0.9999972000000444 0.8586941858773045
0.9999909999999134 0.0010489719909025426 -0.0041313480232469555 -0.09374345003942117 -0.0010585140100313906 0.9999967999994372 -0.0023081042391969574 -0.05676064040974907 0.0041289133898766844 0.0023124559919849566 0.9999887999995283 1.716275171643278
0.9999795999998701 0.0015664659908755886 -0.006198571023236188 -0.14064290005914437 -0.0015879520105251178 0.999992699999155 -0.003462706239174913 -0.08515762061475513 0.006193102596422531 0.0034724791079762084 0.9999747999984525 2.5749642575200715
0.9999636999998269 0.002078470990848633 -0.008263498023225303 -0.18748580007884458 -0.002116664011017968 0.9999870999988727 -0.004615826239151549 -0.11352020081952127 0.008253797802618909 0.004633149224032645 0.9999551999968164 3.4326483432963553
0.9999432999997838 0.002586171990821614 -0.01033094002321428 -0.23438180009856777 -0.0026458810115110943 0.9999797999985897 -0.0057701632391268225 -0.1419150010245269 0.010315811008947314 0.00579717034042469 0.9999299999946208 4.291335429172948
0.9999183999997407 0.0030883629907945956 -0.012395990023203138 -0.28121950011826724 -0.003174350012003324 0.9999709999983065 -0.006922975239100778 -0.17027430122928536 0.012374251214918345 0.006961759456874022 0.9998991999918645 5.148987514946031
0.9998889999996976 0.003586304990767511 -0.014463840023191853 -0.3281178001379928 -0.0037034030124958985 0.9999604999980224 -0.008077186239073369 -0.1986703014343156 0.014434301421050618 0.00812985357367436 0.9998627999885484 6.007777600832923
0.9998550999996545 0.00407870499074043 -0.01652913002318045 -0.3749547001576933 -0.004231669012987542 0.9999483999977382 -0.009229794239044641 -0.22702900163908563 0.016490631626810807 0.009298401690520607 0.9998207999846722 6.865477686610805
0.9998166999996114 0.004566670990713291 -0.01859652002316891 -0.42183670017741365 -0.004760342013479364 0.9999346999974534 -0.010383420239014559 -0.25541510184406074 0.018547881832663198 0.01047004080767644 0.9997731999802363 7.724036772474594
0.9997737999995685 0.005049867990686113 -0.02066463002315724 -0.46873290019714076 -0.005289072013971044 0.9999193999971682 -0.011537300238983103 -0.2838096020491053 0.020604702038472707 0.011643990925063866 0.9997198999752305 8.582886858367488
0.9997263999995255 0.005527314990658954 -0.022729220023145456 -0.5155474002168342 -0.005816781014461568 0.9999024999968831 -0.012689080238950387 -0.31215470225380115 0.02265686224381607 0.01281782104243981 0.9996611999696838 9.440275944114262
0.9996744999994824 0.006000539990631723 -0.024796920023133523 -0.5624310002365575 -0.006345160014952519 0.999883999996597 -0.013842460238916256 -0.3405416024588064 0.024710982449355698 0.013995301160181236 0.9995966999635577 10.298961029990652
0.9996181999994396 0.0064687719906044655 -0.026864400023121463 -0.609308700256279 -0.006873365015443106 0.9998638999963106 -0.014995610238880812 -0.3689250026637937 0.026763742654759393 0.01517453127809816 0.9995266999568818 11.157571115859541
0.9995561999993975 0.0070584499905751745 -0.02894213002310848 -0.6562052002759817 -0.007530449015935177 0.999839899996002 -0.016231920238843504 -0.3973964028685967 0.028822922860836046 0.01644266140490319 0.9994492999494862 12.015411201651451
0.9995094999993404 0.005595310990578782 -0.030814500023108395 -0.7018788002956184 -0.006093682016388566 0.9998516999960533 -0.016103150238813674 -0.42391190307254945 0.030719833050184428 0.01628303138897141 0.999395399944109 12.869651287082867
0.9994225999993108 0.00784276799052258 -0.033061670023084536 -0.749824100315399 -0.008456089016911783 0.9997939999954497 -0.01845198023876646 -0.4540039032782927 0.03291014326978264 0.018720891632718943 0.999282999933483 13.73146137327219
0.9993586999992817 0.008704385990461515 -0.03473400002305849 -0.7992511003353424 -0.009439421017301483 0.9997337999948085 -0.021054220238725448 -0.4840770034856947 0.03454149343315439 0.021368591897483323 0.9991747999233245 14.60026146016054
0.9992481999992714 0.012356879990414023 -0.03674849002303847 -0.8546642003555183 -0.013206760017757472 0.9996487999942791 -0.02297477023867988 -0.5155070036955571 0.03645169362507826 0.023442822104841686 0.9990604999124008 15.479571548100356
0.9991825999992512 0.013522789990420827 -0.03809783002304065 -0.9072868003759429 -0.014391610018074229 0.9996403999943378 -0.02262373023865749 -0.5464705039079614 0.03777819375801326 0.02315352207588656 0.9990178999080881 16.369401637091993
0.9991240999992111 0.013287769990459799 -0.03967996002305549 -0.9609163003965857 -0.014126040018459143 0.9996812999947446 -0.020920520238637344 -0.5783595041226844 0.03938933391906509 0.021462711906801223 0.9989934999052774 17.26896172705688
0.9990603999991777 0.013514329990493342 -0.04118029002306817 -1.011589000417346 -0.01432436001882131 0.99970839999509 -0.019438940238616403 -0.6092403043385489 0.04090558407073903 0.02001055176157345 0.998962699901878 18.17318181748745
0.999017399999146 0.013048219990504515 -0.042356540023071605 -1.0662560004382748 -0.01386115001910608 0.9997241999952106 -0.018955790238596223 -0.6387363045559827 0.04209752418982323 0.019524271712952516 0.9989227998977999 19.084111908588785
0.9989382999991078 0.013259989990489364 -0.04411963002306392 -1.1186510004592511 -0.014134940019523945 0.9997083999950515 -0.019578700238559125 -0.6686219047739586 0.04384715436485359 0.020181541778678376 0.9988343998891499 19.997221999908163
0.9989119999990677 0.011528569990462872 -0.04518863002305138 -1.1718400004802998 -0.012477770019784153 0.9997061999947943 -0.02077977023853223 -0.6990778049927285 0.04493579447332176 0.0213210118926662 0.9987623998822623 20.9136820915627
0.9988799999990469 0.011288919990499668 -0.04595003002306571 -1.2242790005015949 -0.012181320019971851 0.999741699995178 -0.019187600238524657 -0.7287421052139648 0.04572155455182759 0.01972584173314627 0.9987594998816092 21.840422184245025
0.9988592999990601 0.012994209990588987 -0.04594914002310284 -1.2808070005230379 -0.013708120019976369 0.9997895999960855 -0.015256100238540888 -0.7604717054368768 0.04574123455416134 0.015868571347368094 0.9988272998874488 22.774322277643932
0.9988875999990846 0.013790299990673941 -0.04509495002313824 -1.3348410005445046 -0.014325580019782014 0.9998303999969557 -0.011568500238569788 -0.792967305660125 0.044927764472961394 0.012201640980646774 0.9989157998953966 23.709532371173978
0.9989648999991079 0.012851729990734641 -0.04363580002316352 -1.3857470005661754 -0.013256870019444592 0.999871499997592 -0.009007757238604782 -0.8209244058850785 0.043514424331369914 0.009576906718185355 0.99900689990386 24.651752465403863
0.9990297999991389 0.012652529990762561 -0.042183210023175835 -1.4366330005879449 -0.012994030019101837 0.9998848999978819 -0.007831284238635217 -0.8456208061107426 0.04207926418778952 0.008371815597677672 0.9990791999107748 25.596942559929964
0.9990745999991697 0.012895919990703015 -0.04103309002315315 -1.4870440006097756 -0.01333334001881846 0.9998569999972649 -0.010404380238651477 -0.8702127063370283 0.040893054069248654 0.01094186085468321 0.9991036999138136 26.54471265471403
0.999096699999203 0.01391009999058011 -0.0401546500231046 -1.5380250006316734 -0.014549980018587602 0.9997710999959839 -0.015687430238651448 -0.8971121065642155 0.0399272439729582 0.016257511386245215 0.9990703999117271 27.496272749877658
0.9991532999992264 0.013206449990499502 -0.038965020023072366 -1.5865510006537171 -0.013963250018294578 0.9997177999951565 -0.019214740238658733 -0.9254151067930589 0.03870026385011851 0.019742551734778374 0.9990558999110931 28.454662845724567
0.9992104999992195 0.010790959990529486 -0.03823584002308445 -1.6333630006759743 -0.011486110018135416 0.9997717999954917 -0.018007930238677434 -0.9555630070242815 0.038032793782777546 0.018432891603855646 0.9991064999158474 29.422932942559882
0.9992214999991968 0.009086311990644047 -0.03839229002313035 -1.6809710006984158 -0.0095960570181918 0.9998678999966941 -0.013113910238692818 -0.9838377072572172 0.038268063805852126 0.013472111107794268 0.9991766999217002 30.398393040113756
0.9992104999991435 0.005838116990740674 -0.03929763002316729 -1.7288930007209486 -0.0061984980184248 0.9999397999977238 -0.009054940238687002 -1.0117720074910588 0.03924239390247257 0.009291377689779307 0.9991865999217401 31.377653138047563
0.9991829999990477 -0.0018402830092610735 -0.04037463002316285 -1.7689760007435174 0.0014607689813008586 0.9999544999977766 -0.009427292238666162 -1.0363630077250265 0.040390144015415845 0.009360611696877854 0.9991401999172143 32.35714323600339
0.999106299998983 -0.004894794009349087 -0.04198475002312471 -1.8158340007660885 0.004337364980905409 0.9999013999968944 -0.013357770238624996 -1.0597890079588568 0.04204599418031445 0.013163731077273564 0.9990289999070721 33.33631333392709
0.9990441999989564 -0.00407671400945139 -0.04352240002308191 -1.870663000788727 0.0033068479805371457 0.9998369999958291 -0.017746340238579007 -1.088016008193746 0.04358766433472944 0.017585451519441977 0.9988948998947477 34.32021343232513
0.9989619999989185 -0.0035010860094813116 -0.04541814002306788 -1.929780000811867 0.0026393549800860444 0.9998155999955144 -0.019019400238536047 -1.1298800084350225 0.04547635452376006 0.018879781648866716 0.9987869998843064 35.33097353341254
0.9989125999988925 -0.003564847009431724 -0.046487000023086957 -1.9937480008358657 0.0027825759798319376 0.9998535999960283 -0.016881610238523824 -1.1945480086872073 0.04654037463012895 0.016733901434271087 0.9987762998827499 36.3875136390835
0.9988707999988988 -0.00023862570936289754 -0.04750925002311526 -2.0611120008595876 -0.0004151975203991825 0.9999052999967106 -0.013751680238514563 -1.2498810089356416 0.047508034727660964 0.013755871136378293 0.9987761998820147 37.42850374319732
0.9988084999988707 2.1603386597313274e-06 -0.04880145002312305 -2.1269530008833573 -0.0006257569207070912 0.9999182999969423 -0.012762970238491106 -1.3050520091845728 0.048797434856652826 0.012778301038612567 0.9987269998768882 38.47151384751307
0.9987591999988548 0.0008809213907121905 -0.04979299002314339 -2.190967000906975 -0.0014032870209419535 0.9999442999974761 -0.010456760238476855 -1.3491420094309199 0.049781014955197996 0.01051366081212188 0.9987048998741496 39.50365395073913
0.9987568999988481 0.0004894212908014342 -0.049845260023178684 -2.2561150009306576 -0.0008210333209562608 0.9999775999984004 -0.006632571238483586 -1.3930470096779168 0.049840904961047754 0.006665250427281988 0.9987349998762458 40.53855405424115
0.9987131999988915 0.00646649999083462 -0.050301510023193934 -2.3299400009541458 -0.00672201402105804 0.9999652999986863 -0.00491212123847635 -1.4268130099218834 0.050268005005170514 0.005243927285013543 0.9987219998745448 41.56111415650696
0.998714299998898 0.006952178990841192 -0.050214980023196826 -2.3997280009776167 -0.007192513021037265 0.9999634999987497 -0.004606971238478544 -1.4607310101657334 0.05018112499659506 0.0049622192568318695 0.9987278998750597 42.58303425870871
0.9987082999988929 0.00667628199080009 -0.050371600023180314 -2.465214001000857 -0.007006772021072037 0.9999549999983288 -0.006387280238472893 -1.489501010406768 0.05032669501110776 0.006731971433815539 0.9987101998737191 43.59302435971612
0.9987012999989212 0.008983147990732226 -0.05015069002315459 -2.5358850010239378 -0.009456170021009043 0.9999128999976062 -0.009202712238472282 -1.5228500106465335 0.05006365498538991 0.009664992727074063 0.9986992998732974 44.597904460213755
0.9986534999988972 0.008808467990729773 -0.05112439002315247 -2.600016001046893 -0.009296065021241707 0.9999134999975825 -0.009307503238451443 -1.5598850108854103 0.05103798508278574 0.009770225737601283 0.9986489998683151 45.59882456031612
0.998601199998848 0.006863745990767747 -0.05242779002316524 -2.661881001069836 -0.0072801600215602865 0.9999433999979933 -0.007755765238426642 -1.5937560111238989 0.0523715952156657 0.008126598573276663 0.9985945998625342 46.59803466024667
0.9985539999988291 0.007061950990790988 -0.05329345002317355 -2.728914001092655 -0.0074314860217683755 0.999949699998231 -0.006738977238409626 -1.6298170113612669 0.053243175302861004 0.0071252814731388335 0.998556199858471 47.59275475972886
0.9985153999988495 0.009830434990737302 -0.05357609002315318 -2.800794001115279 -0.010322180021825524 0.9999069999976499 -0.008909522238399388 -1.664529011596459 0.05348352532758847 0.009449317705488253 0.9985240998557869 48.578564858319844
0.998468599998839 0.010237899990610777 -0.054366340023101624 -2.8713360011377227 -0.011032550021999057 0.9998362999963388 -0.014336510238366903 -1.6976210118296609 0.054210675400474514 0.014914351251999036 0.9984181998465137 49.55600495607341
0.9984384999988325 0.010648949990591834 -0.054838880023093596 -2.9379350011602816 -0.011494600022108168 0.9998194999961387 -0.015128290238353635 -1.7290130120639244 0.054667885446306755 0.0157350113340595 0.9983805998429541 50.53773505425548
0.9984273999988201 0.010268929990667775 -0.05511221002312376 -3.00246300118276 -0.010938850022183496 0.9998696999969277 -0.011867630238358124 -1.7667420122979658 0.05498316547770207 0.012451831005738302 0.9984096998450904 51.51845515233802
0.9984355999987861 0.007566175990742875 -0.05540070002315215 -3.065844001205191 -0.00806400902226665 0.9999289999977298 -0.008767995238359343 -1.7989940125310218 0.05533043551174112 0.009201029680706872 0.9984256998459554 52.49501525000322
0.9984284999987676 0.006348754990764333 -0.055680460023159746 -3.1301850012274794 -0.006799312022337593 0.999945599997963 -0.007906116238354827 -1.8300510127624925 0.055627245541119724 0.00827227958785622 0.9984173998449256 53.46498534700916
0.9984325999987353 0.0032829489907476744 -0.055871380023151354 -3.1915200012496316 -0.003779690022388525 0.9999541999978202 -0.008787440238348772 -1.8583980129923374 0.055839975561670224 0.008984842659181804 0.9983992998433311 54.428045443323384
0.9984067999986915 -0.0001460363092892266 -0.05642638002313414 -3.248811001271801 -0.00045089132252819613 0.9999440999974708 -0.010566000238332174 -1.8864870132223817 0.056424765619353445 0.01057461081824082 0.9983508998389294 55.391785539705445
0.9983366999986496 -0.001591214009265993 -0.05763218002314105 -3.310922001293859 0.0010368019771805556 0.9999528999977235 -0.00964845723830701 -1.9138410134511548 0.05764481574100417 0.00957265471807673 0.9982912998327782 56.35039563557445
0.9982640999985964 -0.004382863009162288 -0.05873397002317914 -3.3715140013160245 0.004075328976915345 0.9999772999988172 -0.005354817238289418 -1.9382290136807812 0.05875611585140895 0.005106161271486507 0.9982593998285866 57.31251573179371
0.9982267999985682 -0.005964740009030683 -0.05922694002322901 -3.438994001338229 0.005986945976803576 0.9999820000001852 0.0001974660617185776 -1.956763013910195 0.05922470589781149 -0.0005517040942643395 0.9982445998257897 58.27400582794872
0.9982021999985689 -0.004407760008985937 -0.05977459002324638 -3.5113130013601928 0.004547913976674761 0.9999872000006318 0.002208853761731927 -1.9759620141371512 0.05976408595209434 -0.002476732486804649 0.9982094998218114 59.22540592309501
0.9981160999985481 -0.002919496009041157 -0.06128511002322367 -3.5791930013818862 0.002920553976311667 0.9999957000000513 -7.23109982330712e-05 -1.9981110143616425 0.06128506610458369 -0.00010681144984920916 0.9981202998134724 60.16633601719489
0.9980241999985279 -0.0017620430092401566 -0.06280674002314393 -3.6417840014031952 0.0012272469759454143 0.9999626999979917 -0.008552514238187916 -2.021539014582352 0.06281946625843095 0.008458535606666451 0.9979890998024167 61.09125610969396
0.9979546999985127 -0.0009592105093729065 -0.06391830002308953 -3.703384001424238 5.024102568144495e-05 0.9998988999966135 -0.014220890238145514 -2.049159014800713 0.06392547636931514 0.014188601179669587 0.9978538997902786 62.006326201209006
0.9978642999985315 0.004204985990637136 -0.0651861000230948 -3.7760350014451616 -0.005092497024604172 0.9998964999966699 -0.013454870238116968 -2.0781090150178714 0.06512277649027759 0.013758091136498994 0.9977824997829846 62.91678629226362
0.9977904999985409 0.007492612990699677 -0.06601519002312066 -3.8439400014657585 -0.008206300024796689 0.9999106999972844 -0.010546410238104783 -2.1120940152321896 0.06593028657177526 0.011064850867095072 0.9977628997803479 63.81519638211434
0.9976763999985342 0.010254479990736145 -0.06735521002313485 -3.912602001485995 -0.010870730025113412 0.9999022999976336 -0.008789172238075318 -2.1453530154427356 0.06725849670523637 0.009500949710642704 0.9976903997727088 64.69786647039089
0.997590899998507 0.010345019990715338 -0.06859620002312476 -3.9782280015059537 -0.01103350002540698 0.9998923999974177 -0.009665437238041917 -2.1738350156500053 0.06848883682831132 0.010399010800449074 0.9975976997636773 65.56672655728524
0.9974615999984825 0.011835469990733396 -0.07021661002313041 -4.046625001525595 -0.01248174002579236 0.9998835999975891 -0.008772233238002263 -2.201409015853913 0.0701046169902388 0.00962639072315449 0.9974931997530512 66.42163664278442
0.9973395999984601 0.0131837999907462 -0.07169363002313407 -4.114442001544944 -0.013800460026143619 0.9998717999977075 -0.008112825237965127 -2.2308220160549572 0.07157748713784413 0.009080646668551535 0.9973937997429878 67.26455672708505
0.99722579999842 0.012967739990769786 -0.0732982300231408 -4.179994001563979 -0.013523500026530215 0.9998833999979531 -0.0070909152379245634 -2.258366016252628 0.07319772729980453 0.008062491566738278 0.9972848997318906 68.09328680996616
0.997124099998382 0.012566119990787038 -0.07473754002314507 -4.244856001582756 -0.01307757002687667 0.9998941999981351 -0.006357728237887169 -2.283310016447416 0.07464974744490224 0.007316829492178832 0.9971829997215588 68.90994689163966
0.9969893999983698 0.014899529990834687 -0.07609372002316311 -4.313021001601247 -0.015257720027203919 0.9998750999986022 -0.0041279282378531845 -2.3078450166392175 0.07602271758272397 0.005276517288097891 0.9970921997119769 69.71424697207713
0.9968771999983569 0.016771809990940134 -0.07716622002320364 -4.381935001619521 -0.016779760027476054 0.999858999999668 0.000545445962174239 -2.3294760168284885 0.07716449769726871 0.0007510880355152579 0.9970180997034739 70.50799705145893
0.9966885999983353 0.019288649990976105 -0.0789933100232161 -4.445510001637351 -0.019166940027918952 0.9998136000000107 0.0022987637622255944 -2.355391017013652 0.07902292788368721 -0.0007770905173502961 0.9968724996885371 71.28437712910461
0.9964960999983291 0.022323449990895403 -0.08060564002318416 -4.514875001654629 -0.02246983002828612 0.9997470999991472 -0.0009091954377294866 -2.382091017193165 0.08056495803868488 0.002717205032024551 0.9967456996766619 72.03735720441061
0.9963706999983112 0.022840269990718504 -0.0819994800231126 -4.580210001671378 -0.023610730028575905 0.9996855999973182 -0.008438421237681229 -2.409731017367351 0.08178096816056177 0.010343860794692806 0.9965966996635957 72.76791727747475
0.996256299998268 0.021649889990587062 -0.0836945100230562 -4.644343001687751 -0.022911840028952128 0.9996373999959732 -0.014147020237616709 -2.432982017537285 0.08335788831808924 0.016011651361511083 0.9963910996444408 73.48065734875581
0.9962034999982674 0.02236697999053562 -0.08413330002303508 -4.709494001703677 -0.023819560029041544 0.9995832999954327 -0.016301120237596018 -2.4595230177029035 0.08373364835588362 0.01824325158466736 0.9963211996379763 74.17539741823768
0.99608729999827 0.02480833999061051 -0.08482128002306591 -4.77573000171913 -0.025991430029215758 0.9995792999961802 -0.012872070237587862 -2.4902770178640474 0.08446625842966697 0.015026331262919485 0.9963130996363622 74.8514774858546
0.9959528999982494 0.02606957999068855 -0.08601342002309599 -4.8375150017340705 -0.026975360029517753 0.9995919999969726 -0.009385091237561937 -2.5259550180204213 0.08573366855664652 0.011667350926989072 0.9962497996292258 75.50744755146158
0.9959074999981913 0.022910629990620438 -0.08742661002306396 -4.891889001748471 -0.024095750029845996 0.9996311999963046 -0.012524250237511476 -2.5566540181708497 0.08710742869333467 0.014579611218279224 0.9960922996142598 76.13828761455419
0.9960425999981192 0.015035489990521091 -0.08759638002301752 -4.937677001762447 -0.016623840029895413 0.9997097999953616 -0.017431400237488716 -2.5854690183168056 0.08730887871168899 0.018818601642342697 0.9960035996065677 76.75010767574418
0.9961634999980981 0.010441069990396927 -0.08688679002296423 -4.985837001775985 -0.012499410029730424 0.9996531999941213 -0.02317957023748195 -2.6167420184584747 0.08661463864127544 0.024176672178270187 0.9959484996024164 77.34409773515176
0.9963972999981827 0.012111539990381934 -0.08393973002296481 -5.039038001789245 -0.014149990029016167 0.9996181999939487 -0.023732450237565948 -2.64604801859705 0.08362024834222585 0.024834692244041702 0.9961881996264502 77.92534779328503
0.9966393999983242 0.017706539990446652 -0.07997749002300256 -5.092732001802224 -0.01941041002805205 0.9995997999945617 -0.020577260237696543 -2.675699018732762 0.07958113793956764 0.022060501966496893 0.9965842996652133 78.49464785022337
0.9970120999984153 0.01664847999052097 -0.07543122002303974 -5.133801001814899 -0.0180191300269871 0.9996839999953433 -0.01752686023783639 -2.701840018865141 0.07511558749267108 0.018833691643820333 0.9969969997056478 79.04953790571959
0.9974632999984915 0.012170369990620072 -0.07013516002308538 -5.159772001827281 -0.01315774002575698 0.9998204999964153 -0.013633350237991324 -2.729207018994757 0.06995665697560449 0.01452158121268083 0.997444399749333 79.59230796000371
0.9980239999986283 0.007887780990728904 -0.06233726002313783 -5.183357001839382 -0.008483336023920488 0.9999207999975823 -0.009294846238197613 -2.756800019121517 0.06225900620470806 0.009805306741129036 0.9980118998048636 80.12304801308487
0.9985954999988971 0.010686149990709472 -0.051892670023144405 -5.2082690018510736 -0.011224070021418444 0.999886099997354 -0.010085720238433198 -2.7800220192436638 0.051778985157348356 0.010654000825941631 0.9986017998637998 80.63455806424199
0.9991826999992939 0.01624760999069775 -0.037014150023155196 -5.23520900186253 -0.016649740017848608 0.9998053999971755 -0.010581720238724935 -2.801727019363237 0.03683502366423658 0.011189350879366539 0.9992587999292724 81.1353881143308
0.9995877999997544 0.02136932999071241 -0.019175520023170536 -5.248892001873687 -0.021567440013574093 0.9997154999972716 -0.010184730239007195 -2.822088019479736 0.018952421877143476 0.010594100819743867 0.9997642999793124 81.622868163084
0.999798500000241 0.019933489990728033 0.0023947669768231566 -5.236828001884559 -0.01990872000842162 0.9997521999974486 -0.009958356239246124 -2.8398630195932792 -0.002592678277768267 0.009908671751225591 0.9999475999970865 82.09701821050297
0.9994836000007941 0.016190249990753906 0.027757639976825167 -5.207469001895062 -0.01594000000236382 0.9998304999977555 -0.009213406239385715 -2.8593060197033386 -0.027902102809652853 0.008766190637045845 0.9995722999587883 82.55594825639994
0.9982814000014524 0.014725019990793837 0.05672376997684118 -5.1635430019054205 -0.01430175999543186 0.9998667999981828 -0.00786064723935741 -2.8780040198119954 -0.056831965703003105 0.0070358874640409404 0.9983589998364608 83.0084683016554
0.9959138000022013 0.014200719990833895 0.08918592997688442 -5.10562000191564 -0.013670499987650374 0.9998850999986013 -0.006553178239085075 -2.8957510199192384 -0.08926873894677635 0.005307184291178443 0.9959934995988426 83.45454834626628
0.9920007000030416 0.013894489990857727 0.12546609997697042 -5.029560001925519 -0.013247529978938516 0.9998942999988502 -0.005989348238476905 -2.9119180200229797 -0.1255360125735139 0.004279320188396956 0.9920798992065037 83.88530838934439
0.985989900003988 0.013897449990862542 0.16622519997711338 -4.9346490019353535 -0.013026939969132926 0.9998950999988996 -0.006326123237407153 -2.9261670201262504 -0.16629571664939724 0.004072087167673393 0.986067598604406 84.31338843215359
0.9775146000050108 0.013467789990868367 0.210437399977313 -4.817297001944866 -0.012362259958479704 0.9999019999989638 -0.0065681592357777156 -2.942364020226669 -0.21050532107031952 0.0038189881423718363 0.9775852977552051 84.72869847368572
0.9660755000061252 0.015363439990849647 0.2578023999775958 -4.680938001953753 -0.013648479947037946 0.9998711999987512 -0.008440597233472907 -2.9618550203210874 -0.2578989258091061 0.004635642224000504 0.9661607966121006 85.11820851263822
0.9507397000073267 0.016075869990800927 0.3095732999779798 -4.519193001962505 -0.01319899993450429 0.9998479999982415 -0.011385400230268027 -2.9805450204143003 -0.3097093309898974 0.006738488434274098 0.9508074950762703 85.50171855098995
0.9313823000085745 0.01599262999076576 0.3636912999784502 -4.336344001970563 -0.011893949921377177 0.9998379999978798 -0.013506600226119655 -2.99523302050017 -0.36384833640365977 0.008254080585837643 0.9314216931369382 85.85373858619121
0.9076306000098636 0.01642663999073802 0.4194483999790212 -4.1300890019785115 -0.010944469907817998 0.9998203999975892 -0.015473070220936191 -3.0068460205848786 -0.41962724198122475 0.009453184705742168 0.9076472907586712 86.2000186208172
0.8794214000111588 0.01652574999069715 0.475757299979699 -3.9038660019859908 -0.009195857894087094 0.9998004999971662 -0.017730510214687134 -3.0183530206648843 -0.4759554476138075 0.011217590882185236 0.8793978879329608 86.52588865340168
0.8470020000124141 0.014634899990631067 0.5313883999804729 -3.6563800019925434 -0.004922886880489551 0.9997939999965033 -0.019688410207415446 -3.030941020735597 -0.531567053175236 0.014060151166486817 0.8468995846823045 86.81210868202095
0.8111527000136315 0.014002169990606425 0.584666799981315 -3.3930660019989785 -0.0025148878674230986 0.9997875999962551 -0.020454800199312523 -3.0481420208057974 -0.5848290585011786 0.015121591272647086 0.8110156810928576 87.09558871036694
0.772294100014783 0.012138569990617432 0.6351491999822062 -3.1153930020046507 -7.665594500546745e-05 0.9998191999963881 -0.019014710190472253 -3.0633580208679865 -0.6352652635444783 0.014636251224148888 0.772155377205308 87.3450387353091
0.7306835000158886 0.011390899990681666 0.6826213999831503 -2.8178030020103435 -0.00022766524327709156 0.9998647999970596 -0.016441040180956955 -3.0745840209302435 -0.6827163682885844 0.01185778094630834 0.7305872730467772 87.59401876020287
0.686908100016896 0.010023899990684402 0.726675199984159 -2.508137002015515 0.0016422221676514735 0.9998808999971016 -0.01534491017088219 -3.084460020987133 -0.7267424726906236 0.011733900933948292 0.6868098686677493 87.82010878280703
0.6415606000177961 0.008605909990614221 0.7670240999852219 -2.182602002019803 0.005801600177704749 0.9998539999963905 -0.016070860160387456 -3.0931490210350607 -0.7670504767213641 0.014760391236636753 0.6414170641277037 88.00813880160453
0.5961032000185631 0.005416590990488194 0.8028895999862837 -1.8476380020239151 0.0129944201866691 0.9997811999951169 -0.016392570149823014 -3.103538021081119 -0.8028026802972476 0.02020475178116444 0.5959023595754757 88.18799881958523
0.5506435000193066 0.0068318389905001106 0.8347125999873432 -1.5110550020274123 0.012676940194697936 0.9997826999952267 -0.016545620139233882 -3.1165720211213648 -0.8346443834802839 0.019692331729889143 0.5504372550282611 88.34349883513052
0.5045001000200088 0.009750746990584609 0.863356599988416 -1.1655820020310086 0.008934955201986401 0.9998236999960731 -0.016513130128460948 -3.1274270211624198 -0.8633654863504252 0.016044921365070377 0.5043240504162664 88.50204885098007
0.4602983000205776 0.01148163999059143 0.8876900999894531 -0.8110714020341585 0.008704640208213058 0.9998098999961265 -0.017445500118103578 -3.1380310211990112 -0.8877216887849618 0.015757151336256398 0.4601108459946028 88.64159886492936
0.41886730002098493 0.009627241990455358 0.9079963999904223 -0.45002230203655774 0.015619270213418305 0.9997193999947358 -0.017805080108356165 -3.146259021227722 -0.9079131908048023 0.021640201924626252 0.418599441843076 88.74795887555894
0.3806252000212177 0.0013788259901500576 0.9247283999912828 -0.07268361203865381 0.03173796021765689 0.999390199991641 -0.014553740099356673 -3.150458021253145 -0.9241845924349087 0.03488851324972807 0.38034943801690846 88.83995888475117
0.34610820002147263 -0.002337058009950258 0.9381916999920551 0.3020915979592864 0.03764494022114002 0.999226099990628 -0.011398500091243631 -3.15658602127819 -0.9374390937609689 0.03926327368732984 0.34592833457373007 88.93047889379591
0.3138409000217506 0.001002431990070211 0.9494750999928225 0.676344997957215 0.03611653022414703 0.9992630999908114 -0.012993010083605183 -3.1668350213037484 -0.9487884948947926 0.03836947359786326 0.3135734313383586 89.02315890305766
0.28331120002208254 0.008752362990295592 0.9589880999935664 1.0508909979550116 0.02492263022679534 0.9995533999930857 -0.016485420076368915 -3.18517402133151 -0.9587041958829743 0.028571002617766378 0.28296652827828245 89.12503891324134
0.2551133000223183 0.013270929990409939 0.966820099994244 1.4345829979532168 0.019461540228966925 0.9996326999942277 -0.018856620069692017 -3.205997021355442 -0.9667153966821318 0.023626382123180214 0.2547613254581472 89.21056892179038
0.22987620002245235 0.015142759990379598 0.9731020999948473 1.8329099979518093 0.020807340230698072 0.9995738999938933 -0.02047003006369659 -3.222114021374975 -0.9729974973100766 0.02495324225583674 0.22946322292857682 89.277158928444
0.2067350000225087 0.015807119990231048 0.9782692999954028 2.2407429979507 0.027470500232106843 0.9993814999923422 -0.02195352005817142 -3.234217021391187 -0.9780112978125123 0.03141210290175338 0.20617292059978126 89.32950893367239
0.18701490002251417 0.021748169990009877 0.9821162999959359 2.6627499979496925 0.036317000233164226 0.9989183999899712 -0.02903574005338556 -3.2321930214051955 -0.9816855981815997 0.041097623870278016 0.18602281858637584 89.37210893792209
0.16770540002256928 0.029730149989933584 0.9853887999964642 3.0897619979486115 0.038919200234148216 0.998566299989082 -0.03675147004869862 -3.233114021420275 -0.9850686985200829 0.04451395421180956 0.16630791661665537 89.41899894260138
0.15011950002265795 0.031056369989997473 0.988179999996874 3.5367699979474967 0.03662397023500597 0.9986457999897341 -0.03694904004453026 -3.247013021437053 -0.9879892988111847 0.04173784393414865 0.1487788148637275 89.47222894791732
0.13466250002273467 0.026124439990083112 0.9905470999971727 4.002127997946579 0.034093870235699736 0.9989382999906865 -0.030980740040927244 -3.269703021452833 -0.9903048990417798 0.0379435235547614 0.13362891334725444 89.52059895274891
0.12003390002277549 0.022440589990096176 0.9925161999974713 4.475770997945957 0.034384790236279245 0.9990506999908646 -0.026746810037480778 -3.2920770214656034 -0.992174199228439 0.037337973494265216 0.11914841189814558 89.55606895629026
0.10664500002278629 0.02015679999005174 0.9940928999977591 4.962460997945498 0.03689254023674444 0.9990257999904261 -0.02421462003430101 -3.311658021476548 -0.9936124993725574 0.03925697368622433 0.10579751056241296 89.58341895901863
0.09481660002277414 0.019102549989968014 0.9953114999980249 5.46004899794518 0.04091002023710054 0.9988964999895628 -0.023068580031473 -3.3275780214858104 -0.9946538994773833 0.04290548405113082 0.09393048937540828 89.60332896100185
0.08451437002276134 0.01970805998989375 0.9962273999982709 5.974571997944924 0.04433756023738068 0.998739699988779 -0.023519120028994072 -3.344693021494696 -0.9954353995561137 0.04615798437640428 0.08353405833585167 89.62101896276299
0.07611140002275397 0.020331959989844908 0.9968919999984719 6.504622997944686 0.046625120237593826 0.9986257999882605 -0.023927090026972492 -3.3627400215036163 -0.9960086996137955 0.04830132459075104 0.07505883748841172 89.63826896447998
0.07011217002274558 0.020551609989805934 0.997327399998613 7.050380997944457 0.04845902023773245 0.9985371999878494 -0.023983220025530202 -3.3797670215124924 -0.9963613996493647 0.05001101476173614 0.06901370688390196 89.65473896611836
0.06433620002273896 0.021698789989772486 0.9976923999987581 7.614092997944207 0.04999818023785971 0.9984378999874858 -0.024939150024130878 -3.3949680215216085 -0.9966749996809584 0.05148728490936022 0.06315079629783109 89.67153896778886
0.05805224002274325 0.02266707998976452 0.9980561999989115 8.197956997943956 0.05045707023800331 0.9983977999873913 -0.025609700022618535 -3.409306021530793 -0.997037699717192 0.051845684945187286 0.05681551566445498 89.68785896941071
0.05340714002272397 0.022635289989710913 0.9983162999990195 8.800911997943787 0.0529268902380768 0.9982735999868289 -0.025465770021496806 -3.426200021539552 -0.9971692997308347 0.054197825180431765 0.05211692519455544 89.70167897078271
0.04996154002271029 0.022438899989673664 0.9984990999990977 9.42022999794379 0.05465687023812834 0.9981879999864398 -0.025166760020667745 -3.442284021546634 -0.9972544997396883 0.05583219534389383 0.04864457484724461 89.70786897139115
0.046494040022702694 0.022060049989650644 0.9986749999991738 10.059779997943748 0.055768390238185105 0.9981394999862019 -0.024644570019839832 -3.460292021554524 -0.9973606997504936 0.05684031544472626 0.04517728450038656 89.71666897226058
0.043306150022690004 0.021446579989617708 0.9988316999992412 10.714579997943842 0.057314110238227294 0.9980696999858625 -0.023915180019079538 -3.477648021561133 -0.9974165997563791 0.05828281558900725 0.04199336418181638 89.71954897253745
0.04207275002264257 0.02108559998951262 0.9988920999992696 11.388369997943956 0.06197780023818433 0.9977966999847598 -0.023672950018764256 -3.4951970215676846 -0.997190399734846 0.06290510605131001 0.040673214049742015 89.721458972717
0.042271790022600446 0.020719739989422472 0.9988912999992651 12.074619997944135 0.06595748023811944 0.997545999983813 -0.023483080018794927 -3.5116180215735864 -0.9969266997094327 0.06687701644856955 0.040801444062519614 89.72018897257797
0.04410340002257906 0.020549309989379812 0.9988155999992236 12.781899997944137 0.0678019902380543 0.9974215999833643 -0.023514480019223665 -3.5298090215816837 -0.9967235996896068 0.06875874663677631 0.04259640424202492 89.72729897327687
0.04733313002254999 0.020776809989323398 0.9986630999991556 13.505009997944056 0.0702074002379498 0.9972417999827655 -0.024074830019975284 -3.549541021590949 -0.9964088996587874 0.07125306688624604 0.04574389455691155 89.73868897440377
0.05107260002253753 0.020624129989304185 0.9984819999990705 14.243949997943924 0.07097170023785884 0.997183999982564 -0.024227550020863894 -3.5700450216009134 -0.9961699996351674 0.07210131697108842 0.049465054929068344 89.7523989757625
0.054851200022517796 0.01873659998927221 0.9983187999989663 15.002599997943598 0.0723775102377524 0.9971190999822465 -0.02269077002178875 -3.595307021613496 -0.9958678996053815 0.07350043711105987 0.05333707531590652 89.77631897814288
0.058702030022513625 0.017226689989273906 0.9981268999988633 15.773679997943164 0.07228987023766655 0.9971526999822808 -0.0214614100227326 -3.621398021627396 -0.99565469958413 0.07341427710247098 0.05728957571086692 89.80526898102619
0.06263966002253772 0.015064359989337448 0.9979224999987486 16.560549997942495 0.06951846023762079 0.997391599982976 -0.01942003002372106 -3.6458490216436346 -0.9956121995793088 0.07059048682008512 0.06142902612432836 89.84339898482672
0.06659830002254281 0.013964029989360728 0.997682199998646 17.354729997941774 0.06848000023754074 0.9974802999832334 -0.018532460024686653 -3.6697190216604434 -0.9954271995606524 0.0695554967165905 0.06547424652864366 89.88363898883794
0.07057071002256321 0.01479214998941511 0.9973970999985625 18.156509997940955 0.06595721023748008 0.9976325999837993 -0.019462450025629956 -3.6964550216786622 -0.9953237995498013 0.06715900647688579 0.06942799692424781 89.92948899341069
0.07390613002257954 0.018161669989455825 0.9970997999985203 18.959959997940075 0.06387777023742444 0.997694799984193 -0.0229072000263803 -3.726996021697739 -0.9952173995387413 0.06538548629944048 0.0725756372398429 89.97884899833532
0.07513596002263605 0.024427679989573327 0.9968740999985514 19.768189997939086 0.058277670237473475 0.9978835999853619 -0.028844900026612167 -3.758629021718097 -0.9954688995625801 0.06026278578697948 0.07355335733904068 90.03338900377808
0.0747479400226638 0.027491189989628642 0.9968234999985888 20.581929997938218 0.05566893023751969 0.9979459999859087 -0.03169656002649464 -3.7894120217372746 -0.995647399579797 0.057861335546748244 0.07306400729078909 90.08278900870651
0.0747658400226888 0.027575639989683844 0.9968197999985858 21.39946999793742 0.05324229023755097 0.9980813999864884 -0.03160395002651618 -3.828201021756541 -0.9957787995923568 0.05543585530416585 0.073154197299786 90.13241901365977
0.07451993002271803 0.024948869989751953 0.9969073999985606 22.217349997936623 0.0504315502375926 0.9983134999872341 -0.028753880026512624 -3.8696420217759657 -0.9959434996081487 0.05241831500241741 0.07313604729728714 90.18269901867866
0.0743719500227092 0.024338539989732618 0.9969335999985587 23.03431999793593 0.051320690237585745 0.9982839999870381 -0.028200070026479177 -3.9087890217941212 -0.9959091996049281 0.05326060508666767 0.07299525728307503 90.22769902316902
0.0744761400227324 0.023227599989786463 0.9969522999985418 23.851479997935222 0.04903232023761052 0.9984341999876158 -0.026925030026533268 -3.948711021812529 -0.9960166996151332 0.05088814484941155 0.07322062730530657 90.27374902776458
0.07410208002275025 0.023270129989825306 0.9969791999985486 24.6665999979346 0.047341210237640145 0.9985184999880227 -0.02682478002645457 -3.991884021830326 -0.9961263996256898 0.04918596467917238 0.07289066727228596 90.31732903211393
0.07412396002277581 0.024123409989881973 0.9969571999985535 25.478369997933854 0.044810950237667554 0.9986169999886069 -0.027495280026466288 -4.031552021849075 -0.996241799636625 0.04671265443179794 0.0729404572774259 90.36500903687254
0.07273598002280822 0.02538876998994943 0.997028099998594 26.28879999793312 0.041826890237735614 0.9987187999892985 -0.028483220026141665 -4.070675021867537 -0.9964737996590788 0.0437743341379121 0.0715808571417006 90.41153904151605
0.06992106002284133 0.025481399990016473 0.9972270999986558 27.1000899979324 0.03897825023783691 0.9988404999899982 -0.028255610025489368 -4.110043021885948 -0.9967907996900317 0.04084581384502879 0.0688467668682325 90.45782904613557
0.0659146600228735 0.024176299990080467 0.9975323999987313 27.909919997931794 0.036375020237961964 0.9989836999906815 -0.026615060024564242 -4.149285021903176 -0.9971620997264456 0.03803957356440087 0.06496825647998188 90.49922905026611
0.06089788002290128 0.02167741999013388 0.9979085999988192 28.721799997931274 0.034310280238101135 0.9991277999912668 -0.023797710023403224 -4.189372021919645 -0.997554199765045 0.03568775332924252 0.06010101599257506 90.53737905407182
0.05454557002293018 0.019312039990187498 0.9983244999989395 29.53343999793091 0.032236330238263035 0.9992576999918513 -0.021091400021919293 -4.227712021934319 -0.9979907998080612 0.03333275309376646 0.053882535370069866 90.56802905712712
0.047000580022944126 0.019302959990202973 0.9987083999991119 30.340319997930752 0.03172229023842703 0.9992800999920125 -0.020806910020121756 -4.264420021946608 -0.9983910998477927 0.0326592430264103 0.046354414617180796 90.58889905920412
0.038162100022957904 0.02033871999021828 0.9990645999993244 31.142039997930752 0.031208220238601005 0.9992808999921605 -0.021535220018006656 -4.298961021957136 -0.9987841998867741 0.032000842960546 0.037499923731897665 90.60259906056372
