0.9990498000009974 -0.0016497800091035914 0.043551939976776685 0.051425958394295125 0.0017604230013831084 0.9999952999993985 -0.00250223723940314 -0.02419209614733248 -0.043547604378427585 0.002576529018455414 0.9990480999043954 0.9983837405196561
0.9960495000020072 -0.005367949009217481 0.08863830997688721 0.14636192509768883 0.006010224012187744 0.9999574999982577 -0.006980718239091119 -0.050464834896888563 -0.08859707888432194 0.0074858755094856224 0.9960394996035576 1.9935204264028217
0.9909271000030551 -0.005886878009322733 0.13427209997704473 0.28760969091722444 0.007448178023142688 0.999910299997176 -0.011128520238269976 -0.07893698824482809 -0.13419461344430023 0.012027630963684536 0.9908820990877483 2.9830852550353355
0.9836222000041357 -0.0035650660093869365 0.180207199977241 0.46656782924797957 0.006172884034199825 0.9998840999964925 -0.013912500236926577 -0.11039754096703411 -0.18013681803804565 0.014797041240577808 0.9835302983521654 3.966438887985117
0.9740479000051762 -0.006173619009399698 0.22625789997746018 0.6983158013401798 0.009486835045292847 0.9998629999963828 -0.013559120235056607 -0.144030180188814 -0.22614322263925615 0.015353701296309558 0.9739730973952893 4.938633175714699
0.9624212000062076 -0.007368625009432083 0.2714612999777359 0.9748226154119375 0.011640150056203972 0.9998323999960579 -0.01412847023268371 -0.18065535924407194 -0.27131172715635127 0.0167573914367137 0.9623456962316336 5.898946998179666
0.9488374000071944 -0.00969354400953367 0.3156163999780787 1.2941356755263986 0.01587616006686619 0.9997289999950247 -0.01702376022982666 -0.2192582190127199 -0.31536583156245906 0.02116355187740858 0.9487341948701487 6.84580974244461
0.933620200008134 -0.012638570009625396 0.3580414999784504 1.6619152150167436 0.020804610077122126 0.9996036999940966 -0.01896441022656889 -0.2559512274676238 -0.3576599357926945 0.025154462276598125 0.9335130933475153 7.774998586937832
0.9161945000091135 -0.0122839400096512 0.40054559997885775 2.066199763652085 0.02177648008744294 0.9995792999938258 -0.019155670222781827 -0.2936522580412926 -0.40014174004070197 0.026272782388427722 0.9160765916029217 8.68885452521911
0.8965559000100798 -0.013077650009654345 0.44273759997930257 2.5111214463700784 0.023417900097709048 0.9995654999937994 -0.017896590218473396 -0.33322211862909296 -0.44231124425758817 0.026413282402499502 0.8964725896412387 9.583549415282786
0.8745113000110493 -0.013514290009647364 0.4848167999798 2.9976444861448246 0.0244775401079745 0.9995675999938753 -0.0162895302135887 -0.3727615194059844 -0.4843870484649092 0.026112492372430154 0.8744640874390249 10.456321963994506
0.8503691000120014 -0.013481620009646391 0.5260138999803504 3.5251197009834168 0.02517723011804866 0.999569199993885 -0.015083480208190446 -0.41243076360996084 -0.525583952584205 0.026070102368190004 0.8503422850255974 11.304965789837441
0.8245429000129059 -0.01401100000967342 0.565625999980946 4.092274829523085 0.026963900127749477 0.9995304999936084 -0.014547550202374318 -0.44866578293900444 -0.5651566565413018 0.027246562485857596 0.8245336824436872 12.127779373303898
0.7970302000137506 -0.0161933300097457 0.6037223999815845 4.702529798442415 0.03126104013708291 0.9994065999928735 -0.014464060196146966 -0.4846287666063453 -0.6031299603390199 0.030401282801410044 0.7970634796957604 12.919167840550545
0.7681511000145907 -0.015104450009774797 0.6400903999822588 5.344489899988622 0.031868020146039185 0.9993844999925625 -0.014660900189561028 -0.5204105038724639 -0.6394750639730036 0.031660202927282007 0.7681597768045909 13.685070580176005
0.7374230000153554 -0.01831697000985255 0.6751827999829612 6.027370096240459 0.03718619015467404 0.9992170999917764 -0.01350645018254987 -0.554126872840539 -0.6744067674667313 0.03506743326811983 0.737526873740208 14.414822536236034
0.7051666000161271 -0.01811309000987422 0.7088102999837027 6.741487061542329 0.03829943016300407 0.9991871999915493 -0.012569110175141065 -0.5867371319672162 -0.7080065708262274 0.03601033336241225 0.705287170515231 15.114089032213679
0.6706801000168873 -0.01682164000988979 0.7415559999845016 7.484039905271076 0.03848398017114889 0.9991853999913772 -0.012140010167182093 -0.6194362513683938 -0.7407478740995995 0.036680083429357635 0.6707811670637662 15.783077850734822
0.6350649000175503 -0.017843060010006104 0.7722527999853352 8.261916730303817 0.04358563017876302 0.9989681999901703 -0.012761430158944327 -0.647820814961877 -0.7712282771480317 0.041763453937770416 0.6351872635038102 16.410853279339594
0.5983915000182122 -0.01631634001003882 0.8010376999861896 9.065174080552678 0.04435618018597201 0.998933899989817 -0.012787680150422275 -0.6782450559341333 -0.799975180022053 0.043182994079697105 0.5984773598321562 17.005707950952694
0.5606382000188085 -0.015604190010114129 0.8279138999870718 9.897700196802415 0.047224240192710175 0.9987976999890236 -0.013153880141627843 -0.7082846192218796 -0.8267132826956708 0.046472164408630154 0.5607010560539881 17.558878748473756
0.5217303000193323 -0.014154590010273905 0.8529930999880041 10.75644522540745 0.052990640198983134 0.9984692999873374 -0.015842910132519795 -0.7367317337345219 -0.8514631851711353 0.05346636510809506 0.5216817521521175 18.07049172461375
0.48240230001984724 -0.01314333001031292 0.8758511999889131 11.635876453122133 0.05466343020478848 0.9983901999869195 -0.015125390123315508 -0.7618386780963988 -0.8742425874485606 0.055173545278808474 0.4823441482176537 18.54585517968496
0.4437520000202659 -0.014834900010404314 0.8960268999897907 12.53643248651223 0.05962892020990388 0.9981358999859713 -0.013005430114279046 -0.7887266860403258 -0.8941636894409595 0.05920028568158271 0.4438094443632068 18.979762806115478
0.40633210002063647 -0.01567329001047571 0.9135910999906414 13.455244321846013 0.0633316802143965 0.997931399985226 -0.0110474301055083 -0.8158897575900004 -0.911528091177415 0.06234817599644018 0.4064841406297994 19.37352303941937
0.37059690002096496 -0.013364620010540576 0.9286976999914814 14.386701089896068 0.0654987302182971 0.9977830999845243 -0.011778460097072223 -0.8393063172378964 -0.9264814926724421 0.06519356628096096 0.3706506370462724 19.736620872312123
0.33671040002124836 -0.01369924001056372 0.9415085999922467 15.33121604162363 0.06695770022165218 0.9977111999842826 -0.0094289810891034 -0.8601068322190393 -0.9392245939463127 0.06621607638323695 0.3368570336660519 20.064430076546167
0.3032101000214911 -0.0160637200105865 0.9527883999929817 16.285958011888994 0.06893784022463516 0.9976077999840601 -0.005119036081247213 -0.879544966333121 -0.950426895066237 0.06723530648523972 0.30359213033826793 20.361229534644785
0.2700383000217145 -0.015840840010602812 0.9627192999937342 17.250606409763957 0.06970552022730275 0.997562699983886 -0.00313790707341642 -0.8986253471645256 -0.9603231960552789 0.06795419655713432 0.27048432702678266 20.62407837428573
0.23738410002193758 -0.013010400010566464 0.9713287999944966 18.222487933927777 0.06752450022968971 0.9977126999842479 -0.0031385910656557435 -0.9134169595651586 -0.9690661969282975 0.06633352639496556 0.23771962375011213 20.859083816532326
0.20580130002210495 -0.010890490010575307 0.9785331999952327 19.201686313099056 0.06752573023169667 0.9977126999841377 -0.003097801058148183 -0.9274474258552416 -0.976261297647073 0.06671368643293221 0.20606602058457443 21.061503604170298
0.17487600002222595 -0.010566140010616015 0.9845337999959378 20.187305453385655 0.06930053023338481 0.9975944999837054 -0.001603074050815191 -0.9410301659571125 -0.9821485982355082 0.06850903661248797 0.17518761749623687 21.229938814562725
0.14401590002232473 -0.010952600010651802 0.9895147999966325 21.177578502122678 0.0709383702348316 0.9974803999833304 0.0007162509564981208 -0.9525604705022106 -0.987029498723272 0.07009140677076128 0.1444300144198058 21.36859808633915
0.11322800002243215 -0.01188899001062021 0.993497899997316 22.171327031624248 0.06960632023609055 0.9975664999836716 0.004004713963794714 -0.9622156633232318 -0.9911278991320769 0.06870027663164946 0.11378001135392614 21.479821731086123
0.0834750600224948 -0.011821210010636438 0.996439799997989 23.167915214418677 0.07016375023705552 0.9975176999834996 0.005956142970869321 -0.9679647173615823 -0.9940367994224079 0.06941674670330657 0.08409726838511651 21.562155981603496
0.05575869002251211 -0.011194870010700514 0.9983814999986226 24.166647800619145 0.07276066023772551 0.9973239999828172 0.0071193889774722316 -0.9704472428488176 -0.9957895995976642 0.07224591698625535 0.05642402561746878 21.612426657478647
0.030224050022492455 -0.010553590010800537 0.9994874999992056 25.166356206758003 0.07695768023814462 0.9970005999817527 0.008200161983557617 -0.9712632688719663 -0.9965761996767342 0.07667038742876484 0.030945583069340244 21.636559504072128
0.007200764022455747 -0.010110890010902235 0.9999229999997278 26.16635579167064 0.08125250023837471 0.9966482999806704 0.009492646989043549 -0.9703698824561898 -0.9966675996863661 0.08117787787958787 0.007998165774279175 21.63617501553967
-0.013587799977611243 -0.009968577011040808 0.9998580000001939 27.166105302916815 0.08719664023842658 0.9961290999791961 0.011116369993987766 -0.9685585129717046 -0.9960984996303944 0.08733528849544983 -0.012665971292521469 21.613865767113378
-0.03162963997767039 -0.010651860011146156 0.9994429000005874 28.16525319063046 0.09165357023839597 0.9956991999780792 0.013512539998262225 -0.9655823735209148 -0.9952885995500509 0.09202989896502961 -0.03051732307822024 21.57269971609549
-0.04749040997772138 -0.010302370011223503 0.9988186000009429 29.163724837945917 0.09488928023831594 0.9953780999772509 0.014778540002042075 -0.9618724465869237 -0.9943544994570459 0.09547900931000931 -0.04629333465610974 21.517558130396424
-0.06213431997776824 -0.010862170011285048 0.9980087000012606 30.161363707667622 0.0973747302381976 0.9951043999765976 0.016892940005513335 -0.9573988418447311 -0.9933063993524897 0.09823044958523186 -0.060772436104506874 21.449025444274834
-0.07560867997779158 -0.011935090011295215 0.9970662000015481 31.158256180455407 0.09751631023809249 0.9950465999764975 0.019305690008703198 -0.9515590062580143 -0.9923577992573501 0.09868987963121365 -0.07407029743484829 21.37046780647721
-0.08805538997781291 -0.011988090011295822 0.9960435000018247 32.15421871006171 0.09729037023796472 0.9950432999764913 0.02057702001167475 -0.9445912006791078 -0.9913530991565366 0.09871733963396168 -0.08645259867335875 21.280968098809378
-0.09947787997783879 -0.009193596011296807 0.9949973000021105 33.148976312751465 0.09735338023780792 0.9950698999764583 0.01892746001446888 -0.936041622794362 -0.9902658990475659 0.09874920963707728 -0.0980924098369209 21.179064620458735
-0.10979669997787127 -0.0053606820113063555 0.9939396000023829 34.14253517482694 0.09798071023762542 0.9950565999763245 0.016190260017023048 -0.9266975542601095 -0.989112998932186 0.09916453967852429 -0.10872871089987156 21.0661334212795
