0.9999794999989183 0.0005025122880768155 -0.006380358170464089 -0.05013871230494884 -0.0005005160142490648 0.9999998000001049 0.00031448744383338027 -0.021831646976441355 0.006380514829718003 -0.00031128745633588893 0.9999796000009755 0.9985035155513845
0.9999095999977273 0.0010615159880575753 -0.013405990170451023 -0.10750757682975237 -0.0010587620167511337 0.9999994000000582 0.00021260184394228035 -0.04681778784219347 0.013406209829928793 -0.00019838875643103635 0.9999101000022095 1.9965437463926403
0.9997799999964493 0.001386755987950022 -0.020929250170421618 -0.18422846280461963 -0.0013955060194294601 0.9999988999998295 -0.0004034728559215918 -0.07231435816247668 0.02092866983007085 0.0004325909435137001 0.9997809000037113 2.9932701885999844
0.9995453999948979 0.002025308987708252 -0.03008212017036494 -0.29049827302757825 -0.0020800740226862412 0.9999961999993163 -0.0017893313557282202 -0.07104078231835993 0.030078389830354723 0.001851090643405812 0.9995458000057654 3.9876066294867476
0.9991402999929736 0.0022307069874048222 -0.04139680017027426 -0.41346992709969177 -0.002379114026710634 0.9999908999986797 -0.0035360423554469 -0.07606560197878082 0.041388539830530306 0.0036314896433726866 0.9991365000083162 4.980003974794883
0.9984891999906713 0.0021456309872415324 -0.05490591017015151 -0.5483713955327649 -0.002394373031514738 0.9999870999983396 -0.004464951355051803 -0.08202376249395153 0.05489561983064672 0.004589670643388543 0.9984816000109499 5.970844972303266
0.9974752999879332 0.002223073987237128 -0.07097932016997895 -0.7099309791193393 -0.002545053037228567 0.9999868999983293 -0.004446103354498172 -0.08862284769083163 0.07096850983087323 0.004615523643375412 0.9974679000136831 6.957685845917573
0.9959797999847491 0.0009912398872429565 -0.08957233016972335 -0.8801101427787347 -0.001397593043836342 0.9999889999983564 -0.004473982353741977 -0.09732715506593531 0.08956690983071938 0.004581181643584646 0.9959703000168625 7.943060494995695
