0.9999797937490074 0.00045939113557045815 -0.0063404300703709 -0.008494171748678551 -0.0004571627788272578 0.9999998332329963 0.00035289683080355676 -0.001540489070721932 0.006340591130672218 -0.0003499910914516816 0.9999798370019015 0.09127258568047461
0.9999106778043513 0.0009244677586943992 -0.013333483123545632 -0.016418575912867182 -0.0009202526421718301 0.9999995246409991 0.0003222620837503661 -0.0030356117538046447 0.013333774706260694 -0.0003099631255196645 0.9999110532317078 0.18530694402252557
0.9997779941068043 0.001027377556466933 -0.02104535566653484 -0.02345875644606025 -0.0010339466620862502 0.9999994200976828 -0.0003012616772167356 -0.004407423067308669 0.021045033952798525 0.0003229545705928399 0.9997784765868241 0.283095112875863
0.999548834000012 0.0016837798410637816 -0.029988219931547946 -0.0388928688439828 -0.0017332901870322302 0.9999971774147187 -0.0016250746823719252 -0.00583554052384256 0.02998539901924935 0.0016763197912617216 0.9995489311672608 0.38637271464867207
0.9991442376113538 0.0017595611565253597 -0.04132428332787426 -0.055118821714369104 -0.001893782497626592 0.9999930576727931 -0.0032090799413176255 -0.006900483771658893 0.04131834986876488 0.003284592935894985 0.9991406334512513 0.4999158663975929
0.998511245736995 0.0015558467857459477 -0.05452404494838127 -0.07620985678636727 -0.0017725840823812904 0.9999907184906488 -0.003926942605512662 -0.008927483609023451 0.05451742916191762 0.004017744807150679 0.9985047359147776 0.6261179204192995
0.9975041090763719 0.0014806758208103757 -0.07059291731375725 -0.10061250459901441 -0.001773831606840575 0.999990061608013 -0.0040902575264886555 -0.008625440608329505 0.07058615938825312 0.004205268637803224 0.9974968219590978 0.7648449314867128
0.9960374691498656 -2.461163704286888e-05 -0.0889345795728386 -0.1297811310549584 -0.00035232478835051854 0.9999910224828746 -0.004222655668949882 -0.009222670215062975 0.08893388508759612 0.004237257122517225 0.9960285185351391 0.9165658694530838
0.9940573187886559 -0.0012223961899431753 -0.10885105746047127 -0.16241959805559877 0.000753140441510044 0.9999902464022795 -0.004351997217810827 -0.01219070182205703 0.10885531563586302 0.0042441545522381155 0.9940485437894637 1.079248316328874
0.9913761309036923 -0.001440224348905729 -0.13103927971508927 -0.2038766752494902 0.0008351694103949503 0.9999887364780847 -0.00467219531053544 -0.016471410171369206 0.13104453276073946 0.004522462911806779 0.9913661673482361 1.248375242652604
0.9879553012074967 0.0020286352804052303 -0.1547262338936186 -0.2605188858400098 -0.0030377188857075924 0.9999756315563988 -0.006285583294561685 -0.02003100497637237 0.15470971230008498 0.006679890139856555 0.9879373886981627 1.4209664623441358
0.9837364284192118 0.006331274845424003 -0.17950641871488648 -0.32691610809480165 -0.00785293290193195 0.9999389963383823 -0.007767563751027789 -0.026390051815082326 0.17944628958507383 0.009050887283588712 0.9837261359715569 1.5975811471023773
0.9785666768359287 0.009276264215369468 -0.20572119460204677 -0.4009759224299287 -0.011255259386613481 0.9999009397580295 -0.008451615653197185 -0.035560898508570096 0.20562241639088516 0.010585914850213693 0.9785741465440205 1.7797574455325447
0.9721211203641188 0.010038054454909092 -0.234264305443169 -0.48030658928752423 -0.012449351634092796 0.9998836347140417 -0.008816500151835032 -0.03788608574014598 0.23414854470165042 0.011487144719070804 0.9721329664815936 1.9686001939330264
0.9643413126817849 0.012036825233402479 -0.26438787319669627 -0.5670242841863022 -0.014669459716957364 0.9998605111387472 -0.007985312578444245 -0.04549710669193677 0.2642548762213942 0.011578994069582233 0.964383371533102 2.161877975586215
0.9551705142801461 0.013754052844746768 -0.2957365629747952 -0.6632296490078212 -0.016617618830419734 0.9998361991182343 -0.00717144875245374 -0.04699486631302349 0.295589484579895 0.011764393870748499 0.9552426161152184 2.358311070831901
0.9442458746283279 0.015908630972631302 -0.32885657011524155 -0.7677895035717374 -0.018949253614823254 0.9998021845820003 -0.006042970503039604 -0.050580585213359446 0.32869538182765096 0.011937636518010416 0.9443605449189093 2.555342535454054
0.9322120969195647 0.01831803698555816 -0.3614485521866475 -0.8825713816867965 -0.0218356756910597 0.9997456092821027 -0.005649777718807738 -0.053307371013534936 0.3612531101927606 0.013159264498929886 0.9323749375299109 2.7478567345051332
