0.9999789390300364 0.00032394376022861984 -0.006482017957626378 -0.004658308710019074 -0.000320762556535404 0.999999827618491 0.0004918072493333233 -0.002146923412289243 0.0064821761581359974 -0.00048971770274402 0.9999788705611866 0.07141391790583052
0.9999071648614332 0.0008975658478224552 -0.01359617719507103 0.002846320252322691 -0.0008911015217818354 0.9999994870466546 0.00048150234220538954 -0.0006165235545355067 0.01359660240092446 -0.00046934206767979155 0.9999074517780007 -0.01426467899834763
0.9997762863988165 0.0011322375626914823 -0.02112096571403341 -0.0043033986075239564 -0.0011369353142069369 0.9999993315516612 -0.00021041464317945362 -0.0010677513863986642 0.021120713356396214 0.00023438074235231906 0.9997769053808878 0.06924382909384781
0.9995349339255479 0.001554371767961636 -0.03045488123204012 -0.014660973886345107 -0.0016094279772517115 0.9999971146692459 -0.0017833661343619 0.0009974890515246444 0.03045202134566349 0.0018315516891732042 0.9995345515860735 0.17356823054714993
0.9991224735941716 0.001636373932491607 -0.04185218082032539 -0.03042074327575036 -0.0017742130593107726 0.999993123521565 -0.0032565438127399255 -0.0007677128986800154 0.04184656410130133 0.003327940795324565 0.9991185064260287 0.27772764827900387
0.9984642936191146 0.001702143768051967 -0.055372891149691454 -0.04896988505156729 -0.0019413515859097305 0.9999890142574127 -0.004266440965026794 0.0001184124871344964 0.05536502074146259 0.004367387214462991 0.9984566292069056 0.39527854479802393
0.9974213487921147 0.0015391611749132293 -0.07175154323494658 -0.07102363424878333 -0.001855124496158711 0.9999888737885173 -0.004337143331348521 -6.947463360368664e-05 0.07174406934947668 0.0044590673969507055 0.9974131066068496 0.5299576263596446
0.9958993958609217 6.0150173512370404e-05 -0.09046761689028873 -0.10281817439063695 -0.0004664406775186428 0.9999899012998009 -0.004469869294361541 0.00026301844766693863 0.0904664344215344 0.004493737906347747 0.9958893666279819 0.7017485196833979
0.9938714717663546 -0.0011918367526537108 -0.11053541122253731 -0.13658970840560172 0.0006898602983320894 0.9999892763030602 -0.004579451020650532 -0.0027392974246751313 0.11053968383231962 0.004475131734013641 0.9938616359907517 0.8605202334784158
0.9911479166664137 -0.0017182763687913227 -0.13275110099034435 -0.19101401266444595 0.0010687488177282527 0.9999871085462134 -0.004963921569492618 -0.004458830720148646 0.1327579190247902 0.00477810293986253 0.9911369757346876 1.0626304282345125
0.9876228588342207 0.0018882487964301483 -0.15683597554325332 -0.26286511375496424 -0.0029396939193489114 0.999974732689992 -0.006472416955015172 -0.010693566385356141 0.15681979118651354 0.006853356700318832 0.9876034551347802 1.2808070106099632
0.9833164180539897 0.006227923036923342 -0.18179668577869543 -0.348443166707629 -0.00779118015731452 0.9999385520942194 -0.007886034965201029 -0.020205683783560236 0.1817364011342467 0.009170878385534527 0.9833045181897667 1.4965409100482914
0.9779367879262062 0.008919161849838075 -0.20871053488616914 -0.43092569311132733 -0.010986696444212945 0.9999013687175664 -0.008749019258194992 -0.027064671307806286 0.20861191557966466 0.010849027082367402 0.9779383248904546 1.7068303620313365
0.9712256080441052 0.009354249663799576 -0.23797755417808888 -0.51084240493532 -0.0118270781846601 0.9998898656838939 -0.008965306701887 -0.02949763197361335 0.23786748096570878 0.011521914592300554 0.9712292762181107 1.9065503459966897
0.9632247265330879 0.011258358765303775 -0.26846112484523627 -0.6027707851718435 -0.014027785777722982 0.9998663222133194 -0.008399936296510641 -0.034131116042354526 0.2683306680598252 0.011856941491077364 0.9632538946285368 2.106573999727583
0.9538343017763259 0.012738604447395396 -0.30006308122060144 -0.7303919352393876 -0.015686811220931428 0.9998494356923375 -0.007418214032607011 -0.03755186109152314 0.29992340473625473 0.011782779911697662 0.9538905164582383 2.362680706106834
0.942692713705708 0.01530610356766616 -0.33331092199287987 -0.8511683578376923 -0.018463500707338074 0.9998096418423631 -0.0063070770311038915 -0.04309986534242094 0.33315093676560165 0.012099722005981323 0.9427958687115571 2.5783599807549664
0.93022513773697 0.017750567872838893 -0.3665598320362263 -0.9738397079135243 -0.021364804815955245 0.9997548937982833 -0.0058049497465556335 -0.04514380097390264 0.36636694479361925 0.013231389442369235 0.9303763712046931 2.7854460510090684
0.9163364302243477 0.02005779358829549 -0.39990652852894015 -1.071930479493952 -0.024167708166233474 0.9996942039694113 -0.005236452230023588 -0.044080429003315776 0.39967920702194465 0.0144631762187591 0.9165409690832015 2.938030394760681
0.9003271803814931 0.020861680699979776 -0.43471342116925993 -1.2123935150725766 -0.02535210756689196 0.9996683075746661 -0.00453271140931503 -0.04487682897613541 0.43447467004214074 0.015101824696886323 0.9005574362485699 3.1422183972357587
0.8819710578179067 0.016285401842601775 -0.4710221214108607 -1.3830991977372857 -0.02124506309849172 0.9997607008253651 -0.005214247703793777 -0.04718572315946626 0.4708244900868091 0.014605710253198763 0.8821059872614488 3.3854910220079772
0.8607561176049504 0.01148358106159594 -0.5088880361844388 -1.5019998633582556 -0.016720623261861006 0.9998438417804802 -0.005719511463885004 -0.049555745088846276 0.5087428886612451 0.013432029617758972 0.8608137160948118 3.543522208181077
0.8356150669094339 0.013188868891666225 -0.5491570938186093 -1.6603506611977632 -0.017415143380137058 0.9998452528535795 -0.002486589473869037 -0.055779248630195816 0.549039318022846 0.011641481156653852 0.8357154439050932 3.7243808584890887
0.8064172439577422 0.018947970564935156 -0.5910433174134275 -1.871609234860241 -0.02245687604008993 0.9997468178050574 0.001410321659088822 -0.06354687246994171 0.5909203985023018 0.01213567880806058 0.8066385856960648 3.924128175155649
0.7740262158424266 0.022193936515135057 -0.632764447777066 -2.147084432426706 -0.02590042367578196 0.9996588135505802 0.003380021310883206 -0.06785554625284736 0.6326235731002029 0.013772642179668556 0.7743369609448605 4.153107756302318
0.7378090281936519 0.02140465927257196 -0.6746700515639951 -2.3326432678967786 -0.02527978372066149 0.9996721295760584 0.004070120871097444 -0.06911840265321212 0.6745359667586117 0.014052541061810253 0.7381082275918149 4.3063508597855735
0.6980121805891069 0.017385429718160532 -0.715874809294722 -2.5717679226594 -0.019336490775874016 0.9997983053427139 0.005426671015690748 -0.07261424822296593 0.7158247661779481 0.01005462417760599 0.698207568462941 4.487937022224685
0.6552649086050092 0.013810474109557274 -0.7552729111756479 -2.7857395467431605 -0.014092881502483952 0.9998823480834926 0.0060564578755827655 -0.07310724357665224 0.7552676944248481 0.006675387322920701 0.6553824448078107 4.633598354365444
0.6096877340277553 0.01326526998628135 -0.7925306931521907 -3.0866702931294485 -0.011355594950150523 0.999903516765343 0.008000476462572305 -0.07267669119107484 0.792560355707645 0.00412186517139025 0.6097795444159141 4.819394725288951
0.5617911608043741 0.01393891759525943 -0.8271616518059489 -3.3845045459576495 -0.00865186061230382 0.9999023569216839 0.010973692651388426 -0.07437247339547928 0.8272338465935848 0.0009915637823341658 0.561856903358183 4.964500242527514
0.5112229061945649 0.014773253626215992 -0.859321180443772 -3.709278584111883 -0.006759501123500858 0.9998904430727122 0.01316856090910887 -0.07534162793289752 0.8594215783458918 -0.0009234874936969737 0.5112667580082874 5.096208151997946
0.4582897520101397 0.01625914442527801 -0.888654119117805 -3.712268790710568 -0.005203738622880401 0.9998646112576204 0.015610261336466853 -0.07533670562518732 0.888787614847793 -0.0025296990346677416 0.45831231307479053 5.097319552402893
0.4040602032325819 0.01841657644918357 -0.9145469817759695 -4.0534732490278556 -0.0039781776978278435 0.9998232290759917 0.01837619934214029 -0.07156952934449849 0.9147237431409817 -0.0037868604343106755 0.40406204155080216 5.19219598081035
0.3487192813036805 0.020511442397994722 -0.9370027447013151 -4.40360034053328 -0.0031955680886450737 0.9997806995419167 0.02069640471355645 -0.07065410030212382 0.9372217726833042 -0.004222979307341104 0.34870835271632744 5.276734960200648
0.2934979326107665 0.02376596213200366 -0.9556642415603639 -4.756312995126515 -0.0005067269294957433 0.9996946488097639 0.024705310541310085 -0.07025190493046926 0.9559595738215213 -0.0067666967616266845 0.2934203555207298 5.348908957795048
0.2400223651655684 0.02551193160314362 -0.9704320715878069 -5.089892339592119 0.0038049301667539663 0.9996222144468054 0.02722041312860078 -0.0653681670091555 0.9707599016887505 -0.010225934203880599 0.23983461706539652 5.399459620459349
0.18910583318792712 0.025990995533785477 -0.9816126792199976 -5.4983271024240485 0.006713290759258905 0.999592064034901 0.027760353845525044 -0.06377881969084306 0.981933763337162 -0.011839496172128632 0.18885420500721908 5.447763483699541
0.14165260769884822 0.02714366991208798 -0.9895442182721392 -5.932879919748834 0.005337972427242673 0.9995885186846497 0.028183317125463535 -0.05891057730560624 0.9899020379726887 -0.009274400117099561 0.14144942813594483 5.466718045164759
0.0993644415157955 0.027422759112160675 -0.9946731624231799 -6.295918520934818 0.0032818458967682216 0.9996057059859911 0.02788659261650751 -0.048986104863457634 0.9950456960611227 -0.006035299737841719 0.09923526544183041 5.468129532205728
0.0614347052742158 0.025940170703496933 -0.99777396464918 -6.623960732927477 0.0019041223507985567 0.9996573570387651 0.026106375396533977 -0.04214797506222496 0.9981092882575253 -0.003503721185397452 0.061364261846058234 5.468091793930163
0.027155310288910148 0.02327446154096095 -0.999360239634883 -7.094314560657737 0.0028701381044875466 0.9997229769852756 0.023360898847434274 -0.035457220709336906 0.9996271061902905 -0.0035026743607157683 0.027080986724058228 5.453747700555104
-0.004352799990037777 0.020519398392981118 -0.9997799795064092 -7.477641956840834 0.0033665013394773217 0.9997840860855561 0.02050482574423636 -0.030509162154804637 0.999984859785876 -0.0032765072348956686 -0.004420938742128137 5.432796077693181
-0.030808769352551817 0.018758954098829356 -0.9993492489475833 -7.926928766635445 0.0030771608395804527 0.9998209101139656 0.018672942458266777 -0.027973494690431748 0.9995205604749452 -0.002499867996595395 -0.030860976132503774 5.3991145301286965
-0.051613291590373575 0.016304498039528575 -0.9985340412198703 -8.478340525406173 0.002147134250210258 0.9998662185158181 0.016215267046541255 -0.018908691811851213 0.9986648376436005 -0.0013070633336150952 -0.05164139463379402 5.350589821003553
-0.0679089994858574 0.015522412882102153 -0.9975707606416434 -8.941028325954457 0.0027696964119023944 0.9998780420492889 0.015369769336826987 -0.010076594873811209 0.9976876748615351 -0.0017192224983755256 -0.06794370981470864 5.3110114805100475
