0.9999789390300364 0.00032394376022861984 -0.006482017957626378 -0.004659591578453187 -0.000320762556535404 0.999999827618491 0.0004918072493333233 -0.0021475146612698354 0.0064821761581359974 -0.00048971770274402 0.9999788705611866 0.07143358484221038
0.9999071648614332 0.0008975658478224552 -0.01359617719507103 0.0028440584388162897 -0.0008911015217818354 0.9999994870466546 0.00048150234220538954 -0.0006173144372897205 0.01359660240092446 -0.00046934206767979155 0.9999074517780007 -0.014233835674612602
0.9997762863988165 0.0011322375626914823 -0.02112096571403341 -0.004306277553113953 -0.0011369353142069369 0.9999993315516612 -0.00021041464317945362 -0.0010685812171419547 0.021120713356396214 0.00023438074235231906 0.9997769053808878 0.06928188050234911
0.9995349339255479 0.001554371767961636 -0.03045488123204012 -0.01467475339028304 -0.0016094279772517115 0.9999971146692459 -0.0017833661343619 0.0009988327288940231 0.03045202134566349 0.0018315516891732042 0.9995345515860735 0.1737160754347757
0.9991224735941716 0.001636373932491607 -0.04185218082032539 -0.0304551332026178 -0.0017742130593107726 0.999993123521565 -0.0032565438127399255 -0.0007686777296301916 0.04184656410130133 0.003327940795324565 0.9991185064260287 0.27801171150831344
0.9984642936191146 0.001702143768051967 -0.055372891149691454 -0.04905403391901504 -0.0019413515859097305 0.9999890142574127 -0.004266440965026794 0.00011982472898652022 0.05536502074146259 0.004367387214462991 0.9984566292069056 0.3958779438065164
0.9974213487921147 0.0015391611749132293 -0.07175154323494658 -0.07117045816328399 -0.001855124496158711 0.9999888737885173 -0.004337143331348521 -6.85963523960683e-05 0.07174406934947668 0.0044590673969507055 0.9974131066068496 0.5309397728864133
0.9958993958609217 6.0150173512370404e-05 -0.09046761689028873 -0.10316848720538097 -0.0004664406775186428 0.9999899012998009 -0.004469869294361541 0.0002660247247865729 0.0904664344215344 0.004493737906347747 0.9958893666279819 0.7038301486935837
0.9938714717663546 -0.0011918367526537108 -0.11053541122253731 -0.13713318882480408 0.0006898602983320894 0.9999892763030602 -0.004579451020650532 -0.002753463899158387 0.11053968383231962 0.004475131734013641 0.9938616359907517 0.8635100105044997
0.9911479166664137 -0.0017182763687913227 -0.13275110099034435 -0.19220631304848562 0.0010687488177282527 0.9999871085462134 -0.004963921569492618 -0.0044934966304538 0.1327579190247902 0.00477810293986253 0.9911369757346876 1.0680296642558136
0.9876228588342207 0.0018882487964301483 -0.15683597554325332 -0.265070748406722 -0.0029396939193489114 0.999974732689992 -0.006472416955015172 -0.01081616235106517 0.15681979118651354 0.006853356700318832 0.9876034551347802 1.2892832462037014
0.9833164180539897 0.006227923036923342 -0.18179668577869543 -0.35196762828427086 -0.00779118015731452 0.9999385520942194 -0.007886034965201029 -0.020474869162145352 0.1817364011342467 0.009170878385534527 0.9833045181897667 1.5083417792995266
0.9779367879262062 0.008919161849838075 -0.20871053488616914 -0.4357108954706466 -0.010986696444212945 0.9999013687175664 -0.008749019258194992 -0.02743869592540027 0.20861191557966466 0.010849027082367402 0.9779383248904546 1.7218454937432572
0.9712256080441052 0.009354249663799576 -0.23797755417808888 -0.5167475345749448 -0.0118270781846601 0.9998898656838939 -0.008965306701887 -0.029905751325079128 0.23786748096570878 0.011521914592300554 0.9712292762181107 1.9243642897888371
0.9632247265330879 0.011258358765303775 -0.26846112484523627 -0.6101339852027888 -0.014027785777722982 0.9998663222133194 -0.008399936296510641 -0.03461272679997698 0.2683306680598252 0.011856941491077364 0.9632538946285368 2.127560506403123
0.9538343017763259 0.012738604447395396 -0.30006308122060144 -0.7411519309973762 -0.015686811220931428 0.9998494356923375 -0.007418214032607011 -0.038124519235571516 0.29992340473625473 0.011782779911697662 0.9538905164582383 2.390483811484358
0.942692713705708 0.01530610356766616 -0.33331092199287987 -0.8644954011125986 -0.018463500707338074 0.9998096418423631 -0.0063070770311038915 -0.043790443774466954 0.33315093676560165 0.012099722005981323 0.9427958687115571 2.610747250280799
0.93022513773697 0.017750567872838893 -0.3665598320362263 -0.9895537018668581 -0.021364804815955245 0.9997548937982833 -0.0058049497465556335 -0.0458741504978883 0.36636694479361925 0.013231389442369235 0.9303763712046931 2.821862820785615
0.9163364302243477 0.02005779358829549 -0.39990652852894015 -1.0887057822715884 -0.024167708166233474 0.9996942039694113 -0.005236452230023588 -0.0447992732038371 0.39967920702194465 0.0144631762187591 0.9165409690832015 2.9760980752994217
0.9003271803814931 0.020861680699979776 -0.43471342116925993 -1.2321757738470258 -0.02535210756689196 0.9996683075746661 -0.00453271140931503 -0.045612722072576335 0.43447467004214074 0.015101824696886323 0.9005574362485699 3.184657223079671
0.8819710578179067 0.016285401842601775 -0.4710221214108607 -1.4080556044825812 -0.02124506309849172 0.9997607008253651 -0.005214247703793777 -0.047991599632951784 0.4708244900868091 0.014605710253198763 0.8821059872614488 3.4353035248038157
0.8607561176049504 0.01148358106159594 -0.5088880361844388 -1.528820127217388 -0.016720623261861006 0.9998438417804802 -0.005719511463885004 -0.05039877343368553 0.5087428886612451 0.013432029617758972 0.8608137160948118 3.595811968349854
0.8356150669094339 0.013188868891666225 -0.5491570938186093 -1.6908547713251596 -0.017415143380137058 0.9998452528535795 -0.002486589473869037 -0.056767059512345466 0.549039318022846 0.011641481156653852 0.8357154439050932 3.7808780838118823
0.8064172439577422 0.018947970564935156 -0.5910433174134275 -1.9099555812153568 -0.02245687604008993 0.9997468178050574 0.001410321659088822 -0.06482302924037078 0.5909203985023018 0.01213567880806058 0.8066385856960648 3.98804032152044
0.7740262158424266 0.022193936515135057 -0.632764447777066 -2.2001498100569346 -0.02590042367578196 0.9996588135505802 0.003380021310883206 -0.06936192158641782 0.6326235731002029 0.013772642179668556 0.7743369609448605 4.229254607083454
0.7378090281936519 0.02140465927257196 -0.6746700515639951 -2.390253042239219 -0.02527978372066149 0.9996721295760584 0.004070120871097444 -0.07065570575402837 0.6745359667586117 0.014052541061810253 0.7381082275918149 4.386250684408534
0.6980121805891069 0.017385429718160532 -0.715874809294722 -2.639165272733428 -0.019336490775874016 0.9997983053427139 0.005426671015690748 -0.07429463925962829 0.7158247661779481 0.01005462417760599 0.698207568462941 4.5752693230950054
0.6552649086050092 0.013810474109557274 -0.7552729111756479 -2.8606321662303635 -0.014092881502483952 0.9998823480834926 0.0060564578755827655 -0.07480490387979395 0.7552676944248481 0.006675387322920701 0.6553824448078107 4.726033065109747
0.6096877340277553 0.01326526998628135 -0.7925306931521907 -3.174925231868521 -0.011355594950150523 0.999903516765343 0.008000476462572305 -0.07435523354598485 0.792560355707645 0.00412186517139025 0.6097795444159141 4.920079408672913
0.5617911608043741 0.01393891759525943 -0.8271616518059489 -3.4865479706619555 -0.00865186061230382 0.9999023569216839 0.010973692651388426 -0.07612952340658896 0.8272338465935848 0.0009915637823341658 0.561856903358183 5.0719027072577205
0.5112229061945649 0.014773253626215992 -0.859321180443772 -3.828157994733923 -0.006759501123500858 0.9998904430727122 0.01316856090910887 -0.07714891801934329 0.8594215783458918 -0.0009234874936969737 0.5112667580082874 5.210438233004688
0.4582897520101397 0.01625914442527801 -0.888654119117805 -3.8311482013326077 -0.005203738622880401 0.9998646112576204 0.015610261336466853 -0.07714399571163309 0.888787614847793 -0.0025296990346677416 0.45831231307479053 5.211549633409636
0.4040602032325819 0.01841657644918357 -0.9145469817759695 -4.189562285135341 -0.0039781776978278435 0.9998232290759917 0.01837619934214029 -0.07318681109034977 0.9147237431409817 -0.0037868604343106755 0.40406204155080216 5.3112114266049435
0.3487192813036805 0.020511442397994722 -0.9370027447013151 -4.5570167432166695 -0.0031955680886450737 0.9997806995419167 0.02069640471355645 -0.07222607857110545 0.9372217726833042 -0.004222979307341104 0.34870835271632744 5.399934137906847
0.2934979326107665 0.02376596213200366 -0.9556642415603639 -4.924774333089646 -0.0005067269294957433 0.9996946488097639 0.024705310541310085 -0.07180672758210188 0.9559595738215213 -0.0067666967616266845 0.2934203555207298 5.475186712661856
0.2400223651655684 0.02551193160314362 -0.9704320715878069 -5.270196390892488 0.0038049301667539663 0.9996222144468054 0.02722041312860078 -0.06674960749796574 0.9707599016887505 -0.010225934203880599 0.23983461706539652 5.527532021837916
0.18910583318792712 0.025990995533785477 -0.9816126792199976 -5.69719933428134 0.006713290759258905 0.999592064034901 0.027760353845525044 -0.06508800558562838 0.981933763337162 -0.011839496172128632 0.18885420500721908 5.578031865772851
0.14165260769884822 0.02714366991208798 -0.9895442182721392 -6.153233728199641 0.005337972427242673 0.9995885186846497 0.028183317125463535 -0.059979107709263756 0.9899020379726887 -0.009274400117099561 0.14144942813594483 5.597923422345864
0.0993644415157955 0.027422759112160675 -0.9946731624231799 -6.526938190583262 0.0032818458967682216 0.9996057059859911 0.02788659261650751 -0.04976306008700501 0.9950456960611227 -0.006035299737841719 0.09923526544183041 5.5993763780483246
0.0614347052742158 0.025940170703496933 -0.99777396464918 -6.861841732014008 0.0019041223507985567 0.9996573570387651 0.026106375396533977 -0.042781903993449624 0.9981092882575253 -0.003503721185397452 0.061364261846058234 5.599337850439157
0.027155310288910148 0.02327446154096095 -0.999360239634883 -7.347372231163391 0.0028701381044875466 0.9997229769852756 0.023360898847434274 -0.03587526242040254 0.9996271061902905 -0.0035026743607157683 0.027080986724058228 5.584530923386291
-0.004352799990037777 0.020519398392981118 -0.9997799795064092 -7.738860971017466 0.0033665013394773217 0.9997840860855561 0.02050482574423636 -0.030821855782822295 0.999984859785876 -0.0032765072348956686 -0.004420938742128137 5.5631332238902855
-0.030808769352551817 0.018758954098829356 -0.9993492489475833 -8.197755447144205 0.0030771608395804527 0.9998209101139656 0.018672942458266777 -0.028231964943990537 0.9995205604749452 -0.002499867996595395 -0.030860976132503774 5.528731421327224
-0.051613291590373575 0.016304498039528575 -0.9985340412198703 -8.762105614277061 0.002147134250210258 0.9998662185158181 0.016215267046541255 -0.01895446416860284 0.9986648376436005 -0.0013070633336150952 -0.05164139463379402 5.479068121135915
-0.0679089994858574 0.015522412882102153 -0.9975707606416434 -9.230413627950115 0.0027696964119023944 0.9998780420492889 0.015369769336826987 -0.010015084810167062 0.9976876748615351 -0.0017192224983755256 -0.06794370981470864 5.439009027295477
-0.08080572420432519 0.015878941391740155 -0.9966033785594407 -9.7800292288376 0.003360443760713214 0.9998717504222749 0.015658547992318347 -0.0014930507845200194 0.9967242057628309 -0.0020837292948782723 -0.08084872119384459 5.383111401277675
-0.09006206491995586 0.01709255871523753 -0.9957894701687297 -10.361697620886975 0.0018331769205134037 0.9998538681122353 0.016996525626719966 0.00028820776001388555 0.9959344676858676 -0.0002947160799961915 -0.09008023766454216 5.3065260869632995
-0.09684624229563861 0.01856479267522986 -0.9951261999496042 -10.921374333166822 0.00017019145929427415 0.9998263217958601 0.0186359136891517 -0.00036514677603745327 0.9952993400922571 0.0016354562323888503 -0.09683258178335563 5.2424576883730305
-0.10141829320781098 0.019508252788264898 -0.9946525814956511 -11.484760587632682 0.0004947347479032614 0.9998085833640158 0.019558933231908927 0.006123905657706438 0.9948437490582852 0.001491544431188208 -0.10140853146982286 5.181177311775772
-0.10265909417815061 0.020100434557834227 -0.994513490563656 -12.101689251954069 0.0027785244080365105 0.9997977078500542 0.019920421177598648 0.01807829395109848 0.9947127174137446 -0.0007182676139131435 -0.10269417659730862 5.112190977594794
-0.10190500221844435 0.022345746356198022 -0.9945431303581773 -12.727855345877538 0.005046951942239343 0.9997464289696578 0.02194552433893951 0.026390571212377152 0.9947813321524244 -0.002783052676957407 -0.1019919399700077 5.051279553124102
-0.1002688192608942 0.02482339704269845 -0.9946506737761182 -13.348857777998507 0.004177406960892982 0.9996904139241782 0.024528056979499786 0.0308312091111915 0.9949516134742984 -0.0016956613361908644 -0.1003414748622108 4.984540837992753
-0.09853446378314339 0.024830019282982122 -0.9948238183665359 -13.998256327397359 0.0015885049859256806 0.9996913152180552 0.024794171280890218 0.03437783231482318 0.9951323711440999 0.000862797776517072 -0.09854349030310776 4.914365294652225
-0.0969152033750969 0.02229617256197525 -0.9950428754801722 -14.635612397820001 -0.0003000119684070839 0.9997483522677002 0.022430829918634022 0.04409043788601735 0.9952925968515907 0.0024724132151588913 -0.09688412576532361 4.849991023990528
-0.0955391823714931 0.022169458301105876 -0.9951787677349339 -15.345843587251418 -0.0006561980307043552 0.9997503431714253 0.022334294991412658 0.05645373950296676 0.9954254537814127 0.0027868346299097656 -0.09550078280733834 4.774032016649745
-0.09377314019653893 0.024760228148008562 -0.9952856521018165 -16.04480237685517 -0.0003310181595254366 0.99968986767755 0.02490098170398838 0.07156660917018626 0.9955935358391287 0.0026645008731203683 -0.09373586202963508 4.707982030782366
-0.09171559543267957 0.028411898871549202 -0.9953798338106621 -16.746685024768897 -0.0014344118870507903 0.9995880685975977 0.028664186363198917 0.08042663668481817 0.9957842095639834 0.004056737585642737 -0.09163706053335552 4.6339293279960865
-0.0899622290151359 0.0305902733538821 -0.9954752797165596 -17.472693479126978 -0.0020703132006126175 0.9995202852294065 0.03090167015193305 0.08584128942389982 0.9959430260581573 0.004840928739639154 -0.08985574135834667 4.56622368969611
-0.08797101113955623 0.029918318352136812 -0.9956736390133384 -18.259612807072994 -0.0036635141362601755 0.9995323774214386 0.03035795036595194 0.1014797565146002 0.9961162983624238 0.006318284041444283 -0.08782026772627208 4.484763950777192
-0.08618630166904084 0.026898340994451587 -0.9959158602293463 -19.032573345268936 -0.005831955660442615 0.9996047176493736 0.027502667984983332 0.11654453429502774 0.9962619684088053 0.0081784903780464 -0.08599536381310598 4.401913686264948
-0.08465848885854463 0.02631443024412377 -0.9960624935339721 -19.78892993018879 -0.006752634585065371 0.9996131076502692 0.026982159660290196 0.13101547880681194 0.9963871447335859 0.009010314905704158 -0.08444804340511251 4.332619986554137
-0.08296976988377498 0.028685825738136973 -0.9961391171353297 -20.570638926599553 -0.003995228372359133 0.9995680161502148 0.02911733572595733 0.14419377001812744 0.996544055943181 0.006395661908407213 -0.08281932185829101 4.261838937908524
-0.08196556991912103 0.030942119163430162 -0.996154722224168 -21.38088124279455 -0.0017124069628310754 0.9995120908231202 0.031187304480989 0.15474429524762892 0.996633690485239 0.004262107468419216 -0.08187259266506886 4.201633114303146
-0.08068588243189925 0.032705222599402464 -0.9962028692946577 -22.17596923533476 -0.0012857980514348344 0.9994572877859329 0.03291620596240646 0.16842940704950557 0.9967387496729303 0.003936788832559823 -0.08060004090651039 4.138336242701751
-0.08004551162349638 0.02803888491732891 -0.9963967768923808 -22.95270148935355 -0.0011844058711874346 0.9996009162382977 0.028224199515479484 0.18062662776138488 0.9967905062006083 0.003439358682963834 -0.07998035733969242 4.073981302440489
-0.07970809008910072 0.021185615294969887 -0.996593091526788 -23.790333607379438 0.00023950762134724354 0.9997745026065793 0.021234089899683683 0.18631307140976586 0.9968182196421006 0.0014538371098814437 -0.0796951902388769 4.0011028232330474
-0.0797936494966157 0.016581254395482237 -0.9966734848999863 -24.601651919803444 0.003202436044948285 0.9998607448223883 0.016377892617749808 0.19893948523323546 0.9968062589607818 -0.0018849312700539244 -0.07983563822452909 3.936385851448562
-0.08004210091684823 0.01736529126858029 -0.996640210276494 -25.416452411106256 0.004023353704399841 0.9998457232631214 0.017098020277698023 0.20837474605989373 0.996783363979248 -0.002641274617423884 -0.08009961899165903 3.8701615304799244
-0.07996228491618589 0.02486736971413167 -0.9964876551741537 -26.30261266969244 0.003663813300311512 0.9996893481594804 0.024653268517078067 0.2143204784133832 0.9967911563928941 -0.001679613043345405 -0.08002855388510666 3.7944103593374567
-0.08028048411999981 0.03194556140864789 -0.9962602696965007 -27.148150546719485 0.0019379134973811906 0.999489411932678 0.03189294476443972 0.2259845827536254 0.996770429116321 0.0006297148221522139 -0.08030140159740429 3.7242932955253973
-0.08062292414385328 0.037116343081218264 -0.9960533726556883 -28.00648502740847 -4.5751965924339336e-05 0.9993063025622416 0.037241261607800044 0.2415318663909647 0.9967446724258181 0.003048070809591676 -0.08056529808228595 3.6521886821096077
-0.08086266752725124 0.037379098633872475 -0.9960241121507531 -28.843560620294642 -0.0016174301253349243 0.9992903193319136 0.03763298565505185 0.257049041041461 0.9967239401760981 0.004654103011634922 -0.08074482277514873 3.5713577240563366
-0.08106587473044313 0.03390999239432843 -0.9961317364535698 -29.691841113870183 -0.0015809783369865253 0.9994154532429128 0.03415043669943829 0.2711467777943523 0.9967074919261344 0.004343297719584502 -0.08096487697287598 3.4908546674045455
-0.08147215394191606 0.03125914558494217 -0.9961853010104915 -30.51239971905296 -0.0017595935255723177 0.999501978410326 0.03150712593161037 0.2870063461040655 0.9966740650597308 0.004319834620095899 -0.08137657566010933 3.4200150651900443
-0.08149030858051853 0.03257953621344893 -0.9961415077324948 -31.352074193382396 -0.0034093965096034674 0.9994506363555071 0.032966672625751606 0.29987777288467565 0.9966683027080229 0.006082705704679765 -0.08133446421055508 3.3395313910676347
-0.08118134109115567 0.0350730821370018 -0.9960820592541821 -32.19389725610916 -0.0044068405643934855 0.9993582679911814 0.03554760123985265 0.30897139815288366 0.9966896054514065 0.007275376765410829 -0.08097468294497885 3.260674186150988
-0.0810088069379048 0.03342251760614263 -0.9961528539914765 -33.02657719541684 -0.0053264703059510594 0.9994088317802124 0.033964918280376045 0.3186954480383625 0.9966991531613619 0.008057436104610727 -0.08078289305814075 3.183101275413927
-0.08064537732713523 0.0281759476976843 -0.9963445383435897 -33.85929130155019 -0.0062858996633664175 0.9995661251080687 0.02877584059353526 0.3326609051214644 0.9967230360442086 0.008583560320742116 -0.08043327614261456 3.107518516566132
-0.08038333686290636 0.024125206184862174 -0.9964720234815034 -34.70846435006581 -0.007443437515756899 0.9996646482659092 0.024802948319641055 0.3424414977473529 0.9967362311026586 0.009410920992955405 -0.08017680570670539 3.0290170793607665
-0.0797735336315594 0.02492000212614565 -0.9965014685518366 -35.57145281746633 -0.00665927743486384 0.999651827853214 0.025531883866557505 0.35121642369920536 0.9967907690964934 0.008672748339641836 -0.07957980950126259 2.942773489655586
-0.07918464072578298 0.027345727426101373 -0.9964848237001233 -36.412184930840034 -0.005694065915884382 0.9995949606122648 0.027883549485533766 0.35987231054256597 0.9968437040411466 0.007881999118498548 -0.0789968594529031 2.878417136050753
-0.078906038491361 0.032206448738889414 -0.9963616721598784 -37.23085049541846 -0.005214140050997866 0.9994509814180371 0.032719237247420964 0.3744796932991385 0.9968684215246901 0.007776914693741036 -0.07869478867573007 2.811397156448736
-0.0782089249132236 0.03777356192779967 -0.996221121078651 -38.07722885837385 -0.004556827259761401 0.9992579470564833 0.03824644519153609 0.3917798195234108 0.9969265767293202 0.007530820921463874 -0.07797876215359134 2.738433963398118
-0.07847324540933111 0.04121351164945355 -0.9960639518687779 -38.885339228828016 -0.004468971865978868 0.9991205133964425 0.041692061605206644 0.4008622191605349 0.996906203233477 0.007723093159583671 -0.07822004721719608 2.6742897330781488
-0.07795717399950815 0.04111513677019001 -0.9961085405468517 -39.73994026726131 -0.004159058340948558 0.9991271361366293 0.04156522668211962 0.417175566617924 0.9969480333777311 0.007383181142838518 -0.07771812774690995 2.5951845060013947
-0.07789857514040224 0.03676445542127074 -0.9962831860513719 -40.55838357094988 -0.0037664591496306987 0.999301845901103 0.03717034522471199 0.43412051197614737 0.9969541743613735 0.006647976852208375 -0.07770571811136688 2.5264012389188784
-0.07759226790866515 0.03249767254717693 -0.9964553884845053 -41.385692725537034 -0.004877266445841172 0.9994442785738075 0.032974934391134254 0.4470434662986436 0.9969732454949857 0.007418578374580699 -0.07739064841499896 2.464321224372821
-0.07750340125366229 0.029554225895359016 -0.9965539476244324 -42.1967427668928 -0.008484599384580727 0.9995047897936203 0.030301596540375206 0.4634213496491597 0.9969559841675036 0.010803837806011077 -0.0772142650114886 2.3888844897345285
-0.07797538190618586 0.027635908383825784 -0.9965721731938862 -43.03598170964969 -0.01161853693499467 0.999522643917573 0.028626803794984532 0.47776086915316557 0.9968875811324331 0.013810896561308482 -0.07761707106106353 2.3056685930488783
-0.07848271389114199 0.02586360383163838 -0.9965799203361069 -43.864620657728125 -0.009572892243934256 0.99959776586278 0.026695808963705145 0.4836563944697972 0.9968695116986807 0.011635311726837232 -0.07820355597191297 2.2362624919879788
-0.0797094544853513 0.022358646418453868 -0.9965673553734249 -44.69425040969717 -0.006170535723161095 0.9997181932831865 0.022922881744937233 0.48687341068556367 0.9967990406067492 0.007976524865989116 -0.07954902699923697 2.171913408348143
-0.08046763698585144 0.020945104844350436 -0.9965371352744322 -45.5139125167558 -0.0018346934270399937 0.9997743913696626 0.02116129158277106 0.49456055384205283 0.9967555333671044 0.003531139261123502 -0.08041105494629774 2.11378137718253
-0.08218404970441008 0.02437524276209004 -0.9963190400240638 -46.35058108399162 -0.0016696021701078246 0.9996960886354426 0.024595584880063803 0.5004614624761433 0.9966157706974015 0.0036848212016361986 -0.08211837607950685 2.0354269553250885
-0.08399878692292492 0.03051507164286818 -0.9959985111425155 -47.163768362748435 0.0006302623227107998 0.9995324238578561 0.03057018852158156 0.5050694306082392 0.9964656574939652 0.00194011841676888 -0.08397874359412186 1.967452414364627
-0.0857811264138355 0.03411431235768781 -0.9957297886693636 -47.97697952044101 0.0024587922888438434 0.9994178265852275 0.034028844296297774 0.516452332097921 0.996310971881597 0.0004707398681452154 -0.08581506693071225 1.8910778290175574
-0.08740111678953935 0.03329330949991631 -0.9956166934751967 -48.779192599916605 0.002530725130199582 0.9994455510972926 0.03319918405843127 0.5237280058292735 0.9961699856019831 0.000382013576984571 -0.08743691355125878 1.8235023183304047
-0.08860280637785221 0.029522196530067057 -0.9956294404114459 -49.56927396187909 -0.000728097166741444 0.999558488678646 0.029703494491018154 0.530076757404497 0.9960667711436232 0.0033567279458213296 -0.08854219220808296 1.7490356463477232
-0.08993036801667324 0.025826943540242293 -0.9956131266188462 -50.38321180961135 -0.005713556191345091 0.999633879955195 0.02644733108221493 0.5397321828152368 0.9959316664229692 0.008066909761060028 -0.08974987901313765 1.6667531556135877
-0.09112652645066702 0.024474094783603097 -0.9955385350962357 -51.17366336365888 -0.010202279924984587 0.999622547293112 0.025508359954408817 0.5445954749798875 0.9957870604006493 0.012481251049259538 -0.09084243893069584 1.5810982460513219
-0.09197061774944183 0.025676596229162914 -0.995430619318529 -51.9753622482987 -0.012073969277794406 0.9995652425563094 0.026898794382396014 0.5477489119974591 0.9956885179295095 0.014492697451892049 -0.09162061440474499 1.4950152411219695
-0.09297558918267085 0.027235543703994638 -0.9952958178226625 -52.76738045830823 -0.011898532724564485 0.9995240351882373 0.028462747583940462 0.5538301805015231 0.9955972904418412 0.014488900585359753 -0.0926072730658335 1.4176479412886307
-0.09378588448184022 0.026633229207146836 -0.9952360920776328 -53.55281042209493 -0.013775566788407377 0.9995117146166203 0.02804578584749015 0.56245959467317 0.9954970826836286 0.016340240088344248 -0.09337320237754615 1.3296379778889076
-0.09413985907532894 0.026449496390704375 -0.9952075718532065 -54.34609033747543 -0.014587130563156307 0.9995030647331176 0.027943500336216776 0.5711348314852577 0.9954521096241691 0.01714781997178746 -0.09370725540215391 1.2444244713520785
-0.09467104712774212 0.028150380485514083 -0.9951105209544603 -55.13738586675336 -0.012712272994712151 0.9994844274655424 0.02948351012322083 0.5792795141102574 0.9954274413291221 0.015441351378650147 -0.09426438201439759 1.1643838727204205
-0.09501732756872505 0.031063177551493515 -0.9949908474262974 -55.920284852545464 -0.011791089638533692 0.9994077899967561 0.032327070682903296 0.589229044334828 0.9954057854296566 0.014803658135938955 -0.09459478864588974 1.0858678724681736
-0.09522666082123896 0.035272284731276596 -0.9948305126998629 -56.673832714799616 -0.012004463281958805 0.9992586829631337 0.03657837317455378 0.5996605499724685 0.9953832306856223 0.01542564269716383 -0.09473264282828063 1.0087902239125885
-0.09579693363559756 0.03731813446399902 -0.9947011130717325 -57.41246555238647 -0.01181000153694413 0.9991840335936696 0.03862370871865094 0.6107551283437361 0.9953308351345859 0.015447454535058582 -0.09527803933054549 0.9350538972408465
-0.09639309182663446 0.03742255414956728 -0.9946395951745659 -58.17416249657251 -0.011646677122650651 0.9991821396491359 0.038722173469174594 0.6195332606562556 0.9952752015197105 0.015316796241343278 -0.09587840733344709 0.8580873732018046
-0.09644382714417621 0.0354831725647879 -0.9947057518032765 -58.93653295153841 -0.010720337492334546 0.9992693617467888 0.03668537907964326 0.6309367120821817 0.9952806953668057 0.014201659723573321 -0.09599297000958507 0.7752852971555241
-0.09658121748492778 0.03184669532908303 -0.9948154886338196 -59.695939369188174 -0.010060274346752265 0.9994056972685386 0.032970337384620046 0.6439259872545811 0.9952742633612078 0.013192432065550217 -0.09620343251152039 0.6922670897595997
-0.0962212536184236 0.028884017572223964 -0.9949407941586204 -60.427386603646745 -0.010236942361100614 0.9994972866227163 0.030006316750387223 0.655113163316941 0.9953073270920858 0.013072396976703368 -0.09587719788400652 0.6094382202208037
-0.0947585442380176 0.026690146092056385 -0.995142429200703 -61.14642594276841 -0.010956590483897516 0.9995520172988956 0.027851711593329664 0.6590491086263318 0.9954399888586241 0.013542555715024229 -0.09442366104873086 0.5306864857835359
-0.09241240935862088 0.02599891550090809 -0.9953813354636057 -61.873242432390974 -0.013186384243152233 0.9995394409368213 0.027331763249015005 0.662127295653037 0.9956334997714392 0.015651274851746094 -0.09202701629624013 0.45127451199989616
-0.0883639156378059 0.026923044736996676 -0.9957243434180186 -62.559565668847846 -0.01375224651648232 0.9995064054918219 0.02824572704975704 0.6647791979115881 0.9959933203234359 0.016189349675300425 -0.08795004734612828 0.3875190121604154
-0.08246091865034239 0.028523691537433473 -0.9961860247546234 -63.23738277195832 -0.012911698003465677 0.9994758573051745 0.02968667577812162 0.6679462418503048 0.9965106547097259 0.015310443663243559 -0.08204940807114766 0.3298075740794042
-0.07539795506217625 0.030082470401316563 -0.9966996505201534 -63.877825493563236 -0.011990172262609646 0.9994452180496404 0.03107236532389408 0.670846734386855 0.997081433054268 0.014293393308186074 -0.07499543163541691 0.2863146856809336
-0.06662061654762755 0.031605825738457057 -0.9972776770941001 -64.50424818163806 -0.013267325687189807 0.9993817602366232 0.032558798741051366 0.6734454237344414 0.9976901680982537 0.015400294988750597 -0.06616010424973229 0.2443057757579815
-0.05495620978872652 0.033189723753077154 -0.9979370006382426 -65.12505974145557 -0.015397281803514287 0.9993003919113616 0.03408299339647367 0.6800949373457137 0.9983700409761495 0.01723858935630532 -0.05440673045023035 0.21248346084717293
-0.04022823286652428 0.03477565910773184 -0.9985851705358234 -65.7137051372149 -0.01859010760688041 0.9991951278216804 0.035545807580950196 0.6870151163992637 0.9990175660015189 0.0199937507996912 -0.03954937103619401 0.19328465881544415
-0.021689808931276405 0.03609929070698258 -0.9991128031403548 -66.3130806533345 -0.020171528247143147 0.9991286708303452 0.036537769129548384 0.6919290846136076 0.9995612345607934 0.020946129361823124 -0.020942732105872535 0.17738541169010066
0.0006261733123278203 0.03722318674037829 -0.99930678086155 -66.85653852463403 -0.0209788226926938 0.9990875384660786 0.0372018746869328 0.6916463876719914 0.9997797241919891 0.02094098495020365 0.0014065005879502202 0.1762858751877729
0.026159422559504757 0.037641257372203286 -0.9989488577273578 -67.34451711087158 -0.020734159962633777 0.9990962911771822 0.03710384840747408 0.6966822134403949 0.9994427343384891 0.019741750161534503 0.02691624191008784 0.19520737859490547
0.055212680113372964 0.03719230924793562 -0.9977816855843288 -67.83145694094762 -0.01924283301374829 0.9991600483499644 0.036178877247692504 0.7015673527477296 0.9982891732019844 0.017202613583537814 0.05588198952786251 0.24040447394774944
0.08945351041315622 0.037360856574891334 -0.9952900260078736 -68.23155760812985 -0.018143350031137748 0.9991915158587674 0.03587664261756137 0.7046762586863161 0.9958257319051408 0.01484860370038205 0.09005903976691085 0.2915509008749902
0.1265105398392595 0.03758684640587411 -0.9912529002665467 -68.6291801771289 -0.017472150300183766 0.9992112795016675 0.03565869992764972 0.7106912852516122 0.9918113768622868 0.012808118281137159 0.12706748141294633 0.36819958729990865
0.16681426094058968 0.037355900141464296 -0.9852804367648156 -68.9954043149036 -0.017397145062563506 0.9992379901588924 0.03493963890613882 0.7127207167928541 0.9858348450377047 0.011312636644044924 0.16733703284581927 0.4560972631207649
0.2119296406020203 0.03837368977708101 -0.9765312526320858 -69.35317437330004 -0.016678655982521603 0.9992252987920401 0.03564582287697758 0.7161859855283313 0.9771425944399893 0.008732822387550444 0.21240548002401496 0.5546169621226047
0.2598713717269197 0.037302395249956696 -0.9649224846926228 -69.72094710944367 -0.013253501248371272 0.9992972584638167 0.03506185864100166 0.7124403847555904 0.965552284892655 0.003677028055122868 0.26018313666195425 0.6827217699046814
0.30930941325508937 0.032243405526918845 -0.9504146724834476 -70.03658798299497 -0.005692998265589475 0.999469897154218 0.032054866296511504 0.7161424621792323 0.9509444130139988 -0.0045041628041051105 0.3093290091066364 0.8232538371531394
0.360046806317141 0.027000334765615516 -0.9325434462712029 -70.35950523549155 -0.00045868345449979163 0.9995861150494656 0.028764356586012164 0.7154826184772508 0.9329341278302098 -0.009928772475154135 0.35991017296934047 0.9905734081580677
0.4121034558390086 0.02206160645702851 -0.9108699288076655 -70.6806886949357 0.004676080403880851 0.9996424398162979 0.026327301232331124 0.7218663614212988 0.9111250605474539 -0.015108872845339958 0.4118529422060017 1.1703147536310345
0.46306604195922496 0.021419454538636105 -0.88606492298899 -71.0002445175766 0.004418998262931399 0.9996397247446573 0.0264743869953588 0.7298860903637441 0.8863127626512936 -0.01617490895477021 0.46280455819031735 1.3713495867397398
0.5109285666698187 0.02015275323259345 -0.8593869130361894 -71.3301100643423 0.005866501072679267 0.9996201334514528 0.026929035698773526 0.7361531801995763 0.8596031549068952 -0.018800407858547894 0.510616255850186 1.6078074946586374
0.5554436684408992 0.015905354084968862 -0.8314020392688175 -71.62938385440675 0.013564340949557817 0.9995107304767101 0.02818347594813553 0.7395149621269397 0.831443527753701 -0.02693175399684796 0.5549561611362936 1.8601588239817979
0.5992761702445683 0.009471298465739426 -0.8004863311027718 -71.91338917433895 0.023868673304475004 0.9992740607978454 0.02969238709281711 0.7399758763103579 0.8001864521545503 -0.03690048674419236 0.5986150648508215 2.128001787133424
0.6414998280992458 0.00478232003075356 -0.767108271343597 -72.0800110773419 0.02511743924362827 0.9993134603463333 0.02723457758955524 0.739004496481429 0.7667118655625982 -0.03673877224081257 0.6409392933966179 2.2966557424277316
0.6825559069389919 0.0013013431778927057 -0.730832224528054 -72.22973950001172 0.021010688579865572 0.9995501381365327 0.02140262405967324 0.7350863576436947 0.7305313031404537 -0.029963775749613706 0.6822215089505281 2.4582977399198636
0.7228696606968255 -0.005551931204753895 -0.6909621043906493 -72.38594336158393 0.01738599918675522 0.9997972767597681 0.010155413139368625 0.737992547977151 0.690765648158863 -0.019354106635305818 0.7228196440883529 2.6517044754231875
0.7621092514328189 -0.007832194460366291 -0.647401070133842 -72.53941184745409 0.012222961418469642 0.9999226706934615 0.0022916909519712318 0.7382451178673162 0.6473330580888563 -0.009659677178443918 0.7621460506636084 2.859212574158535
0.7991166964954193 -0.008710629877615162 -0.6011128266052752 -72.78719340931094 0.010581822123159394 0.999943921652239 -0.00042260063448806883 0.7362363713172804 0.6010827983088534 -0.00602316178411746 0.7991640576873553 3.247037173984878
0.8332885986619041 -0.009868725524526759 -0.5527501421045519 -73.02841887928707 0.010384771458054647 0.9999436622127291 -0.0021974809125081996 0.7366377071670347 0.552740687720602 -0.0039090481089926205 0.83334413748525 3.6607129125261713
0.8638942885662863 -0.00820273573310627 -0.5036063674230538 -73.26989509668692 0.0070177232441304615 0.9999663476633228 -0.00424912948080507 0.7290613261657563 0.5036242743782504 0.00013662857928939398 0.8639227810340515 4.135443653362407
0.8899618892184064 -0.0067247898444320895 -0.45598532097026345 -73.48759340343291 0.006140934179316967 0.9999773298329335 -0.0027620187550161717 0.71973835974727 0.4559935577025303 -0.0003420844135421074 0.8899830101254972 4.620931316927276
0.9113766743084588 -0.00026054665539618823 -0.41157318868203113 -73.69906950842476 -0.0005413540999160815 0.9999981757031734 -0.0018318095056208746 0.7148770275276721 0.4115729151222085 0.0018922752883080603 0.9113748706388816 5.124143205990733
0.9288965456992246 0.003762988782864774 -0.37032019564624014 -73.86306150327293 -0.005433288650544402 0.9999792280008253 -0.003467411327572216 0.7110691754651131 0.3702994555255101 0.005232922920772422 0.9288976960651876 5.568257838981079
0.9425512753098082 0.00861709001352113 -0.3339503543515926 -74.04826013447695 -0.009899899633127617 0.9999487057670583 -0.0021395845485239324 0.7075908980333268 0.33391478763167903 0.005322743135372689 0.942588236191394 6.109928369757509
0.9526037444415624 0.00932619223171348 -0.30407092628920107 -74.20450250012085 -0.009802478683703203 0.9999519537554286 -3.99043599849159e-05 0.6954923146648552 0.3040559446673771 0.0030186618160250897 0.9526493952096263 6.655167368508556
0.960109090311853 0.00867058033122016 -0.27949124447335955 -74.36750398349785 -0.008649520135678131 0.9999617358420613 0.0013086837491251314 0.6903099723430426 0.2794918970238133 0.0011609859829397658 0.9601473489051433 7.253670696923698
0.9660724419017938 0.008691151130320646 -0.2581249714575025 -74.52971101448067 -0.008143126621241566 0.9999617491658631 0.003192130006599159 0.6888527409711858 0.25814284124634757 -0.000981884503660287 0.9661062619691905 7.84982711224231
0.9707948504552906 0.011774907668860694 -0.2396220145956566 -74.68666204699747 -0.01065882830888601 0.9999254721961027 0.005953102761048907 0.6804789071535273 0.23967425332849784 -0.0032251515920528034 0.9708480059662444 8.459735842897674
0.9743932478721989 0.016413753894890287 -0.2242507239322685 -74.82671339863197 -0.015149678049701288 0.9998581751289214 0.007356417800425754 0.6804395261430883 0.22433966603358166 -0.0037707175632752327 0.974503717762532 9.05997448706349
0.977310888328656 0.02004741019318442 -0.21085902612598886 -74.96932451742511 -0.01864952503783909 0.9997889562183915 0.008616161535348733 0.6778038346804692 0.21098725736431878 -0.0044882477969037165 0.9774785076213153 9.688079602189804
0.9800796075535952 0.018183479113586736 -0.19777088750601682 -75.10080504820536 -0.01688590451294642 0.999823422647284 0.00824559001231236 0.6797820303442642 0.1978858991600248 -0.004741794301447521 0.9802135921830653 10.332710544705831
0.9827281579431945 0.01816079526018066 -0.18416175797677162 -75.21880216954676 -0.017003481886669013 0.9998245229453423 0.007861610576035807 0.6767509119053501 0.184272214913988 -0.00459443496387909 0.9828645084537609 10.988648117018169
0.9853599691247475 0.01859361362702991 -0.1694697872152038 -75.3388097670115 -0.017442184776106266 0.9998135832926529 0.008280631240574621 0.6796039539943677 0.1695921620733516 -0.005203479200970878 0.9855005948082874 11.670942124830733
0.9876828037418873 0.01998913010416779 -0.15518735087063115 -75.45339083498823 -0.01884549602785094 0.9997833518073351 0.008837235334384366 0.6768316450209704 0.1553303784584009 -0.00580380276798627 0.9878455291195064 12.370641040991678
0.989550013680628 0.020171728139867184 -0.14277209744386893 -75.55254303541072 -0.01950092723492988 0.999791252992788 0.006096250986437893 0.6678594597715699 0.14286526611338515 -0.0032483569635987915 0.9897368154794416 13.079732686088938
0.9910543553922446 0.020523635759073254 -0.13187131998009452 -75.6540473880657 -0.020608494598586224 0.9997873621513592 0.0007214102909349146 0.66389277053818 0.13185808510836075 0.0020027125746625296 0.9912665809629099 13.80087700208427
0.9923256014432973 0.018864360065979982 -0.12220489613554965 -75.74366804317839 -0.019661511275163246 0.9997925378283411 -0.005320364380618382 0.6555616765488147 0.12207917797305207 0.007682266727144038 0.9924906332471629 14.524931415290963
0.9932400584124715 0.018737014792553124 -0.1145561462404123 -75.82331558336524 -0.019497106136674176 0.9997946853096874 -0.005518159004529772 0.6498979462838612 0.11442923235382826 0.00771436991384629 0.9934014492035651 15.266659938163139
0.9939442547625129 0.020852030398480187 -0.10788888382430638 -75.9085700358784 -0.020911424194785252 0.9997811634770656 0.000580942847134485 0.6399369289022352 0.10787738763401547 0.001678685410297454 0.994162789110793 16.013406631451915
0.9943895400677935 0.025481894272816184 -0.10266506547035449 -75.99960401263799 -0.024728813650780446 0.9996571902522796 0.00860161335700273 0.6296691205278291 0.10284905628729997 -0.00601456907744918 0.9946787906553662 16.78270522928781
0.9948123182020684 0.026311734308958563 -0.09826568165479892 -76.0833217799194 -0.025237411898314927 0.9996075256253552 0.012160088561786504 0.6239214759900772 0.09854706791225382 -0.009617034408302238 0.9950859199361052 17.54204949708746
0.9951914219070124 0.02507252807094957 -0.09468580727242733 -76.15809249687526 -0.024121686343262606 0.9996465861347313 0.01117349887614599 0.6186599032901903 0.09493249185951629 -0.008835788890043803 0.995444499117872 18.29560845464328
0.9954792220388525 0.025207346074050507 -0.09157351250675574 -76.2289784455646 -0.02434266809136776 0.9996480325107274 0.010547303334307924 0.6082146535978353 0.09180715113277106 -0.008270477696931754 0.9957424597753912 19.039752395204765
0.9957872880228746 0.02416291521301977 -0.08845241964162502 -76.29799280228221 -0.023110743381893898 0.9996496760787081 0.01290033550226078 0.6017384706450843 0.08873314235608938 -0.010801788932536062 0.9959968628482062 19.7931414972476
