0.9999995999999536 -0.0009035185117502277 -0.00021011707047952286 0.0009835842230072292 0.0009037963879493273 0.9999987000004832 0.001325645643752537 -0.01389864399904876 0.00020891912921429045 -0.0013258343560958196 0.9999990999995636 1.0
0.9999984999998864 -0.0016463470116590434 -0.0005538206704857486 0.0003413504004633036 0.0016473749878275607 0.9999969000006825 0.0018597186437570097 -0.032015634855701414 0.000550757228949578 -0.0018606273559685534 0.9999980999994319 2.0000247832622127
0.9999938999998348 -0.003413454011884352 -0.0007312198704701535 0.0015512880694261754 0.003413846987763979 0.9999940000002329 0.0005361916437585999 -0.04796444372777045 0.0007293853283210558 -0.0005386844556662929 0.9999995999999335 3.0000569789679448
0.9999931999998475 -0.0036353480118369906 -0.000643400470473465 0.002112438110198791 0.0036358719877956766 0.9999930000003343 0.0008141184437575838 -0.06449595805950854 0.0006404364282420786 -0.0008164520556281114 0.9999994999998195 4.000066675536992
0.9999921999998662 -0.003925219011696102 -0.0005162241704831949 0.0031574401562969754 0.003926061987842236 0.9999909000006322 0.001640786643756417 -0.07708880773954054 0.0005097790281388686 -0.0016428003555779508 0.9999984999995033 5.000078176720779
0.9999847999998657 -0.005504052011516333 -0.0004169863704954388 0.005729267394907998 0.005505157987880666 0.9999812000010264 0.0026944536437560128 -0.08848169727269932 0.00040214812757757666 -0.002696707355305361 0.999996299999111 6.000099656361677
