0.9999798526930299 0.0005911438110282512 -0.0063201864704323235 -0.008433889671622863 -0.0005894492957213536 0.9999997898325791 0.00026997097184598 -0.0015178222819594877 0.006320344733804231 -0.0002662401031941278 0.9999799909791461 0.09127855540924501
0.9999109665322464 0.001123114773904886 -0.013296526680073905 -0.01612154124284315 -0.001119528165230099 0.9999993349136233 0.00027718044493971867 -0.0029683113891448604 0.01329682914218794 -0.0002622699304854511 0.9999115588637061 0.1833785474025031
0.9997778348025972 0.001376961533909297 -0.02103295068138735 -0.022848960286242236 -0.0013848128131201327 0.9999989768046448 -0.0003587243185069034 -0.004295561704998815 0.021032435210982078 0.00038777132204916227 0.9997787186685348 0.2779598276527384
0.9995544704014867 0.0019558740737246733 -0.02978313712508975 -0.038171777303246425 -0.002006030050237471 0.9999966196396021 -0.001654252945281717 -0.005658453143504484 0.029779800936905444 0.0017132617946944086 0.9995550150893051 0.38088435537429643
0.9991517277113883 0.002144198876114231 -0.04112453552963932 -0.05367073094441164 -0.002278432019001904 0.999992228277819 -0.0032174728433545315 -0.006620432691050716 0.041117317019519754 0.0033084430088194247 0.9991488479931174 0.4901538484690755
0.9985161546103956 0.0018951525030463968 -0.054423316501844336 -0.07384065122621979 -0.002113295545999779 0.9999899617589891 -0.003950995215272491 -0.008489180617669609 0.05441528244900497 0.00406014510159982 0.9985101362819252 0.6115584935497611
0.9975132735029293 0.00178671842655861 -0.07045620499810765 -0.09723964626030944 -0.0020795907492306164 0.9999894994261163 -0.004083667447449065 -0.008091990003281969 0.0704481688036452 0.00422003255554222 0.9975065146842117 0.7451571072697919
0.9960447798509113 0.00039103375601242415 -0.08885180709671299 -0.1246303445321271 -0.0007695594338989538 0.9999907744145694 -0.004225974920399157 -0.008541208121908683 0.08884933488793001 0.004277637005614687 0.9960358916784176 0.8882676903026401
0.9940877209335564 -0.0007790533194402148 -0.10857714384276763 -0.15471338975116614 0.0003017726612276648 0.9999902209435698 -0.004412136726394567 -0.011089109546873513 0.10857951935051342 0.004353285329143257 0.9940782347906297 1.0385491527323947
0.9914411590619944 -0.0012211103987995607 -0.13054860017327838 -0.19236642003401805 0.0006107851851835814 0.9999886977085551 -0.004715018197838604 -0.01471673387982477 0.1305528822327034 0.004594925956131595 0.9914306993412054 1.1928773048222177
0.9880350770545281 0.002152766103618151 -0.15421430578242448 -0.24326555648769435 -0.003149541437342262 0.9999756984962489 -0.00621955027908451 -0.017376063159800295 0.15419716890587343 0.006630838185532829 0.9880178465424451 1.3475635189276116
0.9838485006973038 0.006471465724234855 -0.1788861308403946 -0.29805087860422186 -0.007988698444404843 0.9999379601706161 -0.0077625064890341645 -0.022071056861530297 0.1788247979806802 0.009066197726059884 0.9838391614923452 1.4935728166188105
0.978661181928692 0.009535512887523124 -0.2052592628358233 -0.36306219826558794 -0.011547232855374906 0.9998963002824254 -0.008605236481499462 -0.029690536629525685 0.20515592216486803 0.010791787409448974 0.978669803828233 1.653367235731752
0.9722241780149966 0.010055767128537969 -0.23383547470501315 -0.4306028146188181 -0.012479784503804096 0.9998826135159036 -0.00888899135706746 -0.03143175016893004 0.23371863995368622 0.011560308649171578 0.9722355458437707 1.8137099194692456
0.9644319507003014 0.012195343096960246 -0.2640497795400655 -0.5080212078706814 -0.014903973664490299 0.9998548350789437 -0.00825713862472838 -0.03806382399433429 0.26391075013613596 0.011898839271429817 0.96447370808466 1.9859877691618577
0.9552614279137486 0.013854147620367218 -0.2954380932342642 -0.5920900634233808 -0.01676199204749104 0.9998327709011843 -0.007312034919307887 -0.03923234380817308 0.2952873853769996 0.011937035887292509 0.9553339035182621 2.1574973721392445
0.9443722973000649 0.01583852141732183 -0.32849673564817794 -0.6799418994095857 -0.018918985829395798 0.9998018999839574 -0.006183264805708991 -0.04211679026939673 0.32833372666752225 0.012054129076114107 0.9444848658950722 2.3229822814213996
0.9323637120342555 0.018080252746652585 -0.361069263358596 -0.776396125356786 -0.0216234056626686 0.9997495077981408 -0.005774944581949187 -0.04425989079855924 0.3608744058661543 0.013191895921143445 0.9325211188347186 2.484834299944172
0.919067038080102 0.021145399955550752 -0.39353354567988974 -0.8869561598588649 -0.025210665574847593 0.9996688269873287 -0.005163205501716971 -0.044169097268117276 0.3932940399445935 0.01466657460008292 0.9192957574869798 2.6515561269630874
0.9035224681159624 0.021506692784486046 -0.4280007146899541 -1.0000044068291012 -0.02603483338584144 0.9996498520368094 -0.004728717940160151 -0.04251645104030363 0.42774915202745784 0.015415430200292722 0.9037660247273791 2.8211830701507408
0.8858286908395162 0.017512888494140576 -0.4636818189471513 -1.1182500442950465 -0.02254072518515742 0.9997318595838547 -0.005303267024784324 -0.04343354340668538 0.46346461158720015 0.015149510539979852 0.8859859175724655 2.987896115211616
0.865369875302393 0.013070847606607434 -0.5009632040998259 -1.2438577996543025 -0.01830080988909555 0.9998172530691103 -0.00552637519020149 -0.04780817432973515 0.5007994202038598 0.013950390968883024 0.8654509387107348 3.152711061100538
0.8409835115191847 0.014754347813614779 -0.5408595405218013 -1.3774829169470104 -0.019061684821057655 0.9998155133127439 -0.0023646375955429103 -0.05212781717463064 0.5407248704513616 0.012298315322459645 0.8411096039848708 3.3082542878967107
0.8130189755951732 0.02072957678107744 -0.5818680520261023 -1.544063587904839 -0.02441309832088588 0.9997008247267519 0.0015038853108996168 -0.056711047442174374 0.5817251463986648 0.012982514669016397 0.8132818136171002 3.4651603535786073
0.7813209317995637 0.023972435242596252 -0.6236689216887429 -1.7148796373427155 -0.02775353901067099 0.9996081194530732 0.0036535730285140434 -0.06343137212009589 0.62351210301344 0.014454406664796231 0.7816800672421711 3.613859002612875
0.7471903898129146 0.023331411164996808 -0.6642003964348964 -1.8980683481803453 -0.027337690650627335 0.9996167464640673 0.0043601443192173624 -0.06397765218417989 0.6640475676042444 0.01489984703424553 0.7475418533548751 3.753577725758813
0.7082629803790572 0.01903733292040844 -0.7056919516190132 -2.0837748524644586 -0.021413088743299166 0.9997556994937663 0.005479138636925776 -0.06328213112877663 0.7056238589043352 0.011230373324551941 0.7084975994736644 3.9040879909580726
0.6670593807151565 0.015628092175271002 -0.744840617404067 -2.375378239118456 -0.016332646429189687 0.9998464398309422 0.00635148943244083 -0.06652739122575506 0.7448255012152373 0.007928397842738254 0.6672121950677437 4.10375434248389
0.6232658951248862 0.015171724880131326 -0.7818628030149116 -2.604982717710635 -0.014061733957127356 0.9998675654170289 0.008192634810828553 -0.06430930628046193 0.7818835537420465 0.005888156858168217 0.6233966939249201 4.2461277207625026
0.5768291141769549 0.01588084187048249 -0.8167104578118937 -2.8401859319851748 -0.011754125251177552 0.99986885528164 0.011140591427907263 -0.06425474090524468 0.8167802725197323 0.003173499530301411 0.5769401314896737 4.364053926802124
0.5271834818744648 0.016819645914053355 -0.8495850021922705 -3.0848254689689334 -0.009758053580501351 0.9998579915713895 0.013739617212586397 -0.06990688159464092 0.8496954494576483 0.0010469967308297857 0.5272727443826484 4.478197673192222
0.47608815425379925 0.01831787876289896 -0.8792067587870541 -3.3492727568572302 -0.009094300864235799 0.9998321241590609 0.01590651411757065 -0.06483923792715682 0.8793505348102089 0.0004228678394337992 0.47617481885520657 4.574733557830567
0.423231582901571 0.020430424330990786 -0.9057911597030991 -3.62832443811357 -0.007923120069810663 0.9997909565475948 0.018848537715338988 -0.0624231995791817 0.905986893615459 -0.0008006043361412356 0.42330498181536536 4.661180669672668
0.3694728344454815 0.022517315388797154 -0.9289686728380576 -3.9223232437818063 -0.007654226692001372 0.9997461952219425 0.021188627916850177 -0.06103924933725133 0.9292100071676845 -0.0007180856027787784 0.3695514131112173 4.735455513379046
0.3160796780769301 0.025591608648325038 -0.9483874243544007 -4.240532175013007 -0.00580103412654553 0.9996695673261666 0.02504204793898709 -0.0578962012348557 0.948714912452548 -0.0024136546370763304 0.3161236928188803 4.801057783997386
0.2639373265980387 0.027342905824334206 -0.964152193965953 -4.626471059074834 -0.001451430492571161 0.999608238147933 0.027951092578131536 -0.053790334936881644 0.9645387400088212 -0.005977936756765447 0.2638736123494095 4.866287681615969
0.21427649037810895 0.027798705295740245 -0.9763773950963427 -5.384150050984129 0.0012543394012436556 0.9995862842296533 0.028734770098638975 -0.048010508711174224 0.9767722417758941 -0.007381894325711894 0.21415297180346834 4.963031804819732
0.16806513104212228 0.028977164981738593 -0.9853499051795834 -5.887049621225565 -0.0012479659968377414 0.9995733185088826 0.02918258909025459 -0.04196857840105573 0.9857751033114317 -0.0036748924829526517 0.16802958327798617 4.991003419363742
0.12667554838386022 0.029500726952409215 -0.9915054273935803 -6.277177234778857 -0.0035967496419572194 0.9995647486097636 0.029280996033486634 -0.03705394333832626 0.991937683946759 -0.00014298943879303798 0.12672651940442056 5.002228441676785
0.08958418678719934 0.027992961074712094 -0.9955857911842376 -6.682237458943561 -0.004894254671949673 0.9996052529323997 0.027665584778918745 -0.026575452712244776 0.9959672282504484 0.002394251495416344 0.08968582837268314 5.0067945585304905
0.055879820313191636 0.025280727495396938 -0.9981173931452489 -7.108668842834845 -0.0037377356687878873 0.9996776818327243 0.025110989180449916 -0.01827553603947899 0.9984305058509753 0.0023275014187040164 0.05595630190881287 5.001450280745222
0.02504567509721177 0.022694743108847157 -0.9994286681870532 -7.676390976724128 -0.0033011437386714555 0.9997387062241828 0.02261905672688406 -0.015052564997950489 0.9996808573784638 0.0027327481444449613 0.025114049427312077 4.988744129089728
-0.0008558499353859307 0.020880872298237922 -0.999781604498178 -8.28182884826877 -0.004234069897359058 0.9997729332249511 0.020884315714959863 -0.009636755475454253 0.9999906700429716 0.00425101903579175 -0.0007672445274727752 4.954499256573243
-0.021263349075112976 0.018696759301333594 -0.9995990702165225 -8.824287837842657 -0.004379516281625308 0.9998137865666822 0.01879393594573404 -0.0033707105485722907 0.999764317138418 0.004777382423618554 -0.02117750679210427 4.915307969658117
-0.03725731732985122 0.017832468666443127 -0.9991465835234797 -9.39246196348466 -0.003763228921786486 0.9998311744277142 0.017985014611635305 0.0071926462074470236 0.9992986192392459 0.004430090716785641 -0.037183919680098834 4.876119575503241
-0.05006542460220088 0.018195296860678042 -0.9985801842774329 -9.94872880259485 -0.003077394738328313 0.999826479136905 0.01837229594594536 0.016018096102048983 0.9987411991607356 0.003992842202343544 -0.05000074309569138 4.834137710216976
-0.05943296578461084 0.01928691703113642 -0.9980459595677337 -10.535222014637855 -0.004116329010534905 0.9998000949374263 0.019565939757399158 0.018012103832927027 0.9982238117844721 0.005271147365358837 -0.059341693537767755 4.783315078008332
-0.06613836282388541 0.020762691660336785 -0.9975944203923721 -11.139208582564924 -0.005680031936528315 0.9997594518564875 0.021184325828683907 0.016262134058984988 0.9977942945317809 0.007067464795365821 -0.06600452061177427 4.729990499300457
-0.07045837022410069 0.021755560398136465 -0.9972774506911932 -11.820436976025753 -0.005579929461449716 0.9997379010045627 0.022203461040936394 0.02524374083564694 0.9974991140109183 0.00712915750662779 -0.070318508663629 4.665066478321898
-0.07188742714546936 0.02250576607338975 -0.9971588079698507 -12.34438654951937 -0.003249223103654238 0.9997348082909037 0.022798149941876723 0.030958634886950435 0.9974074595508226 0.004878891779864161 -0.07179523694071113 4.624891863496434
-0.07086787502574511 0.024535807298891734 -0.9971839040264968 -12.875916462620102 -0.00134812542290773 0.9996941629768008 0.02469338105557424 0.03960565248177015 0.9974848003088462 0.003094296414939632 -0.0708131236602157 4.580763628193126
-0.06934108528735464 0.027027603027869485 -0.9972268160081428 -13.424554969889696 -0.0022488362699786854 0.9996261474316819 0.0272490019326056 0.042605836366307784 0.9975904754089233 0.004132075200235433 -0.06925438129055045 4.5381290271023325
-0.06758488259353729 0.02705511816537778 -0.9973466319318846 -13.985226903908298 -0.004400443056204466 0.9996144572130552 0.027414832327719487 0.04745042113044749 0.9977038236599707 0.006241595285300817 -0.06743977122268134 4.487231849232788
-0.0660004696809777 0.02457985638013786 -0.9975168011929527 -14.558454507959299 -0.0063788934054568504 0.999665725831114 0.025054866143594715 0.0533723571607435 0.9977992021047174 0.008016686278230472 -0.06582161514505873 4.439954898378476
-0.06481125771012737 0.024526658909375616 -0.9975960825287822 -15.139586026902611 -0.006733545050619841 0.999664398979748 0.025014971187476417 0.06421740516458257 0.9978748219316292 0.008338609908269411 -0.06462435562320863 4.398281045572832
-0.0630649891391955 0.027249207619904885 -0.9976373528637342 -15.731780843164998 -0.00629057912541501 0.9995964775468963 0.027700373465061354 0.07477033468593204 0.9979895970194969 0.0080226404583818 -0.06286812770343532 4.351232244923427
-0.06132167487976218 0.03066625430282209 -0.9976468478559803 -16.367553513062724 -0.007010142179040196 0.9994900193360159 0.031153798393134112 0.08602987189243477 0.9980934375581114 0.008904049344272288 -0.061075427208529105 4.304407039653695
-0.059542975810078475 0.03284112496428738 -0.9976853685119168 -17.214000136700122 -0.007411175757411125 0.9994165752791193 0.03334041888233648 0.09585349170334662 0.9981982310671412 0.009379209371645101 -0.05926484561685479 4.243135829166066
-0.057706669677619254 0.03217434876160501 -0.997814988640922 -18.15098630614434 -0.00906280124061052 0.9994224746092415 0.03275031113765509 0.11514879124337012 0.9982924450822953 0.010932910303611496 -0.05738175288279201 4.1704812597422025
-0.05587129184263367 0.02918412159450236 -0.9980113655638353 -18.922433044066686 -0.011251434808726656 0.9994908447097373 0.02985726973721295 0.1326486681504861 0.9983745809878055 0.012897224049118555 -0.05551448143724787 4.1041263602913425
-0.05428136356616333 0.028567782027367466 -0.9981169347323158 -19.651650154317633 -0.0120785871579311 0.9994987312231551 0.029264210489453678 0.1468793239734929 0.9984526234637586 0.013644343639022786 -0.053909095568316925 4.049203145069169
-0.052818716099966044 0.030798595182290774 -0.9981290646826931 -20.372250642634885 -0.009786224372998524 0.999460321698382 0.031357537580117056 0.15989447294439174 0.9985561641901108 0.011424179855230483 -0.05248880902214075 4.006901996147064
-0.05176626834017863 0.0327857447580661 -0.9981209087093561 -21.11746277036151 -0.007306167035812472 0.9994217770824226 0.03320740002856585 0.17167407587313405 0.9986325016668404 0.009011461261721596 -0.051496797769871205 3.9648550465552366
-0.05047981246522654 0.03449080055998367 -0.998129336914914 -21.925138626613496 -0.0065258767360475735 0.9993707682748474 0.03486374120152208 0.18434759534586542 0.9987037606148765 0.00827358413702487 -0.05022296625276186 3.9161148005613757
-0.04992735328579595 0.0299212217633645 -0.9983045526702067 -22.70288812940383 -0.006464418364251944 0.9995205222385422 0.030280966285821477 0.19644293043492345 0.998731931345485 0.007965306784981484 -0.049709990934759266 3.8736571953882293
-0.04962848612741086 0.023027929248468013 -0.9985022422805206 -23.45355975737495 -0.0053356212623458426 0.9997137885429199 0.023321066504463358 0.20497091907458856 0.9987534953683223 0.006485019019901514 -0.04949141357715798 3.8300858690981943
-0.04964848754121561 0.018571040201074265 -0.9985940837751437 -24.202474833770793 -0.0022244646656733 0.9998225812865119 0.018704483594213374 0.21353841024598022 0.9987642762142707 0.003149986575396458 -0.04959836834769625 3.7802937761396507
-0.05039748773951022 0.019284994482124663 -0.9985430297274972 -24.926419350443062 -0.0012154338441246288 0.9998116289109359 0.019370839295974107 0.2222441006902691 0.9987284996184456 0.002189904629064556 -0.05036455467488018 3.743743486986476
-0.050460564900984425 0.026599692130757354 -0.9983717683150005 -25.666561735922226 -0.001553521277586168 0.9996419622916046 0.026712053410928176 0.22731027268772952 0.9987248459718567 0.0028988970897965765 -0.05040117492825945 3.702306106181285
-0.05068567117742911 0.03351692145580014 -0.9981520819561605 -26.392432311823583 -0.0028947277666762517 0.9994275741435623 0.03370674402353826 0.23759867305845978 0.9987104601877594 0.004597827491040433 -0.05055963502550357 3.6553860895641437
-0.05103592928301571 0.03864626292314609 -0.9979487964240915 -27.14396974380352 -0.004880436653447204 0.9992294199080648 0.03894544553937867 0.25174826468907785 0.9986848928767706 0.006858042888772721 -0.05080799137384688 3.6104218144073585
-0.05141516000410595 0.03892600900177786 -0.9979184571621793 -27.89286534242898 -0.006215836582568063 0.9992082578417895 0.039296575376876655 0.2651269868123899 0.9986580218960482 0.008223337763062267 -0.051132494743591834 3.5613662509223603
-0.051626575517055066 0.0355769364271022 -0.9980325537249988 -28.641036237430747 -0.006404430066250323 0.9993329031933004 0.03595458066467408 0.2745388567466988 0.9986459232259975 0.008248041568040236 -0.05136428559206692 3.508699753899935
-0.05195258990446016 0.032882565692600584 -0.998108042886986 -29.387277743836652 -0.006889182915245181 0.9994221753667435 0.0332844489809111 0.2883185927402522 0.9986257895533119 0.008605362204725468 -0.05169603640847193 3.463552450070622
-0.05205010188118303 0.03417349956652753 -0.9980595968285327 -30.183728745151456 -0.00830878861188359 0.9993649168561931 0.03465150774226255 0.3007839090616884 0.9986099092868843 0.01009628072042976 -0.05173310535481719 3.4078202653956313
-0.05211871449754229 0.03640296200101762 -0.9979771860902805 -31.296912455742316 -0.00879123233757419 0.999279938637945 0.03690959861237283 0.31970345305031855 0.9986021999941257 0.010697130142813795 -0.05176115892826471 3.341888880104255
-0.052015977778335026 0.03469522145846323 -0.9980433756424169 -32.319372409638575 -0.009244479931737245 0.999336755667938 0.03522198690969038 0.33624738391827147 0.9986034636664105 0.011058498045531233 -0.05166073919739587 3.269533008624147
-0.05166165606513313 0.029653041695211556 -0.9982243086655567 -33.352655025763006 -0.010168979236441856 0.9994916340922788 0.030216969418346958 0.3510825176535141 0.9986128705128396 0.011711980949551155 -0.051333851875156176 3.206143347814693
-0.05139695729926048 0.025554650316484732 -0.9983512972033335 -34.23912284256989 -0.01153402115858158 0.9995906988244371 0.026180167676708912 0.36534508333994165 0.9986116958739707 0.01286058594580592 -0.051081172586766005 3.1478412521987855
-0.05081597451831325 0.026243955590951763 -0.998363156135428 -35.31484347630496 -0.01118603682199523 0.9995770137636415 0.026845225563811435 0.380406204443928 0.9986453871690227 0.012531893324441412 -0.05050091420690865 3.068217218286134
-0.05022093157410238 0.028694041599081316 -0.9983258536212202 -36.17364765319833 -0.009930192874945593 0.999523444008859 0.02922800277353744 0.38503793577056417 0.9986887649820098 0.011381425805839101 -0.04991206112083844 3.0161487935170435
-0.04998854667038002 0.03357324468291082 -0.9981853447347558 -36.945727284646885 -0.009703623231951 0.9993713483823089 0.03409908691874673 0.3948775787801152 0.9987026508916212 0.01139057829881428 -0.04963133917257158 2.9762382886681964
