0.9999998672999985 -0.00045688465316755006 -0.00023802604584629607 -0.02042091719042984 0.00045721761660792867 0.9999989145209431 0.001400681615020806 -0.018298073797848553 0.00023738583754012027 -0.0014007902588517255 0.9999989907167981 1.3104833826109945
0.9999984108107404 -0.0016438753071752364 -0.0006899637429587581 -0.0370110154250288 0.0016449000555124498 0.9999975411327291 0.0014872902556344785 -0.04585088022024742 0.0006875171267036167 -0.0014884228134478582 0.9999986559579613 2.620858955096131
0.9999948859323572 -0.003024972153478166 -0.001038100477478376 -0.040129937295269 0.0030254727394577433 0.9999953075743516 0.0004809823093248559 -0.0736180908391587 0.0010366406481769745 -0.0004841205942441157 0.9999993455014943 3.9313313065043323
0.9999948202672555 -0.0030746165707061382 -0.0009519304602273568 -0.053514205987069144 0.0030752723367645208 0.999995034538695 0.0006881845756519357 -0.105984408177486 0.0009498098297534166 -0.0006911084564505104 0.9999993101149564 5.241633490094637
0.9999936893969706 -0.0033832060009957835 -0.001084012633028223 -0.06202301143676391 0.0033846569253761075 0.9999933749657668 0.0013394484215547135 -0.12699469139279626 0.0010794738214695188 -0.0013431089796929144 0.9999985153961666 6.552207676354234
0.9999891673213053 -0.004571609616699798 -0.000875000316200383 -0.07571638338798618 0.004573697711794672 0.9999866618563908 0.0023994579709985093 -0.14780320244049272 0.0008640192601853519 -0.002403433965385185 0.9999967384826273 7.862741165775557
