0.9999994999998916 0.0007196823880015834 -0.0006870877704622142 -0.011686989212627829 -0.000719771712220986 0.9999996999999451 -0.000129563656242 -0.023514205534614065 0.0006869944297927042 0.00013005814362712707 0.9999998000001633 0.9996551804229181
0.9999980999997843 0.0014308799879795154 -0.001366265170460544 -0.023374098290752144 -0.0014312330124628277 0.9999988999998903 -0.000257619056233581 -0.047028193571597855 0.0013658948300464013 0.0002595739435061787 0.9999990000003248 1.999310408867124
0.9999955999996765 0.002145638987957171 -0.002049036170458798 -0.035061354751944045 -0.00214643501270587 0.9999975999998352 -0.00038634715622497647 -0.0705419764553957 0.0020482028303016185 0.00039074344338480135 0.9999978000004871 2.9989655625776974
0.9999921999995687 0.002860328987934665 -0.002731935170456966 -0.046748741100313504 -0.0028617470129488802 0.9999956999997798 -0.0005150909562161924 -0.09405554087912255 0.002730450830557028 0.0005229049432636495 0.9999961000006493 3.998620727290861
0.9999877999994607 0.0035768159879119342 -0.0034167461704550615 -0.05843626060392968 -0.003579038013192492 0.9999933999997236 -0.0006441881562072429 -0.11756892640985846 0.003414419830813313 0.0006564088431423339 0.999994000000812 4.998275885147501
0.9999823999993532 0.004290399987889133 -0.004098979170453061 -0.07012392565707527 -0.004293603013435106 0.9999904999996672 -0.0007727888561981104 -0.14108196790361885 0.004095624831068798 0.0007903744430217267 0.9999913000009739 5.997931129570428
0.9999759999992455 0.005005067987866132 -0.004782444170450991 -0.08181172541134536 -0.00500943601367808 0.9999869999996105 -0.0009016144561888207 -0.16459488023881205 0.0047778698313249044 0.0009255500429011485 0.9999882000011362 6.997586330357644
0.999968699999138 0.005718770987842997 -0.005465184170448819 -0.09349962387482272 -0.005724485013920718 0.9999830999995536 -0.0010302943561793258 -0.188107414646501 0.005459200831580887 0.0010615476427808775 0.9999845000012985 7.997241581777751
0.9999603999990303 0.0064323839878197 -0.0061480381704465785 -0.10518767952679318 -0.006439629014163314 0.9999785999994963 -0.0011589883561696872 -0.21161968722350058 0.006140451831837071 0.0011985336426608352 0.9999804000014605 8.996896760145452
