0.9999979474408976 0.0005594017289410529 0.0019473529976447412 -0.017625332220295484 -0.0005576365486770131 0.999999433308474 -0.0009068760722494286 -0.021329491639856313 -0.0019478592021390528 0.000905788295628025 0.9999976926933842 0.9996171169254918
0.999993798721462 0.0009527739403639842 0.0033903894228911914 -0.026360630339456858 -0.0009512492714454167 0.9999994457321313 -0.00045128732939483165 -0.04227159959234732 -0.003390817518514339 0.0004480594253679604 0.9999941507825472 1.9993596351177287
0.9999896154558418 0.0004886274568007046 0.004531028987596984 -0.03837514468594062 -0.0004883170068537487 0.9999998783495984 -6.962247551749943e-05 -0.06388597916337262 -0.004531062455848648 6.740917400666215e-05 0.9999897324118007 2.9990538133746933
0.9999853425480763 2.2520359275104453e-05 0.00541425727504703 -0.04835695981606929 -2.279786416178848e-05 0.9999999984297795 5.1192758187893836e-05 -0.08690679451365482 -0.005414256113666152 -5.1315441334402243e-05 0.9999853414912947 3.99873895652101
0.9999794595468551 -0.000333322811116145 0.0064007327927034854 -0.05798821477615162 0.0003322194985191179 0.9999999297751953 0.00017343531818814464 -0.10956494870321544 -0.006400790153161087 -0.0001713053075095731 0.9999795000598297 4.998435824064494
0.999974506320306 7.55218504356292e-05 0.007140098452453971 -0.0587688757440052 -7.069721514199064e-05 0.9999997690400372 -0.0006759598926312184 -0.13365941506645942 -0.007140147853119003 0.0006754378748498103 0.9999742807054154 5.998145195462017
0.9999683168739327 -0.0002727010469827132 0.00795555670292576 -0.06433432973035165 0.00028087060344926583 0.9999994344226433 -0.0010258002231809662 -0.1558761482803317 -0.00795527246664817 0.0010280022046350963 0.9999678279082026 6.997882872298683
0.9999656975859043 -0.0003404442515502109 0.00827573255052205 -0.06396878958557727 0.00033774720362788246 0.9999998894027969 0.0003272937831184388 -0.17237261699629675 -0.00827584306053621 -0.0003244874506246518 0.9999657019765887 7.997746719480448
0.9999737891672176 -0.0009425562237267277 0.007178618691824871 -0.06848904256530047 0.0009338304792351068 0.9999988212752483 0.0012187734614855427 -0.19351857826782673 -0.00717975899272075 -0.0012120379034848874 0.9999734906610911 8.997512889960085
