0.9999969191247299 -0.002167886119156761 -0.0012091363954583629 -0.007048318436220304 0.0021715075477433798 0.9999931367741035 0.0030018260541205435 -0.02237492998757639 0.0012026204798472947 -0.003004442454677875 0.9999947635010485 1.5291089623070357
0.9999932169175608 -0.002536990309463816 -0.0026701683538023608 -0.015886121523913832 0.002547150365501741 0.9999895035188815 0.0038085268906024186 -0.041418337625499166 0.0026604781306158645 -0.0038153023773488865 0.999989182603435 3.052686896863995
0.9999898104211344 -0.0012975301401831117 -0.004323825787284303 -0.01998296765862634 0.0013128270975953276 0.9999928834888593 0.0035368710251099354 -0.056779129914025395 0.004319205819972898 -0.0035425114215424996 0.9999843974152361 4.566775004945235
0.9999830007678309 -0.0008207346173604597 -0.005772743719588404 -0.03459923331467919 0.0008405169893966032 0.9999937805193185 0.003425266978109812 -0.07743525244293872 0.005769896580937727 -0.003430060840372948 0.9999774712342657 6.079858743169446
0.9999758808935084 -0.0008290702760070978 -0.006895670651151154 -0.05841718954839949 0.0008548374727857371 0.9999926609311903 0.003734613320329382 -0.09835546812098546 0.006892523786453493 -0.0037404179224655885 0.9999692507220502 7.615602666011168
0.9999615113075353 -0.0010061820470420053 -0.008715704288127226 -0.07270057260533026 0.0010421578549130242 0.9999909526400197 0.004124141742394451 -0.11675542721647546 0.008711475796632399 -0.004133066149256204 0.9999535128963 9.099454503828802
0.9999423890593612 -0.0030214602424851467 -0.01029996797375521 -0.09238610856021388 0.00305471184481014 0.9999901690394141 0.003214118863586913 -0.1298791463575706 0.010290155382815072 -0.0032453971293464235 0.9999417883555375 10.599699915172835
0.9999219271457207 -0.00420719879069444 -0.011766014258178387 -0.10932625153877375 0.0042496804339687685 0.9999845335831424 0.0035878699410907527 -0.15076682309580508 0.011750737398019781 -0.0036375916264224438 0.9999243411867531 12.094518151616427
0.9999087536275286 -0.003850588368547258 -0.01294825811676533 -0.1419776537304553 0.0038982636468256303 0.9999857083950152 0.0036587629411123424 -0.17275014111779272 0.012933984675350755 -0.0037089048161725495 0.9999094739352571 13.587367445260954
0.9998973217203685 -0.0031723225542236505 -0.013974347428267168 -0.16598127103203747 0.0032233272119686204 0.9999882206705873 0.0036288678340670915 -0.18999522046813608 0.013962670880549165 -0.003673539122495953 0.9998957690340515 15.075990966419724
0.9998940334288482 -0.0015599760579064047 -0.014473713693735527 -0.20486309880607972 0.0016185840959876774 0.9999905355317774 0.004038444303594413 -0.19846137278984924 0.014467276831307394 -0.004061443286293379 0.9998870949159804 16.560421920413212
0.9998877809140516 -3.193278835845548e-06 -0.014980840049095969 -0.23981307511266864 7.31875666804859e-05 0.9999890848346025 0.00467170795687037 -0.20739330226261007 0.01498066161268288 -0.004672280113303695 0.9998768672072523 18.04297202304045
0.9998743762140133 0.0007060975063139238 -0.015834557680890662 -0.2643620472399499 -0.000620015221972253 0.9999850075822573 0.0054406058336816145 -0.21839252248651814 0.015838161880799135 -0.0054301046973834035 0.9998598234708769 19.516904817332115
0.9998692336984047 0.0005249480534619707 -0.016162918452621654 -0.3027973274223938 -0.00043927569890077193 0.9999858390990444 0.005303643864415952 -0.22877485996279748 0.016165473708657164 -0.005295850349223285 0.9998553052461407 20.990096832434986
0.999856756395635 0.0012293612358731235 -0.016880620869851846 -0.32719801602622184 -0.0011387116525333548 0.9999848868816414 0.0053786005692167335 -0.23765391966265442 0.016886977994073706 -0.005358607959398281 0.9998430453300984 22.45219192344405
0.9998506307044971 0.0019291452313534426 -0.017175409121640988 -0.34940873202157463 -0.0018298301658901677 0.9999815275058056 0.005796237462343572 -0.24667021611377563 0.017186273632855954 -0.005763943600715001 0.9998356909776648 23.90943427066467
0.9998537362791071 0.0029498731316662087 -0.016846492133874683 -0.3874944921910777 -0.0028313245690075872 0.9999710942269566 0.007056508465809295 -0.2605840809468092 0.016866820977723167 -0.007007778467544381 0.9998331867822029 25.361555507007942
0.9998553908228152 0.0030723225132109977 -0.016725976112930974 -0.4254715822576282 -0.002977396283734439 0.9999793375912958 0.005697324094954973 -0.27204764191295744 0.01674313453105855 -0.005646700350485015 0.9998438789237182 26.802399730641703
0.9998567663748448 0.003417252513742048 -0.016576161186967645 -0.4644067161456333 -0.0033583294429271587 0.999987948163713 0.0035812219535045304 -0.28233252593234764 0.016588199353509647 -0.0035250407919367854 0.9998561925245169 28.23536545699032
0.9998657120325644 0.001574189366938816 -0.016311953575527446 -0.4895674665957891 -0.0015188889854859603 0.9999930596289954 0.0034020097134457514 -0.2986392818937289 0.016317195772034956 -0.003376776817858559 0.9998611636124586 29.661001352230628
0.9998743129913633 0.0007093668254429555 -0.015838403289358934 -0.5253923436195886 -0.0006149625583682085 0.9999820228736238 0.00596454110784813 -0.30954713341592244 0.015842349607972282 -0.005954051417511147 0.999856774358516 31.082381875336157
0.9998753214371091 -0.0007879545323870188 -0.015770881671385285 -0.548145192659117 0.000900452937293947 0.9999741938513859 0.007127469100504765 -0.32268998786167735 0.015764858564086853 -0.0071407813946250225 0.9998502280219416 32.49381640695645
0.999879296856017 -0.0017273254951287924 -0.015440468430437115 -0.579653705686498 0.0018280387936034184 0.9999771326280614 0.006510951937267668 -0.3371928016031497 0.015428868814223737 -0.00653839182018082 0.9998595898622562 33.888213356868064
0.9998873914470005 -0.0016843330666719489 -0.014911990056113418 -0.611656952812307 0.001754967818990806 0.9999872973502889 0.004724957779611776 -0.352256709034323 0.014903842231700335 -0.004750595771618876 0.9998776461780446 35.2722725144591
0.9998954388921111 -0.001009262484662278 -0.014425417567260686 -0.6423148351869576 0.0010653036862587838 0.9999919141098598 0.0038777368341397583 -0.3638369412690425 0.014421387270606876 -0.003892698824190542 0.9998884290184856 36.64011179185772
0.9999086483361054 -0.00039101419552731804 -0.013510813837891447 -0.6725846761550187 0.00043090085872744637 0.9999955576192637 0.0029494179404574153 -0.38324657783927046 0.013509600553429027 -0.0029549703275059186 0.9999043748495404 37.996352813306906
0.9999267896538647 8.80038319790916e-05 -0.012099900323625871 -0.6975436085630154 -4.003396036074717e-05 0.9999921398639797 0.003964669915729058 -0.40019589513742365 0.01210015412290859 -0.003963895253942337 0.9999189336164295 39.33066731424166
0.9999454781115558 0.0005118023389321253 -0.01042971057213351 -0.7231417279353733 -0.00044861286163298245 0.9999815371465052 0.006060042294638437 -0.4187419286862138 0.01043261955373562 -0.0060550329873827555 0.9999272458658023 40.654487582047004
0.9999600392942317 -7.79278851516501e-05 -0.00893944863644075 -0.7315596128197157 0.0001411520574846528 0.9999749825788685 0.007072078371165925 -0.43341761948455176 0.008938673882378408 -0.007073057587490816 0.9999350338724953 41.95785795303924
0.9999766558294534 0.0005441275762933186 -0.006811146843533833 -0.7370933822703166 -0.0004916353445813842 0.999970186592645 0.00770611578930311 -0.44863428711283526 0.006815136890145474 -0.0077025872958964995 0.999947110630416 43.240350079544164
0.9999941873460606 0.0002213660028189196 -0.003402391979943613 -0.7499367054351453 -0.0001971770889126622 0.9999747178632621 0.007108076778182749 -0.4623055612880316 0.0034038794467484315 -0.007107364587646352 0.9999689490045828 44.503730416588894
0.9999999051013857 -0.00039508583093990064 0.00018358759856890877 -0.7532367596047861 0.0003941073956610537 0.9999858807019942 0.005299346753827602 -0.474168736976246 -0.00018567870325658724 -0.005299273897696614 0.9999859415109673 45.745048653570265
0.9999934573439078 -0.00044058666999245423 0.003590425150976639 -0.7573694638528938 0.00042771158002203165 0.9999934790611209 0.0035859305681305463 -0.49196516070340834 -0.003591981651241534 -0.0035843714402058174 0.9999871248917134 46.97839195243943
0.9999703111509128 -0.00023926750570998424 0.007701919748203566 -0.7559975572067215 0.00020669283571184352 0.9999910324013092 0.004229940311076729 -0.5085813736615049 -0.007702862767745663 -0.004228222797384026 0.9999613932733386 48.19860326995664
0.9999127202725909 0.0002452590172673369 0.013209530085598935 -0.754320896529982 -0.0002996826474102229 0.9999914752489145 0.004118205897007409 -0.5237895583885666 -0.013208407450511809 -0.0041218051280664135 0.9999042697654146 49.408256442834
0.9997994033048191 0.0018788994452008819 0.01994048365017625 -0.7503000033324498 -0.001944206160412067 0.9999928085823737 0.0032562011519063545 -0.5412847586679058 -0.019934222175292886 -0.003294316379870726 0.9997958662976432 50.606321614237125
