0.9999915022399875 -0.002611672848032563 -0.0031897668798823667 -0.007380765207699182 0.002604957222851444 0.9999943858653273 -0.002107708635933252 -0.009329283259063162 0.003195253617517567 0.0020993815188581136 0.9999926914490715 0.8603607288397827
0.9999745642592203 -0.0011550504785253152 -0.007038230812820452 -0.023008183690983824 0.0011295403514028062 0.99999278300552 -0.0036274061627274705 -0.01652335661144788 0.007042369855171588 0.003619363931259059 0.9999686521244333 1.7361565600485178
0.999940390324901 -0.0014309993314337388 -0.010824418589378932 -0.04218610301885424 0.0013763146427124113 0.9999862624284075 -0.0050577378805303375 -0.020424349878706224 0.010831507507679215 0.005042538584615147 0.9999286230775343 2.6592001683809894
0.9998758309457849 0.0001104563176920466 -0.01575787072792566 -0.060034045739116915 -0.00019862506064923739 0.9999843350534433 -0.005593764010726414 -0.033290647565903754 0.015757006015148196 0.005596199346368751 0.9998601898837227 3.5614383513794627
0.9998039367920443 -0.0008847168818412474 -0.019781437034985177 -0.08886895025356735 0.000772546462802127 0.999983584948806 -0.005677411813173676 -0.047674271642439085 0.019786135223759837 0.005661016602390211 0.9997882084441355 4.482793219292093
0.9997057414191713 0.0008313003812580874 -0.02424333956412319 -0.12184165218926162 -0.0009981349150208778 0.9999759005398794 -0.006870375983021846 -0.06141927161756474 0.024237043966554104 0.00689255243961099 0.999682478800459 5.421260491539027
0.9995759465472863 0.0035227767330239133 -0.02890531314804083 -0.16580219417319164 -0.0037412081894606253 0.9999648295896493 -0.007506193777548511 -0.07301077218213049 0.028877853891522982 0.007611151544428775 0.9995539704922327 6.3895700715941075
0.9994419865750793 0.004040952575188041 -0.03315699282420516 -0.2080720950458814 -0.0042376819813360715 0.999973820730497 -0.005865143227237177 -0.08504101745771686 0.03313242403272616 0.006002379189623727 0.9994329461858755 7.383000907224552
0.9992885971170657 0.003221470033029849 -0.037575547935236715 -0.2489638654628087 -0.0033461906115305265 0.9999890981440793 -0.003256777760523122 -0.09547068965845801 0.03756464668006723 0.0033801958251592256 0.9992884826695366 8.404134667222394
0.9991615498599606 0.002984513335838981 -0.04083246210541046 -0.30521175070913675 -0.0030035229678167345 0.999995407720059 -0.00040421352508494606 -0.11313138991625395 0.040831068210657656 0.0005265158499643493 0.9991659254847696 9.446026238754618
0.9990450961936375 0.0045497375232074234 -0.04345337340087413 -0.36197150305170583 -0.004599250087323403 0.9999888830710325 -0.0010395349837015334 -0.12394892440449329 0.0434481607214866 0.001238395259197262 0.9990549152609688 10.52704777458474
0.9989525063395418 0.004380529621680207 -0.04554888624523685 -0.41624652584169264 -0.004441278075313193 0.9999893778379352 -0.001232582799018984 -0.1341063330321286 0.045543003052123 0.0014335869461869803 0.9989613504542915 11.610597362511822
0.9988682597200325 0.0009542174148733178 -0.047553014552170536 -0.46364602269350885 -0.001037977125875974 0.9999979531769202 -0.0017367341349779448 -0.14478811937176786 0.04755125999760623 0.0017841275443734083 0.9988672056692747 12.696998961923155
0.9987681440561565 0.00047835768231371936 -0.04961819819933234 -0.519615187284774 -0.0005166530762345415 0.9999995785104101 -0.0007589786559657613 -0.15532061101918676 0.04961781422250753 0.0007836790983340629 0.9987679702307494 13.811694673574161
0.9987100265283705 -0.0008583068828641653 -0.05076954028742369 -0.5815471490899515 0.0008135417978391159 0.9999992619212156 -0.0009023894761481812 -0.169605211689711 0.050770277342601505 0.0008599222745819528 0.9987099876702128 14.927601286428615
0.9986076637856471 0.0013557352059870127 -0.052734199630062616 -0.6503299177033502 -0.0015216597405649814 0.9999940173700052 -0.003106408831964716 -0.18360204407057262 0.05272967267304048 0.003182327174979324 0.9986037524531665 16.06589743974428
0.9985396930362371 0.0019170319377253585 -0.05398894719891393 -0.7214196058081969 -0.0022294964677666094 0.9999811098944379 -0.005727931545322337 -0.19766963815038405 0.05397694671429268 0.005839935174077118 0.9985251045319614 17.214831134429332
0.9984261369697799 0.00562732248708643 -0.05579948258925589 -0.7958220205928904 -0.006047844010439084 0.9999545501133856 -0.00737029784753428 -0.2101177239436921 0.05575547146628514 0.007696164574793308 0.9984147917836601 18.34015825839402
0.9983577954643711 0.006623085718590553 -0.05690208230886696 -0.8686910071703762 -0.007038134699838469 0.9999500489148944 -0.00709678342961098 -0.22463800708040518 0.05685223738313031 0.007485613579665581 0.99835454057858 19.472735448228907
0.9982830352323041 0.005727962271910879 -0.05829384200402061 -0.9524875941866979 -0.006075915991921775 0.9999647588718963 -0.005793466935156534 -0.2405167051266202 0.058258602903238796 0.006137708243408841 0.9982826572295448 20.863006257742967
0.9982019602045099 0.006481757083913902 -0.05958887034488145 -1.0283356634454939 -0.006746231384100591 0.9999682624742068 -0.0042382079264043195 -0.2602275384790226 0.059559508107321864 0.004632587767154804 0.9982140071771146 22.0419013359539
0.9981566820149267 0.006296289674169 -0.060362197485606825 -1.1040701112715814 -0.006568576821737652 0.999969123192683 -0.004313520579862974 -0.2771309678813122 0.06033317451857957 0.004702063121112224 0.9981672197858006 23.163660109643452
0.9980591621110353 0.006247871146037343 -0.0619586396910131 -1.180144974611888 -0.00657507570507609 0.9999654878426726 -0.005078533551877889 -0.2947968161598702 0.06192477134144937 0.005476059688091958 0.9980657971619911 24.28662577584642
0.9979962938413705 0.004376484850717079 -0.06312086706660945 -1.2542060009536917 -0.0047516106302704 0.9999719249799426 -0.005794087359163184 -0.30783123199036594 0.06309373721144941 0.006082403493583605 0.9979890704273433 25.42973600573311
0.9979588390368296 0.0044386798862495955 -0.06370599429512899 -1.3309821935642017 -0.004709766339526448 0.9999804803446833 -0.0041057314382176475 -0.31950600630291415 0.06368652674852558 0.004397391327037985 0.9979602643693912 26.552901406230845
0.9979544162697626 0.005705289011541749 -0.06367442755904879 -1.4061866412756243 -0.005750345643741642 0.9999833291418185 -0.0005243695475844364 -0.33801047856371597 0.06367037437187935 0.0008894468729012126 0.9979705868970308 27.679173099985217
0.9980006577090694 0.006228787589005743 -0.06289586168768328 -1.4921732421244878 -0.00603585710732316 0.9999764799184182 0.003256998456976447 -0.34648623226876146 0.06291466952345146 -0.002870856168431071 0.9980147807240203 28.8627264360138
0.9981075185407737 0.004946524491426902 -0.06129366466311884 -1.570356245969335 -0.004589196222030297 0.9999716536720868 0.005969181715029999 -0.351888560473988 0.06132145391634845 -0.005676596495001138 0.9981019264292686 30.064644600396296
0.9982055192769099 0.00515146223947004 -0.05965906236197597 -1.6455834926214046 -0.0047544359993763625 0.9999656113497447 0.00679495814987535 -0.3597879851755145 0.05969201473767369 -0.006499119534678334 0.9981956846339451 31.28481447664389
0.9982955981089945 0.005713369140121743 -0.05807974009303125 -1.7301139497729412 -0.005492529248371215 0.9999770699117929 0.003961284271605271 -0.3719277037658983 0.05810104059878048 -0.0036355279800031276 0.9983040879499816 32.526351887504745
0.9983465115418406 0.006944265234781631 -0.05706154635642986 -1.813992898831585 -0.007001901461347304 0.9999751581687087 -0.000810198365303068 -0.383059227036723 0.057054502610780565 0.0012083980364770756 0.9983703338471257 33.820203499433404
0.9984235423565085 0.006362444111493399 -0.055766920062073545 -1.8847623153713386 -0.006584504785799524 0.9999711051356936 -0.00379910389764084 -0.39408951762191463 0.05574113709826301 0.004160312323301035 0.998436586587433 35.02209800440086
0.998478231474476 0.00360304424814628 -0.055029440699947245 -1.9524632549802365 -0.0037672360782009784 0.9999887559339786 -0.002880266991888026 -0.40142758119608707 0.055018444215864576 0.0030831927866027662 0.9984805780376029 36.19796299035184
0.9984668099889473 0.0015400323146199549 -0.05533224783944274 -2.0172811883453727 -0.0014213753644358486 0.9999966054912052 0.0021837349061283786 -0.41482510494633223 0.05533542303596273 -0.0021017389316456323 0.9984656096485715 37.362638539924724
0.9984250037380507 -0.0020136246000680208 -0.056066542845479926 -2.081473517600729 0.0023299016403414974 0.9999817380153938 0.005576306488921224 -0.42858144448677354 0.056054290371213844 -0.005698153357189613 0.9984114620632601 38.5527881247909
0.9983190507466301 -0.009654962772102678 -0.05714765620931004 -2.140771583824739 0.009950026729412252 0.9999385850543254 0.004880890045607964 -0.43549637306278366 0.05709702167742334 -0.005441306223935889 0.9983538061740158 39.77734131715114
0.9982069183716678 -0.011984968922583897 -0.05864561905943181 -2.2134155157823963 0.012064490111639174 0.9999267192849878 0.0010020670173733585 -0.44437779981651276 0.05862931172447312 -0.001707799720647597 0.9982783615940134 40.9887806281483
0.9981364777615411 -0.011767232619604523 -0.05987573797675763 -2.2952271515572398 0.011619054928023148 0.9999285134637219 -0.0028223261347307916 -0.4603611037107574 0.05990466863579822 0.0021213671788066924 0.9982018485641703 42.19818681813857
0.9980137416904885 -0.010553603029573973 -0.062106302901120736 -2.3744583469081957 0.010362280726296006 0.9999405234839095 -0.0034018572683686583 -0.47606829682099405 0.062138510885770416 0.0027515373555678448 0.9980637427073878 43.37301298828848
0.9979488889805597 -0.010575632526995015 -0.06313613053649726 -2.4427168407681834 0.010483397603622501 0.9999434419714659 -0.001791991334136056 -0.49905542411893655 0.0631515111232661 0.001126434601395597 0.9980033155195106 44.527760296401375
0.9978766098862054 -0.007952529157904125 -0.0646454075863693 -2.5223710266071513 0.008037522986731077 0.9999671422649395 0.001054805540247086 -0.5134526749939295 0.06463489511287904 -0.0015721547260529576 0.9979077405568431 45.715168832619206
0.9977967550833381 -0.008130079606457447 -0.0658447974463832 -2.611073609044398 0.008303087486740373 0.999962757364118 0.0023542775829145596 -0.5244034645504341 0.0658232047484022 -0.0028958056465415802 0.9978270992643496 46.9279000873284
0.9977448168645725 -0.00679224860284944 -0.06677683564529804 -2.697601725169857 0.007137065845041304 0.9999623951494079 0.00492651785572717 -0.529913096972147 0.06674086237834789 -0.0053919983286665136 0.9977557735453185 48.176088586681296
0.9977491019819404 -0.007327061091705607 -0.06665616003034522 -2.782598537957242 0.007881223273568723 0.9999365029872379 0.00805458337629887 -0.5375065143523932 0.06659291113883453 -0.008561785410298707 0.9977434940988803 49.418627064476155
0.9977500534917096 -0.0015954414884099414 -0.06702451285722834 -2.885551822092757 0.0022917868310273525 0.9999441849753945 0.01031380856012452 -0.5416793168225438 0.06700431680431357 -0.010444208938489673 0.9976980204597158 50.686789903280484
0.9977394315628618 -0.0015484036151785332 -0.06718354821578637 -2.97939101777707 0.002220463645062106 0.9999482327480022 0.009929822019954944 -0.552668352127228 0.06716469493580185 -0.010056553604069625 0.9976912195082146 51.97540987315279
0.997744557308387 -0.0013048523562213912 -0.06711256008990069 -3.1708199126285743 0.0018662597335433993 0.9999637867644211 0.008303146052312683 -0.5675645580267474 0.0670992953472613 -0.008409668250742353 0.9977108609430955 54.89082993722423
0.9977562428893877 0.0007215489144865861 -0.06694743566723264 -3.3052706196381467 -0.0003060233337108683 0.9999806287392852 0.006216791447596229 -0.5812724831658769 0.06695062453012257 -0.006182355000134176 0.9977371359038804 56.650841723505934
0.9976789387017956 -1.8424517466343712e-05 -0.0680935748172848 -3.392804560807795 0.0004550112053287539 0.9999794414447837 0.006396065398439536 -0.5907894695522815 0.06809205706734824 -0.006412203078135122 0.9976584362476073 57.899272294091304
0.997589713156817 -0.002513284007414037 -0.06934297085645444 -3.4789461280678347 0.0030518198262181172 0.9999659939524308 0.007661418568068389 -0.595876941027997 0.06932135745532754 -0.007854574604962151 0.9975634591635387 59.133829867024225
0.9975387825455156 -0.001723691293425596 -0.07009569320533753 -3.5795283630193473 0.002334508495437293 0.9999600093636629 0.008633061074009567 -0.6071632981574618 0.07007800930175274 -0.008775452224689903 0.9975029143067978 60.39936888407238
0.9975142213897018 0.0004782602525250999 -0.07046381619263468 -3.680778500494467 -0.0001181480392499299 0.99998691297563 0.005114676774744846 -0.6188382428842344 0.07046534017756077 -0.0050936376588982665 0.9975012234022872 61.68437320733292
0.9974666751780346 0.0013911310231172506 -0.07112170318373574 -3.7714147226937857 -0.0013228152536271518 0.9999986174112655 0.0010076385074711484 -0.6336126365076694 0.0711230066088579 -0.0009110049579931154 0.9974671363011827 62.86698940222257
0.9974077556023279 0.0016821278648503244 -0.07193705241511548 -3.858980865317832 -0.0017042103516622554 0.999998517674431 -0.0002455931949311 -0.6410126889631369 0.07193653266182665 0.0003675524267414442 0.9974091438190282 64.06286074980349
0.9974059780978588 9.824188008463082e-05 -0.07198128370061632 -3.9584885605562885 0.00014032112139566641 0.9999945148294574 0.0033091722500432222 -0.6522494799737295 0.07198121397030269 -0.003310688679196917 0.9974004933705569 65.25022378028102
0.9973832031905641 -0.0012394121050111897 -0.072285613028915 -4.03443043081579 0.0017068274797792393 0.9999780322831515 0.0064048178014850556 -0.6714904108548627 0.07227608687032216 -0.006511436765407443 0.9973634084214054 66.40369432305522
0.9973794263617349 -0.0028736124798439434 -0.07229123198323902 -4.125033283915139 0.003396530333826916 0.9999689438897864 0.007111598810124413 -0.6867351623558874 0.07226855091967864 -0.0073385017040573635 0.9973582119482993 67.5907323953256
0.9973560995598609 -0.006078787434560825 -0.07241449450260902 -4.20966686960461 0.006529176377212455 0.9999607770107852 0.005984504642955294 -0.6991663036402819 0.07237527565804644 -0.0064414892153698755 0.9973566697476433 68.79975590669935
0.9973048256191891 -0.008810279385566848 -0.07283861457928355 -4.295335763861331 0.009179495485801804 0.9999466533255393 0.004735753971592194 -0.7087665845613208 0.0727930055658324 -0.005391612022536631 0.9973324966431658 70.0206101552013
0.9972188758060845 -0.010281415457476418 -0.07381602964290429 -4.392312494807185 0.010746400535422404 0.9999248211157726 0.005904827865577877 -0.7188441629725998 0.07374977024766675 -0.006681662426417195 0.9972543942122466 71.2833281034718
0.997107230881358 -0.013073531342411883 -0.0748749150406961 -4.480568118037166 0.013870363275334792 0.999852466331468 0.010132057712558342 -0.7326306526504477 0.07473140669573086 -0.01114129028072336 0.9971414586226756 72.50547953311121
0.997036145298238 -0.014096608699309083 -0.0756320738312234 -4.611501660797242 0.015279097304605568 0.9997695607282391 0.015078946475796053 -0.7348142451318759 0.07540208322314085 -0.016189844484802433 0.9970217724709765 74.36001623745415
0.9970310909634224 -0.011958708222198031 -0.07606571468110068 -4.713605363237249 0.013319283566262389 0.9997598070059307 0.017404740180344522 -0.7421624193562495 0.07583930601984554 -0.0183662079134517 0.9969508925063998 75.6072234308614
0.9969412626801611 -0.010732943404454 -0.07741396961508354 -4.822470763141959 0.011808717476812593 0.9998397859084452 0.013452014945983932 -0.7500366611276476 0.07725718709117692 -0.014325028461784593 0.9969082809377836 76.90765108558023
0.9968504017305565 -0.009435815207629896 -0.07874161517900227 -4.928667452127818 0.009912617203371166 0.9999348127729799 0.005666588466157032 -0.7504102253019415 0.07868301334983334 -0.006429276478174893 0.9968789534412672 78.17666120167566
0.9968153582173412 -0.007592637360995575 -0.07938194681374644 -5.03260332948942 0.007690525617557341 0.9999699973561704 0.0009274714150899329 -0.7625596186111483 0.0793725231913522 -0.0015350066464118167 0.9968438424933128 79.36561347356437
0.9967533099732854 -0.0029656280734221205 -0.08046144485051382 -5.1383673833713 0.00313130564773128 0.9999932292118112 0.0019329913279651414 -0.7770566269181326 0.08045516752976546 -0.002178664880983837 0.9967558474556809 80.5055926064792
0.9966920076094293 -0.0002158516213829724 -0.08127112264245734 -5.244913407209425 0.0005627722469903639 0.9999908281914317 0.004245800326451765 -0.7941037754549893 0.08126946077639381 -0.0042774923835847845 0.9966829876164344 81.6317513157179
0.9966096261928792 0.0024522730810651325 -0.08223891619195828 -5.350799125327901 -0.0019889748230915412 0.9999816911176201 0.005715016071470959 -0.8069650065940499 0.0822514252693846 -0.005532068896890713 0.9965962568938705 82.74943769389094
0.9965189848267125 0.0031834924162345377 -0.0833053314979078 -5.447403638583269 -0.002735888146884945 0.9999812055574628 0.005486660905340768 -0.8171796739607935 0.08332123256402453 -0.005239647686460992 0.9965089654870808 83.87354600738806
0.9963774266894815 0.0050613387084851484 -0.08489055562385739 -5.550551833499517 -0.0045302211856394015 0.9999689499324295 0.006447966116749827 -0.8318089883033425 0.08492055510686687 -0.00604003489324014 0.9963694180869005 84.98570974945561
0.9962796847788046 0.005965266773521376 -0.08597211925600527 -5.65712287380178 -0.005370370575491811 0.9999600227881581 0.007149261877112632 -0.8487215882867787 0.086011329584712 -0.006660962229765662 0.9962718919879464 86.08789453327674
0.9961506151496217 0.005878913010600893 -0.08746079303805919 -5.746437394934996 -0.005222932735500864 0.9999565045006383 0.007727229807937011 -0.8641275512580652 0.08750241659904519 -0.007240682887547491 0.9961379922483871 87.15097617570906
0.9960372303972178 0.005524257895087574 -0.08876552392314374 -5.851877166153136 -0.004769107513802905 0.9999506328104732 0.008717084114280427 -0.8681938325077937 0.08880929723944118 -0.008259207991218848 0.9960144046183231 88.23815734477098
0.9958996327670924 0.008282638610789969 -0.09008506730871346 -5.952213862726021 -0.007272581413410686 0.9999070254021443 0.011534734978334453 -0.8786919549122698 0.09017222972710431 -0.010832287342853736 0.9958672755628446 89.26552211106123
0.9958006129877168 0.00984355962745738 -0.0910178197231181 -6.0606095504311135 -0.00845518367090747 0.9998421420792933 0.015626925205587686 -0.881052369255609 0.09115727640940424 -0.014791729315752834 0.9957266470781364 90.30138865240971
0.9956122133385055 0.012988244118152964 -0.09266944569776699 -6.164401360727748 -0.011404950457963305 0.9997801546179671 0.017594588290855417 -0.8938234403289119 0.09287759555595472 -0.01646049655388825 0.9955414628718096 91.36957555681262
0.9954490295738099 0.015880798445699965 -0.09396291694753331 -6.294629913352342 -0.014681737729521747 0.9998019055518292 0.013438609755918991 -0.8989713846859889 0.09415771926827611 -0.011997912137426056 0.9954849943653282 92.5618489603548
0.9952856370401034 0.015710853669324665 -0.09570616374434102 -6.385519745857598 -0.01516665616761716 0.9998644268583979 0.006410962784167227 -0.9181324484824793 0.09579391025723293 -0.004929196700048075 0.9953889841551995 93.59942755089895
0.9951681330786912 0.015003284379877165 -0.09703240882556236 -6.489152270129678 -0.015021386348807973 0.9998870246334328 0.0005439870035848686 -0.9254991834101736 0.09702960814532 0.0009162027705477355 0.9952810737252303 94.5615363845996
0.9950926963218972 0.01572916317721363 -0.09768888960656319 -6.5806797127433185 -0.01584848120184613 0.9998743056808446 -0.00044551413338926506 -0.9371344963617603 0.09766960310359311 0.0019915483908027666 0.9952169021698697 95.46864728708937
0.9949800712330699 0.018496152132553016 -0.09834912406995235 -6.675932193279729 -0.018260220977616575 0.9998278270558959 0.0032985715898642843 -0.9560133335519332 0.09839320189365729 -0.0014861362569780962 0.9951465064100552 96.3398673233371
0.9948607498277989 0.018917880547301594 -0.0994696046421718 -6.773701063066574 -0.018458850428544307 0.999814310212785 0.0055331667776029395 -0.973484849769622 0.0995558099405983 -0.0036686358950119404 0.995025216674301 97.21239784975769
0.9948034994484538 0.015762453991013423 -0.10058599569171321 -6.863666426008817 -0.015624527288513351 0.9998755988339478 0.0021589357248264648 -0.985690561755386 0.10060751280159264 -0.0005761081796140937 0.9949260256256448 98.0965150483243
0.9949078036739957 0.007753150525607532 -0.10049055102603131 -6.936038630227806 -0.008092222857106878 0.9999628557992492 -0.002966976750874737 -1.001142507781123 0.10046381496747474 0.0037650602567007993 0.9949335888407039 98.92961626541299
0.9950575176060483 0.0037574007626824547 -0.09922912170930263 -7.013308637341319 -0.004546904542853884 0.9999597745997999 -0.007731419106160681 -1.0138788544037152 0.099196080138124 0.00814439204763172 0.9950345755617761 99.69568474194801
0.9953488353901256 0.006441272625340666 -0.0961207880455049 -7.082976223224374 -0.007231932493007605 0.9999428040553767 -0.007879579321679509 -1.0250341499960598 0.09606453580765051 0.008538069151517697 0.9953384883220497 100.42513508619238
0.9956919974487479 0.01136786961012314 -0.0920229197377048 -7.162536794742957 -0.01188349135936943 0.9999166003455027 -0.005057171798903446 -1.0327463171105786 0.09195775578838662 0.006128939061458756 0.9957440470604597 101.12882369024172
0.9961234059999337 0.009835970662665238 -0.08741518003308692 -7.2162870858165835 -0.010046045685935347 0.9999476093054754 -0.0019635708135486677 -1.0471940017619066 0.0873912866661766 0.0028341357389709467 0.9961700310135023 101.80765223336289
0.9966465758931471 0.005986058123531295 -0.08160741307387306 -7.2594837041139915 -0.005797171219561676 0.9999799415667003 0.0025513271270177908 -1.0660475042154869 0.08162104854949541 -0.0020696792987507217 0.9966612869281521 102.47294778047743
0.99729175108253 0.0015899734208240073 -0.07352982529059025 -7.291911179683054 -0.0011386445401865963 0.9999802581309587 0.006179549898803887 -1.0836552320816248 0.07353819899450027 -0.006079089805371905 0.9972738730939374 103.15313094639059
0.9980031016582659 0.0054269895129267914 -0.06293136630735142 -7.335017348516406 -0.00505169581112178 0.999968505627882 0.006121120957146925 -1.0967453322168907 0.06296260358272462 -0.005790987581294917 0.9979990856773955 103.84746881925686
0.9988163207510007 0.010592360453541241 -0.04747377488107313 -7.37845013460654 -0.010337036752598287 0.9999307754491285 0.005620496497620999 -1.1040904271947325 0.047530022855159275 -0.005123105476817327 0.9988566717590972 104.50676487883328
0.9994537263548045 0.01572230202271554 -0.02906988294789839 -7.399584364848018 -0.01554646859089755 0.9998595198476053 0.006264813202968539 -1.1108499643415388 0.029164296491604555 -0.00580945687843297 0.9995577492175862 105.14021408981438
0.9998734680201167 0.01424618828378901 -0.0070777163555804865 -7.38574101863753 -0.014198312772636078 0.9998762861092354 0.006769076067871087 -1.1169860155793812 0.007173274275922434 -0.006667727932741558 0.9999520416201854 105.7726845810579
0.9997546196201647 0.010878402755017027 0.01929665519311839 -7.3508670788962 -0.011027105878844918 0.9999101913905307 0.007616566765213863 -1.1226879316249276 -0.019212066106465732 -0.007827484069089907 0.9997847903469369 106.4029332035435
0.9987703316049092 0.009673022613343681 0.04862362943409499 -7.293975116181229 -0.010134523680512937 0.9999058255253667 0.009253729529441932 -1.1343672461819525 -0.04852953879434228 -0.009735127834635034 0.9987743044103865 107.0005235067423
0.9966085550471291 0.009092943364310102 0.08178451190690027 -7.218323580338006 -0.010020796669484935 0.9998899243367823 0.010941793449554867 -1.146502042516714 -0.08167601631437041 -0.011724230923916985 0.9965899712360431 107.61572969033922
0.9928473947415491 0.009103618105538405 0.11904274397169332 -7.111875728242792 -0.010545493412587894 0.9998784026407591 0.011487928501212831 -1.1526443431837283 -0.11892368697449075 -0.012661124355776075 0.9928226692649804 108.22305381065142
0.9869323942838225 0.009269775026590786 0.16086802163314207 -6.973382169989217 -0.011264029786254777 0.9998705504401476 0.011489299173170483 -1.159438636333182 -0.16074069411999872 -0.013151183728951722 0.9869090513417882 108.8675025806093
0.9785194800420023 0.008918532770136482 0.20596137247445315 -6.80433151273233 -0.0115231816064322 0.9998680457392342 0.011450213765256439 -1.1672710870860452 -0.20583207588711125 -0.013577587518881502 0.97849313010014 109.47813460418644
0.9667735985059446 0.011034592214949136 0.25539586333086817 -6.617020386555544 -0.013900227361689093 0.9998590318816895 0.009418070073228701 -1.18020124445481 -0.2552559360938799 -0.012655202063210243 0.9667906975915607 110.06066744123342
0.9513541016336117 0.011997677691250076 0.30786592704442534 -6.3771120195310935 -0.01471857430642617 0.9998704358300424 0.006517294179909946 -1.1904696313879748 -0.30774784625613955 -0.010731602073230198 0.9514074289396994 110.62117906335226
0.9316240874496456 0.012100929126657445 0.36322187048399135 -6.114649870654616 -0.014633885281267266 0.9998840026361204 0.00422263826839946 -1.1994436834280264 -0.36312863985809785 -0.009249258707737499 0.9316931051200095 111.14557268844554
0.9074869353273224 0.012660297231536423 0.4198894843696804 -5.818903455658564 -0.015069515957564039 0.999883517359742 0.0024210330678648157 -1.2087280313064237 -0.4198099235356772 -0.008524587164204836 0.9075720134042525 111.65100819010351
0.8783701330405499 0.012670111788401411 0.4778131200057179 -5.487857525067205 -0.014611297936670604 0.9998931893908172 0.00034609603537842214 -1.2166510057783617 -0.477757699419836 -0.0072854702750936974 0.8784614405697819 112.14988413041122
0.8450722980990569 0.011050127961730218 0.534537843054737 -5.077854228634674 -0.012212886065684193 0.9999244911073127 -0.0013629004836974773 -1.2372668432544158 -0.5345125409188516 -0.005376500331185398 0.8451434415793937 112.66156477401135
0.8084827647170125 0.010499868951942356 0.5884261822077008 -4.687516271670493 -0.011355233277315998 0.99993301608454 -0.002240986678413036 -1.257560897047581 -0.5884102971845029 -0.004869917459991386 0.8085478378371795 113.08035692005254
0.7686225445348296 0.00901646756198782 0.6396390289417229 -4.277638930019739 -0.010609962280241034 0.9999428069796891 -0.0013459086121466875 -1.2697540955080642 -0.6396145813950908 -0.005752050267862016 0.7686742490707614 113.48144875132195
0.7258362612934766 0.00834726220418617 0.6878168687995411 -3.852724056006066 -0.01237671180069199 0.9999229768944387 0.0009258960884523542 -1.2842324022723977 -0.6877561623108236 -0.009184960111974666 0.725883666789128 113.84992765249844
0.6808808344573813 0.006824935708917603 0.732362416786383 -3.3886855381918064 -0.0115488387458684 0.9999323036962696 0.001418572625371243 -1.2975540155025003 -0.7323031568908079 -0.009423814367901436 0.6809135614235603 114.18896679893686
0.634784474784639 0.005155658569090886 0.7726720454093777 -2.8622541938199353 -0.00805709656094816 0.9999675396648097 -5.302560924552529e-05 -1.3055675161405769 -0.7726472375977271 -0.006191833446293486 0.6348054091067397 114.51549620136895
0.5882513452249951 0.002491190162047471 0.8086743156627163 -2.3129641094120843 -0.0025788872106899657 0.9999959491060919 -0.0012046211691909498 -1.3157211009850045 -0.808674040749262 -0.0013768598270128257 0.588255386779652 114.81144732525613
0.541842059821509 0.004712591935283379 0.8404671163618707 -1.7650908185340914 -0.004672203192032734 0.9999857184027215 -0.0025949003691042192 -1.3255365160907007 -0.8404673418555402 -0.002520806982837325 0.5418563396385041 115.08609756575467
0.4942204099575215 0.007497028507023929 0.8693043085968151 -1.205059661200504 -0.008894742747232277 0.9999540793364722 -0.0035668991868927774 -1.340780165919187 -0.8692911307110412 -0.005969403815605853 0.49426439916830506 115.36040797112511
0.44882182784023494 0.009408561290072738 0.893571735133002 -0.6390531076903022 -0.009767486867202529 0.9999364898594445 -0.005622494808580136 -1.3576021086108643 -0.8935678838535157 -0.006204451790805664 0.44888522110170376 115.58663164466603
0.4066109498363836 0.006923896102445565 0.9135751721319483 -0.06032846799158975 -0.0023859256754606524 0.9999759190541078 -0.006516799104168305 -1.3598392424671608 -0.9135982940175761 0.00047007941398589936 0.4066176781615857 115.76876957407816
0.3671742860021792 -0.0007131687420135289 0.9301518881823214 0.5157521155004243 0.01299898298420468 0.9999059837014949 -0.004364653402343722 -1.359641055046251 -0.9300613260103693 0.013693617063860518 0.36714903610324473 115.91025130291317
0.33178485176886835 -0.004452336196383418 0.9433445758783514 1.1074907248850934 0.01696303985359175 0.9998553396229282 -0.0012470390710916817 -1.365492350757114 -0.9432025590591004 0.01641574030964635 0.33181238080344505 116.06158035750748
0.2985473391856153 -0.0002474934144524191 0.9543947951514621 1.7073449093130657 0.014005096888414684 0.9998934287967509 -0.004121687788193552 -1.3737926828150713 -0.954292064059183 0.01459691049801407 0.29851898880569966 116.22292589165156
0.26735928109438845 0.007392118728916748 0.9635685608161942 2.3049157877060313 0.0024489590542901667 0.9999621324583314 -0.008350823249070348 -1.3994345335674718 -0.9635938031205071 0.00459241005185807 0.2673310538595791 116.38504684624756
0.2392804681042138 0.011694490893438611 0.9708800628638814 3.2502051345523593 -0.0024425531169765115 0.9999315499280652 -0.011442438233540544 -1.4414877960544363 -0.9709474195434578 0.00036652585301677216 0.23929265375414233 116.58967195489103
0.21375293444896004 0.013352666869147697 0.9767964932891309 3.9788589593706956 -0.0011812914213854256 0.9999093825901331 -0.013410114048621144 -1.464939099108322 -0.976887039306509 0.001712569911226342 0.21374933810251365 116.71458466073946
0.1903683134141078 0.014724261257347057 0.9816023132502777 4.865260128349191 0.006532007129490493 0.9998463840878022 -0.016264719776492267 -1.4821948759159311 -0.9816910094987774 0.009508120580479243 0.1902428908324794 116.83760588885161
0.17023569770432423 0.02105587446772982 0.9851783886066137 5.533672131872257 0.01340207320574046 0.9996297388815025 -0.023680573842020672 -1.4800765214873863 -0.9853122305446687 0.017234711894854555 0.1698904736734564 116.9120433808168
0.1504697132464352 0.02791804037021178 0.9882203440617005 6.1216461455196 0.015679272864239778 0.9994080674605866 -0.03062148097568931 -1.477436904951857 -0.9884902760260137 0.02010218188612957 0.14994291075416882 116.98461320511113
0.13284023802435277 0.028759462451414166 0.990720124193075 6.676787480311352 0.012780249605811003 0.9994461233350317 -0.03072640184906459 -1.492620520037867 -0.9910550622350138 0.016743353011949343 0.13239910780768405 117.0504898580221
0.1175624713290573 0.024354253872404037 0.9927668082955463 7.2369477904799675 0.011057060932545628 0.9996051627446625 -0.02583137661355079 -1.5168021684939539 -0.9930039308776875 0.01401388356365347 0.11724676681651303 117.10513493006664
0.10316559700567117 0.021036195709217557 0.9944417218040229 7.836754914690333 0.01123723143582699 0.9996878798001722 -0.022312947144980833 -1.5409795873726568 -0.9946007159780862 0.013476700290522153 0.10289700833920443 117.1553840712987
0.08977168583125306 0.018653824834441328 0.9957876677495376 8.465822020138116 0.013384591325742245 0.9997117031633977 -0.019933972839898357 -1.558508013447657 -0.9958724301526066 0.01511771732719377 0.08949613111614034 117.19795635873803
0.07823847724308958 0.01795017994801642 0.996773059286074 9.114045684328138 0.01695513069800352 0.9996693212729556 -0.019333174821591328 -1.5752738675958595 -0.99679048160669 0.018413015654760057 0.07790825779595754 117.23385787680768
0.06815612610252202 0.018549592809335956 0.9975022080583621 9.774745438594984 0.020114065923024664 0.999598372780126 -0.019962902779123416 -1.5933455915245138 -0.9974718877375655 0.021424419290435 0.06775564501446577 117.26545544961175
0.06028305084487339 0.01907586574327571 0.9979990306242696 10.443112132332935 0.02191630951612951 0.9995510574918043 -0.020429362305494483 -1.6119600568320531 -0.9979406942088435 0.02310399993854928 0.05983791464290759 117.29852618217092
0.05458066791023927 0.019492787101640218 0.9983190782217304 11.140262009876174 0.023596463348321772 0.9995050356695446 -0.020806022894196415 -1.6299676903370475 -0.9982305132623046 0.024692406165310515 0.05409369159009073 117.32986304097612
0.04916385902008096 0.020671079646980485 0.9985767979642252 11.868694673110754 0.025029718999922672 0.9994463296200585 -0.021921390826734374 -1.6450872736978495 -0.9984770543848464 0.02607183682101689 0.04861924713258894 117.35873313963776
0.04310718385129958 0.021384134178213467 0.998841573777274 14.320231540358506 0.025802725098579216 0.9994135887527709 -0.02250995321618583 -1.6933312754255294 -0.9987371977041298 0.026743175236981623 0.042530136378181184 117.50484028409088
0.03890872062519537 0.021295402172976402 0.9990158243519494 15.085224559485296 0.0287647459440261 0.9993346890948634 -0.022422501253173827 -1.7162018485342585 -0.9988286644115132 0.029608867218523575 0.038270277395776944 117.52563136928205
0.03591263828908776 0.0212543610940266 0.9991288878546176 15.862746383679049 0.03032506148120514 0.999290231448435 -0.02234779581736611 -1.736605314010657 -0.9988947257130149 0.031101213259586966 0.03524260882090631 117.54996420752175
0.032865120763960566 0.020775879398233964 0.9992438374452971 16.648900741846912 0.03135636797787147 0.99927033410446 -0.021807740965019314 -1.757926579758633 -0.9989677982920209 0.03204937150695976 0.03218968408671136 117.57389718209318
0.030469893803975395 0.020081488742737217 0.9993339378713468 17.47049414282949 0.0332425844576027 0.9992247102341343 -0.021092866948083072 -1.7799335777694836 -0.9989827406668019 0.03386314024696651 0.029778710221577284 117.59587625084141
0.029683087916374692 0.01960406413299672 0.999367097197632 18.310336938838827 0.03739506855962656 0.9990859500982824 -0.020709253092113654 -1.8043833832962508 -0.998859611326422 0.03798611569615619 0.0289228607704813 117.61719223774438
0.03079034120346271 0.01909686970934508 0.9993434166771109 19.20885633900047 0.04123852067499655 0.9989418720927036 -0.02035977879208517 -1.8297025789628356 -0.9986747915618543 0.04183832868589616 0.029970234427823577 117.63890646287223
0.03337589507219378 0.019012293579644183 0.9992620188524001 20.121016218803103 0.043215868799165995 0.9988564799420953 -0.020448011189847563 -1.8538657249137798 -0.9985081062825999 0.04386644697862256 0.032516096281819035 117.66898342765079
0.03714599894420238 0.018906064797030088 0.999130990149105 21.027691343810915 0.04576563394808266 0.9987397761851479 -0.020600150848260796 -1.8795717251735142 -0.9982613292679268 0.04649107634300933 0.036233938630806775 117.70279999054868
0.04153338790871259 0.01846842801303683 0.9989664132770204 21.98191970861931 0.046231467880248664 0.9987227142626498 -0.02038605880211556 -1.8984132453378606 -0.9980669461847049 0.04703038573702198 0.04062651536822952 117.74100181799457
0.04548139794340531 0.017013994177714098 0.998820287360663 22.96569548944744 0.04775024812306168 0.9986750310373421 -0.019185832969929706 -1.9189713737112972 -0.9978233091310807 0.0485665150560006 0.04460871405920179 117.7864980927345
0.04918897505251326 0.015432817385370754 0.9986702523259797 23.996643839857636 0.047435090933612443 0.9987162470619884 -0.017769918473014443 -1.9478193235230186 -0.9976624463621971 0.04824609830823093 0.04839377146523487 117.85139395750075
0.053099505097318436 0.01340517409251723 0.9984992458014037 25.011998072601997 0.044182187458894136 0.9988991705258753 -0.015760121638674046 -1.9726678010893692 -0.9976113355760187 0.04495273551484927 0.052448781682371104 117.9217039919143
0.05719669183601909 0.012288968114104497 0.9982872931705125 26.013708158473932 0.04323239959633207 0.9989557962864835 -0.014774190021156649 -1.9990361078768688 -0.997426437421908 0.04400338996405528 0.056605685257867425 117.98099930292082
0.06129000914843837 0.013202980015270479 0.998032672860615 27.01936758541455 0.04040682761871512 0.9990599889329095 -0.015697986978163617 -2.0260491296832073 -0.9973017713111597 0.041289463935628164 0.06069890532400629 118.05043249108049
0.06444583114263161 0.017141411065320314 0.9977739758457462 29.79276680979592 0.03837857900706119 0.9990701954368241 -0.019642537087282624 -2.120822761640137 -0.9971829418525645 0.03955902699152551 0.06372804611589453 118.2603748012659
0.06607164742012138 0.022380384714778392 0.9975638605057884 32.55143432054473 0.03310978477907021 0.9991487097179276 -0.024608901253092067 -2.1910605247434267 -0.9972654007630445 0.03465507537171607 0.06527439154757295 118.44945927703768
0.06621813429972224 0.02575497656597725 0.9974727263800011 33.587163353536674 0.03138978345153005 0.9991182684610249 -0.027881304171609923 -2.207915861563764 -0.997311305553452 0.0331567008239627 0.06535130454505274 118.5175541101052
0.0666975878576751 0.02521167259325622 0.9974546622975005 34.58023463267273 0.029462948288305774 0.9991950216830069 -0.02722578414034124 -2.244078153060389 -0.9973381404780073 0.031203849264895375 0.06590108753977704 118.58095126799368
0.06637202374586 0.023482827185367927 0.9975185769153693 35.589926985496156 0.026301780061023784 0.9993344582200882 -0.025275620261128385 -2.2848139044550284 -0.9974482296487881 0.027914108284976553 0.06571021023519914 118.66578302598795
0.06627438636199581 0.022254540568191532 0.9975532272197017 36.60469192350548 0.02721007428058695 0.9993391310591248 -0.024102136661276412 -2.324468886500672 -0.9974303572530699 0.0287408517287265 0.06562503997653268 118.73287000985657
0.06684744595192285 0.021476900480803852 0.9975320354331708 37.60790189205742 0.024459703674543004 0.9994325786860668 -0.023156933239809965 -2.3677843097255167 -0.9974633536455659 0.02594731983571971 0.06628419666469955 118.80160910454642
0.06691462068003098 0.0217197886070778 0.997522272594509 38.64947043357128 0.0226695328378774 0.9994718592723644 -0.023282929445325444 -2.410874096294821 -0.9975011407613332 0.024171332307249323 0.06638690288251559 118.88676267000619
0.06728646043530657 0.0224169604146081 0.9974818354876747 39.69657931686509 0.02029324948747767 0.9995100029927083 -0.023831448607997106 -2.4452835270169517 -0.997527301013525 0.02184568157065672 0.06679857730061742 118.9612798765267
0.06626921453229188 0.023544227308847154 0.997523964907964 40.74927890900558 0.017102987298107355 0.999547899470866 -0.02472821240730771 -2.492636872073384 -0.9976551904494632 0.018699358914398702 0.0658365775647295 119.03410139761016
0.06367901668478615 0.023324785280218082 0.9976978185932317 41.91065238492677 0.014227385259636866 0.9996040156466152 -0.024277425972207514 -2.5291575154268724 -0.9978690116156196 0.015740593851373212 0.06332195008426 119.11301488238
0.05957006063316352 0.021921205699899003 0.9979834009725945 42.97258438014785 0.010988715733785577 0.9996838667747763 -0.0226144784762828 -2.5746794164874456 -0.9981636418957986 0.01231370175434408 0.05931034265979068 119.18584394717182
0.05468627626096402 0.01947268275031457 0.9983136910887366 44.041875871826505 0.00887994884555809 0.9997607977451122 -0.01998734100769688 -2.6146402714275583 -0.9984640993532069 0.009958007760757432 0.054500278753662326 119.25177112998516
0.04832707794879413 0.017435700961626784 0.998679372906495 45.130720434487024 0.006801295747101092 0.9998187067335662 -0.017784713710946497 -2.6507422146452675 -0.9988084080108118 0.007651797017472598 0.048199731216177474 119.31629644049389
0.04086245079711001 0.017382670383313408 0.9990135649155126 46.21778583551048 0.005567788750701231 0.9998291720113385 -0.017624599954313234 -2.697606008731587 -0.9991492680492149 0.006282480836986568 0.04075868731021113 119.3671893602634
0.03195631301279894 0.018430896588840673 0.9993193163896923 47.362575963419175 0.005164121965544672 0.9998135727211253 -0.018605151086321117 -2.7357144580552966 -0.9994759256245012 0.005755158864126167 0.03185517608640192 119.41072522148582
