0.9990499837387424 -0.00034465489018185034 0.04357764569850982 0.04344315977464654 0.0004459691070692384 0.9999972204481492 -0.002315212200024997 -0.01753405341064909 -0.04357672662297751 0.002332446994527039 0.9990473605329449 0.5753507024972254
0.996039251000238 -0.004747253147894891 0.08878780352297345 0.08071008796338866 0.005409425109196348 0.9999593128303177 -0.0072187813311442115 -0.02869419474315378 -0.08874992161614753 0.007670480523974935 0.9960244048926005 1.0501435316145358
0.9910178848004917 -0.004527766556467345 0.13365272662975836 0.1494520705880591 0.006064851242216776 0.9999200482365057 -0.011095707012790241 -0.04289421065449243 -0.13359180208743557 0.01180662799930747 0.9909661114035724 1.5188082864970485
0.9837513887641005 -0.002340441059409328 0.17952082731636088 0.2175495868758463 0.004821956990465118 0.9998987516117034 -0.013387877208088912 -0.053559683080613894 -0.17947131758441323 0.014035984504272826 0.9836630710276312 1.9107493016492503
0.9742620844860135 -0.00500471691640765 0.22536269332246237 0.4153249407534395 0.008271411293310304 0.9998739362643491 -0.013553425192666836 -0.07189913763116856 -0.22526645220312871 0.01506865580677104 0.9741806614401627 2.7609956235044004
0.9627563538990296 -0.0058948917385463415 0.27030622130916065 0.4818635017418475 0.010258062638182502 0.9998388614378378 -0.014731711020746241 -0.07914250713483759 -0.2701758227117246 0.01695586653870753 0.9626616868931497 2.9999756702047518
0.9492820105939777 -0.008207479858760582 0.3143187898249534 0.6441887893597992 0.01436213126303538 0.9997477053172555 -0.01727005785934087 -0.09502645672459445 -0.3140977452135539 0.020908442965693812 0.9491603886933504 3.495480554074086
0.9342640600841767 -0.009997309279785456 0.35644174817520186 0.8285261516040614 0.018085212818748617 0.9996488954466338 -0.019365198414303536 -0.10270953503084104 -0.3561229999765957 0.024538533768118122 0.9341168391845748 3.9531933052687998
0.9170048845542 -0.009819173317282883 0.3987550946873318 1.1725177789199446 0.019485040958300413 0.9996061846059549 -0.020194278307942532 -0.12896793716668964 -0.398399767673867 0.026288011200743793 0.9168350809085124 4.748648479610097
0.8975686434659359 -0.010287369879695805 0.4407546940052686 1.5542600107102127 0.02063497830529417 0.9996123562284985 -0.01869050415716414 -0.15587719756046897 -0.440391562063875 0.025870974010795685 0.8974329862260876 5.514468334852321
0.8758202559259052 -0.010130575428974088 0.48253108786000504 1.9870203802315702 0.021300381216365 0.999616875283411 -0.017674739281413658 -0.1893067498554657 -0.482167162994246 0.025757990801037127 0.8757004926571493 6.287204939384758
0.8519741768818896 -0.010533669722920731 0.5234778349926537 2.4358006805333687 0.022488208543735528 0.9996111786312368 -0.016485509757403496 -0.21591415406466147 -0.523100642709337 0.02581730732737998 0.8518797944777436 7.022724351473374
0.8265194122623616 -0.01099892099775666 0.5628007506128311 2.931429636827774 0.024362554039426464 0.9995712135279906 -0.016243615572110605 -0.24704210560474518 -0.5623807670201367 0.02713692729591127 0.826432973726714 7.74682991186186
0.799311313802383 -0.012605695887316658 0.6007849199661269 3.4230129586796747 0.02768342787526607 0.9994909158538055 -0.015859916355223175 -0.26937008905215054 -0.6002791446057277 0.029308796579118158 0.7992533659575667 8.399670064135977
0.7706584646233238 -0.011658300866572439 0.6371417541845193 3.9406960904346664 0.028532442465334183 0.9994612017071878 -0.016223625026031745 -0.29156996777795835 -0.6366093233933858 0.030682084396717043 0.7705758749569628 9.029356476114634
0.7403577075276809 -0.014648063437837007 0.6720534942561336 4.501582032285621 0.03338285165152656 0.9993301531120037 -0.014994342157963445 -0.3084955055324665 -0.6713836832393009 0.03353623888659716 0.7403507753500171 9.618341947601055
0.708686411328759 -0.01381159419477906 0.7053884109224967 5.133345993073867 0.033722672760010744 0.9993287292559054 -0.014313358295514689 -0.3362404600520118 -0.7047172140226804 0.033931265074753074 0.7086764547454214 10.225341037421934
0.6746841513181672 -0.012469642571848053 0.7380012222037415 5.777222318881622 0.034815110830409175 0.9992820383025708 -0.014943760695446858 -0.36684998024693277 -0.7372850222389934 0.03577591284630892 0.6746338859278128 10.808027894891692
0.6392202533008011 -0.013454405481977166 0.7689060064423919 6.425969498864798 0.03943359927461837 0.9991050475875239 -0.01530016775650039 -0.38258592931174346 -0.7680120174960222 0.040100908446750044 0.6391787372272608 11.346774325414808
0.6027331641351157 -0.011653799972683036 0.7978577077385852 7.102892054487664 0.03947025433549996 0.9991047622002702 -0.015224098378196979 -0.4148999113160318 -0.7969660167625495 0.04066771563457479 0.6026535530723283 11.862499706916315
0.5652720190655743 -0.01037440219467527 0.8248393275302973 7.817171057382788 0.042599195087107494 0.9989538385695722 -0.016629401223254025 -0.4368988779723579 -0.8238038923429901 0.044537626634300866 0.5651225944645314 12.345997981614042
0.5268922067834475 -0.008869880255858057 0.8498858321298906 8.56036680483653 0.04717500548901659 0.9987092668995551 -0.018823364897401676 -0.47449487762172676 -0.8486218953621106 0.05001125306564617 0.526630566221543 12.786005338827986
0.4880113212649443 -0.007934903635635569 0.8728012303047799 9.352651756716083 0.048869745082886225 0.9986384939719068 -0.018245722047979397 -0.5082655356366743 -0.8714681281221809 0.05155769255709058 0.4877346676271954 13.250344307574116
0.44977756642598254 -0.009607555838448625 0.8930889292846109 10.119924171665142 0.053826715506261856 0.9984161390972968 -0.016367586500520424 -0.5324460622463194 -0.8915171481456369 0.05543381694286474 0.4495823244984344 13.630796208974223
0.41280326925974226 -0.010120903729426924 0.9107639805109605 10.901945195942549 0.05768143164299036 0.9982215740527042 -0.015051296932595253 -0.5555399822069864 -0.908991921488901 0.05874739486511445 0.4126529174311966 13.97980236833856
0.3776639634770352 -0.007546958127818646 0.9259119688792421 11.7290422438154 0.05907567194938985 0.9981259089822945 -0.015960413590918043 -0.5794896941669949 -0.9240562730021075 0.06072654478300195 0.3774020284579466 14.313480515243368
0.3444713294609532 -0.008244130985868535 0.9387606390788293 12.56687383665092 0.05969349049925721 0.9981302845713413 -0.01313857730291807 -0.5947653297815457 -0.9368971076758744 0.06056376248068938 0.344319387056209 14.60536674682574
0.31115269899235654 -0.009629423370381033 0.9503111448969368 13.492994466781633 0.062090415133337955 0.9980182336707927 -0.01021692758109181 -0.609769661597229 -0.9483294671464881 0.06218423808475355 0.3111339619448131 14.907045771747788
0.27840404325387635 -0.009364582617636948 0.9604183949156181 14.599973021660468 0.06273801653300823 0.9979942121844251 -0.008455396376810734 -0.6226680401041518 -0.9584128181433083 0.06260876167743844 0.2784331391552009 15.232074602368963
0.24604887725905217 -0.006227209551443942 0.9692374176953565 15.488068627222452 0.06010039768556306 0.9981531576017755 -0.008843990481624476 -0.6374816158258333 -0.9673923155564124 0.0604276081837114 0.24596872153100752 15.464131427689455
0.21532403804989184 -0.004402431434727459 0.9765327322908087 16.389903191851296 0.05995484416371075 0.9981630017641637 -0.008720009773821287 -0.6463061891577032 -0.9747004541392161 0.06042549550159135 0.2151924352624714 15.649994080506985
0.1848729806921841 -0.004260783561079165 0.9827531870889221 16.979508917548696 0.061988114034522174 0.998049942160608 -0.007333939708405729 -0.6594027913025471 -0.9808055132025058 0.06227486392316745 0.18477658562415394 15.760985035057377
0.1541946250054896 -0.004483800562000162 0.9880303199557885 17.572512375669834 0.06373524300181214 0.9979521359028527 -0.0054178636407896585 -0.6703658942101645 -0.9859826755166224 0.06380775798796229 0.15416463148735826 15.858720822474842
0.12385624218875951 -0.004996419718651605 0.9922875929189459 18.388245555305495 0.06231383844630419 0.9980528088766745 -0.0027524954975541114 -0.6774798396341777 -0.99034166670345 0.062174162506391434 0.12392641650455882 15.960755454347797
0.09445045447595575 -0.005310636454367176 0.9955153985698745 19.078059712468473 0.0628295068844412 0.9980240715080636 -0.0006369891055010057 -0.6859114983044965 -0.9935449485121165 0.06260790549852302 0.09459749180155048 16.0311073311526
0.06744489151628735 -0.00504211326696547 0.9977102603973561 19.71440936069062 0.06571337752969009 0.9978383593269435 0.0006005575315558493 -0.6915946072498863 -0.9955565973976555 0.06552240646917028 0.06763043418825505 16.074071060851395
0.04211313453986802 -0.004559893917297831 0.9991024428289076 20.361335988683756 0.06960111450663321 0.9975735878490795 0.0016191619263470247 -0.6941827394588126 -0.996685591728235 0.0694704555431442 0.04232832441718265 16.096393186086395
0.019463524057580596 -0.004176981297144506 0.999801842396034 21.05627930449532 0.0737673642313648 0.9972717388674535 0.0027303535733622084 -0.6971757524433061 -0.9970855265249912 0.07369960436475392 0.01971854738212549 16.09511267614937
-0.0006292335517539533 -0.004295851956713845 0.9999905748161347 21.791219259051836 0.07919037169935567 0.9968500976352811 0.004332190513019613 -0.6955830792862829 -0.9968593125889211 0.07919235127516232 -0.0002870614142843172 16.082233132082504
-0.018533849449377204 -0.005017486534457561 0.9998156436330975 22.683904624163013 0.08374572606045236 0.996465609219714 0.0065530915592965045 -0.7028617958080665 -0.9963147844889167 0.08385174101503708 -0.018048150529934057 16.07369142070881
-0.03390793656477577 -0.004887179498748593 0.9994130113794131 23.491501533840427 0.0869933874007245 0.9961781735282401 0.00782285973795487 -0.7026121421356625 -0.9956316599960388 0.08720758030400062 -0.03335319401577893 16.046455708692903
-0.04813424027721808 -0.005654202580047509 0.9988248719901399 24.261356022204396 0.08934294925847287 0.9959512865682504 0.009943450147583027 -0.7040033485764212 -0.9948371385964306 0.08971658027490108 -0.047434195397875085 16.00667012817434
-0.06139116012387105 -0.006659182918864163 0.9980915693169132 25.168743388092434 0.08947580827442808 0.9959149066470705 0.012148187181136383 -0.7035735754394816 -0.9940951690820571 0.09005084120097166 -0.06054453572960855 15.948755653838889
-0.07346372143989885 -0.006486610789658524 0.997276794833142 26.014083576045245 0.08911564253732984 0.9959358887978482 0.013042532713861053 -0.6988691384850344 -0.9933083528730442 0.08983111534928304 -0.07258709821823407 15.887124669560396
-0.0845380023110518 -0.0035072718167875627 0.9964140832052006 26.836313601602875 0.08932422256799549 0.9959409252453948 0.011084073437279568 -0.6933038508246988 -0.9924084388133143 0.08994093876395934 -0.08388157191169801 15.816941614289581
-0.0946218440514037 -0.00014864167072444617 0.9955132769250074 27.70198578320379 0.09015283785645406 0.9958897879625217 0.00871757181701579 -0.6958391276811021 -0.9914228020651632 0.09057321975954027 -0.09421952774053664 15.742499204264492
-0.10412097748580551 0.0024292878871570206 0.9945616726014342 28.603582324602144 0.09132646570028638 0.9957954902329925 0.007128695134597029 -0.6930084376647132 -0.990362710682351 0.09157204918526289 -0.10390505809591963 15.653115826162278
-0.1116047315176351 0.0036453298135461225 0.9937459914250861 29.71219073758409 0.09095873085973824 0.9958330408063993 0.006562325705052274 -0.686442169592377 -0.9895811705884775 0.09112226077541809 -0.11147125372899469 15.536544045580365
-0.11729293817557555 0.0043412092663572075 0.9930878715180479 30.60913891870619 0.09056740786859328 0.9958701244871615 0.006343483733934651 -0.6797354401232988 -0.9889590038450046 0.09068544015454671 -0.11720170501264547 15.428724198466224
-0.12240713884923507 0.006136350069583069 0.9924610005267552 31.72426913479053 0.09139315230197316 0.9958017508321978 0.00511514924817583 -0.6709800980958383 -0.9882630136107754 0.09133027015916279 -0.12245406355691688 15.292161138105342
-0.12724676247555552 0.007717519018087253 0.9918410665725108 32.75156101776039 0.09032832792587636 0.9959046401057147 0.0038393996946928365 -0.6696086535831351 -0.9877494898068054 0.09007989629270827 -0.12742275177647647 15.17093562347072
-0.13153290699223652 0.008574316656103798 0.9912747225023208 33.91123548540188 0.09056525101724205 0.9958847097387307 0.0034029717574091253 -0.6677598678974925 -0.9871661611331477 0.09022264683813024 -0.13176814604131726 15.02021000160897
-0.13475666062613034 0.0075660244675738765 0.9908498360955865 35.093374449432595 0.09002972724345956 0.9959282728949028 0.004639338426752641 -0.6615904377201353 -0.9867802646128279 0.089831122236811 -0.13488913539760053 14.871315097320528
-0.13719779937640106 0.005481832929960521 0.9905285020401994 36.38615656591158 0.09092840587541016 0.9958322409635149 0.007083280492414203 -0.6656548024103305 -0.9863613885646727 0.0910389881605935 -0.1371244463378618 14.701864516378448
-0.13943860091113955 0.004155684770613706 0.9902219987760479 37.650208714157706 0.0907624365624757 0.9958354251855289 0.008601514680148163 -0.6621269888058006 -0.9860623999956523 0.09107434451939059 -0.13923507850098746 14.523681026961695
-0.14146359301394337 0.005081945469867962 0.9899304145655021 38.978189025090465 0.09307311708719344 0.9956255982075384 0.008189204451532827 -0.6493392823034576 -0.9855584440951524 0.09329438366866245 -0.14131776692484388 14.326502613776974
-0.14248302227885523 0.004859263536514855 0.9897853180968921 40.055380738913044 0.09281691961411546 0.9956471378157304 0.008473275204097802 -0.6418637859360597 -0.9854357451379715 0.09307612216470516 -0.14231383519233065 14.17323329476974
-0.14305542143918543 0.006260362751810709 0.9896948793719571 41.41204797165072 0.09455243838397531 0.9954926011062538 0.007370043306764644 -0.6333069890692864 -0.9851877906229353 0.094632388752021 -0.14300254615419894 13.975838207203138
-0.1429987764548659 0.006656243728827969 0.9897004821418616 42.753832648499234 0.0943608548280732 0.995513880041283 0.0069385676662533724 -0.6232517091969273 -0.9852143822582601 0.09438119020528042 -0.1429853556379368 13.77686287256587
-0.1426416042262786 0.008050295202340409 0.9897416660376122 44.07441560953127 0.09350165460455573 0.9956046018904381 0.005377479036410998 -0.6136687843214056 -0.9853480670960706 0.09330953564202776 -0.1427673535101924 13.590497896422864
-0.14148658599879302 0.007912965756131573 0.9899085467634613 45.42152661047328 0.09384248721796404 0.9955721145466947 0.005454569622206712 -0.6116147532198731 -0.985482183286512 0.09366722858053687 -0.14160267199063806 13.391252100997296
-0.1400457016981164 0.006853388845679249 0.9901213221101803 46.861234274502394 0.09314822490526951 0.9956324242599094 0.006283626288053678 -0.6076568645752904 -0.9857538281096743 0.09310803844813466 -0.14007242249443727 13.186353840717164
-0.13903207284793412 0.007606129264717336 0.9902586679838832 48.13953870804926 0.0940046483106374 0.9955562806536061 0.005551409473859754 -0.6065298733738106 -0.985816011644971 0.09386074178675737 -0.13912926484258645 13.007599210218855
-0.13803318914531873 0.008366695285132703 0.9903922642591559 49.73808347208721 0.09394036182310171 0.9955668158252061 0.004682269556475601 -0.6007613117082083 -0.9859624978237839 0.09368411625061816 -0.1382072329779533 12.801368346580187
-0.1373125926462925 0.00897514177303824 0.9904871017488853 51.26765455047149 0.09507580945536723 0.9954613415719125 0.0041602755016191375 -0.599821560505615 -0.9859542800541806 0.09474262116911975 -0.1375426965594451 12.599587958435475
-0.13642104501549804 0.008827729515434172 0.9906116139378144 52.65804094340754 0.09433515227509609 0.9955319719611461 0.0041196903258618025 -0.593903605197963 -0.9861491659592438 0.09401150990569022 -0.13664427716936178 12.407615920555244
-0.13554603594378434 0.0071749728003091 0.9907450690794484 54.049771577447075 0.0962247539296826 0.9953418092863208 0.005956460173633795 -0.5944118053728511 -0.9860872521593088 0.09614157504400306 -0.13560504665003784 12.220693194560491
-0.13510722781634518 0.005295272160115811 0.9908168332666398 55.511964645066826 0.0978914866178129 0.9951646985498205 0.00802991955088492 -0.5895443455263404 -0.9859834145864395 0.09807743294452696 -0.13497230570555577 12.029408711329129
-0.13443869257325103 0.006420835492252186 0.9909011105104164 56.88107372509268 0.09924984278129138 0.9950377971638692 0.0070179001957867615 -0.5831883993851076 -0.98593899742686 0.09929025675689065 -0.13440884742480994 11.849006089399376
-0.13399958045279795 0.008342959422518817 0.9909462687081215 58.46684348710742 0.10129650555297873 0.9948420451783287 0.005321945898814072 -0.5813652138295329 -0.9857906118447402 0.10109253272852312 -0.13415352930617203 11.651098499912313
-0.13348834088519848 0.007810495009829051 0.9910196057674231 59.882125372786504 0.10070095483906068 0.9949002781242668 0.005723135744689328 -0.5894502790483378 -0.9859209808814378 0.10056059246022203 -0.13359411177828742 11.467375655390708
-0.13340507157503648 0.007477604199578899 0.9910333860740989 61.25511057362829 0.10055328521264517 0.9949134084496176 0.006028807519116335 -0.5855481364671316 -0.9859473229899259 0.1004559362237559 -0.13347839213297333 11.27613797741864
-0.13345634450940994 0.006489075134653467 0.9910334484839965 62.63763391441422 0.1000586041867599 0.9949572056127887 0.006959506259899082 -0.5782620915955964 -0.9859907098134242 0.1000902138227301 -0.13343263940481767 11.100639952054285
-0.1335339878016306 0.006624008551047606 0.9910220969345281 64.13143799736201 0.10105772894364531 0.994856166864635 0.006967257146945985 -0.5719736535884008 -0.985878293463521 0.10108080808003718 -0.13351651851115234 10.907644083348421
-0.1339293732514468 0.006544820911265985 0.9909692670813327 65.614482109237 0.10201187464630533 0.9947570012539625 0.00721705531112455 -0.566138305526522 -0.9857263821221478 0.102057208346374 -0.13389483116581555 10.737676165473127
-0.1338933282214635 0.007466078214074051 0.9909676252703116 67.10842577338649 0.10227860278098695 0.9947356858098895 0.006324775845115382 -0.563792623989156 -0.9857036390675169 0.10220162940198926 -0.13395209172173633 10.540509262276734
-0.13440763477782106 0.008184279145283567 0.9908923277976793 68.536008482778 0.10172365084997126 0.9947970370339485 0.005581573812379818 -0.5630356119467866 -0.9856910705546552 0.10154739131725836 -0.13454085158595216 10.357580938057346
-0.13584846072143456 0.00882461504607765 0.9906903259287967 70.10192721948152 0.10066752126354148 0.9949078491101088 0.004941856103205085 -0.5626512719865006 -0.9856019713262896 0.10040168299574108 -0.13604505198407632 10.166539981630084
-0.13702320244450364 0.009613815594220962 0.9905211842972228 71.65153653177289 0.10055164955747452 0.9949227487021336 0.004253220692008537 -0.5685160382325737 -0.9854511696492728 0.10018132892262314 -0.137294186228596 9.966605763763999
-0.1382264107104278 0.008604808260929582 0.9903632750950053 73.0341803965125 0.09917847636842314 0.9950560899093492 0.005196899031926451 -0.5703616923440549 -0.9854222897861336 0.09894106937516373 -0.1383964435364848 9.780191505626329
-0.13931205294506432 0.008269919166146387 0.9902139972456546 74.55514197931912 0.09900508077381484 0.995071066443808 0.00561842569990594 -0.5692360608289723 -0.985286834320442 0.09881893119923318 -0.13944415710756003 9.567345600919978
-0.1401741361384491 0.007224861456276658 0.9901005064814267 76.17730539517783 0.09618884115129148 0.9953428164650768 0.00635488389602131 -0.5644183243530476 -0.9854435135490047 0.09612741070213261 -0.14021627051056232 9.36438168836541
-0.14209908933609045 0.008177695460921817 0.9898186571826189 77.60957413911322 0.09539662139311018 0.9954243068126422 0.005471200356642252 -0.5549084171673052 -0.9852448088859082 0.09520280827533342 -0.14222901201884067 9.158923764676699
-0.14465163493741007 0.009098582795856031 0.9894408119241099 79.28588364529229 0.09457135702079336 0.9955071246787359 0.004671524923826037 -0.5558237812234466 -0.9849528734620637 0.09424850399329315 -0.14486219849859083 8.922021455094923
-0.148833680010049 0.009901318529377093 0.9888126716350507 80.77910327831201 0.09439096826783808 0.9955261806512122 0.004238955940079415 -0.5474183854635359 -0.9843469311193702 0.09396588492309507 -0.14910242005578642 8.702523968491455
-0.15341100868317073 0.00904067456032803 0.9881211102988878 82.13928874024147 0.09289983853916463 0.9956612809730389 0.0053135271258531605 -0.5525202333762272 -0.9837858925671807 0.09261144515994131 -0.15358527862779284 8.50660322288722
-0.158613766524827 0.008220272261184238 0.9873064874661566 84.07918527546282 0.09121471319061854 0.9958109209965645 0.006362839108367336 -0.5536165084301077 -0.9831182783197335 0.0910661119622246 -0.15869913070247632 8.222732323193139
-0.16337482154292027 0.00900098973659494 0.9865230103092278 85.64709355418708 0.09003160700075248 0.9959218851550754 0.005823092822172991 -0.5587680882915754 -0.9824474425772998 0.08976959871200249 -0.1635189338284836 7.975182688590712
-0.16786544044575502 0.010739600344145757 0.9857514163765635 87.28724476002746 0.09114200792658624 0.9958269491688432 0.004671370267598538 -0.571091843893674 -0.981587656959407 0.09062752503248474 -0.16814375816967636 7.710073330180062
-0.17019723450446939 0.012355569848656302 0.9853325536389965 88.79053130092159 0.09097972928252192 0.9958475142403843 0.003227575083456501 -0.5779578801824468 -0.9812010957121406 0.09019461333668467 -0.17061459931182715 7.403234603025145
-0.1753432551391821 0.012528051883898512 0.9844276462966643 91.48354620199248 0.0895955026214131 0.9959728231933812 0.0032834996901104216 -0.5870599723129056 -0.980422046257227 0.08877602928826976 -0.17575957395429506 6.962869348894216
-0.18033054550735442 0.012105943898742677 0.9835315655734395 93.15952911902706 0.08767726447705683 0.9961416300367752 0.003814472635788423 -0.5920112573413441 -0.9796905591312167 0.08692122312754373 -0.18069617959207288 6.657865183555529
-0.18652210217345636 0.011589417407800886 0.9823824055860033 94.74959663300048 0.08550078930411796 0.9963280313104708 0.00447984970366012 -0.5892830424742895 -0.9787232093034086 0.08483006206022219 -0.1868281031903135 6.391477737261452
-0.19190259214918667 0.010418227617005478 0.9813586783942675 96.7556390108414 0.08274576713018292 0.9965549480721317 0.005601204779461064 -0.576307952225901 -0.9779194921610147 0.0822781623899259 -0.19210354199044755 5.998084444599987
-0.19738084295135552 0.010474601352388072 0.9802709245725494 98.48512093074339 0.08312461367934688 0.996520556953034 0.006089184729309636 -0.5715906393113993 -0.9767963459373032 0.08268653032093908 -0.1975647647406079 5.672570724233755
-0.20291360582433968 0.012177127222039254 0.9791209251895208 100.84179625373439 0.08334015291248534 0.9965092188414936 0.004878081224474847 -0.5679287862112572 -0.9756436272963016 0.08258991667586366 -0.2032201224770444 5.20172471723084
-0.20841813056422895 0.013214034061245128 0.9779505468866719 105.19352538531254 0.08287662660379205 0.9965509767761772 0.004197076269768536 -0.5842556672389753 -0.9745221124299263 0.08192398910127326 -0.2087944261584722 4.198694466839237
-0.21432180649326274 0.013113076243061317 0.9766750792832324 107.67606348680823 0.08287448282337358 0.9965484040141416 0.004806095464837076 -0.5874786508924843 -0.9732409688038315 0.08197149314426994 -0.2146687936181573 3.6723614756757605
-0.2201230383512016 0.013024972143230645 0.9753851537150355 109.14356304357753 0.0818960813816707 0.9966274462399816 0.00517351481014114 -0.5933295552049614 -0.972028229961126 0.08101903172607489 -0.22044735574918106 3.3643172174142353
-0.2258129308893726 0.013758682652088202 0.9740735182186355 110.46644422229478 0.08154977448045815 0.9966575790806472 0.004827457227284771 -0.6043986478749899 -0.9707513350623503 0.08052557800334441 -0.22618018649273505 3.1060392259972134
-0.2310289351788214 0.014629357739068536 0.9728368892071694 112.40531469799633 0.08126559999185934 0.9966831581783484 0.0043109699126543536 -0.6100874246654783 -0.9695470764063502 0.08005413228413504 -0.2314515122787711 2.6566166219366183
-0.23386129602991065 0.013092004084329112 0.9721818212907843 113.68879695294257 0.08238945993819012 0.9965796688738072 0.006398474697702109 -0.6206480913740329 -0.9687728686902323 0.08159389080328491 -0.2341400561059058 2.3113730388001175
-0.23787401797920274 0.012828692275839985 0.9712112932956051 116.05176203577142 0.0842677964728528 0.9964150855101642 0.007477689841923041 -0.6271847519085649 -0.9676336548756658 0.08362058372346377 -0.2381023055951085 1.7182538088940946
-0.24145603284812409 0.013675411525098212 0.9703153957970908 117.99881755398039 0.08545279349195532 0.99631604233205 0.007222456383528415 -0.6252785150374235 -0.9666420248911518 0.08466006680489235 -0.24173512116141369 1.2704484676438255
-0.2449363899211701 0.014084211654530073 0.969436846769533 120.34239516637071 0.08566435005992101 0.9962982582618068 0.007169359336178476 -0.6253980301415963 -0.9657472671569901 0.08480221439649598 -0.24523621350088967 0.71208283930724
-0.24822562633316736 0.013882495983336973 0.9686027641591674 122.13162790118871 0.0844321883740694 0.9964020699801915 0.00735666402287367 -0.6215353089949884 -0.9650156703379854 0.08360736357792489 -0.24850465741646627 0.24588337264209786
-0.252684880769883 0.014381019669980483 0.967441748790883 124.7427215796798 0.08285910340310695 0.9965378783007446 0.006828330328567017 -0.6209512077695387 -0.9639941493668625 0.08188677173446998 -0.25300165335697417 -0.40509631567562077
-0.25731942827024656 0.014743021121473533 0.9662139282596198 128.54677987403164 0.08198721013239713 0.9966113435491354 0.006627766130872851 -0.6472094015110857 -0.962842047902654 0.08092263736056778 -0.2576562003003799 -1.3299474049380884
-0.2611986106053499 0.014358556975975795 0.9651782828365975 130.35598028619367 0.08128522833503943 0.9966650861840016 0.007170609203485854 -0.6498343240776305 -0.9618565368454652 0.08032769026553063 -0.26149467433247786 -1.8379737233337967
-0.265262464758232 0.015082577639079768 0.9640582662070531 133.00073566924874 0.08199994264469589 0.9966079569086962 0.006970626408925942 -0.6394896897239121 -0.9606830040115475 0.08090176807725574 -0.26559945354860687 -2.586758470920592
-0.26919150991541424 0.015540685879205813 0.9629612754788553 135.16650865647898 0.08106114853984162 0.9966874412413669 0.006575307531123598 -0.6332625539752652 -0.9596692248826464 0.07982876395215924 -0.2695595430679611 -3.2116475919514653
-0.2729979186786667 0.01566309816175251 0.9618871055134754 138.07692391586897 0.08136081604983458 0.9966610906721776 0.006862066149521703 -0.661763392236343 -0.9585679704688757 0.08013324962903558 -0.2733607658298247 -4.037536739948882
-0.2769157098198823 0.015100806717129777 0.9607755488621902 139.81327274024673 0.08109481437386772 0.9966765851648791 0.007708155793263284 -0.6594803899303591 -0.9574660937791045 0.08004842422281519 -0.27722000115941164 -4.561050273520478
-0.2814099491758172 0.015047723519609976 0.9594696485672394 139.83048436174326 0.08142697145037617 0.9966451525570428 0.008251557729185179 -0.6594911307016481 -0.9561266071108374 0.08044877812256973 -0.281691152280828 -4.565737649399382
-0.2854706529520364 0.015682090253976214 0.95825913945467 141.43598526752822 0.08265355297690942 0.9965436579552185 0.008314323154357643 -0.6702691684230259 -0.9548166821350732 0.08157701780824445 -0.28578014920928413 -5.020942189763047
-0.2892421269333494 0.01672788953141586 0.9571098002417997 143.3344840967875 0.08282594923486564 0.9965349460963202 0.0076133660188524134 -0.6747454957446505 -0.9536660076464999 0.08147563390742626 -0.2896253907014472 -5.576698624619665
-0.2962433446994895 0.01871349353094719 0.9549291522836272 146.19731953020514 0.08232840927420336 0.9965871295221032 0.00601051555721714 -0.655040492486979 -0.9515576250273218 0.08039837330910232 -0.2967729566884597 -6.273693872851424
-0.30023703920269623 0.019800237909622567 0.9536590957305031 147.54506021721986 0.0832046674086298 0.9965172747460707 0.005504948144566399 -0.6607460452470719 -0.9502287638312235 0.0810016772133488 -0.3008388682939845 -6.672781439527312
-0.3036256073889306 0.020425170133281607 0.9525724659902414 148.9922700060504 0.08263688961755745 0.9965673231935724 0.0049713999159545375 -0.6624855478914764 -0.9492010508907138 0.08022707004380372 -0.3042712313383355 -7.133372795458182
-0.30707933769183304 0.02026528476048821 0.9514681279981593 150.44647355607142 0.08245835876844583 0.9965799528579325 0.0053867087248552796 -0.6643427003579871 -0.9481048989600024 0.08011064720277 -0.3077001540018997 -7.612393607416036
-0.3107332564630825 0.02049233046749113 0.9502762270623526 151.9306701742927 0.08214467890134312 0.9966059514639821 0.0053692862428356795 -0.6634760556035706 -0.9469409142370186 0.07972855133872436 -0.3113619486150867 -8.102661580467293
-0.314482661441773 0.021216497508832904 0.9490260880955579 153.72907223298242 0.08436850284001768 0.9964184241171481 0.005681532225072263 -0.6731563819355405 -0.9455065369319404 0.08185465358393744 -0.31514632205630977 -8.688961432149046
-0.31745127331045914 0.02155271305499912 0.9480296248712577 155.3322578042133 0.08662656087952773 0.9962205593794222 0.006358932294689278 -0.6777705184815043 -0.9443095509544271 0.08414319716833853 -0.31811852248263567 -9.219146570644648
-0.32012913789589753 0.02126985693384113 0.9471351161561079 156.99645503360003 0.08734126928094789 0.9961527862271632 0.007150466575275397 -0.6714107321652804 -0.9433391954914317 0.08501305592591812 -0.32075526896952616 -9.769060663560424
-0.32222147740342677 0.020481407915489493 0.9464427248543639 158.54974692351962 0.08676322699896245 0.9961969924597723 0.007980893109304691 -0.6711009939372445 -0.9426799361080507 0.08468804014672417 -0.3227730997394705 -10.305204606804617
-0.32543440562327824 0.020898183643409566 0.9453336519753388 160.5360213136838 0.0858607923774981 0.9962786614101388 0.007533468731039007 -0.6794117889663515 -0.9416583095629384 0.08361874633847333 -0.32601768861803976 -10.962026027170419
-0.32818683960828776 0.02282888340609737 0.9443369316035223 162.147405547644 0.085451111262531 0.9963265636818308 0.00561124638065129 -0.6902272994023824 -0.9407398715329979 0.0825361774276885 -0.32893201960846163 -11.515043240003715
-0.3315420522159696 0.02437259787473532 0.9431255717481423 163.75058212314696 0.0841127574834506 0.9964489283415647 0.003818014597729866 -0.6835767572378342 -0.9396834103254947 0.08059472488800265 -0.3324147690450476 -12.071916137675057
-0.3349069786846438 0.025542970728158986 0.9419049167908109 165.38928701764323 0.0837104841520509 0.9964863472980555 0.0027412573026419033 -0.6971095856625125 -0.9385253701799176 0.07976538281076957 -0.3358684463204266 -12.637888741290427
-0.3379957033971812 0.02621053334538157 0.9407826063585549 167.0397743981393 0.08189619315758358 0.9966394887830292 0.001656183742392431 -0.7073756883835584 -0.9375776863979532 0.07760629703858875 -0.3390064079462461 -13.236110606795707
-0.34254832002110625 0.02650136210722041 0.9391263633064404 169.67091466504746 0.08263907842899176 0.9965774939947663 0.0020201929386815384 -0.7231446148710045 -0.9358586598237597 0.07830055088926728 -0.3435659944804072 -14.125673063527506
-0.3458005827285164 0.025652001614591736 0.9379573187505836 171.48688307762893 0.08226230757927452 0.996605978055827 0.00307201157419772 -0.7363436298607878 -0.9346950677821888 0.07822083684378765 -0.3467371208092737 -14.802442146171552
-0.3496205814067855 0.024890852158710074 0.9365606731737114 173.2264360237309 0.08209837957080258 0.9966155453903326 0.004160619926001054 -0.7472269384551048 -0.9332873647106924 0.07834475199483192 -0.3504808050467775 -15.435923155757639
-0.35340574698376775 0.024731494627758654 0.935143160790006 175.36746823696342 0.08206867102848023 0.9966157924774367 0.004657834280165513 -0.754972679359896 -0.9318632470671123 0.07839206183050693 -0.3542394294929586 -16.239516208526727
-0.35733785171722066 0.024633631660930258 0.9336502792380645 177.24155763001673 0.08084212504476744 0.9967161033249184 0.004643295276970561 -0.7664357925806463 -0.9304698869648416 0.07713749778139704 -0.35815582626512765 -16.93377886338381
-0.3609690266743893 0.025268809308424237 0.9322354043147467 179.18412027052543 0.0800729815798409 0.9967810316698367 0.003986542878623827 -0.7758138058768757 -0.9291338328802023 0.07608588686045281 -0.3618304277116548 -17.67319157744233
-0.3642992337596778 0.02589435397663129 0.9309218821760744 181.0520311837669 0.08001921707676285 0.9967868648465339 0.0035876131106880754 -0.7852736397477406 -0.9278378054275063 0.07579860487859578 -0.36520073701722466 -18.38048028742597
-0.36682307368887673 0.02662771884057917 0.929909563989312 183.10709614321914 0.08066528729406205 0.9967358527701615 0.0032789065704783996 -0.7899133073025099 -0.9267868924597543 0.0762142007232052 -0.3677736417593175 -19.20106781909048
-0.3693482295941369 0.026210994337408578 0.9289213470857055 185.01857834453534 0.0814004405146908 0.9966724466798281 0.004242913297743383 -0.8006875576318302 -0.9257191007966121 0.0771817193711091 -0.37025279015184676 -19.97308873004505
-0.37226151250199246 0.02562773748409482 0.9277739947752233 187.05601666308488 0.08242165293040314 0.9965821345519112 0.005542582445842791 -0.8105092500123715 -0.9244609442469414 0.07853195631966285 -0.3731014532250666 -20.789290855487533
-0.3748341909409216 0.02634476953545788 0.9267174771308615 189.0852704605614 0.08355896546433554 0.996487825224772 0.005469320737254564 -0.8170904570925479 -0.9233185953895828 0.07948564208030837 -0.3757190494383873 -21.608163049390917
-0.3776192497032466 0.02703824399514563 0.9255661162851718 191.2202330566208 0.083236849403849 0.9965179966062642 0.004848643227953836 -0.8310443162212537 -0.9222121931284981 0.07887214845234271 -0.37855495643781056 -22.46811606756079
-0.3800124133538167 0.0272715300747512 0.9245792715307811 193.05036155490296 0.0828504808654417 0.9965511027424003 0.004658051444960849 -0.8407856984300175 -0.9212634604266953 0.0783719546156607 -0.38096124896417854 -23.216130872608662
-0.38243560193206866 0.028399991599989672 0.9235455867752153 194.8416017558188 0.08264393852753497 0.9965727198787797 0.003576788791783214 -0.8573493149248216 -0.9202787565729795 0.07769333607538645 -0.3834719751558942 -23.990884226565516
-0.3850336047228706 0.02957869474642352 0.9224284384445278 196.46711100807394 0.08255309709116322 0.9965835264968775 0.0025021741939941396 -0.8695022611155 -0.9192029750793701 0.07711274558810911 -0.38615996047375684 -24.674192216008418
-0.38822820268055436 0.02955897780696785 0.9210890996393528 198.00777271189529 0.08017838834017806 0.9967788939326236 0.0018062817110460151 -0.8796195250318423 -0.9180687821109013 0.074552689028993 -0.3893476696629215 -25.274791694813285
-0.3913370753474911 0.030300716968984353 0.9197484221294634 199.66124937331435 0.08085935913317377 0.996724288179611 0.0015676075443192851 -0.9021473836896063 -0.9166880917187918 0.07498373092881279 -0.392505264419409 -25.97253280065524
-0.39371711795515135 0.029588217399056663 0.9187553365397317 203.69398336925883 0.08208873558263392 0.9966202593296025 0.0030819124311080776 -0.9556402579875009 -0.9155589934676682 0.07663286556650009 -0.3948153155534016 -27.745631043873104
-0.39587152336837794 0.02875995591842816 0.9178554362869843 205.40684974351407 0.0826015231534105 0.9965729435879858 0.0043996001075465386 -0.9647060119707681 -0.9145833616236041 0.07755793346871943 -0.396890465490574 -28.500152180030987
-0.39927550790728095 0.02830649712687342 0.9163939169406294 205.93706758450264 0.08160210820063331 0.9966535787432643 0.0047686387416424406 -0.9671547085025485 -0.9131922933985979 0.07668367622017735 -0.40024923370165655 -28.722147916876228
-0.4014465885344417 0.028434378532363754 0.9154409443932127 206.72149151727857 0.08021467099197689 0.9967686957080586 0.00421590015260507 -0.9723155350872942 -0.9123629996397835 0.07512425290094128 -0.4024302467687624 -29.08778728390388
-0.405137535056694 0.027855701090605176 0.9138312960305841 207.92311576138928 0.07847757487253874 0.9969061507012317 0.004404195292118153 -0.9703423748845423 -0.9108813577685663 0.07349956877965626 -0.4060701484459213 -29.617616437890053
-0.40862908194003433 0.026968587095573756 0.9123020161672959 208.98833567572208 0.07744335716683018 0.9969831101340494 0.005215796982407684 -0.979461989191595 -0.9094090387848426 0.07278305721455992 -0.40948483092652604 -30.092678306177838
-0.4121325758745087 0.02713570350460322 0.910719711820466 209.78619141696845 0.07685972212500343 0.9970290036267071 0.005074351386590942 -0.9861372268277894 -0.9078762707648583 0.07208896949212143 -0.412993774117302 -30.449213550144638
-0.41590530032038453 0.02684204953687695 0.9090117081435588 210.99228995322375 0.07626980770458838 0.9970723006264752 0.005453783652154739 -0.9931037935780243 -0.9062040044041475 0.07159840570904945 -0.41673489258976765 -30.986255693640935
-0.4198292334072309 0.02619322242512817 0.9072250712340818 211.90229144107363 0.07525608749896552 0.9971459697323664 0.0060362522179292204 -0.9999146762480261 -0.9044777145242668 0.07080840448334223 -0.4206022275065567 -31.40953249039594
-0.42420566930503434 0.02601968142963809 0.9051919831216847 213.3064532861695 0.07464139126950484 0.9971904418895403 0.006315482047220115 -1.0220167081995122 -0.9024844668130391 0.07024385227501775 -0.4249559840486351 -32.008069409054464
-0.4282967893232594 0.027033568476106398 0.9032336610372951 214.91078504117743 0.07506750731152868 0.9971618712557366 0.005750813836706919 -1.0319940358170088 -0.9005147026014708 0.07026655455618103 -0.4291105704936443 -32.72150373936918
-0.4319614282945534 0.027424942465948874 0.9014750118536115 216.43631612627453 0.07564978029398793 0.9971169076906135 0.005914654594536047 -1.0461411341800462 -0.8987137671178715 0.07075128923375858 -0.43279073449481226 -33.40891440560248
-0.435643695044599 0.0274546715971624 0.8997004012310879 217.61407207885196 0.07552670169480398 0.9971248562842644 0.0061431515676104425 -1.0489204288653702 -0.896944975067583 0.07062762906659652 -0.4364647176043415 -33.97100781230805
-0.43951091368388123 0.02759701948840776 0.8978132106780988 219.073301529736 0.07441210834535643 0.9972108539886584 0.005775016779401036 -1.0671991766080409 -0.8951497052919996 0.06934635680811312 -0.44033860597622126 -34.65136574955359
-0.44346209216365157 0.02817209828491592 0.8958502696835348 220.76937317282636 0.07509567332863848 0.99715937405801 0.005815717973616583 -1.0679486168037822 -0.8931416531889832 0.06985352966352906 -0.444317984930151 -35.46202465712268
-0.446797459055306 0.02869736505998576 0.8941747546315183 222.05799498180122 0.07567829982036253 0.9971153384131154 0.005813504759651142 -1.0743365792966808 -0.8914285307965053 0.07026708432760889 -0.4476803673851178 -36.09428749597205
-0.4502515510427122 0.029991641634948083 0.8923979169718365 223.85938074200357 0.07704263549551942 0.9970133718839402 0.005363636873697166 -1.0777464350679293 -0.8895717919873194 0.07116767325582186 -0.4512174522154646 -36.99637663428583
-0.45331201289744605 0.03224725152314779 0.8907683951129319 225.16307377823034 0.07902588280240541 0.9968640167697872 0.0041281856666430155 -1.0704711625167258 -0.8878418377223279 0.07226511495042827 -0.4544388015465162 -37.67545342052053
-0.45610364045205104 0.03303248212372162 0.8893134004900253 227.8422079111379 0.08050775975951427 0.9967448475732635 0.004267253759457069 -1.089986683405338 -0.8862775918327652 0.07354293957197539 -0.4572783247150698 -39.01600773454449
-0.4589314578389461 0.034948518479022764 0.8877840492270298 229.25738751919863 0.08197833966932613 0.9966291503409151 0.0031446010554785995 -1.0960766626664495 -0.8846815635192561 0.07422221868724252 -0.4602494904095618 -39.75521506684344
-0.4613068146858231 0.03770016543376891 0.8864393494485039 230.86355511791177 0.08393325434542159 0.9964705315563505 0.0012994440279156514 -1.0998973650897625 -0.8832617004825934 0.07500118176441915 -0.4628429444147686 -40.597207711664026
