0.9999953080837646 0.0030238109064013126 0.0004902836540589886 -0.025143140060471303 -0.0030246309489763558 0.999994013638809 0.0016805636452250222 -0.03290538627364648 -0.00048519901236453514 -0.00168203868727506 0.9999984676627126 0.9991421510786552
0.999983145814076 0.00577410385969648 0.0006064753953345429 -0.028970056842876818 -0.005775310844469266 0.9999813074242447 0.0020076321238812747 -0.05138291646472204 -0.0005948717823517586 -0.0020111008708036545 0.9999978007980069 1.9989640930193087
0.9999748159763714 0.007003685539086396 0.0011470840841334793 -0.05672198029805548 -0.007005503825974463 0.9999741988774098 0.0015888661437174995 -0.07229480847453311 -0.00113592656924192 -0.0015968620316150085 0.9999980798493973 2.9983601624117737
0.9999594361134029 0.008990246864010707 0.0005491712790833321 -0.044506634773393255 -0.008990895094586782 0.999958873552918 0.0011895411608128592 -0.09644539372331752 -0.0005384544249289888 -0.0011944304497592101 0.9999991417009982 3.9979938526032632
0.9999573825380611 0.00917695112916727 0.0010083033302992635 -0.06056185686012806 -0.009177957225241503 0.9999573838838497 0.000997756149647924 -0.12140466165710768 -0.0009991040009031033 -0.0010069677926486502 0.9999989939030238 4.9975533779882975
0.999956606321271 0.009266358377107336 0.0009592063785283884 -0.05639941923320449 -0.00926816194944715 0.9999552574359606 0.0018932248297035001 -0.14400263356848322 -0.0009416201614149272 -0.0019020327557724855 0.9999977478088976 5.997289336018464
0.9999504543366223 0.009819524928208024 0.0016327284431880478 -0.07751845491983601 -0.009827158254061817 0.9999405024645526 0.004734816953459975 -0.17240339925629342 -0.0015861376467644457 -0.0047506274446100045 0.9999874577744703 6.996662821178048
0.9999478563553158 0.009749989390518 0.0030368202606391964 -0.08549799343247541 -0.00977626246690965 0.9999138373953108 0.00876027839494026 -0.19490737185577284 -0.0029511459788867404 -0.008789510354029004 0.9999570166987916 7.996377719627785
0.9999488452899298 0.00908359737501901 0.0044491641986180745 -0.09679792618225194 -0.00913717156759336 0.9998841601524485 0.012172853895923121 -0.2090825597947652 -0.004338075504419882 -0.012212883973726392 0.9999160097558001 8.996213383908042
0.999950130751053 0.008108298303336677 0.005830223801708345 -0.12037891381169405 -0.008192052062423693 0.9998614842977811 0.014488012314982597 -0.2292568337801905 -0.005711943098491859 -0.014535051305608768 0.9998780455583479 9.995731725756544
0.9999394079451899 0.008530164046828397 0.006958213819545505 -0.12445600302149613 -0.00862918852202038 0.9998601180356296 0.014327646953432334 -0.24909400842974397 -0.0068350233120099 -0.014386822550688108 0.9998731428502408 10.99552662664647
0.9999218396426615 0.00942334494748191 0.00821676187057017 -0.13808388044394632 -0.009519680176618443 0.9998854734051894 0.011765022847806946 -0.27066550748521984 -0.008104954964202682 -0.011842324234512211 0.999897029229386 11.99520103933565
0.9999161955148451 0.009174239554398923 0.009134291199530055 -0.1567398951988988 -0.009258034148021075 0.9999150596519284 0.009174000489898956 -0.2960039869693195 -0.009049350851489503 -0.009257797247354177 0.9999161977082339 12.994705864021801
0.9999122647198677 0.007440035189650793 0.010959413267293348 -0.16008273360278089 -0.007524801009279242 0.9999419364166929 0.007713699825587849 -0.30905541168312706 -0.01090138672634316 -0.007795490465987487 0.9999101910150909 13.994615092774263
0.9999105687486737 0.0037388220057936144 0.01284039386912775 -0.15246174274886654 -0.003807486973836246 0.9999785612351596 0.005327298846346957 -0.319298411256057 -0.012820200764784798 -0.005375712051740423 0.9999033674172148 14.994533580181187
