0.9999995999999536 -0.0009035185117502277 -0.00021011707047952286 0.0012891277768010306 0.0009037963879493273 0.9999987000004832 0.001325645643752537 -0.0182161604669324 0.00020891912921429045 -0.0013258343560958196 0.9999990999995636 1.3106430000062694
0.9999984999998864 -0.0016463470116590434 -0.0005538206704857486 0.00044483215298501185 0.0016473749878275607 0.9999969000006825 0.0018597186437570097 -0.04203318093526889 0.000550757228949578 -0.0018606273559685534 0.9999980999994319 2.6252990000148984
0.9999938999998348 -0.003413454011884352 -0.0007312198704701535 0.00203758032883262 0.003413846987763979 0.9999940000002329 0.0005361916437585999 -0.06302801140426689 0.0007293853283210558 -0.0005386844556662929 0.9999995999999335 3.941730000022106
0.9999931999998475 -0.0036353480118369906 -0.000643400470473465 0.002777891104203141 0.0036358719877956766 0.9999930000003343 0.0008141184437575838 -0.08483761187427215 0.0006404364282420786 -0.0008164520556281114 0.9999994999998195 5.2610170000297485
0.9999921999998662 -0.003925219011696102 -0.0005162241704831949 0.004157926879284235 0.003926061987842236 0.9999909000006322 0.001640786643756417 -0.1014678023447603 0.0005097790281388686 -0.0016428003555779508 0.9999984999995033 6.581638000035437
0.9999847999998657 -0.005504052011516333 -0.0004169863704954388 0.007571020653236496 0.005505157987880666 0.9999812000010264 0.0026944536437560128 -0.11658740281759412 0.00040214812757757666 -0.002696707355305361 0.999996299999111 7.908775000040243
0.9999863999998395 -0.005184552011364713 -0.0005975597705055864 0.008323816426681974 0.0051866619878176545 0.9999801000013395 0.0035830376437592073 -0.13280350329148263 0.0005789714276907684 -0.0035860873553594315 0.9999933999988253 9.238962000045893
0.9999888999997996 -0.004630870011657149 -0.0008604707704858032 0.007728337200054383 0.0046324719877204245 0.9999875000007218 0.001867104643760753 -0.14976490376552637 0.0008518137278877725 -0.0018710703554564501 0.9999978999994813 10.569630000052033
0.9999976999998135 -0.0019008070121095916 -0.0009601047704542719 0.006780915972712232 0.001900054987681211 0.9999978999997435 -0.0007842222562385161 -0.16345470424097736 0.0009615934288596966 0.0007823960440744673 0.9999992000004427 11.904260000057073
0.9999985999999131 0.0015435879877295777 -0.0006218671704428519 0.003419392744821554 -0.0015446590121968213 0.999997299999366 -0.0017249733562422459 -0.17674800471753585 0.0006192029300867237 0.0017259306434875361 0.9999983000007203 13.242080000062382
0.9999919999999585 0.003962553987754322 -0.0005304798704446495 -0.0018621844830975852 -0.003963388012162902 0.9999908999993887 -0.0015791393562434467 -0.19592020519427794 0.0005242176309495218 0.0015812286430774705 0.9999986000006525 14.58048000007011
0.9999864999999973 0.005189812987874786 -0.00038694357045327825 -0.005851757712992839 -0.005190150012112314 0.9999860999996258 -0.0008728859562455223 -0.2177602056752322 0.0003824081313874938 0.0008748822428699779 0.9999996000003767 15.930660000078571
0.9999955000000402 0.002993089988325403 2.8767439515285743e-05 -0.00426771794316149 -0.0029931370119678255 0.9999939000005943 0.0017690626437499258 -0.23641400615674485 -2.3472309396726763e-05 -0.0017691413567583378 0.9999983999993645 17.282220000084948
0.9999996000000333 -0.0008993856112946338 0.0002524902294896799 0.0004827858264989269 0.0008983691881149923 0.9999916000014349 0.003998215643749526 -0.25374750663861956 -0.00025608407078377577 -0.003997986356093991 0.999991999998532 18.63469000009031
0.9999933999999513 -0.0036386410116639395 -3.959232048544376e-05 0.005006082596223735 0.0036387079880121054 0.9999917000006959 0.0018313916437507792 -0.26991010712032776 3.292821824103444e-05 -0.0018315233556270832 0.9999982999993539 19.986700000095293
0.9999868999998992 -0.0051192620120703095 -0.00023203577045713235 0.004134682365596422 0.005119133987940241 0.9999866999998643 -0.00055392845624745 -0.2931092076028834 0.00023486842771474015 0.0005527332446270895 0.9999998000002365 21.34127000010371
