0.9999976430541889 -0.0016369461773666349 -0.0014262865347608907 -0.025124877839583913 0.0016358113537800394 0.9999983448907752 -0.0007964527133954673 -0.025303771637987294 0.0014275879243255234 0.0007941177004922514 0.9999986656840082 0.9993640175904068
0.9999953850610578 -0.0018104613072823829 -0.0024396898248137686 -0.04739688648424073 0.0018049315660992643 0.9999958017427678 -0.002266874253290106 -0.0556150206352946 0.002443783670492343 0.00226246031862751 0.9999944545819637 1.9986563501013475
0.9999888502495055 -0.0022232878119825355 -0.004166097451677821 -0.07907768152977826 0.002208184480341476 0.9999909865515189 -0.003626394493217169 -0.082053753533682 0.0041741224194512564 0.0036171545480869535 0.9999847463311644 2.997804637708353
