0.999359931236408 -3.946043124442161e-06 0.035773283656809644 0.0580425757194392 2.2031258968980805e-05 0.999999872165645 -0.000505156725383523 0.02384357637930156 -0.03577327709038478 0.0005056215208193005 0.9993598035708121 1.0003790788729983
0.996700764439553 -0.004693698803467493 0.08102811460939197 0.10307825096699551 0.0051630790627848365 0.9999710789276235 -0.005584256702208471 0.011127807664516593 -0.08099956037042341 0.005984187485954563 0.9966961727226261 1.8590601349164932
0.991989812999096 -0.0045229261756659775 0.12623689652723477 0.20196818921091175 0.00574184299880125 0.9999403284671037 -0.009293586179615917 -0.01546913813577232 -0.12618732957391332 0.00994397525692348 0.9919565893783326 2.6553602915037877
0.9848540735950675 -0.0019242207581477932 0.173374597613593 0.2810516202659854 0.00400955442927666 0.9999237653713464 -0.011678481017121402 -0.035315475003257796 -0.17333890848992917 0.012196754488900322 0.9847867088783526 3.406956601667983
0.9756874643623396 -0.004777457039034306 0.2191144627596005 0.4766209663497691 0.0074890951979403615 0.9999052910633452 -0.011546530069373603 -0.055503796070924726 -0.2190385476104705 0.012906773716422855 0.9756308368706518 4.265463329596565
0.9644475860236094 -0.0056354555688128295 0.26421410911184195 0.7185978216325607 0.009382361176425083 0.999872494158772 -0.012921560411634926 -0.07081246846274096 -0.2641076013900158 0.014941119946254237 0.9643774872023734 5.152598452310262
0.9513696455539233 -0.007986591686625443 0.3079480668421758 1.0743648822475897 0.013408665726270055 0.9997900329024865 -0.015495089295845761 -0.09635062325746986 -0.30775965492904234 0.018870730300552988 0.951276978769002 6.214975016847038
0.9366542742869809 -0.00974674485617634 0.35011965301113507 1.592131679692236 0.01681981552844786 0.9997111562412352 -0.017166767092310877 -0.14633055721988772 -0.3498512030356878 0.02196827374923354 0.9365476659962164 7.510887449526819
0.9198310173280131 -0.00985466075509114 0.3921910060451599 2.0465624194787524 0.018270554300647238 0.9996758278148534 -0.01773206497379491 -0.186890350774058 -0.3918891251449314 0.023476050436345763 0.9197128838116004 8.539078201491536
0.9006629181439891 -0.01031832355251427 0.4343959485071421 2.413555290465226 0.0193973633509319 0.9996761502406254 -0.016472308129543485 -0.2090816265019733 -0.4340853028788075 0.02326213315988733 0.900571386945791 9.292643892175569
0.8791592041087639 -0.010075127554354819 0.4764216469007347 2.9232116850266747 0.019849005401437473 0.9996830294809093 -0.015487335227384548 -0.24893904992783186 -0.47611459840611764 0.023072329154967444 0.8790805178207206 10.238052158350895
0.8555444730071792 -0.010000046940349807 0.5176327402396981 3.319560865745686 0.020317082359207362 0.9996917831778249 -0.014267263618161847 -0.27245863858136665 -0.5173305238155557 0.02272306554872692 0.8554839515857624 10.891966413653604
0.8304084075920304 -0.010278703936896073 0.5570603421944932 3.865642622255327 0.021828326304641755 0.9996623850921341 -0.014093970435759672 -0.30505745154276936 -0.5567274025689829 0.023863446467005143 0.8303524162375334 11.685442242645196
0.80360979222298 -0.012054465454011747 0.5950344458146579 4.381949072226131 0.02525312087381435 0.9995850735992966 -0.013854981906219185 -0.32932401706242875 -0.5946205359130069 0.02616047591515064 0.8035807661775021 12.371612930153278
0.7752291362599725 -0.01101124543850224 0.6315841501870596 5.060736075957525 0.0257670408415561 0.9995671074010207 -0.014200612952481857 -0.3657509491955865 -0.6311543756482139 0.027282783506264154 0.7751772725153024 13.211071442657884
0.7450739002820275 -0.013916149387601877 0.666836729570852 5.6068184969339905 0.03040793937365707 0.9994514856104473 -0.01311812235490405 -0.38469814565357274 -0.6662884062788242 0.03005110143226343 0.7450883779533353 13.804972933808656
0.7133049946329213 -0.012879421263064485 0.7007354030871119 6.281554392185038 0.030639669312037484 0.9994482826840096 -0.012819551647124259 -0.40368656845572043 -0.7001836868252341 0.03061455124467481 0.7133060731242302 14.507359034000846
0.6798048229723231 -0.011675237126086745 0.7333001373936997 6.842231168148197 0.03168950981666386 0.999407049744412 -0.013465655897520539 -0.43381660740550976 -0.7327081121641472 0.03239193972611875 0.6797717150703102 15.0013493798153
0.6442800006678294 -0.01286930460987994 0.7646814119215405 7.30962864787625 0.0361378024271812 0.9992538529338649 -0.013630723845796295 -0.45302125839160284 -0.7639354291922822 0.0364159085522312 0.6442643414229282 15.412403369169779
0.6078779813502232 -0.011032462545809339 0.7939538050540179 8.23151738489721 0.03603911327198161 0.999256366828732 -0.013707504032913199 -0.49377530389479374 -0.7932121671432855 0.03694588099393986 0.6078235432865647 16.137888629576164
0.5703100349350643 -0.009528104318206722 0.8213742626114284 8.779144154325982 0.03879358964676183 0.9991294044552238 -0.01534570152416265 -0.5105316899952245 -0.8205129623928465 0.04061586366250759 0.5701831549285404 16.523283469012686
0.5320041508543812 -0.007816274428628001 0.846705668652198 9.562795562141453 0.04342706710906983 0.9988932599833484 -0.018065021509621297 -0.5325791858761194 -0.8456273844406965 0.046380610322581034 0.5317547984457608 16.992031091545066
0.49347134515085 -0.00659776721664051 0.8697370297870306 10.17584683503076 0.04487043062322593 0.9988327669290434 -0.017881503419945977 -0.5493420096457753 -0.8686038659657792 0.047849484601469795 0.4931913937333829 17.33738262332973
0.45551254482518044 -0.008346667834602629 0.8901902350862693 10.674574787582321 0.04980708131612231 0.9986287117071293 -0.01612298995002358 -0.5639870004815429 -0.8888349543968541 0.051682001608085885 0.4553036289687626 17.580477599372017
0.41874671426764865 -0.00887189305056921 0.9080597330593115 11.474096555894105 0.05350129293503443 0.9984563598215345 -0.014916741809467098 -0.5933450754704535 -0.9065256758329179 0.05482870640120858 0.4185749777638914 17.937437574772588
0.3839018460765215 -0.0061491636812678 0.9233534319885643 12.371896355698905 0.05515701069372115 0.9983448979924852 -0.016284005149453808 -0.60239052200108 -0.9217250548565835 0.05718087476067225 0.38360561884731664 18.29108755067436
0.35081113785703155 -0.006850252245088858 0.9364211763942729 13.037246107248613 0.055922789078865866 0.9983418242350168 -0.013647111223254776 -0.6161174624371546 -0.9347749393394625 0.05715484255317183 0.3506125165415899 18.528998103856225
0.3174798247433838 -0.008409305743165672 0.9482277387093402 13.957650264417609 0.058151609455110956 0.9982513055297839 -0.010617029992544933 -0.6406914725874711 -0.9464802962548616 0.058511661957256954 0.3174136641928151 18.840951475460745
0.2847916115442649 -0.008096763060352851 0.9585552568433212 14.801059794057004 0.058738705136415485 0.9982326434004917 -0.009019654570120312 -0.6506648903289864 -0.9567881178782051 0.058873016549278 0.28476387658807906 19.083159971010964
0.2525479958248728 -0.004944289274879703 0.9675717357428372 15.733808407607134 0.056032821707731675 0.9983835062899601 -0.009523510888068097 -0.6674916898344507 -0.9659605751252532 0.056620918146316805 0.2524167960575495 19.330833950215197
0.22178824108385614 -0.0032127754927656358 0.9750895621380442 16.654749189887163 0.056146104259988276 0.998377545085045 -0.009481162712772506 -0.6809847196821308 -0.9734770624382253 0.056850290620124595 0.22160878448981122 19.543818521183113
0.19126544908116316 -0.0029791836908476172 0.9815338264432447 17.629792651372576 0.058277912284359266 0.9982656749844756 -0.008326288943243543 -0.6971932424175443 -0.9798067222302356 0.05879427363549992 0.19110735323403047 19.741352740851184
0.1607243556429693 -0.0031097694034350875 0.9869944330326338 18.634557434283433 0.05990912784743301 0.9981819447520809 -0.006610716414591869 -0.7097200677428789 -0.9851794648203508 0.06019247880933038 0.1606184534574907 19.902956448755916
0.1303514512001671 -0.0035961430594744015 0.9914613290114279 19.606619914102296 0.05871493141728411 0.9982663761612615 -0.004098664968884011 -0.7233766106287717 -0.989727768630685 0.05874785086247263 0.1303366181100562 20.033859267835123
0.1009017601257183 -0.0039041069494043634 0.9948887338554298 20.693972049541383 0.05928374915936893 0.9982389727668449 -0.0020953126267781673 -0.7368909174707886 -0.9931285273765637 0.05919215487142299 0.10095551947534356 20.14708070009074
0.07380662418217096 -0.003560093941721214 0.9972662171947663 21.782411890317167 0.06208410571952982 0.9980703878862875 -0.0010318146744173464 -0.7422779537710759 -0.9953382068642995 0.06199053601673579 0.07388523127472621 20.211851847995366
0.04876285478439814 -0.002816697232178198 0.9988064127797631 22.807899730885072 0.06602824205869007 0.997817670431737 -0.0004096642787011001 -0.7395000089327323 -0.996625534111943 0.06596940799252675 0.04884241973122166 20.23822073568756
0.026101483737614055 -0.002470751623927625 0.999656244882764 23.916830097731307 0.07026930322904423 0.9975278578599994 0.0006307273149763592 -0.7493316799311981 -0.9971865109248121 0.07022868487771988 0.02621057515481531 20.249630068119842
0.0057876545480350025 -0.0023808476923994535 0.9999804171178047 24.97607545959067 0.07566215729292922 0.9971316308676832 0.0019361500289971922 -0.7425829291196819 -0.9971167138347512 0.07564946984229529 0.0059511934909738705 20.23812197521612
-0.011746703571172724 -0.003231621668431224 0.9999257830342227 26.10294852067115 0.07992089987757574 0.9967925265900454 0.004160372218064474 -0.75301246505429 -0.9967319924222208 0.07996383905007597 -0.011450752220008534 20.20892401175922
-0.027078506914545414 -0.0031262726926742897 0.9996284214058394 27.19694290259202 0.08290453383715851 0.9965430663319806 0.00536238891703935 -0.75110174269893 -0.9961895365504112 0.08301893377239425 -0.02672571613207869 20.16218990568377
-0.0415501592685703 -0.003535460282707271 0.999130164085414 27.75491192876157 0.08503337010924537 0.9963530780344685 0.007061859465112932 -0.74654063522411 -0.9955113812672465 0.08525282641549374 -0.04109799697733629 20.1408281467451
-0.05469476788661916 -0.004483411609964324 0.9984930552518454 28.803775395313927 0.08518781857335296 0.9963229875213516 0.009140027529648312 -0.7453620279592998 -0.9948625623333822 0.08555935692175852 -0.05411172248776382 20.075798834780784
-0.06682233005267527 -0.004205323272714773 0.9977560280261419 30.005065278218854 0.08503674647799019 0.9963286866258774 0.009894440600303143 -0.741240856679103 -0.994134562297665 0.08550709597762554 -0.06621939732966284 19.98731369724025
-0.07825342200320715 -0.0013079167603621106 0.9969326413045848 30.972978790178825 0.08520246940387574 0.9963315807239167 0.007995027183434887 -0.7389343947555626 -0.9932859312163191 0.08556676110459134 -0.07785491790375333 19.919321418319676
-0.08858124919707332 0.0022756982634077752 0.996066354962409 31.927920511565105 0.08567669673245878 0.9963086646488108 0.005343068661205225 -0.7371907463587408 -0.9923773808021327 0.08581297071607523 -0.08844924041042804 19.839445881847972
-0.09819605862516667 0.004719578950412884 0.9951558971563268 32.4395652094943 0.08692145026537913 0.9962077198478122 0.0038523238943424278 -0.7392085747483254 -0.9913638058524463 0.08687867684394437 -0.09823390430803103 19.79659980041662
-0.1060022681482375 0.005675531089073857 0.9943496907498318 33.06087697598216 0.0867489323324412 0.9962238391469824 0.0035616084048368185 -0.7414563457161528 -0.9905746523541836 0.0866363126068095 -0.1060943327953216 19.73750433851533
-0.11168078978971559 0.006499590964426726 0.9937228771187874 33.57283884813609 0.08643017165108172 0.9962527801228066 0.0031974248926367847 -0.7389121444524035 -0.9899783970472846 0.08624472978028655 -0.11182405807703193 19.676954708046104
-0.1168472264563496 0.008065499880693572 0.9931171498776634 34.49391822221651 0.08765053800204532 0.9961488058105127 0.002222581886537755 -0.7407320201040705 -0.9892745366466337 0.08730695501484913 -0.11710417050056122 19.5736014221397
-0.12140774685727893 0.009816517855483254 0.9925541773526684 35.15331617547044 0.08672225491738114 0.9962322423586772 0.0007548423992108999 -0.7391012952913635 -0.988807063842631 0.08616818010261013 -0.12180162245520566 19.49652815622514
-0.1258334695975281 0.010655122047874716 0.9919941563856076 36.060149011109814 0.08706254368795484 0.996202788349514 0.0003434694123460618 -0.7421857776885995 -0.9882236849092578 0.08640875452637395 -0.1262833153095447 19.389440332956863
-0.12893245030646772 0.009686904271902675 0.9916060644951692 36.88987507874769 0.08647952711639124 0.9962524805092177 0.0015121074555810377 -0.7405170290579729 -0.9878753538011243 0.08594858326266264 -0.12928699233660562 19.285221095337295
-0.13113936587991393 0.007855955086677467 0.9913328152978145 37.301697982643155 0.0870689892495874 0.9961956942756671 0.0036235090282425815 -0.7393173054708854 -0.9875330160696757 0.0867895309141524 -0.13132448170859856 19.229514079976976
-0.13339393671218433 0.006635499700760217 0.9910408809893504 38.23126556987968 0.08637911658952627 0.9962500107549351 0.0049562372830144275 -0.7339265776693604 -0.987291601233212 0.08626636780642678 -0.13346687948643834 19.100647519266364
-0.1356153638323052 0.0074806180368693 0.990733321053864 38.39607024655815 0.08893525240666961 0.9960265400551896 0.004653212336703361 -0.7339304948917343 -0.9867618729825319 0.0887421650596543 -0.13574179226948338 19.078808829053614
-0.1367558146873031 0.0071817880934796925 0.9905787546020726 38.92462154671773 0.08839712080091093 0.9960728522413781 0.004982174408391679 -0.7322695287722809 -0.9866528245453525 0.088245651153509 -0.1368536037858411 19.008602218938606
-0.13778015567889465 0.008694466289232657 0.99042467404495 39.181640047224775 0.09005437073530619 0.9959296586971106 0.0037848697369146566 -0.7310221252827774 -0.9863604001644473 0.089713550723415 -0.1380023181110724 18.97359665735118
-0.1380374708388786 0.009095573205036045 0.9903852418087006 39.62704045642821 0.08965636040114351 0.9959671277610908 0.003349247519050767 -0.7292947956901623 -0.9863606813351934 0.08925665783231752 -0.13829625934412887 18.913308209269044
-0.13729527186182058 0.010463698482054367 0.9904748958648403 40.067580783865104 0.0896086033276802 0.9959752460281079 0.001899344337608031 -0.7297839878964696 -0.9864686039271864 0.08901584304676875 -0.13768032957769152 18.85051478792902
-0.1362523450246784 0.0103549976727559 0.9906200444663301 40.72643468881743 0.09063781209663668 0.9958817990183064 0.0020565510927005428 -0.7342053720587233 -0.9865191764449446 0.09006784335854447 -0.13662978481696403 18.765422831982782
-0.1352205613140153 0.0092715718552011 0.9907721421968106 41.37988748176542 0.0898672377758679 0.9959493994199664 0.0029450584959489104 -0.7367216506014134 -0.986731614661484 0.08943618814743147 -0.1355060473823916 18.685743309311448
-0.13403952910446576 0.010015915825694777 0.9909253685659816 42.020010933038215 0.09084002032114726 0.9958630197743771 0.00222183570785996 -0.7377501360752359 -0.9868036761917274 0.090313494429303 -0.13439485622024971 18.59747232112596
-0.1332309643265981 0.010854144239630227 0.9910255787301511 42.71863850655105 0.0907354740951263 0.9958741923875128 0.0012909985484579121 -0.7368332333510703 -0.9869227851687985 0.09009317670803228 -0.1336661349232401 18.515369964292994
-0.13247271935100932 0.011499582686823426 0.9911199413924525 43.27202813368572 0.09135129031890826 0.9958185133735404 0.0006558807688273504 -0.7348276413338878 -0.9869680442571686 0.09062697181601764 -0.13296928816324252 18.444129562851522
-0.1316232200430232 0.011243516151786289 0.991236052254987 43.84444375100325 0.0898393283342977 0.9959560708730879 0.0006324361499011511 -0.7309013103426834 -0.9872204531055611 0.08913522443785024 -0.13210105500890543 18.369081494533283
-0.1307070749125304 0.009686681904186326 0.9913737079232524 44.98728868863252 0.09166797787725009 0.9957868399361431 0.0023561073588873756 -0.7335439815480105 -0.9871740689461548 0.09118518302705594 -0.13104434362694214 18.22318154224888
-0.13044472016270928 0.007805540151790078 0.9914248577298292 46.648994635585794 0.0930071987369649 0.9956557212212748 0.004398384072186418 -0.7332026568529098 -0.9870834999962145 0.09278339475510966 -0.13060400335725647 18.009674932297308
-0.12977339038674343 0.008910400880505095 0.9915036419013696 47.70020656975082 0.09443341776299213 0.9955253277523523 0.003413416642072244 -0.7336709105367313 -0.9870365731608588 0.09407404827964426 -0.13003413660708113 17.876762385393967
-0.12928188763428294 0.010787556154318126 0.991549203096818 49.34462038165118 0.0967639456334593 0.9953057529289118 0.0017880190316939535 -0.7424195668477414 -0.9868753377986316 0.0961773716569036 -0.12971885300914518 17.68401286427208
-0.1288174594298265 0.010275379572798662 0.991615085968684 50.599123825204884 0.09632341304195878 0.9953476601145776 0.0021990007695076447 -0.7546637047191551 -0.9869791599856579 0.09579901919681101 -0.12920791645613583 17.54138996237831
-0.12881581650793938 0.010323571803482664 0.9916147988420765 52.04224365236384 0.09637100852289975 0.9953431455381273 0.0021566980656207557 -0.7500148837708858 -0.9869747282142911 0.0958407350529271 -0.12921083302433473 17.359365056332123
-0.12877774053129926 0.00921144218229479 0.9916306988373123 53.3787919759129 0.09644005050035646 0.9953333960656774 0.003278312958650541 -0.7583918174193881 -0.986972953126449 0.09605508840914347 -0.12906513776992426 17.201103883674794
-0.12879739591767628 0.009295544860175808 0.9916273612857698 54.590360078008096 0.09746260098710664 0.995233618497476 0.003329567727057571 -0.7575791553943612 -0.9868699368273689 0.09707542149366877 -0.129089466371866 17.043860046514922
-0.12920591604654535 0.00943332144432842 0.9915729139630135 55.963606932020944 0.09832717521058841 0.9951485200779946 0.0033450861998166556 -0.7511992478463314 -0.9867307626063357 0.0979307685720167 -0.12950662798951543 16.8812427520244
-0.1292136546633615 0.010594149584870838 0.9915601824615144 57.61197677822649 0.09884850924920556 0.9950999511425894 0.002249323281896818 -0.7554194130227418 -0.986677659455077 0.09830488914896403 -0.12962771733569392 16.664403900293006
-0.1300738450140728 0.011293179227925151 0.991439992609831 60.86039146682484 0.0988739696792633 0.9950986172286491 0.0016371039964711309 -0.7814720390199176 -0.9865620776023781 0.09824055217962216 -0.13055290477168172 16.318742137595247
-0.1308532500058809 0.011868791643757667 0.9913307010013441 63.2827915277296 0.0984050478906582 0.9951458644053738 0.0010747588192579567 -0.8020137062387065 -0.9865058912710748 0.09769258079198924 -0.13138601959746296 15.993121920856282
-0.1321740268857227 0.012569611587877819 0.9911468263992692 64.57465251045072 0.0973472635625131 0.9952504110204121 0.000360056373743532 -0.8022812734806793 -0.9864347605866821 0.09653302143946146 -0.13276987187636197 15.821636623835207
-0.1330225735022313 0.011708108895516324 0.9910438512623622 66.28449553036002 0.09612897696501402 0.9953682292332711 0.0011436873187585424 -0.8086412830941857 -0.9864401729078683 0.0954201677797414 -0.13353193196528948 15.581960683369841
-0.13416085568045705 0.011334344067963735 0.9908947458976849 67.96797690596446 0.09507135551084994 0.9954693521081059 0.0014853870869976245 -0.8058142330062907 -0.9863885148177765 0.0944049874636803 -0.13463059153686127 15.34891320331384
-0.13481895208435896 0.010348324227710573 0.9908162101744976 69.88484255813526 0.09237516906721856 0.9957219090285617 0.0021697972993564895 -0.8090105484753298 -0.9865549545254333 0.09181934472754456 -0.13519811254276518 15.107692514905482
-0.13664924702292666 0.011438440496002487 0.990553454068526 71.7245406083397 0.09193339374112504 0.9957644549221781 0.0011838195712798195 -0.8057457866797606 -0.9863443792121026 0.09122670876753948 -0.13712203763121403 14.866930488759786
-0.13938694936694618 0.012065620903402664 0.9901644808507285 73.66429256818469 0.09113066644951934 0.9958387019100398 0.0006938375848441467 -0.8287545735276344 -0.9860357397065507 0.09033106093887665 -0.1399064667948344 14.602575396163644
-0.14378615326162744 0.012928788249967434 0.9895243243925902 76.11126817876347 0.09150221255122465 0.995804832166187 0.0002851888906020612 -0.8374194416954479 -0.9853694166293451 0.09058467126871024 -0.1443659589469948 14.272844260288505
-0.14824093440299832 0.011921488960263266 0.988879418062838 77.79901557085475 0.08947478561614042 0.995988095546749 0.0014057980318303832 -0.8477870406237192 -0.9848953691160666 0.0886881707452064 -0.14871287860705754 14.01040691646927
-0.15304689104804103 0.011131963414142333 0.9881562267835365 79.6200640363082 0.08764317482511286 0.9961491558438987 0.0023522793336498726 -0.8528231624853101 -0.9843248056648299 0.08696515797740485 -0.15343317193769157 13.727041342924885
-0.15757579797389745 0.01193198616810718 0.9874348057461689 81.30331105773269 0.08620346736721658 0.9962760721958228 0.0017176099480993821 -0.8616589064793851 -0.9837371753200954 0.08539095781257319 -0.15801757565882546 13.46463106749896
-0.16193860892356923 0.013667287362228954 0.9867061833170291 83.97378993480929 0.08731920815880831 0.9961802409673819 0.0005323463991108307 -0.8926454652434417 -0.9829299277295506 0.08624461004798023 -0.16251345916955243 13.036050457907333
-0.16561292983409986 0.01533350768081817 0.9860716206310618 85.88046584165416 0.08664959700030972 0.9962384083907345 -0.0009386089605011267 -0.8992602445207514 -0.9823768140644662 0.08528726276120646 -0.166318603887994 12.691171609555113
-0.1706341320395113 0.015672704616943527 0.9852098047183218 87.87935891867718 0.08528247353638299 0.9963562287005939 -0.0010794614614265655 -0.913371421535086 -0.9816368435886258 0.0838369361291345 -0.1713489873032246 12.365319691516401
-0.17504061536139337 0.015456550691798368 0.9844398803454772 90.5125256485227 0.08355150613878955 0.9965031469611766 -0.000789885062726499 -0.9349394391086077 -0.9810096476568648 0.08211317273850977 -0.17571994214365955 11.863174658227384
-0.1799949831724754 0.014547396725371925 0.9835599520523677 92.56896885255676 0.08212823220175944 0.9966217285685216 0.0002891721058132146 -0.9641545228708253 -0.9802330128638576 0.08083008965482784 -0.18058166323920674 11.48115168411326
-0.18459882603015448 0.01419085644913185 0.9827115004015827 95.75582331343885 0.08157106309839511 0.9966670938331674 0.0009304488951861721 -0.9816297305731451 -0.979423011314972 0.08033258158050822 -0.18514113871132085 10.912980034730081
-0.1901031906095323 0.01404584335701004 0.981663634451469 98.32400148569042 0.08162830284641728 0.9966616408246298 0.0015472178808277287 -0.9880162101169372 -0.9783647566702772 0.08042566750203242 -0.19061509623417308 10.415370493790684
-0.19584062393097712 0.015688027911505083 0.9805102425770853 100.32050618642427 0.08223951762050694 0.9966124778662757 0.0004803153015764388 -0.9950699469597902 -0.9771812072281545 0.08073075461984983 -0.19646738533058772 10.043033575268904
-0.20112909103822954 0.01674869364989526 0.979421548670009 102.31459805012258 0.08203745991928046 0.9966292272923951 -0.00019615441998704442 -1.0094364491806918 -0.9761234265748003 0.08030980368290011 -0.20182515087145597 9.625612732896963
-0.20733116204709137 0.016673741534755124 0.9781287111558662 104.10960325652299 0.08256565482620849 0.9965854953979401 0.0005128406793752567 -1.0257647076071386 -0.9747803351972811 0.08086616539489912 -0.20799990722835104 9.305503918469086
-0.21357552291153276 0.016765235872832115 0.9767826896905957 105.664458307499 0.08156328608726289 0.9966678991501057 0.0007274382192046509 -1.0333379895483084 -0.9735157555867877 0.07982496896237244 -0.21423129545993871 9.008957158125893
-0.2189051953162975 0.017636950883635556 0.9755867226582488 107.1453108061223 0.08077103636346313 0.9967326766894398 0.0001044235492255706 -1.0412255709156482 -0.9723973237048256 0.07882200950897986 -0.2196145160700004 8.668209726943683
-0.22533611724637462 0.018408193800220424 0.9741071669304885 112.58077814609285 0.08014434643961092 0.9967832238608207 -0.00029725981444198176 -1.078478150385786 -0.9709791542551762 0.07800219888338503 -0.2260865740623734 7.686155207670635
-0.23030930136753605 0.01764275549187524 0.9729575319006746 116.3169093878593 0.08148413769327807 0.9966738976396634 0.0012153469239032874 -1.112698526932843 -0.9696999334886962 0.07956051120006971 -0.23098087377443868 7.037404006482678
-0.2345956933935532 0.017580408149662875 0.971934046059963 118.47464267758481 0.08335866371954832 0.9965174074245909 0.002095204683007385 -1.1208311944709668 -0.9685123612138828 0.08151064929850377 -0.23524417150451796 6.547198732420465
-0.2380557618358415 0.01831854740939058 0.9710787223894713 120.32746998775228 0.08404180945801157 0.9964605941819927 0.0018051330958666297 -1.123005926589771 -0.9676086132935061 0.08204093529013666 -0.23875270975831706 6.0945386058770135
-0.24110878104071531 0.019031660155456667 0.9703114714444988 121.46865726705235 0.08431095119332092 0.9964385012376563 0.0014059730193709398 -1.1269451118841558 -0.966828950339169 0.08214687555215298 -0.24185464978594312 5.821484046719697
-0.24428667882195892 0.01909790138570201 0.9695149760126451 122.63871293062547 0.08380773499987584 0.9964808327702267 0.0014877754355633699 -1.1351509147071681 -0.9660746772917347 0.08161629790806518 -0.24502754500556514 5.53630750724835
-0.24840325691176146 0.019613222761955255 0.9684581268431384 123.69188006103234 0.0819869717222181 0.9966330427609987 0.0008453075025589146 -1.1384295356816327 -0.9651807905379444 0.07961092619636803 -0.24917492250767687 5.274838672437597
-0.2529024786701314 0.020308994035350636 0.9672785953611177 125.65329577605756 0.08079714671157613 0.9967305463408981 0.00019767205979715602 -1.1500736883966725 -0.9641121082974601 0.0782033423342458 -0.2537165345064861 4.773296101822476
-0.258020734993115 0.019871566164241055 0.9659349984195593 127.78885377673147 0.07964246336486434 0.9968231987602865 0.000767100050273974 -1.165750425135537 -0.9628511714396937 0.07712737044325477 -0.2587836748825551 4.246664672487492
-0.2615135471118237 0.020051745831083035 0.9649914984942193 132.9632273343684 0.07953872389468464 0.9968314215174842 0.0008417105425369366 -1.225237932673801 -0.9619169694304174 0.07697431106906971 -0.2622798111888236 2.6739778170621884
-0.2672588124893522 0.020492318952941832 0.9634068673259046 136.4851929773643 0.07879574059078347 0.9968905673607249 0.0006541956605790338 -1.260914355464659 -0.9603978125816054 0.07608719715657314 -0.2680424966629834 1.7898971648561601
-0.27153479030208116 0.020285879181721977 0.9622148100925438 137.93783260999172 0.07794462409581948 0.9969572107930782 0.0009774570310837791 -1.274956851207145 -0.9592671646784161 0.07526488526205807 -0.27228974240011866 1.3666169814480844
-0.2758637344121309 0.019488696627304816 0.9609991627155369 139.9322897664326 0.07699845531611081 0.9970294325565426 0.00188374491686772 -1.2750177977191435 -0.9581077381563764 0.07451510799661895 -0.2765448621202824 0.772575881897079
-0.27986049474200875 0.01946260382397417 0.9598433781274682 141.28137001793982 0.07707024712830542 0.9970231155293504 0.002254796604990253 -1.2738025483524473 -0.9569421510678382 0.07460639485016642 -0.2805273700677369 0.3777752839064207
-0.28312822239003915 0.0202412292513654 0.9588684489149965 142.64137960542516 0.07793717222133827 0.9969563310683338 0.00196751846461758 -1.2757554472874977 -0.9559101458151804 0.07528855544610209 -0.283844017986008 -0.05716133072827728
-0.28709353403556365 0.021325205174902745 0.9576651493811497 143.85880565507358 0.07782745779338004 0.9969662017044781 0.0011311376422266121 -1.2801204171976706 -0.954735664740975 0.07485738629683968 -0.2878822366670362 -0.41598460698183226
-0.2892696478566804 0.022965353376253855 0.9569721330180814 145.95981846394804 0.07787022073349124 0.99696342918559 -0.0003867679230979482 -1.2868189465491422 -0.9540751016307839 0.0744077510130009 -0.29017957722313586 -1.0885830769283278
-0.29290001625815737 0.024332520283708234 0.9558334106593128 147.82936902028337 0.07931347875678516 0.9968491472016026 -0.0010722923736469778 -1.3072011741014136 -0.9528478118584673 0.07549639845767799 -0.2939070282529008 -1.6148023312192707
-0.2961867427844455 0.024970349094745495 0.9548035897842172 148.49571382641773 0.07878654701344322 0.9968901746219075 -0.001630874612272363 -1.3131488541493126 -0.9518750408580112 0.07474263447583956 -0.2972329813179754 -1.8275121354010486
-0.2999149528222796 0.024861417088910435 0.953641930188654 149.9529963525913 0.07819987472377839 0.9969367225823725 -0.0013966960666444077 -1.314264765712445 -0.9507553842428643 0.07415578943716002 -0.3009403898218989 -2.2919615074299093
-0.303269613300187 0.024891617729067256 0.9525796287007117 150.5919366184167 0.07819430439751786 0.9969374673580157 -0.0011562601667749722 -1.323463847417814 -0.9496911036797937 0.0741356428758455 -0.30428722294378685 -2.503539047802672
-0.3068590326716857 0.02578355582072037 0.9514056665361196 151.5510895667982 0.08048044952847234 0.9967556291175842 -0.0010550194801084414 -1.332967710162731 -0.9483461558479023 0.07624581346964666 -0.3079385403239738 -2.822717763615549
-0.3095012500039154 0.026026505087755464 0.9505427908721057 152.16561236007877 0.0826405717287636 0.996579345749154 -0.0003788542345068681 -1.3389288771661048 -0.9473011728855603 0.078436143831176 -0.3105933984980014 -3.026253859397633
-0.3120569010623782 0.025682404948285865 0.9497162231821767 154.08562408239766 0.08378260393244881 0.9964838866881014 0.0005821076130283356 -1.358708010684478 -0.946361963403879 0.07975134887289968 -0.31311141240029833 -3.6382493662204767
-0.3147295735664955 0.025431976569854894 0.9488406136387727 156.0344710832124 0.08383886810846551 0.9964787168891074 0.0011004459682514853 -1.3695585557398187 -0.9454714906949572 0.07989606595313709 -0.31575350976397537 -4.2603259269430165
-0.318034081289429 0.025846254756062344 0.9477269091112027 158.31306462228957 0.08280772952597278 0.9965653554693229 0.0006100893826814281 -1.3909114716512287 -0.9444560355406405 0.07867314277049196 -0.31908201694465915 -4.996892734924231
-0.3208697089498016 0.027916135901205882 0.9467118459356129 160.5695240936868 0.08206679194402862 0.996625590328505 -0.0015730106083483488 -1.4049687099433479 -0.9435611647044861 0.07718887263526934 -0.32207795081751756 -5.742997072184015
-0.32413540278934905 0.029698513712166696 0.9455444140503793 162.3677193018791 0.08156041025631822 0.996662786940306 -0.0033449375484209294 -1.4257884241560197 -0.9424882705569384 0.0760347776459561 -0.3254759168524189 -6.355549086273062
-0.32813520847465755 0.030643754420359954 0.9441335950353202 164.48766613790391 0.08058800040415541 0.9967380376211828 -0.004342643196557835 -1.4510344451278436 -0.941186941659389 0.0746608644076493 -0.32953436266306113 -7.036585043526628
-0.33139618768304985 0.0313704896824578 0.9429700202902657 166.56452013796124 0.07863072317005525 0.9968884714767106 -0.005530353567442746 -1.4714559445864488 -0.9402094320750544 0.07231367653431514 -0.33283172328249555 -7.759108489920525
-0.33612618168597497 0.03193475846309045 0.9412753907263864 169.09753328666847 0.07924836209968582 0.9968396161555649 -0.005520576721891002 -1.494289142688184 -0.9384768974725617 0.07273892262557398 -0.33759467123393244 -8.606958210857293
-0.33923196303429676 0.031124455197675704 0.9401877171844706 170.8645504905201 0.07907091571547663 0.9968589684627759 -0.004470713952558184 -1.5249366271037386 -0.937373706450002 0.07282489467192825 -0.34062746391359766 -9.244092413332847
-0.3431137940152145 0.030297095134551113 0.9388050971223438 171.4961489195944 0.0782725002994254 0.9969256245494152 -0.0035657837335073763 -1.5297568093240748 -0.9360268906678708 0.07225915266016902 -0.34443036277812855 -9.471453987104322
-0.347294394365277 0.030233737588861862 0.9372686513235488 172.50889292180656 0.07818433287094477 0.9969338225076915 -0.0031880454399825803 -1.5399390311744896 -0.9344912058098683 0.07217253391429379 -0.3485933327136502 -9.832642497596563
-0.3506727920206535 0.03030751662046968 0.9360075039083502 174.05368615142964 0.07727640239196595 0.9970041429337737 -0.0033311568929960864 -1.5613183557942376 -0.9333043183066257 0.07116314642559525 -0.35196428230861027 -10.410808603906089
-0.3539128521687096 0.030906741446022803 0.9347676002103403 175.7025017619303 0.07674913586070915 0.9970427772354551 -0.003907749639452064 -1.5854764326883617 -0.932124059991182 0.07035960272627245 -0.35523831872386447 -11.029065325307535
-0.3571022503644999 0.031766657441987665 0.9335249660612053 178.08676258627068 0.07740901991802228 0.9969900826489657 -0.004314943213922036 -1.6277842931030382 -0.9308522043911924 0.07072237675991604 -0.35848642792369084 -11.895417402983957
-0.35983481894759384 0.032203988171040906 0.9324600829090931 180.33722582802812 0.07773806149126077 0.9969639635409717 -0.004432741392947997 -1.6535773169031347 -0.9297718520521764 0.07089258456675997 -0.361245822930746 -12.7906825560686
-0.3625406744105171 0.03182206627088068 0.9314245087478749 181.89717941206993 0.07852084181194471 0.99690634097587 -0.003496387170431405 -1.6704818086577333 -0.9286542611753376 0.07186865394839143 -0.3639177926132986 -13.393644437841198
-0.36533208045927085 0.03108791185958905 0.9303580024504075 183.6379499479627 0.07964866870034133 0.996820926190403 -0.002032408219324367 -1.6994074917186077 -0.9274635090188538 0.07335927238677524 -0.36664677360276776 -14.065312504464897
-0.36791810207902853 0.03191896824456042 0.9293102009710048 186.24500454313852 0.08116714151550325 0.996698293814429 -0.0020991059067987402 -1.735071837141036 -0.926308893026926 0.07465715353272172 -0.3692941160181466 -15.060004738016984
-0.37035489662262333 0.03247651578049028 0.9283224259223768 187.8711414276499 0.08061614534007097 0.9967415425348102 -0.00270822743419966 -1.75770971009833 -0.925385480574531 0.07383477031918169 -0.3717662424612537 -15.734328573843655
-0.3731437765766817 0.032798946258910375 0.9271935888078593 190.0439955586877 0.08007952049642908 0.9967838635354541 -0.0030331159547566816 -1.778289037465947 -0.9243110907043983 0.07311742965694337 -0.37457021915951755 -16.581508602034784
-0.37606728286419355 0.033823058997969196 0.9259748373682537 191.43719963329124 0.07961710777022979 0.9968171871665141 -0.0040757232170510645 -1.8022027952651647 -0.9231654861992227 0.072190692263326 -0.3775632252234002 -17.151713319829906
-0.37864198578769104 0.03496318977701638 0.9248825990142596 192.5471684789913 0.0795251951861204 0.9968196794473917 -0.005125426519657638 -1.820034395730772 -0.9221203771359596 0.07161076753544295 -0.38021823738955746 -17.61594243037152
-0.38100435861632825 0.03462612645348938 0.9239246235933907 193.57540374288587 0.0770054259160973 0.9970148898264155 -0.005610155425712145 -1.8396626786503492 -0.9213608647510713 0.06900971548446726 -0.38253341824461906 -18.05052711044126
-0.38406872297816363 0.03545024052781273 0.9226237025334024 194.74483794600354 0.07785825928073335 0.9969470084191993 -0.0058952409435775515 -1.861439848306222 -0.9200159278467398 0.06956969778954711 -0.38565625841904205 -18.539225997811997
-0.3863625143256944 0.0347427983435997 0.9216924354073787 195.43434079455295 0.07899113770867378 0.9968653221626651 -0.004464261754775152 -1.8729786861552837 -0.9189583275031669 0.07108071069412387 -0.38789576548320537 -18.841130888442926
-0.38874207269363625 0.0337401484808709 0.9207286263054635 196.85521638798318 0.07903655436815658 0.9968667096587108 -0.003160102502250704 -1.889566620670781 -0.9179503385213525 0.07154275333466029 -0.39019073599181137 -19.463243794986933
-0.39161692490056244 0.03317837259059162 0.9195299776101205 197.98887117178734 0.0779395188286376 0.9969542173667506 -0.0027784670971743976 -1.9044546568922422 -0.9168214741901438 0.07057962926290753 -0.3930100512670425 -19.953030682444368
-0.3944245100228668 0.03318673759594546 0.9183288878941798 200.23906284556398 0.0764672648673006 0.9970669915778504 -0.0031893117766503285 -1.944839552019982 -0.915741264384726 0.06896415557108201 -0.39580535866689903 -20.94763059305643
-0.39886726614902107 0.03283720196793705 0.9164205487448023 201.59271098477842 0.07527428601490704 0.9971584508109864 -0.0029674637620849247 -1.9609917842958473 -0.9139139378846091 0.06779927833797487 -0.40020566212523573 -21.43807050370141
-0.40253409346391106 0.03246883988056221 0.9148289884104019 202.38759414713275 0.07467706870887895 0.9972045503222352 -0.002533816425447701 -1.9689175551745413 -0.9123539000893446 0.06729679972657593 -0.40383350744870705 -21.767182797854165
-0.40614718831343605 0.03263215307562904 0.9132248376006539 203.64046059921012 0.0742361316711856 0.9972372539430507 -0.002618416052014176 -1.994266781209664 -0.9107872738348894 0.06673081697215859 -0.40744759158281946 -22.315137109068857
-0.4105689808177439 0.032198467850969976 0.9112608686091653 205.26504132747178 0.07373032305585211 0.9972761729404704 -0.002018501248018445 -2.027216048363947 -0.9088437442444987 0.06635882423053159 -0.4118246653545452 -22.99034080583011
-0.41480598858965173 0.031780302130697956 0.90935471859261 207.31805839634725 0.07277108042725132 0.9973472876091796 -0.0016606480850795255 -2.0419113425097497 -0.9069952379608247 0.06548587859297207 -0.4160183145262895 -23.870238086580137
-0.41858567873644803 0.03180752755946973 0.9076201357105859 208.65741325495225 0.071755533344618 0.9974205120277059 -0.0018616177958922346 -2.048887859773233 -0.9053381539464562 0.06434752036358593 -0.4197883081171769 -24.49837205915397
-0.42288430646216085 0.032312864181026905 0.9056073885279633 209.2983591706341 0.07166515530544847 0.9974264852827486 -0.0021241401903530437 -2.0597674307778595 -0.903345431639007 0.06400222859339191 -0.42411171390568375 -24.785803208449906
-0.42602156277992925 0.032640910476168614 0.9041239953733311 211.0037549842013 0.07182660082962611 0.9974147858224831 -0.0021643557819999077 -2.078307632586968 -0.9018572877455774 0.06401809108350726 -0.4272646914433908 -25.628764320831415
-0.4293684395379742 0.03277125521811739 0.9025346464043116 212.97203440524535 0.07156680141283041 0.9974334481348465 -0.002170133029647107 -2.0890902229601824 -0.9002893624075885 0.06365973117488676 -0.43061177708288495 -26.583152578996224
-0.4333278290534732 0.033079739489583815 0.9006290709293738 214.91274158731977 0.07066819665584428 0.9974963936479239 -0.002636406796442372 -2.1320065973260283 -0.8984614619165453 0.0625034038648028 -0.43458063228369836 -27.466585995807673
-0.43741230138781806 0.033585179148473865 0.8986336930786534 215.62579109574497 0.07118586323006847 0.9974596044585733 -0.0026287543696156936 -2.137555624814444 -0.8964390952378212 0.06282016567083114 -0.43869189109702866 -27.79766111462602
-0.440713782272246 0.03432800171960115 0.8969910536974336 216.11727673689495 0.07179801069813764 0.9974149908534434 -0.002895113230025093 -2.1423487414493874 -0.8947717070711848 0.06312625696779099 -0.44203921534876917 -28.03750929333417
-0.4437112295109136 0.03541701272631225 0.8954696979884129 216.7183959062586 0.07281815257957326 0.9973395603742649 -0.003364218685681637 -2.148990220252108 -0.8932065054962441 0.06371370748913696 -0.4451097640101573 -28.345466654094015
-0.44667065863233874 0.0375475317759196 0.8939102335103289 217.39668392455448 0.07488316498826507 0.9971823064354911 -0.004467586969897777 -2.1547885933066677 -0.8915592152618319 0.06494328748631077 -0.4482237556089346 -28.696449740220274
-0.44928152551535844 0.03826143612231316 0.8925705424987159 218.62137352428456 0.07622114488195784 0.9970813388561242 -0.004375017458417363 -2.1759248540524645 -0.8901328259891758 0.06606713411928801 -0.450886555450247 -29.322985166438055
-0.45304871232030053 0.04045476679592336 0.8905673899870838 219.6598334175566 0.07800157498452077 0.9969374750147237 -0.005605819404882153 -2.187880592801973 -0.8880667872209005 0.0669259497859642 -0.4548167748449867 -29.81087859044801
