0.9999998573222123 -0.0004620406825286332 -0.00026809319802080804 -0.011117491623654935 0.0004624803548700593 0.9999985445453373 0.0016422603716890918 -0.016335745830487962 0.00026733401672030693 -0.001642384125212371 0.999998615552496 1.2257482330418563
0.9999987209403247 -0.0014548160953568889 -0.0006645508583002978 -0.012241581466771841 0.0014559553594456008 0.9999974659080849 0.0017170822343898836 -0.03405684337517305 0.0006620511353957116 -0.0017180475945230349 0.999998304998942 2.4295476477391205
0.9999959744318201 -0.0027324544762935042 -0.0007647304684555194 -0.015184700333125405 0.0027330589232652767 0.9999959527573459 0.0007904795061665977 -0.05642686889639677 0.0007625674241407508 -0.0007925663774681894 0.9999993951645475 3.6904121126177616
0.9999948078419831 -0.0031368397711661715 -0.0007379195925545403 -0.01764098731408054 0.003137390092228647 0.9999948002678175 0.000745802076037815 -0.07181314296446976 0.0007355762939568065 -0.0007481133453341573 0.9999994496268176 4.94633489052362
0.9999928548748209 -0.003648721177073863 -0.0009884498355470714 -0.016635967687312937 0.003650120833693845 0.9999923330196159 0.0014179280252980815 -0.0844009323119103 0.0009832686331081844 -0.0014215258553626543 0.999998506222403 6.157359941835576
0.9999867498929943 -0.005084941101211756 -0.0008021299416274418 -0.02581202028993776 0.005087042374204586 0.9999835768655886 0.002639696760269139 -0.10500427393800314 0.0007886940655886934 -0.002643742253007303 0.9999961942870434 7.403730970119032
0.9999889360582014 -0.00461110277141837 -0.0009303184497049347 -0.03125295753476056 0.004614059048723365 0.99998423195167 0.0032009853363027954 -0.12529675438494403 0.0009155437080432978 -0.0032052424650484126 0.9999944440847953 8.669291634658844
0.9999924819614529 -0.003761153315007987 -0.0009432636504804892 -0.04804936682168968 0.0037624786868695258 0.9999919316324334 0.0014072754404350618 -0.14292888618380314 0.0009379630611948922 -0.001410813869865107 0.9999985649137304 9.950396046611647
0.9999993230622789 -0.0009121089718080581 -0.0007224487573690111 -0.07097029158105451 0.0009114769223275486 0.9999992020391236 -0.0008747176320566669 -0.15928144217562945 0.0007232460186833262 0.0008740585445573788 0.9999993564682214 11.229628989558623
0.9999964174631216 0.0026317461516378875 -0.0004888487648607695 -0.08306163104809851 -0.002632678063815235 0.9999946997638492 -0.0019155809618036659 -0.1755361817273942 0.00048380485102267914 0.0019168610805839832 0.9999980457863222 12.449337158400054
0.9999865534593136 0.005178141570764691 -0.00028240119649274427 -0.0990158065431238 -0.005178676079250457 0.9999847357411813 -0.0019260318548092682 -0.202812069661971 0.0002724236202339684 0.0019274684206645807 0.9999981053236341 13.739647878500751
0.9999803253833536 0.00627176923705463 0.00011728955197364247 -0.10867053914574956 -0.006271651035554808 0.999979850477154 -0.0009823609198297456 -0.22697140048416367 -0.0001234483296416707 0.000981605993115146 0.999999510604972 15.012082531743516
0.9999922447498231 0.0038942902877810905 0.000587318792572215 -0.11011963941422508 -0.0038953443099439067 0.9999907853608735 0.0018042965527866326 -0.24966110398815136 -0.0005802869260995294 -0.0018065703689322447 0.9999981997836721 16.280592892754825
0.9999996679243482 -0.0001251383359629106 0.0008052897550394542 -0.11889522903362874 0.00012216168973467516 0.9999931646910102 0.0036953548922520085 -0.2733189423467843 -0.0008057466811970261 -0.003695255289557423 0.999992847904739 17.50586488657554
0.9999968378435486 -0.002458564400137063 0.0005289272098104931 -0.12666336565316771 0.002457797790596464 0.9999959353525512 0.0014451672556214448 -0.29263451569102683 -0.0005324780966746656 -0.0014438626896488226 0.9999988158631037 18.779922441905548
0.9999936303528193 -0.003515023376837432 0.0006195679532318454 -0.13467193534797295 0.003515355627335839 0.9999936774743282 -0.0005359908419233653 -0.3102828440044724 -0.0006176800156583298 0.0005381654295417229 0.9999996644246277 20.063374222296744
0.9999984040173518 -0.001355879412231191 0.0011634232969973005 -0.14202496716940893 0.0013583481212367833 0.9999968222291639 -0.0021237754014303083 -0.33553517477485373 -0.0011605400165615736 0.002125352345771303 0.9999970680078395 21.38484811994664
0.9999969015963514 0.0014005172639765205 0.002057996377525203 -0.14984825718635364 -0.0014002894634069449 0.9999990133079693 -0.00011212719072066415 -0.3537394500650579 -0.0020581513829828696 0.00010924505266220663 0.9999978760369456 22.66850420168306
0.9999945867565412 0.0021371519273392326 0.0025018071975266842 -0.14887126456581323 -0.002145560125558632 0.9999920433552917 0.0033630042902491513 -0.3711361818484409 -0.0024946000404350408 -0.0033683538632530065 0.9999912155428613 23.93450686559078
0.9999961820304656 -2.6223959100128008e-05 0.0027631932244100597 -0.13866167547210245 1.1741500083811609e-05 0.9999862653258988 0.005241089743395778 -0.3826697038587669 -0.002763292714974614 -0.005241037289041318 0.9999824477167114 25.17894770634961
0.9999893976864231 -0.003905186237851402 0.002440089177021591 -0.14194501485192448 0.0038970645316191675 0.9999868805975511 0.003324382772122835 -0.39806897632201393 -0.002453039498360568 -0.0033148383409884693 0.999991497185847 26.55252203655667
0.9999870582937965 -0.004454175853027903 0.0024583657963743303 -0.1469216192173329 0.004451224624776177 0.9999893676494064 0.0012046524313653923 -0.41945546545479045 -0.0024637053919382393 -0.001193694102738013 0.9999962526180436 27.824214559064746
0.9999832587813992 -0.004909419393972108 0.0030626390820028895 -0.15921088027487323 0.004913669850786111 0.9999869730653975 -0.0013818639953809375 -0.43520810385241016 -0.0030558150353049533 0.0013968896586148 0.9999943553309443 29.133370983447175
0.9999919705393585 -0.001254333631987418 0.0038059826523361567 -0.16390436940464562 0.00126315417254597 0.9999965202215463 -0.00231602813784896 -0.45507673250012787 -0.0038030643363736287 0.0023208170842601416 0.9999900752056062 30.420923899559853
0.9999911521032327 -0.0001236926969533118 0.004204808600328437 -0.17374263673818227 0.00014227122233868633 0.999990228756131 -0.004418387846316348 -0.4855799546965167 -0.004204220991809133 0.004418946976136095 0.9999813985437296 31.789832723218712
