0.9990430301974307 -0.0005915851892859345 0.04373412673072588 0.03672369073048 0.0007475359535191609 0.9999934206920713 -0.0035496144252790476 0.053465857406591176 -0.04373173909111749 0.003578910383590393 0.9990368994168998 1.0002442362117359
0.996020600420441 -0.005237612928795878 0.08896926968853856 0.09719700824682997 0.006025789053944349 0.9999449262361759 -0.008592692290881877 0.03560587187514851 -0.08891936461975669 0.009094608586218769 0.9959973065677852 2.0006040505931777
0.9909494618953874 -0.005035504923698012 0.13414099917402236 0.22859419231851175 0.006740505843558758 0.9999021315236645 -0.012259402734432712 -0.0005739169576308278 -0.13406613871598866 0.01305262673163809 0.9908864210317903 2.993640586850498
0.9834393330150428 -0.002418688772054205 0.1812214894088195 0.34139743390026356 0.0051482511075047355 0.9998802604846311 -0.014593156057555253 -0.029879508330215687 -0.18116449373279853 0.015284457393379011 0.983334028483063 3.9891868542066873
0.9739068904722052 -0.005266381101522633 0.22688683064658666 0.5717617348142876 0.008762541596880176 0.9998578492060392 -0.01440483411342206 -0.055715987491589944 -0.22677871715732623 0.016017072490495922 0.9738145957179488 4.964358902951331
0.9623072097080047 -0.0061082700095055065 0.27189616249863663 0.8431952808730125 0.01078722037175754 0.9998182854585953 -0.01571724973665945 -0.07520461086884446 -0.27175074980696107 0.018057826561476704 0.9621982357493858 5.929055634093681
