0.9990905411827267 0.0007274605516031805 0.04263286666824093 0.017486376442264962 -0.0006276812791113807 0.999997032887002 -0.002353770040582669 0.014107582368237965 -0.042634452446560174 0.0023248695313829197 0.9990880333815654 1.002093293050781
0.9956307048693505 -0.002035241508939998 0.09335607807400785 -0.1270846534560145 0.0028850374501568983 0.9999556186939803 -0.008968678902156208 0.07849178557002197 -0.09333368138175605 0.009198827878543947 0.9955923892263285 1.9892846256805519
0.9900430993739255 -0.002215685316226062 0.14074712118068458 -0.06591274268749846 0.004012810795509574 0.9999139955592717 -0.01248594546727386 0.026562327913743286 -0.14070735137721233 0.012926415716344383 0.9899668423968235 2.987546792645337
0.9820134224435231 0.000700912565814474 0.18880981664715749 -0.03265378797965523 0.002219258165342134 0.9998811828260185 -0.015254347696231886 0.0036278434187181473 -0.18879807476230714 0.015398991915611107 0.9818951868779215 3.9804207041128876
0.9720986905843331 -0.0018608606025533742 0.23456485875348493 0.20331155201519763 0.0056234650386617615 0.9998660156877477 -0.015372940957000576 -0.021538691301760084 -0.23450482384203405 0.016263083057229386 0.971978909094374 4.950373570629706
0.9601545531561609 -0.0025203597258696047 0.27945819336771005 0.4817649139442275 0.007494868176790398 0.9998318954075407 -0.016733435892761245 -0.04722397977382546 -0.27936904088410497 0.018161186982596434 0.9600120365302082 5.902557798656398
0.9462837723578257 -0.005060320136669843 0.32329771934295537 0.8101002380168139 0.01197861907190011 0.9997397907547004 -0.019412971613793288 -0.07440846019343136 -0.32311535843622813 0.022242840238199044 0.9460981562188805 6.837425567895961
0.9309074407288649 -0.00669289620727779 0.3651938415910001 1.1786731471733964 0.015500068285471104 0.999655301712476 -0.021190225135287892 -0.11221940227136668 -0.36492613592174994 0.025386667731253355 0.9306902988764428 7.75298818666531
0.9133002141471501 -0.0065714851345844115 0.407234004500968 1.5827278041049149 0.016990554706678464 0.9996141594966304 -0.02197392055607384 -0.14569682258324465 -0.40693247583539927 0.026987917981408167 0.9130594791104795 8.653245217371738
0.8933560353952369 -0.007009464205477466 0.44929484910741524 2.0236805317423774 0.018274672959698902 0.999617842318026 -0.020741399366250843 -0.17766463112528486 -0.4489777615329281 0.02674017073629844 0.8931427281895506 9.533298777851162
