0.999990982391463 -0.002705913648644757 -0.0032730974752948165 -0.0030754095962133897 0.0026987329271643645 0.9999939465529039 -0.002196291905943295 -0.0035925124603416584 0.003279020638017109 0.002187438884712258 0.9999922315372162 0.8604299684814211
0.9999716456807 -0.0013857359609929286 -0.007401862635804822 -0.01614667566616159 0.0013567813564821295 0.9999914143965293 -0.003915389837534154 -0.0042507940453400655 0.007407224782846463 0.003905236110093015 0.999964940461385 1.6998565292553733
0.9999398083841857 -0.0013986899542813157 -0.010882245862406645 -0.04420213755879216 0.0013404628745075605 0.9999847575363159 -0.00535610439760084 -0.009612748967073044 0.010889571519584286 0.005341194758452867 0.9999264417299266 2.5772064557085783
0.9998762268348189 -2.868843269058824e-05 -0.015733092116280257 -0.06241120561144618 -6.391215767751011e-05 0.9999826800969787 -0.005885186598589736 -0.020956548292016125 0.015732988457430177 0.005885463706280859 0.999858907241997 3.4390663936095693
0.9997972230189346 -0.0011081027942134371 -0.020106838434316137 -0.08300689945337553 0.0009858921314605546 0.9999809882894015 -0.00608695954130746 -0.032649145873425885 0.020113201145798745 0.006065902072226892 0.9997793076332988 4.3248413215203865
0.9996962818946801 0.0009574891247223652 -0.024625742233043067 -0.11339634892290087 -0.0011368023916452207 0.9999729374248465 -0.007268569202170958 -0.046377973310088486 0.0246181162210798 0.007294356208771097 0.9996703160148472 5.253802450664611
0.9995574267742173 0.0034771348591292337 -0.02954420609317796 -0.14832048817763063 -0.003704159316568684 0.9999640077852453 -0.007632976996410419 -0.061696518752154 0.029516601841374338 0.007739035291409516 0.9995343303501364 6.200798639399071
0.9994241550970918 0.0041601153027063745 -0.03367568335062859 -0.19301629951821714 -0.004361799083707917 0.9999729770707749 -0.005917756075149886 -0.07626223563230575 0.03365015478741487 0.006061234930259413 0.9994152933159983 7.1164393734362195
0.9992677345801596 0.0034991818601864027 -0.03810184186287926 -0.23020583547345827 -0.003628731662270682 0.9999878667404034 -0.003331467919800462 -0.0845889000010299 0.03808972215122803 0.0034672897610041756 0.999268307797338 8.042409843372006
0.999129514689289 0.0031210723557419232 -0.041598939699166226 -0.272154365060205 -0.0031474565477768984 0.999994884994361 -0.0005687727095319835 -0.09884925518190148 0.04159695173957464 0.0006992084563799601 0.9991342275758097 9.01448472226557
0.9990307699627202 0.00483694073569239 -0.04375071053151464 -0.33846853853486103 -0.0048913331762171905 0.9999873917961916 -0.0011362695146684856 -0.11292849179522578 0.04374466284533723 0.0013491675100303214 0.9990418330678539 10.066609664835898
0.9989386571152005 0.00456662259960009 -0.045833451527374156 -0.3900237036294346 -0.004631145185597333 0.9999884290031235 -0.0013016735897896125 -0.12365176050686094 0.04582697693661727 0.0015125534361671235 0.9989482470913864 11.105652085512032
0.9988735165707856 0.001887015195597845 -0.04741452379981296 -0.4408675407361975 -0.0019772742418839137 0.9999963213595011 -0.0018567859426409448 -0.13305076530232 0.04741084559553674 0.001948445820645588 0.9988735732207559 12.166269157153657
0.9987752388450488 0.0013001851660146965 -0.04946040627157049 -0.5000782341894664 -0.0013505047499892393 0.9999986039730363 -0.0009839659028274214 -0.14055683205242273 0.04945905788563898 0.001049557293218057 0.9987756004341283 13.238724737623365
0.9986989564864409 -0.0003343574640143213 -0.050992965377388476 -0.5596825535977181 0.00027252292851567264 0.9999992192054263 -0.0012195572107402697 -0.15342906808849954 0.05099333333041403 0.0012040737614835392 0.9986982678277911 14.38257747643788
0.9985975671208464 0.0018222358058801677 -0.052911042297367115 -0.6283148730577941 -0.002017841254369406 0.9999913258869805 -0.003643688717475088 -0.16358724137390385 0.0529039436809598 0.00374534477257566 0.9985925821552735 15.531518189398145
0.9985124169506051 0.0020571388396490482 -0.05448597411494793 -0.6886774359299074 -0.0024004004279273568 0.9999776792706079 -0.006235305794714034 -0.17717316378814835 0.054471931058536684 0.006356818415087635 0.9984950673821037 16.692450087612507
0.99837818217889 0.005906280437485282 -0.05662262092635101 -0.7510332281085278 -0.0063612713683726735 0.9999488868063331 -0.007858625920035014 -0.19041165799541343 0.05657331151482472 0.008206072517769456 0.9983647233341532 17.82363901443943
0.9983132528906977 0.00693998151194904 -0.05764100761964268 -0.8297727003478186 -0.007385132820402285 0.9999445028212127 -0.0075133940972772735 -0.20697369689033385 0.057585665890210296 0.007926407398675507 0.9983091020068542 18.98785967949128
0.998224150839124 0.0055674263977457715 -0.059308923821087545 -0.9067158885428417 -0.005934619174673308 0.9999642882971743 -0.006016845151322469 -0.22479875917629588 0.059273307455898594 0.0063581360184472606 0.9982215431103507 20.253576643362805
0.9981485484362733 0.00650093923648991 -0.060474895978437866 -0.9922452839368285 -0.006785302184114269 0.9999668633138755 -0.00449799382813653 -0.24352001151388925 0.06044365085622861 0.004900006454196408 0.9981595839383197 21.4685068080967
0.9980974489977188 0.005725770543262507 -0.06138972109342824 -1.0718073936985169 -0.006008655464570657 0.999972159993816 -0.004424397903772199 -0.2558742924153764 0.06136267891602414 0.004784849944222429 0.9981040661410315 22.647785113420312
0.9980163800774122 0.005573139779824461 -0.06270761684332832 -1.157853942045817 -0.005916445370611182 0.9999685034474579 -0.0052903484978083426 -0.272458082223601 0.06267615791791722 0.0056508606465054435 0.998017919179111 23.8096341241956
0.9979433416706165 0.003976531545361274 -0.06397869967534772 -1.2273526109650412 -0.004380738015910615 0.9999713154421072 -0.0061787885073470395 -0.2851641257263196 0.06395229432722123 0.0064463547723742545 0.9979321362499725 24.96537036498376
0.9979211687446209 0.0038919532527465907 -0.06432879348507495 -1.313587329834093 -0.004187442324458577 0.9999812901210204 -0.004459230278711887 -0.3019325338719602 0.06431023478534587 0.004719333403954321 0.9979187950900998 26.129556562552647
0.9979181743025608 0.005163605348533515 -0.06428572607076745 -1.4014977582654957 -0.0052385800211638515 0.9999857807674091 -0.000997768689093265 -0.3212195799618725 0.06427965989333646 0.0013324574288365288 0.9979310346317515 27.344665496089974
0.9979600980505511 0.005729448663362174 -0.06358314333961486 -1.4817464211057105 -0.005569709361756964 0.9999808729359021 0.002689256398437832 -0.33128656269429435 0.06359733513723402 -0.002329630950359528 0.9979729213676484 28.555434510353876
0.9980519703540653 0.004694951372218711 -0.06221110756109501 -1.554461357597657 -0.004360985078302319 0.9999753492587214 0.0055029704746410975 -0.3398589823995089 0.062235410189958956 -0.005220948813237236 0.998047842246041 29.801254525662337
0.9981685521733186 0.004967792072707742 -0.06028982081695676 -1.6483391462575667 -0.004599938022143128 0.9999699592220572 0.006238687652797167 -0.34987427750718164 0.060319002166902926 -0.005949932382730023 0.9981614179491369 31.07754521359715
0.9982605868923133 0.005697967219618584 -0.05867992695100852 -1.732433112698387 -0.0055157578317259846 0.9999794525118664 0.0032666450081023242 -0.3608590029740476 0.058697334462079996 -0.002937298696311935 0.9982715037520689 32.37582641151634
0.9983142218234824 0.0060706851848351 -0.05772227721043845 -1.8224976058457574 -0.006171053451303332 0.9999797409233223 -0.0015607184966382704 -0.36681422285561416 0.057711633179743066 0.0019142947294535154 0.998331459421878 33.653181132279705
0.998388605177731 0.00506153373442451 -0.05652056198869181 -1.8997324881768625 -0.005323332044305544 0.9999757852071509 -0.004482313608789446 -0.3757068918276683 0.05649650597345225 0.004775968550645024 0.9983913736291977 34.85522977968912
0.9984462487952299 0.0021268667749792113 -0.055682714593063606 -1.9793067854701412 -0.0023233160625204213 0.9999913030945736 -0.0034635152215329347 -0.38284373996878246 0.05567486389031145 0.003587502325803564 0.9984425067863743 36.08045789993207
0.9984476985206236 0.00015195109573179922 -0.055697129456834214 -2.05733540114115 -7.294038763706054e-05 0.9999989882759932 0.001420607859062453 -0.39445733308860387 0.05569728896963188 -0.001414340077168355 0.9984466994504918 37.30971476675395
0.9983862738840444 -0.004077916254666003 -0.05664113980977733 -2.126526666823054 0.00435886032530185 0.9999787996672297 0.004837411782226102 -0.4037848573292618 0.056620212438627464 -0.005076496341596208 0.9983828828301793 38.585416477991515
0.998258230050324 -0.011887317781928194 -0.057785792481740365 -2.1933129473409596 0.01215026050190842 0.999917357675585 0.004201069960341901 -0.40960201546450975 0.057731077475888654 -0.004895865094890856 0.9983201656775479 39.86348155909361
0.9981711717555394 -0.013438195266688012 -0.058938330347445514 -2.262718104723661 0.01348666463870722 0.999908960631852 0.0004246469735873092 -0.4299959498224986 0.05892725815014035 -0.001218751862969427 0.998261535315673 41.12951813858766
0.998095955549957 -0.012749654215715316 -0.06034823802062961 -2.342035145638427 0.012556094889802399 0.9999147406382387 -0.0035855174636103752 -0.4456798286386435 0.06038880687621785 0.0028209522759638575 0.9981709443939571 42.39119699386686
0.9979764724446634 -0.011808407036739637 -0.062478171949564176 -2.422698593324229 0.011563660452269982 0.9999239896215655 -0.0042774684375166796 -0.4571106951298942 0.0625239330484674 0.0035463364961629724 0.9980371642847812 43.58505248632177
0.9979129622639185 -0.011221226485343986 -0.06359090989924776 -2.487115041611207 0.011060699239749729 0.999934693049919 -0.002875859435052348 -0.48000896174664964 0.06361902764093003 0.002166497479110076 0.9979719062231643 44.78006009929696
0.9978716556270741 -0.007966262372091807 -0.06472014802130498 -2.5707919941783475 0.007987947464754284 0.9999680929277471 7.630034671191272e-05 -0.5013626499651591 0.0647174751622848 -0.0005931190956036682 0.9979034505493798 45.976691105487696
0.9977722626387467 -0.008578845426839175 -0.06615825964984796 -2.656142150305546 0.008692359343094683 0.9999612009168125 0.001428128164592086 -0.5117352082896738 0.06614344107925446 -0.002000018036513436 0.9978081203969277 47.16409956712662
0.9977012273675447 -0.007288957880664782 -0.06737308069479657 -2.731188472115652 0.007572176763815615 0.9999635318326935 0.0039493219343536565 -0.52122408085861 0.06734183728078111 -0.0044504042173180505 0.9977200363097618 48.39805036086082
0.9976952585075711 -0.007230969608897336 -0.06746765321267767 -2.8096906798034684 0.007724803463789018 0.9999452294597931 0.007061550257850225 -0.537641748209405 0.06741289611755853 -0.00756644957120128 0.9976964720183844 49.68172969065742
0.9976990409764438 -0.0015703286769628315 -0.06778021615877738 -2.919375927052224 0.002211443673181623 0.9999535170274516 0.0093847376791979 -0.5417568277934025 0.06776232841014693 -0.00951303591254263 0.9976561376527303 50.96633341364127
0.9976841623977876 -0.0020741209053792183 -0.067985366977707 -3.0201632650507775 0.002677943608795981 0.9999577662070133 0.008791724535397194 -0.5468334514312868 0.06796426059813863 -0.008953425308119656 0.9976475807902317 52.33182539555959
0.9976977199154065 -0.0016866169927815633 -0.06779686569980432 -3.1867180280981033 0.0021806906214421134 0.9999715994627955 0.007214212100418447 -0.5666380300059399 0.06778277261967947 -0.007345446952768557 0.9976730627540541 54.701528819836604
0.9977008316668623 0.00037814460907104356 -0.06777099304204437 -3.3112439210374762 -4.199683658013013e-05 0.9999876912482818 0.00496140989983657 -0.5740158560147129 0.06777203499612428 -0.004947156615987672 0.9976885670959165 56.361012074678314
0.9976442036525761 -3.635576678252323e-05 -0.06860059472536974 -3.4060729210351632 0.0003901107906126113 0.9999866968223996 0.005143344417277018 -0.5859100524981271 0.06859949512924443 -0.005157989577530256 0.9976309459973327 57.58874273584846
0.9975562133004672 -0.0023815722171377654 -0.06982785561225845 -3.498295882466171 0.0028363498164814148 0.9999754049070634 0.006414413509490912 -0.5967421077415629 0.06981086180065658 -0.006596794276522441 0.9975384332846153 58.83031444958472
0.9975151845278426 -0.001999430463059386 -0.07042342589087427 -3.6035947889412334 0.0025291436018772093 0.9999691730139796 0.00743346852923367 -0.6024288698082902 0.07040639224548537 -0.0075931086886347815 0.9974894909879597 60.07621211392925
0.9974931517779336 0.00015781922081194123 -0.07076289457913297 -3.711917586972622 0.000113136336265363 0.9999926781140668 0.0038250383556336135 -0.6140329556299832 0.07076298012586352 -0.0038234554196688074 0.9974858303917714 61.426790928477814
0.9974285037243701 0.0008297578822694219 -0.07166373880855464 -3.7981590712125435 -0.0008646155171713541 0.9999995225316062 -0.00045538616940711063 -0.623105232104821 0.07166332673112095 0.0005161767261607666 0.9974287449053276 62.61371236380084
0.9973777590731149 0.001867306596703948 -0.07234721053617661 -3.88974960999356 -0.0019946964628004098 0.9999965848982593 -0.001688602332145492 -0.6378683942872162 0.07234381032481807 0.001828485134950786 0.9973780776364594 63.87846125636678
0.9973552698212905 0.00025383638238407895 -0.07268013020621227 -3.9721010972042152 -0.00012062401197845507 0.9999983049951522 0.0018372415918776106 -0.6500186256600576 0.07268047337179857 -0.0018236156146975214 0.9973536099180381 65.09216334945758
0.9973436039713671 -0.001437345168427707 -0.07282629783444804 -4.060860714732989 0.0018088723062176803 0.9999856839731573 0.005035854417399485 -0.6710049251378586 0.07281801699019774 -0.005154210667041529 0.997331925947433 66.3232790124095
0.9973369898084563 -0.0037368112949770493 -0.0728351906783596 -4.163948563643666 0.004163840000631189 0.999975017504505 0.005711987684717533 -0.6806875595129703 0.07281202645343973 -0.006000050683699413 0.9973276333259483 67.59041413054622
0.9973068005506645 -0.006868249323861628 -0.07302035830248282 -4.251847361654318 0.007218048985281994 0.9999636994981901 0.004527632354214784 -0.6954712676212178 0.07298661071897876 -0.0050425030604019485 0.9973201731734113 68.86967681398104
0.9972657526310961 -0.009816783565005474 -0.07324376689911274 -4.350268079748892 0.010081981936678478 0.9999438877668407 0.003251916044511623 -0.706014309440475 0.07320773367180662 -0.003981466836474357 0.9973087664572436 70.11698667988723
0.9971615520156143 -0.011499395454793317 -0.07440835360351637 -4.443235428736003 0.011865403629044822 0.9999195734266886 0.00447871353243426 -0.7183666574118199 0.0743508666965722 -0.005348886085914078 0.9972177986975109 71.42557563380305
0.9970376786803712 -0.014514211901026211 -0.0755328070744694 -4.537295987177804 0.015208651443985605 0.9998471260441608 0.00862678749503365 -0.7317636279324358 0.07539604905372829 -0.009749984313898792 0.9971059991760995 72.74317257263604
0.9970011348121729 -0.01521914039603857 -0.07587565452004184 -4.672285345379754 0.016303766252616064 0.999773279392789 0.013695875954667489 -0.7406992057775054 0.07565001248657574 -0.014891862804609465 0.9970232234170832 74.331541067399
0.9970027823538841 -0.013208905365603135 -0.07622976320083973 -4.774687288675541 0.014466458650505014 0.9997678403245639 0.015968313212977436 -0.7489785736967433 0.07600114178567796 -0.017023227420119743 0.9969624045948159 75.63126878594082
0.9969186363927302 -0.011628818939270215 -0.07757578863883197 -4.889670791583636 0.012595982873836927 0.9998487828488423 0.011989689367452717 -0.7568263261320048 0.07742463192228295 -0.012929888080092985 0.996914361600803 76.97359418009096
0.9968324876772587 -0.00997912328568088 -0.07890125860603449 -4.9905556507741045 0.010354433461076718 0.99993693395642 0.004349001900613966 -0.7692618239832413 0.0788528833896848 -0.005152204215733983 0.9968729495642129 78.19265085743382
0.9967830164530853 -0.008292147964049826 -0.0797173656917345 -5.086982282999039 0.00827193953092505 0.9999656165423659 -0.0005837374751817516 -0.7771759217068543 0.07971946517058486 -7.75576272387243e-05 0.9968173357530116 79.35087680118517
0.9967234339407157 -0.0032170602503060128 -0.08082107866622436 -5.189630250215002 0.003253510033622296 0.9999946563438769 0.0003193057313535798 -0.7958031054277305 0.08081961956039635 -0.0005812116954008838 0.9967285745312411 80.53035194958753
0.9966685650805471 -0.0006721880890809074 -0.08155562239021677 -5.300489140528271 0.0008832204461154862 0.9999963547765183 0.002551539793059 -0.8103505413451909 0.08155360998708926 -0.002615071097485189 0.9966655256911574 81.70545763211507
0.9965858309959382 0.0018307186034631309 -0.08254289749899597 -5.408578727958894 -0.0014986060266853171 0.9999905322447826 0.00408529078148036 -0.826844066702098 0.08254959502088173 -0.003947643624670025 0.9965791390911729 82.84033219327972
0.9964946278948256 0.0024376088693634198 -0.08362125710459455 -5.500898724946776 -0.0021220122059755907 0.9999902879081424 0.0038627909061158512 -0.8392787300348691 0.08362986094063755 -0.003671805058370877 0.9964901224832413 83.9695139217197
0.9963581756177647 0.00400168572502632 -0.08517260352365062 -5.606056789855375 -0.0036267492721185216 0.9999830430176558 0.004556354558478961 -0.8453747940545411 0.08518939235231131 -0.00423086143752036 0.996355793500566 85.12774743162427
0.9962050921432909 0.004791578455273943 -0.08690486271598241 -5.695677556319602 -0.0043551382810621785 0.9999769391116101 0.0052109514989644385 -0.8658590597690191 0.0869278272955767 -0.004812693723755684 0.9962029867556078 86.25926112250934
0.9960663901294179 0.004616537389390683 -0.08848973972773404 -5.7953513448749785 -0.004132334891122114 0.999975476257432 0.005654263176195505 -0.8776447413198077 0.08851367274549943 -0.005266352271772106 0.9960610399322193 87.3754643491008
0.9959535147512948 0.0045153689283961036 -0.08975638082043219 -5.896438786113438 -0.003922700272009013 0.9999693324875735 0.006778385274476818 -0.8905146256158185 0.08978423512576109 -0.006398869258995363 0.9959406837734317 88.44403676288643
0.9958157736979556 0.007245188654023178 -0.09109584016687673 -5.999887863069928 -0.006406430966120161 0.9999343852660142 0.009496462759947234 -0.9011740609144518 0.09115866660179871 -0.008873128199361478 0.9957968493118172 89.48979708765033
0.9956929799314502 0.008784141912515914 -0.09229479165201565 -6.113043818170139 -0.00755948701608291 0.999878801174116 0.013610184372837971 -0.906062473576078 0.09240315942261877 -0.012853863756462653 0.9956387067180796 90.57065999299284
0.995511489482611 0.011489512758931321 -0.09394075475892187 -6.22225038543816 -0.010103430529013727 0.9998331649255864 0.015217194433498624 -0.9011982996477911 0.0940999202957101 -0.014199768006689454 0.9954614867431582 91.65052756032502
0.9953615051556209 0.01417523389896896 -0.09515532984676471 -6.361363939727395 -0.013172357849438645 0.9998509688068198 0.011159263629217386 -0.9158791830515733 0.0952993339065047 -0.009854081386383851 0.9953998864963812 92.87158201845327
0.9952042622331012 0.014012553960355187 -0.09680973486471858 -6.44974059856165 -0.013697776147518036 0.9998985152227584 0.0039153778785369795 -0.9287718043029929 0.09685477459413933 -0.0025705226758962665 0.995295204977645 93.8903733559852
0.9950830114799893 0.013269690942487262 -0.0981514929392621 -6.555968731652623 -0.013528381785940718 0.9999065455499792 -0.0019705462585579746 -0.9371920541258042 0.09811617170563193 0.0032886879745683602 0.9951695339896807 94.8676267851816
0.9950305164271941 0.01420181122919604 -0.09855242227586976 -6.652331301034927 -0.014583415722288941 0.9998886858120649 -0.003152771937321057 -0.9456820397657243 0.09849667692111265 0.00457433523345677 0.995126866330455 95.74680568879351
0.994862737270565 0.017099881926768267 -0.0997783945982741 -6.739699022517955 -0.017144416771019643 0.9998529391432729 0.0004111692308425563 -0.9620943870659525 0.09977075204738108 0.0013015854352580471 0.9950095994065865 96.63365473709365
0.9947471682103294 0.017464433104855685 -0.10086161268716375 -6.837183224710961 -0.017260847689304856 0.9998468412434016 0.0028908809445720067 -0.9910846698138939 0.10089665244484665 -0.0011347386989561687 0.9948962648907222 97.55145322888248
0.9947238582591625 0.014310097493741526 -0.10158576140249063 -6.9300525528383625 -0.014429556887722975 0.9998957911916032 -0.0004411862860320237 -1.0018696097330426 0.10156886185257874 0.0019046960477919004 0.9948266876370669 98.41183600868762
0.9948157097330823 0.006100478775171775 -0.10151102317963308 -7.009453714064188 -0.0066839510583466405 0.999963034507471 -0.005408735236416269 -1.0238310943233713 0.10147427490015379 0.006059189493788396 0.9948197111819647 99.23824457750884
0.9949461717934451 0.0020697260137966644 -0.10038840305431314 -7.076331461412772 -0.0031055482903800365 0.9999435332200368 -0.01016296911549722 -1.0376280682273724 0.10036169988289124 0.010423368248997526 0.9948964180209732 99.93385528093059
0.9952626191374168 0.0046725482071868175 -0.0971106906626669 -7.147221242594512 -0.005704201519940538 0.9999301821776648 -0.010348567782959991 -1.0501967427466712 0.09705555642387816 0.010853481625269576 0.995219785225285 100.62408673079995
0.995615209493184 0.009543375447650559 -0.09305524494034495 -7.228357400012231 -0.010295731773369139 0.9999180523558994 -0.00760831650447278 -1.057057136214197 0.09297501026132417 0.008533027472501268 0.9956318772061594 101.32173514046801
0.9960605573908785 0.00788883068172409 -0.08832401916039825 -7.290800504094412 -0.00831128774120012 0.9999557084512691 -0.00441629163440313 -1.0741032304333253 0.08828526777585456 0.005132980244664786 0.9960820066679018 102.02245031228459
0.9965472361418962 0.004246327166016403 -0.08291908612343676 -7.325714185909735 -0.0042562474681042154 0.9999909405058715 5.7128533269648965e-05 -1.0950366867768568 0.08291857750490565 0.0002959928684348667 0.9965562813473131 102.7007259691314
0.9971889574412082 -0.000280770739333463 -0.07492732695824086 -7.360536731199405 0.0005578109129824723 0.999993085888617 0.003676550277469071 -1.116303764156474 0.07492577663461703 -0.0037080106188283114 0.9971822193826716 103.44246679670773
0.997905218442835 0.0034916659863686137 -0.06459863213099479 -7.39517140671492 -0.0032680440939049913 0.9999882979348795 0.0035670549616984956 -1.127773382777701 0.06461033115807611 -0.003348471582542112 0.9979049518093919 104.11361563609312
0.9987509723898994 0.008575231109594612 -0.04922357729427066 -7.442486873025983 -0.008426431736423759 0.9999592814675397 0.003229652475127759 -1.1404386159206643 0.04924926799881858 -0.0028108394361233617 0.9987825633155822 104.77877816460332
0.9994213377956057 0.013657431466930256 -0.03115227318456471 -7.463400850231175 -0.01355125202826615 0.9999016356183117 0.0036169954780253324 -1.1409714803215198 0.031198607778331923 -0.0031927501542721288 0.9995081056295372 105.41533200267853
0.9998824502797793 0.01214173798782072 -0.009362895980279198 -7.445604925184007 -0.012103821786190606 0.9999183579874749 0.004095712123209953 -1.1463004918700306 0.009411860638081653 -0.0039819038490486675 0.9999477792970319 106.05219640999843
0.9998262003640593 0.008637122984447361 0.016521778721350806 -7.406058917101222 -0.008724226605515572 0.9999483848364035 0.005207257742775354 -1.1590820725033373 -0.016475950221503444 -0.005350492464767494 0.999849946389298 106.6724654572152
0.9989146005973348 0.007606405169887605 0.045953925989579834 -7.3545509944197756 -0.007923270460173397 0.9999460499217651 0.006717070125415846 -1.1663681619540696 -0.04590035401474942 -0.007073884805837146 0.9989209766818763 107.28815744398493
0.9968874843263471 0.007382649065785334 0.07849101914395294 -7.268873896707442 -0.008032879059076469 0.9999359610411788 0.007971616565758042 -1.1706510006052744 -0.07842714101321875 -0.00857731364826085 0.9968829486168732 107.90738632571531
0.9932324502975327 0.0073579952435017274 0.11591013580336129 -7.159668197372044 -0.00840610369299986 0.9999280619365286 0.00855618913741361 -1.178770538940027 -0.11583884105368002 -0.009472637322796249 0.9932228511494741 108.52163863714165
0.9875618663707673 0.00745352537890322 0.15705414687205962 -7.020877515401419 -0.008908520386956323 0.9999236589682413 0.008562388689748231 -1.1841909297692725 -0.15697833721504315 -0.009855008624306523 0.9875528747617589 109.1337843216933
0.9794114165519168 0.007015499486759912 0.20175247184289055 -6.854302487288132 -0.008941997041474224 0.9999227013168593 0.00863898605742032 -1.192940044815601 -0.20167626984024561 -0.010265191578400333 0.9793984419148227 109.72428320719716
0.967828162789799 0.009148359377754633 0.2514457293962551 -6.676361507731235 -0.01120986879944642 0.999914266414094 0.0067674709499517365 -1.2059958277568266 -0.25136226079588553 -0.009368422612939109 0.9678477393192204 110.3014260612664
0.9523703101396472 0.009995240760289051 0.30478006418834597 -6.4647154675562675 -0.011816186490227603 0.9999216548308923 0.004130609770204279 -1.2193320267650647 -0.3047148997035374 -0.007535208184869025 0.9524138021554879 110.84106134336608
0.9327040753296664 0.010375700744011954 0.3604933462596764 -6.215340849671019 -0.011827767948151078 0.9999283893911872 0.0018220853181891842 -1.2238685342213167 -0.3604486256996873 -0.00596329804828603 0.9327600052036926 111.35223154998529
0.9087777267263699 0.010895928491269684 0.41713825303891866 -5.929998406028259 -0.01196106576881043 0.9999284620693801 -6.040889395830676e-05 -1.2294559680197026 -0.41710907004250397 -0.004934519821960372 0.9088430415657057 111.83785923434147
0.8797696501114907 0.010861551083926946 0.4752761191673242 -5.625161612784582 -0.011404370576785568 0.9999334518489489 -0.0017413228275814053 -1.240663092891454 -0.47526340388720145 -0.0038882620145279864 0.8798349722215275 112.30268993229059
0.8464060967067466 0.00923082695621485 0.53245799016575 -5.273517051000458 -0.008596084788180924 0.999956314644641 -0.0036709846933316212 -1.253116889727112 -0.5324686157737004 -0.0014699102042559013 0.8464484701268173 112.75364471881997
0.8096372889745008 0.009011484971084465 0.5868613579378287 -4.907317338639914 -0.007584793468119596 0.9999592749555555 -0.004890740066938863 -1.2632187556328514 -0.5868815308135561 -0.0004914966655030135 0.8096726667122729 113.16178352043637
0.7702625025100865 0.0074484323447591835 0.6376834622934013 -4.518016322704099 -0.00651915758008957 0.9999715086544418 -0.003805583240751292 -1.2769075249931545 -0.6376936394628232 -0.0012258609063759193 0.7702891141991399 113.52889332114337
0.727697888539459 0.00722977954373545 0.6858596892243759 -4.102656817991964 -0.007931060599583342 0.999966288688243 -0.0021259738531112507 -1.2795989953287152 -0.6858519383168464 -0.0038925280740504486 0.7277306967087592 113.88741639539164
0.6824755615677695 0.006021454398761086 0.7308836090306562 -3.649701982986097 -0.007504094319197964 0.9999710858461464 -0.0012312758116844436 -1.2957836898581512 -0.7308698902206898 -0.004644303887497335 0.6825010139261306 114.23070740061677
0.6357251045552147 0.004846577929772748 0.7719003187722026 -3.2066427933133532 -0.00423483438020318 0.9999871383418456 -0.002790936877767308 -1.3007420805081196 -0.7719039173472508 -0.0014946013696003901 0.6357374525310857 114.52461284059734
0.5887286822183087 0.0022238976694392313 0.8083276520153481 -2.711269669712676 0.0005762492398656092 0.9999948065949333 -0.003170917843858047 -1.3196639187054602 -0.80833050583923 0.0023326084786735764 0.5887243431924485 114.80492877137668
0.5418476186627056 0.004271702429361793 0.8404658890805183 -2.227810269407183 -0.001895731933190831 0.9999907520322617 -0.0038603173945926496 -1.3383127954033762 -0.8404746066062861 0.0004984057628548495 0.5418507056761155 115.05923183023694
0.4943263271314884 0.007053608998490572 0.8692477948805997 -1.7079075663506205 -0.006023830494816805 0.9999708642288613 -0.004688726858321592 -1.3551364330507663 -0.8692555411217474 -0.0029184402475573405 0.4943544142977386 115.31163756931232
0.44879196781878955 0.009247772992087053 0.8935884110237896 -1.1699402040344813 -0.006725014500621096 0.9999530885546215 -0.006971002082731749 -1.3647182190858231 -0.8936109577446467 -0.0028808652793438803 0.44883310574637664 115.53228703074275
0.40626048058622966 0.0067750210712902515 0.9137321932619671 -0.65366492638633 0.0007142938918583549 0.99996985228128 -0.007732031608113917 -1.367662234714625 -0.9137570309978915 0.003793892201461707 0.40624339340336674 115.70459844321353
0.3666694674023989 -0.0008781436822749974 0.9303508642111908 -0.09283790423303062 0.015871583427580174 0.9998599303326973 -0.005311549170685919 -1.3723609606019556 -0.9302158859718223 0.016713724263746343 0.36663204566280577 115.84658118968227
0.33149986666893544 -0.004473372644077194 0.9434446604521437 0.4628743678152706 0.0205272214893727 0.9997862379317086 -0.002472169145575859 -1.3712794339553314 -0.9432319288363831 0.020185821250208673 0.3315208304828687 115.9860130777388
0.2984128747863328 -0.00015448041970105193 0.9544368665855024 1.0406176198520338 0.017870684726714076 0.9998255855570548 -0.005425596085936512 -1.3755571210379607 -0.9542695608627336 0.018675508059734957 0.29836358794188733 116.13951026532932
0.26775127626920187 0.007392331559582826 0.9634597072479589 1.5987281982761403 0.006814106441813583 0.9999310288912389 -0.009565846220014468 -1.3979607847685809 -0.9634639702706134 0.009126384531588556 0.2676824370327061 116.28293760643741
0.23912806161214864 0.011866949357655497 0.9709155193231571 2.414595392424863 0.0021467598299943795 0.999916409194118 -0.012750139080405471 -1.4287421395952709 -0.9709856649672277 0.005133238478782731 0.23908259721458483 116.47444444868526
0.21348107727629637 0.013440108298484502 0.976854745156041 3.0654240946285047 0.003449513396730527 0.9998887614656632 -0.014510877023267676 -1.452534540180948 -0.976941109024632 0.006467471189225841 0.2134109681205232 116.58562429921994
0.1901622747981174 0.0148764192130348 0.9816399550726326 3.7702362289950138 0.011097102506527599 0.9997887394786893 -0.017301177057340602 -1.464022229599671 -0.9816899528667722 0.014183390391852303 0.18995701586787359 116.67803014831942
0.17004854464470362 0.02118847187768599 0.985207866961944 4.459865461525949 0.01802014442620025 0.9995347791576794 -0.02460690246787928 -1.4625481197606642 -0.9852709103891566 0.021937956005359038 0.16958761519412296 116.75492090503948
0.15044461469141152 0.02772135392979374 0.9882297022689859 4.972528793476393 0.020368225971349962 0.9993076994454759 -0.031132895781890463 -1.4654913312822402 -0.9884085963209414 0.024812262397548118 0.1497758270001623 116.81675302329444
0.13300036483767985 0.028526096929753417 0.9907053874623853 5.5516823892676985 0.017817740418451914 0.9993553603351795 -0.031167160533489193 -1.4812976233343462 -0.9909558169158835 0.021797375146874125 0.13240635693682443 116.88143053237343
0.1175550795413256 0.024055158363803314 0.9927749758279174 6.185154247515217 0.01595362526062784 0.99953181862758 -0.02610795648996174 -1.5112872192359916 -0.9929382081051559 0.01890748283432598 0.11711627546073029 116.9505326272395
0.10288951198440345 0.020758851488091413 0.9944761527600868 6.826017151383892 0.016386941613136006 0.9996111489608409 -0.02256144981490527 -1.5373053207729814 -0.994557799460736 0.018617759212051995 0.10250932920345905 117.01193581658995
0.08959598823141104 0.018399314617733864 0.9958082265749922 7.459313071065904 0.018516691415629744 0.9996257697121086 -0.02013585524600265 -1.5582037931613495 -0.9958060509114504 0.020243165490284903 0.08922176426790596 117.05766105867463
0.07796757580734458 0.01762021085201281 0.9968001732003527 8.120962345566053 0.022028918657743368 0.9995692416148313 -0.019392213909619527 -1.575660784452288 -0.9967124880653899 0.02347039384152522 0.07754583642870329 117.09452477721958
0.06779456618924014 0.01823313642406495 0.9975326809339887 8.788141678079912 0.025137366345804754 0.99948437917396 -0.01997720201718281 -1.5915410590327677 -0.9973825793588005 0.026429690186979816 0.06730127686909608 117.12923327753236
0.05988886215476818 0.018792702774742674 0.9980281351305804 9.453177321001023 0.027104787799244082 0.999423490656941 -0.020445459188974502 -1.6081706265940965 -0.9978369880236797 0.02827579610744858 0.05934496344530729 117.16592098461138
0.05431875490741853 0.01914596488776196 0.9983400747710277 10.206229193775416 0.028760273600922284 0.9993713476254047 -0.02073056216742837 -1.6285968313278447 -0.9981093725277366 0.029838592022645015 0.053733964104635365 117.20044658208653
0.048862366580307216 0.020220509180811592 0.9986008212196887 10.982693992558596 0.029898221273431256 0.9993174143970653 -0.021697964131316513 -1.6483606948958467 -0.9983579345589738 0.03091660219408667 0.04822445657460492 117.2336536484809
0.04280183211830524 0.021028291721075145 0.9988622598309571 11.85617444242143 0.030116323873903575 0.9992969878229335 -0.022327945815255608 -1.669933802054002 -0.9986295660572254 0.031037736310819054 0.04213844706513855 117.27514481986992
0.03839604055522794 0.020941067987129493 0.999043150089743 12.71665580276435 0.03259248271235125 0.999222199334512 -0.022197441918845807 -1.6951743431180344 -0.9987309318031209 0.03341359047833069 0.03768365469298335 117.30357273026956
0.03538283120283309 0.020940573860851363 0.9991544163053313 13.576752296519995 0.034058841298267306 0.9991744096022931 -0.02214711099271524 -1.7177124202489276 -0.9987932972269564 0.03481366918729136 0.034640407795327 117.33275261046768
0.0324353199376925 0.020346432933321723 0.9992667174920953 14.407913628678754 0.03513347329535568 0.9991516679941346 -0.02148449205213523 -1.7413034145179984 -0.9988561403299016 0.03580456690735553 0.03169296315955029 117.35788491510661
0.02990389852583914 0.019910733730780485 0.9993544514011311 15.279177378437337 0.03694821725618557 0.9990962710094564 -0.021011199313307624 -1.7603172670423077 -0.9988696542064682 0.03755268215847579 0.02914120739019614 117.38260300596497
0.029301576986595794 0.019477913247284637 0.9993808225504565 16.15456882796237 0.04161487175894908 0.998919498903681 -0.020689058908032965 -1.78279360960252 -0.9987039701706348 0.04219532682116358 0.02845934573862022 117.39866636186365
0.0304992740487357 0.01913093277703094 0.999351690694311 17.126848287948008 0.04518130025700733 0.998768469213735 -0.020498658774005776 -1.810249215079256 -0.9985131167839457 0.04577720301118667 0.029597352835790323 117.41849094934003
0.032958683994337115 0.019015006331718147 0.9992758151199115 18.07780902346359 0.046957999939339544 0.9986854050349292 -0.020552567039443154 -1.8342027037580986 -0.9983529793570317 0.04760137922810839 0.03202245000813149 117.44954669145537
0.03653447847258998 0.019179455663304024 0.9991483275085801 19.020423122580855 0.04893373657266257 0.9985821231716937 -0.020957879352265358 -1.8549451197322318 -0.998133618964804 0.04965774624734641 0.03554415465109434 117.48914185182076
0.040980757609023415 0.01872982847860426 0.9989843697630859 19.976026892627786 0.0496295036478714 0.9985519678965398 -0.020757643835656796 -1.8761249809392013 -0.9979265954334814 0.05042976239388575 0.039991864065578635 117.52765119808241
0.04485946071825005 0.017383138287459115 0.9988420572279405 20.99981903041766 0.050828995806657735 0.9985138399167462 -0.019660230924252963 -1.8976518126085644 -0.9976993745459387 0.051652086095209486 0.04390922491525463 117.57859851831435
0.048788575959848306 0.015816609763296276 0.9986838887813316 22.02512264829532 0.05061946125198231 0.9985505700681591 -0.018287404384100005 -1.921293709335542 -0.9975256111992173 0.051445056829046466 0.04791723207246948 117.63387777855012
0.05275627413227923 0.013723165961858784 0.9985131197213487 23.054417266495175 0.04766533364754161 0.998731260367441 -0.016244553952748698 -1.9472593698601652 -0.9974691932626053 0.0484514631444532 0.052035220872149054 117.70265781375616
0.05697008122458633 0.012673705401142944 0.9982954407572271 24.050261930492358 0.04734240300616423 0.9987602876074377 -0.015381312554612501 -1.9649860740808927 -0.9972527797518892 0.04813797970112165 0.05629945104020483 117.76271622007698
0.06105596143494514 0.013724492294863798 0.9980399831091439 25.0508367570736 0.04450796035406357 0.9988734406654043 -0.01645876661144914 -1.9880723980313406 -0.9971415200654214 0.04542562981948712 0.06037632911271871 117.83111845861679
0.06412108449534831 0.017740831430366186 0.9977844203149782 27.33166148806898 0.04174068135308342 0.9989193072890522 -0.02044341080476514 -2.082523333313681 -0.9970688050698031 0.042959055219023705 0.06331127491504272 117.98362055685794
0.06516730518083175 0.02292641507355768 0.9976109471268548 31.01954281375186 0.03514607724932293 0.9990630138392672 -0.025255645554515354 -2.2367779397128116 -0.9972552208885439 0.03670795377388067 0.06430047076252005 118.29593338584192
0.06545664479154922 0.025978402119841478 0.9975171929725972 32.04763766155639 0.033062941573582985 0.9990556921422099 -0.02818804520967391 -2.2652278229643827 -0.9973075100224306 0.03482594753255515 0.06453591117606491 118.36051921338607
0.0658093097220416 0.02548492208245299 0.9975067185239188 33.01695510983762 0.030659988673131824 0.9991501293876518 -0.027549664956094764 -2.2996376254516164 -0.9973610679430379 0.03239656912515035 0.06497201290130655 118.42175634246733
0.06570175690883612 0.02374811792024764 0.9975566680817359 34.01505309763546 0.027715252584913794 0.9992876215428261 -0.025614726339091676 -2.339458793545431 -0.9974543317431892 0.029330467546867724 0.06499676730604009 118.49617221694847
0.06558609364687329 0.022766322438559132 0.9975871685636115 34.99853175335348 0.028859246736347384 0.9992782106838978 -0.024702257592960384 -2.3742040264539654 -0.9974295003647924 0.030409738818372653 0.06488173538866078 118.5646437900143
0.06578419424410085 0.022141944210799524 0.9975881786058898 35.993642137206045 0.026515467871665102 0.9993619430522097 -0.023929829553281077 -2.4103257623948138 -0.9974815134884487 0.02802572185453884 0.06515511617157127 118.64752395914405
0.0657645068122359 0.022592653597281177 0.9975793711014542 36.98849240472956 0.0251813775298158 0.9993876705286284 -0.02429366627438966 -2.443986452837646 -0.9975173822392522 0.026718083740859287 0.06515532312691139 118.73122497950955
0.06574564621126594 0.023115757344397723 0.9975686301035405 38.002499431039006 0.022262836339385583 0.9994487970055063 -0.024626576748723882 -2.482214853663845 -0.9975880292597716 0.0238277973516175 0.06519478469158041 118.8136646247855
0.06429848872778851 0.02460531186176612 0.9976273266984541 39.042849531904 0.01975918919877211 0.9994686131155714 -0.025924232660425574 -2.5193455637134843 -0.9977350744508964 0.021379196079594126 0.06377814034181888 118.89871434540943
0.06172247393041318 0.02430660068071749 0.9977973368250961 40.08771384862246 0.017321433074612994 0.9995267784161802 -0.0254202121392147 -2.5549972871985576 -0.9979430365347302 0.018852278172912393 0.06127224036658045 118.97092780631606
0.05767683933716376 0.02315614700058009 0.9980667187418681 41.14401793366214 0.015022820221061738 0.9995976391872236 -0.024059813048380185 -2.5927170968672466 -0.9982222683734759 0.01638147085595899 0.05730576180380773 119.04738880653042
0.053011922541921275 0.020780426829354878 0.9983776389368886 42.19940783299639 0.013727869258391916 0.9996738128711419 -0.021536328964943702 -2.6281134127907078 -0.9984995151095675 0.014847279900755898 0.05270935975246529 119.1072871153891
0.04664405842619445 0.01861461848731654 0.9987381177226103 43.257785641273884 0.011278539318242102 0.9997528087126624 -0.019160271970367106 -2.669914159367251 -0.9988478995144296 0.012158019974610414 0.04642258271484226 119.1687562148478
0.039068007254579935 0.018918785577131735 0.9990574409719594 44.323436280012395 0.011249160280924481 0.9997490637916876 -0.01937177948992986 -2.700888461106002 -0.9991732318282645 0.011995374104992056 0.038845383225695564 119.22727175551775
