0.9999798526930299 0.0005911438110282512 -0.0063201864704323235 -0.006265850611937719 -0.0005894492957213536 0.9999997898325791 0.00026997097184598 -0.0011276466784036724 0.006320344733804231 -0.0002662401031941278 0.9999799909791461 0.06781423691042375
0.9999109665322464 0.001123114773904886 -0.013296526680073905 -0.012027261258713333 -0.001119528165230099 0.9999993349136233 0.00027718044493971867 -0.002214696905348771 0.01329682914218794 -0.0002622699304854511 0.9999115588637061 0.13683738000192025
0.9997778348025972 0.001376961533909297 -0.02103295068138735 -0.01717168113231292 -0.0013848128131201327 0.9999989768046448 -0.0003587243185069034 -0.0032296378296576196 0.021032435210982078 0.00038777132204916227 0.9997787186685348 0.209163158231421
0.9995544704014867 0.0019558740737246733 -0.02978313712508975 -0.029675853502164326 -0.002006030050237471 0.9999966196396021 -0.001654252945281717 -0.004341824280070608 0.029779800936905444 0.0017132617946944086 0.9995550150893051 0.2931546354048223
0.9991517277113883 0.002144198876114231 -0.04112453552963932 -0.0411402533302393 -0.002278432019001904 0.999992228277819 -0.0032174728433545315 -0.005053389616340079 0.041117317019519754 0.0033084430088194247 0.9991488479931174 0.3739800373546952
0.9985161546103956 0.0018951525030463968 -0.054423316501844336 -0.05620315766391639 -0.002113295545999779 0.9999899617589891 -0.003950995215272491 -0.006448971296839134 0.05441528244900497 0.00406014510159982 0.9985101362819252 0.4646450736545041
0.9975132735029293 0.00178671842655861 -0.07045620499810765 -0.0737837681698835 -0.0020795907492306164 0.9999894994261163 -0.004083667447449065 -0.006150545938057628 0.0704481688036452 0.00422003255554222 0.9975065146842117 0.5650231107679426
0.9960447798509113 0.00039103375601242415 -0.08885180709671299 -0.09427244589725715 -0.0007695594338989538 0.9999907744145694 -0.004225974920399157 -0.006486568231848866 0.08884933488793001 0.004277637005614687 0.9960358916784176 0.6720721018538496
0.9940877209335564 -0.0007790533194402148 -0.10857714384276763 -0.11724014617097309 0.0003017726612276648 0.9999902209435698 -0.004412136726394567 -0.008431831280502266 0.10857951935051342 0.004353285329143257 0.9940782347906297 0.7868084777975268
0.9914411590619944 -0.0012211103987995607 -0.13054860017327838 -0.1465325606407186 0.0006107851851835814 0.9999886977085551 -0.004715018197838604 -0.011253964710483767 0.1305528822327034 0.004594925956131595 0.9914306993412054 0.9068690456032427
0.9880350770545281 0.002152766103618151 -0.15421430578242448 -0.1839177623385129 -0.003149541437342262 0.9999756984962489 -0.00621955027908451 -0.013207230884325788 0.15419716890587343 0.006630838185532829 0.9880178465424451 1.0204854194185722
0.9838485006973038 0.006471465724234855 -0.1788861308403946 -0.22527338516405127 -0.007988698444404843 0.9999379601706161 -0.0077625064890341645 -0.016751325930149184 0.1788247979806802 0.009066197726059884 0.9838391614923452 1.1307029961537347
0.978661181928692 0.009535512887523124 -0.2052592628358233 -0.2732801859111426 -0.011547232855374906 0.9998963002824254 -0.008605236481499462 -0.022377836035219742 0.20515592216486803 0.010791787409448974 0.978669803828233 1.2487011982946905
0.9722241780149966 0.010055767128537969 -0.23383547470501315 -0.3236491973599858 -0.012479784503804096 0.9998826135159036 -0.00888899135706746 -0.023676361417968108 0.23371863995368622 0.011560308649171578 0.9722355458437707 1.368278171514388
0.9644319507003014 0.012195343096960246 -0.2640497795400655 -0.380972038332565 -0.014903973664490299 0.9998548350789437 -0.00825713862472838 -0.028586942705482787 0.26391075013613596 0.011898839271429817 0.96447370808466 1.4958377263723648
0.9552614279137486 0.013854147620367218 -0.2954380932342642 -0.4439363652292527 -0.01676199204749104 0.9998327709011843 -0.007312034919307887 -0.02946211892930661 0.2952873853769996 0.011937035887292509 0.9553339035182621 1.6242917969885617
0.9443722973000649 0.01583852141732183 -0.32849673564817794 -0.5094643135231272 -0.018918985829395798 0.9998018999839574 -0.006183264805708991 -0.03161360337406189 0.32833372666752225 0.012054129076114107 0.9444848658950722 1.7477256041153737
0.9323637120342555 0.018080252746652585 -0.361069263358596 -0.5813342328334221 -0.0216234056626686 0.9997495077981408 -0.005774944581949187 -0.03321046925103316 0.3608744058661543 0.013191895921143445 0.9325211188347186 1.8683246903369313
0.919067038080102 0.021145399955550752 -0.39353354567988974 -0.663770299564204 -0.025210665574847593 0.9996688269873287 -0.005163205501716971 -0.03314277153758775 0.3932940399445935 0.01466657460008292 0.9192957574869798 1.992636262050042
0.9035224681159624 0.021506692784486046 -0.4280007146899541 -0.7486906189249447 -0.02603483338584144 0.9996498520368094 -0.004728717940160151 -0.031901325967067684 0.42774915202745784 0.015415430200292722 0.9037660247273791 2.1200577353920766
0.8858286908395162 0.017512888494140576 -0.4636818189471513 -0.8351961595266353 -0.02254072518515742 0.9997318595838547 -0.005303267024784324 -0.03257224772482289 0.46346461158720015 0.015149510539979852 0.8859859175724655 2.242020814939078
0.865369875302393 0.013070847606607434 -0.5009632040998259 -0.9279744240933212 -0.01830080988909555 0.9998172530691103 -0.00552637519020149 -0.03580350254662485 0.5007994202038598 0.013950390968883024 0.8654509387107348 2.363758876498186
0.8409835115191847 0.014754347813614779 -0.5408595405218013 -1.027792475850978 -0.019061684821057655 0.9998155133127439 -0.0023646375955429103 -0.03903027863335313 0.5407248704513616 0.012298315322459645 0.8411096039848708 2.479949770676287
0.8130189755951732 0.02072957678107744 -0.5818680520261023 -1.1505509080604075 -0.02441309832088588 0.9997008247267519 0.0015038853108996168 -0.04240780232120589 0.5817251463986648 0.012982514669016397 0.8132818136171002 2.59557868798408
0.7813209317995637 0.023972435242596252 -0.6236689216887429 -1.2784790156918457 -0.02775353901067099 0.9996081194530732 0.0036535730285140434 -0.047440809591567934 0.62351210301344 0.014454406664796231 0.7816800672421711 2.7069425606465463
0.7471903898129146 0.023331411164996808 -0.6642003964348964 -1.4146943926071764 -0.027337690650627335 0.9996167464640673 0.0043601443192173624 -0.047847012269070746 0.6640475676042444 0.01489984703424553 0.7475418533548751 2.8108345442105427
0.7082629803790572 0.01903733292040844 -0.7056919516190132 -1.5561618125871703 -0.021413088743299166 0.9997556994937663 0.005479138636925776 -0.04731717854230408 0.7056238589043352 0.011230373324551941 0.7084975994736644 2.9254901885043405
0.6670593807151565 0.015628092175271002 -0.744840617404067 -1.704190479503594 -0.016332646429189687 0.9998464398309422 0.00635148943244083 -0.048964592625744714 0.7448255012152373 0.007928397842738254 0.6672121950677437 3.0268482151842666
0.6232658951248862 0.015171724880131326 -0.7818628030149116 -1.8639159372814482 -0.014061733957127356 0.9998675654170289 0.008192634810828553 -0.047421571185355525 0.7818835537420465 0.005888156858168217 0.6233966939249201 3.12589093926511
0.5768291141769549 0.01588084187048249 -0.8167104578118937 -2.039083205301178 -0.011754125251177552 0.99986885528164 0.011140591427907263 -0.04738093369774823 0.8167802725197323 0.003173499530301411 0.5769401314896737 3.2137163178578563
0.5271834818744648 0.016819645914053355 -0.8495850021922705 -2.2216094589602164 -0.009758053580501351 0.9998579915713895 0.013739617212586397 -0.05159801192602252 0.8496954494576483 0.0010469967308297857 0.5272727443826484 3.298879291365998
0.47608815425379925 0.01831787876289896 -0.8792067587870541 -2.419257771549666 -0.009094300864235799 0.9998321241590609 0.01590651411757065 -0.04781044719930116 0.8793505348102089 0.0004228678394337992 0.47617481885520657 3.3710303610761856
0.423231582901571 0.020430424330990786 -0.9057911597030991 -2.630020475282433 -0.007923120069810663 0.9997909565475948 0.018848537715338988 -0.045985656994674086 0.905986893615459 -0.0008006043361412356 0.42330498181536536 3.436322306065377
0.3694728344454815 0.022517315388797154 -0.9289686728380576 -2.8567103572602277 -0.007654226692001372 0.9997461952219425 0.021188627916850177 -0.0449185522617373 0.9292100071676845 -0.0007180856027787784 0.3695514131112173 3.493592455566318
0.3160796780769301 0.025591608648325038 -0.9483874243544007 -3.0871193075918164 -0.00580103412654553 0.9996695673261666 0.02504204793898709 -0.04264273174559818 0.948714912452548 -0.0024136546370763304 0.3161236928188803 3.541093794557831
0.2639373265980387 0.027342905824334206 -0.964152193965953 -3.347654185203556 -0.001451430492571161 0.999608238147933 0.027951092578131536 -0.03987099399744874 0.9645387400088212 -0.005977936756765447 0.2638736123494095 3.5851283919889654
0.21427649037810895 0.027798705295740245 -0.9763773950963427 -3.618533565367092 0.0012543394012436556 0.9995862842296533 0.028734770098638975 -0.03780463639457092 0.9767722417758941 -0.007381894325711894 0.21415297180346834 3.6197155831447647
0.16806513104212228 0.028977164981738593 -0.9853499051795834 -3.9154178257206214 -0.0012479659968377414 0.9995733185088826 0.02918258909025459 -0.03423781288273945 0.9857751033114317 -0.0036748924829526517 0.16802958327798617 3.636228486686928
0.12667554838386022 0.029500726952409215 -0.9915054273935803 -4.206785502382381 -0.0035967496419572194 0.9995647486097636 0.029280996033486634 -0.030567306745464207 0.991937683946759 -0.00014298943879303798 0.12672651940442056 3.6446119195899183
0.08958418678719934 0.027992961074712094 -0.9955857911842376 -4.5153371001890115 -0.004894254671949673 0.9996052529323997 0.027665584778918745 -0.02258539484101469 0.9959672282504484 0.002394251495416344 0.08968582837268314 3.648090124970089
0.055879820313191636 0.025280727495396938 -0.9981173931452489 -4.835674380964954 -0.0037377356687878873 0.9996776818327243 0.025110989180449916 -0.016350458018685197 0.9984305058509753 0.0023275014187040164 0.05595630190881287 3.644075478116891
0.02504567509721177 0.022694743108847157 -0.9994286681870532 -5.223757664267017 -0.0033011437386714555 0.9997387062241828 0.02261905672688406 -0.014147300683220483 0.9996808573784638 0.0027327481444449613 0.025114049427312077 3.6353898117349637
-0.0008558499353859307 0.020880872298237922 -0.999781604498178 -5.655326901023368 -0.004234069897359058 0.9997729332249511 0.020884315714959863 -0.010286794276380786 0.9999906700429716 0.00425101903579175 -0.0007672445274727752 3.6109793244011392
-0.021263349075112976 0.018696759301333594 -0.9995990702165225 -6.116908844933672 -0.004379516281625308 0.9998137865666822 0.01879393594573404 -0.004954975183012219 0.999764317138418 0.004777382423618554 -0.02117750679210427 3.5776311990196414
-0.03725731732985122 0.017832468666443127 -0.9991465835234797 -6.5265297249267125 -0.003763228921786486 0.9998311744277142 0.017985014611635305 0.002660597745782876 0.9992986192392459 0.004430090716785641 -0.037183919680098834 3.5493786197929893
-0.05006542460220088 0.018195296860678042 -0.9985801842774329 -6.883421210993366 -0.003077394738328313 0.999826479136905 0.01837229594594536 0.00832285856494228 0.9987411991607356 0.003992842202343544 -0.05000074309569138 3.522443758254538
-0.05943296578461084 0.01928691703113642 -0.9980459595677337 -7.241162031186663 -0.004116329010534905 0.9998000949374263 0.019565939757399158 0.009539135150021978 0.9982238117844721 0.005271147365358837 -0.059341693537767755 3.4914436891022125
-0.06613836282388541 0.020762691660336785 -0.9975944203923721 -7.604387389507036 -0.005680031936528315 0.9997594518564875 0.021184325828683907 0.008486738570456533 0.9977942945317809 0.007067464795365821 -0.06600452061177427 3.4593753613661735
-0.07045837022410069 0.021755560398136465 -0.9972774506911932 -7.968218463193203 -0.005579929461449716 0.9997379010045627 0.022203461040936394 0.013283643203833018 0.9974991140109183 0.00712915750662779 -0.070318508663629 3.424700681791165
-0.07188742714546936 0.02250576607338975 -0.9971588079698507 -8.343394428735241 -0.003249223103654238 0.9997348082909037 0.022798149941876723 0.017375813523529543 0.9974074595508226 0.004878891779864161 -0.07179523694071113 3.3959335051964374
-0.07086787502574511 0.024535807298891734 -0.9971839040264968 -8.730924638899898 -0.00134812542290773 0.9996941629768008 0.02469338105557424 0.02368021984803856 0.9974848003088462 0.003094296414939632 -0.0708131236602157 3.3637602937180353
-0.06934108528735464 0.027027603027869485 -0.9972268160081428 -9.128424471528792 -0.0022488362699786854 0.9996261474316819 0.0272490019326056 0.025853914505190284 0.9975904754089233 0.004132075200235433 -0.06925438129055045 3.3328706522268985
-0.06758488259353729 0.02705511816537778 -0.9973466319318846 -9.542545899728076 -0.004400443056204466 0.9996144572130552 0.027414832327719487 0.029432203768179267 0.9977038236599707 0.006241595285300817 -0.06743977122268134 3.2952771671391474
-0.0660004696809777 0.02457985638013786 -0.9975168011929527 -9.96979060077141 -0.0063788934054568504 0.999665725831114 0.025054866143594715 0.03384601038004029 0.9977992021047174 0.008016686278230472 -0.06582161514505873 3.260040157282599
-0.06481125771012737 0.024526658909375616 -0.9975960825287822 -10.384302750724503 -0.006733545050619841 0.999664398979748 0.025014971187476417 0.0415816158632706 0.9978748219316292 0.008338609908269411 -0.06462435562320863 3.2303148407919244
-0.0630649891391955 0.027249207619904885 -0.9976373528637342 -10.822130738122464 -0.00629057912541501 0.9995964775468963 0.027700373465061354 0.04938372382943995 0.9979895970194969 0.0080226404583818 -0.06286812770343532 3.1955302038242657
-0.06132167487976218 0.03066625430282209 -0.9976468478559803 -11.294066926068059 -0.007010142179040196 0.9994900193360159 0.031153798393134112 0.057741716110113674 0.9980934375581114 0.008904049344272288 -0.061075427208529105 3.1607716967020227
-0.059542975810078475 0.03284112496428738 -0.9976853685119168 -12.023976059502647 -0.007411175757411125 0.9994165752791193 0.03334041888233648 0.06621283481168128 0.9981982310671412 0.009379209371645101 -0.05926484561685479 3.1079362137517457
-0.057706669677619254 0.03217434876160501 -0.997814988640922 -12.556532386952885 -0.00906280124061052 0.9994224746092415 0.03275031113765509 0.07717973506612402 0.9982924450822953 0.010932910303611496 -0.05738175288279201 3.066641419947263
-0.05587129184263367 0.02918412159450236 -0.9980113655638353 -13.475622552902282 -0.011251434808726656 0.9994908447097373 0.02985726973721295 0.09802882804948722 0.9983745809878055 0.012897224049118555 -0.05551448143724787 2.9875871799720004
-0.05428136356616333 0.028567782027367466 -0.9981169347323158 -13.97785115640043 -0.0120785871579311 0.9994987312231551 0.029264210489453678 0.10782980816964916 0.9984526234637586 0.013644343639022786 -0.053909095568316925 2.949760297836489
-0.052818716099966044 0.030798595182290774 -0.9981290646826931 -14.51733309576303 -0.009786224372998524 0.999460321698382 0.031357537580117056 0.11757367862456675 0.9985561641901108 0.011424179855230483 -0.05248880902214075 2.9180912853562813
-0.05176626834017863 0.0327857447580661 -0.9981209087093561 -15.079193103478916 -0.007306167035812472 0.9994217770824226 0.03320740002856585 0.12645502602376152 0.9986325016668404 0.009011461261721596 -0.051496797769871205 2.886389574470062
-0.05047981246522654 0.03449080055998367 -0.998129336914914 -15.680937893627432 -0.0065258767360475735 0.9993707682748474 0.03486374120152208 0.13589721035616353 0.9987037606148765 0.00827358413702487 -0.05022296625276186 2.850076505470495
-0.04992735328579595 0.0299212217633645 -0.9983045526702067 -16.248109878093572 -0.006464418364251944 0.9995205222385422 0.030280966285821477 0.14471770484781135 0.998731931345485 0.007965306784981484 -0.049709990934759266 2.819114397368415
-0.04962848612741086 0.023027929248468013 -0.9985022422805206 -16.81293653814812 -0.0053356212623458426 0.9997137885429199 0.023321066504463358 0.15113440578713402 0.9987534953683223 0.006485019019901514 -0.04949141357715798 2.786330093572276
-0.04964848754121561 0.018571040201074265 -0.9985940837751437 -17.359423629455762 -0.0022244646656733 0.9998225812865119 0.018704483594213374 0.15738614710951468 0.9987642762142707 0.003149986575396458 -0.04959836834769625 2.749996553350351
-0.05039748773951022 0.019284994482124663 -0.9985430297274972 -17.868249792137444 -0.0012154338441246288 0.9998116289109359 0.019370839295974107 0.1635049627925505 0.9987284996184456 0.002189904629064556 -0.05036455467488018 2.724307093804193
-0.050460564900984425 0.026599692130757354 -0.9983717683150005 -18.39645459275029 -0.001553521277586168 0.9996419622916046 0.026712053410928176 0.16712045140972592 0.9987248459718567 0.0028988970897965765 -0.05040117492825945 2.6947351845397955
-0.05068567117742911 0.03351692145580014 -0.9981520819561605 -18.925931477616185 -0.0028947277666762517 0.9994275741435623 0.03370674402353826 0.1746251917303856 0.9987104601877594 0.004597827491040433 -0.05055963502550357 2.660509986465812
-0.05103592928301571 0.03864626292314609 -0.9979487964240915 -19.46486738040344 -0.004880436653447204 0.9992294199080648 0.03894544553937867 0.18477202223412784 0.9986848928767706 0.006858042888772721 -0.05080799137384688 2.6282656015641117
-0.05141516000410595 0.03892600900177786 -0.9979184571621793 -20.016395404717862 -0.006215836582568063 0.9992082578417895 0.039296575376876655 0.19462485111183125 0.9986580218960482 0.008223337763062267 -0.051132494743591834 2.592138378944336
-0.051626575517055066 0.0355769364271022 -0.9980325537249988 -20.586456561878585 -0.006404430066250323 0.9993329031933004 0.03595458066467408 0.20179612909342887 0.9986459232259975 0.008248041568040236 -0.05136428559206692 2.5520096804921804
-0.05195258990446016 0.032882565692600584 -0.998108042886986 -21.119309517540422 -0.006889182915245181 0.9994221753667435 0.0332844489809111 0.21163553495516996 0.9986257895533119 0.008605362204725468 -0.05169603640847193 2.5197722961077647
-0.05205010188118303 0.03417349956652753 -0.9980595968285327 -21.703324492901015 -0.00830878861188359 0.9993649168561931 0.03465150774226255 0.22077599857729815 0.9986099092868843 0.01009628072042976 -0.05173310535481719 2.47890546261013
-0.05211871449754229 0.03640296200101762 -0.9979771860902805 -22.328579170756438 -0.00879123233757419 0.999279938637945 0.03690959861237283 0.231402756109982 0.9986021999941257 0.010697130142813795 -0.05176115892826471 2.441873024317406
-0.052015977778335026 0.03469522145846323 -0.9980433756424169 -23.099543994170237 -0.009244479931737245 0.999336755667938 0.03522198690969038 0.2438773656940318 0.9986034636664105 0.011058498045531233 -0.05166073919739587 2.3873145729413507
-0.05166165606513313 0.029653041695211556 -0.9982243086655567 -23.860923833113386 -0.010168979236441856 0.9994916340922788 0.030216969418346958 0.25480871357289614 0.9986128705128396 0.011711980949551155 -0.051333851875156176 2.340605561307353
-0.05139695729926048 0.025554650316484732 -0.9983512972033335 -24.40226371129241 -0.01153402115858158 0.9995906988244371 0.026180167676708912 0.26351844383588774 0.9986116958739707 0.01286058594580592 -0.051081172586766005 2.305002182662449
-0.05081597451831325 0.026243955590951763 -0.998363156135428 -25.175613171964443 -0.01118603682199523 0.9995770137636415 0.026845225563811435 0.2743460783699973 0.9986453871690227 0.012531893324441412 -0.05050091420690865 2.2477594360312203
-0.05022093157410238 0.028694041599081316 -0.9983258536212202 -25.978870463480582 -0.009930192874945593 0.999523444008859 0.02922800277353744 0.2786782323820127 0.9986887649820098 0.011381425805839101 -0.04991206112083844 2.1990587624913847
