1.0 0.0 0.0 0.0 0.0 1.0 0.0 0.0 0.0 0.0 1.0 0.0
0.9999964607174381 -0.0017505207401378921 -0.0020035542756651073 0.006102750902573549 0.0017488871975467938 0.9999981371268668 -0.0008167841614605054 -0.0115121552549321 0.002004980340912541 0.0008132772802082358 0.9999976593142096 0.5306607643664123
0.999993044408327 -0.0022377511830194087 -0.0029838908506201723 -0.00043080737624707523 0.002231493659048642 0.9999953077578484 -0.0020987849665298026 -0.028618241787479872 0.002988573408023512 0.0020921118347260875 0.9999933457263882 1.0924256133909804
0.9999851728686927 -0.002623308628233912 -0.0047720325451049645 -0.0069948012411377965 0.0026068553209829814 0.9999906480288908 -0.0034508202060545366 -0.03971630599911185 0.0047810404836155 0.0034383290418580955 0.9999826596223026 1.6008540497395045
0.9999615589973747 -0.004714136514343511 -0.007393067324456509 -0.0010686820746920395 0.004676126021069713 0.9999758040643798 -0.005150255453092594 -0.05297380331721105 0.007417167449565121 0.005115486557617762 0.9999594078882922 2.152494164746605
0.9999327911968928 -0.007073224420366349 -0.009185999427942074 -0.003778117097492129 0.007007113193063773 0.9999494618442893 -0.007209308012253564 -0.06319376795576265 0.009236528237958836 0.007144456145507808 0.9999318193219447 2.7289598627577654
0.9999099468931183 -0.00837330929383065 -0.010487411295029761 -0.01389693966959816 0.008289010347850997 0.9999331947913036 -0.008055945748945758 -0.07125913283476897 0.010554165606739739 0.007968290025255528 0.999912554147821 3.271604870455513
0.9998923238244639 -0.008544141672117206 -0.011930565787087323 -0.022214273816083117 0.008455606372394835 0.9999364853694753 -0.007451707711394417 -0.08232325416545312 0.011993476467994755 0.007350025171911284 0.9999010619317213 3.8010835122935736
0.9998696152735621 -0.008838559621763076 -0.01351415245256754 -0.023528222852207875 0.008733533145848295 0.9999313548146503 -0.007810957516712986 -0.0990526944526398 0.013582262384782105 0.007691912788771427 0.9998781708919148 4.394054164374073
0.9998596744668087 -0.008279908908861773 -0.014562777330864278 -0.037318460042309265 0.008128559681720696 0.9999126551263907 -0.010421546698630983 -0.11833918912603758 0.014647794804273022 0.0103017098848683 0.9998396455836406 5.018763289219023
0.999851285681769 -0.006551662274729105 -0.015952499551843722 -0.05348924069185908 0.006324681992885695 0.9998786368374772 -0.01423762598597484 -0.1357683745260047 0.016043843623101975 0.014134614160476065 0.9997713777480989 5.6292612208310535
0.9998364185204694 -0.0051392656066367665 -0.01734139986232817 -0.06616902579780409 0.004829163217711072 0.9998285324314824 -0.017876938175313148 -0.150444460437898 0.017430300708175448 0.0177902693889582 0.9996897973533044 6.1833292766413255
0.9998245275245992 -0.003311747816918365 -0.01843763777194136 -0.08382200732144036 0.0029819671602559304 0.9998356015671794 -0.017885125402152126 -0.16404711756982115 0.01849383767819263 0.0178270066245764 0.9996700334624121 6.808594257060766
0.9998102916304094 -0.000823574917330999 -0.019460279398600285 -0.10854072611898286 0.0006088291376366555 0.9999388893173392 -0.011038430952201122 -0.1768053538294478 0.01946818114250037 0.011024488884337984 0.9997496939573635 7.455028357533103
0.9997902320803469 8.312047190666718e-05 -0.020481331199740136 -0.12172505377884257 -9.690398158906498e-05 0.9999997695210856 -0.000671987643726819 -0.1873230691238223 0.020481270623295078 0.0006738314048183192 0.9997900097044845 8.107589704392726
0.9997737645644028 0.0012706072884889031 -0.021232174778876844 -0.1409175694243417 -0.0011401870033376546 0.9999804166760936 0.006153554899637062 -0.20211243986581484 0.0212395777340265 -0.006127954097728345 0.9997556344008551 8.775698173903676
0.9997405749058188 0.0033953504133104684 -0.022522310772961622 -0.16186756107527217 -0.003276449777531443 0.9999805127373653 0.0053140401174808045 -0.21631413396971919 0.022539914903085673 -0.005238868302001217 0.9997322173937757 9.432214826258642
0.9997121865036015 0.005654468725170116 -0.02331461214827357 -0.18318718591715175 -0.005700666161146084 0.999981916483781 -0.0019154922976726777 -0.22344694213403724 0.023303359446816142 0.002047849813671133 0.9997263424305838 10.0757007884769
0.9996843217523086 0.005198425653849897 -0.02458115565525992 -0.204244719264915 -0.005400434359657421 0.9999521334987674 -0.008158800156215517 -0.2205396065878959 0.02453756612530573 0.00828897351807976 0.999664544118007 10.800949179286501
0.9996721604128311 0.0030301690140273406 -0.025424196571164407 -0.22868996801254823 -0.0032014212756205796 0.999972444803028 -0.00669780086821219 -0.22234705547351288 0.025403200533767076 0.00677699862775919 0.9996543150970941 11.56105606739332
0.9996592163873189 0.002375118288070753 -0.025996344070060913 -0.24605173871473504 -0.0023101332199333413 0.9999941323781202 0.0025295244288430175 -0.2333773954201462 0.026002199453074748 -0.002468607390336641 0.9996588376046873 12.316675434700095
0.9996560031622836 0.0021548938616359563 -0.026138702608453163 -0.2734779756420039 -0.0018902112033440885 0.9999467357179086 0.010146567336059238 -0.2423122099679416 0.0261591751248931 -0.010093669280470497 0.9996068304074563 13.083447881721696
0.9996381946940861 0.0012441305361721954 -0.026868789476959604 -0.29540671326755724 -0.0009048224659216316 0.999919743037135 0.012636802635732962 -0.24460216342329263 0.026882354901559057 -0.01260791908913861 0.9995590924858759 13.868255888173788
0.9996326896564091 -0.0007114985373666124 -0.027092056771768774 -0.31671956530928236 0.0010234366465679712 0.9999333274265723 0.011501881544048843 -0.24254395406695067 0.0270820669027288 -0.011525383787717992 0.9995667697461843 14.677491247681415
0.9996416310850775 -0.0011946144336490495 -0.026742892474838426 -0.3390849791044002 0.0014355244399968108 0.9999585498260919 0.008990989894383721 -0.24028735419683217 0.02673104321099393 -0.009026157878834934 0.9996019106638391 15.498322768174983
0.9996506635181028 0.0015107972390063166 -0.026386898633974348 -0.36309898032752813 -0.0013630730511399948 0.999983304061651 0.005615481261682534 -0.24233095889915943 0.026394941933527413 -0.005577552298783185 0.9996360327392564 16.326996394249413
0.9996752089411185 -0.0016163371027613442 -0.025433522817362938 -0.38519650197641875 0.001620057500601987 0.9999986798089047 0.00012567474613524657 -0.24988082913936957 0.025433286107497607 -0.0001668376975082703 0.9996765077378564 17.190996420346476
0.9996887239632641 -0.004581287064733537 -0.024524823944961423 -0.4109757835132618 0.004429279406994304 0.9999706662348701 -0.006248852192530818 -0.26047486672028425 0.02455273232525508 0.006138279776926701 0.999679691129486 18.082217550965776
0.999722016208006 -0.003482634921533978 -0.023318695568210014 -0.4425914577880323 0.0032129353707867486 0.9999276335845736 -0.011593301525325112 -0.2743072441975728 0.023357383314547345 0.011515157313613768 0.9996608593901934 18.976884633254233
0.9997344938347417 -0.0020969212740565013 -0.022946563101331367 -0.4729831536793751 0.0018130225477233212 0.9999216470881059 -0.012385985380661558 -0.2922119070903845 0.02297073760753933 0.012341094188884828 0.9996599634915798 19.85064099664645
0.9997255371469717 -0.001866038242809085 -0.02335312136472317 -0.49165781444954826 0.0015912110255626004 0.9999293310301935 -0.011781383322048368 -0.31348543437536786 0.023373455535526763 0.011740990025772446 0.9996578568337987 20.762653784992285
0.9997255436447534 -0.0003300349039886061 -0.02342495381349831 -0.5164941236858834 2.2029949891625442e-05 0.9999135660195801 -0.01314762353763372 -0.3356948309125282 0.023427268276171028 0.013143499038238818 0.9996391406573416 21.701785817192793
0.9997255720908558 0.002486481999918299 -0.02329373123557444 -0.5470092886691293 -0.00284149209276526 0.999880133037139 -0.015219904083774409 -0.35726614473316426 0.023253095069212762 0.015281916270436324 0.9996128033417768 22.62333498599511
0.9997053684704073 0.006061758444896171 -0.023503857896162456 -0.579880636448993 -0.006437128519841723 0.999852421132967 -0.015927941830700232 -0.38347940448563334 0.023403837887541176 0.016074546310825204 0.9995968534029283 23.58670667628732
0.9996946795631304 0.0076978973408146825 -0.02347956621618535 -0.6073417393558719 -0.008073006061398711 0.9998406258378707 -0.01592323765026233 -0.40740576519468236 0.023353248731227374 0.01610792664076897 0.9995974992330829 24.531429180945413
0.9996858236193137 0.008493520558245276 -0.023582072917811378 -0.6396688726422458 -0.00887310925222346 0.9998319984739225 -0.016038789226107356 -0.43624578145565984 0.023441885307551806 0.01624299652675147 0.9995932388111974 25.495058580884752
0.9996843795977057 0.008641764337456432 -0.02358942766338268 -0.6697124291821118 -0.009019983452409244 0.9998317153684789 -0.015974380796828756 -0.4629677238578875 0.02344741109095758 0.0161821152035109 0.9995940966515718 26.45446969917888
0.9996678598307736 0.009604632407822973 -0.02391487105697225 -0.7018676769911205 -0.00995997939532435 0.9998410987462604 -0.014784318324299809 -0.4934879786847483 0.023769073011073172 0.01501759948127909 0.9996046732954053 27.442668390251804
0.9996588325420954 0.01040220767204335 -0.023958559975980887 -0.7352173620256506 -0.010714107935074641 0.9998590409188743 -0.01292695571056932 -0.5189971004187877 0.023820713921512946 0.013179240051502847 0.999629371927383 28.422524199362126
0.999638877586684 0.010980511635306231 -0.024526369104735123 -0.7561132639086334 -0.011272705083945896 0.9998667501454755 -0.011807119615486708 -0.543296846059618 0.02439345275530261 0.01207933432565466 0.9996294559210046 29.371655074115072
0.9996403383578498 0.010843137449818777 -0.024527949324153777 -0.7899284817645956 -0.011159646669984894 0.9998557475421312 -0.012804155308567778 -0.5724394760938595 0.024385573891237668 0.01307327339304013 0.9996171433647912 30.403485111297265
0.9996189304555753 0.011916854671986919 -0.024899446772546022 -0.8241619183989465 -0.012260297758260446 0.9998311699677364 -0.01368636766367028 -0.601616503304426 0.024732144543708732 0.013986426837227355 0.9995962689459158 31.45537203871713
0.9996167571076175 0.011575519188246432 -0.02514649608142076 -0.8595882167593892 -0.011902594245908532 0.9998459952972499 -0.01289627613955518 -0.6268268636618983 0.024993342310856183 0.013190642272950099 0.9996005901341591 32.47146068165826
0.9996100777551605 0.010793856118985265 -0.02575238086865788 -0.8896075644631466 -0.011058101839505006 0.9998874352653441 -0.010140768323857512 -0.6552635030050096 0.02564002406451496 0.010421586662963741 0.999616916472204 33.49991928468014
0.9996017566124644 0.011230676030075267 -0.025888223059583184 -0.928143537183506 -0.011406213893945406 0.9999128810454204 -0.006642936402751576 -0.6763828479430012 0.025811363038026627 0.006935577506807261 0.9996427718454057 34.549083958320786
0.9995778546556001 0.011301599578258869 -0.026765394244816297 -0.9526100495199674 -0.011423156175726432 0.9999251036505511 -0.004393016323447905 -0.6961871870624575 0.026713741503067448 0.004696907110622638 0.9996320898603152 35.490363079067045
0.9995667288250014 0.011200633168304181 -0.027219486452074244 -0.988052852808496 -0.011315398841840386 0.9999277123417438 -0.004065936553287424 -0.7142666191890052 0.027171977755320723 0.004372174245654917 0.9996212121184852 36.510278477371514
0.9995604527964809 0.010658549903905629 -0.02766399319042435 -1.0254336948228044 -0.010817771423581842 0.9999257362963372 -0.005612282392551147 -0.731969666301755 0.0276021199678761 0.005909078284517796 0.9996015234917892 37.47091583276348
0.9995404538386226 0.01121002411442762 -0.028164099478487154 -1.0674349199869768 -0.011390585309756568 0.9999155374147154 -0.006258802037200805 -0.7503479161945008 0.028091559344068522 0.006576731406532089 0.9995837188037952 38.5107006101989
0.9995288119932245 0.010861306723453071 -0.028708640017810257 -1.110141783929814 -0.011010191074339962 0.999926719297672 -0.005033063391218416 -0.7720153982322387 0.028651870583256252 0.00534677948419179 0.9995751508822271 39.557224950219236
0.999510682763786 0.011026270166391761 -0.029271426464864036 -1.1518806649550697 -0.011119196009915346 0.9999336381945018 -0.003013749690852885 -0.7967592379351304 0.029236253541849083 0.003337749739536286 0.9995669566895018 40.66732332917412
0.9994893113785676 0.011151915836749864 -0.029945804600419672 -1.1869361067139221 -0.01117172453377477 0.9999374721888213 -0.0004942505138525342 -0.8184595847927469 0.02993842031467125 0.0008285443856772272 0.9995514016313831 41.72387702487051
0.9994686417998316 0.012409928433443426 -0.030140134954513786 -1.2340493127291337 -0.012434708448069516 0.9999224844865221 -0.000634857552202888 -0.8405097324787313 0.030129920089688216 0.001009304006181539 0.9995454813167891 42.787503264904444
0.9994430887618132 0.013613529215487327 -0.03046611475959913 -1.2751049901151539 -0.013752033729308517 0.9998960120841549 -0.00434126554250561 -0.86324911734127 0.030403846706526287 0.004757818880712132 0.9995263724709539 43.83211786670219
0.9994200062885905 0.014748594015529332 -0.030694136324032957 -1.315986476169535 -0.01501201546050596 0.999852284906359 -0.008369453945473131 -0.8856959411749437 0.030566164658438165 0.008825380563860192 0.9994937829901575 44.877641398200566
0.9994113535919875 0.01512369964580123 -0.030793181395471797 -1.3534202516837903 -0.01539781146590123 0.9998437346394925 -0.008684106414092585 -0.9125433280362858 0.030657033670780928 0.009153142147608017 0.9994880520923368 45.973790401914904
0.9994113200076742 0.01574560031746693 -0.030480969655837936 -1.3960597345384302 -0.015935272325239315 0.9998550845690265 -0.00598973767237935 -0.9413820214822647 0.030382240477587998 0.0064719341858555865 0.9995174003144994 47.112627386086004
0.999408771687467 0.016586665114205302 -0.03011626827043525 -1.435620442455752 -0.01671189592265741 0.9998526963129685 -0.003911292670647831 -0.9650025687370487 0.030046956731387728 0.0044122801445967905 0.9995387497116391 48.12321243781421
0.9994345790199503 0.01503777603533656 -0.03007303694549586 -1.474580122114903 -0.0151264897376709 0.9998818759372659 -0.0027246064649355164 -0.9863756422112003 0.030028512574389037 0.003177965400014608 0.9995439905119159 49.202327123785416
0.9994393339421241 0.014950789802090345 -0.029958165057564247 -1.5083036271737245 -0.015067043598564544 0.9998797923832051 -0.003658549017827257 -1.0083105470728444 0.029899865660593012 0.004107878772627303 0.9995444579234417 50.22189816448164
0.9994694579947 0.014233383544152932 -0.029295278265700445 -1.549701807731717 -0.014398662412443574 0.9998815429633481 -0.005438617652027771 -1.0310259367578183 0.02921439810285797 0.005857545058939135 0.9995560054891217 51.28607395880377
0.9994865927766554 0.01439113968838836 -0.028625966502118346 -1.5933386722700615 -0.014618030502422859 0.9998632505165822 -0.00773262249452112 -1.0541515327573232 0.028510770665510703 0.008147107761766456 0.9995602836203407 52.34687304220884
0.99948879954685 0.013334404533381338 -0.0290574127570892 -1.615675456180781 -0.013635758247595397 0.9998550268885066 -0.010197612602715216 -1.081493773731709 0.028917221121830608 0.010588619434188047 0.9995257252622707 53.361704105182454
0.9995163085770011 0.011670719809265291 -0.02882608519618275 -1.6558897950641063 -0.01206534716630056 0.9998353426332036 -0.013554151367720733 -1.11195747587993 0.02866315206603435 0.01389539206629557 0.9994925421397413 54.41183331355935
0.9995345841071678 0.010128840535613944 -0.02877536729764244 -1.6825903731925165 -0.010572399728437841 0.9998269841678765 -0.015304446861908107 -1.143378372311934 0.028615372401774804 0.015601548614510992 0.9994687349502914 55.462380442501534
0.999555428883856 0.008522870795472348 -0.028571056372025817 -1.7163666820570476 -0.008897588936496195 0.9998757275648282 -0.013013928608249088 -1.1760726186533723 0.02845658974520555 0.013262356506562167 0.9995070446975174 56.51468610232331
0.9995758713402207 0.007296257045395264 -0.028192943577516866 -1.751231914326133 -0.007502182317150833 0.9999458991208373 -0.00720528222199424 -1.2040393784546186 0.028138846723306975 0.007413734858077889 0.9995765312573798 57.53149642636998
0.9995903964159449 0.006025574991003545 -0.027977345103512057 -1.7838983762806064 -0.006059817538282766 0.9999809901072703 -0.0011393136022429303 -1.2287324290460062 0.027969948237634327 0.0013083845418410496 0.999607908194745 58.57175070932845
0.9996076396296345 0.004262498603253968 -0.027683892423704705 -1.824026002943151 -0.004274668228926218 0.9999907912014583 -0.00038042583002929333 -1.2519179000229863 0.02768201592374755 0.0004986160214064431 0.9996166552116165 59.65861677139331
0.9996155737376056 0.0010311026095014466 -0.027706345277672847 -1.8509490416939502 -0.0011236398105009334 0.9999938423258791 -0.003324566723529198 -1.2728874954652185 0.02770274670160361 0.0033544206253271654 0.9996105770185979 60.71020756828459
0.9996227552511777 -0.0005333695609025379 -0.027460202128800553 -1.8923014561362557 0.0003536229319067361 0.9999784849845058 -0.006550154113649679 -1.2948496052286496 0.02746310497494991 0.006537972545218893 0.999601436963819 61.79490717410132
0.9996257180892463 0.001442310019409197 -0.027319287625519825 -1.9340537493956187 -0.001731819937117061 0.9999425667537637 -0.01057657759382256 -1.3239021973163432 0.027302463886312196 0.010619931059129326 0.9995708041604832 62.89463567584645
0.9996188335564845 0.001679447865744666 -0.027556615431488445 -1.957234271267767 -0.002090385003695821 0.999886946102847 -0.014890443366683612 -1.353019225175893 0.027528492325389595 0.014942371564993869 0.9995093334443174 63.95918374246787
0.9996370600079781 0.004722053622275389 -0.026522640671576735 -2.0096637975419753 -0.0051362796521672 0.9998655648374757 -0.015571476602050329 -1.3848743042482827 0.026445545748574776 0.015702052790059876 0.9995269274252881 65.07220313451789
0.9996297158831539 0.008459355727014624 -0.025862529343590488 -2.0468983764945055 -0.008771063759011388 0.9998899726073661 -0.01196290599201134 -1.4157384596608198 0.025758485279604875 0.012185318211773202 0.9995939267803589 66.1468960176639
0.9996235812718279 0.009769502404497948 -0.02563693796171433 -2.090136729291489 -0.010024793014878526 0.9999012517829678 -0.009848360668679106 -1.446995464738176 0.025538192776567645 0.01010165855788318 0.9996228074649388 67.22778806860015
0.9996204762612824 0.009300035219545281 -0.0259309233171786 -2.1132316026492703 -0.009536534951817504 0.9999139184374669 -0.00901167110703881 -1.477157131846861 0.02584488228409933 0.009255542120475437 0.9996231174796711 68.29761235544805
0.9996319107881295 0.007784676170753697 -0.02598926222478487 -2.144205603318677 -0.007998986432119042 0.9999347755411011 -0.008152354238155992 -1.5084603504779177 0.02592410365144598 0.008357241200426508 0.9996289798567197 69.40014721025702
0.9996360130261771 0.006757915232798192 -0.026118423436994925 -2.1804189498990016 -0.006937569888026942 0.999952854861666 -0.006793981016354972 -1.5349383352239157 0.026071278932507422 0.006972706483723944 0.9996357685572853 70.45872194685435
0.9996370026374819 0.005257183366444007 -0.026423947112452544 -2.2122889765094778 -0.00538323386987855 0.9999744582872155 -0.0047014430008091475 -1.561443062233084 0.02639855585164294 0.004841982676471554 0.9996397708438314 71.5409811513908
0.9996284128253267 0.004162892183248364 -0.026938942091109766 -2.2498577824084616 -0.004246932734991798 0.9999862900728382 -0.0030632056254091293 -1.5873501687306344 0.026925820965422502 0.003176475252498215 0.9996323875156844 72.63696229567572
0.9996137537836185 0.003469055375194107 -0.02757369945122108 -2.2823279442180393 -0.003587703166005065 0.9999845131518477 -0.004254626006168542 -1.614309862977062 0.027558512888308868 0.004351908921791248 0.9996107188581564 73.70385661677601
0.999594972982656 0.0038046641419589512 -0.028203094131129317 -2.3172241682475656 -0.004034477471005745 0.9999590872856131 -0.008096094518775947 -1.63855499922047 0.028171137345489126 0.008206600129645662 0.9995694266707903 74.76562600471985
0.9995756759263654 0.004359986901281157 -0.02880032309835098 -2.3583142658822123 -0.00465538407504549 0.9999371656486923 -0.010197654317105873 -1.6659002671158383 0.02875405180948559 0.010327403772392846 0.9995331656507742 75.82865012724774
0.9995476236819268 0.0064751085584777435 -0.02937040961526027 -2.395817020439301 -0.006726000995963461 0.999941663829074 -0.008451618149393283 -1.6969649456142863 0.02931397111301296 0.008645340241817285 0.9995328654875173 76.87741208324812
0.9995277883535684 0.007516715921255169 -0.029794282853970563 -2.436873507776853 -0.007643221453287323 0.9999622434276881 -0.004134354227542127 -1.7244498697588435 0.029762081157729537 0.004360126239220272 0.9995475015347383 77.94468020224805
0.9994928881661551 0.009060526075401594 -0.030526601063888204 -2.4656646559843947 -0.009069749640664952 0.999958855576665 -0.00016369257751995547 -1.747120389927109 0.030523861923624405 0.000440478196106789 0.9995339413107616 78.9576047965617
0.999466745218884 0.010090538243206602 -0.03105489075060109 -2.5042791513070437 -0.010083125504624662 0.9999490858645879 0.00039529562457505887 -1.7662833380904623 0.03105729836330565 -8.195447032252276e-05 0.9995176023971946 80.00836295509752
0.9994398162699958 0.009898282760288283 -0.03196994921161728 -2.5326741316596753 -0.009956003455459607 0.9999490817573158 -0.0016467810704049648 -1.7878176768230325 0.03195202105330584 0.0019641514952642384 0.9994874738882482 81.02222229192448
0.9994192887701846 0.009845057651710124 -0.032621466458941456 -2.569671523915454 -0.009928886597054681 0.9999478062033945 -0.0024087507051130715 -1.810556445615166 0.03259604953119598 0.0027312467576293058 0.9994648757440693 82.08047639256763
0.9994029500386319 0.00911404755582776 -0.033326829900684134 -2.6053008566491713 -0.009206301106079381 0.9999541999108653 -0.0026157409205190634 -1.8336340776141773 0.033301463541761056 0.0029209960234803756 0.9994410839605338 83.0911548143007
0.9993937658916443 0.008058052466932919 -0.033869875809584025 -2.6508371243330107 -0.00814498460646498 0.9999638778269796 -0.0024294581674784528 -1.8548982408893624 0.033849075654690385 0.0027038549641645207 0.9994232983304197 84.11165341915869
0.9993801004679598 0.006747786112013196 -0.034552600064775583 -2.6879506227873966 -0.0067828749307655995 0.9999765924683166 -0.0008984003147671487 -1.8804678153155914 0.0345457290605281 0.0011322093616046446 0.9994024768358528 85.11823973462768
0.9993582808476091 0.006855303864054152 -0.03515723695403177 -2.726542227741045 -0.00678935116947823 0.9999749620736065 0.0019949778406015486 -1.9059424046635927 0.03517003286902039 -0.0017550027972830955 0.9993798020538402 86.0954647606888
0.9993331797116899 0.005927505941264519 -0.036028608086334686 -2.767630739047874 -0.005833909549820497 0.9999793310280896 0.0027024092911062895 -1.923647498659293 0.03604388195917522 -0.002490419628982005 0.9993471050557878 87.08536815605018
0.9992619909516532 0.004911202421183288 -0.03809663410480336 -2.815012930091156 -0.004806071719802827 0.9999843875543675 0.002850670471754737 -1.9414089892598703 0.03811003954289777 -0.0026654714953619502 0.9992699936192146 88.08232201943056
0.9991386823988839 0.004085881981143339 -0.04129405408357884 -2.8587755889921405 -0.004004805667058897 0.9999898878165976 0.002045921825342856 -1.9632990903341438 0.0413019959056518 -0.001878784975054408 0.999144942088597 89.01736927037578
0.9989919997583325 0.003933622707346994 -0.04471589237892024 -2.9057465597022416 -0.003884462335072313 0.999991751867827 0.0011862329785927222 -1.9840372526773327 0.044720189749310746 -0.001011340055738543 0.9989990399495269 89.93662602702723
0.9988498621944916 0.003796413514234015 -0.0477968622241377 -2.9529474069945 -0.0037328093040844366 0.9999920249652428 0.0014199086626832996 -2.0023486191572397 0.04780187160293645 -0.001239859000033656 0.9988560676198126 90.8004719699663
0.9986755102713765 0.004940870798057976 -0.05121340625228682 -2.9963171961560877 -0.004816558887397078 0.9999851478335604 0.002550465207402117 -2.021386770725357 0.05122524714131824 -0.0023004147553933427 0.9986844757716339 91.65742318230669
0.9985342752564837 0.0058384570070651245 -0.05380718871846463 -3.0606673438953145 -0.005651033636569151 0.9999774270346415 0.0036347269518007598 -2.039963295131758 0.05382719532769847 -0.0033253332092342608 0.9985447286938129 92.51481028118839
0.9983587823773094 0.006866158284071824 -0.05685593654591925 -3.112305071091011 -0.006576165829141218 0.9999644054439164 0.005286008719250122 -2.0591153971873934 0.05689020735665486 -0.004903439161489238 0.9983683992351248 93.33482279749052
0.9981715208153751 0.008459636840475248 -0.05985022621216788 -3.159998997927497 -0.008114091017945642 0.999948994207271 0.006014192449309612 -2.0728592349382713 0.05989805138794512 -0.0055175654406735405 0.9981892505489799 94.11302774882564
0.9979846621503788 0.01043925688438254 -0.0625910219464029 -3.203465862204532 -0.010041033088923196 0.9999273183909452 0.0066734990820662985 -2.088457705030566 0.06265613910145115 -0.006031571204343396 0.9980169479431228 94.73568207019922
0.9977918390344644 0.012306210922094434 -0.06526869945817336 -3.2594411812527597 -0.011972650330475263 0.9999132030877114 0.00549926676343218 -2.1047947156709417 0.06533070947329928 -0.004705684181088459 0.9978525717439939 95.46236376295695
0.9976120206311356 0.013515496006774926 -0.06773173303520719 -3.3053302744026185 -0.01342022565058295 0.9999082121220574 0.001861417297673276 -2.1188682070216713 0.06775067406121649 -0.0009479971305320039 0.9977018329469435 96.00947553571751
0.9973978495361235 0.015925836004221674 -0.0703128543602239 -3.355346052832942 -0.016099986919214215 0.9998685611083603 -0.0019107402482474978 -2.1309769857838337 0.07027318238073882 0.003037804250076476 0.9975231584196032 96.60046827950961
0.997241106226898 0.017679206078895525 -0.07209453324470556 -3.4075872916322636 -0.018050734954040734 0.9998269228178762 -0.004505038973601512 -2.14556985633109 0.07200240981363756 0.005793969360865214 0.9973876292094631 97.16708707372952
0.9971016919885809 0.01966777305614562 -0.07349418029014491 -3.4442490360601568 -0.020128056043642487 0.9997821309502062 -0.005527385690063255 -2.1584426184046226 0.07336945681557405 0.006990660603597257 0.9972803284287283 97.68165151455871
0.9971273226624594 0.022035296897419055 -0.07246756578385447 -3.4906355109679614 -0.022470010248510634 0.999734051788769 -0.005188866296293597 -2.1724643454596633 0.0723339549549624 0.00680230730352464 0.9973572717817428 98.19492515894403
0.997234205248202 0.025905408467688587 -0.06966239799998375 -3.5266293640599113 -0.026224293706813485 0.9996493590430009 -0.0036667948530526347 -2.1859963219409346 0.06954298169164688 0.005483500436564783 0.9975638851323743 98.64696244926725
0.9975610729141658 0.028548484768981298 -0.06369371887190205 -3.563509600359393 -0.02875010985564387 0.9995840954420819 -0.002251071416327138 -2.1977190104419706 0.06360296368586979 0.004076782631959552 0.9979669547904605 99.0686128238594
0.9979681269079188 0.029365216084638872 -0.05654468816964106 -3.5856784838426132 -0.029433893493880273 0.9995666561241432 -0.0003819405554913971 -2.208433263563101 0.05650896910836723 0.002045494829983966 0.9983999961744839 99.5096161171112
0.9984798388151344 0.029288125737091324 -0.04669279570245414 -3.604680657719789 -0.029222497680478084 0.9995707515076068 0.002087668515617277 -2.2180044330395736 0.04673389678827619 -0.0007200148088628085 0.9989071150360563 99.9111522061334
0.9989937374520408 0.028844584507335843 -0.03434388557227977 -3.622039544621417 -0.028742899451869426 0.9995808805472012 0.0034509383622344453 -2.2303762255316024 0.034429032264970995 -0.002460322962414511 0.9994041167356764 100.3035446290311
0.9993866736296118 0.0280071336901952 -0.021020871390100254 -3.624209415677124 -0.027941485493942854 0.999603743119665 0.003410297574251192 -2.237845658410663 0.021108054385266868 -0.002820851575801351 0.9997732207038031 100.6551089851496
0.9995966184659898 0.027766277580183848 -0.005969437217900219 -3.620490053092807 -0.02775160006838564 0.9996116542508676 0.0025277221933418014 -2.2467152343590637 0.006037304448398024 -0.0023610411225812394 0.9999789879991551 100.99461053226132
0.9995790747053726 0.026429549184662546 0.011964628746714697 -3.6077225842518064 -0.026426400406266835 0.9996506729521901 -0.00042122179364081783 -2.2577513770685855 -0.01197158188038899 0.00010486242076037473 0.9999283325474648 101.32458501649266
0.9991215229478009 0.02583992034528607 0.03299213389607546 -3.586141755424338 -0.025689679187508543 0.9996576125158094 -0.0049697205588400475 -2.2678919031445997 -0.033109254985731314 0.004117797437871919 0.9994432555070599 101.64887469683777
0.9980831348298854 0.02374140564977953 0.05715244199438842 -3.5519392938566523 -0.023210234765667012 0.9996811903141017 -0.009939956453702369 -2.275478027348303 -0.05737020978061624 0.008594381301263042 0.9983159798579687 101.9762214430439
0.9961632183217813 0.021474817664044278 0.08483911049208102 -3.513412323384296 -0.020469643582900904 0.9997098062854589 -0.01270027197651271 -2.2857123971852813 -0.08508722674044823 0.010914917452021744 0.9963137198807587 102.29848318174818
0.9932340990436448 0.018851736055037444 0.11458898963107642 -3.460646812649124 -0.017370814136131712 0.9997523709005547 -0.013908691346271262 -2.295514610578642 -0.1148228170408985 0.011824082477261475 0.9933156153813163 102.5934683109528
0.9889636905936314 0.016603236349977426 0.14722483224691266 -3.398854175589792 -0.014412608544392106 0.9997691680510158 -0.015933842271212 -2.3051344016167135 -0.14745540140113836 0.013636097582686227 0.9889747021235399 102.89054750743122
0.9830705058279957 0.014113828764588977 0.1826832789521074 -3.3206253334269333 -0.011108994891144756 0.9997858243355555 -0.017461262559740905 -2.317489284986542 -0.18289059790923662 0.015136224604423536 0.983016746500855 103.18541263435465
0.9751337976899497 0.010763118334926889 0.2213554424144251 -3.229427936287717 -0.007004555136222886 0.9998177823349204 -0.017757768278233516 -2.3320095010201998 -0.2215062365038985 0.01576570361855725 0.9750315019420094 103.48501292018649
0.9652062796231856 0.008654859576233926 0.2613463816120017 -3.126276906074154 -0.003917884389738436 0.9998185677030401 -0.018640865273583728 -2.344094783450218 -0.2614602990090061 0.01696835531084063 0.9650650687700628 103.76977693750017
0.9530613316872997 0.009468224824578552 0.30262922985247753 -3.0143699366387904 -0.0037127150750874307 0.9998012434806914 -0.01958798818745859 -2.357693471336675 -0.30275454379613115 0.017544978003179116 0.9529070573553668 104.03961007788561
0.9378407065036514 0.011485487133362782 0.3468759040493344 -2.8903415077222747 -0.004777779519526407 0.9997848153399349 -0.020186526163578855 -2.3698687472313424 -0.34703311376235596 0.01727444936892125 0.937693772695225 104.31275788577811
0.9203834250761451 0.01157408872561145 0.3908457385149253 -2.7534488794484773 -0.00446527296161692 0.9998077563617446 -0.019092188357293493 -2.379083499627932 -0.3909915755901701 0.01582690080413092 0.9202581686833606 104.56074642783192
0.9001750725046919 0.010932747304612061 0.4353909896604981 -2.5975003408994564 -0.003442132501058522 0.9998322538240206 -0.01798932842054227 -2.3891273068638705 -0.4355146272687283 0.014694871539094045 0.9000617035433905 104.8221130233939
0.8770255177595292 0.010042072750540861 0.48033883662837873 -2.4377532800094164 -0.0010880974882802594 0.9998204886589431 -0.018915773884409137 -2.3976752350035806 -0.4804425639371341 0.016066960903137435 0.8768790084868322 105.06131221425345
0.8519711543604184 0.010661578029393331 0.5234801647547891 -2.255504261240014 0.0004488003566182692 0.9997774251377628 -0.021092623429599763 -2.4111861568544484 -0.5235885318797744 0.018205244816430387 0.8517767420780848 105.30122818186669
0.8238598388490876 0.01279533283782082 0.5666491378173326 -2.0649233390115294 0.0011700298044899596 0.9997046303869146 -0.024275152177009374 -2.428199585296579 -0.5667923755325343 0.020662319340522973 0.8236015247664716 105.54555204088318
0.7932602395067972 0.017627867121303768 0.6086275139347334 -1.8604340421073309 1.7825529703743934e-05 0.99958015428376 -0.02897438255257647 -2.438811543501284 -0.608882740845781 0.02299507475104667 0.7929268783673078 105.77106719306619
0.7598396213408903 0.023695547148942057 0.649678590447497 -1.6642530992627464 -0.0030016711176618395 0.9994527535545022 -0.03294212171100649 -2.4480997133110853 -0.6501036377463482 0.023080607826347313 0.7594949280484573 105.96315217008593
0.7229031037135787 0.02812963483734908 0.6903765829496203 -1.4547756770237232 -0.004603757737018174 0.9993448550789502 -0.0358979949569452 -2.4560335914485956 -0.6909340837272212 0.022772445436259725 0.7225589994407916 106.14945781988125
0.684112548271416 0.02848365119939601 0.7288200758156587 -1.242792317989413 -0.0018980943421201047 0.9993033183714157 -0.03727298122961416 -2.4645775908149226 -0.7293739908548007 0.024115544908334875 0.6836900042843359 106.30818479822416
0.643523031415506 0.025942797593111223 0.7649869798178544 -1.0122320079932932 0.0028890498797581095 0.9993360153539403 -0.03632054249731375 -2.4714539826852495 -0.7654212966912997 0.025583191152586476 0.6430207919669936 106.45849998929751
0.5999606693931497 0.023763449069314064 0.7996764931331017 -0.6992708337605655 0.004469564978036542 0.9994436028612125 -0.03305310407062786 -2.487780765501579 -0.800017011175532 0.02340476849120225 0.599520640713597 106.6452020233562
0.553694981133171 0.022462705540756883 0.8324165391964102 -0.38288948862993516 0.005501106339731062 0.999515622189571 -0.030631010888171977 -2.497878872027977 -0.8327013904737862 0.021539448896886824 0.5533032138387066 106.8174808847224
0.5058079815599335 0.019882293370163315 0.8624169410445337 -0.008812445402747615 0.006888202189856038 0.9996093991730427 -0.02708508363468326 -2.5188255071177363 -0.8626185938529601 0.019640353745513157 0.505473459287323 106.99232298789985
0.4550575468460843 0.015949982650977596 0.8903191714839456 0.39360189756299924 0.009162818974626093 0.9997027586587098 -0.022592854591688034 -2.5414143363930197 -0.8904148874580111 0.01843888238469045 0.45477613812681633 107.15463710503313
0.403462606359284 0.015829980510796447 0.9148591897045156 0.8024719870690102 0.006780057951166037 0.9997711612588827 -0.020289305785105613 -2.5644189026378865 -0.9149710137944003 0.014388774516632752 0.4032629502991279 107.30022396384953
0.3528409428837247 0.020621271094148214 0.9354560557307797 1.231395359306147 0.003271203657485437 0.9997238220365212 -0.0232718473550939 -2.58550267028136 -0.9356775984555554 0.011271327834340997 0.35267603961326205 107.42173226709383
0.30237706340179743 0.0259963245204201 0.9528338274011562 1.6938126920590069 0.0029446270258699416 0.9995977759767735 -0.028206655845104903 -2.594797575525749 -0.953183844124618 0.01133478600215663 0.3021788906030685 107.53594478483716
0.2556115749542212 0.028361791680444195 0.966363457257206 2.13663464982357 0.004753547041708335 0.99952064331856 -0.030592276322164446 -2.6069146749418075 -0.9667678762453503 0.012413394085603343 0.2553542267269735 107.62276605499905
0.21411688884091212 0.027997259349268888 0.9764067346050109 2.5683277290267377 0.012008169241549826 0.9994381827400193 -0.03129093723095801 -2.624428631127136 -0.9767342329336853 0.018424775446535122 0.21366039844854243 107.68596707994804
0.17915910066569188 0.0277666524072161 0.9834282025967932 3.0180399954033463 0.01980026476942718 0.999297411684102 -0.03182188738136803 -2.6403285295406507 -0.9836208447179842 0.02517331951786933 0.17848343850545395 107.73011394192663
0.14881104366156217 0.029098769468289695 0.9884374208313796 3.4431039359416604 0.024191262913135538 0.9991606733503379 -0.03305649147693642 -2.6523742598157853 -0.9885697021874704 0.02883072051698607 0.14798220660419695 107.7693427154619
0.12071305628550415 0.027647509581892625 0.9923023597957096 3.957556336269462 0.02279050369693131 0.999271418452922 -0.03061413406130106 -2.6667544097922367 -0.9924257911720415 0.02631059628747172 0.11999500631086615 107.82304107880027
0.09526714937481191 0.024171925444840186 0.9951582227315857 4.439120774584574 0.016537738277324465 0.9995287383915955 -0.025861251748010496 -2.683469380281278 -0.9953143591160875 0.018921393965359794 0.09482250464810374 107.86646254734922
0.07144959283895458 0.020233942041890503 0.9972389599652608 4.917853347498158 0.011801890578435583 0.99970708489417 -0.021129595149300115 -2.699539613764936 -0.9973743886133843 0.013279006056332485 0.07118986540395791 107.89591836282825
0.04873652267519835 0.017825940955196653 0.9986525858308252 5.442279948647366 0.01584260167828905 0.9997011498519045 -0.018617812890918586 -2.719469156434498 -0.998686018390962 0.016728622592432123 0.04843954847608537 107.91049957504563
0.028525006806555998 0.018620780120386465 0.9994196268507018 5.975949573079236 0.02404907885516456 0.9995242865277656 -0.01930912860223173 -2.7348286226470555 -0.9993037405078119 0.024585914440339127 0.02806362446706272 107.90760132909345
0.011364962083651437 0.021127058890631864 0.9997122010956307 6.522237353378276 0.029212275535649625 0.9993430254836545 -0.02145134902992327 -2.7511516404171457 -0.9995086195700698 0.029447662043124715 0.01074032612761224 107.89459235830776
-0.0027721520440195757 0.026512051933497274 0.9996446500008502 7.077624308465791 0.029691059003569862 0.9992099481511936 -0.026418185610179817 -2.765330663876996 -0.9995552792058532 0.02960727305853976 -0.00355713279843517 107.88328070234016
-0.013847274452965658 0.031186134585894146 0.9994176694454711 7.645388074897857 0.02692830097625906 0.9991626063762755 -0.030805074677692314 -2.7797735474680394 -0.9995414546664666 0.026486053480213077 -0.014675468452047837 107.87881784807094
-0.020412148972810445 0.03108728167104521 0.9993082232687865 8.21157678952551 0.029198391027639343 0.9991086725191992 -0.03048465939319303 -2.7960389854326873 -0.9993651975807988 0.028555934851218465 -0.021301653669706298 107.8658745241881
-0.02284106371548581 0.02780161724921619 0.9993524682946828 8.819362249115708 0.035152273606952944 0.9990174768090598 -0.026988862338377086 -2.8212248602382055 -0.9991209153393833 0.034513057070999276 -0.023795911896939775 107.83977742655063
-0.02250565633997524 0.026142225097906563 0.9994048626555903 9.460363041578866 0.03679296549851325 0.9990025164640313 -0.025303157675603895 -2.842338588657048 -0.9990694536029676 0.03620160445977034 -0.02344505730439158 107.82853343962039
-0.020546509465079025 0.025715884979052125 0.9994581202874623 10.137213256673883 0.035544567608246175 0.9990559753209546 -0.02497482510524209 -2.8676676313947205 -0.9991568568860169 0.035012161247754976 -0.021441173065319535 107.81808955512872
-0.018948998248653155 0.025955483182510654 0.9994834907881854 10.793355619568059 0.03183514464716126 0.9991717638814319 -0.02534383213646048 -2.8932981555534094 -0.9993134938700003 0.03133846127092379 -0.01975960056539512 107.81107184792656
-0.017883183685533505 0.027292054442211867 0.9994675259885109 11.513583261144872 0.030817302986129277 0.9991674882695877 -0.02673245633500963 -2.9147873752396016 -0.9993650412026283 0.030322832146180683 -0.018709363236197755 107.80468614931281
-0.016787137307569977 0.028077847343963278 0.9994647700192076 12.227256823438044 0.030482293111597582 0.9991553593676652 -0.027557170637224907 -2.94184418069717 -0.9993943274942456 0.030003372067145963 -0.017628835381980783 107.79400236960637
-0.016021579690414067 0.027650009660293982 0.9994892625486336 12.987355659146333 0.0299991560570781 0.9991808407661048 -0.027160597964731914 -2.96827752408455 -0.9994215124861415 0.02954867867983938 -0.01683793242024792 107.78615910952212
-0.015531015026200332 0.026357784254140766 0.999531917840281 13.746623709173358 0.02888338379108254 0.9992471484350425 -0.02590147650641244 -2.9950727665701207 -0.9994621242013291 0.028467587773596013 -0.016280624475727343 107.78403045469666
