1.0 0.0 0.0 0.0 0.0 1.0 0.0 0.0 0.0 0.0 1.0 0.0
0.9990835877839739 -0.00036997203265677256 0.04280009043679078 0.03687498388279165 0.0004648228084053195 0.9999974582977743 -0.002206204375825476 -0.016776857805476362 -0.042799165417788276 0.00222407704142125 0.9990812203824345 0.6050221988762874
0.995997928840377 -0.004439510241725537 0.08926598733276236 0.06468036112120579 0.005061905977000592 0.9999644255603933 -0.00674720101616678 -0.032305694022501844 -0.08923285747727283 0.007172054272394376 0.9959849691556367 1.1040027813389586
0.9906584064309327 -0.0038285336801052424 0.13631311051247097 0.09109460624614979 0.0052622505173753695 0.9999345492253918 -0.010159034644334316 -0.05027754105630233 -0.13626529450750552 0.010781446807952174 0.9906137137741988 1.5989946439218905
0.9832867539378692 -0.0002786590498206486 0.1820634007137683 0.12769249189659163 0.0027326104414302677 0.9999087743480927 -0.013227842676352866 -0.05213554421409203 -0.18204310580327843 0.013504270836624574 0.9831978144293586 2.013352849947147
0.973935675102832 -0.002884818849844618 0.2268060373583441 0.31444758600823175 0.006086707066749372 0.9998914326451058 -0.013419199678120948 -0.06466940498794116 -0.22674270166661284 0.014449939208220883 0.9738474965300288 2.940057820716379
0.9621842649491086 -0.003873999537599464 0.27237186420760506 0.38534036359685153 0.008119743031046914 0.9998624411221015 -0.014462662495605265 -0.07353820909291163 -0.2722783686917732 0.01612733582879395 0.9620833638420385 3.188195338423847
0.9488950346034396 -0.006074665755162015 0.31553337658780284 0.5636011986154531 0.012063097021565217 0.9997822208948635 -0.017029165357781765 -0.08886237974732365 -0.315361213523771 0.019965200186760755 0.9487616643743134 3.706568151537052
0.932364567092932 -0.006350869464094279 0.36146366413051734 0.7064732817870358 0.014474670922219521 0.9996997391853271 -0.019771579969300058 -0.09065535157944228 -0.361229564032767 0.023666388187448654 0.9321765412940074 4.20446974922955
0.9142135487045252 -0.004517217149582999 0.40520757904350974 1.0283932787605687 0.014223732792452965 0.9996794092721134 -0.02094669670394533 -0.10597406553747031 -0.404983052473221 0.024913318257142884 0.9139847120072037 5.083104456872551
0.8945161882588811 -0.00512442369151405 0.44700618477223764 1.4465526896672138 0.015598812461942982 0.9996831590687008 -0.01975496201463642 -0.13536555873457065 -0.44676332212098524 0.02464389896612232 0.8943127038408706 5.908654832204207
0.8724633525941601 -0.004925952100404425 0.48865471795129845 1.9217837211063065 0.01628249741583515 0.9996870065276389 -0.01899392686391391 -0.1719138660686939 -0.48840820904041116 0.024528024292896276 0.8722704840622693 6.744049358976432
0.8483185291033198 -0.005026922662882268 0.5294623718721864 2.414443115917477 0.017188485144894752 0.9996893573454297 -0.018048401278374992 -0.20165445315592784 -0.5292071703580781 0.024411449338843358 0.8481414103690337 7.5387253325795704
0.8231445674465762 -0.007179733573275127 0.5677864673528294 2.9328503750269457 0.02063965643369814 0.9996376088422047 -0.017281654160933125 -0.24047017551291736 -0.5674566288849642 0.025944217352928185 0.8229944543679844 8.335870472378055
0.7969564841990247 -0.0101944018822993 0.6039506904238061 3.468679912726626 0.025937361886997516 0.9995129114775555 -0.017354914232079025 -0.2517485812342119 -0.6034795900040638 0.029495999049397575 0.7968327117335264 9.037390764822028
0.7670839990059947 -0.008772082644279745 0.641486702149821 4.012538162759068 0.026601111125013597 0.9994814927450607 -0.018141845193343525 -0.27287329144526484 -0.6409949448754537 0.030980578209363518 0.7669196075325808 9.72639176349055
0.7366269392853702 -0.012377478292274582 0.676186032353665 4.61111956543742 0.032091384878225916 0.9993459631063875 -0.016667004516828402 -0.29499695776839385 -0.6755374862549564 0.033977110737828733 0.7365423685099481 10.365211322056659
0.7043217458724628 -0.011711118736670773 0.7097842827148972 5.274709124132343 0.03283764201403671 0.9993310736570117 -0.016096412348156276 -0.31991323175944386 -0.7091209823141069 0.034644695430318125 0.7042351720273682 11.040269843827804
0.6700707490838806 -0.010280068107653887 0.7422260514303366 5.96452376099767 0.03403965501188797 0.9992777509815871 -0.01689018294313447 -0.34862814003251397 -0.7415163471622447 0.03658273626839438 0.669936721114971 11.681595151690596
0.6345072666028113 -0.011428426618234594 0.7728324007786296 6.669923477254709 0.038825433234103056 0.9990996505023454 -0.017101874174342023 -0.37252208899226963 -0.771941134000782 0.040856816213729226 0.6343797019187045 12.26032590253479
0.5978542397341796 -0.009755713139441836 0.8015454660173725 7.405824653054326 0.039045293483903426 0.9990934518465502 -0.0169628869624379 -0.4036731810649374 -0.8006533413960265 0.04143791184996558 0.5976931707597908 12.814289660272262
0.560166198261033 -0.008180623429310509 0.8283398503791115 8.182472595812193 0.04190562339592605 0.9989507796883483 -0.01847318293741944 -0.42874198200222136 -0.8273196172299918 0.045060150469659596 0.5599212746324894 13.332779074769215
0.5219146800808039 -0.006719874445715748 0.8529712246046673 8.989945832715911 0.04697857038272509 0.9986776999225201 -0.020877394527572094 -0.4583834951088141 -0.8517030472183058 0.05096758739530808 0.5215402423535063 13.803666066010981
0.48263219628766146 -0.005690228345059588 0.8758046496838945 9.854371083319789 0.04872180117355167 0.9986048308718405 -0.020361184882699446 -0.4951400372400665 -0.8744668942829987 0.052497743387727135 0.4822360809212051 14.301030127732714
0.44435616750671747 -0.007059006088784408 0.8958223969246251 10.682998498466434 0.05372680221952119 0.9983790001497046 -0.01878304510297071 -0.5191307695433216 -0.8942376793235715 0.0564760346794486 0.44401512404970966 14.706263718922498
0.4074262452611089 -0.007489705726792979 0.9132074019523498 11.52419340757111 0.05751482501482188 0.9981917267401849 -0.01747345332103192 -0.5461755525237354 -0.911425202403329 0.05964210740386279 0.4071202763907452 15.075498332730264
0.372074892315526 -0.004999576098011042 0.9281892472697741 12.411434752479458 0.05909291610211005 0.9980845146279747 -0.018311988597336022 -0.5740967100229835 -0.9263197621636597 0.061662840501230366 0.3716576278329034 15.427148359430221
0.33896182865984126 -0.005616396049835261 0.9407833623140811 13.305011314455934 0.059828001494386836 0.9980868358516667 -0.015597382369983207 -0.592613938755766 -0.9388958882372233 0.06157210565685738 0.3386493567928581 15.732373070069716
0.30551557441544813 -0.007064468229450494 0.9521608724780879 14.298111258688774 0.06221899897987578 0.99798349459992 -0.012559485342692437 -0.61594487711929 -0.9501521088518098 0.06307961473222685 0.3053390447513922 16.04703246993127
0.2727322060817952 -0.006813476443815104 0.9620658606896445 15.493107644535801 0.062908884630843 0.9979612033562291 -0.010766096334798846 -0.6381664999801134 -0.9600310494980154 0.06345875144167633 0.27260478877892613 16.386887653950183
0.2403388243301564 -0.003743734942064358 0.9706818397231307 16.439172112790153 0.060395977898022625 0.9981127283011717 -0.011104389084166878 -0.656400644644071 -0.9688083274690305 0.06129409475532342 0.24011134620168517 16.627335535485578
0.2096157697271699 -0.001888798229115888 0.9777820112494071 17.395568885842653 0.06037157987975389 0.9981152023967603 -0.011014312838132393 -0.6675266236219743 -0.9759182862435302 0.06133901846071095 0.20933471615995242 16.819276320518807
0.1791158035112192 -0.001724301995796811 0.98382648658956 18.010303717802397 0.06256603643041801 0.9979942532099827 -0.009641661954055632 -0.6815958137639856 -0.981836554635199 0.06328109782925677 0.17886442530477095 16.93166174619282
0.14824541474031785 -0.001986346498874641 0.9889486090975897 18.629489071429482 0.06435332903195531 0.9978979121961247 -0.007642373788294008 -0.6947817323136528 -0.9868545718853291 0.06477508210879793 0.148061617871825 17.02955420353929
0.11780251513641467 -0.002499343086780244 0.9930338970607545 19.487822190154063 0.06303994119187631 0.9979986470404882 -0.004966519896204766 -0.7050459266064035 -0.9910340726948087 0.06318586700749768 0.11772430916531709 17.130831593829168
0.0882241585103157 -0.002798409714553427 0.9960967155644155 20.209848745346942 0.06369995862189497 0.9979650593449247 -0.002838238582185183 -0.7156307122756804 -0.9940617753071062 0.06370172077542353 0.08822288616642708 17.199449126333874
0.061050014781504805 -0.002486428105498118 0.9981316112469608 20.871687957257734 0.06669006473894523 0.9977724670323949 -0.0015935172428648853 -0.7227863799171962 -0.9959042780108402 0.066662746023279 0.061079843912230286 17.23988437728016
0.035897770486976364 -0.0019585677130603456 0.9993535480932549 21.543454966131517 0.07080147061380183 0.9974902533916562 -0.0005883430733509365 -0.7282380990657702 -0.996844271605644 0.07077682107273793 0.0359463456536306 17.258592376837836
0.013259433018010552 -0.0014379679612212272 0.999911055886564 22.262992856988898 0.07514670050223667 0.9971723933021439 0.0004375382279986899 -0.7328540139685392 -0.9970843298536326 0.07513421513675586 0.013329999104112396 17.259791831898212
-0.006916629658877651 -0.0014415349826998791 0.9999750407940469 23.023009993062196 0.08101492124337853 0.9967108877469845 0.001997193667776817 -0.7361354893522246 -0.9966888896592009 0.08102671302423098 -0.006777094244424425 17.244985894454615
-0.025126153174808586 -0.002248223612838023 0.9996817603203647 23.94749167302072 0.08529677838082861 0.9963459414396598 0.004384583739538988 -0.7457576025579202 -0.996038722151146 0.08537980128405018 -0.024842574508457334 17.229939854578163
-0.04076515083109066 -0.002083487251423012 0.9991665834877546 24.77999550643108 0.08847288271866803 0.9960623530829108 0.005686632956563615 -0.74729156254928 -0.9952440662978943 0.08863096440751968 -0.040420299937355325 17.196079175052972
-0.05509203587958157 -0.0027556491421438277 0.9984774779535335 25.570262385395125 0.09090335986590453 0.9958294527800847 0.007764028645363873 -0.750418636057089 -0.9943346754225827 0.09119269364111127 -0.05461177417687242 17.149582928334915
-0.06832049624830931 -0.003846183187886448 0.997656011191869 26.501757263733285 0.09109327164253309 0.9957913771580836 0.010077154313897187 -0.7523235803747299 -0.9934960118962957 0.09156822621680318 -0.06768259963730693 17.08329509018067
-0.0805656989698169 -0.0036785555209212836 0.9967425125772378 27.365564044056743 0.09086014823757377 0.9958026964275642 0.011019221834487683 -0.7504667726212704 -0.9925994164877143 0.09145194375665851 -0.07989330617378443 17.013842118805492
-0.09168816218979157 -0.0007601172682611896 0.9957874789009941 28.207047218278355 0.09107591456648126 0.9958019520901054 0.009146037361263633 -0.7475752896388499 -0.9916140674174291 0.09153083871173211 -0.09123402251676437 16.93556948658008
-0.1020389929871598 0.0025287242043430798 0.9947771858381481 29.09345442202576 0.09174628521140783 0.9957586503932208 0.006879630584395951 -0.7518324351926312 -0.9905405913237849 0.0919691019906638 -0.10183821099645059 16.85259504017828
-0.11153340984618185 0.005089233756268847 0.9937476531735099 30.014974421834864 0.09291907364318107 0.9956593992920935 0.005329761214162088 -0.7505920528020331 -0.9894070670059805 0.09293255780984912 -0.11152217473463477 16.754088296692085
-0.11920632503793088 0.006291070937341465 0.9928495729451734 31.13970400043194 0.09259470584303334 0.9956922721621818 0.00480828517800536 -0.7459652477979422 -0.9885423979378898 0.09250579215904395 -0.11927533649600217 16.626965380881845
-0.12487109018474023 0.007038651485363525 0.992148007215326 32.04959246854845 0.09231321651223387 0.9957196024348275 0.00455449055261612 -0.7419542349330879 -0.9878691618292574 0.09215709800279101 -0.12498635283287593 16.510304849802438
-0.13002150397364853 0.008802027531302633 0.9914721039019552 33.18005705411853 0.09334766827759065 0.9956277590560509 0.0034026789684429223 -0.7378932737910548 -0.9871071985005313 0.09299403049854105 -0.13027466737654375 16.362780897233616
-0.13496377568240236 0.010434696071794638 0.9907955875817375 34.22234657073717 0.09241009902015139 0.995718814723109 0.0021013342171038764 -0.7391527850170816 -0.9865318813158732 0.09184312235706839 -0.13535024205027738 16.231114817135563
-0.13913944248350363 0.011332505548335023 0.9902079528378762 35.39592348219195 0.09286294893754812 0.9956775273259718 0.0016535696719843461 -0.740921776083965 -0.9859090669326467 0.0921837073242053 -0.1395903859295591 16.06815642647624
-0.14230229703504355 0.010444040930341103 0.9897681436920449 36.58823820846003 0.09263125144796618 0.9956965139003714 0.002811309629064597 -0.7393220171314028 -0.9854793288109771 0.09208351761141721 -0.1426573456593597 15.90731924120967
-0.14481383556840727 0.008470161344479985 0.9894226646862126 37.88667491829576 0.09343927989755574 0.9956116459232659 0.005152812260388788 -0.744401873285606 -0.9850370825508006 0.09319713980999134 -0.14496978695936785 15.72611437968765
-0.1469661124137326 0.007267538759129684 0.9891148288658802 39.15641268712622 0.09335937336945677 0.9956108884211349 0.0065563908776039605 -0.7421375313584077 -0.9847258446928548 0.09330670789210238 -0.1469995546125277 15.53774982303738
-0.14898181757110465 0.008204516642846436 0.9888058980102556 40.491863178890995 0.09583999353136725 0.995377561876056 0.006181015578766857 -0.7360971502835991 -0.9841844916849267 0.09568800980444073 -0.1490794791597683 15.33027713566531
-0.15012647657941358 0.008040549392309531 0.9886341034959907 41.57676313639616 0.09552324898151585 0.9954065618059277 0.006409806371209316 -0.7314305072094476 -0.9840413354803071 0.09539982326593119 -0.15020493928950232 15.167534068955787
-0.15079443334770198 0.009479235250380509 0.9885196927580219 42.93519190352521 0.09724387112966444 0.9952465228577465 0.00529039386828182 -0.7262611920896614 -0.9837706381057848 0.09692524355725032 -0.1509994329867007 14.958691781201304
-0.15076823734634515 0.00982506957335753 0.9885203116857819 44.2789814110363 0.09690838028504882 0.995281303047143 0.004888111630124871 -0.719036499822641 -0.983807757866345 0.09653287425876685 -0.15100893930273368 14.748518015619421
-0.15044541202034645 0.011109267666032268 0.9885558973441781 45.60154015568193 0.0962116601275378 0.9953548960522732 0.003456495373997883 -0.7151719197745111 -0.9839255533105804 0.09563061788303877 -0.15081541852800381 14.550899716061743
-0.14915116391691505 0.01101937999283714 0.9887530043275741 46.94737852417252 0.09668003367728503 0.9953093892867938 0.003491516247630999 -0.7156504061101165 -0.9840766745484769 0.09611343746907561 -0.1495169078983698 14.340724019545751
-0.14781149521232811 0.009973089702461385 0.9889652670164323 48.378967581976475 0.09582498941488911 0.9953889777260524 0.004284206474914091 -0.7145811132652932 -0.9843623993665812 0.09540084120839801 -0.14808560433073098 14.125181841739558
-0.14672664157431212 0.010728704551020284 0.9891188945475569 49.65652711071127 0.0967998400651702 0.9952974889147094 0.003563639071283706 -0.7160223547414221 -0.9844293187505547 0.0962694315903539 -0.14707519480044695 13.935975739895929
-0.1458133984334903 0.011512300180983488 0.9892451262360709 51.24457138316106 0.09662551485639076 0.9953172543991913 0.002659506343640431 -0.712801690236642 -0.9845821259377066 0.09597411129985725 -0.14624297331560604 13.707528906472437
-0.14504174352279495 0.012152260325734628 0.9893509060009213 52.7681710325172 0.09774160285825859 0.9952096000940335 0.0021049825108862994 -0.7147518623307983 -0.9845859392183937 0.09700605367526431 -0.14553471697085052 13.493378750775838
-0.14409053200575192 0.012025907891016674 0.9894914330734231 54.155659648651884 0.09726798294532425 0.9952560784765114 0.0020682720573219093 -0.7146605175839468 -0.984772490517504 0.09654385425780232 -0.1445767136332846 13.296969986142495
-0.14334320022286715 0.010398410053609555 0.9896184113173241 55.54697913476556 0.09905043074855786 0.9950748057837364 0.0038914088686672174 -0.7185025795206363 -0.9847038839764937 0.09857993691829488 -0.14366717411709923 13.098722442784037
-0.1428178960470221 0.008534936552407042 0.9897121821149565 57.005824776882186 0.10070243602395586 0.9948987856736577 0.005951944549547384 -0.7191472215849956 -0.9846126486835027 0.10051647189951607 -0.1429488402517866 12.895683738773535
-0.14221622222616115 0.009646923006020831 0.9897886052143838 58.37318829364283 0.10201555905202843 0.9947704255899164 0.00496246742633796 -0.7171211241867501 -0.9845645595119809 0.10167958127456701 -0.14245662815329987 12.704160382650254
-0.14146946230937568 0.011631326028460346 0.9898742867095376 59.95150489174042 0.10394686810089684 0.9945778024731143 0.003169138647060917 -0.7151069528154979 -0.9844701315153805 0.10334266825744928 -0.14191142685323122 12.475594602608966
-0.14073949998353855 0.0112512489159009 0.9899827284060142 61.357830097386135 0.10314322571685233 0.9946608434452647 0.003358795241741542 -0.7188353844776683 -0.9846592649912485 0.1025827271746367 -0.14114855986622094 12.269269355838889
-0.14061285752539798 0.011095054093915691 0.9900024869025306 62.73032314086516 0.10340181299050011 0.9946333681377697 0.003539499568089384 -0.7199103748433845 -0.9846502370734592 0.10286575115930453 -0.14100548879250194 12.072969330420504
-0.14076302480957195 0.01011806002159188 0.9899916139583502 64.11662579377303 0.10302476042832359 0.994668690075494 0.004482825246009619 -0.7170503873720617 -0.9846683043467713 0.10262466489542957 -0.14105498420812562 11.885647829126125
-0.14052853935480125 0.01033678026768876 0.9900226667104666 65.60752855390098 0.10450746919421347 0.9945141431502426 0.004450613076685741 -0.7169111563820277 -0.984545539073448 0.10409020149771728 -0.14083789064998867 11.680968832689729
-0.1408229685233104 0.010231474097380568 0.9899819233067225 67.08972131218252 0.10563191803578142 0.9943939592704136 0.004748858662024515 -0.7178831819652924 -0.9843834564987185 0.105242437753525 -0.1411142794593477 11.498840662460536
-0.14073269675554778 0.011232434988824334 0.9899839091965752 68.58470116892887 0.10633202795252597 0.9943232871266467 0.0038341243018803583 -0.7237079904146313 -0.9843209882428668 0.10580658335794088 -0.14112816523538094 11.29116868929883
-0.14142961874298873 0.011924215507872846 0.9898764953400675 70.00835945836896 0.10599387252384 0.9943617435786349 0.003165737616435918 -0.7310429114393229 -0.9842575688962786 0.10536857212555359 -0.1418960960654286 11.09731109381946
-0.14301874558393562 0.012642885400022235 0.9896392251019356 71.57322893952423 0.10490481109730043 0.9944792356275527 0.002455710544278866 -0.7322349057093662 -0.9841446128594299 0.10416912860535744 -0.14355547229333837 10.892790957981905
-0.1444385491239931 0.013249087094319675 0.9894250690265146 73.12811263028058 0.10422217189735587 0.9945522313323034 0.0018968492121191217 -0.7395793650182843 -0.9840097786160226 0.10339400777174018 -0.14503252995429552 10.67887576332844
-0.1456635147496301 0.012349467664664476 0.9892571107246002 74.51765419586853 0.10282211184371434 0.9946960340461606 0.0027227135062380826 -0.7418321342554004 -0.9839765006273182 0.1021141053000896 -0.14616071877210843 10.481901816041603
-0.14657779551836816 0.012042215105052798 0.9891258438218765 76.04713632136918 0.10268708553836883 0.9947088566135429 0.003106933892561606 -0.7437005314095384 -0.9838548227887137 0.10202585765354139 -0.14703881135757416 10.258123270298787
-0.14736622602983515 0.010940854920178301 0.9890214826379351 77.6748906175519 0.10025022793699465 0.9949544909316944 0.003931001581353317 -0.7481320435200888 -0.9839883572605442 0.09972892593659884 -0.14771951159961352 10.039579231001719
-0.148924632288968 0.011953580005554949 0.9887762971585872 79.11816161153743 0.09993252502146602 0.9949896250810503 0.003022651800022968 -0.7446009962530948 -0.9837860256887317 0.0992610593642891 -0.14937301547953516 9.822390521879324
-0.15162105436578127 0.012858341473391979 0.9883550571164003 80.79113108883381 0.09895789888875965 0.9950891112512716 0.002234931022519124 -0.7492695618144077 -0.9834726178804019 0.09814440240638819 -0.15214889469122753 9.574482835153054
-0.15568399083039183 0.014003076725794312 0.9877076535297955 82.30603071218374 0.09934167799463857 0.9950521719182918 0.0015511846759286992 -0.7467890303493829 -0.98279892450711 0.09836203029066057 -0.1563047823477173 9.341093660646031
-0.16027860471767777 0.013031140683240901 0.9869857943467315 83.69563233308973 0.09767407212980049 0.9952147346046334 0.0027217015652884376 -0.7582141639415115 -0.9822273385033309 0.0968391521974535 -0.1607844336319335 9.130443656713476
-0.1655935048307311 0.012130342749048824 0.9861194886739972 85.63279006774222 0.09583883801283666 0.9953894212733093 0.003849304552059772 -0.7674421544212331 -0.9815262137539801 0.09514596576826508 -0.1659925808938471 8.830372097211407
-0.16996136701021722 0.012956375276203181 0.9853655494605648 87.2199702661479 0.09461654015627705 0.9955085513611011 0.003230247014802358 -0.7727878605705023 -0.9808979784120638 0.09378089627756409 -0.1704238816612949 8.554274301451555
-0.17483463035874677 0.01471094899218869 0.9844879074966182 88.88433212428562 0.0953621681722287 0.9954405107259962 0.002060700623241282 -0.7846635123115266 -0.9799688305802444 0.09424318322996256 -0.17544034172866826 8.27350226511874
-0.17903230507082354 0.016228024528646832 0.9837093498391308 90.39120770065018 0.09484018822284955 0.99549215770313 0.0008382418625383179 -0.7963575921007922 -0.9792613402145935 0.09344525226817733 -0.1797643245743015 7.989511697772771
-0.1838797160904413 0.016380373288433666 0.982812257443623 93.08097656382058 0.09358085909081396 0.9956112624107798 0.0009148620866815893 -0.8147173661852943 -0.9784839665637469 0.0921406399573175 -0.18460560567310033 7.5300119218456505
-0.18808821831178202 0.016094948320434368 0.9820202517111661 94.77715898896716 0.09181233836576891 0.9957755245580101 0.0012646007387091501 -0.8234775458429844 -0.9778513775907405 0.09039943213196279 -0.188771359093772 7.195300795344433
-0.1944791748179563 0.015710809135257606 0.9807808221200303 96.3633279137211 0.08975143410517197 0.9959624912962376 0.0018428258343839595 -0.8262266595305708 -0.9767919587292843 0.08838487657572656 -0.19510403110777072 6.906605457805729
-0.19995714484318813 0.015212969613387278 0.979686534449516 98.38820336731352 0.08865533436323629 0.9960588974800507 0.0026276300667226284 -0.8321643141401208 -0.9757855153234768 0.08737985068862808 -0.20051780414349785 6.501247449383434
-0.20598704658793765 0.015201460589255863 0.9784366368007346 100.1179605129844 0.08880708862362888 0.9960436358614673 0.0032212528715532913 -0.8339478709841222 -0.974516617430495 0.08755564548229246 -0.206522084281574 6.177170015492023
-0.21147552470633482 0.016761296156161627 0.9772395619301064 102.46251300023926 0.08915410170226562 0.9960153931527835 0.0022096950846054817 -0.8408789987452453 -0.9733086091265413 0.08759221171925223 -0.21212721618473998 5.7098618934773535
-0.21610995729055477 0.01780353055106354 0.9762066997617832 106.80651581131448 0.08884105128200037 0.9960446834425724 0.0015020628793723945 -0.8643835122325474 -0.9723187512163813 0.08705184022007789 -0.21683685836894664 4.674019337482635
-0.2215659499638194 0.01780538148319563 0.9749828194418959 109.28172049790963 0.08921810645049645 0.996009929688541 0.002085531878075538 -0.8740690624630018 -0.9710554357491739 0.08744820382411793 -0.22227044866539844 4.114287098567069
-0.22755343104317327 0.01775445791973977 0.9736037259811902 110.74838500352284 0.08848977943357407 0.9960739025303481 0.002517862934909003 -0.8851374467983858 -0.9697365595646464 0.08672692731751644 -0.22823112215862493 3.802432699251386
-0.23095587015552801 0.02034291236179829 0.9727515365998368 112.11081214661837 0.09484264558972236 0.9954908256514637 0.0016995944541023853 -0.9025578237451212 -0.9683306556224713 0.09265086054865493 -0.23184382549757204 3.5300270712460526
-0.2418643797211606 0.02459774064242167 0.96999823349189 114.0259569142714 0.08295141596956895 0.9965430341312573 -0.00458734270688556 -0.7071713500796328 -0.9667578209721097 0.07935321215776363 -0.2430686802315414 3.024778219546609
-0.24177848283147593 0.0149473796081944 0.9702163372581185 115.29393724707789 0.0692485882270764 0.9975976494165046 0.001887566481171261 -0.6174576920858682 -0.9678573233014598 0.06764248459003092 -0.2422327310877311 2.6366639151237274
-0.24533539965046622 0.014714809646861973 0.9693265786386978 117.60012599556487 0.07145835187982769 0.997439238326753 0.002944451182304539 -0.6344830572899802 -0.9668010372485979 0.06998885785039555 -0.24575865020754106 2.0431360265024763
-0.24879686877452253 0.015566603729550862 0.9684305855022965 119.54035804796328 0.07305269483132776 0.9973243274426029 0.002736725970979709 -0.6489933007713707 -0.9657967808322172 0.07142735288029703 -0.2492683521721916 1.5668509402379933
-0.2520620956182347 0.016187953025315283 0.9675756560235458 121.87496172140827 0.07328710334372378 0.9973079809999633 0.0024065571388796904 -0.65900090657076 -0.9649319667396403 0.07151741893151999 -0.2525699078539313 0.9721629975896471
-0.2583476844048439 0.015720546392020383 0.9659240852074206 123.69080148325678 0.07289553471874355 0.9973342372126666 0.003265011714570744 -0.6760617174233273 -0.9632978329575561 0.0712550609049222 -0.2588049483968812 0.6241033226508466
-0.2642290824168263 0.01612271637909909 0.9643251785687864 126.31158301725706 0.07168848672509333 0.9974226579522538 0.0029668627414842085 -0.6960875946371082 -0.961791948851844 0.06991494418234077 -0.2647038868315918 0.013621370621586304
-0.2670824088895019 0.016568206313047628 0.9635312560583335 130.05479823975998 0.07070022377904159 0.9974946110306123 0.002445265319013342 -0.7492734587906221 -0.961076721817449 0.06877496277320126 -0.2675846394623027 -1.1319830909302147
