0.9999798253488642 0.000482794585741174 -0.0063337038644753745 -0.09199902959364936 -0.00048060048421980957 0.9999998239824515 0.00034793424752681333 -0.016520050951533305 0.006333870730403248 -0.0003448832469305714 0.9999798813661785 0.9956220399681714
0.9999091371609341 0.0009755300253655445 -0.013444915888391555 -0.17525573322506272 -0.0009714207516791249 0.9999994794472382 0.00031216498145690357 -0.03216301421116815 0.013445213415915737 -0.0002990759469618666 0.9999095643055819 1.9920273786737017
0.9997739864078329 0.0011019747242755327 -0.021231150555199706 -0.24637594116462755 -0.0011091575437464551 0.9999993315695705 -0.0003265424248013496 -0.046133777746204904 0.02123077652215409 0.00035001731257564434 0.9997745403920563 2.9893972768503376
0.999545448895535 0.0016832031062195287 -0.0301008707436653 -0.39386420871798467 -0.0017335116496376654 0.9999971439356825 -0.0016453139027524108 -0.05924211880993695 0.030098015376170628 0.001696746233599113 0.9995455119816378 3.9783742039465477
0.9991403130667779 0.0018095279052639957 -0.04141690975412421 -0.5345948483911122 -0.0019427243893984183 0.9999930694921331 -0.003175970662472217 -0.06796469568852471 0.041410875706365285 0.0032537019627062527 0.9991369039309725 4.96838369062321
0.9985045236966493 0.0015456147715146476 -0.05464729849045996 -0.6987172145036084 -0.001764200867208527 0.999990634881932 -0.003951929115125622 -0.08316741189439804 0.05464067855204117 0.004042427910168911 0.9984978993588134 5.954706511185323
0.9974933792896223 0.0015046219431994268 -0.07074386465395864 -0.871491283597286 -0.001800667745219681 0.999989886729404 -0.004121169079926536 -0.08030505015387736 0.07073694840068306 0.004238225067414403 0.9974860006933614 6.939663823932461
0.9960240136707295 -3.0471013657293843e-05 -0.08908514613990144 -1.0597316082616381 -0.00035166171755344946 0.9999908053383207 -0.004273824148647803 -0.08348165529979197 0.089084457259876 0.004288159317759132 0.99601484485141 7.9217816729455
0.9940435071619526 -0.0012615124926734806 -0.10897666931685879 -1.2562990117697304 0.0007831322869776879 0.999989870054681 -0.0044324363327471585 -0.10018346494436432 0.10898115696296426 0.00432069140920673 0.9940344254867433 8.902129715955052
0.9913638204239368 -0.001465535077059172 -0.13113210042317738 -1.4937451135237936 0.000848504372781494 0.9999883056116992 -0.004761163741456016 -0.12309548266352063 0.13113754456594698 0.004608779315772677 0.9913534705433942 9.873260174856334
0.9879450059875778 0.0020184733023224976 -0.15479208929959018 -1.8068152536789706 -0.0030508248092886935 0.9999746605070019 -0.006432014605865123 -0.13959681895216294 0.15477518409676502 0.006826720254620444 0.9879261299704433 10.822846807683424
0.9837225851249277 0.006330682715604731 -0.17958228746589436 -2.1585565637539195 -0.007893896656593796 0.9999369096491849 -0.007991440221490004 -0.16993273103725925 0.17952036628389487 0.009278964252165981 0.9837104954770498 11.75845236732098
0.9785538234734872 0.009274795588943088 -0.2057823916961848 -2.5355876995401947 -0.011309477051387061 0.9998980802634513 -0.00871348462383315 -0.21425502666971327 0.20568060262028318 0.010853904930896925 0.9785589826134692 12.683591836135042
0.9721130020921425 0.010046296806660124 -0.23429763781112697 -2.9242043375673537 -0.012535696837682835 0.9998796688388142 -0.009138060383788326 -0.22446563488820004 0.2341776408374532 0.011820311470369254 0.9721219639369064 13.604934786468007
0.9643308015018481 0.012012884646903369 -0.2644272979048547 -3.3342334120459047 -0.014740066444790772 0.999856646061429 -0.008331732592573096 -0.25971947961289454 0.26428930306769083 0.011932222309829132 0.9643696316012563 14.516325649113883
0.9551723019063253 0.013695739202641763 -0.2957334955642738 -3.774680756561051 -0.01666692519688927 0.999832756027997 -0.007528185567709446 -0.2660054692631271 0.2955809318536167 0.012119682386671354 0.9552408209574136 15.414082076572729
0.9442605018235848 0.01587531048904197 -0.3288161784534751 -4.243811700906504 -0.019051211428737613 0.9997977756670478 -0.006438875237334513 -0.28162731741275443 0.3286474646775304 0.012344322099691626 0.9443719932700939 16.297072503994187
0.9322269608817434 0.018246744335838574 -0.361413820607804 -4.756013572559281 -0.02190830735960996 0.9997417632334108 -0.0060359684880426255 -0.29321503310952785 0.36121035349754904 0.013544857625472667 0.9323859808888598 17.15585940859877
