1.0 0.0 0.0 0.0 0.0 1.0 0.0 0.0 0.0 0.0 1.0 0.0
0.9999914777046803 -0.002741402701031806 -0.0030869449688295334 -0.009552301867383263 0.0027347236055496865 0.9999939152691985 -0.0021658050189957315 -0.005063198749039646 0.0030928635293293776 0.00215734462009047 0.9999928900044135 0.8603750417669395
0.9999742401475522 -0.0013964105026681589 -0.007040531161347496 -0.02408278300654037 0.0013707252170879968 0.9999923930370076 -0.0036517092570537008 -0.011001467358007389 0.007045576889446732 0.003641964555957531 0.9999685474756033 1.719559032472401
0.9999414838888574 -0.0015822790553402764 -0.010701644319509592 -0.04829233335133981 0.0015274580508467593 0.99998568049496 -0.005128906017332841 -0.012609631585741455 0.01070960643782784 0.0051122595809251865 0.9999295820866207 2.579654487909344
0.9998801313705755 -0.00010445010519278793 -0.015482634806010559 -0.0698892911373089 1.5266386048118277e-05 0.9999834095173167 -0.005760248003340974 -0.019932596609454886 0.01548297960013578 0.005759321166427731 0.9998635444711461 3.4387823045369013
0.9998081226315605 -0.0011804848179986969 -0.01955311677326509 -0.09990558917396185 0.001069558744370196 0.9999832821953688 -0.00568254994432031 -0.03743685210711438 0.01955949805201571 0.005660546384566466 0.9997926706325573 4.298515765542909
0.9997122670626704 0.000631558011861322 -0.023978828555486793 -0.12923868530062022 -0.0007910952955806454 0.9999776131210479 -0.006644352862789032 -0.05485633467231145 0.023974095450070353 0.006661410602086997 0.9996903862477328 5.157236451296126
0.9995796275965437 0.003155047298433032 -0.028820370755762357 -0.16505229704617974 -0.0033533499775164613 0.9999710191475971 -0.006834903718733207 -0.07554138832668462 0.028797971072338426 0.006928675303455427 0.9995612389046786 6.0167803392363215
0.9994428422804066 0.0030530712227760442 -0.03323678339687694 -0.20081601273623642 -0.003214976064146056 0.9999832209127739 -0.004818902553637771 -0.09327790189708082 0.03322151326127731 0.004923073127950214 0.9994358880926819 6.8752986326126795
0.9992794530535751 0.0021390777350558314 -0.0378945781265745 -0.23316510168113344 -0.0022201049981317917 0.9999953383667256 -0.002096277323088988 -0.10410699599001118 0.037889917375799845 0.002178896799165882 0.9992795437563974 7.734928566980734
0.9991575389115839 0.0014186775316619537 -0.04101462897805785 -0.28354256914045367 -0.001399692385959543 0.9999988995949745 0.0004915994964680816 -0.10634738093267494 0.0410152812665142 -0.00043377747912768 0.999158425145746 8.594047869164477
0.9990468522525674 0.0023992187513398695 -0.043584753683134865 -0.33996248776641375 -0.0024009068409915103 0.9999971177263303 1.3615175961102213e-05 -0.11449812145108026 0.04358466072573237 9.104073459399557e-05 0.9990497330268436 9.451288453261238
0.9989443289635609 0.002096985657873567 -0.04588932645715395 -0.38701648227015095 -0.0021571720678865668 0.9999968768849125 -0.0012620733303185605 -0.09562678021290318 0.04588653658983324 0.0013597321693054124 0.9989457327043435 10.310225957811879
0.9988637413495824 -0.0009666931528144258 -0.04764757833785501 -0.4301935018528324 0.0008694371359587246 0.9999974964521287 -0.002061836206306782 -0.09668513074482903 0.04764945221280454 0.0020180668530361797 0.9988620811253154 11.169498312205127
0.998782340480083 -0.0012214099527953354 -0.049318804758976216 -0.4847566243423687 0.0011643266978171877 0.9999986186991086 -0.0011861463719010867 -0.10393650153679024 0.04932018540585135 0.0011272788483940106 0.9987823829813631 12.027326759370517
0.9987034973653124 -0.0024524609678208548 -0.05084594168165213 -0.5255179283182879 0.0023895361840412105 0.9999963022481538 -0.001298309225132545 -0.1171758344797257 0.0508489377186762 0.001175127746341573 0.9987056646518342 12.882124089681344
0.99860884529171 -0.00013854681512765702 -0.05272907082375975 -0.576607961251098 -5.0448557960584665e-05 0.9999935800313715 -0.0035829249201930094 -0.1264203860107694 0.052729228707615775 0.00358060062290651 0.9986024272647643 13.744229204745015
0.9985360365206198 0.00015944436879161656 -0.05409027959979577 -0.6271003154932427 -0.0004914132033048702 0.999981126987326 -0.0061240658243355665 -0.1383891538542167 0.054088282305453525 0.006141681093189232 0.9985172694904154 14.613405951938077
0.9983967987395094 0.0034872673172660147 -0.05649487793913017 -0.6641621554553163 -0.0039364965269051535 0.9999615000481161 -0.007842347646923573 -0.14246232569157402 0.056465354526408086 0.008052166676086119 0.9983720881264797 15.4942319792992
0.9983491094223284 0.0045141351197743 -0.05725974414686116 -0.7289355331919856 -0.004935379840333463 0.9999617744694854 -0.007217452851924843 -0.16051694967331925 0.05722497480536984 0.007488136213941852 0.9983332259694485 16.38361589504881
0.9982758202557336 0.003643786587405262 -0.058584208725964766 -0.7863405548767559 -0.003973355036647076 0.9999769256491805 -0.00551004709290854 -0.1812618688926196 0.058562779497687026 0.005733322642130252 0.998267263747032 17.283268966010684
0.9981683076061346 0.004739566102258847 -0.060312239254290634 -0.8279453067637047 -0.004994325136804662 0.9999792295836992 -0.004073956015880722 -0.1933359555626927 0.06029167776013833 0.004367712714198145 0.9981712461689697 18.188397914715544
0.9981343600268656 0.004142669917487876 -0.060915003239869835 -0.8990138396742656 -0.004389228938111979 0.999982706162185 -0.0039143384986563765 -0.20728138019029535 0.060897733973338045 0.004174405647270452 0.9981352815798089 19.09856644908507
0.998045883506501 0.004470305390546016 -0.06232520184838683 -0.9284838215453828 -0.004793040334408891 0.9999758641812201 -0.005029693765530193 -0.20714423650619054 0.06230121331145674 0.005318592364295131 0.998043221205967 20.013191932113177
0.9977727945172972 0.0005778787841089904 -0.06670169845853505 -0.9504325679686074 -0.0010800006971651895 0.9999713509120207 -0.007492059375264088 -0.1782687798343451 0.06669545801354529 0.007547410900383977 0.9977448333462139 20.930982841413936
0.9976098402804926 -0.001930782665578213 -0.06907154735364998 -0.9976098379722632 0.0014867601327160907 0.9999779040337905 -0.006479273762957809 -0.165737385534065 0.06908253122054067 0.006361094440887396 0.9975906677378639 21.85839545060361
0.9975819666197013 -0.0007630540222497003 -0.0694955942756628 -1.0545768357986995 0.000552944962308322 0.9999952186192095 -0.003042530293750486 -0.1767056519751748 0.0694975836057418 0.002996746115182166 0.9975776187273269 22.792743304459425
0.9976116000593815 -0.0005247446941469283 -0.0690711232713496 -1.1162888852559776 0.0005713672346666337 0.9999996221006763 0.0006552388785278727 -0.18283558461370253 0.06907075333629396 -0.0006931388827282853 0.9976115228845575 23.72802269758534
0.9976940461081363 -0.002282680362080307 -0.0678334705786166 -1.1792633261284957 0.0025247881524437243 0.9999907448324212 0.0034836323406531606 -0.18756256149757655 0.06782489074934625 -0.0036468643879555406 0.9976905755668812 24.66991623746228
0.9977867216521019 -0.002228097732230046 -0.0664582099912866 -1.2402196731021018 0.002513487143609158 0.9999879750082241 0.004210964418090392 -0.1910854726760045 0.06644802839158757 -0.004368686238120538 0.9977803235699847 25.61482654963707
0.9978994473737082 -0.0020623463861019074 -0.06474905141105108 -1.312680100879385 0.002152941213004398 0.9999967987303974 0.0013294258500186145 -0.19944557555947734 0.06474610239528367 -0.001466034222343786 0.997900692939071 26.561448839193982
0.9979310082092259 -0.0017167043352783388 -0.06427095596568141 -1.3697943833758255 0.0014996573337519871 0.9999930096571151 -0.003425151790250363 -0.205448608391396 0.06427638666258903 0.003321680768852898 0.9979266067975494 27.51302175026421
0.9979915539948697 -0.0029576271132301475 -0.06327804197953237 -1.4305119699439044 0.002567379721409565 0.9999771877211909 -0.0062476074288024906 -0.215305021368963 0.06329507655632051 0.006072600684831635 0.9979763808851649 28.47108410312871
0.9980137771677059 -0.005812682929572557 -0.06272729310761042 -1.4890733796125817 0.005494372251320789 0.9999711462135306 -0.0052458187122775505 -0.22592815133805158 0.0627559754685698 0.0048907522487261325 0.9980169177350801 29.43912582265925
0.9979736564765084 -0.007797159113169152 -0.06314891359850161 -1.548027304994813 0.007795327276277684 0.9999695780534765 -0.0002753910096420908 -0.2372553997972457 0.06314913975314965 -0.00021743347578852355 0.9980040775824118 30.41431012861778
0.9978792576031514 -0.01160054649844451 -0.06405009419446461 -1.6100296237035465 0.011828284557622238 0.9999249945656162 0.003177566266267316 -0.2508459414320966 0.06400842858410354 -0.003928430206842381 0.9979416258009802 31.393083929392937
0.9976869990978516 -0.019133474497356535 -0.06522700349380804 -1.6633956957060705 0.019351012319552448 0.9998090927331807 0.002704886367822791 -0.2659195482286885 0.06516279731051126 -0.003960838511390094 0.9978667855004273 32.37213290378195
0.9975377306165789 -0.021636546683445543 -0.06671083752989186 -1.7287797910946638 0.021608027422458067 0.999765858938388 -0.001149109262816883 -0.2735254627410123 0.0667200805397809 -0.0002952097604603113 0.9977716891673978 33.35049145873979
0.9974338707865219 -0.02163442450118757 -0.06824679541427121 -1.7966576873880489 0.021353794029607562 0.9997602714395438 -0.004838918440220245 -0.29265352873845885 0.06833512192391317 0.003369173137791938 0.9976567344452757 34.33379659235277
0.9973157432288146 -0.020020352119722595 -0.07043077316740633 -1.8685921569942014 0.019680975023566985 0.9997911316040943 -0.005509300130373336 -0.31132070887918184 0.07052636053333577 0.004108365466595549 0.9975014555393464 35.34442025509935
0.9972346853190113 -0.020488962682797547 -0.07143657889957153 -1.9505288664007292 0.020245678530224506 0.9997865129523124 -0.004128076974410579 -0.325326585469231 0.07150590813032577 0.0026703795308491343 0.9974366015820848 36.401605679607556
0.9971997054612391 -0.017352633465243926 -0.07274361511389277 -2.0322619184798465 0.01729615937282962 0.9998494213330769 -0.001406247083990703 -0.3396279085648726 0.07275706356751181 0.0001441240175954839 0.997349682372888 37.442938992019734
0.9970997152379732 -0.01747001121359117 -0.0740739939557 -2.1094336920828196 0.01752714191599285 0.9998463804990789 0.00012124004262319241 -0.35994737000042204 0.07406049668081312 -0.0014191938163210824 0.9972527406431646 38.48643332474244
0.99706885790001 -0.015471509406373414 -0.07492879955436074 -2.1876265070403123 0.015716601668004017 0.9998728884213667 0.0026824302269958292 -0.37587868087587917 0.07487777399187535 -0.0038521937388849127 0.9971852784540192 39.518415334047866
0.997063087360267 -0.016088861596142735 -0.07487555245974457 -2.2754386424409137 0.016565671540555105 0.9998462387089074 0.005751301249388493 -0.38163506575005274 0.07477150760832792 -0.006974773988520096 0.9971763004493172 40.552555475829095
0.9969867105346314 -0.011940721165160874 -0.07664801494748948 -2.3591049569368154 0.012614908021998444 0.9998858331898423 0.008317732975490082 -0.38257864969065086 0.07653994455793138 -0.009259576896970738 0.997023518841335 41.57491467164183
0.9969710563281149 -0.012116773761585257 -0.0768238025459083 -2.4419842558930758 0.012759682007258627 0.9998875159527744 0.007883270695852639 -0.3950168181800728 0.07671964128615166 -0.008839640004039001 0.9970135191688843 42.59634395465792
0.9969811853203736 -0.012099870322045129 -0.0766949102312011 -2.5210181517978993 0.012617901884618837 0.9999007112470365 0.006273451976449117 -0.3999894692840355 0.07661138733381895 -0.0072222424398777334 0.9970348712782954 43.60576202377141
0.9969515317315649 -0.01077561079349593 -0.07727567269272541 -2.6092614767203797 0.011131730121459377 0.9999293071605964 0.004179146543605086 -0.40603975033179013 0.07722517699940305 -0.00502661848134753 0.9970010055882862 44.60978736761089
0.9968618063282348 -0.010696990133660472 -0.07843540964442512 -2.6815181588279606 0.01106220269241474 0.9999298937377066 0.0042231837860824935 -0.4203042366187598 0.07838473547573112 -0.005077599017199635 0.9969102523460275 45.610737329313
0.9967170120639159 -0.012937130914139141 -0.07992389196034937 -2.7570563173473968 0.013418286605345393 0.9998949211346609 0.005486007080492964 -0.43173060202903707 0.0798445204566724 -0.006540438274369208 0.996785872301681 46.60951587998598
0.996664926427327 -0.012073247475032632 -0.08070477758483141 -2.838357870895181 0.012632320745887894 0.9998995965237368 0.006420385053977288 -0.4433187379398081 0.08061915964696917 -0.007418461233634633 0.9967173709385934 47.603758128035196
0.9966741917969392 -0.009361134146273757 -0.0809501363396828 -2.9225291818042534 0.00961859240264443 0.9999498450232485 0.0027910783173145494 -0.4541884412678989 0.08091994862893552 -0.0035604220925414586 0.9967142445598003 48.58914644740184
0.9966018373724469 -0.009404972225691251 -0.08183107138059702 -3.006451654181206 0.009325267606950342 0.9999555991249862 -0.0013561573097645818 -0.4615364293547146 0.08184019263125643 0.0005884522274898197 0.9966452912616679 49.56606162098427
0.9965623117973035 -0.008332302070995917 -0.08242652150498218 -3.091208520154818 0.008142770537162053 0.9999633745685146 -0.002635300652292422 -0.47469764845576057 0.082445460719149 0.0019550610595378583 0.9965936602964424 50.546805101611874
0.9965222683558834 -0.00990141850011136 -0.08273651299474645 -3.172354125613555 0.01001547329270501 0.9999493796039723 0.0009635996857084959 -0.4869817180773091 0.08272278383593791 -0.0017888938808197689 0.9965709913965567 51.526939650069885
0.9964331025174552 -0.01181972894211984 -0.08355457028297655 -3.2469103435061983 0.012209287633468265 0.9999168399719117 0.0041528828625465655 -0.5002286175406062 0.08349853593280125 -0.005158211736794637 0.9964945495830657 52.50315310919482
0.9963722018529408 -0.013822497133921079 -0.08397245945966215 -3.325426198858527 0.014275623181784644 0.9998865861854807 0.004798056806423616 -0.5096690364471509 0.08389661469626508 -0.005979409613725711 0.9964565242413628 53.47253044364612
0.9963031938325291 -0.017142342455220727 -0.08417889316360194 -3.4055571370775213 0.017503839390413115 0.9998404647640842 0.0035581774738349084 -0.5178656486893534 0.08410446816724904 -0.005018477407403214 0.996444305176569 54.43459177065426
0.9962025979362914 -0.019733943308728498 -0.08479950086215506 -3.480546395561067 0.019990909587965826 0.9997977804797344 0.0021821277788187203 -0.5276498445527618 0.08473929076189236 -0.0038690605171282366 0.9963956458013484 55.397476547126004
0.9960629263514109 -0.0211936944181276 -0.08607830194174193 -3.556771472022405 0.02155752560904839 0.9997621655691348 0.003299300854686153 -0.5364994714616813 0.08598790518368207 -0.005141946462725035 0.9962829119023855 56.355417384441836
0.9958875893965794 -0.023968624835466922 -0.0873694128935612 -3.634573722091238 0.024706052602057122 0.9996676018348596 0.007368636682968297 -0.5463973398073021 0.087163755372823 -0.00949688713409982 0.996148728295162 57.316557328853136
0.9957801731650973 -0.024978908982470495 -0.08830572369520032 -3.7121298294372584 0.02616990305172958 0.9995811564293504 0.012355075298283023 -0.5523366680477001 0.08796012110923161 -0.014613891248008444 0.9960167926681961 58.27744746330586
0.9957695648723546 -0.02277959045129979 -0.08901721144133487 -3.794627024933276 0.02416628175766867 0.9996023402483438 0.014531076905847984 -0.5587224912647898 0.08865080089840845 -0.016620819140636366 0.9959240853956514 59.22819141343283
0.995628386475554 -0.022100378801802618 -0.09075069862486188 -3.8789432569079256 0.023154472793978365 0.9996759271519312 0.0105788025106911 -0.5633753660504048 0.09048749324473856 -0.012633840656906946 0.9958174529684338 60.16804073268771
0.9955174689055288 -0.02095444116051573 -0.09222733054566151 -3.963667280750894 0.021300979020963076 0.9997692584231639 0.002774563883873909 -0.5661574987027169 0.09214791043033332 -0.004726659248103539 0.995734111746542 61.0914895730531
0.9954686579519815 -0.018915389662725064 -0.09318990862312786 -4.042513458191779 0.018805826930859297 0.9998210453785477 -0.0020537993074212953 -0.5786302224391672 0.09321208027249599 0.00029197954699211864 0.9956462337794572 62.00556742892793
0.9954478349319322 -0.014035427745147312 -0.09426884266467962 -4.12849756130268 0.013987074860038378 0.999901487250754 -0.0011736824913721423 -0.5927423019760397 0.09427602911762392 -0.0001502056643862835 0.9955460852075462 62.91521640311012
0.9954106142376508 -0.011696217297807211 -0.09497845842055092 -4.235126821900481 0.011824783260542534 0.9999297720196192 0.0007909043141405641 -0.5940333359346203 0.0949625376865164 -0.0019103742343854926 0.995479013795078 63.81050134756527
0.995322630811925 -0.009570053788021532 -0.09613154874505045 -4.32629851663932 0.009817942555238879 0.9999495851995693 0.00210595897198852 -0.5974454581583919 0.0961065481515681 -0.003039922647706776 0.9953664100584697 64.69175224909281
0.9952001352094922 -0.009061514387264947 -0.09744013462643061 -4.401832810154698 0.009281591691224727 0.9999552950421021 0.001805539515053366 -0.6081580537326675 0.09741941764702218 -0.0027012727134478353 0.9952397501059943 65.56020809635731
0.9950480367226484 -0.007010386271236936 -0.09914766310271884 -4.472819923008286 0.007307270212129546 0.9999698389711699 0.002631529977023704 -0.6256914166630466 0.09912622466557033 -0.0033429975024071054 0.9950692518369006 66.41517189774197
0.9949119364765399 -0.0062151403178613476 -0.10055650494786553 -4.548635740973514 0.006578177004308651 0.9999729871948461 0.003279095594322423 -0.6440614888195596 0.10053340859535605 -0.003923889836120864 0.9949259454073719 67.25772339081627
0.9947277863743145 -0.006695754291887419 -0.10233180292225032 -4.631870831472051 0.007083355293067285 0.9999690480218197 0.0034247738798757637 -0.6450366849052953 0.10230570410611423 -0.004131570258239967 0.9947444259881797 68.08532239553773
0.994572240250055 -0.006721823435233518 -0.10383099736442825 -4.704195229303506 0.007240441240877658 0.9999631210371885 0.004618720191025313 -0.6606949815653386 0.10379612196331697 -0.005345433122875208 0.9945842304250078 68.90158638396389
0.9944294814949746 -0.004868311460678418 -0.1052915280407555 -4.803836853252766 0.005544788768194805 0.9999658200311285 0.006133032446454124 -0.6310254160655546 0.10525807166745693 -0.006682687557785786 0.9944224856849594 69.70242236416036
0.9942590605874391 -0.0037734056963728436 -0.10693307182173836 -4.887547314128179 0.004809766279726276 0.9999439178219045 0.009435431061449777 -0.6157779014850634 0.10689147107284519 -0.00989558590643046 0.9942214495732082 70.49489709124131
0.994084684891257 -0.0007063366642185687 -0.10860543427087956 -4.979487820213719 0.0018978775147144994 0.9999391371202833 0.010868307875809164 -0.6142195179777451 0.10859114754706627 -0.011010138221703568 0.994025522575125 71.26886342575702
0.993966483317445 0.001650778473041644 -0.10967180572956556 -5.087020128912439 -0.0009611305588672966 0.9999794346846768 0.00634085449792082 -0.6131485258272217 0.10968001764040453 -0.006197187922593255 0.9939476286969311 72.01782205384966
0.9938166876138925 0.0010641269410283077 -0.11102819035724086 -5.179007070225474 -0.0012517334719245898 0.9999979043322821 -0.001620029123172188 -0.6061706698893441 0.11102623376241134 0.0017489896792262571 0.993815936907653 72.74599806795278
0.9936120529885278 -0.00017559245114565796 -0.11284971122343837 -5.241539678547863 -0.0006697518483949829 0.9999720022384793 -0.007452930405480057 -0.6148749725002647 0.11284786036245398 0.007480902783652256 0.9935841164718554 73.4592062455227
0.9935708984665798 0.000670542535119953 -0.11320962897660954 -5.324843004103096 -0.0015857113132390118 0.999966790291097 -0.007993987400074056 -0.6411975446345465 0.11320050900920928 0.00812211103285775 0.9935389655531511 74.15201245603949
0.9934829912358114 0.003485393765188271 -0.1139271616228796 -5.407297987115666 -0.004007379778737831 0.9999824957682687 -0.004353052305401913 -0.6578113389758897 0.11390999531407736 0.004781232829113026 0.9934795683758073 74.82680308250445
0.9932112324113515 0.0035209935082971514 -0.11627145142569875 -5.441616329953396 -0.003992127047543299 0.9999847374862879 -0.003819386877024111 -0.6275458900741546 0.11625622879467747 0.004257628353278374 0.9932101297647163 75.48505320295476
0.9930796858193753 0.00024331929279493248 -0.11744223434783625 -5.512473130600234 -0.0011652237355483132 0.9999690466640838 -0.007781257441424488 -0.6271271835798472 0.11743670578884811 0.007864255174227307 0.9930492302116839 76.11500340375933
0.9931060092986211 -0.007914955149707702 -0.11695216021923104 -5.58537136511684 0.00645046433208928 0.9998960454996147 -0.012895336526562235 -0.6455748396003755 0.11704206852609463 0.012052040458401893 0.993053826595478 76.72459023461478
0.9932223044067491 -0.011903947455007014 -0.11561898660659158 -5.6556950481939285 0.009930731706568097 0.9997953029982908 -0.017627611021593947 -0.660641292948682 0.11580515790205091 0.016359955303877856 0.9931372096874308 77.31699980395982
0.9936427137246304 -0.009424444756437786 -0.11218438974734718 -5.7357412462780974 0.0074812282339903205 0.9998148216374669 -0.01773002138046324 -0.6781256727803661 0.11233071123278264 0.0167780295348882 0.9935292190161612 77.89564279135377
0.994136960987941 -0.0044822920964329846 -0.10803523432298771 -5.808089229536837 0.00289724064618863 0.9998859192977326 -0.014824115041600937 -0.6878896294885579 0.10808935560127414 0.014424196604691495 0.9940365354241313 78.4635646153399
0.9946841688414454 -0.005916247731409841 -0.10280273473494424 -5.885072216802721 0.004728487551187852 0.9999192724751266 -0.011793639738958313 -0.7020995273366585 0.10286420981896954 0.011244845289938745 0.9946318453542115 79.01505772769423
0.9952033580500446 -0.009500252961784713 -0.09736540103946913 -5.924496171095643 0.008779872860052844 0.9999308430107866 -0.007824514572762613 -0.7097223741999883 0.09743300240922412 0.006932127335830042 0.9952179437952893 79.55765370322334
0.9959390701900009 -0.013773983437699503 -0.08896991541714559 -5.97169415119348 0.013445365157490846 0.9999003960573379 -0.004291866745475391 -0.7248421291934057 0.08902016976426076 0.0030782047750533316 0.9960250669689515 80.08731994545822
0.9968629656539898 -0.01006303165688607 -0.07850454191576815 -6.001579555642565 0.009733143565338758 0.9999421262682449 -0.004583669979221018 -0.7308788359591603 0.07854612418107343 0.003805194872067868 0.9969032184059374 80.59905502918748
0.9979850172047658 -0.004851381622351444 -0.06326428321855423 -6.0461842764255485 0.004571130244403511 0.9999790921604382 -0.004573839773653393 -0.7509028854913562 0.06328514994129225 0.0042754342867902815 0.9979863277914016 81.09869192671465
0.9989859012948213 0.0003560423993196338 -0.045022685925913485 -6.075594442870876 -0.000501734963110124 0.9999946747004701 -0.0032247221164353164 -0.771776251827593 0.045021298028825894 0.003244041385574466 0.9989807600345904 81.58545459210926
0.9996801516616003 -0.0014889264008195956 -0.025246335813597094 -6.028276521549495 0.001436421156355464 0.9999967681168578 -0.002097724982320564 -0.786738859602149 0.025249377578497906 0.002060789657587271 0.9996790595375523 82.05748941010184
0.9999883338121653 -0.0046952956906962575 0.0011342124786577147 -6.013042094763031 0.0046963747817152955 0.9999885201280801 -0.0009506187262043016 -0.7910887847132088 -0.0011297360220349744 0.0009559343229893749 0.9999989049424455 82.5174956402364
0.9995596840152681 -0.005218424531169476 0.02920969251310942 -5.954662872015595 0.005216888012431163 0.9999863836508396 0.0001288114220549106 -0.7830767269115663 -0.029209966976421895 2.362899039149509e-05 0.9995732975979833 82.96869530444249
0.9985063135559018 -0.006866620077567605 0.054203240841427504 -5.863694332024778 0.006853021370026684 0.9999764223973592 0.00043674647226661927 -0.7680889513742131 -0.0542049618310482 -6.463814217066115e-05 0.9985298282649371 83.40932838146445
0.9956974973506372 -0.00720799285131186 0.09238256658446833 -5.820236742228328 0.007035855593018628 0.9999728524250826 0.002188869324301011 -0.7884825706263857 -0.09239583597626273 -0.0015294613104335287 0.9957211809750495 83.84441023657403
0.9905374669976468 -0.007190841171004912 0.1370540706332347 -5.853515630637035 0.006815289890321082 0.999971625951373 0.0032092235632440176 -0.8067612440357349 -0.13707325887129532 -0.0022447929573510346 0.9905583691065262 84.28147090251453
0.9851458715881816 -0.008031743299589077 0.17153163787573403 -5.666723222674867 0.007517947643403186 0.9999650975647753 0.0036447380565860017 -0.8120147875006843 -0.1715549246043186 -0.0023010327767292453 0.9851718698238223 84.67082579413342
0.9765736711911944 -0.006120324929619431 0.21509627230361134 -5.51257130790763 0.0056001919779927484 0.9999797358850544 0.0030274856014643665 -0.830224119049752 -0.21511044276362543 -0.0017519823096498852 0.9765881567846413 85.05370612032469
0.9651174145071167 -0.004848042703805162 0.2617725590986209 -5.348126639172243 0.004548133117867032 0.9999881232423098 0.0017515306065907573 -0.8594135071671943 -0.261777941584544 -0.0004998562450778889 0.9651280015850192 85.43540840809908
0.9499496150178961 -0.00517849747600693 0.31236022808808833 -5.140266596870007 0.005099041245892496 0.9999864260807269 0.001071182836087801 -0.8730215748915426 -0.3123615352531808 0.0005751679638419871 0.9499631258507294 85.77330868770721
0.9294808599327804 -0.0035994597363513264 0.3688527821614284 -4.940134979437255 0.004609876859413229 0.9999876481147593 -0.001858131656802296 -0.8472194002340235 -0.3688415378641085 0.003427463715248897 0.9294859721580093 86.12240380512961
0.9036284450479996 -0.0032510366303538456 0.42830487279619334 -4.738319647802908 0.005040359657322052 0.9999826651783033 -0.003043701270322099 -0.8480145640649588 -0.4282875530232694 0.004909185647967984 0.9036291672038999 86.46412075358359
0.8717359754831052 -0.0015414775795277054 0.4899734818287533 -4.556179601642024 0.005648835266928403 0.9999602105247922 -0.006904203599323773 -0.816237935227756 -0.4899433433659922 0.008786422143604254 0.8717099971190347 86.79449164518728
0.8398646211579793 -0.0028615703207484433 0.5427883837578544 -4.284603950114802 0.009139013708500072 0.9999189029816808 -0.008869379253825008 -0.8039144905357561 -0.5427189848859166 0.012409628326897626 0.8398226625718004 87.07032824067137
0.8024279360391977 -0.003541540762169478 0.5967385231011182 -4.029284784476306 0.009085501404392175 0.999938988744614 -0.006282710611680453 -0.822082691617226 -0.5966798648589579 0.010463091198552248 0.802411155577031 87.34243328991039
0.7588144010966963 -0.0029264712035940717 0.6513003458117902 -3.796704263392858 0.007534480571435012 0.9999624338968561 -0.004285136823371982 -0.8190692166968979 -0.6512633386663041 0.008158833333932065 0.7588079448370634 87.65319703359246
0.7186968015628586 -0.0022169572584937306 0.6953200648074465 -3.453517281675737 0.00565438406170135 0.9999804862161099 -0.002656149068839502 -0.8348621820292313 -0.695300607913009 0.005840572532477308 0.7186953125965778 87.8237271782218
0.673966394792827 -0.0036599577666375773 0.7387529379969371 -3.15769972245473 0.002997836131564432 0.999993043887612 0.0022192690051904933 -0.9051620229833259 -0.7387559215793045 0.0007189475193227169 0.6739726785604715 88.04498203262116
0.6230262543976031 -0.0072144629509075815 0.7821676532915587 -2.893211775307659 0.0038863086749268997 0.9999736727251987 0.006127843124701349 -0.9617812779314924 -0.7821912700460012 -0.0007780622132847636 0.6230378894441457 88.31237464954337
0.5768550334257729 -0.005564738902976539 0.8168275852909798 -2.579248531555791 -0.0013494145198804223 0.9999689384373404 0.0077653873665418024 -0.9966764596822454 -0.8168454257029318 -0.005581741792721231 0.5768296062675312 88.50691938089435
0.6153101752668009 0.0045611722212666895 0.7882718972036916 -2.2930458614037645 -0.018945949896476067 0.999779966795389 0.009003831247375782 -1.0129433014155387 -0.7880573831870742 -0.020474708852116948 0.6152612023374802 88.25705752600443
0.5730209485172332 0.006651126013514988 0.8195137308692046 -1.9768862259966828 -0.020595026393891814 0.9997681361005005 0.006286408033700503 -1.016464636604204 -0.8192819035278671 -0.02048015041164562 0.5730250657614123 88.46988396389288
0.5336716806982522 0.003001163603538724 0.8456864254779829 -1.6404883539642503 -0.014532646944091888 0.9998785875228311 0.005622489319406163 -1.023551848195214 -0.8455668745838504 -0.015290625571678245 0.5336505011485753 88.63877101781813
0.4937788958632478 -0.0051211041231055 0.869572410034169 -1.2992829922571472 -0.0007376294940957505 0.999979832577453 0.00630795855237643 -1.0118292966232934 -0.8695871767124911 -0.0037561590660368915 0.4937651601381665 88.82399414261454
0.4564821189409235 -0.009992644802781149 0.8896764704863508 -0.9658161406554508 -0.0011996287370546284 0.9999291082424879 0.011846492319506397 -1.0524454378070718 -0.8897317775476481 -0.006474993376702614 0.4564377706573743 89.01330355300232
0.41483886213529403 -0.0032503911213658627 0.9098890885266474 -0.6742552568429803 -0.007264707135329609 0.999949914257267 0.006884257920953534 -1.043882531979852 -0.909865892586667 -0.009465935476352548 0.41479447148319737 89.26565084830523
0.38184627900486523 0.0063340096984484204 0.9242041438617765 -0.3335189976907204 -0.01917593504924581 0.999815551695167 0.0010705622242317518 -1.0476077879434476 -0.9240268950226102 -0.0181312688367035 0.3818973086645746 89.45242737399651
0.35593572134157464 0.011506222990853996 0.9344396016359422 0.04538503071514721 -0.021693792670163803 0.999756470280622 -0.004047158461914047 -1.0387238154461955 -0.9342586053297217 -0.018831010714155747 0.35609865403121993 89.55882915610479
0.3324788092635947 0.013082636298472745 0.9430199817703466 0.43929883051834834 -0.019106537067561966 0.9997920023289241 -0.0071338853653851895 -1.0380128832712527 -0.9429171658379903 -0.015645980525440677 0.33265961832096397 89.64932663379112
0.30845962158270984 0.015011337669427048 0.951118983931257 0.8285972019420056 -0.010062282571507526 0.99987102351682 -0.012517459841261562 -1.018353812895153 -0.9511842157660643 -0.005709297049629313 0.3085708858669212 89.78076119445151
0.2879646085870965 0.020544962155282932 0.9574206435686036 1.2496940983200426 -0.0051964474410348205 0.9997886465985601 -0.019891180623872993 -1.0131439541178737 -0.957626953012118 0.000752769989422631 0.2880105071035954 89.83134785199617
0.2689629436860196 0.02630738752675578 0.9627911799997282 1.6713481317001662 -0.00414355385626675 0.9996492604852812 -0.026156967956358978 -1.0209590978479424 -0.9631416125810325 0.003045877992775504 0.26897761383070873 89.91311317181054
0.2518744514685822 0.027417896711483803 0.9673714486366238 2.1086780336306217 -0.006987711035879459 0.9996240554524818 -0.026512631993299136 -1.0326905432482285 -0.967734691220626 -8.185750713244223e-05 0.25197134898132495 90.02010699436207
0.23729984787956457 0.023393725337099918 0.9711547331971301 2.567490979252308 -0.009260432183151233 0.9997190477089863 -0.021819029392208093 -1.051641201551731 -0.971392313430633 -0.00381566019046783 0.2374498139506412 90.1125412595836
0.2232590503545626 0.019780306483987434 0.9745584312447251 3.03245824553495 -0.00925998494504138 0.9997920099321191 -0.018171118697268344 -1.0761719872568745 -0.9747151630674454 -0.0049675296971573215 0.22339578002977448 90.20897816238852
0.2108737037324677 0.01671213056746899 0.9773704444917743 3.5138146914494657 -0.007768813636924735 0.9998509179589398 -0.01542035639469824 -1.0990391906127241 -0.9774824431205026 -0.004341261171670412 0.21097209967816408 90.28494934535703
0.19941806995024747 0.015565124585179035 0.9797908757862401 4.003860808012961 -0.004410651430642841 0.9998779676486296 -0.014986526108565094 -1.1103082056964226 -0.9799045767477954 -0.0013329319161885307 0.19946238683328557 90.37423228293602
0.1898777669480175 0.01640987406129872 0.9816705912128203 4.51276995823718 -0.0010357097206709028 0.9998631038834106 -0.01651365489544766 -1.1114964327564594 -0.9818071913182391 0.00211885014188174 0.18986876928517604 90.4539180157629
0.18224496052551073 0.016198059488035713 0.9831197268043597 5.035578668474377 0.00016091238171979242 0.9998637906190965 -0.016503766722061046 -1.1353612677061233 -0.9832531456701581 0.0031659244515398633 0.18221753058393347 90.5415467906231
0.17712191432143207 0.016001275939777262 0.9840588329136689 5.5751367794438025 0.0014004872286921364 0.999862714394009 -0.01651033010469121 -1.153916867789721 -0.9841879221483234 0.004302503101998769 0.17707518844949388 90.62488768652464
0.171546995368541 0.016651125326768858 0.9850352117591431 6.1307922058437985 0.0026338295237263087 0.9998458317466881 -0.017360175137730006 -1.1705479692526135 -0.9851724170530083 0.005572500706590264 0.17147669204241536 90.72109042797558
0.16542115714081185 0.016686366932021558 0.9860818454513838 6.704503348660153 0.0025603337870877575 0.9998462201334968 -0.017348797527692104 -1.1943758147542336 -0.9862196943182053 0.005394556827775316 0.16535299602831027 90.82905711405692
0.1626214279500197 0.016352604503695453 0.9865530211283345 7.303409374160343 0.005930413490716173 0.9998283954750524 -0.017550207907892967 -1.20284098755319 -0.9866707157746836 0.008704707216607361 0.16249654367077312 90.9016589324952
0.1597239799917779 0.01623672624534418 0.9870281753508467 7.915223508426092 0.0072025742119017945 0.9998189418431143 -0.017612678854631476 -1.2152372628741765 -0.9871354380936331 0.009922310847181069 0.1595781144366099 90.99851729456479
0.15545839562172614 0.015879285293551648 0.9877148047535215 8.541737734488825 0.006847276327212193 0.9998294514867097 -0.017151756373123512 -1.2309619339338997 -0.9878187090947502 0.009429540728486096 0.15532315256919096 91.12758524355006
0.15295689136314522 0.015387226739087193 0.9881130616674415 9.188770130270397 0.008811272831327271 0.9998177931881688 -0.016933454917149725 -1.2390138263518258 -0.9881935796470325 0.011296622398714921 0.15279344052270694 91.2293534139125
0.15233268362803795 0.014621712149046756 0.9882211083722674 9.855593154754226 0.013316067609896629 0.9997694336817816 -0.016845231343537968 -1.2509963822733172 -0.9882395639935135 0.01572529838950817 0.15210285713448057 91.32686227354453
0.15245301239128073 0.013297916990865102 0.9882212527650528 10.530951313893961 0.016566241162570366 0.9997346082296698 -0.016008521531087266 -1.2807907851719753 -0.9881718669677703 0.018811658926628 0.1521922561165997 91.44608432125594
0.1590250837077908 0.012196829544732763 0.9871991998076118 11.221077853221031 0.01993730626923734 0.9996801023265777 -0.0155626742897539 -1.3436964057360783 -0.987073212365961 0.02215694837695537 0.15873104002735006 91.30327445194065
0.16104178424312685 0.013078989058905189 0.9868609242304557 11.934700872898226 0.019274843843459444 0.9996798030227464 -0.016394261898977688 -1.3112694366648667 -0.9867593547175527 0.021661751397314407 0.16073812367886015 91.41772017273891
0.1650468601498061 0.012752333010462457 0.9862032812546724 12.6623561955543 0.01929762381768855 0.999683239152971 -0.016156208454150788 -1.3242294083652926 -0.9860969200183529 0.021697911406705933 0.16474849004135192 91.54806745130864
0.16912058660740234 0.01126621990491912 0.9855309733715243 13.41086529237081 0.020877463852493998 0.9996693536695649 -0.01501049089674975 -1.3308163165369078 -0.9853742226629723 0.023113970297800466 0.1688294574072205 91.67632831918719
0.17251932968218894 0.009826270041812978 0.9849571185097733 14.16732122103082 0.02031652826337598 0.9997020188586071 -0.013531894521745906 -1.347530605758895 -0.9847965879131247 0.02234542250863871 0.17226828648238995 91.8298801798007
0.17628700700854147 0.0062085520961524705 0.9843192292345212 14.940352574808827 0.01733208674175406 0.9998055033388689 -0.009410327437795633 -1.412741656134576 -0.9841862069390872 0.018719224721648445 0.17614511261080643 91.96911444252066
0.18017689598777326 0.005055572498283518 0.9836212316430181 15.71977222457939 0.01657721393234159 0.9998291644587464 -0.008175443472119358 -1.4299781382620298 -0.9834945257247004 0.017778725613469482 0.18006230806337137 92.12760362585358
0.18564923565602312 0.005172303202982836 0.9826024672164797 16.51644081095858 0.01453683266298865 0.9998622531821887 -0.008009691477484551 -1.4704339462880178 -0.9825085454063305 0.015770920740801202 0.1855484741584385 92.22430221576985
0.1891981031536766 0.00930814941394846 0.9818948192742136 17.311039125616695 0.012174406206821684 0.9998559749379213 -0.011824263801581213 -1.4941740073543461 -0.9818634638260876 0.014191114664665726 0.18905753269312564 92.35449811147033
0.19086626008816715 0.014721030734997632 0.9815056607142201 18.107196075879305 0.004987010831740593 0.9998600968061948 -0.015966105901877144 -1.537664526751244 -0.9816033824732476 0.007942170283059265 0.1907661433490615 92.50096886241474
0.19096310048723167 0.017538205715340503 0.9814405257541549 18.9086067444407 0.0005105042099352898 0.9998384625827441 -0.017966305285873046 -1.5883666108981973 -0.9815970831444824 0.0039319308818889 0.19092329947333558 92.644951162891
0.19187945214997496 0.017246342694971703 0.9812669562898136 19.716437855701255 -0.0015087741007875294 0.999849587335851 -0.017277913793048903 -1.6108579666198644 -0.9814173421350058 0.0018347664632958867 0.19187661188557334 92.78366785063935
0.19200192142926237 0.015183988484630666 0.9812770804727745 20.520899921440055 -0.005697449836157954 0.9998806998042279 -0.014357061829320396 -1.662532042941665 -0.9813780113864569 -0.0028341934840570805 0.1920655255751515 92.93645414035518
0.19198663138729177 0.013319809179370205 0.9813071466426745 21.324802204066835 -0.005612173602935548 0.9999064435388418 -0.012474280618715528 -1.7027170012663146 -0.9813814940562163 -0.0031123709497931987 0.19204342287894238 93.08851900672869
0.19251685838032323 0.01229998364450443 0.9812165763182548 22.12683220501759 -0.009268160999993533 0.9998996319060836 -0.010715750358969316 -1.7458273829465767 -0.9812498970349242 -0.0070311106108835895 0.19261153405891562 93.25085843545506
0.1929036791692991 0.012190758603025884 0.981141965246433 22.92906869412527 -0.01174500877280345 0.9998798698681559 -0.010114375975086902 -1.7859376118193258 -0.9811474024487226 -0.0095724206510893 0.19302368619162716 93.40248772075678
0.1931510749858182 0.012385582610986672 0.9810908518456438 23.7272142512456 -0.016700327675165275 0.9998169697874624 -0.009334129876828277 -1.8350488416590522 -0.9810268912152029 -0.014581641485162814 0.19332256579156323 93.55535731970102
0.19225974225747958 0.01329399664981108 0.9812540247867338 24.524356038094954 -0.020704288467754024 0.999740623354798 -0.009487805499852267 -1.8756795978811591 -0.9811256412642227 -0.018492043349338662 0.1924851173120527 93.708349352978
0.18965008714441292 0.012682560634129912 0.9817698289832908 25.322237244105153 -0.025447521377817917 0.9996441667328715 -0.007997722967676382 -1.9147821965130936 -0.9815219142239479 -0.02346683985337239 0.1899053430671558 93.8624289637201
0.18578259956625792 0.01122211682634273 0.9825267883331941 26.117688179825212 -0.02890690564319924 0.9995643944686748 -0.005950808063247564 -1.944968949317385 -0.9821655748928177 -0.027296252570753396 0.18602606831047913 94.02188109887533
0.18083064881888714 0.008901975079449011 0.9834739606555056 26.91497963563239 -0.03126506353114981 0.9995056859984561 -0.0032984025145537436 -1.9658268630087856 -0.9830171780035861 -0.030151923594353487 0.18101958251367958 94.183444432258
0.17472676418911082 0.006820587338593835 0.9845933360856964 27.714494998618637 -0.03430175063431654 0.9994111721299218 -0.000836017533487555 -1.9910006544302412 -0.9840192822193194 -0.03362720045218989 0.17485783828677587 94.32942489329656
0.1693651663286437 0.0061951929504661055 0.9855338959258475 28.5136213052438 -0.034839748752543406 0.9993928681186138 -0.0002950601802677493 -2.0177410728575813 -0.9849373748321927 -0.03428578040466393 0.16947817830243722 94.44570242012307
