0.9990589387629315 -0.0009185036582537368 0.043363501114589774 0.037539828562166186 0.0006635668569607926 0.9999824154175203 0.005893092122834358 0.017909431959270375 -0.043368151412201066 -0.005858771780129663 0.9990419802172064 0.9991863253460075
0.9943375674969347 -0.0050671705368776675 0.10614671755183695 0.030649808601466808 0.00626229951805132 0.9999206677892302 -0.01092894014469381 0.05396178583967466 -0.10608291789456709 0.011531778296962034 0.9942904166390645 1.9987352291644713
0.9879221877100629 -0.005008803037861893 0.15486982573210162 0.16496591032970007 0.007243121564851495 0.999877625854343 -0.013866164065060537 0.0128665197928231 -0.154781420784797 0.014820432112806238 0.9878375709456639 2.988814208424194
0.9811196190528598 -0.002366184446417646 0.1933874201718846 0.3294800750687721 0.005601928271504901 0.9998532921132256 -0.01618680481088315 -0.017981821110798386 -0.19332074774636168 0.01696453422615095 0.9809889362624217 3.974785015510249
0.9712441864913242 -0.005140164013157724 0.2380300588596414 0.574892260055894 0.009151461944827844 0.99983407905821 -0.015750082478942655 -0.046467786865994815 -0.23790960668093852 0.017475499069811044 0.9711300767565499 4.943789177467419
0.9591162201634281 -0.006362326026594323 0.2829409779917896 0.856820660724468 0.01109893465420031 0.9998237688107527 -0.015140837843536134 -0.07420774524711116 -0.2827947840200749 0.017662166588326155 0.9590178090121402 5.902825799311365
0.9454292035161384 -0.008642902402824653 0.3257129432136463 1.1952935886267642 0.015412982615042321 0.9997153657487958 -0.01821064119299039 -0.09748547150143655 -0.32546284135942327 0.022237079929853264 0.9452933148872072 6.843517201660432
0.9286950462607724 -0.010794419590679116 0.3706871882819837 1.5719009503937769 0.019075426957344207 0.9996435168920589 -0.018680664390516043 -0.13993990993440997 -0.3703533976313671 0.024419656864428516 0.9285698903268007 7.768910513649443
0.9103766959183608 -0.010188428245338102 0.413655010194073 1.9915523986370238 0.02050142703880716 0.999579634952757 -0.020499875050479205 -0.1723740702864407 -0.41327226258018035 0.027143126525925293 0.9102028826938842 8.676012942784775
0.890123882093434 -0.010907680710626224 0.45558807823343 2.4493632905500524 0.021767431487711302 0.9995900841148928 -0.01859684558222819 -0.20365423881628597 -0.45519847698926086 0.02647047866390931 0.889996438367009 9.564511534256061
0.867774548570356 -0.010616866225555674 0.49684465882714696 2.945427395277464 0.022419692121402685 0.9995902145876155 -0.017797761259947024 -0.2414461810992036 -0.4964521026833272 0.026583548525981472 0.8676569740911846 10.431976116089356
0.843457813402674 -0.009996804879227824 0.5371023933126599 3.484473780953297 0.023161105587467066 0.9995738519424056 -0.017767321153960902 -0.2699819754930497 -0.5366958917282175 0.0274258710933387 0.8433299125471748 11.273772207093586
0.8172213577250362 -0.010147936194703321 0.5762345632370877 4.068723254612849 0.024781793759797197 0.9995389444839575 -0.01754312281045826 -0.30674864850750916 -0.5757908606222365 0.028616740745308053 0.8170960573720942 12.08451155598844
0.7894344732130811 -0.011840348768745488 0.6137206356672553 4.687644571530293 0.02840398747263057 0.9994475998999443 -0.017254232810981124 -0.33804732354598954 -0.6131773201924874 0.031053199437020312 0.78933470264919 12.869339854552894
0.760972164069495 -0.010905393251387532 0.6486928687055395 5.3371249022411185 0.02925953358418209 0.9994182537712786 -0.01752237778397401 -0.3748248839860027 -0.6481244056551381 0.03231449251962308 0.7608485581029736 13.628835202413631
0.7302019109897512 -0.014351899802980453 0.6830806629959311 6.030656616919108 0.034278373325503694 0.9992898240538304 -0.015647385232757004 -0.4036084909559608 -0.6823709858347385 0.03484064457655906 0.7301752989360962 14.3486880048868
0.7002456593178003 -0.01440863354934825 0.7137565466500605 6.7484512318186285 0.034489477094295784 0.9993116558695728 -0.013663470019541062 -0.43094007912943233 -0.7130683645880959 0.03418487563899343 0.7002605955651122 15.044437996714565
0.664908430877239 -0.01280227688726595 0.7468151580243064 7.506297881792517 0.03567058347810017 0.9992565293616427 -0.014628670563549877 -0.47010815279782026 -0.7460726425909882 0.03636605882724657 0.6648707556681026 15.695686678954603
0.6308247537110002 -0.014267471702132339 0.7757941539846024 8.276485673210306 0.04004725300259937 0.999097028688845 -0.014189601547168602 -0.50369164942259 -0.7748911843816538 0.04001957666380874 0.6308265101049956 16.332641138987007
0.5925915535835837 -0.01216496426097391 0.8054112392225005 9.068979227753646 0.03986728691911021 0.9991034753834206 -0.014242363233690792 -0.5381162592575027 -0.8045159103803382 0.040549465117314054 0.5925452647887721 16.941541485813783
0.5558301515028917 -0.00689264372088483 0.8312673060711634 9.900362202047408 0.04295149379879086 0.9988681015405476 -0.020437340953148763 -0.54559363331849 -0.8301855285782361 0.04706386286015806 0.5554970575547235 17.497222547736147
0.5159848584835038 -0.005514369668470796 0.8565799539698076 10.764482854948907 0.0478479266758279 0.9986035703384114 -0.022393865682422312 -0.5765400428047969 -0.8552603122608833 0.05254047044457464 0.5155281730777476 17.999546094873317
0.4763119517206076 -0.00437979429223854 0.8792654559631369 11.64329016067163 0.049607176609253026 0.9985286958908738 -0.021899121245598226 -0.6049100397505123 -0.8778758754385294 0.054048689941835815 0.4758284212177827 18.47587301530553
0.43888972684217376 -0.004785730402801789 0.8985281879033699 12.551940237056527 0.05475620690093455 0.9982697828190726 -0.021428917755777554 -0.6293528200181346 -0.8968709859719093 0.05860492722351531 0.4383924007403671 18.892728026314064
0.4046308960045173 -0.0034838163119019555 0.9144734556139321 13.476605890059258 0.058482152082216375 0.9980443615749712 -0.022074650987972844 -0.6599789668732894 -0.9126081721562735 0.062412461514614354 0.4040433253517166 19.272316415665607
0.3696828790370816 -0.00133266902554242 0.9291570335202348 14.412865024152161 0.060354268807535597 0.997921552241552 -0.02258180259676983 -0.6783236250367032 -0.9271957350978072 0.0644266991633135 0.3689949447504098 19.623149662292025
0.3354609760195855 -0.002797631659591526 0.9420499492198301 15.358049596059502 0.06137175977574309 0.997936194841138 -0.01889068892388183 -0.7070726889787691 -0.9400528924853199 0.06415235212435812 0.3349403455048333 19.948410695718767
0.3077552052693931 -0.003158029671251629 0.9514603304805668 16.31680359277512 0.06366009584665816 0.9978220371281123 -0.017279306071094284 -0.731344541858716 -0.9493335166454353 0.06588785221950819 0.307285966330245 20.231741078518258
0.27487477108380176 -0.0036568446466971995 0.9614730821551156 17.280585915012033 0.06447646435678488 0.9978118622499184 -0.014638070139143027 -0.7519039715829925 -0.9593157174599387 0.06601602109018795 0.2745090876341697 20.497638152043923
0.24470674465652203 -0.00014564186619921973 0.9695971265984933 18.25160575561387 0.06197933013126718 0.997957187079825 -0.015492430158078836 -0.7729514837327593 -0.9676141647144736 0.06388608255457805 0.24421588134219022 20.735745663544392
0.21429435143158748 0.001632865211493505 0.9767677639519623 19.227908197066036 0.06212514996542022 0.9979511195896543 -0.015297995016667737 -0.792793656087451 -0.9747914631788126 0.0639601177372043 0.2137538459367546 20.95124943147688
0.18611425765267062 0.002469895156281108 0.9825250036087185 20.211089867576746 0.06431666428625782 0.9978213901454559 -0.014691496291360935 -0.8120496781263918 -0.9804207514090494 0.06592702773602978 0.18554993187928895 21.13291189272784
0.15563810163352443 0.0017756915085864484 0.9878125471158883 21.199136976949617 0.06632813225936783 0.9977227380177941 -0.012244056242128539 -0.8324619042554738 -0.9855847808234954 0.06742540294238461 0.1551658946004587 21.2857082929706
0.1260058261106807 0.0012646280180380366 0.9920286954025781 22.191066354794327 0.06522815861814045 0.9978246075721363 -0.009557188226630224 -0.8515681720379059 -0.9898827299783812 0.06591246649525807 0.12564922463373962 21.411069873837704
0.09756803808652244 0.0009204676270676653 0.9952284314082342 23.186352968910047 0.06594580383764721 0.9977958558685441 -0.007387893323971168 -0.8691384613188868 -0.9930416048183252 0.06635196116850911 0.09729228309038318 21.506473684470887
0.06803508971799901 0.001613927571017768 0.9976816234675566 24.184201784157782 0.06886646692955725 0.9976059308498066 -0.00631002899606693 -0.8784487399944061 -0.9953032886008693 0.06913611191762604 0.06776106351887864 21.571331376858858
0.04042303227719851 0.001634773551610814 0.9991813178682594 25.183754323546516 0.07298728464527524 0.9973223342961012 -0.00458451679956556 -0.8838506606922933 -0.9965133389682386 0.07311285133005606 0.04019547522748059 21.60067841066723
0.016481121888945224 0.0015882465755677996 0.9998629156509891 26.18362124167108 0.07746913626832067 0.996990646736201 -0.0028606374066380805 -0.8986469734267148 -0.9968585183199888 0.07750566297598575 0.016308484280607594 21.607266115036396
-0.005263968826134128 0.00040070112647595433 0.9999860649383093 27.183503862852273 0.08320517863204253 0.9965324363776606 3.8678335650614614e-05 -0.9007443254402364 -0.9965185341382309 0.08320422276429842 -0.00527905608812971 21.592156236411686
-0.023540354339239494 -0.0006002214391400819 0.9997227072802772 28.182826637963792 0.08759330188252028 0.9961527666614403 0.0026606273838708254 -0.9126699575270442 -0.9958781377171112 0.08763164500899277 -0.02339721372550884 21.557371400400708
-0.04183349512537518 -0.0014495689479730725 0.9991235446307228 29.181864153361694 0.09082130001192827 0.9958533802199085 0.005247529773675609 -0.9170285089823648 -0.994988165834016 0.0909612217070954 -0.04152837579070584 21.513711214319027
-0.05460587157107678 -0.002981237012955383 0.9985035358053748 30.180094634613937 0.09317575818271964 0.9956169858125112 0.008068187447325056 -0.9126437999245423 -0.9941511338207281 0.09347689440435214 -0.05408875424225581 21.45433051839965
-0.06918183432553524 -0.004121466450290948 0.9975955529740763 31.17765876027188 0.0933469576520902 0.9955773547252194 0.010586607361834826 -0.9115807814069801 -0.9932271740626382 0.09385491075396052 -0.06849114125865469 21.38458806534649
-0.0821291948748453 -0.004610829821184877 0.9966110252237679 32.17401987060704 0.09327819442707634 0.9955641933315846 0.01229290040860367 -0.9092931110966753 -0.9922469318640575 0.09397168299222575 -0.08133479576401699 21.299390611513488
-0.09215555152633058 -0.0019688612557346107 0.9957426765526491 33.16991211651282 0.09342387669045409 0.9955698388560834 0.010614858651867278 -0.9048640090783786 -0.9913522752215814 0.09400435918311424 -0.09156334893158583 21.208924938068336
-0.10060181542627426 0.0006614714981721605 0.9949265486398455 34.164450235687525 0.09389072659212558 0.9955433339001918 0.008831862028711775 -0.902958530949225 -0.9904866511937159 0.09430287791127363 -0.10021557276546796 21.10452582992054
-0.10888151162093675 0.0029403937854286816 0.9940503863041985 35.15940922059328 0.09518800062800356 0.9954311968660925 0.0074817673167614064 -0.9037326196244448 -0.9894867664418682 0.09543629493083629 -0.10866394363491215 21.004225644832104
-0.1145434945749578 0.004673551974531308 0.9934072406432812 36.15306332886509 0.09498265008086668 0.9954591906806164 0.006268642046588703 -0.9004120633725868 -0.988867070962611 0.09507448449207585 -0.1144672807591485 20.89175162300292
-0.12150518715736425 0.005427548722166925 0.9925759574000986 37.145606509130786 0.0944690145292338 0.9955089863010489 0.006120742416888366 -0.8931216205051955 -0.9880850645504822 0.09451137449390407 -0.1214722408764392 20.770072249812582
-0.1268893500157951 0.00693098206537458 0.9918926627111315 38.138376139832424 0.09562443545623218 0.9954034943475901 0.005277384227469374 -0.8927040171415298 -0.9872968450249636 0.09551881975933803 -0.12696887364837536 20.650038057933287
-0.13042747150460704 0.008637362739901462 0.9914202290864426 39.129871896883245 0.0945757023345799 0.9955105378675533 0.0037690214347939517 -0.8870683534549672 -0.986936731105311 0.09425584841034718 -0.1306588069577008 20.52001599690307
-0.13468837761802685 0.010126208612297337 0.9908362633824844 40.12185836896866 0.0948389887294577 0.9954889141568415 0.0027180889622767167 -0.8852114442245586 -0.9863389920059933 0.0943360042082199 -0.13504114616896973 20.393683694337376
-0.13696889853136202 0.008728351006297123 0.9905368931664363 41.112488643167694 0.0943253083492924 0.9955322683821524 0.004270692531376748 -0.8821525411848842 -0.9860741640667388 0.09401764993126295 -0.13718026265278122 20.257138686472974
-0.13846422362391814 0.00723062366623908 0.9903410406812506 42.101952344222845 0.09459780945372573 0.9954977438431258 0.005957889710553577 -0.8751554025142714 -0.985839192375097 0.09450904763377808 -0.13852482338041075 20.112526571903707
-0.14227464735411302 0.005391704508736636 0.9898125348987822 43.092299755146364 0.0944809574572578 0.9954932428486408 0.008157948311749914 -0.8705090558636175 -0.9853077049319282 0.09467910521961964 -0.14214286347400454 19.973991734885107
-0.14448162281848834 0.006099401490474367 0.9894886851142835 44.0824637039832 0.09728126392687872 0.995224212060109 0.008069908185631513 -0.8681307914714638 -0.9847138753752412 0.09742466335991902 -0.1443849667128865 19.83409953664831
-0.14659386909970692 0.005448280192861342 0.9891817597314043 45.073025262369946 0.09708977321166326 0.9952357735162489 0.008906798034192958 -0.863360887942817 -0.9844205470631376 0.09734511470255798 -0.14642443499450483 19.69711352173361
-0.14715345808234395 0.007036703131273727 0.9890886434407433 46.06240819711488 0.0988998857292326 0.9950680996469349 0.007634767041829318 -0.8545678822691363 -0.9841568332217961 0.09894423618422944 -0.14712364102606615 19.552047000350054
-0.14645684051028254 0.006753451173860003 0.9891940076471286 47.05156579065369 0.09848885430594073 0.9951076780248203 0.0077881136069315685 -0.848635597480401 -0.9843019554208204 0.09856520701187399 -0.14640546615976302 19.405304345115255
-0.14576939424052 0.00823271090391567 0.9892843404067023 48.04036614538379 0.09820067560427369 0.9951473928298136 0.006188202880452695 -0.8448415929937474 -0.9844327864377629 0.09805044117798742 -0.1458704904056536 19.256108226625372
-0.14393674203466095 0.008123730662603319 0.9895535454398456 49.03064075810615 0.09899212845003115 0.995068713912729 0.006230015810638911 -0.8467108347665276 -0.9846231628381398 0.09885473985697268 -0.1440311341704639 19.11699387756088
-0.14125992091950312 0.007310774386228092 0.9899455476538541 50.021571696002525 0.09817652006995581 0.9951467300214468 0.006660077670413296 -0.8449491809209185 -0.9850923843217808 0.09813021097244229 -0.14129209477438784 18.982621194960014
-0.14085642263067988 0.008157737626209081 0.9899964239937985 51.01175417546276 0.09924241682183337 0.9950456704888305 0.005920839872488019 -0.8429338802240931 -0.9850433548362482 0.09908362608552473 -0.14096816709702606 18.842853421380536
-0.1378590109741548 0.008474302076930031 0.9904156093769607 52.0030248821739 0.09923823981190773 0.9950495911799706 0.005299325580502949 -0.8393213271813167 -0.985467739123034 0.0990176615401657 -0.1380175273320564 18.71104358277324
-0.13718026469573544 0.008844132706345188 0.9905066159772383 52.99431117175409 0.10014420747389095 0.9949604422963034 0.00498557669391074 -0.8335014669535006 -0.9854708076282302 0.09987742278521772 -0.13737462549666346 18.57944597568899
-0.13677223854315726 0.007259043435101555 0.9905759239211807 53.985415221005056 0.09931259253578203 0.9950355689457131 0.006420708426890286 -0.8279358727257493 -0.9856116698414836 0.09925483777271871 -0.13681415661763874 18.446461608027914
-0.13407138268578578 0.00562247781066637 0.9909557266033583 54.97575481903474 0.10089963913936907 0.9948643916347791 0.008006564725670141 -0.8238409337894677 -0.985821549351742 0.10106052642070391 -0.1339501505534929 18.30785470461568
-0.1331868085265629 0.004251494115798517 0.9910818325609101 55.96688775049408 0.10201173369846997 0.9947383880069424 0.009441695461222366 -0.815701689403018 -0.9858270031919107 0.10235948526215505 -0.13291973350306355 18.17522374187283
-0.13250945048972496 0.005347903909425911 0.9911673145613138 56.95867384988412 0.10343704763364196 0.9946000050118073 0.008462104191569125 -0.8111711327013037 -0.9857697615101355 0.10364472950559915 -0.13234707151261127 18.047396477850107
-0.13163239136374028 0.007291756764941508 0.991271781010205 57.951449741661584 0.10558613390967804 0.9943875474104733 0.0067062568540025395 -0.8108521104927382 -0.985659414742168 0.1055473156374203 -0.13166351921418473 17.927412228827357
-0.13078375378018023 0.007521825024503466 0.9913823842975351 58.94464379652069 0.10487140601242899 0.994465902214981 0.006289477937045274 -0.8130670048387494 -0.9858486688879504 0.10479022607116105 -0.13084880806416757 17.810960118233098
-0.13090261453245716 0.007040798804749462 0.9913702298640793 59.93657370550436 0.10511721118442999 0.9944364715886138 0.006817322582672758 -0.8079956106296213 -0.9858067140273377 0.1051024791647623 -0.13091444325224652 17.684271246233656
-0.13115155597799064 0.006341182851779608 0.991342049327371 60.929581811538355 0.10517274074444458 0.9944252836796534 0.007553130671637099 -0.8082698798875101 -0.9857677028432491 0.10525276518306419 -0.13108734283852408 17.566222666883185
-0.13229238598107668 0.005754182260296996 0.9911940344846456 61.921590849601095 0.10668903768682025 0.9942563800770394 0.008467580147969448 -0.8067698964079633 -0.9854522686811862 0.10686973408134454 -0.13214645696532493 17.44006312692868
-0.1318319486421554 0.004956870496158178 0.9912596868389716 62.91390269548877 0.10752030777879981 0.9941591259092216 0.009328225263416432 -0.799940935741719 -0.9854236250122923 0.10781030473149203 -0.1315948990703607 17.316475516752664
-0.13202647259576739 0.0062180517690564 0.9912266876785127 63.90519094133599 0.10791270798891617 0.9941270711442834 0.008137190706122337 -0.7958802592326438 -0.9853546863888255 0.10804028068404024 -0.13192209731995494 17.18482745513444
-0.1295516571350329 0.007396617557220747 0.9915450863083728 64.89792887981866 0.10766478590794804 0.9941650059509424 0.006650926097798185 -0.7952615510731252 -0.9857102322736462 0.10761612793292115 -0.12959207923234511 17.06447506809543
-0.1312098033043489 0.008379320085434187 0.9913192091913378 65.88952681335036 0.10703778500739175 0.9942382490305698 0.005763397031118608 -0.7973314501805482 -0.9855591814282633 0.10686482657793789 -0.1313507089547737 16.935126404416163
-0.1336895805036617 0.00927778425492336 0.9909798276373104 66.88133006820355 0.10596737910888854 0.9943571046499042 0.004986280883868926 -0.7926803365166619 -0.9853415705376236 0.10567814888414169 -0.13391832667291284 16.807432106048534
-0.13586915731263666 0.009184470275135756 0.9906842168909922 67.87210320386511 0.10446965785228694 0.9945149581859705 0.005107693470046957 -0.7893107628340091 -0.9852033610779973 0.10419041918584926 -0.13608340777073738 16.671932434949028
-0.13643436617653817 0.009210600483312703 0.9906062934207225 68.86200085131591 0.10317144615607311 0.9946512138380903 0.004961401866269549 -0.7819803920354644 -0.9852620546961471 0.10287918958249473 -0.13665487889855296 16.530337038968753
-0.1371722133796962 0.008066214754174086 0.9905143714535666 69.85397348863786 0.10070268441352044 0.9948994006166901 0.005843971634264803 -0.7808890792604577 -0.9854150157311532 0.10054908667954525 -0.13728484235152535 16.403888731630506
-0.13872131161407836 0.008409755888061364 0.99029575062704 70.84508659602245 0.10047952611345572 0.9949232185643575 0.005626188190549277 -0.7780830261795727 -0.9852209206751996 0.10028491994035443 -0.13886206212090987 16.27089329002095
-0.14151074386163717 0.010285300533456415 0.9898832870417917 71.8357808977591 0.09951542892776095 0.9950284244459235 0.0038876663934996384 -0.7812765130622932 -0.9849220216733164 0.09905880646161576 -0.14183075860105293 16.13481898055119
-0.14424190314351057 0.01089714796803609 0.9894824533783813 72.82581306941236 0.10008893329899973 0.9949718627557729 0.003632871505599884 -0.7823626107987263 -0.9844676118636962 0.09956025557656292 -0.1446073189742582 15.993963009234465
-0.14940220008122962 0.01050942994814869 0.988720655439671 73.81436292560745 0.09795811255535702 0.9951815743467995 0.00422401056083105 -0.7828245330651543 -0.9839121865265634 0.09748428572232012 -0.14971180060946665 15.843063891959991
