1.0 0.0 0.0 0.0 0.0 1.0 0.0 0.0 0.0 0.0 1.0 0.0
0.9999912757791034 -0.002762823138663147 -0.003132917807049378 -0.005718598652767656 0.00275647595567365 0.9999941435441632 -0.0020284766898926053 -0.007222052193274845 0.0031385037815896614 0.002019823180407666 0.999993035029911 0.6690414617283484
0.999974521632908 -0.0013314239907055096 -0.007013087422367203 -0.018503289115650776 0.0013067762125133734 0.9999929581539921 -0.0035179508749336843 -0.012435019018122558 0.007017721921478538 0.0035086967074700603 0.9999692198395147 1.3877011153302643
0.999939827474899 -0.0014185187127470076 -0.010877924164605784 -0.03354557641937801 0.0013640604732543993 0.9999865090340732 -0.005012094260178563 -0.01588446734836378 0.01088488716039963 0.004996954523426891 0.9999282722660641 2.1080706972022893
0.9998739053976993 -4.577928084133686e-05 -0.01587989952771292 -0.047998333993464135 -4.1195661091932446e-05 0.9999850020503088 -0.005476675758286207 -0.026192921340682778 0.01587991208005631 0.005476639361993644 0.9998589074532608 2.8352592079280137
0.9998008852354313 -0.0011451229773388576 -0.019921811559555965 -0.07068688917062532 0.001035226241543541 0.9999841965677742 -0.00552584123297457 -0.037362741871976315 0.019927824494322163 0.0055041173742928695 0.9997862704112582 3.5576127398954984
0.9997030462099961 0.0005545069867193531 -0.024362100083040895 -0.09648101404558307 -0.000716577969036077 0.9999776692457643 -0.006644360452526789 -0.047934533914330585 0.02435787171467806 0.006659844728707203 0.9996811194344529 4.289150898860003
0.9995744723882353 0.003253703237558174 -0.02898771403583091 -0.13169459117177368 -0.0034646553549363968 0.9999678608134387 -0.007230041733397381 -0.057006154872995374 0.02896325798408589 0.007327397589667194 0.9995536198381306 5.06328534717432
0.9994403542827758 0.0037657358421794027 -0.033238493718679346 -0.16453681034852646 -0.003954675808629913 0.9999763851967338 -0.005620461557718295 -0.06613816295047041 0.03321654362465182 0.0057487635575032316 0.9994316449598699 5.833668936756947
0.9992845415028809 0.002935354954538452 -0.03770661486620234 -0.19630763637711748 -0.0030508207242879682 0.9999908310667555 -0.003005041651573784 -0.0740354375996901 0.03769744827286721 0.003117927791066504 0.999284334371356 6.625108570537091
0.9991490370044318 0.0027102822047955855 -0.041156484586114546 -0.23435833698538006 -0.0027229550605805783 0.9999962610330279 -0.00025186445221730665 -0.0858275892847383 0.04115564807963513 0.00036371738286802196 0.9991526811958273 7.445619723044759
0.9990330923307231 0.004279470892903722 -0.04375576027210252 -0.2766356727317594 -0.004323493354907332 0.9999902382296086 -0.0009115101208360763 -0.09372796388559022 0.04375143235738674 0.0010998065134849877 0.9990418422630305 8.246104285355576
0.9989361362284738 0.0038757602434384636 -0.04595186850894715 -0.31562662570890465 -0.00392939464938895 0.9999917000219662 -0.0010769145122833683 -0.10037089509249669 0.04594731324699562 0.0012563318481972256 0.9989430744720491 9.01762684872531
0.99884886335088 0.0005887579773983425 -0.04796458638098833 -0.3507543687257625 -0.0006632760288385136 0.9999985977640558 -0.001537704403132107 -0.1080683335401664 0.04796361378758703 0.001567748055617842 0.9988478532381544 9.81517339224986
0.9987431258192188 0.00019283832650514012 -0.05012116760647352 -0.393107804620499 -0.00022337723517898937 0.9999997928239249 -0.000603700851172761 -0.11582067983965413 0.050121040805904904 0.0006141380030039252 0.9987429619792305 10.650864607107094
0.9986797576974106 -0.0011303635351328919 -0.05135624444719385 -0.43938429805324514 0.0010916805019919426 0.9999990989219205 -0.0007812739776168436 -0.1262788502800872 0.051357081294823 0.0007241778959431865 0.9986800918048044 11.476554794433493
0.9985759806948673 0.0011651202036603513 -0.053335291076314816 -0.48723806625978655 -0.00132954653408085 0.9999944724998264 -0.003047503208680368 -0.1354146610152383 0.05333144555792502 0.003114075256673487 0.9985720101474898 12.299343145252566
0.9985086637713028 0.001586495283631504 -0.05457042611490713 -0.5407010413535485 -0.0018965481193590518 0.999982350785789 -0.0056303838374973155 -0.14581753610781872 0.05456053041236384 0.005725482481119864 0.9984940497426514 13.155289487223481
0.9983980481947661 0.005495153896630747 -0.056312881692680394 -0.5987720142209378 -0.005915267791421939 0.9999558852298376 -0.00729638274538459 -0.15538973618608581 0.056270302716772726 0.007617800067192863 0.9983865094011937 14.026476564116676
0.9983321630417709 0.006467522878290922 -0.05736779047651868 -0.6561418192001116 -0.006882093772315457 0.999951593266441 -0.007031920734386155 -0.16667791538492996 0.05731953438094225 0.0074150031506680526 0.9983283471416747 14.911408357644076
0.9982554795779686 0.0055486037249596444 -0.0587810385180731 -0.7090226894888966 -0.005892768369592448 0.9999664871039978 -0.005683304481709172 -0.1769920691224127 0.058747534190825054 0.006019772885487389 0.9982547217824245 15.783410574591336
0.9981675114646196 0.0061969729634623 -0.06019316059668839 -0.765501903767863 -0.006455496906925517 0.9999707521562087 -0.004101389012323379 -0.19116235470600856 0.06016598387970796 0.004482450026029248 0.9981783217569651 16.655169627984037
0.998119719383009 0.005886457101380277 -0.0610112727418201 -0.8248646954238584 -0.006145007035847222 0.9999729138850156 -0.004050973320060368 -0.2041025155703232 0.06098577430280391 0.0044182710537112625 0.9981288565178265 17.52638970747318
0.9980231208213948 0.005872158847164718 -0.06257290193364196 -0.8873253027657647 -0.006188458160660522 0.9999690301010817 -0.004862285912499832 -0.21826215165032378 0.06254241194195555 0.005239903546326515 0.9980285517555638 18.439914252265304
0.997966358082631 0.004364044171966401 -0.06359326421685536 -0.944920089339187 -0.004737614900545882 0.9999723906441936 -0.0057247667541671255 -0.22819470072463988 0.06356652531280733 0.006014405024656917 0.9979594800350643 19.321677897753474
0.9979289469589817 0.004539883477549838 -0.06416546017405315 -1.0071907463945928 -0.004813286415654082 0.9999799823593359 -0.004106964146707583 -0.23759234134590543 0.06414553059425583 0.004407305143932249 0.997930822535385 20.22640290601137
0.9979187294786973 0.00591404609457293 -0.06421240857041467 -1.0684114188711467 -0.00596038072430941 0.9999820962976599 -0.0005300431663877204 -0.25252023151957675 0.064208124230847 0.0009116704054751737 0.9979361130051504 21.136315651560594
0.9979726809297566 0.006488363708894948 -0.06331215723899682 -1.1367928652835666 -0.006300377395950102 0.9999751329537487 0.003168393725581371 -0.25926691028078214 0.06333114054351911 -0.002763079896201958 0.9979887434369911 22.07133660009179
0.9980750336534215 0.005159415375336126 -0.06180297428689063 -1.1967945397947362 -0.0048021667887328985 0.9999709010341413 0.005927586279421686 -0.26345496740314694 0.06183175876404067 -0.005619387684751866 0.9980707670752581 22.986879918917715
0.9981717237761466 0.005419416577648259 -0.06019833700123293 -1.2552714719771378 -0.005024346580947475 0.999964850301982 0.006712235243821092 -0.2689395861064269 0.060232597446819684 -0.006397506115024967 0.9981638673686389 23.928776707189925
0.9982657223376363 0.00600636004085729 -0.05856168751647127 -1.3188311137920885 -0.005791049649892862 0.9999758370159598 0.0038456635555262375 -0.27770408659015017 0.058583370931261036 -0.0034998604671354493 0.9982763843881318 24.861406121047434
0.9983211876451149 0.007104565942564124 -0.05748331446267894 -1.3824110698170233 -0.007171421869121059 0.9999738272391822 -0.0009568411553868296 -0.2862074420336575 0.057475012024553594 0.0013674718970808058 0.9983460086630228 25.835422527467138
0.9983958442719059 0.006339798890512227 -0.056263177039838276 -1.438505110427787 -0.0065679374910383595 0.9999709389000501 -0.0038708593962433796 -0.29498424900337716 0.05623700149992128 0.00423418296481521 0.9984084691933051 26.780104834171144
0.9984533737439977 0.0036823413882299968 -0.055473424458288075 -1.4949915633529043 -0.0038540336158380314 0.9999881079559626 -0.002988372724613035 -0.30182064881804854 0.05546176055731428 0.0031975472715424216 0.9984556919600038 27.753350083291433
0.9984448205994599 0.0019839684540905725 -0.055713589789974365 -1.5479112344193322 -0.0018747440422654388 0.9999962172616602 0.002012659222468124 -0.3127927056174489 0.05571737209244849 -0.0019050804557729623 0.9984447631769969 28.697350146365086
0.9983969197483678 -0.0018491973943176847 -0.05657005485208768 -1.6009548937938303 0.0021656624021240438 0.9999823454238956 0.005533420902500288 -0.32416875000617795 0.056558823744234564 -0.005647062025606683 0.9983832982112374 29.672385404631633
0.9982948585938546 -0.009318015122709099 -0.0576242127863687 -1.646595208055914 0.009611113134551293 0.999942237232933 0.00481130979163947 -0.33016171478648526 0.057576052394989634 -0.005356938656475111 0.9983267508180081 30.601696889368846
0.9981919762055047 -0.011566485663904807 -0.05898300643690335 -1.7054777153603384 0.011642810002445186 0.9999317684393538 0.0009504951303114313 -0.3367054133833243 0.05896798804602428 -0.0016355045498170546 0.9982585344041255 31.582604564133884
0.9981214036417586 -0.011307099638056692 -0.06021472486012547 -1.7695613798407261 0.011154796440205646 0.9999336792568796 -0.002864891651843376 -0.3484342164791548 0.060243124990185665 0.002187826678301869 0.9981813358833372 32.5292183363925
0.9980020980673423 -0.010051816483823887 -0.06237606302547791 -1.8364780987055822 0.009851532085388493 0.9999452852497576 -0.003517644432131469 -0.36123367819254537 0.062408008851055574 0.0028961167372664833 0.9980465184244129 33.51653312968198
0.9979388702354951 -0.010110831132230902 -0.0633702009379736 -1.8946317740892336 0.01001311803465308 0.9999481388066954 -0.001859345113043111 -0.37953560368989625 0.0633857140081876 0.0012209794596165977 0.9979883568803961 34.463427703765866
0.9978780521602708 -0.007313842233760421 -0.06469853729879325 -1.9628592110789658 0.007394446340602146 0.9999721542030279 0.0010064700051662437 -0.392122203364827 0.06468937455362853 -0.0014827441906843223 0.9979043472645697 35.4420554469122
0.9978065118045436 -0.007422250923710696 -0.06578050768787287 -2.0373613806946667 0.007586144414432696 0.9999687112404426 0.002242086762606879 -0.40138445074779683 0.06576180816683953 -0.0027361892027347417 0.9978315979438995 36.46095295235401
0.9977544465724006 -0.006162449692646978 -0.06669399192421943 -2.1044002173912975 0.006493931870994167 0.9999676110710243 0.004754540752058707 -0.40578528472775494 0.06666253215905577 -0.005176970416536698 0.997762148902959 37.42906586797497
0.9977632623860372 -0.006588225695350383 -0.0665211809498225 -2.172673395202994 0.0071266935145905975 0.9999437088136514 0.007860626154965245 -0.41257100129161905 0.06646564881441391 -0.008317120065633066 0.9977540493736391 38.39264365918629
0.9977521625108561 -0.0010385121830265836 -0.06700405732010471 -2.252721936972543 0.0017195221811606423 0.9999474461208859 0.010106841236798439 -0.41566368996734554 0.06699003991921988 -0.010199337662959149 0.9977015125090569 39.4050158616964
0.9977455697426091 -0.0010921473663302705 -0.06710130604635499 -2.321795070218879 0.0017467364777216956 0.9999514540678595 0.009697340833975039 -0.42338178979202923 0.06708745762565294 -0.00979268715435656 0.9976990409475318 40.35491895288055
0.9977509700278854 -0.0007894085127811467 -0.06702520900835508 -2.3838739344573874 0.0013315024308203885 0.9999667630563356 0.008043623804642299 -0.4283772264644915 0.06701663159015422 -0.008114777682342042 0.9977188589344582 41.30033202861635
0.9977561673293734 0.001371680259569778 -0.06693839742229146 -2.456616588191201 -0.0009746313826180287 0.9999817411107039 0.005963852687023144 -0.43602069247320063 0.06694535570050512 -0.0058852305366912 0.9977392862925988 42.252950939314175
0.9976821917522197 0.0007078394029325874 -0.06804221648261154 -2.523216892905583 -0.0002941050283829324 0.9999814102193696 0.006090379127154148 -0.44352633207318787 0.0680452626030586 -0.006056251238171233 0.997663853238265 43.20315472791477
0.9975966920966894 -0.001636464352638057 -0.06926876570407013 -2.5918546765885493 0.0021450615602310063 0.9999712824593082 0.00726862900336468 -0.4479203632481808 0.0692548816232159 -0.007399746016471057 0.9975715538898688 44.18797782609234
0.9975331569382987 -0.0011060875024709272 -0.07018815697215836 -2.66581996449805 0.0016915144637318317 0.9999642735247928 0.008281935332489828 -0.4556556874198073 0.07017648885154104 -0.008380229380478431 0.9974993895577088 45.16997081811011
0.9975069113888426 0.0009931473456589585 -0.07056185506235906 -2.742101518612505 -0.0006583809008840972 0.9999884191652472 0.004767396561897538 -0.46479244763548033 0.07056577262441704 -0.004709054442120119 0.9974960132953825 46.13659749797543
0.9974496757330807 0.0017120463318247888 -0.07135273840105688 -2.8157473811960942 -0.001668434859902619 0.999998383171765 0.0006708047206163822 -0.4761960214792623 0.07135377148469625 -0.0005500465549611172 0.9974509194660652 47.098305914051764
0.9973832555921177 0.0020345859971105094 -0.07226687985715716 -2.8858149180177834 -0.0020819514534542245 0.9999976644762822 -0.0005801035471174668 -0.48241599150771797 0.07226553080559156 0.0007290416999598387 0.9973851620891437 48.05139359636185
0.9974049605431486 0.0006523254045758973 -0.07199249374404622 -2.965772328218512 -0.00044360394537367896 0.9999956525131338 0.002915162151678074 -0.4926938341604427 0.07199408239195533 -0.00287566103660913 0.9974009137123068 49.001850091513084
0.9973702142162588 -0.001024953752701166 -0.07246796025843955 -3.0274905469047773 0.0014731627928845754 0.9999801155271757 0.006131748660979475 -0.5073388006024392 0.07246023451245259 -0.006222380578250263 0.9973518919590724 49.94064355912845
0.9973558359638953 -0.0028501801897979333 -0.0726168915724525 -3.1002912724262583 0.0033600717417526923 0.9999705462594782 0.006900473274379905 -0.5197674417297522 0.07259508514114393 -0.007126225256462134 0.9973360369138106 50.891056713048336
0.9973225483988193 -0.005995189539523859 -0.07288204276548393 -3.166466915073442 0.006431922855257335 0.9999627308245465 0.00575910846389753 -0.5296339441772279 0.07284479956502514 -0.006212460406320589 0.9973239396064012 51.830875709167934
0.9972624895081073 -0.008797179444365515 -0.07341755004027205 -3.2326449247874427 0.009149776367854264 0.9999481594160997 0.00446766972505134 -0.5372179532238508 0.07337444113934018 -0.005127193596648875 0.9972912830629341 52.76668459865659
0.9971770673929788 -0.01042582819756599 -0.07435857967937073 -3.3049650699329205 0.010878832812477148 0.9999246361529914 0.005689728547586547 -0.5449175153810595 0.07429365559842022 -0.006482601383849561 0.9972153371349254 53.70153569977462
0.9970613070357982 -0.013322398211751674 -0.07544046472519415 -3.373388408707271 0.01411129493522897 0.9998510842157835 0.00993381838834861 -0.5549633304963432 0.07529688816489526 -0.010969188593931034 0.9971008251597606 54.644624367242706
0.9969880123093345 -0.014276427244980749 -0.07623048561173529 -3.4402457107425035 0.015453095912721157 0.9997700433755861 0.014868160460886196 -0.556607336362904 0.07600069169550014 -0.0160013747502266 0.9969793633109513 55.581200148479425
0.9969765271530157 -0.012458509483491484 -0.07669804330856313 -3.5156993709671363 0.013820748325134441 0.9997555797504488 0.017255946035407043 -0.5607068025229646 0.07646431338634896 -0.018263797504717842 0.9969050318255307 56.50315609337409
0.9968887222447423 -0.011279446075962598 -0.07801057336967138 -3.5942629575195153 0.012361111514204015 0.9998338524929732 0.01339665373116539 -0.5660018845435769 0.07784650527402538 -0.01431927041712619 0.9968625181595222 57.43382959312462
0.9967984443243495 -0.009817364866817254 -0.07935036697853964 -3.6712900968401354 0.010287433139003557 0.9999318616244854 0.005517320690457461 -0.5663857209617367 0.07929079462313192 -0.006315968275933625 0.9968315195823069 58.34761778242899
0.9967593092506883 -0.00795872691559238 -0.080047099185256 -3.75037840603359 0.008046969377242918 0.9999673185239439 0.0007798511877155573 -0.5751427098943558 0.08003827650526296 -0.0014214604870665297 0.9967907773169615 59.24928573226337
0.9967019350201506 -0.0031234882573882546 -0.08108943549065972 -3.8351540229327408 0.0032779909915278804 0.9999930568706613 0.0017722825761400298 -0.5868070683580198 0.08108333677240596 -0.002032247912087678 0.9967052535560741 60.156543904879484
0.9966489501814034 -0.00034508650671523453 -0.08179701105547668 -3.9199803370864834 0.0006822940705089879 0.9999913844211158 0.00409457669871791 -0.6003592682138222 0.08179489334370621 -0.0041366651838429 0.9966405989242311 61.05232805652086
0.9965657149718927 0.0023048301671927235 -0.0827735676436702 -4.002922704335151 -0.0018486589737339311 0.9999826821635378 0.005587292100460528 -0.6112095119932343 0.08278501194394863 -0.0054150836482397555 0.9965527174547888 61.93596612654965
0.9964631058001842 0.0030365023010078688 -0.08397653501322568 -4.076188434279803 -0.0025971965158595512 0.9999823691032493 0.005340042407225087 -0.6190206259265991 0.08399126948266461 -0.005103051678057845 0.9964534236552468 62.782390836273215
0.9963216773167813 0.004788528710276781 -0.08555808145036163 -4.154282244555589 -0.004268203181264377 0.9999712754752785 0.006263438827694815 -0.6297642226136531 0.08558561649178759 -0.005875220603150587 0.9963134968636058 63.616047036654834
0.9962195603185732 0.005591316307074025 -0.08669097312075379 -4.237478265629507 -0.005007322389019358 0.9999632940936757 0.006952495078577675 -0.6431161472050668 0.0867266646491232 -0.006492121939664191 0.9962109907000426 64.47490338271443
0.9960848442956501 0.00550861561400473 -0.0882305962720864 -4.3093910186352415 -0.004864926297326376 0.9999599735663746 0.0075089118557258965 -0.6542423094438296 0.08826842842507386 -0.007050277948607558 0.9960717735807075 65.27827593702902
0.9959832688605873 0.005279844645163664 -0.08938373112766254 -4.391450578148475 -0.004535670907157591 0.9999533606605283 0.008526675385944165 -0.6585813472387455 0.08942458185086098 -0.008087010834556778 0.9959607644965547 66.11638180470663
0.9958493615541189 0.008088479873475076 -0.0906566356401487 -4.47069428189251 -0.007089494239363741 0.9999106124761032 0.011336054388277526 -0.6669733015831676 0.09074022351572847 -0.010646292828977943 0.995817688276984 66.92287065769742
0.9957480221403523 0.009669114062002958 -0.09160995926662609 -4.549970524061575 -0.008292353641462488 0.9998470692266426 0.015397240985903244 -0.6688557934005785 0.09174482696404133 -0.014572110078812619 0.9956759213384596 67.6762962031011
0.9955539415950231 0.012826498661169678 -0.09331575594029624 -4.622935077819506 -0.011254878089104838 0.9997861503606545 0.017348811665982868 -0.6770793764517455 0.09351832490915005 -0.016221420379158226 0.9954854034224061 68.42373765090184
0.9953954628842843 0.015647269926644055 -0.09456762349358548 -4.703437054478554 -0.014468085573765976 0.9998089620502744 0.013142066191548202 -0.6804557841720121 0.09475519494577613 -0.011713340590779114 0.9954316906161838 69.15652647215639
0.9952536691192593 0.015604736353270893 -0.09605532940965401 -4.773290195032665 -0.015083849184899056 0.9998673398389571 0.006146561407361457 -0.6933860248364196 0.09613850216442689 -0.00466850369092227 0.9953570180969589 69.86181836658113
0.9951473281130571 0.014794292828906205 -0.09727756292761718 -4.8496255106457 -0.01483713206222158 0.9998898836433773 0.00028301908345539604 -0.6989846600515655 0.09727103814400355 0.001161674363142528 0.9952572509914527 70.56857517230092
0.9950735089552477 0.015582668312169992 -0.09790756979807018 -4.914526319009227 -0.015727499596169457 0.9998760648367921 -0.0007076177946820851 -0.7073787946550465 0.09788440903404193 0.0022439729864146235 0.995195260767099 71.21028830495544
0.994962325477809 0.018343454961599295 -0.09855703191484014 -4.985945203993874 -0.018124554004522765 0.9998308812226682 0.0031160063606753305 -0.7216484788423797 0.09859752239244261 -0.0013140066873551155 0.9951265256059146 71.86225072302058
0.994845331553412 0.018550197803407626 -0.09969281041197024 -5.058150077500025 -0.01810414870531589 0.9998216472152117 0.005377133020159049 -0.7346392107239512 0.09977477680274935 -0.003544562217697697 0.9950037336576422 72.50541104670656
0.9947860319806858 0.015377112602656826 -0.10081812825146007 -5.1196693283182535 -0.015251276981401437 0.9998816544187455 0.002018838098773025 -0.7430588891779099 0.10083724077224275 -0.00047070674278030904 0.994902824052985 73.10864037536548
0.9948823019328752 0.007255990028125273 -0.10077973957822986 -5.173786817400523 -0.007611285441072675 0.9999660994059411 -0.0031413966324460294 -0.754674895704582 0.10075352914254984 0.003892383277579035 0.9949038022430831 73.72976773785881
0.9950218323209128 0.0032515192948533627 -0.09960412053228025 -5.233288784040454 -0.004063704236552817 0.9999601225852581 -0.00795232966831472 -0.764569087127613 0.09957429142410042 0.008317503324371683 0.9949953666353625 74.3177393272879
0.9952993265594103 0.00580229167342068 -0.09667256054186829 -5.282106859213525 -0.006624790746777964 0.9999445222690347 -0.008189293724956477 -0.7724844704454362 0.09661968069677149 0.008791234013991518 0.9952825485793304 74.82636447479442
0.9956545115137553 0.01079888237089727 -0.09249582607796437 -5.335285186519533 -0.01135061275619701 0.9999207768775717 -0.005440915236671916 -0.7777880911625267 0.0924297424661802 0.006467156105531904 0.995698206586486 75.2945854058429
0.9960772575031526 0.009201289855585892 -0.08800814365723182 -5.369433981013969 -0.009439572004356927 0.9999528202090597 -0.00229168853094846 -0.7870554944003022 0.08798290496098116 0.0031134580359808766 0.9961171190245088 75.72297194397565
0.9966023261409986 0.005452221750788605 -0.0821831905460673 -5.4015808480437455 -0.005285649782361042 0.9999835124510077 0.0022442665893359463 -0.8011140220811854 0.08219407178579992 -0.0018022497401891323 0.9966147131460319 76.21376923086251
0.9972399213396926 0.001057519971907889 -0.07423894488685269 -5.424600804863202 -0.0006279904899677037 0.9999829311552106 0.005808874777291853 -0.8136043214265741 0.07424382071491653 -0.005746220474604473 0.9972235637187438 76.69022898069214
0.9979710912401706 0.004740672917993794 -0.0634919449157764 -5.449793330492441 -0.0043812223109907225 0.9999735856404172 0.005799388977259436 -0.8213157115749126 0.0635177608229783 -0.005509450220528654 0.9979655004148716 77.09200614548682
0.9987999646735983 0.00996782580188154 -0.04795073531033792 -5.47418496756598 -0.009724324461831855 0.9999386253898283 0.005308763251673768 -0.8255286833892967 0.04800070917996703 -0.004836104039891165 0.9988355940874044 77.45945693658858
0.999448108496584 0.015100344045499143 -0.029588140061647856 -5.488668092059363 -0.014930774498099129 0.9998708645271516 0.00594358836175129 -0.8302295458024941 0.02967406941231765 -0.005498534298756081 0.999544504124294 77.8873856241492
0.9998797515569391 0.013525308165234892 -0.007586070489323345 -5.481254881978708 -0.013476120570398806 0.999888078802626 0.0064980029829250175 -0.8336855363459376 0.007673108940033563 -0.006394990807613738 0.9999501125015025 78.23404070986282
0.9997714426931956 0.010074733753242703 0.018856354763504175 -5.4602712261339414 -0.010214550805761119 0.9999209398439174 0.007333281222883234 -0.8372379725497876 -0.01878098312129518 -0.007524214341620262 0.9997953094866676 78.61642695294877
0.998798299015705 0.008870084801299336 0.04820040953095474 -5.425105379355412 -0.009317640890783827 0.9999154677130396 0.009068571907630373 -0.84455425585882 -0.04811589603825729 -0.009506788302641078 0.9987965165761278 78.98745308845973
0.9966525643958791 0.008409694762567416 0.08132000317952652 -5.377022552279452 -0.009319480699373302 0.9998980902216308 0.010814640568679758 -0.8523364505947919 -0.08122076804987607 -0.01153629945589907 0.996629369741959 79.37983559877297
0.9929066980797904 0.00831377530399959 0.11860510127512379 -5.319005504415902 -0.009729516795340286 0.9998881081301167 0.011362557938483816 -0.8557172200585456 -0.11849736457498528 -0.012435930209309736 0.9928764889091768 79.71169899512002
0.9870089768404272 0.008508288150388893 0.16043967299007708 -5.251096641553888 -0.010480427647513817 0.9998795233228516 0.01144986794651612 -0.8590624568318203 -0.16032292497561976 -0.012982598831412267 0.9869792357769472 80.02834195914376
0.9786268119155148 0.008220930824840737 0.20547987564831804 -5.162264745220789 -0.010811839044093087 0.9998755407511462 0.011489436195396186 -0.8631626572422396 -0.2053598479171617 -0.01346548565691728 0.9785938961384677 80.34977035344147
0.9669108045562806 0.010361056843391298 0.2549041869672085 -5.061204698523863 -0.013232602511971638 0.9998668114740702 0.009552881420634114 -0.8701004722669172 -0.2547712587068759 -0.01260983004503056 0.96691912687833 80.66457528427311
0.951545909395998 0.011275501544570021 0.30729992739449374 -4.93716756981083 -0.013994549096954639 0.9998799846040607 0.0066459750042156705 -0.8753495270892928 -0.3071881099706105 -0.010624474250622424 0.9515895047968869 80.9548127239719
0.9318400299398398 0.011460676807047904 0.36268831176210004 -4.796163177520693 -0.014037398470772402 0.9998914798771922 0.004469889615169761 -0.8800911471913316 -0.36259772482172437 -0.009256422425724007 0.93189978463244 81.23694056613313
0.9077070312705983 0.0119645703775794 0.4194338975781485 -4.636585146464303 -0.014416654923553717 0.9998924911479914 0.002676977153352875 -0.8850019724727196 -0.4193567758397763 -0.008476744749274602 0.9077819338121494 81.50999212312391
0.8785641375969457 0.012117739821675171 0.47747064465802364 -4.485136819325023 -0.014154148772044843 0.9998996020887622 0.0006676939975038998 -0.8885302568229402 -0.47741461666048085 -0.0073448025398696005 0.8786474478848606 81.73843010200225
0.8452548853210908 0.01040272708738672 0.5342620724981088 -4.323026967682673 -0.011641083681096858 0.9999316863290313 -0.001052542592819668 -0.8965847610938821 -0.5342365244080186 -0.005329722724997471 0.8453182418735075 81.94088579122574
0.8087061394114461 0.009875269776577152 0.5881299678855634 -4.140971385535125 -0.010840956466840272 0.9999394619138494 -0.0018831278038768942 -0.9059420480801104 -0.5881129600179875 -0.004852994362400025 0.8087642392592553 82.13634242399935
0.7688309548511366 0.008488221360399933 0.6393957404931827 -3.9279717763421416 -0.01018331609915078 0.9999476182944594 -0.00102992255206283 -0.9121635087231239 -0.6393709900643871 -0.005719332598767581 0.7688771204156829 82.3449135193935
0.726088942353208 0.0079311562360832 0.6875550483802424 -3.7160497927184 -0.012088466304665382 0.9999261734574203 0.0012315101308356014 -0.9192844634282874 -0.6874945212689343 -0.009205671923342932 0.7261312132319069 82.52880776346112
0.6811870515995803 0.006536049451139985 0.7320802420436175 -3.5017144162799463 -0.011424392184571848 0.9999332897626636 0.0017027294648963372 -0.9253538400753977 -0.7320202756729381 -0.009523449059547152 0.6812162798419663 82.68553515013342
0.6351007047723726 0.004909262147108731 0.772413745309342 -3.2696800813820937 -0.007944713803925738 0.9999684246282969 0.00017683036013538278 -0.9288125158286364 -0.7723884879516331 -0.006248911231048351 0.6351196539142988 82.82959100091445
0.5885955826851245 0.002194801236438027 0.8084246550489972 -3.0460591379846234 -0.002454210131080904 0.9999965577843577 -0.0009280474496141243 -0.9328760212156301 -0.808423909156695 -0.0014377993492718693 0.588598943115634 82.95019453110412
0.5420073365864122 0.0043014259445366375 0.8403627459742288 -2.798205152079143 -0.004556499797798503 0.9999872435894392 -0.0021796715323170596 -0.9380771756752554 -0.840361401657702 -0.002647714720244678 0.5420200219647473 83.07757461595632
0.49437289823373615 0.007086231533446502 0.8692210437021352 -2.5780644357371303 -0.008764160548864051 0.9999565776285299 -0.003167388089932295 -0.9439674286081084 -0.8692057449084486 -0.006052121949605952 0.4944135362609507 83.18545127453311
0.4489872730587699 0.009029938814245748 0.8934925231003668 -2.3571791619106244 -0.009746043003686183 0.9999389424912462 -0.005208256450978801 -0.9504330896351697 -0.8934849989098985 -0.0063695756922926335 0.44904786518641987 83.27378065079547
0.4068184907676391 0.006609473674297993 0.9134851013712747 -2.072553590449713 -0.002470247563100111 0.9999781285415561 -0.0061351703729082985 -0.9514199079947336 -0.9135056723669092 0.000239366406118143 0.40682592009016216 83.36342420165843
0.3674313415332176 -0.0009394674784117376 0.9300501742701606 -1.6007030463068288 0.01272589834602102 0.9999109514929646 -0.004017536026150901 -0.9510960489857077 -0.9299635803462349 0.013311892626207777 0.36741057788844644 83.47943461191737
0.33195591018163123 -0.004713021559160651 0.943283128823614 -1.2308301456730253 0.016711642482926455 0.9998599587453604 -0.0008853831090807982 -0.9546238625515872 -0.943146857441093 0.016057718564910776 0.331988184990796 83.57411729388556
0.29869800497290133 -0.0005850203228897196 0.9543475046210523 -0.873805593190121 0.013894335039394747 0.9998964902729427 -0.003735798932603696 -0.9594285703593701 -0.9542465348530345 0.014375899661363763 0.29867521529230573 83.67021558139228
0.2676417569622994 0.0069278612076132005 0.963493588286513 -0.4931631189807902 0.002653533876804181 0.9999650584426395 -0.007927209583079105 -0.975597180576659 -0.9635148409277877 0.004678315177225438 0.2676140218280888 83.77357868348888
0.2395841078660739 0.011162105933315217 0.9708114454667035 -0.10809032698338111 -0.0021284444326862845 0.9999375436373512 -0.010971715854782455 -0.9925477311427149 -0.9708732795696442 0.00056233053853627 0.23959290223637944 83.85705392043246
0.21403467386584954 0.01290012422462369 0.9767408792397951 0.3075505187385007 -0.0009104312274293987 0.9999149949791932 -0.013006687923559638 -1.005737780961869 -0.9768256392509984 0.0018946268102271006 0.2140282245198765 83.92843269322215
0.19049922041904976 0.014310413729920837 0.9815830372814173 0.7390724424848584 0.00658284035570101 0.999852642528323 -0.01585431934779575 -1.0139774340467835 -0.9816652755560767 0.009481839906317327 0.1903769457665647 83.98845174573985
0.17037018671713183 0.02061335524063364 0.9851644984791589 1.178511990667669 0.013560805762379998 0.9996374417605464 -0.023261332238419547 -1.012396696385025 -0.9852868130778201 0.017322661924617087 0.1700288838956515 84.03745152784411
0.15058097920388033 0.027462992360585484 0.9882161467779215 1.6317074807658363 0.01576645980669052 0.9994202217376147 -0.03017679782717246 -1.0101621881379406 -0.9884719457056771 0.020124721924549775 0.15006068146018497 84.09344691027789
0.1331691729169117 0.028289479481037164 0.9906894956217701 2.074411052103222 0.013143329196278577 0.9994542356960414 -0.030306495126970298 -1.0220772549910682 -0.9910061676307906 0.017056849062321095 0.13272467599433566 84.14608448128749
0.11808413388525427 0.024007017561696486 0.9927133526010222 2.5624946243648177 0.011155324168529568 0.9996125589571455 -0.025500798376589126 -1.0429654137454096 -0.9929409328189001 0.014085278944374155 0.11777057718205725 84.1939130462399
0.10377610622300742 0.020748322978677878 0.9943842450837419 3.033806004623638 0.011332726660068215 0.9996928170645323 -0.02204179702358906 -1.061821572206413 -0.9945361175360312 0.013556496713878192 0.1035090929010946 84.23366954700096
0.09052024819234661 0.01839035800326605 0.9957248010367661 3.522946525775728 0.01358322611437541 0.999713684332492 -0.019698866126806748 -1.0753249036587913 -0.9958019786260344 0.015308301371080121 0.09024453043598005 84.26710619649656
0.07890500090016295 0.017626392600066758 0.9967262969927368 4.0062926618845625 0.01729861466358934 0.9996689136521764 -0.01904786098751422 -1.0876975007151017 -0.9967320395992442 0.018744955625109555 0.0785739643580925 84.29421710327716
0.06887469254218773 0.018156795328596896 0.9974600781538148 4.530039483705617 0.020384317721966527 0.9996000153647183 -0.019603287322950674 -1.101843534446861 -0.997417042323938 0.02168271353524922 0.06847702983862056 84.31963094258057
0.06099101771108345 0.01855713809977518 0.9979657951974665 5.058108296086034 0.022315706237865822 0.9995518937311484 -0.019950463492899598 -1.1163193090182426 -0.9978888239747326 0.023487110593304494 0.060549571611253655 84.34613814024921
0.05535048570729739 0.018987794162516124 0.998286425533678 5.610956732191543 0.024008634995817638 0.9995047688027539 -0.020342138191262477 -1.1303376211811698 -0.9981782952847689 0.025093441641128807 0.05486720340056911 84.37140053844135
0.04996263148858958 0.02015478417567833 0.9985477054851042 6.187052386788376 0.02537545870651459 0.9994479976241499 -0.02144262438491513 -1.1420217046831802 -0.9984286762459164 0.026409936007313808 0.04942361510371577 84.39469134774146
0.043129916981327614 0.02114867343984033 0.9988456056232704 6.8797919817605795 0.025852033292773347 0.9994175326827991 -0.02227706760004264 -1.1562833602780092 -0.9987349411309371 0.026782997927090303 0.04255805900442791 84.43561756638488
0.0390608570571633 0.021055236553781855 0.9990149780957357 7.55149005787886 0.028523538089031585 0.9993470702391752 -0.022177488118853395 -1.1762062479474173 -0.9988296437435399 0.02936171347252414 0.03843478321929222 84.453948163802
0.03609487587216782 0.021047234028901293 0.999126705616212 8.177750700087035 0.030079020390340126 0.9993023466490008 -0.022137581488481935 -1.1925038058584263 -0.9988955963803893 0.030851805806700047 0.03543661397954635 84.47366051359177
0.033060794403142475 0.020594503535390583 0.9992411372124164 8.81190030277615 0.0309945911438034 0.9992856807546294 -0.021620905591268096 -1.2098343039659398 -0.9989726318539787 0.031685874816530575 0.03239886022454426 84.49311350754857
0.030702703999780527 0.019997620663452224 0.999328494107369 9.471493365357816 0.03296681033534894 0.9992356216705669 -0.021008612542238007 -1.2272758099471122 -0.9989847513267749 0.03358969414027782 0.03001997775061804 84.51094602987189
0.02983686245854976 0.019526207912878655 0.9993640422004245 10.16751231153661 0.03728820144361027 0.9990914981791856 -0.020634153706222923 -1.2474743049270403 -0.9988590249238045 0.03788014612715111 0.02908165844059377 84.5287448289681
0.030975947676745056 0.019066025016184544 0.9993382697343323 10.834600069113481 0.040999686427811634 0.9989523196178397 -0.020329506707234334 -1.265759215609187 -0.9986788855174379 0.04160228143047671 0.030161793736957154 84.54504088475471
0.03350808756928311 0.018979014662921942 0.9992582274216576 11.567044553055215 0.04285755106058012 0.9988727195400561 -0.02040883327736739 -1.28514986356106 -0.9985191226934726 0.04350962147707332 0.03265692046692072 84.5693113745775
0.037313046469843014 0.018844088672321166 0.9991259364490788 12.370790899930965 0.0453391227125693 0.9987606649229699 -0.020530420216907458 -1.3078805996595078 -0.9982745616887155 0.04606554596157429 0.03641242865380142 84.59941890722837
0.041752766278200286 0.018462630827634496 0.9989573753524422 13.155797646287725 0.04570227800499744 0.9987474195841444 -0.02036893858717406 -1.3245699007373704 -0.9980821651012881 0.04650508721566512 0.04085668329406448 84.63168519064415
0.04576071146895 0.016969296646812394 0.9988082900422722 13.971673047831828 0.047056416063923814 0.9987091592722515 -0.019123516751182533 -1.3425651567489665 -0.9978435002509548 0.0478754441966479 0.04490312739553083 84.67008317326116
0.049538920045292596 0.015433277690696192 0.9986529473948733 14.812286515060391 0.04680183189628065 0.9987463642873547 -0.017756360943168948 -1.3640921131262527 -0.9976750392446936 0.047618418311758996 0.04875451061786962 84.72048715865377
0.053660066784211646 0.013409266092313557 0.9984692227683231 15.683632845698396 0.04368720223593961 0.9989208929567754 -0.015763184171853642 -1.3846601368128602 -0.9976031403286143 0.044466180376834606 0.05301634850859475 84.77590694416533
0.057785780642317604 0.012235777756534937 0.9982540204267901 16.464789365457392 0.04300082180015648 0.9989663896543203 -0.014733691510456694 -1.4040503243667486 -0.9974024929185168 0.04377714110933694 0.057199904162717724 84.82547530274326
0.06192754289197322 0.013159813444821354 0.997993887126299 17.336238302596094 0.04021272663171433 0.9990682713677057 -0.0156692617308073 -1.4269035136603865 -0.9972702322080051 0.0411024142410519 0.06134065124655246 84.88657181930006
0.06488999868439957 0.017127585086201703 0.9977454253966055 18.19362680668147 0.038024843002693785 0.9990840939136013 -0.01962357264771454 -1.4561674008860028 -0.997167688699028 0.03921248676065518 0.0641792918057403 84.95194495243736
0.06659151588532813 0.022394077505389447 0.9975289846940671 18.997944082426596 0.03274773150570187 0.9991604465515751 -0.024616826117285093 -1.4766432128570561 -0.9972427769070715 0.03430608312735219 0.06580225351106671 85.00747504731393
0.06675643869353903 0.025864503308198353 0.9974340105298073 19.83361807136436 0.030285586109737292 0.9991508215667843 -0.027935981035412023 -1.4948334434933743 -0.9973095613534186 0.032072780220015376 0.06591642892339647 85.06313553703734
0.06730226001353254 0.025357260346096668 0.9974103544403431 20.626925478707243 0.028115034576073773 0.9992318136400947 -0.027300685711430663 -1.5237811195259188 -0.9973364280060464 0.029879624449922614 0.06653763908401464 85.11427201903714
0.06683616429581789 0.023648116926821533 0.9974836809231705 21.50353619969234 0.025055715274228518 0.9993640456074319 -0.025371548617398043 -1.559205371128955 -0.9974493161430921 0.026688404091732044 0.06620113905906179 85.18843058709217
0.06686979687889279 0.022392846629717085 0.9975103962792534 22.282665454201716 0.025968257370731856 0.9993704009610201 -0.0241754274447957 -1.5897216951047255 -0.9974237213313636 0.027520212623254204 0.0662461925144976 85.24039531704541
0.0675395841726623 0.021530018563357716 0.9974842669789058 23.159982448179566 0.02332637090635573 0.9994597847606425 -0.023152085576691024 -1.6276164418825942 -0.997443875609112 0.024831370217383842 0.06700088106140312 85.30112625150248
0.06770835535346577 0.021831070598808816 0.9974662816215084 24.012142060833128 0.021745063439021817 0.9994908015280835 -0.02335144271309886 -1.6610482769403359 -0.9974681603095731 0.02327105535337942 0.06719916034727133 85.36535207482113
0.068096763520728 0.02251179311360798 0.9974247089223386 24.834967515380022 0.019250744049942307 0.9995296194371596 -0.023873598834930735 -1.6881392101299615 -0.997492977244215 0.020826882594803073 0.0676313633594406 85.42459930777291
0.06707959121351167 0.0236624031268652 0.9974670015197944 25.635123799022473 0.015994291948522203 0.9995647795173666 -0.024787782746035665 -1.7241519636669322 -0.997619421957941 0.01761653276501797 0.06667193341763455 85.48066148136877
0.06452010310057342 0.02344837888719483 0.9976408821933138 26.434623988411147 0.013092823910000164 0.9996179593630424 -0.024341595693984645 -1.7504538059252814 -0.9978305137937783 0.014632458659782563 0.06418844830354367 85.5358866648399
0.06048242924378771 0.022042131760963958 0.9979258590597809 27.23354710738009 0.009915358272030494 0.9996935564165633 -0.02268212797648259 -1.7847497873425988 -0.9981200135370043 0.011266662621937623 0.06024533915794637 85.59142396797597
0.055565949392904206 0.019618749822461617 0.9982622550830359 28.04747140317027 0.007837762085687289 0.999767562064281 -0.020084604291174455 -1.8152339620278317 -0.9984242558920309 0.008940162160082322 0.05539926666480434 85.64236733482086
0.049283805622297484 0.017677138441762937 0.9986283719582043 28.8520899607747 0.005739942895357003 0.999821842779166 -0.01798153934544436 -1.842127115097811 -0.9987683212632167 0.006618268518613879 0.04917355959124701 85.68789625560576
0.041823138189892646 0.017659891989214967 0.9989689451263626 29.66240663364852 0.004632651777112086 0.9998296031197528 -0.017869058814351947 -1.8764170423937705 -0.9991142895832605 0.005375215375035269 0.041734199527615846 85.72568101411298
