1.0 0.0 0.0 0.0 0.0 1.0 0.0 0.0 0.0 0.0 1.0 0.0
0.9999966010196957 -0.0020853022644158883 -0.0015650762031224042 0.006408062581585447 0.0020902331194420946 0.9999928366652618 0.003155557584527271 -0.02531820505939826 0.0015584847005811263 -0.003158818232963426 0.9999937964771627 1.2799732737915201
0.9999931455914033 -0.002448065977405117 -0.0027777226608803824 -0.008168949359541192 0.002459272689612069 0.9999888220770045 0.0040382791982800275 -0.04321299664791477 0.002767805637797763 -0.00404508269574362 0.9999879882068264 2.614396332938978
0.9999905892698813 -0.0010929703991399522 -0.004198426774650003 -0.020121431334943332 0.001108841607893559 0.9999922417252097 0.003779809476483846 -0.05965736668820267 0.004194262982229165 -0.0037844292960123815 0.9999840429991568 4.003766760646536
0.9999841747653052 -0.000559713126366754 -0.005597940707761046 -0.03550779972579621 0.000580555859361107 0.9999929034922275 0.003722354104474282 -0.07774614268360137 0.005595817531477996 -0.003725545114625201 0.9999774033145715 5.4111344092183975
0.9999772756111674 -0.0005278788386042006 -0.006720833668424913 -0.05561300436405713 0.000554746602254414 0.9999918603014996 0.003996446791035459 -0.09008804011322424 0.006718669323174538 -0.0040000843338665 0.9999694289366289 6.72733568986685
0.9999647218635603 -0.0007142976865230808 -0.008369277576180759 -0.07348237413733472 0.000750816629890334 0.9999902083917476 0.004361123137161089 -0.10669812600435859 0.008366080487325813 -0.004367253077648387 0.9999554669073194 8.157404622188988
0.9999485151509089 -0.002199227849099521 -0.009906081180766807 -0.09347932039929525 0.002234155836322153 0.9999913223043029 0.003516228631779829 -0.11862745582504436 0.00989826223087792 -0.0035381793283644583 0.9999447513197162 9.482014536840728
0.9999289469581544 -0.003163034745759433 -0.01149331311472981 -0.1012068512545611 0.0032084510678739276 0.9999871097196407 0.003935255557698331 -0.136203874831064 0.011480717612639016 -0.0039718516785569235 0.9999262060358965 10.836794789785305
0.9999164753006904 -0.0027731890777180457 -0.012623464048456164 -0.12846872392522923 0.0028217390036817044 0.9999886850624523 0.003829821936151972 -0.14879879009911373 0.012612700394385836 -0.0038651221722935058 0.9999129865240047 12.187335068958571
0.9999062529024968 -0.002156067993342734 -0.013521715027898585 -0.1622484509266199 0.0022087834416256937 0.9999900145364148 0.003884855617521988 -0.16689758797856596 0.013513203994449824 -0.003914357963839679 0.9999010306623026 13.62027860122402
0.9998979452321153 -0.0005332541845749223 -0.014276370707152874 -0.19021025892638757 0.0005957596996803986 0.9999902549974978 0.004374354857542826 -0.18051215886647443 0.01427389894085195 -0.004382413720098291 0.9998885189154899 15.067605807021138
0.9998916153973623 0.0009595521297601833 -0.014691382431997625 -0.22504681456846432 -0.0008852843963752863 0.9999868018999345 0.005060859361702803 -0.19010721099899341 0.01469604469204108 -0.005047304790843718 0.9998792682042955 16.50882304503452
0.9998786591818957 0.0017691055045924863 -0.01547698867116933 -0.24770382424228382 -0.0016772790113043549 0.9999809272131619 0.0059440680534127354 -0.20397861443447904 0.015487209165376407 -0.005917387567076006 0.9998625559928968 17.80851481460247
0.999872391331455 0.0016192204628721904 -0.015892739795573246 -0.27904700470637966 -0.0015265226260128772 0.9999817637017868 0.00584311496861606 -0.2154918393245859 0.015901911262154934 -0.005818108709607547 0.9998566291370246 19.201532856608747
0.9998617465801775 0.0023080836332190066 -0.0164669510103835 -0.3051932224158314 -0.0022099122489212045 0.9999796931047691 0.0059774297105197735 -0.2263382086200586 0.016480413025418063 -0.005940212793680356 0.9998465431547369 20.48636482318759
0.999859330196164 0.0029608985917522865 -0.016509176212246575 -0.3378685879633996 -0.002857150634553581 0.9999760459029347 0.0063043088902562106 -0.231303878840971 0.016527447169152183 -0.006256252861070563 0.999843839202007 21.906305692863203
0.9998595883058287 0.003951981436735738 -0.016284517666235093 -0.36764693303700124 -0.0038284197078545064 0.99996370056763 0.00761188213467838 -0.24324754156407158 0.016314008564382223 -0.007548469369045747 0.9998384238139408 23.230032890840608
0.999856471223986 0.0041320572343358656 -0.016430552471840883 -0.39012122299053537 -0.004030630451476789 0.9999726480120718 0.006201390641570249 -0.2516342170840019 0.016455727564631425 -0.00613427507843434 0.9998457779575711 24.591997748827495
0.9998532881023859 0.004548179824971853 -0.01651412520015266 -0.415835141444841 -0.004478225190508499 0.9999808537248831 0.004270560009808166 -0.26540583080474295 0.016533232291046182 -0.0041959794963747675 0.9998545124097187 25.889128618037482
0.9998682923041241 0.0026714823859191536 -0.016008161252803833 -0.45130138112128304 -0.002609200385038573 0.9999889508937243 0.0039102639066409565 -0.2746869156316308 0.01601843057807974 -0.0038679803942870167 0.9998642150859709 27.367381470705794
0.9998698220792046 0.001737286682229935 -0.016041219725529493 -0.4698118502558338 -0.0016317480898307216 0.9999769546564821 0.006589958582522291 -0.2860968908841917 0.01605229869739232 -0.006562925485770249 0.9998496145499072 28.698641164853765
0.9998693754658042 6.763012633525492e-05 -0.016162531725812893 -0.4888314750740663 5.7771651584630516e-05 0.9999699030243187 0.007758202625039821 -0.2981603037010848 0.016162569970712245 -0.007758122949587365 0.9998392785144224 30.012843449641757
0.9998749460533854 -0.0007493594034212465 -0.015796541242424373 -0.5187075299483648 0.0008614312813262744 0.999974500973597 0.00708909999601561 -0.3083894604316175 0.015790826162258322 -0.007101821110846202 0.9998500957373674 31.32450623633738
0.999881287040086 -0.0006959332389517523 -0.015392449577221723 -0.5432160468875712 0.0007754579721680481 0.9999863807017878 0.0051611118833841275 -0.31836287632849736 0.01538864815355109 -0.005172435390251912 0.9998682090256393 32.610258304116655
0.9998896634346747 0.00017453875483281313 -0.014853635673313992 -0.5678994724966625 -0.0001093581590978183 0.9999903627942328 0.004388890457966506 -0.3311899791861594 0.014854258557246237 -0.004386781836614687 0.9998800463794806 33.89382455461785
0.9999008219667594 0.0009245876880217943 -0.014053162199503146 -0.5903024027770418 -0.0008767632513451207 0.9999938053630659 0.0034088886306439916 -0.3450772772140663 0.014056226961723274 -0.0033962292475923886 0.9998954385887047 35.10966242419508
0.9999162330263304 0.001537896804082861 -0.012851529241804986 -0.6110774762214368 -0.0014803652665201076 0.9999888468351377 0.004484944147887008 -0.36325831770935285 0.012858283287852152 -0.004465543500177469 0.999907357444747 36.343638461246385
0.9999331760407723 0.001990349159906486 -0.011387798875779094 -0.6309050134882648 -0.001916446596149871 0.9999770587397806 0.006496862826155251 -0.3741012595172033 0.011400468650789834 -0.006474604571665563 0.9999140507114512 37.46439108980209
0.9999517374994279 0.0015091045627369179 -0.009708000581673634 -0.6493082370155983 -0.001436444743388731 0.999970939157695 0.007487153436196352 -0.38575272035095054 0.00971901735641212 -0.007472847081045041 0.999924845804988 38.6609718307493
0.9999710279711064 0.0019675725986025593 -0.007353358176891406 -0.6619013461474026 -0.0019083846410081371 0.9999657975381149 0.008047473021035721 -0.3955398733923805 0.007368940661342831 -0.008033206833610286 0.999940581385463 39.6709667401062
0.9999904917772812 0.0016293557395916326 -0.0040449418914263735 -0.6728345412383357 -0.00159893170822695 0.9999704958782475 0.007513374102544504 -0.4107340610479955 0.004057064508186022 -0.007506835077862097 0.9999635931646161 40.83779004648889
0.9999994264323315 0.0009429814876770523 -0.0005078591554455238 -0.6771479363552665 -0.0009400174185705088 0.9999827069769712 0.005805352208301428 -0.4263313306112971 0.0005133247126873371 -0.005804871482086876 0.9999830198382449 41.98779287692514
0.9999951109251392 0.000827283565231195 0.0030155808264854186 -0.681911413450736 -0.0008394425830102267 0.9999915149595316 0.004033031749355668 -0.43922218594729157 -0.0030122187782757595 -0.004035543438519866 0.9999873203832074 43.0666078171638
0.9999745709839852 0.000975152716932578 0.00706445062075881 -0.6790863127350754 -0.0010079039695403483 0.9999887550734589 0.004633989234222697 -0.45178190782324473 -0.007059852334338523 -0.004640991684259605 0.9999643092036855 44.21460581389535
0.9999220179649931 0.0013324851783675681 0.01241702347848135 -0.6740507497608451 -0.0013890567351901883 0.9999886909635997 0.004548457573022133 -0.4681472877526196 -0.012410822301610345 -0.004565350825138311 0.9999125607080057 45.27991872162908
0.9998130140448119 0.0029593947717814636 0.019109655392322657 -0.6688136715741242 -0.0030286412468640356 0.9999889490234807 0.0035957145483576556 -0.48106160083644134 -0.019098803073134375 -0.003652918490772858 0.9998109280797413 46.44115326002236
0.9996375199100593 0.004340452812823928 0.026570458359716602 -0.6530273082378333 -0.00443864714233378 0.9999835324302553 0.0036377575311414144 -0.4949589656561812 -0.026554231293931977 -0.0037543758055332737 0.9996403240479543 47.57815460846945
0.9993733700925094 0.005376636975858165 0.03498512433550027 -0.6222236999560892 -0.005546051939402022 0.9999733521366575 0.004747243880709003 -0.5126878754897651 -0.03495866784970549 -0.00493829843238639 0.9993765580354417 48.68064181643625
0.9989350249366714 0.007728513591632109 0.04548720734927464 -0.5857913468712237 -0.00798222799070937 0.9999535678892888 0.005398712975067504 -0.5272120231673463 -0.04544337125562188 -0.005756052740097637 0.998950333032517 49.779978792516125
0.9982523419789853 0.009943927313023276 0.05825272562777233 -0.531879107004683 -0.010277487187012654 0.9999324458306661 0.00542927547874132 -0.5430774794200892 -0.05819480209255807 -0.006018478603150666 0.9982871044567846 50.82368296593512
0.9972403079256428 0.012074444899095047 0.07325282266744243 -0.48049050699084905 -0.012536132153186086 0.9999043294183375 0.00584614412274279 -0.5518472562425949 -0.07317522558220711 -0.006748317630694758 0.9972962682022569 51.688517791116695
0.9958869962250004 0.014399160741808343 0.08945252886239351 -0.40031145491936365 -0.015096972052405781 0.9998606183038419 0.0071291934964001005 -0.5621638380540185 -0.08933740641408082 -0.008450333424889375 0.9959655715335812 52.69017434643006
0.9941486872342352 0.014360886667417026 0.10706144312763623 -0.30928222363292995 -0.015297300499571714 0.9998515399162606 0.007930367236735859 -0.5742252330083172 -0.10693166167170637 -0.009521715245127696 0.99422077863567 53.600959253121715
0.9919162602980713 0.013879369437995451 0.1261328492514626 -0.19144065480964859 -0.014875497992916273 0.9998651372748852 0.00695893826234702 -0.5848587353053257 -0.1260192529566466 -0.008778972962713454 0.991988950300339 54.60259068634305
0.9891314456617468 0.012974643666388015 0.14646037629622846 -0.05604897098070977 -0.014007532154419453 0.9998837484988402 0.006023166181721027 -0.5925948674241849 -0.14636520162267214 -0.008009251503104551 0.9891982003846924 55.589383903005206
0.9858591681940021 0.010219362622699476 0.16726405805018627 0.10595394233017916 -0.011323682402770478 0.9999199236692825 0.005649820002373044 -0.5991672307874548 -0.16719292659879925 -0.007463971918744306 0.985895945025906 56.5592204474628
0.9819993825845419 0.005077318672954294 0.18881587178696516 0.3115081827596672 -0.006665800086693622 0.9999475273785604 0.0077787915969727145 -0.6126429573492419 -0.18876646871937452 -0.008897377400007797 0.981981698893935 57.57645696338196
0.9773255775936948 -0.00026906765129652583 0.21174192542751102 0.5328057915708935 -0.00170794483557198 0.9999566431583244 0.009153946033045403 -0.6191860325319565 -0.21173520799713313 -0.00930802912201566 0.9772827442906552 58.56074462821922
0.9718937569482073 -0.005258431428605368 0.23536115674428792 0.7689964536426115 0.003339032395362735 0.9999578483265802 0.008552919544865064 -0.6256071330903058 -0.23539621081861387 -0.007526650582355491 0.9718703480728534 59.5051075042077
0.9654534702100137 -0.011231674423363484 0.2603333369914225 1.0253102897838724 0.009823861848675796 0.9999292426167645 0.0067083156040891375 -0.6337163190218665 -0.260390262102522 -0.00391908784202343 0.9654954956666892 60.436050407246526
0.9580385277865189 -0.014810743978281053 0.2862565652337932 1.3172432997904229 0.013263464995017939 0.9998850699881396 0.007343521712447436 -0.6401560620951211 -0.2863324287833374 -0.0032386227975890625 0.9581248621914628 61.37576886951621
0.9494660088140424 -0.017424805249079522 0.3133858233372468 1.6368468288314488 0.015137210629328745 0.9998380681919038 0.009731508035612905 -0.6498809286561607 -0.31350464583654203 -0.004495948878213715 0.9495760230137387 62.346659940978796
0.9397581538483051 -0.021770111279588278 0.34114611903185904 1.9744363716790754 0.018598729124499076 0.9997480789740384 0.01256446826075488 -0.654875705979063 -0.34133370702375476 -0.005462677237065017 0.93992630541273 63.28441433026205
0.9288434092665205 -0.024989465721418882 0.3696287971263936 2.345484062821152 0.02201347343635907 0.9996824060136565 0.012267603434067837 -0.6659742554346806 -0.36981796609874606 -0.003257868890374071 0.929098519125329 64.21799921159939
0.9168410037500127 -0.02444237897152482 0.39850363104102493 2.717280592385449 0.022961039511835903 0.9997003074890538 0.008490339853575196 -0.6738273279903639 -0.3985917265915147 0.001365765904412382 0.917127455796788 65.06631206627368
0.9037493832070544 -0.025470542073712455 0.4273035265936144 3.122000852085462 0.02673825461435101 0.9996378633129172 0.0030344639338021825 -0.6789996303118638 -0.4272260737514116 0.008682955583132338 0.9041031402385984 65.92351162928331
0.8898979258507016 -0.027450257958726448 0.45533302637148826 3.567739833958014 0.030472555053190374 0.9995353567345894 0.0007028698238234969 -0.6891560142489497 -0.45514075290524064 0.013249678315277326 0.890320920269423 66.73209803111982
0.8741199599458139 -0.02797436880320025 0.48490383615144894 4.033249175454592 0.029828137250133648 0.9995474561063359 0.003894254683694541 -0.6971172187817588 -0.4847933351981191 0.01105973242971181 0.8745588056077575 67.58773607784047
0.8564398218692516 -0.02696659511863581 0.5155420780734313 4.5359419325919355 0.025662007704927832 0.9996240330268651 0.009656808772005712 -0.7084829727383253 -0.5156086625311067 0.004959369195212851 0.8568098457534605 68.43987830054202
0.8366943828632962 -0.02723792428688631 0.546992326422912 4.79733342502343 0.023751985897803956 0.9996274605067409 0.01344557052551406 -0.7150682444622849 -0.5471547796107773 0.0017423206903140237 0.8370296359554384 68.85327324550137
0.8156501184443845 -0.021005344984340292 0.5781640422611476 5.30555012101199 0.01980784285186098 0.9997686972906376 0.00837862037206756 -0.7155721273780199 -0.5782063071631243 0.004618159792828032 0.8158775269345948 69.57808029299194
0.7934770376033204 -0.014110514557799117 0.6084365901021835 5.829099531974773 0.016966783724213508 0.999855490524898 0.0010612809586178391 -0.7152009811529069 -0.608363640470331 0.00948110996305273 0.7936017827018499 70.2935806681419
0.771162658836706 -0.012017549630118548 0.6365247301690559 6.354888177779911 0.016306773341199943 0.9998666497432596 -0.0008785638225065088 -0.725122626663229 -0.6364292912485255 0.011057180114257034 0.771255791556096 70.92970677203266
0.7479079025262306 -0.014443882813773701 0.6636453447347279 6.901630745717768 0.017411206933210924 0.9998461249744075 0.0021392163967271375 -0.7314044150508658 -0.6635741248812697 0.009954929579112462 0.7480443036111779 71.5424064842171
0.7236224522134955 -0.014777010511451982 0.6900378153499062 7.507033774222852 0.01768519194736838 0.9998394988437739 0.0028654035697386598 -0.7466324940835988 -0.689969405581372 0.010129980857690166 0.7237676442405472 72.16775750303069
0.6982623118670911 -0.01289367546458713 0.7157258532140909 8.141848113637309 0.018438100750820717 0.9998300034937309 2.354634532637399e-05 -0.7563286866325772 -0.7156044859185325 0.013180183866004839 0.6983813446008785 72.7896280291351
0.6719436852814716 -0.010516364394510357 0.7405275753746619 8.8274954226192 0.018345432438431532 0.999828712448552 -0.0024476258127751503 -0.7679044607888839 -0.740374992094547 0.015229965311657488 0.6720215169454062 73.42086901288395
0.6450885357755225 -0.008291867364118244 0.7640628416214253 9.459723791125018 0.016583529516084564 0.9998575203862632 -0.0031504723176353066 -0.7837330899136775 -0.7639278549442877 0.014703192260556951 0.6451341322372954 73.95211676590704
0.6168313631149516 -0.0068179720444459585 0.7870658071184079 10.202163632778348 0.01658281616540775 0.9998530987503691 -0.004334873390386172 -0.7971088582015625 -0.786920631122208 0.01572565345184539 0.6168538109939323 74.5488449686077
0.588340141453602 -0.0003965248481347227 0.8086134556896758 10.510477195211656 0.015170904545707384 0.9998292778821104 -0.010547926099687572 -0.8054716456094491 -0.808471224973171 0.018473165884174917 0.5882457144192346 74.77139248991185
0.5578637132971076 0.008927671538091243 0.8298845546624359 11.219207734117198 0.013985528739833043 0.9996990286646347 -0.02015581982592417 -0.8255341883573373 -0.8298147277388063 0.02285057478261251 0.5575709541034888 75.27085860635202
0.5267767222172302 0.017284420290295158 0.8498279436128814 11.972588190537984 0.012936239419976441 0.999514417265752 -0.028347546411908835 -0.8493692119812061 -0.8499052527427629 0.025926405326128582 0.5262973331370068 75.75408574574016
0.4951720255456312 0.022090950080253118 0.8685140499966524 12.727247233145494 0.010637955238570775 0.999447568273165 -0.03148638088446018 -0.876616457995284 -0.8687298193485581 0.024830388587593576 0.4946634742703473 76.18751400703717
0.462053218237161 0.02184850076402097 0.8865830285602394 13.53159708493822 0.008560116297598414 0.9995400445779988 -0.0290933616824463 -0.9084252097015505 -0.8868108862241451 0.021031935226664657 0.4616536686467114 76.63298990160649
0.4288087991382901 0.02037318389696588 0.9031655148196687 14.55943761641158 0.003858848484799382 0.9996952483008807 -0.024382776975023467 -0.9567145496355498 -0.9033870283936717 0.01394072819270148 0.428599501898344 77.13546773896124
0.3943287836357052 0.02166509501986927 0.9187140110252834 15.568869683121077 -0.0003291121313826655 0.9997253262876034 -0.023434241279629658 -0.995846249764096 -0.9189693695012853 0.008938435932922335 0.39422760213039765 77.58698878128807
0.3595846852584896 0.02457697429188613 0.9327887362432119 16.647385015410002 -0.0075870403789336524 0.9996970389780578 -0.02341510360416836 -1.0357949592599627 -0.9330816100137442 0.0013426068529080598 0.3596622116111134 78.00334981481267
0.3233982442952812 0.02660809188718375 0.9458887804773097 17.67618621831445 -0.012546299991217424 0.9996372833661133 -0.02383048595705313 -1.0684013277552027 -0.9461797746428845 -0.004160667078980796 0.323614775475716 78.38059634631041
0.2870768357879828 0.026061245405530436 0.9575529759976059 18.572058359340193 -0.01520128945574698 0.9996279027444327 -0.022648992331928686 -1.0976650178569136 -0.9577869341105265 -0.008054038904915174 0.2873661798202358 78.6661616452707
0.2509983219046333 0.025665440407605322 0.9676472123505246 19.52219724269098 -0.015955273407017544 0.9996223254448366 -0.022374890452619107 -1.1276292213928734 -0.9678560180375826 -0.009823015878183584 0.25131302534387606 78.91301473240631
0.2151045910939684 0.024957808403955856 0.976272053625406 20.45844634827014 -0.015358309335203466 0.9996362147756855 -0.022171162425682577 -1.1626075625242467 -0.9764702439012981 -0.01022476936723892 0.21540964896384296 79.12332189744517
0.17959606794084756 0.023662240256405415 0.9834558204445353 21.418899011481887 -0.013119782527208194 0.9996793782655935 -0.02165668434820146 -1.1920267857733433 -0.9836529488018754 -0.009013271135776331 0.17984892898432248 79.30737338261338
0.14520577966726306 0.022700781805120824 0.989141019297379 22.334683956629124 -0.004869385406190565 0.9997410417445988 -0.022229227093908913 -1.223233587963278 -0.9893894938986303 -0.0015886965924594284 0.1452787162875174 79.43532489184012
0.11125408479515111 0.026164781209289813 0.9934474987842401 23.258176169214984 -0.0027279011929518195 0.9996576263673019 -0.02602284766844998 -1.254744492246375 -0.9937882506708733 0.00018512148404850734 0.11128736926786165 79.54514528578929
0.07845087904134834 0.031116844584854045 0.9964322363114921 24.2325301994934 -0.0018159279641046734 0.9995155564365322 -0.031070160073626462 -1.2891817841728492 -0.9969163264704157 0.0006280322074780022 0.07846937996618494 79.62839122079737
0.04916063812856373 0.03491962641013114 0.9981802699663866 25.18927430349813 0.005105143294110278 0.9993668059225939 -0.03521256497362222 -1.3287291824289873 -0.9987778377450806 0.006826925475778856 0.04895124020705897 79.67610875282952
0.023409477210251876 0.03306760044285739 0.9991789280092397 26.194157248024407 0.006999047106466703 0.9994229028699221 -0.033239653407671106 -1.3693373323613565 -0.9997014602951941 0.007771423293849113 0.023164525974940134 79.70685374633717
0.0008857030471915621 0.030031780119100498 0.9995485519538254 27.182938952267644 0.008819249771086356 0.9995098365981437 -0.030038431667275975 -1.4093810791637456 -0.9999607174102325 0.008841873468469026 0.0006204111380325372 79.71436578871267
-0.01766169104740752 0.0274704764585033 0.9994665765259427 28.15540956428907 0.009236140713061343 0.999584328756784 -0.02731049996942945 -1.4476496430139105 -0.9998013594580045 0.008748864325984979 -0.017908070776357792 79.69053030620582
-0.03388003327026234 0.030787275664640717 0.998951593923727 29.12211873722021 0.010804115450399719 0.9994782915258714 -0.030437080311057896 -1.4823304363910845 -0.999367507193895 0.009761579056524453 -0.034194987050485195 79.65137007361777
-0.04822796444445187 0.035168934357823714 0.9982170152335008 30.049398276578756 0.013627766744785816 0.9993100861980598 -0.034549031771932484 -1.5159870222388048 -0.9987433841678721 0.011937239168391418 -0.048673965340232904 79.59544778302565
-0.05997554559380652 0.04042759858578063 0.9973808416063101 31.040310261850735 0.018131309182340308 0.9990587951970413 -0.03940532155398281 -1.5590547378039976 -0.9980351644897383 0.015720464752207217 -0.06065210161169153 79.52595256737212
-0.06851662201930707 0.043804088092092505 0.9966878520246361 31.991958345533536 0.023731060247387595 0.9988244940123369 -0.042266617330184005 -1.6064985667524323 -0.9973676901156351 0.020756493620588977 -0.06947559777346388 79.44896352450066
-0.07395149421747307 0.04920850000960983 0.9960470370568884 32.94673267054576 0.027752115223890355 0.998496597815576 -0.047269062306353526 -1.6554071730142574 -0.9968756174185434 0.024146794353003605 -0.07520595534178622 79.3675702634214
-0.07739462666761235 0.054059449773842985 0.9955338505812493 33.92221538609816 0.029670831277136763 0.9982115106227166 -0.051898187171037 -1.7060055104088923 -0.9965589363074839 0.025521676090446154 -0.07886019601313267 79.28670930173791
-0.08008405967493298 0.05821061586696455 0.9950869648359231 35.02610483006689 0.031738188921460846 0.9979361094731866 -0.055823012938286586 -1.7730681980610532 -0.9962827062385288 0.02711172458386115 -0.08176627446644107 79.19624073077703
-0.08269149881422803 0.06116755507700878 0.9946962582767448 35.92072266054568 0.03222852312014426 0.9977566780920598 -0.0586765167694409 -1.829920984694182 -0.9960539334400271 0.027205542240529686 -0.08447733512633936 79.11956164352296
-0.08516047928961165 0.06454991768716223 0.9942741075245514 36.893967917832455 0.03328330336850091 0.9975266075284686 -0.06191033023355044 -1.8976346796504027 -0.9958111841529211 0.027820413356517717 -0.08709827849405792 79.03944689610113
-0.0868523816574765 0.06830137560720498 0.993877047672692 37.85549460353676 0.034552313691644555 0.997253257204322 -0.06551395739784562 -1.9642583979038903 -0.995621816463951 0.028650708290302963 -0.08897379105942194 78.94510319461772
-0.08900468502584578 0.06977186288417889 0.9935844469360017 38.799671355808876 0.03718995056231538 0.9970806863505052 -0.06668592418179475 -2.0318890732982995 -0.9953366634564516 0.031015996783577186 -0.09133966456528371 78.85928429873516
-0.09103403983662886 0.06862824375990437 0.9934802301754441 39.75809199915193 0.037405142503218435 0.9971542293357081 -0.0654545508901109 -2.0983813212525537 -0.9951450441545373 0.031202677390623608 -0.09334202707419423 78.7710086982136
-0.09354627049230951 0.06832470441198199 0.9932677534501934 40.78479799868959 0.0367867158279737 0.9971984531551646 -0.06513050409401898 -2.1720710962961802 -0.9949350897498643 0.030446342833982426 -0.09579763771859914 78.6805889501228
-0.09591329218344076 0.06991221051101522 0.9929314796117588 41.99324879692912 0.03674703296635781 0.9970991068073896 -0.06665603327589653 -2.252312312225665 -0.994711162072037 0.030094086219247456 -0.09820412427146377 78.57539322799438
-0.09835871637642969 0.07189869186658737 0.9925503216566169 42.952720014323305 0.03572885708865697 0.996998728351716 -0.0686803060287414 -2.3283768026663636 -0.9945094326771962 0.02870738185444237 -0.10063237323616979 78.48230061820017
-0.10136448626729398 0.07423771053136273 0.9920756036002641 44.01020107110364 0.034209645632187896 0.9968822389008495 -0.07110205278156108 -2.4054013856560137 -0.9942610024885251 0.02673133178675094 -0.10358810178499689 78.39002922642861
-0.10380988133384372 0.07778902869953666 0.9915504906717738 44.96773177216606 0.03193974499852039 0.9966833300494462 -0.07484779416240882 -2.482088546868399 -0.9940841821631015 0.023899929195114578 -0.10595013996019859 78.29233430660659
-0.10622980941560477 0.08186522183973009 0.9909658485763551 45.96353968373451 0.02872299781949189 0.9964417909496498 -0.07923854267537979 -2.5651423676039795 -0.9939266657997385 0.02004601462107369 -0.10820323613471956 78.19811896827099
-0.10895910985534073 0.08421982960140309 0.990472075669699 46.988505007824635 0.02663957712999591 0.9962939617803731 -0.08178431787516251 -2.651460724730973 -0.9936892096173059 0.017474610779106125 -0.1107988838763816 78.09509822898275
-0.1118359336478813 0.08276163999609118 0.9902743230490547 47.99347269368228 0.024640024211343214 0.9964504043191685 -0.0804950988509997 -2.736479908113024 -0.9934211559816765 0.015398138761720161 -0.11347821011411678 77.98741393055074
-0.11484689873318848 0.0785106540614082 0.9902758540175652 49.00987528802282 0.021699843171990748 0.9968323581504718 -0.07651383241272659 -2.8237202382187476 -0.9931461658072687 0.012701454366397823 -0.11618677377093532 77.87873233220766
-0.1171147528087871 0.07707827023715906 0.9901227575062518 50.01809789139668 0.02193471958472402 0.9969411638313692 -0.07501455815571241 -2.9023588866828725 -0.9928761265894528 0.012932753604886745 -0.11844720821074264 77.7610338771803
-0.11883946514565745 0.07766583634239316 0.9898713044578726 51.01761623199871 0.02112416481423484 0.9969082313887494 -0.07568188587937706 -2.982178530248658 -0.9926887483923619 0.011916209741129918 -0.12011266694487403 77.6379991994809
-0.11980117464875181 0.08049289935916036 0.9895294698519773 52.019654230432515 0.022560754035098655 0.996671197056262 -0.07834243636630009 -3.065115154635586 -0.9925415310858008 0.012939015078284207 -0.1212183606499314 77.50818961889087
-0.12054873515543463 0.08333257086652411 0.9892035609950061 53.09359419142074 0.023254826200612005 0.9964340154091638 -0.08110774311957934 -3.154324494468344 -0.992434993090632 0.013226321043588167 -0.12205674467577643 77.38653649990702
-0.1209927734159843 0.08403646932019672 0.9890897940052278 54.072777109594306 0.021812990263460962 0.9963945171537402 -0.0819887775353002 -3.237530318982258 -0.9924136951074752 0.01165495646334252 -0.12238962273396829 77.27001923199121
-0.12081715597547307 0.08262387951190149 0.9892302610395625 55.01471323039548 0.018834033982714438 0.9965414792611806 -0.0809342898645404 -3.323767700258687 -0.992496092680437 0.008852945630820269 -0.12195544829043721 77.15640526946308
-0.12094503741602516 0.08173939296578277 0.9892881125142571 56.15228666857895 0.015117662647096488 0.9966400680240667 -0.08049864026847899 -3.43101892476888 -0.9925440817417247 0.005219812886563041 -0.12177437888531537 77.02828140975299
-0.12088525777697236 0.0828291620051648 0.9892047737317673 57.24810557726672 0.011272319285079225 0.9965630022188917 -0.08206776118797232 -3.528940232051375 -0.9926024830062278 0.001229849581442009 -0.12140345217446158 76.90032236168913
-0.12111854498562366 0.08286571424768369 0.9891731756688443 58.29244684289736 0.007075729337032636 0.9965561844528611 -0.08261782666655998 -3.6246645841162852 -0.9926128309239776 -0.003007429297242398 -0.12128777042269143 76.78110179648525
-0.12179237327634204 0.0820839475972104 0.9891556214057393 59.361861919420306 0.003619102036305323 0.9966046222569677 -0.08225648300589604 -3.7243834765685575 -0.9925490012650082 -0.006438357159000778 -0.1216759123447451 76.66828999717703
-0.12213004881864628 0.07710439602904001 0.9895146099419411 60.40116311564749 0.003835205069044207 0.9970070992304378 -0.0772148644121578 -3.8096609926342464 -0.9925066963893148 -0.0056352637122393315 -0.12206023687204606 76.54569934529825
-0.12252266364005526 0.06847088356759225 0.9901009721225502 61.43347637655837 0.006874653636554465 0.9976519228488875 -0.06814235080547562 -3.8924285658348983 -0.9924419056206369 -0.0015423810788235326 -0.12270568458178428 76.42236562639826
-0.12215061676933149 0.06321106728750127 0.9904966369429261 62.49617146363658 0.012217119584385268 0.9979900112823453 -0.06218262916383243 -3.9697577491879525 -0.992436380233983 0.004505369356762408 -0.12267735257587827 76.28139588212953
-0.12130049795989184 0.0656694606912352 0.990441169947617 63.53884459813574 0.020586284535971378 0.9977609807765893 -0.06363356133947107 -4.042922546245722 -0.992402334783471 0.012670721063242844 -0.12238079401626359 76.14307179800386
-0.11997327866933148 0.07139038411914818 0.9902069609231451 64.60736890802006 0.026084395984654056 0.9972934827048552 -0.06874091678569572 -4.117937930766284 -0.9924343891116655 0.01758187730996455 -0.12151074396451779 76.00516588227667
-0.118919846802095 0.07716945241266371 0.9899004725985817 65.530370789873 0.029779633131399627 0.9968038434289451 -0.07413009628918402 -4.186654470931931 -0.9924571746363283 0.02066333321645053 -0.12083783833410945 75.88746533590972
-0.11828792004863506 0.08135233031406443 0.9896412311151142 66.6423743879953 0.030666335012432107 0.9964621854274738 -0.07824761280709791 -4.2830131551609405 -0.9925056895894707 0.021092922167769267 -0.120364217136786 75.75813061979416
-0.11816820432229852 0.07834772677808971 0.9898979286754513 67.75531948544939 0.02753482805995384 0.9967576996693818 -0.07560371282888403 -4.373814078300418 -0.9926117613301536 0.01832271427789503 -0.11994235870007847 75.62772816896124
-0.11791358610241517 0.07382993277996565 0.9902754804791309 68.86050542179913 0.026623384888520032 0.9971088830405759 -0.07116931037078966 -4.462518822995067 -0.9926669036436861 0.01797265665620437 -0.1195382868505823 75.49805003350251
-0.11771520174113788 0.07173986259590014 0.9904526860954864 70.04510775016652 0.024253260115717563 0.9972973090543293 -0.06935313061970362 -4.553611780241977 -0.9927511826499124 0.01585778886590706 -0.11913697947942832 75.36234109823602
-0.11775925663596486 0.07232133876378805 0.9904051602429976 71.1655939720605 0.022445130209281274 0.9972835645707192 -0.0701548855533903 -4.6401821048334 -0.9927884838204108 0.01396838560944971 -0.1190626330845757 75.24138555264028
-0.11741084935458587 0.07764910703238541 0.9900430842296245 72.27459868489531 0.023291570148083324 0.9968795603367407 -0.07542310616027446 -4.724603187018259 -0.9928102513642114 0.014204166990720114 -0.11885304550674348 75.10744657651873
-0.1168523431458163 0.08034149878684646 0.9898943243973142 73.45567405664416 0.02272189164398507 0.9966779489117207 -0.07820985739179645 -4.817765116697976 -0.9928893420424294 0.013353266484619998 -0.11828966452205064 74.97039561915355
-0.11638028320585668 0.07931285025786326 0.9900328789817529 74.59205183323142 0.022832823673257317 0.9967566631094177 -0.07716745888057494 -4.909929095956588 -0.9929422399334352 0.013624475437720053 -0.11781375906495978 74.83499605924203
-0.1155842995964607 0.07269944519827333 0.9906336660717011 75.63645906062874 0.02421082214281795 0.9972279146795645 -0.07035852666888723 -4.991857417721286 -0.993002570881849 0.015851714472287438 -0.1170240033938533 74.70405510993243
-0.1158151432669244 0.07110147562685393 0.990722682062819 76.68515683825233 0.023482174621485993 0.9973518532366222 -0.06883217503843421 -5.074052424597459 -0.9929931722147463 0.015292514808215795 -0.1171780650366469 74.5807685744018
-0.11566712195416078 0.07416616025901318 0.9905152687219292 77.87045826217056 0.021239075981800446 0.9971651754157873 -0.07218389425240239 -5.163936164806144 -0.9930609339563597 0.012688325753899679 -0.11691444666627938 74.45463168442457
-0.11538174987413821 0.07723482497317864 0.9903140075790829 79.03574014840675 0.020704238727740975 0.9969429696622812 -0.07533956291124207 -5.254763854046417 -0.9931054255690497 0.011810887024891395 -0.1166281126186937 74.32448989687683
-0.11525198525573134 0.07674971956192206 0.9903668312508142 80.14600242602314 0.019851209968204844 0.9969894716766725 -0.0749528040080436 -5.342896327545247 -0.9931379105428448 0.011021520450294855 -0.11642859068782363 74.196537038941
-0.11525799893028332 0.07324327395635935 0.9906316250265483 81.27377413992934 0.019464113103031665 0.9972529479681044 -0.07146821720203948 -5.433165525514756 -0.9931448746198592 0.01104448229113488 -0.11636699457845244 74.07891567621199
-0.1144956425350002 0.07204739634544996 0.9908077111732317 82.47925376933603 0.020057629512708067 0.9973309884243167 -0.07020392458336253 -5.5299262088174395 -0.9932212439022965 0.011835210535396158 -0.11563515232296111 73.94244749392898
-0.11304344027378707 0.07260215023132083 0.9909339576343393 83.63064884718482 0.021637656259774166 0.9972701406254437 -0.07059800598098714 -5.617307168645805 -0.9933544143167873 0.013460846878869255 -0.11430578794904923 73.80498298707326
-0.11192700697909833 0.0728231455072148 0.9910444665034638 84.8264538191258 0.02430384988808251 0.9972134249804521 -0.07053160936327452 -5.707919232585993 -0.9934191804013628 0.016191804012864717 -0.11338499677422283 73.66942648151412
-0.11085524872583138 0.07208105844246993 0.9912191658981109 85.98560928516089 0.024119947899500272 0.9972677279309702 -0.06982339823243741 -5.800114876319358 -0.9935438299054836 0.0161678644605089 -0.11229095340020555 73.54256385546303
-0.10940117354196759 0.07284753693422091 0.9913246791996337 87.15025205366491 0.025279701498160414 0.9971921853902737 -0.07048887918483171 -5.888683916556364 -0.9936761645122627 0.017348825873447816 -0.11093555931714849 73.41309864365599
-0.10846634108893598 0.07093391909954475 0.9915661510821943 88.29803740206783 0.025179039024076373 0.9973270229911473 -0.06859172840393671 -5.976623165129888 -0.993781197671097 0.017526789004110727 -0.10996246097010892 73.29252031177482
-0.107432194918525 0.07034154517547225 0.9917209237065204 89.43184958602998 0.023482335985601465 0.997395263998439 -0.06820019978081678 -6.0585629201019895 -0.9939350599468985 0.015961026778092503 -0.10880414621025074 73.17575792552246
-0.106015026641428 0.06965527919629529 0.9919218498482139 90.58140680268684 0.024610343660939622 0.9974217081746377 -0.06741117894591499 -6.141382455571651 -0.9940599303417803 0.01726493967767824 -0.10745592932369227 73.0531046145804
-0.10432485536922466 0.07058009020686207 0.9920356724526497 91.88170968678003 0.022442530180404006 0.9973917131820066 -0.06860104456175284 -6.236287917223778 -0.9942900267986647 0.015106996466973362 -0.1056367420287791 72.91902487702501
-0.1026565569507093 0.07313351049074726 0.9920247582385858 93.07610846758762 0.023165542757599685 0.9971988891079837 -0.0711177417424727 -6.328778352516324 -0.9944470769949344 0.015680089448181497 -0.10406318201518447 72.79690416090158
-0.10190972303427742 0.07196732170389204 0.9921870352699861 94.28977441911658 0.020534857679063313 0.9973194115767232 -0.07023041301572291 -6.4216424824250256 -0.994581684916415 0.01321725762126573 -0.10311438371922511 72.68548974413022
-0.10166113408086788 0.07060714108488336 0.9923102566461814 95.4795045740727 0.01719301334474145 0.9974538273992866 -0.06921172226322443 -6.51436904047785 -0.9946705052978684 0.010024661307672192 -0.10261623680562008 72.5787283489783
-0.10173324978352315 0.07137456515611885 0.9922479616190992 96.71628897459286 0.014394163938313985 0.9974240733757677 -0.07027108861408281 -6.6164938400814295 -0.9947075720698005 0.00713367361646665 -0.10249856958871904 72.46435118089299
-0.10211604836242417 0.07079659526067575 0.9922500464934926 97.92678457919557 0.011799019214558384 0.9974803316430794 -0.06995549392854772 -6.706981194276585 -0.9947025162391089 0.0045639987629983525 -0.10269408017443754 72.34906132021105
-0.10320166725430482 0.06832524111090103 0.9923109781228202 99.070551092603 0.009383645360146742 0.9976603958641641 -0.067717661831419 -6.791210567516543 -0.9946161888264659 0.0023229187021192657 -0.10360135603850262 72.24064436906193
-0.10454632231275289 0.06687185874874244 0.9922692280819584 100.31935724889915 0.007250480807385209 0.9977615420435645 -0.0664780847115063 -6.883674258573237 -0.9944935882241458 0.0002443897229835799 -0.10479715289416769 72.12044806484182
-0.10595328980137912 0.06626007332248222 0.9921610267812194 101.57421154218291 0.005428243571408307 0.9978010824018709 -0.06605705207912606 -6.972607590798617 -0.9943562915534812 -0.0016132702669373975 -0.10607998306490891 71.99543055447471
-0.10777431354009007 0.06651557091944282 0.9919477688700259 102.9272552763668 0.005426413729916852 0.9977838268184304 -0.06631733539279484 -7.069508249899563 -0.9941605762526452 -0.001764586305409663 -0.10789640800405086 71.86284323726439
-0.11007491635217077 0.06515889307530494 0.9917851740388455 104.36612645271633 0.0048125195849295505 0.9978720520887618 -0.06502466697652665 -7.174817860192061 -0.9939116421721322 -0.0023845992041641806 -0.11015426111289658 71.70525534211727
-0.11308959707291925 0.06039664489343706 0.991747441801339 105.63447752686275 0.002209841459616318 0.9981636051281456 -0.06053539459115692 -7.263834374775333 -0.9935823366156453 -0.004654318768603064 -0.11301538692670157 71.56831176658459
-0.1173772669250226 0.06045383573799477 0.9912456360326511 106.84349115902131 0.0018073077834228077 0.9981567702081898 -0.06066131985154296 -7.347402115412044 -0.9930857520112679 -0.005328773978953 -0.11727017233761203 71.43704688107128
-0.12294945591550951 0.06623966913444924 0.9901998472647017 108.0249064514882 -0.0033974271426003744 0.997736053644508 -0.06716565153926923 -7.433571177546556 -0.9924071184644377 -0.011622112150659638 -0.12244606049304549 71.30265958676155
-0.13001500393012583 0.06940902315934139 0.9890796157322802 109.22129421560523 -0.0026533344193450143 0.997518838409207 -0.07035003081169261 -7.5211102284804126 -0.9915084762973569 -0.01177091852036162 -0.12950825034598565 71.15105885762088
-0.13904274904555636 0.0652891808573529 0.9881317912104791 110.46259415127935 -0.0007207794139774634 0.9978173407809516 -0.06603056045398226 -7.619889762205158 -0.9902861174503502 -0.009893295699941653 -0.13869220700999266 70.9842283574333
-0.14967670139714376 0.06312798020678181 0.9867176613266239 112.54116299038714 0.001509027459245623 0.9979731077664141 -0.06361917172655286 -7.779438416831552 -0.9887338407756637 -0.008033323724184355 -0.14946858470911176 70.67180719303722
-0.1618964919125452 0.06421249838786658 0.9847163454300933 115.16596392218436 0.0023191121101702756 0.9979026433675374 -0.06469108191321238 -7.970987508550267 -0.986805020064972 -0.00818959161800664 -0.1617058532140955 70.21532880188049
