1.0 0.0 0.0 0.0 0.0 1.0 0.0 0.0 0.0 0.0 1.0 0.0
0.9999985072416461 0.0008098257392180153 0.001526334416727546 -0.007780276441029784 -0.000802787714041108 0.9999890698597309 -0.004606049604188593 -0.0030119846919386194 -0.0015300478312038727 0.004604817405952298 0.999988227235847 0.9450080129616698
0.999996429418609 -0.001310326207887591 0.0023289901807412913 -0.006901034928780253 0.0013230257815961912 0.9999842206598882 -0.005459673435027484 -0.0014661661881355992 -0.002321799477624701 0.005462735254873317 0.9999823837301939 1.8936147790931228
0.9999930213513877 -0.0029505530562440848 0.002291611918638769 -0.005827916725717596 0.0029540551888800814 0.9999944718738784 -0.0015263615640162369 -0.001075078978231652 -0.002287095639541455 0.001533120460154377 0.9999962093604106 2.814445071226129
0.9999850202828904 -0.005209876442881133 0.0016782125245266043 -0.005438116569016542 0.005202277998863886 0.9999763397892821 0.004500684975941638 -0.0029069977187308024 -0.001701620830297695 -0.004491887028860142 0.9999884636521911 3.7428246640149396
0.999962931572157 -0.008598586163015955 0.00044698726486923867 -0.004425050128442234 0.008596559307240266 0.9999535689447947 0.0043542074645987906 0.0019802587461660057 -0.0004844065388349286 -0.004350203508441567 0.9999904204939865 4.713699012354203
0.9999358448016519 -0.011300243440552173 -0.0007815235064902788 -0.0001582088362431077 0.011301474860715628 0.9999348727663343 0.0015896200009535757 0.004258475837634525 0.0007635095150374298 -0.001598350386828787 0.9999984311633999 5.6176202534969795
0.9999265965491323 -0.011983215268529843 -0.0017899903622478383 0.0016069218824671559 0.011980299994904466 0.9999269041181603 -0.0016305927460138223 0.0004435765502581932 0.0018093992652145514 0.0016090284333515688 0.999997068546603 6.524617685778475
0.9999283657457351 -0.011655386425988656 -0.002723112984143297 -0.002632560834108919 0.011649513200635508 0.9999298030984078 -0.002162803219766247 5.108448919919663e-05 0.0027481301373388197 0.0021309253483148445 0.9999939534506735 7.418044582147568
0.9999293630436717 -0.011328432258121112 -0.0035966019588298697 -0.01511992286177576 0.01132736600068765 0.9999357931806564 -0.0003166948971782247 0.00042962009028345684 0.0035999586891467656 0.0002759325000681117 0.9999934820581039 8.381611644803797
0.9999279959731635 -0.011113925187343806 -0.004525874061831148 -0.018690172758648798 0.011126071676338231 0.9999345453109496 0.002667512481158681 0.0008186721498461464 0.0044959312879997914 -0.002717675608728448 0.9999862003253538 9.303584751195542
0.9999204024884586 -0.011365500797870336 -0.005478510649155965 -0.027136327497074418 0.011386616315751719 0.9999278025084124 0.003838585621654696 0.00947279497325446 0.005434487666483783 -0.0039006617785351146 0.999977625340433 10.241494294054581
0.9999013012256242 -0.012709314519359124 -0.005988416464472277 -0.03654533510942721 0.0127369910337211 0.9999082707363902 0.004606427288940143 0.01365224467082964 0.005929322618214056 -0.004682247047026674 0.9999714594406577 11.130934374095247
0.9998961231116743 -0.012765573747620676 -0.006692018614569827 -0.046329750828912525 0.012796202995892793 0.9999077534211225 0.004554320718970876 0.016846271459136246 0.006633262781738462 -0.004639480058950511 0.9999672369881175 12.031266232388921
0.9998849640238886 -0.013091047052964705 -0.007660496459393425 -0.05159905282907607 0.01311520782568876 0.9999091484793633 0.0031122517512645878 0.019991611239665988 0.0076190578575247225 -0.003212362733459398 0.9999658147572003 12.934859086256127
0.9998648238981875 -0.01365046820577945 -0.009165077676143682 -0.06257158529376747 0.013659634393673669 0.9999062626282001 0.0009382670918835277 0.025571707538491167 0.00915141078074365 -0.0010633318708413676 0.9999575596024329 13.851189837645201
0.9998328074928198 -0.014873640387431926 -0.010636347241970916 -0.07452799247916098 0.014871676878557557 0.9998893757318619 -0.0002636766336735788 0.025333292460160476 0.010639092435269379 0.00010545222956536587 0.9999433976940794 14.719366378545311
0.9998182205337194 -0.014473380745012488 -0.012411572768880027 -0.08628818863687873 0.014463076894862231 0.9998949814098685 -0.0009195423272546885 0.025606978425296485 0.012423578209219974 0.0007398656419987165 0.9999225506524542 15.60499572265736
0.9998182141135601 -0.013235888415258624 -0.01372406589281853 -0.10762950556660311 0.013213249430414627 0.9999111891010393 -0.0017389508431532193 0.02260543257924301 0.013745863605508698 0.0015572952205914954 0.9999043084542306 16.44996835660264
0.9998171839485389 -0.011760356793608326 -0.01507622927992511 -0.13103421191915457 0.0117314868968473 0.9999291797149541 -0.0020019414995998256 0.02560998977599888 0.01509870512338522 0.001824708926308327 0.9998843430822036 17.342386129245426
0.9997865132599418 -0.012216879636485352 -0.016663605716530517 -0.1486219289938228 0.012201471183667977 0.9999250328666547 -0.0010260348792712414 0.0224431143457264 0.01667489143840154 0.0008224953294634436 0.9998606260359236 18.223071343878427
0.9997715470265763 -0.011670624141241693 -0.017906710704103955 -0.1731272361841376 0.011675964937618777 0.9999318148302149 0.0001937346850187174 0.022348143063765973 0.017903228727302233 -0.00040276855208304623 0.9998396432321683 19.143515687957972
0.9997506429896569 -0.011352239386997634 -0.019229625650753365 -0.19500446396066662 0.011369524623336617 0.9999350529578778 0.000789794888121652 0.021023064834621255 0.019219410802809547 -0.0010082296495633285 0.9998147817077745 20.009447886637428
0.9997076535088368 -0.012401267949516877 -0.020756109199460204 -0.21498028063556893 0.012418056065392145 0.9999226616633622 0.0006801291155852955 0.020306999337753286 0.020746069493096906 -0.0009376808099630993 0.9997843374224684 20.873394835702992
0.9996687377118448 -0.012548367800507785 -0.0224711661279601 -0.23618240086277326 0.012555600149423625 0.9999211590026579 0.00018078625249622196 0.021452915265353666 0.022467125906421432 -0.00046286534162247176 0.9997474751201818 21.752856893272813
0.9996441580871497 -0.012607870362929284 -0.023507420257137247 -0.26276965375905426 0.01262317446545225 0.999920198169756 0.0005027510027038906 0.02223573716104274 0.02349920570250938 -0.0007993103699639353 0.9997235360009693 22.6259234145607
0.9996234950066598 -0.012362408641376008 -0.0244956951984347 -0.28886068981551705 0.012425988078590685 0.9999198051403531 0.00244501704468848 0.02403176109576679 0.02446350446975463 -0.0027484797000748742 0.9996969454831771 23.47293471332393
0.9995868802161609 -0.01349615874235673 -0.025375630020238966 -0.3094036414350005 0.01363075147855538 0.9998938933922644 0.005138537825928798 0.02678948198575564 0.025303586976015948 -0.005482303900710516 0.9996647802288953 24.3123072670572
0.9995733815861786 -0.01333830874258829 -0.0259835398716151 -0.3359179262877325 0.013519443111078347 0.9998854316132815 0.006807958981045569 0.026178946262987036 0.02588975632057464 -0.007156337569502413 0.9996391885826857 25.160219086394676
0.9995628862697533 -0.012652719445064164 -0.026719750798344905 -0.3620814953020195 0.012810664157959624 0.99990141728009 0.00574826974826979 0.02733785734899432 0.026644385448216422 -0.006088054854499604 0.999626436381198 25.97715358432105
0.9995639546594985 -0.011005244642983594 -0.027400458678877398 -0.3934325837827301 0.011089896140592638 0.9999341849853948 0.0029393708824706826 0.03472826334839922 0.027366306821631187 -0.003241957424446713 0.999620215363315 26.78985281146131
0.9995502850365962 -0.010524980889765615 -0.02807939565821104 -0.42094143583225435 0.010563622762633867 0.9999434491294551 0.0012281763787056158 0.03695095832646677 0.028064881211027043 -0.0015242441925464852 0.999604941525526 27.55671070708887
0.9995395042326041 -0.009538219925760125 -0.028806281243658572 -0.45274535355050993 0.009563679530290015 0.9999539885721404 0.000746171903324496 0.04055272507754602 0.028797838673810902 -0.0010213223365950486 0.9995847344714703 28.33650350183644
0.9995086841024613 -0.009733528989012016 -0.029793435807024028 -0.47990572889129657 0.009747620228818706 0.9999524371062036 0.0003277578958561156 0.03838441437047736 0.029788828504020218 -0.0006180119607499106 0.9995560233211406 29.023377713140068
0.9994543199136063 -0.009348699693826573 -0.03168066003204764 -0.5092092097825026 0.009337176797144377 0.9999562767185476 -0.0005116450313675876 0.03677492198796393 0.031684058065380556 0.00021555791309319785 0.9994979109529413 29.773631140240525
0.9993981267829988 -0.009213455145786104 -0.033443929597323487 -0.5408211795727388 0.009202790679801004 0.9999575416519726 -0.000472797046353338 0.034612719311434774 0.03344686571770088 0.00016473499887986845 0.9994404834886569 30.508978670767256
0.9993248299734662 -0.009184418270739464 -0.035574297737722096 -0.567853313353402 0.009215236951639462 0.9999572920757329 0.0007024475014744271 0.03503541568128301 0.03556632686164169 -0.0010297988130175202 0.9993667874749359 31.216861968713616
0.999265601401297 -0.00944087361784706 -0.03713660944993647 -0.6042046159804136 0.00956060118427804 0.9999496519178782 0.0030477096825733403 0.035445246596354923 0.037105966650937114 -0.0034005197611403533 0.9993055507222262 31.924415906403766
0.9992103018330121 -0.008348604685962905 -0.03884679537078303 -0.6407810135605869 0.008528968463715285 0.9999535941188515 0.004479543027576431 0.038076918758424824 0.0388075947171031 -0.004807328633292405 0.9992351375845842 32.62311506133653
0.9991582817785077 -0.007078477027567813 -0.04040573123198235 -0.6807476036936605 0.00727798146745204 0.9999620304200879 0.00479256756806457 0.038362860355416174 0.04037027296390784 -0.005082605739700031 0.9991718611829061 33.31711843885545
0.9990830616876871 -0.004564294904153664 -0.04256997839776374 -0.7111280121800284 0.004746349044861492 0.9999800143353251 0.004176493824613808 0.03606047093236222 0.04255006485896938 -0.0043747162137229 0.9990847580853914 33.9987985253656
0.9990041586157208 -0.0028967248822144923 -0.0445230283499867 -0.7458053126516372 0.0030550531965315435 0.9999892485665952 0.003488466881369876 0.03832109801124764 0.0445124445347964 -0.0036210131417616304 0.9990022675376479 34.69537561044789
0.9989219810640827 -0.0027016741604473844 -0.04634195403454879 -0.7781015154723864 0.0029230799522729804 0.9999846330348151 0.004710551753075801 0.0392403109840072 0.046328515523401836 -0.00484093492587493 0.9989145278743521 35.354959583406405
0.9988802031986248 -0.0013240462477243573 -0.04729256346836013 -0.817688879311918 0.0016391735046781646 0.9999767096657458 0.00662519707554938 0.041648653361397496 0.04728268994142097 -0.006695298918061344 0.9988591092863395 36.03171061050111
0.9988805709518512 0.001588063803475059 -0.04727666473283211 -0.8556883931455913 -0.0012567217338651522 0.9999744469783551 0.007037474036619203 0.04638535317494931 0.04728663262898042 -0.006970182471682609 0.9988570422892966 36.667143676046805
0.9989227601300323 0.0046667735303200135 -0.04616860967167425 -0.8958411715116908 -0.004431544546473367 0.9999766810127406 0.0051960411541719246 0.04302141359625643 0.046191781813774355 -0.0049858455210658814 0.9989201472777027 37.34627847796966
0.9989960677265233 0.006302096303851824 -0.044352454826327055 -0.9327019087717692 -0.006216758943203142 0.9999785503308418 0.0020617435509562086 0.04519342956695371 0.04436449678725674 -0.0017839451798711712 0.9990138182049371 37.983502068871424
0.9990764553761324 0.006816092469513334 -0.04242378102563038 -0.9598531005155924 -0.006815717694286569 0.9999767609488218 0.0001534751260211856 0.0491210526699431 0.04242384123786279 0.0001358151301012998 0.9990996943493043 38.61509524184255
0.9991966692578309 0.007841929196272843 -0.03930038537391532 -0.9884915100421083 -0.007807527278547854 0.9999689916015764 0.001028762908006589 0.05014176367583528 0.039307234217791885 -0.0007210976402718618 0.9992269118455224 39.22973817129692
0.9992739807081111 0.012650816818061746 -0.03593700479453253 -1.0218838423026972 -0.01252562478537636 0.9999146810306856 0.003706667376205411 0.05091583792762774 0.03598083105630517 -0.0032538428262150385 0.999347183066705 39.853930109228735
0.9993470089717781 0.017044188786371876 -0.031859869550518366 -1.0529058841614656 -0.016823883137856675 0.9998327587521059 0.0071701800755860304 0.05187409382897282 0.031976751169017666 -0.006629491290220602 0.9994666263712391 40.44350475133412
0.999375368748238 0.022101835888753897 -0.027575010238812814 -1.0777379857627056 -0.021886892505595397 0.9997278621338839 0.008072521889834703 0.05461077561438858 0.027745923588385894 -0.0074639482554441 0.9995871413742106 41.02137496920253
0.9994278455838055 0.02587898692875226 -0.021777500023075363 -1.1038383835019527 -0.025703367106765046 0.9996351073922771 0.00830596100428809 0.05910798683391093 0.02198450343056306 -0.007741453634257927 0.9997283388523798 41.60364551685807
0.9994368274616515 0.029534521724307445 -0.015929216550291687 -1.119385376275122 -0.029371554750826864 0.9995147753307576 0.010369458376576195 0.06399708156969984 0.016227744295152172 -0.009895752726336141 0.999819350879482 42.18658183302801
0.9993701699838821 0.034315820472386224 -0.009038130984569546 -1.1390570636401527 -0.0342090368147528 0.9993460283374791 0.011715692310423862 0.06472103710366749 0.009434253897057814 -0.011399127660159316 0.9998905213782117 42.74522553309728
0.9992888900559874 0.03766209477520496 -0.0018113055558804153 -1.1472715724997546 -0.03763966832033146 0.9992293430424356 0.011134422828201984 0.06959541371277048 0.00222925534847456 -0.01105832808905779 0.999936369875836 43.278322931769175
0.9991352248441487 0.04113695344815334 0.00604595208693462 -1.154414002855764 -0.041202471090497746 0.9990886684016903 0.011144013970434455 0.07116502533767788 -0.005582011435828484 -0.011383485070092734 0.9999196254779621 43.66542393194875
0.9988724231229611 0.04546844764701862 0.013656595221182656 -1.1534390261783294 -0.045616704757599776 0.9989011941492434 0.010748049789283383 0.07411941110973298 -0.013152892135300506 -0.011358899409066411 0.9998489770123739 44.13782805436013
0.9985283100305451 0.04978741061275649 0.021504134765691667 -1.153187287505221 -0.04997048617991886 0.9987181604094716 0.00806142538655873 0.07624057439348325 -0.02107521241854411 -0.00912413353679784 0.9997362580244425 44.546859379775114
0.9982305299124306 0.051685847652125645 0.029400379304182656 -1.143098240552539 -0.051846030754296106 0.9986439743378087 0.004711858848720679 0.08004899275260362 -0.029116975216754593 -0.006227814325023574 0.9995566097440197 44.899079989548625
0.9979392888927126 0.05218888661861952 0.03732955662496837 -1.1291316784018726 -0.05239356520832533 0.998616260751732 0.004525272034853546 0.07996476531800427 -0.037041733343200434 -0.006471775315735906 0.9992927629654847 45.26013875215857
0.9976553772537337 0.05141744006200515 0.045166304854184526 -1.1098480269711906 -0.05173831574570249 0.9986428708154067 0.005963493385644045 0.07985513484370739 -0.044798380779990016 -0.00828633978501723 0.998961681773859 45.585436413907736
0.997173399393755 0.05316805314255045 0.053088319492466805 -1.0935893253532936 -0.05359638946514028 0.9985403600675306 0.006676552441712915 0.08037861453764245 -0.05265585036635775 -0.009503022742101526 0.9985675009637343 45.875085830336594
0.9964890865760251 0.05637943404578622 0.06189393953818642 -1.076859351511644 -0.05689641335601266 0.9983581336042585 0.00662081667490039 0.08371569371669643 -0.06141904006170668 -0.010119114728955434 0.9980607722152992 46.19582663304949
0.9956733327098685 0.06120653660825951 0.06991691073585664 -1.0552413158428315 -0.06176519434748253 0.9980735368436974 0.00585455545109142 0.08414834751934515 -0.06942388132077905 -0.010147656317298661 0.9975356383476347 46.469882997502005
0.9947909266526931 0.06500104233074572 0.07852309689125371 -1.040021826734409 -0.06567094140343822 0.9978234357370437 0.005976499737108823 0.08287546059691037 -0.0779637076123419 -0.011102053406380045 0.9968943799146918 46.653977524504064
0.9941168971669077 0.06448426201535092 0.08702513843468382 -1.0131621380941074 -0.06530528490140466 0.9978433884509194 0.006617544010724096 0.08150050873152109 -0.08641073157418944 -0.012261813777867652 0.9961841362879099 46.85223186724038
0.9932242548384059 0.06340144465611261 0.09739525869472006 -0.9849391906320867 -0.06416604056837256 0.9979280017362544 0.004735249567254896 0.0804584343546514 -0.09689323422443619 -0.010952632843483124 0.9952345155767676 47.053601228142185
0.9920497962292868 0.062119694993518 0.10944562711841552 -0.9549015178127968 -0.06250528670664866 0.9980446285454875 9.254847074502024e-05 0.08074878752423655 -0.10922587118055196 -0.006932742993369413 0.9939927797219839 47.27174928633686
0.9904563768527997 0.0630676294503045 0.12255055963619277 -0.9164503168667393 -0.06306341969633898 0.9980018343502121 -0.003917107327496386 0.07929975684644551 -0.12255272599101284 -0.00384873344502278 0.9924545413282364 47.508716456283956
0.988283583957799 0.06502903409506926 0.1380825202702735 -0.8783350045987078 -0.06477261072527818 0.9978798166866544 -0.006354553425726335 0.07763181608665623 -0.13820299048631204 -0.0026638644994035746 0.9904003419055188 47.742522310721355
0.9857513771786988 0.06683128461079235 0.1543625660177039 -0.8469687337658482 -0.06640654697894072 0.9977612791308045 -0.007912040545542278 0.07673051728147973 -0.15454576315328852 -0.0024513801279824428 0.98798258983994 47.91314328484344
0.9828806340189687 0.0676756085752702 0.17136414815951712 -0.7904721385261395 -0.06709093349743839 0.9977043774026093 -0.009207711665434899 0.07213595794575128 -0.1715938982391632 -0.0024468991884287927 0.985164730779299 48.170918987785235
0.9795866034730369 0.06686739792802555 0.1895754134651803 -0.7562790228082582 -0.06607856872826305 0.9977593228965352 -0.010486006287972508 0.0713067284295078 -0.18985180813198246 -0.002254920704215864 0.9818101681494412 48.3166351564615
0.9757045174871908 0.06594242262524978 0.20893130797800766 -0.7175067176884788 -0.06509081967255885 0.9978191894558804 -0.010956748968731824 0.06969682016412755 -0.20919818294966722 -0.0029089606257835542 0.9778689371273814 48.45805199611985
0.9710842598929107 0.06631783543604819 0.22934102313217994 -0.6611297397039262 -0.06527026730693264 0.9977935401125789 -0.012159091877624486 0.0670902834499698 -0.22964135601829055 -0.003161647147329889 0.9732701842722791 48.65887180594387
0.9659082762674709 0.068585988904993 0.24963406010383976 -0.5928958545630553 -0.06718426602203523 0.9976403558985484 -0.014141947592099875 0.060875496841875126 -0.2500149520270409 -0.0031116568804269522 0.9682369758248104 48.8607226718496
0.9596209775733082 0.06983040940061755 0.2724909050302238 -0.529166903527192 -0.06796357520496811 0.9975547144876397 -0.01629552235560561 0.05756370669279231 -0.27296250996539206 -0.0028819310237374373 0.9620203545803837 49.04864378006387
0.952289580640375 0.0711495656647658 0.29678661342704443 -0.4713445264940869 -0.0689855186921316 0.9974593426589397 -0.01777239300637774 0.056666202669950594 -0.29729707838213965 -0.00354951378512637 0.9547784288186094 49.19984807716353
0.94386914352506 0.07388813978660794 0.3219496586426896 -0.38744577585972284 -0.0717505328833612 0.9972506918139322 -0.018518064358536705 0.0483596654928315 -0.32243278513858226 -0.005621430023395197 0.946575669765639 49.39589697814218
0.9339839483766147 0.07599307500029732 0.3491404255121835 -0.29274578615430036 -0.07376522150654265 0.997081172992809 -0.019693312554637094 0.04129769452329218 -0.34961790038686497 -0.007361183008400019 0.93686345681417 49.60874458300302
0.9228173766563301 0.0767445892089701 0.3775160359087749 -0.22528639987934465 -0.07422397501643954 0.99701527002693 -0.021245066860018657 0.03673793304304916 -0.37801969640997235 -0.008415423950947411 0.9257593044446474 49.74210922122459
0.9102708335678495 0.07483732587524039 0.4071933007940276 -0.14929048003968798 -0.07158340203132404 0.9971637452497063 -0.02324396078986322 0.030476154337404818 -0.40777791272862474 -0.007989982191593489 0.9130461839771651 49.87040053416157
0.8953019918018555 0.0721909344101213 0.43957116882778347 -0.055757325515908895 -0.06749060988447604 0.9973722511665984 -0.026336480028527166 0.02674701298636269 -0.4403173413040318 -0.006087823245228883 0.897821573228825 50.01922434022443
0.8779753821322692 0.0714665762085426 0.47334105764736334 0.044682392690617044 -0.0647373617341317 0.9974355699869041 -0.030518153951442216 0.020039218691976786 -0.4743082356078162 -0.0038486633950449 0.8803504333074818 50.1641279983364
0.8585781786975207 0.07332626560171389 0.507411834546018 0.1605944700459953 -0.06418471229928226 0.9973058473014147 -0.03551576615343826 0.012179729407968989 -0.5086490280846967 -0.002075020798521057 0.8609714632420624 50.31852053087524
0.8371148060851117 0.07539428711667913 0.5418067025270674 0.27996568145425876 -0.06379785914613365 0.99715337122533 -0.04018690610546319 0.006061957744466101 -0.5432942431145907 -0.0009250535806175171 0.8395418451002999 50.461419809488184
0.8127638738205711 0.07831136916697999 0.5773059976055783 0.4246188769185274 -0.0648057018174853 0.9969275760902411 -0.04399578437509642 -0.0019937082119668333 -0.5789776389672763 -0.0016545361977950116 0.8153417419008102 50.627337390269915
0.7854336672968706 0.08238723219183965 0.6134380965088142 0.5734996791998239 -0.06766755459454898 0.9965905354699802 -0.04720600244515612 -0.010891766024374284 -0.6152357729617016 -0.004432672266962331 0.7883307015997729 50.79105083940265
0.7558400032579928 0.08684512017692465 0.6489713511214601 0.740786962688987 -0.07121779168871999 0.996188478390893 -0.05036409105920325 -0.020837349987291916 -0.6508716583336066 -0.00815111174584121 0.7591440204304889 50.955413243371794
0.7232871941651304 0.08817397118296452 0.6848948719055789 0.9166377897985114 -0.07096531395298956 0.9960542881790997 -0.05328957886473733 -0.031275667459787104 -0.6868912279045979 -0.010060109634254626 0.7266906048806875 51.10817923384865
0.6872009843798282 0.08570315591167746 0.7213943277668423 1.1441053274932418 -0.06705485928058028 0.9962607241394388 -0.05448133060070282 -0.045687248344322834 -0.7233660573418248 -0.010933371115088525 0.6903781633871413 51.282902933523175
0.6485502983398393 0.08408070155599075 0.7565136787587905 1.3762995852757964 -0.06392776283239752 0.996385664386097 -0.0559361148554422 -0.06338361993338396 -0.758482532206609 -0.01208484305768792 0.6515813110469945 51.44441617155566
0.6068098268850933 0.0836506354205999 0.790433049150536 1.6423602914290016 -0.06153783432612972 0.9964060984956659 -0.0582063727361159 -0.0774226182901516 -0.7924613106910218 -0.013321339060911465 0.609776691079194 51.60963692352333
0.5611950496781464 0.0831780842853627 0.8234934866235195 1.923763611150733 -0.05765385192503825 0.9964493276119115 -0.06135772860834776 -0.09600335993321263 -0.825673149360537 -0.01304391798452585 0.5639979668657182 51.768349951838665
0.5134589181603916 0.08192405387442739 0.8541945848331872 2.2122149391325863 -0.054370696233539316 0.9965381225134811 -0.06289354313748774 -0.11678614554678171 -0.8563899618471946 -0.014149903677651007 0.5161356541387857 51.91161970206666
0.4652880254299895 0.08001894104797568 0.8815350375708404 2.5345343214437857 -0.05223688217330731 0.9966520379322689 -0.06289692700178572 -0.13569144848911666 -0.8836166371975307 -0.016783454918954877 0.46791019876543566 52.05127220434946
0.41584368436719504 0.07781716826164783 0.9061007220478615 3.0225686932300864 -0.05198375151431907 0.9967373696925904 -0.06174386962925514 -0.16668127443019765 -0.9079491834626061 -0.021426716548163815 0.4185321684978947 52.241687706494496
0.36625427953806977 0.07766058885066894 0.9272683730503364 3.423518567294839 -0.05451296360295248 0.9965903953373334 -0.06193481024917479 -0.18406056992738093 -0.9289166483163447 -0.027864257764123275 0.3692390060922351 52.375180111220956
0.31734246563941076 0.07808407505723014 0.9450908087185893 3.8553084450608726 -0.05208002174550502 0.996535264830972 -0.06484702987225223 -0.2043316050134713 -0.9468798397034789 -0.028641633520487916 0.3203095783650417 52.49461769864784
0.2705401754132368 0.07480719143809005 0.9597978420461888 4.3897183803369115 -0.0408284318048765 0.9969709707082813 -0.06619609294620232 -0.2385828580523008 -0.9618425300659813 -0.021278338143113848 0.2727749616114676 52.602236145040884
0.22662587708579682 0.06886527085066907 0.9715442791276977 4.931664191387214 -0.027508843655321927 0.9975519084071515 -0.06429194003914944 -0.27241573386460366 -0.9735933316101948 -0.012155842377826489 0.22796548015049348 52.68367062992455
0.18468776850795393 0.06800705727555677 0.9804414660367401 5.480630923146204 -0.018202455370575604 0.9976685632998993 -0.06577315882331791 -0.3012208198613776 -0.982628667799812 -0.005698944098197571 0.18549507609133722 52.75084728332684
0.14642212875798144 0.06977861919844282 0.9867580780073404 6.001580443155899 -0.014605586156462543 0.9975527950489631 -0.06837468788248861 -0.3232494325463149 -0.9891143700619286 -0.004400612771004975 0.1470829614341254 52.80686255567456
0.11411543591178314 0.07068196347543028 0.9909499116130553 6.529168271859779 -0.005346937268152003 0.9974951105284227 -0.07053307545925112 -0.3524872058361288 -0.9934531078760149 0.002750365638955427 0.11420752138251622 52.84045424173551
0.08549029295292257 0.06884420151413854 0.9939576880977906 7.091577658313513 0.002007429383578035 0.997596008014958 -0.06926886039116005 -0.3921172205878193 -0.9963369811655554 0.007917115036476227 0.08514657510085645 52.86185633416678
0.06064625385907888 0.0672128721420733 0.9958938004181339 7.6435392976591645 0.009121906503058759 0.9976513164095959 -0.06788697730750655 -0.4245379370078776 -0.998117639717187 0.013201540993906705 0.05989070546233862 52.87533187599857
0.04064217159932404 0.0663466773990705 0.9969685713631075 8.236409061114763 0.0138334606132637 0.9976599852815532 -0.06695662129672159 -0.45453124110972176 -0.9990779995851932 0.016512787957065695 0.03962926417097112 52.88632201012241
0.02479930940848722 0.06801046384887595 0.9973763437438865 8.808861579737984 0.016548377163108648 0.9975185529013767 -0.06843162887737829 -0.48773765463595986 -0.9995554739313514 0.018202017047693055 0.0236123084272986 52.89093170708187
0.01151149868536661 0.06777263392518328 0.9976343796646446 9.399249622041275 0.01746349198131293 0.9975346926946569 -0.06796736951210815 -0.5221849566194551 -0.9997812319931968 0.01820458627434213 0.010299572454457345 52.889794527086146
-0.00027833023249008835 0.06857235480905799 0.9976461069378374 9.989582671421262 0.018154432038548735 0.9974820747048643 -0.06855601534393455 -0.5604205038926687 -0.9998351559780434 0.01809261723523647 -0.0015225215728614705 52.88866241921835
-0.00957132827252533 0.07157066585841522 0.9973896076577513 10.608959949851481 0.02312715227930765 0.9971843337254567 -0.07133399890632389 -0.5952630284247047 -0.9996867131769573 0.022384020217575393 -0.011199604294344672 52.87846142625058
-0.01590129295996347 0.07351123001394948 0.9971676127632897 11.209165108081587 0.027459074461317994 0.9969496636900392 -0.07305728778189097 -0.6309830286088923 -0.9994964472732898 0.0262195943934017 -0.01787133900736835 52.86014955796818
-0.02011514713629883 0.07304735052585559 0.9971256016354401 11.831718084657663 0.027946675626788608 0.9969787727784605 -0.07247282215124855 -0.6641936382463061 -0.9994070062677644 0.026408544267116918 -0.022095805316747645 52.837443090233506
-0.02326390049276955 0.07043898768569794 0.9972447743396188 12.473925057457231 0.025702049162580114 0.9972271735747651 -0.06983816258271917 -0.7014378540875997 -0.9993989171510572 0.02400652615228077 -0.0250098200591892 52.81932480973584
-0.025854971092918774 0.06355360336466154 0.9976434533284686 13.122876345362911 0.023691354038418204 0.9977357287084849 -0.06294549548915776 -0.7389299985297441 -0.9993849309518378 0.02200807029061328 -0.02730209934185937 52.806301933734865
-0.027237979919935953 0.057843873588827456 0.9979539963034978 13.809813944751456 0.02484356631283016 0.998055207907066 -0.0571716641566782 -0.7774131233604694 -0.9993202137767153 0.02323549564403089 -0.02862205582125501 52.78717276179544
-0.027642267735540533 0.05515371684117294 0.9980951720918407 14.494982923731374 0.027536868933853712 0.9981398011788556 -0.054393548808248655 -0.8160893896055479 -0.9992385230182809 0.025980854898161373 -0.029109608293555255 52.76390385865846
-0.027205799000053026 0.05730451950179657 0.9979859901548908 15.195413187441627 0.030788307407743166 0.9979299193442853 -0.0564619890233712 -0.8566233728270242 -0.9991556058130955 0.029190205928996675 -0.028913789964094 52.73692955579506
-0.026332077532885845 0.06458708339582625 0.9975645995880285 15.877154187735165 0.03177327924298786 0.9974605062030886 -0.06374164487386684 -0.893722160163095 -0.9991481774086105 0.03001744865073746 -0.028317350821556956 52.71738592319903
-0.024226245621014098 0.07281637538422221 0.9970510841973019 16.59100254481816 0.03231935756553989 0.9968795248457437 -0.07201855365026304 -0.9267799910495476 -0.999183941098765 0.030479311331280345 -0.026504026696141995 52.70212784744697
-0.022087288002956926 0.07355606962903267 0.9970464664845888 17.300103109326656 0.032992038921267175 0.9968002108887144 -0.07280703908299511 -0.9644556289120234 -0.9992115276939569 0.03128648578770275 -0.02444337805140364 52.687736322968945
-0.02054962463143025 0.0691144690099143 0.9973970639123548 18.053424233662952 0.032201858400906086 0.9971358871547333 -0.0684329077540313 -1.010722782226522 -0.9992701102519952 0.030711768454802463 -0.022716382532068945 52.684635562089326
-0.018156908098631776 0.06273003917633316 0.9978653560842939 18.756638419382956 0.03171357219482249 0.9975638382440783 -0.06213403227207116 -1.0546026544637712 -0.9993320649448515 0.030517713097130077 -0.020102068559718703 52.678134975093414
-0.015509753437471767 0.061208362777116804 0.9980045009289562 19.50007828030133 0.029856684257207004 0.9977078281998452 -0.06072617190235466 -1.0989612698363085 -0.9994338527153629 0.028855257318100264 -0.017301681179351908 52.67438174330821
-0.012334129326428234 0.06658590649813242 0.9977044583991705 20.22817772853592 0.03764342117951464 0.9971039790944992 -0.06608046394978334 -1.1430027101560167 -0.9992151130240475 0.0367419641518925 -0.014804930752976612 52.659526715063315
-0.009127184544728356 0.07230976071404328 0.9973404599271833 20.95320223415146 0.039121415911955 0.9966442310938639 -0.07190126177171716 -1.1842200106372405 -0.9991927788566778 0.038361114853442554 -0.011925416046020527 52.652658696210324
-0.006684175817920989 0.07300070039294064 0.9973094903467913 21.712376235746127 0.033156672288649436 0.9967995585555445 -0.0727411516695665 -1.2283515148195558 -0.9994278147402031 0.032581249294831124 -0.009083243804381809 52.6581269434734
-0.0034085836396560874 0.06955432616106023 0.9975723418729359 22.46411501728883 0.028693916009728062 0.9971741771864271 -0.06942852106014466 -1.2745496718456577 -0.9995824331897785 0.028387604070318664 -0.005394737579223756 52.66719493106111
0.0013901170485115457 0.06571578149193989 0.9978374134284084 23.18960748988568 0.032633740731073474 0.9973039243100511 -0.06572610989301782 -1.3302110674140841 -0.9994664109115864 0.03265453442748231 -0.0007581825874168628 52.66419755241137
0.004783458239574437 0.06665929722419475 0.9977643291984576 23.91767197358631 0.03729030447139259 0.9970698596804507 -0.06679167694583889 -1.3807602385218687 -0.9992930259536992 0.03752643082392687 0.0022836965463806083 52.66284886703239
0.0073251400658865765 0.07133575259849306 0.9974254622397721 24.64169240945811 0.03685218970770885 0.9967553867621586 -0.0715584731137195 -1.426040740810734 -0.999293879915594 0.037281488192218284 0.00467249413175801 52.675576795065425
0.010890759588396592 0.07211208181462615 0.9973370739183167 25.364860061890667 0.03321959856830729 0.9968195818864998 -0.07243741739311688 -1.4703094983534473 -0.9993887379926532 0.03392003573088951 0.008460588009525162 52.69202938441134
0.014582738484560463 0.07161350934857046 0.9973258489666628 26.09250256999375 0.03245874073728027 0.9968723227382524 -0.07205555015536234 -1.5190755306827957 -0.9993666864009629 0.03342270840647367 0.012212644051756339 52.70652417661486
0.018196579437467417 0.06833543636474593 0.9974964424165216 26.834515006924985 0.036512740125868644 0.9969507355471653 -0.06896412618504828 -1.571102284876861 -0.9991675056291994 0.03767623957889474 0.015645979225251874 52.71814545113389
0.02185153214167232 0.06886928747248254 0.9973863503106984 27.55815584390951 0.04103603380630697 0.996722038252929 -0.06972246689823061 -1.621151164878408 -0.998918692623433 0.04245232271572234 0.018953781246260078 52.726570196451
0.02521941242012393 0.06950998770988072 0.9972624242624191 28.30256257725617 0.0436846235721659 0.9965501617816708 -0.07056506725203752 -1.6740490008456117 -0.9987270071949299 0.04534464314005231 0.022095891879701283 52.742441204090966
0.027914431967813503 0.06939244308389413 0.9971988133420355 29.045872049611038 0.044154782772905354 0.9965282559180482 -0.07058179875301505 -1.72209404085684 -0.9986346377160125 0.04600134780397354 0.024753511953377775 52.76509057392312
0.03133352345112559 0.0679524470596992 0.9971964075580786 29.772895614412146 0.045497022368097724 0.9965551742862725 -0.06933834118937798 -1.7688897260173535 -0.9984729496905633 0.04754208179977616 0.028133950919997458 52.788748575594056
0.03528192908045139 0.06681892638037576 0.9971411216862621 30.52660254333019 0.04754608851061203 0.9965202686295592 -0.06845964999773937 -1.8213056331735884 -0.9982457387575979 0.04982554854535877 0.03198217885715516 52.80883181191345
0.03810085378422945 0.06725242185532938 0.9970082430429082 31.290280930898472 0.04580200095546916 0.996566559468288 -0.06897296033965206 -1.8674578127646122 -0.9982236731561657 0.04829290117742846 0.03488974127847851 52.841674672184155
0.04116129499126932 0.06912220576706386 0.9967586811583528 32.05013955222741 0.043065652272978386 0.9965542950511411 -0.07088643459384168 -1.9145260881166433 -0.9982239715559551 0.0458438402080346 0.0380426724355109 52.879118769808194
0.04384167534438724 0.06922969230557581 0.9966369234612342 32.81377309844767 0.04479886380441275 0.9964563982591441 -0.07118783723536481 -1.9628196610612845 -0.998033551191958 0.04776919584513073 0.040584906350496 52.91476609885844
0.0463688645371344 0.06917703434615682 0.996526199515401 33.580078492997146 0.042478713578194036 0.9965602785725632 -0.07115595592863562 -2.00990558717753 -0.9980207850011332 0.045630571883846185 0.04327081713204088 52.95738677077564
0.04886104121523234 0.06969914111634314 0.9963707283832703 34.34260608797819 0.04074334513769333 0.9965928304554893 -0.07171269142702748 -2.057355544941073 -0.9979742373820848 0.044099433243085705 0.04585478720138681 52.99889063859732
0.05137222922392435 0.06988949108507773 0.9962310741491829 35.08918250286178 0.03759824924124405 0.9967057147416197 -0.0718616020931297 -2.1073506856854474 -0.9979715756065187 0.04114823492285996 0.04857527194134143 53.04860443183502
0.05470400316481136 0.0720380223899988 0.9959005951237723 35.84773100643167 0.03611876707050139 0.9965985660084634 -0.074072484062452 -2.1568433865057743 -0.9978491402526991 0.04002276302322704 0.05191600655804956 53.09442395163664
0.057872613955220725 0.0757023447464747 0.9954496047283747 36.628718312961226 0.035004010519485804 0.9963538144041818 -0.07780614223690727 -2.2088984592334335 -0.9977101181212613 0.03934757326855147 0.05501171399196954 53.14672255022718
0.06118710199047955 0.077881508950913 0.9950832171801196 37.38314830311478 0.03517152288785788 0.9961638147146922 -0.08012876032250973 -2.2625552671810354 -0.997506442348998 0.03990143877859789 0.05821316565556512 53.19591076370392
0.0637780928960793 0.08037807795782287 0.994721930717498 38.13397122634738 0.028951678179564483 0.9961826559041005 -0.08235239162550355 -2.313620594718364 -0.9975440617822982 0.03405114769959368 0.06120754972398791 53.25791463762404
0.06634930471286196 0.07965896848230715 0.994611591780659 38.88489470062345 0.0251176833900414 0.9963588767419667 -0.08147447894037103 -2.368926237056077 -0.9974802613311388 0.030388114087948 0.06410686996680173 53.319505969893214
0.07008732021607522 0.08019356813362226 0.9943122040762294 39.64243219520312 0.027063987295739344 0.9962436053062388 -0.08225703300073457 -2.4287405187564164 -0.9971736599693078 0.03267522787106437 0.06765368686914723 53.37252770328885
0.07381241756901775 0.08117834581953454 0.9939626769565459 40.41963628888868 0.026215925144938156 0.9961791032894225 -0.08330617887214564 -2.4927877922553003 -0.9969275060311112 0.03220668159694523 0.07140222250813368 53.43514699297138
0.07741040187765846 0.08215485428290865 0.9936086803157947 41.19653047997493 0.022315023270637724 0.9962067310966478 -0.08410819611763673 -2.5492241759803274 -0.9967495520026933 0.028683250085825767 0.07528347592230097 53.506321663774344
0.08158973379108635 0.08036924318276029 0.9934203038443153 41.98670722119321 0.021351885861423336 0.9963737394195068 -0.08236181375704606 -2.604873930215951 -0.9964372595954349 0.027931275399092743 0.0795778332484595 53.578326292690114
0.08656794057473279 0.08026107562421206 0.9930076290765827 42.75666344889052 0.02170689371039269 0.9963608880062516 -0.08242446006398982 -2.668506756534167 -0.9960094389262057 0.028690426818698347 0.08451069150625659 53.644748349761294
0.09179803297101065 0.08375453381913936 0.9922491114671728 43.52993630986629 0.01821551257603884 0.9961485294760498 -0.08576888902333098 -2.731196681999217 -0.9956110265782745 0.025947741470944332 0.08991884378878336 53.72085059163151
0.09791713804541191 0.0924030034389768 0.9908955136806575 44.308174223338966 0.016484334070239918 0.9953929940618296 -0.09445133192754894 -2.7939514410545847 -0.9950580389139403 0.025582656783136745 0.09594283123120638 53.80499708027208
0.10527768909107267 0.09729092860506511 0.9896722100730169 45.09161589597562 0.014817717064684132 0.9949387287964919 -0.09938491435732257 -2.8597109856401244 -0.9943324612224196 0.025127696909695626 0.10330322070187388 53.89223501940348
0.11253416000033739 0.10035050972088304 0.9885675687740213 45.87951930551006 0.010635577191043244 0.994708596653982 -0.10218459884189829 -2.928174463105477 -0.993590935612253 0.02201324468190244 0.11087141077727325 53.99172088877779
0.1194373760475954 0.09846035403106812 0.987947504621042 46.70171283171165 0.006911828030166479 0.994963910066265 -0.0999952213804816 -3.0073390574790877 -0.9928176770364975 0.018771690113755787 0.11815533764551826 54.10452305970962
0.12703226957587274 0.0966149811744442 0.9871820236912069 47.502347379327674 0.006724249506015083 0.9951381646160466 -0.09825893238371551 -3.0852804575832073 -0.9918757921004949 0.01912011342195808 0.12576499635330893 54.21087472620375
0.13434176658301167 0.09309552236309328 0.9865523369123913 48.305560450959504 0.005950383833208432 0.9954834497803917 -0.09474858387104565 -3.1615643026732076 -0.9909171926470918 0.01859905721465231 0.13318105115643514 54.324588422776046
0.1418386941695643 0.08775887061918869 0.9859919702836932 49.09734854034324 0.003848015362768662 0.9960059679855147 -0.08920372478213336 -3.2290522406264004 -0.9898823049302584 0.016446652087377084 0.14093448840179637 54.443800403026465
0.1487615002272251 0.08022767336445602 0.9856132793731391 49.90392553877462 0.0009523855432550022 0.9966914093825749 -0.08127316546532402 -3.299909830783868 -0.988872645496842 0.013029001861352096 0.1481929016470579 54.57601187112363
0.15607392381879487 0.07762168181949035 0.984690715308782 50.69273032160256 0.0006740684035387586 0.9968988377158843 -0.0786908698166878 -3.367885938365027 -0.9877451472599564 0.012945341719451909 0.15553759092956995 54.710252008714875
0.16343699899425793 0.07936747917301223 0.9833560650189099 51.466791534701755 0.0002602737340973847 0.9967552052009165 -0.08049219317711837 -3.433112512382494 -0.9865537388390634 0.013411344250323936 0.16288602219977324 54.83905937930186
