1.0 0.0 0.0 0.0 0.0 1.0 0.0 0.0 0.0 0.0 1.0 0.0
0.9999983114191211 0.0008768557219462001 0.0016150179409839685 -0.00010479216907874616 -0.0008751838844673093 0.999999080794593 -0.0010355979612977715 -0.017984774749080015 -0.0016159245264487443 0.00103418277493178 0.999998159625263 1.200374265358231
0.9999940261450441 0.0013584815195355495 0.0031783961657083485 -0.009096269932219835 -0.0013567911251057866 0.9999989370152825 -0.000533934591428105 -0.04048204615460497 -0.0031791181273968937 0.0005296189820705857 0.9999948063423458 2.429883875319222
0.999991359045713 0.0006469340287583578 0.004106496106262576 -0.006865916361337736 -0.0006463113498872022 0.999999779442739 -0.00015295787833445829 -0.06607800721192515 -0.004106594154201499 0.00015030248159067603 0.999991556611163 3.6406786039876535
0.9999876031615865 0.0003338378034338586 0.004968105822763867 -0.008171798032104478 -0.0003330050929345475 0.9999999303682013 -0.00016843752798519825 -0.08735519007070175 -0.004968161707640071 0.00016678103535116605 0.99998764470034 4.838156390846229
0.9999822503279417 -0.00012997431680765182 0.005956688320133497 -0.009576101322147892 0.00013031754538091552 0.9999999898708829 -5.723260587476412e-05 -0.10815049362979817 -0.005956680821028629 5.8007851015244035e-05 0.9999822571369386 6.062027207177993
0.9999770901863311 0.0003846110662403796 0.00675804533917842 -0.002774299274319364 -0.00037798606685123133 0.9999994468303022 -0.000981562847015492 -0.12956105558308129 -0.00675841912076568 0.0009789859126161603 0.9999766824069305 7.237736182851682
0.999972919214303 0.0001710592349555179 0.00735741644625102 0.002041660184503402 -0.00016151120598046923 0.9999991441436107 -0.001298316670193102 -0.1550681702649975 -0.007357632238415455 0.0012970932055543912 0.9999720910090745 8.524234835787412
0.9999720877810367 -0.000192951124633412 0.0074690313092171156 0.008380594090289618 0.00019235591455310904 0.9999999782668224 8.04086827243416e-05 -0.17072775524864675 -0.007469046661837072 -7.896972599134335e-05 0.9999721031637562 9.558223497395987
0.9999796367087033 -0.0006779293087783466 0.006345595305636381 0.0047002039822529144 0.0006719071567829943 0.9999993219627276 0.000951112431017984 -0.19265205796447496 -0.006346235790079158 -0.0009468294123387018 0.9999794141907927 10.851084828182385
0.9999906831115237 -0.0014816021281881021 0.004054447592793114 0.005659410464520832 0.001479333133004091 0.9999987475418242 0.0005625728958399872 -0.21607324500314795 -0.004055276023966796 -0.0005565697757511274 0.9999916224481356 12.04765437195346
0.9999967791588077 -0.00136890032249061 0.002137237450621955 -0.003144717523398767 0.0013687285271053989 0.9999990599415632 8.184256696287215e-05 -0.23654609134377128 -0.002137347475810124 -7.891700549323967e-05 0.9999977127563212 13.291363856053843
0.9999988934130636 -0.0012908762303218088 0.0007394668409382811 -0.006731844003899637 0.0012907568986433617 0.999999153878511 0.00016182981016879522 -0.26095972853336247 -0.0007396751175147473 -0.0001608751591639157 0.9999997134999109 14.50109816999669
0.9999998809676296 0.00048564981910038767 4.6999809060499574e-05 -0.013368360370470825 -0.0004856464396426996 0.9999998794897953 -7.18882982405446e-05 -0.2801394218748698 -4.703471593552349e-05 7.18654643934636e-05 0.9999999963115453 15.706366719532802
0.9999997813300818 0.000584461790626744 -0.00030942560639511424 -0.014631648500777234 -0.000584493546689657 0.9999998239255219 -0.00010254860423389027 -0.2967977959620168 0.00030936561617236387 0.000102729439079605 0.9999999468697878 16.883697412511843
0.9999997588574662 3.843160090624166e-05 -0.0006934032183830776 -0.02162691105227867 -3.8196473894199705e-05 0.9999999417756421 0.00033910137059509077 -0.3166486484842303 0.0006934162102187157 -0.0003390748032655017 0.9999997021010744 18.079527981905812
0.9999993122723079 -0.0002611625275920509 -0.0011433499227768628 -0.03016106865820906 0.0002617440169124935 0.9999998364773166 0.0005084637730886367 -0.3372300511440292 0.0011432169441290727 -0.0005087626884056272 0.9999992171074664 19.280353996772508
0.9999981058972448 0.00019246143218921156 -0.0019367912949686784 -0.03050586950821109 -0.000193393193168352 0.9999998656627527 -0.00048090908506272885 -0.3557544457270417 0.001936698478334233 0.0004812827364244595 0.9999980087809834 20.456162183626237
0.9999975452940908 3.6967151561300565e-05 -0.0022154094931500184 -0.04139176635797854 -3.9903431694803996e-05 0.9999991209141719 -0.0013253597995294196 -0.37800107128192606 0.0022153585508383694 0.0013254449486021802 0.9999966676855379 21.63576179007874
0.9999952252091038 0.0006161185737666158 -0.0030281936690086837 -0.053493068992326684 -0.0006181101180083113 0.9999995932928143 -0.0006567755219196157 -0.4005753857417576 0.0030277877858227433 0.0006586441430998473 0.9999951993329855 22.630118991271573
0.9999926969485303 0.0004991977722035506 -0.0037890435718089185 -0.06403593971430142 -0.0005014528409125075 0.9999996977187543 -0.000594228446137142 -0.43088095882809124 0.0037887457889356655 0.0005961241331195652 0.9999926449936346 23.834538244559294
0.9999875028276661 0.00037128378114480013 -0.004985612985621678 -0.06463283713537697 -0.000377380142592405 0.9999991822650205 -0.0012219056904035465 -0.4523641794874466 0.004985155234946647 0.0012237718913769287 0.9999868252180335 25.008083938818963
0.9999841004922344 0.0008461936432757018 -0.005575187804465507 -0.08010063843103045 -0.0008491790461677754 0.9999994973309807 -0.0005331348154384078 -0.4731395695742079 0.005574733866699525 0.0005378606715192294 0.9999843164011193 26.0955867164651
0.9999824193523755 -0.0005794618279795132 -0.005901288855808688 -0.10163502497296474 0.0005871119402231633 0.9999989895302129 0.0012946961499692895 -0.4967581180161939 0.005900532665736901 -0.0012981381055224713 0.9999817491093124 27.306512557454692
0.9999775943469661 -0.0009413379660427548 -0.006627570209996283 -0.11892265751281574 0.0009505163267428075 0.999998593487002 0.0013818620507923714 -0.5152484319794296 0.006626260089020453 -0.0013881307029619716 0.999977082622589 28.510059729741673
0.9999727646250319 -0.0018676389371831562 -0.007140163371524069 -0.14262323433544155 0.001871204089873727 0.9999981279380248 0.000492661847461144 -0.5380536586538129 0.007139229890246661 -0.0005060091325341521 0.9999743873476619 29.780009238259492
0.9999626557605557 -0.0024746533193831183 -0.008280288355286144 -0.15190957205347266 0.002470197596651883 0.9999967987425785 -0.0005482959276390195 -0.5550666963032984 0.008281618690289086 0.0005278215035498187 0.9999655675053661 30.721683656994276
0.9999565975442763 -0.0018863905237505784 -0.009123845596390472 -0.16852625277151767 0.0018821182461462185 0.9999981151361418 -0.00047681764540462605 -0.5786980817608638 0.009124727863471661 0.0004596247940759176 0.9999582631722517 31.9086978666216
0.9999540203696134 -0.0025117650101976873 -0.009254630364387437 -0.19432009132695835 0.002512982221679077 0.9999968352673642 0.0001198983106944372 -0.6015064031234937 0.0092542999195753 -0.0001431495193883125 0.9999571678033082 33.12104380805638
0.999945892961532 -0.002956521168489647 -0.009973471408984837 -0.21201607009141357 0.0029615481093608724 0.999995494898996 0.0004893000134839954 -0.6232383469498306 0.009971979851641352 -0.0005188104543043772 0.9999501439839645 34.29479558040682
0.9999394580820824 -0.003635449586386485 -0.010385743922199885 -0.24140478570732707 0.0036380770489801003 0.9999933547728048 0.0002341059853560585 -0.6402328623295669 0.010384823826064501 -0.00027187594873060464 0.9999460393029069 35.4988598515272
0.9999346083768555 -0.003738529610512362 -0.010807514356999037 -0.26110992503667974 0.0037433386772690253 0.9999929034636286 0.00042477985398381706 -0.6687562836245332 0.010805849609018448 -0.0004652082634373409 0.9999415068870278 36.68431131843157
0.9999272481229733 -0.005214489998849915 -0.01087692765765322 -0.2936889927519918 0.005230185887720354 0.9999853212179927 0.0014150986262767454 -0.7026606840999688 0.010869388979969311 -0.0014718840287322997 0.9999398431608818 37.88248941092009
0.999932308742898 -0.00460109599857698 -0.010686807180344612 -0.3116079809924669 0.004628626333992448 0.999986029413674 0.002552801545242393 -0.7181417201100468 0.010674912194407587 -0.002602093980037976 0.9999396358563658 39.06346580463062
0.9999383311960626 -0.0037463452053473727 -0.010454601974077587 -0.333422291149251 0.0037815867789730948 0.9999872277936019 0.0033531852161506814 -0.7358789480392032 0.010441906256386425 -0.003392513413833692 0.9999397269068123 40.40420586076803
0.9999399090465282 -0.002866861886969058 -0.010581086850726175 -0.3515761595139155 0.0028986604150788666 0.999991325471436 0.002991111778739567 -0.7567697332041682 0.010572419960428146 -0.0030216030175836068 0.999939545098295 41.57756382514151
0.9999454322818446 -0.001835535171250043 -0.010284127056323571 -0.36869131137968125 0.0018666058610440632 0.9999937204613041 0.003012444275544515 -0.771862861650222 0.010278533029330803 -0.00303147630517344 0.9999425793065204 42.73981541298316
0.9999516181781675 0.0009831538401637756 -0.00978747727411429 -0.3880038993431082 -0.000935930480537751 0.9999879057653334 0.0048282871903806614 -0.7907720018506784 0.009792105851160141 -0.004818893190741684 0.9999404446922909 43.93404618054237
0.9999679990893411 0.0009667324731586825 -0.007941424657153981 -0.41269303984185823 -0.0009042479915582484 0.9999686379932406 0.007867996282896928 -0.8051528332629593 0.007948781845645715 -0.007860563482554503 0.9999375122520947 45.12848038042098
0.9999832210681269 0.0018896586546702987 -0.0054760179312196185 -0.44570924419954056 -0.001831643143590469 0.999942350676727 0.010580189340957028 -0.814986064275072 0.005495695188847978 -0.010569981705983014 0.9999290338924696 46.374975330211086
0.9999900127205319 0.002356252654641523 -0.00379770096487738 -0.45882017161232225 -0.002302736542319705 0.9998988527933391 0.014035012895446168 -0.8253176858474688 0.0038303868744260046 -0.014026127619061461 0.9998942923531504 47.55979905630991
0.9999958671127606 0.0015912009962172654 -0.0023945431272978297 -0.4693335698165631 -0.001554343152738356 0.99988148948832 0.015316363666896997 -0.8316591598196559 0.0024186307618918883 -0.01531257842437927 0.9998798303632475 48.78068967230937
0.9999995838871075 -0.0002563210315477591 -0.0008755142155261614 -0.4753220278945502 0.0002683764597054849 0.9999047768374664 0.013797290737225054 -0.8361222463280135 0.000871894310499494 -0.013797519963400147 0.9999044295547314 49.99964323993994
0.9999995765083396 0.0004875744854507156 0.000780547412817724 -0.49564415200308043 -0.000497118856643664 0.9999245399667052 0.012274658659609566 -0.8461531958168186 -0.0007745037023038241 -0.012275041486231488 0.9999243588894753 51.1813537997909
0.999997583244567 0.0009314799279688029 0.001991444242721551 -0.5130378298811472 -0.0009552286284484812 0.9999280459471148 0.011957862126855895 -0.8529576438243194 -0.0019801624416844825 -0.011959735512180316 0.9999265191418742 52.46949643879222
0.9999986725970081 0.0006289474011515882 0.0015030733151247559 -0.5039536417010237 -0.0006461814570869603 0.9999337441380106 0.011493031960992134 -0.8603764252622591 -0.0014957452151232774 -0.01149398796321207 0.9999328232371184 53.65630146701736
0.9999998797763422 -0.00043357077853573445 0.00022904952216528445 -0.5072764553517136 0.0004311042493843943 0.9999430768169867 0.010661016597703252 -0.8728152689234014 -0.00023365878920352721 -0.010660916571774584 0.9999431435143807 54.857383859348055
0.999998914464883 -0.0002022352360953857 -0.0014595101806453635 -0.5139720658910586 0.00021815546712787096 0.9999403946350468 0.010916024243826495 -0.8760118852650771 0.00145721558126835 -0.010916330794224167 0.9999393532833591 55.96803744823117
0.999996241001523 -0.0001997745225354099 -0.002734606546940971 -0.5228188268129393 0.00023294233961909699 0.9999263534527497 0.012133977441294876 -0.8861293779046496 0.002731981093061042 -0.012134568835339221 0.999922641267058 57.134746150141034
0.9999927633261907 -0.0007344268184255707 -0.003732815626300011 -0.5426060017450454 0.0007807818715454586 0.999922414802711 0.012432005259680795 -0.8959844649741775 0.0037233956169938145 -0.012434829808084857 0.9999157521175097 58.337739595975755
0.9999879002687404 0.0006081096572037868 -0.0048815488078298745 -0.5415831764653137 -0.0005488355084017557 0.9999262217083339 0.012134657789674196 -0.901816737103616 0.004888567858087047 -0.01213183179625436 0.9999144566219482 59.471129272022345
0.9999857078636412 0.0008074915270815859 -0.005285075769472463 -0.5600616932756824 -0.0007434450389820855 0.999926405383182 0.012109133203255674 -0.913813133868867 0.0052944648388084225 -0.012105030974511365 0.9999127146242208 60.681275131423064
0.9999854294988509 0.00017583685665972337 -0.005395356466553989 -0.567138667132111 -0.00011263355966632273 0.9999314004898685 0.011712456106361704 -0.9198577378516654 0.00539704582920905 -0.011711677751802131 0.9999168507933833 61.88832372707789
0.9999814567562344 -0.000839307993047648 -0.006031724941949106 -0.5694809970728115 0.0009036206240647289 0.9999426913441101 0.010667590977190928 -0.9279502898226326 0.00602242587752641 -0.010672843556507366 0.999924907579049 63.128501695656325
0.9999734590802464 -0.001521713453021733 -0.007124992860127201 -0.572911874876662 0.001608695264571072 0.9999240608146492 0.012218211959117901 -0.9409377491169838 0.007105859176463865 -0.012229349618809051 0.9998999698836212 64.34344005958702
0.9999714980968128 -0.0018325645297581662 -0.0073242543144863715 -0.586990049514994 0.0019317952979591429 0.9999061357873724 0.013564209585605131 -0.9449238102095572 0.00729870953976177 -0.013577971939862541 0.9998811766990395 65.48122995190327
0.9999705025321696 -0.0009695805661270358 -0.007619316182495119 -0.6016734541614918 0.001060566478475371 0.9999280752612179 0.011946526822969964 -0.9540087819685935 0.00760718504492923 -0.011954255222011396 0.9998996082196356 66.68832246382193
0.9999716739848228 0.0009266506982527093 -0.0074694408410219066 -0.6154477867764816 -0.0008477782907564558 0.9999439286711111 0.010555604470823828 -0.9535059063082864 0.007478803377801766 -0.010548973042822282 0.9999163898385602 67.82325211991146
0.9999659979317744 0.0031604464802850287 -0.007616728848984422 -0.629370435536468 -0.0030768796036914534 0.9999352216082542 0.010958348376784338 -0.9609161212204236 0.007650868723096872 -0.010934540012632905 0.9999109460559453 69.1643456580198
0.999957095381153 0.004720373023594015 -0.007970287034273068 -0.6458613422956934 -0.004631086268227357 0.9999267330304104 0.011183989051205726 -0.9711435268353822 0.008022495675709304 -0.011146598119580053 0.9999056920097491 70.35842004740503
0.9999523180868658 0.006039568087758751 -0.007673667312295015 -0.6647124285353524 -0.0059502314973548485 0.9999148751333262 0.011611943516170264 -0.9787823597105536 0.007743145215885792 -0.011565729739546378 0.9999031341073789 71.60013556714652
0.9999561170076258 0.0065469159516174 -0.006700891773226286 -0.679850124617425 -0.006461256510167795 0.9998981442346885 0.012726088178457771 -0.9879152415537781 0.0067835258784642 -0.012682233539033562 0.9998965670153683 72.77192341472471
0.9999552469629127 0.008226958885762314 -0.004671318746933824 -0.6961555824276292 -0.00816345406988672 0.9998761565532657 0.013454723107775606 -0.9979284912020928 0.004781431688546921 -0.013415986872016927 0.9998985694595522 73.96718653757078
0.9999751316565488 0.006736150719745569 -0.0020881431828840354 -0.6990685163608308 -0.006712164249745142 0.9999137523784581 0.011288695916914435 -1.0077505155000384 0.002164005442627295 -0.011274399225726707 0.9999341003298892 75.16276217280976
0.9999927259076392 0.003809656149784458 0.0001861500287527177 -0.6993086399822699 -0.003810753857736423 0.9999728739414617 0.006303137018802813 -1.019158026587912 -0.00016213219452903833 -0.006303800541142108 0.9999801177082926 76.32205593686241
0.9999833034482682 0.005020252428884835 0.0028617984280247004 -0.7197487569794759 -0.0050365989606160995 0.9999708783693908 0.005733679799871159 -1.0304209584294768 -0.002832930567845785 -0.005747997798177792 0.9999794673020601 77.54052649120658
0.9999650502751104 0.005646132038218033 0.006165989077736787 -0.7240365783427476 -0.0057024283312107765 0.9999418687008816 0.009151039837333352 -1.0512418233429894 -0.0061139626615723235 -0.009185881121815363 0.9999391176709664 78.86843155644357
0.9999363059208847 0.006201797222876912 0.00942983629259686 -0.7108383033122646 -0.006299080507637504 0.9999268854653681 0.010322078679967402 -1.0587649975784568 -0.009365131395612502 -0.010380820522652196 0.9999022616632194 80.07543759339451
0.9998857976783476 0.006505358482985918 0.013640817869417064 -0.7011498010660087 -0.006620675443351931 0.9999425848950315 0.008425768220457507 -1.0684110856804951 -0.013585222037658197 -0.00851511740606028 0.9998714589974805 81.08933960627469
0.9998378469823449 0.005666706429819704 0.01709292777588407 -0.6917303770340757 -0.005761373376304115 0.9999683095604629 0.005494219835246837 -1.0831557633611133 -0.017061251962622228 -0.0055918076699319075 0.9998388096930687 82.10670448796648
0.999780938602644 0.004613588152577546 0.020415425814285737 -0.6714676596159654 -0.004657254501291074 0.9999869669620435 0.002091861982117716 -1.098042695744512 -0.02040550874960827 -0.0021864835696781193 0.9997893950739182 83.10751360952534
0.9997072379865669 0.003979062869376791 0.02386640685053725 -0.6503392304287976 -0.004007113833235943 0.9999913357150276 0.0011276229829649442 -1.11923976945554 -0.023861713182444507 -0.0012229282668304075 0.9997145207960395 84.28661359778397
0.9996114935459633 0.004058588179434936 0.027575166958732442 -0.6320827461334468 -0.00414413344220759 0.9999867744904168 0.003045817173558286 -1.1439185973934114 -0.02756244054551992 -0.0031589090254966062 0.9996150925055831 85.39856876244268
0.9994984731616685 0.00525416770408319 0.031228126252386045 -0.6038731887440465 -0.005367125899239117 0.9999793505209399 0.0035344718544210465 -1.1679435297397462 -0.031208910699977947 -0.003700304507120108 0.9995060338184444 86.59428159164483
0.9993763705533604 0.005019052642992357 0.03495252623435972 -0.5677168184126665 -0.005069602653507297 0.999986227696465 0.0013577725576216747 -1.1866388154162628 -0.03494523012561473 -0.0015341212304168694 0.9993880514412408 87.7569619321486
0.9992513576411897 0.0048174819769070095 0.03838640540146778 -0.5316222335407503 -0.004782114229805952 0.9999880524077552 -0.001013126461163374 -1.2060031835492253 -0.03839082749481485 0.000828799816278794 0.9992624567425364 88.92668209941193
0.9991267855187266 0.004893717626717179 0.04149358970746683 -0.4987861565200905 -0.004845209281412671 0.9999874560260569 -0.0012695422572892925 -1.2241601122256764 -0.04149928199428067 0.0010673885486363903 0.9991379635844326 89.76804508374428
0.9990290728221946 0.003392835523873871 0.0439249396486617 -0.44839393622448737 -0.0033909289760674405 0.9999942438319177 -0.00011791395069613302 -1.239941663450536 -0.04392508687196631 -3.114688578941785e-05 0.999034827107225 90.72833763338511
0.9989054006489989 0.002586228808189111 0.04670451771316455 -0.40994786034183023 -0.0026519576974471685 0.9999955784642467 0.0013454264442022874 -1.2558714706941303 -0.046700831626839905 -0.0014678121465441863 0.9989078425224548 91.57251099717156
0.9987870746601428 0.001975686742929026 0.04919833486747972 -0.3660062371225966 -0.0021301801836270113 0.9999929633236985 0.003087982425838337 -1.2669287384101102 -0.04919188778878114 -0.003189038251706726 0.9987842550875571 92.40467987533656
0.9986728253961155 0.0002992318571114099 0.05150241038669659 -0.3208910967454399 -0.0005117603309301643 0.9999914088374833 0.004113435617314246 -1.2836341689244353 -0.05150073705013964 -0.004134333260611012 0.9986643987705699 93.27241384913825
0.9985706376102581 -0.0007815729589788061 0.053442219699008114 -0.2683998394367362 0.0006783229418238044 0.9999978684826653 0.0019501046385156035 -1.3022278654773718 -0.053443629935042675 -0.0019110661486049772 0.9985690392985069 94.2048655748958
0.9984454370830355 -0.0020472081648547366 0.05570025230464315 -0.22041610862811634 0.0021404075519481204 0.9999964074277812 -0.0016136254307991525 -1.3162124421255372 -0.0556967487703068 0.0017303381892212607 0.9984462319555166 95.09081808002405
0.998324204674864 -0.0011735601589294349 0.05785676379524395 -0.17810267915271266 0.0014344447224967482 0.9999889904125542 -0.0044678207223412154 -1.3283731752351498 -0.05785088355974629 0.004543325898748428 0.9983148969444138 96.08711787804907
0.9982367480968103 -0.001183760347236982 0.059346385404259634 -0.13124832740998296 0.001501213641298855 0.9999848022934462 -0.005304860010282663 -1.34839422309953 -0.059339203792381084 0.005384597809104468 0.9982233542648266 97.00087635260424
0.9982162944370043 -0.0010597251268773355 0.05969176243935645 -0.0687051930062859 0.0013461776739888468 0.9999877704871379 -0.004758852994290903 -1.3670037795881695 -0.059685989362086446 0.0048307203196488215 0.9982055133163026 98.02588570426784
0.9982718490423848 -0.0009183648062921081 0.05875774004831777 -0.011894211484503245 0.0010975831918868075 0.9999948437128382 -0.00301792293830178 -1.3836142797608202 -0.058754665522322114 0.0030771990197566356 0.9982677096478448 98.93055178522053
0.9983547549949683 -0.001742051186042609 0.057312724909975826 0.03702422077332955 0.0018310569444230777 0.9999971978517814 -0.0015005062610815624 -1.401451820421031 -0.057309950352513704 0.0016029804236011933 0.9983551472518961 99.80811805565234
0.9984510588175112 -0.001348594344707782 0.05562071951608601 0.07396029939769092 0.001388389535200631 0.9999988071310988 -0.0006768388791131275 -1.4187749277584898 -0.05561974038677475 0.0007530137204160509 0.9984517401705733 100.90223791974594
0.998581224402451 -0.0011064270130589078 0.05323827655145789 0.11271719421693076 0.0011188743978884884 0.9999993532515958 -0.00020400113250017618 -1.4311209160606284 -0.05323801640732374 0.0002632786452928553 0.9985818165245 101.82727199755602
0.998745255924989 -0.0009080450824942381 0.05007084202865866 0.15157684855465547 0.0009220742650735149 0.999999541842199 -0.0002570883743261852 -1.4465209775544914 -0.05007058564047762 0.0003029348290771447 0.9987456356270653 102.74895169986193
0.9989230690743881 0.0004450367777869079 0.04639508608974052 0.18058509145919235 -0.0004112076218983179 0.9999996426185926 -0.0007386954508705128 -1.4605143266926306 -0.04639539825564247 0.0007188219138763515 0.9989228950803754 103.67507973421047
0.9990991456666418 0.0005412025817804005 0.0424335271684379 0.20876779312100455 -0.0005330336599468958 0.9999998371651978 -0.0002038251344656948 -1.4795302785613373 -0.04243363056947177 0.0001810230194192325 0.9990992714577276 104.65738218573443
0.9992475305172202 0.0010972688086551094 0.03877072034927893 0.22799450784223113 -0.0011322917753551934 0.9999989705339648 0.000881388867547859 -1.4999541783765584 -0.038769713315626377 -0.000924625417098459 0.9992477442542786 105.74440193932092
0.9994082673312744 0.0012170307378347467 0.034374904015670366 0.26298636455835994 -0.0012787277509173985 0.9999976108382006 0.0017728996642872737 -1.5189622901217357 -0.03437266421507616 -0.0018158067253372303 0.9994074358342028 106.8857696150134
0.9995450615965417 0.0013333102775453874 0.030131248259457403 0.2816874908210748 -0.0014049638794543314 0.9999962352990489 0.0023570032278691774 -1.5323515951304005 -0.030127992207690343 -0.0023982642520308886 0.9995431718610823 107.86671630457596
0.9996822667591402 0.0016820486908622368 0.0251502731498562 0.3018859156864478 -0.0017455039857362984 0.9999953483326885 0.00250130542120875 -1.5456355361992156 -0.025145948841643347 -0.002544410575356153 0.9996805525925166 108.74671101446704
0.9997982580539507 0.002442934253903724 0.019936781699168907 0.3158324561954295 -0.002492399073767288 0.9999938764808741 0.002456613034417423 -1.5593091872176879 -0.0199306582717743 -0.0025058078487639026 0.9997982245372715 109.5693806639406
0.9998839570397198 0.002780077082378353 0.01497810488718722 0.3242464577405939 -0.002811651275394794 0.9999938687163628 0.00208737796694597 -1.5709873628868818 -0.014972209980529415 -0.002129248949136332 0.9998856430748532 110.37521775685515
0.9999361243684912 0.00396252981729715 0.010585156605940565 0.3254144901279217 -0.0039769548862164 0.9999911913100623 0.001342062630497692 -1.5788304525505201 -0.010579745401387805 -0.0013840735956848046 0.999943075043537 111.14275738244586
0.9999562506401368 0.0059441842496784116 0.0072224289078966905 0.32502985519296207 -0.005952711400866651 0.9999816099623389 0.001159725870885617 -1.588366937418712 -0.007215402462901146 -0.0012026681685229337 0.9999732454203842 111.99460658191727
0.999954063444374 0.008196697193357349 0.004968415865163744 0.3325393480387304 -0.008203333302946038 0.9999654851443536 0.0013167546191424281 -1.602281548750446 -0.004957451342116033 -0.0013574517032999922 0.9999867904132856 112.88532889722232
0.9999488626259784 0.009388570655172013 0.003758573408799347 0.3278467366150729 -0.009392637969180224 0.999955320044976 0.0010659576530492234 -1.6196090497745528 -0.00374839765716714 -0.0011012060620832517 0.9999923684009862 113.98043438334521
0.9999303579892462 0.011564349711021524 0.002354779663441875 0.32944521030001084 -0.011567651640694863 0.9999321215402599 0.0013934660037240344 -1.6388760330532035 -0.00233850529644753 -0.0014206082307866915 0.9999962566256108 115.0649814153168
0.9999177129638068 0.012768307118353361 0.0012400139377718566 0.3283825100545711 -0.012771131673123201 0.9999158068030142 0.002297281274487601 -1.656528477351811 -0.0012105771441831108 -0.002312928619295977 0.9999965924262848 116.30656755475108
0.9999243465919655 0.012295203112325069 0.00035926739634518657 0.3248561662256776 -0.01229612660744196 0.9999207745974091 0.0026925450712092583 -1.6731476665092395 -0.0003261335447003363 -0.0026967589683896814 0.9999963105571833 117.2810049019518
0.9998689619783312 0.016181816469932962 -0.00045572811198095893 0.32020709111201284 -0.016179435857071576 0.9998575046441742 0.004816249792262806 -1.6862566896829403 0.0005335988430543473 -0.004808245256662087 0.999988297956445 118.1303019397466
0.9998512493331432 0.01718144073244383 -0.0015090729983439286 0.3177272522313466 -0.017168513143873354 0.999819000032628 0.008198129675375535 -1.7031440836845402 0.0016496555353159405 -0.00817100165851221 0.9999652560806864 119.28446523288463
0.9998712174074679 0.015913710102630898 -0.002074230190131022 0.30998668926934936 -0.01589733254831651 0.999844083820943 0.007686537978688298 -1.7097184403809234 0.002196228121172121 -0.007652573359285529 0.9999683068492833 120.24728608164195
0.9998733138003908 0.015702291732385465 -0.0026066039553653752 0.29372225591999773 -0.015686252125470566 0.9998585753925169 0.006063885577184175 -1.7166010624046162 0.0027014522177900343 -0.006022229519730344 0.9999782172165195 121.44766807315847
0.9999113411916056 0.012956920760941784 -0.0030704984618457752 0.2805556604348485 -0.012935130946331388 0.9998917430048943 0.0070131774556809355 -1.7269644483046789 0.003161035243485681 -0.006972838376050114 0.9999706932611441 122.69897762278407
0.9999329184354563 0.01071601243655609 -0.004396101297260644 0.27671119706335356 -0.010676279513631525 0.9999028248694399 0.00896425534276732 -1.7400364839461535 0.004491735177281895 -0.008916720000274112 0.999950156967604 123.97489058385918
0.9999619776824025 0.007372567527678018 -0.00465708466245421 0.2716497443597271 -0.007321648025298788 0.99991424720324 0.010857794903245115 -1.7496609501714815 0.004736735130546718 -0.010823284529996346 0.9999302074906468 125.24979333916097
0.9999732589178114 0.005564816360317132 -0.004744920249297228 0.2528648545222067 -0.005507933565610851 0.9999138070632022 0.011918100192539362 -1.7601825696169793 0.004810833309622631 -0.011891646784135294 0.9999177189247276 126.50915945998707
0.9999888832953672 0.0014354017186274373 -0.004491426009028001 0.2418521073492177 -0.0013899572783132403 0.9999479785823102 0.010104857639043554 -1.7698094908614408 0.004505696888702377 -0.010098502416054492 0.9999388576030546 127.830896189198
0.9999888868145193 -0.0011604935720610193 -0.0045694093854311306 0.23233678850020395 0.0012021481672075682 0.9999576546609303 0.00912379990931122 -1.7780661158363555 0.004558627781095072 -0.009129191621948387 0.999947937031266 129.09155414447469
0.9999868717111323 -0.002769939769637955 -0.004310897709255313 0.2183884482494874 0.0028077423222937583 0.9999574441373413 0.008787860795272023 -1.7871701922266345 0.004286372410178846 -0.008799849315642299 0.999952093684285 130.37486293762007
0.9999880440861125 -0.002908151767816708 -0.003931200596509828 0.21364412228978452 0.0029437068007685547 0.9999545429366676 0.009068993912277369 -1.7906391580539707 0.0039046478849982815 -0.009080457786098207 0.999951148312402 131.68264648026044
0.9999892729570706 -0.0025378896511706016 -0.0038746724908290827 0.20956731822425306 0.0025804180514371854 0.9999360504632929 0.011010741416455814 -1.798601800218618 0.003846480660627116 -0.011020621578598667 0.9999318729226259 132.9675211581132
0.9999950626618355 -0.00028391384263849913 -0.003129543878189546 0.1997978357207941 0.00032287507462510495 0.9999223685764146 0.012456025538182222 -1.8047022096700367 0.0031257644891699403 -0.012456974490285013 0.9999175232902502 133.95742552077334
0.99999646705 -0.0002663078524496639 -0.002644800115348449 0.19563391037095074 0.00029435201516459246 0.999943681913208 0.01060878686452502 -1.8127850242240413 0.0026418259620203982 -0.010609527886454972 0.9999402275504342 135.32123546726328
0.9999970742280523 0.000319928603559133 -0.0023977449881852184 0.18340217945898168 -0.0002985448948677975 0.9999602310430236 0.00891331606742443 -1.8282088201083186 0.0024005012571318503 -0.008912574154568743 0.9999574009004859 136.6076535623077
0.9999981373820354 0.0003101331111894736 -0.0019050065401680998 0.17958163958880977 -0.0002980709441148867 0.9999799282152506 0.006328848262001014 -1.8378959416938425 0.0019069310886900017 -0.006328268646676407 0.9999781580763449 137.87579345480657
0.9999984427724191 -0.0006018031589359505 -0.001659001416436439 0.18165690977572518 0.0006053737121966484 0.9999974999814969 0.0021525690265637954 -1.8513133560554942 0.001657701846063569 -0.002153569990369769 0.9999963070736247 139.12409810518974
0.9999991803592481 -0.0006136175077672219 -0.0011237234495687926 0.1711695753371891 0.000612236332128512 0.9999990573154713 -0.0012290381734891605 -1.8768558557193458 0.0011244765495944282 0.0012283491817964799 0.9999986133544276 140.43932441766947
0.9999990999666847 -0.0008627106117593834 -0.0010275194529232629 0.16221748851135348 0.000860630076128686 0.9999975823023725 -0.002023537810706095 -1.903757744439561 0.0010292626962358914 0.002022651675309835 0.9999974247459358 141.73612691582775
0.9999984310744626 -0.0013079171317984747 -0.0011946553454547679 0.15000325351962224 0.0013058203907378397 0.9999976088079262 -0.0017541982575365778 -1.931601359389385 0.0011969468347593558 0.0017526355000203307 0.9999977477910036 143.11038953592234
0.999998589701965 -0.0006929293764890744 -0.0015298506348032815 0.14331328121647569 0.0006909703920722651 0.9999989412287381 -0.0012806644016684916 -1.9483147188121226 0.001530736425028104 0.0012796055140572437 0.9999980097258826 143.9845548295108
0.9999983060872778 0.0001416971249924477 -0.0018351415489562626 0.13294602494456276 -0.00014178532353346647 0.9999999887997708 -4.793088946124864e-05 -1.9775371761410452 0.001835134736734399 4.819100440894668e-05 0.9999983149776434 145.26647565915954
0.9999968597218687 0.0006182933869551314 -0.002428633297533789 0.13435222059563123 -0.0006173595126296624 0.9999997352218906 0.00038525753794635984 -1.991143663429614 0.002428870856674222 -0.0003837569882614277 0.9999969766538979 146.2623454172828
0.999994482284987 0.0008701934108478872 -0.0032059574253456347 0.13316475990250268 -0.0008703278187579471 0.999999620443345 -4.052954239126263e-05 -2.0122009295133556 0.003205920939963744 4.33195526940188e-05 0.9999948600839624 147.52755365888433
0.9999923254150959 0.0009643178572950196 -0.00379726243281128 0.12278382588604454 -0.0009635236573554589 0.9999995135558409 0.00021097448508633962 -2.0289346619977464 0.0037974640321198727 -0.00020731411375735336 0.9999927681177416 148.50351995398668
0.9999901476117743 0.0003789806695849189 -0.004422787926012171 0.10804245745857301 -0.00037264637194993355 0.9999989039198909 0.0014329318506950683 -2.0498565079363518 0.004423326131755864 -0.0014312695970194647 0.9999891927682384 149.71899566226364
0.9999875104898343 0.0012524475033822418 -0.004838412921539327 0.08951731511489203 -0.0012436674931426647 0.9999975754812053 0.0018172294483160055 -2.0727356250584554 0.004840677175203216 -0.0018111893751412134 0.9999866436295701 150.9558911896624
0.9999849417651016 0.001649650879371799 -0.0052340132810641685 0.060847494812608344 -0.0016450053076982928 0.9999982493642378 0.0008917544435971491 -2.0963281150867474 0.005235475201716728 -0.0008831310357211486 0.9999859048401564 152.32739150445394
0.9999791714301882 0.002288863645667211 -0.006034716978405229 0.04898108310852194 -0.0022910610082120756 0.9999973117086318 -0.00035723235596733793 -2.116602869830121 0.006033883099176357 0.00037105082009329714 0.9999817271210685 153.59949370082552
0.9999729343736236 0.0027983282043100768 -0.006804401477670976 0.03600801322125828 -0.0028009917216888767 0.9999960042747735 -0.0003819422108529912 -2.1400094338684994 0.006803305489492587 0.0004009909455579731 0.9999767768506822 154.85290417118932
0.999971449475238 0.002483956484626632 -0.007136539397828335 0.01578251322540391 -0.002494240721665557 0.9999958633032031 -0.0014325291253774255 -2.1587217487176797 0.007132951536119534 0.0014502884730971447 0.9999735084819643 156.10964914132006
0.9999631155574938 0.002770836346902754 -0.008129575049869595 0.0023001518746178715 -0.0027903844657077856 0.9999932407289464 -0.0023942119673035053 -2.1855711559032085 0.00812288613032836 0.0024168082980619583 0.9999640882344554 157.36509391828773
0.9999585840802266 0.0028932098421992386 -0.008628989574672204 -0.022779552863214782 -0.0029109539352029394 0.9999936731945428 -0.002044484791884663 -2.211607834663341 0.008623019857213029 0.0020695187088259036 0.9999606795373795 158.64487172916705
0.9999516116447822 0.0030715177407927 -0.009345595099986588 -0.039048113733619175 -0.003076408211136877 0.9999951383239332 -0.0005089607129324016 -2.238218883040206 0.009343986382872694 0.0005376869506643169 0.9999561994463665 159.87230487833315
0.9999462890654258 0.00302180121703063 -0.009914015417066836 -0.06568367556065022 -0.003022832377170261 0.999995427268813 -8.902738642394502e-05 -2.2626814190468796 0.00991370105987597 0.00011899101147044871 0.999950850978405 161.1652113126885
0.9999376711532441 0.0036416575875690997 -0.010554247421894312 -0.07685839037161694 -0.0036387834159579816 0.9999933371152753 0.00029151380557769567 -2.275616788363035 0.010555238693623618 -0.00025309101537153596 0.9999442598870502 161.8486429107466
0.9999267342658734 0.004356718197662427 -0.011293586982560663 -0.08794379902048144 -0.0043505324227454175 0.9999903726615053 0.0005722341599198372 -2.2924677333744308 0.011295971318355075 -0.0005230591184271637 0.9999360616765132 163.04288424229333
0.9999180882896901 0.004534022037554804 -0.011969100018616395 -0.10941992236228773 -0.004537377417941105 0.9999896739955288 -0.0002531965124678799 -2.3140936766915523 0.01196782842707 0.0003074840968461841 0.9999283357002502 164.328154035235
0.9999040912451886 0.005812592036376359 -0.012570683551549527 -0.12943558861244364 -0.005823664452255024 0.9999826858219816 -0.0008443865196839712 -2.3293679684920883 0.012565557826138034 0.0009175129785641356 0.999920629313374 165.6035645973513
0.9998974059949965 0.006100834346792096 -0.012959834287167335 -0.15110205942701893 -0.00610653521499239 0.9999812747940025 -0.000400361113360319 -2.352835872128065 0.012957149074770377 0.00047945972316544474 0.9999159376698773 166.82862020069044
0.9999012492941934 0.005984247102394341 -0.012715362618893599 -0.18633548799601812 -0.00600500063121373 0.9999806984079207 -0.0015946093620168092 -2.3765622498187975 0.012705574655698352 0.0016708076537695312 0.999917885015792 168.09603510499755
0.999906696986853 0.004428651502087324 -0.012922243099240123 -0.20918258694697067 -0.0044698311702013865 0.9999850186937376 -0.0031595881672232618 -2.4015822898420165 0.012908056792277169 0.0032170536131210033 0.9999115124029224 169.35856118634862
0.9999122596770338 0.001174652542638621 -0.013194435909628023 -0.22276522535151386 -0.0012162973867802089 0.9999943032582519 -0.0031486618906084144 -2.422796066420651 0.01319066216063969 0.003164433983914284 0.9999079921619426 170.5732616686108
0.9999115852126554 0.0015974608181417932 -0.013201131635237767 -0.2596853223629401 -0.0015902564697594214 0.999998580852927 0.0005562162193724724 -2.4476060027087505 0.013202001434508585 -0.0005351738566425411 0.9999127065634622 171.88090473952423
0.9999085483999656 0.0007085508342542841 -0.013505287571567237 -0.2781314606277353 -0.0006422156188891513 0.9999877126340314 0.004915499979347781 -2.471517078736091 0.013508604508768755 -0.0049063771423935865 0.9998967172001139 173.1305696829703
0.9999051457812896 0.0018495590894433084 -0.013648390794327137 -0.29945077177208657 -0.001791708835982404 0.9999893651792974 0.004249624423771708 -2.489107928749425 0.013656105577619152 -0.004224767386583965 0.9998978258407127 174.38886669264897
0.9999023320528129 0.0032872690164887945 -0.013583821912909645 -0.32515906388830346 -0.0032722641793612147 0.9999940114112826 0.0011266892660854542 -2.5077690563812403 0.013587444295703898 -0.0010821293707931794 0.999907100861644 175.61143934791463
0.9999008090261292 0.003506302173855489 -0.013641039328447901 -0.3561532313352669 -0.0035193309826323624 0.999993373537265 -0.0009312308976756154 -2.5268698396697493 0.013637683759689554 0.0009791458603200084 0.999906523058559 176.8989387174655
0.9998997554982587 0.003128592731759761 -0.013809086213211875 -0.3789869613131114 -0.003137469248908833 0.9999948851945069 -0.0006211855822506613 -2.5514803712825453 0.01380707214572546 0.0006644488951610801 0.9999044570689891 178.1560784984092
0.9999038924088861 0.0030382848946280978 -0.013526816715720508 -0.4071713364676007 -0.003028501259515373 0.9999951375317447 0.0007437022111087385 -2.5801125726195613 0.013529010521199048 -0.0007026647542198255 0.999908231857585 179.4041591277979
0.9999070808830187 0.0032137225282014956 -0.013247701216245135 -0.4455139888905796 -0.0031737624743484157 0.9999903540191373 0.0030362971573857462 -2.6150632302350107 0.013257331245751014 -0.0029939699703433894 0.9999076353904189 180.79931261553014
0.999914407627874 0.002440277660495262 -0.012853889027849097 -0.46023212374871525 -0.0023917232339987033 0.9999899523087457 0.0037914300092334653 -2.633632421120245 0.012863012017894884 -0.0037603625467099557 0.9999101972654079 182.07768834618312
0.9999309174175877 0.0023180832173469138 -0.011523319080101617 -0.474763554044316 -0.0022813480675476336 0.9999922776320659 0.003200019877774238 -2.6508192698612363 0.011530648005166996 -0.0031735101104220075 0.9999284839378074 183.26221171910683
0.9999476543762222 0.001034273747259584 -0.010179331280115764 -0.49367049852643474 -0.0010165289258392191 0.9999979551602756 0.0017482403153615872 -2.674704791875905 0.010181118624078169 -0.0017378012179396576 0.9999466610127221 184.54196053690575
0.9999576891317722 0.0008937110717053264 -0.009155393315945125 -0.500344542645551 -0.0008911835806336818 0.999999563656114 0.0002801417437489533 -2.698734146205322 0.009155639686824545 -0.0002719707545109718 0.9999580492669862 185.81908973760864
0.9999714571573267 0.00019787076965347187 -0.007552861564645268 -0.51690035572762 -0.0002002282376332812 0.9999999314773629 -0.0003113742313969008 -2.7220007240961386 0.007552799435245736 0.000312877640051542 0.9999714282559655 187.03395205919392
