1.0 0.0 0.0 0.0 0.0 1.0 0.0 0.0 0.0 0.0 1.0 0.0
0.9999959965363583 0.002822117266056492 -0.00020631382007448089 0.007573453687399934 -0.0028217944013753634 0.9999948193168289 0.0015488111115085942 -0.01410729203710776 0.00021068367780762538 -0.0015482227357172047 0.9999987793086292 0.7395952280180538
0.9999847890011878 0.005515380169484189 4.845447458169442e-05 -0.0020043594730639012 -0.0055154509720013335 0.9999834964081434 0.001608325812767455 -0.021987372963813083 -3.958314661498359e-05 -0.0016085685968043524 0.999998705469284 1.5095997917063466
0.9999758361931536 0.006944368728976445 0.0003205819075229665 -0.0010258165019854134 -0.006944805077082384 0.9999749313891174 0.0013806794600006791 -0.04023561947818895 -0.0003109859237130747 -0.0013828724763878778 0.9999989954752301 2.245362442068415
0.9999593171291365 0.009006121952430399 0.0005038392689565265 -0.0063521473829797745 -0.009006531949294981 0.9999591062163056 0.0008174823138803134 -0.04744930602043391 -0.0004964563196496362 -0.0008219869008260648 0.9999995389342226 2.820533073417889
0.9999582711763948 0.009092064706435287 0.0008889686662756405 -0.010919816996234493 -0.009092656673731495 0.999958440389413 0.0006641450040158221 -0.06188219676908059 -0.0008828932717330386 -0.0006722003769022645 0.9999993843228725 3.414556349609479
0.9999563034110073 0.009294521073776995 0.001001572065594554 -0.007182823874822254 -0.009296128957519998 0.9999554893695383 0.0016128441128438042 -0.07317658159242163 -0.0009865368713948587 -0.0016220843801395286 0.9999981977920085 3.959624483652397
0.9999460538016306 0.010179174766676366 0.0020673382925295828 -0.016254012430275726 -0.01018836711116519 0.9999380359054021 0.004485702314563278 -0.0840724047520857 -0.0020215494439727766 -0.004506523129443667 0.9999878022191717 4.482227283511573
0.9999458429845508 0.00980541465646476 0.003487827594750961 -0.01950078927423432 -0.009835285166789975 0.9999141950754616 0.008652725136014162 -0.09468524906544745 -0.0034026847641002995 -0.008686560309252285 0.999956481756276 4.9649771733263846
0.9999467263551125 0.009136241175583381 0.004803493403281285 -0.017868189764896132 -0.009194095966768836 0.9998837527877718 0.012163449773632262 -0.10211054889984476 -0.004691806799905145 -0.012206965561653937 0.9999144848139409 5.450484617214398
0.9999472965359205 0.008263112743128718 0.0060930385111331664 -0.020815895920059765 -0.008350521541593485 0.9998605415582333 0.014462580159139378 -0.11170580931737384 -0.005972682855065213 -0.01451269798040646 0.999876846745059 5.962409921591783
0.9999350146794999 0.008781765015532466 0.007269595664147748 -0.01887307613858113 -0.00888570336776284 0.9998569608799078 0.014391040812051774 -0.1206847353476765 -0.0071421770888400885 -0.014454701076327523 0.9998700170138243 6.4482561976968995
0.9999199938137527 0.009582278654735748 0.008257475842379158 -0.01636766960351097 -0.009680591042650701 0.9998817432093716 0.011949299295466703 -0.13116202312652583 -0.008141997824209296 -0.012028280524276451 0.9998945086053125 6.899949069111526
0.9999116381457341 0.009637186376562752 0.009156447971650983 -0.013310646314829849 -0.00972216470157265 0.9999096581699056 0.009281972422797265 -0.13754094801209274 -0.009066168663203394 -0.00937017274576458 0.9999149986116243 7.31101426724405
0.9999108090079564 0.008079831425831487 0.010634394819837089 -0.0059578996312052435 -0.008159976894195505 0.99993846975651 0.007514750700782802 -0.13753413588658261 -0.010573022564064952 -0.007600856868726546 0.9999152154901537 7.688200701768922
0.999911956012652 0.004299390135695287 0.012553703334607461 -0.00043517614507228384 -0.004362184187215233 0.9999780904932434 0.004978943924497548 -0.14134829882438885 -0.012532021866764251 -0.005033267124598962 0.9999088031665603 8.04733919602898
0.9998925823905301 0.002501790189634658 0.014441770190810123 0.005399764540461894 -0.0025573798335108873 0.9999893875705866 0.0038320431351982955 -0.1479624669245508 -0.014432029960621458 -0.003868564598131597 0.999888369128857 8.389030503156313
0.999840751813887 0.006714176387414053 0.01653453500042357 0.007425965835106685 -0.006747130470156536 0.999975359757828 0.001938068012495238 -0.1573077870141511 -0.016521115054990213 -0.002049320043590973 0.9998614169197141 8.706637405613588
0.999751712232174 0.011043368761037068 0.019353498268898057 0.010773640989226748 -0.011072611510397373 0.999937710426689 0.0014044717763557171 -0.16781340404019943 -0.019336782648008005 -0.0016184168308921347 0.999811717056659 9.006937392344014
0.9996717398439625 0.01150502972139845 0.02289206955376822 0.014530373744980975 -0.011559304367161715 0.9999306800896738 0.002239977220763647 -0.17135374356260982 -0.02286471167305939 -0.002503858325057979 0.9997354328289038 9.290856078208966
0.9996365947156264 0.00723384176933689 0.025968250588028003 0.025398461684602233 -0.007307729709222483 0.9999695125782018 0.002751545131447667 -0.17589631919334628 -0.02594755464091684 -0.0029403141617254445 0.9996589813335278 9.53950099875656
0.9995938770712338 0.002342445777267701 0.028400596287397648 0.040397218528278586 -0.002418293195912165 0.9999936001461983 0.0026365744184335023 -0.18044292503166307 -0.028394238495120572 -0.0027041846138704797 0.9995931445372441 9.765709378258911
0.9995283930769334 -0.0013260725008143845 0.030679520282521532 0.05008954989565181 0.0012102771836368293 0.9999920756219731 0.003792614190341859 -0.1842725744214966 -0.030684306447789095 -0.0037536948438303525 0.9995220773513895 9.968107965541906
0.9994336983411924 -0.0016858458335835117 0.03360715018968007 0.05404451541916601 0.0015201874050993459 0.9999865723565899 0.0049542039493668515 -0.19011601146601556 -0.03361505094893801 -0.0049003092090126685 0.9994228411034821 10.146177959661419
0.9993560803401212 -0.0009171746619947013 0.0358689765377889 0.05795841970783268 0.0007699588725591448 0.9999912251451316 0.004117863046934675 -0.19462521501639382 -0.03587243859237366 -0.004087593837227206 0.999348017322323 10.297499705522057
0.9992782593954516 8.975868147446389e-05 0.03798621122164927 0.0630924732416347 -0.00018710776923957769 0.9999967077356992 0.00255920074346584 -0.1975848523470044 -0.03798585645051771 -0.002564461179617653 0.9992749863018582 10.439868429790815
0.9991808289302169 0.002280451106169023 0.040403844384873856 0.06673123779120711 -0.0023583759349727553 0.999995449770192 0.0018810906041196243 -0.20247739972488055 -0.04039937080294775 -0.001974837123394787 0.9991816605888351 10.574205801044394
0.9990946465516597 0.005242068631248877 0.042218573498870385 0.0688639793060662 -0.005293380011325013 0.9999853809065983 0.001103676194120063 -0.20624704763631038 -0.04221217075524479 -0.0013261559301374491 0.9991077889550152 10.69259262822488
0.9990456061313221 0.006608685018803357 0.04317640735426786 0.07399580417991006 -0.006612900379322342 0.9999781335138326 -4.519695957321641e-05 -0.21150714086142305 -0.04317576193042323 -0.00024036745669869927 0.9990674630900624 10.795733070736091
0.9989543580523218 0.0058124255697688965 0.04534761556322103 0.07873433946335044 -0.005731828846677005 0.9999817543169588 -0.0019071369248881873 -0.2139380967230917 -0.04535787325642796 0.001645217971506278 0.9989694472762819 10.913906319740462
0.9988729469571986 0.004460156982547983 0.047254024555930654 0.08392674505139384 -0.004314719724521554 0.9999856374255103 -0.0031793295512021966 -0.21671176193625566 -0.04726752617538055 0.002971858406342949 0.9988778448973992 11.017611898649792
0.998814081084161 0.0036285466522980652 0.04855167429857892 0.0898637526857623 -0.003435553635443387 0.9999858652618555 -0.0040578624565849744 -0.21948068496478884 -0.048565712176608454 0.003886248279596517 0.9988124291753123 11.118102687224402
0.9987399703662696 0.0042911468517853515 0.050000576511472196 0.09423198298738578 -0.004024309161447624 0.9999771263808102 -0.005436143021572499 -0.22155232186052612 -0.05002276010533857 0.005228075542139356 0.9987343944701061 11.205508347606946
0.9986983887940889 0.005619025952840181 0.05069472129751208 0.10148397139011707 -0.005208065150508635 0.999952528979583 -0.008235037627424002 -0.2237866196514441 -0.05073858765751337 0.007960297398862733 0.9986802438157283 11.3201137861291
0.9986439173894401 0.0062165136106560916 0.051688308345328296 0.10717764696131782 -0.005670555333561317 0.9999266483910747 -0.010702459511804135 -0.2262635813443604 -0.05175104890997109 0.010394844679999593 0.9986059163357668 11.422505746735006
0.9986047713409405 0.005656401262769346 0.05250253117576781 0.11140821490354803 -0.005012037414382124 0.9999105983193892 -0.012396566037358354 -0.2303646199225584 -0.05256795731303201 0.0121161253425464 0.9985438444908761 11.509824042123222
0.99861270404821 0.00558992197692109 0.05235857222856838 0.11442688735984297 -0.004906221907039209 0.9999011366733686 -0.013177475703076948 -0.23440818050915377 -0.05242705694697308 0.012902311870290168 0.9985414032719327 11.59646954989523
0.9987251410771718 0.003879781423218728 0.05032931428592608 0.12004486060301023 -0.0031366650400194793 0.9998850255001642 -0.014835670290336476 -0.23690852979413893 -0.05038108685618236 0.01465889070308191 0.9986224827283556 11.693289247917559
0.9989201382507253 0.004570198717516852 0.046234950857919635 0.12397633435949634 -0.0038419102628044926 0.9998673400202549 -0.01582852129396242 -0.23915165343748077 -0.0463011568179931 0.015633798147068202 0.9988051798187734 11.76061970681198
0.9990957106892774 0.005644164786367751 0.04214147940155861 0.1238111053478254 -0.0049540484743327475 0.9998522077270465 -0.016462688330459364 -0.2450384263144422 -0.0422281693422959 0.016239030365641 0.9989760135292448 11.887934177669244
0.9993299513878827 0.006211021239086967 0.036070368368780414 0.12774683691084354 -0.005588519276979358 0.9998341498248718 -0.017333242520299295 -0.2482493897560374 -0.03617204322930529 0.017120048456248448 0.9991989227523579 11.984845768973015
0.9995669828191458 0.005431952069353809 0.02891955661045936 0.12855174338742492 -0.004906164243251826 0.9998219453357786 -0.01822106411268222 -0.2516755450696614 -0.02901338329543032 0.018071289984295094 0.9994156553046663 12.104101214906812
0.9997415643380588 0.005612042891755092 0.022029741475371043 0.12374186509550673 -0.005190504695259916 0.9998032306153042 -0.019145723078804768 -0.25268060031215717 -0.0221328533158078 0.019026429664624325 0.9995739751405683 12.2063455279205
0.9999014440422891 0.005236316326210124 0.013026250169425695 0.12396903486122826 -0.004972156475797321 0.9997830003798083 -0.020229429342650554 -0.2549558320234209 -0.013129351169223204 0.020162667057732515 0.999710501592833 12.337340281739516
0.9999889130830093 0.003751371475583 0.002846212064011895 0.119967444152121 -0.0036901576531118887 0.9997681082273355 -0.0212158551095802 -0.25875423132499 -0.00292514060453914 0.021205116919925354 0.9997708670334696 12.434200926965763
0.999943860978681 0.0022508096944450664 -0.010354165672193742 0.1110464832562267 -0.002487957437417123 0.9997335633547302 -0.02294803629603471 -0.26110375009591835 0.010299755280463913 0.02297250873922828 0.9996830392096229 12.573693736735363
0.999643595467668 0.0015071315290582326 -0.026653528753751494 0.09397559514740787 -0.0021634217888305426 0.9996947540081447 -0.024611347276394996 -0.26639295912000044 0.026608300333477778 0.02466023850553401 0.9993417188280561 12.733209864205664
0.9989693782742 0.0017818470933210276 -0.04535423124025103 0.06257471814140336 -0.002943383507721405 0.9996690477164627 -0.025556438155340568 -0.27014861721643685 0.04529368348881128 0.02566359403118158 0.9986440117366238 12.914150443195165
0.997739437923102 0.002528919558467212 -0.06715369370897567 0.0289826413758646 -0.004225669370916026 0.9996750934185017 -0.02513665286147174 -0.27461920251218375 0.06706830645886193 0.02536359920392287 0.99742595219102 13.106566411044394
0.9959092815707288 0.003065587755580561 -0.09030672761753322 -0.011106547483666563 -0.005220152538055036 0.9997071016498619 -0.023631777722228117 -0.279618442698569 0.0902078316375798 0.024006521666959494 0.9956335842209723 13.279963436297479
0.9931701771633081 0.00408265713212358 -0.11660330657466057 -0.06203734637714866 -0.006703893698081144 0.9997333630889824 -0.022096618204565616 -0.28585619335456985 0.11648200291327238 0.022727398389059725 0.9929327310345738 13.486296281496402
0.9891690010498325 0.005077964919550471 -0.14669322286442457 -0.11309483150624598 -0.008063113622990208 0.9997721958069655 -0.019762152970312384 -0.2950301041562983 0.14655945401364828 0.02073091323591638 0.9889846084118934 13.685043968319496
0.9835560610608697 0.005290456372941956 -0.18052558218100911 -0.15620776875114245 -0.008295306785460844 0.9998392696794534 -0.015894108725981966 -0.30197890738278954 0.18041247915751668 0.01713026205941543 0.9834418597385483 13.849176400362987
0.9761320567693422 0.006231176532570576 -0.2170884155966709 -0.2587077983990504 -0.008915976439771938 0.9998953807011443 -0.01139004023874266 -0.3129291951937774 0.21699473060740077 0.013053738603736802 0.9760854915411287 14.136767256918455
0.9663677570836224 0.007899419142401441 -0.25704271482845237 -0.36197508486175406 -0.009797873782599723 0.9999333580939185 -0.006105820203750871 -0.3154432281969781 0.2569773525789943 0.008418939852080563 0.9663807540060276 14.406027627809934
0.9542875027032581 0.011611737443030356 -0.29866457730693946 -0.47259277787510423 -0.01262212580930187 0.999919280272112 -0.0014542627536812559 -0.31452924498667634 0.2986235826662605 0.005157566641035014 0.9543570376865833 14.657476617082818
0.9401395861240769 0.015141601348756618 -0.3404530665320032 -0.6185068352583165 -0.014926697552439933 0.9998833070472003 0.0032505366531362413 -0.32133678614810796 0.34046255638855105 0.0020258817711632806 0.9402558925635203 14.939340574937408
0.9233626303715413 0.017582215948276334 -0.3835261640562431 -0.740905312224496 -0.015417021694578658 0.9998431351284905 0.008718978065181095 -0.3223741025677766 0.38361930122898813 -0.0021379473287237464 0.9234888526158844 15.16497295464004
0.9041373233699579 0.020791788434782237 -0.42673575198604036 -0.9609270519529463 -0.01519770560515361 0.9997481802504171 0.01651077921600404 -0.32631147870851374 0.4269715801241896 -0.00844260739723253 0.9042256312152345 15.520997431155857
0.8821446005330099 0.024964464555500672 -0.4703165734480485 -1.1598364397986527 -0.016022967524385968 0.9996069182478964 0.023005944941625903 -0.3266305127606554 0.47070603168237507 -0.01275870292787642 0.8821978503926595 15.82125392006188
0.8574297577346333 0.0298188657271949 -0.5137363582596347 -1.3711126887983835 -0.01841393319259744 0.9994582532002967 0.027278694510391874 -0.322681721702875 0.5142714629604749 -0.013929657445761136 0.857514330508789 16.08967015008623
0.8295523814256172 0.03290197280884476 -0.5574587936846753 -1.6311135664330287 -0.01904680729956735 0.9993490097919085 0.030639447769604464 -0.3213497596973683 0.5581039917459656 -0.014799216642079897 0.8296390284840751 16.39659033270179
0.7988383749155222 0.036405768957242374 -0.6004430620374919 -1.8763024642611257 -0.02136769330149546 0.9992543514205872 0.0321584024789203 -0.31431401927065417 0.6011660938919469 -0.01285928278151204 0.7990206295215688 16.65448344710193
0.7653516301257648 0.03892631864595381 -0.6424341397999548 -2.11290720511177 -0.021567029351397118 0.9991599028769961 0.034847549810412035 -0.3072929072671392 0.6432509195553402 -0.012815233103882434 0.7655481854799884 16.878433872835995
0.7287215577303611 0.042978843783640225 -0.6834601014587883 -2.3700826377421933 -0.022629679814932024 0.9989948815573312 0.038692689409356315 -0.29758497653759586 0.6844361101596773 -0.012729713636869826 0.7289617037267553 17.100093777884343
0.6901271114554969 0.04440104524669582 -0.7223248003599855 -2.7441757114143805 -0.020654879124275896 0.9989179522692776 0.04166894050148308 -0.2846502399786318 0.7233933549614996 -0.013837334105797247 0.690297459203198 17.39421523387659
0.6494982005805617 0.04432307996740485 -0.7590701891293158 -3.0989642791187273 -0.01782855501695412 0.9989128472464692 0.04307280153369321 -0.2740437913041104 0.7601540831098786 -0.014442582461475612 0.6495823132931065 17.651062121014412
0.6077349347047463 0.04313909207519866 -0.7929673813432334 -3.508994666641551 -0.012445719021522984 0.9989182328685607 0.04480477787904632 -0.25780838059508954 0.7940424127321257 -0.01736037953735212 0.6076144040465663 17.9104650051169
0.5635551970814638 0.04324428438301427 -0.8249457386462901 -4.005063239096652 -0.007594297642069074 0.9988578695558326 0.04717290609776467 -0.24046962946064804 0.8260435015698607 -0.020319652914994702 0.5632399535008307 18.19762419672873
0.5169024365168006 0.04464474919342611 -0.8548793584433131 -4.4376058349382665 -0.00555585117147104 0.9987930653839089 0.04880107641001843 -0.22080801398263353 0.8560262867697205 -0.02047581281590739 0.5165266086551324 18.419061629569352
0.4674310734886359 0.04420011122458037 -0.8829238595173401 -4.917114576942707 -0.004174497176582696 0.9988485196821113 0.047793391825427946 -0.19720637926538892 0.8840196633053953 -0.018654353287930147 0.46707734904705533 18.629012089141927
0.4153564619614491 0.04320290097310888 -0.9086322241998545 -5.449259603254552 0.0010581103567674102 0.9988479239792623 0.0479760895112551 -0.17643526255383346 0.9096581170469158 -0.02088861196505918 0.41483222630460237 18.833237416401833
0.3618689656748566 0.042314255993049 -0.9312681436735413 -5.993910244353694 0.006388842475779916 0.9988332962145727 0.04786678456876418 -0.15442624252589138 0.9322070769808762 -0.023271229294722112 0.3611764326667552 19.012478476338107
0.3085461842542798 0.04123154942160405 -0.950315322150715 -6.533684483157048 0.008877653565702233 0.9988917649572959 0.04622152277529256 -0.12730229223500608 0.9511679344097401 -0.02269804469097157 0.30783820314885396 19.14591942748171
0.2555766729397884 0.047130693901982774 -0.9656393021938087 -7.100568461410167 0.009646052299414929 0.9986369970148717 0.05129426740053037 -0.09877072388518351 0.966740667358142 -0.022424225414443416 0.2547736960333556 19.25580059892487
0.20449094614005628 0.05219330565857393 -0.977475990391158 -7.708259218473758 0.012027213092950996 0.9983681267221391 0.05582499163049072 -0.06969909215758985 0.9787945642942455 -0.023172017386457543 0.2035295028203042 19.34857668840969
0.15636730862091244 0.05337142253428974 -0.9862559282718245 -8.311543546196898 0.017587114724145064 0.9982302183101981 0.05680778686108928 -0.041902509484271856 0.9875423829843113 -0.026228276898063722 0.15515192329012975 19.41907190487377
0.1123697497925243 0.05478455542154523 -0.9921550744812169 -8.948065833010212 0.019953857305187898 0.9981532310910959 0.05737569904629046 -0.018388229446958303 0.9934660955011045 -0.0262446137268191 0.11106906563089604 19.46173257667894
0.07201342336501707 0.053144454910822744 -0.9959868140530186 -9.609967448871119 0.019986404902367215 0.9983020696253385 0.054713082538322404 0.009929536932488159 0.9972033947366653 -0.02384627211951968 0.07082898299193854 19.480088970470245
0.03661384518505982 0.04891898050736358 -0.9981314340741326 -10.277454770590925 0.01742095773334885 0.9986181191266034 0.04958187555648408 0.04457959441266816 0.9991776301401154 -0.019203788640942354 0.035711033720919404 19.476234341977293
0.008233760806814091 0.049045733791830824 -0.9987625950043368 -10.96728172468155 0.015129822689012282 0.9986760095774596 0.049166211566905475 0.07698175225472478 0.9998516358182223 -0.015515923796652523 0.0074808061304411175 19.454886235883578
-0.012728973531238308 0.05316888937705512 -0.9985044028121515 -11.695173082748152 0.013838672983659393 0.9984990331462108 0.052992187500935206 0.1096792324233956 0.9998232165552529 -0.013143439751199644 -0.013445654636878943 19.425474058405943
-0.025478329989793064 0.05914055426521627 -0.9979244708604624 -12.436491251771706 0.015216515622549543 0.9981558206341337 0.05876576713111617 0.14269125693734436 0.999559559182563 -0.013687679693902824 -0.026331256547252404 19.392281423826866
-0.03363314486075147 0.06190660701082474 -0.997515104434606 -13.221227205629093 0.014972014917248134 0.9979989826931651 0.061431826545576634 0.17558801932128498 0.9993220953907169 -0.012868665502507369 -0.034492710999444454 19.361704846076947
-0.03733599458990666 0.059024117919454125 -0.9975581070854033 -13.976329738349945 0.016056622503371257 0.998160684421078 0.05845881413294165 0.21111592156783607 0.999173762856975 -0.013834795982448054 -0.0382150498934304 19.32323991651994
-0.03658723253360267 0.05512768390810632 -0.997808755665363 -14.75732277897016 0.02353364710217474 0.9982478997263697 0.05428902417581355 0.24947303282342387 0.9990533228359747 -0.021495793979745884 -0.0378204834921231 19.29857894738244
-0.03256738195880513 0.053303389251023285 -0.9980471503524787 -15.538168850666905 0.0353494820931477 0.9980135218148325 0.05214810054547633 0.2924072284066773 0.9988442219626118 -0.03358212276061133 -0.034386934768829376 19.29110432251599
-0.0269614572616957 0.05362229202046043 -0.9981972398382988 -16.366042046623285 0.03576359345137163 0.9979727191795343 0.05264425093826827 0.32662198141648613 0.9989965191159429 -0.034279754548112114 -0.028824524668248037 19.268088290255104
-0.022165371533991958 0.052397707234869285 -0.9983802765385987 -17.16662079130806 0.03399203708466815 0.9980877333813858 0.051627685290375945 0.3545109872405358 0.9991762796021503 -0.03279263255880011 -0.02390409024139788 19.252983239085655
-0.019086811631583298 0.046043565478478245 -0.998757069411661 -18.047227087743043 0.037623001507235444 0.9982646195606577 0.04530186630814926 0.38987419522967953 0.9991097053774058 -0.03671157053905417 -0.020785985885423994 19.238754190844844
-0.016914631837531238 0.03512073500121492 -0.9992399257449509 -18.924243098608613 0.03539541668167342 0.9987775262224694 0.03450532699243088 0.42573115162359776 0.9992302335836978 -0.03478486863419638 -0.018137067193188167 19.21765827481002
-0.01619633715085452 0.026672266703333815 -0.9995130158491194 -19.80516205877663 0.02763982570005185 0.9992740645500848 0.026218008178025814 0.4543173024632286 0.9994867276248177 -0.02720172984312769 -0.016921796458263607 19.186940314518157
-0.01740989056758723 0.023824169811520753 -0.9995645575165302 -20.744394730566565 0.021949575611896355 0.9994842594486578 0.023439949761575457 0.479486885581276 0.9996074788840279 -0.021531930873922057 -0.017923841997695946 19.152162721215685
-0.020637137843798375 0.0300542617861631 -0.9993352039681705 -21.709159082848615 0.012506295291908233 0.9994776315298075 0.02980027935501945 0.4972593833353909 0.999708808163501 -0.011882988683592067 -0.021002225126352032 19.108033703494463
-0.025402755805673912 0.03817989069449703 -0.9989479445616941 -22.67233112894205 0.007572308409599473 0.9992490922016571 0.03799884050222013 0.5207973438122994 0.9996486183368771 -0.006599066655179963 -0.02567279058562373 19.06687902569357
-0.02996259957975632 0.04784255250905141 -0.9984053950153924 -23.665531310683512 0.005916336315363124 0.998844851193464 0.047686058852765556 0.5552302757822962 0.9995335109895149 -0.004478103809041938 -0.0302110409494402 19.028564412265222
-0.03137577663726316 0.057646084247449 -0.9978439204661942 -24.65774653449697 0.00454358980041907 0.9983333527319622 0.05753149237317082 0.5990950547380339 0.9994973318784469 -0.0027286982051313666 -0.03158540444526908 18.983791073634812
-0.03250763486756536 0.06529204624690971 -0.9973365542143777 -25.659269299574877 0.006543460882024915 0.9978564556874584 0.06511280183303224 0.645202684775549 0.9994500671844504 -0.0044093695415229435 -0.03286518926225502 18.948931820080645
-0.03403518806257288 0.06618075315349065 -0.9972270122121552 -26.621466423159877 0.007397529398905318 0.9977944537806237 0.06596593487109875 0.6933352060153127 0.9993932571977547 -0.005131853141160632 -0.034449695949310556 18.914397385848627
-0.03570935586428009 0.06336579284523053 -0.9973513012980199 -27.63569823157617 0.0062810903373732175 0.997982319392577 0.06318099464225864 0.7456458885268651 0.9993424787368602 -0.00400830100000998 -0.036035312058609534 18.868498738339156
-0.038426309482709545 0.05841924573739335 -0.9975523096394561 -28.648033136341482 0.006015139285742725 0.998285045867041 0.05823044991764978 0.794508269034982 0.9992433321463355 -0.0037628347974426072 -0.038711810024526463 18.820038760051244
-0.042940038077443815 0.05329633134038188 -0.9976550777676441 -29.674707592505044 0.006108071607070737 0.9985714553817192 0.053082388398386124 0.836964504565509 0.9990589795358181 -0.003814388875094086 -0.04320423412536093 18.769000845652197
-0.04867060943975527 0.04858757232306723 -0.9976324070480638 -30.71972906858261 0.006220054898762273 0.9988114966985203 0.0483415450716764 0.8814757305154143 0.9987955159560035 -0.003852515880725416 -0.048914981626998366 18.716086200462836
-0.05541394687330226 0.0467653726853749 -0.9973676826574646 -31.776086560259454 0.005390791387658255 0.9989019834139676 0.046537800762985596 0.9178001256256982 0.9984489139961731 -0.0027977578949181254 -0.05560520380885102 18.647554545553298
-0.061830022838092934 0.04920252313089311 -0.9968731915310969 -32.810650246206094 0.005752024843032919 0.9987851511079571 0.04894012807972081 0.9561266478677589 0.9980701190227297 -0.0027080701261720497 -0.0620379228387421 18.57468549434965
-0.06807463200184044 0.053990610128178754 -0.9962182785392973 -33.913016780895724 0.004387059996538577 0.9985411930851359 0.05381672060520916 0.999114085945937 0.9976705860064234 -0.0007069159068547755 -0.06821218430383158 18.489597688008498
-0.07401860983694145 0.05691043309224791 -0.9956316829044058 -34.99318828163932 0.0015927605868311626 0.9983758252645131 0.056948877435068185 1.0422295332276874 0.9972555883581296 0.002629473835987624 -0.07398903537569745 18.394063243786864
-0.07877746767128148 0.05929392076542534 -0.9951272991670782 -36.05382499910718 -0.0013577439529171456 0.99822226340101 0.05958581527445817 1.0853195461805432 0.996891301556322 0.006045147709277502 -0.07855691612146269 18.300361847624632
-0.08121016370328199 0.060664296045225476 -0.9948491104165612 -37.13014404553578 -0.0058341891940136715 0.9980999533229437 0.06133877577181465 1.130303846993639 0.9966799243226151 0.010785469951454449 -0.08070193362114508 18.19201173402656
-0.08276098991797715 0.0618612714859637 -0.9946475766008461 -38.2151411123063 -0.009814985780949533 0.9979725328650838 0.06288473344912686 1.1831944951735391 0.9965210908966832 0.014966854612371142 -0.08198602723083932 18.087733467191665
-0.08448787738965417 0.061350332059569204 -0.9945340292470495 -39.247563636147326 -0.011170687769997375 0.9979816969671105 0.06251198487802656 1.2323337328099073 0.9963618892294783 0.016391134031114914 -0.08363202984645332 17.998774675094666
-0.08573383020909442 0.060401447556437574 -0.9944854827953824 -40.31926851556542 -0.01161518735042753 0.9980322063758496 0.06161819909220661 1.2857390359645016 0.996250369024018 0.016833899418710205 -0.08486354959503013 17.897254718043808
-0.08664146198295643 0.05977376881749396 -0.9944447463920801 -41.35571597153148 -0.012714188520372816 0.9980507769814884 0.061098248558485946 1.3293948471366726 0.9961584243862639 0.017937199558428596 -0.08571260348558313 17.794654169949872
-0.0876179619193013 0.05894589220806058 -0.9944086054237983 -42.42080091797179 -0.014801057726961287 0.9980604848975582 0.06046649631170166 1.3759046344030579 0.9960441864893699 0.020016250344297035 -0.08657556400557505 17.693381179281307
-0.08836325067802213 0.05648981044029397 -0.9944852121806701 -43.46005816628276 -0.019285498220880118 0.9981064313064688 0.05840908613423423 1.42151023951615 0.9959016043204193 0.024340359510155507 -0.08710649465413559 17.58795975545379
-0.08874782001176072 0.05175921433972166 -0.9947084035907683 -44.54344459793166 -0.024341358011170218 0.9982380013281241 0.05411460980735856 1.4616945774774586 0.9957566583926676 0.029015107019712688 -0.08733155690414823 17.478125040851005
-0.08813937098385474 0.051113234234851035 -0.9947959029713701 -45.59903000836163 -0.02575062659383924 0.9982319476459992 0.053571297621936846 1.506398783514603 0.9957752540169867 0.030338358309683372 -0.0866673381527217 17.380753065846154
-0.0867375758848687 0.05503226026454176 -0.9947100297372056 -46.430708172514166 -0.02673936779760544 0.9979847545865498 0.057545076441053514 1.5470822642869353 0.9958722805357123 0.031589237771716724 -0.08509125053494601 17.30945727018642
-0.08499458736823044 0.05821531136380029 -0.9946792938635649 -47.49923044510177 -0.026761922679247273 0.9977981632764905 0.06068463443550037 1.5928067037735432 0.9960219473548833 0.03177739581646237 -0.08324948950299742 17.211959969173495
-0.08393531013300602 0.057738363653154164 -0.9947970371264343 -48.50562335182566 -0.024755487009228673 0.9978909591023817 0.06000666300222851 1.6425254180930533 0.9961636560203407 0.02966336299854155 -0.08232894581983168 17.13568545719007
-0.08121789202489305 0.05695323089805024 -0.9950678285952702 -49.66246190128646 -0.024449356480857207 0.9979517924621955 0.05911386376444504 1.693977450542427 0.9963964487003678 0.029129871468353337 -0.07965907108128027 17.02956424089918
-0.07726731097274918 0.05739501062334173 -0.9953570090226858 -50.59980651097948 -0.028893401871701318 0.9977934208116804 0.05977843016677064 1.738132869146728 0.9965916585960977 0.03337816862066586 -0.07543847742504872 16.94878002686176
-0.07171841569380966 0.058511620293865654 -0.995707215571403 -51.70269174181017 -0.03373427480397779 0.9975644480893209 0.06105055783280479 1.7821536611764397 0.9968542860186838 0.03796791011938146 -0.06956989469121666 16.856495863355647
-0.06605431035571563 0.058266993358373605 -0.9961133397201375 -52.793847354359194 -0.03738357353479313 0.9974481954680633 0.060824055991615146 1.8286017515967754 0.9971154880520108 0.04125596735597985 -0.06370752423633211 16.775032645800113
-0.06006030595231645 0.05736745082529225 -0.9965448987550545 -53.750849609152375 -0.038963057174969125 0.9974515924142512 0.0597678924327525 1.8746994294662311 0.9974340278055961 0.0424181137732534 -0.057672036546537284 16.70603162485935
-0.05393971039323939 0.05660885928482017 -0.9969382852981247 -54.838126210632616 -0.03859104232437312 0.9975276849313524 0.05873030944762283 1.924183346998495 0.9977981955761457 0.04164078344563812 -0.05162175954984091 16.629593558121947
-0.048954178578592515 0.05656216173200307 -0.9971981800323836 -55.92607517026179 -0.03661294754926409 0.9976225960128907 0.05838362780997719 1.9652356134866205 0.9981297413019262 0.03936848720362309 -0.04676688725848749 16.58011945098266
-0.043867599819525385 0.057367459995645846 -0.9973888951756592 -56.9457605263522 -0.03558782972547979 0.9976265992948616 0.05894637185440948 2.0069888689838042 0.998403295297799 0.03808074202291806 -0.041721901029072875 16.539180174410244
-0.0381921108624044 0.05904313626847965 -0.9975245714905752 -57.87966566705815 -0.034603416847304 0.9975760327656519 0.06037103936519022 2.0468833550477825 0.9986711001177342 0.03682345599103073 -0.03605644018079315 16.500210017106355
-0.032553896802957026 0.06011455154581054 -0.9976605056307424 -59.02303005137103 -0.03553784011647725 0.9974887505388021 0.06126381042992292 2.1032549739584607 0.9988379777135019 0.037449075302120945 -0.030335804525642156 16.45354527119977
-0.027047099935652512 0.059140443690540036 -0.9978831907117971 -60.19539431179128 -0.03520048548232581 0.9975729458701372 0.060076147427937945 2.159195923261951 0.9990142042067668 0.03675085833094014 -0.0248996828305059 16.411582227124363
-0.022312263560798806 0.05490809496773682 -0.9982420868716201 -61.25707109150919 -0.03519764593748784 0.9978285155708116 0.05567206870782052 2.198935151457236 0.9991312669590782 0.03637794140359025 -0.020331177142120405 16.38462584328308
-0.01800238180262922 0.04973240432799056 -0.9986003215547196 -62.406595761203555 -0.034923139558000846 0.9981214586922526 0.05033813684932012 2.2406282590658515 0.9992278461756582 0.03578046475111461 -0.01623175188787398 16.35967239971662
-0.014408859896201331 0.04914420452251083 -0.9986877549656553 -63.4631780465144 -0.03488462170006859 0.9981586908346008 0.04962147801302508 2.280710915958419 0.9992874701132476 0.03555383345299996 -0.012667951746893084 16.34220546652822
-0.011349912883918525 0.051601099209818015 -0.9986032776022046 -64.58367388830678 -0.034171650683693114 0.9980642698817271 0.05196163464523636 2.3190413143680155 0.999351528625978 0.03471368240034313 -0.009564647778617031 16.32782253506584
-0.0089926627532798 0.05110324946659126 -0.9986528875993705 -65.68923070758999 -0.03456538992958565 0.9980805545560636 0.05138521612365396 2.3618687951811235 0.9993619793826566 0.03498091638328345 -0.007208998083247714 16.30963507380943
-0.008096669808674762 0.050970494394100785 -0.9986673383260464 -66.87272132091712 -0.03633884146828039 0.9980254180745112 0.05123234796433423 2.404908635502731 0.9993067259549253 0.0367052254919702 -0.006228473555466973 16.2929852246945
-0.007370626614955381 0.05202430831014063 -0.9986186184966481 -67.99441162006637 -0.03745750466069947 0.9979305149456275 0.05226492786704032 2.4422445289396566 0.9992710389118141 0.03779098682496511 -0.00540667244233777 16.279583517576434
-0.0062402510776537615 0.051726287177413496 -0.9986418028909702 -69.21004778267928 -0.038140694375053304 0.9979222604539072 0.05192734850877309 2.4840384378396667 0.9992528942660492 0.0384129314867084 -0.004254408950822364 16.263318234762405
-0.004967729893660799 0.04972340550173589 -0.9987506718921462 -70.39551576256659 -0.03860602192987835 0.9980088729214635 0.04987849878232709 2.5236480870604376 0.9992421612054072 0.03880557325100092 -0.0030382156289225776 16.24781578626815
-0.004421034829834241 0.04854745922547961 -0.998811092576461 -71.488663519815 -0.036873131047984904 0.9981336831042963 0.048677745011136725 2.559448614864919 0.9993101753998861 0.03704449831488493 -0.0026226869517672 16.244097838784036
-0.0038791807345883575 0.04823362622604739 -0.9988285484796248 -72.68383025609027 -0.03368882310509769 0.9982627829115743 0.04833714360025217 2.6020883271858475 0.9994248421740484 0.03383686679827078 -0.0022475076538806178 16.234581670616706
-0.003541286660790082 0.04902798201551408 -0.9987911274477124 -73.90135543702954 -0.03136168325809837 0.9983006319599322 0.049115100036727026 2.6412139506211076 0.9995018279683157 0.03149770162861763 -0.001997668668663901 16.222647447082636
-0.003441856716314054 0.052025572749436845 -0.9986398216586585 -75.08822652012513 -0.031148698639068606 0.9981555721060611 0.052107700455051066 2.6755462909628323 0.9995088354764236 0.03128567809260175 -0.0018149795726825789 16.210717798087263
-0.0032363361081783107 0.05572869411450308 -0.9984407036879491 -76.33049034768491 -0.03338026095762948 0.9978834961053699 0.0558057916252771 2.718908214292101 0.9994374839413394 0.03350881753830539 -0.001369248037831223 16.198196078295005
-0.00300272695544304 0.05589025973831766 -0.9984324025677523 -77.54080498705999 -0.03574301053844503 0.997792912644925 0.05596195737467398 2.759193593174572 0.9993565033702835 0.03585501836479253 -0.0009984135319260521 16.19216336491776
-0.002687664375357091 0.054183321075383276 -0.998527387795371 -78.69893493945062 -0.03690403331397693 0.9978454299253828 0.05424564777185274 2.796337449030906 0.9993151999171064 0.03699548207915339 -0.0006822905280956901 16.179855593401697
-0.0020845808670137797 0.05191978128410822 -0.9986490829285425 -79.88616346821082 -0.036752822177403575 0.9979725700307175 0.05196132723747475 2.836472271741973 0.999322212594419 0.03681148975108385 -0.0001721560362662942 16.160772603532088
-0.0021565345812803996 0.051412502327944046 -0.9986751744000542 -80.99458294753825 -0.0348636564813179 0.9980665102960142 0.05145645229014509 2.869913679105777 0.9993897512058809 0.03492843583549753 -0.00035993712386501016 16.155504965086966
-0.0017844740708569777 0.05296869950269864 -0.9985945786580672 -82.23328058288274 -0.033564596248312664 0.9980303354174638 0.052998749656872624 2.911240542296783 0.9994349571287661 0.033611998742962564 -3.0862428750506077e-06 16.13923596217365
-0.0009734385494892306 0.055689190498455 -0.9984476783883153 -83.35721385355505 -0.03309386750175656 0.9978994548846464 0.05569087784099967 2.9536739401742027 0.9994517738996548 0.033096706823364776 0.0008715768937367697 16.120521435056187
-0.0006949738321368614 0.05796695139278058 -0.9983182606551877 -84.52121007447671 -0.03352628983898273 0.9977559320563351 0.05795763915158848 2.99796568604106 0.9994375943004173 0.033510186400857817 0.0012500025498379309 16.11809192609109
-0.0004997588606976425 0.05828748496166557 -0.9982997141830324 -85.72574743402092 -0.03484562415682026 0.9976925629886493 0.05826947944045008 3.042696557106246 0.9993925818807158 0.03481549732494174 0.0015324580954146228 16.107614840722828
-0.00022781129780231142 0.05630383127595526 -0.9984136550977559 -86.89773080960003 -0.03434342133499926 0.9978242669573124 0.05627842998972405 3.0852355847441326 0.9994100647447072 0.034301761685813205 0.001706350559050465 16.102274351644624
6.111928088935982e-05 0.05495617637802845 -0.9984887655563983 -88.04060582903396 -0.0327373851379595 0.9979536755717526 0.054924721457256645 3.1289282288138844 0.9994639862840295 0.03268455431446715 0.001860115722808828 16.09807799343289
-8.26083528755602e-06 0.05596250592083632 -0.998432870984734 -89.15653622068987 -0.031171203382119612 0.9979476781101148 0.05593556859763379 3.1714626278651594 0.9995140599368623 0.03112281615937774 0.001736174772436839 16.100261980625618
0.00043936763127543587 0.05871729219527457 -0.9982745546959206 -90.34632302588457 -0.028824195999760105 0.997860608021156 0.058680258048304366 3.2194569996738083 0.9995843999788374 0.02874867922014724 0.002130906390500907 16.093537370315925
0.0004988352229879269 0.06132539205114083 -0.9981177022041006 -91.4938648341879 -0.027442917682116152 0.9977427468976419 0.061288639096002774 3.264505855125383 0.9996232477451258 0.027360689006700075 0.0021806569115160783 16.09275222014965
0.001008693111232644 0.0631121655737398 -0.9980059303905963 -92.62546865306136 -0.027780983604248844 0.9976230097143005 0.06305987185651869 3.3132949942630745 0.9996135250626553 0.02766197833078749 0.0027596134945385422 16.084757618835365
0.0013241367830679309 0.06504355593214771 -0.9978815473258742 -93.8101827190639 -0.03027396168536868 0.9974276379240499 0.0649737974042052 3.3668998246124593 0.9995407615028277 0.030123793535201518 0.003289856743993632 16.07746288912224
0.0014866867352475441 0.06431778952316852 -0.9979283600105792 -95.00879070795939 -0.03227690088291337 0.9974125919474769 0.06423646234040159 3.421713618864013 0.9994778594005702 0.03211453526782916 0.0035588189874644328 16.072644781340557
0.0016466593281273367 0.06040267486860503 -0.9981727332389791 -96.12072476339026 -0.03468792297403182 0.997576826801592 0.06030939087914364 3.4687335764545137 0.99939683635321 0.03452522986430781 0.0037379125206439888 16.06344401956216
0.002160356858909983 0.05864852877525234 -0.9982763559910353 -97.31085716864312 -0.03607742877965078 0.9976333718525098 0.05853267889683723 3.5196042686379765 0.9993466625705474 0.03588879266135084 0.0042711322174793665 16.05414487272781
0.0022476052651400876 0.0569559709115248 -0.9983741611480624 -98.38677100096513 -0.035964497022620265 0.9977354020455995 0.05683856489052897 3.564286034702972 0.9993505407135587 0.03577827388835965 0.004290908189122177 16.049478197200273
0.002475829748198557 0.05732029676320059 -0.9983527702400771 -99.5882211495333 -0.034799911801539594 0.99775606054147 0.05719973593794284 3.615176663930968 0.999391232904143 0.03460097154335325 0.004465015407931258 16.04716718498457
0.002462279649207233 0.05927266218377746 -0.9982387934239865 -100.69097030125356 -0.034896353527899125 0.9976389164508953 0.05915096696706043 3.6672277001662854 0.9993879035136382 0.034689247618393086 0.004524865775338862 16.045076965425576
