0.9999785821571884 0.00043890807620566803 -0.0065301291411373665 -0.06979546141996988 -0.0004370614958650332 0.9999998641029724 0.0002842028953236134 -0.006947358128327141 0.006530252992658265 -0.0002813427403000559 0.9999786380928917 0.9975371206987824
0.99990709187912 0.0009200787988641587 -0.013600039148657839 -0.1547668637624463 -0.0009166648875959416 0.999999546772916 0.00025725366210534303 -0.025991923338254605 0.013600269678392184 -0.0002447630827935014 0.9999074820980731 1.9937384784450936
0.9997703545461294 0.0010211080226782228 -0.021405501842111065 -0.20736540636907008 -0.0010319449743431434 0.9999993449183693 -0.0004952296461075077 -0.021032417389297377 0.0214049821367953 0.0005172052189199184 0.9997707533422274 2.992341891084566
0.9995397196788518 0.0017012654648327378 -0.030289511058127 -0.3693355466163448 -0.0017558397319407484 0.9999968827559479 -0.0017752479328165417 -0.046673856577724875 0.030286396470329192 0.0018276143481048225 0.9995395910191035 3.9788043440958036
0.9990341194965057 0.001573830905992141 -0.04391299509394762 -0.38785127385378104 -0.001762658029015791 0.9999893656773262 -0.004261639230583847 -0.012303580428335662 0.04390582100945693 0.004334926589718575 0.9990262695709995 4.978041967623773
0.9985280175384813 0.0015970638999162833 -0.054214828023059505 -0.6742168402098494 -0.001811214852686051 0.9999907502599065 -0.0039011402675412153 -0.07154023147340238 0.054208096179701265 0.0039935925592386535 0.998521674039699 5.934329458750785
