0.9989726071563853 -0.0005097515631959307 0.045315232588151656 0.03579846552339615 0.0005488903563544003 0.9999994870361901 -0.0008512618476245405 -0.02108482824084892 -0.04531477541101978 0.0008752603614578418 0.9989723745173079 1.0343496383139748
0.995557012836531 -0.005395187524521206 0.0940059899345693 0.15567752018507272 0.005933574428282072 0.9999675523080356 -0.005448580143477081 -0.03813743405726694 -0.09397354354554867 0.005982163709821589 0.9955567220559768 2.0085978064456578
0.9907595070021957 -0.004584267239253722 0.13555288185296915 0.29903300363338703 0.00595510370537653 0.9999351322915174 -0.009709168296182092 -0.06352323650269513 -0.1354995794260046 0.010426682263523805 0.9907225384901419 3.012212348964193
0.9152168388402949 0.03730941917348813 0.4012307878816312 -5.519539313773659 -0.059495873752978344 0.9973030655022618 0.04297483619701797 -0.3728131769165523 -0.3985453285506519 -0.06320287003552781 0.9149683154676583 4.558074143429193
0.7310162482544809 -0.20809015542780962 0.6498567011287743 0.19441838221066732 -0.5233967953441351 0.44004400430040047 0.7296691503022162 -3.483374828939394 -0.4378025118834204 -0.8735329195246727 0.21276559659697886 4.310874342852718
