0.9990467583145752 -0.0007422843761397385 0.043646577357723024 0.031093134938286592 0.0008481277392490955 0.9999967446128744 -0.0024065417078610427 -0.02798456626211706 -0.043644648932906746 0.002441265564967762 0.9990441355825901 0.9991246573934697
0.9960438652628401 -0.004911903200789831 0.08872706283433024 0.13128140325768956 0.005575454925191061 0.9999583033186716 -0.007232283624184118 -0.04607276250116683 -0.08868783893318334 0.007698365475186901 0.9960297196340941 1.9939287225497089
0.9909983932649983 -0.0044574530393439215 0.1337995353452077 0.2886101629167801 0.006002184871157011 0.9999198895121917 -0.011143981994724723 -0.07097633408566131 -0.1337391428227498 0.011846757798163111 0.9909457583574937 2.98116095130965
0.9838044470072559 -0.0021082781083804113 0.17923271244994524 0.49940505144115843 0.004566826338145118 0.9999010479695961 -0.01330557651891871 -0.10973351221647148 -0.1791869251534392 0.013908610021181156 0.9837167256996978 3.95792263980461
0.9743684564630057 -0.004607339569245354 0.22491083449223315 0.7309398948868165 0.007781379466372407 0.9998822273614613 -0.013228058825228876 -0.14139438114565925 -0.22482339999096912 0.014639119808822655 0.9742895539764983 4.930233909712781
0.9628555418681409 -0.005503635183591028 0.2699609517940953 0.9993425407964378 0.009749586592539718 0.9998489305629542 -0.014389635624010341 -0.17213657162858662 -0.269840973640184 0.016487148082162565 0.9627637419912708 5.893050059037706
0.9494974891642465 -0.008085351813655724 0.3136704403619193 1.3219160634312523 0.014127596023968956 0.999755765514426 -0.01699471539179711 -0.20215268717320556 -0.313456422970362 0.020567848859665984 0.9493798157175616 6.839118426238262
0.9344306850002823 -0.010201348247312492 0.3559989149194691 1.666071625017421 0.017995851403881397 0.9996652286115737 -0.0185897831407529 -0.23504696432823843 -0.35569009581678235 0.02377736736705422 0.9343014462896547 7.777454675120001
0.9172300858530221 -0.01004234778945655 0.3982312404331586 2.0673583199534775 0.019286718182014606 0.9996293479899274 -0.019214295173143447 -0.26926889397521614 -0.3978906785887604 0.025304503316776118 0.917083796609703 8.692767653268737
0.897778698118276 -0.010574652945945213 0.44031986773268056 2.507458361390904 0.020585887491456116 0.9996266490952148 -0.017966180864660477 -0.2919560593111898 -0.43996548778426 0.025194029724230176 0.8976612002448434 9.590429753266902
0.8759919345903003 -0.01039051262299104 0.4822138195657334 2.9882784559314324 0.021243070281747926 0.9996289333152107 -0.01705073734766017 -0.3166832725507809 -0.4818577201807056 0.025180010455232923 0.8758876095571435 10.46690028994329
0.8521613574431685 -0.010422797624255412 0.523175292010526 3.51765437211697 0.022049341424189683 0.9996288485887916 -0.015999737866803747 -0.34161974635504183 -0.5228143527327604 0.025170028977550597 0.8520748923761887 11.314921110443391
0.8265347886547969 -0.010776676584477538 0.5627824680861719 4.064712522066718 0.023737779957878166 0.9995945936995726 -0.015721515488594816 -0.3828004913656774 -0.5623848868400014 0.02635358587328 0.8264555206213933 12.15100216290427
0.7994114239697492 -0.012322992748341845 0.6006575722292875 4.669884702425229 0.027034603614655005 0.9995147203017889 -0.015474304748065562 -0.4073972526737523 -0.6001753955587118 0.028608875366952773 0.7993566330594759 12.946716704375618
0.7708725147480219 -0.011446269277561068 0.6368866060184386 5.315434027897316 0.027812960754057512 0.9994898272721423 -0.01570109529927671 -0.44664348906565315 -0.6363819648765618 0.02981724499562753 0.7707975912525393 13.709426217846003
0.7403522292231006 -0.01467425701330558 0.6720589578790631 5.986920315501566 0.03275570672451721 0.9993616052291311 -0.014263438254233476 -0.47778769280709404 -0.6714206135958013 0.03257373443377909 0.7403602578904912 14.449788428802732
0.7086746783879326 -0.01393170398323021 0.7053978365687575 6.704272470083009 0.03323903215581497 0.9993541308230198 -0.013656059032957834 -0.5120007445388244 -0.7047519896765845 0.03312444461557927 0.7086800436133394 15.145658641868549
0.6750101962500961 -0.012638318721342657 0.737700147660487 7.469238251171028 0.03424414106110654 0.9993124170923626 -0.014213790768401294 -0.5465973572548859 -0.7370132792300241 0.03485636161332123 0.6749788591457421 15.788799705848987
0.6402354074919807 -0.013990549719916392 0.7680513573401921 8.268731831911227 0.03872334139439183 0.9991507818834645 -0.014078987638148306 -0.5915240791879636 -0.7672021414365514 0.03875538130629475 0.6402334688181907 16.38779186279107
0.6037190461168178 -0.012128915653290988 0.7971048881802659 9.05871443724651 0.038568605032921595 0.9991577636570349 -0.014008070162881157 -0.6268407233208559 -0.796263634772814 0.0392001623587079 0.6036783673525474 16.999903142823044
0.5658178539677807 -0.010774213951157621 0.8244598670918004 9.866426214529545 0.04166671327395189 0.9990107052983358 -0.015540132054421247 -0.64386657902489 -0.8234768006059677 0.0431454170574031 0.5657070194461986 17.589234801309132
0.527523968269641 -0.009076611954840297 0.849491658591461 10.729095866950884 0.04632848396625816 0.9987623030018395 -0.018097891475259715 -0.6669927947767684 -0.848275977777538 0.04890273221286685 0.527291559109074 18.094473605100713
