1.0 0.0 0.0 0.0 0.0 1.0 0.0 0.0 0.0 0.0 1.0 0.0
-0.4686529457029587 0.3888149073196986 0.7932133283864524 -0.08417210187518157 -0.23539810902894898 -0.920427141605389 0.31209230567530555 -0.036263246803373735 0.8514412174363741 -0.040457939172769464 0.5228871851636431 0.002289830204657417
-0.46327296640117893 0.3886314971581825 0.7964569781340621 -0.006082765292805811 -0.23275121785590086 -0.9205242821508316 0.3137864186947731 -0.004130964885607213 0.8551052737461319 -0.04000756662540363 0.5169084690970608 0.04444506823366081
-0.45743755543947184 0.38904805052820746 0.7996202206383738 0.0733698100635309 -0.2302020400152043 -0.9203713064940171 0.31610706881582795 0.029098474688899482 0.858928346048958 -0.03947496121211211 0.5105720554347879 0.09131792585317866
-0.45036331866864043 0.3899808001351543 0.8031736155550141 0.16240544514802596 -0.2267492526180728 -0.9200305445244256 0.3195756148069416 0.06354641981601555 0.863572612832826 -0.038193882599629386 0.502775864274581 0.13365596000468818
-0.4414182865590324 0.3912270934004888 0.8075216762915367 0.26229804661561895 -0.2229318375771598 -0.9195435188828723 0.3236373165674438 0.1034412408926608 0.86916701046793 -0.0371628614332964 0.49312029936348295 0.17348477353393504
-0.4171357803810338 0.397783545541275 0.8171694999340826 0.24938706129210694 -0.21722394919313648 -0.9167076264029659 0.33535188025651286 0.07931138272299978 0.8825029725858399 -0.037621517662814304 0.46879966380737004 0.2984925954590324
-0.40493563975570146 0.40222855695572224 0.8211207679902869 0.3833269664166279 -0.21210623278458116 -0.9148681685646628 0.34355084072240805 0.09864044889454872 0.8894032120863821 -0.03504885328306431 0.4557779110641152 0.33757267899310045
-0.3794450352871249 0.40720019636383714 0.8307884600048351 0.5164073460710049 -0.2060422624630343 -0.9125825417929316 0.35318506550230416 0.15236138909169936 0.9019800725487602 -0.037163214285168826 0.43017536450722993 0.39479224727831563
