1.0 0.0 0.0 0.0 0.0 1.0 0.0 0.0 0.0 0.0 1.0 0.0
0.9999964712559718 -0.0017483098465752168 -0.0020002220588188624 0.006106024034877362 0.0017466920783968246 0.9999981462746871 -0.0008102554985080615 -0.011514997079775506 0.002001634928622901 0.0008067588672985927 0.9999976712961598 0.5306606650561879
0.9999930309746705 -0.0022375752104665156 -0.0029885212511967 -0.00042539990960499194 0.0022312857446059307 0.9999952925900084 -0.0021062197770906127 -0.02862204433132581 0.002993220008162935 0.0020995368539263436 0.9999933162671546 1.0924255096445874
0.9999845586086663 -0.0026225567149126506 -0.004899463287704805 -0.00702088153039361 0.0026055130123887483 0.9999905440090855 -0.0034818377841975227 -0.03972234157206883 0.0049085482754856824 0.0034690184044278444 0.9999819358694119 1.6008534897517577
0.9999603217627817 -0.00479989769248064 -0.007504390862385294 -0.0011699025865040073 0.004761311154606813 0.9999753967120147 -0.00515129951929065 -0.05298513170040611 0.007528931940371721 0.005115364384884649 0.9999585732574358 2.1524942796250004
0.9999315505876808 -0.007212150508568688 -0.009212981295847253 -0.003929412880079352 0.0071460189177838425 0.9999486109910356 -0.007190952004085844 -0.06320273068774022 0.00926437007802224 0.007124623649017765 0.9999317032602361 2.7289597820384017
0.99990814313693 -0.008493859569664565 -0.010562179607778367 -0.014076584474515106 0.008409083189353635 0.9999322796913322 -0.008045082424040222 -0.07126260976974051 0.010629798134051321 0.007955525181022844 0.9999118546205575 3.2716043418729037
0.9998900766021308 -0.008665617436876376 -0.012030868090964628 -0.022438436844836263 0.008576409980741403 0.9999354932580707 -0.007446778805692898 -0.08231936999666964 0.012094622955128692 0.007342778573290991 0.9998998968388767 3.801082436291377
0.9998675499155689 -0.00896440105164054 -0.013583892653508282 -0.023799807697767364 0.0088590413990761 0.999930362439693 -0.00779664393913396 -0.09903851607888989 0.013652838947491681 0.00767527100560782 0.999877337578797 4.394053271735116
0.9998570552889613 -0.008430971975233136 -0.014655637155686541 -0.03764019218158575 0.008279265272578117 0.9999118356707255 -0.010381457130209623 -0.1183090556862984 0.014741870825393539 0.01025863524806931 0.9998387058158 5.018761779956092
0.9998482814041101 -0.006726475304160001 -0.016067629048166256 -0.05387542996266137 0.0064988270602266175 0.999878359283581 -0.014178571268479821 -0.135705947033506 0.016161046379743454 0.01407199937310323 0.9997703733425765 5.629258921946729
0.9998337463908322 -0.005311889902565905 -0.017443147758803554 -0.06661526885598267 0.005001062993503147 0.999828793684794 -0.017814956854979656 -0.15034304401126106 0.01753479247118287 0.01772476077335848 0.9996891336353113 6.183326631540454
0.9998217868230306 -0.003486383159653726 -0.018553698457881077 -0.08433543474790886 0.003155646078323632 0.9998361340589449 -0.01782545729826166 -0.16390664968681343 0.01861280451276109 0.01776373166110848 0.9996689518763907 6.808590559892703
0.9998077146583951 -0.0010021826318923855 -0.019583905114377284 -0.10912836885983339 0.000786961960347251 0.9999392513055264 -0.010994288945464115 -0.17662889663306944 0.019593733703140128 0.010976763116498353 0.9997477663246137 7.455022527508545
0.9997876631068034 -8.905687367857915e-05 -0.020606328355863585 -0.12239595239050859 7.681063448203177e-05 0.9999998199865068 -0.0005950857758276907 -0.18710311847440808 0.02060637764292528 0.0005933766320073905 0.9997874899720488 8.107582886517719
0.9997699087498837 0.0010437703289882673 -0.02142522115986172 -0.14169573855329295 -0.0009107220558123157 0.9999802489293812 0.006218708585393901 -0.20186528776507656 0.021431288892311703 -0.006197765293500554 0.9997511128084733 8.77568886747278
0.9997364811253829 0.003130459095588172 -0.02274133973377906 -0.16334433804915216 -0.0030103852149216516 0.9999813583514945 0.005312299912258101 -0.2149852517190803 0.022757545735296106 -0.005242439828061643 0.999727268277081 9.432205363664512
0.999708499047879 0.005347817815275248 -0.023543954129477965 -0.1857995054422787 -0.005395150257826917 0.9999835500048625 -0.0019473246694078367 -0.22069302118841308 0.023533152893987892 0.0020737801926044097 0.9997209061285958 10.075666919441705
0.9996824524915593 0.004920691345371298 -0.02471398343335487 -0.20816300913079627 -0.0051241528930204 0.9999534463173163 -0.008176078231720514 -0.21863335358100594 0.02467260094901841 0.008300120168157179 0.9996611279666747 10.800879117472068
0.9996699042764816 0.0027911296863903975 -0.025540009375944386 -0.2326601974728403 -0.002963860621913142 0.9999729757717476 -0.006727797292585238 -0.22068055142874074 0.025520541022154182 0.0068012735035428125 0.9996511614881796 11.560983725501554
0.9996558633476751 0.0020249769242458417 -0.026154432570217843 -0.25010604319765567 -0.001960158212558974 0.9999949446026456 0.002503707038314338 -0.23063478383301833 0.026159370298146373 -0.0024515785951585373 0.9996547789652167 12.316616098719967
0.9996504400627866 0.001748963974782278 -0.026380652139232696 -0.2774966959573396 -0.0014811599163226435 0.9999472110401161 0.010167659435491038 -0.2401947509306295 0.026397042402105823 -0.010125031264582179 0.999600260051143 13.083382278246635
0.9996337084788312 0.0009332481648128054 -0.027047697142664286 -0.2996346086033682 -0.0005896274065306912 0.9999190579093427 0.012709444095406685 -0.24394680427187374 0.027057368910887978 -0.01268884067027702 0.9995533463052707 13.868178783929752
0.9996287253766671 -0.0010104675230774365 -0.02722848429868966 -0.32118994831630887 0.00132675777024982 0.9999318306653866 0.011600592053331646 -0.24172442448435894 0.027214906129514167 -0.011632410651002125 0.9995619219972358 14.677407286469958
0.9996371557083208 -0.0014972092464669163 -0.026894521595485717 -0.3436625369521515 0.0017416236896033467 0.9999573793480943 0.009066765366721246 -0.2392478991993539 0.02687980048850008 -0.009110315678595287 0.9995971580961677 15.498235245664485
0.9996476309668517 0.0012132193418085946 -0.026516824870053045 -0.3677804813333004 -0.001062636965105948 0.9999832352469638 0.005692102221122238 -0.2413309301608795 0.026523286090543035 -0.005661918742261945 0.999632161332915 16.326905754894153
0.9996703618132216 -0.00190553342520982 -0.02560345005243249 -0.38995080351217154 0.001911652154430373 0.9999981497848323 0.00021450629919679033 -0.24898429983756415 0.02560299393161784 -0.00026338048018295646 0.9996721549250334 17.19090300537932
0.9996820728164458 -0.004842234700435452 -0.024744818700474916 -0.4158187358942778 0.004691831338598855 0.9999701883767517 -0.006132623945244404 -0.25955165558241144 0.024773776621734876 0.006014575701538761 0.9996749896196395 18.082121884059738
0.9997138882362263 -0.0038720748579699964 -0.023603997625393145 -0.4475746910687096 0.0036011078306931407 0.9999272568972956 -0.011511426333922974 -0.2726783216558452 0.02364685370185663 0.011423132238746461 0.9996551097052716 18.976794630713993
0.9997226483889694 -0.0026276849236158382 -0.023403452097642753 -0.4740962075993948 0.0023380359406858803 0.9999204442373765 -0.012395111297105542 -0.2888554284217655 0.023434160665245108 0.012336955380877887 0.9996492583130572 19.850710716497197
0.9997081232527428 -0.0023544891763755942 -0.02404422348915944 -0.4856767036185272 0.002071735484703456 0.9999284921512692 -0.011777881650386075 -0.3098389120209956 0.02407023503332985 0.011724630689595651 0.9996415141542654 20.762847886766906
0.9997069165788107 -0.0008516631013001919 -0.024194123551970155 -0.5110826200690283 0.0005346045618986606 0.9999139406609421 -0.013108221460914208 -0.33245268328924765 0.0242032052102302 0.013091445369700612 0.9996213377652976 21.701955031992355
0.9997117310661061 0.002063556122305279 -0.023920629275563498 -0.5424255238051358 -0.002428226200228927 0.9998811293252103 -0.015225995430917945 -0.35371876834804644 0.023886366118130487 0.01527969094818038 0.9995979054390812 22.62348351413768
0.9996958381287162 0.005786916489154985 -0.02397379456136581 -0.5759891421998692 -0.0061712498180418445 0.9998531302001085 -0.015988549175212006 -0.3799775818352741 0.02387774913609629 0.016131634343500255 0.9995847255083488 23.586830093714685
0.9996850390984465 0.00752471398932035 -0.023941622378520863 -0.6039033945912 -0.007908225483097057 0.9998412854510061 -0.015964456689406298 -0.40476419470555847 0.023817694524140252 0.01614876425793499 0.9995858816732537 24.531517138218184
0.9996762532540161 0.008386633078798856 -0.024021928848721397 -0.6366428357954845 -0.008774310514600666 0.999832227734793 -0.016078801506155503 -0.43381663027127687 0.0238830516267249 0.01628437190936678 0.9995821222273397 25.495126237121244
0.9996748453361194 0.008504523100425083 -0.024039065893648355 -0.6670999809666492 -0.00889095183367897 0.9998322353481061 -0.01601412296382329 -0.4605161729432502 0.023898840509448065 0.016222646074040607 0.9995827485389391 26.454524938460203
0.9996579253179418 0.009485683262786862 -0.024373226336811233 -0.6994593288388004 -0.009849525275788697 0.9998411972164534 -0.014851504994806135 -0.4905841864330097 0.024228479128268553 0.01508648937981378 0.999592606333862 27.44273083103779
0.9996491500290127 0.01022577735865708 -0.024433794704935334 -0.7331556956152007 -0.010544047601604163 0.9998607746776297 -0.012932684223519727 -0.5174593756311183 0.0242981461524713 0.013185777886091663 0.9996177946370759 28.42253826237441
0.9996293973375759 0.010659502586645 -0.025048812010138435 -0.7545671642572547 -0.01095687526026117 0.9998707620034188 -0.011764615388246111 -0.5428091047967021 0.02492016980369565 0.012034712099073544 0.9996170020771189 29.37163018310939
0.9996322070997026 0.010589147837608294 -0.024966386944244152 -0.7888474624319634 -0.01091102829276635 0.9998586500755505 -0.01279176808310775 -0.5712527579570562 0.024827404023999414 0.013059472315941225 0.9996064476544045 30.403464378718
0.9996118423964568 0.011772982354811163 -0.025249978757090313 -0.8234206556600491 -0.012121477524466528 0.9998327658112889 -0.013693436119973788 -0.5999318091697426 0.02508454351556072 0.01399418795862242 0.9995873790619778 31.455353888842385
0.9996088408237389 0.011387178429954598 -0.025544030896166928 -0.859156831959142 -0.01171938244314527 0.9998481971042085 -0.01289336351053053 -0.6253920652343812 0.025393334207450043 0.013187680420292124 0.9995905480060127 32.47142544944441
0.9996011990965 0.01062779823491805 -0.026162810810691762 -0.8894758207982902 -0.010897746467958772 0.9998886225050313 -0.010197142095244974 -0.652954872253807 0.026051523693601305 0.010478191144868273 0.9996056850696543 33.49989905260949
0.999594159448924 0.0110488777293006 -0.026257164670251045 -0.9284649346288487 -0.011225944360344435 0.999915167590995 -0.006605739526377416 -0.675806995901215 0.02618195120337991 0.006897820119056318 0.9996333955549846 34.549010671924776
0.9995677482818703 0.011164066424276108 -0.02719706262787267 -0.9499712852344825 -0.011285192030957712 0.9999270564417063 -0.004304211501385381 -0.696136109560956 0.027147026274243886 0.004609275073002147 0.9996208248870001 35.49035089159189
0.9995560013531702 0.011264187320483956 -0.02758474656161807 -0.9834189539227741 -0.011378678871332312 0.9999272718330645 -0.003997087893350826 -0.7132809460689818 0.027537716426798153 0.00430919116460657 0.9996114770477097 36.51034980621835
0.9995524634894963 0.010828464051780135 -0.0278857866727301 -1.0211583237608703 -0.010985381904007123 0.9999246419859469 -0.005480121686461706 -0.7318805943546741 0.02782434395454496 0.005784005148218531 0.9995960940139493 37.470956201600636
0.9995309978303097 0.011337341304489528 -0.028447303360591873 -1.0633634492594797 -0.011516474542196195 0.9999148252452137 -0.006141096722255341 -0.749989489195362 0.0283752566589798 0.006465829179514594 0.9995764292251784 38.510737448632966
0.9995177616618685 0.011007547003455931 -0.029035806023142697 -1.1046184592813606 -0.011155871075028701 0.9999255129439196 -0.0049512730075934475 -0.7708758844808071 0.02897914186107317 0.005272805022480228 0.9995661093015261 39.55733590690182
0.9994948676571945 0.011157121767459683 -0.029757825202654645 -1.143803331493305 -0.011249103022953542 0.9999324476631025 -0.0029253703449429245 -0.7959431742619772 0.029723176278867856 0.0032586414872105883 0.99955285705537 40.667520116589955
0.9994742929800361 0.011251839779824803 -0.030406146971043976 -1.1790030895810155 -0.01127130722801573 0.9999363668493843 -0.0004689194223123452 -0.8175616078551377 0.030398935925904706 0.0008113899322109461 0.9995375162248541 41.72407069336427
0.9994519415083356 0.012396507850400584 -0.030694351407577956 -1.2266626752161784 -0.012423162581957815 0.9999225997924346 -0.0006778316901146146 -0.8377519815949882 0.030683572912540254 0.0010587811165848945 0.9995285875530864 42.787709520404256
0.9994245515431024 0.013494426630677504 -0.03112018995405674 -1.2682082818344573 -0.013635581592425438 0.999897664266677 -0.004328037508946095 -0.8603326105937017 0.03105860086197742 0.004749888835730382 0.999506279054086 43.83230819564666
0.9994019629277155 0.014666229443694867 -0.031314824127441424 -1.3096268437155565 -0.014936390483946559 0.9998530703575262 -0.008410822548224475 -0.8823240030980803 0.031186867998225874 0.008873523005635696 0.9994741816845143 44.87782026736098
0.9993934772938449 0.015070457835240532 -0.03139361150221554 -1.3476822036868188 -0.015352384038834958 0.9998437820672451 -0.008758753666507836 -0.9088283254132159 0.031256708829304716 0.00923540806367936 0.9994687215671421 45.97395621629672
0.9993932287752131 0.01562983842573898 -0.031126876313542943 -1.391089542764949 -0.015824898960146855 0.9998565946279474 -0.006030153555646034 -0.937891076182245 0.03102816222650734 0.006519074304594105 0.9994972510312656 47.11275849574909
0.9993908484744912 0.016336537503472408 -0.030839090904773086 -1.431269207660108 -0.016464844670927615 0.9998567955506338 -0.003911173887609915 -0.9618943170985202 0.030770779570843704 0.004416552231609324 0.9995167098107905 48.12331011026179
0.9994201999787999 0.01477491736629792 -0.030675164077037645 -1.4711001673216042 -0.014865791161821441 0.9998857533836439 -0.002736500238367491 -0.9829594543480786 0.03063122797844107 0.0031909241984949908 0.9995256604386363 49.2023990431272
0.999427056834035 0.014701073060910877 -0.030486661327786116 -1.5054371277599372 -0.01481928985101124 0.9998835068265768 -0.0036553282339179104 -1.004807868326765 0.030429372592432655 0.004105024609392877 0.999528489867391 50.221951465430884
0.9994560890729625 0.013987254754917787 -0.02986440555910069 -1.5473892419697826 -0.014155821334788649 0.9998850005378802 -0.005440443152886027 -1.0276604257880957 0.029784874304165942 0.005860239225771421 0.9995391532395824 51.28610262961492
0.9994700454123977 0.014136357715476148 -0.029322205133286514 -1.5907172406921835 -0.014368583605779441 0.9998669309608368 -0.007724258936630793 -1.051008711490953 0.029209110368208245 0.008141483986134821 0.9995401663314992 52.34690949542361
0.9994796345922514 0.013101703165679945 -0.029475505245826986 -1.6185602732970314 -0.01340694963385728 0.9998582777715708 -0.010182243032993697 -1.0785778640327859 0.029337923185760492 0.010572121160209221 0.9995136399856283 53.361598277224076
0.9995106485048578 0.011427603158603854 -0.029118265941616536 -1.6611694390897636 -0.011825116418346954 0.9998387258752659 -0.01351624436804957 -1.1087834939060526 0.028959111641930334 0.013853957058319249 0.9994845860375918 54.41164049706698
0.999528769443423 0.009802256150865234 -0.029088740592677038 -1.6883372746389882 -0.010249627542507094 0.9998308643091943 -0.015270491477641717 -1.1403563909740064 0.02893413537942883 0.015561444312198941 0.9994601829291465 55.4621710890137
0.9995493418580386 0.008129892259501005 -0.028896678753955886 -1.722528450586706 -0.008507873678756078 0.9998795391506834 -0.01298165140815778 -1.173605775135266 0.028787658408192075 0.013221650413828733 0.9994981033917512 56.51444595634536
0.9995690469413986 0.0069239835313154 -0.028526809297932 -1.7576577338914632 -0.007131144875634754 0.9999488915508201 -0.007166663034379604 -1.2014627537210865 0.028475729480124258 0.007367003348968015 0.9995673364472406 57.53125020562949
0.9995821116998294 0.0056704479821272896 -0.028345158129570006 -1.7906372301903235 -0.005703884118978179 0.9999831289308087 -0.0010988902157430822 -1.2263161476378956 0.028338448716639583 0.0012601084996838076 0.9995975912590543 58.57149079286497
0.9996001886889481 0.00386666032461213 -0.028009136205029077 -1.8311299752211894 -0.0038783021144862596 0.999992414078002 -0.0003613297079423656 -1.2483047680928432 0.02800752659066086 0.0004698131364068805 0.9996076018768016 59.65836818591566
0.9996078345639026 0.0006941605957436763 -0.027994556962585907 -1.8583392781382433 -0.0007870126088664903 0.9999942257806749 -0.0033059062995367825 -1.268725055001355 0.027992100485987773 0.003326641906660188 0.9996026089221692 60.70996242504621
0.9996099610549354 -0.0008186992259584267 -0.027915148062054754 -1.8997886842504088 0.0006375910179259741 0.9999786968870974 -0.006496094955874618 -1.2914508763312522 0.027919871730416063 0.006475762778182428 0.9995891882463505 61.79464259684
0.9996114298491371 0.0011088086883477267 -0.027852465927722985 -1.941987315354814 -0.0014022120303774097 0.9999437129892769 -0.010516874756301368 -1.3201708246527206 0.027839236993570604 0.010551843275490119 0.9995567194947493 62.894362799778044
0.9996057999860849 0.0013607345320284455 -0.028042700221470044 -1.9656595558033476 -0.0017776297318061835 0.999888198851736 -0.014846879455535103 -1.3489715822585349 0.02801936235381686 0.014890876353120839 0.9994964617919972 63.95890864916383
0.9996250315640247 0.004395975894668427 -0.027027239343941478 -2.018189069438681 -0.004816701731076262 0.9998679342202794 -0.015521388549488032 -1.3810759949598148 0.0269554383205885 0.015645750669233523 0.9995141894095055 65.07191616272745
0.999619159469472 0.008190992357335114 -0.02635229905999112 -2.055983940176627 -0.00850589429336486 0.9998934908964047 -0.0118598745891765 -1.4133828704118658 0.02625234815812168 0.01207950773843726 0.9995823626440102 66.14654708382919
0.9996125763806477 0.009643937715688698 -0.026109224557201802 -2.0996674781274227 -0.009900864124615393 0.9999036539315564 -0.009729118352002242 -1.4453684891831953 0.026012882024650404 0.009983852946496997 0.9996117509558968 67.22739991840008
0.9996107757616329 0.009171212346563401 -0.02634740680445509 -2.12399582351187 -0.009410440176569753 0.9999154864549793 -0.008970148448290593 -1.4732442843705391 0.026262912955504515 0.009214597744633698 0.9996126002564673 68.29725886972241
0.9996225339173453 0.007579653230491859 -0.026407168374707933 -2.1556956482707306 -0.007797235784856258 0.9999364182567739 -0.008146321742266961 -1.5030959885648516 0.026343743066998646 0.00834914970033872 0.9996180765174771 69.39981335053129
0.9996260620939098 0.006581346322194848 -0.026540946916211408 -2.1922212949800133 -0.006763191286935375 0.9999542287071432 -0.006767550097181332 -1.5302044451608852 0.026495192511815133 0.006944520954599228 0.9996248188207777 70.45836139942715
0.9996265304822554 0.005089914381313908 -0.02684943812444726 -2.2245803463331915 -0.005217611926078777 0.999975398593543 -0.004688148192306415 -1.5566067565715147 0.026824915317601134 0.004826487260428407 0.999628495461653 71.54060859609777
0.9996177829663897 0.003985130988623883 -0.027357023017175252 -2.2626375039048257 -0.004069418087870265 0.9999871414323066 -0.003026021558008495 -1.5826630464720512 0.027344612152759858 0.003136192125321172 0.999621146477588 72.6365693547409
0.999601877411828 0.0032148373149178747 -0.028031259261513713 -2.2952271112855867 -0.0033332936585611017 0.9999857075933374 -0.0041801629678434385 -1.6102509620680636 0.02801742008346566 0.0042719351692814215 0.9995983066921309 73.70344397404754
0.9995839381078314 0.00355497910831692 -0.02862364058566696 -2.330458661745673 -0.0037867746626419263 0.9999604449150105 -0.00804791544614978 -1.6343654314101204 0.028593898203854367 0.00815295829214345 0.9995578613850193 74.76520526382885
0.9995656877771715 0.004151685136263539 -0.02917532054799841 -2.3718667032064324 -0.004448762973153698 0.9999388447583986 -0.010124981543084102 -1.6623280130262525 0.029131500588844207 0.010250378225627682 0.9995230289591496 75.82820098960006
0.999537123323943 0.006246442916757854 -0.02977450332387754 -2.409680580856275 -0.006498841156322873 0.9999437035919522 -0.008387771482031911 -1.6931183700019263 0.02972043339052777 0.008577388745858904 0.9995214476144976 76.87695986359203
0.999517741653181 0.007325938889677592 -0.030176393752544082 -2.451176859437402 -0.007452924340170466 0.9999638304090231 -0.004097778970834948 -1.7202240232912873 0.030145282206401232 0.00432070516221958 0.9995361891735571 77.94422067354671
0.9994826874380865 0.008779541571797429 -0.030939895948889483 -2.4808093707994208 -0.008785705101281965 0.9999614029467875 -6.326583343612292e-05 -1.7437897942949865 0.030938146315064502 0.00033506190689686684 0.9995212448147891 78.9571005702633
0.9994550268338882 0.009780736365989192 -0.03152755196030294 -2.5197070198567815 -0.009768905957310337 0.9999521430374682 0.0005292552994618085 -1.7634517838815544 0.031531219653984435 -0.00022097717936137056 0.9995027430458697 80.00783906514108
0.9994275107390997 0.009653972337071708 -0.03242609436796783 -2.547965521076997 -0.009709848586839485 0.999951631823887 -0.00156615872959504 -1.7848766309531077 0.032409406323873846 0.0018801145871168135 0.999472908862903 81.02170453479616
0.9994071418170204 0.009582678788936944 -0.03306867327790177 -2.5858046241211605 -0.009667157023345491 0.9999504021443318 -0.002395689144067665 -1.8061329185061825 0.033044076023071696 0.0027139488972857074 0.9994502106264042 82.07995968960815
0.9993907089935653 0.00884454577889859 -0.033763660750904 -2.6222661555367415 -0.008935746941352365 0.9999568209144258 -0.002551221925880049 -1.8302257861219824 0.033739638467791606 0.002851371017588744 0.9994265888395116 83.09058473830993
0.9993810984895545 0.007806453918011699 -0.0342998434258151 -2.668239537730331 -0.007891986796295627 0.9999660752550867 -0.0023590004971345765 -1.8514261077319476 0.0342802643837029 0.0026282344195950676 0.9994088031719646 84.11106507291947
0.9993667707597573 0.0064597112658542725 -0.03499042199766146 -2.7057804379871047 -0.006492992060327764 0.9999785695177376 -0.0008375914064114927 -1.8769156826741638 0.0349842615373993 0.0010642535512596662 0.9993872967018648 85.11763756795919
0.9993426732472634 0.006533591818633807 -0.0356585698669872 -2.7448236384568623 -0.006466289388072261 0.9999770884584372 0.002002413477968347 -1.9023516994493734 0.0356708358264988 -0.0017705186060947516 0.9993620248615134 86.09484566032397
0.9993169233930767 0.005677726693927595 -0.036516435200915444 -2.7863153903289724 -0.005580299315305339 0.9999805951260698 0.0027694098401721463 -1.921559967730844 0.03653145055626995 -0.002563745482746548 0.9993292151885454 87.08470420841016
0.9992460535060246 0.004714381576317328 -0.03853698430061513 -2.8338980408709777 -0.004602699077660555 0.9999849485716567 0.0029862671249767407 -1.9404320575312053 0.0385504826666733 -0.002806641497251821 0.9992527123053867 88.08162811918749
0.9991200871280501 0.00387206014398399 -0.04176192820592255 -2.8779311752398993 -0.0037851342722249152 0.999990502814071 0.0021603333545149902 -1.9620033157880006 0.04176989652580534 -0.002000357943662522 0.9991252545663732 89.01667008200741
0.998971825780167 0.003724848562374391 -0.04518204068681282 -2.925411247752334 -0.0036693866225311566 0.9999924092012689 0.0013103975184686006 -1.9829338552471685 0.045186578751348495 -0.001143259825847834 0.998977910695586 89.93589632366319
0.9988290383415158 0.003573965175921614 -0.048247061451260405 -2.973198097361493 -0.003501881887005194 0.9999926225694762 0.0015784897435827435 -2.0018359036398925 0.048252346979290664 -0.0014076858820176127 0.9988341851535955 90.79969732437522
0.9986539511172334 0.004693151588968592 -0.05165520541145021 -3.0171083762618895 -0.004559432260341954 0.9999859438645626 0.002706224448026813 -2.0209813333876543 0.05166718006045524 -0.0024670633276647827 0.9986613120087997 91.65661862186143
0.9985117577247655 0.00557888259847004 -0.05425076731576635 -3.081641139665246 -0.005382463724908811 0.9999784228953961 0.003766009544140282 -2.039586833401183 0.05427060686639658 -0.003468402022402485 0.9985202408653334 92.51399136689024
0.998336261938951 0.0066104771738749145 -0.057280098544724926 -3.1335078734243 -0.006310618611890698 0.9999654303516574 0.005414258431208764 -2.0588457615635116 0.05731390922363414 -0.005043777667417436 0.998343466005736 93.33398692809165
0.9981473010232328 0.008201322016841784 -0.0602885045195976 -3.1815060762338616 -0.007845108880216244 0.9999503588631755 0.006142806855521066 -2.0724251028693432 0.06033589086680517 -0.005658456201363997 0.9981620921206764 94.11217605936507
0.9979603868406681 0.010192696390843636 -0.06301726142181792 -3.2251845247890403 -0.009779303245131512 0.9999286161663529 0.006864969022702778 -2.089098329151579 0.06308273555309263 -0.0062347022324242655 0.9979888260713199 94.73478772095
0.9977658972257701 0.012053848057711132 -0.06571087490098704 -3.281533293607795 -0.01170331855951469 0.999915171887574 0.0057167616478355065 -2.105735393832027 0.06577420974778847 -0.004934954512988072 0.9978223286517537 95.46143374287534
0.9975857472738371 0.01325558779731782 -0.06816866016172995 -3.32763005695848 -0.013144494882589045 0.9999114482020653 0.002077981888815943 -2.119344039726198 0.06819016857567825 -0.001176922510727407 0.9976716472682904 96.00853981767956
0.9973723487049642 0.0156814945515276 -0.07072827417215692 -3.3778919330855666 -0.015845221098896797 0.9998729174993359 -0.0017543715949902578 -2.1302825481613055 0.07069177467759924 0.002870466860397683 0.9974940768811285 96.5995345018109
0.9972148263949889 0.017450891975027097 -0.07251245677320586 -3.430368247114673 -0.017813192673733946 0.9998318581217821 -0.00435266028003219 -2.1448017523193377 0.07242430658817897 0.005632215729255321 0.9973580089221725 97.16613346584263
0.997075367033567 0.01942956256804509 -0.07391349371589619 -3.4672440675309324 -0.0198807639431694 0.9997879175849288 -0.00537355340796314 -2.1575955000069214 0.07379341217148981 0.006827294457299698 0.9972501794286536 97.6806845800796
0.9971032507775592 0.021811651305529034 -0.07286534948895519 -3.51383797968571 -0.022237102655936918 0.999740058064658 -0.005032650031946525 -2.171539225391632 0.07273663832135008 0.006638385963525958 0.9973290897579936 98.19394156033128
0.9972102237609054 0.025645560142659427 -0.07010046270668882 -3.55001815122199 -0.025955143050360688 0.999656950441188 -0.0035088436642526488 -2.1850012983607123 0.06998642851266199 0.0053185223130196475 0.9975337654157114 98.64596606350521
0.9975407137616475 0.02824952516153626 -0.06414428046247055 -3.587083996719691 -0.028441168679344646 0.9995933116069519 -0.0020763705837015247 -2.1966542107943687 0.06405953724507711 0.003895602494547244 0.997938475041999 99.06760209656959
0.9979533145110074 0.029102623508743194 -0.05694048964840826 -3.609437746947396 -0.029162021535084483 0.9995746752558005 -0.00021233758279661993 -2.207287518354822 0.056910091868485085 0.0018724027798919076 0.9983775516062797 99.5085980170664
0.9984683910279879 0.029044294352899645 -0.04708822659138058 -3.6285981110491337 -0.028970419915320216 0.9995777354087059 0.0022506988101280694 -2.21679412655389 0.0471337128593653 -0.0008830859222175096 0.9988881985844783 99.91012812245391
0.998987185342323 0.02859271180567604 -0.034742774118063105 -3.6461107203580174 -0.028483889577910013 0.999587685027519 0.00362325486816406 -2.2291049440469664 0.03483204783435264 -0.0026299758409162764 0.9993897196142959 100.30251563249891
0.9993854844563353 0.027751325386940463 -0.021413019339694476 -3.6484173956514763 -0.027680661491305374 0.9996103724340075 0.003589470956778184 -2.2365107001512525 0.021504288813577122 -0.002994538631233224 0.9997642713665096 100.6540804647654
0.9996009871428433 0.02751879951757083 -0.006370414128059737 -3.6448313579974614 -0.0275020397765188 0.9996180909623084 0.002703706530281311 -2.2453165728376154 0.006442383967291546 -0.0025274283338713238 0.9999760536107025 100.99358510459668
0.9995895437374545 0.026189128827870126 0.011613508599159147 -3.632185395909413 -0.026187875204776865 0.999657004965562 -0.00026002988706970735 -2.2562939606604506 -0.011616335179588806 -4.420995771063944e-05 0.9999325271249428 101.32356622761692
0.9991375218183094 0.02561647880167878 0.032680399455457206 -3.610709383465452 -0.02547228944617763 0.9996639041987837 -0.004820903692858881 -2.2663827004127883 -0.03279291028767122 0.003984301174461281 0.9994542262550172 101.64786448145131
0.9981059226774573 0.023538437658421042 0.056837567407304286 -3.576608849060964 -0.023018197475317276 0.9996871045077372 -0.00979059068312186 -2.2739156409896513 -0.057050238397105164 0.008463748196736311 0.9983354322397332 101.97522308950838
0.9961942770606471 0.021261608009941407 0.08452754803283873 -3.5381823032784774 -0.020272589603559817 0.9997158222161439 -0.012541806945807879 -2.284096843808999 -0.08477018616458212 0.010780484011947998 0.9963422086321995 102.29749850231676
0.9932708151466336 0.018645247552838293 0.1143041666853534 -3.485503853608842 -0.01718505507946813 0.9997578201361675 -0.013746816303967405 -2.293846767474075 -0.11453279731088098 0.011689988035611885 0.9933506845620386 102.59250092415654
0.98901606258036 0.016380946307724454 0.14689755803314938 -3.423802333224689 -0.014217921576917505 0.9997746685875148 -0.015762701442274332 -2.303411199754551 -0.14712266536489782 0.013500986956111571 0.9890261092039673 102.88960084568474
0.9831323495578339 0.013902806860192976 0.18236637632606156 -3.345668509077524 -0.010934788629103217 0.9997910583757426 -0.017270494768542203 -2.315706479881131 -0.18256838075232915 0.01498504432164185 0.9830789565422249 103.18449365599984
0.9752041331098192 0.01054290114983513 0.2210559793375152 -3.2545639046291557 -0.006829791075324473 0.999822576006164 -0.01755478459756305 -2.3301627264954803 -0.22120183706151864 0.015609732340569268 0.9751031143098989 103.4841252650989
0.9654919712662493 0.008431299675075487 0.26029630540251303 -3.1447688161807785 -0.003709517095600655 0.9998196401790697 -0.01862596561561355 -2.3401660428432325 -0.26040639950532474 0.017017646664143456 0.9653491113574851 103.7664755914947
0.9536431320200427 0.009291835962000696 0.300796340628432 -3.0260490978702856 -0.0035215864911577162 0.9997993444134167 -0.019719770259523605 -2.3520695947215637 -0.300919217032721 0.017746343143260682 0.9534845002019983 104.03346239205075
0.938504943649507 0.01133336792246726 0.3450797379113509 -2.902543767777627 -0.004611460697566228 0.9997834213382691 -0.02029396085984433 -2.3642751358255527 -0.3452349999285524 0.017454660944288523 0.9383539468855294 104.30684577063136
0.9211372882866387 0.011382358772419733 0.38907137910248635 -2.7661286215405188 -0.004236156646132502 0.9998062985883862 -0.019220309046973572 -2.3735182453554096 -0.38921478788042513 0.016056376047155114 0.9210070801483704 104.55509623514399
0.9010232083794558 0.010720871369434278 0.4336383756987712 -2.610687999825789 -0.0031651561307389133 0.9998304059691984 -0.018142245895620673 -2.383597247232249 -0.4337593339033257 0.014974051440714184 0.9009043334534432 104.81676386565479
0.8778465735512596 0.009686797119724283 0.47884398217568847 -2.453125339263679 -0.0007713512685289371 0.999822743522688 -0.018811872633710418 -2.39404507853805 -0.47894133077187084 0.0161445810205064 0.8776984414832583 105.05733255493938
0.8527683445885286 0.010220612642983701 0.5221893234689305 -2.2725659022081413 0.0007560454578140777 0.9997833073173944 -0.02080304796800818 -2.408889273643001 -0.5222887887586746 0.018134979644201445 0.8525758286805343 105.2984442737161
0.82476905501243 0.012412875935642647 0.5653334647841981 -2.081733000546417 0.0014772151509559203 0.9997083300542252 -0.024105448670188743 -2.4246102452730303 -0.565467791946896 0.0207165472798835 0.8245101581784793 105.54265800684371
0.7942412631693141 0.01724629363878834 0.6073577045159908 -1.8776039886386104 0.00029320113517496615 0.9995860932253336 -0.028767277653785454 -2.4351548990048397 -0.6076024439650518 0.023026236910105958 0.7939074646968967 105.76850248174769
0.7608763424365496 0.02331791649013414 0.6484778070920656 -1.6817326516239566 -0.0027055454095846385 0.9994594540832982 -0.03276399956588198 -2.4443790792297575 -0.6488912632671305 0.023174865999085196 0.7605281415184518 105.96090623603993
0.7239097611368067 0.028233631692749252 0.6893167049856591 -1.4725830638116264 -0.004811014517614828 0.999344540570126 -0.035879567611608695 -2.4517323302975074 -0.6898778963484482 0.022657256544490807 0.7235711000694509 106.14760361580876
0.6845867878238856 0.02849107269257185 0.7283743465511379 -1.2636484147172051 -0.0021945316434658526 0.9993118760747827 -0.03702645495811028 -2.461867858088883 -0.7289280581565217 0.023749381312482942 0.6841782318368769 106.31023135510259
0.6437391607687661 0.025990874776571707 0.7648034828118067 -1.0343497469130674 0.002561265752694041 0.9993442761340555 -0.03611727669475833 -2.4691312147394706 -0.7652407025312142 0.025208970356803723 0.6432504761001596 106.46244621174846
0.6003886038438981 0.023804921258455895 0.7993540205054639 -0.7204155331923742 0.004183261625867988 0.9994497020648764 -0.03290582569394898 -2.484663944142126 -0.7996974582281364 0.023100189746184174 0.5999586290213241 106.6475757709684
0.5541642136742496 0.022485890254570835 0.8321036047405732 -0.40409718896621727 0.0052512641396835385 0.9995207517120996 -0.030507230648090043 -2.4946485610434137 -0.83239080275297 0.02127561130355304 0.5537805520744882 106.81997689018564
0.5062416480664057 0.019922944570949876 0.8621615104159014 -0.030241090924806147 0.006525777406080647 0.9996159926699371 -0.026931049510626155 -2.51589768137088 -0.8623669798828418 0.019259892993481482 0.5059172348612216 106.99525452617165
0.4558495478131645 0.01606963130515267 0.8899117690581725 0.3742773694901468 0.008869738130172897 0.9997053380635372 -0.02259568084329942 -2.5370746337835977 -0.8900126501932619 0.018193515245453182 0.4555726928811454 107.15244798365524
0.4047909821460286 0.016211535030556935 0.9142655231961898 0.7852033652777554 0.006645488842974716 0.9997642692386696 -0.020669867723530834 -2.556543803932835 -0.9143850929730261 0.014442717390552934 0.40458782688445494 107.29266307191122
0.35415294023177424 0.021024127116726535 0.934951165037065 1.2135508575836111 0.0030031752156455503 0.9997165434538898 -0.023618079583916672 -2.577903175147413 -0.9351826965164676 0.01117223449395004 0.3539894141250542 107.41613879976462
0.3036489194155757 0.026388198874124497 0.9524184987167821 1.6756636055185075 0.0027490973015859297 0.9995879691988949 -0.028571564480384372 -2.5873196424063343 -0.952780025085422 0.011294015805283657 0.303451262981736 107.53156766295247
0.2568650283111694 0.028576524430609405 0.966024709560871 2.118327498700868 0.004457660550618147 0.9995170877776267 -0.030752569046323133 -2.602587370617728 -0.966437005962166 0.012205469757456504 0.25661360060386995 107.61869755142413
0.21540566277138798 0.02838043724579288 0.9761121611924283 2.5500018144142818 0.011829049701407312 0.9994284183226269 -0.03166875798472981 -2.6171836151629906 -0.9764530065646676 0.018368109071740423 0.21494682723861763 107.6827620318938
0.18046933166027762 0.028359900354270235 0.9831716718772897 2.999690892698054 0.02011104728904491 0.9992688676700441 -0.03251577897525002 -2.6279207840108607 -0.9833749875337631 0.025640712886449868 0.17976703740019825 107.72866759606623
0.1501118599247241 0.029687298021140084 0.9882232004188833 3.4246698798165625 0.02452786135669361 0.9991295944770041 -0.03374073884024903 -2.6411726747685083 -0.98836471685669 0.029303886711886246 0.14925303580286137 107.76842432801523
0.12202796856075789 0.028252702352440182 0.9921244678460034 3.9390401299255275 0.02309167948466431 0.9992433928197219 -0.03129562660676878 -2.6562584852672644 -0.9922580053733557 0.02672876196005273 0.1212832389762522 107.82271280990504
0.09658352002441435 0.024783485840655102 0.9950162825247011 4.420547665639521 0.016892142359930046 0.9995051530854593 -0.026534967158565403 -2.6730881597247196 -0.9951815307702327 0.019370797226761785 0.09611707979653944 107.86671709978044
0.07275534138183712 0.020888643161070634 0.9971310469979852 4.899244197486007 0.012182983848963706 0.9996874396217378 -0.021831123816052924 -2.6891287130223183 -0.9972754058959574 0.013736362306862475 0.07247811494255642 107.89676880333253
0.05006030107910895 0.018413880626644223 0.9985764343584987 5.4236023551946175 0.016206315567870798 0.9996834089949407 -0.019246742996420697 -2.7103150563262743 -0.9986147012695047 0.017146742563045755 0.049746031277812526 107.91202395702027
0.02975618464098686 0.01919504405712006 0.999372863229362 5.957258737504331 0.024366179342477937 0.9995045575008179 -0.01992307303971793 -2.72638461866432 -0.9992601557051398 0.024943733055437678 0.029273732276519925 107.91155932441117
0.012420617786055063 0.021673949415531593 0.9996879353931116 6.503606213257063 0.029596770890481502 0.9993190422750657 -0.022033676481768884 -2.742539156049174 -0.9994847469604865 0.029861206659809687 0.011770680955282081 107.90109606396321
-0.0017492709175608578 0.027017709848822596 0.9996334245140958 7.058996466306093 0.030106213772015944 0.9991832460887891 -0.0269528593619594 -2.757024471193225 -0.9995451745386844 0.03004802971904636 -0.0025612431420358656 107.89034847764371
-0.01281024907682252 0.03171152138166474 0.999414967333513 7.626756554190476 0.02732969755550009 0.999134685357378 -0.03135232283802358 -2.7717731226567563 -0.9995443887842665 0.02691207772497253 -0.013665830469106131 107.88645382575886
-0.019360251997153376 0.031605997115956255 0.9993128847307584 8.192943858412406 0.02961342968839429 0.999079826562594 -0.03102490834393 -2.7884606890522607 -0.9993739167222123 0.028992431804953353 -0.020278399180848818 107.87399524072572
-0.021777073455995822 0.028354731656165366 0.9993606797670179 8.800773981875789 0.03557504092753268 0.9989866725784198 -0.027568904107764837 -2.8127777507587868 -0.999129709064191 0.0349519270342221 -0.022763726889458092 107.84811526385056
-0.021509965386755987 0.026680292304596818 0.9994125691583026 9.441773528497242 0.037162513489167014 0.9989743514608965 -0.025868759430060506 -2.834238976569138 -0.9990777091799348 0.03658424696264922 -0.02247941044484507 107.83747431816045
-0.019625126339232298 0.026293536755662823 0.9994616072371388 10.11860816712048 0.0358304165099117 0.9990304872433948 -0.02557863974008743 -2.8603257936775783 -0.9991651693633509 0.0353091416364872 -0.020548207902370167 107.82792451520288
-0.01804543722733095 0.02655470638494263 0.9994844719974797 10.774744832139403 0.03210055537417267 0.9991472923465757 -0.025966180719886166 -2.8862691542616905 -0.9993217282436835 0.03161543555476626 -0.018882470567652233 107.821553390739
-0.016964012951352133 0.02789042490229755 0.9994670312038073 11.494966346572745 0.031090688076319123 0.9991422053909101 -0.02735365645633088 -2.9081212595383166 -0.9993725988736762 0.03061008992732996 -0.017816593813446902 107.81573316366296
-0.01590140191774359 0.028669438349593294 0.999462459886196 12.208632040101351 0.030747272835902218 0.9991301295985985 -0.02817071780136272 -2.935622872414129 -0.999400695732299 0.03028279103729179 -0.0167690768018612 107.80567798807175
-0.015085435406066496 0.02826130192624929 0.9994867325042587 12.968720300034626 0.03027794490377675 0.9991549869077512 -0.027794931008676225 -2.9625459905228793 -0.9994276740670188 0.02984310558247207 -0.015928382158277705 107.79850433911253
-0.014613689460194703 0.02701728001671337 0.9995281420054447 13.727992188498648 0.029153014322834507 0.9992214263508274 -0.026582755261865005 -2.9893129907737928 -0.9994681294749981 0.02875078610956738 -0.015389946777954702 107.79896815275451
