0.9999799642916731 0.00046841829287884294 -0.006312812331039107 -0.09199566546743612 -0.0004662256590661319 0.9999998304868217 0.0003487978820672338 -0.016524227002189442 0.006312974644242703 -0.0003458476985650007 0.9999800131705185 0.9956222815190436
0.9999096947784248 0.0009470249817389622 -0.01340542546139927 -0.17901816901596368 -0.0009428758619957759 0.9999995056190178 0.0003158272132331371 -0.03288468993436648 0.013405717930272709 -0.00030315904029932974 0.999910093369084 2.0373457113358473
0.9997748149706286 0.0010764976817076337 -0.021193407068861903 -0.2561826605931117 -0.0010836042070709977 0.9999993604656622 -0.00032383667020105604 -0.04805138942709126 0.021193044905525624 0.00034672901209295375 0.9997753420777212 3.1200182943088626
0.9995463505898144 0.001666578270473847 -0.03007183964196368 -0.40375811453105626 -0.0017165793943480145 0.9999971868171396 -0.0016369828922969914 -0.06144459995273155 0.030069026884262377 0.0016878609762529574 0.999546399497071 4.108978398310476
0.9991418437954076 0.001777575526787839 -0.04138135090061328 -0.5618272910663906 -0.0019104104397460863 0.9999931484876513 -0.00317069546090544 -0.07195059265079008 0.04137543122512238 0.0032470298736941277 0.9991383940615707 5.214126681709895
0.9985070981582747 0.0015286864788097941 -0.05460071469487311 -0.7607550575075799 -0.001745781062772701 0.9999907592719612 -0.003928564517401328 -0.09093081923216582 0.05459420460105901 0.004018020449926138 0.9985005399776415 6.404989973510933
0.9974975250695566 0.0014697273336857517 -0.0706861187339743 -0.9338306783608588 -0.0017613876692594672 0.9999901907447136 -0.004063979309718818 -0.09002241178720578 0.0706794524143154 0.0041783149613042496 0.9974903291212885 7.38989808306325
0.9960268028281819 -7.097885614267669e-05 -0.08905393315217112 -1.1338610172707384 -0.0003014989917734755 0.9999912636001239 -0.004169151206837969 -0.09593009687284984 0.0890534510629843 0.004179436018112932 0.9960180797396917 8.439914465212082
0.9940481325989367 -0.0013143616103563171 -0.10893384474130768 -1.3515572351681227 0.0008506840736692818 0.9999903807816666 -0.004302868896948523 -0.11588186356732232 0.10893845240856376 0.004184590505024739 0.9940396887394043 9.525161373135711
0.9913764087430756 -0.0015470961526589666 -0.13103595949652877 -1.5898369893584148 0.0009503813284612631 0.9999888934935078 -0.004616239265948266 -0.1399635918671983 0.13104164591080203 0.004451896576112064 0.9913668683458525 10.49605931272838
0.9879575226894844 0.0019364384853129625 -0.15471323009765042 -1.91786591298285 -0.002935267198996602 0.9999762989283618 -0.006227823697420769 -0.16010995633123168 0.15469750343081312 0.006606949941407153 0.9879397910018325 11.494316020622922
0.9837425722569638 0.0062317195159097526 -0.17947623018418446 -2.299031589567831 -0.007745303005276802 0.9999400973078869 -0.0077338268179683554 -0.19581946071611792 0.17941728403531196 0.008998192472319425 0.9837319099844338 12.505631350748288
0.9785087593236762 0.009113611293771282 -0.20600376214046418 -2.6597863250524716 -0.011077014365620004 0.9999035366077698 -0.008379572305217832 -0.24228690710321638 0.20590752215395816 0.010481391532643465 0.9785153206526486 13.437133780821004
0.9719614393253958 0.00977155491443084 -0.2349371770900853 -3.0424008763713997 -0.012171998628604913 0.9998874637055767 -0.008769399854862171 -0.2529372837838759 0.23482504745850497 0.011383173502300618 0.9719709977397095 14.406120650481723
0.9641033113883752 0.011634572908961626 -0.2652723914831592 -3.4728278026120893 -0.014267494224562586 0.9998662060405114 -0.008000539150961102 -0.2869865432552143 0.26514381678349686 0.011498118601755857 0.9641403163907722 15.388660669752577
0.9549154805711707 0.0133167880727931 -0.2965789745092415 -3.913660475359285 -0.016177191911400653 0.9998432707808209 -0.007192519459278891 -0.29397835510182146 0.2964367106607932 0.011666063163497248 0.9549812456498156 16.286222728445647
0.9439694816273525 0.015530519220967017 -0.32966713625855026 -4.3999193383436035 -0.018582465145022414 0.9998086715370912 -0.006108380175722148 -0.31072162301985 0.3295091952363705 0.011892152537043142 0.9440774687295074 17.200789755213105
0.9319063710603402 0.01789160330905721 -0.3622573755055619 -4.933147242171173 -0.02141303820768394 0.9997544205498445 -0.005707923068948503 -0.32341576498790287 0.36206628864320245 0.013076280896191356 0.9320606275913922 18.09362314053799
0.918588920576184 0.020746659399856555 -0.3946694453823683 -5.487010064876077 -0.02479149182453446 0.9996793700317111 -0.005151608109645966 -0.32389896452425126 0.3944360238717986 0.014516654461261788 0.918808734076607 18.92623092343686
0.9030128492623675 0.021187183367273266 -0.4290907798217307 -6.0614242463272845 -0.025651753122070093 0.9996602479424916 -0.004623445178729083 -0.316726513227526 0.4288470375656383 0.015181961155196128 0.9032495371859633 19.785169703387755
0.8853020193717653 0.016853902157821142 -0.4647109644481477 -6.684848210258729 -0.021742518398904058 0.9997502753204829 -0.005162353173913554 -0.3221121585055517 0.46450790885618565 0.014674228384262253 0.8854473838864615 20.661296936483552
0.8649536691147565 0.012217137765538623 -0.5017029916491796 -7.299308955580295 -0.0174020357968324 0.9998325840705996 -0.005654465565665186 -0.33520307142604616 0.5015499171917437 0.013621504157962117 0.8650214651610839 21.45013570357168
0.8408365721145905 0.0138920378377867 -0.54111077449936 -8.005282040600989 -0.018268666247955898 0.9998294168144929 -0.0027190266478778467 -0.3570187732937724 0.5409806972786595 0.012171629188591606 0.8409469285363906 22.236081297268342
0.812983389019147 0.019829616629965574 -0.5819491347903607 -8.832985439462266 -0.02359463713217324 0.9997209990469137 0.0011032512143292002 -0.38592183539018216 0.5818086474757332 0.012833953753595934 0.8132244384876214 22.996958832331856
0.7812873436074594 0.022963021094544858 -0.6237489770580866 -9.584464623053849 -0.026844035073506925 0.9996345850814218 0.0031771197752057624 -0.41068525416138996 0.6235940061448398 0.01426169594771815 0.7816182697000645 23.656250717398294
0.7467282476351482 0.022595341623175603 -0.6647453457683412 -10.395379025001024 -0.02651605245977559 0.9996395962096865 0.004192451751128986 -0.4254779268966749 0.6646004989056886 0.014495800311369588 0.7470582632081928 24.294950512156532
0.7075205764998265 0.018684208959919353 -0.7064457050367665 -11.226078727464696 -0.020746416239467252 0.9997687254101236 0.0056640890737576785 -0.43426670160435293 0.7063881511198861 0.010648757080465305 0.7077445753448548 24.974041901501536
0.6661700864363072 0.015153340020087728 -0.7456458892957685 -12.050980827064043 -0.01566908738866479 0.9998572549221467 0.006320560098243306 -0.4351497207997916 0.745635229611536 0.007473022533401482 0.66631243294446 25.53931681369883
0.6216787589055237 0.014255383586848375 -0.783142582653043 -12.907390625709661 -0.013393104414907743 0.9998816616360977 0.007568849183817227 -0.4117654461310406 0.7831578036895359 0.005783317614294171 0.621796114299175 26.10375167098228
0.5745952071232678 0.014633659764429987 -0.8183069130545498 -13.84135427263905 -0.011360483269414455 0.9998864209903228 0.009903763882899208 -0.3930828742780321 0.8183588988768026 0.003605706735408023 0.5746961906156013 26.606009257234206
0.5243910411780177 0.01557066075481454 -0.8513351810279497 -14.750352785102116 -0.009630048735119084 0.9998772919382563 0.012355696159188549 -0.4006590362620997 0.8514231016912757 0.0017191829098244943 0.5244766403916655 27.02273972902287
0.47282025841011943 0.01679309697773305 -0.880998862162082 -15.679734158506083 -0.008730079441018885 0.9998585853034118 0.014373416713273919 -0.38218015158064483 0.8811156501560621 0.0008951474495157508 0.47289999974741154 27.37975921691521
0.4197199475942832 0.01871439290671061 -0.9074607082896671 -16.558334593487004 -0.007904735506691733 0.9998248689831236 0.016963092862111763 -0.36711374654730633 0.9076192377577834 5.34884346224824e-05 0.4197943739391533 27.658327293503454
0.36559739032289396 0.020717165404799908 -0.9305425015799539 -17.52572832481273 -0.007508160711865565 0.9997853738596322 0.01930890310400614 -0.3608397274318811 0.9307428085737824 -7.262193373853141e-05 0.3656744713734337 27.911526790476444
0.311669366219785 0.023912278732986618 -0.9498896825873793 -18.479682372651386 -0.005125099000492499 0.9997110554418719 0.023484867202802844 -0.3593643474567399 0.9501767938233342 -0.0024512350140466275 0.3117018638483142 28.12016868572554
0.25922929755852114 0.025845967225684368 -0.9654699152565465 -19.414569378442607 -0.0005723483941265468 0.9996458021540932 0.02660719175363792 -0.35772458947126556 0.9658156364983069 -0.006344778472725817 0.25915227199756596 28.281238050503685
0.2093907096708246 0.026283557304364828 -0.9774787492927788 -20.40696390313546 0.002182387111450819 0.9996236318445468 0.027346514300967288 -0.3538882504994795 0.9778296210946171 -0.00785934306067648 0.2092545407789524 28.40427613348393
0.16318122811389313 0.027258235515147798 -0.9862194864166094 -21.3651530427581 -0.00013639033206953735 0.9996188720273521 0.027606015366965744 -0.3428079474410359 0.9865961018516732 -0.0043702726876666265 0.16312275294304115 28.457207664344352
0.12161584775525947 0.02773196920050373 -0.9921897618192954 -22.264888185327543 -0.002208978722079747 0.9996147064813081 0.027668736857568 -0.327641509427363 0.9925747860931049 -0.0011732308171260898 0.12163024928723416 28.48410459952571
0.08450477711349011 0.0263882705320056 -0.9960735925740263 -23.264677598276492 -0.0036332065497749894 0.9996507787235244 0.026174804824828035 -0.30822762442237145 0.9964164503134039 0.0014070450528866985 0.08457114028469209 28.49075372156717
0.05082167220566102 0.023711074465620163 -0.9984262329195405 -24.211342661340307 -0.0027466284191911923 0.999717662475954 0.023601935639717093 -0.2937681424996396 0.9987039669824813 0.0015428160293020422 0.05087244885153917 28.47524596442314
0.01984242853516095 0.021094369878950678 -0.9995805648316873 -25.119221766949437 -0.0024446253829987124 0.999775436393831 0.021049954637989962 -0.2888738022166598 0.9998001309444612 0.0020259178005670683 0.019889540479898136 28.45030497949138
-0.006180526161024798 0.019277796099611885 -0.999795062837336 -26.11741252274182 -0.003293093191013961 0.9998083450996419 0.019298409425410605 -0.28069455311477104 0.9999754780161392 0.003411692638158959 -0.006115858053826114 28.3907374133604
-0.026592692653777412 0.01696391982687516 -0.9995024032595053 -27.008200516873966 -0.003699924669528039 0.9998474816394204 0.017068216566142408 -0.26887581862633403 0.9996395046489805 0.004151973436363973 -0.026525871554431365 28.327385946460254
-0.0425712109253695 0.016105931095280007 -0.9989636084382151 -27.806677005434704 -0.003335332517521429 0.9998621929338634 0.016262555103159985 -0.25606153037582413 0.9990878677860835 0.004024192470526621 -0.042511625675983204 28.268281110468706
-0.055435924870538236 0.016572550149759814 -0.9983247010944282 -28.803290692536223 -0.00266122875557483 0.9998562385344402 0.016745749468777597 -0.24670935663021076 0.9984587002451608 0.00358508651140518 -0.055383851973722684 28.186588543321168
-0.06482237517307196 0.017739403861570465 -0.9977391308491189 -29.718475210143318 -0.0037715256390219174 0.9998304840261691 0.01802162052509129 -0.24609607036504197 0.9978896909334584 0.00493120295995713 -0.06474448212853383 28.100101040829124
-0.07158008703952876 0.019220729405684738 -0.9972496451242912 -30.525323426166658 -0.005512588979910711 0.9997914199741673 0.019665398769833312 -0.24886932099564266 0.9974196220759592 0.006905078359543787 -0.07145920088201756 28.022819838307406
-0.07582025650099315 0.020123524409455182 -0.9969184181614178 -31.520280742431456 -0.005444491040107604 0.9997730713353671 0.020595226387709414 -0.23664645155857922 0.9971066373369677 0.006989248742810254 -0.07569348836309082 27.92326824226841
-0.07737487321750838 0.020793772117757448 -0.996785206569443 -32.62021351397293 -0.003135291636366828 0.9997724653960818 0.021099464026258404 -0.22329411049022227 0.9969971408890433 0.0047577806754004835 -0.0772920732165685 27.833398482018655
-0.0761752670465548 0.02283904941428 -0.9968328377979109 -33.778884546588415 -0.0014024959017443462 0.9997341890173805 0.02301269899438328 -0.20936987213565383 0.9970934568512769 0.0031510524610948963 -0.0761229871507668 27.73217625709494
-0.07476906756449829 0.025375074566693107 -0.9968779725353892 -34.775438800935795 -0.002150654888799953 0.9996697622098625 0.025607444363433412 -0.20557645671233588 0.9971985565668867 0.004058585222933937 -0.07468980296468485 27.64931970550387
-0.07295483112799099 0.025369748462182797 -0.9970125217258056 -35.82164535931142 -0.004308907865021855 0.999659065758633 0.02575238939570419 -0.19827155958817394 0.9973259376593465 0.0061747963158954935 -0.0728206424193042 27.548629108041634
-0.07137023426978831 0.022932297341068268 -0.9971862410798368 -36.8545813551639 -0.0061731171449752095 0.9997063721858256 0.02343207280140062 -0.18927506580028927 0.9974307907243428 0.007828100006806034 -0.07120771422601292 27.45782454074207
-0.07020849059614853 0.02278206272403123 -0.9972721521561939 -37.85148447632511 -0.006499610435266802 0.9997074998873199 0.023295272765825582 -0.1734280091386277 0.9975111643046398 0.008117406425869575 -0.07003988007212021 27.380798455459477
-0.06823641960281987 0.025482718786651846 -0.9973436830315948 -38.94392416858237 -0.006217363170301086 0.9996434697253369 0.025966860239505892 -0.15645625085623216 0.9976498060116056 0.007972733454083832 -0.06805365593613374 27.288000357746203
-0.06657647171863773 0.02891191819893908 -0.9973623586237618 -39.846772459063935 -0.007092260973325172 0.999541137448546 0.02944850390687177 -0.14346954591104777 0.9977561191231962 0.009034131619842942 -0.06634087139985197 27.21595717712247
-0.0647701006244254 0.03108803429783097 -0.9974158451661957 -40.84372509609933 -0.007500683069440048 0.999471211344605 0.03163917582427921 -0.134641737372448 0.9978720227657409 0.009530572744841804 -0.06450266943748666 27.138449182021326
-0.0629268202876992 0.030487316537443705 -0.9975523739728271 -41.88294222183575 -0.009208498247361327 0.999473021009508 0.03112689888433776 -0.11641615098450037 0.9979756604489438 0.011144676059588061 -0.0626129167745675 27.052665356572966
-0.06090834807789511 0.027450405511580872 -0.9977658284245204 -42.94639231813515 -0.011566970557155123 0.999535228284874 0.028205187636931795 -0.0944696095245332 0.9980763389273134 0.013259059346514567 -0.06056252156815922 26.95610446135584
-0.05916995603831272 0.026824781993026015 -0.9978874422365724 -43.943126213342055 -0.012484290493108894 0.999540823958629 0.027609486249988255 -0.07798874767879443 0.9981698546807078 0.014091568795959044 -0.058807898241315895 26.877048131196705
-0.05770931740727171 0.029136639753288437 -0.9979081575517217 -44.87084591521334 -0.009927419566365385 0.9995078490703467 0.029757452638318905 -0.06461409497878252 0.9982840683017724 0.01162393524825123 -0.057391664065475356 26.81739265839038
-0.05674266855268127 0.031186967967573594 -0.9979016196973066 -45.723511997977326 -0.0074841552852940516 0.9994706261678221 0.03166156735486669 -0.05351912841136003 0.9983607849796503 0.009265012503536726 -0.056479222357634945 26.763997822612154
-0.055455525288788846 0.03288906207280499 -0.9979193325669733 -46.720914813991705 -0.006747676747869464 0.9994221705720585 0.033313568219887034 -0.0380628879916716 0.998438357422955 0.008581058501489327 -0.055201556694927364 26.693650774069667
-0.054849331052035426 0.02836592208379145 -0.9980916417581495 -47.82137435174534 -0.006567429002947616 0.9995645208730819 0.028768689369817746 -0.02322764625777772 0.9984730440825296 0.008132839362860396 -0.05463915413384863 26.623001351578925
-0.054556610104148875 0.021512221849540228 -0.9982789192430329 -49.069076732302634 -0.005234100545677392 0.9997479974961905 0.021829926565025172 -0.01294674258956039 0.9984969606791095 0.0064160590281584955 -0.05443026456968207 26.54482360938056
-0.054385533914936536 0.017029827682860432 -0.998374778662741 -50.06655463559314 -0.0021971080444353106 0.999850090334402 0.01717467829477798 -0.0038435681045831463 0.9985175944453988 0.0031275913064400217 -0.05433996462633683 26.474432241573435
-0.05508482149166649 0.017752853542604804 -0.9983238445676452 -51.02333124069352 -0.0010090250192470872 0.9998404257136561 0.017835497673049486 0.0030599993370764977 0.9984811687306572 0.001989798942014678 -0.055058118297201274 26.421299627015976
-0.05516840174106502 0.025103611648198642 -0.9981614379104968 -52.150621505678615 -0.001304242875862893 0.9996812277949308 0.025213919666328192 0.0069291391069931495 0.9984762122353513 0.002692856593974782 -0.0551180743813415 26.352060791021934
-0.05537001329694315 0.03209685981191139 -0.9979498751028073 -53.14826430015344 -0.0025646537406596955 0.9994753090927468 0.032288218674128955 0.019453454076900946 0.9984626103058062 0.004347194977494442 -0.055258643822851936 26.284592456460786
-0.055677357596634794 0.03740607805380434 -0.9977478725488154 -54.120472507202244 -0.0045852829667975045 0.9992778536491352 0.03771931052513521 0.03271206642086745 0.9984382840372098 0.006675067865563019 -0.055465632943466 26.217801016551782
-0.0560395086918113 0.03778593001181003 -0.9977132839442006 -55.03215876586533 -0.006180309301478751 0.9992513333616564 0.038191315136945486 0.04517613833563054 0.9984094236547028 0.00830639922553784 -0.05576402504650777 26.151469710057587
-0.05622400373967265 0.03443047097097918 -0.9978243352776058 -56.029278870506865 -0.006273558848121337 0.9993733021964224 0.0348374125961884 0.05816723091392713 0.9983984694814279 0.008218608503540262 -0.0559727666942159 26.076752185786653
-0.056696464622388254 0.031711223515991746 -0.9978877237457325 -57.07715632179461 -0.0065782923226025405 0.9994618890354119 0.03213500328122322 0.07526952022905314 0.9983697896918946 0.008386338228610114 -0.05645734993492619 26.0087222230573
-0.05661508423367908 0.03294697946271597 -0.9978523081005001 -58.15358631605121 -0.00818601663282396 0.9994064408195559 0.03346274316422248 0.09088564003150944 0.9983625200140968 0.010062931614144928 -0.056311775308797656 25.9288321712679
-0.056712168360676725 0.035298139009088535 -0.9977663911669525 -59.151362456828 -0.008974738631809035 0.9993164127517921 0.035863090655725724 0.10413991600386124 0.9983502311445208 0.010988566211528493 -0.05635660907377154 25.863509303410527
-0.05641779125993602 0.033726597196904996 -0.9978374363947601 -60.1413348184297 -0.009943006783739373 0.9993607371645954 0.03434026251989342 0.11500038621731479 0.998357736207541 0.011858906161800995 -0.05604638167800692 25.789418153409706
-0.05613840767428179 0.02869166643246908 -0.9980106549837645 -61.08478102033711 -0.010863324141452661 0.9995102848915343 0.029345844418622202 0.12627535961989955 0.9983638952668465 0.012489142219230814 -0.05579922897526442 25.727936645762743
-0.056017348285298425 0.024531403233918704 -0.9981283819962525 -62.08224273237503 -0.012183076588095941 0.9996068903206115 0.025251484479253045 0.13949864219401809 0.9983554624160321 0.013574795723407793 -0.05569645935906179 25.657970526701686
-0.055241191128304425 0.025160075791767305 -0.9981559905089371 -63.09629007157884 -0.011798930227273114 0.9995962161372767 0.025849370002594827 0.15223412997584787 0.9984033233359227 0.01320512287680926 -0.05492202364798954 25.579128067028964
-0.05475187524817796 0.027638493567388726 -0.9981174008252397 -64.1353600726764 -0.01063930414516071 0.9995439391418174 0.028261615880310457 0.15829221293948345 0.9984433070355632 0.01216665106694773 -0.05443285072178792 25.511622937382587
-0.05446329471401252 0.03255030918397694 -0.9979850835062221 -65.13339208170223 -0.01032218663543858 0.9993967624971224 0.033159667871287914 0.16785033958409395 0.9984624189181859 0.012107373055227749 -0.05409445004567277 25.44964930448393
-0.053788960401698796 0.03809193422950143 -0.9978255119436258 -66.18690743076162 -0.009366474174778667 0.9992089236972956 0.03864965672843798 0.18517283748519722 0.9985083960089846 0.011425031743860522 -0.05338962211155016 25.37930035428282
-0.05394557343818377 0.04126191543842651 -0.9976909989775276 -67.19322029860054 -0.009612428373993094 0.999078123409102 0.04183903137147275 0.2001275073309413 0.9984976095750945 0.011847263806481406 -0.053499215070123146 25.31284873066351
-0.053709564441049094 0.04124350053239027 -0.9977044935006492 -68.19103487239437 -0.009231024344726117 0.9990834610839389 0.04179743985085165 0.21918382093337174 0.9985139312383665 0.01145475675748737 -0.053279617777598196 25.249580150525905
-0.05359741436268281 0.03694550007105282 -0.9978789241176177 -69.18073652216896 -0.009185306122043067 0.9992547950286821 0.037489795459989 0.24058522931100593 0.9985203790234213 0.011175179492396603 -0.05321811757506561 25.18953131699184
-0.05321462724916043 0.032813956655784196 -0.998043810509 -70.192440111438 -0.010198392931712008 0.9993899640763603 0.033401983250442094 0.2535037253458738 0.998531019161819 0.011955917030688918 -0.05284751479125571 25.122240499494026
-0.05290305558373581 0.030148488154890542 -0.9981444461458863 -71.18933892709862 -0.014018315818371393 0.9994232414197743 0.030930103970226216 0.268537387308185 0.9985012536454414 0.015628601087974068 -0.052449912264106245 25.04499595055015
-0.05358277399803273 0.028432845902678375 -0.9981585343043207 -72.09841038782376 -0.017130529441150386 0.9994212656963296 0.029388409875551816 0.28105622555653975 0.9984164618493323 0.01867369668335895 -0.05306469410480297 24.98541420617278
-0.054341693323164277 0.026569612737879212 -0.9981688414520511 -73.02620380090146 -0.014836040936492378 0.9995140884360975 0.027413115603465557 0.2879696351188478 0.9984121755347836 0.016298548914469815 -0.053921100203730865 24.932087926300735
-0.05574106228738172 0.022803104999847112 -0.9981848287654145 -74.02465978693277 -0.011327505942225213 0.9996603804989115 0.023469368758053662 0.2960210350351148 0.9983810002119434 0.012615152125067523 -0.05546382922823083 24.87712613122832
-0.056389902108703836 0.02126992014261329 -0.998182232579451 -75.041805733608 -0.0071293349012654834 0.9997389803303108 0.02170584695369384 0.30306667701167145 0.9983833690141447 0.008340366013457133 -0.056223542851062035 24.81611144405239
-0.058356965856528206 0.024609759091970586 -0.9979923969116471 -76.07610177831572 -0.006694138277558168 0.9996639765394079 0.025042414463074494 0.31013512130596915 0.9982733358398082 0.008142098430665023 -0.05817261541657267 24.748860339978158
-0.060341114135248064 0.030661279338192432 -0.9977067885377255 -77.07440091867655 -0.00410309193349979 0.9995120503706232 0.0309649124090347 0.3175045032096553 0.9981693817090863 0.005962139989908737 -0.060185864663046554 24.691028700141214
-0.062028943988220224 0.03441439713896336 -0.9974808566470172 -78.0242167316011 -0.002208461226519883 0.999398181385181 0.03461788183879595 0.3257494933503779 0.9980719076332699 0.004350208449670406 -0.06191561095335541 24.622359857292018
-0.06362997758003795 0.033474343184185955 -0.9974119982743093 -78.99893361800733 -0.002172529209034333 0.9994302838042235 0.033680675941051744 0.33584087794269024 0.9979711950101552 0.004310007354702033 -0.06352100256295315 24.553080819416472
-0.06463845737696605 0.02971953360538462 -0.9974660992485931 -79.99520347091864 -0.005355041817172879 0.9995317009299236 0.030128099230965218 0.3431173136421903 0.9978943798594417 0.007288906530678414 -0.06444903790224188 24.467095857561617
-0.06593709439431948 0.02624971840669797 -0.9974784468179768 -80.97613797066717 -0.009867563772168835 0.9995878769006846 0.026957513579425225 0.35088591301202215 0.9977749900493769 0.011620182302863154 -0.06565089942423857 24.382377028514725
-0.067191498171485 0.024815744977030405 -0.9974314419421046 -81.9290362590459 -0.01407119686462796 0.9995676538547672 0.025816792714705224 0.35780793865426275 0.9976408692471782 0.015769723159020935 -0.06681326095334424 24.29610390663947
-0.06813004385008994 0.025954472953065404 -0.997338790210585 -82.92516524376636 -0.015634346033346028 0.9995110275776654 0.02707901354831702 0.3619040761543838 0.9975539405711811 0.017437634139095104 -0.0676909489262538 24.208295891871238
-0.06914247096037411 0.027388828082156445 -0.9972307510329692 -83.97963255467856 -0.015342724090470704 0.9994756313249279 0.02851426318741911 0.3704468277471633 0.9974888067176366 0.017271782882024397 -0.06868599558205987 24.12253515888341
-0.07006563773211757 0.026969098167459113 -0.9971777545418998 -84.9052563322754 -0.017156313584649183 0.9994540418554783 0.028236131515027466 0.37428748632132836 0.9973948402279681 0.01908627681824559 -0.06956469452129081 24.04144104928002
-0.07071114653522667 0.026880144933524856 -0.9971345904962009 -85.90187994527437 -0.01796423322746775 0.9994404088972589 0.02821622561275229 0.3787985135626994 0.99733505908507 0.019907960006823724 -0.07018869601398728 23.959459315664265
-0.07117485748174175 0.02853138641986603 -0.9970557154198626 -86.86161200899451 -0.01628357963122932 0.9994243812881619 0.029761571214721626 0.3873768940757311 0.9973309303821097 0.018353911728452257 -0.07066929479920589 23.875601919461957
-0.07139650114945092 0.03120983093804002 -0.996959621086248 -87.6771474697802 -0.01520456997001625 0.9993601729524606 0.03237384389372955 0.40077746493553795 0.9973321215501088 0.017469721498857647 -0.07087628767866636 23.80449809020667
-0.07156419528644946 0.03535240308491695 -0.9968092964800862 -88.67331596183624 -0.01534422311568956 0.9992144081112716 0.036539313619958935 0.4088220007719126 0.9973179637256998 0.017910170824515643 -0.07096551987449862 23.71741421754241
-0.07207231734435932 0.03747237517363974 -0.9966952403676161 -89.6168490860433 -0.015319286502115522 0.999134529546188 0.03867184155925746 0.42057825083902617 0.9972817558411853 0.018055829179636086 -0.07143589083196059 23.635797241488316
-0.07278436646040713 0.03738828528467991 -0.996646653595159 -90.55039210804047 -0.014878456846342206 0.9991451828005058 0.038568577993181856 0.4361155006320924 0.9972367158908793 0.017635753741079584 -0.07216586914293596 23.55643559025483
-0.0731024883153726 0.03548499589726871 -0.9966929523520632 -91.5471202469538 -0.01435640897562402 0.9992258365948606 0.036628144952016745 0.44717402970466946 0.9972210987155371 0.016986540185457026 -0.07253645793049499 23.476368705515533
-0.07326330054248 0.031994558724752875 -0.9967992962505697 -92.51447802263021 -0.014034724297962022 0.9993532321184444 0.033108065003851904 0.45964636069729425 0.9972138764114247 0.016415409420036567 -0.07276688138205582 23.39214239769898
-0.0729934607842635 0.029242350707794663 -0.9969036260380535 -93.44062001073107 -0.014328224925346026 0.9994361525476527 0.030365752933762882 0.46553644471927347 0.9972294904650697 0.0165003607787216 -0.07253331262907546 23.30778042781311
-0.071927156561262 0.026939082235804036 -0.9970460220056568 -94.43755591042627 -0.014861728924570536 0.9994952672963269 0.028077387086714204 0.4725845396630361 0.9972991593109773 0.016837354321186816 -0.07149049123539843 23.229875894850917
-0.06946420855494631 0.02632435956439933 -0.9972370589901678 -95.41413752534184 -0.0170936235684199 0.9994736004409176 0.027574083030461397 0.47389910861854223 0.9974379839183658 0.01896180674919557 -0.06897766393311776 23.13659042946777
-0.06564238682968263 0.02729176586395007 -0.9974699176252534 -96.47076695117464 -0.017325688130755225 0.9994440306466064 0.028485963835928184 0.47497644643608977 0.9976927871755393 0.01915173936991969 -0.06513304305042567 23.057129527571675
