0.9999909823908651 -0.002705913748917033 -0.003273097575048836 -0.003075409725124071 0.0026987330268898554 0.9999939465524144 -0.002196292006241235 -0.0035925125899549525 0.0032790207382605435 0.002187438984412364 0.9999922315366693 0.8604299684804191
0.9999716456804266 -0.0013857361618826154 -0.007401862635096283 -0.016146675753175906 0.0013567815558918615 0.9999914143954727 -0.0039153900382454 -0.004250794386253018 0.007407224783194801 0.0039052363093224655 0.9999649404606041 1.6998565292548582
0.9999398083848648 -0.0013986902560078208 -0.010882245761202893 -0.04420213751353744 0.001340463173505318 0.9999847575343004 -0.005356104699041761 -0.009612749445427598 0.010889571420397846 0.005341195056761174 0.9999264417294133 2.5772064557114525
