1.0 0.0 0.0 0.0 0.0 1.0 0.0 0.0 0.0 0.0 1.0 0.0
0.9999779439014687 0.0013550201243789353 -0.00650197132059742 0.013400476686617762 -0.001369851288451413 0.9999964691216592 -0.0022771147669945232 0.019346883110581383 0.006498862826592916 0.0022859712765178424 0.9999762692770684 0.088607755291314
0.9999069041259089 0.0018449338932373027 -0.013519589500803408 0.00468635133430529 -0.001876710769729225 0.9999955055601761 -0.002338122352375711 0.01847238258453661 0.01351521505664752 0.0023632770420500557 0.9999058725118054 0.18258004581788184
0.9997765206328212 0.0020733236874627835 -0.021038301267380273 -0.0054238928201935386 -0.0021377973070811776 0.9999930863152926 -0.0030425555524570404 0.017827453490132962 0.021031847612701198 0.0030868512278625355 0.9997740408389751 0.28010613977209353
0.9995393359343585 0.0026119329382170943 -0.03023729032548875 -0.017805506896109973 -0.002750338709118859 0.9999859271914602 -0.004536634878512111 0.01905316081233453 0.03022501541582338 0.004617707803885694 0.9995324533089213 0.38379658119984805
0.9991286252683869 0.0027137650062800936 -0.041648837304230246 -0.034994412121993335 -0.0029719443446635037 0.999976744181699 -0.006138293132559442 0.018964660571253858 0.04163121084133602 0.006256722405516603 0.9991134548731812 0.4972029155099674
0.9984738235265742 0.0025175851325403074 -0.055169606644638054 -0.05451726596841669 -0.002907091211715879 0.9999714065290684 -0.006981041825081053 0.017805860757924265 0.05515045378698568 0.0071307706019180525 0.9984525925439385 0.6236679869138895
0.9974486544371549 0.0023733680784775546 -0.07134808256339673 -0.08015385576752024 -0.0028787427242465574 0.9999714872005873 -0.006981233857522736 0.017524945565251467 0.07132947919224426 0.007168815091065472 0.9974270466998341 0.7621723204068955
0.9959524251608236 0.0007671630046474163 -0.08987868644566713 -0.10832869907748613 -0.0013963520508087275 0.9999749585561253 -0.006937756238573116 0.014612905639869863 0.08987111336366345 0.007035177439123915 0.9959285563037015 0.9140542044353721
0.993953762128757 -0.0005855951760120953 -0.1097978862655397 -0.14106601700228538 -0.0002045808348618179 0.9999741649175237 -0.007185237935044034 0.01376347306750105 0.10979925726876555 0.007164256820565531 0.9939279634497843 1.0767416462880917
0.9912545467775928 -0.0009210478434871915 -0.1319605060751868 -0.18480591098645688 -7.730289219301197e-05 0.9999714182605056 -0.007560204119970983 0.010865665432913334 0.13196369772407962 0.0075042876372627765 0.9912261437987017 1.2453220582743825
0.9877651421353592 0.002642125057409141 -0.1559264030159596 -0.24156347467515493 -0.004086606589560928 0.9999516508296463 -0.008944028714569915 0.005795182706089228 0.15589523286135662 0.009471809660561405 0.9877281818359022 1.4178375909772638
0.9834329312839005 0.006852352348226013 -0.18114280259963766 -0.3072212226348424 -0.008886596487520102 0.9999062127475751 -0.01042084985349735 -0.0008741502406263836 0.18105440637892117 0.011857949911215747 0.9834015919016397 1.5947170855748924
0.9780599496436684 0.009560356871348808 -0.2081041433501934 -0.3759062994467115 -0.01217242363236128 0.9998623467461343 -0.01127473557238614 -0.007783161176992386 0.20796770664201622 0.013560499098681815 0.9780416892230384 1.7790857109765603
0.9713575679630888 0.009968663635351881 -0.23741335452362186 -0.4494806090991653 -0.01305566234255036 0.9998493967760288 -0.011433872808815582 -0.011207000663867537 0.23726361887493636 0.014205967476242958 0.9713414258881541 1.9702281790108955
0.9633996683513393 0.0118153429683479 -0.26780865686357164 -0.5374738327154943 -0.015290634492001435 0.9998237339683863 -0.0108948377842447 -0.014978732547910531 0.2676327250493892 0.01459104739397765 0.9634105178056674 2.16304195900591
0.9540243889060467 0.01361145944044694 -0.29941976144594357 -0.6338976463704337 -0.017349200445779814 0.9998011844664199 -0.009828366264828015 -0.018913569583196357 0.2992264537375277 0.01457119457850056 0.9540708619763095 2.3593341942561197
0.9428228687206771 0.015367206105116821 -0.33293976511350537 -0.7382906862877702 -0.019400155517421316 0.9997731420430047 -0.008791951737664812 -0.019538561075249684 0.33272912734417026 0.014748336380094571 0.942907108039178 2.556485712652088
0.9304936608984192 0.017561232821153818 -0.36588679961110804 -0.8539279223589233 -0.02215157147835096 0.9997197435845462 -0.008351177658770784 -0.0219032831961784 0.3656376005129906 0.01587568546709322 0.9306218929844989 2.7484921434259273
0.9168170024008562 0.020385146516540206 -0.3987869480188738 -0.9813160643000464 -0.02553921889015441 0.9996448146385397 -0.007615304640012182 -0.02428739006837533 0.3984900656317413 0.01716654792841592 0.9170119831414589 2.941881201957806
0.900880069973348 0.02082426473178776 -0.4335682755036355 -1.1117262100909886 -0.026479035982160223 0.9996248113847884 -0.007006933521983731 -0.023583850477646204 0.4332596913841298 0.017792876729367198 0.9010934764825577 3.13665982577168
0.8826327986914275 0.016146825506548723 -0.4697857199832704 -1.246605545199528 -0.022433628537339136 0.999718005012384 -0.00778734644841028 -0.022896895373762213 0.46952750184071995 0.0174123657243912 0.8827461325517617 3.330741982883918
0.8617858913041043 0.01154183663792263 -0.5071408715102882 -1.3947362556655531 -0.018191317397208136 0.9998012381650435 -0.008158439495388354 -0.02698626493530654 0.5069459078842091 0.016256388610924235 0.8618245623726358 3.5218570846914523
0.8374452392624397 0.013109778015478354 -0.5463639857796821 -1.5661452334510086 -0.018931033407550833 0.9998081554250328 -0.005026760359882337 -0.03112915297291524 0.5461932691005977 0.014552871399774372 0.8375327615820313 3.705592624439937
0.8088695854934297 0.018885333625524067 -0.5876847265647975 -1.7599258518942908 -0.02403678120223885 0.9997106162274313 -0.0009575759004447917 -0.0397479212911226 0.5874965760011914 0.014900603210006842 0.8090894543935511 3.8835712252163663
0.7766387747641108 0.02176570291799701 -0.6295700657666208 -1.9620517088122262 -0.027301463998782007 0.9996268579570184 0.0008802922819842819 -0.042890033450459275 0.6293543068863712 0.016504515365923608 0.7769432137396602 4.059101256320815
0.7413593384028608 0.021295180374986254 -0.6707703382348313 -2.1786554536351423 -0.027049199515863435 0.9996324101557315 0.0018399379865078895 -0.04642614379843745 0.6705629516819611 0.01677974549985734 0.7416628398217994 4.227891768324739
0.7021455985644667 0.01711782391361041 -0.711827604494944 -2.403066656555455 -0.021174844083254016 0.9997708085553279 0.0031553666467683183 -0.0487319189921806 0.7117184727085546 0.012857311736451126 0.7023471400527764 4.3987796997798885
0.659689633019355 0.01335612949095675 -0.7514194580204923 -2.6454115277538968 -0.016015841470756225 0.9998648499263055 0.0037114288124494473 -0.04761938726579898 0.7513674739491808 0.0095862238064355 0.6598143855694267 4.565117231497956
0.615245594431108 0.012853512257434623 -0.7882307059203931 -2.907316843657893 -0.013381708199464121 0.999893288916209 0.005860090954125619 -0.04950765475297191 0.7882219157183954 0.006942478157992911 0.6153519428572958 4.719139718862643
0.5671368508785948 0.013521918905130903 -0.8235125682614894 -3.185769470200023 -0.010810111408467955 0.9999013042226977 0.00897347787003313 -0.05149725689560736 0.8235526296885023 0.0038130726285408928 0.5672270503160812 4.871413088487653
0.5164640691428578 0.01414076404604047 -0.8561920953130764 -3.485618145276319 -0.00971513567493608 0.9998960499903929 0.010653889075201147 -0.04608181518387336 0.8562537482681284 0.002815671465799288 0.5165477621391632 5.000960257474192
0.46365974069548527 0.015593313602641523 -0.8858761162990486 -3.7999477258364367 -0.008623612756381916 0.9998771814797031 0.01308645327169254 -0.04430861425583696 0.8859713754750904 0.0015717910465139688 0.46373726539030985 5.123205519802926
0.4092486868735236 0.017636963550941874 -0.9122524046605741 -4.136734412089892 -0.0072963767725594915 0.9998444530685029 0.0160571651962116 -0.04077037090756723 0.9123937062355756 8.476348461608106e-05 0.40931371542725287 5.230789866808349
0.35409068860530485 0.019604996502804665 -0.9350055766438757 -4.491554872404766 -0.006759938731270455 0.9998077843723829 0.01840373703179121 -0.036869584951576787 0.9351866591602828 -0.0001960115069891263 0.35415515541654696 5.321153498582101
0.2995529155301961 0.022804820298299316 -0.9538071036475467 -4.866843793842075 -0.004676960981772122 0.9997373834041171 0.02243413159147428 -0.03625990155108365 0.9540682244123502 -0.002259290917717571 0.29958090521796416 5.397436291667546
0.2461146039948806 0.024665012773342744 -0.9689268490682537 -5.254041596622095 0.0002629890447604739 0.9996744169391893 0.025514524374433734 -0.03447242815511477 0.9692406989686337 -0.006534314209010749 0.2460279866206534 5.462576882772819
0.19555343137506068 0.02515183543250524 -0.9803704609237347 -5.655699331818868 0.0031344328399795216 0.9996499257912663 0.026271680499861828 -0.03134459396708093 0.980688039494829 -0.008210422637802488 0.19540613642334137 5.506894202337546
0.1482601140259106 0.026240313787600406 -0.9886002147083283 -6.076254925583915 0.0012560747810713723 0.9996421205721787 0.026721771163257232 -0.024702709068117314 0.9889476026894289 -0.005203528637895706 0.14817409498473816 5.530106400044986
0.10601673085046746 0.026615795522058203 -0.9940080745187676 -6.513096273503455 -0.0005975023152891578 0.9996432339037049 0.02670295679368375 -0.016572974502845367 0.994364166576191 -0.0022370380573665727 0.10599481067470756 5.5416956363268595
0.06839678596434777 0.02522232736307549 -0.9973393173199065 -6.963271703301155 -0.001979945075025492 0.999681834028409 0.02514578555336569 -0.00790878208537624 0.9976562331220343 0.00025478615705787095 0.06842496325733079 5.538458092112275
0.03415890663847628 0.02260969655542261 -0.999160633091064 -7.427719114521579 -0.0005703444877554292 0.9997443476808896 0.022603406541434896 0.0006408635342704735 0.9994162515210713 -0.00020224189429470413 0.034163069150575945 5.528402926065695
0.0029680226025745916 0.019936195148196056 -0.9997968488472265 -7.9048170961408175 5.235176188453577e-05 0.9998012480927797 0.019936438283019546 0.0067588264950178304 0.9999955940408556 -0.00011151292600262164 0.00296638900748023 5.5094347952206
-0.023426597316823904 0.018095527813574794 -0.9995617771860346 -8.39919631880443 -0.0005088292220337745 0.999835827291789 0.018112414432274928 0.012122858603436266 0.99972543012118 0.0009329184808005702 -0.023413543775558706 5.475925890162595
-0.04403518814371243 0.0157371121155617 -0.9989060243623573 -8.907746422820141 -0.0011023001523327814 0.9998745493705593 0.015800963748932605 0.02201082352032916 0.9990293725108997 0.0017968926743569499 -0.044012316880560134 5.4348840299973595
-0.06021481123591538 0.014850331634295482 -0.9980749692073111 -9.435446180724352 -0.0006261799179919838 0.9998885677240404 0.014915094149117191 0.0340936950660534 0.9981852455363851 0.001523084081123048 -0.060198802383008114 5.391943413712709
-0.10843306160854776 0.01220850277458521 -0.9940287840954106 -9.099255690910661 0.003337404036653295 0.9999234223857377 0.01191684096937876 0.020766588309793207 0.9940981505286554 -0.002025296125577708 -0.10846550276982415 5.821024561421857
-0.11796845854816106 0.01338342943597344 -0.9929271507035669 -9.65375160237695 0.0022437337220999323 0.999910213839007 0.013210977231652854 0.020274612541546482 0.9930148077681196 -0.0006693855116892973 -0.11798789546509272 5.748335906894938
-0.12461589978974526 0.014786981004919094 -0.9920948657826796 -10.225381744996145 0.00046917067880992893 0.9998897082807312 0.01484422962460153 0.01816509958349225 0.9922049472757464 0.0013843652097321444 -0.124609093305825 5.668518739644793
-0.12906764847426244 0.01583367800671837 -0.9915093730056739 -10.810053933505625 0.0007374377782140688 0.9998737717280002 0.01587125691133924 0.021974308976094238 0.9916355168623439 0.0013172893387696477 -0.12906303284035484 5.589059299673443
-0.13048490250132824 0.016578361132090047 -0.991311680633994 -11.412994861199968 0.0028928856293727045 0.9998622989709661 0.016340572487803573 0.030057046061329737 0.9914460759072853 -0.0007355533072484987 -0.13051489389865817 5.511874032446064
-0.1295751471174243 0.018865095290246353 -0.991390129782009 -12.03193090172311 0.004971200821251449 0.9998187931516745 0.018375745512038924 0.035572738629088434 0.9915571432912441 -0.0025473594992381802 -0.1296454493905939 5.437192534128612
-0.12792995493972906 0.02130858761859753 -0.9915542701853591 -12.665476869062974 0.0041609398024784845 0.9997719007518687 0.020948342343845596 0.03921587019834419 0.9917744769901469 -0.0014458771370216934 -0.1279894379635508 5.351345207795545
-0.12622526454186347 0.021257790667489795 -0.9917738093573929 -13.314641040456301 0.002091050430895239 0.99977384910895 0.021163131761845876 0.04358862650447663 0.9919994002515486 0.0005974728537658082 -0.12624116969814955 5.2632475183588365
-0.1247250353883677 0.01865975614855533 -0.992015866328683 -13.975293835674387 0.0002202821273669987 0.9998236361927577 0.018778923986095833 0.050839470265318445 0.9921913207759656 0.002123678593304466 -0.12470714881704882 5.182969582516358
-0.12332296598642352 0.018537743102101923 -0.9921934277856271 -14.652841772968037 0.00021789728424366633 0.9998259889982392 0.018653263641129098 0.06206268430902537 0.9923665646227131 0.0020841795441917453 -0.12330554575745016 5.091309279325329
-0.12169330593374413 0.021156178254192626 -0.9923422571938543 -15.34831182859228 0.0009473967118970943 0.9997748386199092 0.021198455179651184 0.07848641430505351 0.9925672983381967 0.0016395682999579826 -0.1216859485947467 5.007848994771477
-0.1197988446476002 0.02459503521601847 -0.9924934866606548 -16.05959681186779 -9.412739212294528e-05 0.9996928051419465 0.02478480355902118 0.08801967229638952 0.9927981808812577 0.0030626116547867732 -0.11975972799199973 4.916045474827994
-0.11799921417444473 0.026714880692400474 -0.9926542704304478 -16.78588653813316 -0.0005359853080843253 0.9996361942266655 0.02696649609750413 0.09434407073705624 0.9930135438018775 0.0037140734535015202 -0.11794196659552085 4.827114134282547
-0.11617850214352446 0.026047604269069307 -0.9928867397400015 -17.52195013730288 -0.002217523438591598 0.9996467665896885 0.02648442252681553 0.10460152907537332 0.9932258747281439 0.0052786701565417935 -0.11607970284202167 4.734771156893656
-0.1144939602701379 0.022797366352596795 -0.9931623297070051 -18.27181204504505 -0.004243515397289227 0.9997163093204366 0.023437010385214396 0.12353031858318177 0.9934148809227357 0.0068978957740147995 -0.1143647384256082 4.641885617655439
-0.11290484285012418 0.02220046156391044 -0.9933577582962436 -19.032838729582256 -0.004705034979164693 0.9997272021656423 0.022877585010237084 0.13564032546764593 0.9935946653977332 0.007256773139979581 -0.11276958870529448 4.544544763327994
-0.11147679660497312 0.02460197116740505 -0.9934624637264218 -19.815905078340005 -0.002069489932209608 0.9996856016549959 0.02498829836360204 0.1493406258057425 0.9937648821678666 0.004841576020893594 -0.11139083495297078 4.463124458839904
-0.11058663198867183 0.0267315250749994 -0.9935069312252265 -20.60580523293883 0.0002261538635480718 0.9996388747780113 0.026871339508490355 0.16130241615577187 0.9938664627000108 0.0027469255023096677 -0.11055274180432027 4.38364030194227
-0.10948522500236715 0.028554928629791587 -0.9935781808982768 -21.403479297928186 0.001625471987644017 0.9995910834346833 0.02854862095955696 0.16942377154287097 0.9939870941551495 0.001510618688679919 -0.10948686991680322 4.296197241462453
-0.10884955702621621 0.02397429228224196 -0.9937690915120889 -22.20088785749165 0.0019447570311024096 0.9997123512544479 0.023904657901601897 0.17752992105028856 0.9940563323349869 0.0006693719954421855 -0.10886487076116537 4.204195677520985
-0.10859982001869817 0.017071036076519296 -0.9939389613146176 -23.00424697314624 0.0032491781715500503 0.9998532947631641 0.01681760364779418 0.18529040748319553 0.9940802391824894 -0.0014030960476603695 -0.1086393546941676 4.119631626690776
-0.1088511076355244 0.012579620678509809 -0.9939784653150714 -23.821904965735108 0.006692988826413681 0.999906534205701 0.011921692552330544 0.19548343447910488 0.9940355326984486 -0.005354997322838262 -0.10892512904093078 4.033035039745927
-0.10928317043900662 0.013456188232886896 -0.9939195740385841 -24.6480064244579 0.007835284166132522 0.9998889638227387 0.012675501864832227 0.19821978529270343 0.9939797769476171 -0.006402423270179316 -0.1093764691121198 3.9352985170521295
-0.109287859037019 0.020951763197684485 -0.9937893073916689 -25.48815495611956 0.007340897126898954 0.99976758168309 0.020270516641608914 0.19731294106732755 0.9939830356180515 -0.005079983706038724 -0.10941626327502435 3.8408305193569454
-0.10944265472440791 0.027977660858833485 -0.9935992933873002 -26.33147036379897 0.005899909872077395 0.9996044777555531 0.027496892816258885 0.20553424566839207 0.9939756015065838 -0.0028528133334610037 -0.1095644333974718 3.7403175692115234
-0.10962585575951864 0.03331790838658166 -0.9934143590313845 -27.17435774161978 0.0037224507041156464 0.9994448020360925 0.0331093799970765 0.21209120864480613 0.9939659526914131 -6.829186440839236e-05 -0.1096890159791427 3.640204746345115
-0.11003045518712241 0.033628919841395766 -0.9933591468756986 -28.01742183919271 0.0020773286563171827 0.9994330522163186 0.03360444677756931 0.22027378053600738 0.9939260453559752 0.0016339791534276797 -0.11003793198328422 3.5457264391651355
-0.11038095267550932 0.030199303835529143 -0.9934304441350167 -28.85536181447988 0.0019336684070385998 0.9995429035519642 0.03017026492094462 0.23385575952909496 0.9938874716047779 0.0014092575200321423 -0.11038889337385194 3.4538902292339153
-0.11078507864345316 0.027455016244738107 -0.9934650917032591 -29.69055402347485 0.001526667795251419 0.9996218768866775 0.0274549182296853 0.24661175307713007 0.9938432148158011 0.0015249041140153654 -0.11078510293372587 3.361474993357863
-0.11080811008439669 0.028660320605096042 -0.9934284819564705 -30.52942277931934 -2.0811493680928956e-05 0.9995840338636953 0.0288402290501338 0.2581745214762817 0.9938418195600373 0.0032164060060211 -0.11076142119889262 3.2596755498657313
-0.11063724484465016 0.03107941269617704 -0.9933747883652201 -31.365528125619132 -0.0008464124330045656 0.9995076214584728 0.03136555806006277 0.2658586796910328 0.9938604950591294 0.004311003698285827 -0.1105564634380786 3.1614882743198867
-0.11053841239940537 0.029452095585708164 -0.9934353695383659 -32.2039420080122 -0.0014187349925546258 0.999555131258846 0.029791387432144285 0.27427234766979436 0.9938708399863836 0.004702514191530306 -0.11044745259642069 3.0626975260438556
-0.11015432429434575 0.02419970708587752 -0.9936198463276658 -33.03298375773656 -0.0023173421764444003 0.9996945760835245 0.02460456206518298 0.28778919372020584 0.9939117942576662 0.0050128560860957854 -0.11006460152731547 2.9692734513931
-0.10988222778050473 0.02004425123026024 -0.9937424837504996 -33.86381203839853 -0.0035200603915200132 0.9997825205690224 0.020555309277467522 0.2959136569567844 0.9939383809838683 0.005756696732546218 -0.10978777368129926 2.868852679481019
-0.10940934255092699 0.020756405730358238 -0.9937800397390416 -34.69846833846133 -0.0031533493858003116 0.9997696734035778 0.02122867235967609 0.30519702590591363 0.9939917767015103 0.005456350764032868 -0.1093186904701793 2.780896234316932
-0.10884419435469343 0.02325770198396264 -0.9937867078270384 -35.5333976796229 -0.0019967406901949154 0.9997191274892344 0.023615231499610277 0.3109930839883537 0.9940568164757455 0.004554715203967713 -0.10876718341263104 2.6906422757989907
-0.17983295952604403 0.027923681901503905 -0.9833007549357258 -35.977291356161636 -0.006934226576254011 0.999536203020198 0.0296529147598495 0.2978474920012996 0.9836727215745558 0.012151001647163144 -0.17955592440539875 3.407362056312554
-0.1793444281029553 0.03379253984128661 -0.9832057975619852 -36.81008328832029 -0.00601922186392328 0.9993534842898277 0.03544548498658078 0.30596735704295763 0.9837679325311314 0.012275084067171396 -0.17902507431800477 3.2709180347499465
-0.17944585434657087 0.036922233517519394 -0.9830747347124265 -37.632442723467946 -0.006140038902680878 0.9992339486269489 0.038649913760182675 0.32088196812684505 0.9837486901033732 0.012971683910494193 -0.17908168565328897 3.1137098999071435
-0.17920061229974235 0.03681742556834243 -0.9831233990328567 -38.454836291100044 -0.005965587794657254 0.999240469414021 0.0385083893133859 0.3367380071708288 0.9837944664988015 0.012765635893547898 -0.1788448663690734 2.967913442047648
-0.17895758726066574 0.03261452461582548 -0.9833160604535683 -39.273223771707606 -0.005496893212685419 0.9994016547104326 0.03414845131272741 0.3516300789729492 0.9838414334265708 0.011516307834245726 -0.17867123027230034 2.8129521971351
-0.18024760333958798 0.02933004157920754 -0.983183884200355 -40.09171471492496 -0.006093410772201397 0.9995028562760991 0.03093397228098748 0.3423180132451519 0.9836023951960954 0.011566717636462418 -0.17997927438353173 2.677222008562535
-0.18009368622491664 0.026171576392775852 -0.9833012319584669 -40.907086633380494 -0.009785293404964835 0.9995488495777987 0.028396220535100693 0.3580468959751473 0.983600789047518 0.014735871091198866 -0.17975634032846682 2.521853042631731
-0.18061254363020382 0.02400906733244408 -0.9832612439068541 -41.721527677681706 -0.013087611131692692 0.9995548446633661 0.026810948227537917 0.37144381051315567 0.9834672457780652 0.0177109343576306 -0.1802179216556623 2.3644943307914774
-0.18123521253651595 0.022458015990293848 -0.9831833172174066 -42.533917194347055 -0.010581464835464943 0.9996368174853139 0.024784384797068595 0.3778180851656639 0.9833828503379444 0.014895322944235212 -0.18093175236980183 2.212437592082504
-0.18367562712378613 0.019261112798117493 -0.9827981855571681 -43.35193295358517 -0.006834293946759024 0.9997588224866691 0.02087077589161332 0.3832945471179742 0.9829631511033021 0.010550184540891083 -0.18349969258617305 2.0972237922447627
-0.18437922622712735 0.018065862266030422 -0.9826891296623111 -44.16318075308177 -0.0026034967617964153 0.9998185699841352 0.018869258583484518 0.39605409853917306 0.9828517297845577 0.006037527264030728 -0.1842987398872793 1.9478504505180987
-0.18633672799040263 0.02151578141946333 -0.982250321940258 -44.975256433730664 -0.002342202166236403 0.999747611943809 0.022343377132022522 0.4026915251580305 0.9824831489093556 0.006464020618871461 -0.18623930451597936 1.802309569700761
-0.19078405391493902 0.02698990160787866 -0.9812609184019194 -45.79645064726382 0.0004960810330504203 0.9996244662990991 0.027398545214121085 0.4230555345641756 0.9816319058972106 0.004740420597228911 -0.19072579725137123 1.7062464261942734
-0.1925658393518555 0.0308711264334939 -0.9807983335362281 -46.59992682659154 0.0025276696262790618 0.9995173029517319 0.0309640434432662 0.4317967973152952 0.9812807999757133 0.0034834828581951725 -0.19255092039821822 1.5485654165063372
-0.19410150784383004 0.030058176771243072 -0.9805208364241629 -47.397538710077576 0.0028075266233708726 0.9995433845520346 0.030085547901321945 0.43928088278641353 0.9809774321802774 0.0030868118589236007 -0.19409726722841059 1.3916452882999744
-0.19514185831538566 0.02604307232279325 -0.9804291986253812 -48.186900850763074 -0.00018165267422701886 0.9996464150888229 0.026589693536612613 0.44366007315662737 0.980775010966085 0.005366859794591686 -0.1950681283050139 1.2268163564986516
-0.19648338169760135 0.02204952755475271 -0.9802591999319805 -48.97146812848672 -0.004636930902491095 0.9997150405768724 0.023416586347888964 0.45014481397006517 0.9804961905017686 0.009146364250062856 -0.19632514977079482 1.064478719431731
-0.19773132523641943 0.020113773975580184 -0.9800498758311784 -49.75451974554025 -0.009018463005504879 0.999709825426054 0.022336791883060408 0.4549122162487443 0.9802147674592889 0.013255227009300711 -0.1974925533068635 0.897210231993177
-0.19857925036964189 0.02095766631650752 -0.9798607337500553 -50.533785791777554 -0.01049852476569045 0.9996684999130443 0.023508961256258322 0.46089179892937404 0.9800286027970692 0.014955484083439255 -0.19829339675202198 0.7241166538851875
-0.19956528834981044 0.02235906555880542 -0.9796294033322978 -51.31441522250121 -0.010324956058001522 0.9996361519473271 0.024919048985482195 0.46815446578073144 0.9798301337314839 0.015087607738723028 -0.19926182053887076 0.5639511431659007
-0.2004448992438686 0.021698268336815603 -0.979464663741525 -52.08690589379031 -0.012188445312603791 0.9996221055512847 0.024639153680236288 0.4726376538138093 0.9796291564505301 0.016876944166530603 -0.20010468407216966 0.3980444963653572
-0.2009156218457996 0.021343987466345735 -0.9793759988366836 -52.856244888675825 -0.013314193086320454 0.9996107650647901 0.024516333923437262 0.4798802521159202 0.979518067807213 0.01796531562822623 -0.20055324049638898 0.23720792349215034
-0.20135291547899228 0.023118538777433317 -0.9792459020046527 -53.62116837909848 -0.011739492185356104 0.9995926769813342 0.02601277471781995 0.48818370766575997 0.9794484099488547 0.016733597643256878 -0.20099949989632784 0.07184933724819831
-0.20159137032115648 0.0260262295849036 -0.9791238710120553 -54.38296111287086 -0.010876790002814054 0.9995257861983526 0.028807953134506736 0.4947722133236889 0.9794093193610489 0.01645715948027338 -0.20121269107729728 -0.08905400529708707
-0.2016624038565246 0.030205266277702966 -0.9789892321981386 -55.141860202076394 -0.010987020819369045 0.9993917196791116 0.033097975925169804 0.5003311672603329 0.9793934654899036 0.017430792463954178 -0.20120787069534807 -0.2542806427059546
-0.2051389486827246 0.03191290003521707 -0.9782124403955864 -55.903164799104054 -0.009353107322494884 0.9993587124289729 0.03456419065622291 0.5171692715048546 0.9786881684769468 0.016239787672506344 -0.2047089108455995 -0.3522189602199687
-0.11182817406384861 0.03932678955321073 -0.9929490737741705 -56.10343352913278 -0.005542461742619368 0.9991763765313971 0.04019763300767563 0.46946419324076416 0.9937121014677127 0.009998610154699713 -0.11151810252868001 -1.083284989033176
-0.11197882915663085 0.03741987430728945 -0.9930057879124053 -56.84866934185232 -0.0048406227582240505 0.9992583373138523 0.0382013570448557 0.47987896184030465 0.9936988025513683 0.009084509650094328 -0.11171464314222523 -1.1745204292329254
-0.11238558843540239 0.033919589805816025 -0.9930855657693518 -57.5834824185225 -0.0052373754848573 0.999383098838108 0.034727390555172315 0.4847177950390632 0.9936508689726286 0.009104020218895103 -0.11213860800721137 -1.2257568458450252
-0.11216635014100873 0.031097744737334874 -0.9932027185667065 -58.30866987459408 -0.005505237001989924 0.9994753970628072 0.0319158742900187 0.4954194594134188 0.9936741932150585 0.009047703487401058 -0.11193630688926424 -1.3084147290102257
-0.11085707200251335 0.028792872225732565 -0.9934191864948163 -59.0161108063779 -0.006027340744845932 0.9995423788077957 0.029642944030562234 0.503336032200812 0.9938180823222005 0.009273805920234367 -0.11063279700513208 -1.3922012066041085
-0.10737164206423798 0.028578020864355364 -0.9938081440619744 -59.70729628748855 -0.00927984817851514 0.9995144503739438 0.029744712327696172 0.4993428901415296 0.9941756458987586 0.012416127300820094 -0.10705430810872107 -1.4909201916169021
-0.10324536572109086 0.029508533330827928 -0.9942181053057634 -60.386092384726574 -0.009699776904395899 0.999482435582913 0.030672060401177512 0.5057992556221995 0.9946086209083069 0.01281044190931602 -0.10290570340347961 -1.5638007905204687
-0.09762146930334416 0.031084555155680156 -0.9947380555512241 -61.05106582947669 -0.008839519054058134 0.9994455999705688 0.03209915267360014 0.512840035596096 0.9951843606256834 0.011926572443230971 -0.09729257544030379 -1.620281546919566
-0.1625183815787463 0.0428906759862899 -0.9857728772706542 -61.49489437338176 -0.0009237672964859502 0.9990477434234958 0.04362055724544474 0.45832899339739186 0.9867050837524898 0.0079997671128782 -0.16232400137728487 -1.14629430090088
-0.15389040004427484 0.04417340378964847 -0.9871000228810908 -62.12379576145085 -0.0022130482111531414 0.9989822748542476 0.045050160317670854 0.47197775088856214 0.988085445288933 0.009117287133211272 -0.15363602404222274 -1.242876426272485
-0.14233345010030127 0.04569335498216178 -0.9887635239494929 -62.738459477081534 -0.004697882402357863 0.9988914674038272 0.04683765844662581 0.48532721427512027 0.9898076171072234 0.011311660280583417 -0.14196100682306403 -1.326084348652861
-0.13149839705262042 0.04721959292360064 -0.9901911338810911 -63.34033425985956 -0.0075521631116809654 0.9987881882085172 0.04863249867611463 0.49182163566555315 0.9912876153795765 0.013873180575383066 -0.13098243567668486 -1.3331217017642136
-0.11363010730150006 0.048277241882915524 -0.9923494881496278 -63.92195221671035 -0.009584015672978712 0.9987189759295153 0.04968454248436351 0.5106009342481412 0.9934768972443352 0.015156352941222586 -0.1130218545560611 -1.386617785018018
-0.11614038333298174 0.047165152681665164 -0.9921123221348395 -64.2958017946504 -0.01234018668238517 0.9987262615496443 0.04892416870745543 0.5427019190592216 0.993156146409976 0.017924922972969895 -0.11541042407209662 -0.9688764723896794
-0.09075514551018476 0.047843509594367103 -0.9947233294505157 -64.83474145676335 -0.01209712338478585 0.9987186698241638 0.049139374746391046 0.5516963009889346 0.9957997605790233 0.01649294195547607 -0.090060089364906 -1.00940662080506
-0.06167777844563296 0.04774536130004033 -0.9969534754041135 -65.35083561671532 -0.011088469592845759 0.9987607609496569 0.048517916580898 0.5646562881366982 0.9980345171826984 0.014047165607020719 -0.06107192194706987 -1.020411917329345
-0.034215776717595965 0.04810111311122248 -0.9982562614584861 -65.84352566704386 -0.009723793035270874 0.998777813910717 0.04845953248574084 0.5691351050414517 0.9993671639956062 0.01136491782595674 -0.03370623340259809 -0.9574552011938355
0.007216953310094807 0.04990728455766061 -0.9987277799946296 -66.31892073834902 -0.008721737875243756 0.9987189419751281 0.049843818358109034 0.5467725044357137 0.9999359213836443 0.00835092139594993 0.007642986228118859 -1.021411689916407
0.04779933917851035 0.0497975333202171 -0.9976148700021066 -66.77746102394336 -0.009174762249060626 0.9987362459564992 0.049413912518563446 0.5603158018132868 0.9988148211314114 0.006790926883784773 0.0481958130991495 -0.9664881202229093
0.08940672862456646 0.05075297648455054 -0.9947012477395473 -67.22413842747977 -0.008530490516881078 0.9987032351759815 0.05019042518817269 0.5747666732505493 0.9959586676203973 0.003997927836621397 0.08972373690846053 -0.8433493437546333
0.14579743309960708 0.05071264980733981 -0.9880138337346721 -67.45150950026894 -0.0068991372344018006 0.9987131560679815 0.050243743910585656 0.5584863744374067 0.9892904075179284 -0.0005089658630544874 0.14595968808806006 -1.230293180544728
0.19541385858042598 0.04666313011591971 -0.9796101143631044 -67.87704450718614 -7.068969383782278e-05 0.9988680770920443 0.04756637015170524 0.5692743356093212 0.9807208669533237 -0.009225879590944803 0.19519596375974832 -1.0812644430638516
