1.0 0.0 0.0 0.0 0.0 1.0 0.0 0.0 0.0 0.0 1.0 0.0
-0.979631491574095 0.0030456678748191158 -0.2007806380692871 -0.009541277164474974 0.0038602062779037804 -0.9994145604384307 -0.033994634740651515 -0.0015500479845159808 -0.20076662950751 -0.03407726941605758 0.9790462196369177 0.09116891103509282
-0.9810110699606323 0.002545343040169538 -0.19393504542372786 -0.019142059756699456 0.004119586715654591 -0.9994148461424638 -0.03395576998578439 -0.004012213639145718 -0.19390799266659361 -0.03410991848191891 0.9804265417873841 0.18502654170998034
-0.9824318164340347 0.0021603230538945317 -0.1866093756016192 -0.027471506103474732 0.004126277220706413 -0.9994370974586765 -0.03329357384952576 -0.006365856684208448 -0.1865762575849919 -0.03347866824828546 0.9818698889760802 0.2826946156332721
-0.9841014735178075 0.0013361913584982346 -0.17760209574420405 -0.03631961738018859 0.004402702472236888 -0.9994808838535856 -0.0319151848215909 -0.00972724377767437 -0.17755254442282964 -0.032189709596528206 0.9835847277001968 0.3866990692713861
-0.9860480463792728 0.0008582733529738582 -0.16645874443378217 -0.039931532066985506 0.004251880683997225 -0.9995305798734475 -0.030340425318359933 -0.013451031165915157 -0.16640664572747288 -0.030624879831625446 0.9855815263046633 0.501283319670532
-0.9882021763424412 0.0009635503460156483 -0.15315198412947015 -0.04678620866903022 0.0036117728862688227 -0.9995554948781574 -0.02959337350657966 -0.01599223727878686 -0.1531124219933862 -0.029797386288273837 0.9877594352886266 0.6290426817879802
-0.9905041737547113 0.0021643632460613864 -0.13746562227057357 -0.05038591259874093 0.001862271960703443 -0.9995731217669926 -0.029156580460221994 -0.023434359946121024 -0.1374700466197683 -0.029135713012180063 0.9900773184502464 0.7696571226967359
-0.9928825019922847 0.003628855845892521 -0.11904271772263363 -0.05296614271982889 -0.00017695950429470384 -0.9995795442324584 -0.02899488640026948 -0.028941281649944715 -0.11909788378839783 -0.028767449613763523 0.9924656809783625 0.9240379009586092
-0.9950441069608638 0.004958146272460119 -0.09931083519937856 -0.05171228792175891 -0.0021050716529114966 -0.9995826043307284 -0.028812944881328968 -0.03207661388772996 -0.09941224208211646 -0.028461094584349377 0.9946392171130531 1.0899543100385019
-0.9970088810474083 0.005204488505916899 -0.07711163603495244 -0.042046223701617064 -0.003016140377727744 -0.9995901455933366 -0.02846829341414892 -0.03445333300794068 -0.07722819439697538 -0.028150561843132228 0.9966159500319564 1.2638561482516477
-0.9985935923786999 0.0013846500199145373 -0.05299924532033772 -0.02216066206611168 4.587507480119423e-05 -0.99963595371844 -0.026980695485887968 -0.035646755848063545 -0.0530173099626951 -0.026945180974472106 0.9982299945736817 1.4444437448255414
-0.9996129252967518 -0.003235083205768414 -0.027632115668590685 0.007639684036527733 0.003931808070582187 -0.9996747652118863 -0.025197315012835945 -0.03681259579269725 -0.027541613332677486 -0.025296205944997728 0.9993005361250547 1.6308635819601771
-0.9999811378928585 -0.006137711593852579 0.00022881192005449333 0.032175131841804025 0.006130353726518849 -0.9996868402067737 -0.02426191007699121 -0.036433436573576915 0.0003776528721295891 -0.0242600497482371 0.9997056103496275 1.8261967135255648
-0.9995138758685136 -0.006417124700951384 0.03050954697916973 0.06223699005998502 0.005690860721271655 -0.9996997795857688 -0.02383201209332239 -0.041933469113408714 0.03065332038381518 -0.023646801194614403 0.9992503203615747 2.028746409022927
-0.9980577206154312 -0.008177351526341041 0.06175692059959667 0.10934255575197949 0.006691226985821477 -0.9996839521550014 -0.024232690423907917 -0.044857796883700465 0.06193556168595283 -0.023772394195187663 0.997797003138852 2.235402406075543
-0.9954521118043244 -0.009859579332347025 0.09475168494386094 0.16162188095457708 0.0075260347135041004 -0.9996602735124175 -0.024953884719010277 -0.049025259093394544 0.09496553009277987 -0.024127292771209938 0.9951881338911401 2.4477539561703336
-0.9914425769941776 -0.011441477813657354 0.1300411823561461 0.22115123371287143 0.00817866987356083 -0.9996388861834338 -0.025597003516876923 -0.05639179217906401 0.13028709023630927 -0.02431439522964304 0.9911781294511965 2.6626237050154855
-0.9862332238389102 -0.013939738137154996 0.16477169628603724 0.2949593566579893 0.00984458485439648 -0.9996226610096166 -0.02564409766588669 -0.06036972161099414 0.16506699350674311 -0.02366895216777656 0.9859983105248835 2.874237903043303
-0.9796784242883182 -0.017002150954785744 0.19985272539264753 0.3787604138237681 0.012025228566708419 -0.9995872522027941 -0.026090594312622978 -0.06342009127804295 0.2002138328434795 -0.02315711762241003 0.9794785189280801 3.090110153965656
-0.9712360525766803 -0.017514844739667204 0.23747370462645637 0.4633713852016854 0.011641290581726983 -0.999591202035786 -0.026113390554352037 -0.07154681378156523 0.23783399784063655 -0.02259776596032626 0.971042908652724 3.3085614146910434
-0.9608044094286204 -0.01274847226523081 0.2769338608358006 0.5531015589066134 0.00619608233489157 -0.9996800713033711 -0.02452271605238981 -0.08101475075244192 0.27715788891211307 -0.021845628711244115 0.9605760111099962 3.5270096803557447
-0.94814383786849 -0.008044547871092649 0.31773974879067335 0.6589948694883037 0.0006315776072678284 -0.9997253637253191 -0.023426443050632913 -0.08399300352699234 0.31784094107231764 -0.022010960311359597 0.9478885239332923 3.74440827568175
-0.9325562650471118 -0.00937637109983251 0.3609028902438706 0.7905389675581812 0.00010932040204716953 -0.999669970453046 -0.025689262804836348 -0.08708377590645601 0.36102465368784825 -0.023917228924030417 0.9322495189541077 3.9585193382801687
-0.9130876470761935 -0.015101650790933136 0.40748360568279257 0.94141031912497 0.0036905974769522567 -0.999579092753094 -0.02877528142633313 -0.08504219618676323 0.40774664713167663 -0.02477049604449347 0.9127590559827857 4.174239668395186
-0.8901897498248271 -0.018224723992813746 0.45522529448856136 1.102174872939549 0.005434002965239603 -0.99955323596649 -0.029390476020166065 -0.08931730748620231 0.4555575495133249 -0.023689404895521283 0.8898910782658241 4.388277067917579
-0.864177974401008 -0.017819472904573554 0.5028706542895239 1.2789862941883259 0.003699948436069057 -0.9995707641152247 -0.029061966686309483 -0.09257959195585108 0.5031726730872227 -0.023254116012200943 0.863872969334468 4.598388947910282
-0.8343390847128035 -0.0129060139672094 0.5511004686298855 1.4637673397407156 -0.0036917736477821384 -0.9995726584923532 -0.028997779257438534 -0.09665328382645302 0.5512392062688708 -0.02622851879172336 0.8339348909081921 4.8114799143193405
-0.8013486170620306 -0.008579755524726895 0.5981360896383922 1.6701688112888762 -0.010223384866056525 -0.9995546762049686 -0.028034473040543278 -0.10436265284157904 0.5981102543299616 -0.02858036164775348 0.800904043311952 5.020619692868785
-0.7660521138999622 -0.007595273909821192 0.6427335922477011 1.8998628854738997 -0.014199792532379567 -0.9994861917714248 -0.028735315385290377 -0.1069643195300316 0.642621603030459 -0.03113943275799217 0.7655506587065773 5.2195034536552205
-0.7264769502180155 -0.007603818121495 0.6871487631888062 2.141878221487564 -0.018096442513064144 -0.999380317109369 -0.030191067267464275 -0.11033555776484148 0.6869525162413357 -0.03436806256326373 0.7258891628240125 5.42479401541098
-0.6835635627995974 -0.007920119114808565 0.7298480165938166 2.4060570891743103 -0.02073625304538103 -0.9993267721097898 -0.030265662957654878 -0.11874981768641621 0.7295963702091446 -0.03582281755858518 0.6829391351502754 5.616782947557012
-0.6385845891892925 -0.00915652646833207 0.7694971607959168 2.693285707037059 -0.022720163660574496 -0.9992689868326756 -0.03074550564936115 -0.12586097400521423 0.7692161702754172 -0.037116707524144976 0.637909737666222 5.793416144292692
-0.5911522897910717 -0.010863338824390001 0.8064867997334855 3.002438494111221 -0.024889655285530353 -0.9991873808050176 -0.03170304559149729 -0.13426308777619608 0.8061758340055479 -0.03881450643246134 0.590401523334641 5.96478166497485
-0.5422941309332798 -0.012781785088759377 0.8400914840213911 3.332981663287664 -0.02616900260601856 -0.9991422028691704 -0.03209426348037876 -0.14126580034791258 0.8397810779351518 -0.039388886956685465 0.5414944660164025 6.122168247903039
-0.49274141295608026 -0.015470301162808047 0.8700382576300754 3.6827904324449987 -0.029094536661888704 -0.9989900295760202 -0.034240746839585036 -0.14476893672427388 0.8696892593877863 -0.04218519396227254 0.491793657457973 6.277997525881973
-0.4436844460767729 -0.016385728277045406 0.8960332695934776 4.048005525460236 -0.03462087805429376 -0.9987730963946411 -0.03540757999371014 -0.14940146103348434 0.8955141021292169 -0.04673125107561419 0.4425727997297294 6.422098551960174
-0.39672675803267143 -0.016504778111311385 0.9177883589152688 4.431894712520368 -0.03797277752705261 -0.9986873914062119 -0.03437386235407668 -0.15438613025129597 0.917150994999061 -0.04848800414280231 0.395579278813338 6.548221466516436
-0.3522569385583282 -0.01821317679534898 0.9357260974390611 4.838304704354488 -0.036490228461057955 -0.9987831216107932 -0.03317739007606975 -0.16214284116532446 0.9351916982439347 -0.04583182493007728 0.3511636817200846 6.658768651945722
-0.311995997025564 -0.01916837098088938 0.9498900312109624 5.262804253839691 -0.034839997889538434 -0.9988931757860441 -0.031600599917227905 -0.1716990576426473 0.9494444019462549 -0.04295342736046498 0.31098284629687883 6.762400584677663
-0.2760472914012873 -0.018326355707955832 0.9609693218810255 5.70428700606931 -0.03351396238985638 -0.9990266814864732 -0.0286793305894071 -0.18045475425521387 0.9605595802629551 -0.040122741239734375 0.2751644206660181 6.850490225493013
-0.24301526191849385 -0.015646113366802807 0.9698962736350721 6.160701624736952 -0.03510712647841433 -0.9990729824960494 -0.024913155498205428 -0.18925933758209348 0.9693869568676458 -0.04010454815806178 0.24224069243610438 6.937056822975465
-0.21241368454283768 -0.012953116110327045 0.977093978797315 6.630501495833269 -0.03596538314886192 -0.9991310243251458 -0.021063889620414507 -0.19618032419294879 0.9765177509056823 -0.039615817724967285 0.21176323843408423 7.022261779453498
-0.18656452840729187 -0.011352605211147459 0.9823771145008847 7.120960961991494 -0.03542503014324798 -0.9992052356587832 -0.018274689366064967 -0.20105832343214464 0.9818038215343815 -0.03821014769660047 0.18601408719096857 7.092888633882015
-0.16630501098881606 -0.009240056104543898 0.9860310667941423 7.626965837969031 -0.03478766497217661 -0.9992786493798097 -0.015231521901886402 -0.2099300246667982 0.9854605327895148 -0.03683479682106212 0.16586360678990955 7.158354448298505
-0.1502944843888035 -0.008260019191552701 0.9886067671451874 8.151948691245819 -0.03526996976828858 -0.9992837596155263 -0.013711199845523742 -0.2214493434848417 0.9880119418280575 -0.03692884850107108 0.14989550678234903 7.227036584865675
-0.13751363904711275 -0.008499073313102689 0.990463409131725 8.693423802591001 -0.03613115238218896 -0.9992546361847826 -0.013590875275476784 -0.2281200793675903 0.9898406633916172 -0.03765551508128695 0.13710406004348508 7.290852744486361
-0.12786880562159347 -0.009997177232377901 0.9917407045172097 9.248681092561 -0.03507866639376528 -0.9992779616172273 -0.01459597856106215 -0.22778209829496168 0.9911705482473455 -0.03665531166835833 0.1274257917909615 7.357477260277839
-0.12112428804801861 -0.01188786972577581 0.9925661617233601 9.822344980574906 -0.0333256378084961 -0.9993158985199225 -0.016035486583752527 -0.2258836411830352 0.9920777735185478 -0.03502018730252243 0.1206452559024959 7.4210570499964135
-0.11661955443995838 -0.012913705271182015 0.9930927024897497 10.408681278597928 -0.033595914937945656 -0.9992919330986528 -0.016939508358883908 -0.22999893171418026 0.992608278235533 -0.03533933587558519 0.1161031322495853 7.487107717812519
-0.11512994000598858 -0.013170049146823874 0.9932631306555618 11.01222343287448 -0.03575188485440432 -0.9992093319151301 -0.017392922212137077 -0.2385650419029012 0.9927068548386156 -0.03751347516813497 0.11456805635618882 7.559385986958982
-0.1159681645300705 -0.014982778610796372 0.9931399202331092 11.630611137208323 -0.03785518909871653 -0.9990930943130101 -0.019492910361351982 -0.24477869772431615 0.9925312939518978 -0.03985605651786377 0.11529581642461258 7.6384278046221805
-0.11778591167742376 -0.017605972222304492 0.9928829280194245 12.266203323009131 -0.036992557447652806 -0.9990710474574912 -0.022104135940453157 -0.24908028587123351 0.9923497517023934 -0.03933283455714029 0.117025204216444 7.7074756017666495
-0.11947836680015288 -0.01808354975343799 0.9926721035140874 12.9172350205347 -0.03493348885135762 -0.999138441139762 -0.02240595442017407 -0.2537638937126451 0.9922220372595247 -0.037354526701884175 0.1187437076709248 7.780484080446638
-0.12091493633101752 -0.015930165139455926 0.9925350412004079 13.577471797416276 -0.03306950072675267 -0.9992515890608841 -0.0200666360155802 -0.26203367775382774 0.9921118819436399 -0.035248994282505955 0.12029763966230837 7.864019981109428
-0.12233955576268347 -0.01578481422045045 0.9923627727478569 14.256905839681567 -0.03307186944623051 -0.999253415534094 -0.019971554641021638 -0.27416960507872046 0.9919371373968828 -0.035262603186289175 0.12172618563565349 7.940314676516643
-0.12390373661907443 -0.01821638146958444 0.9921270218565691 14.951664534572021 -0.03385868708456218 -0.9991716535030131 -0.02257423630967027 -0.2917347293706823 0.9917164178134505 -0.03638915061127028 0.12318431863289078 8.029285337891851
-0.1258076512126963 -0.02184824406486556 0.9918140395898952 15.663936096571488 -0.03281465363309291 -0.9991187355622915 -0.026171563868984452 -0.30264758044691387 0.9915117918629544 -0.03583861715650113 0.12497983884221113 8.112922819840403
-0.1275928421094124 -0.024025438444040936 0.9915355994365577 16.38998335765551 -0.032373641493145755 -0.9990730026188934 -0.0283739805903612 -0.31033311575597794 0.9912981458566932 -0.035719934849332 0.12669677294802603 8.20370748307064
-0.12939537362075026 -0.02376405712542939 0.9913082804428123 17.12636642826242 -0.030689803234519242 -0.9991378801873423 -0.027957688605657893 -0.3214038537352689 0.9911180420429118 -0.03404065163424124 0.12855450506825228 8.293370602922439
-0.13114327607325002 -0.020962116775438182 0.9911417813819917 17.876405670393495 -0.028682384304515394 -0.9992776643776407 -0.024929306179187805 -0.3419205965225802 0.9909484153937507 -0.031697620356432046 0.13044730312412017 8.384470008582106
-0.1329601946414292 -0.02047996559167894 0.9909097626173013 18.63890750424753 -0.02827945944679597 -0.9993010411531488 -0.024447930866033803 -0.3544219228056587 0.9907178502552139 -0.031272994093898214 0.13228809858068385 8.469429875600298
-0.13431405731940008 -0.022233057278817324 0.990689368657218 19.418011502514297 -0.03093127790087946 -0.9991670524103993 -0.026616863544250094 -0.3694461953180857 0.990455950587315 -0.03421830711112827 0.1335144838758291 8.582483411271935
-0.13512713218530042 -0.023779856987855775 0.9905428696169656 20.203368891423587 -0.03322130698381827 -0.99904113629868 -0.02851583323926293 -0.3830564950015521 0.990271176451009 -0.036760391519673336 0.13420756575415957 8.69837819690419
-0.13615076127532638 -0.025272085885994822 0.9903657364222166 20.99811604097484 -0.034667657857836896 -0.9989407773604675 -0.030256847574014024 -0.39212615199348283 0.9900813722633122 -0.03845315333540358 0.13513042327974445 8.8092423879346
-0.1366890477518872 -0.020639650611265346 0.9903989645831253 21.79369443991 -0.035026787405066234 -0.9990570466092792 -0.02565427419407595 -0.40120014208444416 0.9899945597773581 -0.03819715228900487 0.13583721569675955 8.915840146745522
-0.1368761236870879 -0.013468981222825627 0.99049659934258 22.593311344776218 -0.036327445500622106 -0.9991667019253633 -0.01860694674016746 -0.4102154637547829 0.9899218370496727 -0.03852905797461528 0.13627277139543464 9.030420694882846
-0.13667488241674625 -0.008179827981927002 0.9905821858536293 23.407651750181415 -0.03969515274187269 -0.9991175397670645 -0.013727220352557547 -0.4214747391271096 0.9898203227683146 -0.04119747739843247 0.1362295727470275 9.143956558809464
-0.13633008111275235 -0.008798338698157111 0.9906243981549933 24.23291894653468 -0.040801614275154434 -0.9990622173662481 -0.0144884127418165 -0.4250231246780412 0.9898228817603351 -0.042394281069363875 0.13584324670840245 9.248479279907377
-0.13628464749283573 -0.016442141695186978 0.9905332658897573 25.07062674360798 -0.04029275810555395 -0.9989429192017232 -0.022125501598537028 -0.4249078827651412 0.9898499828266923 -0.0429266834639591 0.13547808437080971 9.362585430947487
-0.13623890260405344 -0.02379783800728103 0.9903901374324273 25.91325621894607 -0.03882569462293306 -0.9988151284737569 -0.02934117531727862 -0.4344366450612523 0.9899149088958568 -0.04244999455985526 0.13515350941643453 9.46858585475178
-0.13614293007287528 -0.0297136293461392 0.9902435068316541 26.75530916710838 -0.0365978481417662 -0.9987169925935524 -0.034999517372134435 -0.44152766594208964 0.9900129797646932 -0.04100571833257373 0.13488080279070555 9.575456115921682
-0.135744904629014 -0.0304288292727588 0.9902764296984701 27.59601396335587 -0.034963321424395476 -0.9987585206559302 -0.035482158504690935 -0.45133254461411854 0.9901267025094498 -0.03943987533280115 0.13451248719542286 9.68889987993045
-0.13548616406933872 -0.02709350087780421 0.9904087244950746 28.431289573784163 -0.03477638413789584 -0.9988800281340848 -0.03208258875376579 -0.4658531495651707 0.9901687242344469 -0.038789581140225925 0.13439220938319338 9.802326369311029
-0.13497744968973466 -0.024459908915827767 0.9905467181971198 29.263588922123866 -0.034404051459975125 -0.9989767649372753 -0.029356163894401165 -0.4803987445898763 0.9902512051587704 -0.03804124040150326 0.13399781606548858 9.917719339685648
-0.13502559723777177 -0.026082830420277533 0.9904987501495648 30.10208805677738 -0.032827617370086215 -0.9989869121639303 -0.03078143698690542 -0.49283662980767007 0.9902981549151694 -0.036671995888452213 0.1340325672706865 10.022419454622272
-0.13522710370018132 -0.028744375107786685 0.9903975925478227 30.936920530975165 -0.03197357931668405 -0.9989319072265834 -0.03335768202888237 -0.5014541658889312 0.9902986017613791 -0.03617741870729802 0.13416360805053185 10.130828013382889
-0.1352511912905491 -0.02720125343444444 0.9904378865259961 31.774095351052036 -0.031477023325580215 -0.9990005495228574 -0.03173482402014377 -0.5122078001869874 0.9903112198985986 -0.03546820921083746 0.1342597999340387 10.239414015984403
-0.1356654154480375 -0.022187221288774275 0.9905062454436084 32.600991260904394 -0.030575748885659507 -0.9991792604495039 -0.026569325690792022 -0.527244652981165 0.9902827973015561 -0.03389000883837665 0.13487567856934876 10.350039659537465
-0.1359586506257345 -0.018361441954429666 0.9905443466949791 33.431275933978156 -0.029360835038599015 -0.9993143947538667 -0.022553975338038303 -0.536457217085827 0.9902793478033701 -0.032149617214933826 0.13532632939331354 10.454770078419736
-0.13639162731782076 -0.018972372759937184 0.9904733076006916 34.2621063696434 -0.029730987699692134 -0.9992878416091038 -0.023235274532896453 -0.5476704968095331 0.9902087620133443 -0.03261684662986752 0.1357304274948188 10.573381654540556
-0.13691417271005424 -0.021201686170909936 0.9903559954958779 35.09372508306634 -0.030875089362087008 -0.9991938399038005 -0.025659289841711952 -0.5548708302592994 0.9901016302218713 -0.03409045030221927 0.13614919401225758 10.69019281315179
-0.1374520865919253 -0.026052435993314457 0.9901657409092378 35.92907149023019 -0.030970186380177393 -0.9990522398850181 -0.03058544647875678 -0.5665815390000138 0.9900241266994989 -0.03486965098107621 0.13651496618816195 10.804038663754346
-0.13768896628940075 -0.031374103196434674 0.9899784917920063 36.76242467212304 -0.03203336198491 -0.9988342846464681 -0.03611004755911643 -0.5824536078432858 0.9899573790230075 -0.03668429450592433 0.13652344214274204 10.936310570293488
-0.13765656636297086 -0.03460522407475039 0.9898753195245817 37.59287314514993 -0.031898554382173865 -0.9987161958737355 -0.03935025194101542 -0.5969970797485216 0.9899662377907071 -0.036992412279144515 0.136375985673011 11.042873720439903
-0.1378627645632615 -0.03443169593712991 0.9898526741196728 38.41956120081827 -0.032077733703454916 -0.9987160647234465 -0.03920766588005894 -0.6137837460836354 0.9899317537827683 -0.037157507696361114 0.13658126692328598 11.16180339573099
-0.1380530947504637 -0.030079285626587904 0.9899679689798114 39.245205719627194 -0.03254414358221092 -0.9988612099918661 -0.034887847340944085 -0.6285920022953432 0.9898900048734315 -0.037034035018867706 0.13691697667528796 11.271733709052972
-0.13859895427250526 -0.026124097411407234 0.9900039704006275 40.06801336589557 -0.03151237267228226 -0.9990294964610126 -0.030773943026825883 -0.6385760781591432 0.9898471095291098 -0.03546261038466332 0.13764121120352865 11.378151369836164
-0.13871514327699985 -0.024086960857829572 0.9900393564612843 40.89086326379946 -0.02783610747463261 -0.9992143558745127 -0.028210319653328354 -0.6544449478306392 0.9899410387221578 -0.03147204046317374 0.1379356753083924 11.487167438683448
-0.13823651675912366 -0.022984388678632922 0.990132507956068 41.713595965622645 -0.02452920446443414 -0.9993445560218134 -0.02662285630630607 -0.6671523743178573 0.990095441643203 -0.02796741365649969 0.13758212169726028 11.593020539052986
-0.13762315844859618 -0.02069612318066032 0.9902684165133827 42.53255746484291 -0.027018145485612585 -0.9993312117495803 -0.02464039442933369 -0.672154203151143 0.9901160972699885 -0.030146305053949815 0.13697194683015704 11.704446094871534
-0.1363846533631494 -0.0162446241648335 0.990522760219449 43.350206099153915 -0.03069993900648911 -0.9993160153831268 -0.020615895415612134 -0.6787272519768065 0.9901801553616463 -0.03322068007330549 0.1357926593872279 11.822180964563552
-0.13564533741837087 -0.013619711923451903 0.9906638410095412 44.16711357310171 -0.03493651392967551 -0.9992179013688794 -0.018520949716823224 -0.692209283660028 0.9901412941752811 -0.03712262155470282 0.1350634241303264 11.936542703914649
-0.13357424581656788 -0.017014888052672525 0.9908927360915959 44.98336248181676 -0.035208674390203504 -0.9991399406383485 -0.02190270003632525 -0.6990440896416941 0.9904131815066994 -0.037813656339365495 0.13286029238274566 12.056476514852902
-0.13193741381217497 -0.022673247172992246 0.9909987097363883 45.802612127356234 -0.03751736725127895 -0.9989078408000126 -0.0278491066784691 -0.7043340687117242 0.9905478110576441 -0.040854001650860235 0.13094267661088943 12.169634772105075
-0.1302448188219447 -0.025991104179432203 0.9911411350930661 46.614720374192835 -0.039524492819657364 -0.9987256216430744 -0.031383867527804685 -0.7129244781524574 0.9906937476523158 -0.04326193681734375 0.1290515524332215 12.274133966167334
-0.12868542964897497 -0.02509597760032735 0.9913678692111932 47.42076988043569 -0.03981059430857462 -0.9987431571475257 -0.03045033056947247 -0.7207057079734489 0.9908860564044988 -0.043385457924008705 0.1275246065034795 12.379434967275479
-0.12759329930900043 -0.02205643234609063 0.9915812945813395 48.22138695626159 -0.03685172500672073 -0.9989569443890125 -0.026962448349428767 -0.724705546981825 0.9911417155661826 -0.03998170893207174 0.12664739482278442 12.47575029538876
-0.12609603405966824 -0.019462477472354432 0.9918271029595128 49.016519501226 -0.03246089506486861 -0.9991911690262049 -0.02373390047238487 -0.731467880209002 0.9914868029812667 -0.035188346233995936 0.1253622742427157 12.574034985772094
-0.12492008687777265 -0.01895468712485965 0.9919857316163612 49.81221599765912 -0.02804806608610597 -0.9993504405029333 -0.022627484513793712 -0.7359008801064826 0.991770274752819 -0.030649908688138373 0.1243073015318474 12.66358242621175
-0.12411020097869907 -0.020258036913698676 0.9920616260865195 50.606114752763474 -0.02655492357777709 -0.999365677096881 -0.023729295701102823 -0.7418879348827624 0.9919130476240385 -0.029289168323719545 0.1234935244136287 12.746898900319477
-0.12311825653856526 -0.021603069323806297 0.9921568436001911 51.397127851026596 -0.026730717439378122 -0.9993280989725112 -0.025076270639037817 -0.7494700512152975 0.9920319368105459 -0.02960841096338943 0.12245806771357659 12.84348479565564
-0.1222555604660393 -0.021572557028818242 0.9922641799028988 52.18223279315804 -0.024860416858822097 -0.9993835089391069 -0.024790355668337403 -0.7535509761169901 0.9921872492673663 -0.027698859972848246 0.12164388824542056 12.932257131268585
-0.12186857181908989 -0.021620249602586544 0.9923107456890188 52.962833228066195 -0.023678736784065797 -0.9994148601234081 -0.024683087100653436 -0.760461608596476 0.9922637596058261 -0.02650475752821306 0.12128532145846996 13.024009796892825
-0.12145671516289039 -0.022905214673401092 0.9923324127945259 53.74066620740283 -0.025255080443774912 -0.9993387503870866 -0.02615803674883571 -0.7685631084223434 0.992275388817853 -0.02823850413071466 0.12079792891784466 13.110210594964625
-0.1212282679852791 -0.02558233281080841 0.9922949416827871 54.51405914138877 -0.02611356710144358 -0.9992396524898857 -0.02895165807220447 -0.7749907607747796 0.9922811036468093 -0.029422119907451784 0.12046804640909467 13.200118983102387
-0.12112959804550677 -0.029897175395682662 0.9921863632305643 55.286015113797504 -0.026012037549086306 -0.9991074639377437 -0.03328136725607701 -0.7797462492278047 0.9922958199951671 -0.029840147574178223 0.1202437990620406 13.285675591838501
-0.12048954220727506 -0.031980229609672686 0.9921993424371907 56.048443258420235 -0.02617023590465405 -0.9990312722842801 -0.03537846450520596 -0.7878687624771815 0.9923695828527688 -0.03022882584825242 0.11953589049511451 13.375661559833846
-0.11984435024699605 -0.03167589755933281 0.9922872412903865 56.80251093982565 -0.026522122861297927 -0.9990320102389251 -0.03509443712187651 -0.8042868265788101 0.9924383651959489 -0.03052343414135725 0.11888823009622394 13.46484255516198
-0.11975687049454513 -0.0296614367895962 0.9923600612363082 57.54886405582 -0.027186649833809404 -0.9990807856501821 -0.033143171475095316 -0.8099572691776368 0.9924309437135505 -0.030948067988010548 0.11884039316513101 13.546901447906786
-0.11960825565167711 -0.025925562098211775 0.9924826096259092 58.2806604656613 -0.027527795067530583 -0.9991880650326674 -0.029418211961180607 -0.8215342968324276 0.9924394619717037 -0.030839518902937985 0.11879746796608193 13.630201102549544
