-0.9802365495786464 0.004979516420940915 -0.19776630472950535 -0.10279380998113201 0.00552280744879433 -0.9986047228551195 -0.05251767406629441 -0.026277604649945316 -0.1977518785448915 -0.052571968839521026 0.9788413470140617 0.9971922088182729
0.9998733829700429 -0.00048081920095079025 -0.015905560063639815 -0.206730888812035 0.0002474202286811269 0.9998923185964278 -0.01467276371683418 -0.06002325212685952 0.01591090227713357 0.014666970537762822 0.9997658341651668 1.9921595030659185
0.9997266813443487 -0.00015848992615887523 -0.02337814126826136 -0.31782832613164347 -0.00020115304307911358 0.9998816917368009 -0.015380574339284605 -0.08982036957867849 0.023377813107062335 0.015381073125640672 0.999608373536274 2.9817266397835693
0.9994750517709539 0.00040867020424045666 -0.03239527552149529 -0.4758604542654544 -0.0009511694047078846 0.9998595477733712 -0.016732603001119086 -0.11396875174483731 0.032383887416630064 0.01675463264573943 0.9993350619890673 3.968864418673615
0.9990476264213143 0.0005911817540208874 -0.04362901151839044 -0.6498280563970755 -0.0013919093468275536 0.9998311141443267 -0.01832500415509487 -0.12905721151528765 0.04361080978734907 0.018368279534233523 0.9988797242794767 4.953502746263416
0.9983823122231337 0.000557764549657533 -0.05685461756705688 -0.8409966129551396 -0.0016526058943573687 0.9998140732003488 -0.019211661153713557 -0.14882911098559676 0.056833331186435625 0.019274540960404648 0.998197607959976 5.934864551974163
0.9973298465713095 0.00037994995508558406 -0.07302761653018425 -1.0122765826152607 -0.001790699512573237 0.9998130300763107 -0.019253526557003024 -0.166740055696623 0.07300664718574376 0.01933288720437744 0.9971440562622026 6.919930966831669
0.9958149002405672 -0.0011116829262315163 -0.09138626056437853 -1.2017074409230943 -0.0006408714416106915 0.9998164958886551 -0.019145856803124684 -0.20013027227000937 0.09139077493196056 0.01912429632697508 0.9956314516663952 7.901264026223556
0.9938159286316514 -0.0022817825654465945 -0.11101663598908135 -1.3935186700623645 0.00014712298481250234 0.9998150240983967 -0.01923267901123198 -0.23815967115527664 0.11103998537840093 0.019097409652771413 0.993632432336887 8.881956798066858
0.9910774026387971 -0.0024521757133175916 -0.13326503222153419 -1.6529876719238956 -0.0001809417659805979 0.9998050755353682 -0.0197428010624926 -0.27406281975463914 0.13328746842375253 0.019590757208103257 0.9908837737056754 9.848836010948604
0.9875484303507596 0.0012536452508506847 -0.15731028601250477 -1.9738871703572718 -0.004680232098985068 0.999759743327151 -0.021413805124913397 -0.30923627393013087 0.15724564585148504 0.021883418289041504 0.9873170326013505 10.79704008887489
0.9831498238811329 0.005478197227273129 -0.18271949309703336 -2.2890871283305954 -0.009840591174277054 0.9996875683506073 -0.02297669363919206 -0.3644318240164979 0.18253653488504284 0.024387600135881437 0.9828965654593438 11.74502584278115
0.9778314481156691 0.008092030066522045 -0.20923713371535282 -2.6509337741957193 -0.013411177462139256 0.9996216300834988 -0.024015349014455057 -0.41125294209668856 0.20896363175225713 0.02628907983573373 0.9775699897635451 12.676479582908701
0.971268750003076 0.008984004492595982 -0.23781569109446926 -3.0130159368054064 -0.015053086897306195 0.9996053904630814 -0.02371640638905659 -0.4537161703253688 0.23750877845318713 0.026614864651651898 0.9710207150917274 13.603051516657708
0.9634550971406861 0.01178428410227969 -0.2676105499449312 -3.4279558013826597 -0.018549738612876933 0.9995686967541736 -0.0227668106364296 -0.5167587358126933 0.26722683808148034 0.02689890550483157 0.9632581512199194 14.510558213273265
0.954289467665061 0.013865232845884964 -0.2985621664271357 -3.8801049846474127 -0.02126854640071548 0.9995412679958652 -0.021561597974556847 -0.5473986277527054 0.29812624982972546 0.02692598914330153 0.9541465978931748 15.401829330561252
0.943370685124822 0.015918553884358592 -0.3313583409080802 -4.359396203983783 -0.024006634789525503 0.9995050659489988 -0.020329894942364615 -0.5732482404619272 0.3308707178539784 0.027133425594937473 0.9432859297595176 16.279007288319523
0.9312801626798548 0.018792687441162335 -0.36381876463113155 -4.874142404625198 -0.027801792275455824 0.9994224358029182 -0.019541114605665637 -0.605574038441237 0.3632414058794183 0.02831306610909761 0.9312647589929763 17.135697764813173
0.9179872067612945 0.02070134765098661 -0.3960693656773141 -5.431822438127896 -0.030791091267339702 0.9993426980338042 -0.01913323247862231 -0.5957252202270168 0.395412944807278 0.029759470626132465 0.918021229050227 17.96566774879474
0.902668702575223 0.020994269343840247 -0.4298237476523168 -6.010611358900273 -0.032035259233326716 0.9993161325684312 -0.01846643859343482 -0.6034960459728061 0.42914211580433104 0.03043859134700278 0.9027239537088805 18.781056730391455
0.8849202795802892 0.01604942324589707 -0.46546591153490247 -6.5908616179748485 -0.028189106854633127 0.9994195137820922 -0.01913138066901252 -0.6081121130609998 0.4648886673627156 0.030050815047826043 0.8848590144608804 19.595428236707175
0.8649942871782408 0.011115483332710827 -0.5016585782973197 -7.227925035621251 -0.024074532917098955 0.9995226106974799 -0.01936407935626356 -0.6264042384169192 0.5012038507571857 0.028827013975997937 0.8648489482281848 20.365821233648806
0.8408194646233815 0.012775558539080054 -0.5411648667591654 -7.8923000878259835 -0.025326735802008015 0.999555090045356 -0.015753679507776234 -0.6660710153465118 0.5407228350680836 0.026951939975314962 0.8407689388693556 21.11212713450226
0.8129497074227277 0.018360827844860428 -0.5820443739116061 -8.62252223056104 -0.031017585253917693 0.9994492459173226 -0.011794669995746616 -0.6941516761185427 0.5815072506910968 0.027642084511556173 0.8130714805953653 21.794202133357842
0.7811156058211085 0.021377264457651438 -0.6240203705865945 -9.380211604548364 -0.03485797105348515 0.9993480837114658 -0.009398374128199508 -0.7324207481294671 0.6234126500134222 0.029093300715574533 0.7813515519001145 22.449639527205235
0.7461819613000381 0.02069731378198048 -0.6654202445317089 -10.166864258224365 -0.03495622685230372 0.9993558990321342 -0.008114756553521804 -0.7619790112296481 0.6648236930455166 0.02931566598054502 0.7464248447723586 23.069532123651648
0.7076319952839607 0.016648525332263093 -0.7063850124788198 -10.965374398110445 -0.029900292673145815 0.9995324259298317 -0.006395468152004177 -0.7785255575306052 0.7059482500498895 0.025646756502218156 0.7077989206917571 23.672544270045236
0.6665579658026234 0.013152203664213286 -0.7453371705234111 -11.801285826250043 -0.02549290106866878 0.9996616942627341 -0.005158393050199581 -0.78906647577871 0.7450171744464501 0.02243917472930619 0.6666677532454208 24.225031756017113
0.6230745797929176 0.01274807907708326 -0.7820585364892606 -12.670159915328737 -0.023712621131272454 0.9997154455202482 -0.0025960715193989433 -0.7961528991416561 0.7818029033042562 0.02016220394930905 0.6231995714993264 24.724245799969715
0.5765059903276961 0.013609987259025708 -0.8169795660621457 -13.561996016297678 -0.022445478644173657 0.9997477355517496 0.0008159335638878457 -0.7984668551738358 0.816784576008091 0.017867106815483324 0.5766660410405047 25.17698917180759
0.5272733686080405 0.014539645049399698 -0.8495712998204257 -14.481517533457472 -0.021735436104069892 0.9997572030937104 0.0036201767367323905 -0.8054022284222875 0.849417662621926 0.016556979920165055 0.5274613737913224 25.56792387224359
0.47625870982594287 0.016071487535975922 -0.8791583182813604 -15.422774065218958 -0.022000568260494735 0.99973774376163 0.006357569867342315 -0.7936140826249694 0.8790299291327596 0.01631413457048202 0.47648738986679784 25.904047104915282
0.4234549333130661 0.018180090400813524 -0.9057347314560955 -16.37622806524874 -0.021513425253602343 0.9997184620421081 0.010008455725899701 -0.7909627499382406 0.9056616873792803 0.015247326492794604 0.4237268306918251 26.20054759291612
0.3707474717995484 0.020611885233098252 -0.9285049608598659 -17.34426980883334 -0.022228558914389553 0.9996642340062049 0.013315795784507109 -0.7971190812631838 0.9284676641234381 0.015702529602671336 0.37108115991147456 26.435137295603507
0.31801863135652003 0.023759454782485652 -0.9477867051286198 -18.3167955576776 -0.020496538491185257 0.9996245906717705 0.018181574029016562 -0.7950112426232366 0.9478628814443606 0.013644267394487245 0.31838623077523814 26.632595469223517
0.26538540191435317 0.025589829309909138 -0.9638027542431321 -19.29816286758327 -0.01618623591341671 0.9996250805132496 0.02208402535391206 -0.8025512509176548 0.9640065322484662 0.009739560809745335 0.26570010676987194 26.810479546372502
0.21534848041472912 0.026085900185930138 -0.9761887920861194 -20.292014689683356 -0.013635450007063668 0.9996260228497382 0.023704196774350008 -0.8017668462419969 0.9764420650945824 0.008206110717138079 0.21562363799158604 26.9448288913908
0.16931534114519625 0.027305525243557466 -0.9851835989012706 -21.291956490888342 -0.01590062478842208 0.9995617055332787 0.024971322807135224 -0.7967765825758029 0.9854336534664443 0.011437006713899425 0.16967530607959103 26.996907805373183
0.12779635863643574 0.027838372604610685 -0.9914096609020886 -22.291968000843493 -0.018102259183507212 0.9995049575553651 0.025732237265696893 -0.785089724135529 0.9916352146488755 0.014658268416557683 0.12823703145077767 27.032068040361025
0.09071863324348507 0.026531037237281056 -0.9955230954857592 -23.292121763111894 -0.019282980834822144 0.99950445460148 0.024879949395427252 -0.7657802764376178 0.9956898594605444 0.016939577766554418 0.09118527552479663 27.049423073540822
0.05701609672194642 0.023894165675396227 -0.9980872875461696 -24.292077826792475 -0.018597256569238156 0.999565522688212 0.022867179562344506 -0.7497088211977396 0.9982000334415406 0.01725788804330628 0.05743569045108814 27.037024566085513
0.0262099039079052 0.021327137632018676 -0.9994289340105997 -25.291584295991388 -0.018109829466794018 0.9996184525894078 0.020856253724935242 -0.743458907135708 0.9994924086824388 0.017552847153102194 0.026586134412468803 27.006860080687833
0.00010296398756211148 0.019548737272949687 -0.9998088998750967 -26.29010244034092 -0.018570723175765864 0.9996365247576736 0.019543454431805104 -0.7316302997191807 0.9998275439490293 0.01856516203624834 0.0004659607510342801 26.954456135959408
-0.020150714323123584 0.01712979387782401 -0.9996501982563558 -27.287549781826122 -0.01918668630419468 0.9996624600446391 0.017516764717327493 -0.7122487560358431 0.9996128349420756 0.01953295008955491 -0.019815248670320394 26.886002134950566
-0.036076096129064164 0.01623902234559086 -0.9992170982531005 -28.284973393412923 -0.01895873070398314 0.999676901894241 0.016930987839549883 -0.6921284644275476 0.9991691957912741 0.019554691825455564 -0.035756568759194945 26.818123729036092
-0.04896204083629372 0.016621424490750825 -0.9986623287202955 -29.282000115919043 -0.017910300706909823 0.9996861463037326 0.017516564074520794 -0.675669543163635 0.9986400451042078 0.018743989337571515 -0.04864897920799323 26.742822826427673
-0.05822572250762024 0.017938231805527154 -0.9981422669530418 -30.278211169660903 -0.019391412034645887 0.9996295866516662 0.019096141754788378 -0.6786548561267777 0.9981150927512166 0.020467274618462383 -0.05785630727867237 26.655262450881843
-0.06473894492096133 0.019447216493868876 -0.9977127215692714 -31.273647080041048 -0.021038204568668846 0.9995612736418558 0.02084836166215333 -0.681446628145028 0.9976804413032507 0.02233978527447605 -0.06430140772053616 26.559963118761402
-0.0691145088101862 0.020471049725496578 -0.9973986769567444 -32.269620751159735 -0.020752182620899458 0.9995436002115038 0.02195309073210644 -0.6696044128359575 0.9973928672235414 0.02221547657286481 -0.06865814600063756 26.472562996660578
-0.07043645000899469 0.021083886017636624 -0.9972934253571146 -33.26613049204178 -0.018883173648985646 0.9995692668741697 0.02246567322773909 -0.652610303069907 0.9973375217362849 0.020414467199234114 -0.0700079800158428 26.391234280880294
-0.06946641943829779 0.023285071976657544 -0.9973124996677147 -34.262881337138495 -0.01697307192965422 0.9995552513777768 0.024519671131111722 -0.6433580052135333 0.997439888614695 0.018630750552486246 -0.06904030514241417 26.311324206422317
-0.0681271695025112 0.025744888222069554 -0.9973444186969769 -35.26063168087842 -0.017452360509957087 0.9994832834014543 0.02699224543598472 -0.6354881874264315 0.9975239866229826 0.01924491962776389 -0.06764265799267655 26.244201809409834
-0.06631661038800839 0.025825491454694965 -0.9974643608559509 -36.256349943694694 -0.019737386273325497 0.999435443850479 0.027188768977142525 -0.6284767575003277 0.9976033995379849 0.021490406383276324 -0.06576944323725796 26.151935666244043
-0.06448482668502482 0.023342742395021456 -0.9976456402475199 -37.25252314458399 -0.021587708496625942 0.9994598015690394 0.024780554663681422 -0.6140485723205895 0.997685159741924 0.02313485303723945 -0.06394607576449254 26.0657135284531
-0.06311762849955097 0.02324331354838047 -0.9977353924502659 -38.249209218967444 -0.02190605522471338 0.9994556298619827 0.024669184860420974 -0.5979052245441191 0.9977656486956674 0.023413507052073353 -0.0625740998372165 25.986178783244338
-0.061384198356940346 0.0259811897641616 -0.9977760059104032 -39.24712828504856 -0.02169500419645013 0.9993902495500298 0.027357922019837486 -0.5822330408074864 0.9978784029053805 0.023326098747242806 -0.06078310729340824 25.923689722966724
-0.059407505562001105 0.029418471379832372 -0.9978002314213885 -40.24441017008252 -0.022706124995875102 0.9992672081458925 0.030813610823512024 -0.5665456554392904 0.9979755408678981 0.024486736531950222 -0.05869599273751371 25.851659340144167
-0.05762711451180114 0.0314189171376728 -0.99784365875569 -41.241799710559434 -0.02326222898287488 0.9991910305496781 0.0328047736132947 -0.5526659009566681 0.9980671241834356 0.025102512124631535 -0.05684962189179969 25.78101341073644
-0.0557639959288708 0.030813446254399142 -0.9979683904252549 -42.238639758386576 -0.02466582482214319 0.9991761048915645 0.032229000908550624 -0.532691179020157 0.9981392557373393 0.0264129313717215 -0.05495801317791997 25.703786280808472
-0.05405794255563296 0.027841692236114365 -0.9981495774782871 -43.23603872707898 -0.027045213243785112 0.9992036661788114 0.029335813188301404 -0.5137152645341329 0.9981714758934214 0.028581001876250234 -0.05326190988407783 25.634383262364246
-0.05269838507469149 0.02727481222713586 -0.9982379299688506 -44.2342791935875 -0.027628349209656983 0.9992044588169349 0.028759760087731012 -0.49634501012114984 0.9982282076411536 0.029095259035263464 -0.051902903302243744 25.57788002745908
-0.05145023955355449 0.029626088422856828 -0.9982360280688353 -45.23317733178284 -0.02482480747148892 0.9992130805679631 0.030934585109295615 -0.48234741185532115 0.998366967494361 0.026372609022275718 -0.05067429041903541 25.533324946997354
-0.05008009504157174 0.03185909364482263 -0.9982369369206688 -46.23090643268436 -0.02264259734524611 0.9991979859514314 0.03302571204475752 -0.47233855711215644 0.9984885061261796 0.024256607815863553 -0.04931855747260984 25.466470645387222
-0.049066726464511407 0.03363629942192552 -0.9982289595655183 -47.22943609901637 -0.021537817517370515 0.9991647475931708 0.034726496852718 -0.4576528109358543 0.9985632572704878 0.023203588693819745 -0.04830129088422696 25.414403316765505
-0.0483515062129977 0.02909296841470878 -0.9984065960498044 -48.2272700570547 -0.021291508937775525 0.9993185724309788 0.030150662375184926 -0.4444786289049097 0.9986034265383275 0.022715412902488165 -0.04769912496663157 25.34977646046725
-0.04794810078125409 0.02221300369008632 -0.9986028049722958 -49.22519297106716 -0.019758705789565748 0.9995359754430847 0.023182479172025545 -0.436131755007745 0.9986543812435781 0.02084265487178227 -0.0474869514804185 25.285882323444454
-0.04807481653446956 0.017668991640770303 -0.9986874479783839 -50.22396436300071 -0.016907492912338107 0.9996858838491365 0.018500549078038366 -0.42545366062995127 0.9987006301683191 0.017774711451049172 -0.047760977107211125 25.237458897560334
