1.0 0.0 0.0 0.0 0.0 1.0 0.0 0.0 0.0 0.0 1.0 0.0
0.999996546249364 -0.0021967563859273476 -0.001442827337041782 -0.015887025702738106 0.002195730673187751 0.9999973358335055 -0.0007121044179464577 -0.012684838880940685 0.00144438781303711 0.0007089338982753026 0.999998705577449 0.5650810837832558
0.999992348312836 -0.0028506733317130405 -0.0026789881178252593 -0.020637776938485397 0.0028449545849347432 0.9999936717234913 -0.002136058608689645 -0.026685950996522757 0.0026850603697584794 0.0021284206647085857 0.9999941301209146 1.12728913521291
0.9999852511627814 -0.0030485285326665224 -0.0044948782736133714 -0.02461277012038657 0.0030325582540719513 0.999989080804581 -0.003555539627766345 -0.03600303365362062 0.004505668357163412 0.0035418562074814313 0.9999835769687725 1.689209170788518
0.9999656134347287 -0.005197055288913689 -0.006462396183376823 -0.033819729449540314 0.005162502400431584 0.9999723519697442 -0.005351996362427291 -0.04695173705327673 0.006490032131853227 0.005318450189845812 0.9999647961655979 2.2514272114140788
0.9999414474182193 -0.007601737443766089 -0.007701644174641298 -0.04324897349058126 0.007545839411159382 0.9999451662784159 -0.0072611806210854165 -0.058454962261496 0.007756419453442127 0.007202640090069547 0.9999439783972875 2.816231743355987
