0.9999913700067093 0.0001584830711836755 -0.0041514810876009545 -0.0954371507463031 -0.0001572928713166618 0.9999999464398768 0.00028701776304156107 -0.01677733026694483 0.004151526352703687 -0.0002863622876997103 0.9999913413753057 0.995297746174463
0.9997039999041478 0.0004422030555003747 -0.02432523447174064 -0.07210971099395953 -0.000464181656892221 0.9999994891626885 -0.0008978918372234421 -0.020986172105665227 0.02432482499498934 0.0009089173887949402 0.9997036944805914 1.9962974107391926
0.9990447336990411 0.0008082480537800268 -0.04369172465462504 -0.07771060405115908 -0.0009536411863525693 0.9999940772629365 -0.0033069634917562815 -0.02574465182386699 0.04368879303322194 0.0033454706891075277 0.9990395873984017 3.002125385534812
0.9985171160915634 0.0013274842748859836 -0.054422483016556625 -0.23920404536242654 -0.0016161454781758108 0.9999848579487419 -0.00526041319934594 -0.03921854481172136 0.054414675832727674 0.0053405672670992065 0.9985041419019176 3.9889173069397015
0.997739101199026 0.0014004027547921012 -0.06719170194811422 -0.3984535201612072 -0.0018925264214172189 0.9999718471387282 -0.007261079375981992 -0.04987778252728749 0.06717964187388978 0.0073718248815638505 0.9977136622877385 4.976099429373419
0.9966471207022414 0.0010924118019606712 -0.08181273392563573 -0.5831233959195217 -0.001818406409402964 0.9999596269859774 -0.0087998747829239 -0.06623560088617074 0.08179981781191312 0.008919138664682517 0.9966088695026841 5.9587660405648215
0.9955120412618709 0.0015622843505819263 -0.09462206386584107 -0.7954946073731939 -0.0021877049383720176 0.9999764407584775 -0.006506295037092667 -0.07871334692724906 0.09460966995886842 0.006684100209826347 0.995492005570441 6.935898959918128
0.9938030402438218 0.00015734027721502454 -0.11115526279117052 -1.0145948621283591 -0.0008698843150792058 0.9999793846681208 -0.006361881800609412 -0.08494018495686606 0.11115197030829185 0.006419149694758022 0.9937826895321639 7.911587958908828
0.991538797796547 -0.0012192402526181303 -0.12980495336228548 -1.2373968394015842 0.00030463540779930684 0.999974991822274 -0.00706561584800091 -0.10113228633523855 0.1298103218601935 0.0069662890587171645 0.9915143726418209 8.886321802432334
0.9887868878258791 -0.0015526521169151703 -0.14932541556954268 -1.5046850241504925 0.0004587511634448441 0.9999728111956462 -0.0073597837500043875 -0.12651357739344476 0.14933278277385317 0.007208754461113907 0.9887607161736032 9.849617227166087
0.9848735282326917 0.0027245785466208216 -0.17325331182471845 -1.8341359369916035 -0.0038989527166045663 0.9999716721916517 -0.006438399020397103 -0.15699884457689892 0.1732308620142598 0.007016515230188126 0.9848562519270623 10.793314125653998
0.980112227342201 0.007116426920143612 -0.19831635908870493 -2.2017465552199855 -0.008800180522699616 0.9999323188519582 -0.00761016018976919 -0.18856595570674695 0.19824877966100524 0.00920403081461077 0.9801085180630184 11.722757439248298
0.9739320604482159 0.00991068544193319 -0.22662329965200864 -2.5879497297494476 -0.0122578544542225 0.9998847950555121 -0.008952185262607534 -0.22978709438902728 0.2265084692351969 0.011496735661395505 0.9739413423989455 12.64425505241167
0.966542254164445 0.01085894070449462 -0.2562774947620063 -2.9914126132914043 -0.013454323165878192 0.9998744035388855 -0.008376057300808032 -0.24357622621294267 0.2561543521060339 0.011543853539203258 0.9665669595752814 13.559147489029643
0.957959235476735 0.012069714964847482 -0.28665035347178125 -3.420427481476668 -0.015472009789012718 0.9998341477618493 -0.009606970512372047 -0.26927712618604477 0.2864868584733311 0.013638143202218834 0.9579870985415605 14.462088841021217
0.9483169339991825 0.014133746390774306 -0.31700982619368767 -3.884697225033941 -0.017486314655500195 0.9998171988134464 -0.007732900917675289 -0.2806108679926966 0.3168425815608748 0.012876574458877554 0.9483907276750684 15.347717023996552
0.9372160788567225 0.015978406520871926 -0.34838299622324254 -4.379333521810995 -0.019675558841650356 0.999781373773616 -0.007076513238194351 -0.2942306696009568 0.3481937591581715 0.013486852130699075 0.9373255629197926 16.21672209752251
0.9248965157894617 0.01769944430919007 -0.37980674658523406 -4.911949687266881 -0.022283490503894936 0.9997222239918475 -0.007675995554813941 -0.30196801505149534 0.379565384527458 0.015562921574710113 0.9250340071265395 17.063051204865413
0.9101455879098276 0.02004061256226594 -0.4138035556352843 -5.475122990995919 -0.02552491802725672 0.999644314410933 -0.007728080330718009 -0.2998030024911481 0.413501496210082 0.01759598005299373 0.9103333972331227 17.889391096518562
0.8943487897459743 0.021756012047329264 -0.44684104357109816 -6.052480794404403 -0.027026985625573388 0.9996199872125151 -0.005424316846089144 -0.3016356701032342 0.44655322675791576 0.01692799766801082 0.8945969251942718 18.70589643561926
0.8757606758976212 0.016459552825586154 -0.48246483982993404 -6.646906538887072 -0.023025313512239458 0.9997053090710338 -0.0076896003051072975 -0.29966448989239164 0.4821960944356612 0.017843153756299954 0.8758815835345689 19.510049664021942
0.8547097514318113 0.011064434989384916 -0.51898826488249 -7.270890793155811 -0.01858650605204977 0.9997840485929075 -0.009295050938666722 -0.3171322069956849 0.5187733441495899 0.017590749203515076 0.8547308248462263 20.291298410027327
0.8311031897728018 0.01377091590655742 -0.5559477042173743 -7.94669711335436 -0.01970261467512973 0.9997948892961087 -0.004688956423935236 -0.34800079050896005 0.5557691021678317 0.01485063003635618 0.8312040446623715 21.027772219569837
0.8039359523915129 0.020723186512837652 -0.5943547206787422 -8.693426358281496 -0.025465357758858997 0.999675620935203 0.0004104412628195223 -0.37500874610915297 0.5941704301011324 0.01480548711022531 0.8042028957575722 21.69238146121627
0.7738804835897092 0.023002114384865453 -0.6329138170815864 -9.46601971882014 -0.028459713253146824 0.9995937694101831 0.001529992774794075 -0.40021213030008074 0.6326919011971837 0.01682851419965018 0.7742207432440219 22.326845433432766
0.7372419109212734 0.023035321916095756 -0.6752360614817394 -10.261592858119169 -0.028443334391838562 0.9995907677905447 0.0030452711839596028 -0.40828941005200375 0.6750298819384394 0.016960863543217318 0.737595409149247 22.932647925969917
0.6992300740855317 0.019021504827618774 -0.714643607575437 -11.052372398525174 -0.022672967500639536 0.999733139194237 0.004425713677105539 -0.40729600740337374 0.7145370809405605 0.013108499186773839 0.6994747509453173 23.544773632561814
0.6569912026342813 0.014164684963800332 -0.7537651632710534 -11.883129231928482 -0.017467183948233468 0.999841083985731 0.003564303460350177 -0.40912688886753174 0.7536958651512423 0.010824438743656746 0.6571342133687802 24.101418652243964
0.6154439302577952 0.015201359601281564 -0.7880340648570413 -12.74680672011867 -0.015451055232369006 0.999854555062017 0.007220361067347906 -0.41125182121810133 0.7880292085963851 0.007732230467925457 0.615589294100333 24.605539718589025
0.56982236591193 0.01585034983772939 -0.8216150179473067 -13.647613523830614 -0.0131877766892278 0.999861593633104 0.010142786770183935 -0.41112417858903505 0.8216620679163219 0.005055688626878557 0.5699525297425938 25.039778940382014
0.5227906234944218 0.0137055291606477 -0.8523509385556758 -14.563160652942534 -0.010934651272996459 0.9998963013693919 0.009371227739683402 -0.4169816020836219 0.8523909885656068 0.004420970282380255 0.522886276004554 25.442101647079415
0.4714546011921389 0.01700982334891927 -0.8817262755098098 -15.504184371800337 -0.010648604422836947 0.9998508822604335 0.013594869137997343 -0.4116537474449994 0.881826040803178 0.002979790709411476 0.47156542982784555 25.780430108697505
0.4191936474170989 0.01926461968462858 -0.9076924371137818 -16.46178756247898 -0.009784074306012597 0.9998126526963409 0.01670123942349985 -0.4056021183367665 0.907844126408892 0.001879876781403782 0.41930359908801546 26.068474130727207
0.3654066717419758 0.021704481428280485 -0.9305949063542002 -17.432467763489285 -0.009610278686630206 0.999762806517376 0.01954413589969198 -0.4044776848318633 0.9307983706421161 0.0018017187432431126 0.36552858577620556 26.3088494000804
0.3105802492920813 0.026119723491869445 -0.9501882280866134 -18.4116912121571 -0.0076397418932186816 0.9996586968428213 0.02498247726543109 -0.4022836823781603 0.950516461242768 -0.0004998712044747887 0.3106737952182404 26.511627998017687
0.25673741082937174 0.028829590242957972 -0.9660511149038931 -19.397537845955718 -0.0034524276935303383 0.9995759827775522 0.028912547402675473 -0.3958033243252143 0.9664750294879078 -0.004087710938184294 0.25672808182128104 26.67913993282542
0.2081666920473168 0.029563896070230362 -0.9776464618517409 -20.39096650653846 -0.0007763187536042029 0.9995477678578225 0.030060889867695527 -0.3882575286963581 0.9780930557218322 -0.005498710721026553 0.2080955033851909 26.793409777016056
0.1606461710306033 0.03146265575256556 -0.9865104708142752 -21.38941699710253 -0.003224428021596966 0.9995032055447038 0.03135195639502577 -0.37818529122504785 0.9870067936935086 -0.0018556397434869388 0.1606678119724129 26.848116278763925
0.118650041947846 0.03095918434810375 -0.9924533724313076 -22.38893726197211 -0.005155479598934117 0.9995195386217496 0.030563261335632242 -0.35820726592795654 0.9929227505581085 0.0014902408749272434 0.11875264462846832 26.871842667054512
0.08133160948447778 0.029757646682126916 -0.9962427674832112 -23.388583412469607 -0.006452193955827001 0.9995489685194338 0.029329656065026088 -0.33194732045468656 0.9966662121752804 0.004042523429496809 0.081486928476297 26.876007329262748
0.04598013194385819 0.02725948762925657 -0.9985703519535402 -24.388276132358563 -0.00527547899156611 0.9996202902060314 0.027045234881940983 -0.3118125552631184 0.9989284242566306 0.004024393445007408 0.04610647969173995 26.861686987668527
0.014460701914136145 0.024400470922915193 -0.9995976716253854 -25.38780048161971 -0.0046667370636795606 0.9996929605858322 0.02433528549888869 -0.30293879243150085 0.9998845481681018 0.0043129541933471585 0.014570132490718994 26.832183421978808
-0.011288480486809816 0.02252786962114028 -0.9996824822405528 -26.385445270593554 -0.005470770938887348 0.9997298286821734 0.022590712880446524 -0.2916574556825433 0.9999213173413363 0.005724048693490429 -0.01116218584872222 26.76451981744941
-0.0327638377525917 0.020003460911582123 -0.999262924603571 -27.382285065743535 -0.005594544942668927 0.9997803618976017 0.02019725305048632 -0.27692044327583826 0.9994474633529301 0.006252160863231647 -0.03264473130436181 26.68646921111185
-0.04797785937245994 0.019451207322186487 -0.9986589886161078 -28.378633026003946 -0.005211231285279703 0.9997918890366959 0.01972363265037167 -0.25831404961885246 0.9988348051998028 0.006150540638415646 -0.04786650991379496 26.60310824223318
-0.05974873082397971 0.02040504896947686 -0.9980048713014774 -29.37446740612074 -0.004645417074460382 0.9997745390267238 0.02071934395937147 -0.2423215999120603 0.9982026393799649 0.005874103374616461 -0.059640469854088225 26.51331716848133
-0.07057198136256229 0.02225018578050182 -0.9972585044406976 -30.370346152477286 -0.0056782830399358525 0.9997260355305378 0.022707069033946148 -0.23847123990982422 0.9974905275481472 0.007265198904859483 -0.07042630429457669 26.422689380045906
-0.07707099196354783 0.02389991043241836 -0.9967391115427741 -31.36538566533734 -0.007412986849729452 0.9996712802080064 0.024543413643003206 -0.23901086757485504 0.9969980490571286 0.009280399162115555 -0.07686848748135573 26.323207851169098
-0.08152674036427542 0.024909768554453846 -0.9963598215685643 -32.35973859320286 -0.007468348377473954 0.999644292394749 0.025602977465805907 -0.22293718428839324 0.996643173045443 0.009528489553198995 -0.08131170585312975 26.218308427121634
-0.08194167410562282 0.024869991564631693 -0.9963267764967199 -33.35535334616491 -0.005114985327040664 0.9996649425577667 0.025373993498885382 -0.20502449135427517 0.9966240007996358 0.007175384348762323 -0.0817870092959481 26.12645754273034
-0.0824480005317061 0.02707173375150408 -0.9962276087521431 -34.351459346223784 -0.0031882612980815954 0.9996187041936957 0.027427745368732246 -0.1870141362142481 0.996590267962827 0.0054375966938095995 -0.08233025169387348 26.040126723922263
-0.08027279036043033 0.02898586973748123 -0.9963513930754119 -35.347162701260615 -0.004124778930546995 0.9995588775815758 0.029411501944554976 -0.17644661977010023 0.9967643981034461 0.0064706725633593065 -0.08011781992823633 25.948115097548005
-0.07912552209603373 0.029254214094031204 -0.9964353178760639 -36.34225904876249 -0.006425503984697512 0.9995335747522781 0.02985541561383623 -0.16665637003822692 0.9968439520063174 0.008764924453344895 -0.07890064288555874 25.849683887566766
-0.07804931149792088 0.026464033883335545 -0.9965981937999506 -37.33797230899696 -0.00835704995372991 0.999595129466008 0.027198104049834353 -0.15265609024790758 0.9969144721041879 0.010451414184521647 -0.077796550378357 25.758251068212605
-0.07615850782510769 0.026748972935416213 -0.9967368630349512 -38.334067399216224 -0.008779105262155454 0.9995833575774971 0.027496155456605487 -0.13348723563000112 0.9970570740918743 0.010844524009756799 -0.0758919449108589 25.672061954471268
-0.07545279287191625 0.028932494707904433 -0.9967295454624623 -39.33008768115634 -0.008443726205192466 0.9995245938432611 0.029652820949041692 -0.11208974782826767 0.9971136241851274 0.01065349953964708 -0.07517262408589533 25.585532307145908
-0.07249375597529832 0.03303683817239448 -0.9968215600939653 -40.32585149617028 -0.00938659273068065 0.9993843872142967 0.03380441493670889 -0.09538795311969361 0.9973246949822823 0.011807367017073338 -0.07213902454720288 25.49508576809552
-0.07058957309247002 0.03561687852448997 -0.9968693746598881 -41.32224872646148 -0.009747181062825674 0.9992899980480089 0.03639357446773966 -0.08263654366975454 0.997457820978888 0.012285673175782576 -0.07019229019391357 25.41123868352425
-0.06775494786467429 0.03495149067254864 -0.9970895949410082 -42.31770894530078 -0.011348355388605326 0.9992945409643811 0.03579993336252003 -0.05912358992705813 0.9976374501139326 0.013740949696207524 -0.06731050758698197 25.31900500528914
-0.06678095602823539 0.03172792065182952 -0.9972630761053314 -43.31307841709469 -0.013621702210444455 0.9993721474554813 0.03270718757566472 -0.03321017834346395 0.9976746729975884 0.01576863790347642 -0.06630683914819217 25.22643652267815
-0.06650474108349681 0.03113239511423529 -0.9973003025106681 -44.30957312524564 -0.01455351120020185 0.9993765226604905 0.032167705338923255 -0.01138206484773658 0.9976799660838954 0.01665352603736909 -0.06601019122347751 25.145659800180866
-0.06303020808596817 0.033325695273823626 -0.997455057084357 -45.30627015851442 -0.012272320016460099 0.9993408814951609 0.0341642025208913 0.010135456012741573 0.9979361618009708 0.014394464456558738 -0.06257968011228378 25.067307843246432
-0.060695378328372254 0.035344534080139704 -0.9975303679388592 -46.303549637181206 -0.009952273830089634 0.999301769642489 0.03601285097018684 0.028832784915505068 0.9981067193918628 0.01211350898987648 -0.060301240491100604 24.99598831672248
-0.05845137003254827 0.03703418164462185 -0.9976030807546824 -47.30070929390282 -0.00925722830086916 0.9992485726171408 0.03763766526755086 0.047549724731743494 0.9982473346147755 0.011435012571911424 -0.05806461419812038 24.923028569711217
-0.05764766998866479 0.03276514540726534 -0.9977991738778506 -48.298552741145606 -0.009053641548472798 0.9994030303133896 0.033340884438269214 0.0646568730446996 0.998295936944346 0.010955740360879986 -0.05731661219537719 24.85965158443105
-0.05777502973405368 0.026152989230669874 -0.9979870074773177 -49.29642200802269 -0.007751669805423058 0.9996149194740934 0.02664440616770674 0.07782475592922715 0.9982995329831907 0.00927544711065199 -0.05755005235827879 24.79573910605841
-0.0604149276118412 0.021005683234982267 -0.9979523023639406 -50.294227278565266 -0.0046964906120267515 0.999761499442307 0.02132808497736119 0.09564847894076257 0.9981623011803176 0.005975408329309329 -0.06030186562380084 24.731861716342518
-0.061161003977912305 0.021729913908589284 -0.997891348010364 -51.29224908520645 -0.0036855021160884073 0.9997512589867102 0.021996300339844007 0.11028360618513437 0.9981211092179976 0.005023046487303163 -0.0610657050841168 24.67072018774519
-0.060374207109616294 0.02924502290574263 -0.997747304557186 -52.28978348648522 -0.004037834749102964 0.999555373853837 0.029542350794334874 0.11928528452663738 0.9981676467439846 0.005812334742527045 -0.0602292765888547 24.601115021151436
-0.06182819868586213 0.03654101772045207 -0.9974176797466632 -53.28719834825097 -0.005297337942092318 0.9993035009425782 0.03693847878072542 0.13547703638480416 0.9980727488805556 0.007567498124243999 -0.06159156528414244 24.53108847856567
-0.06198856025780828 0.04246266540872466 -0.9971731747512829 -54.28442982593645 -0.007331571893352019 0.9990482453437252 0.04299827356065218 0.15450252243576 0.9980499318424587 0.009976247892407442 -0.06161824427272 24.45918526839664
-0.06230624039510612 0.043080514136668274 -0.9971268734266213 -55.281303457116366 -0.00886914870838319 0.9990046364885468 0.04371583781166076 0.17493314005424498 0.9980176704893634 0.011567436021312813 -0.061862135550569554 24.382854554173974
-0.06349367839882541 0.039177609783537834 -0.9972129500237334 -56.27813052867374 -0.008988067351255255 0.999166179587285 0.03982662695030325 0.19340229089346062 0.9979417655598324 0.011491756201649925 -0.06308860507830276 24.305416507830746
-0.06298199425772615 0.037137088520351275 -0.9973234706230235 -57.27506646413964 -0.009429753268997742 0.9992406812270882 0.03780397775513456 0.2139666548823446 0.9979701138574266 0.011785484167248842 -0.06258397726525528 24.22993253876156
-0.06451860653320865 0.03753981827562104 -0.9972101641353481 -58.27197632267141 -0.01089605817770492 0.9992061146682175 0.03831992074408707 0.23639389260518406 0.9978570164744048 0.013338007852689023 -0.06405835011394354 24.15461851698532
-0.06320491111122771 0.040374174234563194 -0.9971835664842761 -59.2688325148535 -0.011581403880784876 0.999084405835629 0.04118520487042004 0.2548334781026585 0.9979333696673198 0.014151892839668638 -0.06267945144529133 24.077522433359636
-0.06380229489080935 0.039335200666296886 -0.9971870482287715 -60.26559300452099 -0.012142212127765208 0.9991183461909818 0.040188269298910465 0.2722323963499574 0.9978886881066996 0.014672160479614227 -0.06326842700391673 23.998971529946502
-0.06293837676216227 0.03451596668968049 -0.9974203771600131 -61.262623763275826 -0.012933403933847759 0.9992896457123503 0.03539676588008186 0.2907334631528196 0.9979336089105465 0.015127855616783972 -0.062447259277007026 23.92421980830187
-0.06207165130769406 0.030899393411166216 -0.997593272627056 -62.259292774829255 -0.014318860886798297 0.9993902156087405 0.03184599140268087 0.3105056603737446 0.9979689776375016 0.016261132566247807 -0.06159135686784635 23.84509402499299
-0.06377596329935863 0.031976406558110966 -0.9974518213572378 -63.25629124105719 -0.013988202921297516 0.9993597031114201 0.03293195979723619 0.3282094630440259 0.9978662017947452 0.01605282594076746 -0.06328783528486347 23.76966488406963
-0.06278170670529198 0.03380762244697752 -0.9974545112272816 -64.25336516292958 -0.012759377914848873 0.9993172278697795 0.03467385698022383 0.3417302563210972 0.9979457177514197 0.014903782980893513 -0.06230747687446283 23.694416479052556
-0.0619278308597148 0.039467306637201965 -0.9972999927162425 -65.25102736195902 -0.012624972003559368 0.9991069434160096 0.04032276900000367 0.3564632464035335 0.9980007784801168 0.015087986105620198 -0.06137425216128313 23.627654803853545
-0.06191067557627041 0.04431576698573321 -0.9970973779155965 -66.2482265255382 -0.011529430721252018 0.9989153817709724 0.045112440508089865 0.37851408975490725 0.9980151003251068 0.014288906809770161 -0.061332590563648204 23.556141687884963
-0.06349185217079367 0.04822920749029471 -0.9968162961412609 -67.24545910217184 -0.011524429392746094 0.9987295499418868 0.04905582126565004 0.39664190035045693 0.9979158142023269 0.014602383974334275 -0.06285537484712397 23.483994832401574
-0.06250039005116231 0.04813485412375754 -0.9968835122831247 -68.24214833932254 -0.01124657929827166 0.9987389113414264 0.04892955575753391 0.4208803723521764 0.9979815708205936 0.014269645791907813 -0.06188021906419919 23.4063766596348
-0.06295744440671346 0.04460030589523504 -0.9970191437017791 -69.23917091507882 -0.011042600285055664 0.9989086664152986 0.04538212356593384 0.44993253595155563 0.997955119818882 0.013866826401908216 -0.06239623348263354 23.334913189679963
-0.06281189026225174 0.040565772257173977 -0.9972006240285171 -70.23596285153816 -0.01191144159971743 0.9990719719403667 0.041392178514827155 0.4726373340724164 0.9979542995551943 0.01447801797090643 -0.06227040223842139 23.258161426863538
-0.06417691619592036 0.037923478825886266 -0.9972176959828412 -71.23211326024338 -0.015608791462515939 0.9991172839471902 0.03900023778220948 0.4946780295683652 0.9978164606061881 0.018068278051096703 -0.06352832652924845 23.173288940848337
-0.0647879310145961 0.03639967942853935 -0.9972349709734157 -72.22901657763975 -0.018640842564257826 0.9991160006132398 0.037679388358869706 0.5144089673224645 0.9977249335279446 0.021030469707154376 -0.06405213782969335 23.09716427500376
-0.06453295532707186 0.034421267292837544 -0.9973217505071826 -73.2266484190173 -0.016369538293632774 0.9992339497175609 0.035546475885746345 0.5276867499555363 0.9977813066463043 0.018619615726369988 -0.06392005958535198 23.029671047599145
-0.0641595713785798 0.031104151048833465 -0.9974548015765177 -74.22405341724665 -0.012927869837150819 0.9994043694242363 0.031996508516057426 0.5434907950547453 0.9978559112326736 0.014947848115223726 -0.06371924555998501 22.959390889766947
-0.06599827539716352 0.029137783428145898 -0.9973942135492349 -75.22150465853707 -0.008747175319352325 0.9995182436760908 0.02977864138262576 0.5592244089377518 0.9977813961828169 0.010689721023346681 -0.0657116070105611 22.88978064782295
-0.06713161226362138 0.03242995660051434 -0.9972169495900968 -76.2181262835785 -0.008371895709357889 0.9994181350687789 0.03306512751941612 0.5752999298778808 0.9977090046687547 0.010568311621653052 -0.06682105051815093 22.809234098934766
-0.06852877616104246 0.03884801940147317 -0.9968924908065336 -77.2157359779001 -0.005708506446105819 0.99920994063804 0.039330744771473865 0.5891368009096091 0.9976328080972594 0.00838605501453511 -0.06825287019070157 22.741521683659197
-0.07135394255919134 0.042012420155445165 -0.9965658891583358 -78.21241543157487 -0.00347787580088202 0.9990960157115774 0.04236809848417553 0.6049861819667619 0.9974449956068615 0.006489063255470363 -0.07114332573680625 22.661628239043
-0.07276484166851765 0.041086602137406676 -0.9965024681062061 -79.20884639830568 -0.003399432261587501 0.9991350712622268 0.04144337382650263 0.6209626807727558 0.997343331895919 0.006403163173526538 -0.07256223414503467 22.57874154864503
-0.07416901938948571 0.037174518619947035 -0.996552563454723 -80.20443427780363 -0.006466945819586738 0.999266022705297 0.03775704541542916 0.6382817807869677 0.9972247164879977 0.009245054467738701 -0.07387417541549957 22.486518483639273
-0.07411878891902754 0.033240931131103955 -0.9966952621672867 -81.19966964202834 -0.010842560373486264 0.9993583786081157 0.03413605118206932 0.6562298748074933 0.9971904752923199 0.013336851326109508 -0.07371081591585715 22.390645552314474
-0.07476105334134169 0.03144922495009069 -0.9967054385089579 -82.19470633069665 -0.015088997286819847 0.9993524651743341 0.03266454516534695 0.6709028517098644 0.9970873116553887 0.017481321460897474 -0.07423810568575574 22.2922120691445
-0.07620964284290284 0.032909859958435664 -0.9965485595068991 -83.19009581006728 -0.016827161801302448 0.9992703724160293 0.03428657809175829 0.6812615923962266 0.9969498166725689 0.019382051724355694 -0.07560025864694188 22.19684180578561
-0.0779727594667545 0.0338515899423913 -0.9963806093253291 -84.18650408240475 -0.016608171330474143 0.9992405695228831 0.035248444854226076 0.6968092362628504 0.9968171434251099 0.019296478382233036 -0.0773513315712589 22.113593073067424
-0.07959642571067861 0.03369815109740458 -0.9962574183546656 -85.18227896617049 -0.01840032217816996 0.999208482372864 0.03526807193279849 0.7068972371439222 0.9966573318637769 0.021138669937675585 -0.07891336689967124 22.02231008298555
-0.07839064840229915 0.03286949299236652 -0.9963807016765701 -86.17759679970226 -0.019329632978850503 0.9992183085109334 0.03448386906151488 0.7207695742114385 0.9967353066546649 0.021962886125769753 -0.07769401586387785 21.9265889858908
-0.07999901252590447 0.03494085665072874 -0.9961823600784124 -87.17343352965364 -0.017643430997653132 0.9991792485796895 0.03646283793614651 0.7348171600035918 0.9966387847848939 0.020493065759906556 -0.07931687662943496 21.836496024890376
-0.0809204796396439 0.03669559719220585 -0.9960448328873553 -88.16880807504366 -0.01651683745685343 0.9991354618062086 0.03815131769307164 0.757320685231919 0.996583699473011 0.019538733531147004 -0.08024442558013024 21.743052545545638
-0.08005999778204402 0.0405932308807785 -0.9959631450820866 -89.16370351829173 -0.016741134440352592 0.9989747481335872 0.042061704781018984 0.770228236914305 0.9966494525021262 0.020041012900933002 -0.07929833938435016 21.642962142190818
-0.0794542974883435 0.042095683928687636 -0.9959492798356815 -90.15884121064394 -0.016581270461116047 0.9989139096290236 0.04354380116105953 0.7868374057854981 0.9967005950035989 0.019973846505733316 -0.07867000302044204 21.545840713823488
-0.07951685852622872 0.04198324810208107 -0.9959490328771455 -91.15441287176598 -0.015977129219000477 0.9989306841343434 0.04338455527963383 0.8071708141391581 0.9967054733230063 0.019362209938210733 -0.07876105810785969 21.454059277402877
-0.07843003500240485 0.04005532790604239 -0.9961146019991193 -92.1507530140145 -0.01532631365851589 0.9990259614720753 0.041379130179787324 0.8229579285636728 0.9968018026263603 0.01851213145843603 -0.07773974060738385 21.37002806757595
-0.07938228522782863 0.03637584736862964 -0.9961803303218875 -93.14648239218471 -0.01494160776764358 0.9991782973757849 0.037675965953709305 0.8396726001768388 0.9967322615172666 0.017875340037082618 -0.07877354295214355 21.2792273498054
-0.07956215466516296 0.034689334303800584 -0.9962261357897608 -94.14143359464141 -0.01536561359851164 0.9992328918757283 0.036021184217208346 0.8501129879892152 0.9967114735287123 0.01817354888919576 -0.07896809898303349 21.17935739765641
-0.0796833413608497 0.031604842579135616 -0.996319074912812 -95.13827133004239 -0.015955801749663493 0.9993287586612115 0.032976423444136455 0.8633529081283733 0.99669251903488 0.018524741244876054 -0.07912557400559406 21.100963985834838
-0.08002550677918546 0.03050862105902347 -0.9963258213585627 -96.13405737437066 -0.018146377143609865 0.9993212705399066 0.03205787333976246 0.8720365119155273 0.9966276271814338 0.020645151672566822 -0.07941757016630754 21.009605717406142
-0.07379945735774905 0.031498495192748985 -0.9967755438885414 -97.12992781011579 -0.01828970937043228 0.9992902298647501 0.03293209723050287 0.882271410857808 0.9971053738822421 0.020661105910539775 -0.0731709783842381 20.91936163980866
-0.06831012701006306 0.03305617344183462 -0.997116350254701 -98.12742294881001 -0.017694023605443355 0.9992535917608724 0.03433920327621184 0.8906001986791364 0.9975072170548531 0.019988715576002628 -0.06767424305526203 20.849113817478905
-0.05984179116927813 0.03541719097448293 -0.997579361561341 -99.12562552792505 -0.016742976385219745 0.9991941572574706 0.03647888216894945 0.8956001709839917 0.9980674490090413 0.018885409341847126 -0.05920057890404844 20.789365784678438
-0.0529631884622419 0.03678925547734374 -0.9979185594773449 -100.1235844178842 -0.01768352728210846 0.9991298892042014 0.03777244182816393 0.9027413938956801 0.9984398797778335 0.019647269027064148 -0.05226654081725956 20.725844221959445
-0.04056896522736403 0.03810691821077851 -0.9984498093769466 -101.12203634746334 -0.01996469445864956 0.99904205657026 0.03894072648316797 0.9159706829403857 0.9989772620212897 0.021513530355131594 -0.03976930947483485 20.671810267652432
-0.02770620337854117 0.03916770252337847 -0.9988484656710397 -102.12161871901445 -0.023116747289874964 0.9989397284555168 0.039812496881674764 0.9341892932006706 0.9993487791002107 0.02419318069740801 -0.02677139739833598 20.649192265860744
-0.007118286676166468 0.0397165323950478 -0.9991856319269768 -103.12124136015348 -0.024694135902423198 0.9988992440424126 0.03988107199572428 0.9480510229342455 0.9996697102777634 0.024957910689971788 -0.006129685731164275 20.625221668789486
0.010900237776075359 0.03914313083815265 -0.9991741590556751 -104.12071490344016 -0.025665852410464988 0.9989152661359434 0.038852993457394416 0.9622570572684093 0.9996111488156123 0.025221149631675537 0.011893055738008182 20.65508049755953
0.03770739238588194 0.04088975128470649 -0.9984518920806026 -105.11791170982676 -0.025350057386303738 0.9988800621296248 0.03994991952966584 0.976328108829059 0.9989672302683243 0.02380440547021732 0.0387017199907341 20.728678160181392
0.06666456212389131 0.04003634424609645 -0.9969718788893903 -106.11234001404534 -0.023901164127220383 0.998972002717231 0.03851846492900698 0.9933533521478112 0.9974891330286224 0.021260971909381903 0.06755294637004997 20.832704182168953
0.0992469713677751 0.03860870955016568 -0.9943135351694646 -107.103543251061 -0.02279024285882816 0.9990730642965081 0.036518721604402796 1.0021254898416663 0.994801811168817 0.019036274426872182 0.10003487767366423 20.964859907352064
0.1367860978817254 0.039576349437841406 -0.9898097170625615 -108.08705701557133 -0.02208499434459152 0.9990750859079809 0.03689479289491654 1.0094814043068998 0.9903543893228774 0.016813247251298388 0.13753362594571567 21.145540255947548
0.17767071568696946 0.03942471496637198 -0.9832999586276323 -109.061413233458 -0.022154851986212813 0.9991041893684217 0.036055253707841135 1.0147366374255382 0.9838405761711336 0.015378902310897013 0.17838500509561453 21.370478593270846
0.22432006012314445 0.04150752730367276 -0.9736311600413613 -110.02215655958065 -0.02115277061673435 0.9990645077152998 0.03771829421939033 1.0210706271970653 0.9742859287301567 0.012134026566623834 0.2249882096415171 21.647871605816412
0.27142261287045744 0.04009489730495007 -0.9616247524022469 -110.96014051461583 -0.01775867052389148 0.9991704363014686 0.03664790365567457 1.0284344422625744 0.9622964173495593 0.007130107379082288 0.2719094825947863 21.994468254082047
0.3182180992146481 0.0360242238402556 -0.9473328330787056 -111.86576647212887 -0.00995921554557521 0.9993496461454957 0.034656871967738596 1.0221384840857537 0.9479652184325819 -0.001593752044267878 0.31836991785733676 22.41852575636915
0.36687772771819455 0.03126936951956553 -0.9297434912029159 -112.75639049586711 -0.004824995574105391 0.999485433555997 0.03171100009601785 1.028450875974932 0.9302566593806485 -0.007148051428791036 0.3668398193199943 22.873238575706633
0.4188860420564427 0.026261783376532146 -0.9076589681726148 -113.62438930921286 0.000324070024023692 0.9995773005682936 0.02907086457643835 1.0430003836904838 0.9080387539906585 -0.012471524465204047 0.41870046850774456 23.369582799236394
0.47095932651768463 0.025168729734182722 -0.8817958084554384 -114.47187439361491 -0.00011544747824992867 0.9995946591355798 0.028469353689584864 1.0590757993462958 0.8821549180489155 -0.013306106537623033 0.4707713331235443 23.900152129114016
0.5182262495738018 0.024307110864607198 -0.8548980749856038 -115.29112705181618 0.0012473574808656383 0.9995734893959564 0.029176761233994812 1.0661860632677407 0.8552426546612295 -0.016186527058214262 0.5179749009264882 24.473540162002607
0.5587274656644766 0.021394049760180233 -0.829075336593131 -116.07465144679169 0.008898853386372915 0.9994550267623289 0.03178773172025623 1.0686784252454753 0.8293035810368597 -0.025138498649881005 0.5582325916363797 25.095004213674226
0.6020064402421594 0.015453967655423454 -0.7983416692060309 -116.80291613970049 0.019179497242117337 0.999244376461627 0.03380566513696318 1.0699136293044558 0.7982608551047105 -0.03566301997192598 0.6012551506756321 25.78029746604543
0.6437717292828381 0.011017031734562095 -0.7651382787365609 -117.51727931458755 0.020164874462431273 0.9993048777138743 0.031355050871775154 1.065114347897614 0.7649518536575355 -0.03561441265859744 0.6431020721447586 26.48005605639761
0.6827851711510871 0.006901777945057065 -0.7305865968640413 -118.21197540046725 0.016893098434110767 0.9995389201302294 0.025230346216189765 1.0741458326283977 0.7304238723381633 -0.02956877755488845 0.6823537602390939 27.199326016768076
0.72486988849788 -0.0015239741778160752 -0.6888841138041868 -118.85764801895581 0.013497694291460957 0.9998370018967593 0.011990908510719737 1.0948476482355407 0.6887535531653445 -0.017990195685526525 0.7247723062185174 27.962655455367138
0.7613728815808347 -0.003805426846271537 -0.6483030571575437 -119.47065755378956 0.008775791855954194 0.9999516488625665 0.004436824803168458 1.1006232590361307 0.6482548269551096 -0.009067450774650997 0.7613694639699237 28.75274859999547
0.7991466025024759 -0.004593976934523913 -0.6011186264662559 -120.02727896970049 0.007175032339996018 0.9999724606228793 0.0018965512760678585 1.094018980144505 0.6010933593208895 -0.005828668093810673 0.7991575564358876 29.583484979197255
0.8325535140461263 -0.005465986925911946 -0.5539176556460134 -120.53209120439702 0.007119621597554109 0.9999743079096333 0.0008333720395719399 1.0851643406867106 0.5538988691428758 -0.004637510924457243 0.8325710397645762 30.44667224080937
0.8626761612292232 -0.004388701008496226 -0.505737659414713 -120.99710985866047 0.003971264125665822 0.9999903025567599 -0.0019036422149669484 1.0717233561460602 0.505741109568975 -0.00036619106547021354 0.8626852241669869 31.331872600909342
0.8898882208613602 -0.002979953363975493 -0.45616890978030755 -121.41867740206261 0.002956254168635408 0.9999953372638986 -0.0007655140436169613 1.0485208366074923 0.45616906398121293 -0.0006673293108211673 0.8898928810469796 32.23837444933528
0.9098020550314218 0.002949284843724115 -0.41503195344396715 -121.80592776063844 -0.0034409554521450535 0.9999939844604379 -0.0004368850107658278 1.035773434214566 0.41502816830449096 0.0018255853436246602 0.9098067304389273 33.16028192934077
0.9277737689790354 0.007243038090921677 -0.37307287759049396 -122.17250733523227 -0.008477781057955592 0.9999626699734109 -0.001669097953791035 1.026000140698434 0.3730468614299971 0.0047113754742576265 0.9278005400506986 34.0906165307239
0.9409482163477869 0.012114136055305615 -0.3383337137495388 -122.49036833707 -0.012816172997885998 0.9999178568449276 0.0001589727449494583 1.013728641332842 0.3383078477682856 0.004186558285623282 0.9410261807559397 35.038679070619764
0.9511537820398622 0.013051655594409253 -0.3084414647830505 -122.78468323634407 -0.01296203574296668 0.999913252154493 0.0023396143318643366 0.9948166350683494 0.30844524399099904 0.001772696270863531 0.9512404475248428 35.994199882605685
0.9586637679142381 0.012575779497047763 -0.2842633107851242 -123.049397000512 -0.01215809935553007 0.9999208583993738 0.003233814762595711 0.9774976488548154 0.2842814814730984 0.0003559605306108339 0.9587407953057803 36.9583717253339
0.9648608847393788 0.012923560848744044 -0.26244324086349513 -123.31295684678027 -0.011913440358373066 0.9999142355563954 0.005439804269950759 0.9697850742484804 0.26249103420645303 -0.002122052463228288 0.9649320980538314 37.92298336474034
0.9696714684105403 0.01498196810739754 -0.24395242155424068 -123.56090675020964 -0.013662173478051674 0.9998814514578229 0.007101270763129268 0.9675893621981402 0.2440298923624004 -0.0035529793447995053 0.9697612015188943 38.89175567888692
0.9732660150788092 0.019672594141713205 -0.22883673859840184 -123.79896009090335 -0.018310642611333628 0.9997997488992465 0.008073566012751197 0.9616798305069786 0.22894974177705021 -0.003667579683887465 0.9734313353285291 39.86298997006532
0.97632906994611 0.023469105990415996 -0.2150133675894993 -124.03729716080771 -0.0220728699246065 0.9997168129811171 0.008892820484412214 0.9540339176537387 0.21516118514141447 -0.003936357057889155 0.9765706167511153 40.83414256566516
0.9791880195274596 0.02186776753228628 -0.20177369292612896 -124.23776781084221 -0.02066113021063774 0.9997538484166668 0.008084570148241698 0.9488434936651654 0.20190081751274083 -0.003747441689559511 0.9793988036384714 41.81382917900251
0.9820662066174453 0.021675513209250288 -0.18728624601699773 -124.43381505297606 -0.02056132098859322 0.9997574610376792 0.007889941615485145 0.9449057709847887 0.18741184033893893 -0.003897592411648375 0.9822736944834487 42.79441638273611
0.9846456514818347 0.022356245381501636 -0.17312752326062325 -124.61406728011985 -0.02123228942318093 0.9997397706303374 0.008341516999265875 0.942813045732122 0.1732689553952639 -0.004537544759100797 0.9848640920369632 43.77803496694961
0.9868482645309542 0.023917527029252435 -0.1598701181992772 -124.78170681221405 -0.022884713277166138 0.9997036675710631 0.008298610919022625 0.9384177742029702 0.16002122574979827 -0.00453088796687789 0.987103175136096 44.76387616291523
0.9888933853416552 0.024133339651865593 -0.14665419988793468 -124.9414248460446 -0.023658817783055706 0.9997076906801714 0.004979310798174241 0.9274364940883422 0.14673149889724046 -0.0014543425196062165 0.9891752888741223 45.75097776660951
0.9904609633652602 0.0250173729396301 -0.13550354645086596 -125.08438095662771 -0.025248641326280616 0.9996812021695114 1.1836175234957932e-05 0.9107980415155139 0.13546064432424446 0.0034095571732512334 0.9907768612352337 46.74056754928309
0.9917646547532096 0.022731611680014235 -0.12604024521032067 -125.22208054871132 -0.023720052629046834 0.9996984931817673 -0.006346797095930168 0.9050704955245316 0.12585797029002202 0.009284210280400731 0.9920048259731117 47.73102503634924
0.9926930631314106 0.02266795331250221 -0.11851854835172962 -125.3373363928662 -0.023547477025468562 0.9997045598075122 -0.006025730312668903 0.8905913854664956 0.1183469422355904 0.008772513476091424 0.9929335548115976 48.72425611843207
0.9932427782662799 0.024898092150081014 -0.11335284923269194 -125.45379185008409 -0.02502862532274443 0.9996866979863823 0.0002716312482242489 0.8708252022357406 0.11332409865662767 0.0025672702170604893 0.9935547583235127 49.717258361506865
0.9938350776535256 0.0289893967517739 -0.10701146341107973 -125.57877797061504 -0.028349724122738635 0.9995699715483825 0.007494339258933687 0.8549604200362789 0.10718270181133391 -0.004414391773689489 0.9942295416943158 50.70929470541373
0.9942621709990495 0.029383294905677093 -0.10285600274531766 -125.70070335611813 -0.02832428168295933 0.9995298217114233 0.011741830209642385 0.8433922077585587 0.1031526557457599 -0.008761135201199557 0.9946269512347738 51.70176914147857
0.9947081512502858 0.028113296791574625 -0.09881971655367805 -125.81461211220585 -0.02723705345707774 0.9995769080535815 0.010205283191358336 0.835326434427637 0.0990648108826581 -0.007459720473875808 0.995053021610021 52.695228595005894
0.994960916141797 0.02797588498701326 -0.09628148944356377 -125.91643759287707 -0.027186154560150895 0.9995852015295916 0.00950462431004171 0.8229773739653855 0.09650745230555699 -0.0068392062578083775 0.9953087646088784 53.68995477317385
0.9952917984478805 0.026597589011741776 -0.09320302678104268 -126.01771433187099 -0.025572933381546335 0.9995988635238217 0.012171159359114525 0.8121895259383713 0.09348936314174128 -0.009730380292898713 0.9955727289749882 54.68475530775386
