1.0 0.0 0.0 0.0 0.0 1.0 0.0 0.0 0.0 0.0 1.0 0.0
-0.979631491574095 0.0030456678748191158 -0.2007806380692871 -0.10465492941627837 0.0038602062779037804 -0.9994145604384307 -0.033994634740651515 -0.01700193376787739 -0.20076662950751 -0.03407726941605758 0.9790462196369177 0.9999998726440545
-0.9810110699606323 0.002545343040169538 -0.19393504542372786 -0.20638030346466965 0.004119586715654591 -0.9994148461424638 -0.03395576998578439 -0.04308988230544344 -0.19390799266659361 -0.03410991848191891 0.9804265417873841 1.9944711562070456
-0.9824318164340347 0.0021603230538945317 -0.1866093756016192 -0.29133065573108974 0.004126277220706413 -0.9994370974586765 -0.03329357384952576 -0.06709421554241733 -0.1865762575849919 -0.03347866824828546 0.9818698889760802 2.9905682483239215
-0.9841014735178075 0.0013361913584982346 -0.17760209574420405 -0.37605499031887696 0.004402702472236888 -0.9994808838535856 -0.0319151848215909 -0.0992808908541734 -0.17755254442282964 -0.032189709596528206 0.9835847277001968 3.9864540202225993
-0.9860480463792728 0.0008582733529738582 -0.16645874443378217 -0.407544656520438 0.004251880683997225 -0.9995305798734475 -0.030340425318359933 -0.13174589405314788 -0.16640664572747288 -0.030624879831625446 0.9855815263046633 4.985431047618832
-0.9882021763424412 0.0009635503460156483 -0.15315198412947015 -0.46118174304922094 0.0036117728862688227 -0.9995554948781574 -0.02959337350657966 -0.15163055091980635 -0.1531124219933862 -0.029797386288273837 0.9877594352886266 5.985133930569075
-0.9905041737547113 0.0021643632460613864 -0.13746562227057357 -0.4867579545355882 0.001862271960703443 -0.9995731217669926 -0.029156580460221994 -0.20450748384648806 -0.1374700466197683 -0.029135713012180063 0.9900773184502464 6.984211840570592
-0.9928825019922847 0.003628855845892521 -0.11904271772263363 -0.503491618271434 -0.00017695950429470384 -0.9995795442324584 -0.02899488640026948 -0.24022173090463833 -0.11909788378839783 -0.028767449613763523 0.9924656809783625 7.98542332539082
-0.9950441069608638 0.004958146272460119 -0.09931083519937856 -0.4959251107185587 -0.0021050716529114966 -0.9995826043307284 -0.028812944881328968 -0.25914219529532556 -0.09941224208211646 -0.028461094584349377 0.9946392171130531 8.986661877399682
-0.9970088810474083 0.005204488505916899 -0.07711163603495244 -0.4400593956402237 -0.003016140377727744 -0.9995901455933366 -0.02846829341414892 -0.2728786148107521 -0.07722819439697538 -0.028150561843132228 0.9966159500319564 9.991740089581448
-0.9985935923786999 0.0013846500199145373 -0.05299924532033772 -0.3296709575825214 4.587507480119423e-05 -0.99963595371844 -0.026980695485887968 -0.27950352617500196 -0.0530173099626951 -0.026945180974472106 0.9982299945736817 10.994215306715537
-0.9996129252967518 -0.003235083205768414 -0.027632115668590685 -0.16823820313107737 0.003931808070582187 -0.9996747652118863 -0.025197315012835945 -0.28581904858079943 -0.027541613332677486 -0.025296205944997728 0.9993005361250547 12.00407833613748
-0.9999811378928585 -0.006137711593852579 0.00022881192005449333 -0.042032480215716844 0.006130353726518849 -0.9996868402067737 -0.02426191007699121 -0.28386872496213633 0.0003776528721295891 -0.0242600497482371 0.9997056103496275 13.008835179141975
-0.9995138758685136 -0.006417124700951384 0.03050954697916973 0.10479315780315593 0.005690860721271655 -0.9996997795857688 -0.02383201209332239 -0.31073152834988477 0.03065332038381518 -0.023646801194614403 0.9992503203615747 13.99811162559739
-0.9980577206154312 -0.008177351526341041 0.06175692059959667 0.3271658279300843 0.006691226985821477 -0.9996839521550014 -0.024232690423907917 -0.32453649099183896 0.06193556168595283 -0.023772394195187663 0.997797003138852 14.973678847585829
-0.9954521118043244 -0.009859579332347025 0.09475168494386094 0.5662885783264213 0.0075260347135041004 -0.9996602735124175 -0.024953884719010277 -0.3435982333133586 0.09496553009277987 -0.024127292771209938 0.9951881338911401 15.944963127036871
-0.9914425769941776 -0.011441477813657354 0.1300411823561461 0.8333194890610094 0.00817866987356083 -0.9996388861834338 -0.025597003516876923 -0.3766423022924005 0.13028709023630927 -0.02431439522964304 0.9911781294511965 16.90880469535358
-0.9862332238389102 -0.013939738137154996 0.16477169628603724 1.1630915134393276 0.00984458485439648 -0.9996226610096166 -0.02564409766588669 -0.394415547150248 0.16506699350674311 -0.02366895216777656 0.9859983105248835 17.85428928006139
-0.9796784242883182 -0.017002150954785744 0.19985272539264753 1.5326676191888464 0.012025228566708419 -0.9995872522027941 -0.026090594312622978 -0.40786816673253085 0.2002138328434795 -0.02315711762241003 0.9794785189280801 18.806320537584064
-0.9712360525766803 -0.017514844739667204 0.23747370462645637 1.8988289111272265 0.011641290581726983 -0.999591202035786 -0.026113390554352037 -0.44303726079508937 0.23783399784063655 -0.02259776596032626 0.971042908652724 19.75168725008173
-0.9608044094286204 -0.01274847226523081 0.2769338608358006 2.282892386890635 0.00619608233489157 -0.9996800713033711 -0.02452271605238981 -0.48356196537552953 0.27715788891211307 -0.021845628711244115 0.9605760111099962 20.686690457158615
-0.94814383786849 -0.008044547871092649 0.31773974879067335 2.7209867465560538 0.0006315776072678284 -0.9997253637253191 -0.023426443050632913 -0.4958833833671021 0.31784094107231764 -0.022010960311359597 0.9478885239332923 21.586096641442893
-0.9325562650471118 -0.00937637109983251 0.3609028902438706 3.24525947999186 0.00010932040204716953 -0.999669970453046 -0.025689262804836348 -0.50820174433947 0.36102465368784825 -0.023917228924030417 0.9322495189541077 22.439442353598587
-0.9130876470761935 -0.015101650790933136 0.40748360568279257 3.835792367999575 0.0036905974769522567 -0.999579092753094 -0.02877528142633313 -0.500210697958246 0.40774664713167663 -0.02477049604449347 0.9127590559827857 23.283803779554297
-0.8901897498248271 -0.018224723992813746 0.45522529448856136 4.451858718949486 0.005434002965239603 -0.99955323596649 -0.029390476020166065 -0.5165933653787513 0.4555575495133249 -0.023689404895521283 0.8898910782658241 24.104017169644337
-0.864177974401008 -0.017819472904573554 0.5028706542895239 5.113089533107722 0.003699948436069057 -0.9995707641152247 -0.029061966686309483 -0.528793499287785 0.5031726730872227 -0.023254116012200943 0.863872969334468 24.889783431182455
-0.8343390847128035 -0.0129060139672094 0.5511004686298855 5.780041679169575 -0.0036917736477821384 -0.9995726584923532 -0.028997779257438534 -0.5434971585693446 0.5512392062688708 -0.02622851879172336 0.8339348909081921 25.65891793265718
-0.8013486170620306 -0.008579755524726895 0.5981360896383922 6.495527753199244 -0.010223384866056525 -0.9995546762049686 -0.028034473040543278 -0.5702215134322479 0.5981102543299616 -0.02858036164775348 0.800904043311952 26.383896286519644
-0.7660521138999622 -0.007595273909821192 0.6427335922477011 7.269526085034958 -0.014199792532379567 -0.9994861917714248 -0.028735315385290377 -0.5789883293982216 0.642621603030459 -0.03113943275799217 0.7655506587065773 27.054073345392812
-0.7264769502180155 -0.007603818121495 0.6871487631888062 8.043356626221167 -0.018096442513064144 -0.999380317109369 -0.030191067267464275 -0.5897676756606555 0.6869525162413357 -0.03436806256326373 0.7258891628240125 27.710478468805782
-0.6835635627995974 -0.007920119114808565 0.7298480165938166 8.865855692737057 -0.02073625304538103 -0.9993267721097898 -0.030265662957654878 -0.6159647783718519 0.7295963702091446 -0.03582281755858518 0.6829391351502754 28.308220138509427
-0.6385845891892925 -0.00915652646833207 0.7694971607959168 9.735067442929546 -0.022720163660574496 -0.9992689868326756 -0.03074550564936115 -0.6374845721714671 0.7692161702754172 -0.037116707524144976 0.637909737666222 28.842747830141043
-0.5911522897910717 -0.010863338824390001 0.8064867997334855 10.624767747501302 -0.024889655285530353 -0.9991873808050176 -0.03170304559149729 -0.6616647299886951 0.8061758340055479 -0.03881450643246134 0.590401523334641 29.33591484114211
-0.5422941309332798 -0.012781785088759377 0.8400914840213911 11.543689094529931 -0.02616900260601856 -0.9991422028691704 -0.03209426348037876 -0.6811325111117746 0.8397810779351518 -0.039388886956685465 0.5414944660164025 29.773454939607745
-0.49274141295608026 -0.015470301162808047 0.8700382576300754 12.468203179726748 -0.029094536661888704 -0.9989900295760202 -0.034240746839585036 -0.6903909951975601 0.8696892593877863 -0.04218519396227254 0.491793657457973 30.185298138177696
-0.4436844460767729 -0.016385728277045406 0.8960332695934776 13.407646992043219 -0.03462087805429376 -0.9987730963946411 -0.03540757999371014 -0.7023072505246964 0.8955141021292169 -0.04673125107561419 0.4425727997297294 30.555969613389628
-0.39672675803267143 -0.016504778111311385 0.9177883589152688 14.367516266909028 -0.03797277752705261 -0.9986873914062119 -0.03437386235407668 -0.7147708233181581 0.917150994999061 -0.04848800414280231 0.395579278813338 30.87132496753801
-0.3522569385583282 -0.01821317679534898 0.9357260974390611 15.34208355721239 -0.036490228461057955 -0.9987831216107932 -0.03317739007606975 -0.7333713422252738 0.9351916982439347 -0.04583182493007728 0.3511636817200846 31.136416065491268
-0.311995997025564 -0.01916837098088938 0.9498900312109624 16.32003531597431 -0.034839997889538434 -0.9988931757860441 -0.031600599917227905 -0.7553867217997421 0.9494444019462549 -0.04295342736046498 0.31098284629687883 31.375160796791935
-0.2760472914012873 -0.018326355707955832 0.9609693218810255 17.307593611809587 -0.03351396238985638 -0.9990266814864732 -0.0286793305894071 -0.7749724491738881 0.9605595802629551 -0.040122741239734375 0.2751644206660181 31.572209617215847
-0.24301526191849385 -0.015646113366802807 0.9698962736350721 18.293810317665294 -0.03510712647841433 -0.9990729824960494 -0.024913155498205428 -0.7939973156218894 0.9693869568676458 -0.04010454815806178 0.24224069243610438 31.759261961979696
-0.21241368454283768 -0.012953116110327045 0.977093978797315 19.279689174967704 -0.03596538314886192 -0.9991310243251458 -0.021063889620414507 -0.8085210624151625 0.9765177509056823 -0.039615817724967285 0.21176323843408423 31.938065257376604
-0.18656452840729187 -0.011352605211147459 0.9823771145008847 20.271855824968885 -0.03542503014324798 -0.9992052356587832 -0.018274689366064967 -0.8183889281569972 0.9818038215343815 -0.03821014769660047 0.18601408719096857 32.080938653433876
-0.16630501098881606 -0.009240056104543898 0.9860310667941423 21.264938748697354 -0.03478766497217661 -0.9992786493798097 -0.015231521901886402 -0.8358004896237415 0.9854605327895148 -0.03683479682106212 0.16586360678990955 32.209421570242526
-0.1502944843888035 -0.008260019191552701 0.9886067671451874 22.256614148454087 -0.03526996976828858 -0.9992837596155263 -0.013711199845523742 -0.8575601052426268 0.9880119418280575 -0.03692884850107108 0.14989550678234903 32.33915987466765
-0.13751363904711275 -0.008499073313102689 0.990463409131725 23.24967436068848 -0.03613115238218896 -0.9992546361847826 -0.013590875275476784 -0.8697941715047397 0.9898406633916172 -0.03765551508128695 0.13710406004348508 32.456198105399004
-0.12786880562159347 -0.009997177232377901 0.9917407045172097 24.242554026304948 -0.03507866639376528 -0.9992779616172273 -0.01459597856106215 -0.8691898128759781 0.9911705482473455 -0.03665531166835833 0.1274257917909615 32.57533229446021
-0.12112428804801861 -0.01188786972577581 0.9925661617233601 25.236464021167627 -0.0333256378084961 -0.9993158985199225 -0.016035486583752527 -0.8659006124612639 0.9920777735185478 -0.03502018730252243 0.1206452559024959 32.68548841513104
-0.11661955443995838 -0.012913705271182015 0.9930927024897497 26.23015528918489 -0.033595914937945656 -0.9992919330986528 -0.016939508358883908 -0.872874985836989 0.992608278235533 -0.03533933587558519 0.1161031322495853 32.797427539617914
-0.11512994000598858 -0.013170049146823874 0.9932631306555618 27.2229583206527 -0.03575188485440432 -0.9992093319151301 -0.017392922212137077 -0.8869658991277822 0.9927068548386156 -0.03751347516813497 0.11456805635618882 32.91632244067726
-0.1159681645300705 -0.014982778610796372 0.9931399202331092 28.214869850855305 -0.03785518909871653 -0.9990930943130101 -0.019492910361351982 -0.8969327804399059 0.9925312939518978 -0.03985605651786377 0.11529581642461258 33.043107772531094
-0.11778591167742376 -0.017605972222304492 0.9928829280194245 29.20899930059591 -0.036992557447652806 -0.9990710474574912 -0.022104135940453157 -0.9036608925108838 0.9923497517023934 -0.03933283455714029 0.117025204216444 33.15110540075012
-0.11947836680015288 -0.01808354975343799 0.9926721035140874 30.2027460555518 -0.03493348885135762 -0.999138441139762 -0.02240595442017407 -0.9108100376471019 0.9922220372595247 -0.037354526701884175 0.1187437076709248 33.262546885163644
