1.0 0.0 0.0 0.0 0.0 1.0 0.0 0.0 0.0 0.0 1.0 0.0
0.9999998503159508 -0.0005016368924978187 -0.00021846854224123998 -0.00844104393222621 0.0005019958408107586 0.9999985192146524 0.0016460767534392812 -0.01815714933907114 0.00021764248590884123 -0.0016461861773473972 0.9999986213504586 1.3106172576516144
0.9999922944411918 -0.0023276565744568926 -0.0031611822333336187 0.07010815457806377 0.0023348908381735788 0.9999946596099636 0.0022867086230538586 -0.051046963027858036 0.0031558426790272228 -0.0022940720181204967 0.9999923889163161 2.6227287651079925
0.9999876631282808 -0.0036302114946671895 -0.0033904506697879488 0.07483181273230709 0.003633920080544163 0.9999928050732294 0.0010883136598517826 -0.06257564934409193 0.0033864754669859316 -0.0011006208602368185 0.99999366018872 3.9392691934335806
0.9999898976236713 -0.003685272560839323 -0.002573599959604233 0.048411484183575174 0.0036884873019651836 0.999992421872993 0.0012454950858401632 -0.08748861468291902 0.0025689904676724352 -0.0012549751941514338 0.9999959126542662 5.258236832117024
0.9999874787838631 -0.004247136841567772 -0.002646526807382223 0.0395085050061067 0.004252953265081539 0.9999885448791942 0.002196018878830578 -0.10771987878673756 0.002637169698412917 -0.002207246936830144 0.999994086680987 6.578778220130783
0.9999809193592738 -0.005551128910260471 -0.002710329353317324 0.04289582634740453 0.005560655433335875 0.9999783437581115 0.003520103114282353 -0.13004702428748813 0.002690730111604521 -0.0035351071561041695 0.9999901314457363 7.9058136116675275
0.9999835062694812 -0.0051245616535836635 -0.0025934642571902255 0.01726637431129512 0.005135147681007839 0.9999784437053404 0.00409174570799172 -0.14687564431616476 0.0025724399485591853 -0.004104996041806755 0.999988265711257 9.235746247839842
0.9999859443544615 -0.0042302624026134645 -0.0031962436579193415 0.02042344071518749 0.004237739608517331 0.9999882917199715 0.0023362332894681444 -0.16573009445632877 0.00318632335555545 -0.0023497453005487763 0.9999921629895386 10.566385149069205
0.9999927238496688 -0.0014215034438570138 -0.003539996564852979 0.020223233622246428 0.0014219759196896636 0.9999989804171744 0.00013095455154589616 -0.18479013303150107 0.00353980680318732 -0.00013598738857190096 0.999993725617929 11.900949548808672
0.9999920877779163 0.0020136070615400033 -0.003430709571755829 0.00576708993186544 -0.0020162686841563126 0.9999976689178864 -0.0007725408632342321 -0.2046691709407011 0.0034291459807526035 0.0007794519829933144 0.9999938166871075 13.238614037765931
0.999983705025188 0.005111353916482396 0.002542389670759032 -0.21742600913740726 -0.005108369479632315 0.9999862571861959 -0.001178982612864539 -0.2240019836749442 -0.002548380928566874 0.0011659759355730798 0.9999960731196698 14.558281094633145
0.9999780840001966 0.0061144469191376635 0.002538711911285848 -0.21760875249590045 -0.006113486008778851 0.9999812379352646 -0.0003860910187302388 -0.24170636481376728 -0.002541025012848526 0.0003705621774095412 0.9999967029323428 15.908527540669672
0.9999883138725295 0.0035880594540883557 0.0032400536614191292 -0.22138776105328675 -0.003595656377469373 0.999990793296501 0.002341917472572375 -0.25909270599269973 -0.0032316208920775205 -0.00235354022423733 0.9999920087054808 17.260099995515844
0.9999939644824133 -0.0007125343434733907 0.003400484311794418 -0.22110582268042311 0.0006982879293671177 0.9999909828196143 0.00418887495972539 -0.27913636886519555 -0.0034034383662832207 -0.004186475160548017 0.9999854449105829 18.612540892985486
0.9999914598760055 -0.002856743164190358 0.002986501891601686 -0.20690605540227966 0.0028508414239775395 0.9999939790411049 0.001978530948023703 -0.3020230169302067 -0.0029921360647573525 -0.0019700000078187634 0.999993583090281 19.964386731375807
0.9999874494021906 -0.004115804679659749 0.0028567796448904018 -0.20335795489539193 0.0041157399949239455 0.9999915298995491 2.8521084643885102e-05 -0.31992978613248235 -0.002856872834893417 -1.676296444610764e-05 0.9999959189899766 21.31903267991308
0.9999929279321244 -0.0017049811198990546 0.003352182142635777 -0.2038713126930754 0.0017103792312820705 0.9999972442713426 -0.0016081208302490507 -0.34319016598755964 -0.0033494310892772335 0.0016138429602255773 0.9999930883872535 22.68363387171558
0.9999913222916962 0.0009676878193726297 0.004052026849424737 -0.20481895133315398 -0.0009694695764750254 0.9999994342390321 0.00043777888797349204 -0.3607457270515102 -0.004051600923648619 -0.00044170340580961366 0.999991694679539 24.050107795743656
0.9999706815919899 0.001746499752843648 0.007455581470544952 -0.44163415819523055 -0.0017582876681670914 0.9999972141726314 0.0015748242603719866 -0.23674186513322104 -0.007452810270400522 -0.001587887145990478 0.9999709666952759 25.400663489924458
0.9999690997124685 -0.0006175974809983532 0.007836976048588025 -0.42495672330254586 0.0005897552598278582 0.9999935088814816 0.00355448781601968 -0.25325915944775046 -0.007839120420569086 -0.0035497560834783642 0.9999629730258912 26.77221390615697
0.9999598848265933 -0.004766763785090074 0.0075833172558641485 -0.42546760574018627 0.004754129042484637 0.9999872823347733 0.001683278277783467 -0.26706723929841897 -0.007591244603708777 -0.0016471586839790044 0.999969829481688 28.146771406937273
0.9999597977073507 -0.004906495977925993 0.00750528255913898 -0.40667647682898334 0.004910758969513182 0.999987791076998 -0.0005496756207472708 -0.29018661414768154 -0.007502493946499772 0.0005865101561731065 0.9999716838943086 29.522044397165562
0.9999384420252649 -0.004960549286130765 0.009924974098970174 -0.4708238081703729 0.004995347275154163 0.9999814525903087 -0.0034843910479920243 -0.293469522212853 -0.009907505522883697 0.003533755248257174 0.9999446754236752 30.90052036761549
0.9999447337083608 -0.001237976538689746 0.010440160104371887 -0.45529986709858106 0.0012836918911430704 0.9999896134246552 -0.004373234264906329 -0.31455410465008027 -0.010434637705444224 0.004386394521334244 0.9999359368874884 32.28598532734413
0.9999428866914275 -0.0002791673546582577 0.010683886034719313 -0.4389999465305688 0.00035005367656278476 0.9999779362488488 -0.006633587107693536 -0.33996415584471074 -0.010681798427151794 0.006636948175172533 0.9999209219239698 33.66841453754929
0.999947571239243 0.0003810524097970379 0.010232769507794897 -0.4208698310991442 -0.00032218035760563215 0.9999833918711493 -0.005754318525005931 -0.37342363017772595 -0.010234792257581117 0.0057507200358773445 0.9999310867487383 35.061268207046204
0.9999504309679609 0.0005770057269767793 0.009939953288619454 -0.39996748793126746 -0.0005319415576213999 0.9999895722348912 -0.0045356873412039185 -0.4045977406491986 -0.009942466754693029 0.004530175037337748 0.9999403106530722 36.45818068642145
0.9999521404089436 0.0020685203606188285 0.009562327911629613 -0.3818654942996346 -0.002039746885451713 0.9999933660787595 -0.0030178189332647157 -0.4306710161348659 -0.00956850689580751 0.0029981697731092678 0.9999497260631637 37.856052078105535
0.9999417467963762 0.004771261356056017 0.009681842742145442 -0.3838628441127581 -0.00474500754187822 0.9999850081972667 -0.0027328161553543894 -0.4510379541973352 -0.009694736573984229 0.0026867165432276625 0.9999493955380827 39.2517788412309
0.9999239142512987 0.0070190046050021375 0.010143928367063012 -0.39315594922329444 -0.00698744797782553 0.9999706481657847 -0.0031429886503891364 -0.47155407937701466 -0.01016569127596985 0.0030718693419888874 0.9999436095798737 40.65455080813326
0.9999033476884901 0.009821885429631843 0.009840012599450882 -0.3718479978320903 -0.009794984659879095 0.9999481683511988 -0.002778288428893816 -0.498532934648837 -0.009866790606012697 0.0026816371284305064 0.9999477262664523 42.06102011531911
0.9998961596543994 0.010624312613501177 0.009736215377352652 -0.371966128210443 -0.010597807407506796 0.9999400052833497 -0.002769893876435383 -0.5202187960949292 -0.009765059474319318 0.00266642371425081 0.9999487655865368 43.46862930397376
0.9999174446864469 0.009014484632783844 0.009156575699000765 -0.3635900738992753 -0.008991843353340035 0.9999564202521908 -0.0025108463775271803 -0.5569846034162869 -0.009178810643826515 0.0024283045994788017 0.9999549253701071 44.877963072894055
0.9999262027856747 0.0082964126528131 0.008874599693284505 -0.3717939615284166 -0.008271579465026708 0.9999617816652938 -0.002831286266625924 -0.5808464358166543 -0.008897750040069244 0.00275767036900322 0.9999566117079081 46.29096387422229
0.9999502800828814 0.007542923149842591 0.006522397758693449 -0.31117582048867354 -0.007527012867341526 0.9999686446473691 -0.002460446991354818 -0.6141925831691484 -0.006540752209181803 0.0024112304862787745 0.9999757019688427 47.70521730084296
0.9999573032405649 0.007449642464613553 0.005467588408639185 -0.3098553477158248 -0.007445599459024438 0.9999719927632387 -0.0007594325592062291 -0.651907053499854 -0.005473092777638204 0.000718690660599457 0.9999847642535267 49.12749199406947
0.9999671990117396 0.006946530344868068 0.004164926984158513 -0.30785202058515476 -0.006945888449805441 0.9999758628185816 -0.00016856415675188313 -0.6947980358657665 -0.004165997390590269 0.00013962950944742668 0.9999913124469337 50.54955975184018
0.9999694893212221 0.0070997470673560955 0.003257916241036663 -0.3206055516548996 -0.007100571930523163 0.9999747614134817 0.0002416905224264696 -0.7137155948104311 -0.003256118074257972 -0.00026481621689765746 0.9999946637694909 51.9756632089678
0.9999748333457544 0.005122374133981016 0.004908559703393705 -0.44892563169946803 -0.005133108981638745 0.9999844560983107 0.0021768679214124163 -0.7388101489572588 -0.004897332673290569 -0.002202009308830454 0.999985583539928 53.39864754565016
0.9999874404077856 0.003035916341765853 0.003987761107535697 -0.44251459130642123 -0.0030491765547339417 0.9999898288238961 0.0033233674325701566 -0.7610669527878978 -0.003977631081817082 -0.0033354850801053867 0.9999865264043594 54.826107906573256
0.9999895982257291 0.001545068316154098 0.0042914105190379305 -0.47653838599334153 -0.0015593618245547253 0.9999932417917226 0.003329378557692007 -0.766523690954584 -0.004286237399469969 -0.0033360357879846647 0.9999852494082979 56.25779926517587
0.9999903938546756 -0.0019450023886709653 0.00392799746415889 -0.4792735731008757 0.0019312827052181446 0.9999920325219002 0.0034935712144320854 -0.7977811708253516 -0.003934761172282284 -0.003485951581110623 0.9999861828025877 57.68650425249859
0.9999871780449573 -0.0029155121760612293 0.0041404751459002105 -0.49098491941757655 0.002899929330834069 0.99998870914678 0.003764570205426406 -0.8169579004903379 -0.004151404046674719 -0.0037525148509573026 0.9999843421157822 59.11459058398293
0.9999782247751461 -0.003960347292935198 0.005278790094955947 -0.5145252314719175 0.0039348003430905104 0.9999805399814768 0.0048411780191114275 -0.851150386478781 -0.005297860115865582 -0.004820301616294809 0.9999743483562565 60.54365725280831
0.9999706786887478 -0.004881206441406442 0.005900473408239894 -0.5157548809318542 0.0048487646135661755 0.999973119206634 0.005500031443174411 -0.869291854576515 -0.005927161587741858 -0.005471260168375454 0.9999674665046268 61.96845862001603
0.9999349473441586 -0.009218609473666574 0.006717017136106393 -0.6079228230144816 0.009179698460128036 0.9999410396953902 0.005800885198144062 -0.8814998470469214 -0.006770097193973291 -0.005738847643294777 0.9999606149302633 63.38964327603614
0.9999010609384493 -0.011676257417939605 0.007844319401526115 -0.6590337478711707 0.011634622042270362 0.999918096425807 0.005332542557065606 -0.9015628189110405 -0.00790594106331847 -0.00524074926889375 0.9999550143096453 64.80861821595448
0.9999291212963825 -0.009819092675875144 0.006733335166672212 -0.5610058779871764 0.009784766852806177 0.999939060904391 0.005112026533549009 -0.9427721230252505 -0.0067831203056112005 -0.005045780084987833 0.9999642640525972 66.2223212815935
0.999964112788762 -0.007157682166179506 0.004532187175320474 -0.4239833872395306 0.007129346924257251 0.9999551314160758 0.00623759305270119 -1.0234784520723685 -0.004576630531053074 -0.006205057668183236 0.9999702754143823 67.62721424677572
0.9999698977387463 -0.006897884419367961 0.003552858975256488 -0.42430643914910043 0.006868630976785786 0.999942943346967 0.008181195457161082 -1.0186763182068534 -0.0036090892016904462 -0.00815654590746454 0.9999602218258447 69.04029373994769
0.9999895834541827 -0.0029427458965944845 0.0034890155801104985 -0.38196307146805963 0.0029088538813340226 0.9999489214039793 0.009679522308199455 -1.0490850127620603 -0.0035173217406466624 -0.009669272444499678 0.9999470654080473 70.4535906791215
0.9999862911814739 -0.003249018017572022 0.00410625511162699 -0.48984565333040236 0.003202495443490312 0.9999311835824194 0.011285925854618982 -1.0388831891657775 -0.004142640710307201 -0.011272620874624831 0.9999278806726819 71.85937113743292
0.9999908445872739 -0.0006408548163897017 0.004230844683330417 -0.5033325361387109 0.0005902751116309774 0.9999284765419019 0.01194543326478789 -1.0654750795776367 -0.0042381973671296 -0.011942826537098498 0.9999197000646508 73.2592637367148
0.9999873113111728 0.0010140149871364738 0.004934469602375184 -0.5578260337413243 -0.001072926820403012 0.9999280101436877 0.011950872692951049 -1.0802488322953097 -0.004921996006597529 -0.011956015376827169 0.9999164103321934 74.66083160690376
0.9999538908750909 0.006999839509244551 -0.0065740680412466395 -0.1671487328528966 -0.006896108613637325 0.9998534195276609 0.015671092649589623 -1.2697985924178006 0.006682799544729593 -0.015625034581975367 0.9998555888149828 75.99417339993866
0.999979747506514 0.006294408444811695 0.0009407439277565969 -0.6135358438972804 -0.006307528390752067 0.9998725976940538 0.014662996492685284 -1.0212470413271804 -0.0008483291858610935 -0.01466863329947714 0.9998920499407506 77.29379533800815
0.9982743054555951 0.014643076825195346 -0.056868192939810616 0.5189665065573424 -0.013388356540924833 0.9996598334536971 0.022382343229861136 -1.2105254227608724 0.057176594654466534 -0.02158234649934213 0.9981307726662373 78.08482558006271
0.9939582728262035 0.022140760758665945 -0.10750227250331358 1.594170054619561 -0.019092369990576993 0.999388205125802 0.029303529882431584 -1.4050358690259366 0.10808530560854272 -0.027074012788191704 0.9937728938459991 78.94501342673875
0.9880899654850586 0.028673682146896893 -0.15118214200054517 2.5831212717260668 -0.02336983747303204 0.9990514281574758 0.036743633366770924 -1.5972558328360724 0.15209231014163183 -0.03277291333779079 0.9878227904574454 79.89638381790512
0.9882180776669562 0.026369736620647205 -0.15076361617705394 2.2433309009976243 -0.020819439429557406 0.9990503189499349 0.03827546404515546 -1.5843870844974148 0.1516297527336351 -0.03468569152533506 0.9878285888196113 81.24044831747855
0.9948024225093361 0.0203165000406383 -0.09977665055339206 0.8904050966843422 -0.017618955627750593 0.9994570203501729 0.0278430758958284 -1.2835776446570168 0.10028814771518275 -0.025940398972495643 0.9946202205510424 81.2834754929187
0.9899640657241167 0.026780548102822276 -0.13875860628547682 1.8155994960480106 -0.02220452706935762 0.9991606807833777 0.03442227409864998 -1.4604036675450287 0.13956399088805715 -0.030995745188797316 0.9897278192652705 82.2949134151423
0.983531923162411 0.03457160281901293 -0.17739718261283757 2.658841851931264 -0.026968483589603007 0.9986186784663562 0.04509363492761191 -1.7243477622550616 0.17871109930086973 -0.039566896474601744 0.9831056930412119 83.36119582184881
0.9819987995211069 0.03672297007242148 -0.18528297603439906 3.2103258703963675 -0.0276289587209049 0.9982944463024931 0.05142799939329018 -2.0247092228177936 0.18685555485214292 -0.04538305796944238 0.9813385652618766 84.58903142583183
0.9730032806097598 0.03954721266340933 -0.2273777339433194 3.8441225596303905 -0.02739411038989477 0.9980346450798122 0.05635964812131711 -2.114182358431904 0.22915972298506146 -0.048609311772205836 0.9721743445341688 85.8087402682052
0.9545244868254643 0.04806727044701724 -0.2942321219077828 4.762379795385006 -0.029196289183151806 0.9972444609636131 0.06819869335497318 -2.2931111621001907 0.2966994788477338 -0.056506836658630995 0.9532976432690456 86.80830807538572
0.9543642802574478 0.044057985425416044 -0.2953772409799652 4.320214279699725 -0.02490662039722161 0.9973545385400591 0.06829044379657764 -2.212165562338174 0.29760457125029394 -0.05781711142731589 0.9529368818537399 88.09851567656634
0.9542357233838362 0.04283800630212262 -0.29597143347658594 3.9224026522132203 -0.02353969665017232 0.9973758880064445 0.06846327997527796 -2.1589371178275902 0.29812760170729535 -0.05836302973128398 0.9527400956508759 89.40038743459046
0.927800228177091 0.0511884857493433 -0.3695490163986721 4.736145012029086 -0.02532202311473355 0.9968985464303997 0.07451230281190119 -2.2390386150997923 0.372217049233258 -0.059774802815608194 0.9262188948668885 90.48429575723905
0.9278898410953372 0.05089129604991531 -0.3693650210542797 4.229825051994736 -0.025166796131281977 0.9969305665611047 0.07413553688104325 -2.1694437805501545 0.3720041332627301 -0.05949387735316899 0.9263225158620131 91.7374664820499
0.9278087872032196 0.05138858532678473 -0.36949975329707785 3.7285227183122407 -0.025973307405900037 0.9969617333016675 0.07343493470094802 -2.0924258556378716 0.3721508319094398 -0.058536447024444944 0.9263245881864869 92.99066495152326
0.927635541303784 0.05252763160066171 -0.36977445886439964 3.240993241454322 -0.026921423118265165 0.9968892435030374 0.074074780898954 -2.022764625992908 0.3725151533660364 -0.05875954481074437 0.9261640116125819 94.24766483939062
0.9275832615481944 0.05332898928605382 -0.3697909028050049 2.7423259440354175 -0.02707550849998803 0.9967531329849172 0.07582947134338978 -1.9520303073026024 0.37263414998504846 -0.0603258716180617 0.9260154315552412 95.4951864987428
0.9277902127114918 0.05357143896549466 -0.3692362687005841 2.1629902988881566 -0.02582925640126857 0.9964861624605866 0.07967545129040583 -1.9393880902299463 0.3722071610145633 -0.06438500564369466 0.9259138190661906 96.70942705437815
0.9278666560519818 0.052629206336662786 -0.36917967878430796 1.66534113592873 -0.02539830072578372 0.9966109737000444 0.0782399732930103 -1.85901051861153 0.37204622684171157 -0.06321972588536977 0.926058783961268 97.95180214608807
0.9279132799157256 0.0520101858513207 -0.36915022080956394 1.168143786761015 -0.025660678164944873 0.9967824166884168 0.07593644300935753 -1.783610068056231 0.37191191773342475 -0.060989788887234005 0.9262622582721024 99.19266346665019
0.9279096218671281 0.050760108413083836 -0.36933337926633975 0.6648086098803108 -0.024757798653863128 0.9968905362930491 0.07480848919187252 -1.7045499985376342 0.371982237549344 -0.0602716354784547 0.9262810291183414 100.42817950299718
0.9280593389874572 0.049137320678712716 -0.3691766339229501 0.16407290538727715 -0.02254635832392609 0.9968526952946853 0.07600240529121004 -1.6259727748940427 0.3717492771270598 -0.06221115334276954 0.9262463211021509 101.67387564610065
0.9284147434707258 0.04778955399755103 -0.3684592550539339 -0.3328343084425903 -0.020331347268555608 0.9967421744737974 0.07804917644338198 -1.5523424209811743 0.370988814419559 -0.06497073305696913 0.9263617562386781 102.91766224606731
0.9288066189016655 0.04666896281242492 -0.36761429868065165 -0.827250927112225 -0.018970066433073775 0.996725271469081 0.07860578728319254 -1.4754480152501612 0.37007891221194905 -0.06603590784488587 0.9266503426919565 104.15927183096676
0.9290813442404522 0.04532458376426345 -0.3670879157517302 -1.3144150162206176 -0.01813806296888751 0.9968525238995857 0.07717549006492609 -1.3950005641320282 0.36943046227414666 -0.06504404432091468 0.9269791830684696 105.39676570061609
0.9309196647405916 0.047657729638614206 -0.3621012546304639 -1.9840813888058404 -0.0222592581153708 0.9970101677341167 0.07399493808998336 -1.228127162997048 0.36454506336997144 -0.0608232376685091 0.9291971967952236 106.53223643842826
0.931218637342386 0.04880860713129679 -0.3611780299742652 -2.464469479156268 -0.0244107882759326 0.9971195619184776 0.07181011527110359 -1.1527395398918858 0.3636426307268386 -0.05805427727053659 0.9297277762918873 107.76346701770063
0.9313520673543021 0.05139951393455273 -0.36047387783604795 -2.9440911835155443 -0.02714731941335681 0.9970332740053669 0.07202550641825614 -1.0786171199168426 0.36310652663307413 -0.05729520480309691 0.9299843599883999 109.00357225048317
0.9315575784522416 0.05304401519836458 -0.3597037815756602 -3.421648095287765 -0.028210214682641104 0.9968632624792294 0.07394470709134221 -1.0012021621389864 0.36249780939442067 -0.05873643137696387 0.9301319098995279 110.24572899727038
0.9319418538099429 0.054012909770890113 -0.3585623888465822 -3.9103971738608707 -0.028485951276935706 0.9966931076802162 0.0761012462617978 -0.9218373793179492 0.3614871113845331 -0.06070794578004147 0.9303986315671533 111.48498578193319
0.9322751758917013 0.05382656458695598 -0.3577229337921498 -4.391635266531267 -0.028189253459984562 0.9966707133402934 0.07650395518610253 -0.8431407170301893 0.360649916685787 -0.061238795828418444 0.9306886952574518 112.72664238005962
0.9326221097752788 0.05408754505847765 -0.35677799515644765 -4.870917629669254 -0.028816880544744815 0.9967085774750044 0.07577333952928801 -0.7595746253564809 0.35970208194278885 -0.06038666290910627 0.9311110906807646 113.97880780914826
0.9327880052226064 0.05518701689395213 -0.3561754209363368 -5.3559169633429615 -0.03049772750323304 0.996749379452684 0.07456918383504996 -0.6496890371537497 0.35913288060266557 -0.05869469930950842 0.9314389439694883 115.24936439326483
0.9331078670916767 0.05688322188370582 -0.35506901785392403 -5.8553442134591425 -0.03251985464310837 0.9967118482527028 0.07421556849253375 -0.5689108391739119 0.3581231176922429 -0.05770433797218363 0.9318895009353726 116.50760321861526
0.933414267565263 0.057209752818325965 -0.35421017671443195 -6.338261878022734 -0.03337743014150272 0.9967706433123352 0.07303582537262185 -0.48837781111746403 0.3572446672278707 -0.05635005601751506 0.932309454486046 117.77605010447446
0.9468676788506332 0.05184129950877506 -0.3174178293877883 -7.653311315534845 -0.03154751902471467 0.9971352124675479 0.0687467970212506 -0.29765794682488256 0.320072418042228 -0.05508037511253236 0.9457905685118994 117.51685555373793
0.9472217388866732 0.05121591672068094 -0.3164615415101288 -8.081349849526308 -0.031033961873394692 0.9971689069463944 0.06849134419597525 -0.23026913802544058 0.319073456418655 -0.055055434734376345 0.9461294988083077 118.80175807983652
0.9475194909138461 0.051130000859725966 -0.3155828533847329 -8.518963787796302 -0.030671832404022357 0.9971131392189287 0.06945952990015666 -0.1556516439735508 0.3182232754456294 -0.0561347540215119 0.9463523848734134 120.08460337941115
0.9478999103032199 0.04990839317045297 -0.3146345695219943 -8.96333632506596 -0.029162625437257013 0.9970991703006388 0.07030494906748616 -0.07614891675902527 0.3172306752581681 -0.05746648481436009 0.946605673867596 121.36521552703462
0.9476524997804446 0.04909108098240874 -0.3155072192959334 -9.348278614400988 -0.02810517256324417 0.9970997149406018 0.07072664095345503 -0.01009868782565465 0.31806420568033716 -0.05815689325735414 0.9462837506961571 122.65640003555562
0.9476256509399988 0.04711527396789379 -0.3158888675459661 -9.755541111990736 -0.0259236282501282 0.9971424033646678 0.07095768394248425 0.05615806849446334 0.3183293753000054 -0.05905233586457577 0.946139117915565 123.94631433813048
