1.0 0.0 0.0 0.0 0.0 1.0 0.0 0.0 0.0 0.0 1.0 0.0
0.9999992464777847 -0.0010796751411725673 -0.0005842477662383847 0.01048003636848576 0.0010806885577245857 0.9999979074004944 0.0017370396867173365 -0.011533413611700353 0.0005823711050727882 -0.001737669767695204 0.9999983206724271 1.529209496163802
0.9999989207128562 -0.000697583000791213 -0.0012930394733237161 0.013643840482777727 0.0007007580653264931 0.9999967368247886 0.002456680261665714 -0.03366362559643392 0.0012913215155204002 -0.002457583718042029 0.999996146378081 3.0527680689172696
0.9999963219969311 0.0013054256425111567 -0.002377363350860004 0.02416719652849414 -0.0013011099843448517 0.9999975047059649 0.0018159555755063862 -0.04303913881317352 0.0023797280136133117 -0.0018128556852240268 0.999995525214411 4.566874041404711
0.9999913478203308 0.0023969454670858285 -0.0033998436590725904 0.029090641941496923 -0.0023918693782676716 0.9999960199902489 0.0014963169914719511 -0.06094556046519519 0.003403416717891687 -0.0014881720631295388 0.9999931010254796 6.080055401676534
0.9999696575285003 0.0059976504961541735 -0.004971137783244966 0.05560523915820845 -0.006008926397328867 0.9999794004059346 -0.0022564501632029864 0.08040910536266759 0.004957501980383661 0.0022862528979786557 0.9999850979998656 7.609378839763553
0.9999623018491383 0.006410632264392019 -0.005856507025822299 0.04896685144957676 -0.006422925720732526 0.9999772038925056 -0.0020827194992092297 0.054658330036415764 0.005843021971439247 0.0021202568941451217 0.9999806816158718 9.093175213626036
0.9999639385913046 0.004881320808996342 -0.00694940458780507 0.041302960689494086 -0.004902165107600965 0.9999835274415882 -0.0029855690808062657 0.0341584418218697 0.006934716592851183 0.003019528545668381 0.9999713956674653 10.593447544117678
0.9999606211068688 0.004336725478442962 -0.0077426770363793335 0.035126854258247686 -0.004359643366033634 0.9999861586051704 -0.0029455233484438296 0.008457554752572736 0.007729795940776834 0.002979162667571612 0.9999656868335601 12.088274003564196
0.9999522742396092 0.004754740712273771 -0.008534733961436485 0.029475697756894126 -0.004780603359178727 0.9999840353829679 -0.003012442649679861 -0.01961713206145522 0.008520274323967441 0.0030531000564094427 0.9999590409139214 13.581367527189432
0.9999449049386241 0.00541853298380855 -0.008990360815297756 0.013364959867803654 -0.0054469962693171415 0.9999802209217076 -0.0031445185664687315 -0.0436419531124852 0.008973144316676635 0.003193315780846036 0.9999546416790092 15.070003414966758
0.999935221615537 0.006771787773514691 -0.009148522451033581 -0.011526413471276078 -0.0067964170180915525 0.9999733562112533 -0.002663753614381482 -0.061090208088721114 0.00913024032557648 0.002725758234402319 0.9999546034463987 16.55465647440411
0.9999191209195476 0.008771842930783817 -0.00920903855331412 -0.04154570331848956 -0.008791673787874484 0.9999591154867249 -0.0021151423153540046 -0.0756479599066198 0.009190108350088566 0.002195934107449199 0.9999553588945403 18.037270045190485
0.9999089282377884 0.00964952587091992 -0.009435140742099958 -0.06432771754537205 -0.009665764726617431 0.999951879140058 -0.0016770201299807568 -0.08161757689654889 0.009418504265883455 0.0017680652513779118 0.9999540818070898 19.51126016017544
0.999906828977654 0.009669179856210016 -0.009635368428876112 -0.08520912275635947 -0.00968832577329941 0.9999511806120884 -0.0019423532636737026 -0.09429983217478323 0.009616117073036341 0.0020355228809190782 0.9999516923027024 20.98478752811881
0.9998955906576956 0.010514833484583548 -0.009911915056588888 -0.1003899121131397 -0.010535538386085449 0.9999424208109244 -0.002038993306356575 -0.10887995842295901 0.00988990466146522 0.0021432077779647775 0.9999487969122254 22.446961679814102
0.999884915753146 0.01131428700750467 -0.010106540398946423 -0.11084148553208881 -0.011330334262263219 0.9999346361695591 -0.0015319640846211354 -0.1330544191624185 0.01008854671541486 0.0016462982606433559 0.9999477540987866 23.904163185445725
0.9998658445913546 0.013226874462880057 -0.009661398012701258 -0.15238260031261278 -0.013237615301732435 0.9999118290781137 -0.0010486232803880806 -0.11990463773491557 0.009646676149843252 0.0011763764720724055 0.9999527777738584 25.35619680145023
0.9998561985563963 0.013627282971999454 -0.010093530955647441 -0.16204876198381107 -0.01365253717322103 0.999903829146056 -0.002437352618791909 -0.12824971884272954 0.010059345758317313 0.0025748044305477563 0.9999460885193052 26.79753044580692
0.9998424630110788 0.014051032419386001 -0.010845167029060234 -0.1712120546104989 -0.014099838147033885 0.9998907480019107 -0.004436961168055963 -0.13535767290549755 0.010781638287676807 0.004589177282340847 0.9999313455071324 28.231015013728545
0.9998702603574227 0.011869094147279975 -0.010889768450344483 -0.19222211980851195 -0.011920243977084504 0.9999181661044548 -0.004644230596164301 -0.15375296034728494 0.010833754487983082 0.004773436752128732 0.9999299195770005 29.656692701716402
0.99988240557981 0.01095332195446122 -0.010733114650158072 -0.2162429688796316 -0.010980154372146856 0.9999367289641133 -0.002444233727139629 -0.16787469378788952 0.010705663075930596 0.002561797554644323 0.999939411150192 31.07829340761183
0.9998549842786973 0.00980146036905658 -0.013926298419848878 -0.07573809219865421 -0.009820384051784665 0.999950945343141 -0.0012911097683308628 -0.22352824579351616 0.013912960508832216 0.0014276841360191445 0.9999021908406274 32.481859912434146
0.9998591666336408 0.009098235794743958 -0.014102092188875143 -0.09868068676667631 -0.009124677903572529 0.9999567278062352 -0.001811841108579319 -0.24268202294232813 0.014084997402781045 0.001940262989886595 0.9998989190051627 33.87636797701756
0.9998503220474915 0.009716398015445151 -0.014315205591673564 -0.1286716125991071 -0.009767757669704426 0.9999460909519733 -0.0035222294039108405 -0.24875294936718279 0.014280210489777755 0.0036615296630367975 0.9998913284896982 35.260540859401374
0.9998384929222865 0.010864369387847427 -0.014316198821398235 -0.1523399105016765 -0.010925221044269648 0.9999315845207868 -0.004179213189374415 -0.2641586240497824 0.014269814855955482 0.004334945853502481 0.9998887841297267 36.62848119921326
0.9998313456470648 0.011671135537800737 -0.01417973401854318 -0.17947652911767956 -0.011745489686966752 0.9999176447139297 -0.005171775494034733 -0.27430562445354384 0.014118205749729733 0.00533745117126392 0.9998860874526667 37.98488945181725
0.9998358187030808 0.012125585083800357 -0.0134649851360606 -0.21737567425409257 -0.01218971021318893 0.9999147012433439 -0.004690543929306599 -0.27961205004502954 0.013406961000066013 0.004853908096554409 0.9998983413192224 39.31899623579529
0.999838405285763 0.01218432622020674 -0.013217621199772373 -0.2247794270025395 -0.012227408962271093 0.9999201744283679 -0.0031835893597487704 -0.2969601086642212 0.01317777620429415 0.003344692168453839 0.9999075753531459 40.64305950822297
0.999857812767635 0.011184053795196483 -0.012620268944266495 -0.24611963317688437 -0.011215971847901162 0.9999340701314802 -0.0024611716313494994 -0.31378428322209584 0.012591911015670079 0.0026023702653586297 0.9999173323060135 41.94625638639203
0.9998668703222615 0.010989663168894508 -0.012061050343921268 -0.2656213598967655 -0.011014967228424884 0.9999372655635995 -0.0020335766884957366 -0.3277069334249866 0.012037945377890862 0.002166158033365133 0.9999251950173336 43.22862687364733
0.9998878527038068 0.009619909232562862 -0.011477776863410881 -0.27255703391131164 -0.009652319318114172 0.999949573995998 -0.0027716776513355347 -0.33677835048781923 0.01145053479756106 0.002882153982528638 0.9999302867906692 44.4920948535751
0.9999105917036054 0.007611881936385704 -0.01099399164684764 -0.2669568115361941 -0.0076639905215426934 0.9999595603892405 -0.004705404918006599 -0.34273769842672286 0.010957730067405948 0.004789242063544298 0.9999284930994944 45.73344722671923
0.9999249780783834 0.0061748122208589076 -0.01057874798737436 -0.26243351755291744 -0.0062428970951724835 0.9999599354491283 -0.006415117491828347 -0.35852279695697614 0.010538712008700601 0.006480678252467552 0.9999234652505083 46.96681653657203
0.9999413533252554 0.005167572378650143 -0.009517673337896692 -0.25900498882518885 -0.005228567937116217 0.9999658826435506 -0.006394968821783533 -0.36780508655037025 0.009484302155797004 0.006444357579777383 0.9999342569729274 48.18710163592521
0.9999600455942639 0.0044210913635965585 -0.007769244897087046 -0.25922787567851946 -0.004478901857036378 0.9999622969500939 -0.00743936263714092 -0.3760129894766705 0.007736061870953172 0.007473863087224926 0.9999421456850796 49.396823702334515
0.9999785959618832 0.004241752664432028 -0.004981480947755282 -0.26291711672449825 -0.004286086983040768 0.9999510023815037 -0.008923132555294193 -0.39358204613655146 0.004943387145760697 0.008944292624871193 0.9999477799130145 50.59488885913504
0.9999910155440458 0.003875167440416407 -0.0017181118982759712 -0.26278068952551675 -0.0038922785511780146 0.9999417173665032 -0.010070354403295494 -0.4094789973984408 0.0016789874526927278 0.010076951296729987 0.9999478166652978 51.78067115996279
0.9999957516750158 0.001948716708269118 0.00216774885755008 -0.25592039058036614 -0.0019253855556524242 0.9999407566007728 -0.010713364510540172 -0.42290335613585067 -0.0021884977451626228 0.010709145244347332 0.9999402605584764 52.95849906251526
0.9999735011918738 0.0005935154005417107 0.007255663548781787 -0.23302247948341914 -0.0005049076107446612 0.9999253525799952 -0.012207961995201157 -0.435927836677447 -0.007262367545670902 0.012203975059011725 0.9998991554203801 54.12302567243484
0.9998776347977878 7.085397287088396e-05 0.015643222522693925 -0.22024329189512484 0.00015565660024983112 0.9998951747395982 -0.01447809737121506 -0.4519444048292288 -0.015642608548537905 0.014478760726737285 0.9997728113354624 55.272064709468346
0.9996648613494725 -0.002046406997979059 0.02580653408609024 -0.19506580329744239 0.0024690807663474584 0.999863161133857 -0.016357342314055914 -0.4704153841859674 -0.025769528969447085 0.01641557875338451 0.9995331210874822 56.40472465013581
0.9993923921973626 -0.003421317560335196 0.03468632301329289 -0.11619438634073335 0.004015137516270117 0.9998463282945589 -0.01706453827720026 -0.5028640560431137 -0.034622609502413255 0.017193440087426647 0.999252550924541 57.52338830407449
0.9988356380392198 -0.007490832175613778 0.047657692097917405 -0.05095925267631475 0.00837274802999147 0.999796886179178 -0.018332579656051614 -0.517830865872321 -0.0475106858844344 0.01871025974528377 0.9986954795667464 58.63563174279442
0.9979554218816838 -0.011792166332794307 0.06281656429739434 0.02128659724909266 0.013304600738808407 0.9996302636124818 -0.023713364780652897 -0.5277241307186309 -0.06251370678603115 0.0245006302616711 0.9977433315139973 59.73206005827979
0.9967299470631695 -0.015196502956619604 0.07936295688379666 0.15303826896216324 0.017339532464552 0.9995014910971713 -0.02638389486867303 -0.5491235504402177 -0.07892245080685648 0.027673734703141977 0.9964965685672073 60.80959267873448
0.9951361633694549 -0.020333724193285038 0.09638753039035595 0.3066507775090295 0.02314553693068997 0.9993358762181989 -0.02814410459393355 -0.5674456146221357 -0.09575124267867476 0.03023815741138349 0.9949459047414856 61.873293475809604
0.9932517259452573 -0.03170448843445171 0.11156089960140878 0.4432991820746258 0.03609981033148329 0.9986405569874608 -0.037601085540240956 -0.5862605949113623 -0.11021711573433977 0.04137467042627996 0.9930459828458696 62.9281433513735
0.9907377024374334 -0.042378603510022705 0.12900720496753096 0.5958845881354133 0.04870733036455215 0.9977392690081884 -0.04630277581056702 -0.6203266245959045 -0.12675330740360452 0.05215750227479768 0.9905620596503285 63.96881911285503
0.9872061270509727 -0.05472288255252059 0.1497647115917521 0.7338627071275039 0.06439895411733698 0.99608635719052 -0.0605371268521433 -0.668208893733505 -0.14586581992232042 0.06940731333269118 0.9868666512930336 64.99826678556035
0.983611018833806 -0.06449435974590462 0.1683741108059275 0.9320823653104482 0.0772826194255313 0.9945112940917885 -0.07053143028894307 -0.7305794357330934 -0.162901075390709 0.08238788433283953 0.9831965602826874 66.0006742548294
0.9787766595489495 -0.0699181398597151 0.19263360153606587 1.1346755962717405 0.0847101627812349 0.99396872233821 -0.06964457864703137 -0.7999944849709841 -0.1866023554078973 0.08448451178709108 0.9787961627552084 66.99283807081191
0.9736097731096741 -0.07526034177401242 0.21545275737707895 1.3509827019645204 0.09348776208084889 0.9927395020244205 -0.07568566219185643 -0.8857725505423911 -0.20819233426435818 0.09383049651559994 0.9735768022488994 67.96983699570686
0.967619694708097 -0.08500048456422438 0.2376700318442676 1.5945525163894456 0.1080542977006081 0.990444644369454 -0.08569524600754544 -0.9517405074962485 -0.22811487273178077 0.10860167615516983 0.9675584120738395 68.93662759024149
0.9602937184852066 -0.09054982643030077 0.26388767150303916 1.8662277965359895 0.11701642531200356 0.9893701835367776 -0.0863353701306877 -1.0303019477917317 -0.2532649412079253 0.11378650562278862 0.9606817895084199 69.8799265962547
0.9526838884993932 -0.09733846781725365 0.2879559537093543 2.1418411169816305 0.13452050674395466 0.9845326350965736 -0.11224849083683237 -1.1089361382089764 -0.2725759377843613 0.14567330954154303 0.9510423991748153 70.80512697240579
0.9452282031672975 -0.10099321516442121 0.31039332213801474 2.4420770857162415 0.14750186768104634 0.9804588347228191 -0.13016786256436108 -1.2343452557611387 -0.2911818039777273 0.16882192957292058 0.941654030484419 71.70797977120517
0.9373326062107027 -0.10436827113317122 0.33243773750120936 2.768273214073404 0.1581823348297571 0.9775627010296906 -0.13910253233978942 -1.367611329835705 -0.3104608417853316 0.18297111667202653 0.9328106111005244 72.5971577486928
0.9263122623942712 -0.10527682834806631 0.3617490593643293 3.111177583798215 0.1629298496627299 0.9776755791919743 -0.1326812946142659 -1.4967990830950533 -0.33970495525806726 0.18184403004940553 0.922785615464667 73.47903899964021
0.9171858911922385 -0.10403559234179748 0.38463831910509005 3.4823044357789037 0.16701904896608677 0.9767966303777997 -0.13406334385297067 -1.637105457587116 -0.3617660546269669 0.1872029337608447 0.9132800136381887 74.34755679419962
0.9033732655557596 -0.10494423406447183 0.41581660719089 3.8727252898818256 0.1715247030312722 0.9770833943100036 -0.1260448999907405 -1.753481902403076 -0.393059816477283 0.1851884129751729 0.900671545220887 75.19753730950362
0.8916348117899123 -0.09840890918911951 0.4419310455224589 4.303667953273447 0.17682932524910322 0.9742594067677182 -0.1398213075913703 -1.863115025264471 -0.4167958158814852 0.20281591386481795 0.8860851837982986 76.0148993379944
0.8797829932666635 -0.09125728941799177 0.4665340200744519 4.753825919945856 0.1822459295669422 0.9711640296740105 -0.15371027494484044 -1.9938802265539608 -0.43905387586836014 0.22025561194988444 0.8710448665192575 76.81075656192294
0.8640722192433831 -0.08837468415814742 0.495549306458763 5.198614250293418 0.1916379612578264 0.9680859131514538 -0.16150714090299353 -2.1335829283029715 -0.46546116028811385 0.2345198924561905 0.8534320876939056 77.60063980202851
0.8460213560509388 -0.09056979074025695 0.5253998269042303 5.684388821426184 0.19886991743033472 0.9679504503935696 -0.15337105830024444 -2.2724593926163936 -0.49467021443278847 0.23424141091649678 0.8369183594382826 78.37188216269134
0.82726112877235 -0.09037170956073118 0.5545015589999426 6.19142519574705 0.20764497612437027 0.9662748625772548 -0.15230382083722135 -2.406531978485352 -0.5220369610598523 0.2411344937216106 0.818126864994064 79.11848086036268
0.8093938702148974 -0.08668229994733781 0.5808336609859904 6.711341294963887 0.21750926976725588 0.9629560503387349 -0.15939059784484932 -2.5480493828287045 -0.5455009444756846 0.25534647832281343 0.798264928193812 79.83699135591671
0.7877962078326456 -0.08503341125115986 0.6100380757751873 7.261472994203817 0.22275353040933696 0.9627193580844724 -0.15346759351601771 -2.6888563821818865 -0.574245591724202 0.2567893232601622 0.777368152064971 80.53504106421971
0.7703439164332818 -0.08001502026025432 0.6325882127790424 7.834651979379015 0.22875412693926142 0.9607328901723639 -0.1570473277369353 -2.841181785845215 -0.5951821568414905 0.2656876178405894 0.7583985033633066 81.20815183766759
0.7505800387483598 -0.07539235627558308 0.6564644682294126 8.427334156816514 0.23827628061999737 0.9575111531388295 -0.16247093804323443 -2.9798453310578803 -0.6163229831236301 0.278367354820862 0.736652968665453 81.87528922364997
0.7328436132215396 -0.06430418805992302 0.6773516147159848 9.050768596768307 0.24561404397982586 0.9533990987684207 -0.17522528318550012 -3.1122572818964778 -0.6345186994567411 0.29477979894408723 0.714486452057846 82.51236483162695
0.7142170644774772 -0.05226221453855062 0.6979703759764458 9.707087435369152 0.25221220208321005 0.9494330124539395 -0.18699187143556495 -3.263576434282334 -0.6529035073649956 0.3095894310117243 0.691282427287374 83.11671609593485
0.6899361259442611 -0.039163238871768744 0.7228100600006181 10.366636621137552 0.2604209970238299 0.9451065098392082 -0.1973691702588433 -3.4281460669038517 -0.6754028771230834 0.3244070371934347 0.6622620537168336 83.73544910947187
0.6622942231583222 -0.033513074196392 0.7484939784854796 11.059263740389099 0.26369757547789924 0.9455075596574225 -0.19099487772645185 -3.6068685144427173 -0.7013058895077042 0.32387085155748674 0.6350415111260332 84.32539285033899
0.63597689879197 -0.02629509920090011 0.7712599768955751 11.769177192325337 0.2748429548315894 0.9416044459727031 -0.19453127641559026 -3.7643749146844856 -0.7211066040346528 0.33569276888615357 0.6060656982004159 84.90192538899824
0.6077370117688768 -0.022310756958417426 0.7938248891601839 12.516457571133857 0.2803361614044281 0.9412786984299055 -0.18816495021956733 -3.939084143217996 -0.7430123559775212 0.3368926268205406 0.5783044153892385 85.43930540079762
0.5782229200342361 -0.0185042156264601 0.8156689578199788 13.286898801582115 0.2820452447694603 0.9426390568029723 -0.1785555613598658 -4.094290566865799 -0.7655773864541826 0.3333004689370402 0.5502745339885647 85.93466465895649
0.5542534200530045 -0.00545906678966095 0.8323300697135322 14.074351379119351 0.2863471545284567 0.9401914657805367 -0.18451372514504416 -4.262840996580949 -0.7815423555080071 0.34060271029930256 0.52266752365511 86.41908096786412
0.5234655402579426 -0.00254700338423424 0.8520430393684467 14.878362479590708 0.28835581279705946 0.9415179446536083 -0.1743412892042246 -4.422350439459399 -0.8017697633289794 0.3369532202977209 0.49358664279170644 86.87965864418574
0.4928938632120251 -0.0011507197478712184 0.8700886825214925 15.703605972355176 0.2927462856031159 0.9419179052130361 -0.1645912273016504 -4.570446786264516 -0.8193627108146333 0.3358412358289946 0.4646024240609909 87.31918816131389
0.469881688363916 0.0066254370298666505 0.8827045386336462 16.54590673928655 0.3027656556075634 0.9381036646601182 -0.16820960773920612 -4.738534273547191 -0.8291828246682381 0.34629123283071783 0.43879177902483896 87.7274613948137
0.4458936393081487 0.015556608403543632 0.8949507552706532 17.399157977839362 0.31624596079654566 0.9326256230293859 -0.17377554358688713 -4.9069788347255905 -0.8373573637966077 0.36050997101887083 0.4109321185932881 88.13217865461958
0.4291318322326909 0.022285899936934236 0.9029668926536641 18.27692201153183 0.3317772481445616 0.925922966438525 -0.18052844051645398 -5.065648913151569 -0.8401010226027794 0.37705437125921476 0.3899490645405914 88.4893845097404
0.4141350652327131 0.028863880452249656 0.9097576733119287 19.166631523069 0.35446939581774056 0.9154765873589791 -0.19040500367942573 -5.230864889467307 -0.8383576773509636 0.40133464141884684 0.3688995939600679 88.82339002321757
0.3997755489268419 0.03722863045637072 0.915856724359539 20.054108706236036 0.3672727962471672 0.9089540719279809 -0.19726425997206926 -5.423679713181821 -0.8398155771459761 0.4152306879312803 0.349704549846133 89.13818473658353
0.3827653196107237 0.04696572784209346 0.9226510339839014 20.938774438382584 0.3809276633444501 0.901833952105973 -0.20393537733276587 -5.626025349439106 -0.8416560018215505 0.42952269234253826 0.32730021594948466 89.46213522237046
0.37239323694612775 0.05204364520975292 0.9266146642861129 21.84016369313024 0.3972180496675237 0.8934177723947301 -0.2098154069356335 -5.8359529116579925 -0.8387735678328888 0.4462019082909868 0.3120300609594656 89.73793561277415
0.36286387257793307 0.05415492821027355 0.9302671948038826 22.74630683926728 0.4063646918527296 0.8891870008699829 -0.21027176391346403 -6.050190197238472 -0.8385687492347789 0.45432776850461565 0.3006471878671653 90.01649332413481
0.3575722852590539 0.05300007284128617 0.9323803156938886 23.686468123646424 0.4123338647783943 0.8868429236978321 -0.20854355095277471 -6.235925410311296 -0.8379277085593545 0.45902137310358226 0.2952567260242705 90.2330591018997
0.3567342900548416 0.05265142376835625 0.9327210053784745 24.638223800493172 0.41540548902799596 0.8853348709293877 -0.2088550837347621 -6.4150266365556465 -0.8367669484297762 0.4619631953863943 0.29395761620327554 90.40756017415849
0.3518285773298413 0.05761806915587194 0.9342894681418644 25.56099409255893 0.422025759894849 0.881142809556036 -0.21326417222043909 -6.615835994011676 -0.8355303167206054 0.46932665306206817 0.28569491169133854 90.6737846002313
0.3462203482589478 0.062467921974445534 0.9360711667259313 26.486169081476305 0.42860389822682216 0.87703269477243 -0.21705379684534454 -6.827437007261987 -0.8345239174980096 0.476352192211186 0.27687257014621774 90.93570734920701
0.3417286402057646 0.067111096314941 0.9373994011170076 27.419319698301567 0.43532064630933176 0.8726843727149262 -0.22117395985056618 -7.047758247758596 -0.8328970352690329 0.4836507896928949 0.2690063981943443 91.17954382902074
0.3383529856703609 0.07049711174773911 0.9383748794182301 28.356259753061693 0.4422080175755559 0.8683144652010663 -0.22468212815994384 -7.259364969883567 -0.8306439226767683 0.49097876405992485 0.26262240377077317 91.43735459248344
0.3366522225469318 0.07357077473580217 0.9387505643987563 29.289054085296748 0.4469542247965725 0.8649932463076249 -0.2280758750475157 -7.505015708544977 -0.8287926169981883 0.4963607810322739 0.25831913026782366 91.68167228008197
0.3357506582060956 0.07668888309692178 0.9388238976099398 30.222704527435894 0.44992527603740917 0.8625755949176892 -0.23136678464086857 -7.743501998065792 -0.8275498423036732 0.5000821515128685 0.2551060568497454 91.9344802632239
0.334799623865868 0.07909973669441517 0.9389634942393373 31.161185869223107 0.45288041320255973 0.8603278692801144 -0.23395574085158816 -7.989698628760486 -0.826322299830249 0.5035664692916029 0.25221472559792535 92.19281464354475
0.33394306065233076 0.08124742041896602 0.9390851340093804 32.10581137650037 0.4538928566178494 0.8593035474252135 -0.23575132681223746 -8.231758725737508 -0.8261133741523871 0.5049715537114003 0.25008083290978506 92.44203443900112
0.3331420657486605 0.08355734146515958 0.939166936553874 33.05342750561931 0.45551600435410167 0.8578502376968344 -0.2379036348203971 -8.478490130534524 -0.8255431750102407 0.5070612787136851 0.2477242939706419 92.68349251464761
0.33311219734521974 0.08586143720711441 0.9389696893832977 34.00444103317455 0.45753272903369197 0.8560250827847613 -0.24059272538113646 -8.72232740389409 -0.8244392432695216 0.5097537358804438 0.24586797862492932 92.9212260871412
0.33316503345723514 0.08582005853282888 0.9389547262966728 34.960449365398496 0.4607562841832059 0.8540253890192365 -0.2415456095569212 -8.969537552456277 -0.8226206337474912 0.5131038417941942 0.24498926602795063 93.16652971276167
0.33275071247827914 0.085223133489298 0.9391559938921017 35.923264068216504 0.4611607962989865 0.8539927594720254 -0.24088812076613125 -9.22100796927096 -0.8225616592706483 0.5132576198047318 0.24486513106258853 93.41670257600757
0.33202579656039505 0.08565497146393619 0.9393732465223533 36.8856827457979 0.46142248017748644 0.8538347266788657 -0.2409472023163617 -9.46824951136558 -0.8227078249325772 0.5134486200008105 0.24397202588405625 93.67557709558862
0.3310832961299022 0.08674230746451687 0.9396060999799274 37.845473477237334 0.4626678113630314 0.8529283656393176 -0.24176786266247818 -9.719740085898446 -0.8223881974787222 0.5147707986896417 0.2422574611113685 93.94065107900359
0.32451574453844084 0.08868200160343871 0.9417138812496435 38.716498996959324 0.4640404894364526 0.8526251997224178 -0.24020135920073998 -10.052588242356503 -0.8242305234036403 0.5149424932843598 0.2355382620718932 94.37911814715271
0.32351410896089455 0.09095266226548573 0.9418419371264255 39.690874161562505 0.46400812828173116 0.8522245983275849 -0.2416809692422415 -10.310582712240345 -0.8246423941271288 0.515209517800482 0.23350390698245638 94.62740637500585
0.3220166790638961 0.09470157632672899 0.9419855995958172 40.66664762694368 0.46349828704948376 0.8518173803412729 -0.24408295403555713 -10.574709497426612 -0.8255147462685654 0.515207494112578 0.2304053855780795 94.88214826654395
0.3208802843803704 0.09959419779420922 0.9418688012996818 41.64929267258738 0.4615320025902978 0.8519504284907274 -0.24732302355311286 -10.833663997416089 -0.8270574669761235 0.5140636761727015 0.22740818621774733 95.12406965842251
0.31992391550024585 0.10208766021595947 0.9419271723029445 42.63777921344491 0.4609054667141446 0.8518392545311945 -0.24886951439007904 -11.10202521921782 -0.8277770467003827 0.5137586924533423 0.2254709890088384 95.36017638703156
0.31915753402108554 0.102060959379585 0.9421900174848473 43.62957645558061 0.46029626160667475 0.8523492965757369 -0.2482499308716211 -11.371091322895955 -0.8284116247545653 0.5129173785292945 0.2250554215613053 95.59812185289105
0.31956554438821083 0.10136545757328458 0.9421267997731642 44.644848032488476 0.45797643456648407 0.8538978943963137 -0.2472164463123587 -11.613094488354033 -0.829539298780737 0.5104737309171736 0.22645335462709174 95.82040585190693
0.3198979786357332 0.10113310436847037 0.9420389474249813 45.65740968885111 0.45849894542195446 0.8535833447067017 -0.24733416805260489 -11.855202205393587 -0.8291224278185502 0.5110455643483413 0.2266901648686099 96.04828986858938
0.3194010129196359 0.10173691221409609 0.9421425548392613 46.6611456667708 0.4589461361441325 0.853229448594788 -0.24772555816670183 -12.126358469561282 -0.8290666059275824 0.5115164794449675 0.22583058737014342 96.29297881436568
0.3194221402068979 0.10315472184705417 0.941981209847787 47.668387919525436 0.46114487170460977 0.8514907038913492 -0.24961768464424175 -12.391861627707797 -0.8278374862533002 0.5141232192259653 0.22441571203136812 96.52961435953574
0.31897088225357473 0.10526413375313054 0.9419007582646793 48.674751794868016 0.4618145826932111 0.8505878744776587 -0.25145090774040263 -12.665231986228155 -0.8276381259259813 0.5151890235018406 0.2227002527545672 96.77478536515653
0.31891286328596186 0.10663033127702871 0.9417667216898775 49.69519603980635 0.4605237614022277 0.8510345092146071 -0.25230562678980306 -12.932463401771557 -0.8283794123556503 0.5141694628987629 0.22230005084953058 97.0128875900922
0.31977778563183834 0.10805879837647614 0.9413105034524095 50.727337147114994 0.45696007087765383 0.8527107218900457 -0.25312431411708564 -13.181348692592286 -0.8300178681449493 0.5110848470334328 0.22329939026545634 97.23689259010783
0.32052524785963704 0.10981115441775274 0.9408533763822912 51.760972788233786 0.4530007709543123 0.8545420280592242 -0.25406342474906773 -13.43536252353824 -0.8318977503271154 0.5076410470459091 0.2241577577395345 97.4568143072659
0.32085489047077087 0.11256817856669767 0.9404150915607236 52.79394756734303 0.44926593725813524 0.8560101662523932 -0.25574736145680527 -13.693056572125727 -0.8337938935255869 0.5045542591701357 0.22408199988556923 97.68025805284212
0.32127357783246974 0.11499891377923219 0.9399779454946372 53.83404066893188 0.44509646539315806 0.8577894873049432 -0.25707262001939946 -13.950525227672069 -0.8358662720084118 0.5009715014835853 0.22439948756634995 97.90421132143808
0.32201546644267903 0.11693555752891402 0.9394850263613064 54.88189487877458 0.44156548949869034 0.8592450184530078 -0.2582981160354654 -14.206074491279256 -0.8374520630194213 0.4980201538583461 0.22505547870563625 98.13205273820904
0.3222132368320943 0.11456350193140442 0.9397094412824618 55.934730095240326 0.4409313278728264 0.8602387623104086 -0.2560641246230342 -14.48839824254103 -0.8377100895360458 0.49685458219067247 0.22666567902009585 98.38384203538345
0.3233716564447162 0.10880034333136603 0.9399964133437829 56.984979752887035 0.4430669258329005 0.8603411195706322 -0.25200170080563467 -14.766444131861814 -0.836135438216311 0.49797152857058635 0.23000409929366428 98.63338924064547
0.32455677571289043 0.10451302500815446 0.9400744262783113 58.04325368618197 0.44741633624236177 0.8586918299931728 -0.24993391759910516 -15.035683289298387 -0.8333555792111274 0.5017224020378391 0.23193341693483055 98.88998101737137
0.3275915450138379 0.103164406202803 0.9391703173164431 59.10810630339215 0.45459860509375627 0.8541870669353082 -0.25239762860863973 -15.281321567639743 -0.8282655901836421 0.5096288453112486 0.23292606583305606 99.10582957563426
0.3289051212927548 0.1046761190111199 0.9385437290271386 60.158586805632204 0.4591045372963937 0.8507654359251113 -0.2557756768518423 -15.57028274701952 -0.8252541699508472 0.515015614466128 0.23176382771004947 99.34779889903123
0.32939359518482864 0.10747609297142041 0.9380558346339575 61.211111946596695 0.46159309365437096 0.8483532709923864 -0.2592846765374002 -15.862219543446876 -0.8236696396868103 0.518406806510211 0.22983191167042835 99.59810094754197
0.3288775041366122 0.10960301456092748 0.9379908136394667 62.26326595190672 0.4619961021270524 0.8475996946451478 -0.26102559119147883 -16.168810268735523 -0.823649918892901 0.5191935446792532 0.22812030657332752 99.85257793106517
0.33822910473145107 0.11273745852750065 0.9342865396425875 63.39154080073122 0.45606602297390275 0.8487840781772711 -0.2675245247104019 -16.252878876478828 -0.8231675743135952 0.5165809269393505 0.23566775452138558 99.95338794209063
0.33961791513625406 0.11137029882534638 0.9339466410122454 64.46614424228504 0.45534611026845206 0.8493775137246888 -0.2668665566200743 -16.536650821792737 -0.8229942840517754 0.5159016337621131 0.2377517880052369 100.22295121507618
0.33865048186543983 0.11097278341424689 0.9343451677370622 65.52913818612278 0.45342182904642525 0.8508654010833123 -0.26539916010328096 -16.856755844358062 -0.8244540594093155 0.5135300483716869 0.23782849564943356 100.51170694982443
0.3382654151528572 0.11152653433795554 0.9344187182682231 66.59467586359513 0.45158772217295384 0.8519156470096928 -0.2651570469791402 -17.172586889295225 -0.825617973456312 0.5116654791156225 0.23780958640742733 100.77796057039525
0.3387520057741488 0.11435513808382426 0.9339004127731283 67.6668755496695 0.4519661048347317 0.8507872329925088 -0.268118862181439 -17.488214585678346 -0.8252113175814488 0.5129171342144639 0.2365212353356662 101.0373242550817
0.33848362433274126 0.11604380543770752 0.9337894148458239 68.73945064027858 0.45092109547507886 0.8509981541339108 -0.2692068114224271 -17.804081825583857 -0.8258928512307913 0.5121874431106357 0.2357223396406506 101.30724483821469
0.3416062883768745 0.11738512247634884 0.9324837139395986 69.85357666544006 0.4492443443382832 0.8510878437520549 -0.27171492652694396 -18.04709925564558 -0.8255208433597792 0.5117325622223867 0.23800235700486008 101.53124366763033
0.34202986722337203 0.11439860826075823 0.9326995916988293 70.94756178359287 0.4496948654268141 0.8515987308623169 -0.2693587377503272 -18.355348099970822 -0.8251000532880369 0.511558950680849 0.23982773409759361 101.82413327926442
0.34177128533217466 0.11363906094799922 0.9328872130912981 72.03567919849725 0.44923984073670653 0.8521456825201242 -0.26838647741115623 -18.678283982427526 -0.8254549981781267 0.5108168943850303 0.24018773156341777 102.10357301958722
0.3417202764909021 0.11506694058104334 0.9327308571181179 73.1255695618316 0.4476839096577138 0.8527044770068665 -0.2692103117007761 -19.012924270758358 -0.8263209846473492 0.5095632189216206 0.23987279181614293 102.35658647317852
0.3423813904006358 0.11510461250721558 0.9324837326660931 74.22488813139628 0.44791367422309963 0.8524339416314123 -0.26968447415210167 -19.348643522427434 -0.8259227106402206 0.5100071600814013 0.24030058825232406 102.58433369104144
0.34192269894515975 0.11474065671223588 0.9326968691076973 75.32511141041881 0.44738064014230094 0.852949552830497 -0.2689379540937259 -19.683294675335134 -0.8264014948993751 0.5092265134726378 0.24031006471760236 102.87380881098055
0.34145975644654186 0.11414235069488453 0.9329398472062992 76.41485008847086 0.4466683954434481 0.8536419881238966 -0.2679229378456714 -19.98971917315369 -0.8269779798999747 0.5081996457001182 0.24050060472029988 103.17722089542372
0.3413410008369972 0.11333145609872305 0.9330821519063254 77.50683591632605 0.44659273583780534 0.8539418768689967 -0.2670921174919961 -20.312800179178893 -0.8270678626597098 0.5078772016816632 0.2408723698714761 103.46290692985042
0.34248256511942465 0.11259548245812835 0.9327528879179302 78.61266717784191 0.44753866753648064 0.8533696956974393 -0.2673374338264849 -20.632060347546293 -0.8260840354642436 0.5090013946889336 0.24187341018770367 103.72825926805812
0.34314191541537914 0.11175528499268612 0.9326115923369529 79.71887568032732 0.44954938781061576 0.8522513305448577 -0.26753133929246353 -20.94848682806744 -0.8247175115178315 0.5110561865986182 0.24220363402540473 104.01315866785417
0.346699478258889 0.11081769235826935 0.9314069523228826 80.86101415570599 0.44855302414850373 0.8525044862645691 -0.2683957626826732 -21.24278255243753 -0.8237716044524993 0.5108380760663496 0.2458552495648279 104.22447412088046
0.3478264678414179 0.11028609508264899 0.9310497975405948 81.9812402751679 0.4490574499218185 0.8521428471992258 -0.26870052965505903 -21.570908419865777 -0.8230213575228018 0.5115560039708422 0.24687304401798607 104.4929525910904
0.3502223297643353 0.1093683048908429 0.9302595839977911 83.13932607087281 0.4477069143845726 0.8528169776796263 -0.2688154039366638 -21.870701118715196 -0.8227410519396035 0.5106288049715664 0.24971060247138727 104.73243737379566
0.3511129011983399 0.10924509601151272 0.9299382988185392 84.28206415490327 0.4460163931685698 0.853740464034466 -0.26869424462595637 -22.203030619417362 -0.8232794833086657 0.5091097416742765 0.2510341875031491 105.01927142850718
0.35237193496704977 0.10825905480716735 0.9295773214207813 85.42556627773381 0.44664784459598306 0.8534091431218397 -0.2686978551343663 -22.52712004426518 -0.8223987611647642 0.5098752901330921 0.25236375759279467 105.31335028094664
0.3526698115889067 0.10955047898570856 0.9293130239848387 86.57386159299566 0.4430753356760844 0.8551878229299574 -0.2689573096754274 -22.86694687061435 -0.8242015839037008 0.5066088037789318 0.2530598131357666 105.60068407846627
0.35347741812178873 0.11004873955080992 0.9289472481261951 87.72201297419238 0.44288249483756553 0.855017960133214 -0.26981360902684376 -23.214068976467896 -0.8239592287512816 0.5067874927155509 0.25349088066965453 105.8823483731471
0.3546173845925917 0.11037692364280345 0.9284737181373844 88.88392602918462 0.4398858627252074 0.8565565838864296 -0.26983559137984164 -23.53495974696655 -0.8250738987019337 0.5041108542056593 0.2551966072518013 106.16827363044958
0.35440601217509243 0.11122275091508185 0.9284534873718921 90.03287061098182 0.4358375833925765 0.8588085479062998 -0.2692461307903806 -23.88129426113951 -0.8273100866281433 0.5000773717355678 0.25589185770824957 106.47823673046578
0.35200589538582067 0.11405718443725252 0.9290225014992217 91.16234680812795 0.4332316249955047 0.8599741064221778 -0.2697311539053847 -24.231416744484363 -0.8297000715423495 0.49742888432581217 0.2533027759835966 106.85539385494342
0.3514782497152458 0.11611885657167893 0.9289668729968746 92.32284573701426 0.4314204865763498 0.8605496110188765 -0.2707964747508451 -24.537942179591397 -0.8308666582185926 0.4959544113361076 0.25236841747120703 107.20219424737078
0.34920955223969163 0.11612779386699136 0.9298209634742259 93.47219096066497 0.4303749400171712 0.8615618296680202 -0.2692371160600051 -24.88791271906968 -0.8323641628696954 0.49419181412754865 0.2508871284453458 107.56357642832187
0.34856019747108286 0.11585547111954307 0.9300985423870884 94.63912355714889 0.42905210560655366 0.8625353287755394 -0.26822956080315574 -25.235917809307267 -0.8333187141865354 0.4925548867138965 0.25093745069390794 107.87902380808826
0.34802419052835815 0.11582463865141664 0.9303030774367823 95.80507777485589 0.42819335799407887 0.8631421725008032 -0.2676490953101603 -25.582893547500777 -0.8339841790926454 0.49149795842084737 0.25079901493287937 108.19387709098555
0.3477393680932467 0.11550519088448606 0.930449290803559 96.9750345729219 0.4289501253038241 0.8628359971702982 -0.26742444164468154 -25.929212755604485 -0.833714052826232 0.49211034622925176 0.2504960783209632 108.50426290555387
0.3472468398240004 0.11446619897973327 0.9307615814607815 98.14787360203931 0.43072638850054823 0.8621673529470062 -0.26672501525283715 -26.26353007270984 -0.8330032475816153 0.4935229931862173 0.2500812762183456 108.81797042330884
0.34616357827637906 0.11199725556483914 0.9314651855119627 99.32470799975816 0.4304857046731415 0.8631955926257288 -0.26377154308906176 -26.596656993716337 -0.833578331740311 0.49229054796680755 0.2505936576124339 109.12091494249992
0.34539279213338925 0.11181197889318549 0.9317735242634279 100.49525298836289 0.43228944781230266 0.8623098113687955 -0.2637188323333125 -26.923162385264433 -0.8329643764606227 0.4938824461277204 0.2495004548181482 109.42195612702561
0.3420748633210764 0.11903129120351588 0.9321031807682496 101.65233244921957 0.4291506253755793 0.8626636164196618 -0.26765878585523517 -27.246254210520828 -0.8359512716801226 0.4915720055293758 0.24401318561956953 109.7222983276912
0.3398853206772566 0.121100276233764 0.9326374922145377 102.82256016448703 0.43297962630789943 0.8601783542421183 -0.2694844004679896 -27.571184000271916 -0.8348692184949618 0.49540682473036796 0.2399280434217384 110.01547122335303
0.3368296570118801 0.1178898898658178 0.9341561732519258 103.98585848010107 0.4400737281515399 0.857385862647673 -0.26687936661103884 -27.890965943244606 -0.8323946755884867 0.5009904753578949 0.2369127426978255 110.29435103777118
0.3307107915259197 0.11650765478211558 0.9365128609610595 105.1524115529225 0.44898781409689137 0.8534238247425893 -0.26472196386817803 -28.22570107547835 -0.83008452290161 0.5080292725216731 0.22992595134152183 110.57466441348181
0.3253240632075389 0.11749978953981852 0.9382739756362388 106.31883207474915 0.45753213151919836 0.8488075103456569 -0.2649342541241242 -28.55393426775813 -0.8275437163833912 0.5154799800563594 0.2223775789855135 110.83864550199466
0.3174706052489979 0.11841036312677135 0.9408461089397239 107.48937020777726 0.4673130182972087 0.8437920958176212 -0.26388149227571556 -28.87894040110323 -0.8251248134269057 0.523444251988587 0.21254448317310026 111.09668595771485
0.3096535262603916 0.11896975288225045 0.9433773855534374 108.65943297301885 0.47813664096761793 0.838097624243018 -0.26263610719474906 -29.195429789278137 -0.8218880983678414 0.5323894910094902 0.20263608667744 111.34657437272904
0.3014825468469226 0.12166406828515716 0.945677602798647 109.82572443523253 0.49052871482915084 0.8307098908944797 -0.2632539783139905 -29.52296787999756 -0.8176122882361501 0.5432484989932188 0.19076481454099234 111.5709414549184
