0.9999225282788149 -0.003563995566237399 -0.011926247360611665 -0.04694264822734756 0.003528324531110128 0.99998924332595 -0.0030106740768731525 -0.009723516156995798 0.01193684910291753 0.0029683611636439518 0.999924347371088 0.9804568993657929
0.9998371545061647 -0.003117557563135797 -0.017774850318821384 -0.07184706828555303 0.0030348574948398767 0.9999844541555711 -0.004677722434064805 -0.014004264807336375 0.017789157062716162 0.004623016550335261 0.9998310725362425 1.980177252692255
0.9997205638960255 -0.0030467993063427075 -0.023441653896439617 -0.11266441134129869 0.0029003240353488737 0.9999760747764559 -0.006279967767564849 -0.014652087367276872 0.023460226851067974 0.006210224525614627 0.9997054820633113 2.979362594058841
0.9995602031804122 -0.0013353987124471803 -0.029624600051518023 -0.15135389740583144 0.0011316023928525664 0.9999755889790168 -0.00689499253751283 -0.026110416143030838 0.02963308444894148 0.006858436873418145 0.9995373140356966 3.9785893172308042
0.9993732977888896 -0.001883588080003756 -0.0353477547024598 -0.20144306571342038 0.001629590744148125 0.9999726573940612 -0.007213106006810402 -0.0398313809031447 0.0353603747232264 0.007150983163437409 0.999349041796323 4.977273576513081
0.9991356923616097 0.0007827999251124411 -0.041560263153219514 -0.25077852026373276 -0.0011191127392868982 0.9999668146352647 -0.008069523832182656 -0.05763913941193897 0.041552567138076764 0.008109059901039212 0.9991034117206069 5.975983296784893
0.9988456945952326 0.004245267510681765 -0.04784617113553352 -0.3077298009245614 -0.004659525845475238 0.9999525926946817 -0.008549922928223711 -0.0766462130409165 0.047807606167464156 0.008762994176990372 0.99881812294611 6.9742714424502
0.9985573796564347 0.005151285594882972 -0.05344739273711564 -0.36695516541174256 -0.005507829112241944 0.9999635383777744 -0.006525774549520796 -0.09176678098593 0.05341182783004028 0.006810739440089049 0.9985493430352521 7.9725107125182735
0.9982459632459425 0.0053964185118234856 -0.05895655629721164 -0.4252148770298326 -0.0056240059839001485 0.9999773584802917 -0.003695007912161005 -0.10410262362362539 0.058935281622081725 0.004020098757882198 0.9982537109302941 8.970859438045641
0.9980063667903195 0.004868985752971279 -0.06292523201168244 -0.4924184316679252 -0.004942146951782933 0.9999872804128483 -0.001007072997336429 -0.11137317544683038 0.06291952820463356 0.0013160510067411289 0.9980177358044566 9.968631996787176
0.9977979794262383 0.006310162066700844 -0.06602555647329711 -0.5735707305548948 -0.00642499277685053 0.9999781936473592 -0.0015269897123672423 -0.1211033367749069 0.06601448114417013 0.0019478409730331566 0.9978167638373339 10.965328659023735
0.9976808898319842 0.005397805780875095 -0.0678506135330594 -0.6589274665011134 -0.005544886016287863 0.9999826676337176 -0.0019795633911753666 -0.1268448663406645 0.0678387522226567 0.0023511964837626617 0.9976935278791617 11.961664259864918
0.9975605813534594 0.003021750766711199 -0.06974063056821853 -0.7236746708838236 -0.003171690725658722 0.9999928907244332 -0.0020393328645068056 -0.13934604269314788 0.06973397240721074 0.0022555537890654284 0.9975630734792735 12.959526106033476
0.9974236966469275 0.0027289441567055414 -0.07168348645935274 -0.8034932247126154 -0.0028145588694143005 0.9999954413986347 -0.0010933619344683139 -0.14835850536310313 0.07168017595925133 0.00129230249505513 0.9974268305638823 13.95632709506136
0.997276781884623 0.002127203698993002 -0.07371902955325745 -0.8681596534020278 -0.0022289191883524294 0.9999966741606617 -0.0012975310657968192 -0.15684652676514946 0.0737160242627263 0.0014583113652111462 0.9972782064674122 14.954314913992507
0.9970976642152557 0.004218802088624227 -0.07601611490611068 -0.9466157785608239 -0.004524291308087935 0.9999823656044948 -0.0038469816996755026 -0.16333173878397778 0.07599854475344621 0.004179735514969599 0.9970991680903071 15.951287107654174
0.9969285747273521 0.005031575021834784 -0.0781543354196715 -1.0186963288125594 -0.005546856361244263 0.9999642797059162 -0.006377436533250061 -0.17613866659819488 0.0781194551734624 0.0067913595860885495 0.9969208735693985 16.948742890308505
0.9967170029826942 0.008362018111340748 -0.08053131451989484 -1.1032699429524326 -0.009039136059253699 0.9999267652856109 -0.008047240816358617 -0.18320505322825315 0.080458125658624 0.008748755257736836 0.9967195941170917 17.945184439940803
0.9966506847031081 0.00939709394345838 -0.08123488971029462 -1.1983438214315068 -0.0100753415372202 0.9999176921117818 -0.00794333020564079 -0.1914412753034776 0.08115355921790669 0.008735194746844402 0.996663331420896 18.9406147970676
0.9965179350017515 0.009227527270819009 -0.08286650686683965 -1.2767867907210104 -0.009756554951749728 0.9999345140087327 -0.005981415350311863 -0.21268498653512433 0.0828058865982316 0.006769079301186412 0.9965427059138475 19.937327944131923
0.996407645365268 0.009894793508686668 -0.08410646419308801 -1.3622346662293627 -0.010317059150827585 0.999936254783662 -0.004587445879911154 -0.22944289409323387 0.08405571097861875 0.005438697513489919 0.9964462143142666 20.93340436597515
0.9962727807191876 0.009304473801232825 -0.08575530983758764 -1.445099976814453 -0.00971838239650829 0.9999430490483054 -0.004410408549432121 -0.24299883723585383 0.08570938946027876 0.005227372883183134 0.9963064664705755 21.930009881118206
0.9961072932811477 0.009005418871047463 -0.08768787090050383 -1.5342505624370637 -0.009531566509404983 0.9999389857689008 -0.005583366308766269 -0.2530548536156015 0.08763224014016333 0.006397434674778594 0.9961323523094691 22.92601813323114
0.9960550377756459 0.008199676607021497 -0.08835794828592332 -1.6299107194046996 -0.008762066737749756 0.9999437377455629 -0.005978923809124896 -0.2698860534916815 0.08830395182686257 0.006729535420247513 0.9960708435873348 23.921281701801437
0.9960420123273679 0.010638225912470621 -0.08824476091125011 -1.728004858794211 -0.011006130799987641 0.9999326457826644 -0.0036836100354375994 -0.28961046404858437 0.0881996301787147 0.004640263733329401 0.9960920104030655 24.91620436399786
0.9961156801181364 0.013871578725335081 -0.086954764828904 -1.8303505874148394 -0.013881751287652974 0.9999035248972068 0.0004877287438340818 -0.31194551501397416 0.08695314142669569 0.0007212501692537626 0.9962121415613341 25.910624795735668
0.9962551318074729 0.0143995863990188 -0.08525470226804371 -1.9376137303045087 -0.014060168247241637 0.9998906600106378 0.004580359412627183 -0.3192470234786894 0.08531133580090551 -0.0033645111125953095 0.9963486618894191 26.90495686725832
0.9965043679710323 0.013033370546005951 -0.08251773062114981 -2.0449872774465128 -0.012441077275770368 0.9998930521065061 0.007687909036461086 -0.3252090898810318 0.08260910489088034 -0.006634425472118494 0.996559943098146 27.899232776247665
0.9966978625265527 0.012829738393392921 -0.0801796024420104 -2.1407964787816294 -0.012209238025551775 0.9998916412497214 0.008224370235631554 -0.3243554066157133 0.08027643079906573 -0.007218280383472331 0.9967465029216134 28.894598077931388
0.9968552783166185 0.011803706621357265 -0.07835959802279961 -2.2334210098542253 -0.011514909823649151 0.9999251458386684 0.004136371751915663 -0.31272108410827726 0.07840255699944401 -0.003221060308926932 0.9969165781681197 29.890152858747054
0.9969823711853799 0.011091183247239865 -0.07683187619572003 -2.3266346962469635 -0.01118394845586283 0.9999371556590273 -0.0007771933285996256 -0.31583054787329057 0.07681842775346899 0.0016341317907568706 0.9970437597070518 30.885801438271095
0.9971463462127248 0.009941057134399016 -0.07483541686704376 -2.418197378196153 -0.010269825967072547 0.9999392247021307 -0.004009685362607545 -0.32181752744388886 0.074791008211012 0.004766789816184623 0.9971878372732123 31.881622285509202
0.9972474032237917 0.007905129108125021 -0.07372330498010056 -2.499026240738363 -0.00807841170415025 0.9999652625530733 -0.0020525475635579196 -0.34632298108073895 0.07370451836721625 0.0026424649375713398 0.9972766222825581 32.87811719974344
0.9972589938461515 0.005952828043154507 -0.07375000360170292 -2.5760671091827847 -0.005747778276966925 0.9999790044801785 0.002992263977210694 -0.3563276712180853 0.07376626761495671 -0.0025601634946071203 0.9972722714108907 33.87509064975199
0.9971979664306869 -0.001001479333298345 -0.0748011549753652 -2.646917874077793 0.0014270894754424626 0.999983095624032 0.005636655196695125 -0.35397679908678203 0.07479424551483047 -0.005727609040631619 0.9971825386219628 34.872525321409604
0.9970380445626373 -0.010262270563382943 -0.07622219819447071 -2.707484161340611 0.010618945251002257 0.9999344765531758 0.004275582075212912 -0.35323085226612094 0.07617332667324893 -0.005072317341175475 0.9970816896826049 35.87060530981952
0.996836457962204 -0.013358089908438828 -0.0783494576328784 -2.7748646956779637 0.013409172457356712 0.999910085080919 0.000125886764607625 -0.3552570265342949 0.07834073124101563 -0.0011760899058754024 0.996925948424031 36.86842976627297
0.9967170357757081 -0.012446462619027513 -0.08000147600363122 -2.8518347848241783 0.012171649414738164 0.999918231640361 -0.003921859729471056 -0.3691896565012317 0.08004374769468982 0.0029352344857087034 0.9967870298381195 37.865100624556554
0.9965646279371507 -0.010343361190066408 -0.08217029404706692 -2.935358851453551 0.010012101668481021 0.9999400095977612 -0.0044424121610215795 -0.38935139254645945 0.0822113140916118 0.003604453484263721 0.996608402408091 38.86141122875634
0.9965193258365528 -0.008123419458101288 -0.08296531377974323 -3.0191117415180635 0.007939811767116787 0.9999652462645325 -0.002542764679394462 -0.4134692613014532 0.08298308636924935 0.0018751851694602303 0.9965491914889156 39.85768223780666
0.9964481054514126 -0.004806863256421044 -0.08407179793441924 -3.112205444378116 0.004859439273649369 0.999988104340073 0.00042074730221971796 -0.430008918233306 0.08406877537015449 -0.0008277946488594557 0.9964596107037049 40.85322694497012
0.9963558649549912 -0.0026438644324235597 -0.08525256800035527 -3.1998888131036027 0.002876523779408776 0.9999924662838218 0.0026063358466361704 -0.4599262028432331 0.08524503493306083 -0.002842069045947068 0.9963559638315999 41.84918336945813
0.9963761698381369 -4.1682163766793446e-05 -0.08505601943003523 -3.304471539419711 0.0005412529816237505 0.9999827398941483 0.005850381098833771 -0.4873777140995691 0.08505430749759368 -0.0058752171354709655 0.9963589948405711 42.84356618112058
0.9963931878622156 0.0021925536701569194 -0.08482810790166379 -3.39798134984117 -0.00135021718926343 0.999949226875302 0.009986019478607978 -0.5122030000702029 0.0848456957972217 -0.009835465412922849 0.996345558290292 43.839383309628225
0.9962883697941719 0.00844849718525663 -0.08566275216325597 -3.485303663512072 -0.007431420254854208 0.9998981449162797 0.012184981985112309 -0.5101740718701396 0.08575697176246658 -0.011503159926406287 0.9962496770919607 44.83557385567585
0.9962608676736079 0.008545906434725083 -0.0859723852492222 -3.5719423501148615 -0.007578942402686799 0.9999043717284439 0.011567498882716118 -0.5155087412504596 0.086063018621755 -0.010872666717682769 0.996230365901459 45.83176789492975
0.9962463648843121 0.009655146261944336 -0.08602301206918987 -3.651311189336623 -0.008845425071816983 0.9999129627167758 0.009789047259970695 -0.5195119606723343 0.086110039542985 -0.008991392640716482 0.996245058180106 46.8286588839475
0.9962045725670833 0.011443245196305154 -0.08628732082880967 -3.7432644568366618 -0.01082090556345054 0.9999119842191655 0.0076767061736925934 -0.5242833899567655 0.08636757261393672 -0.006713862842474805 0.9962407171193643 47.82440520734228
0.9961142983828827 0.011340042003191124 -0.08733675059529453 -3.8287212143150042 -0.010717594318582123 0.9999137389180685 0.007592621083016428 -0.5305734898325345 0.08741531747469185 -0.006627078561012417 0.9961499104555206 48.82059656899477
0.9960123226058624 0.009898097506031803 -0.08866499243240203 -3.9128645841049274 -0.00911940695058504 0.999916249277955 0.009183182823810861 -0.5456007216053788 0.08874846271427182 -0.008337991104996481 0.9960191706338707 49.81704899841826
0.995804009188221 0.010253121907971332 -0.09093540991169076 -3.986270144797618 -0.009220635418786512 0.9998882533979686 0.011766928198668928 -0.597596607618494 0.09104589593793247 -0.01087907201461082 0.9957872717729208 50.80533476815617
0.9957176118328339 0.012101593871343448 -0.09165145340742002 -4.072987458161309 -0.011446864789466238 0.9999050963223602 0.007666005156686365 -0.5930025248351605 0.09173552622845287 -0.006584054552001116 0.9957616398783605 51.80149129612685
0.9956281053555464 0.011699949969624132 -0.09267031346032581 -4.168586238463804 -0.011433298234791582 0.9999288306767884 0.0034078252337837144 -0.5939997683316899 0.0927035895615759 -0.0023333992495913744 0.9956910161944507 52.79690776309974
0.9956096368604873 0.013274679067496322 -0.09265653720156626 -4.27996866241001 -0.01309058143414607 0.9999109489238709 0.002594397787328857 -0.6157872359429657 0.09268272583521873 -0.001370079493271025 0.9956947500182636 53.790631656134245
0.9956523088701433 0.0119890988500489 -0.09237283881270694 -4.383891350721513 -0.011442070422075993 0.9999137390093649 0.006449307309029154 -0.6304595435659878 0.0924421920229659 -0.005364331186065894 0.9957036030289901 54.785138067686425
0.9957852161809221 0.01002101004153838 -0.09116678448461094 -4.487713800200559 -0.00888521914203336 0.9998778839625169 0.012855739707852084 -0.7161998959416668 0.09128447905484378 -0.011991518685528835 0.99575265370638 55.78879141941677
0.9958130790967749 0.006922401978865662 -0.09115038041964191 -4.5833394706757655 -0.005737911892973168 0.999895744226461 0.013250548853493917 -0.7116704237199517 0.09123260309182776 -0.012672057001661102 0.9957489799665543 56.784120255706576
0.9958282879927081 0.0025513829780529768 -0.09121135498617217 -4.677721809968591 -0.0014786329791781506 0.9999289678628878 0.011826786257111192 -0.7064881152848274 0.0912350507098405 -0.011642580193316626 0.9957613247402273 57.77960810514513
0.9957891502619179 0.0005419616495587194 -0.09167155773859226 -4.76814842650641 0.00043922108415832706 0.9999428415764781 0.010682727404381212 -0.7154527139941589 0.09167210756543646 -0.01067800812546489 0.9957319944829435 58.775532093237416
0.9957149482504636 -0.0007248584016223867 -0.09247278740730708 -4.869032866984525 0.001848367685044015 0.9999255122641821 0.012064553871250952 -0.7246044870204106 0.09245715422551337 -0.012183780345567167 0.9956421195032922 59.77045353599627
0.9956205621231157 -0.0019271754192090396 -0.09346647673127097 -4.967810679169371 0.003501080995925581 0.9998547794789645 0.016678200890073165 -0.7421521284078489 0.09342076166202913 -0.016932393450816832 0.9954827247835648 60.76566566429412
0.9955770121082823 -0.0012724471517425572 -0.09394037385380977 -5.065423351758547 0.0033692670784526715 0.9997486372165626 0.022165523295834273 -0.7543212202417727 0.09388855628297646 -0.022383995663646353 0.9953310483136882 61.761096002061855
0.9954794104289689 0.00046942810654262025 -0.09497643417842125 -5.145105831404973 0.0018242834888875183 0.9997088023820255 0.02406205372878173 -0.743662839224784 0.09496007267134667 -0.02412654300034288 0.9951886728259635 62.75792588316444
