1.0 0.0 0.0 0.0 0.0 1.0 0.0 0.0 0.0 0.0 1.0 0.0
0.9999801517938997 0.0005235478472016019 -0.006278687434576318 -0.013485632393670339 -0.0005222776795313102 0.9999998428180137 0.0002039361994634854 0.001174497154490123 0.006278793218037951 -0.00020065293339193533 0.9999802680523878 0.09067506400574246
0.9999114877818519 0.0010243382922320726 -0.01326526791838587 -0.02338429390555529 -0.0010223031066160077 0.9999994646156826 0.00016020208035523795 2.376213511088059e-05 0.013265424917494863 -0.00014662677591068934 0.9999119996291408 0.18452699223885377
0.9997882227898516 0.0013297427316280065 -0.020536342297930145 -0.04212569550650562 -0.0013413800711196229 0.9999989474967179 -0.0005529059243494453 -0.0006984698049207251 0.020535585460728298 0.0005803358717674515 0.9997889541998656 0.28076736955415715
0.9995571144444294 0.0018600409507717316 -0.029700424427729515 -0.0546159542625668 -0.0019166204078111416 0.9999964023687844 -0.0018766501274175029 -0.002414087782451234 0.029696826930468205 0.0019327434257620582 0.9995570833989982 0.3844378304609668
0.9991510779598217 0.0019558840092467568 -0.04114970145054111 -0.06993431136380174 -0.002103841069300763 0.9999914764667025 -0.0035525831024419033 -0.0010065981384183018 0.041142402269209025 0.0036361396682477974 0.9991466765314448 0.4981032599882771
0.9985007641656015 0.0017621586280499766 -0.05470940282693176 -0.08778897946599705 -0.00201190283622474 0.9999878051769189 -0.004510182305236202 2.252071706843105e-05 0.054700787998780157 0.0046134904810201955 0.9984921329173776 0.624815732425614
0.9974824208008037 0.0015981345861156853 -0.07089616462978035 -0.11326877923962214 -0.0019243061480476238 0.9999878760653338 -0.00453263369264188 0.00034449351211326355 0.07088806133064188 0.004657648353809799 0.9974734026893125 0.7633489060342272
0.9960147806530452 0.000188315076441681 -0.08918812285331594 -0.14124161609776595 -0.0006399138247622658 0.9999871201932047 -0.005034874178998972 0.0078665347433054 0.08918602598480926 0.005071881813829777 0.9960020726805258 0.9151097304851674
0.9940333385697931 -0.0011446129217746299 -0.10907067283669929 -0.1753088951030507 0.0005768229329426285 0.9999861198472723 -0.005237116391782913 0.00604951676422824 0.10907515339019709 0.005142953825998873 0.9940202014742199 1.0775159379206212
0.9913508802417036 -0.0014637833486331306 -0.13122991115712834 -0.21896566433479198 0.0007343753560450037 0.9999840139771221 -0.005606467964723809 0.0029769565754857283 0.13123601996721773 0.005461604939146096 0.9913361074502698 1.246114801504277
0.9878781591822133 0.0020928454025491506 -0.15521714663297673 -0.27531780976695003 -0.003219644903899317 0.9999702572198735 -0.0070084636199904595 -0.0017984929759353 0.15519786241264655 0.007423252234766337 0.9878555151583679 1.418771601684356
0.9835679474576507 0.006308468695435731 -0.18042809081920452 -0.3409889663661775 -0.007973752078457658 0.9999320329282517 -0.008505809882959334 -0.00817643764514435 0.18036216901483443 0.0098047308322291 0.9835513993897685 1.595656865341449
0.9782111181609309 0.009008982835290384 -0.20741708351680035 -0.40920777296960265 -0.01119823016561026 0.999893272992552 -0.009383084002601967 -0.014761641897666409 0.2073104144694615 0.011501341335483944 0.9782076012789847 1.7802103637108306
0.9715213525410702 0.00927970231906522 -0.23677024450221681 -0.4821963645098474 -0.011890977261940373 0.9998831860807117 -0.009603064762923056 -0.0168187341758211 0.236653472859635 0.012145012060694415 0.971518210053481 1.9715968279851734
0.9635634090916606 0.01114095430308649 -0.2672478920344816 -0.5690653061460413 -0.014079076253197383 0.9998596540006762 -0.009080303602012327 -0.02066540008473025 0.2671092216145187 0.012512051744802008 0.9635850311672662 2.1649182631250237
0.9541950067642518 0.012905092447191287 -0.2989069213904205 -0.6648686136005619 -0.01604591510516254 0.99983880374606 -0.008055751491053614 -0.024161165559090182 0.298754778496692 0.01248299293347321 0.9542482681214651 2.36152238905427
0.9429402381609422 0.015221218047346122 -0.33261392300705195 -0.7668492643784535 -0.01854264918727916 0.9998048521524913 -0.006813792883023829 -0.030164021546310264 0.3324452998887237 0.012592542773022262 0.9430384671095907 2.559842663409387
0.9305758711489249 0.01960028078266822 -0.36557403768410646 -0.8815592023623605 -0.023135119484687498 0.9997183465317317 -0.005290921875207519 -0.05432324096695339 0.3653673689341307 0.01338120327552358 0.9307672260651696 2.7508976136579246
0.9168904043145802 0.022431809278304564 -0.3985082187462985 -1.0085972209815184 -0.0264177541168815 0.999640803425277 -0.004512914212212545 -0.05610971051988476 0.39826384312822816 0.01466553987306871 0.9171536584438651 2.9445232860453134
0.9009497420320678 0.023058031851596904 -0.4333103847122539 -1.1389310293013846 -0.027391367649453446 0.9996177165153524 -0.003759495567896018 -0.05662029078508363 0.43305805073990167 0.01525608061604607 0.9012369148529115 3.1393535997201765
0.8827020362186323 0.018466109817609495 -0.4695701417719026 -1.273526584020746 -0.02327798641284988 0.9997191552537155 -0.0044436434781300735 -0.05602698150516 0.46935620865611644 0.0148530605264214 0.8828839878426583 3.3336329741031143
0.8620016299226723 0.0139382199253484 -0.5067138403832772 -1.423513612147989 -0.018958123550950674 0.9998090001130272 -0.004748983513962513 -0.05980227481123966 0.5065508657203969 0.013699975120474455 0.8621012302042119 3.5233012398697676
0.8360377747748916 0.016201998272549912 -0.5484326160992107 -1.568616862166748 -0.019935376889218044 0.9998009065287871 -0.0008532599257421868 -0.07391989370264936 0.548309602230102 0.011646568429899685 0.8361943180541684 3.728002703572825
0.8073132443524951 0.021980561431994346 -0.5897136427217733 -1.76255833594689 -0.02483238336016693 0.9996862929576942 0.003266253076133731 -0.0814798481310142 0.5896004394754998 0.012007105881017744 0.807605814230346 3.9058541737252988
0.7749556982032769 0.024858761094892996 -0.6315264901958578 -1.9650330615037794 -0.027874165920875812 0.9995982128453686 0.005142348739720408 -0.08349607601112305 0.6314005833830748 0.013618181713152915 0.7753372481896771 4.080998248904729
0.7396433717958422 0.024412234430067233 -0.6725561131746622 -2.1826901025523893 -0.02740738441644591 0.9996054770634641 0.006142109098181399 -0.08600659496335743 0.672440716969107 0.01389003365209185 0.7400206410143013 4.2484468471994745
0.7003580801197299 0.020242265162094295 -0.7135045972606717 -2.4075788266050613 -0.021290242007432555 0.9997454672079028 0.007465011220198783 -0.08702195385501124 0.7134740956799138 0.009962504622844731 0.7006107787462088 4.4187184554189605
0.6578306888869 0.016490438012157424 -0.7529852921623063 -2.650372573274067 -0.015882909055181773 0.9998416872612103 0.008020823810661945 -0.0846493256193486 0.7529983518962915 0.0066832528624951835 0.6579884620361096 4.58438684711792
0.6134380346379378 0.01602053287109625 -0.7895803443513969 -2.9141267041514 -0.013015381276908395 0.9998635222516615 0.01017529953949456 -0.08551838293950868 0.7896355979246128 0.004034773479126193 0.6135628273398018 4.735230772642814
0.5652848869055723 0.016706523759319348 -0.82472655389531 -3.193165957168371 -0.010178893922217686 0.9998600408104499 0.013277383365952782 -0.08639779048623461 0.8248329447558908 0.0008892999525119591 0.5653758240240913 4.886437005234314
0.5216267314825043 0.016018961862641658 -0.8530234146046184 -3.5094610641097 -0.007630937456843335 0.9998713261099954 0.014110280527672618 -0.07787843701767358 0.8531396848092397 -0.0008509311858803135 0.5216818514379316 4.805160621151652
0.4863608794359577 0.018371691045239745 -0.8735648664652328 -3.728969074584314 -0.007275897585596743 0.9998294197767728 0.016976238192442927 -0.09694582125884804 0.8737277357784893 -0.0019006096340143126 0.486411586431094 4.5498122245929284
0.4472247969896571 0.020639308407896413 -0.8941834263203516 -4.030917784417243 -0.007082559346581653 0.9997840985529791 0.01953442176543493 -0.10427368287092158 0.8943935477800934 -0.0024031706247133722 0.4472744196355148 4.36600400048132
0.3930668530551254 0.022652005819286662 -0.9192308391594047 -4.374160803846808 -0.005548852818512168 0.9997367465791053 0.022263148290956235 -0.10840315871465717 0.9194931534610461 -0.0036502290050928034 0.39308906950775363 4.493461996827688
0.33940987158344954 0.025765621186141043 -0.9402856331118744 -4.746034881640595 -0.003263431790758137 0.9996510177105185 0.026214362537978184 -0.10639494597879376 0.9406329194136538 -0.005828855395166744 0.33937550789667925 4.584932473769995
0.2866896515516541 0.02744619361669457 -0.9576302784212423 -5.130183140880938 0.0018798632432341855 0.9995714990087262 0.02921103359410046 -0.10320910257609973 0.958021664581432 -0.010174715003568546 0.2865152096612296 4.666102637549502
0.23667710772791908 0.02786652576939304 -0.9711886549064969 -5.529646089846862 0.004936292922252832 0.9995412138668929 0.02988301848349218 -0.09880111603458655 0.971575822923632 -0.011866698068240075 0.2364309662189465 4.727034291884258
0.1896214667140592 0.029096955888765864 -0.981426037212798 -5.948466776354708 0.003377081394740663 0.999535558410768 0.03028634665535135 -0.0911480219735844 0.9818514626370235 -0.009057297084783571 0.18943513583033061 4.771538122447795
0.14764578217153357 0.029607014307932743 -0.9885970603389058 -6.384433497177512 0.0016694772551892308 0.9995429601569459 0.030184162177956057 -0.08180743821041601 0.98903889501508 -0.006107004540739494 0.14752887392944133 4.8011445086000855
0.11020002439131417 0.028325780694982185 -0.9935057145141006 -6.834329448930543 0.00041527617708695926 0.9995924113282406 0.02854538072422308 -0.07182434713751147 0.9939093430337852 -0.0035582809071062135 0.11014334508782486 4.816553533360877
0.07606696490102878 0.0256992807232594 -0.9967714702082183 -7.298764699198253 0.0019465176613829972 0.9996620642469607 0.025922352796379465 -0.061847833396463756 0.9971008113123465 -0.0039120679714372865 0.07599123505015111 4.8258254319528415
0.04495272311551314 0.023035729376391628 -0.9987234891883728 -7.776218154267482 0.0026591792862724877 0.9997278039545336 0.023178584205457743 -0.05428129574323529 0.9989855761971859 -0.003697725293161068 0.04487923102764653 4.826631221663422
0.07338146211403133 0.03477314116233427 -0.996697541720512 -8.016521939219274 0.006062801818409361 0.9993579347930909 0.03531232929444794 -0.1643151706168238 0.9972855175184876 -0.008634050022625982 0.07312352376690523 4.407454557907454
0.053164259119065034 0.03272162422272452 -0.9980495262563617 -8.526373685013164 0.005211625126664906 0.9994402822922431 0.03304483462117741 -0.15089310526528113 0.9985721809242735 -0.006958264139040573 0.052963969302832134 4.390827391541801
0.037029991779768345 0.03180875171477202 -0.9988077808182806 -9.055489913343882 0.005921800593828228 0.9994687446941344 0.03204934722047931 -0.12979121691877166 0.9992966086135372 -0.00710152757369123 0.036821954315365966 4.397730582867002
0.021473846680211666 0.032071687874607936 -0.9992548627580596 -9.151825983058707 0.010367881325426813 0.9994244449850783 0.03229993503230034 -0.09258952788476682 0.9997156500453398 -0.011053759683595621 0.02112897184627541 4.933125456836875
0.009131918449446753 0.0340726178933593 -0.999377638720882 -9.700521077363117 0.010960696022367822 0.9993558602997032 0.03417202989794389 -0.11665887672128 0.9998982304255456 -0.011265930699851375 0.008752576610818462 5.038500807780534
0.002394130274062743 0.035730005716618704 -0.999358611726402 -10.277579085996623 0.009325664365731193 0.999317220650877 0.03575086704885115 -0.10683913548349855 0.9999536489879759 -0.009405275227089144 0.0020592895702539298 5.031876793327007
-0.002091494882080525 0.0367576946639976 -0.9993220189369124 -10.867399382718935 0.009689152858988722 0.9992780401017106 0.036735798444563136 -0.0907160893050605 0.9999508717762253 -0.009605751062397035 -0.0024461358289914197 5.027192172826515
-0.0034861496963553298 0.03723947441810927 -0.9993002893551857 -11.474960330893056 0.01187641883209321 0.9992374245368084 0.037195699761815186 -0.06997133583148521 0.9999233957839065 -0.011738438997983752 -0.003925762839412095 5.027103401467389
-0.0025284679174523896 0.03928043860621815 -0.9992250267046426 -12.098118634538956 0.013932053753567115 0.9991326230635452 0.039241552063694875 -0.051426451978835414 0.9998997473388008 -0.01382203577853454 -0.0030735319648215013 5.031506492484704
-0.0008779006425815587 0.04184346730124556 -0.999123792897893 -12.737221013635653 0.013082970677401964 0.9990391476794007 0.04182842672478885 -0.034478051827424194 0.9999140288888418 -0.013034786082877937 -0.0014244939654546426 5.026563885070573
0.0007824281309878632 0.042048769241030445 -0.9991152530171555 -13.392082659555408 0.010982872057249475 0.9990549372538445 0.04205483170922444 -0.016401889931190843 0.9999393803264244 -0.011006059877707152 0.000319872434570933 5.0216728319986785
0.002242611943649938 0.0396670600175548 -0.999210435814816 -14.057283792248572 0.009084796164830667 0.9991709049853886 0.03968588047811785 0.004790112998841408 0.9999562176267085 -0.009166623164703779 0.0018803854505504512 5.0258668337184425
0.0036319620474090284 0.039529161821258534 -0.9992118164920767 -14.74059829606389 0.009065594731757462 0.9991760436110335 0.039560698501949515 0.030487723797941013 0.9999523107847921 -0.009202132335028524 0.0032706141079182818 5.021428281864284
0.005290050185982112 0.04207675885472637 -0.9991003762051698 -15.440548857850294 0.009748974335879266 0.9990647045388317 0.04212687555629982 0.06142913791030491 0.9999384845421382 -0.00996305721246302 0.004874897183842402 5.0265072830743405
0.007184325113276746 0.04566082940218496 -0.9989311658622791 -16.15737424229498 0.00866702942858181 0.9989165810765557 0.04572249611744388 0.08602237953188098 0.9999366320290254 -0.008986251088754182 0.006780797727334936 5.025227665580046
0.008986710991052974 0.047842227703172854 -0.9988144774050695 -16.888785221170117 0.008186740961871457 0.99881781608527 0.04791604682228785 0.10768242145151685 0.9999261054187886 -0.00860764306010795 0.008584415120628547 5.029018499823399
0.010788828176571685 0.04736121067769015 -0.9988195617376148 -17.63022487432135 0.006486916099649069 0.9988533634059718 0.0474328823928563 0.1338882204612859 0.9999207574133523 -0.0069910039137361804 0.010469229111334024 5.030618440119069
0.012443739619054222 0.04434973782935106 -0.998938563725899 -18.385257751332496 0.004422181073357095 0.9990037031997598 0.044407716758703 0.16848690191303117 0.9999127950270699 -0.0049700852743771295 0.01223521938985165 5.033299681918437
0.014037033032236626 0.04381187655125022 -0.9989411800385 -19.152073581927862 0.00393650390444441 0.9990294458900356 0.04387106314712873 0.19635338255516901 0.9998937271733739 -0.004548155418087366 0.013850943709030665 5.032628861060763
0.015531547766836934 0.04589299758208427 -0.9988256123052204 -19.93868643231006 0.006530902420287115 0.9989201414299551 0.045998895194731534 0.22651316438944663 0.9998580490937413 -0.007237666646787527 0.015215053202892022 5.051081014885794
0.01648024488507651 0.047742166734435945 -0.9987237290882952 -20.731870569830846 0.008797224160025437 0.9988137963928592 0.047891637916896136 0.2551409372656766 0.9998254899609258 -0.00957526243954401 0.016040697416499373 5.072115379954568
0.01761258687795337 0.049394813776688404 -0.9986240279281458 -21.533845349026883 0.010172787297819825 0.9987184024005191 0.049578897780698655 0.28008714000113566 0.9997931341942987 -0.011032002471080707 0.017087531694724545 5.086617095540971
0.018255796974684654 0.0447502670105867 -0.9988313869113753 -22.33613869065281 0.010477385173824443 0.9989344558995504 0.044946381573932465 0.3049685901813388 0.9997784505962997 -0.011285673181136047 0.017767478833818143 5.096451512427919
0.018535717925755847 0.03764902154009978 -0.999119101177658 -23.143396547037998 0.011773024377212862 0.9992132827579128 0.037870984370228115 0.3296901549376351 0.9997588824601608 -0.012464619417760704 0.018077892708499643 5.114361568984357
0.018344042469904665 0.03269739865934337 -0.9992969409673861 -23.96503867067162 0.01522001116759969 0.9993401769008086 0.03297820631750616 0.35715949139595354 0.9997158833218164 -0.0158142642185413 0.017834283874204014 5.132169313916415
0.017940853714090092 0.033438915560055696 -0.9992797229475731 -24.796629899460633 0.016360010738468853 0.9992969629431989 0.033733216584507814 0.37721274636002156 0.9997051944531677 -0.016953429702204707 0.01738117961145337 5.139747625717897
0.017922214102435916 0.04104478521796415 -0.9989965564745852 -25.641809691730817 0.015858730893353372 0.9990196752687553 0.041330244136272204 0.39397157404798056 0.9997136064374225 -0.016583547036833218 0.01725372630936565 5.1525866559205875
0.017750301173342656 0.04829664048180149 -0.998675303252478 -26.490706218013532 0.014416588574236321 0.9987164695836763 0.04855486954157972 0.41999793398943286 0.9997385102026108 -0.015259354524036931 0.01703124532654403 5.159560616079101
0.017516446034661712 0.053951616332134154 -0.9983899023995918 -27.33915769638622 0.012241045076326864 0.9984566935460835 0.05416999103251238 0.4442673084173147 0.9997716393925931 -0.013170201523641959 0.01682898862298461 5.167671665508722
0.01707633955255193 0.05447774140587448 -0.9983689570087814 -28.187037932724856 0.010608309512082558 0.9984484776472947 0.05466352763128349 0.4703118853065895 0.9997979107783637 -0.011524459862176161 0.016471928487681295 5.180746929011949
0.01672667037252487 0.05105682379362564 -0.9985556665716522 -29.02939465577695 0.010468778791768435 0.9986316986506053 0.0512360724569726 0.5015529822702388 0.9998052926289482 -0.01131066727977595 0.016169280652777743 5.195609863773542
0.016312627335017073 0.04835477748064116 -0.99869700794797 -29.8691112124697 0.010070425313423257 0.9987713042466252 0.048522864172496745 0.5319952835857028 0.9998162254751792 -0.01084883902975275 0.01580563090391841 5.209705533342656
0.01625126407197044 0.04977279486309569 -0.9986283419308608 -30.713692238012893 0.008522412131213509 0.9987170623954896 0.04991590699957306 0.5611575781644947 0.9998316182775616 -0.009321918881887038 0.015806230443426317 5.215188756718471
0.016415180419249525 0.05231973875468998 -0.9984954615762885 -31.555158141429686 0.0076825484291209644 0.9985939365716835 0.05245119914647713 0.5863820385532076 0.9998357466611386 -0.008531985637012594 0.01599015070761122 5.223602881896338
0.016501402818656263 0.05075752395253215 -0.9985746729550202 -32.39896919187774 0.007107331254726644 0.9986794686038817 0.05088029905085725 0.612535502113382 0.999838581745799 -0.007936797293443397 0.016118861661754132 5.231797237961514
0.016868704122459513 0.045594098139560474 -0.9988176134991162 -33.23269796380547 0.006198981312434104 0.9989357837761245 0.0457041849535504 0.6435918730583499 0.9998384966842974 -0.006962622093750508 0.01656811521153247 5.244159372430126
0.017111097007011192 0.04158530647677333 -0.9989884246799111 -34.06920436621291 0.004974161161959432 0.9991187989003597 0.04167593315857274 0.6690127593292997 0.9998412214346587 -0.005682250358423745 0.016889166673127846 5.25022464997369
0.01759847061330894 0.04225750577214517 -0.998951749104025 -34.90789723948623 0.005326765374928551 0.999088334204537 0.04235712486753905 0.6959807231732178 0.999830945411629 -0.006066602205597096 0.017357330871020666 5.268681348147188
0.018186718177469315 0.04462407851701291 -0.9988382926672574 -35.74722050962097 0.006471449157169565 0.9989773400493182 0.04474812190243919 0.719510988098903 0.9998136644534013 -0.0072777527092407375 0.01787933689384672 5.285087168376851
-0.053623917325056454 0.05021570682211911 -0.99729777813804 -36.096676251904206 0.0030310331416308275 0.9987383394115619 0.05012526536120025 0.7204571081531381 0.998556602466184 -0.00033492953198550196 -0.0537084676135777 6.052408115231767
-0.06319521153054918 0.053937599645151366 -0.9965425733926923 -36.90507681480544 0.0025772873295256157 0.998543957576749 0.05388248673720837 0.776234173483627 0.9979978571267721 0.0008367385994122259 -0.06324220931376452 6.2882104804105365
-0.0712939869443319 0.05650868367653735 -0.9958533707804214 -37.723379875749316 0.0013140422424583336 0.9983983924222489 0.056559024935502494 0.8057818944452544 0.9974544805245827 0.002723724988836037 -0.07125405675201012 6.463478609422714
-0.07740706780684445 0.05551890852111759 -0.9954525587139607 -38.550033552965466 0.0010894408030245255 0.9984524454655423 0.05560150413986778 0.8437013383383237 0.9969989764148617 0.0032194627661792955 -0.07734776071234284 6.577693386282147
-0.11492163923497112 0.04801275900498008 -0.9922135817495535 -39.12878264827139 0.0010677755522888717 0.9988366717586427 0.04820957379492301 0.9083567751387563 0.9933739863167927 0.004480861842090884 -0.11483921449676904 7.173396327206585
-0.13151239761381614 0.04485469618829172 -0.9902992201873748 -39.91346830260931 -0.0004886635130334183 0.9989727438984519 0.045312450341710005 0.8969964905099266 0.9913144054647017 0.006443072082086445 -0.13135538184752224 7.44279601571088
-0.13141471194463453 0.04185871677667491 -0.9904433458377717 -40.73517730031897 -0.0041829161391336534 0.9990758224524996 0.04277854840262147 0.9245922269300567 0.9913186554771781 0.009764672071942614 -0.131118169916475 7.327682692468402
-0.13197978271475144 0.03985680691271863 -0.9904507922644569 -41.556079658759714 -0.007477517607400949 0.999122849024611 0.041202175760220415 0.9496759992330451 0.9912242045496047 0.012843967442630732 -0.13156598654414653 7.2104411534562765
-0.1325606363482834 0.038186045626385445 -0.9904390458833693 -42.374793459472606 -0.004967713260172481 0.9992194497375124 0.039189451274907965 0.9676175985497654 0.9911624486005821 0.01011519578076939 -0.1322674687835741 7.09852859149656
-0.13499449520556164 0.034780863123035945 -0.9902357183138837 -43.19735938800278 -0.0011793378361498715 0.9993773807887625 0.035262727206807884 0.9851673769802649 0.9908456466203313 0.00592809650816921 -0.13486942665157997 7.024155933844263
-0.13563414750387995 0.033363919036656996 -0.9901970646984427 -44.01469000124894 0.003059600383238911 0.9994421720582017 0.033256331082657686 1.009806071504969 0.9907542666455638 0.0014810867968698118 -0.13566056724601075 6.914785933476201
-0.1376101174156004 0.036831155845315426 -0.9898014556182282 -44.83278983676219 0.0033520706757529887 0.9993199965521878 0.03671931525941932 1.0283133930637207 0.9904808020386098 0.001735064850073841 -0.13764000269876667 6.809603935296975
-0.14207273908023427 0.04221745390143675 -0.9889555214448829 -45.65735028766256 0.006256559457766767 0.999108413156145 0.04175205652853525 1.0606946181040062 0.989836447234587 -0.0002556299877646453 -0.1422102049056893 6.754338431826745
-0.14387041352090685 0.046036668519064974 -0.9885251282921389 -46.46756402102597 0.008317633086584586 0.998938298411256 0.045311068703595456 1.0811176225367143 0.9895615802430683 -0.001703267122542252 -0.1441005821915683 6.637503982989612
-0.14541552114321663 0.045207614417050616 -0.9883372894965394 -47.271738153918875 0.008621308382621163 0.9989754880192303 0.04442575129936624 1.100224928252757 0.9893331083373368 -0.0020605667814171174 -0.14565628998474708 6.5200155591188125
-0.1465139083239102 0.041316061778565824 -0.9883454141679229 -48.068123586171765 0.0056533882455518 0.9991460431596944 0.0409294959616155 1.1160977788195692 0.9891924554246235 0.0004092400720622138 -0.1466223675077081 6.394322921466795
-0.14793726341279562 0.03751873090799829 -0.988284832892313 -48.85956861819509 0.0012172354982841783 0.9992863155794217 0.03775417637092267 1.1339798209250684 0.988995998187896 0.004382274153706156 -0.14787735202378627 6.270887240099203
-0.14926287723536238 0.03578596732114358 -0.988149764976095 -49.64975383029474 -0.0031541057836139996 0.9993225608637766 0.03666702831386695 1.150153018010635 0.988792518729852 0.008589755034586387 -0.14904888799423754 6.142368493253458
-0.15013919010664617 0.036713196754625047 -0.9879829779799736 -50.43643723212098 -0.004621194303195301 0.9992733144721853 0.03783500425513245 1.1674684951117793 0.9886540690035772 0.01024617820604227 -0.14986042731434285 6.007898747274104
-0.15113039310601067 0.03811715782222823 -0.9877786627373455 -51.22381096646497 -0.004435668938300136 0.9992200743924385 0.03923732626262892 1.18615602781325 0.9885038842213469 0.010311411674719766 -0.1508434475493777 5.886319868033934
-0.15204634920347423 0.037547825759332486 -0.987659895143385 -52.00339731800636 -0.00629106571594417 0.9992211294442409 0.038955833508394544 1.2018604554829608 0.9883533427808349 0.012136525570479489 -0.1516917089396258 5.758705436552893
-0.1525252610692829 0.03725304302236574 -0.9875972132004632 -52.77951227191163 -0.0074214052254920546 0.9992179777144349 0.03883755600903121 1.2202535833799555 0.9882717073154649 0.01325306748829786 -0.152129512987863 5.635780180231707
-0.15294272319883218 0.0389650860288834 -0.9874665794300521 -53.55145805354969 -0.005840465897229209 0.9991692858952588 0.04033146515640622 1.2397122716928324 0.9882177960240478 0.011935668993434536 -0.15258809726531863 5.508338329601131
-0.15315844710930654 0.041859842588935936 -0.9873146629405924 -54.32002692167502 -0.004977132411474269 0.9990570806626475 0.04312977777345257 1.2573262564358894 0.988189110561345 0.011519685597197063 -0.1528056890685593 5.384834864859688
-0.15314308733472462 0.04608977143848179 -0.9871286277736746 -55.08543514602095 -0.005110827659360699 0.9988614663756694 0.04743047997315926 1.2734754791716634 0.9881908086205937 0.012308694431030068 -0.15273317190177846 5.253884400871822
-0.15670947463617352 0.04771655693265875 -0.9864913941610172 -55.85036470756492 -0.0033831467438779073 0.9988004269257394 0.048849375544324704 1.3019912513002352 0.9876389496558758 0.01099260512587587 -0.1563600580557023 5.194472769873125
-0.06010333027826446 0.046995237536480175 -0.997085270846156 -55.82409139568264 -0.00465575582738554 0.9988670419310941 0.047359861502143566 1.316802170766881 0.9981813029841499 0.0074886709579386635 -0.05981643737423757 4.435571437564974
-0.06025256314056841 0.045051495306670394 -0.9971659798677578 -56.572981214947035 -0.003957873069862351 0.9989623289735325 0.045371803276256784 1.3324380540539573 0.9981753172042236 0.006680423819605808 -0.060011732701495596 4.383337853407683
-0.06039813993558565 0.041411593650441704 -0.9973149676023381 -57.3077355939929 -0.0036585168731424955 0.999123134670551 0.041708236840960373 1.3524492222328917 0.9981676612406396 0.006167793561997785 -0.060193673886598915 4.335022212952367
-0.06018109761538185 0.038593164355963834 -0.9974411276635838 -58.036157823596135 -0.0039281232955101315 0.9992354034122287 0.03889959402071562 1.3682170883495315 0.9981797460062898 0.006259091994434824 -0.05998348464554254 4.2903441695069064
-0.058865142504372664 0.036299159240978374 -0.9976057668419616 -58.746917878050894 -0.004452913152151134 0.9993191860145012 0.03662425463780839 1.3811746023665612 0.9982560125350597 0.0065981438082036185 -0.058663429288500976 4.24335730141002
-0.05484573322949272 0.03597491738193109 -0.9978465567740777 -59.440548644930686 -0.007541753221165246 0.999307307492998 0.03644210681954003 1.3884876695642012 0.9984663577231173 0.009524206552724925 -0.05453642805199714 4.1638486175523886
-0.05070390177255936 0.03692516452074072 -0.9980308845773036 -60.122184209203574 -0.007990278414706998 0.9992692936541114 0.03737692083183986 1.3995075531019334 0.9986817660275429 0.009869700356667494 -0.050371809764743126 4.126849594684262
-0.04505633272317078 0.038454899597777745 -0.9982440320775595 -60.789152840570814 -0.007168514037312894 0.9992206586060378 0.038816076842126034 1.4109787571289365 0.9989587275198278 0.008904836429818982 -0.04474555397044923 4.105622561554098
-0.10163714970374019 0.05196784326238185 -0.9934632519961452 -61.125289290273386 -0.0007194752550167315 0.9986305438931846 0.052311749721842715 1.313870141468307 0.9948212764891264 0.006031589364323353 -0.10146057251111501 4.655350989621741
-0.09294459230123416 0.053310397938224216 -0.9942430810589661 -61.75877596688159 -0.002080343907894387 0.998553012027886 0.05373596876639052 1.3331296263249803 0.9956691091578468 0.007062835245551348 -0.09269919863252282 4.597428159327284
-0.0813276512374912 0.0549644647415097 -0.9951706993073463 -62.377258856364904 -0.00466805171254705 0.9984462813669333 0.05552686302820377 1.3518148120477398 0.996676488353869 0.009161377637848174 -0.08094471398661394 4.552228279802516
-0.07045305552170981 0.05664377764010209 -0.9959055424197185 -62.97836827360563 -0.007617428761843229 0.9983267753231901 0.057320366815469745 1.3635106468519802 0.997486010802513 0.01162463450868226 -0.06990369178967892 4.581819359004585
-0.05240814984196236 0.05783537169010594 -0.9969495752602585 -63.56194027177437 -0.009798151165764553 0.9982436850910291 0.0584255201912338 1.3860824870022375 0.9985776795341827 0.01283023605982171 -0.0517494249124954 4.561126951663805
-0.04299582985505465 0.05644092611213487 -0.9974797143173789 -64.06463859284578 -0.010582986430538139 0.9983212407072097 0.05694471662085653 1.441335142093205 0.9990191985208712 0.013004699628332698 -0.04232633665096243 4.805141960668921
-0.017470722813322438 0.05702178491817807 -0.9982200608528788 -64.60501350225964 -0.010544605316891562 0.9983064069463797 0.0572112676709868 1.4544988013778244 0.9997917708918638 0.011525358760375862 -0.016839862302097157 4.804034433021817
0.011704345595505154 0.05674628690081056 -0.9983200224462855 -65.12040249385451 -0.009773623051936228 0.9983472100167831 0.05663324592626608 1.471654697129759 0.9998837355345959 0.009094348502074431 0.012239617588110341 4.830906767545485
0.03969367910781586 0.05696184208900659 -0.9975869688326492 -65.60763624310776 -0.008666428100012388 0.9983558654888836 0.056660911287505576 1.479724783529292 0.9991743115507279 0.006396435708294964 0.040122073069030116 4.927162889983765
0.07272241350917852 0.05498976057648303 -0.9958351152701641 -66.081731371793 -0.00591507122497407 0.9984850873449848 0.05470413404929131 1.5336456217133323 0.9973346792856455 0.0019122189781593784 0.0729375137551043 4.981175349266808
0.11315978050860452 0.054787805195703025 -0.992065098910894 -66.53567862842664 -0.0065673762470428824 0.9984979553115372 0.0543939592961431 1.5493797353393477 0.9935550984442039 0.00036005627116232337 0.11334962159181365 5.065694807487526
0.15446625995516433 0.05555366248212056 -0.9864349776443888 -66.97314644434891 -0.006132593248110446 0.9984526030749481 0.05527016114427868 1.5664225304341213 0.9879790310707581 -0.0024879705954738186 0.15456792735493083 5.218089498936974
0.20792217477209277 0.053601373238656075 -0.9766756176054429 -67.37226592207493 -0.005518262537364885 0.9985457964200464 0.05362687041423455 1.6147605834808094 0.9781298063225604 -0.00576066305095882 0.20791560005108126 5.017951388535976
0.2569284486906541 0.0490091837089214 -0.9651869622853383 -67.78754976636087 0.0011370976979932935 0.9986973202270213 0.05101342548969544 1.627183709644714 0.9664297590938706 -0.014204312146411316 0.25653802496746564 5.193424980444247
0.3089031786519995 0.04417768170555588 -0.9500669232521536 -68.19000973530264 0.005238707951439049 0.9988264607988669 0.048148282908221374 1.6353044898324607 0.951079061991004 -0.019850280782225393 0.30830923469006927 5.365708095496298
0.36149148102684125 0.03951410995935625 -0.9315377309906137 -68.58645417286112 0.009300336570793337 0.9988990412250275 0.0459805304383499 1.6530890013248718 0.9323290260871903 -0.02528518447316449 0.360725999286809 5.568230817491699
0.4223346186019185 0.038672594446058695 -0.9056146533538328 -68.95090901767698 0.006120701571588886 0.9989450185454535 0.04551249208180393 1.6962253628175927 0.9064193328380864 -0.024764498017028007 0.42165236000207634 5.334368633338819
0.47010681724342623 0.03750302889878216 -0.8818123968309094 -69.3145242819469 0.006697418929861194 0.9989165046182961 0.046053896478414444 1.711311962054336 0.8825841177819438 -0.027556117734247022 0.46934628518236077 5.58381681609076
0.505997300833484 0.03596366873012858 -0.8617849767086326 -69.43907711516182 0.012612175463244302 0.9987150595827587 0.04908322312859953 1.6710245262493135 0.8624428471378909 -0.03570496175711593 0.5048935443503009 6.003912764243998
0.5511110561520908 0.02995668426827303 -0.8338939985721077 -69.76292261443325 0.021930502209309817 0.9984901591722524 0.05036323171737956 1.6822645766504671 0.8341436667983356 -0.046043448001013065 0.5496220010483593 6.286599362165336
0.5949771681107905 0.024760412637705675 -0.8033611214098396 -70.07853978961285 0.022321920062891396 0.9986307793978313 0.04731065761524277 1.695138706914482 0.803432574216137 -0.04608132382312132 0.5936098131627692 6.574890942863112
0.6378712601888045 0.019845433594049576 -0.769887273690513 -70.37914508853348 0.017868612590731813 0.9990174653417346 0.040556338915873964 1.7072427021803254 0.7699356908919259 -0.03962654044502301 0.6368899192035694 6.863837268907907
0.679069959730923 0.010910767543102514 -0.7339924692683591 -70.65347060405325 0.014648534899327301 0.9994890215611779 0.02840979063603456 1.7312211510029798 0.7339273875638819 -0.030044149685096694 0.678563142863914 7.196359036903647
0.7207614204279817 0.007899756217907406 -0.6931382031560056 -70.93921040428584 0.00849416882359214 0.9997593293049285 0.020227025578590557 1.7424303452823502 0.6931311736739544 -0.02046649260274626 0.7205208524129652 7.528205722712451
0.7602456610697017 0.006292518725365583 -0.6496052178306325 -71.21307736873887 0.006264875978274052 0.9998355730843034 0.017016995156624977 1.7529639792724367 0.6496054850089156 -0.017006792856816673 0.7600812343710734 7.9026491951480615
0.7970790560207266 0.0050643066010119964 -0.6038537333260088 -71.47767249579977 0.00499542133294465 0.9998753225513609 0.014979489928551394 1.7614088793232519 0.6038543071129104 -0.014956341513356541 0.7969543798924255 8.302929388376564
0.8289981748575123 0.00872633119906945 -0.5591832233058478 -71.58150925444666 -0.0011906638502194224 0.9999035301549332 0.013838811484366205 1.7132199622239261 0.5592500410393446 -0.010806550213097132 0.8289285916591252 8.77591105315678
0.8580464600776162 0.01046353227045397 -0.513465468011917 -71.82166479207723 -0.003326577612654749 0.9998846899984439 0.014816902108873807 1.7149083770290454 0.5135612974413651 -0.011005507673075818 0.8579823264911679 9.228770097416536
0.8853754823531307 0.021524532648848984 -0.46437802461164096 -72.17149387390099 -0.016128186936762285 0.99974838636104 0.015589918365106405 1.7125539305283473 0.46459674647385746 -0.006313355902090874 0.8854998614924552 9.618638360611545
0.9044531564255064 0.023040202018064452 -0.42595027517646417 -72.31368695410629 -0.019535225662690066 0.9997298210516077 0.012596025501298411 1.7308516093188504 0.42612540735122373 -0.0030714802764081686 0.9046588877685682 10.140638959562393
0.9200534830566914 0.02795646321839794 -0.39079409473477084 -72.52087603820732 -0.024693722870589706 0.9996056204483529 0.01337249486277985 1.737172006632027 0.39101382119567213 -0.002653249400814714 0.9203809819317073 10.662634051923503
0.931334200531085 0.03058315675386348 -0.3628791499164613 -72.61956351799705 -0.026798092146228074 0.9995212926414891 0.015461171159061609 1.7008587699611413 0.36317828841830174 -0.004675048583292487 0.9317079342488687 11.229647724955408
0.9401827748051117 0.030197439983272026 -0.33932943370450136 -72.79904894357682 -0.02613314437953895 0.999521602215127 0.016541628400634476 1.7006912090856106 0.33966661408592835 -0.006684409006276452 0.9405221475072425 11.796925540977835
0.9473639563153622 0.0305032731878393 -0.31870218794249444 -72.98851871823359 -0.026104130577119217 0.9994959636142176 0.018066352307545337 1.706935417661413 0.3190926333234875 -0.008795967468998668 0.9476827118371233 12.37756874591063
0.9531958817952118 0.03315187526526614 -0.3005304711589913 -73.18215881912333 -0.028433085228466427 0.9993943375164884 0.020062846367626962 1.717794870830687 0.30101357210770374 -0.010578814034497085 0.9535611769050695 12.975619033449764
0.957636875972561 0.038003487590846 -0.28545988984171927 -73.36550117080992 -0.03330177140272799 0.9992181606621827 0.021308670167935372 1.7252252935373475 0.28604650985277635 -0.010899648334594277 0.958153741247836 13.590461894138523
0.9375059631309784 0.056176678674629804 -0.34340464450403685 -72.95516048409638 -0.044364570482234154 0.9981252338994556 0.042163993395843716 1.5757017433410623 0.3451294742263884 -0.024293995682992543 0.938240612952759 14.081619430072385
0.9420318795034974 0.055175898843734736 -0.3309555229723386 -73.16897890085254 -0.04383525531940236 0.9981706464831954 0.041639295027693354 1.5930985631145516 0.33264757385285537 -0.02471802350727958 0.9427272197850766 14.717177458686802
0.9310177320577256 0.06393230412937367 -0.3593308267916882 -72.88159999938885 -0.049424434913361404 0.9975540713773486 0.04942772412291672 1.4982428538258838 0.3616119575284862 -0.028258364552562476 0.9319003471429915 15.332862676061637
0.9230539021709988 0.06764072724617325 -0.37867694107840927 -72.66457302301404 -0.05364162357531191 0.9974341438619923 0.0474099660250832 1.5213258561177263 0.3809121551054739 -0.023449108211268686 0.9243138370796993 15.999298139385301
0.9268340475144337 0.06706432340494706 -0.3694333835676594 -72.90437334281052 -0.053612992637002505 0.997475235921397 0.04657038483906508 1.559202109443117 0.3716238627813306 -0.023356589001619417 0.9280895292813562 16.67392029489467
0.9309334051475527 0.06612126672239438 -0.3591531334506335 -73.11828491329051 -0.05405272055660384 0.997587799605177 0.04355324878044568 1.5748693800672364 0.3611665800995603 -0.021131970232982817 0.9322618415730944 17.36606084089891
0.9346415538011378 0.06503886845168684 -0.3495927795288673 -73.3660450060739 -0.05521965969377787 0.9977511386117751 0.03799282277233826 1.59592895876248 0.35127760402778074 -0.01620527659224328 0.9361310986817327 18.061227959410488
0.9607398278377857 0.056190259913187796 -0.2717013763253889 -74.08235212720147 -0.052945992048256764 0.9984115749919777 0.019262628275108898 1.7263652124090831 0.2723521711539089 -0.004120875262306723 0.9621888137235964 17.895329858632028
0.9254903486394631 0.0759863545438833 -0.37107100196368953 -73.54635487098673 -0.06042966274177613 0.9967435282545458 0.05339096125371226 1.5214909366341782 0.37391960424150034 -0.026989123842975284 0.9270683452464903 18.398012383043703
0.9269517326888572 0.07843681855703175 -0.36688983463674335 -73.76942614484375 -0.060781076938282406 0.9963791103460882 0.059450224155686654 1.553470367284843 0.37022445347565575 -0.032807529022924845 0.9283628170537956 19.140309424030573
0.9285048535025224 0.0847879886715042 -0.3615103511648047 -74.06481287882718 -0.06467813752286755 0.9956278931592084 0.06739315165452534 1.5884574528671973 0.36564391906448046 -0.03919305219548066 0.929929260272397 19.860625818182942
0.9443947012070026 0.08893265426838053 -0.3165590487364356 -74.77911783303746 -0.07682803097163195 0.9957624559835188 0.05054290168454596 1.8724233654914713 0.31971253023483165 -0.023411840133838218 0.9472253078082252 19.977343288289905
0.9454707650392699 0.08731685211010026 -0.3137846391932543 -75.01273694738971 -0.07563271636128807 0.9959190359986105 0.04924394329673527 1.89876277725511 0.3168039214906765 -0.022826324127681902 0.9482163435919805 20.709836456036935
0.9755115415532493 0.08277833330283992 -0.2037767892376542 -75.76591033306342 -0.07643996026662611 0.9963191554245862 0.038795270439534346 1.9657807252038486 0.20623812637541097 -0.02226854439885813 0.9782484076958743 20.56276021522494
0.9775805070555657 0.07581881232502125 -0.1964379289307602 -75.98133310032202 -0.06989622670444384 0.9968708411287638 0.03691942035992004 2.0786250368070354 0.19862243004621646 -0.022361435661752038 0.979820951234295 21.29695523515033
