1.0 0.0 0.0 0.0 0.0 1.0 0.0 0.0 0.0 0.0 1.0 0.0
0.9990424980604922 -0.0006652958711719092 0.043745222030015525 0.0308906744206359 0.0007708791073013024 0.9999968306149736 -0.002396769786557603 -0.027532609786385442 -0.0437434888235207 0.0024281971525456168 0.9990398445728452 1.0014906295622332
0.9960330291554832 -0.00485202034525663 0.08885191461033215 0.1310165588629082 0.0055243091627303524 0.999957933912228 -0.007322049867534711 -0.04479416519924267 -0.08881265022296718 0.0077838489551960936 0.996017934003106 1.996111006677867
0.9909815237247406 -0.004369535369004286 0.13392731908333977 0.2886615541937042 0.005924817144079406 0.9999195396998779 -0.011216535480848232 -0.06990440688426611 -0.13386753220255052 0.011908874297889158 0.9909276777519923 2.984789506497219
0.9837868767111028 -0.0021539986001963933 0.17932858528702045 0.4981050586507898 0.004639457989615554 0.999898894751573 -0.013441566283174706 -0.10673948556844422 -0.17928150111089655 0.014055623949606025 0.983697404080549 3.9554631583782704
0.9743685845338593 -0.004646721726062488 0.2249094694553436 0.7296175373211954 0.007841634489113646 0.9998806141454922 -0.013314136268351033 -0.1389991356321143 -0.22482075135988389 0.014736533962693388 0.9742886966011376 4.926278715860036
0.9628543387390729 -0.005491140111959593 0.26996549733551845 0.9957373649141711 0.009777911822810886 0.9998465266192149 -0.014536700033937838 -0.168131052540167 -0.2698442417612952 0.01663642352677346 0.9627602581123242 5.8818844827461225
0.9495080668663944 -0.008049139722171215 0.3136393506965858 1.3153857872260981 0.01413650114856653 0.9997531708569136 -0.017139331866297812 -0.1978793992462307 -0.3134239784874787 0.020707696909107967 0.9493874872768235 6.819680168907503
0.9343711799410763 -0.010052843001841005 0.3561592880202643 1.6542927551014124 0.017922518165123708 0.9996625598869028 -0.018802917406212514 -0.2288133839682979 -0.355850082813173 0.023952175432398092 0.9342360578857537 7.746888732993975
0.9171836373784014 -0.009859133462090644 0.3983427830558784 2.0504612403510714 0.01917414150661368 0.9996277858538385 -0.01940726787665308 -0.26259725584870447 -0.39800317539287333 0.02543790943313739 0.9170312890740757 8.65063250537728
0.8977160444941801 -0.010309934645694704 0.4404538667162835 2.483745531372005 0.020470054284806704 0.9996225586680082 -0.018322583868032948 -0.28312647734449714 -0.44009871657992955 0.025464592076558733 0.8975882542764657 9.5348263711888
0.8758728425085849 -0.010091508804326904 0.4824364468051565 2.954802824336318 0.021181276870255675 0.9996216892594181 -0.017545138138315586 -0.3067842909695285 -0.48207687899968604 0.02558592996549463 0.8757552414469026 10.3957729799041
0.8520436698554765 -0.010145939398975503 0.5233723765856628 3.4731271853295658 0.022028325560893423 0.9996214522757905 -0.01648347727338785 -0.33183669333937255 -0.523007014802092 0.0255736595690042 0.8519446287195271 11.226769958883374
0.8263807510037106 -0.010398603576437139 0.563015739934688 4.006328437890055 0.02364974902906726 0.9995882179747259 -0.016250657124354664 -0.3711669786633338 -0.5626149160317436 0.026744411187597957 0.8262863866292501 12.043468211248245
0.7991908049379993 -0.01195313609710202 0.6009585508502209 4.59574616837443 0.0270038353781317 0.9995067780600926 -0.01603101639955726 -0.3951764260999026 -0.6004705239871677 0.029040026676576368 0.7991194070182501 12.819250308787614
0.7706801482696661 -0.011033165950341218 0.6371266579826639 5.219971061074924 0.027717379490905268 0.999484207299731 -0.01621931664974451 -0.4349985233108181 -0.6366190822911318 0.030159386723535443 0.7705884475225783 13.55652506590083
0.7400464488672179 -0.014246018553691281 0.6724048664862479 5.869873147244456 0.03267405594968568 0.9993566548808203 -0.01478791443082161 -0.46589144006662225 -0.6717616091939292 0.032913937789094384 0.7400358188036564 14.273862516723112
0.7083012301244537 -0.013567875117000194 0.7057799091565272 6.561560956552794 0.033217533785953095 0.9993483306681333 -0.014124781060029323 -0.500130484274703 -0.7051283307692048 0.03344886777791117 0.7082903432851606 14.94600865719253
0.6738764514976956 -0.011906301296297259 0.7387481086989776 7.295631199991557 0.03389229636589919 0.9993157498343312 -0.014810279541379989 -0.53742694441031 -0.7380662845327105 0.035018168462807295 0.6738188833162738 15.564567741914347
0.6391525161577535 -0.013280329383030002 0.7689653398825538 8.059316250334131 0.038471203481729555 0.9991512697380057 -0.01472096068868321 -0.5790625972006574 -0.7681171965213901 0.03899196112545028 0.6391209583292596 16.138186601043763
0.6026479245111044 -0.01137588847167335 0.7979261045008735 8.812182994709621 0.03836404778216557 0.999155251434386 -0.01473035535403985 -0.6120717792139705 -0.7970844866889744 0.03948889328113188 0.6025752636701953 16.72111868759875
0.5646092610339873 -0.010078512757596704 0.8252967986944154 9.580956869334155 0.04152504811276532 0.9990059812753578 -0.016208632122785203 -0.6301104579501479 -0.8243130793174928 0.04342203307831428 0.5644665395835774 17.28231017157392
0.5262199964341949 -0.008315274628912237 0.8503078098904198 10.401480160186413 0.04620239432420863 0.9987546890611214 -0.01882577587067229 -0.6526493838490566 -0.8490923707768819 0.04919275644104751 0.5259488745136978 17.7661290593669
0.487553440817327 -0.007157536895144304 0.8730638075265635 11.232140849326004 0.04788538260306202 0.9986805040760299 -0.01855373039054618 -0.6765400570466218 -0.871779004381353 0.05085292955220337 0.4872528574321703 18.231654281923227
0.44898614283508814 -0.008693528474619266 0.8934964275836424 12.077078354184321 0.05301505512401818 0.9984502630379221 -0.016925606922693077 -0.7039722327427875 -0.8919645998985983 0.054968125328822934 0.4487512203053799 18.68775618190577
0.41227305297427014 -0.009106432406366537 0.9110148202307707 12.96598155010422 0.05689831561467379 0.9982554157982161 -0.015770431501498542 -0.7233187002062897 -0.909281865799317 0.05833693271298007 0.4120719485844111 19.05939140320446
0.37723564903896556 -0.006697250447890124 0.9260930903157572 13.866180204559484 0.058366233610825505 0.9981579350437524 -0.016556554088288197 -0.7547352138579323 -0.9242762832985797 0.06029828808208491 0.3769316497538153 19.405940539143497
0.3439486277802492 -0.007218614739565623 0.9389607196519596 14.78505347672143 0.059047413143178636 0.998157621946251 -0.013955814261576315 -0.7688465990525907 -0.9371300573822087 0.06024328470333076 0.3437411849036584 19.73778926836731
0.31063541961107505 -0.008624665740036334 0.9504900058516789 15.723996295503827 0.06149025216232634 0.9980466278799605 -0.01103981279066433 -0.7862170937597986 -0.9485381304787195 0.061875227016246474 0.3105589659140806 20.042167022290297
0.2778008438667878 -0.008505454066537944 0.9606010349765521 16.677331510419165 0.06201510072555381 0.9980337478481637 -0.009097551217065625 -0.8106309727968648 -0.9586348723204782 0.06209907734636424 0.2777820839504057 20.318958308601847
0.24527846981233573 -0.005311078347165457 0.9694381180319401 17.637917821468765 0.05927242474602892 0.9981963724534545 -0.009527942353419852 -0.8263126699752302 -0.9676390090892599 0.059797947017887015 0.24515087929926033 20.569260661704565
0.2142402060985238 -0.00360384828260369 0.9767743579601271 18.614625725096275 0.05914356085646703 0.9982062653659054 -0.00928929456247798 -0.8416259329316894 -0.9749888067563026 0.05976005406462644 0.21406906044104898 20.78604498020924
0.18403909048984424 -0.0032519978979091285 0.9829135453748429 19.61468601825769 0.061264767425020246 0.9980881209558401 -0.008168909302836036 -0.8542194521607158 -0.9810077682893384 0.06172136839467979 0.1838864629043126 20.962141515922085
0.1530319475404008 -0.003293042160038383 0.9882157552403851 20.625368433943727 0.06309060270446888 0.9979869966430296 -0.006444407017876212 -0.8668270152805374 -0.9862052519036685 0.0633333277568564 0.15293165373088644 21.144333448429904
0.12226443747436516 -0.0037464981215497455 0.9924904891639529 21.65420778583516 0.061891000011613864 0.9980754629051186 -0.0038567427053446133 -0.8793661276869915 -0.9905659551219388 0.06189777135372517 0.12226100954434539 21.291219247335945
0.0930360761937053 -0.004239664488375489 0.9956537117750857 22.702565839902167 0.06260893309149329 0.998036852968401 -0.0016005043189620445 -0.8998770168610212 -0.9936923115449889 0.06248572126459059 0.09311887356717721 21.38542316650331
0.06579843031264274 -0.003758731774401709 0.9978258558004202 23.764286818063376 0.06561426717273612 0.9978449004786151 -0.0005679191909415515 -0.9039805763765401 -0.9956733071202505 0.06550898048566121 0.06590325457784446 21.45847089586093
0.04107279141843804 -0.003404928583131274 0.9991503551850651 24.841824358296876 0.06981599564986826 0.9975597457533623 0.0005295317786292187 -0.9180909297331638 -0.9967139773056836 0.06973492750287175 0.041210281843906085 21.476709497579826
0.018047582054047724 -0.0031267365403396187 0.9998322400786095 25.933693547505705 0.07412922508829188 0.9972470544168983 0.001780574241402212 -0.9317670697646311 -0.9970853237159853 0.07408465411559328 0.018229680599537154 21.50647443251654
-0.0022845726916837996 -0.0032265266295886273 0.9999921850962263 27.037706682341597 0.08007843583492032 0.9967827697712999 0.0033991177220613587 -0.9368753297697444 -0.9967859473537176 0.08008557556117354 -0.002018847489683103 21.504611070591498
-0.019923058322642493 -0.0038809101895348223 0.9997939839202744 28.153556067242096 0.08451553627516885 0.9964066942517986 0.005551916635122259 -0.9426192704500757 -0.9962229649406766 0.08460873587463348 -0.019523471476745505 21.47678279371566
-0.035644684092469854 -0.0035761107577128902 0.9993581279640433 29.282111805209624 0.08743980132292953 0.9961473854194752 0.0066833873559795955 -0.93461067095653 -0.9955318868025042 0.0876219033906022 -0.03519466444865361 21.43240842007187
-0.04993054602718442 -0.004140735142110034 0.9987441088116167 30.4158651679125 0.0899076397887251 0.9959127706490931 0.008623779082729915 -0.934479704803377 -0.9946977213611415 0.09022531557456459 -0.04935418471033776 21.371827848326852
-0.0633721212484193 -0.005118148653659201 0.9979768428189278 31.556486739265207 0.09012137672246986 0.9958719024465356 0.010830114272917708 -0.9325521545907011 -0.9939125271904572 0.09062537432682324 -0.06264926034679762 21.304634538763306
-0.0752485849133464 -0.004820806190912874 0.9971531528788387 32.70146684876974 0.09002397518736208 0.9958719472068474 0.01160812895808084 -0.9285076029385042 -0.9930928125608417 0.09064118597035166 -0.07450396664530004 21.20286584975905
-0.08649676585122232 -0.0019143091150325901 0.9962502923050467 33.85919547122518 0.09027816361690995 0.9958688451879922 0.009751736147642543 -0.9253690020008281 -0.9921532959534208 0.09078314053031492 -0.08596661400925244 21.10828924505285
-0.09665497456725837 0.0015115477381352838 0.9953167993733644 35.03341060417827 0.09043846962536244 0.9958755089938386 0.007270061766276745 -0.9190487762565634 -0.9912006351406479 0.09071761576286286 -0.09639302405815735 20.991653628045793
-0.10587865155058056 0.004123792378428683 0.9943705071462298 36.229436684658396 0.09159121269099142 0.9957808161019248 0.005622814346761184 -0.9146961063449425 -0.9901518877948083 0.09167093661463366 -0.10580963319363434 20.856703519303387
-0.11267272053311492 0.005054629303526211 0.9936192977042415 37.44837135919221 0.09131835642208502 0.9958077023397768 0.00528939893972313 -0.9139187819218961 -0.989427013896444 0.09133165214414131 -0.11266194339077364 20.708202643178158
-0.1183678448384892 0.005901808590960291 0.9929522757734364 38.691510436138216 0.09128315293329588 0.9958126108339472 0.004962871611660918 -0.9093396238981022 -0.9887651082531413 0.0912272588617732 -0.11841092830359493 20.56033901220717
-0.12318185951393773 0.007683211420079214 0.9923543710534872 39.95028963677892 0.09241809452094946 0.9957131804371008 0.003762726265621948 -0.9039050257973369 -0.9880714171009117 0.0921749996805398 -0.12336386886802417 20.397090495586475
-0.12757655858215333 0.009447860111582605 0.9917837262425945 41.23374465132627 0.09138171253788294 0.9958133542645823 0.0022684977329813314 -0.8988006521750855 -0.9876100466854196 0.09092030250517631 -0.12790580236404067 20.225028499198107
-0.13191416092748856 0.010305870517347259 0.9912075681610162 42.5391719059165 0.09209098760986481 0.9957487782764863 0.0019027774236167936 -0.9061618128426925 -0.9869741152369879 0.09153228716558853 -0.13230244237503624 20.058949210777353
-0.1350680407198855 0.009369149150800978 0.9907920283390862 43.86921258508412 0.09173841951190934 0.9957783466335205 0.0030897833691667267 -0.9037362812587887 -0.9865802991959381 0.09131102573074888 -0.13535734120634224 19.884527156972254
-0.13741442919854607 0.007464723409472135 0.990485513550025 45.220632476267035 0.09202014868032182 0.9957432417289671 0.0052620136771446765 -0.898637354609477 -0.986229976671206 0.09186770082845803 -0.1375163941484928 19.692987244764474
-0.13976759503469996 0.006392039402043982 0.9901637042481904 46.5937706840552 0.09240061004564172 0.995699938419849 0.006615126144014105 -0.8998668613872922 -0.9858636551985309 0.0924163105895852 -0.1397572141093256 19.519731595077786
-0.14181782926564743 0.007268532303339637 0.9898660877818444 47.983369751652894 0.09453163701698906 0.9955023414419765 0.006233601401259618 -0.8898213303946365 -0.985368698967684 0.0944576975248543 -0.14186708734951584 19.312765032457904
-0.14298578896176853 0.0070820722837070214 0.9896994030548609 49.39489369206578 0.09435684924174938 0.9955171649311354 0.006508404462185729 -0.8848688150202588 -0.9852166508723594 0.09431552671560482 -0.14301304927945416 19.12044571138385
