0.9999799642916731 0.00046841829287884294 -0.006312812331039107 -0.09199566546743612 -0.0004662256590661319 0.9999998304868217 0.0003487978820672338 -0.016524227002189442 0.006312974644242703 -0.0003458476985650007 0.9999800131705185 0.9956222815190436
0.9999096947784248 0.0009470249817389622 -0.01340542546139927 -0.17901816901596368 -0.0009428758619957759 0.9999995056190178 0.0003158272132331371 -0.03288468993436648 0.013405717930272709 -0.00030315904029932974 0.999910093369084 2.0373457113358473
0.9997748149706286 0.0010764976817076337 -0.021193407068861903 -0.2561826605931117 -0.0010836042070709977 0.9999993604656622 -0.00032383667020105604 -0.04805138942709126 0.021193044905525624 0.00034672901209295375 0.9997753420777212 3.1200182943088626
0.9995463505898144 0.001666578270473847 -0.03007183964196368 -0.40375811453105626 -0.0017165793943480145 0.9999971868171396 -0.0016369828922969914 -0.06144459995273155 0.030069026884262377 0.0016878609762529574 0.999546399497071 4.108978398310476
0.9991418437954076 0.001777575526787839 -0.04138135090061328 -0.5618272910663906 -0.0019104104397460863 0.9999931484876513 -0.00317069546090544 -0.07195059265079008 0.04137543122512238 0.0032470298736941277 0.9991383940615707 5.214126681709895
0.9985070981582747 0.0015286864788097941 -0.05460071469487311 -0.7607550575075799 -0.001745781062772701 0.9999907592719612 -0.003928564517401328 -0.09093081923216582 0.05459420460105901 0.004018020449926138 0.9985005399776415 6.404989973510933
0.9974975250695566 0.0014697273336857517 -0.0706861187339743 -0.9338306783608588 -0.0017613876692594672 0.9999901907447136 -0.004063979309718818 -0.09002241178720578 0.0706794524143154 0.0041783149613042496 0.9974903291212885 7.38989808306325
0.9960268028281819 -7.097885614267669e-05 -0.08905393315217112 -1.1338610172707384 -0.0003014989917734755 0.9999912636001239 -0.004169151206837969 -0.09593009687284984 0.0890534510629843 0.004179436018112932 0.9960180797396917 8.439914465212082
0.9940481325989367 -0.0013143616103563171 -0.10893384474130768 -1.3515572351681227 0.0008506840736692818 0.9999903807816666 -0.004302868896948523 -0.11588186356732232 0.10893845240856376 0.004184590505024739 0.9940396887394043 9.525161373135711
0.9913764087430756 -0.0015470961526589666 -0.13103595949652877 -1.5898369893584148 0.0009503813284612631 0.9999888934935078 -0.004616239265948266 -0.1399635918671983 0.13104164591080203 0.004451896576112064 0.9913668683458525 10.49605931272838
0.9879575226894844 0.0019364384853129625 -0.15471323009765042 -1.91786591298285 -0.002935267198996602 0.9999762989283618 -0.006227823697420769 -0.16010995633123168 0.15469750343081312 0.006606949941407153 0.9879397910018325 11.494316020622922
0.9837425722569638 0.0062317195159097526 -0.17947623018418446 -2.299031589567831 -0.007745303005276802 0.9999400973078869 -0.0077338268179683554 -0.19581946071611792 0.17941728403531196 0.008998192472319425 0.9837319099844338 12.505631350748288
0.9785087593236762 0.009113611293771282 -0.20600376214046418 -2.6597863250524716 -0.011077014365620004 0.9999035366077698 -0.008379572305217832 -0.24228690710321638 0.20590752215395816 0.010481391532643465 0.9785153206526486 13.437133780821004
0.9719614393253958 0.00977155491443084 -0.2349371770900853 -3.0424008763713997 -0.012171998628604913 0.9998874637055767 -0.008769399854862171 -0.2529372837838759 0.23482504745850497 0.011383173502300618 0.9719709977397095 14.406120650481723
0.9641033113883752 0.011634572908961626 -0.2652723914831592 -3.4728278026120893 -0.014267494224562586 0.9998662060405114 -0.008000539150961102 -0.2869865432552143 0.26514381678349686 0.011498118601755857 0.9641403163907722 15.388660669752577
0.9549154805711707 0.0133167880727931 -0.2965789745092415 -3.913660475359285 -0.016177191911400653 0.9998432707808209 -0.007192519459278891 -0.29397835510182146 0.2964367106607932 0.011666063163497248 0.9549812456498156 16.286222728445647
0.9439694816273525 0.015530519220967017 -0.32966713625855026 -4.3999193383436035 -0.018582465145022414 0.9998086715370912 -0.006108380175722148 -0.31072162301985 0.3295091952363705 0.011892152537043142 0.9440774687295074 17.200789755213105
0.9319063710603402 0.01789160330905721 -0.3622573755055619 -4.933147242171173 -0.02141303820768394 0.9997544205498445 -0.005707923068948503 -0.32341576498790287 0.36206628864320245 0.013076280896191356 0.9320606275913922 18.09362314053799
