0.9985573074222857 0.053693867375263125 0.0005219193832360416 1.6977427142433366 -0.05368030401734219 0.9979727502641799 0.03418793194615048 -0.011582769264478241 0.0013148209614468262 -0.034166626061649025 0.9994152855091836 2.6357986121358796
0.9998657049443972 0.0020683209760674337 0.016257125341943617 -0.21885728087675727 -0.0022851180373830715 0.9999085635918645 0.013328266624333705 0.01488954170960198 -0.01622807171536201 -0.013363626154381185 0.9997790071732887 2.0195983981147645
0.9999629208491196 0.002577783158998305 0.00821656624646527 -0.29824430504237426 -0.0026818406087546344 0.9999160270192896 0.012678589862771598 0.012912368929644908 -0.008183193621478242 -0.012700155272449429 0.9998858641856124 3.016441350347588
0.9999952666238149 0.00288077573524247 -0.0010806762367674137 -0.42524142866625475 -0.002868086578023453 0.9999290077713524 0.011565184684199011 0.01657162937385532 0.0011139162205647485 -0.0115620304688194 0.9999325370454206 4.008319140774995
0.9999202162671514 0.0031751632091837644 -0.012226178423710968 -0.5690207231039157 -0.0030479376765955293 0.9999411629783641 0.010410603123566472 0.029086624624806982 0.01225851443580988 -0.010372507896929685 0.9998710616393269 4.997830032872532
0.9996608694255982 0.003224398278558225 -0.025840847412547628 -0.7290861338918161 -0.002975899951994918 0.9999490173097945 0.009649186527984457 0.0379154864282791 0.025870642797059664 -0.009569014417240214 0.9996194995118638 5.984874803456131
0.9991244175846572 0.0024134217217050137 -0.041768092866600395 -0.8711140432867084 -0.0020313601909877402 0.9999557331569938 0.00918723583202259 0.05030457527786339 0.04178841659951024 -0.009094345608779784 0.9990850920297295 6.974646294039278
0.9982189964753445 0.0018516913881114054 -0.05962722796474309 -1.0318596578670607 -0.0013062448726096172 0.9999569611803139 0.009185287767125985 0.04508046598542049 0.059641669997486046 -0.009091040976440893 0.998178453070329 7.961536434870709
0.9967970359757908 0.0009461550184458001 -0.07996732995767122 -1.190504180471701 -0.0002185315844226974 0.9999585040711969 0.009107270702052552 0.035138326023517685 0.07997262852891981 -0.009060625054317447 0.99675587972171 8.94899248720619
0.9948097079166188 0.002247254228702483 -0.1017280437405692 -1.4207381357620519 -0.0014071433724875313 0.9999643198366249 0.008329405813447434 0.02824652923652475 0.10174313235978559 -0.008143027821848973 0.9947773751526073 9.922040310715026
0.9921314532340824 0.004631304783235251 -0.1251148692987074 -1.7131244654408024 -0.003749646358565439 0.999966460356314 0.007281367635932996 0.01958195569845914 0.12514439522333215 -0.006754937340101528 0.9921155432537669 10.878268343493104
0.9885705010199327 0.007921958636749285 -0.15055101156935763 -1.9986708905073785 -0.007080929888748467 0.9999561922585049 0.006121600753253798 -0.00816299493136754 0.15059291133751893 -0.0049855927660853346 0.9885832888126627 11.836207167812427
0.9840482625572252 0.010416347518371276 -0.17759649957835008 -2.3280181077577873 -0.009627584771940367 0.9999395945846411 0.005302527073215939 -0.02763399926827897 0.177641004752747 -0.0035081171986703565 0.9840891049819392 12.780280124161921
0.9783799201716658 0.012866950852239739 -0.20641505124542509 -2.663455455670041 -0.012069144864674145 0.9999140373555756 0.005123830745371074 -0.04314288705302592 0.2064632353401469 -0.0025217999598991145 0.9784511091402787 13.721975240251737
0.9714939689312753 0.014847729757642102 -0.2365988445686133 -3.0483662899268964 -0.013887960077799725 0.9998871812467849 0.0057227041890704385 -0.07547265148498188 0.23665712094723912 -0.002273697297837234 0.971590570871065 14.644204863677288
0.9631782619668099 0.016846397662918962 -0.268335302486233 -3.4687278248843154 -0.015683923434478494 0.9998560319946131 0.006475324678150083 -0.07697895870078643 0.2684057566824839 -0.002028341630209682 0.9633038127246951 15.551791742203886
0.9536019086948865 0.01911458802887198 -0.30046302976898176 -3.9269971440459526 -0.017788185515290898 0.9998162140712855 0.007149722808196027 -0.07437268672472694 0.30054447289801073 -0.0014732972025180745 0.9537666639203793 16.43949974277515
0.9424799080610937 0.021803450281648807 -0.33355094432030663 -4.411877091161424 -0.02026422951810215 0.9997618989317547 0.008093605278787835 -0.08341615182261837 0.3336479940044452 -0.0008689074673483432 0.9426973327089786 17.31431780354784
0.9299769430933329 0.022298294778816747 -0.3669409644135373 -4.937631839528153 -0.020816964986988446 0.9997513412930945 0.00799434496303453 -0.043315052940726934 0.3670279816083653 0.0002040407177319435 0.9302098790508916 18.165210912178118
0.7855416833704649 -0.6183372855404352 0.024150879859389057 -17.853053013722214 0.516573960904662 0.6337732311661025 -0.5757454597064102 15.056320459087667 0.3406987035531027 0.46474777327897265 0.8172722316520188 -3.616871915794114
0.9096545154905982 0.0527308018073096 -0.4120050060233778 -6.796137897442655 -0.06885504102388579 0.9973287510728217 -0.02437920443992264 -2.8273836715330045 0.40961890309550475 0.05054527499463024 0.9108553833636557 19.4323797793559
0.8923826572170012 0.04707957748854197 -0.44881700779028433 -7.3953994316208425 -0.06517026674495967 0.9975625292345282 -0.024936651731956267 -2.803681440412704 0.44654902242722994 0.051502559652025735 0.8932756892015892 20.231264292466705
0.8705112029398508 0.05065501892976086 -0.4895347940784583 -8.01737424672175 -0.06838513657762504 0.9974895029870628 -0.018389250280551446 -2.8712627635543924 0.48737431061913056 0.04948495213543996 0.8717898375529963 21.01627762738339
0.8445036422926043 0.055888384247057804 -0.5326256534009391 -8.69290051203484 -0.07329142326112571 0.9972434939977444 -0.011566371752972603 -2.9089879293031924 0.5305110417615101 0.04880473527663772 0.8462719021589303 21.756137679862093
0.8150977973667194 0.060675254784876585 -0.5761372181908682 -9.40755317685221 -0.07771033446341379 0.9969637030426628 -0.004947598714977875 -2.968883377563597 0.5740876976956625 0.04880459273726624 0.8173380127476286 22.454609820344427
0.7832473566531135 0.057420593786969 -0.6190528682633348 -10.158782084276245 -0.07488475369300929 0.9971896522115151 -0.0022519295312750614 -2.951362932950754 0.6171838072732038 0.04812143941559122 0.7853460861991508 23.115045002021724
0.7471953873337063 0.054249266794843196 -0.6623866470570297 -10.914691149235093 -0.07162734814955897 0.9974310647182885 0.0008911408430311058 -2.9512735713392697 0.660733362366616 0.0467791426509956 0.7491616218604257 23.771154192485454
0.6983207992286704 0.05037995355943331 -0.7140097489838496 -11.84189754485841 -0.06532844983155492 0.9978425535570243 0.00651398137869524 -2.9444843736740816 0.7127974852700003 0.04209630138320162 0.7001054537729425 24.67145625798311
0.6686929511478628 0.04844851134309336 -0.7419585425303759 -12.535918108817993 -0.06256249259965285 0.9980024013853012 0.008783014795001372 -2.9102171275505158 0.7409019311655757 0.040545635743061255 0.670388230667358 24.89301876073607
0.6329466316336501 0.051876202179335314 -0.7724554492985759 -13.490343244913221 -0.06353742380867215 0.9978674424298253 0.014952027097193517 -2.9271989120355237 0.7715837979632366 0.039615994068138365 0.6348929167462967 25.227058549039956
0.5623085802150479 0.0521211131438274 -0.8252832545139787 -14.506688461658257 -0.05866410518574565 0.9980114273788449 0.023058915499102998 -2.9200787374698294 0.8248439751730574 0.035448277615243357 0.5642480272316602 26.200284537064046
0.5278137590216301 0.05275668018588477 -0.8477201003180356 -15.199991470917743 -0.05897382979033973 0.9979366784275225 0.02538647767812758 -2.8650228196482055 0.8473102874315377 0.03659396869439451 0.5298359729839773 26.280287770527966
0.4769894889837165 0.05459091128648428 -0.8772119811105883 -16.133020800199226 -0.058090338075874014 0.9978449677319411 0.030511194572982528 -2.8329958254466687 0.876987194901546 0.03640402143927178 0.4791327657359349 26.6309207840142
0.4252123895087286 0.05704371344013667 -0.9032942148410096 -17.0832732085099 -0.0553069084846441 0.997784508740898 0.03697593799425138 -2.8107081440283936 0.9034022192147566 0.034235783526058126 0.42742524661536935 26.93244162759933
0.37086960757531395 0.06015120734343919 -0.9267348954431676 -18.055693567132117 -0.05422101549669234 0.9976004173232957 0.04305216411392637 -2.7972318106831358 0.9271007580923658 0.03428176791694982 0.3732411348351747 27.24497966699025
0.3196633283313659 0.061156902455658226 -0.9455554927142784 -19.02853635801815 -0.04924330721840811 0.9976386137935692 0.04787789638484049 -2.761498701856378 0.9462507348553586 0.03125747190790024 0.3219200478932938 27.479499656958176
0.27074194386819955 0.06140562203696124 -0.9606914954410296 -20.008478662787205 -0.04362530856859552 0.9977208271859896 0.05147798997239196 -2.7073617461721162 0.9616629514974373 0.027973211856287466 0.27280371539933307 27.67062611251086
0.22444512693451024 0.06355992416551867 -0.9724117034648565 -21.01035204424953 -0.045417816941155355 0.9974685574537164 0.05471470364992821 -2.6979401561286123 0.9734277615209307 0.03188436813351181 0.22676370999142673 27.796928940393293
0.18271443563563824 0.06455240078732098 -0.9810445568693312 -22.009664634397126 -0.047284300989507505 0.9972644853915009 0.05681321199119979 -2.670481459672586 0.9820283243828986 0.03600741214550769 0.18526693277619735 27.896217709027102
0.14729738113113414 0.0634274009159645 -0.9870564554902389 -22.989374871747618 -0.04682377067209252 0.9972700496879671 0.05709625640447043 -2.611661314051341 0.9879833075573474 0.03780757607151338 0.14986517667437058 27.943310837774504
0.11439674489012265 0.06065092697035015 -0.9915819934913 -23.9793735806543 -0.04412367717957653 0.997459801533522 0.055919991388215816 -2.541792003817871 0.9924547777459164 0.037355178788795684 0.11678229637646542 27.97895892971484
0.07975031414710236 0.05564633154248903 -0.995260454945991 -25.040867739348176 -0.03985928166226686 0.9978200986636921 0.05259551661639755 -2.4127670049371295 0.9960176329055657 0.03547585782812145 0.08179448913314703 28.07784571231963
