0.9999915022399875 -0.002611672848032563 -0.0031897668798823667 -0.008577866703630794 0.002604957222851444 0.9999943858653273 -0.002107708635933252 -0.010842418919927297 0.003195253617517567 0.0020993815188581136 0.9999926914490715 0.9999044115634754
0.9999745642592203 -0.0011550504785253152 -0.007038230812820452 -0.02641810235635772 0.0011295403514028062 0.99999278300552 -0.0036274061627274705 -0.019055161396568904 0.007042369855171588 0.003619363931259059 0.9999686521244333 1.999711517473619
0.999940390324901 -0.0014309993314337388 -0.010824418589378932 -0.04719026282567551 0.0013763146427124113 0.9999862624284075 -0.0050577378805303375 -0.023280440340736407 0.010831507507679215 0.005042538584615147 0.9999286230775343 2.999486810532076
0.9998758309457849 0.0001104563176920466 -0.01575787072792566 -0.0669662357601888 -0.00019862506064923739 0.9999843350534433 -0.005593764010726414 -0.03753662429575761 0.015757006015148196 0.005596199346368751 0.9998601898837227 3.9991895886709297
0.9998039367920443 -0.0008847168818412474 -0.019781437034985177 -0.09824331073893162 0.000772546462802127 0.999983584948806 -0.005677411813173676 -0.05313846850955475 0.019786135223759837 0.005661016602390211 0.9997882084441355 4.9985785516716135
0.9997057414191713 0.0008313003812580874 -0.02424333956412319 -0.1333525152758854 -0.0009981349150208778 0.9999759005398794 -0.006870375983021846 -0.06777409090180295 0.024237043966554104 0.00689255243961099 0.999682478800459 5.9978548472946756
0.9995759465472863 0.0035227767330239133 -0.02890531314804083 -0.17870182206940188 -0.0037412081894606253 0.9999648295896493 -0.007506193777548511 -0.07973178045532589 0.028877853891522982 0.007611151544428775 0.9995539704922327 6.99675445597767
0.9994419865750793 0.004040952575188041 -0.03315699282420516 -0.22120966075086723 -0.0042376819813360715 0.999973820730497 -0.005865143227237177 -0.09182974417262474 0.03313242403272616 0.006002379189623727 0.9994329461858755 7.995777327081635
0.9992885971170657 0.003221470033029849 -0.037575547935236715 -0.26122096526945826 -0.0033461906115305265 0.9999890981440793 -0.003256777760523122 -0.10203484864360188 0.03756464668006723 0.0033801958251592256 0.9992884826695366 8.994924426414181
0.9991615498599606 0.002984513335838981 -0.04083246210541046 -0.31512105739556284 -0.0030035229678167345 0.999995407720059 -0.00040421352508494606 -0.11895838925124216 0.040831068210657656 0.0005265158499643493 0.9991659254847696 9.993327325796853
0.9990450961936375 0.0045497375232074234 -0.04345337340087413 -0.3675518761269759 -0.004599250087323403 0.9999888830710325 -0.0010395349837015334 -0.1289508957043547 0.0434481607214866 0.001238395259197262 0.9990549152609688 10.991901876901105
0.9989525063395418 0.004380529621680207 -0.04554888624523685 -0.41757698495914625 -0.004441278075313193 0.9999893778379352 -0.001232582799018984 -0.13831294563510543 0.045543003052123 0.0014335869461869803 0.9989613504542915 11.990605944490024
0.9988682597200325 0.0009542174148733178 -0.047553014552170536 -0.4611632262446358 -0.001037977125875974 0.9999979531769202 -0.0017367341349779448 -0.1481353898846926 0.04755125999760623 0.0017841275443734083 0.9988672056692747 12.989607312911566
0.9987681440561565 0.00047835768231371936 -0.04961819819933234 -0.5113080832482281 -0.0005166530762345415 0.9999995785104101 -0.0007589786559657613 -0.15757184105766275 0.04961781422250753 0.0007836790983340629 0.9987679702307494 13.988304675882334
0.9987100265283705 -0.0008583068828641653 -0.05076954028742369 -0.5667175141230252 0.0008135417978391159 0.9999992619212156 -0.0009023894761481812 -0.17035202060921667 0.050770277342601505 0.0008599222745819528 0.9987099876702128 14.986686585673617
0.9986076637856471 0.0013557352059870127 -0.052734199630062616 -0.6270290295067189 -0.0015216597405649814 0.9999940173700052 -0.003106408831964716 -0.18262500972134071 0.05272967267304048 0.003182327174979324 0.9986037524531665 15.984790723820177
0.9985396930362371 0.0019170319377253585 -0.05398894719891393 -0.6887808064926854 -0.0022294964677666094 0.9999811098944379 -0.005727931545322337 -0.1948447697816565 0.05397694671429268 0.005839935174077118 0.9985251045319614 16.982807443211367
0.9984261369697799 0.00562732248708643 -0.05579948258925589 -0.754749005242376 -0.006047844010439084 0.9999545501133856 -0.00737029784753428 -0.20588174756405 0.05575547146628514 0.007696164574793308 0.9984147917836601 17.980568115401937
0.9983577954643711 0.006623085718590553 -0.05690208230886696 -0.8189500865165593 -0.007038134699838469 0.9999500489148944 -0.00709678342961098 -0.21867481526941945 0.05685223738313031 0.007485613579665581 0.99835454057858 18.978423082834816
0.9982830352323041 0.005727962271910879 -0.05829384200402061 -0.8791105611537964 -0.006075915991921775 0.9999647588718963 -0.005793466935156534 -0.23007468305100873 0.058258602903238796 0.006137708243408841 0.9982826572295448 19.976546691118838
0.9982019602045099 0.006481757083913902 -0.05958887034488145 -0.9433071451224349 -0.006746231384100591 0.9999682624742068 -0.0042382079264043195 -0.24675761485611797 0.059559508107321864 0.004632587767154804 0.9982140071771146 20.974344494033854
0.9981566820149267 0.006296289674169 -0.060362197485606825 -1.0106602105839333 -0.006568576821737652 0.999969123192683 -0.004313520579862974 -0.26179037496588325 0.06033317451857957 0.004702063121112224 0.9981672197858006 21.971960431053574
0.9980591621110353 0.006247871146037343 -0.0619586396910131 -1.0782415710154372 -0.00657507570507609 0.9999654878426726 -0.005078533551877889 -0.2774838906462601 0.06192477134144937 0.005476059688091958 0.9980657971619911 22.96955075350473
0.9979962938413705 0.004376484850717079 -0.06312086706660945 -1.1428908822805446 -0.0047516106302704 0.9999719249799426 -0.005794087359163184 -0.2888618859105707 0.06309373721144941 0.006082403493583605 0.9979890704273433 23.967393920111867
0.9979588390368296 0.0044386798862495955 -0.06370599429512899 -1.2110850452417254 -0.004709766339526448 0.9999804803446833 -0.0041057314382176475 -0.2992316559604052 0.06368652674852558 0.004397391327037985 0.9979602643693912 24.965012084518637
0.9979544162697626 0.005705289011541749 -0.06367442755904879 -1.2777006504684418 -0.005750345643741642 0.9999833291418185 -0.0005243695475844364 -0.3156227957889297 0.06367037437187935 0.0008894468729012126 0.9979705868970308 25.96265614416506
0.9980006577090694 0.006228787589005743 -0.06289586168768328 -1.3501590492620303 -0.00603585710732316 0.9999764799184182 0.003256998456976447 -0.3227650660567409 0.06291466952345146 -0.002870856168431071 0.9980147807240203 26.960001995456036
0.9981075185407737 0.004946524491426902 -0.06129366466311884 -1.4150697356513031 -0.004589196222030297 0.9999716536720868 0.005969181715029999 -0.32725029703926617 0.06132145391634845 -0.005676596495001138 0.9981019264292686 27.95788298219621
0.9982055192769099 0.00515146223947004 -0.05965906236197597 -1.4766047012588044 -0.0047544359993763625 0.9999656113497447 0.00679495814987535 -0.3337119296055085 0.05969201473767369 -0.006499119534678334 0.9981956846339451 28.95596698373099
0.9982955981089945 0.005713369140121743 -0.05807974009303125 -1.5445295146972968 -0.005492529248371215 0.9999770699117929 0.003961284271605271 -0.3434668528334754 0.05810104059878048 -0.0036355279800031276 0.9983040879499816 29.953609725296317
0.9983465115418406 0.006944265234781631 -0.05706154635642986 -1.609220205571361 -0.007001901461347304 0.9999751581687087 -0.000810198365303068 -0.35205191427245736 0.057054502610780565 0.0012083980364770756 0.9983703338471257 30.951478148859852
0.9984235423565085 0.006362444111493399 -0.055766920062073545 -1.6679974849614387 -0.006584504785799524 0.9999711051356936 -0.00379910389764084 -0.36121308166251526 0.05574113709826301 0.004160312323301035 0.998436586587433 31.949707222422905
0.998478231474476 0.00360304424814628 -0.055029440699947245 -1.7254766124485192 -0.0037672360782009784 0.9999887559339786 -0.002880266991888026 -0.36744320925423907 0.055018444215864576 0.0030831927866027662 0.9984805780376029 32.94803448084007
0.9984668099889473 0.0015400323146199549 -0.05533224783944274 -1.78104017041125 -0.0014213753644358486 0.9999966054912052 0.0021837349061283786 -0.37892790258451076 0.05533542303596273 -0.0021017389316456323 0.9984656096485715 33.94642356916878
0.9984250037380507 -0.0020136246000680208 -0.056066542845479926 -1.8348946537327606 0.0023299016403414974 0.9999817380153938 0.005576306488921224 -0.390468854082386 0.056054290371213844 -0.005698153357189613 0.9984114620632601 34.94490565743291
0.9983190507466301 -0.009654962772102678 -0.05714765620931004 -1.883261455320665 0.009950026729412252 0.9999385850543254 0.004880890045607964 -0.3961090545010059 0.05709702167742334 -0.005441306223935889 0.9983538061740158 35.943719363360316
0.9982069183716678 -0.011984968922583897 -0.05864561905943181 -1.943117309086023 0.012064490111639174 0.9999267192849878 0.0010020670173733585 -0.4034270143987916 0.05862931172447312 -0.001707799720647597 0.9982783615940134 36.941899559457575
0.9981364777615411 -0.011767232619604523 -0.05987573797675763 -2.0106033165129253 0.011619054928023148 0.9999285134637219 -0.0028223261347307916 -0.4166115614956874 0.05990466863579822 0.0021213671788066924 0.9982018485641703 37.93953265105055
0.9980137416904885 -0.010553603029573973 -0.062106302901120736 -2.077885263834055 0.010362280726296006 0.9999405234839095 -0.0034018572683686583 -0.4299498752073007 0.062138510885770416 0.0027515373555678448 0.9980637427073878 38.9371774820115
0.9979488889805597 -0.010575632526995015 -0.06313613053649726 -2.136881809787503 0.010483397603622501 0.9999434419714659 -0.001791991334136056 -0.44981789506862946 0.0631515111232661 0.001126434601395597 0.9980033155195106 39.93523792520836
0.9978766098862054 -0.007952529157904125 -0.0646454075863693 -2.2038088583264237 0.008037522986731077 0.9999671422649395 0.001054805540247086 -0.4619147547353164 0.06463489511287904 -0.0015721547260529576 0.9979077405568431 40.932922452388404
0.9977967550833381 -0.008130079606457447 -0.0658447974463832 -2.276753847602756 0.008303087486740373 0.999962757364118 0.0023542775829145596 -0.47092018845155886 0.0658232047484022 -0.0028958056465415802 0.9978270992643496 41.9302177502451
0.9977448168645725 -0.00679224860284944 -0.06677683564529804 -2.345910158423077 0.007137065845041304 0.9999623951494079 0.00492651785572717 -0.47532368028258715 0.06674086237834789 -0.0053919983286665136 0.9977557735453185 42.92781385755718
0.9977491019819404 -0.007327061091705607 -0.06665616003034522 -2.4141551807125627 0.007881223273568723 0.9999365029872379 0.00805458337629887 -0.4814205317015109 0.06659291113883453 -0.008561785410298707 0.9977434940988803 43.92546380850788
0.9977500534917096 -0.0015954414884099414 -0.06702451285722834 -2.495071550265059 0.0022917868310273525 0.9999441849753945 0.01031380856012452 -0.4847001553651168 0.06700431680431357 -0.010444208938489673 0.9976980204597158 44.92217929725732
0.9977394315628618 -0.0015484036151785332 -0.06718354821578637 -2.567698068646696 0.002220463645062106 0.9999482327480022 0.009929822019954944 -0.4932050809377395 0.06716469493580185 -0.010056553604069625 0.9976912195082146 45.91950223095038
0.997744557308387 -0.0013048523562213912 -0.06711256008990069 -2.6332169570476682 0.0018662597335433993 0.9999637867644211 0.008303146052312683 -0.4983034902128278 0.0670992953472613 -0.008409668250742353 0.9977108609430955 46.917340524651586
0.9977562428893877 0.0007215489144865861 -0.06694743566723264 -2.7093846646619317 -0.0003060233337108683 0.9999806287392852 0.006216791447596229 -0.5060691707103027 0.06695062453012257 -0.006182355000134176 0.9977371359038804 47.91440529365612
0.9976789387017956 -1.8424517466343712e-05 -0.0680935748172848 -2.7793261121333193 0.0004550112053287539 0.9999794414447837 0.006396065398439536 -0.5136734416256452 0.06809205706734824 -0.006412203078135122 0.9976584362476073 48.911927397668606
0.997589713156817 -0.002513284007414037 -0.06934297085645444 -2.848931540795886 0.0030518198262181172 0.9999659939524308 0.007661418568068389 -0.5177842982541232 0.06932135745532754 -0.007854574604962151 0.9975634591635387 49.90949351823386
0.9975387825455156 -0.001723691293425596 -0.07009569320533753 -2.928156355554169 0.002334508495437293 0.9999600093636629 0.008633061074009567 -0.5266741340503547 0.07007800930175274 -0.008775452224689903 0.9975029143067978 50.90631064250363
0.9975142213897018 0.0004782602525250999 -0.07046381619263468 -3.006703289679618 -0.0001181480392499299 0.99998691297563 0.005114676774744846 -0.5357312191759728 0.07046534017756077 -0.0050936376588982665 0.9975012234022872 51.9031799056084
0.9974666751780346 0.0013911310231172506 -0.07112170318373574 -3.083113701370719 -0.0013228152536271518 0.9999986174112655 0.0010076385074711484 -0.5481866974841221 0.0711230066088579 -0.0009110049579931154 0.9974671363011827 52.900178546184776
0.9974077556023279 0.0016821278648503244 -0.07193705241511548 -3.156140508468763 -0.0017042103516622554 0.999998517674431 -0.0002455931949311 -0.5543580576395508 0.07193653266182665 0.0003675524267414442 0.9974091438190282 53.89748941990038
0.9974059780978588 9.824188008463082e-05 -0.07198128370061632 -3.2396496562123076 0.00014032112139566641 0.9999945148294574 0.0033091722500432222 -0.5637882312453071 0.07198121397030269 -0.003310688679196917 0.9974004933705569 54.89395179907065
0.9973832031905641 -0.0012394121050111897 -0.072285613028915 -3.3053360485185928 0.0017068274797792393 0.9999780322831515 0.0064048178014850556 -0.5804307939086342 0.07227608687032216 -0.006511436765407443 0.9973634084214054 55.891653308400116
0.9973794263617349 -0.0028736124798439434 -0.07229123198323902 -3.3814352735000472 0.003396530333826916 0.9999689438897864 0.007111598810124413 -0.5932351784732653 0.07226855091967864 -0.0073385017040573635 0.9973582119482993 56.88867132965797
0.9973560995598609 -0.006078787434560825 -0.07241449450260902 -3.451262320332836 0.006529176377212455 0.9999607770107852 0.005984504642955294 -0.6034915072932574 0.07237527565804644 -0.0064414892153698755 0.9973566697476433 57.88617770558886
0.9973048256191891 -0.008810279385566848 -0.07283861457928355 -3.521259310494813 0.009179495485801804 0.9999466533255393 0.004735753971592194 -0.6113355535544638 0.0727930055658324 -0.005391612022536631 0.9973324966431658 58.88369405682756
0.9972188758060845 -0.010281415457476418 -0.07381602964290429 -3.5978313841535496 0.010746400535422404 0.9999248211157726 0.005904827865577877 -0.6192927312155141 0.07374977024766675 -0.006681662426417195 0.9972543942122466 59.880726342929634
0.997107230881358 -0.013073531342411883 -0.0748749150406961 -3.66985259937498 0.013870363275334792 0.999852466331468 0.010132057712558342 -0.6305432295231785 0.07473140669573086 -0.01114129028072336 0.9971414586226756 60.878065979009406
0.997036145298238 -0.014096608699309083 -0.0756320738312234 -3.7402789973734736 0.015279097304605568 0.9997695607282391 0.015078946475796053 -0.6317177379728864 0.07540208322314085 -0.016189844484802433 0.9970217724709765 61.87558225541532
0.9970310909634224 -0.011958708222198031 -0.07606571468110068 -3.821870498104434 0.013319283566262389 0.9997598070059307 0.017404740180344522 -0.6375896951024023 0.07583930601984554 -0.0183662079134517 0.9969508925063998 62.8722308020492
0.9969412626801611 -0.010732943404454 -0.07741396961508354 -3.9052922408820177 0.011808717476812593 0.9998397859084452 0.013452014945983932 -0.6436235954175191 0.07725718709117692 -0.014325028461784593 0.9969082809377836 63.86872685495941
0.9968504017305565 -0.009435815207629896 -0.07874161517900227 -3.9886854065164967 0.009912617203371166 0.9999348127729799 0.005666588466157032 -0.6439169444883498 0.07868301334983334 -0.006429276478174893 0.9968789534412672 64.86524352419391
0.9968153582173412 -0.007592637360995575 -0.07938194681374644 -4.075766815485846 0.007690525617557341 0.9999699973561704 0.0009274714150899329 -0.6540961656904899 0.0793725231913522 -0.0015350066464118167 0.9968438424933128 65.86139270457423
0.9967533099732854 -0.0029656280734221205 -0.08046144485051382 -4.1681398579882245 0.00313130564773128 0.9999932292118112 0.0019329913279651414 -0.6667576769926753 0.08045516752976546 -0.002178664880983837 0.9967558474556809 66.85703665961206
0.9966920076094293 -0.0002158516213829724 -0.08127112264245734 -4.262318685146251 0.0005627722469903639 0.9999908281914317 0.004245800326451765 -0.6818260990392017 0.08126946077639381 -0.0042774923835847845 0.9966829876164344 67.85247790295459
0.9966096261928792 0.0024522730810651325 -0.08223891619195828 -4.35662672619058 -0.0019889748230915412 0.9999816911176201 0.005715016071470959 -0.6932810670641008 0.0822514252693846 -0.005532068896890713 0.9965962568938705 68.84795505214937
0.9965189848267125 0.0031834924162345377 -0.0833053314979078 -4.442246408330579 -0.002735888146884945 0.9999812055574628 0.005486660905340768 -0.702334231819914 0.08332123256402453 -0.005239647686460992 0.9965089654870808 69.84424180138294
0.9963774266894815 0.0050613387084851484 -0.08489055562385739 -4.534587667428724 -0.0045302211856394015 0.9999689499324295 0.006447966116749827 -0.7154308188128116 0.08492055510686687 -0.00604003489324014 0.9963694180869005 70.8398830758353
0.9962796847788046 0.005965266773521376 -0.08597211925600527 -4.630818322142302 -0.005370370575491811 0.9999600227881581 0.007149261877112632 -0.7307024213348747 0.086011329584712 -0.006660962229765662 0.9962718919879464 71.83512496405861
0.9961506151496217 0.005878913010600893 -0.08746079303805919 -4.714529379288863 -0.005222932735500864 0.9999565045006383 0.007727229807937011 -0.7451418364728761 0.08750241659904519 -0.007240682887547491 0.9961379922483871 72.83151040022692
0.9960372303972178 0.005524257895087574 -0.08876552392314374 -4.811060328672782 -0.004769107513802905 0.9999506328104732 0.008717084114280427 -0.74886454932641 0.08880929723944118 -0.008259207991218848 0.9960144046183231 73.82683340984268
0.9958996327670924 0.008282638610789969 -0.09008506730871346 -4.908256972785897 -0.007272581413410686 0.9999070254021443 0.011534734978334453 -0.7590341313431639 0.09017222972710431 -0.010832287342853736 0.9958672755628446 74.82204663689308
0.9958006129877168 0.00984355962745738 -0.0910178197231181 -5.012330968316809 -0.00845518367090747 0.9998421420792933 0.015626925205587686 -0.7613004369540192 0.09115727640940424 -0.014791729315752834 0.9957266470781364 75.81661359839617
0.9956122133385055 0.012988244118152964 -0.09266944569776699 -5.109034993341775 -0.011404950457963305 0.9997801546179671 0.017594588290855417 -0.7731993909191908 0.09287759555595472 -0.01646049655388825 0.9955414628718096 76.81185563921275
0.9954490295738099 0.015880798445699965 -0.09396291694753331 -5.2176152830031475 -0.014681737729521747 0.9998019055518292 0.013438609755918991 -0.777491577872788 0.09415771926827611 -0.011997912137426056 0.9954849943653282 77.80593404190476
0.9952856370401034 0.015710853669324665 -0.09570616374434102 -5.304864375122837 -0.01516665616761716 0.9998644268583979 0.006410962784167227 -0.7958851139946854 0.09579391025723293 -0.004929196700048075 0.9953889841551995 78.80195073129251
0.9951681330786912 0.015003284379877165 -0.09703240882556236 -5.411955722279009 -0.015021386348807973 0.9998870246334328 0.0005439870035848686 -0.8034977198756477 0.09702960814532 0.0009162027705477355 0.9952810737252303 79.79617075898366
0.9950926963218972 0.01572916317721363 -0.09768888960656319 -5.512337761933552 -0.01584848120184613 0.9998743056808446 -0.00044551413338926506 -0.816258662478277 0.09766960310359311 0.0019915483908027666 0.9952169021698697 80.79103787244803
0.9949800712330699 0.018496152132553016 -0.09834912406995235 -5.620997188051743 -0.018260220977616575 0.9998278270558959 0.0032985715898642843 -0.8377947274634794 0.09839320189365729 -0.0014861362569780962 0.9951465064100552 81.78488358307601
0.9948607498277989 0.018917880547301594 -0.0994696046421718 -5.732330347150601 -0.018458850428544307 0.999814310212785 0.0055331667776029395 -0.857690212635637 0.0995558099405983 -0.0036686358950119404 0.995025216674301 82.77846753345904
0.9948034994484538 0.015762453991013423 -0.10058599569171321 -5.8335553114509695 -0.015624527288513351 0.9998755988339478 0.0021589357248264648 -0.8714235287103589 0.10060751280159264 -0.0005761081796140937 0.9949260256256448 83.7732362853061
0.9949078036739957 0.007753150525607532 -0.10049055102603131 -5.920085437653363 -0.008092222857106878 0.9999628557992492 -0.002966976750874737 -0.8898982851113569 0.10046381496747474 0.0037650602567007993 0.9949335888407039 84.76931418816454
0.9950575176060483 0.0037574007626824547 -0.09922912170930263 -6.020428159134801 -0.004546904542853884 0.9999597745997999 -0.007731419106160681 -0.906437686830881 0.099196080138124 0.00814439204763172 0.9950345755617761 85.76412962461434
0.9953488353901256 0.006441272625340666 -0.0961207880455049 -6.115491474054665 -0.007231932493007605 0.9999428040553767 -0.007879579321679509 -0.9216593910149534 0.09606453580765051 0.008538069151517697 0.9953384883220497 86.75948444915737
0.9956919974487479 0.01136786961012314 -0.0920229197377048 -6.227831210654287 -0.01188349135936943 0.9999166003455027 -0.005057171798903446 -0.9325489914239441 0.09195775578838662 0.006128939061458756 0.9957440470604597 87.75309461302663
0.9961234059999337 0.009835970662665238 -0.08741518003308692 -6.306747345594443 -0.010046045685935347 0.9999476093054754 -0.0019635708135486677 -0.953761070456464 0.0873912866661766 0.0028341357389709467 0.9961700310135023 88.74975014269617
0.9966465758931471 0.005986058123531295 -0.08160741307387306 -6.371513488604516 -0.005797171219561676 0.9999799415667003 0.0025513271270177908 -0.9820287608831948 0.08162104854949541 -0.0020696792987507217 0.9966612869281521 89.74725013956397
0.99729175108253 0.0015899734208240073 -0.07352982529059025 -6.4191181114934786 -0.0011386445401865963 0.9999802581309587 0.006179549898803887 -1.0078774966254762 0.07353819899450027 -0.006079089805371905 0.9972738730939374 90.74578186205812
0.9980031016582659 0.0054269895129267914 -0.06293136630735142 -6.481070258870944 -0.00505169581112178 0.999968505627882 0.006121120957146925 -1.026690576750924 0.06296260358272462 -0.005790987581294917 0.9979990856773955 91.74368363567082
0.9988163207510007 0.010592360453541241 -0.04747377488107313 -6.546801224974302 -0.010337036752598287 0.9999307754491285 0.005620496497620999 -1.037806607781136 0.047530022855159275 -0.005123105476817327 0.9988566717590972 92.7414590711488
0.9994537263548045 0.01572230202271554 -0.02906988294789839 -6.580144507183301 -0.01554646859089755 0.9998595198476053 0.006264813202968539 -1.0484710676820648 0.029164296491604555 -0.00580945687843297 0.9995577492175862 93.74084610734617
0.9998734680201167 0.01424618828378901 -0.0070777163555804865 -6.558263043390022 -0.014198312772636078 0.9998762861092354 0.006769076067871087 -1.058170007318158 0.007173274275922434 -0.006667727932741558 0.9999520416201854 94.74055960352096
0.9997546196201647 0.010878402755017027 0.01929665519311839 -6.50301619206415 -0.011027105878844918 0.9999101913905307 0.007616566765213863 -1.0672029099367384 -0.019212066106465732 -0.007827484069089907 0.9997847903469369 95.73899144389193
0.9987703316049092 0.009673022613343681 0.04862362943409499 -6.408260362864343 -0.010134523680512937 0.9999058255253667 0.009253729529441932 -1.0866552732345824 -0.04852953879434228 -0.009735127834635034 0.9987743044103865 96.73430189030604
0.9966085550471291 0.009092943364310102 0.08178451190690027 -6.2862336733896935 -0.010020796669484935 0.9998899243367823 0.010941793449554867 -1.1062288221092007 -0.08167601631437041 -0.011724230923916985 0.9965899712360431 97.72663566109986
0.9928473947415491 0.009103618105538405 0.11904274397169332 -6.113600486553408 -0.010545493412587894 0.9998784026407591 0.011487928501212831 -1.116190177812373 -0.11892368697449075 -0.012661124355776075 0.9928226692649804 98.71157144318562
0.9869323942838225 0.009269775026590786 0.16086802163314207 -5.903506192622347 -0.011264029786254777 0.9998705504401476 0.011489299173170483 -1.1264970990268341 -0.16074069411999872 -0.013151183728951722 0.9869090513417882 99.68919820902096
0.9785194800420023 0.008918532770136482 0.20596137247445315 -5.6367170455248115 -0.0115231816064322 0.9998680457392342 0.011450213765256439 -1.138857967211936 -0.20583207588711125 -0.013577587518881502 0.97849313010014 100.65287382869761
0.9667735985059446 0.011034592214949136 0.25539586333086817 -5.3306748384533975 -0.013900227361689093 0.9998590318816895 0.009418070073228701 -1.1599841754774087 -0.2552559360938799 -0.012655202063210243 0.9667906975915607 101.60465730740358
0.9513541016336117 0.011997677691250076 0.30786592704442534 -4.937242188941635 -0.01471857430642617 0.9998704358300424 0.006517294179909946 -1.1768235995488552 -0.30774784625613955 -0.010731602073230198 0.9514074289396994 102.52385648099913
0.9316240874496456 0.012100929126657445 0.36322187048399135 -4.489719063616609 -0.014633885281267266 0.9998840026361204 0.00422263826839946 -1.1921252188109048 -0.36312863985809785 -0.009249258707737499 0.9316931051200095 103.41799788443781
0.9074869353273224 0.012660297231536423 0.4198894843696804 -3.984753764748384 -0.015069515957564039 0.999883517359742 0.0024210330678648157 -1.2079775616544213 -0.4198099235356772 -0.008524587164204836 0.9075720134042525 104.28099190929223
0.8783701330405499 0.012670111788401411 0.4778131200057179 -3.4318816979355633 -0.014611297936670604 0.9998931893908172 0.00034609603537842214 -1.2212095362990207 -0.477757699419836 -0.0072854702750936974 0.8784614405697819 105.1141529499201
0.8450722980990569 0.011050127961730218 0.534537843054737 -2.8068830847682955 -0.012212886065684193 0.9999244911073127 -0.0013629004836974773 -1.2526357956984195 -0.5345125409188516 -0.005376500331185398 0.8451434415793937 105.89414592853183
0.8084827647170125 0.010499868951942356 0.5884261822077008 -2.125492170619988 -0.011355233277315998 0.99993301608454 -0.002240986678413036 -1.2880619783499672 -0.5884102971845029 -0.004869917459991386 0.8085478378371795 106.62520771310899
0.7686225445348296 0.00901646756198782 0.6396390289417229 -1.4109285176284843 -0.010609962280241034 0.9999428069796891 -0.0013459086121466875 -1.3093191098014476 -0.6396145813950908 -0.005752050267862016 0.7686742490707614 107.32445506069895
0.7258362612934766 0.00834726220418617 0.6878168687995411 -0.6556827078041259 -0.01237671180069199 0.9999229768944387 0.0009258960884523542 -1.3350529239791378 -0.6877561623108236 -0.009184960111974666 0.725883666789128 107.97939129140691
0.6808808344573813 0.006824935708917603 0.732362416786383 0.1515461850797043 -0.0115488387458684 0.9999323036962696 0.001418572625371243 -1.358226842859348 -0.7323031568908079 -0.009423814367901436 0.6809135614235603 108.56917464881391
0.634784474784639 0.005155658569090886 0.7726720454093777 1.0012751007129166 -0.00805709656094816 0.9999675396648097 -5.302560924552529e-05 -1.3711616793177888 -0.7726472375977271 -0.006191833446293486 0.6348054091067397 109.0962357332428
0.5882513452249951 0.002491190162047471 0.8086743156627163 1.8815094786806346 -0.0025788872106899657 0.9999959491060919 -0.0012046211691909498 -1.3874327436075744 -0.808674040749262 -0.0013768598270128257 0.588255386779652 109.57049580282727
