0.9999915022399875 -0.002611672848032563 -0.0031897668798823667 -0.005756587905393214 0.002604957222851444 0.9999943858653273 -0.002107708635933252 -0.007276324021131121 0.003195253617517567 0.0020993815188581136 0.9999926914490715 0.6710336972578362
0.9999745642592203 -0.0011550504785253152 -0.007038230812820452 -0.01865188772688927 0.0011295403514028062 0.99999278300552 -0.0036274061627274705 -0.013212668076680943 0.007042369855171588 0.003619363931259059 0.9999686521244333 1.3937154273166348
0.999940390324901 -0.0014309993314337388 -0.010824418589378932 -0.03369082844541997 0.0013763146427124113 0.9999862624284075 -0.0050577378805303375 -0.01627174896479521 0.010831507507679215 0.005042538584615147 0.9999286230775343 2.117547761211022
0.9998758309457849 0.0001104563176920466 -0.01575787072792566 -0.04815946133393705 -0.00019862506064923739 0.9999843350534433 -0.005593764010726414 -0.026701956008159014 0.015757006015148196 0.005596199346368751 0.9998601898837227 2.8489571596167713
0.9998039367920443 -0.0008847168818412474 -0.019781437034985177 -0.07085594653522245 0.000772546462802127 0.999983584948806 -0.005677411813173676 -0.038023571823822086 0.019786135223759837 0.005661016602390211 0.9997882084441355 3.5741725704821548
0.9997057414191713 0.0008313003812580874 -0.02424333956412319 -0.09668092942444126 -0.0009981349150208778 0.9999759005398794 -0.006870375983021846 -0.048788973757282375 0.024237043966554104 0.00689255243961099 0.999682478800459 4.309201846976859
0.9995759465472863 0.0035227767330239133 -0.02890531314804083 -0.13204777503970005 -0.0037412081894606253 0.9999648295896493 -0.007506193777548511 -0.058114491424149234 0.028877853891522982 0.007611151544428775 0.9995539704922327 5.088219890887758
0.9994419865750793 0.004040952575188041 -0.03315699282420516 -0.16498713697576153 -0.0042376819813360715 0.999973820730497 -0.005865143227237177 -0.06748921422053408 0.03313242403272616 0.006002379189623727 0.9994329461858755 5.862363600186524
0.9992885971170657 0.003221470033029849 -0.037575547935236715 -0.19686165334096645 -0.0033461906115305265 0.9999890981440793 -0.003256777760523122 -0.07561898590458499 0.03756464668006723 0.0033801958251592256 0.9992884826695366 6.6583219167929615
0.9991615498599606 0.002984513335838981 -0.04083246210541046 -0.24133480825705705 -0.0030035229678167345 0.999995407720059 -0.00040421352508494606 -0.08958265858404584 0.040831068210657656 0.0005265158499643493 0.9991659254847696 7.482107647822673
0.9990450961936375 0.0045497375232074234 -0.04345337340087413 -0.28348609483785947 -0.004599250087323403 0.9999888830710325 -0.0010395349837015334 -0.09761604452201644 0.0434481607214866 0.001238395259197262 0.9990549152609688 8.284902703759172
0.9989525063395418 0.004380529621680207 -0.04554888624523685 -0.32215551821678345 -0.004441278075313193 0.9999893778379352 -0.001232582799018984 -0.10485291176709532 0.045543003052123 0.0014335869461869803 0.9989613504542915 9.056901232985789
0.9988682597200325 0.0009542174148733178 -0.047553014552170536 -0.35698033538153673 -0.001037977125875974 0.9999979531769202 -0.0017367341349779448 -0.11270091187211422 0.04755125999760623 0.0017841275443734083 0.9988672056692747 9.855089812608771
0.9987681440561565 0.00047835768231371936 -0.04961819819933234 -0.39907493361801516 -0.0005166530762345415 0.9999995785104101 -0.0007589786559657613 -0.12062243450989103 0.04961781422250753 0.0007836790983340629 0.9987679702307494 10.693456232414109
0.9987100265283705 -0.0008583068828641653 -0.05076954028742369 -0.44490482180864976 0.0008135417978391159 0.9999992619212156 -0.0009023894761481812 -0.1311930935443552 0.050770277342601505 0.0008599222745819528 0.9987099876702128 11.519231386432141
0.9986076637856471 0.0013557352059870127 -0.052734199630062616 -0.494645439314327 -0.0015216597405649814 0.9999940173700052 -0.003106408831964716 -0.14131497580909286 0.05272967267304048 0.003182327174979324 0.9986037524531665 12.342396180633646
0.9985396930362371 0.0019170319377253585 -0.05398894719891393 -0.547658981066475 -0.0022294964677666094 0.9999811098944379 -0.005727931545322337 -0.15180556883297067 0.05397694671429268 0.005839935174077118 0.9985251045319614 13.199187735321635
0.9984261369697799 0.00562732248708643 -0.05579948258925589 -0.6054048319989156 -0.006047844010439084 0.9999545501133856 -0.00737029784753428 -0.1614668857229499 0.05575547146628514 0.007696164574793308 0.9984147917836601 14.072586435333527
0.9983577954643711 0.006623085718590553 -0.05690208230886696 -0.6624352064755077 -0.007038134699838469 0.9999500489148944 -0.00709678342961098 -0.1728310781412475 0.05685223738313031 0.007485613579665581 0.99835454057858 14.958989613059162
0.9982830352323041 0.005727962271910879 -0.05829384200402061 -0.7150751966600644 -0.006075915991921775 0.9999647588718963 -0.005793466935156534 -0.18280588187798552 0.058258602903238796 0.006137708243408841 0.9982826572295448 15.832340716874894
0.9982019602045099 0.006481757083913902 -0.05958887034488145 -0.7712147144134325 -0.006746231384100591 0.9999682624742068 -0.0042382079264043195 -0.1973950031270086 0.059559508107321864 0.004632587767154804 0.9982140071771146 16.704908757424008
0.9981566820149267 0.006296289674169 -0.060362197485606825 -0.8300062416616611 -0.006568576821737652 0.999969123192683 -0.004313520579862974 -0.21051688436888785 0.06033317451857957 0.004702063121112224 0.9981672197858006 17.575713436171423
0.9980591621110353 0.006247871146037343 -0.0619586396910131 -0.8920751898715805 -0.00657507570507609 0.9999654878426726 -0.005078533551877889 -0.22493032625679663 0.06192477134144937 0.005476059688091958 0.9980657971619911 18.491933258549203
0.9979962938413705 0.004376484850717079 -0.06312086706660945 -0.9491950671314476 -0.0047516106302704 0.9999719249799426 -0.005794087359163184 -0.23498317414680406 0.06309373721144941 0.006082403493583605 0.9979890704273433 19.373561818816274
0.9979588390368296 0.0044386798862495955 -0.06370599429512899 -1.0109876174238648 -0.004709766339526448 0.9999804803446833 -0.0041057314382176475 -0.24437949941810963 0.06368652674852558 0.004397391327037985 0.9979602643693912 20.27753025144025
0.9979544162697626 0.005705289011541749 -0.06367442755904879 -1.07169220924516 -0.005750345643741642 0.9999833291418185 -0.0005243695475844364 -0.25931620156331847 0.06367037437187935 0.0008894468729012126 0.9979705868970308 21.186650197531595
0.9980006577090694 0.006228787589005743 -0.06289586168768328 -1.1394836196902796 -0.00603585710732316 0.9999764799184182 0.003256998456976447 -0.26599844382639404 0.06291466952345146 -0.002870856168431071 0.9980147807240203 22.119757788648386
0.9981075185407737 0.004946524491426902 -0.06129366466311884 -1.1988117707189665 -0.004589196222030297 0.9999716536720868 0.005969181715029999 -0.2700979300050303 0.06132145391634845 -0.005676596495001138 0.9981019264292686 23.03181768496697
0.9982055192769099 0.00515146223947004 -0.05965906236197597 -1.2567205695744053 -0.0047544359993763625 0.9999656113497447 0.00679495814987535 -0.2761787878919353 0.05969201473767369 -0.006499119534678334 0.9981956846339451 23.971086036231874
0.9982955981089945 0.005713369140121743 -0.05807974009303125 -1.3199691233259152 -0.005492529248371215 0.9999770699117929 0.003961284271605271 -0.2852621368961366 0.05810104059878048 -0.0036355279800031276 0.9983040879499816 24.90004641703961
0.9983465115418406 0.006944265234781631 -0.05706154635642986 -1.3830906066930246 -0.007001901461347304 0.9999751581687087 -0.000810198365303068 -0.2936389497779803 0.057054502610780565 0.0012083980364770756 0.9983703338471257 25.87370946263599
0.9984235423565085 0.006362444111493399 -0.055766920062073545 -1.4385717530813904 -0.006584504785799524 0.9999711051356936 -0.00379910389764084 -0.3022863739985751 0.05574113709826301 0.004160312323301035 0.998436586587433 26.81595949427238
0.998478231474476 0.00360304424814628 -0.055029440699947245 -1.4945640241381961 -0.0037672360782009784 0.9999887559339786 -0.002880266991888026 -0.30835534212591165 0.055018444215864576 0.0030831927866027662 0.9984805780376029 27.78846226011171
0.9984668099889473 0.0015400323146199549 -0.05533224783944274 -1.5470415859620492 -0.0014213753644358486 0.9999966054912052 0.0021837349061283786 -0.31920217639520954 0.05533542303596273 -0.0021017389316456323 0.9984656096485715 28.73140088811671
0.9984250037380507 -0.0020136246000680208 -0.056066542845479926 -1.5996815029242104 0.0023299016403414974 0.9999817380153938 0.005576306488921224 -0.3304828477700016 0.056054290371213844 -0.005698153357189613 0.9984114620632601 29.70736446580039
0.9983190507466301 -0.009654962772102678 -0.05714765620931004 -1.6446602437596032 0.009950026729412252 0.9999385850543254 0.004880890045607964 -0.3357279560866987 0.05709702167742334 -0.005441306223935889 0.9983538061740158 30.63621196767765
0.9982069183716678 -0.011984968922583897 -0.05864561905943181 -1.703561110692661 0.012064490111639174 0.9999267192849878 0.0010020670173733585 -0.3429291595637079 0.05862931172447312 -0.001707799720647597 0.9982783615940134 31.618466420755855
0.9981364777615411 -0.011767232619604523 -0.05987573797675763 -1.7676580642667776 0.011619054928023148 0.9999285134637219 -0.0028223261347307916 -0.3554515969647874 0.05990466863579822 0.0021213671788066924 0.9982018485641703 32.56599975972244
0.9980137416904885 -0.010553603029573973 -0.062106302901120736 -1.834521615594899 0.010362280726296006 0.9999405234839095 -0.0034018572683686583 -0.368706965738349 0.062138510885770416 0.0027515373555678448 0.9980637427073878 33.55744068878436
0.9979488889805597 -0.010575632526995015 -0.06313613053649726 -1.8905056314880586 0.010483397603622501 0.9999434419714659 -0.001791991334136056 -0.38756046846323794 0.0631515111232661 0.001126434601395597 0.9980033155195106 34.50453735022815
0.9978766098862054 -0.007952529157904125 -0.0646454075863693 -1.9563148978320004 0.008037522986731077 0.9999671422649395 0.001054805540247086 -0.3994552924134621 0.06463489511287904 -0.0015721547260529576 0.9979077405568431 35.48555904790773
0.9977967550833381 -0.008130079606457447 -0.0658447974463832 -2.031031104527624 0.008303087486740373 0.999962757364118 0.0023542775829145596 -0.4086793920225453 0.0658232047484022 -0.0028958056465415802 0.9978270992643496 36.50707022157845
0.9977448168645725 -0.00679224860284944 -0.06677683564529804 -2.098229085282073 0.007137065845041304 0.9999623951494079 0.00492651785572717 -0.4129581882106136 0.06674086237834789 -0.0053919983286665136 0.9977557735453185 37.47641695548662
0.9977491019819404 -0.007327061091705607 -0.06665616003034522 -2.1640405797497335 0.007881223273568723 0.9999365029872379 0.00805458337629887 -0.4188376339159576 0.06659291113883453 -0.008561785410298707 0.9977434940988803 38.4384920201341
0.9977500534917096 -0.0015954414884099414 -0.06702451285722834 -2.2463384349572735 0.0022917868310273525 0.9999441849753945 0.01031380856012452 -0.42217325061222627 0.06700431680431357 -0.010444208938489673 0.9976980204597158 39.45222443832608
0.9977394315628618 -0.0015484036151785332 -0.06718354821578637 -2.3153686355316285 0.002220463645062106 0.9999482327480022 0.009929822019954944 -0.4302570295243235 0.06716469493580185 -0.010056553604069625 0.9976912195082146 40.40016196417248
0.997744557308387 -0.0013048523562213912 -0.06711256008990069 -2.377301897906193 0.0018662597335433993 0.9999637867644211 0.008303146052312683 -0.43507642018672127 0.0670992953472613 -0.008409668250742353 0.9977108609430955 41.343391960356044
0.9977562428893877 0.0007215489144865861 -0.06694743566723264 -2.4499920805179483 -0.0003060233337108683 0.9999806287392852 0.006216791447596229 -0.44248754954226005 0.06695062453012257 -0.006182355000134176 0.9977371359038804 42.29493458135951
0.9976789387017956 -1.8424517466343712e-05 -0.0680935748172848 -2.51662756198551 0.0004550112053287539 0.9999794414447837 0.006396065398439536 -0.44973238464855586 0.06809205706734824 -0.006412203078135122 0.9976584362476073 43.24530618622704
0.997589713156817 -0.002513284007414037 -0.06934297085645444 -2.5854873474664775 0.0030518198262181172 0.9999659939524308 0.007661418568068389 -0.4537992040204484 0.06932135745532754 -0.007854574604962151 0.9975634591635387 44.232185951015126
0.9975387825455156 -0.001723691293425596 -0.07009569320533753 -2.663561327627298 0.002334508495437293 0.9999600093636629 0.008633061074009567 -0.4625599043870543 0.07007800930175274 -0.008775452224689903 0.9975029143067978 45.21452312176295
0.9975142213897018 0.0004782602525250999 -0.07046381619263468 -2.7397136085944376 -0.0001181480392499299 0.99998691297563 0.005114676774744846 -0.4713408669939197 0.07046534017756077 -0.0050936376588982665 0.9975012234022872 46.18100092326689
0.9974666751780346 0.0013911310231172506 -0.07112170318373574 -2.813566942873051 -0.0013228152536271518 0.9999986174112655 0.0010076385074711484 -0.4833795222308495 0.0711230066088579 -0.0009110049579931154 0.9974671363011827 47.14463496543181
0.9974077556023279 0.0016821278648503244 -0.07193705241511548 -2.88338160725588 -0.0017042103516622554 0.999998517674431 -0.0002455931949311 -0.4892794301531601 0.07193653266182665 0.0003675524267414442 0.9974091438190282 48.09807832007237
0.9974059780978588 9.824188008463082e-05 -0.07198128370061632 -2.9628527538387472 0.00014032112139566641 0.9999945148294574 0.0033091722500432222 -0.4982536171583349 0.07198121397030269 -0.003310688679196917 0.9974004933705569 49.04635775932613
0.9973832031905641 -0.0012394121050111897 -0.072285613028915 -3.024634223728111 0.0017068274797792393 0.9999780322831515 0.0064048178014850556 -0.5139068133176345 0.07227608687032216 -0.006511436765407443 0.9973634084214054 49.98474794333344
0.9973794263617349 -0.0028736124798439434 -0.07229123198323902 -3.0971447326344097 0.003396530333826916 0.9999689438897864 0.007111598810124413 -0.5261073638706867 0.07226855091967864 -0.0073385017040573635 0.9973582119482993 50.93474821117374
0.9973560995598609 -0.006078787434560825 -0.07241449450260902 -3.162914731958048 0.006529176377212455 0.9999607770107852 0.005984504642955294 -0.5357677858793501 0.07237527565804644 -0.0064414892153698755 0.9973566697476433 51.874298094089845
0.9973048256191891 -0.008810279385566848 -0.07283861457928355 -3.228535915223653 0.009179495485801804 0.9999466533255393 0.004735753971592194 -0.5431214677400373 0.0727930055658324 -0.005391612022536631 0.9973324966431658 52.80945549371103
0.9972188758060845 -0.010281415457476418 -0.07381602964290429 -3.300378765770667 0.010746400535422404 0.9999248211157726 0.005904827865577877 -0.5505871964010868 0.07374977024766675 -0.006681662426417195 0.9972543942122466 53.74490934904134
0.997107230881358 -0.013073531342411883 -0.0748749150406961 -3.3685656177762264 0.013870363275334792 0.999852466331468 0.010132057712558342 -0.5612387254134642 0.07473140669573086 -0.01114129028072336 0.9971414586226756 54.689151263735525
0.997036145298238 -0.014096608699309083 -0.0756320738312234 -3.434755499933679 0.015279097304605568 0.9997695607282391 0.015078946475796053 -0.5623425810487652 0.07540208322314085 -0.016189844484802433 0.9970217724709765 55.62666172384779
0.9970310909634224 -0.011958708222198031 -0.07606571468110068 -3.510251493637875 0.013319283566262389 0.9997598070059307 0.017404740180344522 -0.5677758582142686 0.07583930601984554 -0.0183662079134517 0.9969508925063998 56.548853027112486
0.9969412626801611 -0.010732943404454 -0.07741396961508354 -3.588364920170765 0.011808717476812593 0.9998397859084452 0.013452014945983932 -0.5734258076624009 0.07725718709117692 -0.014325028461784593 0.9969082809377836 57.48193975767272
0.9968504017305565 -0.009435815207629896 -0.07874161517900227 -3.665064933529989 0.009912617203371166 0.9999348127729799 0.005666588466157032 -0.5736956124692408 0.07868301334983334 -0.006429276478174893 0.9968789534412672 58.398475798362945
0.9968153582173412 -0.007592637360995575 -0.07938194681374644 -3.743988899852517 0.007690525617557341 0.9999699973561704 0.0009274714150899329 -0.5829212844192544 0.0793725231913522 -0.0015350066464118167 0.9968438424933128 59.30130965561872
0.9967533099732854 -0.0029656280734221205 -0.08046144485051382 -3.8283090832216655 0.00313130564773128 0.9999932292118112 0.0019329913279651414 -0.5944789957009547 0.08045516752976546 -0.002178664880983837 0.9967558474556809 60.21015577106484
0.9966920076094293 -0.0002158516213829724 -0.08127112264245734 -3.913234227655994 0.0005627722469903639 0.9999908281914317 0.004245800326451765 -0.6080668472183942 0.08126946077639381 -0.0042774923835847845 0.9966829876164344 61.10778843339092
0.9966096261928792 0.0024522730810651325 -0.08223891619195828 -3.9970056593366734 -0.0019889748230915412 0.9999816911176201 0.005715016071470959 -0.6182420036496866 0.0822514252693846 -0.005532068896890713 0.9965962568938705 61.992045439277064
0.9965189848267125 0.0031834924162345377 -0.0833053314979078 -4.069836868920829 -0.002735888146884945 0.9999812055574628 0.005486660905340768 -0.6259429542031371 0.08332123256402453 -0.005239647686460992 0.9965089654870808 62.839523113111845
0.9963774266894815 0.0050613387084851484 -0.08489055562385739 -4.147263703407798 -0.0045302211856394015 0.9999689499324295 0.006447966116749827 -0.6369242564079707 0.08492055510686687 -0.00604003489324014 0.9963694180869005 63.67435418358664
0.9962796847788046 0.005965266773521376 -0.08597211925600527 -4.23049822177254 -0.005370370575491811 0.9999600227881581 0.007149261877112632 -0.6501333994352341 0.086011329584712 -0.006660962229765662 0.9962718919879464 64.5351867265561
0.9961506151496217 0.005878913010600893 -0.08746079303805919 -4.298097580825187 -0.005222932735500864 0.9999565045006383 0.007727229807937011 -0.6617936894892381 0.08750241659904519 -0.007240682887547491 0.9961379922483871 65.33979987050246
0.9960372303972178 0.005524257895087574 -0.08876552392314374 -4.379569153424143 -0.004769107513802905 0.9999506328104732 0.008717084114280427 -0.6649356379610311 0.08880929723944118 -0.008259207991218848 0.9960144046183231 66.17984683304942
0.9958996327670924 0.008282638610789969 -0.09008506730871346 -4.4585060536041805 -0.007272581413410686 0.9999070254021443 0.011534734978334453 -0.6731947223102751 0.09017222972710431 -0.010832287342853736 0.9958672755628446 66.98809538791622
0.9958006129877168 0.00984355962745738 -0.0910178197231181 -4.537315227403325 -0.00845518367090747 0.9998421420792933 0.015626925205587686 -0.674910863497813 0.09115727640940424 -0.014791729315752834 0.9957266470781364 67.74122300782628
0.9956122133385055 0.012988244118152964 -0.09266944569776699 -4.609986944198623 -0.011404950457963305 0.9997801546179671 0.017594588290855417 -0.683852760334945 0.09287759555595472 -0.01646049655388825 0.9955414628718096 68.48913342560739
0.9954490295738099 0.015880798445699965 -0.09396291694753331 -4.690085803287944 -0.014681737729521747 0.9998019055518292 0.013438609755918991 -0.6870190741835357 0.09415771926827611 -0.011997912137426056 0.9954849943653282 69.22245755016834
0.9952856370401034 0.015710853669324665 -0.09570616374434102 -4.751985549780395 -0.01516665616761716 0.9998644268583979 0.006410962784167227 -0.7000685535239211 0.09579391025723293 -0.004929196700048075 0.9953889841551995 69.92909161418164
0.9951681330786912 0.015003284379877165 -0.09703240882556236 -4.828174562316612 -0.015021386348807973 0.9998870246334328 0.0005439870035848686 -0.7054844619339441 0.09702960814532 0.0009162027705477355 0.9952810737252303 70.63641899529969
0.9950926963218972 0.01572916317721363 -0.09768888960656319 -4.8927869992606094 -0.01584848120184613 0.9998743056808446 -0.00044551413338926506 -0.7136982380751781 0.09766960310359311 0.0019915483908027666 0.9952169021698697 71.27678044662683
0.9949800712330699 0.018496152132553016 -0.09834912406995235 -4.9640131529441005 -0.018260220977616575 0.9998278270558959 0.0032985715898642843 -0.7278151088537701 0.09839320189365729 -0.0014861362569780962 0.9951465064100552 71.92824539372812
0.9948607498277989 0.018917880547301594 -0.0994696046421718 -5.036095520477333 -0.018458850428544307 0.999814310212785 0.0055331667776029395 -0.7406963895324972 0.0995558099405983 -0.0036686358950119404 0.995025216674301 72.5715387674424
0.9948034994484538 0.015762453991013423 -0.10058599569171321 -5.09740520484236 -0.015624527288513351 0.9998755988339478 0.0021589357248264648 -0.7490143501878446 0.10060751280159264 -0.0005761081796140937 0.9949260256256448 73.17404782885319
0.9949078036739957 0.007753150525607532 -0.10049055102603131 -5.1513330519295035 -0.008092222857106878 0.9999628557992492 -0.002966976750874737 -0.7605283035276281 0.10046381496747474 0.0037650602567007993 0.9949335888407039 73.79482973715776
0.9950575176060483 0.0037574007626824547 -0.09922912170930263 -5.210483109331922 -0.004546904542853884 0.9999597745997999 -0.007731419106160681 -0.7702779549378673 0.099196080138124 0.00814439204763172 0.9950345755617761 74.38125383693381
0.9953488353901256 0.006441272625340666 -0.0961207880455049 -5.258741193821492 -0.007231932493007605 0.9999428040553767 -0.007879579321679509 -0.7780051237550147 0.09606453580765051 0.008538069151517697 0.9953384883220497 74.88653726102979
0.9956919974487479 0.01136786961012314 -0.0920229197377048 -5.311259133484686 -0.01188349135936943 0.9999166003455027 -0.005057171798903446 -0.7830959258880559 0.09195775578838662 0.006128939061458756 0.9957440470604597 75.35104216520217
0.9961234059999337 0.009835970662665238 -0.08741518003308692 -5.344867426129633 -0.010046045685935347 0.9999476093054754 -0.0019635708135486677 -0.7921295888525712 0.0873912866661766 0.0028341357389709467 0.9961700310135023 75.77549137054152
0.9966465758931471 0.005986058123531295 -0.08160741307387306 -5.376480628219479 -0.005797171219561676 0.9999799415667003 0.0025513271270177908 -0.8059274185591208 0.08162104854949541 -0.0020696792987507217 0.9966612869281521 76.26238417394575
0.99729175108253 0.0015899734208240073 -0.07352982529059025 -5.398973986072126 -0.0011386445401865963 0.9999802581309587 0.006179549898803887 -0.8181410404003141 0.07353819899450027 -0.006079089805371905 0.9972738730939374 76.73419405392382
0.9980031016582659 0.0054269895129267914 -0.06293136630735142 -5.423608937635327 -0.00505169581112178 0.999968505627882 0.006121120957146925 -0.8256219646280369 0.06296260358272462 -0.005790987581294917 0.9979990856773955 77.13100454136669
0.9988163207510007 0.010592360453541241 -0.04747377488107313 -5.447429790841941 -0.010337036752598287 0.9999307754491285 0.005620496497620999 -0.8296504059279506 0.047530022855159275 -0.005123105476817327 0.9988566717590972 77.49259761583069
0.9994537263548045 0.01572230202271554 -0.02906988294789839 -5.461462505027252 -0.01554646859089755 0.9998595198476053 0.006264813202968539 -0.8341386059580592 0.029164296491604555 -0.00580945687843297 0.9995577492175862 77.91319546240678
0.9998734680201167 0.01424618828378901 -0.0070777163555804865 -5.454014279329266 -0.014198312772636078 0.9998762861092354 0.006769076067871087 -0.8374400255584172 0.007173274275922434 -0.006667727932741558 0.9999520416201854 78.2534876789323
0.9997546196201647 0.010878402755017027 0.01929665519311839 -5.433294831522177 -0.011027105878844918 0.9999101913905307 0.007616566765213863 -0.8408276712555304 -0.019212066106465732 -0.007827484069089907 0.9997847903469369 78.62793356993107
0.9987703316049092 0.009673022613343681 0.04862362943409499 -5.398743184511064 -0.010134523680512937 0.9999058255253667 0.009253729529441932 -0.8479207567222387 -0.04852953879434228 -0.009735127834635034 0.9987743044103865 78.9908623252077
0.9966085550471291 0.009092943364310102 0.08178451190690027 -5.351668240312792 -0.010020796669484935 0.9998899243367823 0.010941793449554867 -0.8554717582180988 -0.08167601631437041 -0.011724230923916985 0.9965899712360431 79.3736806836251
0.9928473947415491 0.009103618105538405 0.11904274397169332 -5.294854816426198 -0.010545493412587894 0.9998784026407591 0.011487928501212831 -0.8587500313308513 -0.11892368697449075 -0.012661124355776075 0.9928226692649804 79.6978221482456
0.9869323942838225 0.009269775026590786 0.16086802163314207 -5.228587466418534 -0.011264029786254777 0.9998705504401476 0.011489299173170483 -0.8620010114332265 -0.16074069411999872 -0.013151183728951722 0.9869090513417882 80.00618242679816
0.9785194800420023 0.008918532770136482 0.20596137247445315 -5.1420046410209785 -0.0115231816064322 0.9998680457392342 0.011450213765256439 -0.8660125646976402 -0.20583207588711125 -0.013577587518881502 0.97849313010014 80.31893037310869
0.9667735985059446 0.011034592214949136 0.25539586333086817 -5.04381023333715 -0.013900227361689093 0.9998590318816895 0.009418070073228701 -0.8727909615286231 -0.2552559360938799 -0.012655202063210243 0.9667906975915607 80.6243124828517
0.9513541016336117 0.011997677691250076 0.30786592704442534 -4.923115843789233 -0.01471857430642617 0.9998704358300424 0.006517294179909946 -0.877956836766371 -0.30774784625613955 -0.010731602073230198 0.9514074289396994 80.90629767955497
0.9316240874496456 0.012100929126657445 0.36322187048399135 -4.785996224276504 -0.014633885281267266 0.9998840026361204 0.00422263826839946 -0.882645202713563 -0.36312863985809785 -0.009249258707737499 0.9316931051200095 81.18025967619141
0.9074869353273224 0.012660297231536423 0.4198894843696804 -4.631178938293573 -0.015069515957564039 0.999883517359742 0.0024210330678648157 -0.8875053716548298 -0.4198099235356772 -0.008524587164204836 0.9075720134042525 81.44484497169584
0.8783701330405499 0.012670111788401411 0.4778131200057179 -4.4842484564253065 -0.014611297936670604 0.9998931893908172 0.00034609603537842214 -0.891021882052382 -0.477757699419836 -0.0072854702750936974 0.8784614405697819 81.66626464651546
0.8450722980990569 0.011050127961730218 0.534537843054737 -4.326534510933495 -0.012212886065684193 0.9999244911073127 -0.0013629004836974773 -0.8989520745563377 -0.5345125409188516 -0.005376500331185398 0.8451434415793937 81.86309031556773
0.8084827647170125 0.010499868951942356 0.5884261822077008 -4.149246090312266 -0.011355233277315998 0.99993301608454 -0.002240986678413036 -0.9081694736865039 -0.5884102971845029 -0.004869917459991386 0.8085478378371795 82.05330240438857
0.7686225445348296 0.00901646756198782 0.6396390289417229 -3.942387064592863 -0.010609962280241034 0.9999428069796891 -0.0013459086121466875 -0.914323200417971 -0.6396145813950908 -0.005752050267862016 0.7686742490707614 82.2557275130961
0.7258362612934766 0.00834726220418617 0.6878168687995411 -3.736327986540202 -0.01237671180069199 0.9999229768944387 0.0009258960884523542 -0.9213443397709938 -0.6877561623108236 -0.009184960111974666 0.725883666789128 82.43441841638474
0.6808808344573813 0.006824935708917603 0.732362416786383 -3.527420430935214 -0.0115488387458684 0.9999323036962696 0.001418572625371243 -0.9273416558337302 -0.7323031568908079 -0.009423814367901436 0.6809135614235603 82.58705195135609
0.634784474784639 0.005155658569090886 0.7726720454093777 -3.301118128966767 -0.00805709656094816 0.9999675396648097 -5.302560924552529e-05 -0.9307864994218075 -0.7726472375977271 -0.006191833446293486 0.6348054091067397 82.72742040817533
0.5882513452249951 0.002491190162047471 0.8086743156627163 -3.0824172568892916 -0.0025788872106899657 0.9999959491060919 -0.0012046211691909498 -0.9348291681741168 -0.808674040749262 -0.0013768598270128257 0.588255386779652 82.84525390039322
0.541842059821509 0.004712591935283379 0.8404671163618707 -2.8394213839845115 -0.004672203192032734 0.9999857184027215 -0.0025949003691042192 -0.9391825568156933 -0.8404673418555402 -0.002520806982837325 0.5418563396385041 82.96706833457836
0.4942204099575215 0.007497028507023929 0.8693043085968151 -2.6249542359094664 -0.008894742747232277 0.9999540793364722 -0.0035668991868927774 -0.945020200064929 -0.8692911307110412 -0.005969403815605853 0.49426439916830506 83.07211707973606
0.44882182784023494 0.009408561290072738 0.893571735133002 -2.4091202026726046 -0.009767486867202529 0.9999364898594445 -0.005622494808580136 -0.9514348744454768 -0.8935678838535157 -0.006204451790805664 0.44888522110170376 83.15838245523602
0.4066109498363836 0.006923896102445565 0.9135751721319483 -2.130758137208117 -0.0023859256754606524 0.9999759190541078 -0.006516799104168305 -0.9525109184882593 -0.9135982940175761 0.00047007941398589936 0.4066176781615857 83.24598938736351
0.3671742860021792 -0.0007131687420135289 0.9301518881823214 -1.6703552119300187 0.01299898298420468 0.9999059837014949 -0.004364653402343722 -0.9523525273343915 -0.9300613260103693 0.013693617063860518 0.36714903610324473 83.35906141876958
0.33178485176886835 -0.004452336196383418 0.9433445758783514 -1.3087283084738055 0.01696303985359175 0.9998553396229282 -0.0012470390710916817 -0.9559284068115247 -0.9432025590591004 0.01641574030964635 0.33181238080344505 83.45154255241202
0.2985473391856153 -0.0002474934144524191 0.9543947951514621 -0.9598847139868493 0.014005096888414684 0.9998934287967509 -0.004121687788193552 -0.9607554426907432 -0.954292064059183 0.01459691049801407 0.29851898880569966 83.54537261569466
0.26735928109438845 0.007392118728916748 0.9635685608161942 -0.5874132855647738 0.0024489590542901667 0.9999621324583314 -0.008350823249070348 -0.9767382442670468 -0.9635938031205071 0.00459241005185807 0.2673310538595791 83.64642409882235
0.2392804681042138 0.011694490893438611 0.9708800628638814 -0.2100879337511556 -0.0024425531169765115 0.9999315499280652 -0.011442438233540544 -0.9935243871721184 -0.9709474195434578 0.00036652585301677216 0.23929265375414233 83.7281030486237
0.21375293444896004 0.013352666869147697 0.9767964932891309 0.19828131278158964 -0.0011812914213854256 0.9999093825901331 -0.013410114048621144 -1.0066675158185838 -0.976887039306509 0.001712569911226342 0.21374933810251365 83.79810955354036
0.1903683134141078 0.014724261257347057 0.9816023132502777 0.6226400512596764 0.006532007129490493 0.9998463840878022 -0.016264719776492267 -1.014928605643155 -0.9816910094987774 0.009508120580479243 0.1902428908324794 83.8570051585945
0.17023569770432423 0.02105587446772982 0.9851783886066137 1.0558283919282823 0.01340207320574046 0.9996297388815025 -0.023680573842020672 -1.0135557301786025 -0.9853122305446687 0.017234711894854555 0.1698904736734564 83.90524704153194
0.1504697132464352 0.02791804037021178 0.9882203440617005 1.502563981982853 0.015679272864239778 0.9994080674605866 -0.03062148097568931 -1.0115501812544203 -0.9884902760260137 0.02010218188612957 0.14994291075416882 83.96038472198006
0.13284023802435277 0.028759462451414166 0.990720124193075 1.939015168230378 0.012780249605811003 0.9994461233350317 -0.03072640184906459 -1.0234875139668203 -0.9910550622350138 0.016743353011949343 0.13239910780768405 84.01217683600053
0.1175624713290573 0.024354253872404037 0.9927668082955463 2.4215521113670193 0.011057060932545628 0.9996051627446625 -0.02583137661355079 -1.044318227093376 -0.9930039308776875 0.01401388356365347 0.11724676681651303 84.05924954990617
0.10316559700567117 0.021036195709217557 0.9944417218040229 2.8870480332866464 0.01123723143582699 0.9996878798001722 -0.022312947144980833 -1.06308174195725 -0.9946007159780862 0.013476700290522153 0.10289700833920443 84.09824670312318
0.08977168583125306 0.018653824834441328 0.9957876677495376 3.370642982516487 0.013384591325742245 0.9997117031633977 -0.019933972839898357 -1.076556708688796 -0.9958724301526066 0.01511771732719377 0.08949613111614034 84.13097412282852
0.07823847724308958 0.01795017994801642 0.996773059286074 3.8484243336256734 0.01695513069800352 0.9996693212729556 -0.019333174821591328 -1.0889141909745392 -0.99679048160669 0.018413015654760057 0.07790825779595754 84.15743578530365
0.06815612610252202 0.018549592809335956 0.9975022080583621 4.367307952080884 0.020114065923024664 0.999598372780126 -0.019962902779123416 -1.1031069032364489 -0.9974718877375655 0.021424419290435 0.06775564501446577 84.18225108575608
0.06028305084487339 0.01907586574327571 0.9979990306242696 4.890824610728775 0.02191630951612951 0.9995510574918043 -0.020429362305494483 -1.1176871969159854 -0.9979406942088435 0.02310399993854928 0.05983791464290759 84.20815464972871
0.05458066791023927 0.019492787101640218 0.9983190782217304 5.440331528105885 0.023596463348321772 0.9995050356695446 -0.020806022894196415 -1.1318811593555362 -0.9982305132623046 0.024692406165310515 0.05409369159009073 84.23285496344462
0.04916385902008096 0.020671079646980485 0.9985767979642252 6.013178279333593 0.025029718999922672 0.9994463296200585 -0.021921390826734374 -1.1437713513325023 -0.9984770543848464 0.02607183682101689 0.04861924713258894 84.25555869854693
0.04310718385129958 0.021384134178213467 0.998841573777274 6.705909225465131 0.025802725098579216 0.9994135887527709 -0.02250995321618583 -1.1574036623160637 -0.9987371977041298 0.026743175236981623 0.042530136378181184 84.29684420469852
0.03890872062519537 0.021295402172976402 0.9990158243519494 7.377625909073357 0.0287647459440261 0.9993346890948634 -0.022422501253173827 -1.1774856044210398 -0.9988286644115132 0.029608867218523575 0.038270277395776944 84.3151002128503
0.03591263828908776 0.0212543610940266 0.9991288878546176 8.001652526581402 0.03032506148120514 0.999290231448435 -0.02234779581736611 -1.1938611004527835 -0.9988947257130149 0.031101213259586966 0.03524260882090631 84.33462936080295
0.032865120763960566 0.020775879398233964 0.9992438374452971 8.63296245031106 0.03135636797787147 0.99927033410446 -0.021807740965019314 -1.2109828355335936 -0.9989677982920209 0.03204937150695976 0.03218968408671136 84.35384839100271
0.030469893803975395 0.020081488742737217 0.9993339378713468 9.29034409793476 0.0332425844576027 0.9992247102341343 -0.021092866948083072 -1.2285912980581497 -0.9989827406668019 0.03386314024696651 0.029778710221577284 84.37143450648232
0.029683087916374692 0.01960406413299672 0.999367097197632 9.986330322641589 0.03739506855962656 0.9990859500982824 -0.020709253092113654 -1.2488530993431628 -0.998859611326422 0.03798611569615619 0.0289228607704813 84.38909928055787
0.03079034120346271 0.01909686970934508 0.9993434166771109 10.65340808673268 0.04123852067499655 0.9989418720927036 -0.02035977879208517 -1.2676505481581932 -0.9986747915618543 0.04183832868589616 0.029970234427823577 84.40522033119366
0.03337589507219378 0.019012293579644183 0.9992620188524001 11.388186926541012 0.043215868799165995 0.9988564799420953 -0.020448011189847563 -1.2871148643828838 -0.9985081062825999 0.04386644697862256 0.032516096281819035 84.42944844928381
0.03714599894420238 0.018906064797030088 0.999130990149105 12.197898422461053 0.04576563394808266 0.9987397761851479 -0.020600150848260796 -1.31007175748641 -0.9982613292679268 0.04649107634300933 0.036233938630806775 84.45964852754305
0.04153338790871259 0.01846842801303683 0.9989664132770204 12.98843677545733 0.046231467880248664 0.9987227142626498 -0.02038605880211556 -1.3256811701469313 -0.9980669461847049 0.04703038573702198 0.04062651536822952 84.49129714632686
0.04548139794340531 0.017013994177714098 0.998820287360663 13.810303154428546 0.04775024812306168 0.9986750310373421 -0.019185832969929706 -1.3428558504490615 -0.9978233091310807 0.0485665150560006 0.04460871405920179 84.5293056634157
0.04918897505251326 0.015432817385370754 0.9986702523259797 14.65717515354362 0.047435090933612443 0.9987162470619884 -0.017769918473014443 -1.366552984178121 -0.9976624463621971 0.04824609830823093 0.04839377146523487 84.58261433858553
0.053099505097318436 0.01340517409251723 0.9984992458014037 15.53590965131224 0.044182187458894136 0.9988991705258753 -0.015760121638674046 -1.3880580055296985 -0.9976113355760187 0.04495273551484927 0.052448781682371104 84.64346389314098
0.05719669183601909 0.012288968114104497 0.9982872931705125 16.321725719873307 0.04323239959633207 0.9989557962864835 -0.014774190021156649 -1.4087432711236143 -0.997426437421908 0.04400338996405528 0.056605685257867425 84.68997955554312
0.06129000914843837 0.013202980015270479 0.998032672860615 17.200785731606896 0.04040682761871512 0.9990599889329095 -0.015697986978163617 -1.4323557055421718 -0.9973017713111597 0.041289463935628164 0.06069890532400629 84.75067201022833
0.06444583114263161 0.017141411065320314 0.9977739758457462 18.064222703489058 0.03837857900706119 0.9990701954368241 -0.019642537087282624 -1.4618613955531075 -0.9971829418525645 0.03955902699152551 0.06372804611589453 84.81603294023179
0.06607164742012138 0.022380384714778392 0.9975638605057884 18.871080429725723 0.03310978477907021 0.9991487097179276 -0.024608901253092067 -1.4824046040451258 -0.9972654007630445 0.03465507537171607 0.06527439154757295 84.87133654952629
0.06621813429972224 0.02575497656597725 0.9974727263800011 19.707656928100803 0.03138978345153005 0.9991182684610249 -0.027881304171609923 -1.496018955103102 -0.997311305553452 0.0331567008239627 0.06535130454505274 84.92633794003525
0.0666975878576751 0.02521167259325622 0.9974546622975005 20.50061715666405 0.029462948288305774 0.9991950216830069 -0.02722578414034124 -1.5248942831213297 -0.9973381404780073 0.031203849264895375 0.06590108753977704 84.97696011174206
0.06637202374586 0.023482827185367927 0.9975185769153693 21.379111875244913 0.026301780061023784 0.9993344582200882 -0.025275620261128385 -1.560336903200153 -0.9974482296487881 0.027914108284976553 0.06571021023519914 85.05076898150075
0.06627438636199581 0.022254540568191532 0.9975532272197017 22.156310956561697 0.02721007428058695 0.9993391310591248 -0.024102136661276412 -1.5907082872134473 -0.9974303572530699 0.0287408517287265 0.06562503997653268 85.10215028201482
0.06684744595192285 0.021476900480803852 0.9975320354331708 23.036833748007506 0.024459703674543004 0.9994325786860668 -0.023156933239809965 -1.6287264674211752 -0.9974633536455659 0.02594731983571971 0.06628419666469955 85.16248295556782
0.06691462068003098 0.0217197886070778 0.997522272594509 23.888671412103335 0.0226695328378774 0.9994718592723644 -0.023282929445325444 -1.6639670701031979 -0.9975011407613332 0.024171332307249323 0.06638690288251559 85.23212504958236
0.06728646043530657 0.0224169604146081 0.9974818354876747 24.712295155434237 0.02029324948747767 0.9995100029927083 -0.023831448607997106 -1.691032473319049 -0.997527301013525 0.02184568157065672 0.06679857730061742 85.29073799954028
0.06626921453229188 0.023544227308847154 0.997523964907964 25.51086015461322 0.017102987298107355 0.999547899470866 -0.02472821240730771 -1.7269541400874588 -0.9976551904494632 0.018699358914398702 0.0658365775647295 85.3459795122742
0.06367901668478615 0.023324785280218082 0.9976978185932317 26.30647204160094 0.014227385259636866 0.9996040156466152 -0.024277425972207514 -1.7519730152166912 -0.9978690116156196 0.015740593851373212 0.06332195008426 85.40004007748274
0.05957006063316352 0.021921205699899003 0.9979834009725945 27.099973549738994 0.010988715733785577 0.9996838667747763 -0.0226144784762828 -1.7859880908594172 -0.9981636418957986 0.01231370175434408 0.05931034265979068 85.45445973242172
0.05468627626096402 0.01947268275031457 0.9983136910887366 27.90829238404706 0.00887994884555809 0.9997607977451122 -0.01998734100769688 -1.816196048123191 -0.9984640993532069 0.009958007760757432 0.054500278753662326 85.5042966421658
0.04832707794879413 0.017435700961626784 0.998679372906495 28.704717663354955 0.006801295747101092 0.9998187067335662 -0.017784713710946497 -1.8426024804062955 -0.9988084080108118 0.007651797017472598 0.048199731216177474 85.55149308342715
0.04086245079711001 0.017382670383313408 0.9990135649155126 29.506087511997407 0.005567788750701231 0.9998291720113385 -0.017624599954313234 -1.877149832882427 -0.9991492680492149 0.006282480836986568 0.04075868731021113 85.58901065263159
0.03195631301279894 0.018430896588840673 0.9993193163896923 30.273840038239026 0.005164121965544672 0.9998135727211253 -0.018605151086321117 -1.9027072320302316 -0.9994759256245012 0.005755158864126167 0.03185517608640192 85.61820794095611
