0.9991724044398272 0.0008126664971620583 0.04066750273988472 0.009737808778514122 -0.0007760947949775757 0.9999992801661667 -0.0009150650347099085 -0.022164964357893963 -0.04066821710873676 0.0008827458937487512 0.9991723159079637 0.9712055337433841
0.9963403954764652 -0.0037623928176337687 0.08539122169220163 0.1191435502641677 0.004314414968187514 0.9999709670047744 -0.006281000797549827 -0.04256787140417849 -0.08536511093698171 0.00662642798363944 0.9963277012544087 1.994038697368589
0.991350718031132 -0.0037405714983437034 0.1311859824219965 0.27552374234936017 0.005196632057571449 0.9999286209844269 -0.010758622190627608 -0.0664204866563862 -0.13113637510018653 0.011347293115462509 0.9912993947665532 2.9803809888942796
0.9840587170583807 -0.002243164657265108 0.17782972078292755 0.4740362992708349 0.004382389039889375 0.9999226757902073 -0.01163774492138986 -0.0981118986133326 -0.17778986486219245 0.012231543356121286 0.983992455915903 3.9056951332906937
