0.9999781930924313 0.0006424403180876643 -0.006572717096739214 -0.10193308207571251 -0.0006434559494594547 0.9999997813679727 -0.0001524088182498214 0.021637543240785807 0.006572617746163075 0.00015663474860482283 0.9999783878472166 0.9945558945460726
0.9998990710200242 0.001212000954742636 -0.014155522843681904 -0.15027227185452063 -0.0012210777282306185 0.9999990543975151 -0.0006325924890516622 0.036994809241541915 0.014154742755483635 0.0006498136358128875 0.9998996054603505 1.9932687869310495
0.9997542426419372 0.001390149596652309 -0.02212513962769086 -0.13876825650057345 -0.0014312780107953544 0.9999972770752057 -0.0018431726533477437 0.1397603676508928 0.022122517096878982 0.0018743869059409004 0.9997535100768714 2.987907848895342
0.9995374297625249 0.00262868644227168 -0.030298787291131273 -0.510094191543677 -0.002724068824093092 0.9999914623052656 -0.003107211872090651 0.007939392292945956 0.030290360723613137 0.003188310550224691 0.99953605673986 3.907005364370877
0.9986409437806092 0.0015495813270269302 -0.05209476175859478 0.1798872734506578 -0.0019875455431116957 0.9999631101580101 -0.008356314129636494 0.1293874005677359 0.05207989120272696 0.008448498140500192 0.998607183937449 4.620570979142069
0.9987910216090966 0.00351095204681653 -0.04903231963492781 -0.4295162966684712 -0.003749238891115066 0.999981601353058 -0.00476866470941749 0.02211576672723502 0.04901467495346803 0.0049467333765271775 0.9987858086036802 5.406140878451709
0.9971679244517208 0.00227897666936233 -0.07517271253578252 0.09851194904049371 -0.002976239839105193 0.9999535734868852 -0.009164762257062097 0.2462532319173697 0.07514833624949405 0.009362538979830658 0.9971284122031544 6.225255359331792
0.9959062269537902 0.001491356944773888 -0.09038010272802648 -0.2887765484931517 -0.0023308948967390368 0.9999551083213224 -0.009184131481659197 0.23280654082981533 0.09036234859522912 0.009357200251962225 0.9958649952477487 7.147115856458864
0.9925274275815326 0.000742141886162315 -0.12201948501696785 0.0703962459532983 -0.0021447779011340234 0.9999331247592975 -0.011364239387736914 0.2812849885462636 0.12200289105648299 0.011541023980903382 0.9924626438004263 8.079126963977345
0.9904418237550471 0.0007275372040403839 -0.13792920084736338 -0.39914009002375217 -0.0027012475497697475 0.9998966174947549 -0.014122945309759775 0.35579373634375483 0.1379046664128899 0.014360536625221888 0.9903413946560977 8.958890594246169
0.9877977678131338 0.0021622499100564926 -0.15572698731663623 -0.8725622073232451 -0.0050895864513155345 0.9998177219269081 -0.01840160402362021 0.42438069241547105 0.15565881283481486 0.01896964934346415 0.9876287188972593 9.837051908055836
0.981947793836979 0.010187359156855907 -0.18887760029208753 -1.0727798266374797 -0.014145770667488951 0.9997074074685536 -0.01962133086020778 0.3746042353437176 0.1886224465722762 0.021938941768284 0.9818045912925729 10.815538075519365
