0.9999798519496221 0.0005909712741206125 -0.006320320226453907 -0.09199282807489001 -0.000589275227405368 0.9999997898713977 0.00027020708145439337 -0.016555552867484453 0.006320478582997054 -0.00026647722916979094 0.9999799900699855 0.9956220232859637
0.9999109613601014 0.0011226607877672648 -0.01329695396221293 -0.17516429730989214 -0.0011190669630397935 0.9999993352824723 0.00027771162373040645 -0.032247745125712546 0.013297256899444831 -0.000262806714776971 0.9999115530343575 1.9920337061798479
0.9997778229488768 0.0013763712285982384 -0.021033552763270017 -0.24610704851672732 -0.001384209336641097 0.9999989778663109 -0.0003580933480175387 -0.046243363592955625 0.02103303839478577 0.00038712862801110274 0.9997787062281877 2.989415894067182
