1.0 0.0 0.0 0.0 0.0 1.0 0.0 0.0 0.0 0.0 1.0 0.0
0.9992760749858672 -0.002442872823956744 0.03796522531482469 0.03976718418057868 0.002504898619099172 0.9999956046023702 -0.0015862719968661322 -0.014781979602805287 -0.03796118338181078 0.0016802226953532694 0.9992778019189392 0.6048910253266262
0.9967091006868755 -0.008093408939001963 0.08065646495914637 0.06834189322351863 0.008762231078489209 0.9999300736121667 -0.007941737372527 -0.019282625075422177 -0.08058654921565435 0.008622332498408844 0.9967103207390801 1.1040494526442166
0.9918009515497079 -0.008008344261724962 0.12754112641528412 0.024398506998046285 0.009618851197185148 0.9998815344253804 -0.012016439439093505 -0.02915272725689514 -0.12742978539862723 0.013144715186442377 0.9917604883518637 1.5980223307147607
0.983881420199381 -0.004250341730822692 0.17877160172023981 0.013931758870660567 0.006705781860731631 0.9998912719652133 -0.013133039915583775 -0.04644203514807383 -0.17869634432770332 0.014120157327709243 0.98380294657058 2.0135065166856254
0.974687627215367 -0.006670189397556678 0.22347155954769338 0.22445660826746797 0.009806295563646813 0.9998683590332087 -0.012926761835710307 -0.07164909758724328 -0.2233559175858028 0.014790982984220415 0.9746247282424987 2.9348428070830708
0.9635415737096846 -0.007368598727680349 0.2674571731807818 0.2924022691015211 0.01141571019590996 0.999842619998221 -0.013580014573496875 -0.08091298825208172 -0.2673150150922826 0.01613812219199673 0.9634740493227251 3.183789059880401
0.9501921967696862 -0.009692632594978453 0.3115137911415426 0.461514021644207 0.015465379978490146 0.999751317754849 -0.016066258729527983 -0.09695269382955701 -0.3112805988495248 0.020083712824624303 0.9501058010869416 3.7051968388472774
0.9352942623064723 -0.011492611519226243 0.35368426990334173 0.6535818586232371 0.019133262119189292 0.999652841834944 -0.01811391984080847 -0.10435904199365534 -0.3533533092773721 0.023708979138482245 0.9351894584152137 4.186213199691219
0.9176839475975872 -0.008590329540665357 0.397218300887675 0.920649948886114 0.018427742546207597 0.9996105694076606 -0.02095537718924403 -0.05550682204064451 -0.39688359833376774 0.026550249845821973 0.9174848737754562 5.0818438095113985
0.8996112650334037 -0.012278026514232026 0.436518982279024 1.2901468705084058 0.023802926708623724 0.9994973028919388 -0.02094187651200121 -0.02173401863152414 -0.43604242053394643 0.029229977363245327 0.8994512860173368 5.930127958285841
0.8780604329807115 -0.012120477971384538 0.47839624794459923 1.7558520435352314 0.024570538623068718 0.999502508322801 -0.0197743391343789 -0.060007994542460766 -0.4779185753509667 0.029117518269494068 0.8779214118953517 6.770793243614364
0.8544068771121096 -0.012523504793409065 0.5194536073329568 2.2391197820277684 0.025853602988758512 0.9994958795554135 -0.018427641309998705 -0.09070825497001947 -0.5189609614952091 0.02917445079928279 0.8542999308583187 7.571179070438019
0.8318087464908183 -0.017929925225313344 0.5547726805122871 2.765614379888685 0.03245719599053939 0.9993391033574717 -0.016367251727647275 -0.13746504972928672 -0.5541125695107496 0.03162078876465811 0.8318409619801703 8.36257679666315
0.8089141761794028 -0.02213167418689277 0.5875100378492977 3.3074800158178896 0.03917184449383629 0.9990995745173586 -0.016297447597199945 -0.15102528846022217 -0.5866203390396115 0.03619708823811651 0.8090527477415381 9.059404586766957
0.7799950196339285 -0.02112864311872622 0.6254289326424135 3.8441431058275306 0.039960666229811904 0.9990717764873278 -0.016085104318105267 -0.18244320709165338 -0.6245085383729647 0.037538858086205266 0.7801153245724933 9.75363514463524
0.7508764043947089 -0.024034858674645467 0.6600052658060865 4.435328922787016 0.04465949997452436 0.9988980117391681 -0.014432297307154856 -0.2011004757342294 -0.6589310695249532 0.04031237666060471 0.7511223321820983 10.399414376819717
0.7196442618488238 -0.022506401392254814 0.6939780964010548 5.0750516964289805 0.044679176064708975 0.9989041772322899 -0.013936137702424018 -0.21563170354618183 -0.6929039670937378 0.04103543108403877 0.7198612267524255 11.097425513982024
0.6855381537221632 -0.021231226117569037 0.7277270606681822 5.741820133798374 0.04567776390354662 0.9988596794361437 -0.01388822096224248 -0.2443061359196721 -0.7266023545764073 0.04276185022036429 0.685726215402147 11.762680771651315
0.650680641096199 -0.022409913454385928 0.759020750099499 6.434805781900708 0.05028507727164267 0.9986419920312429 -0.013622876188817246 -0.2646273339472995 -0.7576847063960206 0.047031558881647194 0.6509238958301793 12.356353158500706
0.6146993367186996 -0.021018851258918114 0.7884814096282461 7.158808002141622 0.05061722388993028 0.9986355830797435 -0.012840126660486971 -0.2925887761519459 -0.7871357075392189 0.04780355738578615 0.6149245464428921 12.925945748693596
0.5775237224915677 -0.0200556217589178 0.8161275157690407 7.924877379099606 0.053937956083125425 0.998451226055696 -0.013632537601343553 -0.310610621231114 -0.8145901097196411 0.05189336396631492 0.5777110280436077 13.460225326729347
0.5398667231925809 -0.01943532873789073 0.8415261072516735 8.721983711504674 0.05938972118997003 0.9981214371490926 -0.015048512232353442 -0.33636677151888134 -0.8396527747862698 0.05810219187156179 0.540006808376929 13.948676267688539
0.5013400904004461 -0.0185238367261512 0.8650520107081511 9.574571524654468 0.060901219001912275 0.9980466808310544 -0.013923519892479704 -0.3689760319480925 -0.8631043710243581 0.05966314067376982 0.5014889374289211 14.466347711973404
0.46338419598329167 -0.020255960795424997 0.8859259466598619 10.394494749214658 0.06565798596302125 0.9977755798077826 -0.011529146478491709 -0.3904879159183342 -0.8837217411562293 0.06351053764137896 0.4636834004105655 14.889048973468256
0.4266571970997092 -0.020819732305366052 0.9041737526104996 11.227590825211305 0.06930197506337801 0.9975482558302208 -0.009732088285619014 -0.4103148161754219 -0.9017543304111902 0.06681329236624284 0.42705399137327826 15.276647112794356
0.3917506474704233 -0.01827704567040733 0.9198898737392787 12.107128534099513 0.07048350487169398 0.9974608112699281 -0.010198309749094796 -0.4304050138506416 -0.917367704765927 0.06883225684443618 0.3920441488789184 15.64765161280753
0.35935162078690036 -0.01910923943079806 0.9330065646104557 12.993905182447783 0.07111712741634267 0.9974436744247908 -0.006962078570331394 -0.44412213916750476 -0.9304884560411669 0.0688545809539802 0.3597919952636194 15.972340849264782
0.3259928502829881 -0.02056815337736722 0.9451484606298731 13.979366862540422 0.07319806467570181 0.9973111282123532 -0.003543567628065272 -0.4586323826799236 -0.9425341929564701 0.0703382158605689 0.32662184632606384 16.310655938720714
0.2931735261127839 -0.02027510938608935 0.9558442360165067 15.166300567553284 0.07347418633680625 0.9972961624776931 -0.001381394009937909 -0.46796068047348965 -0.9532317805910273 0.07063486565888352 0.2938705296973657 16.678233238877247
0.2611248947994514 -0.01723687095245418 0.9651511174918384 16.10705456583108 0.07066572890351522 0.9974991998205506 -0.0013042683374238561 -0.4785348372254884 -0.9627149858989988 0.068543684152003 0.2616899296655491 16.93910820470507
0.2306558478916588 -0.015380563710415152 0.9729138287090642 17.059159732886236 0.07036229904832562 0.99752108529733 -0.000911734539611764 -0.4800697423700099 -0.9704880353234724 0.06866675066716481 0.23116628354238727 17.15160111001717
0.2005565122456045 -0.015355134871710825 0.9795617924505584 17.67141190223074 0.07229371221772257 0.9973830383972524 0.0008330013481143641 -0.48856613451155234 -0.9770111077002447 0.07064909447782337 0.20114174325535644 17.277308834893127
0.1699524255361639 -0.015603178311214917 0.9853287339162314 18.28827633971891 0.07378101119363445 0.9972697529636443 0.003066302509006903 -0.49473661053220797 -0.9826863871254241 0.07217742479764971 0.17063963170365826 17.38950284002578
0.1397064580487653 -0.016089562510104485 0.990062236204221 19.1440344967656 0.07209619475413835 0.9973794246102322 0.006035069687711245 -0.49462192861129345 -0.9875648051046784 0.07053658158994956 0.14050034297524838 17.51106010909154
0.11035415582341468 -0.016410967921954307 0.9937568316365764 19.864320861579067 0.07234770210612976 0.9973437927498948 0.008436175864558804 -0.4969080943158713 -0.9912556533470382 0.07096505615526305 0.11124832813312802 17.596646766741557
0.0833579103195576 -0.01618950147928259 0.9963881567085237 20.525090098690615 0.07498073363030947 0.9971355522101555 0.009928751321755785 -0.4966290315351729 -0.9936947963894229 0.07388227500829267 0.08433303663560221 17.652336020028827
0.05801072809286035 -0.015769878299875518 0.9981913976610617 21.196248169761848 0.07862605304226811 0.9968414973132385 0.011179133119152184 -0.4928432339938012 -0.9952149010184335 0.07783534012714527 0.05906742433999414 17.68673276485007
0.03533045524458228 -0.015453986650875138 0.9992561899877357 21.915710856487564 0.0825702969571465 0.9965069466554962 0.012492050582238779 -0.48878211380767483 -0.9959587867942222 0.08206753050954518 0.03648308434666186 17.69743189319202
0.015182938378410603 -0.015660078625478163 0.9997620918596793 22.67582201760094 0.08779146285330441 0.9960366808871121 0.014268474952241265 -0.4794695232005705 -0.9960231610922882 0.08755393917368708 0.01649758475947412 17.696858010564906
-0.0027734984233333524 -0.01645515343213909 0.9998607581218603 23.600451206749398 0.09216380183150796 0.9956048004297559 0.01664076299900753 -0.4777462564362292 -0.9957399968558349 0.09219712190058514 -0.0012447388442283316 17.703433562531572
-0.01832623495398172 -0.016300575229137335 0.9996991749319448 24.43347817906974 0.09528339281320847 0.9952878787319357 0.017975358224186874 -0.4690088372364388 -0.9952814798670852 0.09558414981827923 -0.016686705399852373 17.689247224507245
-0.03274548308856484 -0.017028143613685168 0.9993186557161677 25.2246011884491 0.09751143903806456 0.9950303936600106 0.020150308918986264 -0.46231457142831905 -0.994695557743183 0.09810483177640364 -0.030922312140284614 17.661444520124892
-0.04608779847115126 -0.018124571606345334 0.9987729545478139 26.15735282007887 0.09751537874427521 0.9949783918252159 0.022555502860012695 -0.4521911594228203 -0.9941663169412062 0.09843525641249648 -0.0440889391408202 17.617259399420615
-0.058427819278551923 -0.01790196614144876 0.9981311083933933 27.022454853573294 0.09705194721059061 0.9950012063869927 0.023526980916856823 -0.4383220252208126 -0.9935628361995961 0.09824519783022384 -0.05639832999579465 17.568316213373137
-0.06951674805999299 -0.01492454880003478 0.9974691371577766 27.86543854032174 0.09714284534820013 0.9950347657438774 0.02165831384671718 -0.42367758954812473 -0.9928397097904672 0.0984026056776069 -0.06772176798517777 17.510067243366503
-0.0796230274668649 -0.011575950637321766 0.9967578295974674 28.753543323914347 0.09786286748255209 0.9950113266664413 0.019373150842882717 -0.41684711164715066 -0.9920095930307848 0.09908812831177566 -0.07809295846979891 17.44806844635604
-0.08923873400305554 -0.009057050373404827 0.9959690849579952 29.677055627175992 0.09893185481135024 0.9949329884337702 0.01791191307017145 -0.40401386069011613 -0.9910847271838659 0.1001315053556125 -0.08789052951314555 17.37148802782056
-0.09693286202928682 -0.007846031155620305 0.9952599962089891 30.80433700345852 0.09848542416517894 0.9949857354729075 0.01743580891276309 -0.3851423662497982 -0.9904063012147166 0.0997087057409864 -0.0956740953113293 17.271094634592313
-0.10262592739869066 -0.0071429688651908066 0.9946943736753266 31.71659533874357 0.09803199281232503 0.9950335830677691 0.01725969155464699 -0.36830339171796317 -0.9898775921349079 0.0992831635430106 -0.10141600478272081 17.176100051657233
-0.10775857361025928 -0.005357359271253209 0.9941626569707402 32.85005698692171 0.09880090775632662 0.9949774402194023 0.016070907907515534 -0.34693688956767366 -0.9892555132219422 0.09995595107888623 -0.10668803777325318 17.055525792756768
-0.11264394418699335 -0.003658725412090454 0.9936286809298315 33.895128021728695 0.09774865640524684 0.9951018887552538 0.014745547351515006 -0.3341354385176152 -0.9888157270234766 0.09878686513947932 -0.11173456612413087 16.948906683178777
-0.11699377284367436 -0.002692011478312725 0.9931289997729418 35.072249633762524 0.09804405299586923 0.995080087667607 0.014247203219268022 -0.31939810169266514 -0.9882812457939015 0.09903722634256544 -0.11615423802180237 16.814709608321536
-0.12039470146139637 -0.0034872097334110695 0.9927199782558508 36.26798804154831 0.09766358630013153 0.9951012556064333 0.015339980492071045 -0.30034575226231097 -0.9879103905572701 0.09879944564002135 -0.11946434518385152 16.683057665696335
-0.12296286226061834 -0.005512162256203894 0.992395964608854 37.5703345954277 0.09849268693327902 0.9949798132129729 0.0177302543507091 -0.2905149199743872 -0.9875116835386503 0.0999239078796411 -0.1218026580527768 16.532738989010443
-0.1250206222959041 -0.006771518205038254 0.9921310349656158 38.84391435393053 0.09843555541098982 0.9949582892654589 0.01919489653219004 -0.27332460129662184 -0.9872589758678697 0.10006072737668029 -0.12372374632694724 16.37330427913109
-0.12696565513003488 -0.005774605344076754 0.9918903045954837 40.183421547763096 0.10081401847676977 0.9947296136544492 0.018695705320637784 -0.2461521104506199 -0.9867706197977151 0.1023701599685706 -0.12571433590502976 16.195845687976956
-0.1279565920068866 -0.0057892918245872945 0.9917628721938289 41.271408240698676 0.1004669510284439 0.9947633471817191 0.01876898651689253 -0.22308743110640541 -0.9866780134942865 0.10204100746265092 -0.12670489526050585 16.05703654696323
-0.12853746217104664 -0.0043308080593118135 0.9916951975885434 42.633977282763375 0.10208922381773548 0.9946199691341505 0.017575761146373808 -0.1961603195302444 -0.9864359640640233 0.10350053671906949 -0.12740379782386957 15.879129058270566
-0.12847878838118812 -0.003931811327924001 0.9917044629302539 43.98217120735814 0.10189853686738452 0.9946470451116106 0.01714479031742446 -0.17215800630886102 -0.9864633237583587 0.10325597566448037 -0.12739040140131447 15.700824602187607
-0.12811192522693646 -0.002522448823405192 0.9917565083560487 45.3088724452698 0.10104395174451276 0.9947599216526333 0.015582621393720398 -0.1489345530296437 -0.986598932915752 0.10220731639946692 -0.12718573050432497 15.534830455069278
-0.12681875496041806 -0.0026476406512713014 0.9919223726629375 46.659243530004424 0.1014999007729186 0.9947127276980071 0.01563200238864518 -0.13290554140273614 -0.9867191969012142 0.10266245348019229 -0.12587949440655602 15.356796832526697
-0.12553098031596208 -0.003639019370689077 0.9920830260209744 48.09543871890452 0.10067812324112348 0.994784071434016 0.01638800542494815 -0.11427156618579433 -0.9869680280949119 0.10193825954558333 -0.12450985004913681 15.175405105669011
-0.1244615640316621 -0.002921835442508801 0.9922201277722799 49.37705036695082 0.10165985249600965 0.9946956208735553 0.015681077943249355 -0.10000747881665906 -0.9870028335669975 0.10282064331942097 -0.12350433934926466 15.016573449450346
-0.12402734536984587 -0.002100040007293117 0.9922765780932636 50.97107506094153 0.10157792189635066 0.9947174650492169 0.014801706296211572 -0.07816067728319835 -0.9870659265640406 0.10262920908799883 -0.12315884888323661 14.835767111032082
-0.12331693862035693 -0.0015063989053092004 0.992366194210404 52.499220646560424 0.10271959790751156 0.9946079269144693 0.014274309952542232 -0.061742539708114844 -0.987036785968498 0.10369572065056577 -0.12249726798479021 14.657661811174696
-0.12241538072199658 -0.0016429884620770285 0.9924775942819072 53.88997664738517 0.10198859941389504 0.9946838390179304 0.014226242868174543 -0.04166993216035002 -0.9872247971724986 0.1029629107274348 -0.12159703475929652 14.487086585492115
-0.12157886644698292 -0.0033649358036406066 0.9925760708583016 55.28548568349878 0.10384509477225523 0.9944633083795934 0.01609113353544033 -0.029897525349469833 -0.9871346288755188 0.10503049792203888 -0.12055628967847565 14.32124719666069
-0.12109731295916162 -0.005152142679866797 0.9926272695326668 56.748573500057496 0.10558163155070534 0.9942469690073167 0.018041166781985186 -0.012570918605641461 -0.9870096047522345 0.10698794345892715 -0.11985666473445447 14.152340215905951
-0.12070994214651386 -0.003963053629281511 0.9926799101789645 58.11986640449586 0.10685535232219054 0.9941298751300852 0.01696246013826622 0.00745765941249096 -0.9869199782895705 0.10812069912728633 -0.11957788622124498 13.992581290400837
-0.12057244414652692 -0.0020532018541660584 0.9927024076099942 59.70501306317559 0.10886099997840926 0.993939570017399 0.015277887201094577 0.024969306020179844 -0.986717572761443 0.10990866897462927 -0.11961820968394378 13.81841737366775
-0.12005389557543926 -0.002578701757863626 0.9927640265714738 61.117072395430355 0.10827143966223614 0.9939977806644186 0.01567505622566395 0.031010426692353068 -0.9868456604305601 0.10936984196502687 -0.11905410601032106 13.655978030428154
-0.11996865732846913 -0.0029101209266441026 0.992773414458202 62.49281337893241 0.1081249144739819 0.994008878204154 0.015979765996845165 0.04875800169853339 -0.986872091067935 0.10926061160140065 -0.11893525391442786 13.484823773033575
-0.12017352120305942 -0.0038327062837025 0.9927455037239912 63.8828372831576 0.10774222760826628 0.99403555056 0.016880065547454564 0.06985339496914077 -0.986889019693535 0.10898914893428924 -0.11904380799904278 13.328871537087116
-0.12032487496727139 -0.0036747348771924856 0.9927277677126257 65.3777989829817 0.10889765799836876 0.9939096672526606 0.01687819374743714 0.09099210128804389 -0.98674374816696 0.1101365954861873 -0.1191918864190476 13.157619610748279
-0.12073105950562968 -0.0037671941125650846 0.9926781046840745 66.86358444790531 0.1098469753703431 0.9938008671050697 0.017131215461816517 0.11139448054828877 -0.9865888978052791 0.1111109571092347 -0.11956881674431039 13.00898488041835
-0.12069773011378625 -0.002848576689522842 0.99268521876586 68.36254262655527 0.11011416407666742 0.9937862581002074 0.016240199533408738 0.1286727773631361 -0.986563190482534 0.11126885827594378 -0.11963407692999335 12.833052541053565
-0.12154897215191764 -0.002062746916986811 0.9925832924465174 69.79007274931014 0.10949707717189719 0.9938666619388783 0.015474119596387672 0.14349150994554388 -0.9865273627526122 0.11056583270444889 -0.12057760645637276 12.670646730581304
-0.12335729752670495 -0.001340021881470762 0.9923614167672307 71.35904527822255 0.10844645998461687 0.993991774704303 0.014822858597288942 0.1592300258439279 -0.9864189487554023 0.10944659045190726 -0.12247081846194885 12.501165455817802
-0.12483258827721243 -0.0006961091005807054 0.9921775750016385 72.91817146666455 0.10775941355408454 0.9940747923849708 0.014255382676638907 0.17169242551564884 -0.9863086401803909 0.10869600994009733 -0.12401791696610034 12.32103450210556
-0.1260492241904531 -0.0016044968315925242 0.9920226906028421 74.31129621206244 0.10625788420039617 0.9942238005009937 0.01510948584882469 0.18664418926123078 -0.9863168127565504 0.1073147711514033 -0.12515064828630296 12.15189118441638
-0.12684076617318718 -0.0019998094905953273 0.991921075891928 75.84465232619002 0.1062604215282793 0.9942160735740158 0.015592365558178334 0.1980470525179005 -0.98621505912921 0.10737969924091248 -0.1258946279143792 11.956737648247763
-0.12810827786255602 -0.0028223533828179506 0.991756171377054 77.47661559463137 0.10386094872712114 0.9944591333040881 0.016246092378922064 0.21350802899234222 -0.9863068348503891 0.10508599578185798 -0.12710531467229416 11.772829973568758
-0.130028361602093 -0.0018581174248737072 0.9915085337901589 78.92376855890623 0.1030504170373144 0.9945572516028954 0.015378063354358517 0.23755704887914453 -0.9861405765546366 0.10417495228571254 -0.1291291701698676 11.5847222694262
-0.1325769304562225 -0.0009249046175837854 0.9911722867706978 80.60126914094904 0.10220004964527314 0.9946567460199173 0.01459820021692747 0.25336757224588147 -0.9858897034472517 0.1032332414899299 -0.13177401294706104 11.370132630360702
-0.1366441174649966 0.00025802517667936346 0.9906201686747653 82.12039510806115 0.10236397413475418 0.9946504385794351 0.013860802035833095 0.27679023064063135 -0.9853172088020952 0.10329781438513301 -0.13593954384837056 11.167388447304432
-0.14095571130495166 -0.0004411047135731007 0.9900158043572571 83.51409444760915 0.1010129994983882 0.9947746418540415 0.01482517644083021 0.2848938821859826 -0.984849156664539 0.10209415923937472 -0.1401746099204542 10.985638331951918
-0.14610457162118537 -0.0013113277483799359 0.989268282404185 85.45705555589579 0.09959670540799158 0.9948987856281608 0.01602818228883769 0.2963835694987773 -0.9842428310245717 0.10086965239925642 -0.1452286569571914 10.725872467508665
-0.1504155286521465 -0.00073045312535309 0.9886225949160412 87.051462595555 0.0985493544692686 0.9950078490302632 0.01572911637248017 0.3027789230223948 -0.9836987310523407 0.09979402189710691 -0.14959264594094873 10.495167366858702
-0.15571787263062664 0.0011395326966195905 0.9878009139541354 88.7217334869608 0.09892527222946298 0.9949899894507599 0.01444684765279714 0.31749276871108806 -0.9828355582994127 0.09996810670413761 -0.15505045302826956 10.252159106913433
-0.15833250926936104 0.0028540911691306136 0.9873817249028187 90.22859639940869 0.0981113625641565 0.9950923949926392 0.012856358878680597 0.3347017016125449 -0.9824993521851666 0.0989089459624917 -0.1578354946275286 9.968382062130752
-0.16307377875975573 0.0031457016583853357 0.9866088623370917 92.92707235701326 0.09685219733976741 0.9952160104489486 0.012835280150295031 0.3512402444751329 -0.981848559886642 0.09764833386778418 -0.1625983036239087 9.563057938323029
-0.16734597199775222 0.002925034200877806 0.9858938937994549 94.6320532207105 0.09516595737925211 0.9953738953363412 0.013200342383756598 0.36246463618733343 -0.9812944340065411 0.09603256040469677 -0.16685017569634264 9.276601368980204
-0.20571880097314427 0.0025000702370998225 0.978607952438044 96.2098874420961 0.05426605563295326 0.9984872325981275 0.008856723128416417 0.6314223554715691 -0.9771054037984915 0.054927188052382336 -0.2055432652276527 9.083248527876206
-0.23313937485614553 0.0023341450817284002 0.9724405296255513 98.13490835508539 0.008456075293113346 0.9999641772286694 -0.00037289412314982055 0.9938179586766381 -0.9724065644998099 0.008136094033829998 -0.23315076086418818 8.42946350975286
-0.2390828946183013 0.002477316973237216 0.9709960001985323 99.8548479463928 0.008610598294606527 0.999962835192384 -0.00043108121915343416 0.9931840249292248 -0.9709609812438105 0.00825779235768845 -0.23909534032982366 8.056775237854575
-0.24412893589106133 0.003792683033454512 0.9697353650435286 102.18390350576561 0.008944302302008754 0.9999586224371261 -0.0016591774995484178 0.9769535118255118 -0.9697015324918428 0.008268553020478995 -0.24415275733425426 7.517713034426473
-0.24750698579161398 0.004824081824452195 0.9688740992610447 106.48678135961228 0.00875602830602078 0.9999579056808944 -0.002742049340063485 0.9295626296670746 -0.9688465430359208 0.0078048126710491186 -0.2475388069505788 6.323192644134727
-0.25350642267551776 0.004975440398122808 0.967320907793844 108.93991025682683 0.009126684503120572 0.999954565526969 -0.002751456296345648 0.9107795955752225 -0.9672906477849573 0.008130920895872005 -0.25354031401957144 5.6737020436680075
-0.2607644090448512 0.005091028041885062 0.9653890430334117 110.39795387204884 0.008737402262343078 0.9999575845219217 -0.0029132385397008347 0.8944111006948764 -0.9653629269747184 0.007675323482429593 -0.2607978309577068 5.323957370528056
-0.26344681366078226 0.006491441662320621 0.9646520810930362 111.73806842259309 0.009260052079461152 0.9999483042242221 -0.004200037450756711 0.884919495859324 -0.9646294769534397 0.007826242025824298 -0.26349330566123796 4.956916616616746
-0.28032309531238114 -0.016901327989605378 0.9597569001297535 113.65357680426925 -0.04629016359869689 0.9989197416588025 0.0040706852391847815 0.9159319560038981 -0.9587889147192364 -0.04328619683569378 -0.280802639188114 4.41738198106174
-0.289765937014318 -0.044556078821591114 0.9560598608801955 114.91111808347756 -0.090949057853095 0.9956773708465291 0.018837251916799906 0.9152869263685294 -0.9527664827342784 -0.08149434964576854 -0.2925657197177494 3.9872135352443907
-0.2931726830210124 -0.04465752651186035 0.9550159596865928 117.18292034570995 -0.08870285777871814 0.9958704005463728 0.01933774385741046 0.9346572619210034 -0.9519357021102575 -0.0790433465982357 -0.29592324749232163 3.2733430760722686
-0.2965462793186947 -0.04272516313185081 0.9540622960046141 119.09999709064121 -0.08619414434312181 0.9961190260273848 0.017817280017181032 0.964251434498433 -0.9511208512608664 -0.07695093515747747 -0.2990780498050535 2.711649754615827
-0.2996850783344349 -0.042370365713063934 0.9530968502377003 121.40667679539067 -0.08619653223921545 0.9961300075469145 0.017180392734662788 0.9986892332653904 -0.9501363121434824 -0.07700493603610478 -0.3021774779371521 2.0172644205284844
-0.30233665685736916 -0.0425635957189367 0.9522504325227608 123.16554149292502 -0.08723509070198543 0.9960456730712762 0.016824271342435113 1.0219285237535407 -0.949201024478232 -0.07798305890039474 -0.3048541580067622 1.4475578699000575
-0.3146691946000573 -0.04053140305609812 0.9483356490905823 125.73736119470018 -0.08658941188754148 0.9961478967626043 0.013843465043430026 1.047904835413973 -0.9452436573279506 -0.07775971413105316 -0.31696664673043456 0.655943227107242
-0.32567807753882755 -0.0380345847168782 0.94471538580465 129.4837313835097 -0.0819901810545772 0.9965626036627975 0.011856946970572886 1.0190239969868875 -0.9419189986518215 -0.07359583783231191 -0.3276770553952613 -0.48017949447881236
-0.3441293021592954 -0.05021669209336366 0.9375784272425199 131.3118771479505 -0.1193899534301236 0.9928033790500396 0.00935358577101617 1.0738785134491988 -0.9313007368274268 -0.10871860182150597 -0.34764810254432243 -1.0400385588667405
-0.352595686329201 -0.06080792455219562 0.9337979858051177 128.75219478960088 -0.15259064140094236 0.9882665125370634 0.00673768169912259 0.4052745208063129 -0.923250983286174 -0.14011315608994104 -0.3577372294738518 -0.35661561416043497
-0.3609821732522103 -0.05316353948143172 0.9310561254102343 130.86564226399926 -0.15072092413968904 0.9885743516197152 -0.0019885537803057017 0.4137832860077838 -0.9203124869415755 -0.14104747211299232 -0.3648705756702581 -1.2069234994828815
-0.3790674798668191 -0.057594116196404435 0.923574990721909 133.80369684886375 -0.1571180404244921 0.9875755679387634 -0.0029015484824200834 0.3674691173143367 -0.9119329838757806 -0.1462101753982371 -0.38340685639334954 -2.1139483026095327
-0.38194513614299463 -0.058672490905867694 0.9223206881489815 135.46709261113187 -0.15770131980427157 0.9874837221402238 -0.0024884212021896697 0.3316741041506678 -0.9106306642699326 -0.14640163017872973 -0.38641733394389866 -2.873783683893131
-0.38659092595949635 -0.05874370260712302 0.9203785272211568 135.48353000163527 -0.15741439142396724 0.9875278028997994 -0.0030899631901642765 0.33143893826341075 -0.9087178689441513 -0.14607537747307192 -0.3910163919296715 -2.880641904681302
-0.3907267835102818 -0.057935811078833555 0.9186816763397143 137.02689642828867 -0.15609835907682792 0.9877330061219505 -0.004100111073642138 0.30898055623316506 -0.907174670579613 -0.14500672540241794 -0.39497742549016246 -3.515052018776365
-0.39449107998002875 -0.05697294059574431 0.9171318726639396 138.86364853560784 -0.15601420669601568 0.9877380854016281 -0.005748213299669625 0.28607174237375677 -0.9055585873510348 -0.145353220421838 -0.3985424521776786 -4.29047359107355
-0.4019107826605668 -0.05544725490320864 0.9139985364894572 141.62192752290287 -0.1569945808626261 0.9875573052895549 -0.009125258845692248 0.2983300123994665 -0.9021199611808495 -0.14716035706986835 -0.4056148480345979 -5.326699504762413
-0.40504643780778254 -0.055013351235852374 0.9126395314717783 142.9403102511956 -0.15619422554105641 0.9876778887741765 -0.00978529172863007 0.25973731922229637 -0.9008555639650866 -0.14651252237397852 -0.40864817834019374 -5.8888671300010715
-0.40791359783108566 -0.05427393510248437 0.9114059669943965 144.34509335958845 -0.15647673404608373 0.9876178998723316 -0.011221210007654314 0.23370004359021013 -0.89951182783039 -0.14719111325163636 -0.4113553789279697 -6.518938242631128
-0.41078614295365523 -0.05415013933557973 0.9101222484739052 145.75814608157347 -0.15625352341172516 0.9876469377028998 -0.01176277465164923 0.2034433962087411 -0.8982424957541696 -0.14704179288903324 -0.4141728262033835 -7.168641147350985
-0.41425884619844555 -0.053967307481991036 0.9085577241262535 147.20162998119523 -0.15649731550775478 0.9875968176703984 -0.012693146425047723 0.17492054522757106 -0.8966037020809124 -0.14744509300226208 -0.4175664569435092 -7.834155382103791
-0.4180082605859665 -0.05301066658023008 0.9068952328194336 148.94529001158085 -0.15421922435057517 0.9879466665536123 -0.01333472483076294 0.1317570460791229 -0.8952572395253781 -0.145434704504547 -0.42114513152008953 -8.627245204332379
-0.4210116640837084 -0.052420678061661626 0.9055392046825043 150.50016892420092 -0.15191860971363252 0.9883019012817178 -0.013419685004431981 0.09543084217904632 -0.8942426486855467 -0.14321810093174966 -0.4240503046070826 -9.34327908881421
-0.4236227789311376 -0.052603866782570376 0.9043099990435703 152.11237615468943 -0.15115308790725188 0.9884207429992318 -0.01331085365213574 0.06882364229825284 -0.8931385587840004 -0.14232802959490312 -0.42666877880256177 -10.088201362186197
-0.4255790769926487 -0.053422592552643124 0.903342944750796 153.61063747775572 -0.15168118449066742 0.9883438467630848 -0.01300995146244932 0.03320597939274869 -0.8921184156251857 -0.14255689099619662 -0.42872166417374497 -10.802469925649415
-0.42858089746378414 -0.05312857042747186 0.9019400031784103 155.5153879739073 -0.1525041130277468 0.9882000008875678 -0.014256709137474509 -0.013804457213803866 -0.890539673365963 -0.14365971338598554 -0.4316259687635801 -11.678888572631283
-0.4315129006661835 -0.05132384759999528 0.9006455902441255 157.08494166246064 -0.15291228868864856 0.9880943000094938 -0.016955419686553157 -0.05326414269312209 -0.8890525566729192 -0.14503626083252505 -0.4342234845296418 -12.40015400476897
-0.4345622350987298 -0.04970121324149869 0.8992693996952856 158.6473382851604 -0.1533332639398624 0.9879822650667661 -0.0194924109101541 -0.09080035733866654 -0.8874934219449421 -0.14635857786909834 -0.43696063059341006 -13.125744802835547
-0.4375834249590812 -0.048739285587926624 0.8978559061683887 160.23702035182086 -0.15380055965769032 0.987871633480527 -0.021331282509406305 -0.1405104839590231 -0.8859267091865216 -0.1474249565198967 -0.43977238219907056 -13.88145037636664
-0.4404043428475222 -0.04841090823914632 0.8964933902514299 161.83650482425432 -0.15563918983880107 0.987543125052464 -0.023130472280836256 -0.19310948287006136 -0.8842061170266591 -0.1497162653991673 -0.4424529155600205 -14.671733395560466
-0.44552629666210497 -0.048060840023996076 0.893977893819941 164.36614775805864 -0.15478822296957184 0.9876550501687053 -0.0240438746081804 -0.2582295230035967 -0.8817862127593458 -0.14908942797005995 -0.4474655489030283 -15.815222051782406
-0.44894874094213777 -0.0489590798370034 0.8922152411318599 166.13295091505194 -0.15496284451830059 0.987634060221841 -0.023779821456808195 -0.3229768323273713 -0.8800179230136532 -0.14893613259123742 -0.4509839061247079 -16.679789599347142
-0.4525702266730309 -0.0497008829870262 0.89034263750504 167.81281194270898 -0.15501425068761981 0.9876287818824232 -0.023663712329142116 -0.3817753909799 -0.8781519071395764 -0.1487252884608082 -0.4546757268200849 -17.514540719693105
-0.4561665245834783 -0.04985386236018853 0.8884968735213432 169.87990908201465 -0.15492951676006314 0.9876308774104834 -0.02412664133052426 -0.4542541866995741 -0.876304140516249 -0.1486601573831061 -0.4582479797237586 -18.567982004891093
-0.46009484721157967 -0.050097313139312184 0.8864552954241823 171.69802944270214 -0.1559702271702509 0.9874415660851157 -0.025148395651295535 -0.520444614505077 -0.8740629381262035 -0.14983128105838084 -0.4621304657892523 -19.484194352071444
-0.4636256902149736 -0.04967755596796711 0.8846374171409088 173.57246598583427 -0.156705858314362 0.9872847408168688 -0.026685473953580355 -0.5909592906509851 -0.8720633539730049 -0.15099993703050885 -0.4655153334468524 -20.45046321086753
-0.46695943717454375 -0.04910494649715309 0.8829142587268282 175.37434514469194 -0.15666209668845704 0.9872567542770359 -0.02794796227901204 -0.6606050843902657 -0.8702906821831473 -0.1513697637042626 -0.4687017421999902 -21.37463125626741
-0.4693638906667565 -0.048360461178115 0.881679535847807 177.34302690243402 -0.15590170616987925 0.9873515224835437 -0.02883797951918332 -0.741065211506627 -0.8691330140729229 -0.15099085019983252 -0.4709666304574522 -22.43026818962251
-0.47153275499875613 -0.04866779302894039 0.8805045751641355 179.17326923363493 -0.1550304292881775 0.9875002141818473 -0.028441044030225345 -0.8216635828908152 -0.8681142937182892 -0.14991588612451345 -0.47318368540081324 -23.41944157703794
-0.47414336241766836 -0.04922081329154329 0.8790707499480267 181.12550027567633 -0.1539655995620902 0.9876866838242804 -0.027741823077841468 -0.9041438384108328 -0.8668809987690071 -0.14850025634696812 -0.47588339731296714 -24.467427406362482
-0.47666405232465764 -0.04834236015933714 0.8777553175205834 183.069284440037 -0.15273246051248543 0.9878555286690428 -0.028535065863043045 -0.984530087432056 -0.8657159908002368 -0.14766336950046588 -0.4782586670208195 -25.51754596400898
-0.4792973819004208 -0.04779983002135573 0.8763499277990104 185.11408816733135 -0.15287463529853362 0.9877982290105727 -0.02973221562408053 -1.0754769463985452 -0.8642357118204151 -0.14822224871289078 -0.48075648659248665 -26.618764395818424
-0.4818351606878041 -0.04784051185506697 0.8749549493261938 186.8724909362483 -0.1534010850043066 0.9876940422527544 -0.03047270939571768 -1.155493525094924 -0.8627299606739393 -0.1489018613848048 -0.4832445039849716 -27.57076291144952
-0.4839709261585452 -0.04695385248105732 0.8738234823867039 188.5879036334992 -0.153793617340616 0.9875810307623218 -0.032112784739387897 -1.245643955320012 -0.8614636764823724 -0.14993012844527695 -0.4851817089357913 -28.542048586877346
-0.4866627776606429 -0.045930345820956626 0.8723816505248113 190.1521159882743 -0.15412313873062575 0.9874668663827082 -0.033988908545808307 -1.3176782419787214 -0.8598868524099234 -0.1509953347924446 -0.48764229710256884 -29.41725406367015
-0.49005064019324207 -0.04642813262833028 0.8704566609239306 191.63685735936775 -0.1567701594591333 0.9869927596048809 -0.03561473839157317 -1.3735837043270933 -0.857480896084192 -0.1539146548844148 -0.4909549794659998 -30.200217046609886
-0.49303922426483915 -0.045642054924305495 0.868809027438488 193.22503412413826 -0.15596725388580762 0.9870819028884963 -0.03665423175222019 -1.4635901416824335 -0.8559126935918424 -0.1535777321499187 -0.4937887616542548 -31.08766721635151
-0.4953789417068222 -0.046161776317050825 0.8674495919191401 197.0165125304329 -0.15464779924426209 0.9873217459203666 -0.03577468688424794 -1.693933496819097 -0.8548004224977505 -0.15187119687424006 -0.4962372187348011 -33.27962020876274
-0.49745134757007137 -0.046879260923289715 0.8662242733241811 198.65330993775407 -0.15404725253852788 0.9874424629928268 -0.03502607976909779 -1.7803562089425742 -0.8537046332227842 -0.15086323996900755 -0.4984262052099617 -34.231124877812064
-0.5005899514009101 -0.04742959317278759 0.8643842515038653 199.16674237219922 -0.15489081938525134 0.9872925556135188 -0.03552806918891688 -1.80430471446922 -0.8517150548314837 -0.15167017940778907 -0.5015751409826941 -34.5175059571049
-0.5025349965772549 -0.04747975215519075 0.8632521360242204 199.91886384264848 -0.15617046282722563 0.9870508757582328 -0.0366245164505409 -1.8498645755682046 -0.8503348538989954 -0.15321958686860998 -0.5034425433397381 -34.97553067377666
-0.5058861875591766 -0.048238495579197446 0.8612503775215987 201.07272907980544 -0.15772579288889638 0.9867753303526607 -0.037376753001919276 -1.902709856836435 -0.8480576274607805 -0.1547497817499376 -0.506804464812551 -35.64913923573809
-0.508919689145825 -0.04901008872409322 0.8594176872760836 202.09510731651707 -0.15841145406767382 0.9866592966318752 -0.03753989331443131 -1.9599842995555894 -0.8461126173387792 -0.15524639632902976 -0.5098941019535016 -36.24915624138533
-0.5123614614436843 -0.04890010807454486 0.8573765288702441 202.8646400307154 -0.15884067605143096 0.986547241168336 -0.03865463199501039 -2.002416866711847 -0.8439522335172849 -0.15599141121691026 -0.5132361124937922 -36.701824367767514
-0.5158695782590239 -0.04924750506021595 0.8552504086360903 204.02072472933705 -0.15924216697568397 0.986459053823333 -0.03924878834898297 -2.0656183317807706 -0.8417366039823518 -0.15643918427081793 -0.5167264954895733 -37.37969627665719
-0.5194860893511398 -0.04998163407384389 0.853015849340425 204.89543314044445 -0.16005136281680674 0.9863108630106265 -0.039679248578019806 -2.11935034666711 -0.8393555648419447 -0.15713916686345836 -0.5203744017592677 -37.91116566043864
-0.5240659200782226 -0.05020322436842251 0.8501967699747973 206.2476577503042 -0.16077617132281355 0.9861442385124533 -0.04087252846927054 -2.1865242235775084 -0.8363647135952955 -0.1581112807857425 -0.524876069887882 -38.679822593919866
-0.5282130540504953 -0.04905423857616929 0.8476937248843825 207.78651123225555 -0.16032471255649833 0.9861344185649488 -0.0428356751463882 -2.2593624824008853 -0.8338386870818133 -0.1585326155694248 -0.5287536796339032 -39.5885980864191
-0.5316965911591818 -0.0486103045608533 0.8455387473322589 209.24955051986356 -0.15954918764860127 0.986225359825525 -0.04363022298459599 -2.347740837726414 -0.8317708769068407 -0.15810306109470268 -0.5321283965380043 -40.455176058165186
-0.5351419645249195 -0.04859505447578882 0.8433632660276966 210.379779891472 -0.15946713437430013 0.9862060101461779 -0.044361454056489766 -2.415631112325634 -0.8295741744165233 -0.1582283989429594 -0.5355095357779253 -41.15997295633204
-0.5383838289453728 -0.048531958381337593 0.8413010767530195 211.76521160647152 -0.16051325635732386 0.9859685714498347 -0.045841800212694156 -2.510349504451526 -0.8272716284653335 -0.1597204593308093 -0.538619557394148 -42.03878717152693
-0.541642550309532 -0.04801616685314205 0.8392364359433613 213.36339403405182 -0.1597369614162384 0.9860554160677629 -0.046677827723005064 -2.6151924182514286 -0.8252923426590668 -0.15933977583818376 -0.5417595268974458 -43.07529479767894
-0.544929543181182 -0.04760117348548279 0.8371295725580071 214.59699675968034 -0.1590305087538809 0.9861328883437075 -0.04744706326401151 -2.7017685407863348 -0.8232624674147531 -0.15898444832656533 -0.5449429831977542 -43.85853779537235
-0.5480925272431783 -0.04639478551605833 0.8351299931490328 216.31295965819726 -0.15753546890686912 0.986316884167312 -0.04859609081786828 -2.8211840226454554 -0.8214482075070078 -0.15819774929942787 -0.547901737996985 -44.969005811275565
-0.55088493467464 -0.043886640602992535 0.8334265123723268 217.5568039103466 -0.15520384422229505 0.9865838713231383 -0.05063626747373217 -2.899049111542091 -0.8200228993675338 -0.1572457554963999 -0.5503055668364871 -45.8056742033828
-0.5534552231916784 -0.0428683197619838 0.8317749834436189 220.08936676350928 -0.15350057304005657 0.9868171305040895 -0.05127889448934611 -3.077816294986362 -0.8186115623409072 -0.15605850859360276 -0.5527394068612415 -47.44110781123205
-0.555759459619989 -0.040800303451070635 0.8303413504584708 221.43605792618845 -0.15154912489552355 0.9870313086104237 -0.05293447426957282 -3.1803437276352238 -0.8174131671231483 -0.1552563398418746 -0.5547352369848213 -48.343263731484676
