0.9982761664918607 0.0008054569427232887 0.05868600048928479 0.08740030669796484 -0.0013480748200128787 0.9999567049049948 0.009207117346101822 0.02366690895633777 -0.05867604373672924 -0.009270358928254108 0.998234031846614 0.9406931580293411
0.9940229582634337 -0.0052666398454043134 0.10904412386713329 0.21137767432514432 0.004901305230382739 0.9999814431193483 0.0036180967350510195 -0.002965763403881199 -0.10906115556077024 -0.0030620126852062028 0.994030325707453 1.9484618835579015
0.9891163567368759 -0.003471429878906261 0.1470944662798883 0.3741341066394286 0.004285805155693105 0.9999771923228656 -0.0052198379520812695 -0.02764201527947998 -0.14707299109536318 0.005793445319875763 0.9891086751624357 2.9762101401091376
0.9797009470469482 0.16544902738283548 -0.11319308147314763 -8.99346314766668 -0.1933311460977943 0.9290914462626761 -0.3152969274034268 0.3642403582503539 0.05300115379712228 0.33078044654967476 0.9422182198814516 4.9908320157265385
0.242602944946605 -0.06973721106994973 0.9676159013241876 -7.204318613970879 0.4071285515078126 0.9126492282333507 -0.03630053377320122 3.126868925921613 -0.8805624075841444 0.4027506767185552 0.2498034002017604 -1.3767130631342663
