0.9999799720954369 0.0004688806104207168 -0.006311541727865758 -0.008434107910362367 -0.0004666895837240409 0.9999998303344225 0.000348614340694026 -0.001514953067251953 0.006311704115519252 -0.0003456618278976505 0.9999800212549543 0.0912785829098575
0.9999097516920615 0.0009482488927158438 -0.013401093058308422 -0.01628969438329443 -0.0009441010885614079 0.999999504460487 0.0003158352656006271 -0.002991875406879789 0.013401385907978179 -0.0003031547754580638 0.999910151440082 0.18531900285557246
0.9997749402420815 0.0010781789801680673 -0.02118741121585043 -0.02325910340968935 -0.0010852815085022362 0.9999993586817817 -0.00032372839355104214 -0.004361807271282571 0.02118704859082841 0.00034664984092274727 0.9997754691959079 0.28311226745197715
0.9995466981226047 0.00166884693072384 -0.030060160048156384 -0.03867117821236327 -0.001718803265083278 0.999997184416598 -0.0016361155865913868 -0.00576060250567478 0.030057344984793698 0.0016870414335640395 0.9995467522350651 0.38639356147509224
0.9991425854498208 0.0017811549577334317 -0.04136328598726385 -0.05490860124696009 -0.0019137788898259973 0.9999931539335437 -0.0031669443325210034 -0.006841049626242829 0.04135736199286038 0.0032433891319069465 0.9991391539900388 0.49993492700750986
0.9985079504723063 0.001528428677930608 -0.05458513304344476 -0.0759881173501103 -0.0017454639987530287 0.9999907595441275 -0.0039286361232196655 -0.008850907003593327 0.05457862401181568 0.004018050788142007 0.9985013916208834 0.626139179718052
0.9974996139821194 0.0014655303511216275 -0.0706567217348248 -0.10039143934676685 -0.0017590015247310482 0.999990082979347 -0.004091436984173421 -0.00853592838023478 0.07065002490557605 0.004205492093609203 0.9974922996279681 0.764866043424888
0.9960312713765007 -5.1203336811613204e-05 -0.08900395394772882 -0.12956068217315705 -0.0003260317391925384 0.9999910262936635 -0.0042238649897028985 -0.009153117143814804 0.08900337152836497 0.004236119729717054 0.9960223165904564 0.9165867830120961
0.9940561722341856 -0.0013073622633184548 -0.10886054035797876 -0.162243282388301 0.0008356563459996494 0.9999900645936559 -0.0043786290603377125 -0.0119992037310939 0.10886518323867396 0.004261633241973578 0.9940473883877574 1.0792625485568828
0.9913855521867454 -0.0015382305380596873 -0.13096686894857468 -0.20373383684248794 0.0009319513941538717 0.9999885656415778 -0.004690421377616825 -0.016208724645574928 0.13097258637585302 0.004527961231332579 0.9913756498851015 1.2483830521804913
0.9879679351928482 0.0019461421039711478 -0.1546466021666523 -0.260427685164479 -0.002956152539563134 0.9999757765131603 -0.00630139262907076 -0.019706437457703157 0.15463059268121074 0.006682732810312227 0.9879497562574949 1.4209585817838795
0.9837548789760098 0.006240031002362159 -0.1794084727764705 -0.3269660854931633 -0.007766542484270126 0.9999393604860779 -0.00780744314960574 -0.02595540124083358 0.17934887484658504 0.00907399381660894 0.9837436880242132 1.5975240574733147
0.9785292911984799 0.009121936827958302 -0.20590584385856267 -0.3981758335362069 -0.011097162181339538 0.9999028048615837 -0.00844001311963154 -0.035175696046062216 0.2058088415450636 0.010543770599042964 0.9785354105209654 1.7808306917906884
0.971989652315875 0.009794405214058862 -0.2348194741016316 -0.47360249022747336 -0.012208733765780163 0.9998864820068832 -0.0088300577425071 -0.03731290612919758 0.23470633270259308 0.0114495731973959 0.9719988912868666 1.9712685993029975
0.9641452080852596 0.011668165308690307 -0.26511859920526115 -0.5588866396101264 -0.014313449275035998 0.9998651690424993 -0.008047913112485976 -0.04425167362067361 0.26498894863009254 0.01155411848408298 0.9641822231559627 2.1652084211527436
0.9549618095198191 0.013370948086291681 -0.29642732685416456 -0.6552799245992875 -0.016246166545376223 0.9998418218962658 -0.007238318847405626 -0.045805530031753694 0.2962836553561671 0.011728125785073314 0.9550279821211304 2.3615489328953636
0.944022627000518 0.015562757003864842 -0.3295133992806343 -0.759966115560457 -0.01863152454296198 0.9998074601706225 -0.006157018789566898 -0.049406063584909996 0.3293541346396689 0.011951702038150458 0.9441308229340608 2.558513031648933
0.9319625856271346 0.01795259981790243 -0.3621097114839139 -0.8748509948160603 -0.021493227232057027 0.9997524492173435 -0.005751649074413602 -0.052155386251577965 0.36191681388730257 0.01314322805486878 0.9321177368669485 2.7509654607944185
0.9186530586435184 0.020811400164868453 -0.39451672140491756 -1.003087984673668 -0.02487610434585558 0.9996770657325696 -0.0051907302852994405 -0.052275198821681086 0.39428129207138635 0.01458251938103743 0.9188741006530876 2.943807392723911
0.9030863302428935 0.021254485018264036 -0.42893277677863584 -1.1333566771963652 -0.02574049407366024 0.9996577987623969 -0.004659650025920256 -0.050652787219908284 0.42868695698990733 0.015249007840793626 0.9033243939286736 3.13867516564205
0.8853843537798857 0.01691918720467579 -0.46455170561101855 -1.2703493810633752 -0.02183210127696595 0.9997481368442207 -0.0051982910982838445 -0.05184156921297979 0.46434675129218445 0.014744625490100787 0.885530739491042 3.331268977970645
0.8650468225257839 0.012300817414925407 -0.5015403121673956 -1.4189427331725881 -0.017510766671992858 0.9998305392545499 -0.0056803014458593525 -0.055053808577844136 0.5013854484212753 0.013696082099690955 0.8651156277900175 3.5220413808281643
0.8409325037400818 0.013983179260832111 -0.5409593282781949 -1.5867687647146305 -0.018383813863960263 0.9998272664085872 -0.0027336301410302005 -0.060376706553568055 0.5408276615903186 0.012243694037835168 0.8410443106133331 3.7090254433307135
0.8130901868528145 0.019912867571457007 -0.5817970657787265 -1.7804357331298857 -0.023707127086103293 0.9997183578317874 0.0010849605699382505 -0.06705773964586431 0.5816548118678105 0.012910566184199213 0.8133332632518029 3.8872109160754027
0.7814140143701763 0.02310817137788817 -0.6235849184846077 -1.9818106267621354 -0.026950942824500997 0.9996314053577374 0.0032711012497357327 -0.07473676180638528 0.6234306575929324 0.014250117125332461 0.7817487763566755 4.063462757288186
0.746995221294396 0.02272534479675203 -0.6644408913268388 -2.1983968095873183 -0.026616380078153163 0.999636616999865 0.004266411208654025 -0.07845569616701326 0.6642964004680979 0.01449802251808058 0.7473286423443135 4.232271874921205
0.7078583966737702 0.018815786606306794 -0.7061037150679952 -2.416937013665759 -0.020834334262738903 0.9997663779109821 0.005755007783175659 -0.08083257004797538 0.7060470386413842 0.010637470241644555 0.7080850397039831 4.4106056052384695
0.6665357226892582 0.015284222395854054 -0.7453163911553681 -2.6593201949202694 -0.01575067794912287 0.9998553506859698 0.006418243434159823 -0.08105680111013784 0.7453066795106909 0.00746124992150737 0.666680045618855 4.576890877987677
0.6220518207105404 0.014387191820021924 -0.7828438803888262 -2.9127416731320173 -0.013471285340781045 0.9998798286817484 0.007671549167233722 -0.07408304989769449 0.7828601770571609 0.005773812162853957 0.6221708818894853 4.744371646499855
0.575002995139831 0.01476567469209581 -0.8180180501866143 -3.1922288540482135 -0.011429534011011554 0.9998845321858684 0.010014392030422684 -0.06852151008645457 0.8180714646853997 0.003591259714231745 0.5751053655819522 4.8946480179307885
0.524817829496347 0.01570071759621182 -0.8510697581924216 -3.489099519900862 -0.009692866943614988 0.9998752816126438 0.012468742937860012 -0.07095277064827166 0.8511593823562995 0.0017054873206981023 0.5249045600295761 5.030967204628753
0.47329588791571464 0.01693475478888377 -0.8807407203952338 -3.8040152075703118 -0.008783151768381209 0.9998562178670523 0.014505165893853405 -0.06479699001253744 0.880859727043466 0.0008704440447286264 0.473376576944906 5.151550576713592
0.4201596439645464 0.018841135017086376 -0.907254586769807 -4.140841140068599 -0.007958027721945973 0.9998224890728696 0.017078060162356336 -0.05873663149809092 0.9074153092043152 4.444547495599971e-05 0.4202349993113826 5.258899289640213
0.36604960440075035 0.020854443412356503 -0.9303616389920721 -4.495051092006298 -0.007555692062310308 0.9997825187771449 0.019437763891157974 -0.056497621205251106 0.9305646665522577 -8.565973198317641e-05 0.36612756523771445 5.3516821430732335
0.3121226235446841 0.024047699848018345 -0.9497374247672894 -4.869112253624454 -0.005154640202512974 0.9997077449546264 0.023618940749299495 -0.05587251694079312 0.9500278404109888 -0.002476451040481216 0.3121553613735927 5.4337739660443285
0.2596559977870526 0.025979318594456572 -0.9653516653627204 -5.255942906343785 -0.0005832570191828469 0.9996421115792896 0.02674525319658554 -0.05510989679097893 0.9657010006334574 -0.006381517270024145 0.25957822253200064 5.501079943951693
0.20981471305553695 0.026417230122326406 -0.9773842213470026 -5.656946115549466 0.002179382594445674 0.9996198107959802 0.0274860720314288 -0.05354828778809202 0.9777387363078806 -0.007897076476387575 0.2096773705152668 5.551047253220391
0.16357981599468802 0.027411732592213047 -0.9861491979996926 -6.077504049283823 -0.00012244999648898915 0.9996144508241541 0.02776571103941409 -0.04885001309731154 0.9865300952353881 -0.004421155936956377 0.16352010449800605 5.5746878705099965
0.12196710085017566 0.027888036500837897 -0.992142269904035 -6.514297291332887 -0.002171896756574092 0.9996102844290946 0.0278309562908726 -0.04145313707924495 0.9925317673377934 -0.0012396304746210823 0.1219801383078597 5.588388825484903
0.08485517758196051 0.026538959995625992 -0.996039799626443 -6.964468995646305 -0.00359767549379751 0.999646869128743 0.026328573302479757 -0.03255052685352242 0.996386800177811 0.0013493122149014333 0.08492069116517763 5.591494899541446
0.0511679267792585 0.023862458517244865 -0.9984049410648093 -7.428986941694953 -0.002701510858015817 0.9997141529762446 0.023755297894887277 -0.02539595039236333 0.9986864097944852 0.0014816924456781443 0.05121776527046035 5.5839126546003035
0.020183934367975564 0.021246570545104256 -0.9995705037832505 -7.906316718657059 -0.0024241801262889205 0.9997722752772187 0.021201908822778927 -0.0227422213406066 0.9997933447188706 0.001995201013941173 0.020230843501184353 5.570914759231976
-0.005862178838780528 0.01945496021566177 -0.999793548379999 -8.400983933532434 -0.003266387081093729 0.9998050214764678 0.019474335569596404 -0.018939344962692495 0.9999774825338322 0.003379874768064674 -0.005797488409094107 5.54172023861454
-0.026302013427092315 0.01713795040264557 -0.9995071259104047 -8.909979968325905 -0.00365480446831549 0.999844701813377 0.01723991473350363 -0.012239986945330336 0.9996473610698833 0.004106447578693049 -0.026235292914393082 5.50589329887523
-0.042288596933312876 0.016300623496779024 -0.9989724541963247 -9.438056492374601 -0.0032851080021341957 0.9998592244532913 0.01645415877758416 -0.004029196694145747 0.9991000363501287 0.003977555691613961 -0.04222909442427089 5.46684596228214
-0.05517812566236747 0.01673433219124059 -0.9983362843123059 -9.981502752016684 -0.002590010915665007 0.9998537808978541 0.016902918911344697 0.0017409213524053752 0.9984731675372389 0.0035183732576242873 -0.055126715463333247 5.422741928784031
-0.06460277960914447 0.017910396732953603 -0.9977503187449457 -10.538345067383693 -0.003684535086655779 0.999827827297179 0.01818625754239763 0.0022262656005128147 0.9979042564634996 0.004851128845064386 -0.0645256652887908 5.3710118731234395
-0.07139484514208158 0.019374040145086875 -0.9972599574111028 -11.112956263463236 -0.005406277017077524 0.9997891415225817 0.019810216110748645 0.0006385504554098972 0.9974334806171061 0.006805810899261434 -0.07127504950577497 5.31664549829836
-0.0756278570818379 0.02027406091948911 -0.9969299823393024 -11.700054549816556 -0.00533404893001811 0.999770746941887 0.020736477069995478 0.007948414843978905 0.9971218456915 0.006885928629830366 -0.07550237633136851 5.258061808093229
-0.07717508635977811 0.020949260213295396 -0.9967974390726916 -12.30592035937385 -0.003029904839412498 0.9997696804500359 0.021246310962091206 0.015290526058629277 0.9970129516320372 0.0046598872678864445 -0.07709383716371683 5.208732581098752
-0.0759804150380004 0.02298670747543781 -0.996844314730285 -12.926968777783035 -0.001293306985210544 0.9997311233860134 0.02315185284987792 0.02293415437152671 0.997108471475244 0.003048313103840565 -0.07593025681193061 5.154603030326119
-0.07457781308072031 0.025523336797646953 -0.9968885138644192 -13.564121802436077 -0.002041019328227686 0.9996664036369928 0.025747148960294817 0.025447920354560977 0.9972131086363643 0.0039548347874077735 -0.07450084056979055 5.101751987212562
-0.07276684706207365 0.025518422423013654 -0.9970224651860582 -14.216233398246578 -0.004198712950894217 0.9996559215343653 0.025892264304915865 0.03009165779142035 0.997340140964056 0.0060703095736757764 -0.07263466502627342 5.0391153554649435
-0.07118124521519775 0.023080773412592806 -0.9971963238140671 -14.879213566605044 -0.006063676324044552 0.9997037608526744 0.023571643270184794 0.03595790452759115 0.9974449669826669 0.007724534658875777 -0.07102020420452687 4.980959349006469
-0.07002093053513174 0.022936394985312598 -0.9972818012337693 -15.56091578050958 -0.006394789002995395 0.9997047669347211 0.02344111007616832 0.046751479275064796 0.9975250252302464 0.008018775035726882 -0.06985358463475555 4.928382078537604
-0.06805587167794391 0.025632614670601336 -0.9973521782175558 -16.258979043183444 -0.006106625241200359 0.9996404729586632 0.02610812040619772 0.05782860471406047 0.9976628225298972 0.007867266877986 -0.0678748749800083 4.869230283127864
-0.06638928869770598 0.029067619031950626 -0.9973703103010565 -16.973882729729898 -0.006981283593619192 0.9995375774996911 0.02959548690991943 0.06828544961313694 0.9977693741669968 0.008927748308679486 -0.06615565950497915 4.812234931603296
-0.06456563889415533 0.03126675797619305 -0.9974235149222458 -17.70340399476774 -0.0073989546339318455 0.9994665552135179 0.03180975447798871 0.07448591803974235 0.9978860324428421 0.00943370845866414 -0.06429985536688519 4.755614918293269
-0.06279613601850106 0.030690788657482013 -0.9975543698429311 -18.442887164580444 -0.009096408514494695 0.999467943476518 0.03132228144561369 0.08702220527451483 0.9979849200530466 0.011041080309579187 -0.06248354897342229 4.697052592145553
-0.06087476372057971 0.027686273139483165 -0.9977613609584254 -19.195741715797773 -0.011442039424888152 0.9995301989772811 0.028433449777276684 0.10202851731317354 0.9980798279074503 0.013147304365669103 -0.06052937726553565 4.6317552836788565
-0.059140696493938945 0.027055483878641533 -0.9978829484515226 -19.960554161479354 -0.012360484942127005 0.9995361674217754 0.02783286596426746 0.11493573271373352 0.9981731294871696 0.013980372236889634 -0.05877884621112208 4.571101878874735
-0.05768175259530417 0.029371731758999264 -0.9979028593961494 -20.74625685961806 -0.009803852837160034 0.9995022532748085 0.029985499297640703 0.1264129750968179 0.9982868825578567 0.011512908931234273 -0.05736508555610864 4.5206101582403555
-0.05671349168954661 0.031422684939345434 -0.9978958837131167 -21.53861309427514 -0.007361846575766639 0.9994642571310408 0.031890467737122126 0.1369205397989257 0.9983633522297266 0.0091549761714701 -0.05645177885527791 4.470968860989108
-0.05540805711812083 0.033108394594840586 -0.9979147165032427 -22.33897851156543 -0.006634100126971171 0.999415809010317 0.03352654792488899 0.1497238366928984 0.9984417538954904 0.008477907029856301 -0.05515604382561098 4.413982602607566
-0.054786746201181145 0.02859553170623646 -0.998088527139314 -23.139983937601492 -0.006454462756004612 0.9995588059925431 0.028991951871065694 0.16061426162198197 0.998477216741184 0.008030499934653204 -0.0545780058226829 4.362386920251488
-0.05450658170735041 0.021729634965148868 -0.9982769432952268 -23.946218465732276 -0.005124498238667672 0.9997439260207477 0.022041367979890897 0.16772326658910885 0.9985002614262974 0.0063170680623567035 -0.0543812705139712 4.312062768174848
-0.054333505098761115 0.01723946075936519 -0.9983740136924685 -24.766435953196574 -0.002089595330948635 0.9998467969817765 0.017378612045743053 0.17554408218950007 0.9985206576806703 0.0030304385837490668 -0.05428915754507831 4.254187318662574
-0.055039545908993556 0.017973435893612687 -0.9983223948145759 -25.597005967388622 -0.0008974916095920143 0.9998366794354351 0.018050179066564326 0.1813526279921877 0.9984837719737588 0.001889459632413699 -0.05501442581137212 4.208108603809013
-0.055124220985130305 0.025303582119352207 -0.9981588295420282 -26.44085719983784 -0.0011930254301654292 0.9996764542916385 0.02540794020029932 0.18459404932174558 0.9984787914378092 0.0025914217773661628 -0.055076197963061006 4.156347895297939
-0.055299239553082406 0.03232383997936098 -0.997946473250865 -27.28815156093025 -0.0024755457015150665 0.9994683343389091 0.0325103110918318 0.19488197220106362 0.9984667574728431 0.004268257583210826 -0.055189819703210095 4.098574682035784
-0.05564815918400769 0.03763355635266287 -0.9977409472481734 -28.13498948508086 -0.0044836319460552325 0.9992699109693064 0.03794129776336057 0.20665572675922955 0.9984403734945849 0.006584866562552733 -0.055438796057902535 4.04155177671317
-0.0560272619171159 0.03800095942871981 -0.9977058048365599 -28.981086553879873 -0.006064997635470771 0.9992440369884167 0.038400134723394055 0.21867075375493455 0.9984108181133433 0.008202537753029421 -0.05575443165038534 3.9805143540271524
-0.056243946971326064 0.03461614197058189 -0.9978167873633712 -29.82175467685607 -0.006123797551312781 0.9993680199325213 0.03501513729379572 0.23043755661054394 0.9983982760064443 0.008079817524260633 -0.05599641967248839 3.9180610818981676
-0.05671028301892771 0.03191849442149834 -0.9978803302569792 -30.660287456389703 -0.006450231884248042 0.9994562579873382 0.032335473996650786 0.2439273154894052 0.998369840444189 0.00827031340478888 -0.056473565565085496 3.8639304875284015
-0.05668485556789789 0.033128748131952164 -0.9978423288257801 -31.503067122822646 -0.008036780392585319 0.9994017998528463 0.03363707198633928 0.2567919633282565 0.9983597734835729 0.009926152230471436 -0.056384698205537896 3.8026561164261987
-0.056780876817543104 0.03548058592373915 -0.9977560122847364 -32.343075574692655 -0.00882595792436585 0.9993114393187515 0.03603817022829749 0.26809407023710696 0.9983476521205182 0.01085243148767086 -0.056428629579824835 3.7476106744506663
-0.056487502707557216 0.03390965873872668 -0.9978272882027666 -33.18491964530347 -0.009797174345719216 0.9993561151001198 0.034516236568272914 0.2774322792550191 0.9983552360821805 0.01172562391604382 -0.05611891241886457 3.6845266145619897
-0.05620955696322313 0.028871932131412613 -0.9980014515224902 -34.01748788300524 -0.010714856911622828 0.999506789655823 0.029518964637589767 0.2875419209671869 0.9983614964267025 0.01235269067494744 -0.05587247520673692 3.6302227436245125
-0.05607645067982145 0.024740590959105996 -0.9981199000311275 -34.85228530265592 -0.012059916488297595 0.9996032242807946 0.025454909580202783 0.2981168901998607 0.998353639795765 0.013464663621316998 -0.055755831444934324 3.571678670582593
-0.05534338780126914 0.0253727987834732 -0.99814494463909 -35.689130653836976 -0.011681733152132489 0.9995921940644985 0.026057296020231553 0.30869239705527624 0.9983990417349388 0.013102161929124145 -0.05502442017452153 3.5080259147781523
-0.054849993928777145 0.027821969960580246 -0.9981069161936139 -36.52715569559682 -0.010508217316237026 0.9995402834619601 0.028439393552263607 0.31434793562358593 0.9984393098906169 0.012048224943881516 -0.054532419172944935 3.4535427030564114
-0.05460918384072351 0.03268175328588213 -0.9979728152822654 -37.368698891168236 -0.010172051102403587 0.9993941383792411 0.03328491474505776 0.3234876430007517 0.9984559912267659 0.011969092504296527 -0.05424365776755315 3.4023259665688808
-0.05392810604949207 0.038233713010969374 -0.9978125788780724 -38.210639874501084 -0.009222920230516426 0.9992049941118036 0.03878553189596977 0.3373149441678677 0.9985022268980374 0.011294376097270235 -0.05353260640242665 3.3460277256690136
-0.0540647683833741 0.041396141121575795 -0.9976789866083651 -39.04604037569304 -0.0094638417454576 0.9990741796923931 0.041966881840210225 0.3500403662639694 0.9984925821051814 0.01171080578849356 -0.053622947594431314 3.2898498818479154
-0.053827973826971236 0.04137964089348838 -0.9976924749406546 -39.87957406835663 -0.009082737411793535 0.9990793831433222 0.04192719951378405 0.3660173725258557 0.9985089148899947 0.01131863496567462 -0.05340257847447528 3.236882725241908
-0.05371618564066114 0.03708115292627935 -0.9978675059835729 -40.71090519756247 -0.009037986135937787 0.99925127883974 0.03761909812518768 0.38410415929083297 0.9985153409972368 0.011039467143109258 -0.05334082824977106 3.186343122562888
-0.05333422166815251 0.03294856987471844 -0.9980329917103258 -41.538719903860844 -0.010050214545013205 0.9993871665339176 0.0335303527405923 0.3948012653899615 0.9985261408629496 0.011818760955368338 -0.05297039647603437 3.131159728208307
-0.053016521294972384 0.030295813576078388 -0.9981339650315199 -42.36631827700845 -0.013874582302853416 0.9994208509354424 0.03107183099527573 0.40715449143022875 0.9984972430786698 0.015496012236738143 -0.05256547506736498 3.066765556568071
-0.05370615116557509 0.028568177721370745 -0.9981480393952897 -43.19406613196239 -0.016983370020800283 0.9994199468145288 0.029518384982620816 0.41882170612068487 0.9984123469136988 0.018537236334626908 -0.05318981480844996 3.012425691669699
-0.05445468735956638 0.026714298495123776 -0.998158821671424 -44.01919597313226 -0.014691782981182053 0.999512399500906 0.027552037252737305 0.42494431192027404 0.9984081522791212 0.016165070363465973 -0.054035654550846836 2.964866582187954
-0.055845019016865866 0.022948113036914807 -0.9981756949350405 -44.8440231824416 -0.011191651578810871 0.9996586381972336 0.02360834624856381 0.43174724971617134 0.9983767228786674 0.012489643137358258 -0.055569128374998285 2.9193936394290216
-0.056492423206292657 0.02141849088853384 -0.9981732586922668 -45.66749653283908 -0.007002015435177437 0.9997367765918571 0.021848325097586444 0.4374951558897182 0.9983784742772301 0.008223489392106209 -0.05632758047432222 2.8698275587130606
-0.058463076631015166 0.024751464096754064 -0.9979826820621204 -46.490766999409416 -0.006554186139232681 0.9996615220072267 0.025177054280603503 0.4433645428435155 0.9982680558421628 0.008012892315715996 -0.05828106246327699 2.8161209136174286
-0.06044101922994726 0.03081074015757751 -0.9976961368499868 -47.31639812605455 -0.003961000764609982 0.9995082221490711 0.031106660530296613 0.4495026371622467 0.9981639112226964 0.005831993428202373 -0.06028925431007996 2.7681800824498635
-0.06213383456991798 0.03455759083878829 -0.997469377734002 -48.133087659733086 -0.0020648867662579696 0.9993938027755144 0.034752887887773684 0.45682963072542826 0.9980656906458031 0.004218991504676432 -0.06202481169985822 2.7092037989227644
-0.06373145072184 0.03362369819122452 -0.9974004958434878 -48.94393294510017 -0.002030417332598933 0.999425819717544 0.03382171325305881 0.46524791322678616 0.9979650192237945 0.004180646105818979 -0.06362658723986961 2.6515521675147125
-0.0647413202861359 0.029869375595855764 -0.9974549522906394 -49.74731856848931 -0.005211940159169936 0.9995281776976691 0.030269748399276396 0.4711916004745368 0.9978884692827092 0.007158378998904884 -0.06455509648914516 2.5821507557125476
-0.06603969959995531 0.026400351362463374 -0.9974676834487853 -50.545530814253816 -0.00972757815236044 0.9995853842726656 0.027100438589784358 0.4775790558485204 0.9977695787605676 0.011492649668698457 -0.06575550702074456 2.5131740589155105
-0.06729664426509516 0.024965662331858273 -0.9974206120664386 -51.34297692741478 -0.013930016673303444 0.9995659423531656 0.025959228091588946 0.48347787048098323 0.9976357633455919 0.015641054694658228 -0.06691966154950271 2.4409507205591874
-0.06818257775539809 0.026117375706838482 -0.9973309474676983 -52.1380773954536 -0.015512898178996494 0.9995086831929293 0.027234944685578216 0.48668734895452664 0.9975522472937046 0.017328442172517 -0.06774392231895461 2.3698335073940906
-0.06923597529887034 0.027545001826502293 -0.9972199619937379 -52.93242272471427 -0.015206695367655941 0.9994734548571648 0.028663032845117738 0.49340060345265757 0.9974844039584844 0.017148933210639615 -0.06878065098069006 2.3061273429752336
-0.07015348909613837 0.02711737427903168 -0.99716755662218 -53.719532316455265 -0.017007223156673374 0.9994526281023732 0.028376020506062378 0.49700339293511236 0.997391218293073 0.01894972800523213 -0.0696538978119001 2.2373344496318643
-0.07080073070101459 0.027024081047925985 -0.9971243430865165 -54.50288349643956 -0.0178085108553998 0.9994393727923014 0.02835131484863749 0.5007176034742915 0.9973314962806091 0.019764593495657817 -0.0702797792443594 2.1729102233912756
-0.0712656577361758 0.02868373413985478 -0.9970448582803203 -55.28251565769291 -0.016129331431423113 0.9994226007334387 0.0299050131380571 0.5076094076807492 0.9973269527567218 0.01821286740209233 -0.07076185954303532 2.104744602997374
-0.07148583742224329 0.03134585312588566 -0.9969489518224344 -56.0580808263923 -0.015045202603279312 0.9993584764061673 0.03250042328605629 0.5207196328775545 0.9973281390428477 0.017322618940476722 -0.07096837285986039 2.037007948167869
-0.07165219171160873 0.03549124325310328 -0.9967980412677743 -56.83179289147955 -0.015189811891911046 0.9992120138956201 0.03666907281824809 0.5270268091583131 0.9973140092456407 0.017768594176543074 -0.07105662547136687 1.969269988556886
-0.07215897347852494 0.03760983022071735 -0.9966837929941943 -57.5966303631353 -0.015167720145525122 0.9991318602356213 0.03880033669565955 0.5366912755821678 0.9972778062366149 0.01791721331229652 -0.07152587402478287 1.9030101560034018
-0.07287065595143016 0.03752563364650501 -0.9966351861742773 -58.353286704493115 -0.014723040380472409 0.9991425372740009 0.03869654108094482 0.5493718121602913 0.9972327208747043 0.01749334242226359 -0.07225568066065235 1.8385799148728883
-0.0731906379653406 0.03562863929652077 -0.9966813585976737 -59.10170445179531 -0.014206141953379573 0.9992230422820042 0.03676271621492446 0.5576442737790324 0.9972167848793106 0.016849683515635008 -0.07262762642683622 1.7784863923153926
-0.0733515267404975 0.03213268468386353 -0.9967883647494312 -59.83547137726524 -0.013878596760169356 0.9993511461350926 0.03323659534982503 0.5673057812875819 0.99720957580481 0.016271978782151905 -0.072857975745326 1.714520777725121
-0.07307934868323994 0.029386485535553664 -0.9968930952032429 -60.56240487803991 -0.014179477735108269 0.9994341602623984 0.030500847721931786 0.5719241640297249 0.997225326196239 0.01636440553352317 -0.07262131246639242 1.6482632971010724
-0.07201722537944923 0.027078650968485628 -0.9970357395351344 -61.272647391346986 -0.014711080581001656 0.999493817992047 0.028208011341153992 0.5770873211192256 0.9972948928761177 0.016698935816702017 -0.07158241533927719 1.5927256337610032
-0.06954726950054851 0.026470831548069812 -0.9972273925149526 -61.96768661767537 -0.016946159332735664 0.9994722900104717 0.027712256946982455 0.5779781910655222 0.9974347121435516 0.018826486086887292 -0.06906198978260503 1.5262543389973398
-0.06572895703911054 0.02742975826803095 -0.9974604315800741 -62.648491662746714 -0.017173492200942195 0.9994429442374291 0.028615946247605686 0.5789176512397718 0.9976897189869087 0.019010775244031358 -0.06522127760513434 1.4750584795365422
-0.059874018787580655 0.02899503860335396 -0.9977847411193529 -63.31439789224587 -0.016420267629604225 0.9994141838482393 0.030027719426095365 0.5824808913244629 0.998070877585955 0.01818177272298155 -0.05936283732650626 1.4304992210573448
-0.05309826932906818 0.030494228819322695 -0.998123577420638 -63.96522036005389 -0.01548291077074596 0.9993883366689694 0.03135653048566251 0.5857058238358743 0.9984692550441024 0.017118835788334515 -0.052593651640946086 1.3982680030666925
-0.04425236427201923 0.03188160612167521 -0.9985115379641032 -64.60051619702254 -0.016525319583799082 0.9993305437499078 0.032640130838727945 0.5890806399874663 0.9988836979693841 0.01794512523272947 -0.043695885520170445 1.3605962416022626
-0.03267046417967553 0.0335970286958463 -0.9989013366860087 -65.22036040453622 -0.01873694019198421 0.9992386287368353 0.03422119098414378 0.5930842286687517 0.9992905322490194 0.019834376797412307 -0.03201608430979239 1.3343211670230348
-0.018147338965217794 0.03506923016726444 -0.9992201074758037 -65.82213529790108 -0.02177115373271607 0.9991338707902775 0.03546160042617386 0.6002375299579686 0.9995982647812219 0.022397708255859863 -0.01736812342360174 1.3216418940273245
-0.00014048106285613945 0.0364296747873395 -0.9993362092208805 -66.40649546630338 -0.02321823022134124 0.9990666997508643 0.036423114011671344 0.6033719396260065 0.9997304106860319 0.023207934931981908 0.0007054826242558862 1.318938231070874
0.021817363034425122 0.03738455474328075 -0.9990627596587066 -66.96791193088274 -0.024062497747129076 0.9990307765531734 0.03685788520431839 0.6054635978760604 0.9994723602343367 0.02323580354134458 0.022695782898911873 1.3293766234423157
0.04636743956812287 0.03770747203825382 -0.9982125059827593 -67.50656825432743 -0.023492813734877552 0.9990520590249907 0.036647933921937235 0.6097704341705306 0.9986481603901931 0.0217515496094565 0.04720934058925781 1.3742137468188824
0.07500920274380643 0.03726361908647238 -0.9964863482237558 -68.01983392231342 -0.021917751087642788 0.9991217348247259 0.035712339437400736 0.6149345953510389 0.9969419399799573 0.019161985633286967 0.07576005950097355 1.4305515251884011
0.108589055777235 0.037400290993365747 -0.9933829247571249 -68.51230137771189 -0.02066870646165832 0.9991609390688875 0.035358484302677386 0.6158252316230762 0.9938718335573318 0.016692395651686884 0.10927095857910844 1.4953751822105308
0.14532884069648466 0.03773408955726176 -0.9886635760192138 -68.9841884108888 -0.019882538785732727 0.9991820334004394 0.03521290645770587 0.618623856005265 0.9891836092016748 0.014539691023191258 0.14596021605800868 1.584289698843087
0.18496275010018925 0.03753177578460002 -0.9820285876092553 -69.43301169016762 -0.019718994438728252 0.9992110259132164 0.03447443910762003 0.6203670631755105 0.9825476794200383 0.012988129192232327 0.18555690816131218 1.6938973542876719
0.22867780470188967 0.038332722375424955 -0.9727471737466074 -69.87691763481648 -0.018968703681697875 0.999210208472631 0.03491629368531884 0.6258176889878393 0.9733173428627284 0.010467171507723484 0.22922431896129108 1.827353308456778
0.2757204912117008 0.036746848570715626 -0.9605352048967797 -70.29925407813062 -0.015695615469769417 0.9993079048151082 0.033724753951153784 0.6307053623780879 0.9611097015330794 0.0057775854958303395 0.2761064307922491 1.9799843481277475
0.32416054938806727 0.03174392836238024 -0.9454693338403681 -70.7091425387272 -0.007699931612920664 0.9994922725903636 0.030917763264970765 0.6295022493185961 0.9459707444068152 -0.0027422699131384514 0.3242403902695361 2.1681225663632984
0.38825406861308037 0.02397106517603958 -0.9212405582906751 -71.09677159545085 -0.0024718366119648102 0.9996851330618814 0.024970477745014402 0.6526005766213575 0.9215490590463182 -0.007417733439304242 0.3881910727998142 1.9658068988344395
0.45472138921890926 0.020883048940266585 -0.8903888793408096 -71.41517780113092 0.004408411754401149 0.9996600507475495 0.025697253651168688 0.5592441331681526 0.8906228293125155 -0.015610291681044023 0.4544747459441552 1.6684821615678
0.5222793415904279 0.020425541820946906 -0.8525298156599503 -71.66491447105882 0.007978087029064423 0.9995523296491673 0.028835575601698724 0.4889107122647463 0.8527371455936623 -0.02186178250384337 0.5218825758640823 1.3191049740691896
0.565401140973866 0.01887328911378748 -0.8246001144454667 -71.99563037736708 0.00986084609628458 0.9995120603286404 0.0296378975614646 0.49369539869613055 0.8247571239460237 -0.024888555916843864 0.5649391527276713 1.6111189416832037
0.615499414930757 0.012585419643862858 -0.7880368503009758 -72.37905297636819 0.017122999746331625 0.9994229529439632 0.029335371285499737 0.5184922008813975 0.7879513139144979 -0.03154945865080502 0.6149287426680097 1.8255701463376883
0.666571230949913 0.004367767575791976 -0.7454285456543237 -72.75463024496132 0.025801054339915763 0.9992484958447071 0.02892661658475287 0.5412490403125516 0.7449946977427871 -0.038514492837066296 0.6659576068914885 2.0337474771903854
0.7059174216186231 -0.001268719993884771 -0.7082930073104569 -73.04332003819457 0.02783300984328752 0.9992757054867027 0.02594972036685467 0.5510042384592733 0.7077470716423903 -0.03803228593749781 0.7054414417993823 2.3491123771992783
0.7426755861692839 -0.007414140929266838 -0.669610337601198 -73.29473577134307 0.02672310393860532 0.9994703274545049 0.0185725672397025 0.5671379848850157 0.6691179637582577 -0.03168745891149572 0.7424803401597491 2.681484777342442
0.7845991327667962 -0.020145101477017965 -0.619676024829161 -73.61674457996482 0.027127275915944698 0.999630275902998 0.001849972831733139 0.631420721402044 0.6194096477800223 -0.018261609583456198 0.7848555292870475 2.9618028807898296
0.8193110870350195 -0.022475406848589508 -0.5729085430925986 -73.85427826344953 0.023291123264024213 0.9997112524183875 -0.0059106146178635344 0.6345899438608167 0.5728759606045574 -0.008501051408575188 0.8195979904113698 3.3298556046922867
0.8511886776216305 -0.023464254012484555 -0.5243350683221336 -74.06907720653466 0.022544085633987583 0.9997127086263538 -0.008140295688010085 0.6294054082659856 0.5243754373458649 -0.0048917271590303395 0.851473118609 3.741142025956305
0.8802094584677838 -0.024573137473834536 -0.47394880539836987 -74.27100129568801 0.02305975223529183 0.9996935265144253 -0.009005602256400826 0.6199454774560359 0.474024848558277 -0.003002325739415927 0.8805063480688022 4.176392876146281
0.9060401251216704 -0.022952944049394516 -0.4225688748937531 -74.4620448842002 0.020387808214358212 0.9997360670422917 -0.010589312113001452 0.6120275959945417 0.42270040092921846 0.0009790884931254957 0.9062689514928791 4.623892097906898
0.92741700494502 -0.021281751005758284 -0.37342306572162465 -74.63435563881801 0.019603742333724125 0.9997734498635444 -0.008291093683044572 0.5973766965505519 0.373514915666458 0.0003688117093719192 0.9276241004591265 5.106440750305268
0.9445209266206065 -0.014975160487819779 -0.3281096824906483 -74.7958577146315 0.013585221142878329 0.9998864063682952 -0.006528102817564587 0.5862778840048913 0.32817017070759097 0.0017084871265658436 0.9446170759252083 5.604614498044037
0.9581665975473537 -0.010659137548427799 -0.2860125069489973 -74.94326969286492 0.008841239624338592 0.9999316785121926 -0.007646619494610088 0.5789861686979734 0.2860744725179648 0.004798030274396123 0.9581953741690971 6.125435812681416
0.9684076785814025 -0.005963090638993223 -0.24930104214505194 -75.07374916888527 0.004677338278227033 0.9999725324963004 -0.005749500810299034 0.5699045863789197 0.2493284792622155 0.004401795425476833 0.9684089702320114 6.671639777909084
0.975713540090364 -0.00530474553800043 -0.21898618074916365 -75.1903147562304 0.004674237732136077 0.999983305126325 -0.00339720035553114 0.5567349254758579 0.21900054608596736 0.0022911009164176157 0.9757220463178233 7.236264785196514
0.9808519325093555 -0.006091006945354862 -0.19465966743794924 -75.29414410199824 0.005885623815693911 0.9999813454543709 -0.0016334551010310618 0.5462747578200079 0.19466598553666634 0.00045648401788592587 0.9808694845377655 7.82203711166573
0.9848241958148997 -0.006050891475937117 -0.17344938757424685 -75.39883221310141 0.006262609655247862 0.9999801629402728 0.0006733841786583697 0.5385453967666646 0.17344187227379937 -0.00174941084154082 0.9848425541698878 8.423755462268637
0.9878689016978941 -0.0036871067760564594 -0.15524637935171684 -75.49658599039446 0.004281792745640461 0.9999847206919467 0.0034963743411227113 0.5309049476371197 0.15523111578893786 -0.004118692301184538 0.987869595171676 9.044774290798832
0.9901544212645571 0.0010580761039594689 -0.13997536399383612 -75.59176309666557 -0.00032960071414006066 0.999986282778233 0.005227391198420346 0.5245287845143706 0.1399789748984395 -0.005129788526860779 0.9901411878394178 9.679283577908564
0.9919536030763143 0.004857600831787535 -0.1265087074397489 -75.68825520533198 -0.004053784367907994 0.9999699334543484 0.006610523398697875 0.5169585256258994 0.12653701504388148 -0.00604449348293494 0.9919434701243417 10.329363924057489
0.9935091915564886 0.0034517795187940497 -0.11369947893867073 -75.76154485886954 -0.0027288355507882854 0.999975064224274 0.006513400509418261 0.5108826669411834 0.11371912657643994 -0.006160856094161596 0.9934938369727716 10.99610726526053
0.994980414447889 0.0035525735716395706 -0.10000677020144488 -75.83305166665572 -0.0029276052670512624 0.9999752641670858 0.0063953249618439265 0.5033575254528735 0.10002701631312845 -0.006070442733881651 0.9949662033117052 11.678370170128224
0.9963356523783357 0.003934148139187182 -0.08543881014067559 -75.89951603646281 -0.0033368586842962553 0.9999689957132317 0.007132530153615009 0.5005272129292232 0.08546422160153644 -0.006821296848116101 0.9963178893984364 12.376470617708863
0.997434804380218 0.005103497010620816 -0.07139863674649659 -75.9583998366597 -0.004560899226650134 0.9999594854356499 0.007760520956419894 0.4987731633599048 0.0714353498573356 -0.007414971714934074 0.9974176702792208 13.091021861331264
0.9982611211461287 0.0055170998761779775 -0.058688121600794244 -76.0071302957131 -0.0052171130386596464 0.9999725380638879 0.005263539646341351 0.48919047225085016 0.058715549385279425 -0.004948204424135651 0.9982624902966972 13.81392965157245
0.9988340370319614 0.006584177197368147 -0.047824837449457626 -76.04597302987023 -0.006581392104712807 0.9999783191398772 0.00021570384872829883 0.47849556428237244 0.047825220798208695 9.930166157064244e-05 0.9988557145027426 14.55112891434621
0.9992532532628147 0.004910324085048014 -0.038325247044994376 -76.08316552712022 -0.005139209218042185 0.9999695304326844 -0.0058759454430859165 0.4738340597763542 0.03829522649486805 0.0060685190628960144 0.9992480416313518 15.296934965950793
0.9995191201512617 0.004691768598688157 -0.030651521323792164 -76.10370182837326 -0.004879092682865762 0.9999698591155222 -0.0060394797023652705 0.46364458115608426 0.030622261618608898 0.006186127051689378 0.9995118853347688 16.059450982964403
0.9996900225055309 0.006185655440076369 -0.024116313351476966 -76.12941627146371 -0.006187043500682751 0.9999808599176918 1.7058564294882873e-05 0.45047198752160256 0.024115957281655477 0.00013215540325802778 0.9997091592755069 16.83466296981895
0.9997670837714395 0.009725202598715689 -0.01926651607229727 -76.15648696924704 -0.009567161756790395 0.9999199677294733 0.00827813697691594 0.4362025344048919 0.019345480688511316 -0.008091882988718123 0.9997801127281084 17.613377735622564
0.9998354816057861 0.010230931370059022 -0.01497790924747604 -76.18312968552262 -0.010051521725946757 0.9998774164427215 0.012004957260288185 0.4254046939243546 0.015098895095910406 -0.011852431443786678 0.9998157546447021 18.39033638008049
0.999891375792563 0.009131822630659698 -0.01156920183488267 -76.20185925094852 -0.009004345730307124 0.9998986999828705 0.011023226865797832 0.418400880592849 0.01166869202709462 -0.010917856383370972 0.9998723128671835 19.159373470198375
0.999923655230551 0.00879767199921258 -0.008676674349491582 -76.21459182607262 -0.008709388177777777 0.9999104495708463 0.010160678943701157 0.41208029661541906 0.008765287670215947 -0.010084334704007696 0.9999107339786076 19.92956234009128
