1.0 0.0 0.0 0.0 0.0 1.0 0.0 0.0 0.0 0.0 1.0 0.0
0.9999315119920685 -0.0026480461220914405 0.011399963903018485 0.009911446358866385 0.0026350462012211936 0.9999958609942822 0.0011552167857001652 -0.00404776997465553 -0.011402975785832214 -0.0011250982356270506 0.9999343509936979 0.21198716862219397
0.9998207325410118 -0.004609478142795748 0.018364517211335436 0.017478150295658572 0.004588512990841045 0.9999887722743833 0.0011835851067036269 -0.006893525643919504 -0.018369766729254545 -0.0010991071026143022 0.9998306574785003 0.4278309676577305
0.9997673470273459 -0.007376452882575394 0.02026918253835587 0.027397348724806987 0.007381768739020519 0.9999727368037008 -0.0001874555957363912 -0.009165769839121499 -0.02026724717828394 0.0003370344016619595 0.999794541443204 0.6618477022723334
0.9998099975569512 -0.008913000574515327 0.01733572051941612 0.03951418325616847 0.008947370969874448 0.9999581548227914 -0.0019060839766043946 -0.009135542137316396 -0.01731800617554035 0.002060830938509488 0.9998479082530238 0.8936686652269231
0.9998789769921419 -0.01148580297016658 0.010493221587189792 0.043604393014172536 0.011523712733536492 0.9999272643795272 -0.0035594936873083603 -0.008243368767108182 -0.010451574713040864 0.003679983777896011 0.9999386092682953 1.1285431397104349
0.9999110509574981 -0.013239403010639647 -0.0016150482942749983 0.03464300465764911 0.013230362717347626 0.9998974288386138 -0.005485371846699114 -0.01219402375813297 0.001687505685437485 0.005463516253386319 0.9999836510237107 1.39008903764062
0.9997601902919031 -0.012588648885602132 -0.017918923704591555 0.0179654504708315 0.01248894769667311 0.9999059620382139 -0.005665091867238054 -0.016560346913629363 0.017988554497950407 0.005439944822283844 0.9998233938588376 1.6078944274805156
0.999287840197344 -0.007869630457386895 -0.036903676648667366 -0.007297048184024938 0.0076607277556218385 0.9999538428202255 -0.005798748081991864 -0.01784667100920446 0.036947607283550836 0.005511909426715358 0.9993020029853293 1.8554101393218374
0.9983962661604113 -0.004460603584280621 -0.056435793009492335 -0.04348219024988227 0.004068838317499339 0.9999668366960036 -0.007054790070191441 -0.022083669140384125 0.05646539003400608 0.006813847947549295 0.9983813055163112 2.1284409840099405
0.9970836774089656 -0.004155571926253505 -0.0762028310929242 -0.08834796683265594 0.0036058341127495927 0.9999664849012657 -0.007350308466893828 -0.028341548430532174 0.07623082188303076 0.007054097828417881 0.9970652443540813 2.450493538557585
0.9952917164129906 -0.005449081083802047 -0.09677141496858833 -0.15761739049597834 0.004830416899987367 0.9999663798990928 -0.006626171147503983 -0.03777976566067373 0.09680426804771022 0.006127526976345605 0.9952845759384098 2.959162089880584
0.9932275245643921 -0.00682930699080651 -0.11598467577103513 -0.21921217509839425 0.006218171142465199 0.9999648174125985 -0.005630122967784526 -0.043615836867757635 0.11601904496818569 0.004870780534438384 0.9932350460498535 3.3194637069920407
0.9910091003952513 -0.0058830085462359 -0.1336650782524635 -0.2931774335067363 0.005275583762569567 0.9999740880926343 -0.004898097515223875 -0.050516693351046936 0.13369043028488034 0.004148897895759109 0.9910144577636055 3.7509708735430194
0.9888128930072617 -0.004592378634106927 -0.14909048487776885 -0.36900845504292623 0.004003828701031643 0.9999829638726538 -0.004247507527440753 -0.05702952150164358 0.14910745111609974 0.003603057443874721 0.9888144345622769 4.17603333712722
0.9866701754638064 -0.004053453725961717 -0.16268231115616688 -0.44878196247957725 0.0033732789633527504 0.9999843779042931 -0.004457009804613613 -0.06259948032505598 0.16269783600053164 0.0038488258280293805 0.9866684350380777 4.613034449883662
0.984577054328225 -0.005509932493602633 -0.1748647040836731 -0.5484061454087628 0.004658871437442891 0.9999752232735233 -0.00527709730775431 -0.07194443622835762 0.17488944795865785 0.00438103674739991 0.9845783297989721 5.109392724016776
0.9827257560401448 -0.009438036842542115 -0.18482697821444735 -0.6265899706607008 0.008153745756356282 0.9999370537537425 -0.00770746134757478 -0.07725473044985415 0.18488808735412293 0.006067288590669525 0.9827408524955555 5.559584005735084
0.9811942035708009 -0.008441996054716329 -0.19283844943805548 -0.7125771719246576 0.006694786949935872 0.9999304423552083 -0.009710318172501125 -0.08469550414938497 0.19290701051739 0.008236695570942663 0.9811824713779363 6.011191961824511
0.9796845508393378 -0.007913734528238806 -0.2003885067875418 -0.8186442808278058 0.005773189376206583 0.9999198919617305 -0.011264099771673301 -0.09535448372847255 0.20046159515266435 0.009878383726921642 0.9796517577199526 6.522264589248354
0.9780295545146224 -0.00857752776021304 -0.20828974173840387 -0.944255256886004 0.005800022236289735 0.9998859849577542 -0.013941909019875492 -0.10884152286937412 0.20838558068634902 0.012427513934118596 0.9779677942853896 7.056451790268388
0.97626920832281 -0.012483456193229912 -0.2162003612444356 -1.057983656181268 0.009331083971764525 0.9998348425815768 -0.015595461897088112 -0.12001271759634485 0.21635933941631624 0.01320798551420124 0.9762244543986756 7.573245748895107
0.9744034593932056 -0.01869998014421959 -0.2240272507199921 -1.1637627141867557 0.015296499853271146 0.9997398608058659 -0.016918268472424385 -0.13122722841251666 0.22428534373603512 0.013058386518706363 0.974436023106051 8.090149767373273
0.9724495847557526 -0.019242118264782077 -0.2323177694302511 -1.308616697518718 0.015164544523311008 0.9996982436299549 -0.01932506850134266 -0.14894290191677304 0.23261952131702932 0.015269661681425857 0.9724479398581555 8.620337407653857
0.9704242525581321 -0.015136016391834647 -0.24093084288810931 -1.4678354345896147 0.009744233781127917 0.9996750598645417 -0.02355471487496919 -0.1625162892596153 0.2412090793378383 0.02051038011857604 0.9702564116522929 9.181622238993567
0.9682161013271564 -0.012363105269948441 -0.24980939685873338 -1.625317195137342 0.005937686085543655 0.9996322767516918 -0.026458555519461642 -0.18096967997146762 0.25004464604304094 0.024134309692035203 0.9679334739954495 9.736088244679053
0.966019480470012 -0.014951104777180958 -0.2580364854403121 -1.8085504052886898 0.007937342215829823 0.99957074008788 -0.0282016694313304 -0.20318860915174636 0.258347366835808 0.02519523816333121 0.9657234790678425 10.342509977028982
0.9637976462781033 -0.017619948306617603 -0.26605193938488514 -1.9757841387065525 0.009919267552224397 0.999492828737071 -0.030260426870631817 -0.22726132712217192 0.26645019264397984 0.026525887823738933 0.9634836127901443 10.911142110200405
0.9616178074207246 -0.017142775491206786 -0.2738563815210713 -2.1568668922260654 0.00847907545612833 0.9994263486359178 -0.03278839629630682 -0.24978875332034794 0.2742613675506741 0.02920785683223716 0.9612115289406915 11.511501054301302
0.9592574419603208 -0.01625467243057002 -0.2820654988968237 -2.339451765020589 0.006218777202472603 0.9993165333724826 -0.036438893211883115 -0.27318787424440094 0.282465018814446 0.03320017699615292 0.9587029056978907 12.118966456198923
0.9568980752508223 -0.017487995689258552 -0.28989695339558474 -2.5297758789972367 0.0056612287287614565 0.9991189304355734 -0.04158501334078357 -0.3007722991683037 0.2903687725471701 0.03815144626413233 0.9561539850240675 12.745985663979269
0.9552268623045579 -0.01868619529910033 -0.2952837070294106 -2.7568746624005978 0.0043630029734756885 0.9987847710632198 -0.049091193683208315 -0.34045559217494364 0.29584219735669987 0.04560490321700853 0.9541475709059509 13.424411568646203
0.9539748147784671 -0.0194825029198818 -0.2992532119265637 -2.9639056337122507 0.002511515161153532 0.9983715114308958 -0.05699138053057763 -0.3820294530657682 0.2998762162292695 0.05361676270684957 0.9524702082988495 14.048490870758666
0.95278144164918 -0.019428951328393517 -0.3030347179766497 -3.193016852317041 -0.0004946951802322669 0.9978503346029952 -0.06553216774505502 -0.42979599468137075 0.3036565160268879 0.06258774307295562 0.9507236689445814 14.72157732175419
0.9514926124178518 -0.01877783848863705 -0.30709803206133546 -3.4148294841298488 -0.004321708484575368 0.997221629424936 -0.07436628700457511 -0.4789990985733807 0.30764123805176863 0.0720861608685548 0.9487678609972029 15.377777323953067
0.9502162024954985 -0.017784477145134533 -0.31108339860511136 -3.639074920409076 -0.007896420281988953 0.9966747464202796 -0.08109929959499043 -0.5399422250032191 0.31149127606044263 0.079518313744332 0.9469160589606108 16.033136576055675
0.9486414318709517 -0.01611386765873846 -0.3159426799387912 -3.8697843172818307 -0.012297088751070984 0.9960688321644225 -0.08772492917551052 -0.6010576500023636 0.3161142441366371 0.08710467759929275 0.9447140095257641 16.683980250932798
0.9471322033175973 -0.014915538085265617 -0.3204966710628665 -4.123485512525244 -0.015934019612221725 0.9954995011015308 -0.09341761250212481 -0.671782067998892 0.32044765010489606 0.09358562940017458 0.9426319714034865 17.372108784166745
0.9455381223350073 -0.012703006400262638 -0.3252634206909568 -4.368724226916977 -0.020594543374439715 0.9949017637576762 -0.0987235800356747 -0.7436306852188161 0.324859237200339 0.10004556012266051 0.9404559329949262 18.039763408889822
0.9437969342893973 -0.00992725376352864 -0.3303767492706593 -4.612068294832232 -0.02518806956534275 0.9944820703556241 -0.10183797372670104 -0.8172915399190285 0.3295647250199957 0.10443591994090616 0.9383390808490242 18.72218597881246
0.9420363655982488 -0.008831139525139593 -0.335394539110475 -4.883088860233749 -0.027420375296428316 0.9942829296688869 -0.10319679640209424 -0.899209441831813 0.3343884102492844 0.1064117791587935 0.9364085242815855 19.448724404105274
0.9399264764742424 -0.008467167497488652 -0.34127192368737647 -5.1633416051543755 -0.028159541709527242 0.9943624111049941 -0.10222737203004358 -0.9832005078645488 0.34021354916202656 0.10569627456078602 0.9343891258520446 20.176642258797838
0.9376487941843247 -0.007901087542778669 -0.3474943331628894 -5.442292136252527 -0.028967953862706047 0.9944872720146105 -0.1007766016987233 -1.0671632735507401 0.3463749361799843 0.10455925887541655 0.932250913096756 20.91761779765767
0.9351534217932828 -0.008211286821477473 -0.35414778338576053 -5.733203995207372 -0.02873858504061709 0.994677430026162 -0.09894899659122232 -1.1462610119068892 0.35307530561931905 0.10271019893507204 0.9299400215049045 21.64578110723642
0.9320557583886873 -0.00744457176217653 -0.3622383767711042 -6.029437521601649 -0.029246997051801893 0.994980245658563 -0.09570226701951393 -1.2300507701085543 0.36113249150130305 0.09979423380386457 0.9271593360806767 22.377939356799835
0.9287335233471341 -0.005498320128063745 -0.3707071770103533 -6.320281260468541 -0.029993937319298742 0.9954982271149323 -0.08990908483078446 -1.3108312346017599 0.36953268642341 0.09462054896687432 0.9243876596849968 23.115361762784488
0.9252050240984099 -0.001961578409130069 -0.3794625351641496 -6.634496243582306 -0.032681099958878405 0.9958592534612849 -0.08483096722899153 -1.3860756726197239 0.3780576795788396 0.09088729012174027 0.9213098780572098 23.859599333578547
0.9217143439920947 0.0018285305921672598 -0.3878650855066662 -6.97406225938306 -0.03595658700177638 0.9960855727946432 -0.08075057598276288 -1.4638454066345348 0.3861991609654321 0.08837526886090873 0.9181721080077302 24.621245840685035
0.9180143709389246 0.0026194828536728783 -0.39653846353057276 -7.337804963569415 -0.0368544693645152 0.9962137263851514 -0.07873982124482497 -1.5393961585265574 0.394830802797183 0.08689850212395131 0.9146350569987716 25.393678172052198
0.9140221018546023 0.0023328501609888204 -0.4056576822043669 -7.683267824434582 -0.037114420618076155 0.9962703845065057 -0.07789634611097285 -1.6123084002491384 0.40396301452419786 0.08625473184343224 0.9106997332442461 26.147210859805707
0.9102399815778536 0.0024588784772297586 -0.41407382174412005 -8.04986595652027 -0.03756899414092371 0.9963484999487968 -0.07666966368138906 -1.6830099870615771 0.4123733097769381 0.08534413023994275 0.9070086178296223 26.924876305311923
0.9063382562071195 0.003380040589585019 -0.42253939539532726 -8.413347951828213 -0.038695726331078616 0.9964301425957086 -0.07503073830371979 -1.7492971188832636 0.4207773830651386 0.08435369732444334 0.9032335509980519 27.680331711996143
0.9024181460666504 0.0026241124792601447 -0.4308533435907435 -8.779748119195284 -0.03767836678670621 0.9966311537246392 -0.07284699102761064 -1.8188523967798853 0.42921070621073004 0.08197229690076131 0.8994769103289425 28.459152969116314
0.8985002319935422 0.0034238634310589646 -0.4389596909361422 -9.159762281958674 -0.037426888036062485 0.9969259268219661 -0.06883258299740788 -1.8857229503072745 0.43737462336020844 0.07827498699689746 0.8958663210832025 29.240653908641704
0.8947089485214814 0.005670020608380891 -0.4466136454497141 -9.549348020828942 -0.03781645566521334 0.997290660360903 -0.06309718248725896 -1.950168935283772 0.44504585507170324 0.0733429589204721 0.8924992981847587 30.027501070099447
0.8909854434345641 0.006085760035310508 -0.4539910826354446 -9.983768864212273 -0.0368339216188187 0.9975831503217515 -0.05891621518991018 -2.0201803508986576 0.45253530448561613 0.069215762069905 0.8890562279604105 30.84798960590956
0.8874395973939246 0.005325691456608588 -0.4608932609485796 -10.409406226400476 -0.03550147236110969 0.9977525806083151 -0.05682810351961772 -2.084115608346928 0.4595547915510184 0.06679389867309757 0.8856342183218467 31.641009812358707
0.884218715140312 0.004307668206855802 -0.4670532172999483 -10.850789058630511 -0.03430388349809982 0.997855830445531 -0.055740337483765015 -2.137579815900575 0.46581166513148003 0.06530838874505239 0.8824705700401364 32.454933820586156
0.8811161414148436 0.00460615049376146 -0.4728774986355802 -11.304891839139612 -0.03408631789295515 0.9979701915702699 -0.053792375572142066 -2.192078656982156 0.4716698721253192 0.06351598314458193 0.8794846511534254 33.28322245211566
0.8782267185488908 0.003424672704272866 -0.4782322683003659 -11.772152701294354 -0.03249195272398384 0.9980910946510382 -0.052520850968646435 -2.251167048744329 0.47713950144064504 0.06166391485428894 0.8766615411718572 34.11368216012713
0.8755666387431139 0.0018322678775536203 -0.48309388726675784 -12.247857518678469 -0.030958004115202508 0.9981502425104158 -0.05232299071725106 -2.3096252343449706 0.4821044109954662 0.06076788766132417 0.8740037761519656 34.96560924199229
0.8735814356984086 0.0007421753524212793 -0.48667743360345966 -12.76101283654301 -0.030203994891533015 0.9981538411718911 -0.05269371923093032 -2.366971048825419 0.4857398417833317 0.06073185761642825 0.8719910822793783 35.842179918456914
0.8720798388699469 0.0008935600578900761 -0.4893628062971144 -13.21813300852682 -0.03084469556038858 0.9981103236778296 -0.05314495764906889 -2.4244278552632337 0.48839058077767183 0.06144089288216181 0.8704594518353459 36.66311588929913
0.8715253227066727 0.0006000440184258508 -0.4903501318733408 -13.707696643379988 -0.030016597628301278 0.9981891667345612 -0.0521286032862887 -2.4815133067088544 0.4894309100862428 0.06015004040675719 0.8699651469405066 37.52088752646075
0.8713568434187493 0.0012350166600662688 -0.49064827133208105 -14.205092005525898 -0.02982118633988254 0.9982813942322158 -0.05044754478724795 -2.5445169844250604 0.48974273682474606 0.058589526910777276 0.8698961541838076 38.398638434173655
0.8709445528703109 -0.00037823439071297377 -0.4913811583325887 -14.704668601322215 -0.027706382366013263 0.9983710219529365 -0.049876436328529866 -2.6075878800436145 0.4905995741964312 0.057054004797132844 0.8695153238068257 39.28189793651652
0.8704228065138725 -0.0021064436815650413 -0.4923004172205492 -15.232075647392584 -0.02620118723933259 0.998375379592017 -0.05059742297530329 -2.671268133891167 0.49160719653780505 0.05694000631812975 0.8689535085335298 40.19885336864676
0.8692166687776908 -0.004585462457586073 -0.4944101093758714 -15.743931224762754 -0.023880836100705877 0.9984005795188682 -0.05124439953317349 -2.7241580540769936 0.49385431899107907 0.0563494130442751 0.8677169211577146 41.091943057636975
0.8676980091600894 -0.0047773367544596945 -0.49706874972497356 -16.290677275916693 -0.02275269449573291 0.9985241027243936 -0.04931461417901833 -2.7867037814628444 0.4965707198303156 0.05409984595150021 0.866308678748647 42.02446313745231
0.8655414047883035 -0.004154806635722391 -0.5008201415467496 -16.82554823206515 -0.021554145577439707 0.9987301221845464 -0.045536379408830284 -2.844067448499188 0.5003733560108022 0.05020837204150466 0.8643527196529373 42.93836704122311
0.8624541519509388 -0.004596002405576534 -0.5061143275431667 -17.32984216610998 -0.01912652390531466 0.9989485766333704 -0.04166434117394782 -2.9015388032875316 0.5057736765252651 0.04561379181834825 0.8614594419530553 43.82672898364522
0.8585615676460073 -0.004632776319347096 -0.5126895473332794 -17.89160328781708 -0.018260647295461476 0.9990484518354543 -0.03960731808047912 -2.962728616098754 0.5123851903808103 0.04336736409735295 0.8576600074678018 44.740573754783775
0.8531883451257244 -0.008366221534107463 -0.5215358607793595 -18.423124004467965 -0.01576939511918342 0.9990005876212562 -0.04182286587449192 -3.019060751574146 0.5213645307452366 0.04390708678132597 0.8522037278791835 45.63118123350726
0.8472156736217195 -0.011786915281847807 -0.5311183210903496 -18.999818141913128 -0.014316620703631463 0.9988841655247018 -0.04500509121914922 -3.08120164243573 0.5310561521546683 0.04573283822543827 0.8461015723697272 46.54556516042314
0.841097647176057 -0.011847685551424557 -0.5407535300504032 -19.563015816767095 -0.01453176591899085 0.9989041982461879 -0.04448854352990112 -3.1370385674811163 0.5406880576581787 0.04527731300784969 0.8400038031060431 47.41623660456753
0.8353249725794055 -0.008648526740545073 -0.5496884510069591 -20.164341518778926 -0.015438744647040899 0.9991128622440734 -0.039180781796373736 -3.1964005981677164 0.549539657667157 0.04121518511021935 0.8344504018618454 48.30693818953175
0.8302577609651794 -0.003935020946238018 -0.5573657380636482 -20.77393322633668 -0.018569233144432918 0.9992247089164407 -0.03471548172326374 -3.2512095290740435 0.5570702235243883 0.03917265246320708 0.8295409992046726 49.18790488976931
0.8262105081005443 -0.004216736282782984 -0.5633457334881996 -21.38361913444454 -0.019686927910195686 0.9991451173245299 -0.03635188297745083 -3.301670018630705 0.5630174252842415 0.041124854548909344 0.8254211804676667 50.064192616584656
0.8227557095122887 -0.006470865721454583 -0.5683583115973063 -21.979465439503578 -0.02010760525419614 0.9989779508568514 -0.040481327952320276 -3.3550027026284996 0.5680393707093451 0.04473456827395065 0.8217846991307858 50.91819415672761
0.8197385755871068 -0.008917249178612113 -0.5726684471502712 -22.607278193852242 -0.022291530428393776 0.9986244244963571 -0.04745889242781798 -3.4123363524937043 0.5723039012321841 0.051669540992752325 0.8184121841517403 51.79030381837887
0.8164217957207622 -0.01025593957175907 -0.5773649341409482 -23.212735213016213 -0.021893898423329703 0.9985736101915681 -0.048697045503835655 -3.4764239887719226 0.5770408206391564 0.05239809855781137 0.8150327174927494 52.63872236317153
0.8130620512703245 -0.008612978181282047 -0.5821133200597082 -23.82142402026277 -0.021463844122517086 0.9987672856860603 -0.044757261296683955 -3.5342144995602376 0.5817812339527402 0.04888482024252602 0.8118749104204934 53.48863581959866
0.8098425028369828 -0.006155191010361712 -0.586615064776172 -24.455274798341463 -0.020930929206483113 0.9990051333694001 -0.039378162782635596 -3.5952181679452666 0.5862738411367857 0.044168508297298 0.8089079836875834 54.358325926260115
0.8069149446767009 -0.004707650358271255 -0.5906488890072474 -25.133947179511335 -0.020769482902131337 0.9991237217261878 -0.03633754620203036 -3.650840485935073 0.5903023806807582 0.04158878108469719 0.8061100871782461 55.24248718501221
0.8038000366406786 -0.004617185330737095 -0.5948816543616551 -25.785019032047487 -0.021589021187920256 0.9990847973990916 -0.0369253540288973 -3.6986931505337894 0.5945077083273075 0.04252351356171635 0.8029647162446059 56.10737552235746
0.800085366616011 -0.005872865820263449 -0.5998574127023641 -26.41226909297961 -0.02160706142561468 0.9990211009645014 -0.038600190727780564 -3.753995171416247 0.5994969066004162 0.04384460371275459 0.7991752684497963 56.94563234522322
0.7962243051286656 -0.008468893375396152 -0.6049422565562467 -27.085734657687027 -0.020728077101972133 0.9989331281491984 -0.04126684269128558 -3.8072535987934613 0.6046463451820605 0.04539695288286178 0.7951992919557512 57.812691384018
0.7919353341773923 -0.009667126503358542 -0.6105284376231005 -27.751923326416495 -0.019843148744154902 0.9989390949597685 -0.041556395523091844 -3.863602058179818 0.6102824558589691 0.04502478457607938 0.7909033397606964 58.669396879223164
0.7874633885233193 -0.009731639435564068 -0.6162845989713371 -28.419692457770463 -0.019520828159709507 0.9989799855750728 -0.04071763362945096 -3.918583032226738 0.6160522291196795 0.04409403150449343 0.7864701948467946 59.51198232243679
0.7823459249273951 -0.009251826388001276 -0.6227754470577486 -29.052658700515543 -0.019896566037763293 0.9990081330483704 -0.039835621786414865 -3.9741017303203714 0.6225262889303541 0.043556329180632694 0.7813858622850236 60.317110576426934
0.7771506758222044 -0.010280382415331482 -0.6292305943026607 -29.724079052668607 -0.020024288499753223 0.9989563119390119 -0.04105258466017889 -4.02773057486146 0.6289959101132263 0.04450393886609411 0.7761337155968924 61.13402338600988
0.771773553457239 -0.011366003307088483 -0.6357958761684475 -30.388680323636468 -0.01983920157955133 0.998923150944428 -0.04193977334150107 -4.083826733505417 0.63558790758216 0.044981690453714016 0.770716977404325 61.93981838133363
0.7661628159025766 -0.012709731745199663 -0.6425208185321262 -31.093348041305457 -0.019247763704973466 0.9989020448685966 -0.042710986287938346 -4.142581607401001 0.6423582046806809 0.04509065841497501 0.7650769695939861 62.76613548901042
0.7606913580497291 -0.014101688568820003 -0.6489605536301577 -31.820724737934448 -0.018711615120731113 0.9988721502483646 -0.04363831937387915 -4.204949609042592 0.6488439976204052 0.04533839253558738 0.7595695471214347 63.581849974215714
0.7548093385492505 -0.015658733915137273 -0.6557573228649545 -32.53281703525553 -0.018058611966148108 0.9988400165004011 -0.04463751753098581 -4.268931569379158 0.6556956222003435 0.045534882119621964 0.7536509971715406 64.39075240955698
0.7485693644996617 -0.01667552825699592 -0.6628467645617022 -33.23944840757146 -0.01741752547120362 0.9988441982289541 -0.044798409244214896 -4.326174103085223 0.6628276822365136 0.0450798671437959 0.7474137202642656 65.19973230488051
0.7419469910830226 -0.01661281828728514 -0.6702526961463093 -33.96231226494549 -0.01660255779838151 0.9989311680293756 -0.04313787910889234 -4.383738772546805 0.6702529503832091 0.0431339287338358 0.740878159142641 66.0169730482386
0.7353282996989836 -0.017308995270242808 -0.6774899928002852 -34.696141378316135 -0.015510584964028786 0.9989821160294624 -0.042357450435148145 -4.439051174826202 0.677533551505659 0.04165489810366928 0.7343113481678615 66.80466972663355
0.7290527692522649 -0.01892841686653514 -0.68419571372563 -35.451242389714764 -0.014364069072592562 0.9989742758131854 -0.04294263363132323 -4.502651585734257 0.6843067537042707 0.041135280459028256 0.7280330731060781 67.60564130386179
0.7227746646380597 -0.020613096234346182 -0.6907762911543557 -36.25249676743448 -0.014176793510215436 0.998902487482827 -0.044641225637128384 -4.566472412777663 0.6909383494083272 0.04205853973035514 0.7216891827876086 68.41958391424305
0.7168332291244305 -0.019721974940783895 -0.696965684469092 -37.03139755717913 -0.015832233132750013 0.9988817467332147 -0.04454880960506637 -4.623696930382611 0.6970648908222721 0.04296859024488997 0.7157193851191263 69.21581602289389
0.7116878914731558 -0.018998991161276 -0.7022388364832441 -37.87497115442301 -0.016242571439349273 0.9989219555404132 -0.043486844129586255 -4.6918906610723505 0.7023079979635185 0.042355224874471124 0.7106120678135904 70.041390811004
0.7066145356405374 -0.01875613949593476 -0.7073500584948798 -38.69930128575224 -0.01692860534285702 0.9989144165093462 -0.04339828119793121 -4.753249046317575 0.707396155165299 0.04264030629577983 0.7055299312831128 70.85771402478528
0.7017375075738566 -0.019934858849627538 -0.7121566343626027 -39.52760156417169 -0.016645199018498088 0.9988768234383262 -0.044362472286725074 -4.816793107355481 0.7122411163459044 0.04298479964360949 0.7006175127599495 71.65760134628285
0.6963845094220282 -0.021878582230219514 -0.7173353070054681 -40.3536991364822 -0.017234576700293377 0.9987371213551548 -0.0471924972127618 -4.87826158873614 0.7174619044959787 0.045227094388323466 0.6951279921929431 72.45394731908597
0.6912808590277973 -0.024521107093973524 -0.7221699863942487 -41.17455950108471 -0.016539119012931328 0.9986252611582409 -0.049739776023896454 -4.940998953199344 0.7223968656383145 0.04632821045019059 0.6899249708717764 73.23591010606053
0.6861502778011461 -0.024961202333837956 -0.7270314536878382 -42.00531341744169 -0.016916860365814246 0.9985933707675795 -0.050250370092200625 -5.010842915188531 0.7272630996474165 0.04677839498196615 0.6847628535881191 74.00810696511714
0.6813859243928247 -0.024370560442100248 -0.7315184876837124 -42.86304924793708 -0.01681520753856082 0.9986604968094152 -0.04893322907599192 -5.077986562636325 0.7317311465523149 0.045643048716166625 0.6800634097414219 74.7977525466195
0.6762196747324922 -0.024233665884567428 -0.7363013519901139 -43.697720694762296 -0.01645982030859477 0.9987123305741407 -0.04798703027457994 -5.1468552291028145 0.7365161409094071 0.044569161950387653 0.6749500455463019 75.56467098273329
0.6709358015857863 -0.02559374420236299 -0.7410736201000103 -44.545974184476634 -0.01540604963716556 0.9987073056392963 -0.04843935690397423 -5.210479414311893 0.7413553829203712 0.04391671572872307 0.6696741881651054 76.33718747914345
0.6663035729081374 -0.026655277587174342 -0.7452040290461351 -45.42823059646531 -0.014334417055763084 0.9987183761229655 -0.04853998024283346 -5.278942060504491 0.7455428044166991 0.0430244276086731 0.6650675344740791 77.10759923066777
0.6616515837216491 -0.02762998548086859 -0.7493021858108737 -46.28444596558852 -0.013231719266638289 0.9987349747426688 -0.04851156388949946 -5.337784409185 0.7496946734263745 0.04201230924482887 0.6604489855454696 77.8644497923741
0.6575202270629616 -0.02859634718224632 -0.7528940163999821 -47.17053529322031 -0.011833362724509442 0.9987642584395043 -0.048269323492384476 -5.408974704878949 0.7533439603061126 0.04064732453206153 0.6563693110427155 78.6385206108214
0.6536325081270377 -0.03136360349103479 -0.7561619328527508 -48.051118072049974 -0.009484939398177293 0.9987229688720671 -0.049623254346846064 -5.477202358092986 0.7567526546000136 0.03960752230847135 0.6525003171895154 79.39644041030579
0.6496247086728659 -0.03606926534160114 -0.7593989373046316 -48.95903986616297 -0.0060839721671731555 0.9985952889948474 -0.052634913127704144 -5.552412735198769 0.7602307039079387 0.03881310210494795 0.6484927292889511 80.15071423678374
0.6450871323876037 -0.040345062585442654 -0.7630431623131866 -49.909667040154595 -0.0014803684107709686 0.998537237220274 -0.054048074839571095 -5.628196526729491 0.7641075841380617 0.03599530260287111 0.6440837973844905 80.92916179608483
0.6382481674417315 -0.04400408136132423 -0.7685719989570337 -50.8291682821574 0.003876716143573311 0.9985360498672385 -0.05395116483883444 -5.7067922112144736 0.7698209193242358 0.031454696613875864 0.6374843952848729 81.71076218724681
0.6299677604643358 -0.047757585824877456 -0.77515149085306 -51.781477085729634 0.00857333693777432 0.9984742843462595 -0.054549073254915724 -5.785037626110204 0.7765739621370901 0.027718522604900323 0.6294160506654604 82.48139029678936
0.6208112404516735 -0.048551110086864385 -0.7824552341432579 -52.72896511520113 0.01134967900441518 0.9985324716553567 -0.052953638556144704 -5.868782631812866 0.783877916843783 0.02399359829561666 0.6204512218744372 83.2364025096851
0.6114439666109285 -0.046875185016085404 -0.7898980900880793 -53.593396090932124 0.011369720976067938 0.9986612206443594 -0.05046281627137508 -5.93948305935601 0.7912060446811675 0.02187426366349479 0.6111583358256382 83.9396074814088
0.602847337077136 -0.04653809032660607 -0.7964981445852547 -54.65440270727072 0.010993648857337834 0.9986871636964215 -0.05003087799340168 -6.024666085443615 0.7977808144244926 0.0214045606528582 0.6025675206310525 84.70475643130628
0.5934778135125363 -0.047761839695742964 -0.8034319458032846 -55.63449292171345 0.010294750277883846 0.9986064932030206 -0.051759925130103614 -6.1000406387007775 0.8047845071726306 0.02244723594646373 0.5931424943580352 85.41468258835297
0.5837090505820578 -0.049876124896345464 -0.8104295875854431 -56.62444466094745 0.010742328280446911 0.9984986148267535 -0.05371329976981381 -6.1755795408384415 0.8118918318666021 0.022647038534233797 0.5833684641750223 86.11257548774051
0.5739420781703628 -0.05162782726618833 -0.817266822009344 -57.66660160042694 0.011330269753621176 0.9984157625912535 -0.05511433567256524 -6.251797597340557 0.8188175107389892 0.022372582798836783 0.5736177748693958 86.82616672564444
0.563860670179251 -0.052413442285888345 -0.824205056823085 -58.67390212930316 0.014193219627142428 0.9984517021625232 -0.05378430036142407 -6.330715479053395 0.8257479622388546 0.018628728257619534 0.5637315614207573 87.51682721206073
0.5536325632499415 -0.05258332263862293 -0.8310992594687938 -59.66244440260797 0.015582769430331793 0.9984838731587766 -0.05279329823680027 -6.402810789866485 0.8326152546081425 0.016277260891233707 0.5536125798531861 88.16775801118358
0.5433558896953783 -0.05297402557456526 -0.8378294156615441 -60.66019157174008 0.015578733044853368 0.9984715090896796 -0.053027809806600275 -6.483738869704485 0.839357897568172 0.015760651972342242 0.5433506433596522 88.81617823052878
0.5330113449791012 -0.05370455891266801 -0.8444019934104611 -61.69382898975011 0.014687493572860697 0.9984204955374454 -0.054229066221900483 -6.569240884696564 0.8459806047753801 0.016502558672765344 0.5329582365449826 89.47380750444145
0.5228892974988102 -0.053917225578164765 -0.8506936671605997 -62.72356690175164 0.01311616454162938 0.9983882730260267 -0.05521614357970365 -6.651193953249136 0.8522996824996 0.017714092413980295 0.5227537299159458 90.10540472065482
0.5128312399591796 -0.05493429375316367 -0.8567300290591935 -63.78061579915147 0.012257322853517574 0.9983173861235249 -0.05667587317321986 -6.737260726398373 0.8584019322895287 0.018563941750705526 0.5126416903728017 90.7348766901847
0.503157678476017 -0.05495351049341283 -0.8624456285906204 -64.8556083468207 0.011929000039528098 0.9983227248292258 -0.056651884766494916 -6.81805581192963 0.8641122898956383 0.018216716882848153 0.5029692850237778 91.35376799045942
0.4946954927870333 -0.052686893785225515 -0.867467844153 -65.97302118695588 0.011001671352668357 0.9984603062377277 -0.05436892582256942 -6.903880688212931 0.8689967391444254 0.017352466421714664 0.49451345711258743 91.97558229786918
0.4869273442888814 -0.05096173468683764 -0.8719545074036148 -67.09776660007604 0.011240955215897963 0.9985793842721293 -0.05208506726997102 -6.991434024731794 0.8733701404957779 0.01556004191484657 0.486808466222598 92.58524415628476
0.4791804653159764 -0.05098999188715075 -0.8762340454392922 -68.20748422475347 0.011403528982104677 0.9985885331521179 -0.0518738950132315 -7.07961877298117 0.8776423196190588 0.014864796817915991 0.47908558382531696 93.19105577616128
0.47158387660686196 -0.05418588647712794 -0.8801548369640008 -69.29475530560462 0.013288630904471363 0.9984336482798748 -0.05434760593818556 -7.156064366113016 0.8817210781268259 0.013933401925429276 0.4715652666361859 93.77016679797836
0.4646259209009841 -0.05789630142208364 -0.8836123425510481 -70.43384376166564 0.016245629709103763 0.9982496804583305 -0.05686523525128381 -7.2391862398300555 0.8853580254011769 0.012066223372398117 0.464753238946499 94.35512696003808
0.4587443308622234 -0.06042256519367319 -0.8865115636680563 -71.5929538557679 0.016906525839822713 0.9980982520529081 -0.05927941154351259 -7.332343555748822 0.888407456230418 0.01220626332397675 0.45889345043252555 94.94074062608824
0.4531275499433529 -0.06374271788499981 -0.8891638147152426 -72.34756879024702 0.018856432413010247 0.9979024436197445 -0.06192857155130431 -7.396319206729317 0.8912462389480198 0.011295084522259805 0.453379049611524 95.33025986559956
0.44853126911583574 -0.06471081961704835 -0.8914214550086971 -73.29969642286481 0.02141595286307237 0.9978672854408435 -0.061662286771390185 -7.474242214291004 0.8935105246097036 0.00856682388055631 0.44896052381060875 95.79627721195658
0.44407601278302977 -0.06210262098517237 -0.8938343019472309 -74.37046890760868 0.023320524815580015 0.9980582068351973 -0.05775784700995194 -7.563974439496475 0.895685574291032 0.004804189387532275 0.44466197473055574 96.3362991100875
0.4404416030923807 -0.05952395398918478 -0.8958058345238115 -75.48294638915162 0.02560788845626966 0.9982266111675974 -0.05373889471932033 -7.665622221898392 0.8974159739575782 0.0007291490496255685 0.44118481164636575 96.88643771148216
0.4373458829707551 -0.05951508891892885 -0.8973218669125911 -76.5246846692546 0.02806498017130419 0.9982249596262368 -0.05252891458206695 -7.736840113301169 0.8988553473927373 -0.00221001587279323 0.43823986616158966 97.36671670919763
0.4342510441558454 -0.058832311409313165 -0.8988686165306871 -77.57971137814754 0.028863555134521972 0.998261290920831 -0.051393484354142656 -7.824150575840031 0.9003293429820886 -0.0036268696283349054 0.4351941175867906 97.89577639866555
0.4324217250052006 -0.05821819467780836 -0.8997900274797335 -78.68300783749783 0.030931323367441595 0.9982838193910087 -0.049725940683172876 -7.899990608529845 0.9011407797776491 -0.006329119255053796 0.43348037703129166 98.39730232590254
0.43019764084008805 -0.057501492531863874 -0.900901530785816 -79.79201400506295 0.03265117646593192 0.9983074128226586 -0.048127021294778784 -7.976237644467057 0.9021440519623333 -0.008711363838444345 0.4313469852091955 98.91886679677349
0.4280753174416145 -0.05793745606571585 -0.9018840134861523 -80.78684081157216 0.03435214814617934 0.998264896378694 -0.047823912175454945 -8.057884448194134 0.9030899470789208 -0.010509416856142267 0.42932283848211567 99.3942011524518
0.42645721505661877 -0.05882551952772573 -0.9025928218075091 -81.96098512126272 0.03717790910744402 0.9981796201639285 -0.04748946160761992 -8.129091288537849 0.9037433522856783 -0.013304290348470115 0.427867910759586 99.91494850726743
0.4244559884582749 -0.05870380290085476 -0.9035435669556185 -83.04190956270756 0.04114018694880485 0.9981158469446796 -0.045521874914268456 -8.194127172665658 0.9045134597559783 -0.017849918847737435 0.42607133383672285 100.41179603213855
0.42228425688073534 -0.05792673257893739 -0.9046106897684824 -84.12648729278433 0.04257357970583136 0.9981221847651209 -0.04404082867886425 -8.265306625636043 0.9054631393390453 -0.019914766692542305 0.4239574334362667 100.93428077965744
0.4202358084971352 -0.05895265751108814 -0.9054979013941092 -85.15071983252663 0.0446525699010912 0.9980219322281693 -0.04425348339697544 -8.340530004615403 0.9063156256282862 -0.02183590996315289 0.42203694124815044 101.42876760474381
0.4188562043480647 -0.06051663713524187 -0.9060337834258556 -86.18666990101603 0.04608287609093056 0.9979077197984717 -0.045349214963321054 -8.402728040682737 0.9068824888651916 -0.022757842526112546 0.4207686204949669 101.9120325817486
0.4188421929919531 -0.0618042576456592 -0.9059533382611694 -87.29508430035618 0.04616935004112939 0.9978401250578628 -0.046727678535037696 -8.482083433085805 0.9068845618304879 -0.022255753444074097 0.42079100863987845 102.41160473159064
0.4189335355761403 -0.0625726346239399 -0.9058583543611496 -88.26282088289702 0.04487677691926198 0.9978304405946612 -0.04817143049555464 -8.542953287367276 0.9069072541682633 -0.02047137559785465 0.42083269254909217 102.87545746865858
0.42120673987978435 -0.06223225166606913 -0.9048270713967452 -89.31975207169991 0.04272124599275516 0.9978971390556551 -0.04874623067838163 -8.621917102429451 0.9059579335822803 -0.01812309899257812 0.4229796400091094 103.35769677910127
0.42534732543655124 -0.0623786047029346 -0.9028779332884835 -90.25929222307492 0.04060732597738731 0.9979325873955606 -0.0498156209532035 -8.6892779817927 0.9041187409964155 -0.015474517417433015 0.4270009853498697 103.8009189313881
0.4303661997652873 -0.06285876334749292 -0.9004630530843586 -91.25059940967883 0.03942043953825605 0.9979294300754579 -0.05082205757215688 -8.765085920406959 0.9017931930582532 -0.013624553558967665 0.4319530165355072 104.27253527556094
0.43597721412251966 -0.06319517862678571 -0.8977361740312635 -92.23485012750915 0.038843915669880096 0.9979232837581457 -0.05138355718297254 -8.83001046703103 0.8991190238124217 -0.012469528125537746 0.4375265613501991 104.75526916981796
0.44264870512910703 -0.062147828447811505 -0.8945388595621444 -93.23697968749251 0.03768899885357464 0.9980032323167257 -0.050686168239158585 -8.897684429591443 0.8959027085643528 -0.011278107313500773 0.444107127934788 105.24878754260186
0.4506523408123695 -0.060337362629697196 -0.8906581108322205 -94.18298662748087 0.03569134175090202 0.9981332624153688 -0.049559243174796 -8.972357080907258 0.8919857598887754 -0.009454794071319023 0.4519646125801418 105.73197898868283
0.45983916601763075 -0.05994820393370419 -0.885976384697317 -95.14847823993665 0.035353685992171376 0.9981635483295284 -0.04918991434184307 -9.041081345884436 0.8872981789020985 -0.00870308171364129 0.46111408359072054 106.2143291232739
0.46948355307349526 -0.05992063001256572 -0.8809056200821845 -96.11097632242628 0.03505028325440702 0.9981729083345396 -0.04921709774802167 -9.104956967253523 0.8822452442701381 -0.007769373581577316 0.4707259986413324 106.7048312696741
0.4783905679934365 -0.060785695189241276 -0.8760408459171706 -96.98938541098227 0.03383840042662048 0.9981364932645864 -0.050778966807402015 -9.164293241608705 0.8774949726986973 -0.00535164216111198 0.47955597464185223 107.20131944625658
0.48911758968850727 -0.06270045946931482 -0.8699612841038593 -97.90600161508749 0.0325367513809325 0.9980302425100858 -0.053637625272005475 -9.227015361043556 0.8716107750979692 -0.0020706080222697666 0.49019421591399887 107.69110727430318
0.5008782357896692 -0.06355258796115623 -0.8631813607091282 -98.85438364344188 0.030901300870575202 0.9979778303277749 -0.05554601496739735 -9.303243889290924 0.8649659545419904 0.00114836304886693 0.5018292326534755 108.2193476232649
0.5131538656124522 -0.06150674479647653 -0.8560899663887741 -99.77395216101255 0.02839241457103203 0.9980995920066655 -0.05469072344501703 -9.379280252495859 0.8578268945433138 0.003758294913136886 0.5139249889016149 108.76719007718125
0.5262015903855265 -0.05863429467787904 -0.8483359627903111 -100.7115363571788 0.0264683607686859 0.9982659171967114 -0.052579315720271434 -9.455931843149608 0.84994782907774 0.005213257237200842 0.5268410669215342 109.33499096971205
0.5389145405312363 -0.05606455625372494 -0.8404926433563077 -101.62954067329161 0.02572228030149963 0.9984126329993491 -0.05010567396396312 -9.532472789610258 0.8419676254465485 0.005383288898533486 0.5395011936043705 109.90057774616388
0.5512164714870544 -0.05573866678621724 -0.8324984099601934 -102.5180380433729 0.026040890154830576 0.9984293227659187 -0.04960604278833687 -9.602120060716437 0.8339557983498328 0.005664668222374068 0.5518021728234025 110.46434161302562
