0.9977822120635979 0.0031914304835788474 0.06648663069326069 0.04248036250436253 -0.00018392594121883175 0.9989783108946844 -0.045191819317786104 -0.049367990263707834 -0.06656292857681143 0.04507936482995032 0.9967633758349103 0.9976865515379718
0.9960936878877645 -0.008449368652173021 0.08789751486551076 0.17668611812263008 0.009206599548639156 0.9999238889483191 -0.008213089261687477 -0.13143437616010034 -0.087821429474269 0.008990243592312985 0.9960956641032261 1.9854252513283779
0.9243431159587052 -0.37204720910756967 0.08467985696150128 0.27344663330267793 0.30362076394605864 0.5827742653502076 -0.7537828515868064 0.14494840860925107 0.23109356477531712 0.7224645526534806 0.6516446381875957 3.3142011805894107
0.9885586672157328 0.052326659750871723 0.14146972167913133 0.45616437226799 -0.04526110145220136 0.9975835897856036 -0.05271066387176099 -1.5502326779806408 -0.14388604577229813 0.045704508199790383 0.9885382662103817 3.2873592056108496
