1.0 0.0 0.0 0.0 0.0 1.0 0.0 0.0 0.0 0.0 1.0 0.0
0.9990453838591697 -0.0006634244478180523 0.04367929552644129 0.03098949938695093 0.0007679226527315325 0.9999968832598194 -0.0023756610546314377 -0.0280040733672946 -0.04367758331780249 0.0024069355307336547 0.9990427795529415 0.9991974761649081
0.9960389338045239 -0.004850799023568825 0.08878576515624721 0.1312394744262497 0.005520681554728903 0.9999581084284873 -0.00730092208510111 -0.045280671229789494 -0.08874663047529531 0.007762160585454591 0.9960239878849941 1.995655879422962
0.9909900462183986 -0.00436841835331774 0.13386427909321727 0.2889284352429664 0.005920075755918536 0.9999198043130954 -0.011195429670400096 -0.07039507057887068 -0.133804637434958 0.011887046039747884 0.9909364344585118 2.985374989119207
0.9837987665900823 -0.002149744506673327 0.17926339686168202 0.5005170141793308 0.0046261120201608755 0.9998995514804805 -0.013397239891502342 -0.10816114313751889 -0.17921658947600194 0.014009480635968146 0.983709890419376 3.9656873023458243
0.9743843897264182 -0.004645359833337815 0.22484101425116917 0.7327994101789841 0.007827789510493899 0.9998813785951597 -0.013264782320939724 -0.14057724439226627 -0.2247527236072014 0.014685004959526743 0.9743051697802304 4.9396002822861185
0.9628793386570726 -0.00549071389345263 0.2698763258388159 1.0013970915711567 0.009754711637119013 0.9998478482711809 -0.014461186271037468 -0.17045498313950075 -0.2697558614528981 0.016556943209096113 0.9627863952317646 5.90357207484016
0.9495413135226903 -0.008044935139947192 0.3135387901555377 1.3241642740126076 0.014105079583118194 0.9997548942114078 -0.017064531352775858 -0.20041900887566255 -0.3133246569351959 0.020625967102902373 0.9494220499006285 6.850312343454327
0.9344169850120566 -0.01006326734843439 0.3560388023393689 1.6677946781432733 0.017894169358362855 0.9996648513310447 -0.01870785172738125 -0.2322488766792324 -0.35573121429522114 0.023851953034361533 0.934283890213512 7.789784640358821
0.9172359409786615 -0.009876115247255802 0.3982219116580761 2.069479530287296 0.019151639513702023 0.999629885108328 -0.019321167207167703 -0.2662945119811474 -0.397883705724332 0.0253486714826053 0.9170856020967398 8.70618042700796
0.8977853706132057 -0.010345128996681486 0.44031171528696683 2.5102810217284786 0.020453964181727093 0.9996247819885906 -0.018218962196409567 -0.28750041188546355 -0.4399580248866493 0.025362837780965992 0.8976601042697256 9.605058969179014
0.875976123721829 -0.010123951041408522 0.48224821024508757 2.9910352861078597 0.021160771982647625 0.9996237541744071 -0.01745198611510281 -0.3113215095438954 -0.4818900833160788 0.025492267564391154 0.8758607719815108 10.482524303716698
0.852173540813587 -0.010184595670545554 0.5231601383403185 3.521240044236087 0.022009779690079376 0.9996233728438282 -0.01639152410003028 -0.3367800793529464 -0.5227961609798103 0.025483062519155917 0.8520767498232873 11.331824555481985
0.8265402179809922 -0.010491448825177623 0.5627798837569467 4.068490971436555 0.023649975211140144 0.9995906578419663 -0.0160995474338938 -0.3782199434465473 -0.5623806066468205 0.02661665374558604 0.8264500027291073 12.168592438501912
0.7993883713534741 -0.012075977072690145 0.6006932682514264 4.6747897911099905 0.02700834991618698 0.9995095662777838 -0.015848531603912887 -0.40333606329211674 -0.6002072815116831 0.028892865848428487 0.7993224765533745 12.96528342471502
0.770897176249599 -0.01113434019950226 0.6368622850496931 5.320898003845413 0.02771048172546354 0.9994868375136833 -0.016068317878292125 -0.4437048407768619 -0.6363565610983651 0.030034781590962827 0.7708101186685641 13.728617773938845
0.7402991458460358 -0.014352158429866455 0.6721243859644089 5.992965735777785 0.032664228091487 0.9993591880073049 -0.014637675654496092 -0.47547523497554 -0.671483598357262 0.032790683033186885 0.7402935554517547 14.469675703581489
0.7085941323531563 -0.01368073008561536 0.705483659072981 6.711308357691967 0.03320952600637842 0.9993506808946478 -0.013976550999225408 -0.5108248348962328 -0.7048343656328833 0.03333247995164495 0.7085883592066441 15.166573871231034
0.6742907410480484 -0.012064798699001946 0.7383674133987945 7.479094582950687 0.0339592441666699 0.9993153469621494 -0.014683564333842155 -0.5482505134358586 -0.7376847336582898 0.034975390752215285 0.674238797288637 15.811827742839426
0.6396111813213061 -0.013461172626648085 0.7685807267686843 8.283181724096499 0.03853430858533842 0.9991510695360363 -0.01456870985513714 -0.5925697468615266 -0.7677321432574077 0.03893503661881978 0.6395869128843071 16.41345163751037
0.603066132389001 -0.011663619170991268 0.7976059177019726 9.07422108739255 0.03846056292346688 0.9991553610357804 -0.014468918863131444 -0.6288399389264357 -0.7967634687063543 0.03940208752454522 0.603005348594626 17.025343134056403
0.5651422317776033 -0.010297787000602918 0.8249292172328 9.882421478368437 0.0415858847533287 0.9990065124674796 -0.01601880884600542 -0.646335984279584 -0.8239447020587681 0.04335831673914721 0.5650090125996534 17.613991520321004
0.5269077216898571 -0.008586231742682483 0.8498791263750776 10.747596573485204 0.046294325096549106 0.9987544530034157 -0.01861123503966161 -0.6701008663178122 -0.8486607616046936 0.049150984021761546 0.5266489271632798 18.119964336724568
0.48837263501771144 -0.007571094487429941 0.8726023423611236 11.621826468750177 0.04807876891572118 0.9986769289875599 -0.018243450537758308 -0.696131671056833 -0.8713097046087604 0.05086324838463782 0.48809049224335127 18.606539194427437
0.4498162089979658 -0.009139911235133049 0.8930743754835383 12.501278404549026 0.053201528968921094 0.9984461798969557 -0.016577791304742868 -0.7250791522815656 -0.8915351790243988 0.054969881496947495 0.4496035327820994 19.08164842053267
0.41327874765169836 -0.009609389078234805 0.9105538624271419 13.427218725033432 0.05712648559018724 0.9982482681942482 -0.015393495096863937 -0.7448494852419526 -0.9088108941818189 0.05837854647664798 0.4131037447515043 19.46528562191298
0.3782960231128974 -0.007250808058921662 0.9256562778264178 14.361897426405363 0.058606131087302164 0.9981508236520826 -0.016132409666435615 -0.7777998927856129 -0.9238276031251411 0.060351959580119935 0.37802142886203627 19.823967003892424
0.3450487504344805 -0.00784016357616392 0.9385520186216117 15.303213996611191 0.05931944654239561 0.9981481642319804 -0.013470170831510454 -0.7926039263336482 -0.9367083660806638 0.060322251909433904 0.3448748509808558 20.16364152176879
0.3117548835339911 -0.009274795712697483 0.9501172931576369 16.254718662222597 0.06175671615936543 0.9980357770292425 -0.010521206149793383 -0.8101758946180997 -0.9481534689078128 0.06195616138950677 0.31171530835677336 20.47274230902493
0.27895163231012593 -0.009168844176278876 0.9602613806292467 17.215141707064053 0.06227777894860998 0.9980221290306546 -0.008562021627294995 -0.8344337351952202 -0.9582836036793826 0.06219133590452384 0.2789709172255531 20.752549173103507
0.2464695178186018 -0.005967975106932212 0.9691321685195413 18.182504238913697 0.059523899149288996 0.9981863871501048 -0.008991214505580807 -0.8495783101786477 -0.9673208786211176 0.059902585765083095 0.2463777546823693 21.005505327107706
0.2154411405539664 -0.00426074589505281 0.9765075324856556 19.15836918465181 0.05937801593550389 0.9981972645669253 -0.008744840459943393 -0.864340415097894 -0.9747098882130872 0.05986707822772556 0.2153057518138016 21.223397805906565
0.1852403556340891 -0.003919124521701895 0.9826854283582002 20.14350730016094 0.061478334349718965 0.9980794189561463 -0.007608407306687974 -0.8763001101281038 -0.980768283056778 0.061823247400502164 0.18512552776620522 21.398181990055104
0.154293258239094 -0.003915966861537789 0.9880173357110205 21.12729018115242 0.06331648339747782 0.9979758665098658 -0.0059323514779760405 -0.8867336668136718 -0.9859942258411765 0.06347310507152357 0.15422889333856424 21.57723920569156
0.12353685769361936 -0.004347485289041355 0.9923304611684798 22.117017248969255 0.06210539268871452 0.9980639445078772 -0.003358998713388813 -0.897774090491578 -0.9903946511316419 0.062044033113890604 0.1235676857628866 21.71979362655708
0.09427583580500774 -0.004882301514243287 0.995534143018305 23.112637286421954 0.06279641302373039 0.9980258029446785 -0.0010522205006671297 -0.9179112131296094 -0.993563625186943 0.06261517219135455 0.09439630774996854 21.811147954485644
0.06690753978512869 -0.00440491127960471 0.9977494564651589 24.11000373924897 0.06576512611309449 0.9978351307526263 -4.818413296641994e-06 -0.9213659537159533 -0.995589438125591 0.06561744122188203 0.06705238325565081 21.88364166140877
0.042028688912868185 -0.004038297507336412 0.9991082431155833 25.110883992792544 0.06993813234983405 0.9975507353550714 0.0010899706291602155 -0.9335258114769042 -0.9966655642449388 0.06982995450233073 0.04220818051657747 21.90575234785713
0.019091904883379213 -0.003725857185028536 0.9998107906779965 26.110499424111453 0.07424316054920202 0.9972375192256882 0.0022985561249862984 -0.9442068007232072 -0.997057396682653 0.0741852292362238 0.019315783276365527 21.93157493099118
-0.0012958068066097742 -0.0038414255900186 0.9999917821333114 27.110674178153555 0.0801734897153279 0.9967731654887304 0.003932951619507179 -0.9486473148188885 -0.9967800822807337 0.08017792720575612 -0.0009836449574525579 21.932098857113004
-0.01885478322149243 -0.004503612128549448 0.9998120896585848 28.110348725167874 0.08461249302048407 0.9963953595488364 0.006083871662227026 -0.9531952986725448 -0.9962355259548463 0.0847113035393713 -0.018405756657400314 21.90675036473736
-0.03450091110742529 -0.004182460960772384 0.9993959146169595 29.109520846247875 0.08754043427828645 0.9961350128546673 0.007190864440363608 -0.9449689291177165 -0.9955633377636638 0.08773564375635647 -0.034001431080634706 21.86673571183553
-0.048736967187798734 -0.004753441241893492 0.9988003368169712 30.10810991340219 0.09000751918528081 0.9958992220251393 0.00913159678439668 -0.9443284626412504 -0.9947478849032287 0.09034458681117184 -0.04810926225241754 21.81357749065235
-0.06209242121949268 -0.0057223169799535505 0.9980539996991555 31.106352276398727 0.09023254729585721 0.9958563491076006 0.011323398367124184 -0.9418733824718839 -0.9939832084273871 0.09076005195272112 -0.06131879266535964 21.754319587644503
-0.07407332450953644 -0.005422084211000002 0.9972380576366477 32.10277286735413 0.09012620819581214 0.9958567359015863 0.01210901134205641 -0.9380824561906763 -0.9931718930740794 0.09077423952997761 -0.07327774727299004 21.669228707108804
-0.08526809569519729 -0.002509465461221573 0.9963548837836916 33.09945050675689 0.09037838856350813 0.9958548248020991 0.010242792541235049 -0.9345941867851637 -0.9922505221652336 0.09092233224834356 -0.08468784305520828 21.58783261023722
-0.09552413462454386 0.0009037122617000628 0.9954267039859742 34.09486481241411 0.09052739014269529 0.9958635518379509 0.007783171246461266 -0.9292434475000931 -0.9913021392785272 0.09085686228814838 -0.09521081470593647 21.492295027990945
-0.10473919672419689 0.0035554065785570756 0.9944933683809216 35.0885987523724 0.09165282789052652 0.995772381972264 0.0060928188018085794 -0.9239552584475584 -0.9902673678402413 0.09178628647757411 -0.1046222624751404 21.38062782435556
-0.11252007171248656 0.004601084546504983 0.9936387993042607 36.08348667195359 0.09124873099539774 0.9958116935313752 0.005721898103134027 -0.9216462429244199 -0.9894508085567199 0.09131210788920066 -0.11246864629435412 21.279650158772434
-0.11824053276777288 0.005431295217510834 0.9929701291796514 37.07659281230809 0.09122009406545262 0.9958160310815266 0.005415411316284333 -0.9180427768639983 -0.988786160324609 0.09121914970714654 -0.11824126131440736 21.16247932674004
-0.12328085272183784 0.007243234995473923 0.9923453868986227 38.068889103110514 0.09230455481481191 0.9957219668204591 0.004199279894742227 -0.9127107954204354 -0.9880696840368174 0.09211568996645117 -0.12342203672516801 21.03870478235874
-0.12767994629006735 0.009047980498564279 0.9917741503811559 39.05990383622277 0.09121636410953268 0.9958275499416657 0.002658137659125309 -0.907091001655271 -0.987611971491842 0.09080542288913869 -0.12797253197433425 20.90506709592105
-0.13151307053593184 0.009846421116297598 0.991265534692603 40.05067526071155 0.09203035936294134 0.9957535015923712 0.002318840671033809 -0.913442253401177 -0.9870332948962457 0.09153148123858973 -0.1318607701650904 20.7696629319258
-0.13461803970761144 0.008925548510319533 0.9908573650980602 41.04206788422643 0.09168152238704184 0.9957822787001884 0.0034859545970637226 -0.9109266409589668 -0.9866470908273507 0.09131258407496959 -0.1348685662097633 20.639130158681745
-0.13697175557771069 0.0070602520220499725 0.9905497922948375 42.03199121706818 0.09180142423218104 0.9957616053710303 0.005596764945022934 -0.9046335343384976 -0.9863119368044286 0.09170048042563275 -0.13703935641561196 20.49766458929092
-0.13930582891384036 0.005986959030849054 0.9902313074995113 43.02415449549051 0.09217598965706075 0.9957184960906719 0.006947191783047457 -0.9050836502467177 -0.9859500357327289 0.09224333506813351 -0.13926124433645845 20.37253048445551
-0.1412464058053997 0.0068701500640414 0.9899506320444241 44.01290128844136 0.09425523859511381 0.995526586659462 0.006539514625519494 -0.8967927389970928 -0.9854772462337396 0.09423171595729737 -0.14126209988283733 20.22313542682531
-0.14240131581111315 0.00668280624251058 0.9897864443181618 45.00379462752805 0.09406580091290705 0.9955426794345834 0.006811646116913076 -0.8928822490394026 -0.9853291279333404 0.09407504198741444 -0.1423952110191535 20.088515548210065
-0.14279479422602426 0.00813371083825487 0.9897188941764969 45.993603779040136 0.09674026494370754 0.9952928895653483 0.005777985745811477 -0.8942590677136861 -0.9850131815770633 0.0965707343280416 -0.1429095007015774 19.946119446447277
-0.14301602708356326 0.00841345913771727 0.9896846112285329 46.98371066674145 0.0965010758259131 0.9953177740709606 0.00548370156628499 -0.8925286886968795 -0.9850045473812163 0.09628988692362597 -0.1431583015914916 19.805817222953753
-0.14221597899300842 0.009799696547412091 0.9897871393722185 47.97336695279597 0.09642568444391562 0.9953321485780737 0.004000173305772402 -0.8930090406108907 -0.9851277595817625 0.09600979093057364 -0.14249707838017228 19.662348088229553
-0.14107233314541523 0.009763004839047575 0.9899511505914939 48.96417790868379 0.09698239644331336 0.9952780394304089 0.004004872990718963 -0.8915384694577752 -0.9852375406981919 0.09657281172293028 -0.141353034756621 19.527229815256206
-0.13993578108672183 0.00873664652359271 0.9901220370132016 49.95498705974188 0.09572895671812498 0.9953961215761308 0.004746366700390316 -0.8856781254933314 -0.9855221682018669 0.09544753615844168 -0.14012788382036803 19.393139176609793
-0.13885373000724938 0.009673480690675028 0.9902656539708937 50.94702711564658 0.097262066043324 0.9952511025909282 0.003915775852157987 -0.8857968046514213 -0.9855251047903644 0.09685900351989696 -0.13913519060638332 19.26609402748067
-0.1379831610042485 0.010437233507966924 0.9903795794724245 51.93831530994821 0.09697742582889068 0.9952819923802992 0.0030223373575333696 -0.8837716399145285 -0.9856754162293379 0.09646149387294865 -0.1383443314376178 19.134357314731137
-0.13709744032228308 0.011139828755013704 0.9904949248090006 52.92829045270446 0.09786332655911552 0.9951970826973102 0.002352850514999499 -0.8802005101971728 -0.9857114492445864 0.09725569806479717 -0.13752915335326926 18.993200697157288
-0.1358818744690898 0.011068554500160076 0.9906632138582941 53.91927455020633 0.09801362933089257 0.9951823571572854 0.0023247512242203375 -0.882553036522321 -0.9858648206808852 0.09741438858887895 -0.13631211332710666 18.85847419790563
-0.13478225293169427 0.009640060434348447 0.9908283471568017 54.90856954169469 0.09945521904124278 0.9950345989455992 0.0038478963899559616 -0.8763852082109335 -0.9858713930833556 0.09906167844323827 -0.13507175931294177 18.712643869839123
-0.13424616541542853 0.007785905817419756 0.9909174268029887 55.89977489264086 0.10091061641019214 0.994878273021704 0.005854004190789853 -0.8755838942647318 -0.9857966395595845 0.10077996596523042 -0.13434427376363514 18.5803098637677
-0.13340006145125724 0.008775399224691938 0.9910234184787202 56.891935869441944 0.10306318773158314 0.9946619121702592 0.005065551540217244 -0.8838516800818836 -0.9856887961924932 0.10281377751181711 -0.1335923808244517 18.453495553061757
-0.13289479461428652 0.010639234419153315 0.991073044863698 57.883776251044786 0.1051484843599946 0.9944506383201801 0.0034240591964911646 -0.8863149323847372 -0.9855367927181733 0.10466486820112762 -0.13327601270753114 18.32602368955064
-0.13265237884580314 0.010421279405970233 0.9911078363740712 58.87616240576073 0.10382903619630385 0.9945892144579102 0.0034388554116830776 -0.8803795770832058 -0.9857093271492856 0.10336194376819034 -0.13301665666887477 18.202983312277823
-0.13264988777772696 0.010275704890422553 0.991109689772813 59.86775130940672 0.10412675721872258 0.9945574286551265 0.0036248500679155215 -0.8807464717745542 -0.9856782566860602 0.10368187399881724 -0.13299790712798348 18.073571121275865
-0.13282048840006178 0.009174177615300344 0.9910976502475688 60.860735818389145 0.1036110502565846 0.9946068875552718 0.004678620773373458 -0.8795080715945609 -0.9857096266781094 0.1033100851451419 -0.13305471874911826 17.955202511044384
-0.13278602384279165 0.00948298878145326 0.9910993617169737 61.85364670804653 0.10534990511264695 0.9944245769065563 0.004599819232473155 -0.879967872121324 -0.9855299434135825 0.10502301542036384 -0.13304471754728242 17.836295581758993
-0.13336581034366832 0.009483231823036673 0.9910215078117969 62.84718239799378 0.10618284722413597 0.9943351582475856 0.004774518627385636 -0.876777940574624 -0.9853622499298185 0.1058662429055551 -0.13361727068874552 17.722522948072992
-0.13316018015215136 0.010461395862476523 0.9910393158792719 63.83699408557286 0.10618276178612719 0.9943394798609494 0.0037709268523456263 -0.8759396654886763 -0.985390068714577 0.1057334288976941 -0.13351724417549626 17.580153166216846
-0.1340864590900298 0.011174211725013932 0.9909066345933012 64.82970326210108 0.10532828989999143 0.9944328622330442 0.0030387263347270614 -0.8759614105684046 -0.9853561654728926 0.10477795332663527 -0.13451694191156852 17.45956921142233
-0.13535524463299586 0.012013406241705337 0.9907242985921024 65.82294705707999 0.10530768649911959 0.9944369598108959 0.002328975367947979 -0.8835020859552525 -0.9851848805754919 0.10464612287387007 -0.13586736198558458 17.33877823181628
-0.13686140008037662 0.01276450662236579 0.9905079628850676 66.8142825010018 0.10407455775094686 0.9945682691659332 0.001563456818526248 -0.8811977992439994 -0.9851078334867637 0.10330065507520336 -0.13744646617519823 17.20687123098556
-0.1380468416598927 0.011829324803277554 0.9903550558170675 67.8053750224666 0.10262977222861884 0.994716669590359 0.002424271306047265 -0.8837579078929094 -0.9850940053416384 0.10197457680109323 -0.1385315354935748 17.073715083835953
-0.13944762723042636 0.011576108982749612 0.9901617812057903 68.79736139187776 0.10181652501610065 0.9947995062089753 0.0027088152435208587 -0.880119719192698 -0.9849810934700479 0.10119256962444069 -0.13990106990067264 16.947257239851094
-0.1397604878702031 0.010689065909522972 0.9901276432360953 69.78681981078866 0.09883257737183104 0.9950989052103691 0.0032078807902867234 -0.8757347354787711 -0.9852406445535655 0.09830520189240001 -0.1401319364048417 16.80249790917038
-0.14151998398590548 0.011753233738657535 0.9898656250367082 70.77768432838457 0.09875950572601193 0.9951086631050471 0.002304049053001465 -0.8763972376747915 -0.9849967787568568 0.09808470884887863 -0.14198850562157417 16.66763709388962
-0.14415990441368814 0.012691739796802097 0.9894730121131985 71.76781267495763 0.09741682918804778 0.9952426459441372 0.0014272648872086205 -0.8761258218308753 -0.9847476241912871 0.09659707777692755 -0.14471047375561708 16.527473669508545
-0.14825338721303805 0.013642681920079187 0.9888553030701145 72.7568745880419 0.09773756510416408 0.9952117949017882 0.0009228520298750444 -0.8763772756614565 -0.9841078708898592 0.09678512550173857 -0.14887692210091652 16.379974651077944
-0.15339296446054526 0.012594991100380929 0.988084998698587 73.74764213839967 0.09594103792788855 0.995384574090375 0.0022061061264230944 -0.8840832019136988 -0.9834967797076546 0.09513630149476537 -0.1538933671168829 16.244580037814746
-0.15837990846431968 0.011766703382738988 0.9873081328978992 74.73575531908847 0.09388411301250447 0.9955780048630444 0.0031952397052704374 -0.8841601048882745 -0.9829046636977009 0.09319861009919336 -0.15878425978946867 16.09084886597387
-0.1622467191773359 0.012478032999616624 0.9866713235969973 75.72013889326588 0.09270168037147558 0.9956903973235102 0.0026516285663962472 -0.8903715542846355 -0.9823860751112553 0.0918963077071642 -0.16270423490891275 15.91475250848558
-0.16684850622465897 0.014191128410165114 0.9858804125476098 76.70506448061185 0.09232637732866297 0.9957279598921019 0.001292260994118831 -0.8899103069291625 -0.98165035324191 0.09123837878632955 -0.16744593819044076 15.741741622929332
-0.17196075205548694 0.015797230654817508 0.9849771303213842 77.69200401370321 0.09195856464201586 0.9957628308455628 8.423425769864051e-05 -0.8987112811096536 -0.9808022849389642 0.09059156809586888 -0.17268481591743953 15.580856391697987
-0.17669754007302874 0.016010492854710016 0.9841349721713424 78.67574639207072 0.09041038010651278 0.9959045949370771 3.0857922474113826e-05 -0.9054084943852526 -0.9801040467731668 0.08898146942911626 -0.17742140681749458 15.401384612810476
-0.18173328284589793 0.01572640082594824 0.9832220981157378 79.66068181976841 0.08886789695467541 0.9960432984996919 0.0004943730433946301 -0.9170633830788762 -0.9793240070563509 0.08746672413503567 -0.18241179066107394 15.228764515395053
-0.18599643750952602 0.015073506779067011 0.9824347889947432 80.64223096311277 0.08717845305039303 0.9961919636368854 0.0012202085993498943 -0.922027603681146 -0.97867524877127 0.08587409957994846 -0.18660224131512365 15.037579283341731
-0.19327782797561371 0.014757792066879053 0.981033072218434 81.63312338643595 0.08665376003609564 0.9962363054594895 0.0020855589257790853 -0.9259265050200738 -0.9773099851554969 0.08541329672677948 -0.19382920744208607 14.895491810899166
-0.1989800024326809 0.014426080238399107 0.9798973654627534 82.61797319056197 0.08615634177906516 0.9962776159303459 0.0028278556176630993 -0.9271961324465982 -0.9762090162476175 0.08498705904489626 -0.1994822207409975 14.721085902385541
-0.2047626925791016 0.0160774361770455 0.9786795981186737 83.60210196527841 0.08684781295150948 0.9962199552880178 0.001805012875011213 -0.9317798451307022 -0.9749511254997851 0.08536578197329621 -0.20538497061565059 14.542086704096864
-0.20813325133750377 0.0167842915552701 0.9779564597898346 84.57780890704694 0.0866600228616051 0.9962370352758506 0.0013453558670937318 -0.9418967868876494 -0.9742538632847743 0.08502974245386558 -0.20880458034469374 14.322535553763608
-0.21421290617162705 0.016849289471242878 0.9766416601158376 85.55623633633599 0.08726135370463496 0.9961835379948027 0.001953145614485185 -0.9490227795698751 -0.9728814352114766 0.08564146234430513 -0.21486566256242204 14.11585004812077
-0.21984162855888567 0.01683363622708695 0.9753903254820351 86.5350650855054 0.0859396630790845 0.9962979686017572 0.0021753321275065516 -0.949931352991549 -0.9717427811218525 0.08430294450009207 -0.22047444497307153 13.911491116570687
-0.22569754329733707 0.01780655287639768 0.9740346737278945 87.51471785316217 0.08554474276609868 0.99633303277582 0.001607726599396426 -0.9545928954175611 -0.9704342924354182 0.08368640555309102 -0.2263931747888501 13.710771526253422
-0.23085595738818213 0.01827812908795203 0.9728162400656298 88.49088386672639 0.0847610721681865 0.9964003311014565 0.001393135243500263 -0.962447927415502 -0.9692889597964518 0.08277856110099602 -0.23157422619705167 13.493888162942735
-0.23669096270052306 0.01747148382656539 0.9714278848318062 89.47407832246664 0.0861496461328704 0.996277471495199 0.003072175501751516 -0.9702901633342653 -0.9677580413755719 0.08441532469895725 -0.2373150359941163 13.305937832056133
-0.24134801261208122 0.01732178259254222 0.9702840267962853 90.44953883619863 0.08812864427198022 0.9961005047636268 0.004138413757733015 -0.9750488317072485 -0.9664287241524766 0.08650861377610958 -0.24193342240284696 13.085781040821123
-0.24488429731876926 0.018206245136159246 0.9693813561053946 91.4208025672575 0.08954003423531266 0.995975534020237 0.003913809172961842 -0.9792104254003396 -0.9654088580471146 0.08775687022191123 -0.24552895660801985 12.847801558361763
-0.24825148756796941 0.018705387593360344 0.968515001120412 92.39219652908707 0.08932135860994773 0.9959961383447793 0.003658865720389302 -0.9790011728367422 -0.9645687605434698 0.08741739459208821 -0.24892831358920914 12.610241107156902
-0.25138765022293896 0.01870676525672761 0.9677056919585719 93.36191167558259 0.08882770021430642 0.9960396781253906 0.0038208996983580676 -0.9839608797336705 -0.9638017892647994 0.08691959809788159 -0.25205375314895845 12.365878921677766
-0.2551403524505738 0.019160820415385336 0.9667141581214199 94.32825343345941 0.0872629702690301 0.9961798912986041 0.003286060274431806 -0.984651344815727 -0.9629582413434269 0.08519675541539214 -0.2558377186723382 12.108614587330758
-0.2568701020144439 0.018411035698248025 0.966270554480269 95.26945423596202 0.08439515528302056 0.9964263933109665 0.003449706951840692 -0.9986321741021693 -0.9627539708855251 0.08243468006741177 -0.25750595151634725 11.75632634977328
-0.2616930561985349 0.017777704063953965 0.964987407988148 96.23651667744357 0.08301632410417542 0.9965395294516098 0.004154054958006538 -1.0019867290897897 -0.9615742479235305 0.0811967947555695 -0.26226331472724296 11.501700509554405
-0.26527930092859014 0.017577344822614485 0.9640113741278289 97.1857703471124 0.08173690333258167 0.9966445777283303 0.004320222021843942 -1.002108077259386 -0.960700770860751 0.07994136997640645 -0.2658258945886509 11.18302529583734
-0.26897387220450697 0.01793243754947276 0.9629805209633512 98.1417566893377 0.08093840804474181 0.9967108901740848 0.004046666722851297 -1.0014542492662257 -0.9597406056713964 0.07903055796283603 -0.26954061054614087 10.888416554384031
-0.2738483018046686 0.01744324807259512 0.9616147049080398 99.1041205068482 0.07922901278754406 0.9968463717461007 0.004480476464123629 -1.0005143867831894 -0.9585039755428314 0.07741475462282536 -0.27436669738741515 10.616647597685686
-0.2782510362310705 0.016540644560356817 0.9603659552034646 100.0646982470089 0.07878813099741797 0.996875325940714 0.005658175017474865 -1.0076336674053343 -0.9572715347539964 0.07723983174581997 -0.2786847989065931 10.338717723520482
-0.2818684935034657 0.016488385115512462 0.9593113600528083 101.01986925267549 0.07893743555396239 0.996861153168578 0.006059915145969771 -1.0056511657902394 -0.9562003104152672 0.07743367781330572 -0.2822853023131995 10.042652374550942
-0.2855919316204915 0.017395061802093662 0.9581934358041583 101.97640792889015 0.07997118370024568 0.9967806487768606 0.005740034979168748 -1.0049063056715113 -0.955008826331391 0.07826717095233372 -0.2860636145689628 9.751042431553568
-0.2894268291611215 0.018588164424477735 0.9570196396652825 102.9370426111041 0.08029423752057742 0.9967590479751584 0.0049229768072369656 -1.0091032475237445 -0.9538264758239471 0.07826800382649375 -0.28998133318247893 9.473249389212617
-0.29156435183667856 0.020055197040881666 0.9563409526992497 103.88313145752848 0.07993872510604932 0.9967937473096771 0.003467787875674294 -1.0094857102471406 -0.9532051347776508 0.07745975984976057 -0.29223270973239873 9.149025278667743
-0.2952879352621438 0.021294249741861292 0.9551709743373439 104.84302888002398 0.08115319204334712 0.9966975131812403 0.0028682119005337104 -1.0168735297382827 -0.951955458364412 0.07836212188463222 -0.2960408470869222 8.868743271211084
-0.2988811404524237 0.02204305932309101 0.9540357264890749 105.79890234372277 0.08058789243850356 0.9967450413526379 0.002216783987667977 -1.0179529077965268 -0.9508815149503018 0.07754628343516193 -0.2996846983935195 8.574972148653002
-0.30229407494200794 0.021879362843819933 0.9529635804879975 106.75183078835154 0.08066842134534914 0.9967373223025194 0.0027048339787236605 -1.0249365174223877 -0.9497951874233768 0.07769172292304817 -0.3030727604662672 8.271850728318345
-0.306412741399829 0.02182919519493477 0.9516484215008097 107.70511119871148 0.07965072618668391 0.9968189552602075 0.002780692698244205 -1.0227293589031312 -0.9485604850117771 0.07665152751961031 -0.3071767400099411 7.969772154852252
-0.30998163434361176 0.02265077122279516 0.9504726871050403 108.65725932317484 0.08209301955541157 0.9966200874232216 0.0030228272865724768 -1.029428610235452 -0.9471917031466972 0.07896419383202874 -0.3107933937240616 7.664193578595516
-0.31337414388130796 0.022955914776040195 0.9493522380673319 109.61067144714511 0.08457915725833705 0.9964094209970733 0.0038251674141246725 -1.0387600546440448 -0.945855703637785 0.08149412080065499 -0.3141905411860794 7.362656452899056
-0.3160244860750755 0.022661354333448906 0.9484803567922523 110.56079598213819 0.0852819926273672 0.9963461889228006 0.004610157536998723 -1.0385869113406179 -0.9449103163446216 0.0823452174615145 -0.31680239776037966 7.050785724399524
-0.31928299322236264 0.022259898001692063 0.9473979455223253 111.51444489094246 0.08486781863847248 0.9963786986081731 0.0051905991397904845 -1.0383833606138568 -0.9438515898161738 0.08206086704901973 -0.3200159222611386 6.749423521720082
-0.32164465259982744 0.02299225960906049 0.9465812555993308 112.46292535954683 0.08480241850646919 0.996387106211939 0.004613500845448251 -1.0482400571699577 -0.9430552832519378 0.08175628766441662 -0.3224323838542637 6.432701453551797
-0.3245978743320833 0.024990902908976723 0.9455219060132277 113.41216411531835 0.08451246161947883 0.9964188263568653 0.0026769969410504447 -1.0577386949211196 -0.9420689273137671 0.08077733130897771 -0.3255474757028391 6.118270728274273
-0.3277421887927796 0.0268922480069466 0.944384383967911 114.35936651027772 0.0842220636956939 0.9964466442310519 0.0008539247700519443 -1.0641351728544803 -0.9410056863123405 0.07981786891296513 -0.328842524820067 5.797674057180739
-0.33100002688884606 0.027926854521251605 0.943217404947625 115.30640850755911 0.08362665558672987 0.9964971438257286 -0.0001575517137963429 -1.0732753958661798 -0.9399178499608166 0.07882596744546108 -0.3321760108456443 5.476474797577809
-0.3338515120732692 0.02852620465010358 0.9421939415718252 116.2432052659157 0.08173034934627638 0.9966537379154987 -0.0012151933174472773 -1.0805961429025388 -0.9390757785621616 0.07660014587011917 -0.33506581408814173 5.126639004051456
-0.3374635696226283 0.02880872661829415 0.9408976546087178 117.18469584589491 0.08241643990073781 0.9965975211770737 -0.0009545772881554546 -1.0898571508923423 -0.9377237704205029 0.0772232999446628 -0.3386896696594321 4.789723402499861
-0.3408293299630366 0.028012654560714598 0.9397077519215268 118.12684142882918 0.0820885761715563 0.9966250355947603 6.393643701711282e-05 -1.0980419300006272 -0.9365344806781417 0.07716106278560082 -0.3419785620338249 4.454609063686766
-0.34435153179753436 0.02744412893131208 0.9384395784150908 119.06590070732852 0.08196681625360391 0.9966346243165602 0.0009309385776518938 -1.1045869076145438 -0.935255827879165 0.07724147461428298 -0.3454421673992213 4.110915492579001
-0.3483002061786246 0.02737372886545776 0.9369832684439613 120.00842196910743 0.08246703352796413 0.9965926034205371 0.001539866413805846 -1.1162820968405496 -0.9337484429743526 0.07780656640332552 -0.349370839463599 3.776876813741924
-0.35235298345030047 0.027475049871615403 0.935463786946467 120.94970695336428 0.08165987586035592 0.9966591480031547 0.0014857240981243928 -1.1262808829791076 -0.9322977205421806 0.07691335603246491 -0.35341943344371984 3.4389461889152697
-0.35665724550011957 0.02810381791239141 0.9338124997294773 121.89070382520856 0.08084150863474157 0.9967265812227124 0.0008790709535963748 -1.1332798867475005 -0.9307310351083865 0.07580433828501883 -0.3577617120140781 3.1005350515624746
-0.3602015943695571 0.02882716861697721 0.9324289816190603 122.83153283063824 0.08116872220683334 0.9967002283244091 0.0005416579914499307 -1.1432341182949546 -0.9293365644097628 0.07587917505876111 -0.3613528757924352 2.7610408978650947
-0.362852265472279 0.029403392472204432 0.9313826678400027 123.76132382282283 0.08202420773676801 0.9966302158546169 0.0004921287782677362 -1.154029908456237 -0.9282296390370178 0.07657449547143196 -0.3640413216332804 2.393092673523646
-0.36534783533192655 0.029147966697319932 0.930414614704481 124.69231266568225 0.083213486101325 0.9965306792716953 0.0014563657361548936 -1.1618912875774543 -0.9271442578957938 0.0779551236783366 -0.3665058304354179 2.028190629057035
-0.36801925991192647 0.028656614901267845 0.9293764698744414 125.62420771950667 0.08450094791507812 0.9964196390610953 0.0027372787233065584 -1.1692241643514065 -0.925970525521916 0.07954056396428313 -0.36912312925216795 1.6655276873201816
-0.3706747506826791 0.02937597630885041 0.9282980562417632 126.55552011449588 0.08566021958399216 0.9963208145315048 0.002676062798283747 -1.17672183023589 -0.9248040635654441 0.0805101642476274 -0.3718273221075398 1.3013813973350383
-0.37323605860782794 0.030140146478245117 0.9272466856911187 127.48570618989993 0.08565829185169384 0.9963223740715108 0.002093791192458986 -1.1866055457199116 -0.923773512064481 0.08020784559366666 -0.3744451894647313 0.9344191856670551
-0.3759351631879567 0.030321025124136283 0.9261497657043736 128.41387882673894 0.08518551288942093 0.996363183940127 0.001958081320618706 -1.1963578698415664 -0.9227221583296958 0.079630654424746 -0.3771508682255367 0.562393806444645
-0.3788174411165056 0.03148168157434684 0.9249358086003561 129.34315322015834 0.08499540263834943 0.9963809393443886 0.0008973525159479481 -1.2082945540345968 -0.9215601596403185 0.07895522425048525 -0.3801222760208458 0.1931943793800952
-0.3820524415801761 0.032578949109838364 0.9235662098396222 130.27389017141996 0.08481242439569776 0.9963969332644024 -6.363503199176366e-05 -1.2195641520641314 -0.9202406123132969 0.07830557742710142 -0.3834389807949346 -0.17237100309923928
-0.38414700660265916 0.0321952583704935 0.9227104327234381 131.18472690584332 0.08213124040199345 0.9966213533200428 -0.0005809101097063795 -1.2307649035303703 -0.9196116227344281 0.07556019749168696 -0.38549334609921726 -0.5861957233429351
-0.3866964462624502 0.03290286360549709 0.9216199108171171 132.09363387054478 0.08260339188430373 0.99658207544491 -0.000920082128445544 -1.2410181660180262 -0.9185001568302542 0.0757731381722637 -0.3880926351199248 -1.0042769209855953
-0.3892655615088285 0.03248219036655221 0.9205526763484034 133.01789756032724 0.08424893259054832 0.9964446300124433 0.0004654854638911813 -1.2536999809316354 -0.9172646510034991 0.07773677783620109 -0.3906181682808361 -1.3858325113308207
-0.39215365858938933 0.03177528595010662 0.9193507705211034 133.9471506246346 0.08490889141770733 0.9963871286808752 0.0017804373889356647 -1.2634760136096606 -0.9159727005829235 0.07875925978492221 -0.3934348621880866 -1.756005336746263
-0.39552722670884405 0.03125205317247668 0.9179223943801109 134.87202838842742 0.0839016811392181 0.9964715506543943 0.002226350924440907 -1.2723213022410822 -0.9146139736708733 0.07789581445065229 -0.3967537287248176 -2.1361688029992356
-0.3984243815484717 0.03135095608581438 0.9166652222814082 135.78742821314336 0.0825125183128781 0.9965884398814968 0.0017792740739099918 -1.2848069794285373 -0.9134821818236992 0.07634526211277583 -0.3996519791562993 -2.538522493331788
-0.401613518455451 0.030918615441491184 0.9152871795305638 136.70048367996174 0.08098075022008576 0.9967139229445355 0.001863840740371087 -1.2855831737654766 -0.9122218479556529 0.07486918610279228 -0.4027975981615091 -2.946358597225743
-0.4057343344575797 0.030288425435212703 0.913489059117251 137.62585059672563 0.08016137150907267 0.9967786262970858 0.0025543443538142596 -1.2947189394718115 -0.9104690024158155 0.07426292104374138 -0.40685527426592627 -3.3253429731833366
-0.40891822763340924 0.03036874540551088 0.9120655801046582 138.5315031065331 0.0794915769419254 0.996832531105096 0.0024482904020551983 -1.3031701635050315 -0.9091022892416663 0.07350268180891144 -0.4100370513288537 -3.7497669843732364
-0.4124506356643927 0.030044958538450964 0.9104843620878182 139.4373133860202 0.07846247736175042 0.9969135545501163 0.0026465827982517787 -1.3027838238215694 -0.9075946853008209 0.0725304434060205 -0.4135350311558033 -4.173458688139999
-0.41628426904655896 0.029577265290677713 0.9087533178604066 140.34564904552565 0.077373956399467 0.9969976453967999 0.0029943186752999134 -1.305302057779808 -0.9059363543955317 0.07156032735504164 -0.4173229460901643 -4.591693406831543
-0.4198883867390208 0.029731654235396317 0.9070886237949022 141.25095533414256 0.07644993930197844 0.9970697450156174 0.0027074628740795213 -1.3038608157705565 -0.9043501254837238 0.07048370244898836 -0.4209309898625386 -5.016452125416768
-0.42357418058986296 0.0305945528407225 0.9053446232645901 142.15549859868852 0.07652426218832871 0.9970654900652897 0.002108510705369037 -1.3081214141665531 -0.9026233715310937 0.0701739400157847 -0.42467242353195406 -5.442813318648868
