0.9988112226108021 0.001048317089928039 0.04873440897347255 -0.021065331324849595 -0.0009086018432026038 0.9999954142366356 -0.0028889355115592785 0.01679905705161224 -0.04873721400947376 0.002841221036523601 0.9988075948017298 0.9996369468856744
0.9951544637305051 -0.0004160313944503778 0.09832304020487583 -0.19199013753535626 0.0011618562508128659 0.9999709868384382 -0.007528317967008799 0.04472182074885152 -0.09831705552600344 0.007606076468112331 0.9951260745219462 1.9845252719221471
0.9890444531621401 0.0004873864086745882 0.14761718099087193 -0.06451343420479536 0.0011533978473110824 0.9999385099174739 -0.011029327152080918 0.009017898206461858 -0.14761347954238127 0.011078756180657219 0.9889830745866587 2.9757239912379783
0.980720930143111 0.0029579614354258077 0.1953911657250083 0.061662929641484565 -0.00027512542992743586 0.9999053397304611 -0.013756303446377124 -0.01885800415532868 -0.19541336055968364 0.013437337632787743 0.9806289086459329 3.967340065771414
0.9706680587033397 0.00037119930349434425 0.24042333918354697 0.30528145755393477 0.0030598995984933174 0.9998987416729239 -0.013897604662331151 -0.043763275369345614 -0.24040415309960206 0.014225632217247625 0.9705686346469695 4.936891364219959
0.9583159301782262 -0.0003522343419529885 0.285710437152039 0.5897840984422011 0.005015824117247689 0.9998658696281036 -0.015591159715073402 -0.06305560313967752 -0.2856666229629666 0.01637433002612444 0.9581891576516246 5.895372471710804
0.9441468602124935 -0.0026406468738545577 0.3295143901789081 0.9286847491262223 0.009209251915453177 0.9997887538700219 -0.01837490990961504 -0.08880545204336998 -0.32939625989080057 0.020383194526774978 0.9439717312244239 6.835842181084228
0.9288877588974964 -0.00510165422570223 0.37032621362056933 1.3182047965068542 0.013582881995467082 0.9997017060194794 -0.02029788901437096 -0.12329187906321626 -0.3701121947289544 0.0238845578963455 0.9286799724377676 7.756214279223852
0.9112660710705516 -0.006056652470844118 0.4117735599531466 1.741521355577639 0.016190438518951657 0.9996457098188989 -0.02112639442105236 -0.1553609374956531 -0.41149971739504787 0.02591856094611049 0.9110412783086608 8.661628353731036
0.8912008145203473 -0.006524820172227752 0.453562051895867 2.198306138199829 0.017476794927699647 0.9996480307661962 -0.019959364326578164 -0.18532067714724768 -0.4532721807449959 0.025714612713125567 0.8910011721965858 9.550700935900123
0.8688018912005713 -0.006285973010461916 0.495119945457282 2.6911452800205584 0.01809540928713231 0.9996545559007174 -0.019061086791434808 -0.22597288524526193 -0.49482909171656575 0.025519706312008943 0.8686155159682031 10.419871205908343
0.8443099387750327 -0.0062184312469705065 0.5358190537845092 3.2273545234760155 0.01873522795017879 0.9996638718903037 -0.017920225192258988 -0.26036948804116683 -0.5355275142505334 0.025168916347612886 0.8441426461982193 11.263255164108301
0.8183394205500745 -0.006472629978807351 0.5746987887884623 3.811378473721582 0.020418785231598725 0.999632751520123 -0.017816714006065156 -0.2979307266730872 -0.5743724105346932 0.02631477055696129 0.8181710498832752 12.07412208222249
0.790745299782149 -0.008198878634683453 0.6120903930479326 4.429292024377913 0.024017887009389317 0.999555900995573 -0.017639214510075562 -0.3299707191021702 -0.6116739425347817 0.02864924386544929 0.7905910503224123 12.85971501930914
0.76158910204893 -0.0071319032216685205 0.6480209684853884 5.074114685376454 0.024708094724375112 0.999531965002471 -0.018037765753838402 -0.3675253324905631 -0.6475890283933134 0.029748729296153024 0.7614088674358007 13.623124062271046
0.7307022565513046 -0.009977502664258751 0.6826233673933348 5.766331952513224 0.029527952390393623 0.9994193855759662 -0.016999757721474898 -0.3948957244542885 -0.6820574112920863 0.03257823162086775 0.7305726155051223 14.344294012228373
0.6982141807197457 -0.008929211644809412 0.7158332396733587 6.474213296199339 0.029941162684481222 0.999411515271732 -0.01673767962897044 -0.418297614481209 -0.7152625284599745 0.033119364753310454 0.6980706433158336 15.050237589863517
0.6640274918109815 -0.0076872300083897765 0.7476686409192341 7.2377864035705715 0.031174771432059715 0.9993622706030517 -0.017412229072457805 -0.4625411522660675 -0.7470579788379054 0.03487059778539828 0.663843669597529 15.694441438861425
0.6281882009355427 -0.008249774037488623 0.7780176896663058 7.977794318904181 0.03668151646370669 0.9991459327317563 -0.019022919216346353 -0.4636471895488355 -0.7771962754383794 0.04048884209160844 0.6279543001770048 16.367038675731614
0.5918244722783972 -0.007260828216359925 0.8060341645277878 8.8018080678007 0.037960423561157655 0.999101019802772 -0.018872161299614703 -0.4896462127324691 -0.8051725282543206 0.041766405192135946 0.5915680579120818 16.933011618018757
0.5549130115228637 -0.005910435971495533 0.8318873820351242 9.658648233730476 0.041230860041239825 0.9989412484201488 -0.020405841934470197 -0.5151354069737791 -0.8308860125329385 0.04562289941928004 0.5545691888535571 17.447963275880383
0.5165285741238681 -0.0028559491323346567 0.8562651900364262 10.525907630504967 0.045548569860272635 0.9986702762318022 -0.02414554109520188 -0.5182484149094102 -0.855057635424214 0.05147351674064771 0.5159718182004737 17.9458100674156
0.4771894502580878 -0.0015782039293951455 0.8787990315394874 11.4123909651086 0.04734674545824353 0.9985921635631004 -0.02391603154536017 -0.5333056470480153 -0.8775240818672138 0.05302075200073659 0.4765923683824365 18.40832553400447
0.43941755998704857 -0.0030394006926175846 0.8982777799870473 12.32262236435122 0.05271753777563136 0.9983579735189142 -0.02241021914400419 -0.556020743846525 -0.8967346704493496 0.057202436614510854 0.438856254438124 18.82180201944864
0.4021895630264098 -0.0034631409512118653 0.9155498686840479 13.241833416362512 0.056613075657533145 0.9981733384994036 -0.021093742521177503 -0.5884103751742003 -0.9138044183835075 0.06031577707123857 0.40165095789637134 19.21423282054253
0.36700181527137754 -0.0005437262992026085 0.9302200664086026 14.178552860076358 0.05825230048103246 0.9980505761887507 -0.022399036987568267 -0.6030814881700872 -0.9283944943159571 0.0624079460566882 0.36631804650167626 19.564006207494902
0.3337132859602451 -0.0012706245219563576 0.9426737655662959 15.125991762779815 0.0591923640047981 0.9980539771577921 -0.01960925095552934 -0.6310974940570793 -0.9408143848906327 0.062342956240762686 0.3331390835522351 19.882713924774684
0.3001817384835439 -0.0028051268722173086 0.9538779036880076 16.078418409495402 0.06162919126504072 0.9979633866376183 -0.016459699717568756 -0.662229749694944 -0.9518890516572899 0.06372762504602121 0.2997432620443358 20.185887547118384
0.2673116940741877 -0.0024864524848190127 0.9636069093594278 17.044386414705 0.062414285665003996 0.9979414886568571 -0.014739137093578073 -0.6792804062608884 -0.9615866654421303 0.06408278061520702 0.26691662007546096 20.44398649717837
0.23489214731837316 0.0006247112365381268 0.9720212388955473 18.015238375007666 0.05989846378272733 0.998090014342723 -0.015116127341752389 -0.7023221659788524 -0.9701741354852919 0.06177323858446889 0.23440608744261138 20.682556253194445
0.20391711254696124 0.002387155280200944 0.9789852464159908 18.993360007388134 0.06001494600051346 0.9980857512326042 -0.014934505114106808 -0.7220917478957397 -0.977146876097481 0.06179914785914155 0.20338349947038095 20.88964854155936
0.17296892908207767 0.002701117701878702 0.9849235775101335 19.97679096054251 0.062171037681761354 0.9979720930133263 -0.01365516899103434 -0.7438208359173131 -0.982963128324645 0.06359564080785172 0.17245023289188802 21.069624615279334
0.14212769225257815 0.002659409035774301 0.9898447588579419 20.96680459528572 0.06403939642019009 0.9978767023177648 -0.011876139000569533 -0.7614128387797967 -0.9877746072870545 0.06507698913597298 0.1416556059035511 21.209494213326376
0.11166810443124302 0.0021461359893216007 0.9937432407584207 21.96005875530074 0.0630051865121067 0.9979704689765541 -0.009235232714529373 -0.7804841603710628 -0.9917462280872603 0.06364225916034252 0.11130625285068253 21.323872700401612
0.08216168660310688 0.0018468771881670694 0.9966173018261246 22.95633627205875 0.06372404656973675 0.9979422811094254 -0.007102778533407295 -0.7978634273204633 -0.9945796615371296 0.06409206361764641 0.08187493046055452 21.408306406247057
0.05504251052964546 0.0022435151605292914 0.9984814914029795 23.95547815821252 0.06665808280604892 0.9977583349904701 -0.005916498429563045 -0.8076214471145375 -0.9962565041349621 0.06688252086135486 0.054769575240406945 21.448558764970247
0.029997332328146234 0.003061591863622687 0.9995452899736236 24.955454658463562 0.07072206957749236 0.9974826214868905 -0.005177712459868788 -0.8095713672396916 -0.9970449081801036 0.07084522910472763 0.029705295575495404 21.45512966728169
0.007349364251073551 0.0034876300392270862 0.9999669110934692 25.955324578703085 0.07506856328792699 0.9971702327719345 -0.004029600408517464 -0.8230191314798138 -0.9971512912547382 0.07509569435244139 0.007066755884643811 21.44622572224842
-0.012934180477555882 0.00367950888290008 0.9999095800069897 26.954873355882885 0.08055311834259446 0.9967468584543627 -0.002625887781767414 -0.8211272036430376 -0.996666394587807 0.08051187102371372 -0.013188499672172801 21.416248353327457
-0.030438094929733917 0.0029098183035196406 0.9995324183509452 27.953763326594945 0.08488944322720784 0.9963903265447124 -0.00031558944197939527 -0.8347819982095455 -0.9959253510206594 0.0848401445399625 -0.03057523620211501 21.37116672740061
-0.04574278307676451 0.0030722021660350876 0.9989485268872681 28.95184893564119 0.08794016062770826 0.9961252933844801 0.0009633423359155294 -0.8373549402938224 -0.9950749348391635 0.08789175987277932 -0.045835713164526955 21.30937290097904
-0.06018889219739618 0.002705235637525724 0.9981833393501396 29.950196169826434 0.0901312343517458 0.9959261402289502 0.002735654016127413 -0.8335273216440202 -0.9941094798110929 0.09013215246964165 -0.06018751731803205 21.25203068851613
-0.07331775454410396 0.0017633716593456843 0.9973070727659571 30.946907472706993 0.09034193831808174 0.9958988468846395 0.004880671549809172 -0.83662467092012 -0.9932083573196228 0.09045649393070797 -0.073176373620325 21.17105559890459
-0.08542974000216008 0.0020401073621033085 0.9963421086580225 31.94261759105541 0.09024240585095468 0.9959035272137651 0.005698479570285592 -0.8373614915161912 -0.9922489948140012 0.0903991285640103 -0.08526388359365693 21.07853102209393
-0.09684161899608136 0.0049380056613884905 0.9952875548957227 32.938634225515855 0.090455769985742 0.9958929919307287 0.003860349666552278 -0.839160175308757 -0.9911808384480124 0.09040334464691888 -0.09689056078971839 20.989381660824765
-0.10734532455377017 0.008501586395751801 0.9941854476531035 33.933362754262404 0.09098371501777769 0.9958515214789868 0.001307963895032105 -0.8414104931987249 -0.9900499709095547 0.09059508925290849 -0.10767351069435815 20.886863027556664
-0.11722024712550855 0.011030531823194002 0.9930446822935676 34.92802276219506 0.09235483254499463 0.9957261469601963 -0.0001586360209972857 -0.8493979084787973 -0.9888023050991646 0.09169387998933547 -0.11773798793541837 20.78396672141972
-0.1251014725418207 0.012033278062623765 0.9920709761841316 35.92144034665878 0.09223336858721089 0.9957373177258132 -0.00044699805197300976 -0.8570397791887073 -0.9878474716710695 0.09144612789653994 -0.12567807448320475 20.669672869046277
-0.13057232594836812 0.012883651072436926 0.9913550722276439 36.91202582045087 0.09189929365904811 0.9957679546437845 -0.0008368569182850555 -0.8560935001851558 -0.9871703943703952 0.09099556054872862 -0.13120373637599503 20.532780562220513
-0.13564570176748164 0.01456578238684816 0.9906503326479361 37.90340525098407 0.09319041410043989 0.9956465315826797 -0.0018790601822354562 -0.8621650297363923 -0.9863649376938518 0.092064228291117 -0.1364125637812193 20.40189916077421
-0.14038477461403026 0.016389226704843347 0.9899613670768094 38.894179527723175 0.09224240414593794 0.9957307626382509 -0.0034039995923594154 -0.863878229768766 -0.9857907759428193 0.09083854679520462 -0.14129722036257525 20.26638762068337
-0.14479647866477988 0.01723240828083818 0.989311388730122 39.884749095676845 0.09260098837072217 0.9956960828346907 -0.0037904591302575044 -0.8714401667474078 -0.985118793201635 0.09106236726823695 -0.14576902465359198 20.129585836509307
-0.147890772231269 0.016255689497580883 0.9888700986721144 40.87430853507201 0.09203119420187723 0.9957527167265943 -0.0026050768478669 -0.8735879329883168 -0.9847124345628095 0.09062162926457003 -0.14875866874511776 19.985476561984406
-0.15008762240989798 0.014441222926396106 0.9885672241581419 41.86245653224753 0.09262959588548877 0.9957005200140778 -0.0004820889814700748 -0.8747913361550219 -0.9843238611175873 0.09149822689038925 -0.15078000832497668 19.831977156451863
-0.15194806548529205 0.013369838295316528 0.988298048576053 42.850127190688575 0.0923740381578896 0.9957241090390702 0.0007319513335047997 -0.8731696739734122 -0.9840624078124732 0.09140430023968761 -0.15253337807840944 19.675439555006676
-0.1541863330887352 0.014209092230697211 0.9879396117104674 43.838731316907754 0.09488691939987363 0.9954879362599516 0.0004912104482263026 -0.8773583235590752 -0.9834749855565477 0.09381828424610049 -0.15483889151523436 19.524959267802704
-0.15552116353474346 0.013867547660593518 0.9877352169557795 44.82728361821202 0.09412254658350586 0.9955602626592511 0.000842400426567993 -0.8783495135205371 -0.9833382500022235 0.09309916506459164 -0.15613593931840505 19.374084004328044
-0.15606564602471995 0.015410248146987342 0.9876264670324176 45.81533115619006 0.09625798539927778 0.9953563672337545 -0.0003200845136618639 -0.8803312819796906 -0.9830452249910782 0.09501697984713961 -0.1568242939182865 19.21994732703391
-0.15620297070979242 0.01581192826664348 0.9875984076870143 46.80351775537997 0.09634550658820545 0.9953477064654369 -0.0006975630843669249 -0.8850842578419909 -0.9830148398176388 0.09504170746827485 -0.1569996768780661 19.066765623160475
-0.15537255587975526 0.01724480272111332 0.987705414411859 47.79060871523483 0.0964237123918617 0.9953379243677042 -0.002209978271836493 -0.891725479845929 -0.9831387677067588 0.09489485283459972 -0.15631100517089605 18.906742777470523
-0.15415072741386432 0.01702552944613997 0.987900645097904 48.77770473862755 0.09646729625489367 0.9953339371963469 -0.002101004162146801 -0.896670515704652 -0.9833268093523371 0.09497623288116562 -0.1550738572314999 18.746689764568135
-0.15322893717672847 0.016066867748247584 0.9880600936038507 49.7653081872169 0.09496190754831181 0.9954798351847407 -0.0014607721750946683 -0.8970511684258435 -0.9836173691667286 0.09360423869313812 -0.15406205753592297 18.589720777186972
-0.15189026038637865 0.016771953231483654 0.9882550533058553 50.7527310615076 0.09602705496898796 0.9953764369350294 -0.002133895149399012 -0.9041260017310015 -0.9837215833322664 0.09457510443730205 -0.15279854746342467 18.43177776865342
-0.15118498907130798 0.017701777586114017 0.9883469765976928 51.74169968052439 0.09568960595766678 0.9954061071018615 -0.0031908080456573788 -0.9069248117359889 -0.9838630994153481 0.09409213046057319 -0.15218433754567393 18.28367909568527
-0.15033947660244806 0.01847351508810001 0.9884618207170126 52.73038477850052 0.09657136971505026 0.9953183679255322 -0.003913696643120704 -0.911030605244514 -0.9839065058867439 0.09486872883276683 -0.15141965514223704 18.13372943932229
-0.1497889752375108 0.018433707226280762 0.988546135157683 53.72090970065767 0.09617137432460446 0.9953568001135366 -0.003988386673613432 -0.9166696827432583 -0.9840296386074017 0.09447242404869906 -0.15086627004254358 17.996512240858834
-0.14903287994251252 0.016918100586758508 0.9886875029899876 54.71025333517969 0.09792819468798081 0.9951908989896875 -0.0022678741699802196 -0.9232791808242109 -0.9839711730438011 0.09648239445947775 -0.1499729248170224 17.851063049162132
-0.1486604948779648 0.015044126233892032 0.9887738525712021 55.69934887580129 0.09913235347251144 0.995074228882683 -0.00023560249409619637 -0.9255886087269214 -0.9839069233203109 0.09798445427409852 -0.14941958694551238 17.703805933652067
-0.14829279391811223 0.01626341138046711 0.9888097636665153 56.68876118125273 0.10053454821574619 0.9949327357305362 -0.001286851509387154 -0.9298368330142418 -0.983820131877274 0.09921871205584713 -0.1491763898576543 17.55873621795851
-0.14778539501132937 0.0181793664144459 0.9888523588777621 57.67946816887558 0.10286173490237657 0.9946913957582665 -0.0029138801185221884 -0.9399042409801069 -0.9836559055453381 0.10128444027214267 -0.1488708220053221 17.42309591431647
-0.14732582542829079 0.017659887511098312 0.9889303461492968 58.67058359706911 0.10241945954253216 0.9947381444022548 -0.0025056692069041877 -0.9544053265072098 -0.9837709873079653 0.1009165617936628 -0.14835933434353735 17.29088431680971
-0.14732401556966576 0.01770920178403968 0.9889297339086336 59.66011670587897 0.10246683031071022 0.9947331575716476 -0.0025483158390650564 -0.9559392765209332 -0.9837663254668283 0.10095706711128091 -0.14836268896789181 17.146586522070994
-0.14727431121203674 0.01670777019568631 0.9889545629967578 60.65077243390173 0.10274749461360419 0.99470633391366 -0.0015038692341285992 -0.9657676031183003 -0.9837444940672593 0.10139112232899938 -0.14821137171357143 17.010554862046636
-0.14677610483274725 0.01685838909083163 0.98902607132845 61.64014614132297 0.10366488421787144 0.9946110442222078 -0.0015692327119492895 -0.9661235344138418 -0.9837227083026101 0.10229694730768399 -0.14773275784776818 16.865160500512015
-0.14694719479544774 0.016810633206297314 0.9890014785393153 62.631003719058064 0.10396230941924425 0.9945801680712733 -0.0014585950551052923 -0.9644421733617138 -0.9836657766548385 0.10260454127630414 -0.14789843794818533 16.73025900435214
-0.14694624372899096 0.01764046535753922 0.9889871664667389 63.61983976818051 0.10385556476335742 0.9945897088405096 -0.002309271797324559 -0.9716453542473685 -0.983677194572297 0.1023724819007496 -0.14798328225801963 16.581425667557337
-0.1484831494841898 0.01826169330469856 0.9887463096653766 64.61195895936848 0.10342349862228616 0.9946333596149401 -0.002838991691153835 -0.9841668542913125 -0.9834919085849066 0.10183806016780562 -0.1495749820300065 16.45675529210884
-0.14909985929390435 0.01883742830405174 0.9886426974662927 65.60022618473303 0.10303250570883071 0.994672131607689 -0.0034137033227092596 -0.9969477754767128 -0.9834396446787664 0.10135335168560253 -0.15024634230555156 16.304556345581158
-0.15023569657115488 0.019570396327541272 0.9884564912343704 66.58884771964468 0.1019093684467036 0.9947847939500519 -0.004206465089125491 -1.001719252350363 -0.9833838091501071 0.1001010155459723 -0.15144659318747059 16.154207838048563
-0.15089251646211826 0.01879554947790676 0.9883714766197743 67.57635112542991 0.10076652890244886 0.9949038162512713 -0.003535966856123761 -1.010023892046867 -0.9834010144029147 0.0990612120281154 -0.15201750275162254 15.996829197433254
-0.152125826901355 0.018467203165403366 0.9881885929299259 68.56415928582447 0.09983664242605672 0.9949986145158197 -0.0032252039764899885 -1.013047100125949 -0.9833058413426978 0.09816679438000411 -0.15320869055795577 15.841182551241307
-0.152718812121921 0.017376117480419305 0.9881169136116313 69.55353054813598 0.09733892318907278 0.9952482584144434 -0.0024572658399856177 -1.0212500609235886 -0.9834643351217478 0.09580696563571593 -0.15368450435621567 15.696002674016425
-0.15472707496588947 0.018425415490782825 0.9877854201882572 70.54210340774574 0.0970478144016799 0.9952740369407946 -0.003363496905011151 -1.0267669121282872 -0.9831791566100031 0.09534199208934621 -0.15578398682816547 15.545359899217129
-0.15726145080847406 0.01896251303168802 0.9873749334417685 71.53014546374045 0.09617903692491864 0.9953568076331925 -0.0037971508337570565 -1.040689567903181 -0.9828623652098033 0.09436762473317972 -0.1583550518815514 15.391805233916884
-0.16163497724729098 0.01986967410574631 0.9866505613342543 72.5184273576439 0.09647099717477105 0.9953267635532167 -0.004240337107297936 -1.049861087873386 -0.9821239640872087 0.09449777672310421 -0.1627964660550634 15.239441322815125
-0.165970671720541 0.018822989653003292 0.9859510287986697 73.50325134478052 0.09446524634638363 0.9955233212826604 -0.0031038709794745374 -1.0620622370615396 -0.9815956669430388 0.0926229552695395 -0.16700579270129387 15.066314703476818
-0.17106618136204904 0.01813303348887752 0.9850926629970896 74.48813449956569 0.09300754313792524 0.9956630254490543 -0.0021763899196152806 -1.0714271217117242 -0.9808598057386454 0.09124874163585207 -0.17201078058139296 14.893348087161145
-0.17541299377626912 0.01893436537434763 0.9843128422520542 75.47297791925949 0.09192034946356227 0.9957624999971266 -0.0027736174877173317 -1.0834862381133192 -0.9801943332671043 0.08999185189417039 -0.17641013469671937 14.720322087960774
-0.1800061838979621 0.020355627277670815 0.9834548399375671 76.4566473982503 0.09310199687337045 0.995650186304694 -0.003567168291254836 -1.104182599806606 -0.9792496065542655 0.09091949708153783 -0.1811183400811646 14.541531717070631
-0.1838251767162539 0.02185870324825754 0.9827158803527818 77.43681559810638 0.09246699818453541 0.9957039335226752 -0.004850877674419805 -1.1146156409564414 -0.9786001014980423 0.08997707407876562 -0.18505666021044823 14.343639242105356
-0.18890864914431832 0.022061593855322095 0.9817468147924047 78.42069045336858 0.0907964786989251 0.9958573770957984 -0.004907539072849199 -1.1231989127446067 -0.977788076085173 0.0882120771801612 -0.19012918688412075 14.164987131485681
-0.19185149860942508 0.02191886155475243 0.9811791711963018 79.39921898486271 0.09008814924428252 0.9959230187456511 -0.004633152089917656 -1.1367452497625192 -0.9772804755273982 0.08750373843837773 -0.1930439533169854 13.959321408016319
-0.1953987003934404 0.020969737474313944 0.9804996777127534 80.37861397248422 0.08964754254950466 0.9959676289110714 -0.0034351529940307712 -1.1590469625647015 -0.9766179734161096 0.08722816214684341 -0.19649066575564053 13.758602520444393
-0.20929129277053574 0.019941004863107497 0.977649994167385 81.37470177807072 0.0892209422715794 0.996011117464494 -0.0012154617643672836 -1.1806953727953913 -0.9737745007087674 0.08697246812744058 -0.21023560963169882 13.672926313238463
-0.21122226813456563 0.019682306375899235 0.9772398683331617 82.35147866091884 0.0894674395926996 0.9959894856592686 -0.0007222942000531226 -1.1840966589142055 -0.9733348502426162 0.08727858426847918 -0.21213608375586127 13.458694353944574
-0.21821687195974265 0.02159513190118216 0.9756613383086757 83.33089141328517 0.0901851897950654 0.995923252249535 -0.0018727440658615317 -1.1883917776840047 -0.9717242552976298 0.08758153861904194 -0.2192748178870252 13.256872173379145
-0.22153375400623848 0.022742143087142945 0.974887475949767 84.30363539986534 0.0902025936840222 0.9959196811200971 -0.002735114315440763 -1.1964556582809804 -0.9709718265369899 0.08733145873880296 -0.22268122593962483 13.02513074355181
-0.2258432090794421 0.022981244948133986 0.9738925542858069 85.27730508501224 0.09099876853070199 0.9958481203161967 -0.0023969540239334296 -1.2037734168020826 -0.9699041545630138 0.08808168733244723 -0.2269968002375231 12.797284800432976
-0.2330090473206009 0.023258831530189348 0.9721963848022663 86.25174679494255 0.09001162816649247 0.9959381650384957 -0.0022534894209787124 -1.209011671468872 -0.968299897067826 0.0869838960705005 -0.23415616832113004 12.57270542893907
-0.2445056260892306 0.027420374544754784 0.969260089898753 87.22259660446541 0.0907297890496299 0.9958615213250698 -0.0052854255388295425 -1.1920018071254186 -0.9653937560341493 0.08664844721021964 -0.24598158956786753 12.33362114881352
-0.24676504501715396 0.020078561487703064 0.9688673097624187 88.2110821440805 0.08746858504926432 0.9961659392006492 0.0016334644064530312 -1.3022780663416322 -0.9651198159747634 0.08514853460319832 -0.24757517619455796 12.230009055865834
-0.24490435256136198 0.024870860211808565 0.9692281972831914 89.19148370633569 0.09339140246840832 0.9956275622989036 -0.0019501629997299079 -1.2831759493306825 -0.9650388096037814 0.0900399772493664 -0.2461562480528369 12.033927786468846
-0.24939309638934626 0.02585392764360013 0.9680571563181246 90.16253578608497 0.09493536794934287 0.9954811619533889 -0.002128874879454027 -1.2750001476387582 -0.9637377025859561 0.09137193563304315 -0.25072058151060106 11.795199919264347
-0.2525425411664863 0.026583705093495735 0.9672205392384281 91.128771969537 0.0952258454886581 0.9954525644328521 -0.002496059900583797 -1.2755929983589305 -0.9628885206773127 0.09147403231277791 -0.25392557602631743 11.537542654234672
-0.25659046227057025 0.02730965998151196 0.9661343163056932 92.09683743806308 0.09620277899455733 0.9953583973623223 -0.0025857521212301763 -1.289555348431982 -0.9617205207260056 0.09228132677851077 -0.2580267364877104 11.287234281630804
-0.26096401415604675 0.028485640240826438 0.9649281587847007 93.06344694553725 0.09626493749651852 0.9953501124283469 -0.0033489547126467935 -1.2964076811646184 -0.9605367484507574 0.09201479222900075 -0.2624927292073056 11.03107205658637
-0.2636133883133237 0.028224034435377066 0.9642154247792135 94.02542006765331 0.09561236455868377 0.9954141313060787 -0.002997155261379549 -1.3238967832792992 -0.9598782512618284 0.09140082645334288 -0.26510305859831157 10.75931473580141
-0.26543343415466564 0.02882298618183522 0.9636982554204517 94.98244507221786 0.09478150703030523 0.9954913418242988 -0.0036680073500679057 -1.348068260143019 -0.9594589923274077 0.09036716118379333 -0.2669685715990881 10.470318438712471
-0.2870452798734019 0.02411654979010542 0.9576133871916273 95.94859200683331 0.06804387901269572 0.9976711209284782 -0.004729164219844577 -1.3481567430800006 -0.9554972725399616 0.06380224519195221 -0.2880177697246475 10.212326053572793
-0.2838856681669991 0.020340882397427474 0.958642360796074 96.9014021861445 0.06461693429806954 0.9979080593790667 -0.002038830111305652 -1.2620779083962648 -0.9566784095041004 0.06136573579447917 -0.2846061616674994 9.921219246824123
-0.27622497210697505 0.032500779252217414 0.9605433171557122 97.86949068771241 0.09499595118174975 0.9954573164818071 -0.0063639863224769395 -1.1890721058275366 -0.9563867073749903 0.08948983412006464 -0.27805761191808426 9.681480243720529
-0.2802435885676222 0.0323474246001522 0.9593837476153525 98.82646549244645 0.09449913623704795 0.9955070941092864 -0.005961445171675866 -1.2050602507931958 -0.9552661641224361 0.08899027868155326 -0.28204128418191987 9.39175005488151
-0.28417218764522045 0.03177722974096892 0.9582465107888047 99.78194433135127 0.09406283714435981 0.9955530985100431 -0.005119640163594126 -1.2118114865194594 -0.9541479709339026 0.08868052614323349 -0.28589755830660074 9.096767700797294
-0.2879554323621945 0.0318303888793865 0.9571146719786967 100.73891773333996 0.09433021337656806 0.995529736986629 -0.004727961470128626 -1.2179114527294153 -0.9529866105131976 0.08892338904427172 -0.2896707632182587 8.806656207922012
-0.29163225597583636 0.03281500480087967 0.9559674694958831 101.69438761740697 0.09583748338018376 0.9953847789202165 -0.004931396688912201 -1.233430821200807 -0.9517172920851009 0.09017936212830878 -0.2934312161177373 8.511975991005556
-0.2958660043497292 0.033974214600285 0.9546250888240994 102.65290536339313 0.09612127392636778 0.9953536912692588 -0.005632936661439715 -1.2478268767462994 -0.9503809805382777 0.09009318519706916 -0.29775696433861726 8.227306947306522
-0.298219455562674 0.035618581716341205 0.9538325182968016 103.60348352095804 0.09631955852231766 0.995325470833118 -0.007053350756667214 -1.2600940753317127 -0.9496250307200037 0.08976928064403254 -0.3002561860856242 7.917064038814202
