0.9990467583145752 -0.0007422843761397385 0.043646577357723024 0.031093134938286592 0.0008481277392490955 0.9999967446128744 -0.0024065417078610427 -0.02798456626211706 -0.043644648932906746 0.002441265564967762 0.9990441355825901 0.9991246573934697
0.9960438652815573 -0.004911903019505426 0.08872706263424625 0.13128140325898335 0.005575454723919119 0.9999583033212334 -0.007232283425146795 -0.04607276250498879 -0.08868783873562375 0.007698365258098536 0.9960297196533631 1.9939287225490485
0.9909983932928026 -0.004457452823118545 0.13379953514647572 0.2886101626162536 0.006002184652552517 0.9999198895133417 -0.011143982009282107 -0.07097633370903454 -0.1337391426265324 0.01184675778245731 0.990945758384163 2.981160951372424
0.9838044470074245 -0.002108278282306687 0.1792327124469742 0.4994050506418274 0.0045668265231450025 0.9999010479681468 -0.01330557656432338 -0.1097335118632603 -0.1791869251477989 0.013908610098997172 0.9837167256996252 3.9579226399876077
0.9743684564640662 -0.004607339362375305 0.22491083449187727 0.7309398940983376 0.007781379255333673 0.9998822273630317 -0.013228058830661799 -0.1413943808445425 -0.22482339999367804 0.014639119766662672 0.9742895539765069 4.93023390989031
0.9628555418155831 -0.005503635047436457 0.26996095198432674 0.9993425396331539 0.009749586403823684 0.9998489305673982 -0.014389635443071166 -0.1721365717437217 -0.2698409738345415 0.01648714785809669 0.9627637419406342 5.8930500593532305
0.9494974892267277 -0.008085351862188315 0.3136704401715346 1.3219160634285392 0.014127596162949188 0.9997557655077137 -0.01699471567111306 -0.20215268593715247 -0.3134564227748353 0.02056784916684192 0.949379815775464 6.8391184260794455
0.9344306850741048 -0.010201348145006405 0.3559989147286311 1.66607162475725 0.017995851220772595 0.999665228618214 -0.018589782960914562 -0.23504696475322348 -0.35569009563210874 0.02377736713175927 0.9343014463659483 7.777454674991311
0.9172300859340315 -0.010042347741788011 0.3982312402477753 2.067358319408492 0.019286718150613655 0.9996293479893759 -0.019214295233357017 -0.2692688933682965 -0.39789067840353737 0.02530450335748207 0.9170837966889417 8.692767653327858
0.8977786980301818 -0.010574652944794817 0.44031986791232536 2.5074583592827 0.0205858876340271 0.9996266490872097 -0.01796618114670724 -0.29195605794693147 -0.43996548795735085 0.025194030042338018 0.8976612001510793 9.59042975444989
0.8759919344966416 -0.010390512584888897 0.4822138197366949 2.988278454094351 0.02124307013563021 0.9996289333216721 -0.01705073715089751 -0.31668327355998716 -0.4818577203574132 0.025180010214445225 0.8758876094668526 10.466900290853127
0.8521613574448813 -0.010422797578906969 0.5231752920086393 3.5176543712373283 0.02204934140560913 0.9996288485882968 -0.015999737923326124 -0.34161974590948113 -0.5228143527307518 0.02517002901598168 0.8520748923762864 11.314921110573229
0.8265347885428046 -0.010776676523675404 0.5627824682518143 4.064712520430717 0.023737780089213286 0.9995945936918662 -0.015721515780272362 -0.3828004897751799 -0.562384886999052 0.02635358619044601 0.8264555205030498 12.151002163883394
0.7994114238530532 -0.012322992767940175 0.6006575723841949 4.66988470102641 0.027034603493480067 0.999514720308213 -0.015474304544807494 -0.40739725421533285 -0.6001753957196044 0.028608875134063343 0.79935663294701 12.946716705007564
0.7708725147503146 -0.011446269231615996 0.6368866060164887 5.315434027462097 0.02781296074196481 0.9994898272715734 -0.015701095356901756 -0.44664348874329063 -0.6363819648743129 0.029817245032329156 0.7707975912529773 13.709426217333869
0.7403522292256766 -0.014674256967370795 0.6720589578772278 5.986920315063735 0.032755706715116205 0.9993616052286095 -0.01426343831235879 -0.4777876925428306 -0.6714206135934193 0.032573734470470864 0.740360257891038 14.449788428290523
0.7086746782514721 -0.01393170403287895 0.7053978367048707 6.704272468927657 0.033239032037265366 0.9993541308296772 -0.013656058834322303 -0.5120007461626788 -0.7047519898193955 0.033124444393847416 0.7086800434816848 15.145658642544973
0.675010196255125 -0.012638318761629023 0.7377001476551943 7.469238250868039 0.03424414092202901 0.9993124170997115 -0.014213790586778966 -0.546597358495285 -0.7370132792318801 0.03485636138801702 0.6749788591553514 15.788799704893105
0.6402354074954454 -0.013990549627221283 0.7680513573389919 8.268731831605052 0.038723341346570087 0.9991507818841778 -0.01407898771905477 -0.5915240781253327 -0.7672021414360738 0.03875538132136668 0.6402334688178514 16.38779186198117
0.6037190462796889 -0.0121289155575023 0.7971048880583662 9.05871443749314 0.03856860498289064 0.9991577636576735 -0.014008070255070972 -0.6268407222397718 -0.7962636346517502 0.03920016237206473 0.6036783675113664 16.99990314034092
0.5658178539715115 -0.010774213859144248 0.8244598670904421 9.866426214151975 0.041666713235027276 0.9990107052986369 -0.015540132139411971 -0.6438665781532767 -0.823476800605374 0.043145417073401963 0.5657070194458436 17.58923480087217
0.5275239682737979 -0.009076611862849058 0.8494916585898622 10.72909586657125 0.046328483931257484 0.9987623030018922 -0.01809789156194068 -0.6669927939926967 -0.8482759777768648 0.04890273222886153 0.5272915591086748 18.094473604663275
0.4890113992217261 -0.008056050986947042 0.8722401913886473 11.602204852170463 0.04810760976790118 0.9986844842263716 -0.017747079983059674 -0.6921274152858793 -0.8709497742772708 0.05063991516582037 0.48875565436971696 18.58135033468575
0.4505204439569622 -0.009645917275112536 0.8927140000340212 12.481293119275053 0.05325799772188464 0.9984511660865553 -0.01608895953918551 -0.7205779259831463 -0.8911761415430047 0.054792565374505865 0.4503363848549257 19.0571595266003
0.41389695671443383 -0.010152626613061782 0.910267122000671 13.404690010993423 0.05721769940192852 0.9982507880343966 -0.014882844615738666 -0.7392593910887828 -0.9085237718946492 0.05824335465580102 0.41375387314290935 19.44055121233219
0.37891639698947466 -0.007692452557050856 0.9253989357386203 14.337625710803126 0.058625313143726425 0.9981564722623346 -0.015707626797525236 -0.7706920281679174 -0.9235721069582576 0.06020367974192135 0.3786688265413698 19.799219537626517
0.34568600117877707 -0.008318188025257732 0.9383133785345926 15.277981302614958 0.05937662129142112 0.9981506546044173 -0.013026417649819122 -0.7851372670343043 -0.9364697568170804 0.06021692835697299 0.3455406142643875 20.139105839170867
0.3124205106362615 -0.009735736182796986 0.9498940151273484 16.228684448989853 0.06180854274887812 0.998036923347218 -0.010099687068354318 -0.801685668854596 -0.9479309724748096 0.0618669142320639 0.3124089568920285 20.44876642406518
0.27969425785265006 -0.009588040505295508 0.9600412447408302 17.18833276925057 0.06224564025431447 0.9980274450120222 -0.008166962232376092 -0.8255254452531332 -0.9580692054301643 0.06204263438993706 0.2797393592692514 20.72895700971517
0.24724971049171537 -0.006371401641940253 0.9689308468115143 18.15549214532484 0.05941794331644731 0.998196161685888 -0.00859830260010445 -0.840272325709511 -0.967128268987008 0.05969780596199986 0.24718228757238547 20.982699542836123
0.21622750759571588 -0.004654594379201608 0.9763319106277885 19.131178153374506 0.05922766843685791 0.9982095088483013 -0.008358213706657586 -0.8546467397084783 -0.9745448928861502 0.05963313840472959 0.21611603492921222 21.201400685686885
0.185931949311906 -0.0043748878732370235 0.9825528843686582 20.115603890679644 0.06138608249454783 0.9980883266453232 -0.007172244440258138 -0.8660605110852488 -0.9806431864348253 0.06164862180482908 0.18584506538651507 21.376830710255373
0.15508524586860142 -0.004396665933704736 0.9878913077067442 21.09925134697249 0.06326095421222853 0.9979819221107207 -0.005489518407725759 -0.876052437254799 -0.9858735305230757 0.06334629009545731 0.1550504090452799 21.556657969326572
0.12439636785421555 -0.004805382599984169 0.9922209693222296 22.088857885866172 0.062082807775973976 0.9980666431020752 -0.00294972975136228 -0.8866586755209416 -0.990288477486904 0.06196679937694358 0.12445419692259334 21.700067891754735
0.09514786299108766 -0.005300278275725241 0.9954490399907109 23.084398368799686 0.06277436414180004 0.9980275088446589 -0.0006861456966370645 -0.9064127859049883 -0.9934818888006073 0.06255396581771773 0.09529290627142202 21.792311710027267
0.06782282241565452 -0.004837162262048366 0.9976856552145191 24.081695208713334 0.06577982379548744 0.9978340947816059 0.00036615953866734284 -0.909495083361227 -0.9955265338206762 0.06560275262992968 0.06799411229192658 21.865725007734824
0.04284303061198436 -0.004468174355030543 0.9990718243179081 25.081355980445515 0.06989192810113419 0.9975534945285671 0.0014642199802350308 -0.9217254176148325 -0.9966341320235261 0.06976432449166034 0.043050504223945095 21.88871973629021
0.0199188346841992 -0.00413976669333421 0.9997930297599336 26.080947099571546 0.07412211928733142 0.9972456446356656 0.0026524870500900135 -0.9320450117349247 -0.997050225142735 0.07405394376345562 0.020170819415701105 21.915386265302057
-0.0003538370316940592 -0.004315757045993154 0.9999906244762868 27.080935220685717 0.08013025411209565 0.996774995404503 0.004330232359146853 -0.9368033062964127 -0.9967843383477123 0.08013103504556263 -6.873196858713496e-06 21.916442779160953
-0.01794532601599356 -0.004958258247786271 0.9998266754539644 28.080628829602443 0.08466980314104806 0.9963881177786377 0.006460896656028146 -0.9409686640196213 -0.996247454054582 0.08477107068270384 -0.01746069486223674 21.89204322904013
-0.033551736254642736 -0.004665457761197827 0.999426092564216 29.079828649357736 0.087591908605943 0.9961275220673219 0.007590607800818102 -0.9323454882118554 -0.9955912507354955 0.08779631702922507 -0.03301315154656931 21.852987359642263
-0.04777672769400622 -0.0052431699970859795 0.9988442788839679 30.07846637242086 0.09013468899850191 0.9958839019715509 0.009538953457399062 -0.9313003509858785 -0.9947829522714979 0.09048625841695938 -0.047107482502285 21.800818348220503
-0.06108046866550399 -0.006198160206130192 0.9981136003269672 31.076765147397523 0.09045469112899186 0.9958316139938357 0.011719446368813443 -0.9284368378370297 -0.9940257165689238 0.09099988670592928 -0.060265209027654684 21.7425830262413
-0.07308470661147082 -0.005843525615038351 0.9973086176645125 32.073213359856354 0.0904102456112703 0.9958266560527484 0.01246028022604853 -0.9241980205813893 -0.9932193177481126 0.0910775729979026 -0.0722513844074053 21.658481922401332
-0.0842401769298025 -0.0028862866347832057 0.9964412987930077 33.06997200000756 0.0907694345207385 0.9958159638251801 0.010558217070770919 -0.9203728635725974 -0.9923026263935927 0.09133583929865666 -0.08362572637645042 21.578122844393594
-0.09447425909329088 0.0004800611338046431 0.9955271889356312 34.065483803479516 0.09080090513584012 0.9958358248552689 0.008136679994853551 -0.914687014996719 -0.9913777332557387 0.09116347665668695 -0.09412444171722724 21.483656341153832
-0.10376813384708732 0.003157287252048061 0.99459650408349 35.059329557515 0.09191144411723351 0.9957464349246418 0.006428357111377469 -0.9090480225894143 -0.9903456269596884 0.0920818596254159 -0.10361694016784845 21.373027145592395
-0.11144017312367031 0.004206053657219905 0.9937622436613285 36.05432204124102 0.09148356340063225 0.9957882425319464 0.006044308286344664 -0.9064092985816373 -0.9895513354251457 0.09158648998498892 -0.11135559891869182 21.273112228148616
-0.11714171934818697 0.005039422117240104 0.9931024226195774 37.04755760310164 0.09151845604681488 0.9957868251378231 0.0057420453448475085 -0.9024828366508201 -0.9888893718667211 0.09155983347876599 -0.11710938093245458 21.157061785610463
-0.12211445248016238 0.006895154909521958 0.992492074192153 38.039996688083754 0.09269677244020062 0.9956842707474467 0.0044879132451116355 -0.8968367810712896 -0.9881778022575898 0.09254885101879816 -0.12222659817102167 21.03445352887804
-0.12659942643440497 0.008698268945825104 0.9919157854091365 39.03116341730598 0.09162782404398355 0.9957889165945434 0.002962338338408214 -0.8909141644128264 -0.9877129780900142 0.09126211538646539 -0.12686330914706162 20.90196414318821
-0.13049374266687702 0.009493267998907323 0.9914036821534858 40.022081154761096 0.09240888957537699 0.9957176742043692 0.0026287648218628395 -0.8969673282452806 -0.9871332130225571 0.09195755074893971 -0.13081218830070623 20.767630987967962
-0.13359869818495668 0.008650119169629994 0.9909977614917371 41.01365100785046 0.09206955293230268 0.9957456276330995 0.0037205473269810874 -0.8932966381876489 -0.9867495048218324 0.09173778113687735 -0.13382673217990312 20.638109743226465
-0.1359478993257563 0.006800775805221053 0.9906926456360515 42.0037212709658 0.09218219167365477 0.9957251811762755 0.005814388163532224 -0.8867745739593883 -0.9864180717156172 0.09211467320639957 -0.1359936571054787 20.497687760485274
-0.13816331093779555 0.005735538309939814 0.9903928529179719 42.99599637123589 0.09259563712260502 0.9956781142909309 0.007151273167513626 -0.8870086271723451 -0.9860714717993648 0.09269410079585855 -0.13809727072278535 20.373631037024612
-0.1400580565419234 0.0066117553942346575 0.9901212175730325 43.98491500723127 0.09465297861194076 0.9954875009710058 0.006741591087418663 -0.8785070194493445 -0.9856087227889105 0.09466213657587338 -0.1400518670396927 20.225416134185966
-0.14116638780920052 0.006459536160203102 0.9899648101551365 44.97597027858018 0.09449275376134117 0.9955010881032756 0.006978758614081935 -0.8744062999779187 -0.9854659661497709 0.09452966718332467 -0.14114167202746633 20.092027104656957
-0.14160284147120655 0.007910746819385795 0.989891941260276 45.96595515501119 0.09719443627481962 0.9952476270082835 0.00594999929421678 -0.8756187667579092 -0.9851405365959218 0.09705452601059236 -0.1416987725294713 19.95085885636293
-0.14183239976268217 0.008264928046448794 0.9898561821506919 46.95623183375652 0.09703783151844952 0.9952649726299369 0.0055940602543494535 -0.8737155253188785 -0.9851229515302931 0.09684691642132616 -0.14196283016312727 19.81176006441493
-0.14100375115310243 0.009682382666246922 0.9899617132125141 47.94606018554902 0.09700333558706721 0.9952756848006338 0.004082172168431617 -0.8740909181315439 -0.9852452968909504 0.09660518987370335 -0.1412768284034183 19.669493778974505
-0.13978862117419408 0.009677204594309244 0.990134078345683 48.93703904002039 0.09756071897425438 0.9952213468217971 0.00404684363864168 -0.8721775787714469 -0.9853634088514979 0.09716389525666905 -0.14006473487322488 19.535489127743165
-0.13859996912126213 0.00863187264501479 0.9903108296561353 49.92804174785498 0.09615551388832222 0.9953548374515897 0.004781705824547332 -0.8650657536272344 -0.9856693998032291 0.09588659101438585 -0.13878615188548885 19.40183637830981
-0.1374755859031259 0.009568545713716596 0.990458937166763 50.92015377554047 0.09782352471352866 0.99519588423564 0.003963585884660447 -0.8660198920566458 -0.9856627320200424 0.0974350806094395 -0.137751166141772 19.27648562517184
-0.1366001915684832 0.010368574267476179 0.9905719965409434 51.911619969764146 0.09749923710043518 0.9952309937816032 0.0030278344268313707 -0.8634963647742664 -0.9858165582035469 0.09699361671853997 -0.1369596724863567 19.146146001289235
-0.13580077361000376 0.011054575685172627 0.9906744905584994 52.90179108714599 0.09835693424055227 0.9951483596600119 0.002378182664832797 -0.8599037396619847 -0.9858418044360487 0.09776266476732537 -0.13622921127227927 19.00633093033065
-0.13460476418243472 0.01090843195852969 0.9908393227822535 53.89291933894876 0.09862152818231949 0.9951220178626142 0.0024420778085480974 -0.8638234557791848 -0.9859793870250916 0.09804680350345538 -0.13502397077696854 18.873479804541805
-0.13345401546732472 0.009511108742714403 0.9910093665380405 54.882400161070166 0.10011571472780585 0.9949680273914026 0.00393295479272706 -0.8575283281904538 -0.9859852277900453 0.0997404796426472 -0.13373468996661622 18.72895272521852
-0.13289390035528512 0.007666692292095258 0.991100617030206 55.87378400833069 0.10155926112388286 0.994811862469909 0.005922395556022359 -0.8566477229689254 -0.9859132455385364 0.10144249660989901 -0.13298305212778075 18.597966879921152
-0.13204893055586353 0.008603109607057353 0.9912058648152459 56.865866264095686 0.1037983781181874 0.994584788787552 0.005195633980079839 -0.8661533871990397 -0.9857935770936463 0.10357163905968732 -0.13222684653051087 18.472737330215175
-0.1315675322152051 0.010483346880311068 0.9912517762430417 57.85787790615803 0.10588685076058738 0.9943718913299837 0.0035378763174162423 -0.8685004647390494 -0.985635814742345 0.1054259985535795 -0.13193710443303858 18.346612814772474
-0.13127446815733831 0.010258398003603592 0.9912929835726695 58.85042958875016 0.10456647889866727 0.9945115423980543 0.003555773864864408 -0.8624490517699581 -0.9858158375177092 0.1041227991721466 -0.13162665836301635 18.224938917021372
-0.13133487451996934 0.01006740565048293 0.99128694033478 59.84219683948512 0.10480919559884887 0.9944851417477475 0.0037862066617094566 -0.8626872419079763 -0.985782016093186 0.10439324780095494 -0.13166573799140835 18.096885553803478
-0.13145098246631995 0.008913758809361568 0.9912825954855278 60.83532584179184 0.10421546677355893 0.9945427869320518 0.004876622457897712 -0.8612751695597737 -0.985829486115022 0.10394801520623756 -0.13166257798203423 17.979869356037277
-0.1313793632219967 0.009195719286098632 0.9912895145547491 61.828398583993284 0.10594641567340243 0.9943601715946286 0.004817276435843678 -0.8615388999756536 -0.9856545134707909 0.10565646167230856 -0.13161265965531815 17.862368465320746
-0.13192140971482044 0.00920707563226005 0.9912174188426841 62.82206193674576 0.1067728985043543 0.9942709879885142 0.004974996414426788 -0.858123371319277 -0.9854929171758839 0.10649146539815565 -0.13214869652599678 17.75002313553691
-0.13180363167423875 0.010183782609907151 0.9912235334419944 63.8120778215765 0.10672673682489854 0.994280439521993 0.0039763338216970544 -0.8570687780360468 -0.985513676376026 0.10631414842675885 -0.13213665471814603 17.609071243694828
-0.1327013362364324 0.010891538529659961 0.9910962262815449 64.80494891934545 0.10584574042712018 0.994377268800712 0.003244460798238356 -0.8568863855891488 -0.9854882214387447 0.10533385818858802 -0.13310801525305044 17.489878324800035
-0.1339999491132716 0.011731869550348342 0.9909118915799179 65.79793471848923 0.10604404202816037 0.9943581190063547 0.002567550675943844 -0.8660846174336806 -0.9852911624428439 0.10542435393682725 -0.13448803221488545 17.372002995907565
-0.13558711391790695 0.01256134423035343 0.9906857963908313 66.78933085706659 0.10468322579880637 0.9945041341439412 0.001717383756165132 -0.8615513682639578 -0.9852195474998298 0.10394104002623995 -0.136156907362406 17.24118576534951
-0.13678480317883826 0.011605824933497677 0.9905327972596043 67.7805941708654 0.10318978070267551 0.9946582992919026 0.0025955362208736725 -0.8639560179927905 -0.9852115441761029 0.10256789203914234 -0.1372517422286015 17.109309837004574
-0.13808662764805152 0.011361983022377325 0.9903549811085843 68.77272475236938 0.10239778889826735 0.994739404832737 0.0028651879096960277 -0.8601290067757045 -0.985112570264706 0.10180580442593254 -0.138523651740973 16.984160873700286
-0.13837681662620838 0.010473750686606617 0.9903242686953342 69.76238301358119 0.09940080151699003 0.995041785050071 0.00336551068170339 -0.8555755670315502 -0.9853787785811998 0.09890473472449914 -0.13873181383842598 16.840787965759745
-0.1401381810256282 0.011531881183021023 0.9900647988567243 70.75343676693522 0.09933441811230981 0.9950510394496304 0.0024702770084824993 -0.8560790028731021 -0.985136520283924 0.0986936908145122 -0.14059015540318698 16.707325588622385
-0.1427763538418516 0.012473973340378659 0.9896763676943725 71.74376202373476 0.09798799907363728 0.9951863216262011 0.00159288595219325 -0.8556432209362939 -0.9848925143492423 0.09720383344917723 -0.14331137408319425 16.56856069461508
-0.14689321645865716 0.013390573736270506 0.9890617147041132 72.73302996271957 0.09830325563139351 0.9951558674323114 0.0011266975250900364 -0.8557064018991855 -0.984255481514175 0.0973934907992196 -0.14749798323788427 16.42244792695475
-0.15203599236109483 0.012329765480351196 0.9882980491278798 73.72397968908079 0.09649255811729492 0.9953307481033206 0.002426542409390932 -0.8632129460149516 -0.9836535178886713 0.09573232872589944 -0.15251582862758406 16.288424459169658
-0.15700399411445978 0.011478234419825633 0.9875312632857283 74.71230700213053 0.0944201816214892 0.9955264904825157 0.003440356105160497 -0.8630572745575322 -0.9830740435667462 0.09378303088602367 -0.15738541223111904 16.136079129301987
-0.16086519069684097 0.012198886730789105 0.9869009968505426 75.6969025050041 0.09324772523959853 0.995638737232092 0.0028925180251558845 -0.8690353775606426 -0.9825615767776137 0.09249157845671632 -0.16130113376810337 15.961333720283724
-0.1654715611257999 0.013884901628504224 0.9861168145637482 76.68206464215439 0.0928204165487859 0.9956816508140551 0.0015557968722940236 -0.8683123271619213 -0.981836815733807 0.09178921363082239 -0.16604579949741136 15.789709011421534
-0.17061309646848738 0.015483145421336804 0.9852164450115987 77.66922451438793 0.09242334275649212 0.9957197388010175 0.00035703746185206304 -0.8768546617719833 -0.980993933226476 0.09111791245356177 -0.17131383190785926 15.630202224297518
-0.17539416576436537 0.015686565066649796 0.9843733124644473 78.65321047331193 0.09082613220976754 0.9958667156789307 0.00031354533023160913 -0.8832685944252573 -0.980299699236737 0.08946181464328827 -0.17609396184166448 15.452071670846705
-0.18043075010531262 0.015450843036089656 0.9834663267575073 79.63836313628299 0.08931117138714043 0.9960034993096001 0.0007375828690840061 -0.8946421549012519 -0.9795245066265018 0.08796761229285517 -0.18108959137841873 15.280768223215068
-0.184706004030365 0.01478346955083947 0.9826826248098467 80.62015904753208 0.08762056790685593 0.9961528177909728 0.001483134108973294 -0.8993595247945038 -0.9788801398306207 0.08637715343274852 -0.18529074237543652 15.090887901891733
-0.19196445445371582 0.014465600705334885 0.9812952637318273 81.61023379616596 0.08715328532689944 0.9961921080789612 0.0023640342474793297 -0.9033853227214664 -0.977524400249434 0.0859769166545826 -0.19249419918417132 14.950403790921511
-0.1975833556301648 0.01411711630744866 0.9801844339740766 82.59514979078428 0.0866166516615827 0.9962368559347101 0.0031116767600371915 -0.9042098764287376 -0.9764519308357476 0.08551510921752314 -0.19806259834369297 14.777372575307492
-0.20324474475486523 0.015700881572674727 0.9790020715235316 83.57926802820825 0.0872865432991324 0.9961809373075686 0.002144645402513817 -0.908848581193066 -0.9752295284128853 0.08588959461340305 -0.2038390160119665 14.599918977740456
-0.2064344908048285 0.016357806276176303 0.9783236801692874 84.55501642105429 0.08710845535655888 0.9961973423889658 0.0017239554974221225 -0.9189984916550139 -0.9745752500507828 0.0855761484935717 -0.2070743943549285 14.381259303507212
-0.21259369953346896 0.016492918723044248 0.9770014854393335 85.53382172263453 0.0877235469655885 0.9961422666023702 0.0022724427537100483 -0.9253800834805559 -0.9731949949657825 0.08618914270537675 -0.21322038704885313 14.176565739876036
-0.2182329735099701 0.01651410750347911 0.9757569643750211 86.51309450852193 0.08633400107254147 0.9962632424137903 0.002447871313547448 -0.9253495798346066 -0.972070372726071 0.0847752090444185 -0.21884321876556273 13.974019913750993
-0.22412930914241097 0.017485831766846295 0.9744025341052657 87.49306275020281 0.08596436316970932 0.9962964111727404 0.0018945577703266526 -0.9297364443448158 -0.9707606198482567 0.08418851923950424 -0.22480238472953892 13.77491441726666
-0.22928948093167878 0.017957415139077587 0.9731926146326846 88.46958275920552 0.08517953734020395 0.9963641961095784 0.0016837842569340457 -0.937308105156336 -0.969624040725368 0.08328217067558923 -0.22998543365824684 13.559620794986595
-0.2350685647750639 0.017135825154625157 0.971827728227003 89.45208592337865 0.0865766704265823 0.9962394734567673 0.003375153986266376 -0.9449260478036239 -0.9681153082109786 0.08493100154157038 -0.2356681458846468 13.373530763895742
-0.23972645463606876 0.016974058077705627 0.9706920769739452 90.42791015010434 0.08853932537719832 0.9960627489872996 0.004448363925722597 -0.9493881251253498 -0.9667947118232344 0.08701081215710955 -0.24028546306089496 13.15501951454579
-0.24328505560646552 0.01790464454182787 0.9697895675982422 91.39957140181113 0.09000459267251247 0.9959325298039694 0.004191583963367766 -0.9532584806834268 -0.9657699286146846 0.08830526474733943 -0.24390700113257963 12.91867350967263
-0.24660520304537942 0.01839955211712805 0.9689413451354176 92.37133896602427 0.08974111064302549 0.9959573827768295 0.003927435917463859 -0.9523942848133977 -0.9649520231034819 0.08792239859227391 -0.2472594688465496 12.68273484704866
-0.2496486015252478 0.018453758009691013 0.9681606450232337 93.34143409290765 0.08926137529240286 0.9960000735172088 0.004032422922493536 -0.9567575935319561 -0.9642136602628049 0.0874260394221131 -0.2502972332918729 12.44004902854767
-0.25340591181340594 0.018901122737699512 0.9671753674578705 94.30823923780714 0.08771793721585654 0.9961391493256189 0.0035154902117503876 -0.9572285161893977 -0.9633748010762011 0.08572947416197273 -0.2540855169255034 12.184534665199855
-0.2550827383346692 0.018159540243253395 0.9667486890096291 95.24520451723211 0.0847948662902691 0.9963917175480334 0.0036573012587255353 -0.9704228937300033 -0.9631939717702253 0.0829082402408555 -0.2557021635529556 11.835361394164313
-0.25993564622147125 0.01747753926134918 0.9654677599199211 96.21271639680438 0.08338812444289956 0.9965073810023171 0.004411384113875208 -0.9737321595172923 -0.9620186487409279 0.08165522169018168 -0.26048520926418384 11.582557494658216
-0.2635802304488423 0.017271008183761906 0.9644828533430999 97.16126048062984 0.08206236828371155 0.9966166716697157 0.004580115899008018 -0.9733559784672386 -0.961140587962137 0.08035497511850992 -0.26410575182206836 11.26591261516062
-0.26727779692669185 0.017618036518045273 0.9634584495759321 98.11741779701497 0.08129655685550015 0.9966805626638533 0.004327337692726801 -0.9726484084045565 -0.960184070433088 0.07948245590893217 -0.26782287073592154 10.973059946919948
-0.27214464772464403 0.017066498151209412 0.9621049970536897 99.080264397916 0.07950759111227113 0.9968226678628832 0.004807472334810596 -0.971404795450977 -0.9589660232095568 0.0778029785778211 -0.2726368699462084 10.703013886112632
-0.27656381409520026 0.0161506146073888 0.96085983076665 100.04133648395583 0.07903885495049044 0.9968535149003159 0.0059941003497395815 -0.9782046511455843 -0.957739691221592 0.0776030120465119 -0.27697013626035194 10.426799825213196
-0.28016485443983025 0.01608289256742845 0.9598171674352204 100.99702981026404 0.07917851424183853 0.9968398538747159 0.006408479499241519 -0.9758772041994647 -0.9566809380452624 0.07779232798741681 -0.28055291209883093 10.132444853992011
-0.28389640872522753 0.01701206183532452 0.958704030900583 101.95408877922281 0.08022548471311226 0.9967582622093891 0.006069457954871078 -0.9747839687820582 -0.9554929098195675 0.07863559289171096 -0.2843408919151521 9.842553604405802
-0.28767960623701927 0.01821655274773458 0.9575534456944421 102.91522648237297 0.08051664353631807 0.996739555189311 0.005227737049773284 -0.9786606041005678 -0.9543361641837528 0.07860290278994245 -0.28820837844177205 9.56651142445217
-0.28979499421736477 0.01970006048822387 0.9568859748911122 103.86179373486524 0.0801666292352171 0.9967743946092767 0.0037573672130987797 -0.9787157536165811 -0.9537254179708227 0.077799189379268 -0.2904395173668828 9.244004937154813
-0.2935195948313338 0.02094371573141806 0.9557236045119989 104.82220570440865 0.08139801101700668 0.9966766744180057 0.0031576056659010665 -0.9858209195370721 -0.9524812918123506 0.07872081962497392 -0.2942489104568567 8.965511914615911
-0.2971807793152908 0.021670008418839322 0.9545752956894916 105.77862254877786 0.08081303210844164 0.9967260619859755 0.0025320346307096857 -0.9866045646292873 -0.9513952061299213 0.07789459604528816 -0.29795904695099434 8.673508138180985
-0.30064322795779524 0.021460781829031814 0.9534951936566854 106.7320897039157 0.08083832859940553 0.9967225445503912 0.0030551291705973697 -0.9932713348915864 -0.9503045901774706 0.07799746167844986 -0.30139273690543206 8.37208494701082
-0.30471965708330756 0.02135848198467332 0.9522025760489928 107.68590838828206 0.07975904598230778 0.9968091475849591 0.003165102674553916 -0.9906989901293717 -0.9490966363711455 0.07691123804918755 -0.3054508737763202 8.071713014077632
-0.3082414681019434 0.02215262132617189 0.95105018727233 108.6385817659429 0.08226924500950476 0.9966041675763122 0.0034502891318246775 -0.9976397857290153 -0.947744147261234 0.079305703060413 -0.3090172111617229 7.7677964780038105
-0.3116672609172826 0.02247178319259699 0.9499255430992787 109.59254889434557 0.08480093281890211 0.9963888411025568 0.004251954767886501 -1.006546269881224 -0.9463996620167198 0.08187976725937289 -0.3124474090918157 7.468017568841544
-0.3143207520650779 0.022165399890363393 0.9490580381983708 110.5432436409142 0.08550920566588753 0.9963245788463553 0.005050676491567761 -1.0059392651396506 -0.9454578999445884 0.08274073141043572 -0.3150608366618001 7.157889964711685
-0.31752101422695267 0.02181180860706916 0.9480003431062523 111.49733047740874 0.0851438604361801 0.9963529670871375 0.005593568331767614 -1.0047640370498723 -0.9444209488116571 0.08249248439674067 -0.3182201462254424 6.858362128414322
-0.3198225303980154 0.02258042529471648 0.9472083579885243 112.44640423917066 0.08515236217559531 0.9963553988281716 0.004999444156295793 -1.014226844401681 -0.9436432717217486 0.0822559640358403 -0.32057968138172427 6.543450312339279
-0.3227845025285978 0.024623797368629227 0.9461521196565119 113.39624843668706 0.08488983517637563 0.996385737705291 0.003029452295614488 -1.0233612799115686 -0.9426578811059144 0.08129655774159425 -0.3237081847718317 6.230860225351224
-0.3258807502047252 0.02654858481168258 0.9450380464777586 114.3440705283906 0.08462069529013229 0.9964125280533792 0.0011882200507491612 -1.0294017389444103 -0.9416162034367395 0.0803569946101232 -0.3269582218611555 5.912117703818987
-0.32910590100510134 0.027584606298173015 0.9438900335415092 115.29169110821286 0.0840787182072909 0.9964590966002107 0.00019480069974335914 -1.038620067653579 -0.9405424366121068 0.07942517420861286 -0.3302598471411444 5.592852520790233
-0.3320536102245379 0.02813210665399203 0.9428409115604048 116.22916177404322 0.08211900692973062 0.9966221968087651 -0.0008157995753663592 -1.04557040195722 -0.939679130681173 0.07715427015584288 -0.33324217914152715 5.244857628990538
-0.3356435184217073 0.028410448646525855 0.9415605529912541 117.17130785658358 0.08277631396115144 0.9965679933960313 -0.0005624816561886379 -1.0544358005248775 -0.9383450913115607 0.07775011862570907 -0.33684329986684636 4.909772320712486
-0.33896585508659793 0.02763116460844196 0.9403928263379026 118.1141150204843 0.08248007831096145 0.9965926130269862 0.00044759564555365503 -1.0622274089853931 -0.9371761764829645 0.0777153936001452 -0.34008988786840644 4.5765247513385034
-0.34251594360184656 0.027082681636948092 0.9391215878329517 119.05385890074062 0.08239058111216187 0.9965992565286836 0.0013092098672636671 -1.0683905463972125 -0.9358924193103266 0.07782319860959222 -0.34358249262096424 4.234701031054619
-0.3464404406648086 0.02702226186134723 0.937682685366359 119.9970072035089 0.08291431683887122 0.9965548397641114 0.001915047224189604 -1.0797451398468954 -0.9344004693572856 0.07841076907303257 -0.34748743021620093 3.902522837690358
-0.350460383555017 0.027131964722021597 0.9361844775730849 120.9388623949095 0.08214912692568203 0.9966182957841339 0.0018690782964957142 -1.0897893422208846 -0.932967866812045 0.07756177537068941 -0.35150409741214705 3.5666539460323654
-0.3547858619629322 0.027737744528648328 0.9345360397971173 121.88052281340886 0.08130740347927938 0.9966882436546923 0.0012849513544964967 -1.096405283097989 -0.9314054424849987 0.07644058142759809 -0.3558661816193467 3.230154488471045
-0.3582743594139498 0.028458314499366415 0.9331825157611857 122.8218160647998 0.08165309988949093 0.9966603532634167 0.0009547309982806805 -1.1060351499113206 -0.9300388457827772 0.07653930081139669 -0.35940155921523437 2.892701857191586
-0.36102132952388194 0.02901974102222108 0.9321059243775937 123.75235055054036 0.0824951458202871 0.9965910376339191 0.0009244586731696695 -1.1164417286047723 -0.9289015828089098 0.07722796345076119 -0.3621846091654773 2.5266454742637534
-0.363547721173254 0.028731959489957343 0.9311323906585994 124.68409586925867 0.08372713231410372 0.9964868277660206 0.0019414951124575829 -1.1242307315993352 -0.9278053792386585 0.07866687099842369 -0.3646761599873599 2.163616559926651
-0.3662626309768572 0.028242412901292268 0.9300828195722254 125.61669392971582 0.08500744813103694 0.9963751122645623 0.003220158696547767 -1.1310742962680846 -0.9266204287151019 0.08024339083871562 -0.3673357855076815 1.8027647576439167
-0.36888968222455865 0.028931358684610668 0.9290228085644204 126.54871208883867 0.08612011332749393 0.9962797180236852 0.003170100173027199 -1.1380883956780738 -0.9254748664489616 0.08117696680284309 -0.3700088804771666 1.4404210627384648
-0.3714663794952102 0.029711134219468773 0.9279708925435703 127.47961103815672 0.08613277489865612 0.9962803245531732 0.0025806968986929733 -1.147488206040614 -0.9244424665672697 0.08088735013349281 -0.37264374755978874 1.0752652221336958
-0.37419995113638194 0.029936237101030598 0.9268647249074473 128.40849783071963 0.08569357122220096 0.996318607958377 0.0024172891985534827 -1.1567694137595321 -0.9233802079429224 0.08033089781718371 -0.37538771748043387 0.7050177536619611
