1.0 0.0 0.0 0.0 0.0 1.0 0.0 0.0 0.0 0.0 1.0 0.0
0.9999897956359792 -0.002981523480874244 -0.003393986099785401 -0.0022341178859866567 0.0029748513380440603 0.9999936361841298 -0.001969225928811347 -0.005519860945316256 0.0033998357944286734 0.0019591092300229153 0.9999923014741643 0.8604223583859473
0.9999686459529631 -0.0014183054839075624 -0.007790732991930599 -0.0061994071930142405 0.0013903298446093393 0.9999925709852762 -0.003595129647267866 -0.009025146667053018 0.0077957741065545405 0.0035841852368138022 0.9999631890836121 1.719733429653373
0.9999263610974967 -0.0014524314104864913 -0.012048353635091874 -0.014500913422022303 0.00139138548889239 0.9999861613221627 -0.005073579662042078 -0.013374576707917741 0.012055555928272172 0.005056442144791156 0.9999145443307126 2.5801199989291246
0.9998498918434257 1.0899429260676245e-05 -0.01732609771103578 -0.026521763265062767 -0.00011079227322973806 0.9999833789596636 -0.005764506005377171 -0.020000933032670136 0.017325746903441394 0.005765560303758815 0.9998332745056154 3.439440806440121
0.9997589146942155 -0.000889100057094593 -0.021939051723644395 -0.04392268201125213 0.0007571012266427667 0.9999815678094947 -0.006024187828888509 -0.029264128724764575 0.021944003444606102 0.006006125402752411 0.9997411600861841 4.299650317133771
0.9996401024839521 0.0011643927629499849 -0.02680130025516503 -0.06477955329214312 -0.001362857858238691 0.9999717797880994 -0.007387979823970296 -0.0385518527491199 0.02679194140655274 0.007421847271046854 0.9996134793302623 5.158745081467305
0.999475990085081 0.004044549434755403 -0.03211521233492088 -0.09024682247741636 -0.004305304747284436 0.9999582948261707 -0.00805437516944899 -0.04955137356021243 0.03208129664586896 0.008188420373127354 0.9994517197830581 6.018836129096641
0.9993137684057658 0.004219269762565242 -0.03679932115322578 -0.12006820076737051 -0.004457185553821406 0.9999696784632108 -0.006385581502243344 -0.06023221179472784 0.036771262850306775 0.006545220917103593 0.9993022737448063 6.877698104257891
0.999121224377989 0.003507944087540059 -0.04176689269872733 -0.15168918635936152 -0.0036787000987114553 0.9999851847808279 -0.004012154587923511 -0.06641133780038316 0.04175219949909283 0.004162276676573639 0.9991193268523313 7.737401127804745
0.9989658761862764 0.003089099415421588 -0.045361169299155964 -0.18960705539509456 -0.0031579138083131066 0.9999939691076587 -0.0014454510335542006 -0.07267613762239179 0.04535643058888464 0.0015872029211099234 0.9989696066403236 8.597140548458274
0.9988187646806047 0.004391843573697339 -0.0483920141338942 -0.23096682828822274 -0.004497802642751695 0.9999877196907263 -0.0020809226628144793 -0.08108540910769935 0.048382280778170174 0.002296122332527811 0.9988262525228981 9.455237113048524
0.9986987664867535 0.003987163791686663 -0.0508416791887861 -0.27430663454413445 -0.004113658143130648 0.9999886980532189 -0.0023836070376259434 -0.08652058274593127 0.050831600747159575 0.002589650695871633 0.9987038810752438 10.314560080692887
0.9986160443122063 0.0010103780818463493 -0.05258303127790483 -0.31857640406901716 -0.0011709164054906737 0.9999947472322313 -0.003022327367673808 -0.0925533482491812 0.052579701378124455 0.0030797149344967208 0.9986119818823073 11.173756302412354
0.9984980700279843 0.0007254899693086444 -0.05478209392396976 -0.36479253252793536 -0.0008512941818562033 0.9999970540455833 -0.0022731472392067934 -0.09808556604463117 0.05478028339289736 0.002316368809064847 0.9984957461035747 12.032087721791438
0.998413676514478 -0.0005667550025472637 -0.05630105982670186 -0.4111469235062161 0.0004167392125581325 0.9999963320440457 -0.0026762337124873596 -0.10410396715413099 0.05630237008573873 0.0026485254807581383 0.9984102505661219 12.886681361467032
0.9982877248123034 0.0016522610521137863 -0.05847126236442741 -0.4603154969638787 -0.0019555632105596045 0.9999849274780699 -0.005130359559431082 -0.1095777377556043 0.05846190436175968 0.005235919221608394 0.9982759091996066 13.748930381061639
0.9981940837435745 0.001947880917234188 -0.06003979463037328 -0.5118045059820724 -0.002424825822045599 0.999966075514193 -0.007871978180614334 -0.11821642952834899 0.06002242413513351 0.008003348091617818 0.9981649437944945 14.618088135449241
0.9980484288814037 0.005384989898579972 -0.06221202047155811 -0.5667880797358585 -0.005993535207036849 0.9999359632077217 -0.009599323912025663 -0.1269506056384365 0.06215634435102645 0.009953460083718097 0.9980167921880264 15.497943341547133
0.9979693593398216 0.006504688991536629 -0.06336281906598802 -0.6271749818441643 -0.007083800806374914 0.9999351312282503 -0.008919254547199593 -0.14977409216585563 0.06330069182087465 0.009349992335051375 0.9979507002143608 16.38752628885518
0.9978812456561379 0.005538985351145242 -0.06482545186139307 -0.6850343725173843 -0.006038934380659488 0.9999534981485756 -0.007518830492364506 -0.16331322572398363 0.06478079066590704 0.00789437658758555 0.9978682918997843 17.287287545548526
0.9977668070593945 0.006314314001641916 -0.06649457247918326 -0.742993788253158 -0.006737272927450028 0.9999584632486723 -0.006138479523059703 -0.1742644378670082 0.06645305022346021 0.006572763196909072 0.9977679043244252 18.191530837555863
0.9976929410491815 0.005625048542106003 -0.06765466879331353 -0.8060030128202618 -0.006047899174189696 0.9999634280680783 -0.0060469365728828064 -0.188515841431714 0.06761818021961863 0.0064421545492624 0.9976904732172951 19.10228805400347
0.9975539831672741 0.008112239109822145 -0.06942796442162669 -0.8084060013199893 -0.008584014502042754 0.9999420337366978 -0.006499527794075655 -0.23655701147685065 0.06937121421839393 0.007079600493129026 0.9975657942685902 20.016123128393318
0.9973772283121619 0.005444938411339001 -0.07217352069870384 -0.8643079655348749 -0.00600525408544339 0.9999534756998911 -0.007548732282770895 -0.2417043834101274 0.07212906049380349 0.007962354011497209 0.9973635242733095 20.93291327187972
0.9972676307126603 0.004405490776572966 -0.07374187673075773 -0.9271624817061458 -0.004857811534794082 0.9999704657782257 -0.005955605625889702 -0.24876357997293838 0.0737134614561625 0.006297556851369972 0.9972595782331971 21.859453263414757
0.9972648022946009 0.005932681953171144 -0.07367304384340875 -1.0011073945186886 -0.006143776899827236 0.999977644593503 -0.0026389995519543346 -0.2593310653838708 0.07365574050754939 0.0030844121113402937 0.9972789571088982 22.792615592799393
0.9973081263715227 0.006224368997638565 -0.07305996375515171 -1.0739476422321776 -0.006163797894942577 0.9999804476238682 0.0010544977377079131 -0.26550928451956357 0.07306509884228679 -0.0006013323122579816 0.9973269923804413 23.72709385649142
0.9974021524105062 0.003996004824774408 -0.07192341977638177 -1.1445313440825757 -0.0037472112705274345 0.9999865216140438 0.003593744278591878 -0.2613561576262372 0.07193681098424691 -0.003314896029479624 0.9974036829136587 24.668450461841477
0.9975127245174961 0.003956677564984968 -0.07037548670047424 -1.2153912038366443 -0.0036686579213966995 0.9999843602645091 0.004221394963330707 -0.26188314264960205 0.07039108874522147 -0.003952711604380681 0.9975116393788268 25.61267617038444
0.9976210547439602 0.0028927021797214942 -0.068875709837705 -1.2949306138648193 -0.002829794342183536 0.9999954851587508 0.0010109036035606564 -0.2545297089681341 0.0688783231178666 -0.0008135946252161071 0.9976247363955327 26.558738311310194
0.997663042313309 0.0032056403169252712 -0.06825084521316307 -1.3615799745451385 -0.0034798393374534764 0.9999863441360142 -0.003899007524333694 -0.2569333246083672 0.06823741437318785 0.004127397684716382 0.9976605734757756 27.50970685382857
0.9977415768565436 0.0019157806261232081 -0.06714220428620588 -1.428555879551829 -0.0023831702702273878 0.9999734804127631 -0.0068817854259440375 -0.26394840542369385 0.06712723971146982 0.007026254747602143 0.9977196827931881 28.46737708078343
0.9977861185932684 -0.001106317384931301 -0.06649539536256677 -1.496187958492219 0.0007144142367686399 0.9999822381474827 -0.005917178537950949 -0.2732591991513174 0.06650076055864745 0.005856573349278839 0.9977691864322755 29.43484091572889
0.9977548976115392 -0.0033224839702707294 -0.06688890335813819 -1.5613601496871738 0.0032627960225752825 0.9999941754930415 -0.0010015698216655463 -0.2823713793272776 0.0668918414629326 0.0007810763470353106 0.9977599267686775 30.4096526188139
0.9976626620914969 -0.007682139457067907 -0.06789843445816778 -1.6285611279555408 0.007861067446878641 0.9999662965024668 0.0023684336040640844 -0.2896279962061416 0.06787795140620818 -0.002896651947230694 0.9976894271868334 31.38815070968071
0.9974858098371839 -0.016118591313341514 -0.06900905873529439 -1.6976577944016795 0.01624782479200517 0.9998671348800029 0.001311783664818339 -0.2830400440596945 0.06897874573363981 -0.0024297326866247956 0.9976151708129162 32.366309334556085
0.997269857711964 -0.01924802196321291 -0.07129056424004104 -1.7482177089856923 0.019096260946856125 0.9998137016295033 -0.0028097778846259036 -0.280879037719568 0.07133136559052623 0.001440723573426643 0.9974516332126456 33.34557304608885
0.9971377041852735 -0.019691449776801293 -0.07299757323233455 -1.8198494917614652 0.019248098330355904 0.999791803139884 -0.006772081287549144 -0.291889524009384 0.07311572746534954 0.005347633120169448 0.9973091262077287 34.32873627496255
0.9969951435345823 -0.01839212100993712 -0.07524901097831063 -1.8971616596723595 0.01787159476849236 0.9998115194259647 -0.007584966946224252 -0.3058132644660908 0.07537433163145703 0.006217355378321692 0.9971359258512399 35.33903928748289
0.9970178373700953 -0.016333320458934396 -0.07542317023729787 -1.9788588511407035 0.01579544147281947 0.9998454212214729 -0.007722544343332066 -0.311246925630998 0.07553764620728776 0.0065081721890058505 0.9971217115779897 36.39632205647679
0.9975949458122344 0.0014923966445930525 -0.06929716330515127 -2.0665499517701345 -0.002258390420074599 0.999937203613037 -0.010976725524994606 -0.31454467772041733 0.06927643006532663 0.011106825955049436 0.9975356708682687 37.4372635887838
0.9974973656793882 0.0011072666699263626 -0.07069497452579696 -2.142624047974872 -0.0018023332002764453 0.9999506590913428 -0.009768878022828904 -0.3331632459359315 0.07068066961847894 0.00987184599309563 0.9974501439164619 38.48087025100712
0.9974198620778654 0.001828167896811392 -0.07176542715481853 -2.2226717971148404 -0.002378711210512555 0.9999683912601102 -0.007586712967095337 -0.3370725933520788 0.07174928895500955 0.00773784742736495 0.9973926835763536 39.51282561089564
0.9974112530446 0.000920084956410772 -0.07190233475815895 -2.299865205584345 -0.0012521317448118293 0.9999887594545879 -0.004573087640638872 -0.3499509954010044 0.07189731890755713 0.004651280269809148 0.9974011936656961 40.54774844066053
0.9972523464732559 0.005133186257362624 -0.07390133863762595 -2.373174203251181 -0.005320266460760471 0.9999831214759656 -0.002334850738595932 -0.35401957685789 0.07388810606838096 0.002721610191088621 0.9972628242442382 41.57089481555685
0.9972302002464862 0.004389494726725722 -0.07424728986567687 -2.4536806661787134 -0.0046240863712607655 0.9999848447469825 -0.002987992902477984 -0.3661607269789056 0.07423304885012388 0.0033230426416440916 0.997235384373226 42.592517430757475
0.9971588677861156 0.012227759785502246 -0.07432815271578311 -2.465920891827843 -0.012562126820316587 0.9999129614971455 -0.004032666581683401 -0.49521471842892784 0.07427237282639466 0.0049549289234858155 0.9972256832403079 43.596704247919725
0.9970707613565882 0.013387876314567285 -0.07530379549252439 -2.539204848742447 -0.01390820849020417 0.9998828606126899 -0.006389584460498749 -0.5042768880837455 0.07520943148559937 0.0074182087305953905 0.9971401664735209 44.60190956016838
0.9969749967185635 0.012467328238503179 -0.07671650177513353 -2.6037923084974675 -0.01300519963818206 0.999894200644374 -0.006515542964364717 -0.5133522386433548 0.07662715380589076 0.007493546846645663 0.9970316574990306 45.60344409632253
0.9968942898983868 0.009638576653798182 -0.07815927717219942 -2.682598518651674 -0.0100864708093507 0.9999348835467099 -0.0053377685450898315 -0.5272404361530939 0.07810273922599592 0.0061095422510765735 0.9969265948999841 46.601938897352106
0.9967783418897688 0.009279435350444372 -0.07966698951925265 -2.7586560234525233 -0.009666693783601056 0.9999432556531427 -0.004476662271035138 -0.5374600227832254 0.07962092796983619 0.005232356388066813 0.9968114818138127 47.59661104999082
0.996710306324265 0.011311273112071037 -0.08025347573516303 -2.8407977589227347 -0.012016393826776845 0.9998932806593305 -0.008308644397381711 -0.5497553250889148 0.08015092979117601 0.009245668872855058 0.9967398587699311 48.58215387558187
0.9966221849982065 0.01098550487718815 -0.08138512795342012 -2.9224481005552168 -0.012045388061757046 0.9998487727125231 -0.012543537447773914 -0.564065364537205 0.08123502320946879 0.013481483147461901 0.9966037931978287 49.5591844153136
0.9965555023320292 0.011719862630108779 -0.08209613627747207 -3.006890709931588 -0.012902932339392836 0.9998202043154393 -0.013895084730907052 -0.5836575002384179 0.08191852726217007 0.014906504035668915 0.9965275465478264 50.539847615943216
0.9965574262075172 0.010010675247454415 -0.08229874028039486 -3.0897968240313975 -0.010902602284876417 0.9998865278168931 -0.010395419842224772 -0.6034846450787192 0.0821853364905666 0.011256903276137497 0.9965534870715985 51.51971122971373
0.9964951853029429 0.0073901886417678 -0.08332305071163362 -3.165805671947055 -0.008034305196804013 0.9999403602425644 -0.007397695450362722 -0.6200242270971059 0.08326341098020765 0.008041210717969937 0.996495129602814 52.49576241954948
0.9964847335915545 0.005194630025830729 -0.08361334545312833 -3.248319276830562 -0.005790940027844236 0.9999594900499087 -0.006890810744875201 -0.6359490317526354 0.0835741630682792 0.007350787578383233 0.9964744478356747 53.464722781809414
0.9964701972664044 0.001413541347574787 -0.08393537907648158 -3.330316134503594 -0.002112927044585132 0.9999637838323537 -0.008244183585235907 -0.6505396141731102 0.08392068576434655 0.008392432575928633 0.9964370956444261 54.42655113417519
0.996419855143288 -0.0016765270757687354 -0.08452609971596887 -3.412333882208935 0.000856511327577799 0.9999522307559394 -0.009736662393621882 -0.6656967322279136 0.08453838574621236 0.009629406169949072 0.9963736928844708 55.38879308062703
0.9963165444241605 -0.0033905448304248705 -0.08568458153281229 -3.4961046793346275 0.0026598464081611425 0.9999591326877203 -0.008640496022132647 -0.6833213003918877 0.08571037582338112 0.008380761312456997 0.9962848459732975 56.34598222321965
0.9961695902567254 -0.006771541393262543 -0.08717966319565451 -3.576255494925833 0.006375675292556962 0.9999680661167856 -0.004818455273351311 -0.6933920038976715 0.08720950757980621 0.004244169390674721 0.9961809518425203 57.306927371989175
0.9961092356550842 -0.00804075034928053 -0.08775954065778185 -3.664945796667921 0.008083413090209542 0.9999673201341979 0.00013075337506082176 -0.7059533964884182 0.08775562133252392 -0.0008396412642350777 0.9961416796455658 58.26679002797029
0.996056568759701 -0.006482491897956652 -0.08848327033651185 -3.7518547158889928 0.006695932290068999 0.9999753440581024 0.002115600777055825 -0.7129921061101546 0.0884673743332428 -0.00269973603783675 0.9960754163736332 59.217136239503006
0.995899822523076 -0.0061027196825998095 -0.09025685741804709 -3.8379109516192114 0.005939154589572211 0.9999801984061054 -0.002080682207458941 -0.7202078206568012 0.09026776800867085 0.001536101612160504 0.9959163471148411 60.15681165035361
0.9957667626634871 -0.00478848377702444 -0.09179120218079784 -3.9265811575366816 0.0038866210248557752 0.9999424314799262 -0.010001395053866501 -0.7312060501887523 0.0918338094150954 0.009602299158614552 0.9957280488663454 61.07982860358801
0.9956798969675483 -0.0034450848956769945 -0.09278832989527529 -4.014944526515941 0.002064366102157513 0.9998857795875157 -0.01497217991020642 -0.7463926788529606 0.09282931200482479 0.01471594946746227 0.9955732819154904 61.99299446903057
0.9955654423395172 0.0010958057976806108 -0.09406513290787345 -4.104294521180704 -0.0024276781469443746 0.9998984060854431 -0.014045778248509885 -0.7694848852807809 0.09404018501756024 0.014211851302530356 0.9954669592128191 62.90213527377975
0.995452758664643 0.0033785175663821826 -0.09519659072680135 -4.193844885861427 -0.004532692008552608 0.9999187942295579 -0.011910484862682874 -0.7880366951812527 0.09514862043197504 0.012287821839619935 0.9953872359360092 63.79909857318766
0.9953267434439016 0.005619599273206451 -0.09640069444442055 -4.280651167694946 -0.006662559475861479 0.999922671538571 -0.010500535433936125 -0.8063335282815605 0.0963342311257455 0.011093739098127248 0.9952872172725986 64.68060692117302
0.9952067434832883 0.005960824439614263 -0.09761150699271366 -4.368239632682631 -0.007061493005255684 0.9999152832113987 -0.010934428051191073 -0.821592470391806 0.0975380594533498 0.011571299506539725 0.9951645250840704 65.5478618867221
0.9950143078528754 0.007553380592892788 -0.09944583254054606 -4.4534893007983465 -0.008627625616791862 0.9999089400890626 -0.010376685703308814 -0.8374212074591516 0.09935839795548175 0.01118293215519469 0.9949888696785161 66.40155482796558
0.9948616614510534 0.00795035462127673 -0.10093099839120642 -4.540206879913367 -0.009000890050796273 0.9999099138425792 -0.009957317792490936 -0.8535743905174978 0.1008427416978695 0.01081462254187005 0.9948435984546176 67.24309963050608
0.9946945879528981 0.00770847597186877 -0.10258292302038226 -4.625985908588235 -0.008749185327989226 0.9999146872046458 -0.00969897255037628 -0.8694630460159976 0.10249940708760724 0.010545032509555224 0.994677170661949 68.07028682408654
0.9945592865432666 0.007883117900108516 -0.10387339410417777 -4.709605282727414 -0.00882432964951747 0.9999240422466918 -0.00860470471742237 -0.8916538449378707 0.1037976722127499 0.00947450205606463 0.9945533052853441 68.88531950480923
0.994377737961062 0.010465192811182241 -0.10537264344632728 -4.797852098433038 -0.011173236145167543 0.9999187794942209 -0.006131330103116166 -0.9024844486086102 0.105299919475213 0.007274211587095621 0.9944139041688318 69.68796650151523
0.9942172104888688 0.011984882769114092 -0.10671691971165383 -4.88356037949643 -0.012292930060010098 0.9999219541841794 -0.0022292175831153138 -0.9135883536629649 0.10668187399119244 0.003528190117292783 0.99428694532123 70.48029655576983
0.9939810036629275 0.015124217046260258 -0.10850355946224927 -4.967738560299465 -0.015282947509745362 0.9998830095656368 -0.0006314248810401666 -0.9249125838804917 0.1084813157767484 0.0022858785408761645 0.9940958600088026 71.25506437120707
0.9937873353164102 0.017808689892650473 -0.10986165267743497 -5.052335403176405 -0.018455271558161547 0.9998178200740296 -0.004871305177368604 -0.9403892578967863 0.10975488652640684 0.006868568025720681 0.9939349514212943 72.00680050692891
0.9936196742126656 0.016994170300602667 -0.11149502766182579 -5.138480562312479 -0.018584103272615702 0.999739681542392 -0.013236323321479514 -0.9302333525407386 0.11124106311551468 0.0152239063749125 0.9936768380875228 72.73565334841693
0.9934658193379772 0.015908761399290622 -0.11301582684678746 -5.219870849866294 -0.018189656174685397 0.9996505784948699 -0.019179606959481302 -0.946027338051463 0.11267121289561641 0.021110002975222295 0.9934080559161054 73.4468341747411
0.9934195089033457 0.015817154569182104 -0.11343498997915426 -5.275666022561649 -0.018247696329450228 0.9996249427504369 -0.020420465466185058 -0.9398256897072987 0.11306945170515499 0.022356016025269116 0.9933355463480469 74.14286664896711
0.9932743283493303 0.01862985049359318 -0.11427614498561803 -5.353941548418637 -0.02070430390122904 0.9996412216277677 -0.016992934487945286 -0.9589184481992434 0.11391856934737707 0.01924465362464117 0.9933036810888771 74.81808930894243
0.9931212660367058 0.018668574739687756 -0.11559253982346873 -5.430807559235079 -0.020547884384830406 0.9996750190820158 -0.015087765596038286 -0.9731710680869483 0.11527330737408004 0.017359163014444137 0.9931821202913785 75.4732804611343
0.9930339687526569 0.01559066398414636 -0.11679241456482373 -5.502613510043218 -0.017824295871834515 0.9996772037773579 -0.01810477076789945 -1.00370822710789 0.11647244901701642 0.02006039492179365 0.9929913137462784 76.10238260249935
0.9931675441575853 0.0073923169272978855 -0.11646279613008753 -5.5741292638387785 -0.010173032631383902 0.9996767544003098 -0.023300131303183147 -1.0269495080871884 0.11625290808866982 0.02432571401030526 0.9929217094005024 76.71196927619667
0.9933267439762574 0.002886597321444033 -0.11529808002491565 -5.663782440039424 -0.006223158648804261 0.9995718761644874 -0.028589100675613106 -1.0172637514045835 0.11516619294723518 0.02911583653121374 0.9929194408737939 77.30187605724674
0.9936699813112742 0.005363993918895259 -0.11221049777133664 -5.731726629045385 -0.008665518971145947 0.9995431365191072 -0.028955604267705666 -1.036031584386063 0.11200391520752195 0.02974467694874693 0.9932624915758174 77.88202445188347
0.9940694773860022 0.010368940777253213 -0.10825137041478568 -5.796574258665661 -0.013247592088292934 0.9995765726702959 -0.025907077653967617 -1.0597958172353161 0.10793690487216817 0.02718750514233193 0.9937859246994556 78.45043874607815
0.9945995868129898 0.008693204625503874 -0.10342190340914169 -5.857939230018888 -0.011160187838291957 0.999666250409212 -0.023298884097796412 -1.0685421474782797 0.10318484442419207 0.024327268365511738 0.994364657404429 79.00400066358331
0.9952278962588768 0.00552592574669415 -0.09742124333415622 -6.079415258058126 -0.00741768812133279 0.9997906937279345 -0.019066899012475484 -1.1519680436254736 0.09729549018873106 0.019698550191811638 0.9950605784118247 79.49391007886553
0.9960269440604064 0.0012332708592835322 -0.08904384172235803 -6.123840215525575 -0.002650170795840242 0.9998717246219723 -0.01579591390954057 -1.1699169234059152 0.08901293894957943 0.015969137248842923 0.9959024467060446 80.02372782610526
0.9969224544339983 0.004851987454917715 -0.07824370941507437 -6.169114035153594 -0.006118819554469615 0.9998539207259285 -0.01595923733298364 -1.1885882856543157 0.07815484561147244 0.016388881192075874 0.9968065131612648 80.53402581417451
0.9979609218289538 0.01009419740734948 -0.06302464344212429 -6.2063814354317905 -0.011146844434583419 0.999803818277486 -0.016372929393147342 -1.2073662554588793 0.06284700757758173 0.017042069606220053 0.997877658584498 81.03431183412323
0.9988822596332437 0.015392270038766493 -0.04469126774929789 -6.234977257480022 -0.016116103983442653 0.999743993054749 -0.015881421326280513 -1.221131838550915 0.044435375348708256 0.016583919138782145 0.9988746022617742 81.52137582926864
0.9996584583068242 0.013954824661037611 -0.022095918272474393 -6.254058504702995 -0.014301141246773633 0.9997761325446973 -0.015593657460963032 -1.2300920339951311 0.021873364959785962 0.015904328424982746 0.9996342372301411 81.9955438960411
0.9999342114712574 0.010452067345249616 0.004725147359153518 -6.2639099393657 -0.010382495413129873 0.9998407318953354 -0.01451601295117099 -1.249818303609516 -0.004876117138839653 0.01446599914325287 0.9998834723858753 82.45529444238876
0.9993346934550373 0.009647414051757211 0.03517240195438934 -6.260049778037119 -0.009194513736554978 0.9998730185393443 -0.01301567186780812 -1.2630851411153394 -0.03529350328708503 0.012683619323210037 0.9992964997569981 82.91011589507634
0.9975334338233988 0.009491572144951853 0.0695482455761232 -6.300788929308947 -0.008689358521387889 0.999892289653888 -0.011828108014138588 -1.2682373808903067 -0.06965302185107522 0.01119460356263319 0.9975084648252809 83.35841400248786
0.9941008553053746 0.009977254413156085 0.10799974016403216 -6.265548476413293 -0.00877419357816301 0.9998941171829716 -0.011608959899176733 -1.2737369039264996 -0.10810413039369145 0.010592866338386788 0.9940831394680026 83.79468060458979
0.9893857181737431 0.009634247592598436 0.14499338587381058 -6.204589896350755 -0.007902539398631324 0.9998904614654506 -0.012514589144801604 -1.2739673421549935 -0.1450980721611432 0.011235939824270048 0.9893534773332454 84.22913154436968
0.9824812713502455 0.00909618488702046 0.18613922441685063 -6.138326603865425 -0.006801135553719374 0.9998928260299804 -0.012964606008705248 -1.2797198177056155 -0.18623720359043597 0.0114715244968645 0.982437839318362 84.65585431016667
0.9720179280968905 0.011966923936372113 0.2346016628025676 -6.054129934415582 -0.008528743909875899 0.999840928623261 -0.015664545224695552 -1.2803415157228286 -0.234751800814282 0.013225361291014377 0.971965370696494 85.06033208574473
0.9589444347485575 0.012488949577052141 0.2833188966575153 -5.930910397756047 -0.007312342907828267 0.9997865813471402 -0.019321526839206956 -1.275973939486174 -0.28349973669470724 0.016456545708675 0.9588311016009906 85.45831271005987
0.9412462400610898 0.013029064032469456 0.33746964168840315 -5.801295810359287 -0.006202193708718239 0.9997538934717938 -0.021299889229532375 -1.2830795709096066 -0.337664105827168 0.017955388562451755 0.9410954019957326 85.83343554866241
0.9173497042178982 0.014609132637812288 0.39781414431227224 -5.654257975420426 -0.005776308958316871 0.999709662902375 -0.02339282271209343 -1.285925485404461 -0.39804039295799176 0.019161501590224415 0.9171677504309963 86.20887874464323
0.8881829517795842 0.015584418314902662 0.4592256200103506 -5.486790348780247 -0.004447261028821359 0.9996694117839818 -0.025323684818976743 -1.2929728294898155 -0.4594684603293747 0.020449768929146163 0.8879586369382851 86.5686084519026
0.8543357943318451 0.014614457652937729 0.5195158978807923 -5.29560267507847 -0.0005372280529308058 0.9996288594229175 -0.027237011489106445 -1.3042995603049294 -0.5197211386016487 0.022990455331486158 0.854026566948743 86.89517950870999
0.8147412855695102 0.015162286136728362 0.5796263819631141 -5.093395773785579 0.0017411408308248026 0.9995895518317887 -0.028595389441876867 -1.3137488961056565 -0.5798220468532985 0.024307055515494693 0.8143804768257997 87.22535235959228
0.7714543892741886 0.014670407153782322 0.6361154804149408 -4.8762801107484295 0.0037052817097603125 0.9996136369286215 -0.027547191395621177 -1.32465864693335 -0.6362738373978923 0.0236083887692049 0.7711019697956175 87.52916297258575
0.7249225920047666 0.015174957778827616 0.688663166038014 -4.62926226380439 0.0032650305599892567 0.9996703807713361 -0.025465062024972052 -1.3335844264852363 -0.6888226006574787 0.020708705051357874 0.7246340968782536 87.82846114823592
0.6755220916850264 0.015267374536382116 0.7371816675150382 -4.363959861410144 0.005645284009514762 0.9996492124421595 -0.025876298657722775 -1.3357957900235569 -0.7373181365014276 0.021641611274061313 0.6751989382748785 88.10543948278774
0.6241642025407909 0.015134563324628654 0.7811465888420631 -4.08565785799511 0.009672596715584666 0.9995860506725167 -0.027095537892798185 -1.346400545286085 -0.7812333128709985 0.024467780730895974 0.6237594396614036 88.35810396490555
0.5722974051584739 0.013425298505551476 0.8199362422828462 -3.7876258218481986 0.01641709026042082 0.9994780211846239 -0.027823808442611616 -1.357712394365651 -0.8198817958683179 0.029384460670680727 0.5717782736995471 88.59412805950613
0.5209415407639714 0.01634314172169356 0.8534358867689619 -3.482312037254995 0.01563943442708687 0.9994661187153451 -0.028685983177957352 -1.3676334122295908 -0.8534490724098656 0.028290974863900285 0.5204078223316686 88.80465908079954
0.4711164068241137 0.01909028190715447 0.8818644410326577 -3.145980366300132 0.013166964049239626 0.9995021779830094 -0.028671017856852447 -1.3777014689352791 -0.8819727673113619 0.025118864304090036 0.4706305136486693 88.98182330118316
0.42277509707921335 0.021667157957787554 0.9059755799996456 -2.8067861985468125 0.014007071631304994 0.9994384822739721 -0.030438825440805818 -1.3851435485013455 -0.9061263814910019 0.02555884222598194 0.42223420793451827 89.155479108699
0.3756927132105704 0.02025728459357514 0.9265228694756408 -2.4646161686875163 0.02121881050019898 0.9993109616295021 -0.03045265256225876 -1.394654271820828 -0.9265013477170101 0.03110055285707794 0.3750040110326119 89.31221395033907
0.33241148020087835 0.014142456522532411 0.9430284188475815 -2.0970847304128464 0.036890275389863884 0.9989274166130321 -0.02798435134990708 -1.394647640637509 -0.9424127097043632 0.04409089772643914 0.3315332220537719 89.43785934308909
0.29305283578931507 0.011534054319155496 0.9560266738050793 -1.732233308081217 0.04082026298327211 0.9988645233253081 -0.02456359444549646 -1.4022039213960578 -0.9552244456491974 0.04622369125317754 0.29224925799925255 89.56241538308878
0.25737097510531887 0.01659948291855995 0.9661700876865179 -1.3634422747905321 0.039413899581866856 0.9988400629437046 -0.02765995622498137 -1.4030665127814543 -0.96550853217001 0.045199400720073696 0.25641819062121624 89.67534305637248
0.22481295598477744 0.024575095241262834 0.9740919871938529 -0.9879999302670822 0.02964506690854016 0.9990466407323784 -0.032046523202048385 -1.416214864980437 -0.9739508739301866 0.036081495745521774 0.22387009812699687 89.77469451908499
0.19495318154777633 0.02938516682612925 0.9803722604067295 -0.6042378614340359 0.02593621096749924 0.9990471098861888 -0.035102495476870124 -1.4317878325464526 -0.9804695660575338 0.032270484946075206 0.19400527270230575 89.86102344862171
0.16737737027958177 0.031832418589599 0.9853788677686508 -0.20746226104152288 0.027980127522386978 0.9989226365650535 -0.037022677128401967 -1.4476065205608974 -0.9854957779626061 0.03376778471649399 0.16630636888952205 89.93637112630775
0.1421957880485982 0.03408030292918904 0.989251682239405 0.19858402105425266 0.03605080547337681 0.9985657283634463 -0.03958314745825179 -1.461721171790461 -0.9891818322664235 0.04129187680689344 0.14076321829158872 90.00072901735088
0.12281033544511225 0.040627177964492764 0.9915982321073895 0.6212008188731253 0.04531763411236884 0.9978899169943989 -0.046497587027393775 -1.4654882236982245 -0.9913949432725165 0.05064727012933689 0.12071006785736438 90.03664004959977
0.10252402745909786 0.04675416336882124 0.9936311549067126 1.0479712755526243 0.047857243292998015 0.9975062525252483 -0.0518744680689016 -1.4865469035239367 -0.9935786370780929 0.05287082731259519 0.10003083305321814 90.08093764720624
0.08425651804016518 0.04741788096034997 0.9953152182765906 1.495614443817273 0.04566421598823498 0.9976339207641509 -0.051393963837483764 -1.5097148060888115 -0.9953972164648276 0.0497805655449879 0.08189186008446762 90.1247735932124
0.06812272848728836 0.043156465521785814 0.9967431029844721 1.9617750654035617 0.044030097523390384 0.9979605239821545 -0.046218427984358455 -1.536902138270358 -0.99670489332376 0.04703522145086064 0.06608361043057934 90.16175553129936
0.05300898910593844 0.040188928367477804 0.9977849954327035 2.4356248284125037 0.04506433254209685 0.9980755948979656 -0.04259475086919055 -1.5625871203663126 -0.9975766902882715 0.04722241952448886 0.05109589110438683 90.19180679037794
0.039241633167452696 0.03794632645261186 0.9985089736878195 2.922344696291031 0.04810368942345 0.9980483244279951 -0.039819306502310706 -1.5874408926978372 -0.9980712045190981 0.04959454017555254 0.03733968792815699 90.21382082711699
0.027038280733827035 0.03743474010039959 0.9989332167910796 3.4198561959828733 0.05203709890912023 0.9978909640284709 -0.03880417822158436 -1.6095867177996097 -0.9982790550302462 0.053030784870163515 0.02503326075390947 90.22916683843837
0.016325943424006128 0.03835618943008959 0.9991307553587363 3.934383458682463 0.055199968754108285 0.9977053940257419 -0.03920344604095004 -1.6319889550381632 -0.9983418387610837 0.055792019719161284 0.014171221358622485 90.23914615367094
0.008020519624484225 0.039115801533712524 0.9992024946602807 4.464467203519844 0.05722429192111303 0.9975791772078527 -0.039511588368881946 -1.655738223762923 -0.9983291299361551 0.05749555871265125 0.0057627293220790105 90.24409344212238
0.0023914656623564194 0.039522055009024386 0.9992158365737851 5.010222884539941 0.059312678838200544 0.9974539066482194 -0.039594320820574326 -1.6794179232800472 -0.998236588700806 0.059360856463411334 4.121781175661453e-05 90.24581931451966
-0.0033425387842384103 0.04075327961471961 0.9991636490761261 5.573842951142958 0.06082539660467206 0.9973274553640199 -0.040474904632551906 -1.7041797486908254 -0.9981428247311904 0.06063923628950389 -0.005812440095646363 90.24387345468482
-0.009160804865509504 0.04139722386012922 0.9991007704485521 6.157624478511851 0.0617374155781759 0.997260011888526 -0.0407548795339344 -1.72741681234432 -0.9980503850868169 0.06130855197093007 -0.011691461982321957 90.23856176508565
-0.0128558660954495 0.04109575970842755 0.9990725024946502 6.76020866829157 0.06459162461719471 0.9971024033463126 -0.04018356965626153 -1.7557770669694228 -0.9978289676774508 0.06401512145575752 -0.015473056865316154 90.22764843905516
-0.01583696428705288 0.04097735204751228 0.9990345575511113 7.378924970456348 0.06575863841156215 0.9970393836220706 -0.0398530924870334 -1.7861557277648106 -0.9977098736789307 0.06506400022821256 -0.018484691987563487 90.21673884710054
-0.018866803496094615 0.04032236728679936 0.9990085837580316 8.017975451670313 0.0667548878399172 0.997007659986886 -0.038980904003819886 -1.815916557786144 -0.9975910127278211 0.06595326090394153 -0.021502062710743827 90.20430294723943
-0.02130963539689235 0.03998129802290494 0.9989731704343491 8.672316401940337 0.06884508240974915 0.9968869288464175 -0.038429230061938956 -1.8425000407142682 -0.9973997463741637 0.06795547736247771 -0.023995812742880457 90.19002870857503
-0.022062247432677866 0.03997093102037213 0.9989572472891839 9.345581712819538 0.0731411072018472 0.9965874232534125 -0.03826076646399347 -1.8697331000715054 -0.9970775474733682 0.07222072061734765 -0.02491047647083023 90.17339479863664
-0.02153897387802018 0.039666029043474736 0.9989808200081741 10.03115085013237 0.07641878005317958 0.9963547016766324 -0.03791409371267234 -1.9000243331301534 -0.9968431384422853 0.07552426488746337 -0.0244916874417118 90.1564346885802
-0.018530676678342118 0.03974540083697185 0.9990379958410746 10.681057170542662 0.08027218838696092 0.9960431317486391 -0.0381373238171229 -1.9543924748217751 -0.9966007173353884 0.07948825579085408 -0.02164780353561793 89.88204027264668
-0.01430988085796622 0.0394938896793635 0.9991173404499717 11.388551711657618 0.0839577022691681 0.9957384613591047 -0.0381578406082564 -2.0370307040478792 -0.9963665648442407 0.08333756204856019 -0.01756471497889466 89.75543246832405
-0.009788983125375699 0.03909429209781442 0.9991875760510344 12.127211262597845 0.08436013770055541 0.995705453364201 -0.03813157888069608 -2.066843913754263 -0.9963872454906849 0.0839183321221422 -0.013044943745503985 89.743861697496
-0.005459060327506451 0.03751611376280474 0.9992811115339251 12.885930340444784 0.0859925277919463 0.9956118930615913 -0.03690858380196325 -2.0988314168240314 -0.9962808257837203 0.08572922256997012 -0.008661210842399836 89.73479163012318
-0.0012553736509871177 0.035801883397688944 0.999358118585212 13.657218280978023 0.08597911671500755 0.9956620779593908 -0.03556146794630075 -2.1330173631170184 -0.9962961485050031 0.08587928538807789 -0.004328142249224193 89.72937432968999
0.002565714233820525 0.03342948936225103 0.9994377851329463 14.444705178297333 0.08291793728914541 0.9959922433872909 -0.03352710527417602 -2.1657002733431225 -0.9965530757496981 0.08295734056327661 -0.00021647282691357838 89.72586020450689
0.007111260773672106 0.03225390032902659 0.9994544091071758 15.239683902930883 0.082655665580396 0.9960404951218531 -0.03273183503679951 -2.1960247333178406 -0.9965527938436931 0.08284333401656234 0.0044171361026896245 89.72626325067294
0.009791419781313229 0.034507023759033695 0.9993564896521958 16.042710423637814 0.07729336274356846 0.9963881682658474 -0.035161828957282815 -2.2227862366030897 -0.9969603122363784 0.07758790789242571 0.007088890916016842 89.73628101991176
0.013208798636680192 0.03893790705546917 0.9991543259340446 16.847830341539918 0.07615509482583606 0.996300004295402 -0.03983344038682239 -2.2458969487805325 -0.9970084900193396 0.07661684433022709 0.010194606134332835 89.74848180822976
0.014810721007142768 0.04394131745737246 0.9989243230412197 17.657576414791254 0.0706768977690205 0.9964890233580215 -0.044882094968087975 -2.28385759833109 -0.9973893014590622 0.0712656084453606 0.011653084909865137 89.75749743190694
0.014898365222740498 0.04701028424928035 0.9987832957596416 18.472420367893932 0.06830558243453548 0.9965128200875456 -0.047922299709493306 -2.3224892904153385 -0.9975531996449959 0.06893643866613278 0.011635347096747232 89.76737611970721
0.015227497079311496 0.04647372870521871 0.998803442061016 19.29108313938105 0.06620998714436284 0.9966799694238827 -0.04738434500499235 -2.3674929352305414 -0.9976895112884786 0.06685230803377372 0.012099916343287354 89.77763407260909
0.015485285872509039 0.04470115463120266 0.9988803795730917 20.11038457474735 0.06423621206689378 0.9968919796979568 -0.04560800229330496 -2.409927014088867 -0.9978145694369992 0.06487054484530223 0.012565724441109443 89.78847762934433
0.015505377410094928 0.04373211661812124 0.9989229626189746 20.92832417143979 0.06538783859783609 0.9968601726739497 -0.04465676544452671 -2.4530301316182994 -0.9977394518785324 0.06600983345353312 0.01259714461943453 89.79917210951952
0.01633611903222465 0.04306702289855731 0.9989386181110529 21.746528026146038 0.0632069239127374 0.9970292217711065 -0.0440183564435565 -2.496740499623383 -0.9978667325772789 0.06385892633890508 0.013565454005961885 89.80899928705499
0.016748974694667164 0.04360492138075783 0.9989084455935164 22.562872847752306 0.06229241661013203 0.9970623231383222 -0.04456880759996237 -2.537104453857569 -0.9979173947173922 0.06297090287895386 0.01398351569034759 89.8206413888006
0.01710198910720812 0.04430830046714913 0.9988715114959931 23.375818197030164 0.05977601168222833 0.9971853573869692 -0.04525694908397266 -2.579268575239196 -0.9980653036730329 0.060482538990489 0.014405279633555416 89.8332668985924
0.01614429503806247 0.04577411492017657 0.998821351464314 24.187323595888984 0.05743191515592286 0.9972598154230019 -0.046630844555978296 -2.6217331729083466 -0.998218882239385 0.0581170452256083 0.013471161605359628 89.84544041549319
0.013600371301691009 0.045370511673913046 0.9988776434433317 24.999599327479665 0.05473501231143874 0.9974384390320388 -0.046050393794162765 -2.666090929553989 -0.9984082873893442 0.05529988256568125 0.01108217760636692 89.85659764871345
0.010403237147628506 0.0443050736105675 0.9989638797820533 25.810506446602385 0.053284956714173465 0.9975739682185614 -0.04479834060143537 -2.7040742880403426 -0.9985251554391703 0.05369579485430633 0.008017204634121169 89.86467992138836
0.005737096662090698 0.04193487586378758 0.999103874433574 26.623010936661817 0.05188579319530743 0.9977619995507879 -0.04217649483904481 -2.7489380989643 -0.9986365455892269 0.05208126763725045 0.003548432740444411 89.87060620104945
-0.0005299285460997517 0.040021164561553836 0.999198691733968 27.435006298581573 0.05006523452403412 0.9979468480131372 -0.03994447186656503 -2.7916512450890103 -0.9987458092366595 0.050003949121868084 -0.0025325095119515745 89.87342573190092
-0.0060812455781976285 0.04003769376830909 0.9991796642896276 28.241916838287633 0.050912182308371266 0.9979146627809095 -0.039677140767244976 -2.831663273653516 -0.9986846189587667 0.05062913079028426 -0.008106970494793858 89.86190248012572
-0.014301622550558859 0.041121362984133346 0.9990517990068126 29.043552495785242 0.05157972740926645 0.9978540600702566 -0.04033368966126772 -2.8693362200994605 -0.9985664701524919 0.0509539822549017 -0.016391960821086574 89.85207111107148
