1.0 0.0 0.0 0.0 0.0 1.0 0.0 0.0 0.0 0.0 1.0 0.0
0.9999801517938997 0.0005235478472016019 -0.006278687434576318 -0.013485632393670339 -0.0005222776795313102 0.9999998428180137 0.0002039361994634854 0.001174497154490123 0.006278793218037951 -0.00020065293339193533 0.9999802680523878 0.09067506400574246
0.9999114877818519 0.0010243382922320726 -0.01326526791838587 -0.02338429390555529 -0.0010223031066160077 0.9999994646156826 0.00016020208035523795 2.376213511088059e-05 0.013265424917494863 -0.00014662677591068934 0.9999119996291408 0.18452699223885377
0.9997882227898516 0.0013297427316280065 -0.020536342297930145 -0.04212569550650562 -0.0013413800711196229 0.9999989474967179 -0.0005529059243494453 -0.0006984698049207251 0.020535585460728298 0.0005803358717674515 0.9997889541998656 0.28076736955415715
0.9995571144444294 0.0018600409507717316 -0.029700424427729515 -0.0546159542625668 -0.0019166204078111416 0.9999964023687844 -0.0018766501274175029 -0.002414087782451234 0.029696826930468205 0.0019327434257620582 0.9995570833989982 0.3844378304609668
0.9991510779598217 0.0019558840092467568 -0.04114970145054111 -0.06993431136380174 -0.002103841069300763 0.9999914764667025 -0.0035525831024419033 -0.0010065981384183018 0.041142402269209025 0.0036361396682477974 0.9991466765314448 0.4981032599882771
0.997137115764328 -0.0034185793089400868 -0.07553731316843264 0.04449344727690255 0.0027294879155347696 0.9999537338568099 -0.00922388429803888 0.010009455135008958 0.07556535092829471 0.008991299201625176 0.9971003130466617 0.554324552573883
0.9958430692839446 0.0048289926592830785 -0.09095747461879726 -0.030760399697315394 -0.006500498031062327 0.9998152396453781 -0.0180895024310668 0.09588484853352162 0.09085331520908144 0.018605574507442886 0.9956904678225895 0.6368050943435677
0.9918401123568169 -0.0023082514394564546 -0.1274671075035003 0.08454959816802013 -0.0017021086625425615 0.9995072056967523 -0.031344035897940485 0.18121403747149506 0.12747664235505085 0.031305234954600414 0.9913474103049443 0.6941892623002281
0.9859356709667403 -0.0079008363494881 -0.1669384003168291 0.21362822886049831 0.0016992230146214817 0.9993041851152593 -0.0372593377863117 0.2034564664783911 0.16711662202339375 0.036451644628281266 0.9852630675344446 0.7960894045168564
0.9794309896498167 -0.010309617055798304 -0.2015158760736809 0.27059574301454153 0.002148753159179509 0.9991701499867301 -0.040674245356938865 0.2139426757378027 0.20176798401491067 0.039404608507868026 0.9786403616522774 0.9603625695310218
0.974203783881677 -0.006889511251417398 -0.22556489555189874 0.2045747370010862 -0.0026448229097931833 0.9991166620744814 -0.04193924745298676 0.20185101745194267 0.22565458644219538 0.041453952765250546 0.9733250111949954 1.1291931308201175
0.9654659027239836 -0.00393410423276111 -0.26049973800610465 0.2042815760468864 -0.008376828037445373 0.9989002385625678 -0.04613179111715356 0.20973107737587598 0.2603947377144831 0.04672083286427371 0.9643711652403725 1.3178186704605364
0.9579202643238877 -0.0015769307365134932 -0.287030103799419 0.12357953237899873 -0.013231926527991664 0.9986792089807296 -0.04964628556078152 0.21597948047451376 0.28672928576971485 0.05135514423187887 0.9566341860099458 1.4972770273466682
0.9546017799679061 -0.00365808399258339 -0.2978624852236485 -0.07124613563252223 -0.014164968873831238 0.9982360184417358 -0.05765592027185459 0.2772621688678663 0.29754797149183915 0.05925765694907516 0.9528660633866634 1.5130166858369802
0.9435517417751358 -0.006901096297511837 -0.3311532658196192 -0.13974901034574438 -0.015764608863541904 0.9977142310707992 -0.06570989443138701 0.33893036126751497 0.33084979628297545 0.06722118705212643 0.9412862074368327 1.7039055995773966
0.9355202498445679 -0.007071915181440554 -0.3532022793618738 -0.3121758936697774 -0.019152125789697008 0.9973140018783743 -0.07069637710009122 0.37894795226951505 0.3527535374854407 0.07290246685132955 0.9328720020016132 1.832401665360194
0.9255738009535984 -0.010837474898745805 -0.3784120612852172 -0.49051874764858555 -0.01811707661441822 0.9971767505075816 -0.07287180375212485 0.4087016787549389 0.3781334559692585 0.07430395268732322 0.9227643318268127 1.9630751580168935
0.9074355887898681 -0.016843844027884358 -0.41985347100619413 -0.5329035328168167 -0.021828830889481884 0.9959573096382327 -0.08713517957847106 0.49990287448655607 0.4196238247997641 0.08823447340205709 0.9033994262583289 2.1633996541693143
0.8922375825990534 -0.013037093891582047 -0.4513780348894471 -0.6780115035782193 -0.028943800747814597 0.9958766134584909 -0.08597689901781069 0.4760591534334898 0.4506377176802532 0.08977641644279472 0.8881811991112071 2.34230718753051
0.8743603502997341 -0.014758269605227987 -0.4850527510508368 -0.8205655767450027 -0.031975616064791997 0.9956131249684171 -0.0879321634437623 0.4848765662868307 0.4842226118233251 0.09239425777007429 0.8700527359477205 2.5281743550071685
0.8573114761809298 -0.016860970272983174 -0.5145218561829303 -1.0283855340088723 -0.033172314834332695 0.995576995216626 -0.08789791876925536 0.45647425197319036 0.5137281677473082 0.0924237754957473 0.8529602660066321 2.6371007782663747
0.8367228053633415 -0.012286527954022537 -0.5474888019089834 -1.1843354707265392 -0.03279369469450243 0.9968299484578307 -0.07248880910763282 0.3225665773795403 0.5466438699676263 0.0786072203324485 0.8336674302972512 2.7645086453119703
0.8257394450810716 -0.0220885459691095 -0.5636190779011777 -1.4127988871526598 -0.034079719689934604 0.9954536618206127 -0.08894144069998522 0.41625877301856323 0.5630212620701451 0.09265043607508848 0.8212325828606877 2.8112332645121265
0.7956001569000105 -0.016679321333407084 -0.6055924294280228 -1.6018645706069645 -0.043726324115543995 0.9954327910093973 -0.08486204783402357 0.395483191494212 0.6042420036045331 0.09399658942269487 0.79123715929984 2.9932336385103677
0.7628381183454778 -0.013896834017204873 -0.6464401621213122 -1.8097914057270172 -0.051314299312675296 0.9953144857132163 -0.08195069990845086 0.372266199110448 0.6445501127803637 0.09568674168208502 0.7585507231432094 3.160275337617976
0.7266253674560682 -0.014435354606134689 -0.6868822285564884 -2.0297167182582565 -0.05557234280451624 0.99526829163949 -0.07970409256887868 0.34932420782975976 0.684782659012734 0.0960866702222853 0.7223849816552409 3.3231447492370996
0.68631275610925 -0.018571133370905837 -0.7270694009563627 -2.25773756431118 -0.054344641017102645 0.9955699558289127 -0.07672758984575834 0.32675853081370504 0.7252733696989341 0.092171449246156 0.6822631187081829 3.4876612338543134
0.6434309020654064 -0.02227274140957624 -0.765180109031461 -2.5071194549067584 -0.0537920240503981 0.9957901638193477 -0.07421837905261666 0.3076222847692522 0.763611872888222 0.08891498541156409 0.6395240675325696 3.6420727798338524
0.5988874287811476 -0.02265803936367749 -0.8005126238230719 -2.7763163779423783 -0.05552586037798463 0.9960192196252687 -0.06973229500278116 0.2841878863909276 0.7989059559655252 0.08621094703843818 0.5952452823278361 3.7810142505754265
0.5502219157211524 -0.021930495036922015 -0.8347304336416516 -3.059000059978482 -0.057368004455936136 0.9963002449554809 -0.06399010834802728 0.2607952555156499 0.833045470262511 0.08309557923911552 0.5469281206758592 3.923386030049355
0.4988193541361194 -0.0212871460021718 -0.8664445217983123 -3.3606084970838386 -0.06025828821091275 0.996427435777919 -0.059171817032532416 0.2433605157109987 0.8646086922077032 0.0817265112685177 0.4957545629792644 4.047681663462916
0.45900766595142484 -0.019306083166576934 -0.8882225158993604 -3.6961335625712777 -0.06444937186717184 0.9964062107652643 -0.05496309320202521 0.2413412513174885 0.8860915534321224 0.08247386435212511 0.45611382420956603 4.013491211099752
0.40492090166504124 -0.017290134197700816 -0.9141882271470108 -4.035309774025004 -0.06727767665295682 0.9965476289132911 -0.048647071150046656 0.22592288120617138 0.9118732245323085 0.08120267585937684 0.4023597243938894 4.112152015879335
0.3508373112850149 -0.015191400659251718 -0.9363131967222885 -4.393724931739954 -0.07046438463755282 0.9966054068408291 -0.042572685530470625 0.20901488328127002 0.9337815330728876 0.08091281976074886 0.348575908648908 4.1851660932769645
0.297041179398306 -0.012116755717007755 -0.954787788973318 -4.770818424767341 -0.07164843520756486 0.9968177693848067 -0.034940468958007044 0.19138226999811095 0.9521727991672365 0.0787878091432453 0.2952277792763354 4.249592790388108
0.24353002185831166 -0.01026531302106035 -0.9698390339650541 -5.158212177093307 -0.06982261931185374 0.9971639326881592 -0.028087242269687087 0.17471221566833792 0.9673768295168755 0.07455678838619464 0.24212260328068064 4.311373208896518
0.19320288950389394 -0.0098593890391002 -0.9811092884766311 -5.560260953520193 -0.06968087426427572 0.9972867248344653 -0.02374371981622866 0.16114510446817354 0.9786813675804359 0.07295190824591946 0.1919916660539371 4.3497849169449525
0.18812124565897498 -0.013335796395701729 -0.9820552700669182 -5.866159749328891 -0.07464224077033788 0.9968218325798491 -0.027834690315042574 0.20858371362951958 0.979305331765583 0.07853910253271179 0.18652795111955098 4.064083263505072
0.17242739154741574 -0.013868408521875776 -0.9849245970576753 -6.257511708432773 -0.08192760814366305 0.9962344025654744 -0.028370445341430642 0.22989499784363518 0.9816092204477364 0.08558435832605796 0.1706418938652061 3.8706401444828393
0.15456911489795086 -0.014711874695909007 -0.9878724358248869 -6.671413689752362 -0.08894907617880775 0.9956213115291315 -0.028744840857950003 0.23800157951232684 0.9839697406763079 0.0923134051584281 0.15258369723353515 3.693544403748667
0.15776031046142136 -0.01751697263551267 -0.9873220549105556 -7.060039233212422 -0.09173640856450929 0.9952588147771012 -0.03231598601567392 0.2583218853753328 0.983207056416298 0.09567155940072535 0.15540539545019683 3.4396883936530074
0.12661605248121482 -0.02023556981554897 -0.9917453791010644 -7.5353085814499385 -0.09260693668392989 0.9951842502007661 -0.032128856661223934 0.24186908891444595 0.9876195272128295 0.09591053053017136 0.12413234711922666 3.482909403138621
0.10043179508460348 -0.021938533583631938 -0.9947020434684366 -8.029846503564055 -0.09449490619034052 0.995027291112464 -0.03148654705537655 0.22479969357178034 0.9904464484464383 0.09715652672667734 0.09785929733165594 3.509429484613248
0.07990751629647097 -0.024160623591268235 -0.9965094345298542 -8.539554159275232 -0.09610499928088542 0.9948622341435279 -0.03182709833096856 0.21210472756064472 0.9921585649242516 0.09831276286743852 0.0771750134747027 3.530461793123087
0.06378407902216328 -0.025110148841921264 -0.9976477693496991 -9.068587762574271 -0.09638480538538052 0.9948549613245615 -0.031202166891538506 0.20106979194445018 0.9932983240467675 0.09814828757060244 0.061035670659390286 3.551876825284068
0.05086504016794855 -0.024800817899816523 -0.9983975496365226 -9.613413322437172 -0.09609730232232393 0.9949314164760699 -0.029610555470863 0.18553170554250728 0.9940714542602485 0.09744945325870912 0.04822393476784944 3.567238281797896
0.041194089343137064 -0.023426353464433884 -0.9988764953519271 -10.171970725582582 -0.09754920232330892 0.9948546914044798 -0.027355001673978474 0.16284707722269806 0.9943777954727652 0.09856646972402248 0.03869691094735554 3.5830063962149343
0.034509972391002675 -0.021674261047597388 -0.9991692990747926 -10.748525551089157 -0.09958262968931103 0.9947147558131016 -0.025017082800420073 0.13810268962878852 0.9944306721283964 0.10036324514343951 0.032169198848340505 3.5934226662393396
0.030009649878124187 -0.02063228206611654 -0.9993366449054775 -11.33813567550114 -0.09949829732977387 0.9947595847394209 -0.023525675283203852 0.11886669999555584 0.9945850942692982 0.10013829190573927 0.02779950991533176 3.6060622314496706
0.028407947184114005 -0.02019568155610729 -0.9993923768887115 -11.945544977686321 -0.09740818689906114 0.9949815884283335 -0.02287539756305647 0.10268213080003727 0.9948389988645513 0.09799884251925953 0.026298159689666468 3.624841415732689
0.029180263068971996 -0.01818090622637003 -0.9994088086944266 -12.568237322807777 -0.09528322328065283 0.9952310501058261 -0.02088694009431861 0.08274793812325124 0.995022421661178 0.09583637907414044 0.02730876850908515 3.6482175278887374
0.030987615031572678 -0.01561465069933499 -0.9993977938729866 -13.20712308166135 -0.096058154940288 0.995203276620441 -0.018527522052493 0.061904212801801285 0.9948932598948106 0.09657443185168504 0.029339061477858475 3.6606294113755733
0.03282466634473824 -0.01532681323026861 -0.9993435996070424 -13.86177591847433 -0.0980521019211538 0.9950096675273914 -0.018480985792802704 0.04079865612202922 0.9946397974081878 0.09859437267529311 0.031158034093394477 3.6739959388111965
0.034351543209320046 -0.017658030489376763 -0.9992538043151872 -14.526609127523239 -0.09985080793630845 0.9947805436093403 -0.021011573257898243 0.02136786327939493 0.9944092656615813 0.10049807966096584 0.032409078216658616 3.6980476749226807
0.035804299952054086 -0.017792042589148318 -0.9992004280050371 -15.210070630746625 -0.09979029326223049 0.9947807148026897 -0.021289124624744363 0.006137019352154315 0.9943640930140137 0.10047274594214992 0.033841953951608786 3.7137694456081705
0.11991399209140471 -0.022844542488543347 -0.9925214160808783 -15.496862282209005 -0.0990153497336028 0.9944753778895425 -0.03485230678999467 0.11340636864240504 0.9878342953237833 0.10245413437212153 0.11698955223533582 3.0835648774040902
0.12187601586867677 -0.01919779208460977 -0.9923596533188228 -16.209189658823934 -0.09994823090296653 0.9944934436770171 -0.031514149564832825 0.08361011245047295 0.9875001710862363 0.10302541076114895 0.11928611336677525 3.161967609376671
0.12372602566520433 -0.017013130343012578 -0.9921705619343001 -16.935240464784993 -0.10028999918335627 0.9945190466653528 -0.0295598018200338 0.04930040511920317 0.987235426145606 0.10316210164478494 0.12134164226404476 3.246339518244783
0.1255626199063331 -0.017274621083215383 -0.9919352881860233 -17.67160098139878 -0.10185452104628953 0.994340503119715 -0.030209607711167544 0.017865300541849826 0.9868432930433734 0.10482629117765736 0.1230925003940056 3.3312340807980876
0.12744066091132064 -0.0200555082703006 -0.991643410977205 -18.42212039779475 -0.10376438288830185 0.9940396230209875 -0.03343920914289891 -0.005108699491359826 0.9864034827545453 0.10715878149882327 0.12460001909065556 3.417673100449185
0.12922851952147155 -0.02052199521159691 -0.9914024598793488 -19.18457767455828 -0.10407213964181078 0.9939835873802362 -0.03414114481225451 -0.035707967977575694 0.9861384180188218 0.10758938484465413 0.1263152594743992 3.498333466639729
0.13051068590169956 -0.018754163320428285 -0.9912695103873712 -19.96401401740491 -0.101365465510776 0.9943293797120175 -0.032157845750262974 -0.06797688602014954 0.9862514908821441 0.10467743787304279 0.12786958486318648 3.6053268084180794
0.13121050848155014 -0.01717417852673953 -0.9912057556612274 -20.749470074884083 -0.09903767351729964 0.9946209406419158 -0.03034342862747865 -0.10273676612502929 0.9863951245258131 0.10214808871693001 0.12880382868216433 3.7160227993581616
0.13218709406448667 -0.015671084497349937 -0.991100897625193 -21.544219492071424 -0.09754483632745209 0.9948160786430775 -0.02873977346919095 -0.14121579230097472 0.9864134919335996 0.10047580198180431 0.12997321319208846 3.8203726324973672
0.13275269370444906 -0.02031612240999307 -0.9909409555994922 -22.339872189870018 -0.09716405384309276 0.9947074520218926 -0.03341005137515455 -0.17884011670138483 0.9863751157419726 0.10071911468205068 0.13007609689206776 3.9199296665710945
0.1329022277126612 -0.027478005211455915 -0.9907481804669698 -23.139500638408666 -0.09586313703136234 0.99457256380464 -0.04044347024639628 -0.2181413208215468 0.9864822638180165 0.10035125587985484 0.12954678157259517 4.0278506201746485
0.13254701439215824 -0.032766731020065984 -0.990634963199858 -23.95386676625452 -0.09251048661170139 0.9946816918598742 -0.04527849098240857 -0.25541538194399005 0.9868500893461943 0.0976456512960843 0.12881082229522592 4.135488502627743
0.13216613992651172 -0.03212471707964883 -0.9907068759272233 -24.77883297349922 -0.09144582024974608 0.9948171694875425 -0.04445740941220884 -0.30003852101446893 0.987000391801228 0.09647176708937258 0.1285434741201473 4.232663952239368
0.13213998914439976 -0.024492218587249044 -0.9909284305627691 -25.616119392936874 -0.09194720765406506 0.9950815776842166 -0.03685600029995213 -0.3495932103182328 0.9869573112721435 0.09598325365481342 0.12923807776463397 4.338825926863462
0.13214278113036537 -0.017120035032785835 -0.9910828369998187 -26.458633661406566 -0.09342048543076568 0.9951852487292749 -0.029646814559591072 -0.3892170081810426 0.986818574154851 0.09650505226218409 0.12990718452364616 4.438580535454731
0.13212324549497054 -0.011200260579565649 -0.9911700167795765 -27.30046869962559 -0.0956433531815086 0.9951264365613927 -0.02399425449605156 -0.4311599296915931 0.9866082287271244 0.09796902275502149 0.13040810399799968 4.53897606610988
0.13174834381269254 -0.010478446212261369 -0.991227812396116 -28.141005038622037 -0.09729381596072842 0.9949794059199188 -0.023449843731779465 -0.4713920214973265 0.9864969778354181 0.09952981442875158 0.13006740084035578 4.646819560537579
0.13147135596875645 -0.013824713258330141 -0.9912235670438136 -28.976397242378628 -0.09748603435542218 0.9948758338122926 -0.02680575315018386 -0.5063411828594868 0.9865149546080846 0.10015464342515581 0.12944995842019374 4.754801891793489
0.13103180587975902 -0.01644617052304314 -0.9912417411121347 -29.808997200287926 -0.09790377793912977 0.9947601517992802 -0.029446403133796567 -0.5416510540989674 0.9865320654257194 0.10090472668512362 0.12873507688064567 4.8633368643934665
0.13113306701190666 -0.014832281248197743 -0.9912538131926784 -30.64753308729535 -0.09946627261993439 0.994645735097242 -0.028041438336211612 -0.5775854369895486 0.9863622961909833 0.10227348183102522 0.12895563410340485 4.9621493140134625
0.13137616482003134 -0.012163290653381032 -0.9912579672707108 -31.48227959453491 -0.10031649997170884 0.9946287477497174 -0.025500078102915224 -0.6178598830055272 0.9862438355450479 0.10278963230944077 0.1294503315526223 5.063875294807087
0.13144162934165912 -0.013663705782316106 -0.9912297418965517 -32.319390146123624 -0.10085737788868762 0.9945321914184033 -0.027083381582189654 -0.6567384778042384 0.9861799467650058 0.10353271645621179 0.12934484613531871 5.166357582402981
0.13187208009644452 -0.018675620213492995 -0.9910908009363615 -33.14639994727273 -0.10173902649068789 0.9942874956502222 -0.03227299927704274 -0.690680806222298 0.9860319087026369 0.10508852079675632 0.1292187208456486 5.271826501183602
0.132197482701759 -0.0224879060080704 -0.9909682737861442 -33.97653201465899 -0.10294622797746712 0.9940246835128436 -0.03629053199392561 -0.729883498901222 0.985863022794004 0.10681396280713015 0.1290925158051678 5.370669153434156
0.13259865271200336 -0.02187512902378188 -0.990928390969375 -34.80736085932595 -0.10255530702887586 0.9940876212370882 -0.03566805718567089 -0.7686829145517285 0.9858498903480062 0.10635450170716894 0.12957126868038787 5.483326566306314
0.13310598698843376 -0.019636206519447016 -0.9909072689315387 -35.63895798526271 -0.10138660404132908 0.9942888848082883 -0.033322215827537874 -0.8112075665756975 0.9859024052860419 0.10490010934320282 0.13035495506877526 5.59252478149348
0.1336462274312237 -0.014788893882375103 -0.9909187527295756 -36.47439808958115 -0.10125519074357098 0.9944522357460949 -0.028498020406273868 -0.8488640105884087 0.9858428232943048 0.10414432023557123 0.13140733739706506 5.699872174016837
0.1338482747825567 -0.009442008196833435 -0.9909568546707492 -37.30802842769386 -0.10019003872509075 0.9947022069824046 -0.023010336038356876 -0.885305420710602 0.985924234146823 0.10236389942525752 0.132193179160113 5.826196315057481
0.13386415051431705 -0.006232448790740488 -0.9909800935382866 -38.13879612874689 -0.10031328165917512 0.9947587328458608 -0.01980679049377321 -0.9185462077925944 0.9859095469310805 0.10205988442560593 0.13253733534813752 5.925855538715982
0.13404044283000638 -0.006385721670434528 -0.990955287712157 -38.9656394839836 -0.10012871031319634 0.9947743835325024 -0.019954128358451777 -0.9521126706324886 0.9859043569520082 0.10189773513811445 0.1327006048093635 6.0400595653186775
0.09911691458857431 -0.011447779931160723 -0.9950099424513755 -39.44193608118722 -0.10293765703477437 0.9944511798703627 -0.021695382426550624 -1.0175474063468803 0.989737175217054 0.10457437156918922 0.09738852501335421 6.72039233757888
0.09256395419409716 -0.014725864823309665 -0.9955978421477013 -40.240738791268086 -0.10432628996903377 0.9942436332586992 -0.024405387639573534 -1.0838055978083168 0.9902262062807927 0.10612608835600414 0.09049482728312948 6.934777285007949
0.0830059470778395 -0.018045054534465966 -0.9963856626610801 -41.03116570198386 -0.10829013435638317 0.9937521004533945 -0.027018690670398412 -1.117114145912935 0.9906478988776932 0.11014144928824192 0.08053323287872062 7.186439992873788
0.0701460841939692 -0.020482978764569393 -0.9973264131933854 -41.804463748975394 -0.11234879346958285 0.9932657105341847 -0.028301534992818605 -1.159871625845426 0.9911898281753009 0.11403366107404841 0.067372462207251 7.483824231194118
0.06940227001311502 -0.022654893674075527 -0.9973314798549395 -42.62846610962598 -0.10990251275251862 0.9934829990266344 -0.03021536588768186 -1.1992117508958064 0.9915163955314658 0.11170625066512781 0.06646014561096363 7.53492290233262
0.06798685573379577 -0.02685937295111097 -0.9973246018885255 -43.4515870866883 -0.10631834356231815 0.9937503099594244 -0.03401075238380722 -1.23886809273561 0.9920051397395064 0.10834618378245228 0.06470631491734143 7.592829943153181
0.06710284621678823 -0.029203978674430576 -0.9973185728036904 -44.27416778723787 -0.10214807560946423 0.9941181950730359 -0.03598311929241781 -1.2707181358126318 0.9925033897568765 0.10428874270175391 0.06372503014356394 7.647095580859211
0.06499046701903063 -0.02576725680137116 -0.9975531503000634 -45.09606429297866 -0.10199269176841617 0.9942597527825682 -0.03232699835399594 -1.310023276389964 0.9926599266730183 0.10384407770151662 0.061989333790905016 7.7073811872136915
0.06340241597627982 -0.01987458276921175 -0.9977901255314772 -45.920639366557594 -0.0997966883750657 0.9946640668932522 -0.026153680825956947 -1.3501457497842049 0.9929857776613629 0.10123435677242078 0.06108068738262054 7.757069132854854
0.06157833079431602 -0.01639043094840876 -0.9979676662847908 -46.737433850150445 -0.09788682666755377 0.9949458626825674 -0.02238078407469189 -1.3854495516651517 0.9932906313569776 0.0990660592946301 0.05966269818144968 7.80304841536558
0.05998918887388316 -0.017280262806094567 -0.9980494425305824 -47.54825008954198 -0.09768529489298894 0.9949492755432008 -0.023098100738581363 -1.4211928414162858 0.993407711053183 0.098880390439218 0.05799817244245241 7.849568282798764
0.059045694098198015 -0.02054748087653128 -0.9980437901405385 -48.352909043870774 -0.10069183365808777 0.9945664648976511 -0.026432963049217544 -1.459209897034431 0.9931640149758927 0.10205561195063174 0.05665590372016032 7.88643308918717
0.057794296371780275 -0.023453717995160127 -0.9980529757578476 -49.152383789000446 -0.10515726049601869 0.9940194914666162 -0.029448279226846216 -1.4946457717585944 0.9927747830559882 0.10665445933787003 0.054982328356330545 7.925494633713052
0.05672879146004305 -0.024287215377441995 -0.9980941716034079 -49.951632964571 -0.10958772082105364 0.9935120059982396 -0.030404364532098247 -1.5311021654119754 0.9923569799546587 0.11110366828581174 0.053699154823019096 7.957790093577969
0.05597584253193135 -0.02307342496815968 -0.9981654783216455 -50.748779005121435 -0.11111085888885516 0.9933791333713261 -0.029193739387307186 -1.5652113813587494 0.9922303573716249 0.11254116776838528 0.05304152587837987 7.983235416567726
0.05497047593083839 -0.02170141172827287 -0.9982521202105895 -51.54401335576628 -0.11099850511983544 0.9934342169022704 -0.027708997616918855 -1.5995345076210181 0.9922991376783012 0.11232766986265035 0.052200727448269056 8.022123664773014
0.054183869020142675 -0.02187270541849051 -0.9982913868684253 -52.33269400341057 -0.11289761878164653 0.9932151434089503 -0.0278891838634965 -1.6357511982701223 0.992128134875452 0.11421586431321121 0.05134686288123266 8.053077485703389
0.053845106826102704 -0.021913084320881265 -0.9983088305762059 -53.11720683794278 -0.11408794181510153 0.9930773595051275 -0.027951736452628884 -1.6695063542677786 0.9920104061970725 0.11540006401154722 0.05097233782014736 8.087769694758235
0.05331235068393485 -0.02051899148721386 -0.9983670488617404 -53.89860277681451 -0.11254537162875669 0.9932951618741508 -0.0264246234097875 -1.701306153423544 0.9922153660317398 0.11377034932596332 0.05064558248011462 8.11825764516498
0.053077184572930834 -0.017756652991811325 -0.9984325283925497 -54.675800882238 -0.11171251509092235 0.9934601287934036 -0.023606915720903798 -1.7351831164933602 0.9923220880590499 0.11279039751823665 0.05074642625650299 8.15107409857034
0.053017756870815794 -0.01344383026082483 -0.9985030700425038 -55.45121642732177 -0.11182539994180604 0.9935401476591886 -0.019314629616231812 -1.769536099844286 0.9923125502502945 0.11268202348766754 0.05117190829432266 8.179520122674884
0.05236658884107617 -0.011330532615046645 -0.998563648148584 -56.217539473769 -0.11170225874425867 0.9935940313649205 -0.01713202344837453 -1.8014154999136045 0.992360995688858 0.11243896062604086 0.05076548402955779 8.214057315790223
0.05166607197927196 -0.011617253637764483 -0.9985968437883972 -56.97583505398123 -0.11137220905309467 0.9936277924397483 -0.017321695700650105 -1.8246175545244783 0.9924348079631568 0.11211088042303487 0.05004300584402907 8.249978738227176
0.05158841373043072 -0.013607928844137338 -0.9985757156276888 -57.72554202508074 -0.11070840554317145 0.9936662841515511 -0.0192604434667836 -1.8568508937474308 0.9925131155359449 0.11154434101746896 0.04975515527171047 8.276610652998833
0.051409188176150755 -0.017342750608501222 -0.9985270774357601 -58.461035509358915 -0.11037835234000624 0.9936248565682814 -0.022940439062220645 -1.8832339387079602 0.9925591744101587 0.11139512292283439 0.04916718299060946 8.307467014017819
0.05159666993459677 -0.02015178546254968 -0.9984646659718769 -59.18954281167545 -0.11061660486908016 0.9935290416053483 -0.025768395642639476 -1.9143898874668381 0.9925229218405482 0.11177633483626671 0.049033667940229966 8.341380360602868
0.05297174596000435 -0.022389682385105157 -0.9983449785783685 -59.9006408085065 -0.11105728495312747 0.9934146321286256 -0.028171761243964713 -1.9469958082162024 0.9924012664183725 0.1123657901473631 0.05013637018941598 8.3702249577784
0.055335575889822526 -0.02279476980683992 -0.9982075798702367 -60.59733584431497 -0.11345070612153857 0.9931212446543615 -0.028967752703580762 -1.978672613354751 0.9920014673988475 0.11485030207023716 0.0523688532709024 8.403562022854103
0.05953527433190197 -0.021812167876435487 -0.9979878658795183 -61.2783911214063 -0.11362086381258531 0.9931157908857389 -0.028483770815586684 -2.0121534611206826 0.9917388015080927 0.11508803250522248 0.05664710369798042 8.437623003269946
0.05112076194611676 -0.019534093600588286 -0.9985014205724756 -61.849559018129305 -0.11287834437819581 0.99328891790308 -0.02521120666222242 -2.0972359424785623 0.9922928736358468 0.11399800330765161 0.04857271017127604 8.772223568437203
0.058106789700400154 -0.018034094080039084 -0.998147470287545 -62.4990464379505 -0.1116431357845601 0.993447574802722 -0.02444844270664289 -2.131256443805021 0.9920480891685163 0.11285693407718489 0.05571266649330487 8.812569983311525
0.06693023454319769 -0.016563313783515495 -0.9976201683709592 -63.133496726564445 -0.11231785921002486 0.9933817682420779 -0.0240283379932835 -2.161162580121749 0.9914156757921827 0.11365878391374452 0.06462691879379025 8.852692368044478
0.07870199979372189 -0.014588675325837278 -0.996791435447108 -63.7510431142422 -0.11396887400522969 0.9932055257122688 -0.023534643668333254 -2.1920809182055843 0.9903621009441194 0.11545542103709412 0.07650460617961677 8.9036213901715
0.09359511140722396 -0.012605134912634557 -0.9955305448325046 -64.34958174607006 -0.11629361805503732 0.9929366937282047 -0.023505672672149647 -2.222109661867166 0.9887950998666709 0.11797386499532625 0.0914681237247497 8.96014339239214
