1.0 0.0 0.0 0.0 0.0 1.0 0.0 0.0 0.0 0.0 1.0 0.0
0.9999984563161753 0.0008188928364559963 0.0015545995589615728 -0.000154842538164647 -0.0008172742527845352 0.9999991236617043 -0.0010415078584127702 -0.01799511286849239 -0.0015554510799308168 0.001040235716460999 0.9999982492392635 1.2003741050085635
0.9999940394991795 0.001250716499301228 0.003218178732092642 -0.00914407165466705 -0.0012488748224239407 0.9999990552916875 -0.0005742189568207813 -0.040528550844267645 -0.0032188938769759563 0.0005701964317956428 0.999994656784844 2.4298830691126794
0.9999911232748027 0.0006823391603871228 0.004157858206870077 -0.007136856178563125 -0.0006817118606335093 0.999999756038888 -0.00015228625574356268 -0.06490440117734787 -0.004157961103390257 0.0001494504426858671 0.9999913444745548 3.64070336613308
0.99998721922496 0.00039357273712574436 0.005040484821153017 -0.008352443998377822 -0.0003930139398697675 0.9999999165146028 -0.00011185182401065986 -0.08614258672305504 -0.005040528422174677 0.00010986941365922687 0.9999872904202018 4.8381819403372415
0.9999821151742602 -2.855950819211355e-06 0.005980746061823893 -0.009715313612551735 3.1703298636812224e-06 0.9999999986139233 -5.255570866547395e-05 -0.10800878469579188 -0.005980745903437612 5.257372965365161e-05 0.9999821137972624 6.062034138831332
0.9999769070210356 0.0003445700172752606 0.00678724510727359 -0.007469534694084351 -0.00033777962915879436 0.9999994413670708 -0.0010015839797697455 -0.1304158686205697 -0.006787586431504181 0.0009992682570766616 0.9999764647897394 7.237742075074901
0.9999721301500047 0.000166445089512085 0.007463994861608182 -0.002959349569877678 -0.0001567291181843574 0.9999991397536515 -0.0013022779813272054 -0.1552663412945811 -0.007464205198509026 0.0013010718617024496 0.999971296014423 8.524254687763833
0.9999714481541494 -0.00010941727794738245 0.0075558523246965605 0.0032869025111864126 0.00010832936502398508 0.9999999837078587 0.00014439193583384337 -0.17228016360561293 -0.007555868000568115 -0.00014356929249297198 0.9999714437155772 9.558222516666419
0.9999784939126417 -0.0007059470518767656 0.0065202262970540815 -0.00026708117256724236 0.0006990831176017581 0.9999991991989996 0.0010549332463435804 -0.19584355734927983 -0.006520965802665513 -0.0010503523787297826 0.9999781866445291 10.851055366125012
0.9999899629209722 -0.0015447138270952977 0.004205700477349178 0.0008629356574689031 0.0015420480096161966 0.9999986081412463 0.0006370270844929021 -0.21822346877422047 -0.004206678648153799 -0.0006305352985515149 0.9999909530990709 12.047644689069912
0.9999965361239557 -0.0013071128390696105 0.002284555999826056 -0.007737174087614681 0.0013067447223284324 0.9999991329864375 0.00016261796968473723 -0.23860811372442714 -0.0022847665791210533 -0.000159632074900554 0.9999973771762002 13.291357049429323
0.9999990155802689 -0.0011164546226688345 0.000849922095705679 -0.011581486198542323 0.0011163118165316407 0.9999993627312636 0.00016847847071213085 -0.2621258948109014 -0.0008501096526443414 -0.00016752952677998162 0.9999996246236476 14.501108320858453
0.9999997951233036 0.0006291370787475711 0.0001180672988850461 -0.018141678570703694 -0.0006291327185794884 0.9999998014128589 -3.6963022469009365e-05 -0.28219729404927973 -0.00011809053024638124 3.6888734895505944e-05 0.9999999923469238 15.706362768390493
0.9999997958716672 0.0004601470764059852 -0.00044330722091709233 -0.01928305106130046 -0.0004601697640144075 0.9999998928174364 -5.1077432014153704e-05 -0.30089403133672704 0.00044328367027127207 5.128141816710363e-05 0.9999999004348968 16.88366297956841
0.9999995856130693 -0.0001166281684251064 -0.0009028685175567742 -0.02651425232023235 0.00011696055692290514 0.999999925410153 0.000368103133203229 -0.321290382710071 0.0009028255190177188 -0.0003682085806706876 0.9999995246641487 18.079482965736972
0.9999990088098649 -0.0005547528373298959 -0.0012940744094111067 -0.03522388876043962 0.0005554422831664589 0.999999703978216 0.0005324728636830641 -0.3422339972039149 0.0012937786355049353 -0.0005331911195457394 0.9999990209215569 19.28030145793609
0.9999975318157399 -0.00028853690017481136 -0.002202977277533755 -0.03628253999816735 0.00028751912407288665 0.9999998518043364 -0.000462302994475695 -0.3620416239712785 0.0022031103425350176 0.0004616684553295558 0.999997466580319 20.456088301514917
0.999996244975281 -0.0006291602282874746 -0.0026672444104139177 -0.04759493454531532 0.0006257097186272598 0.9999989666395029 -0.0012942979851474797 -0.38424337383466245 0.002668055975004716 0.001292624204277011 0.9999956052903337 21.63568474041861
0.9999945144301109 -2.7595377287542838e-06 -0.003312265398723328 -0.05993274265191982 6.240440355520733e-07 0.9999997921653541 -0.0006447238629139912 -0.40579764665503104 0.0033122664894596494 0.0006447182592367285 0.9999943065983272 22.63006166924257
0.9999917046211619 -5.756323613560802e-05 -0.0040727601619148 -0.07083912107263364 5.513388811428842e-05 0.9999998205163331 -0.0005965966444135369 -0.4345626263238964 0.004072793772954395 0.0005963671483152846 0.9999915283126691 23.83451546429959
0.9999861826984422 -0.00020292222956969417 -0.005252926305058163 -0.07357691749516906 0.00019612989615139438 0.999999144143438 -0.0012935398932363822 -0.4554793714318967 0.0052531842973058945 0.001292491764114903 0.9999853666528218 25.00806835011732
0.9999826543194648 0.0002612728595550179 -0.00588411392570487 -0.08921812459102456 -0.0002647775591495975 0.9999997880234354 -0.0005948495007807358 -0.47581655397046785 0.005883957260380522 0.0005963971640343182 0.9999825115257671 26.09557693065602
0.9999783754864914 -0.001122611541346953 -0.006479838171197893 -0.10615174744177373 0.0011303462693059263 0.9999986529627436 0.0011901218466781626 -0.4976863303245498 0.006478493398093757 -0.0011974205717747476 0.9999782974181316 27.30660869042055
0.9999729943776071 -0.0014345487292962773 -0.007207814191913067 -0.12403811572545048 0.0014435013375731635 0.9999981930397868 0.0012370210385591557 -0.5171066222330513 0.007206026600720605 -0.0012473921214631433 0.9999732582392016 28.51013246665474
0.9999688147957163 -0.002156717590886822 -0.007597236687336885 -0.14836053270248792 0.002159764427863623 0.9999975905348428 0.0003928640031575344 -0.5400816119590055 0.007596371085353375 -0.00040925999316076644 0.9999710634076326 29.780067157798157
0.9999592653462961 -0.002646505359738695 -0.008629232728149564 -0.15803002340796327 0.0026413480912943787 0.9999963261973017 -0.0006089927425751334 -0.5571695329343586 0.008630812728608384 0.0005861751280707483 0.9999625820351294 30.721736364220455
0.9999532526039927 -0.002046010685117407 -0.009450208832173958 -0.17514698095757458 0.002040820540681052 0.9999977613832669 -0.0005588201638947398 -0.5796330228173099 0.00945133102880476 0.0005395078602087557 0.9999551896325419 31.908766141310753
0.9999477681748129 -0.0026460352839148414 -0.009872153741044755 -0.19594439817092726 0.0026458278993618956 0.9999964992109447 -3.4067314036912506e-05 -0.602167755935576 0.009872209324032025 7.945514844042378e-06 0.9999512685225873 33.121213202602895
0.9999411328388522 -0.0029360065916314484 -0.010445607796893536 -0.21425828671546202 0.0029388743460691687 0.9999956479063166 0.00025920263105170806 -0.624141937129221 0.01044480131599654 -0.00028988570131211085 0.9999454095558166 34.2949509863476
0.9999378829508484 -0.003471966372733471 -0.010591302529987703 -0.2433859052414517 0.003472980927267339 0.9999939661881151 7.740052714875744e-05 -0.6436801823882469 0.010590969892033156 -0.00011417911093801721 0.9999439075867591 35.49898301165182
0.9999308832018237 -0.0036911510528170872 -0.011162626175143577 -0.26332793568172164 0.0036942565232873995 0.9999931430330683 0.00025759577930282627 -0.6723125525220345 0.011161598808453084 -0.0002988155796719001 0.9999376627676793 36.684427890702054
0.9999232123016332 -0.0048140010169526945 -0.011419058393398619 -0.2842726403065704 0.00482664194838902 0.999987768810227 0.001079702480335341 -0.700288646979041 0.011413721035890124 -0.0011347352787196428 0.9999342175103134 37.8830188561491
0.9999268877264827 -0.004422208393776019 -0.011254477977760882 -0.3028524834482045 0.004447573305258277 0.9999876236167565 0.0022297320481580035 -0.7161583995278311 0.011244478348249043 -0.0022796241431971374 0.9999341803441076 39.06397987815614
0.9999293723326281 -0.003941766586376143 -0.011212172967573044 -0.32596763721981187 0.003975275643226447 0.9999876942503945 0.002967917003553566 -0.7360430269728389 0.011200336157304317 -0.0030122788646042916 0.9999327370608515 40.40466800847169
0.999931148286617 -0.0031584768383214118 -0.011301447264371737 -0.3451343413529252 0.003188044357453351 0.9999915402270146 0.00259920133462823 -0.7568167944941596 0.011293142139479998 -0.002635051890345152 0.9999327584603644 41.57801194288939
0.9999362103348723 -0.002083885685965352 -0.011101021645844365 -0.3631462487720418 0.0021124303180879646 0.9999944913708867 0.002560247260141329 -0.7724051935842423 0.01109562523181548 -0.002583534077512384 0.9999351041204555 42.74024344194414
0.9999438644112754 0.000621048350045267 -0.010577444171052655 -0.38389091774606204 -0.000574601716418838 0.9999901831183555 0.004393574829850874 -0.7910788368689202 0.010580068955934123 -0.004387250376365185 0.9999344049361555 43.93445389725621
0.9999616297378556 0.0005939342234558528 -0.008739925294275095 -0.4092111194985051 -0.0005290853846701084 0.9999723293632187 0.007420281433652862 -0.8071994695636935 0.008744090614068018 -0.007415372548772762 0.9999342744047214 45.12885267170115
0.9999776895463706 0.001357038909673949 -0.006540554632417543 -0.43471940021056155 -0.0012906886060220636 0.9999477760414142 0.010138013254701699 -0.817056410592556 0.006553970737216843 -0.010129345251685977 0.999927218267584 46.37552367486019
0.9999865177662095 0.001745465346326328 -0.0048905660750522655 -0.44908287993930396 -0.001678830343694122 0.9999061560289125 0.013596347456637004 -0.8278994659924577 0.00491383907823321 -0.013587953716777276 0.9998956054005362 47.56032830826956
0.9999929236699892 0.0010677650655295762 -0.003607282593791468 -0.46105567214542814 -0.0010139926622988382 0.9998888363889141 0.01487570783877391 -0.8341245459421606 0.003622765356387516 -0.014871944815275165 0.9998828435514758 48.78120608376389
0.9999976935880963 -0.0008140240065380908 -0.0019875068311792864 -0.47287642117388484 0.0008406629724669113 0.9999093342577444 0.013439365684490228 -0.8398882858133233 0.001976386666097523 -0.013441005511177707 0.9999077123747949 50.00011158876748
0.9999997588393225 4.9400121718968246e-05 -0.0006927343822250128 -0.4874358268817537 -4.1202376593491474e-05 0.9999300350431791 0.011828918839481582 -0.848251130522059 0.0006932702651245098 -0.011828887444508562 0.9999297959347775 51.1819201782895
0.9999997049653471 0.0005514666216329665 0.000534746466561909 -0.5056202068406352 -0.0005575720777560598 0.9999338857149547 0.011485352078635292 -0.8564917220680018 -0.0005283773238723656 -0.011485646849756842 0.9999338981821985 52.47004351086958
0.9999999918484034 0.000110491918958397 6.39900652086251e-05 -0.4982645587119337 -0.00011119312307407875 0.9999387892825128 0.011063693972262452 -0.8644310407791951 -6.276369955287473e-05 -0.011063700997330889 0.9999387934173574 53.65685714302602
0.9999991961587412 -0.0007951804584307272 -0.0009876081761349095 -0.5033199863710367 0.0008051116383192882 0.9999487055897401 0.010096434254383892 -0.8761139748999286 0.0009795290301371981 -0.010097221273290168 0.9999485419987562 54.8579410829691
0.9999962561047273 -0.0005342221644523159 -0.002683725620734836 -0.5113632302922576 0.0005619882189462069 0.9999462171935045 0.01035600741804302 -0.8799427803032158 0.002678048873741306 -0.010357476868417538 0.9999427737261523 55.96858373050785
0.9999920049978072 -0.0006234447381138037 -0.003949842670780447 -0.5214866846298144 0.0006693672337795164 0.9999320780103875 0.011635777298264684 -0.890095836107718 0.003942320125477291 -0.011638328165462071 0.9999245008647114 57.13528174416773
0.9999881551090937 -0.0010014654755283133 -0.0047630566249166496 -0.5425890561474861 0.0010584103776183798 0.9999278197877078 0.011968081804270557 -0.9005414171930808 0.004750727205743191 -0.011972981312208232 0.999917035713221 58.33824785570471
0.9999841047229958 2.9706895778129194e-05 -0.005638210606977777 -0.5548097421885037 3.6858372437305244e-05 0.9999303104764997 0.011805627125695533 -0.9100002863281558 0.005638168391301967 -0.011805647287248606 0.9999144152122826 59.47154764141196
0.9999820519569317 0.0002644621587912824 -0.00598546771527969 -0.5744661493224442 -0.00019391147617464852 0.9999305414693335 0.011784508270801698 -0.9214100384792302 0.005988168529984591 -0.011783136111059472 0.9999126459551582 60.68168061483154
0.999981218354749 -0.0006549641434547656 -0.0060937640028496535 -0.5882492576916963 0.0007235938479822721 0.9999362646034464 0.011266904759026686 -0.9294808061673844 0.006085996195759675 -0.01127110255816196 0.9999179580832765 61.8886594140939
0.9999754325279063 -0.0018329255700844916 -0.006765702068593486 -0.591581489217369 0.00190215977248382 0.9999457513660709 0.010240903922185742 -0.9387948539812924 0.00674656422383906 -0.01025352177537192 0.999924671744015 63.12882654573393
0.9999676776311915 -0.002378081908548892 -0.007680391872654014 -0.5965594096361967 0.0024677462035790562 0.9999286695959649 0.011686143449310574 -0.9500190338412652 0.007652053420881206 -0.011704718983357804 0.9999022180353263 64.34377712549605
0.9999660238299523 -0.0024856375529527176 -0.007859566888240466 -0.6110792201041202 0.0025879239758829784 0.9999117441967368 0.013030981042659222 -0.9555704214833488 0.007826482940020118 -0.013050878261421569 0.9998842036663024 65.48155490693688
0.999965911609186 -0.001629930697110904 -0.008094377402371131 -0.626394913215629 0.0017215791059656525 0.9999343490662631 0.011328447502191946 -0.9649254124149119 0.008075381414602338 -0.011341996444657908 0.9999030689680168 66.68863749943135
0.9999672672401423 0.0004635126774597217 -0.00807772271619283 -0.6406107673286733 -0.00038349342814721445 0.9999508717439614 0.00990489935746933 -0.9657784142054819 0.008081916918184308 -0.009901477389201198 0.9999183183462734 67.82356150185403
0.9999634066357379 0.0026435744966422222 -0.00813614794178094 -0.660232849751364 -0.0025601007814328846 0.9999441595615158 0.010252982141889846 -0.9758346749969181 0.008162798137817274 -0.010231777592075952 0.9999143360577787 69.16456652609999
0.9999560803578417 0.004429108764784544 -0.008259561182747814 -0.6774948090721437 -0.0043428670871080354 0.9999361721199956 0.010430301600311187 -0.9863134577625647 0.00830523093270518 -0.010393973328782797 0.9999114903118154 70.35862783821412
0.999949487068524 0.0059074131758125635 -0.008131776003186294 -0.6968029278622948 -0.005819697635240288 0.9999250825731854 0.010768489236753638 -0.9948976050378301 0.008194780706653632 -0.010720620811218681 0.9999089527844985 71.60033016008974
0.9999539692837766 0.006386580138497935 -0.007160370643667081 -0.712605102589092 -0.0063015876495786105 0.9999101638267119 0.011830226926478341 -1.0046036174647786 0.007235282075691839 -0.011784560669445299 0.9999043828402363 72.77210462802367
0.9999536720272499 0.00813344908735859 -0.005147893274182792 -0.7298047269970757 -0.008068062874148655 0.9998881001950838 0.012597358839219171 -1.0148309132209834 0.005249777202683799 -0.01255524170251665 0.9999073985850461 73.96735340601914
0.9999746167168845 0.006557170686210573 -0.002787370537258023 -0.7334502775412269 -0.0065277144821112385 0.9999241045227133 0.01044864288264965 -1.0261012607425863 0.0028556725232616333 -0.010430182502766162 0.9999415265041248 75.16291425606111
0.999993656921408 0.003509888598625167 -0.0006056393106892763 -0.7349685296649153 -0.003506520883930731 0.9999788650220903 0.005474835195828963 -1.037671859403814 0.0006248425721491715 -0.005472676781627999 0.9999848295752312 76.32220543453903
0.9999864173039448 0.004687213033557679 0.002279307262898172 -0.7502730527137039 -0.004698430210600461 0.9999767548075201 0.004941113050274305 -1.0497705799903545 -0.002256094230472438 -0.004951755102740806 0.9999851949705185 77.54074330271922
0.9999762912032456 0.0041833104616235284 0.00546963846915561 -0.7550951816689485 -0.0042304900864453 0.9999537013852364 0.008642802762560665 -1.0699918196103002 -0.005433229705256714 -0.008665737103426774 0.9999476911396038 78.8686558015875
0.9999563102643799 0.004528810849820879 0.008177251049928131 -0.7432162509525118 -0.00460785068016645 0.9999425988337889 0.009672990728637119 -1.079306887833292 -0.008132974520819248 -0.009710247670041826 0.9999197796901662 80.07566304529296
0.9999143146500722 0.0048208586975886925 0.012170566104095469 -0.7349287291820454 -0.0049164542297323996 0.9999572041350546 0.00783698770002485 -1.0893557176742377 -0.012132264243875463 -0.0078961522161921 0.999895223983241 81.08957356590896
0.999867910130587 0.003995843132092382 0.015754222569077388 -0.7269253585116648 -0.00407364266557164 0.9999796517259908 0.0049093349242132316 -1.1038743089187328 -0.015734285065599558 -0.00497286352402449 0.9998638421814473 82.10695382428572
0.9998168052446326 0.002699537943812301 0.018949101437963026 -0.7081045413394798 -0.0027292974506815592 0.9999950822343535 0.0015448114878148411 -1.1197686896455399 -0.018944837973495422 -0.001596246220699578 0.999819256221924 83.1077756075073
0.9997478145917866 0.0020757997163423536 0.022360641191249028 -0.6886891843965288 -0.0020905816389061686 0.9999976113925574 0.0006377127797112342 -1.1415759782910437 -0.022359264016447698 -0.0006842987037621339 0.9997497662154902 84.28689391999424
0.9996555230455589 0.0020048077304039343 0.02616898909919722 -0.6695423114615886 -0.0020725997560683083 0.9999945659185641 0.0025636816480204077 -1.165543604797832 -0.026163707205992995 -0.002617036359197674 0.9996542460000528 85.39884966643433
0.9995462635849247 0.0030697586748657008 0.02996403736304809 -0.6446869939431521 -0.0031643980528562096 0.9999901524549 0.003111523451237786 -1.1905400478331258 -0.029954190664732178 -0.003204929781228924 0.999546134446389 86.59461700897644
0.9994342504694121 0.002690647048587248 0.033525205549019874 -0.610072912245316 -0.0027229702685235366 0.9999958708618885 0.000918527130075448 -1.209753216156856 -0.03352259568650423 -0.0010092956117388743 0.9994374502192759 87.75733584451974
0.9993140067491789 0.002591209040897345 0.03694322063123411 -0.5756132823144332 -0.002539726933810386 0.9999957374973676 -0.001440407649309322 -1.2296383197774463 -0.03694679555798227 0.0013455938469246443 0.999316328133988 88.92709658247936
0.999199179822368 0.0025922123312049606 0.039928429439893866 -0.5441044836381497 -0.0025269697155649237 0.999995388647645 -0.0016843715446797896 -1.2470796412250826 -0.039932611564525065 0.0015821247339755228 0.9992011226049355 89.76852545608122
0.9990869121943203 0.001128006652661461 0.04270912646039228 -0.5038484669781778 -0.0011078509049382247 0.9999992635251018 -0.0004955962315530622 -1.2652754921519196 -0.04270965404203883 0.0004478283642792558 0.9990874260550805 90.72925360620914
0.9989716581441238 0.00040079962195103394 0.04533724279709565 -0.46646208901908254 -0.0004475262022788939 0.9999993791506643 0.0010204991830984806 -1.2814819495449041 -0.045336805633811685 -0.0010397393651653487 0.9989712173015671 91.5734692996892
0.9988664260892912 -0.00030803417667332815 0.047600083472113586 -0.42374708678458595 0.0001769944923874897 0.9999961834736781 0.002757120060111037 -1.2927991356712931 -0.047600751092349694 -0.002745569708130404 0.9988626684096379 92.40569854760659
0.9987514156830983 -0.001954408342445819 0.04991783207469631 -0.37990115245931466 0.001765367366917162 0.9999911039880657 0.003830851444233722 -1.3090502501771 -0.0499248750530876 -0.003737944991428147 0.9987459810272955 93.27350620596788
0.9986445279621791 -0.0030792580235624077 0.051957915096939186 -0.32887736438648235 0.002999041018230392 0.9999941877770099 0.0016217783966269409 -1.3265004138358807 -0.051962606980090656 -0.0014637562027613013 0.998647958438614 94.2060614822668
0.9985190814978253 -0.004465371018242411 0.05421904044160682 -0.28217731776113003 0.004578998941366808 0.9999875725572295 -0.0019716743627880033 -1.3407984656628866 -0.05420956238002751 0.0022170234025279557 0.9985271193882511 95.09207757665138
0.9983843702600526 -0.0036418361446298414 0.05670437593284727 -0.24070203315020386 0.003924606387372133 0.9999804099634353 -0.0048761823245557345 -1.3550307449386765 -0.056685506835011855 0.005090846575352808 0.9983791046471296 96.08838517989594
0.9982860015117699 -0.003651956079274887 0.05840995122782687 -0.19475926820420517 0.003991875078799515 0.9999757648458932 -0.005703915692267103 -1.3754390305226625 -0.05838770520406931 0.005927304418053852 0.9982763860491436 97.0021813752726
0.9982777760498909 -0.003543844064559759 0.05855700653320166 -0.13326142793360626 0.0038528823056693173 0.9999792362311102 -0.005165501387329648 -1.3944440384260481 -0.05853748493761904 0.005382218491470835 0.9982707020549529 98.02724671736948
0.9983396540589156 -0.0033924067365547336 0.05750153658866917 -0.07751652241168613 0.0035941077921165165 0.9999877451470982 -0.0034046945236186404 -1.4113896764497627 -0.05748928180715869 0.003605708273597754 0.9983396122287964 98.93197289982695
0.998418056156568 -0.004118080346315756 0.05607518662296995 -0.030198986412268918 0.004235458398131617 0.9999890809802159 -0.00197454108578036 -1.4279414889362418 -0.05606644301805933 0.002208921592775198 0.9984245963680484 99.80965213403489
0.9985292734519253 -0.003594563217877108 0.05409592567691273 0.025645535142453147 0.003664883474552281 0.9999925633585688 -0.0012007733654379937 -1.4435275276065167 -0.05409120712913803 0.0013972626202251896 0.9985350214030971 100.90299613537022
0.9986518650391196 -0.003298649492059762 0.05180319840913001 0.06352928103177982 0.003342379355345775 0.9999941272956216 -0.0007575450555810106 -1.45797132910599 -0.051800395308646954 0.0009296697235107305 0.998657025589904 101.8280360068515
0.9988085096468674 -0.0028723096503284543 0.04871663878260828 0.10105554165855857 0.0029174049264774704 0.9999953792061619 -0.0008545845878183397 -1.4727802078017809 -0.04871395904150522 0.0009956925205118713 0.9988122740489866 102.74978064890115
0.9989776045099175 -0.0014726388539409816 0.04518381372163943 0.12892085152656652 0.0015338994265007178 0.9999979508337913 -0.0013211664414525376 -1.4873516010980592 -0.0451817755314608 0.001389123112795914 0.9989778163186624 103.67593486229445
0.9991404610991553 -0.0013226383124633173 0.04143174655334684 0.15624833305155092 0.0013587684188579067 0.9999987207972412 -0.0008438911441773724 -1.5057035918604162 -0.04143057739098334 0.0008994619356657141 0.9991409801550915 104.65827410642484
0.9992973128870977 -0.0006864678535630154 0.03747544820960815 0.19021920457874575 0.0006810156159195104 0.999999755586792 0.00015825323089601522 -1.52394779128852 -0.03747554768586919 -0.0001326206629457305 0.9992975361409657 105.74497179924795
0.9994527204708186 -0.00048315213943679884 0.03307606547775629 0.22376172282535456 0.0004486860038231223 0.9999993486770677 0.0010494409503944483 -1.5437884751062774 -0.033076550974196546 -0.0010340258452037764 0.9994522862879466 106.88636881878125
0.9995818825190207 -0.0003379812345927904 0.028912729176171856 0.24200321349965973 0.00029141440646666196 0.9999986537515501 0.0016147980459488018 -1.5589075651568025 -0.02891323602389202 -0.0016056972848453037 0.9995806353260636 107.86729902756882
0.9997149552839156 0.00013502369720783212 0.02387446230344685 0.26112467995367294 -0.00017661143430793762 0.999998470891845 0.0017398340067979706 -1.5728592007438857 -0.02387419087799152 -0.0017435545793381827 0.9997134504583556 108.74730746518674
0.9998228974899162 0.000969042692630667 0.01879453673617012 0.2739083917561797 -0.0010002641143983773 0.9999981354014368 0.0016518672310728898 -1.5856800747974107 -0.01879290096203425 -0.0016703741818838301 0.9998220025202108 109.570009737452
0.9999031215741774 0.0013923831611593654 0.013849503072206617 0.2814316751555031 -0.0014107961805218008 0.9999981338542481 0.0013198265629955914 -1.5979912010118362 -0.013847639522733107 -0.0013392375263121545 0.9999032199780624 110.37584621708304
0.9999525145293386 0.0025504630810767757 0.009405520959724464 0.2819719803930982 -0.0025560941783729202 0.9999965610599677 0.0005867288876401449 -1.607332609217804 -0.009403992184335155 -0.0006107424239124284 0.9999555949764416 111.143369768103
0.9999716225998112 0.0045545706509479335 0.0060008233839403445 0.28057962512550366 -0.004557251764362617 0.9999895218452464 0.0004331928782361995 -1.6175127194606373 -0.00599878749881463 -0.00046052784830257946 0.9999819010675371 111.99521046789962
0.999971024216262 0.00662444391492991 0.003750662701019215 0.28235494305188386 -0.0066264605315372455 0.999977906692301 0.0005254979598648547 -1.6320107092555265 -0.003747098704711313 -0.0005503363515049894 0.9999928281648814 112.88595336486989
0.9999662733087342 0.007752924290853317 0.00271005719151603 0.27646245440842393 -0.007753647055475491 0.9999699071829796 0.000256292411740677 -1.6502247005739747 -0.002707988622596058 -0.00027729659480878833 0.9999962949452459 113.981038666446
0.9999504548715664 0.009852526382296398 0.001419692231676324 0.2764839112846778 -0.009853209008579816 0.9999513433120316 0.00047463743493886035 -1.6675487207080462 -0.0014149467763043902 -0.0004886024432527621 0.9999988795960091 115.06561965198206
0.999939066822988 0.011036127506879026 0.0002579356950731712 0.27425513901306636 -0.011036453531512768 0.9999382531097845 0.0012987152102224633 -1.6864025846329525 -0.00024358698169074094 -0.0013014827706914795 0.9999991234036061 116.30718658297938
0.9999416800718554 0.010790625050914444 -0.0004459440376986426 0.26967399308412665 -0.010789842084597552 0.9999403046012766 0.0017223651452704773 -1.7030085591962196 0.0004645028133751159 -0.0017174530313136672 0.9999984172948586 117.28161976738906
0.9998930692653116 0.014544157784915634 -0.0015223368619650588 0.2637148965190672 -0.014538300047427151 0.9998871279007558 0.0037906846488031326 -1.7155216500571853 0.0015772973482529758 -0.0037681471180361983 0.9999916565653799 118.1309176129766
0.9998765734469138 0.015503233947459304 -0.002547078567232398 0.2592994251377391 -0.015484756108848115 0.9998547478486045 0.00712078175843096 -1.7319156211234883 0.0026571037440807172 -0.007080461974479619 0.9999714030200673 119.28508223824797
0.999892717214814 0.014333526184139871 -0.003017298113154588 0.25063411368204386 -0.014313374913863714 0.9998757926608103 0.006597465383755534 -1.7395604823112625 0.0031114882854116743 -0.006553569870173586 0.9999736843350464 120.24788730354287
0.9998928484721762 0.014268795474841289 -0.0032700229194800993 0.23345603094104542 -0.014252499255929989 0.9998861566621551 0.004953784446496388 -1.7478054303737385 0.003340335186249868 -0.004906647641697734 0.9999823833297087 121.44824798356372
0.9999273066844332 0.011461027286850948 -0.003745156918539223 0.21970305475810792 -0.011438855328881191 0.9999172332353958 0.005888910564297831 -1.7590088576972909 0.0038123399086856208 -0.005845642171688777 0.9999756469694759 122.6995439864545
0.9999449244689101 0.009206921967312603 -0.005037917898556435 0.21504837943717003 -0.009167545727146169 0.9999276798793724 0.00778402957307566 -1.773549427153603 0.005109220508597133 -0.007737415520808329 0.9999570132094948 123.9754383582939
0.9999684449855765 0.0057322131271619605 -0.005500069617019339 0.2090557701328649 -0.005678974225925286 0.9999373407900931 0.009646955238667716 -1.784687842210785 0.005555023390459178 -0.009615416075260232 0.9999383408434902 125.25032474871205
0.9999761648252672 0.0039177356109648285 -0.0056851674585423045 0.19503761000598496 -0.0038565501417520054 0.9999349558358385 0.010733644235866572 -1.7952171919378426 0.005726849251835343 -0.010711463264212632 0.9999262311552723 126.50975288348317
0.9999858171792381 -0.0002554191273380505 -0.005319793364386954 0.18295234964127474 0.0003029485051974953 0.99996003126802 0.008935551950605072 -1.8055966512053585 0.0053172984281104575 -0.008937036842721121 0.9999459263929721 127.83147454588561
0.9999818586048993 -0.0028292020771949317 -0.005317713483835948 0.17225694140750808 0.002871479469205685 0.999964199473929 0.007959546225795634 -1.8149466855210323 0.005295003942180374 -0.007974671533614757 0.9999541827239806 129.09211540610386
0.9999775051329861 -0.004252799466764022 -0.0051868029365555665 0.16362201220016656 0.0042922705669411875 0.9999617349364583 0.007622668577780854 -1.8253479555634502 0.005154186782348925 -0.007644760268446076 0.9999574950961923 130.37546109233585
0.9999794223343623 -0.004425457256680152 -0.004644376804600602 0.14871465092561456 0.004462318940981454 0.9999583882834782 0.007956721132226494 -1.8346534153678207 0.004608971414835818 -0.007977282092063777 0.9999575592758533 131.6831397669523
0.99998264532091 -0.0040094840563666655 -0.004316606838228285 0.14091822674371524 0.004052050187359428 0.9999428050823453 0.009897850944944029 -1.8448937101487561 0.004276674674699784 -0.00991517027846489 0.9999416980264783 132.96798112447786
0.9999922758455349 -0.0016792806557676234 -0.003553627125334971 0.1307432384238114 0.0017195868913777806 0.9999338833021229 0.011369786508911035 -1.8521008542565054 0.00353429910869957 -0.011375809457545483 0.9999290473273573 133.95787396296294
0.9999939378838478 -0.0016309462746130969 -0.0030763955862961752 0.12585128389280095 0.0016605038111456112 0.9999522528570539 0.009629887496451925 -1.8623073025872168 0.0030605428680593096 -0.009634937485551132 0.9999488992228567 135.32166725283628
0.9999956925001097 -0.0010761125773225953 -0.002730744027902043 0.11283746124024253 0.0010976575886457647 0.9999681873250547 0.007900600335507917 -1.877406483678834 0.002722155220240739 -0.007903563725577812 0.9999650611653356 136.60808152480604
0.9999964383054732 -0.00115497102825864 -0.0024061210050044797 0.10840252903868915 0.0011679133971229162 0.999984821495688 0.005384492226064916 -1.8899244276589517 0.0023998655511636977 -0.005387283189105363 0.999982608761361 137.87619463342557
0.9999954073328425 -0.002309918956393525 -0.001962036604172076 0.09884327713580429 0.002312452092493959 0.9999964944987012 0.0012897889857583994 -1.908430900869285 0.001959050418222531 -0.0012943201778378398 0.9999972434245689 139.12439933034605
0.9999961309348709 -0.0023617080738229453 -0.0014698470197319522 0.08810173077716241 0.0023586086694454885 0.9999949991015509 -0.0021068310402675735 -1.9344065861448831 0.0014748153890545217 0.0021033560948774807 0.9999967004009097 140.43961510711685
0.9999955596380325 -0.0026510795610144525 -0.0013610589180497903 0.0784310773133416 0.002647016789765819 0.9999920618375276 -0.002978181331548702 -1.9619146620264407 0.0013689435094002844 0.0029745653615375622 0.999994638962919 141.7363997287588
0.9999944506885257 -0.0030209865161683743 -0.001404361998196994 0.06609830531347284 0.00301717952610839 0.9999917895165432 -0.0027050928278157926 -1.9919608718115571 0.0014125225166640922 0.0027008406041448313 0.9999953551092983 143.11061489802137
0.9999960368861032 -0.0023763693725577734 -0.0015096624428808656 0.057746637963518976 0.0023730256502481205 0.999994736064956 -0.0022128243582914976 -2.0102598167596533 0.0015149129841479148 0.002209233120916262 0.9999964121573981 143.9847341409909
0.9999970819854631 -0.0016522811634820645 -0.00176238120575959 0.047122420633355575 0.001650478054269188 0.9999981135957172 -0.0010240738243924435 -2.040069789884668 0.0017640699390864285 0.0010211620646266835 0.9999979226404866 145.26663933912783
0.9999969033424384 -0.0012062410795824741 -0.00217676089413252 0.04160595004830945 0.0012051224330779714 0.999999141153615 -0.0005151426521439497 -2.057870241278718 0.0021773804108584215 0.0005125177935385281 0.9999974981668996 146.26242867512178
0.9999951352521576 -0.0010267141117512358 -0.002945391340763902 0.04076863849240042 0.0010240322254601946 0.9999990598976385 -0.000911900125445873 -2.080614993046674 0.0029463248325221196 0.0009088795136321009 0.9999952465427082 147.52760798585624
0.9999934102096164 -0.0007366746304375284 -0.0035548344306232864 0.031075631414224036 0.0007343758177471118 0.9999995204366018 -0.0006479341965900168 -2.098800458204511 0.0035553100425398973 0.0006453193423974599 0.9999934716454145 148.5035553846647
0.9999904094262329 -0.0012694869379934004 -0.004191593786124634 0.016656892285489396 0.001271859335338433 0.9999990324922872 0.0005633722739612315 -2.120787419610288 0.004190874536982599 -0.0005686979885847691 0.9999910565366141 149.7190161625107
0.9999886040424225 -0.0003733667993348562 -0.0047594519136815285 0.002937986369968377 0.0003777362027518605 0.9999995080463784 0.0009171817490198766 -2.143120868770387 0.004759107127038182 -0.000918969114148698 0.9999882531285662 150.95598430645876
0.9999876551794822 4.516653571826968e-05 -0.004968646558505544 -0.02513477627443352 -4.5256328386275124e-05 0.9999999988146611 -1.7959425992134046e-05 -2.1694058043646125 0.004968645741451281 1.818406698645748e-05 0.9999876560382316 152.3274480135301
0.9999829185087867 0.0004681374311607926 -0.005826108305982857 -0.03674461382135128 -0.0004754906450463563 0.9999990921543676 -0.0012607930383208919 -2.1915742034516366 0.005825512792362027 0.001263541762092131 0.9999822332736329 153.59952098674168
0.9999769888882795 0.0010745527619314588 -0.006698285623211356 -0.04948984581862409 -0.001082889855711981 0.9999986434368625 -0.0012411583272598998 -2.216072830874863 0.006696942846455781 0.001248383272378946 0.9999767959786454 154.85291292516945
0.999973972116606 0.0005549252879056323 -0.007193549003160762 -0.06900178730050216 -0.0005712770476971913 0.9999972575089028 -0.002271258947362423 -2.23871758642141 0.007192268895891726 0.0022753093407363186 0.9999715467129723 156.10960447074984
0.9999664463163954 0.000928975167179442 -0.008138995423075931 -0.08248062435329509 -0.0009550634590563899 0.9999944173642321 -0.0032020453084155237 -2.2665927035054203 0.008135975365453596 0.00320971112512232 0.9999617510981842 157.36502693014285
0.9999631968709569 0.0011376200791907488 -0.008503571259766961 -0.10742053557352811 -0.0011619978043059375 0.999995228281056 -0.002862372480882812 -2.2936905134826575 0.00850027439070684 0.0028721482677515867 0.9999597472396635 158.64478544446203
0.9999558655862995 0.001308032079936837 -0.009303544036065974 -0.12355993500009604 -0.0013211805200841107 0.9999981370395405 -0.0014072666696474687 -2.32066785504071 0.009301685953982713 0.0014194962219062285 0.9999557308545666 159.872212302759
0.999949512790498 0.0013166984092105691 -0.009961835942402426 -0.14313876219511368 -0.0013270458109185107 0.9999985867908714 -0.0010321655262770873 -2.345923780938825 0.00996046281353878 0.0010453332277762938 0.9999498469718288 161.16522959743955
0.9999422316352953 0.0018115599491104577 -0.010594887577270173 -0.15432817479313282 -0.001818636350136153 0.9999981295925574 -0.000658310877011643 -2.359506932715503 0.010593675190895048 0.0006775410951423465 0.999943655904679 161.84864838726628
0.9999352328796314 0.0023239755226660396 -0.011141327736223224 -0.17347631935239483 -0.002328126067641436 0.9999972252614853 -0.000359580785455159 -2.379743641547924 0.011140461165008551 0.00038549591197390456 0.9999378688288256 163.04273507717141
0.9999277924416677 0.002628687393196761 -0.011726035362408934 -0.19465283287611407 -0.0026430800644361573 0.9999957724817727 -0.001212083476292081 -2.402622972162359 0.011722799601827387 0.0012429888050049494 0.9999305130599461 164.32798814075545
0.9999161494482718 0.003784399731435942 -0.012384360751065955 -0.21427909743670825 -0.003807524191825523 0.9999910508287315 -0.0018441859927757708 -2.4205004429731036 0.01237727078432511 0.0018911851099226661 0.9999216102209274 165.603370921971
0.999910306829535 0.003992368305378305 -0.012784337737162732 -0.2354610770689565 -0.00401051077944692 0.9999909865290191 -0.0013937948217366517 -2.4459904368596748 0.012778657963635387 0.001444941532163006 0.9999173056031272 166.8283945926333
0.9999100943007475 0.003793222168601915 -0.012861367775176411 -0.26425477873852155 -0.0038266412516804677 0.9999893635657225 -0.0025747955550376863 -2.4712720692336023 0.012851464204504729 0.0026237799067243173 0.9999139741231752 168.09594208160505
0.9999140393850705 0.002398885499982713 -0.012890274977211852 -0.2872205479875148 -0.002452711341070168 0.9999883329578417 -0.004161508773499956 -2.4969537532667756 0.012880141602775827 0.00419276717127279 0.9999082571194922 169.3584527243211
0.9999123239033266 -0.0006986098118553648 -0.013223329784064389 -0.3009104081539618 0.0006440991196653484 0.999991280088596 -0.004126122040508129 -2.5198555303873884 0.013226097027142983 0.004117243143160179 0.9999040547304172 170.57312135004767
0.9999100444886357 -0.00024775946784929995 -0.013410501332123088 -0.33208909981574847 0.0002414716786408984 0.9999998601663533 -0.00047048772564605703 -2.5447155147571685 0.013410616024672684 0.00046720714641393336 0.9999099644944648 171.88091296096806
0.9999078142976704 -0.0010337078491746365 -0.013538624543740514 -0.35210789178049284 0.0010861766211320153 0.9999919266260936 0.003868708179590945 -2.5692243656195486 0.013534516127351336 -0.003883056877472095 0.9999008644573147 173.13054211983152
0.9999074501882276 0.00012122305585254324 -0.013604277380518752 -0.3787922469785374 -7.726381823105902e-05 0.9999947748662193 0.0032317596691825794 -2.589820174268482 0.013604598060132657 -0.003230409452018904 0.9999022349041905 174.3886911863628
0.9999071992675125 0.001645720869776583 -0.01352347794822138 -0.40442632943119133 -0.0016444192062760761 0.9999986421775255 0.00010737121147683278 -2.6101216042224293 0.013523636288782944 -8.512298047614079e-05 0.9999085478260535 175.61123926195324
0.9999070100054912 0.002050093928370083 -0.013482153268725235 -0.4346249383539291 -0.002075150110200658 0.9999961453290893 -0.0018447436084447185 -2.6322862198667027 0.013478319401790473 0.0018725495575879535 0.99990740994567 176.89870843780346
0.9999057525559675 0.001879808276788483 -0.013599717876664585 -0.4572030845597438 -0.001901344402291476 0.9999969587096628 -0.0015708153572929658 -2.6572467890058107 0.013596723684264378 0.0015965250594179399 0.9999062857152108 178.15584593371403
0.999909498880671 0.0018179796852177724 -0.013330003678442828 -0.48493010283307064 -0.0018221070118603216 0.9999982957118729 -0.00029748846100916796 -2.6864061652072904 0.013329440132297431 0.00032175023114097744 0.9999111073003182 179.40392460216745
0.9999116855832317 0.0019063940007664675 -0.01315244068650153 -0.5170301056194148 -0.0018808158796945384 0.9999963166505695 0.001956838500753332 -2.718936595948814 0.013156122746645231 -0.0019319283644026173 0.9999115881352062 180.7992942028271
0.9999204494027097 0.001231793837524864 -0.012552989692600212 -0.5360885262379246 -0.0011974692355869482 0.9999955250409726 0.0027415261182190133 -2.7406119907119115 0.012556310513463783 -0.0027262762092073786 0.9999174498348955 182.07756369752397
0.9999370928504195 0.0012037674829758875 -0.011151739133254299 -0.5565454196839545 -0.0011799347400349687 0.9999970066507562 0.0021434653097706685 -2.761819302367203 0.011154285986045464 -0.0021301721460627566 0.9999355200565534 183.26193438986388
0.9999513905954702 1.6315972129938867e-05 -0.009859826569066288 -0.5749764464686398 -9.426459076298122e-06 0.9999997558004559 0.000698791934699547 -2.7870357317451275 0.009859835562771115 -0.0006986650235881618 0.9999511465616009 184.5416646178066
0.9999614275586161 -0.00022274147543969002 -0.008780306439262314 -0.5893310691009396 0.0002166028943786731 0.999999731488804 -0.0007000753558247744 -2.814956188140269 0.00878046001746965 0.0006981465124207688 0.9999612073042279 185.81865143886645
