0.9999902406963999 -0.002723575862389813 -0.003478598349646854 0.0007722700817014557 0.002715677686284978 0.9999937287763473 -0.0022732141741169842 -0.003987236601536047 0.0034847678058332805 0.0022637452372120145 0.9999913658881463 0.9999917526376758
0.9999712470465595 -0.0011628368260364803 -0.007493523247753901 -0.0157271406253711 0.0011338419543308364 0.9999918593820435 -0.0038724116601459406 -0.007640882560028176 0.00749796522872799 0.003863803845829705 0.9999644251358493 1.9998489525002814
0.9999382641755364 -0.0013329933658391638 -0.0110313628487881 -0.04737337118042377 0.0012734381180981625 0.9999845875317661 -0.005403985037239805 -0.007482082436682919 0.011038396304462345 0.0053896036598219225 0.9999245501433676 2.999348072393659
0.9998770592260884 0.00015034245006592347 -0.015679407850330857 -0.07519501548148645 -0.00024401414718032942 0.9999821350259307 -0.005972443894830977 -0.018085564540790428 0.01567822982626816 0.005975535635291293 0.9998592331340378 3.998904735357659
0.9998090035678185 -0.0007546269500592527 -0.01952913011099274 -0.11415368615579805 0.0006346778843308611 0.999980902359007 -0.006147528060029279 -0.031047295139705534 0.019533396241027307 0.0061339591971214065 0.9997903885194434 4.998061487681173
0.9997166880186683 0.0011948225928602092 -0.023772170619363472 -0.15161158362396612 -0.0013677620526651318 0.9999727108676527 -0.007259941250761651 -0.04722170425424587 0.023762847555624005 0.00729039909530419 0.9996910408506618 5.9972287882877025
0.9995878384236511 0.003948214317135615 -0.028435275262231205 -0.19496857451020394 -0.004169023841793688 0.999961584958145 -0.007710243070129445 -0.06548939692412915 0.02840374122786376 0.007825612544707834 0.9995658994146215 6.996121406615786
0.9994606252251087 0.004008386567052705 -0.03259434708295167 -0.23914544158002285 -0.004205677832408744 0.9999732359437167 -0.005986624275951774 -0.07882166762795789 0.03256947802168209 0.006120476564819177 0.9994507335872115 7.995056166631321
0.9993074146385237 0.0032875182229979718 -0.037065931425003217 -0.2801843870482414 -0.0034174963308215493 0.9999882302029329 -0.0034438603970488478 -0.0895614795119541 0.03705417341269946 0.0035681479143943027 0.999306888074511 8.994155992263755
0.9991756174187324 0.0026327197775703635 -0.04051116318334108 -0.32760524077750514 -0.0026659911270992035 0.9999961518736743 -0.000767286877926807 -0.09659582694484076 0.04050898723992894 0.0008746567415850513 0.9991787912723029 9.993006221679444
0.9990658428308157 0.003834324597104092 -0.04304346226357282 -0.3889067465089618 -0.0038987827589540454 0.9999914004843937 -0.0014136655398720526 -0.10556847750646434 0.04303767165809574 0.001580162062632044 0.9990722005471405 10.99108518506359
0.9989882118530033 0.003490814210287956 -0.04483711403388912 -0.45149118345276695 -0.0035696480601343306 0.9999922204624478 -0.0016782810578205533 -0.11229077283518016 0.044830906654511275 0.0018366357100720032 0.9989929011648696 11.989102218377665
0.9989129146348775 0.00048711241576235775 -0.04661278469634965 -0.4938136128195561 -0.0005911082243027503 0.9999973670834468 -0.0022172995378878547 -0.12179906977307804 0.04661158189464287 0.0022424423444017834 0.9989105725166847 12.988160977422627
0.9988299374012679 0.00024897284417596863 -0.0483600471825869 -0.5517509916524925 -0.000312986218747656 0.9999990849399 -0.0013161151122954421 -0.13079314659220898 0.048359675253314534 0.0013297112035330488 0.9988291013369149 13.98644068118018
0.9987536371953154 -0.0008565564144725753 -0.04990429340484102 -0.5962030034674032 0.0007702727125068929 0.9999981752544673 -0.0017481898304575903 -0.13796775583822415 0.04990569976541758 0.0017075710362306857 0.9987524745061109 14.985426438528396
0.9986606003918042 0.0015433330764459878 -0.05171676080436575 -0.6542061189742957 -0.0017605876442271973 0.9999898157700375 -0.0041555610153592845 -0.1459976478926354 0.051709820694214634 0.004241046948635095 0.998653146975741 15.983710546211093
0.9985833812656388 0.001975001623529555 -0.05317264361182946 -0.7069995202271181 -0.0023428573943417358 0.9999737480211349 -0.00685669656558483 -0.15782638763997262 0.05315770573786411 0.00697155916203686 0.9985617936229767 16.982245942407282
0.99846115468563 0.005210855885469188 -0.05521023061696953 -0.7693027574491147 -0.005694156740223798 0.9999468056857125 -0.008600138252191183 -0.16484867958649596 0.055162479665582964 0.008901279676535794 0.9984377136593265 17.98027850413173
0.998400995583708 0.005881173679381225 -0.05622156004250566 -0.836593218844099 -0.006355329251534148 0.9999457009872229 -0.008258623812402874 -0.17571581851286053 0.05616993686630516 0.008602724761559367 0.9983841601904107 18.9779527492297
0.9983157867371583 0.004882301098508182 -0.05780789813989088 -0.8904466253631793 -0.0052852031718848645 0.9999627843843755 -0.006818832281100076 -0.19253615159674442 0.057772455191037124 0.007112874399944087 0.9983044377538194 19.976359924053348
0.9982207084588565 0.0061554992002051875 -0.05930874331407198 -0.9486432675619206 -0.006487132531596718 0.9999643740136895 -0.0054007235558138425 -0.21063168907469731 0.05927338623206629 0.0057758577722357525 0.9982250774006722 20.974501047642235
0.9981605635814116 0.005352435017794953 -0.06038907807061247 -1.0123845502046651 -0.0056832139771898485 0.9999697677797903 -0.005307033570706154 -0.2241999471770957 0.06035884682238157 0.005640475672442032 0.998160806004954 21.972375263919098
0.998055495441811 0.005340208814896709 -0.062102416927313255 -1.0784311181504658 -0.005732654490368361 0.9999647002935629 -0.006142868979392367 -0.23879718757167984 0.06206742052715426 0.006486935841922666 0.9980508779478561 22.970085027162444
0.9980130206201391 0.00374639780541558 -0.06289654343561892 -1.147167588141736 -0.0041864727449487955 0.9999676619483435 -0.006866476790771006 -0.2525791533463081 0.06286878493036849 0.007116147907820157 0.9979964310158285 23.967624678182222
0.9979720980022844 0.003556691339137086 -0.06355345431710328 -1.2113382489413071 -0.003895087940393647 0.9999788861579861 -0.0052014928789009904 -0.26573183495918157 0.06353361235483654 0.005438491054581675 0.9979648806026153 24.965476938289292
0.9979585236953014 0.005542388673303627 -0.06362442071789763 -1.2730221659445702 -0.005679220166097292 0.9999819326925207 -0.0019699611253273658 -0.2782575752932875 0.06361235290569758 0.002327276589566182 0.9979719697173234 25.96349407237899
0.9980034455109158 0.005665571566647003 -0.062904880948645 -1.3454782258007827 -0.005566313656159209 0.9999829713534807 0.0017530417405947573 -0.28344260987704223 0.06291374174710375 -0.0013993933993745058 0.9980179872113978 26.96085220015806
0.9981191426978377 0.004113962655317578 -0.06116577712579975 -1.4178288813802105 -0.0038430236916360966 0.9999822797962566 0.00454656599924959 -0.2880645494540884 0.061183397658497896 -0.004302953026778354 0.9981172658792198 27.958220748143887
0.9982255919373567 0.00436127237505244 -0.059385578254181955 -1.4847950673237345 -0.00405563438247157 0.9999779090918921 0.005266228058307775 -0.2926947084718973 0.05940723382778132 -0.0050160374277907795 0.9982212279537296 28.955965250160133
0.9983228195598517 0.004543999291906022 -0.057713949929820624 -1.5541603349634256 -0.004415263203052242 0.9999874727747813 0.0023579110145642195 -0.3003923620872504 0.05772394128015223 -0.0020991340929030467 0.9983303762979182 29.953526880308974
0.9983598714962637 0.005029368013115261 -0.057028698418876644 -1.614034597042905 -0.005172535619854846 0.9999838301533367 -0.0023631138615964756 -0.30799964940905195 0.05701589130430105 0.0026542210251200996 0.9983697427554198 30.951703819385173
0.9984459849887748 0.004367618715988632 -0.05555662846633095 -1.6776032095098055 -0.0046749102449820485 0.9999744794174793 -0.005402381691544493 -0.3183600744158787 0.055531615085422814 0.005653708560893372 0.998440922291104 31.949627510516066
0.998484014902721 0.0014932666535960922 -0.05502219677950313 -1.7303244332812795 -0.0017414155196234897 0.9999885275699014 -0.004462308882953078 -0.32852424303449684 0.05501490212414384 0.004551360596582673 0.9984751602623814 32.94818505116686
0.9984742918276058 -0.0005480292092170304 -0.05521583308567707 -1.7864710462279922 0.0005793157836393972 0.9999996806059596 0.0005506189245929926 -0.3404548322268447 0.055215513694815324 -0.0005817662444131946 0.9984742904028383 33.946536301532554
0.9984160126774827 -0.004381376399969685 -0.05609161407943982 -1.841853570547885 0.004612933740565251 0.9999813626923779 0.003999388728107822 -0.353491741317976 0.056073045855385646 -0.004251800646214486 0.9984176158901453 34.94491639684463
0.9982899941801573 -0.011925776878262623 -0.05722642191880891 -1.8883878591007595 0.01214380886086973 0.9999202620576382 0.0034637310711217706 -0.36820503477270633 0.05718055111775598 -0.004152754800405294 0.9983552169450682 35.94372472612648
0.9981870246090577 -0.014145256152436602 -0.058502783100436974 -1.951527051090133 0.014150019091005116 0.9998998280618968 -0.00033286861015911426 -0.37715556662746136 0.058501631275025286 -0.0004955503701876201 0.9982871899248175 36.94168932001907
0.9981053261069944 -0.014118717244496315 -0.05988672490810087 -2.0122198667586106 0.013895797565401782 0.9998948896481104 -0.004137205048474231 -0.3958267305395172 0.059938842221634286 0.0032971925879009874 0.9981966057416571 37.93967116829406
0.9979920113318509 -0.01248964424135253 -0.06209632923554601 -2.0749495923318815 0.012214450301978813 0.9999138348680622 -0.004809370360541201 -0.4135480914673687 0.062151046021972724 0.004041240671973419 0.9980585733573972 38.937544374246094
0.9979405246444469 -0.012611289584806517 -0.06289407481927349 -2.1389728851993652 0.01241765420714306 0.9999168815200542 -0.0034687051186187406 -0.42772448643477484 0.06293259200411219 0.002680564533127347 0.9980141799781329 39.93539208188975
0.9978930725318388 -0.009496726080793208 -0.06418121210066662 -2.208748312910303 0.009468557157956085 0.9999548961304003 -0.0007430546314316816 -0.4407058021477672 0.06418537386594313 0.0001337855939763247 0.9979379839865307 40.93287033998668
0.9978058388278401 -0.009626383467019536 -0.06550450932885564 -2.274062617559009 0.009700038205165986 0.9999526283118264 0.0008064682802040474 -0.45944745217215727 0.06549364289674661 -0.0014400950019175817 0.9978519473681933 41.93055906491317
0.9977599125237891 -0.007577657171744739 -0.06646605202888055 -2.33556564096396 0.007822621024816376 0.999963533684233 0.0034260621771706893 -0.47606497379824214 0.06643766673221188 -0.0039383262342325516 0.9977828050360706 42.92852761939819
0.9977715977255495 -0.0082015665978015 -0.06621610889763933 -2.4116808815650397 0.008648950936667097 0.9999416489261295 0.00647258762679144 -0.48079641037593673 0.06615915975809651 -0.007030863974875 0.9977843116284533 43.92561542090348
0.9977579453689124 -0.0023904272764641906 -0.06688324387049517 -2.4843740949368947 0.002973269313272759 0.9999584600751336 0.0086161356626268 -0.4813322753844447 0.0668598692998644 -0.008795679712334623 0.9977236059628939 44.922969625480796
0.997748177103067 -0.002571211622328104 -0.06702211544183104 -2.5556503806033257 0.0031227702860932133 0.9999621071988636 0.008126036681375546 -0.49316756655116667 0.06699868202618038 -0.008317032956527979 0.9977183989330614 45.920356018529326
0.9977549699924952 -0.0020945586297201222 -0.066937528184268 -2.6184984804097327 0.0025220637608183273 0.9999769569293274 0.0063027616761628024 -0.4996284561352143 0.0669227842342157 -0.006457432501141967 0.9977372612646229 46.91835820943071
0.9977705796416074 -0.0002215657580039625 -0.06673695610577018 -2.701343181845399 0.0005001264244053273 0.9999912331978081 0.00415733100491552 -0.5072347070740466 0.06673544991388194 -0.004181439481769465 0.9977619431951934 47.91489165122979
0.9976881772305913 -0.0001318772844231655 -0.06795795481531347 -2.7629959902719863 0.0004217716677267447 0.9999908735566831 0.004251459984550534 -0.5215216606759487 0.06795677392989355 -0.0042702941024927825 0.9976791275080958 48.91288704891678
0.9975938865428355 -0.002390792515900152 -0.06928724012041879 -2.827995893180771 0.0027808832602086494 0.9999808197920578 0.00553414277873536 -0.5329546018873658 0.06927268018960842 -0.005713506729518506 0.9975814009995355 49.910706822637174
0.9975421608420978 -0.0015392634532198656 -0.07005189512424619 -2.8990344277265905 0.0019964112284892688 0.9999771650040497 0.006456300230697569 -0.5445163058534332 0.07004035754251678 -0.006580284073178388 0.9975224549737358 50.90811338665266
0.9975216310553546 0.0012179257511221106 -0.07034992703285531 -2.9736958454473585 -0.0010258117137801805 0.9999956459833362 0.002766898027861486 -0.5554662348181597 0.07035299060445978 -0.0026878748545023554 0.9975185371920522 51.905262208079456
0.9974551749164557 0.0012025443271720723 -0.07128623934198156 -3.0488281500284335 -0.0013083790839472746 0.9999981101922493 -0.0014379694368420082 -0.5629749628857952 0.07128437540270524 0.0015275794806780632 0.9974548633017802 52.90240751126666
0.9974296408239546 0.0024326051435210236 -0.07161140997083666 -3.1296951471500285 -0.0026333493676846302 0.9999928634595744 -0.0027089667822011686 -0.577987682905662 0.07160430906658671 0.0028905816257406344 0.9974289285262177 53.899019345039214
0.9974295060566671 0.0009230714030230502 -0.07164864539358856 -3.205046563300768 -0.0008596666340459293 0.9999992111673356 0.0009157717964368285 -0.5919404318016817 0.07164943419755397 -0.0008518238607611636 0.9974295127853785 54.89607876385676
0.997401057772105 -0.000977144904369569 -0.07204287017408943 -3.270077338863336 0.0012766568049918602 0.9999907328866618 0.0041114824817235565 -0.605625146402609 0.07203818503049017 -0.004192770996741459 0.9973930622221506 55.89386818374723
0.9973911714635513 -0.002784605304985894 -0.07213249655917314 -3.343564238850985 0.0031369817087242863 0.9999836921126851 0.004772300749156787 -0.6169201159639104 0.07211803125656469 -0.004986128957088626 0.9973836413766255 56.8911004032058
0.9973829711695512 -0.006181791336541731 -0.07203467412898049 -3.4228158734746845 0.006457191844898543 0.9999727046192982 0.0035909176880535728 -0.6268260289821888 0.07201050961127244 -0.004046661863271752 0.9973956642342524 57.88790582633542
0.9973298165163385 -0.008689284559238033 -0.07251022977024764 -3.4932749376760177 0.008878127292800301 0.9999579837366213 0.0022824585784957867 -0.6395673883204898 0.07248735022925303 -0.0029201190452278164 0.9973650570184921 58.88533912119435
0.9972398218933867 -0.009969284940857035 -0.0735754781691124 -3.56762723260149 0.010250839423205736 0.9999415068061643 0.0034501097571033694 -0.6511790478302248 0.07353677937716083 -0.004194797251883568 0.9972836836902764 59.88250355393356
0.9971018161368723 -0.012740265423760389 -0.07500435916319818 -3.636121109219853 0.013340056578102298 0.999882880721139 0.007501181992753254 -0.6614137105734335 0.07490000765716223 -0.008480004582988834 0.9971549921527879 60.88010259170451
0.9970316966724336 -0.013671109507881049 -0.0757687045904227 -3.7083088670818456 0.014662302070903022 0.9998138527967502 0.012540998911514098 -0.6698522732680585 0.0755831510885121 -0.013614717056939857 0.9970465519477951 61.877457953880956
0.9970364085773743 -0.011262834330964509 -0.0761022242379511 -3.7917358843737365 0.012421381788992686 0.9998137991105402 0.014767409474886098 -0.6789009896882887 0.07592173104969531 -0.015668939689083033 0.9969906594765241 62.87393076013283
0.9969421304770936 -0.010422768370598058 -0.07744517014821148 -3.876710860896152 0.011295157162059035 0.9998775024750579 0.010835103549275357 -0.6842751019198606 0.0773227515319844 -0.011676726584620935 0.996937734340409 63.870299352891976
0.996860712018791 -0.00893884887036411 -0.0786690397441137 -3.9688192423133204 0.009202338263164498 0.9999531949929241 0.0029874393603999422 -0.685302160598352 0.07863865337020016 -0.003702000042484917 0.9968963122570991 64.86604781081407
0.9968217920112444 -0.006925140718400599 -0.07936219123437102 -4.054318303653496 0.006798514368174942 0.9999751494844412 -0.0018656408962783502 -0.6972967520647164 0.07937313886874002 0.00132016650408092 0.9968441011444676 65.86231385962044
0.9967694966226703 -0.0022817822190852495 -0.08028302480905869 -4.149938455236547 0.0022116668942641377 0.9999970912842943 -0.0009622642559934874 -0.7096187361102936 0.0802849869660332 0.0007815963499230256 0.9967716438457739 66.85765548716151
0.9967006659942891 0.0002342854795323048 -0.08116481698897274 -4.24254544576467 -0.00013249802403735196 0.9999991980930308 0.0012594671761542503 -0.7213030305605476 0.08116504697721197 -0.0012445575953985025 0.9966998977754413 67.8532896681369
0.9966123191273895 0.002696619080174705 -0.08219862291463247 -4.3288812632005484 -0.0024752901699317356 0.9999930321167488 0.00279439734553002 -0.7356462307050178 0.08220558558942444 -0.0025814653758095838 0.9966120497638036 68.8494525056767
0.9965245208636576 0.0031692487796523713 -0.08323962505699661 -4.421918850622265 -0.002981113265977637 0.9999927138693804 0.002384359839886616 -0.7424509590515176 0.08324657519172887 -0.002127926296497144 0.9965267079454122 69.84509184964583
0.9963802064576065 0.005302291042977775 -0.08484320767858759 -4.511564293478806 -0.005047207115633523 0.999982076075159 0.0032207497179689145 -0.7583607964469575 0.08485876430769149 -0.0027808700274296067 0.9963891091747533 70.84093851017285
0.9962786443033917 0.006040379895596156 -0.08597893181304261 -4.606257441179448 -0.005733049699921168 0.9999762659438834 0.003820954077839293 -0.773557248593178 0.08599997119844419 -0.0033138134593849507 0.9962896283682872 71.83632902447961
0.9961416306341844 0.006101120227146162 -0.0875478614784003 -4.6958527867400415 -0.005737841714922095 0.9999738558758566 0.0044005382881136595 -0.7920688597670125 0.08757242082940157 -0.0038812236143467133 0.996150594645875 72.83213522744705
0.9960491698901057 0.006250396108324337 -0.08858320218709459 -4.793378565649427 -0.005797487356059926 0.9999687800755724 0.005369172611007697 -0.8004913527846816 0.08861399608180982 -0.0048343999275519255 0.996054309902703 73.82733258696551
0.9959071925396146 0.008814823012438168 -0.08995089073000644 -4.891370277159073 -0.008130763721744544 0.9999351954509503 0.007968411370530361 -0.8033398972000189 0.09001530163901789 -0.007204428757939482 0.9959143244662692 74.82251574117579
0.9957984391944754 0.010639230364801387 -0.09095204931770912 -4.990636526581615 -0.00958532027859175 0.9998818555536855 0.012016512375682086 -0.8112063298668123 0.09106915028154795 -0.011094219745560794 0.9957827715697994 75.81754555507604
0.995600112993854 0.013891225458550824 -0.0926684890450088 -5.080843073914077 -0.012664701924538207 0.9998244208606352 0.013810603747027413 -0.8188866143807981 0.09284406460182494 -0.012576219859501449 0.9956012346126611 76.81343901901027
0.9954467309201752 0.016662083484416744 -0.09385190927357166 -5.199253197286812 -0.015824680518237447 0.999828118854224 0.009659825822382834 -0.8305454912538215 0.09399673072417014 -0.0081306655558684 0.9955393045434138 77.80633534455097
0.995318507341343 0.016527359809759872 -0.09522560223763356 -5.2955955282820595 -0.016365189299126778 0.9998629963160444 0.0024837828216014435 -0.8462354457037361 0.09525360635170221 -0.0009137700038141646 0.9954526184110284 78.80155993230905
0.9952197977292239 0.015489082832892754 -0.09642428387495965 -5.411076193947266 -0.015896774206652583 0.9998676472911303 -0.0034612816010416133 -0.8515034375889862 0.09635790978236168 0.0049775710436709315 0.9953343041455353 79.794855691037
0.9951946051516971 0.016174088264483914 -0.09657171814651827 -5.5220954825383295 -0.016695091775159304 0.9998500946446903 -0.004589351764900407 -0.8607510518379252 0.09648301294827462 0.006179571814913263 0.9953154480387635 80.78863091654678
0.9951141562885 0.018958139798178775 -0.09689378148064998 -5.641456173997865 -0.019159965065464444 0.9998157663500623 -0.001152864487710715 -0.8735695663654975 0.09685407421950537 0.0030037132402332294 0.9952940600716204 81.78139912275964
0.9950220693379902 0.01899630638257127 -0.09782751082473617 -5.763645428061646 -0.01896595251847386 0.9998193608590416 0.0012402808083751388 -0.9023241665126499 0.09783340010145523 0.0006212851487928089 0.9952026124510275 82.77348931987434
0.9949842600208992 0.016068330704003958 -0.09873262408672445 -5.866921812949047 -0.016347253777410826 0.9998643410032774 -0.002016651684800899 -0.9238687250074975 0.09868682589181108 0.0036205439463769255 0.9951119545342269 83.76790865799494
0.9951295093433319 0.00792602646160205 -0.09825699842062087 -5.968606538218705 -0.008694718603220686 0.99993483693648 -0.007397550217781824 -0.9385855855432474 0.09819196251481459 0.008215837470628285 0.9951335782256284 84.76261646947711
0.9952577454703214 0.004058909263208051 -0.09718819546079978 -6.0627176792212385 -0.005272319090710596 0.9999112913621041 -0.012231600793578603 -0.9559436084858143 0.09712992707059617 0.012686002607629704 0.9951908573761608 85.75802683290829
0.9955666194352267 0.006552794160127417 -0.09383052357847117 -6.17537372217664 -0.007780687499292678 0.9998887432459015 -0.012726430456664568 -0.967829152491644 0.09373669061980693 0.013400075329078137 0.9955068411682664 86.75158979008883
0.99588679842432 0.011492452862390791 -0.08987440264816247 -6.281822460809967 -0.012418506027974747 0.9998753371641215 -0.00975145317202317 -0.9902461199756692 0.08975113053433634 0.010827449290517667 0.9959053674469617 87.74565525345835
0.9963243277346057 0.010072363737751422 -0.08506692337754516 -6.366347983401043 -0.010671546858207174 0.9999213295503271 -0.006591873630317709 -1.0183465495040136 0.08499383537551308 0.007475439722144749 0.9963534341533221 88.74168025390311
0.9968195540114114 0.00637750499250432 -0.07943616412291347 -6.425329235938153 -0.006584799151354698 0.9999755636169284 -0.0023478903597387657 -1.040490726246615 0.07941924930788631 0.002863494207365913 0.9968371899363977 89.73969370411031
0.9974553027253716 0.002023821857109826 -0.07126586286665393 -6.47821962908837 -0.0019478983629137771 0.9999974589148464 0.001134837352619602 -1.0675046675539537 0.07126797848266649 -0.0009931308774916597 0.9974567103057917 90.73792857262107
0.9981238305218044 0.005739777930487975 -0.06095796825509924 -6.510146028887494 -0.005678737468692187 0.9999831860442936 0.0011745507500796316 -1.0962490236275286 0.06096368497099474 -0.0008261827954661741 0.9981396428039234 91.73700537983629
0.9988922153343162 0.010978034788074673 -0.0457583314457007 -6.561887553400364 -0.010961528214390417 0.999939733577107 0.0006116477323646547 -1.1081706198780654 0.04576228844483099 -0.00010938891720045987 0.9989523517117096 92.73559472981361
0.9994854827135666 0.016360907470119253 -0.027587869645614733 -6.591966144011158 -0.01634098676906835 0.9998660283258358 0.0009473918570770165 -1.1128768933055835 0.027599673843043408 -0.0004960913947237277 0.9996189333426433 93.7351311872403
0.9998744229654312 0.014820276269019227 -0.005612282143334151 -6.564210977155159 -0.014812611207383508 0.999889300302891 0.001404880426526905 -1.1249583318883296 0.005632481581447015 -0.0013215714524336766 0.9999832641600204 94.73467292689976
0.9997260952768725 0.011506737800947752 0.020379632176229186 -6.485537843498773 -0.011555501428553529 0.9999306412959559 0.002276616830314537 -1.139837259533076 -0.02035202223841271 -0.0025114901229378013 0.9997897216956014 95.73146235086682
0.9987010720750237 0.01061778982768646 0.04983403631429164 -6.38766920953687 -0.010812233580975161 0.9999349431959461 0.0036338658078828717 -1.1521538743494666 -0.049792210647745624 -0.004167962919022331 0.9987509017987991 96.7265854744719
0.9964774618919341 0.010329721860882735 0.08322238153097279 -6.281470223456212 -0.010790822070506646 0.9999288088779232 0.00509267464300427 -1.168886358474437 -0.08316385092365924 -0.0059727734138868395 0.9965179877339359 97.72078957739559
0.9926377604452958 0.010403020370003362 0.12067333469051754 -6.110264332264504 -0.011161727459384096 0.9999219517903708 0.005613035529615262 -1.1854750263281966 -0.12060552382984255 -0.006918633890847761 0.9926764025234068 98.70588518679763
0.9866631458810734 0.01056265307678518 0.1624323456705719 -5.900232289022004 -0.011608232590324775 0.9999175550930265 0.005489257956432369 -1.1979185109202692 -0.16236097282350054 -0.007301600972582296 0.9867044142634829 99.68350050062257
0.9784196930815214 0.010288034305254578 0.20637117177647774 -5.604754813039405 -0.011622930903909624 0.9999186320458561 0.00525706807506552 -1.2111011740706985 -0.20630029487973428 -0.007542256802631118 0.978459658184668 100.63875925069294
0.9667584882782356 0.012344858678144516 0.255393088798812 -5.291194235567426 -0.013660889320998935 0.9999009740620209 0.0033796705135215295 -1.2432971363228311 -0.2553260767037719 -0.006756221875959212 0.9668313958602202 101.58778147493479
0.9515691238289069 0.01325766392728301 0.3071488839678217 -4.885077660118174 -0.014039913088284341 0.9999013786824479 0.0003372675678181762 -1.2616249054631037 -0.30711412116013204 -0.004633277040076385 0.9516614152774657 102.50141894238925
0.9314819092722355 0.0136295088920316 0.3635322395413008 -4.462685517616273 -0.013943781302115576 0.9999012319687289 -0.001759906365689306 -1.2822355864793458 -0.3635203208371577 -0.003429693102779542 0.9315799555291377 103.40759777420632
0.9075498330409247 0.01404718200820759 0.41970939616003206 -3.9429209672694605 -0.013757470249931505 0.9998984518678491 -0.003717252291695077 -1.3002157446150775 -0.41971899237431726 -0.002400547834589484 0.9076509267391188 104.26171809877016
0.8784210655195945 0.014430090841170737 0.47766955537247374 -3.3899048101996287 -0.013148065454504875 0.9998953947202738 -0.0060272706917008185 -1.3105014651825524 -0.47770656267862244 -0.0009859490364826603 0.8785189058172127 105.09482513328571
0.84501814696346 0.013225294451070926 0.5345740574411778 -2.766890487811964 -0.010323227432700798 0.9999112681884583 -0.008419425462613619 -1.3245363181770793 -0.5346379730975094 0.001596037728327804 0.8450796946949775 105.87690964294835
0.8081407630194366 0.012482204808197653 0.5888571148500201 -2.098228951894203 -0.00904532975837077 0.9999205265332343 -0.00878194893294888 -1.374767848504105 -0.588919934418869 0.0017706441270898042 0.8081894429299668 106.61877791924564
0.7686619589901992 0.010823578420924147 0.6395636347944719 -1.3704764440570143 -0.008255030952356607 0.9999414181752941 -0.007001048604062914 -1.4243310719055777 -0.6396019443883243 0.00010182213375454032 0.7687062783449398 107.30282453971186
0.7256542796055384 0.010569717063990154 0.6879783045789709 -0.6245343558014392 -0.010049313555034863 0.9999381613762217 -0.0047628479519125095 -1.4528435883984614 -0.6879861029026966 -0.0034575287023595625 0.725715624544513 107.96822474443512
0.6808275086563408 0.009674049360620897 0.7323798988406016 0.18544296431995455 -0.008891688358127406 0.9999482530753899 -0.004942575200979566 -1.4589575241615027 -0.7323898151496526 -0.003147052659817966 0.680878296558654 108.55465408036093
0.634296851392382 0.008306833186582187 0.7730449539555394 1.0275085221205973 -0.0058352141761131675 0.999965229623792 -0.005957333208365105 -1.4872855131815836 -0.7730675614648629 -0.0007321651773328475 0.6343232688030005 109.09328485854283
0.5875056130705194 0.005621319015073019 0.8092005656097662 1.9010829472880277 -0.00018918193612618445 0.9999767989420296 -0.006809242824746353 -1.515325236430314 -0.809220068226702 0.0038473822505821825 0.5874930457707475 109.57916703658653
0.5409417947431829 0.007516425434134853 0.8410264431328651 2.7915990368558985 -0.0017474193128527292 0.9999679513316702 -0.007812991442895162 -1.541798282244092 -0.8410582151229301 0.002756747764082638 0.5409375926259853 110.03334790958026
0.49371171823495946 0.010157456434122109 0.8695663087748249 3.6968754970632425 -0.0054660603376492185 0.9999482772625419 -0.008577003209681956 -1.5705518355305632 -0.869608452961371 -0.000518534919391256 0.49374170338312373 110.45719665206809
0.44795803803590495 0.01239238469730365 0.8939686935013653 4.61906398234639 -0.005853384660943972 0.999923154521604 -0.010928080324294128 -1.5865874946996315 -0.8940354210248237 -0.0003374212163354338 0.4479961518806711 110.84360478773786
0.4057462634288898 0.009725441470595127 0.9139340159451871 5.571531910913663 0.0016664458975415098 0.9999338523190902 -0.01138041934085719 -1.6041931524271265 -0.9139842409317374 0.006140584215302174 0.4057032173324864 111.14773451961219
0.3664351661286952 0.0022684286113758573 0.9304408220063607 6.54348972772648 0.01721249467446522 0.9998093763776608 -0.00921634061834538 -1.6046962576331478 -0.9302843646172478 0.01939239899927155 0.3663262696145834 111.38288927152084
0.331194451977128 -0.0015325399204884284 0.943561278508695 7.514104935232875 0.021455604014834182 0.9997523502854367 -0.0059072121260912375 -1.617553249150184 -0.9433185527889969 0.022201113038226652 0.33114531333530267 111.6231824428252
0.2982109168572033 0.0027032147305556887 0.9544961716514679 8.482541496845728 0.01903349419011738 0.9997803118233125 -0.008778051571621101 -1.6312214623686332 -0.954310209086176 0.020785108145010417 0.29809395182274273 111.87206755028214
0.2666447993453464 0.010641628549384979 0.9637361188229373 9.442336362070094 0.00830223456625383 0.9998765811656671 -0.013337741100468578 -1.6629713226609624 -0.963759110921026 0.011557602617893705 0.2665235410586473 112.15096852324618
0.2383278420377617 0.015051770909082409 0.9710681149652303 10.417632397733767 0.003319807950166128 0.9998614253106458 -0.016312849258689272 -1.7078883442869213 -0.9711790867727731 0.00711156580952511 0.23824484684235964 112.36725563210909
0.21255002795254735 0.016809065073944973 0.9770055992412289 11.402224416058026 0.00452506910649466 0.9998243794282314 -0.018186094977549274 -1.7463223983596035 -0.9771397082131873 0.008286472849824554 0.21243663761403464 112.53784693070811
0.18921952958998908 0.01832985525319625 0.9817637119124648 12.393428316985595 0.012155910062091838 0.9997054119425969 -0.021007693429873756 -1.7636466392699022 -0.9818595640275168 0.015909297252804773 0.18894097170443636 112.66905176058489
0.1690981299775797 0.024636602591197255 0.985291256558613 13.387663939695193 0.018840571695586797 0.9994240690005697 -0.028223450542537436 -1.7673678746411439 -0.9854191267152619 0.02333598326848515 0.16853657344512568 112.77620440255716
0.14952787370536874 0.031192437337457003 0.9882653726798797 14.381115592627358 0.02110966528371533 0.9991737389210428 -0.03473069941928566 -1.7735622987612507 -0.988532142632075 0.02605515886522454 0.14874586273153062 112.89028960105134
0.13189753420589617 0.03185834561962825 0.9907512736730577 15.373143544426057 0.01840111116672393 0.9992324897275047 -0.03458078340351032 -1.8086728799965193 -0.9910925484424923 0.022792044387262463 0.1312100725341426 113.01131761230505
0.1162169795850545 0.0275593945180624 0.9928414241105809 16.366036802153253 0.016355106095989887 0.9994263330071167 -0.029656624833849753 -1.8532128395341374 -0.9930891823802713 0.019684630190699406 0.11569957291857068 113.12167684420935
0.10185536777880835 0.024161178239962094 0.9945057674647753 17.361472668170563 0.01688298996105719 0.9995190520578171 -0.026012097635836534 -1.900417068761004 -0.9946559448897987 0.019439702659717704 0.10139846771960313 113.20461783452602
