0.9997473085144694 -0.007112953419774096 0.021324282208846565 0.03173292428069539 0.0075795390124201115 0.9997318698797003 -0.02188010363771386 0.05165742357935811 -0.0211629323684977 0.022036202950735904 0.9995331590563068 0.9990648105034342
0.9969207361637406 -0.011469377023034686 0.07757254151727315 0.06815054630448547 0.013969789410753813 0.9993976464202837 -0.0317677401370769 0.015494176310809016 -0.07716145923040059 0.032753590952766386 0.9964804621713031 1.9972513975110253
0.991451880479049 -0.010959546957665593 0.13001175725695002 0.19140890699411667 0.0160200416050984 0.9991515372395046 -0.03794158535045546 -0.044621550856874054 -0.12948562453619436 0.03970004990447371 0.9907862428778741 2.987748142289369
0.9826656818297486 -0.009421194017960197 0.18514696556344368 0.3005370473763457 0.01716014223385407 0.9990426354181398 -0.04024105037510886 -0.09920353103873915 -0.18459059367310393 0.04272064746763679 0.981886581539516 3.980240825516971
0.9695938521929706 -0.013047280207959247 0.24437170513128254 0.5509958452568046 0.021542024199913988 0.9992518071261729 -0.03212113242786025 -0.14597878027669198 -0.24376977454755508 0.036408713713241905 0.9691494738082362 4.948024019009825
0.9600900629406537 -0.01393823616830468 0.2793435100644504 0.8347981774772784 0.026076211094536936 0.998868041419958 -0.0397827480801698 -0.18475766874560837 -0.2784728034432884 0.04547924144457191 0.9593667371449053 5.906159079979794
0.9436194457318945 -0.006735771143038051 0.33096370046236245 1.1807096598873839 0.020677871345216592 0.9990398924376156 -0.03862277766898858 -0.2429828436061462 -0.3303857855193872 0.043288828874734724 0.942852750975141 6.843695975997288
0.9289928755446436 -0.004181041523073055 0.37007398730399343 1.572062102914253 0.024552319191496995 0.9984296303689513 -0.05035331988695702 -0.3056984437634662 -0.36928230503181836 0.055864050095761134 0.9276366676114551 7.761747670776677
0.9116988055916099 -0.01448169613608189 0.410603906897942 1.9893776624380972 0.03856858411755473 0.9979821490310282 -0.05043901797792815 -0.36434237819860027 -0.4090449268747859 0.06182160376788071 0.9104176717889259 8.667674568002107
0.8903981831357052 -0.016959281229190794 0.4548664180271216 2.4230576110852837 0.044241995478890066 0.9977986500681149 -0.0494014145373771 -0.4213654124862807 -0.45302728538652165 0.06411112775826922 0.8891884175993758 9.565523465474497
0.8674755508105106 -0.008961674121731083 0.49739909242271113 2.9243724869024676 0.03767846762114066 0.9981494545346399 -0.04772839291159496 -0.4879743456098183 -0.4960509064841265 0.06014444952892019 0.8662079100118745 10.428865071144806
0.842785484975166 -0.00851815466485279 0.5381821878846229 3.462928776831879 0.03926320050209356 0.9981839139809842 -0.04568670436719684 -0.550047646573359 -0.5368156363235952 0.05963484644659436 0.8415893640533872 11.269166336727222
0.8168173634894538 -0.009655533324218635 0.5768155384335291 4.051059952841657 0.04350081527433304 0.9980441901129165 -0.044894026911392805 -0.6018846884907298 -0.5752539211275364 0.06176216688295035 0.8156398475855119 12.076443903219769
0.7869813532926163 -0.006220269425072328 0.6169454253157254 4.67041418628093 0.05168166241363627 0.9970994286195184 -0.055872490697951374 -0.6645907414706196 -0.6148083891261451 0.07585537354010746 0.7850201315668317 12.858790783157866
0.7545373529548455 -0.00801929661029192 0.6562081025694293 5.321985170107501 0.053695780128576454 0.9973270192190825 -0.04955380845064288 -0.7362314857484694 -0.6540566842348444 0.07262580545133795 0.752951091499485 13.613998214349515
0.7417814214221318 -0.02148138743012038 0.6702976001948973 6.014198154831199 0.0611324367614654 0.9974915657345338 -0.03568475114209358 -0.7905938316551442 -0.6678496447618788 0.0674472110805538 0.7412339210457708 14.333685676935922
0.7326024850177325 -0.031688225656652316 0.6799187122741774 6.687333924035891 0.07728563001444413 0.9963281550897213 -0.03683936439167022 -0.8152715842674472 -0.6762547821192202 0.07953655593653078 0.732361526795777 15.072516361953909
0.7000516073762526 -0.030533294719843937 0.7134391809562157 7.418214377127972 0.07940290065779332 0.9962181899146194 -0.03527743542786602 -0.8761034766423472 -0.7096639531334914 0.08134516578623342 0.6998285773145854 15.752305523462038
0.6839329413791769 -0.034165772903027115 0.7287444213566 8.120981797666584 0.089873847553198 0.995239842848352 -0.03768748775351768 -0.8958526936809095 -0.7239878612396843 0.09127077938270166 0.6837479225624473 16.46226278752588
0.6353690940355883 -0.017279323098161426 0.7720152455344809 8.874304985336904 0.07524628838257098 0.9963772971303304 -0.03962673148145822 -0.9550534902198569 -0.768533740592463 0.08326888228219456 0.6343675455242263 17.117402496997727
0.5584510900930245 -0.004776238467640893 0.8295236991912966 9.6838359077205 0.07867552607725976 0.9957807326240256 -0.04723234200444217 -1.006174857337972 -0.8257981239809037 0.09164016630745714 0.5564706087016297 17.701324451973612
0.520164975532614 -0.0036657675690033743 0.8540579373656597 10.548920097761421 0.08545754636680444 0.9951956679249772 -0.04777646190671024 -1.059060767759462 -0.8497796220186276 0.09783733792110204 0.517979197758357 18.200150356507002
0.48117519102004924 -0.0025243134847684145 0.8766208207590381 11.426725447545135 0.08858278558581832 0.9950172501653377 -0.045757643856146134 -1.1105103480860679 -0.8721373318719231 0.09967095722847046 0.47900122613672286 18.676396185526677
0.43358900378104176 -0.0013305390435295534 0.9011097632730528 12.331820033591178 0.09847271671015786 0.9940799669260105 -0.04591452297587336 -1.1611570792938302 -0.895714072605698 0.10864275871973544 0.4311531643324449 19.097916267485513
0.4007420693718339 -0.011255094587561321 0.9161217804863093 13.247019316282357 0.12294444008642907 0.9915413482403383 -0.04159830984025318 -1.2689124237890064 -0.9079044324638006 0.12930227212062556 0.3987360830637586 19.48772396485789
0.36590466017796724 -0.009546824070419853 0.9306033729845464 14.186495817229144 0.12726689520333156 0.9910667363731853 -0.039873066597724625 -1.2825622537363766 -0.9219093865697169 0.13302474282918503 0.36385093204481184 19.831857427064023
0.3475301507572699 -0.010586324579038601 0.9376090464828806 15.131865059936914 0.13518240211534185 0.9900557342149912 -0.03892764193140998 -1.3204837108333596 -0.9278731122696445 0.14027677241767894 0.3455053033560021 20.155375461405338
0.31571062661433086 -0.012172977538899609 0.9487774337855133 16.085361131671938 0.1408871783238674 0.9894352422950482 -0.034186317269885975 -1.3238675252517886 -0.9383376808093802 0.14446355915031292 0.3140902367965269 20.46160952819152
0.28300351607726454 -0.011852230128059485 0.9590456373546032 17.046935595956327 0.14223156834222744 0.9893864216025018 -0.029743734054521027 -1.3551780434773122 -0.9485142017148804 0.14482414643141284 0.2816855973520773 20.73436251895641
0.25070161779281613 -0.008606023061322226 0.9680261541937455 18.013780791269706 0.1401707492399965 0.9897453038737867 -0.027502627461444128 -1.3908883809579367 -0.9578626518940823 0.14258390451538686 0.2493370615844825 20.987216334546087
0.21987353370490906 -0.006941336051142697 0.9755036888858707 18.988400988899762 0.1408543979100813 0.989722023712218 -0.024705351007014972 -1.4206636577958347 -0.9653059969592573 0.14283603758441513 0.21859139644935388 21.20909370416797
0.18932795297491728 -0.0067097220164446065 0.98189098470899 19.968760720276784 0.1434058067893595 0.989443468195053 -0.020890137032523487 -1.4501380114284665 -0.9713854542875456 0.14476395572312453 0.18829151951687206 21.40409638124541
0.1587715438516644 -0.00683756697649551 0.9872916714633023 20.95631317499119 0.1453732235609571 0.9892388378383241 -0.01652717712670652 -1.4721821741455712 -0.976554260005278 0.14614981830342277 0.15805697667430346 21.559833994164222
0.12839488676879068 -0.007312936287888554 0.9916961601289374 21.947549085699794 0.14445145349565172 0.9894461509823247 -0.011405783149609508 -1.4936388896976192 -0.9811465388180423 0.1447163959926851 0.1280961907952973 21.6901834034218
0.09893748897723231 -0.007606444398772095 0.9950645784462878 22.9423152270833 0.14519078499702617 0.9893798041454028 -0.006873070722121046 -1.5109589477988448 -0.9844445181049201 0.1451542116261611 0.09899113910022535 21.7908826310262
0.07182825638169738 -0.007242217414876166 0.9973907217695986 23.940651073239923 0.14806165783620862 0.9889720031064955 -0.0034817452978449354 -1.5170741124127907 -0.9863662844318837 0.14792541146956886 0.07210842931031033 21.848224832209663
0.04676742399658074 -0.006491094697314055 0.9988847149407957 24.940342939412375 0.15200375097003593 0.9883796730759736 -0.0006939317475599904 -1.5126614794421902 -0.9872728436170845 0.1518666768578989 0.047210641982238684 21.87265230401723
0.024084479002601543 -0.006141550792611076 0.99969106189114 25.940293672888195 0.15619600769666278 0.9877233895739267 0.002304965990291879 -1.5184437139701004 -0.9874324002435803 0.15609223889243865 0.024748088951443106 21.88071890836439
0.003743820154135597 -0.006050174924919488 0.9999746892766993 26.940162205763716 0.16149122727740936 0.9868595580185755 0.005366214663718468 -1.5072128673247438 -0.9868670464267668 0.1614670496750309 0.004671674876478856 21.869024227458777
-0.013805942224419408 -0.006891582910060746 0.9998809439349715 27.939764778806143 0.16563121685247545 0.9861459238243987 0.009083882897232876 -1.5102443571361983 -0.9860911195032966 0.16573690901400379 -0.012473212385733966 21.840997346853158
-0.029148060157345477 -0.006780108417606436 0.9995521100567539 28.93876146064064 0.16849635296742022 0.9856340277243567 0.011599242584744021 -1.5008737938088599 -0.9852712162779054 0.16875898056609231 -0.02758689639214659 21.797204399628857
-0.043630525176530634 -0.007196345852952962 0.9990218165181302 29.937888622102722 0.17050464058481976 0.9852495371082782 0.014543629772654424 -1.4854789187308473 -0.9843904432753612 0.17097240196677158 -0.041759944370786804 21.758372643198598
-0.056775041683419104 -0.008217300717954103 0.9983531792961629 30.93584926892739 0.17057009379521307 0.9851845929813657 0.017809010495590125 -1.4750234571024985 -0.983708512591275 0.17130030274652333 -0.05453227057817515 21.69540280737342
-0.06890074067904414 -0.007939799746203713 0.9975919243427489 31.932990056969878 0.17030807133018286 0.9851958440743206 0.01960381744659377 -1.4612453540184422 -0.9829790683293683 0.17124867415158643 -0.06652851138911368 21.62110332758105
-0.0803283782432726 -0.005028104215941397 0.9967557724020458 32.9303875932625 0.17034774980220893 0.985206589332341 0.018698140909165457 -1.4488069634203575 -0.9821043711266793 0.17129709426644874 -0.07828352131669697 21.550086121026872
-0.09065554557515713 -0.0014317784838342174 0.995881279102506 33.92674348493706 0.17069424641560757 0.9851781615791465 0.016954768890782342 -1.4357949686422236 -0.981144763170593 0.17152824827970825 -0.08906746737735644 21.46579125335722
-0.10027171303663387 0.0010328601302399014 0.9949595553411454 34.923107382871486 0.17180219720737253 0.984996744688476 0.016291653931478963 -1.4285189525470974 -0.9800150961079215 0.1725698297879886 -0.09894475856520527 21.380902826631793
-0.10807432782153603 0.0019964382321523222 0.9941408119076028 35.918446707604076 0.17152836412542086 0.9850381554553933 0.0166689111069739 -1.41996265548417 -0.9792333531729711 0.172324828540232 -0.10679978231344665 21.284848560155318
-0.11374647351009266 0.0028326219290024015 0.9935057705001137 36.91127942417537 0.17113003627158815 0.9851054805605217 0.01678400593741636 -1.4009579462675201 -0.9786604367448922 0.1719278000284702 -0.11253702114267915 21.16685696511789
-0.11891431742330319 0.004423258874798074 0.9928946670683028 37.90484416050845 0.17225574817643458 0.9849183404180405 0.016242534542011338 -1.3893555463565346 -0.9778483227637745 0.17296328364453017 -0.11788282393536105 21.054187065284466
-0.12346673434183911 0.006182361680004822 0.9923294533142806 38.89785800611037 0.17127336673325635 0.9851067070318339 0.015172659910205914 -1.3729726176309225 -0.9774565971739193 0.1718329251481011 -0.12268678199476127 20.937332026893767
