1.0 0.0 0.0 0.0 0.0 1.0 0.0 0.0 0.0 0.0 1.0 0.0
0.9999998702128114 -0.0004977818651506781 -0.00010857059952197986 -0.011033475272706084 0.0004979515488804772 0.9999986459228934 0.0015685013976551516 -0.016428173596753734 0.00010778968095779754 -0.00156855525698196 0.9999987640071314 1.228152663130824
0.9999986259051247 -0.001541587255576811 -0.0006096692515474492 -0.012035659874048327 0.0015425546624041105 0.9999975470058832 0.0015894990814293497 -0.034298967377815376 0.0006072174045056759 -0.0015904373454533214 0.999998550896987 2.433273901211524
0.9999954556677763 -0.0029143508779710145 -0.0007714938476238488 -0.015003359153105305 0.0029148203421921577 0.9999955670147234 0.0006080898572383248 -0.05511617449663356 0.0007697182403936 -0.0006103358598369285 0.999999517511868 3.6958636978503048
0.9999947747681627 -0.00315502616546643 -0.0007044474907186729 -0.017722160472180296 0.0031554387394045463 0.9999948502849187 0.0005853289711517708 -0.0720461199913758 0.0007025971347953625 -0.0005875487535742945 0.9999995805717764 4.953520490854643
0.999992912210626 -0.003649580380403053 -0.0009252521594742594 -0.01737094332700365 0.0036507785318283695 0.9999924953186897 0.0012965810470374735 -0.08654213721766871 0.000920513239000769 -0.0012999497478644443 0.9999987313922105 6.167635030321618
0.9999868283572433 -0.005078638643270487 -0.0007419848734714246 -0.02649695515097212 0.0050805151017231836 0.9999838444293905 0.002549361982429741 -0.10733451967280597 0.0007290255980026927 -0.00255309806849937 0.9999964750997529 7.41764361913053
0.999989237759194 -0.004540667377031961 -0.0009522108786163403 -0.03192215613814685 0.004543578137072959 0.9999849429757732 0.0030772909273571575 -0.12777862507944657 0.0009382235866304691 -0.0030815842533411493 0.999994811774037 8.683931686930038
0.9999930617920557 -0.003596673037603551 -0.0009696962464144225 -0.0487496396547988 0.003597846235337281 0.9999927946542787 0.0012108435042939947 -0.14565335490312828 0.00096533425123294 -0.0012143239211995737 0.9999987967728754 9.966322981713793
0.9999996095612312 -0.000669463351004262 -0.0005767982372398064 -0.07164554778486114 0.0006688093980153184 0.9999991342621873 -0.0011332117473518428 -0.1623597777225442 0.0005775563816174317 0.0011328255368202064 0.9999991915671381 11.249350632471472
0.9999958980540158 0.0028414785639169628 -0.00036038134392906893 -0.08381685702304047 -0.0028422410933511963 0.9999936852549591 -0.0021333344258337612 -0.18072377592082703 0.00035431724417199457 0.002134349965676163 0.9999976595020187 12.472477956629323
0.9999864947779423 0.00519499797357433 -0.000149190410300603 -0.09929183564497174 -0.005195306454669441 0.9999841980775318 -0.002147646636980671 -0.20720809263628767 0.00013803103287814082 0.0021483927224375384 0.9999976826753876 13.764624453260087
0.9999802942387743 0.006275920904537653 0.00015476089215401298 -0.10885032952088486 -0.006275727136812665 0.9999795604505824 -0.0012222642774050237 -0.23169320615936728 -0.00016242856284066318 0.0012212689546264076 0.9999992410592637 15.039523652205446
0.9999928773354584 0.0037524242810365867 0.00040569738150536403 -0.1104067357560023 -0.0037530808206747116 0.9999916289779357 0.001629833858947043 -0.25466442671614997 -0.0003995781572574252 -0.001631344865248735 0.9999985895246192 16.310939453360422
0.9999996492169725 -0.00037281846003267474 0.0007500482165644106 -0.11898889217077144 0.00037016495738712235 0.9999936840288637 0.0035348097947900496 -0.2760207482720533 -0.0007513613216258684 -0.003534530913272652 0.9999934712523819 17.540306474180674
0.9999960613526815 -0.002769343413571273 0.00045608790953411197 -0.12684580943156204 0.002768749793588789 0.9999953257984032 0.0012970759137458962 -0.29553405735980925 -0.0004596778263261041 -0.001295808011715944 0.9999990547885 18.815915081415817
0.9999926200660679 -0.0037916495981786574 0.0006190369332608924 -0.13489872598718447 0.0037921116930207245 0.9999925309012909 -0.0007470144164257626 -0.31346024296598246 -0.0006161998927012316 0.0007493563607017587 0.9999995293812581 20.101336689494687
0.9999981788989619 -0.001564278049754945 0.0010932670954860919 -0.14231740164599507 0.0015667701308967026 0.9999961680392419 -0.002282353651233507 -0.33899497606869083 -0.0010896926704112954 0.0022840623930671967 0.9999967978093077 21.425146805904433
0.9999973497915179 0.0013006697088876725 0.0018996495066765907 -0.15031324410437114 -0.0013000419744181452 0.9999990999508376 -0.00033164496024034066 -0.3575202452796282 -0.0019000791574527815 0.000329174457216697 0.999998140669958 22.712731007554186
0.999995702290905 0.0019150547246694742 0.0022199020520181573 -0.14963239541092505 -0.0019220371181606576 0.9999931994643916 0.003147506677731179 -0.37524655433631887 -0.0022138593079613533 -0.003151759884805759 0.999992582590788 23.981785836941434
0.999996450464652 -0.00047819299950761893 0.002621142794858732 -0.14762461949369668 0.0004647804813335181 0.9999868088954377 0.005115272644170816 -0.3891864107141342 -0.002623554306659296 -0.005114036231319918 0.9999834816616852 25.229784216791863
0.9999879904835396 -0.004275229837213629 0.002396100692854395 -0.1504279278402287 0.004267601027594123 0.9999858376049188 0.003179964002770536 -0.4057668659587113 -0.002409661835315867 -0.00316970021116146 0.9999920732337891 26.602050929698695
0.9999851191122554 -0.004895896856714521 0.00240660508097234 -0.15498723807793727 0.004893355327761938 0.9999874647884875 0.001060820215775412 -0.42624507149672397 -0.0024117685800288187 -0.0010490280560340702 0.9999965414502467 27.87617713723164
0.9999814010307416 -0.005182841449254594 0.003214925676622277 -0.16701178618041337 0.005187704231510293 0.9999854096265532 -0.0015060739760263456 -0.4438717109451146 -0.003207073027027701 0.0015227240481393695 0.9999936979771791 29.189881652721887
0.9999911980980568 -0.0016584715533647632 0.003853984758520855 -0.17158381194589709 0.001667640518309651 0.9999957841942471 -0.0023770925170921954 -0.4639361352090664 -0.0038500261705506768 0.0023834986552972006 0.9999897480637727 30.480714680793756
0.9999902983358425 -0.0007259299570998536 0.004344681793804822 -0.18116753199383775 0.0007452036901389606 0.9999898823793123 -0.004436193240797885 -0.4935390460706954 -0.004341417470393726 0.0044393878752461355 0.9999807217789962 31.851597269497255
0.9999889579253831 0.00042503233932302226 0.004680104145889 -0.1903376079396622 -0.00040664710898700713 0.9999922002152164 -0.003928631677796784 -0.5173188547155053 -0.0046817374375965354 0.003926685146731962 0.9999813310648981 33.17012609136033
0.9999899906177816 0.00029234304616278445 0.00446466121804427 -0.1928873157037295 -0.000280413168278583 0.9999963896560843 -0.0026724601498551593 -0.541665731514244 -0.004465426374223038 0.0026711814503826044 0.9999864622868437 34.44493609252922
0.9999907857368069 0.0014530458219793908 0.004039442947015986 -0.19345959653532557 -0.0014486502033231278 0.9999983556872223 -0.0010908874556407062 -0.5662784511399913 -0.004041021414368258 0.0010850256640700634 0.9999912463943064 35.78863423182243
0.999981297009695 0.004470866577537331 0.004173365890202543 -0.20088832019118186 -0.004466950370131825 0.9999895744995285 -0.0009472310402054841 -0.5847306048165674 -0.004177557324373609 0.0009285711058445846 0.9999908428433254 37.14026390485312
0.9999655587579044 0.006899241526541523 0.004613216269610465 -0.2140342441440179 -0.0068929021924407086 0.9999752794581447 -0.0013886583352308245 -0.6051527253224774 -0.00462268291765743 0.0013568120595739267 0.9999883948645001 38.51878326427633
0.9999491442630646 0.009003615618451172 0.004543544140822332 -0.22203417647800577 -0.00900025909511598 0.9999592090591739 -0.0007586527356866742 -0.6302850521256577 -0.004550189423002379 0.0007177210793652423 0.9999893902700511 39.81278496272967
0.9999455787815549 0.0095868121379762 0.004114912909426182 -0.22356076120194135 -0.009584942869635843 0.9999539511563498 -0.00047374781428173433 -0.6583173523123527 -0.004119265153741527 0.00043428082719804796 0.9999914214905835 41.05987734821806
0.9999530783233401 0.008936937569144699 0.003737953793324238 -0.22818193053784608 -0.008933886188885472 0.9999597457283145 -0.0008322262492713372 -0.6738262436826421 -0.0037452408787500544 0.0007987927460514382 0.9999926675235726 42.34628645682165
0.9999600842150579 0.00827932817554817 0.0033589732919327695 -0.23772487426635244 -0.008274955059195482 0.9999648989919016 -0.0013137362313933533 -0.6949016426014563 -0.0033697322419801103 0.001285888439544661 0.9999934956766169 43.615759896125866
0.9999667009144284 0.007694437818596699 0.002718949975626237 -0.24524186303585854 -0.007691768197184038 0.9999699269037676 -0.0009909541239191196 -0.7213368978483293 -0.0027264930432698 0.0009700075931006585 0.999995812651711 44.93233912834179
0.9999668855007405 0.007963751108507137 0.0016752821346700895 -0.2490915957817049 -0.007964099713850934 0.9999682657493097 0.00020151939596009375 -0.7445189036828183 -0.0016736241205341411 -0.0002148548367155857 0.9999985764088386 46.232656717616514
0.9999647615952222 0.008383458220424616 0.00043954075684152487 -0.25374624797475026 -0.008383376263276976 0.9999648412162356 -0.00018797291884578964 -0.7665989659219546 -0.00044110116623506223 0.00018428145943228855 0.9999998857350467 47.580748699875954
0.9999611845565676 0.008771550738591956 -0.0008302275993218869 -0.2589009311296437 -0.008771453810423371 0.9999615228205428 0.00012031821870408849 -0.7861229615597863 0.0008312510318654511 -0.00011303124545953303 0.9999996481227686 48.90743375688941
0.9999602134253307 0.008679628564483514 -0.002058060822672833 -0.2665249774167473 -0.008677276933654035 0.9999616917897106 0.0011488333550314395 -0.8079824902716132 0.002067953428849962 -0.0011309292831827922 0.9999972222799292 50.08748341483807
0.999969688444471 0.007295705424093049 -0.00271935187734807 -0.2736438733376383 -0.007290280517873838 0.9999714264395758 0.0019995285374495055 -0.8278120193419894 0.0027338621469789755 -0.0019796430906165573 0.9999943034892732 51.35050273936134
0.9999765308854717 0.005949507457137955 -0.003397210513813716 -0.2825249322785331 -0.005942021836792575 0.9999799054412107 0.0022093189628566135 -0.8504718276916708 0.003410286608011837 -0.0021890808130395688 0.9999917889015123 52.69441937330654
0.9999859336920219 0.003659019431408729 -0.003839790996425423 -0.28930986898763505 -0.003653088614756759 0.99999212549915 0.0015504461506812648 -0.8724936640652879 0.003845433872580466 -0.0015363972448561138 0.999991426024163 54.0268572836947
0.9999882133638759 0.0028832987169542298 -0.003906369392784764 -0.2963079192538867 -0.0028763199706126645 0.9999942596311562 0.001790946164279677 -0.8943062173584947 0.00391151080156101 -0.0017796890867518625 0.9999907663523724 55.405668849450414
0.9999918873644169 0.0017940341971001898 -0.0036064728824339153 -0.2984417297381697 -0.001785102964611362 0.999995336102195 0.002478140686984194 -0.9176669629195401 0.0036109019313504092 -0.002471682657297643 0.999990426040212 56.76772619193462
0.9999944344317238 0.00023137476639320943 -0.0033282985586100384 -0.30965373331585894 -0.0002210643570019009 0.9999951772589731 0.003097836236111563 -0.9315819411950823 0.0033289992682232795 -0.003097083226711709 0.9999896628662518 58.104804759300464
0.9999950199472074 -0.0015449262937319878 -0.002751959943756802 -0.32253106068188553 0.0015520747022087522 0.9999954224572736 0.0025973310567654964 -0.9495204092644955 0.0027479346614992235 -0.0026015893693299365 0.9999928402682945 59.46416128781577
0.9999917292706267 -0.0034037637915064764 -0.0022261586632928983 -0.33736615043248164 0.0034076683314777203 0.9999926582411302 0.0017525011788195352 -0.9708841781567753 0.002220177219315494 -0.001760072694734347 0.9999959864705584 60.838869707253465
0.9999954728372835 -0.0024818772217338634 -0.0017013495805256727 -0.34047111444647665 0.0024842229963682036 0.9999959648004411 0.001378048961426387 -0.9983235306267281 0.0016979225669125674 -0.001382269254527318 0.9999976031924606 62.17589931969533
0.999999324806635 -0.0008451474322978476 -0.0007975663564900024 -0.35588299321996114 0.0008460980513997046 0.9999989312498323 0.0011923159318004805 -1.0254064093899924 0.0007965578213423465 -0.00119298994609677 0.9999989711347841 63.57465133854304
0.9999977267159575 0.0021250829278369517 -0.00017488701544502325 -0.3776037773385323 -0.002124642808742708 0.9999946691403203 0.0024794321683592148 -1.044152891870302 0.0001801550821183534 -0.0024790549594659265 0.9999969109105563 64.8932117119648
0.9999835063427849 0.005732497032692163 0.00035428824537531487 -0.37275321824777446 -0.005733835066208582 0.9999759613535151 0.003898698571011312 -1.0731105490544959 -0.0003319304507759813 -0.00390066569757838 0.9999923372852876 66.16277391704496
0.999952632327401 0.009664257223501345 0.0011555231805837592 -0.3872008611261971 -0.009669098150051259 0.9999441794306053 0.0042598783807486175 -1.0878432613740399 -0.0011142901182097157 -0.004270849467271898 0.9999902590537376 67.47101165769811
0.9999009515564808 0.013965988892381067 0.0017430521229480364 -0.39548001460341037 -0.01397258480112204 0.99989503922093 0.003831111503326412 -1.1060443571010643 -0.0016893639101385526 -0.003855086981295733 0.9999911421377425 68.85266836920619
0.999855561465813 0.016772326836423868 0.002746863370688303 -0.42871356235996055 -0.016780985291364604 0.9998541958124382 0.003160007739587813 -1.1187954693156457 -0.002693462183892445 -0.0032056463865228254 0.9999912345079378 70.2218406475497
0.9998194014469287 0.018734920716278036 0.0031886103652583875 -0.42299606003889434 -0.018744611705724536 0.9998196918363024 0.0030369966024896013 -1.140551294273697 -0.0031311375422156743 -0.0030962173884751458 0.9999903046607882 71.4544028675358
0.9998105429729875 0.019123950665923387 0.0036266611350862215 -0.4289011574273224 -0.019136737542564623 0.9998106636848413 0.0035244940494871518 -1.170048680284396 -0.003558572226106114 -0.0035932287716207703 0.9999872125535942 72.81178401481472
0.9998286127616156 0.018127499743160424 0.0037601670503588235 -0.4325634992134419 -0.01813905626978267 0.9998307838103148 0.0030624145529054604 -1.1853301265923424 -0.003704016850197005 -0.0031300955758426824 0.9999882413112968 74.15454831791588
0.9998529557642405 0.01680779754742068 0.003400704503227437 -0.42442323951001676 -0.01681492093722598 0.9998564618596169 0.002077043919563094 -1.2028651108174724 -0.003365305838730166 -0.0021339210795799438 0.9999920605172018 75.54468474126753
0.9998652239593455 0.01615773153889344 0.002908887802271702 -0.42006812636772106 -0.0161640576322134 0.9998670101788432 0.002164531562257527 -1.2276584609058603 -0.0028735270299129322 -0.0022112592653452967 0.9999934265658303 76.86094279351066
0.9998675941348213 0.01602279020871035 0.0028397874873618716 -0.43350946543204677 -0.016029429302963517 0.9998688038967883 0.002330748855485662 -1.2475080288736276 -0.0028020698183691783 -0.0023759604234310835 0.9999932515856297 78.21273396225594
0.9998704293395858 0.015902107103507115 0.0024995043393875012 -0.44465326235499664 -0.015906579954885487 0.9998718980960253 0.0017799190966865208 -1.2669710769578097 -0.002470879684011792 -0.001819447037015763 0.9999952921719522 79.5193933886867
0.9998719425989981 0.01584763279809129 0.002225070336911473 -0.4736078444250111 -0.015852204387696144 0.9998722398809441 0.0020522016262271943 -1.2851924230759562 -0.0021922635238604653 -0.0020872110963783526 0.9999954187547474 80.87484524498684
0.9998837710333996 0.0151825058242066 0.0013913809426146 -0.48768570330951116 -0.015186581089245437 0.9998802759589832 0.0029667327158751774 -1.3086805216579696 -0.0013461719241281516 -0.0029875182151084994 0.9999946312636216 82.24230294092273
0.9999135073470636 0.013140368556655652 0.0005554629512899456 -0.5010875284394788 -0.013142486400068166 0.9999056388049151 0.00399856691311796 -1.3343660013463152 -0.0005028678942054816 -0.004005521230740815 0.9999918514285767 83.59172227180453
0.9999376916662622 0.011129469266879556 -0.0008646958922369931 -0.4966973014677594 -0.011125506615946803 0.9999281640819789 0.0044597957555934905 -1.3552712242761027 0.0009142689358119454 -0.004449897693281307 0.9999896812081782 84.8963746497195
0.9999528073877468 0.009562186208306865 -0.0017168553471037576 -0.4957585219570779 -0.009554184383329873 0.9999437312638004 0.004609974728546375 -1.383542090026516 0.0017608401785928361 -0.004593354019250768 0.9999879001971578 86.13084208838521
0.9999625441419469 0.008328992682957297 -0.0023533367914741546 -0.4960359560165982 -0.008319221792977668 0.9999568590620435 0.004131653849475977 -1.4040235037749202 0.0023876477809981664 -0.004111921164113977 0.9999886955573125 87.27932023769961
0.9999695879874134 0.00736918682556118 -0.002553073797305502 -0.5051914544195453 -0.0073598927801486105 0.999966324053725 0.003630803870435295 -1.4217070522111945 0.0025797438921773747 -0.00361190310097426 0.9999901494902045 88.5738826334903
0.9999631803693529 0.008109529959783143 -0.002805963193292036 -0.5070143648311023 -0.008101206607676863 0.9999627887215176 0.0029650672480412174 -1.442051549287169 0.0028299040814946763 -0.0029422263877978442 0.9999916674386712 89.76662214389503
0.9999644583889064 0.007900495656806807 -0.0029434889773641516 -0.5092584747428187 -0.00789300575011986 0.9999656046236052 0.002547553723990396 -1.4663860287028578 0.0029635146720843877 -0.0025242302044028815 0.9999924228926262 91.02635414625448
0.999954553037606 0.00916554595952357 -0.0026238572040971535 -0.5230472110015905 -0.009161256032616645 0.9999566861049094 0.0016423464899000789 -1.4857893588906916 0.0026387965568558246 -0.0016182340226010732 0.999995209024214 92.26910760669095
0.9999417288183178 0.01049173388030882 -0.002542142407623643 -0.527761914606041 -0.010486458745304707 0.9999428531036434 0.002079593693222615 -1.5114008114433766 0.002563815675683098 -0.0020528144413583735 0.9999946063864806 93.54236090289747
0.9999353458210519 0.011101037138287587 -0.0024639708175408013 -0.5357029080467601 -0.011092453286119151 0.9999324542913381 0.003470494920992483 -1.5329322014840947 0.0025023304798916955 -0.003442939057800808 0.9999909422153861 94.93363014933747
0.9999200180242707 0.01242417377662769 -0.002365895245499653 -0.5472550247947643 -0.012412965882417932 0.9999119363068193 0.004694455149397377 -1.5531595760864543 0.002424011622589014 -0.004664711900635707 0.9999861822198043 96.26332308123511
0.9999292820892308 0.011616667255257937 -0.0025463429459525936 -0.5511656046774701 -0.01160839822375123 0.9999273760017823 0.0032384892881376524 -1.5708455552244374 0.0025837784728167013 -0.003208701306010203 0.9999915141263621 97.49705081836743
0.9999278958751722 0.011806196569743877 -0.002194714835636813 -0.56910801149321 -0.011804444805460675 0.999929997509327 0.0008094219125189981 -1.5932700627083434 0.002204117394338726 -0.0007834561597192921 0.9999972640277373 98.87131871266304
0.999935698531004 0.011094855585972048 -0.0023458437377337966 -0.5808999764977033 -0.011095538883449649 0.9999384038396468 -0.0002784663451283226 -1.6176300399595513 0.0023426096988816546 0.00030447683973987695 0.9999972097329347 100.12364517984686
0.9999584969204924 0.008769111455180877 -0.0024712589500428274 -0.582751860059788 -0.008766947349049786 0.9999611777859156 0.0008851865247252661 -1.6385301506091818 0.0024789253095923694 -0.0008634843896575702 0.9999965546560751 101.37658861855492
0.9999780301048803 0.006343794719031019 -0.0019223881314432592 -0.5888021365027399 -0.006338027239067823 0.9999754397178141 0.0029915500800214603 -1.6646503586563166 0.0019413186966472276 -0.0029793002076387133 0.9999936775060095 102.68075975820422
0.9999882407328071 0.00474791106629862 -0.0009877938114491592 -0.5966912907489587 -0.004744384879577942 0.9999824723989946 0.0035419919408089316 -1.6840469568605305 0.001004593560525464 -0.0035372638155560447 0.999993239255386 103.92304639906999
0.9999914999577076 0.00412309349003653 1.0602289857718761e-05 -0.6049041977579742 -0.004123106714331377 0.9999892379912325 0.0021269444601694446 -1.708010396854436 -1.8325848988119096e-06 -0.0021269700954240165 0.9999977379948702 105.22224859290111
0.9999811155791505 0.006114430323852249 0.0006182450116694727 -0.6116378588764074 -0.006114259742500796 0.9999812692556481 -0.00027742686333733033 -1.7280401931308706 -0.0006199297387065025 0.000273641513705891 0.9999997704036954 106.56362031867553
0.9999647109032632 0.008190326841936246 0.0018696241273185885 -0.6217072997839764 -0.008185913669774385 0.9999637193063394 -0.002356032347743648 -1.7526975383931818 -0.0018888529710370343 0.0023406446237890953 0.9999954767983711 107.81265728043277
0.9999324120038687 0.011204582868846458 0.0031030222143361096 -0.6275011504940249 -0.011197402463154916 0.9999346115968476 -0.00232178998616849 -1.7749973369916807 -0.0031288340009731257 0.0022868872724499025 0.9999924902440018 109.06331949956268
0.9999148591778363 0.012359921553712527 0.004184104988644831 -0.623558195594381 -0.012358201121041369 0.9999235391172312 -0.0004367886482352153 -1.7952012159642947 -0.0041891837417120555 0.00038504344872943453 0.9999911512014111 110.2849477175736
0.9999066317578 0.012538674402074046 0.005432256530412151 -0.6301679501486275 -0.012548257965651176 0.999919764502892 0.0017337181168140525 -1.8172277981350704 -0.005410082143637817 -0.0018017215988801554 0.9999837422730841 111.5850093334101
0.9999107667383137 0.011864175996785045 0.006140023511099303 -0.6268533477816801 -0.011878576137009895 0.9999267693646862 0.002314160076424013 -1.8400962745330753 -0.006112118270845839 -0.0023868883131318718 0.9999784721554892 112.8648214731474
0.9998955605894821 0.012580800542452312 0.0071127611486794815 -0.6208631536631277 -0.012593122602572423 0.9999192748808146 0.0016902617971918461 -1.862237718140406 -0.0070909221236535366 -0.001779657140434169 0.9999732754648504 114.12483484301977
0.9998579072105415 0.01468936345731721 0.008269703125094735 -0.6168476834676762 -0.014698830662474079 0.9998913774699588 0.001085190483133726 -1.882841007692391 -0.008252864091591948 -0.001206591251255503 0.9999652165809774 115.43380548129525
0.9998114169654242 0.01695224032374096 0.009473756044929829 -0.6151653924463751 -0.016960366687302688 0.9998558598815899 0.0007780888632710056 -1.90930816850181 -0.00945920014720885 -0.0009386205053399752 0.9999548202414571 116.77523859308586
0.999788319625685 0.017688811199023165 0.01050818245065642 -0.6083262751041337 -0.017684910381195004 0.999843502065038 -0.000464029233952969 -1.9253372610265682 -0.010514746067313414 0.00027809474316202985 0.9999446798590693 118.02638262651404
0.999753069582854 0.019068941112759925 0.011409441024917085 -0.5978043718195167 -0.01905566166432096 0.999817615902859 -0.0012714908015904534 -1.9479703572893459 -0.011431606107538305 0.001053762383886694 0.9999341018120361 119.20478891391085
0.9997521520737932 0.018349795351000998 0.012606325174194499 -0.5942787787244932 -0.018331138183758172 0.9998307000131444 -0.0015939523562450326 -1.9697464621760483 -0.012633439623045048 0.0013624690097016024 0.9999192666818115 120.43267155071221
0.9997483958500908 0.017934427667024393 0.013472241811532016 -0.5863759283339289 -0.01792771965230682 0.9998390942006579 -0.0006185273451618826 -1.9901064557711565 -0.013481166983626789 0.0003768451468298729 0.9999090539266549 121.66674702243118
0.9997576491860343 0.016689854827522107 0.014355892164995632 -0.5750479348380717 -0.016694173599397642 0.9998606261828464 0.00018104441440145488 -2.0096119223758557 -0.014350869724512752 -0.0004206602941168408 0.9998969324800783 122.89904238590127
0.9997662920335494 0.015804834147787154 0.014750204440983192 -0.569769672094764 -0.015813820522840295 0.9998748322837284 0.0004927941332790199 -2.029368653516596 -0.014740569662033815 -0.0007259360490690433 0.9998910883805768 124.13796346299326
0.9998026946142922 0.013489201684869653 0.014581264688203376 -0.5489953737447277 -0.01350297722036605 0.9999084721636274 0.0008467004115387607 -2.0558598777263577 -0.014568508783977504 -0.0010434238379163044 0.9998933292199268 125.38456210304379
0.9998273714555198 0.011802438863302362 0.014350251747830339 -0.5414311215625114 -0.011824967245586583 0.9999289783709329 0.0014860564267295115 -2.0719185129656665 -0.014331693479450347 -0.0016554911478554586 0.9998959255397902 126.56616983258387
0.999851053838384 0.010199343772058115 0.013922770015140877 -0.5352550036612761 -0.010214870650823724 0.999947281270807 0.0010445557469630114 -2.0908961533471304 -0.01391138224124706 -0.0011866194591996057 0.9999025279387987 127.81808866148621
0.9998797083384563 0.008828286765252269 0.012752654852864767 -0.5246672283389142 -0.008839738245396129 0.999960574356434 0.000841879150170345 -2.1078458923756416 -0.012744719720681212 -0.0009545080099616141 0.9999183271816271 129.07402297304182
0.9999049490817319 0.007446902248741713 0.011603294737232863 -0.5128708833141338 -0.007468898411051199 0.9999703896030644 0.0018535030674983516 -2.132091864359097 -0.011589148302909144 -0.001939990719955543 0.9999309616556649 130.33737143148662
0.9999268323230466 0.005794840506331058 0.01061837199886423 -0.5094132619366292 -0.005817589118668889 0.9999808457920836 0.002112748398606064 -2.1548836978252623 -0.01060592557235991 -0.0021743671391121874 0.9999413915176734 131.62953220348675
0.9999423990978547 0.005289558494484177 0.009339114377841353 -0.5041028487450795 -0.005310194625228658 0.9999835109735938 0.0021862328254157477 -2.1736744129377374 -0.009327396178525776 -0.002235699411406187 0.9999539996063187 132.864682452688
0.9999573301607518 0.0048797043099068505 0.007843872999436943 -0.48804152280686236 -0.004892941001539803 0.9999866363332063 0.0016692163896998636 -2.1962693687486614 -0.007835622894121432 -0.0017075247723145242 0.9999678431694772 134.12859774678205
0.999963841562 0.004804923075869308 0.007016286967082402 -0.48881098485429575 -0.004814232263853704 0.999987552786938 0.001310510931202459 -2.216579154173192 -0.0070099027296497175 -0.001344241580263451 0.9999745268147073 135.3642996111897
0.9999792942408543 0.0023547899709776615 0.005988827410916314 -0.48353154566252027 -0.002348692514572433 0.9999967165367226 -0.0010249679243011286 -2.241443389737181 -0.005991221331010778 0.0010108807874512165 0.9999815415231421 136.6624936000002
0.9999823293319481 -0.0029369351063019637 0.0051686977116911365 -0.4838518084621514 0.0029452155415018947 0.9999943905797745 -0.0015951534093999915 -2.2596761167349215 -0.005163983856246268 0.0016103481508035426 0.9999853699177648 137.9921493073843
0.9999322453385406 -0.010866999352344517 0.004172895553779604 -0.4805950581620187 0.010863867453992654 0.9999406880786658 0.00077246922695679 -2.281171002099389 -0.004181042473916427 -0.0007270831043700598 0.9999909950764526 139.2179978688517
0.9998441158876485 -0.017498327793310488 0.0023563635726190652 -0.46354944429115197 0.017492959690262683 0.9998443873495744 0.0022797909617938445 -2.3041149031937427 -0.0023958894221884327 -0.002238215805611807 0.9999946250374986 140.5478632520813
0.999787958958728 -0.020547902231745734 0.0013493831988701328 -0.45823280634613706 0.02054943472857102 0.9997881974166983 -0.0011318297599435668 -2.327542412358317 -0.0013258406687729869 0.0011593188275519132 0.9999984490619874 141.85684584299833
0.9998009711252707 -0.019891567540416044 0.0015309074931343365 -0.4559272681331087 0.01989778902141992 0.9997933563159037 -0.004162049812263553 -2.356685681079376 -0.0014478014458232575 0.004191683118482726 0.9999901667834593 143.20512430710326
0.9998610273274005 -0.01652979284147727 0.0021660979697730545 -0.4560888379290087 0.016543184281415813 0.9998431937101987 -0.0063175189134134935 -2.3832110887837215 -0.002061331033076776 0.006352475108811626 0.9999776982384994 144.40276884846222
0.9998584132678731 -0.016599563326240983 0.0027582448822794405 -0.4519540836136074 0.016616981243639153 0.9998413382222578 -0.006416721614141951 -2.4097190737958027 -0.0026512924774627104 0.006461646794972 0.9999756085869792 145.6005532309015
0.9998014605896267 -0.019685392455557796 0.0030862155985918074 -0.44242863411731403 0.01969485474181686 0.9998013359152016 -0.0030661700665709913 -2.4327637692287074 -0.0030252437172990777 0.003126343878890232 0.9999905368924275 146.83615916580587
0.9996832522445088 -0.024924247384086926 0.003489566474450636 -0.4361424224993079 0.02492526334301607 0.9996892866128462 -0.0002479491488684483 -2.4595228458421126 -0.0034823022735071354 0.0003348489748608713 0.9999938807047988 148.11240733553302
0.9995892391776285 -0.02847575365695326 0.003237958301048448 -0.42181001570925203 0.02847312225700518 0.999594192035469 0.0008558959610022857 -2.4779099192514717 -0.003261016594323105 -0.0007633496099044843 0.9999943915183465 149.35237854582644
0.9995460756269321 -0.029968487521973477 0.0030874673189554293 -0.415424491331358 0.02996693267608418 0.9995507400496666 0.0005486457430299123 -2.495826175039933 -0.0031025223266455894 -0.00045587477406806653 0.999995083254616 150.62634733737872
0.9996040121440508 -0.02785747146554732 0.003972428610238494 -0.41411023911605277 0.02785315060943798 0.9996113769085041 0.0011389276591814864 -2.5143757725150673 -0.004002612477518746 -0.0010278320052933044 0.9999914612909087 151.89187289056252
0.999702543454947 -0.023924468405011792 0.00473755435304352 -0.40970370165936926 0.02392305095563224 0.9997137396021387 0.0003556454436348989 -2.536982809622796 -0.004744706807029719 -0.00024220290037692618 0.9999887144838553 153.0893042806556
0.9997787257501911 -0.02027165522278215 0.0056177870957533635 -0.4177097845738245 0.02028337469826902 0.9997921959393606 -0.0020370688748257235 -2.55433945652147 -0.005575324938888115 0.002150565804577004 0.9999821452498785 154.47021959410975
0.9998181378244169 -0.017784522308120533 0.00688491420335308 -0.4424722455092793 0.017802662113250947 0.9998381849834037 -0.002582454408971575 -2.572479720725589 -0.00683787240280153 0.0027045545594355266 0.99997296407735 155.90274394254234
0.9998466706895235 -0.015958986664048914 0.007207347343663197 -0.44196157168544414 0.015968760206792405 0.999871645403804 -0.0013005440967261772 -2.5984255621275016 -0.007185666881610155 0.0014154370866546848 0.9999731810050323 157.1945394442017
0.9998770338872135 -0.01401368615263164 0.0070380185651723725 -0.44499973367561146 0.014027624073549176 0.9998997358792536 -0.0019349293139914953 -2.616312877994185 -0.007010197412295866 0.00203341806191021 0.9999733608167914 158.4664604026892
0.9999023223725264 -0.012208190327617604 0.006804836732287808 -0.456960862873095 0.012239052531547133 0.9999149187878785 -0.004512291940964724 -2.6344601916816206 -0.006749170849701762 0.004595135945228609 0.9999666661536719 159.74499458311212
0.9999418149887666 -0.008413960916663417 0.006750696161471962 -0.47431768149641645 0.0084645196568131 0.9999360779573807 -0.007496126078902436 -2.6555216980993017 -0.006687192531330456 0.007552831317078356 0.9999491168030239 161.0344029384248
0.9999710146482527 -0.0032825545807344753 0.006869839792081892 -0.48691566699343114 0.0033422457274697196 0.9999566078753477 -0.008695502281389947 -2.686956459341164 -0.00684099823429221 0.008718210931891264 0.9999385948853602 162.31664128751166
0.9999707966556525 0.0011706711847015616 0.007552176165678887 -0.5036745605590247 -0.0011137323655900657 0.9999709596295359 -0.007539197424342111 -2.713165470747639 -0.007560782768866152 0.007530566151537336 0.9999430609476534 163.60878371320797
0.9999584774295384 0.004039279455503182 0.008168698689512387 -0.5104842152190894 -0.0039925394823936596 0.9999756126440452 -0.005730073790798791 -2.7375482700522453 -0.008191644845891886 0.0056972220113684574 0.9999502180689173 164.82986806826247
0.9999542935566543 0.005039458405111293 0.008124940405686223 -0.5050348479845013 -0.005011036705911646 0.9999812681909385 -0.0035146519563927915 -2.7660516348971154 -0.008142500153197021 0.003473776939546076 0.9999608155148044 166.15040209603598
0.9999734789116468 0.0018539115577581589 0.00704304517057786 -0.4945382083340315 -0.0018356137372727253 0.9999949259469204 -0.00260357496933091 -2.790557640783207 -0.007047836231520383 0.0025905776092218177 0.999971808058661 167.36474497936698
0.9999837892624752 -0.0003434269324357863 0.005683596590524614 -0.5119943847432514 0.00035790215281756893 0.9999966948372919 -0.002546020530385255 -2.81258392133412 -0.005682703433292873 0.0025480134289702417 0.9999806070665862 168.69115543777593
0.9999937308270456 -0.0005681034907652532 0.0034950772566589346 -0.5042389654911175 0.0005917496379354162 0.9999769200602537 -0.0067682478659659324 -2.842019697819752 -0.003491151525247844 0.006770273645350695 0.9999709872070279 169.95878680979033
0.9999973251429294 0.001322068079212107 0.0018978522018327736 -0.5059063449589265 -0.0013007764890310097 0.9999366947303763 -0.01117651610368272 -2.8686684066917367 -0.0019125081729653626 0.01117401752657586 0.9999357397577142 171.25645205184355
0.9999798688058195 0.006218292987048721 0.0012628600171737886 -0.5136475702812022 -0.006203066227034353 0.9999120411437715 -0.011723137168850806 -2.9066433710320636 -0.0013356468390948266 0.011715067563778115 0.9999304842035273 172.55603626677677
0.9999533762823961 0.009616568917962824 0.0008757075325258238 -0.5152203388127721 -0.009606650202147522 0.9998965812348132 -0.010702294465491669 -2.9412169510207233 -0.0009785363202423193 0.010693382868792498 0.9999423453527181 173.7762910201704
0.9999297024496063 0.011801031334449145 0.0011514419155357102 -0.5293325630211232 -0.011792358795542544 0.999904050292162 -0.007268458114794308 -2.9738631243903346 -0.00123710673698659 0.00725436894379353 0.9999729214824529 175.18441338580968
0.9999213122042971 0.012475904734634117 0.001311945383146769 -0.5283943607695628 -0.012468740706903389 0.9999080356124295 -0.005333931277815625 -2.996736165962098 -0.0013783703493766733 0.005317153255716921 0.9999849138744237 176.24390769333334
0.9999271036119641 0.01199250651574303 0.0014025867736532059 -0.5320619328191607 -0.011986014364980363 0.9999178178136277 -0.004548964549814414 -3.018239663131065 -0.001457024993009586 0.004531821521512344 0.9999886697717482 177.53413779389228
0.9999464959085569 0.01022515695664633 0.001565722009053294 -0.5450058910340607 -0.010218702015307266 0.9999394778653699 -0.004076608327268002 -3.040001222839782 -0.0016073112082126593 0.00406039056539402 0.9999904648441104 178.81517004043593
0.9999694936241975 0.007662680512845377 0.001514974693992605 -0.5409900686984428 -0.007657178818676868 0.9999641866353394 -0.003604588639944637 -3.0662375013544914 -0.0015425412487800512 0.0035928782448713665 0.999992355866992 180.19262586988003
0.9999851530350132 0.005114479856900462 0.001880373721894285 -0.5415928758359594 -0.00510759481140889 0.9999803010736708 -0.0036482790262537088 -3.091082310602955 -0.0018989957301434783 0.0036386206733173654 0.9999915770919353 181.43321430219024
0.9999957281777556 0.0017486035428861016 0.002342223706132419 -0.5504832000007401 -0.0017427381417732535 0.9999953466474453 -0.0025039063930611507 -3.121362993512475 -0.0023465911465302305 0.0024998138142289703 0.9999941222031701 182.84124713192932
0.9999925530744725 -0.0025699933087245793 0.002879050189006674 -0.5517822914956488 0.0025728966094273114 0.9999961849072396 -0.0010051736184823197 -3.1418167417319007 -0.0028764559156900377 0.001012573631498991 0.999995350337195 184.0121252338937
0.9999819467392458 -0.005165287181934972 0.0030701797855840936 -0.5486379508552354 0.00516908489215271 0.9999858833356295 -0.0012303214371015678 -3.162547060830926 -0.0030637814813382768 0.001246169245733801 0.9999945301376648 185.2574395206166
0.999988240091195 -0.0031907232442598328 0.003652254713503668 -0.5637973007246005 0.0032110790739580315 0.999979268991016 -0.005581268616922796 -3.1895234121793465 -0.0036343707150703957 0.005592930660396246 0.9999777549906482 186.5509643907351
0.9999835051352644 0.004017074214431119 0.004105188442195751 -0.5743392567289968 -0.003973637033304623 0.9999366101780873 -0.01053498145624547 -3.2230593837337618 -0.0041472480173893825 0.010518495154328861 0.9999360787538242 187.89765502112627
0.999900825957253 0.013040303733591932 0.005318714932970241 -0.5864939223188699 -0.01298446903849525 0.9998616061738883 -0.010400579943476953 -3.262297998180163 -0.005453605577129623 0.0103304877865454 0.9999317672763001 189.2550307366829
0.9997608923419372 0.020875970064559574 0.0065078427697962595 -0.5985296488968905 -0.020832519820806743 0.9997607007133011 -0.0066743859017060325 -3.2971483959070547 -0.006645619727947373 0.006537215241431678 0.9999565493336808 190.6195968294459
0.9997374146155228 0.02173931375027099 0.0072459682263185336 -0.6018113003101191 -0.02170624460991598 0.9997537556050262 -0.004611626457130639 -3.3229346686126076 -0.007344437541707763 0.0044531327526682474 0.9999631137426452 191.99755656388652
0.9997831107239068 0.01972843758582829 0.006672350534064668 -0.5969740378191372 -0.019701228496629638 0.9997974258466115 -0.004119328369156901 -3.3532780023878987 -0.006752266800931089 0.003986981428527751 0.9999692549634418 193.4820610518794
0.9998499402704432 0.01641262607693779 0.00554280131783872 -0.5966190121405927 -0.01639013397284744 0.9998573515171134 -0.00407923099805458 -3.3849883669425394 -0.005608961538692835 0.003987771613570007 0.9999763183335987 194.8891732944498
0.9998884212796387 0.014197384341420703 0.004645349155101038 -0.6037668405235542 -0.014175353423405266 0.9998882819557221 -0.004741620288013535 -3.409154561624916 -0.004712148791408969 0.004675241758040734 0.999977968641447 196.28495881440074
0.9998866691468027 0.0144474589692188 0.004233177511522912 -0.6175696511182985 -0.014424772772847197 0.9998816899399945 -0.005341540338929938 -3.435608561251398 -0.0043098483689171276 0.005279872353895132 0.9999767738077553 197.8459245137549
0.9998678830228791 0.01571579575000813 0.0041509352306729 -0.6278831489543076 -0.01569372400605231 0.9998628129020493 -0.005297395815272331 -3.4619878451030233 -0.004233618566555092 0.005231552307473459 0.999977353410711 199.3468252382297
0.9998463745388397 0.01707072016205428 0.003977164151251782 -0.6282358610511704 -0.017053076307141757 0.9998447773194918 -0.004428753255557855 -3.4948844636940812 -0.0040521488126642954 0.004360250002539316 0.9999822839980307 200.83170662328183
0.9998585753986923 0.01638203934414444 0.003802366187409945 -0.6405956038592603 -0.01636270993218536 0.9998533175440761 -0.00506015017367587 -3.519980875363864 -0.0038847040262321698 0.004997217528974502 0.9999799682451642 202.26815138177955
0.9998674020151233 0.01599630657787642 0.003049026630444376 -0.6283537302459599 -0.0159780227866383 0.999854761437732 -0.005929487172249971 -3.555176493835313 -0.0031434336888576217 0.005879983517221308 0.9999777720622014 203.63418859389355
0.9998791399090979 0.01527292339359181 0.0029057504460218734 -0.6414189176523327 -0.015254066779343952 0.9998631384006774 -0.006404522951731894 -3.58327673681422 -0.0030031685487833873 0.0063594243891580814 0.9999752690442445 205.17703718044666
0.9998779988788986 0.015430461815686894 0.002426562606320322 -0.6431450101731333 -0.015414813160683851 0.9998610809542137 -0.006340530600266081 -3.6223680749921847 -0.0025240628258775973 0.0063023520392253805 0.9999769544672655 206.67374897223553
0.9998762284995064 0.015612573359030001 0.00194299632278347 -0.6408857992942685 -0.015599615808425343 0.9998570977134938 -0.006514302616442929 -3.653877843426021 -0.002044423691648896 0.006483186335280866 0.9999768940464144 207.99270228875358
0.9998780342311901 0.015539140648324555 0.0015658128499297962 -0.6419421750688791 -0.015528421779057078 0.999857380674014 -0.006639761196903333 -3.6883848235524175 -0.0016687657178669807 0.006614636770963526 0.9999767306299533 209.48853045829608
0.9998640105078523 0.016454280689920577 0.0011032398331406257 -0.6486615459087232 -0.016446415347474097 0.999841659258513 -0.006794985901560021 -3.727455721367893 -0.0012148717506362066 0.006775917514354428 0.9999763052335147 210.90072419586917
