1.0 0.0 0.0 0.0 0.0 1.0 0.0 0.0 0.0 0.0 1.0 0.0
0.9999801517938997 0.0005235478472016019 -0.006278687434576318 -0.14709233374891803 -0.0005222776795313102 0.9999998428180137 0.0002039361994634854 0.012810635971102305 0.006278793218037951 -0.00020065293339193533 0.9999802680523878 0.9890234575649087
0.9999114877818519 0.0010243382922320726 -0.01326526791838587 -0.25309682979877995 -0.0010223031066160077 0.9999994646156826 0.00016020208035523795 0.0004874460459024003 0.013265424917494863 -0.00014662677591068934 0.9999119996291408 1.9940811963019809
0.9997882227898516 0.0013297427316280065 -0.020536342297930145 -0.44708399735089804 -0.0013413800711196229 0.9999989474967179 -0.0005529059243494453 -0.006988180982723785 0.020535585460728298 0.0005803358717674515 0.9997889541998656 2.9902392530503157
0.9995571144444294 0.0018600409507717316 -0.029700424427729515 -0.5669850222268799 -0.0019166204078111416 0.9999964023687844 -0.0018766501274175029 -0.02345736371296502 0.029696826930468205 0.0019327434257620582 0.9995570833989982 3.9854303659694015
0.9991510779598217 0.0019558840092467568 -0.04114970145054111 -0.7011748430106552 -0.002103841069300763 0.9999914764667025 -0.0035525831024419033 -0.011127661393088127 0.041142402269209025 0.0036361396682477974 0.9991466765314448 4.981147042162502
0.9985007641656015 0.0017621586280499766 -0.05470940282693176 -0.8414677494490563 -0.00201190283622474 0.9999878051769189 -0.004510182305236202 -0.003041368526684035 0.054700787998780157 0.0046134904810201955 0.9984921329173776 5.976789242761237
0.9974824208008037 0.0015981345861156853 -0.07089616462978035 -1.0237913921725836 -0.0019243061480476238 0.9999878760653338 -0.00453263369264188 -0.000737455098321264 0.07088806133064188 0.004657648353809799 0.9974734026893125 6.968079326465835
0.9960147806530452 0.000188315076441681 -0.08918812285331594 -1.238205935090856 -0.0006399138247622658 0.9999871201932047 -0.005034874178998972 0.05691972999797376 0.08918602598480926 0.005071881813829777 0.9960020726805258 8.131340956759695
0.9940333385697931 -0.0011446129217746299 -0.10907067283669929 -1.4455470870061284 0.0005768229329426285 0.9999861198472723 -0.005237116391782913 0.045860948321451385 0.10907515339019709 0.005142953825998873 0.9940202014742199 9.119781804138025
0.9913508802417036 -0.0014637833486331306 -0.13122991115712834 -1.6988612264892247 0.0007343753560450037 0.9999840139771221 -0.005606467964723809 0.028032717925157245 0.13123601996721773 0.005461604939146096 0.9913361074502698 10.098060242925241
0.9878781591822133 0.0020928454025491506 -0.15521714663297673 -2.01442012612271 -0.003219644903899317 0.9999702572198735 -0.0070084636199904595 0.0012913118234884014 0.15519786241264655 0.007423252234766337 0.9878555151583679 11.064898141664278
0.9835679474576507 0.006308468695435731 -0.18042809081920452 -2.369358195909608 -0.007973752078457658 0.9999320329282517 -0.008505809882959334 -0.03318006780991564 0.18036216901483443 0.0098047308322291 0.9835513993897685 12.020923850779528
0.9782111181609309 0.009008982835290384 -0.20741708351680035 -2.721163918790959 -0.01119823016561026 0.999893272992552 -0.009383084002601967 -0.06714009522358122 0.2073104144694615 0.011501341335483944 0.9782076012789847 12.972669859494706
0.9715213525410702 0.00927970231906522 -0.23677024450221681 -3.0808911028638635 -0.011890977261940373 0.9998831860807117 -0.009603064762923056 -0.07727855654997472 0.236653472859635 0.012145012060694415 0.971518210053481 13.915925680853004
0.9635634090916606 0.01114095430308649 -0.2672478920344816 -3.4975910106521457 -0.014079076253197383 0.9998596540006762 -0.009080303602012327 -0.09573055215788392 0.2671092216145187 0.012512051744802008 0.9635850311672662 14.8432654490022
0.9541950067642518 0.012905092447191287 -0.2989069213904205 -3.9429194007635684 -0.01604591510516254 0.99983880374606 -0.008055751491053614 -0.1119801332242038 0.298754778496692 0.01248299293347321 0.9542482681214651 15.757152466221283
0.9429402381609422 0.015221218047346122 -0.33261392300705195 -4.4074127406163655 -0.01854264918727916 0.9998048521524913 -0.006813792883023829 -0.13932146322053765 0.3324452998887237 0.012592542773022262 0.9430384671095907 16.66044584484818
0.9305758711489249 0.01960028078266822 -0.36557403768410646 -4.934404495723186 -0.023135119484687498 0.9997183465317317 -0.005290921875207519 -0.2503119289836843 0.3653673689341307 0.01338120327552358 0.9307672260651696 17.538176103646233
0.9168904043145802 0.022431809278304564 -0.3985082187462985 -5.494727903861142 -0.0264177541168815 0.999640803425277 -0.004512914212212545 -0.25819146551387895 0.39826384312822816 0.01466553987306871 0.9171536584438651 18.392196009138868
0.9009497420320678 0.023058031851596904 -0.4333103847122539 -6.059455738861702 -0.027391367649453446 0.9996177165153524 -0.003759495567896018 -0.2604037762832545 0.43305805073990167 0.01525608061604607 0.9012369148529115 19.23638296762978
0.8827020362186323 0.018466109817609495 -0.4695701417719026 -6.636190940860789 -0.02327798641284988 0.9997191552537155 -0.0044436434781300735 -0.2578614757732699 0.46935620865611644 0.0148530605264214 0.8828839878426583 20.06886034374094
0.8620016299226723 0.0139382199253484 -0.5067138403832772 -7.267319834831644 -0.018958123550950674 0.9998090001130272 -0.004748983513962513 -0.27374749417387606 0.5065508657203969 0.013699975120474455 0.8621012302042119 20.86696351499069
0.8360377747748916 0.016201998272549912 -0.5484326160992107 -7.778149772362099 -0.019935376889218044 0.9998009065287871 -0.0008532599257421868 -0.32344798244995016 0.548309602230102 0.011646568429899685 0.8361943180541684 21.587606477173185
0.8073132443524951 0.021980561431994346 -0.5897136427217733 -8.538449655915302 -0.02483238336016693 0.9996862929576942 0.003266253076133731 -0.35308492579951567 0.5896004394754998 0.012007105881017744 0.807605814230346 22.284829455895014
0.7749556982032769 0.024858761094892996 -0.6315264901958578 -9.314647398628308 -0.027874165920875812 0.9995982128453686 0.005142348739720408 -0.3608142437429338 0.6314005833830748 0.013618181713152915 0.7753372481896771 22.956253681461547
0.7396433717958422 0.024412234430067233 -0.6725561131746622 -10.126573839203559 -0.02740738441644591 0.9996054770634641 0.006142109098181399 -0.3701792369775388 0.672440716969107 0.01389003365209185 0.7400206410143013 23.580887480293743
0.7003580801197299 0.020242265162094295 -0.7135045972606717 -10.937943891951825 -0.021290242007432555 0.9997454672079028 0.007465011220198783 -0.37384252334705287 0.7134740956799138 0.009962504622844731 0.7006107787462088 24.19520589187502
0.6578306888869 0.016490438012157424 -0.7529852921623063 -11.777044602729095 -0.015882909055181773 0.9998416872612103 0.008020823810661945 -0.3656426661997069 0.7529983518962915 0.0066832528624951835 0.6579884620361096 24.76775962167695
0.6134380346379378 0.01602053287109625 -0.7895803443513969 -12.662580856894474 -0.013015381276908395 0.9998635222516615 0.01017529953949456 -0.36856046605137066 0.7896355979246128 0.004034773479126193 0.6135628273398018 25.274207669821614
0.5652848869055723 0.016706523759319348 -0.82472655389531 -13.55361685225747 -0.010178893922217686 0.9998600408104499 0.013277383365952782 -0.37136861497756857 0.8248329447558908 0.0008892999525119591 0.5653758240240913 25.75704366692795
0.5216267314825043 0.016018961862641658 -0.8530234146046184 -15.030474683783002 -0.007630937456843335 0.9998713261099954 0.014110280527672618 -0.3315897071998001 0.8531396848092397 -0.0008509311858803135 0.5216818514379316 25.37754470625379
0.4863608794359577 0.018371691045239745 -0.8735648664652328 -18.30514925043427 -0.007275897585596743 0.9998294197767728 0.016976238192442927 -0.616041641742582 0.8737277357784893 -0.0019006096340143126 0.486411586431094 21.568194432256675
0.4472247969896571 0.020639308407896413 -0.8941834263203516 -20.040039687293852 -0.007082559346581653 0.9997840985529791 0.01953442176543493 -0.6581449414733577 0.8943935477800934 -0.0024031706247133722 0.4472744196355148 20.51209742027137
0.3930668530551254 0.022652005819286662 -0.9192308391594047 -1192.1089513066615 -0.005548852818512168 0.9997367465791053 0.022263148290956235 -14.75902969003807 0.9194931534610461 -0.0036502290050928034 0.39308906950775363 455.74179357881883
0.33940987158344954 0.025765621186141043 -0.9402856331118744 -1193.0871070345759 -0.003263431790758137 0.9996510177105185 0.026214362537978184 -14.753747405233199 0.9406329194136538 -0.005828855395166744 0.33937550789667925 455.98239214779403
0.2866896515516541 0.02744619361669457 -0.9576302784212423 -1194.074984010784 0.0018798632432341855 0.9995714990087262 0.02921103359410046 -14.745554679451883 0.958021664581432 -0.010174715003568546 0.2865152096612296 456.19112961835134
0.23667710772791908 0.02786652576939304 -0.9711886549064969 -1195.07280802044 0.004936292922252832 0.9995412138668929 0.02988301848349218 -14.734543909074432 0.971575822923632 -0.011866698068240075 0.2364309662189465 456.3433316380898
0.1896214667140592 0.029096955888765864 -0.981426037212798 -1196.076361510075 0.003377081394740663 0.999535558410768 0.03028634665535135 -14.716206015319802 0.9818514626370235 -0.009057297084783571 0.18943513583033061 456.4499690987094
0.14764578217153357 0.029607014307932743 -0.9885970603389058 -1197.0814631805977 0.0016694772551892308 0.9995429601569459 0.030184162177956057 -14.694671719476533 0.98903889501508 -0.006107004540739494 0.14752887392944133 456.5182252906583
0.11020002439131417 0.028325780694982185 -0.9935057145141006 -1198.087048237715 0.00041527617708695926 0.9995924113282406 0.02854538072422308 -14.672358010789809 0.9939093430337852 -0.0035582809071062135 0.11014334508782486 456.55266677648143
