1.0 0.0 0.0 0.0 0.0 1.0 0.0 0.0 0.0 0.0 1.0 0.0
0.9999968121988093 0.0013494465106997015 -0.002134147683302276 -0.07542467496476098 -0.001350984196886985 0.9999988287685403 -0.0007192379630010582 0.009966315925585178 0.00213317461056185 0.0007221188700073438 0.9999974640519937 0.05115662137401322
0.9999563243445094 0.0018358285713881756 -0.009164013142438714 -0.08437115926408313 -0.0018446466442439717 0.9999978436834847 -0.000953890527663025 0.012127988199463046 0.009162242202441183 0.0009707532319599252 0.9999575545771863 0.14508627437911642
0.9998575575540645 0.0020492511831915246 -0.01675306454379987 -0.09110778700319047 -0.0020774167826452905 0.9999964577307057 -0.0016639908509097742 0.011871824160993706 0.016749595264713722 0.0016985569254269416 0.9998582729381397 0.24290510795733256
0.9997638838510637 0.004012533151302613 -0.021355938863605928 -0.17741210793126205 -0.0041110409244231195 0.999981103560363 -0.004570761940423706 0.029357001027774356 0.021337194978583638 0.004657477848364372 0.9997614875611771 0.29905087495720667
0.9996071556889305 0.004292165163489102 -0.027696779843421546 -0.286465250431301 -0.004461076256451299 0.9999718101581291 -0.006039676126123986 0.02278469185756499 0.02767007578811012 0.006160860920656767 0.9995981245973785 0.3339891036299716
0.9991415608558721 0.004108832141996456 -0.041222067741925224 -0.30451314271223057 -0.004395031319388827 0.9999668482404248 -0.006854642208936164 0.02156820007545238 0.04119253658361629 0.007029930194520735 0.9991264960010156 0.46067253845870837
0.998579312137019 0.003761165897333178 -0.05315271397633672 -0.3862945720970823 -0.0040282321557608075 0.9999797917782303 -0.004918270109134738 -0.010153221299379189 0.053133141424696675 0.005125394254089251 0.9985742834742356 0.5708828523303087
0.9974227054871377 0.00214794868840067 -0.0717170335077388 -0.41206906031751994 -0.0025083364681140006 0.9999846746634623 -0.004935451992669743 -0.010990203950500278 0.0717053333224305 0.005102622329862933 0.9974128074265328 0.7232159862406358
