1.0 0.0 0.0 0.0 0.0 1.0 0.0 0.0 0.0 0.0 1.0 0.0
0.9999997244984726 0.00010044532493354957 0.0007354683647737377 0.001786662646777099 -9.805311725891401e-05 0.9999947076037877 -0.003251945571715197 -0.037206745126421505 -0.0007357911151133667 0.003251872560833414 0.9999944419526956 0.9612070119392971
0.9999938401609952 -0.0033870374363367713 0.0009206614311191002 -0.0063706794773490056 0.003390605461644634 0.9999866391221162 -0.0039019702533851204 -0.04535324567366655 -0.0009074330109504504 0.0039050678175532386 0.9999919634730426 1.924460222293257
0.999988472307338 -0.004715250320635566 0.0009064584105127902 -0.0030522146817151038 0.004715757667906695 0.9999887248556867 -0.0005583825888033469 -0.05368196219660041 -0.0009038152763825336 0.0005626507901404921 0.9999994332708566 2.8881692379382717
0.9999786209661824 -0.006507111734717649 -0.0006442883237484649 0.029670121544714625 0.006510307230746007 0.9999658609724933 0.005088495779855019 -0.0694938013892357 0.0006111549177704677 -0.005092581507664444 0.9999868459651128 3.8483558527210517
0.9999509933385803 -0.009852146668005293 -0.0009726907108586304 0.006487917978218873 0.009856992369236284 0.9999383648872716 0.005109415622403485 -0.08456327192184199 0.0009222920468572661 -0.0051187530319165755 0.9999864737809099 4.80662143779032
0.9999124549549259 -0.013095456484484248 -0.0018951109405102005 -0.007304848093141552 0.013102053093504235 0.9999079991085542 0.0035113421170005162 -0.1218766920270809 0.0018489539607189195 -0.00353586456055724 0.9999920394838452 5.738522312405363
0.9998974528099512 -0.013859455017522707 -0.003605464018542568 0.018822412394487523 0.013864255883886126 0.9999030284742676 0.001309983501432646 -0.16414768686852327 0.003586958733783881 -0.0013598362420387776 0.9999926422591501 6.67474452627026
0.9999051668958052 -0.013197836910322043 -0.003933740708365949 0.00916579297768538 0.013200421461317327 0.9999126710490838 0.0006317821858282081 -0.17549270783114987 0.003925059020665226 -0.0006836493072322966 0.9999920632361582 7.604601803960779
0.9999187636018484 -0.01194317428924443 -0.0044527277985341555 0.0011137743791702088 0.01195241535856177 0.9999264565505511 0.0020545698710956817 -0.18376329372243144 0.004427862243512346 -0.002107623817366287 0.9999879759066088 8.534004397563947
0.9999243670195304 -0.01115481807312519 -0.0051797948171029215 0.0034070188282389795 0.011177151715350208 0.9999282754134844 0.004302941801488717 -0.18482263512748848 0.0051314247654864415 -0.0043605117097006195 0.999977326951719 9.46450105378117
0.9999232508518645 -0.010863157070187526 -0.00595686363009973 0.0035121883885962193 0.010894418442216397 0.9999269198217972 0.005240864670937385 -0.18772690834576564 0.005899495965339997 -0.005305359004027907 0.999968524061229 10.387659974688056
0.9999071089749848 -0.012090502167117174 -0.006292311072639082 -0.005240784954185208 0.01212748810084865 0.9999092096300788 0.005873374610477958 -0.19656306901396492 0.006220727742932753 -0.005949138954350335 0.9999629544598387 11.338325782592078
0.9999078372320809 -0.011967053760573061 -0.006411448054383971 -0.01980881528735035 0.012003964157075688 0.999911418766336 0.005749736099038034 -0.20469033936437822 0.006342072719399335 -0.0058261689800840925 0.999962916246716 12.222331410625538
0.9998985389070969 -0.012351920764017482 -0.007095205768144717 -0.02866669514692352 0.01238412416115263 0.9999131298601898 0.004512892859379009 -0.21799717844359215 0.00703884651161201 -0.004600302885518954 0.999964645301596 13.132323626563
0.9998919276558396 -0.012289596901057983 -0.008068383772415515 -0.0383216572936641 0.012309658206642926 0.9999212526604632 0.0024414734824726274 -0.22826324597246875 0.008037743683714769 -0.0025405286732286133 0.9999644695640614 14.04079589787574
0.9998681992071324 -0.01323836221888254 -0.009398403058374895 -0.04358071876283742 0.013247283559152377 0.9999118569201743 0.0008876197115092923 -0.23634513090956547 0.009385824022930212 -0.0010120060328450355 0.9999554400828066 14.945157003428866
0.9998659055493855 -0.01225671015938621 -0.01086020147033529 -0.04730807616266396 0.012259714250743486 0.9999248248103793 0.00021008194247711185 -0.2533674268629775 0.010856810139151688 -0.0003431967383862696 0.9999410042045483 15.845957178689305
0.9998705762161565 -0.010719534909990334 -0.011996765751020893 -0.0639788725498279 0.010711938323930118 0.999942382415879 -0.0006972989320208452 -0.2689589205142753 0.012003549246605462 0.0005687000701430157 0.9999277930859377 16.742742459903308
0.9998716235210653 -0.008885514335230072 -0.013333570877585278 -0.07864717628831441 0.008874224722075835 0.9999602131902678 -0.0009056335110737716 -0.27925286546695466 0.013341087396882752 0.0007871921447169506 0.9999106938700052 17.634510324122616
0.9998545564325909 -0.009025548796016296 -0.0144708482791373 -0.09537717064898996 0.009020018748035855 0.99995921872768 -0.00044737379571790686 -0.2882461162606642 0.014474295933556154 0.0003167814052992402 0.9998951917109954 18.526515635981383
0.9998455092510018 -0.008447381468618342 -0.015414258883532733 -0.11638986837791274 0.008457562913940455 0.9999640568871281 0.0005954522593574307 -0.2999663830178405 0.015408674834704613 -0.0007257273317711917 0.9998810159512368 19.413830263234825
0.9998325553778173 -0.008021210646631563 -0.01644753435704399 -0.13459901958638568 0.008037442326142114 0.9999672750951031 0.000921010167464676 -0.3113221292376602 0.016439608496485365 -0.0010530520580671642 0.9998643059704873 20.294460993189222
0.9998155592164608 -0.008810249828107682 -0.017065375666591477 -0.16315673726446117 0.008821244017269959 0.999960930142972 0.0005690708130255654 -0.32340127983293016 0.017059695268771345 -0.0007195036961603488 0.9998542139290941 21.168238252060053
0.9997945568515263 -0.008570757039366472 -0.018368075942568098 -0.17709712746403078 0.008573136099806804 0.9999632487040082 5.078130118470821e-05 -0.3367702373165947 0.018366965657777654 -0.00020824288346156137 0.9998312913724127 22.037245716713223
0.9997954470720047 -0.007939071070782924 -0.01860202044463583 -0.1948058044350172 0.00794385998773505 0.9999684301985368 0.00018356135237135041 -0.35050121833472925 0.01859997587592118 -0.0003312956502604335 0.999826950597255 22.900171158436045
0.9997868814751426 -0.007710040624520397 -0.01915063716373132 -0.2155677275678124 0.007737907904439305 0.9999691076593369 0.001381487695488229 -0.3564763588647135 0.019139394229469565 -0.0015293791415527526 0.9998156553025007 23.75699272897692
0.9997734580634959 -0.008907297308248172 -0.01933113050033677 -0.23880118543979673 0.00896536349269329 0.9999555493288982 0.0029191820406062777 -0.35707297900014745 0.019304269196280213 -0.003091831335114007 0.9998088746204403 24.61458459978094
0.9997684152363875 -0.008793542875158657 -0.019641524875231985 -0.2603227665327672 0.008873149334059777 0.9999527540293968 0.003969499958564725 -0.3667566720583568 0.019605690924246473 -0.004142862866221749 0.9997992066263371 25.44119276830183
0.9997693991049226 -0.00801559180553246 -0.019922321686698333 -0.2849550135646239 0.008080392125270335 0.9999623148922806 0.003174280764885473 -0.38335161220051106 0.019896127172972004 -0.0033345289441741714 0.9997964918123268 26.264943954569876
0.9997794737221438 -0.005800291617580932 -0.02018317470130702 -0.3045146433808529 0.005825919302978683 0.9999822956879348 0.0012111874189036469 -0.40708827417544746 0.020175792131850338 -0.0013285058673381082 0.9997955653452416 27.07883215006671
0.9997788081970197 -0.005067007827391074 -0.020412253962348605 -0.32822292647631446 0.0050669566883559105 0.9999871614223679 -5.4225033122624845e-05 -0.42493372459040996 0.02041226665670862 -4.921496774916456e-05 0.9997916467683758 27.875198601828433
0.9997807967366503 -0.0038790203612462425 -0.020574539549282823 -0.358129695613019 0.0038751157593726188 0.9999924653424327 -0.00022964367160619356 -0.4417471453154978 0.020575275319650595 0.000149864610514696 0.9997882953836364 28.667407624444717
0.999767038515309 -0.003772281322859746 -0.02125179032338501 -0.3778798078724306 0.0037592141072616777 0.9999927197517959 -0.0006547921065279002 -0.45768387052149273 0.021254105665110372 0.0005747495351983476 0.9997739407762869 29.45248899370969
0.999763486159682 -0.002704374927402432 -0.0215791125417774 -0.41999116030288963 0.002676981802273889 0.9999955741950282 -0.0012982136908884316 -0.4740615620192091 0.021582527893389762 0.0012401397537992707 0.9997663009639405 30.223458574565786
0.999759963615348 -0.0017596624521883189 -0.02183846926622205 -0.4621003209044151 0.0017268512280613712 0.9999973519368793 -0.001521217954895736 -0.4838925430375508 0.021841088266693686 0.0014831410197662014 0.9997603548631243 30.989286133936993
0.9997354472917106 -0.0010230588649335656 -0.022978006419217347 -0.4873755166519794 0.0010092551244745983 0.9999993032302917 -0.0006123259147145554 -0.4912135881321647 0.02297861685429368 0.0005889732515066332 0.9997357832337357 31.749353886367405
0.9997015632297314 -0.0010628323176370754 -0.024406041536787156 -0.5095446493399006 0.0011011156322969199 0.9999981844243855 0.001555214550550437 -0.5033716866975488 0.02440434429348799 -0.0015816242912015622 0.9997009184972296 32.4935719188363
0.9996744929710749 0.00026035600767265504 -0.02551157223247547 -0.5362979822378747 -0.00018172764759477426 0.9999952269106088 0.0030843364056527493 -0.517966923895219 0.025512253488973492 -0.003078696274464888 0.9996697687492416 33.23111246867446
0.9996554522914741 0.002026200318790877 -0.026170044252842348 -0.5688666968764249 -0.0019339477743123882 0.9999918288202776 0.003549949110060611 -0.5321984290349153 0.02617702332072579 -0.0034981144843929442 0.9996512024927088 33.95862405980133
0.9996282988385911 0.005139998405983585 -0.026773953339957024 -0.6061014343739591 -0.005065400084918226 0.9999831000418263 0.00285330557769696 -0.5435954873171627 0.02678816684738645 -0.0027166242151780836 0.9996374413105126 34.69996787257936
0.9995974022856622 0.007401472718075291 -0.027390720059154664 -0.6402868597888173 -0.007342614718298533 0.9999705140495825 0.0022487864535521993 -0.5532710949924854 0.02740655674932573 -0.0020467615930148614 0.9996222743687366 35.38976883898349
0.9995751012583367 0.008051384185060326 -0.028014142090909064 -0.6697115569958316 -0.007961192553431157 0.9999627660545619 0.003329552167799678 -0.5618234466481297 0.02803990651753801 -0.003105111465868398 0.999601981753373 36.08265024542393
0.9995363871724057 0.009653039594728434 -0.02887610681717039 -0.6910930975556342 -0.009509140657950912 0.9999416971192583 0.005116503318301959 -0.5712250511430529 0.02892381306607635 -0.004839544280352714 0.9995699034329092 36.77087643575069
0.9994988854754668 0.012639680606079336 -0.029020964964574455 -0.712560361300234 -0.012479267354972809 0.9999058732058412 0.005701983404791246 -0.5815490424145767 0.029090304563236566 -0.005336965677396268 0.9995625398031754 37.4474725439142
0.999473521260669 0.0158403787234677 -0.028315414542174143 -0.7318278533868364 -0.01573648920393734 0.9998686141506327 0.0038881028830117267 -0.5961626117064215 0.028373283319566945 -0.00344047066425959 0.9995914765319251 38.110177882044994
0.9994693756553847 0.017227846081046445 -0.027643596843430856 -0.7489321238036489 -0.01721011529852589 0.9998515084302512 0.0008792162214392488 -0.6069841054940837 0.02765463900407691 -0.00040300019896659335 0.999617456096277 38.76298107424805
0.9994836905195442 0.017262546996225425 -0.027099019477357295 -0.7611126984203801 -0.01728267883695062 0.9998505138725585 -0.0005088428053918172 -0.6233295902769078 0.02708618462703632 0.000976923735450733 0.99963262462885 39.40036507907004
0.999508034996365 0.018287589944544675 -0.025480424480850354 -0.7603447326829728 -0.018292166047781975 0.9998326829020666 5.349894473821509e-05 -0.6305931393664344 0.025477139536935884 0.0004126195304419381 0.9996753198444668 40.03784340749936
0.9994425100010059 0.023051116630617492 -0.024151919695335443 -0.755280246215872 -0.023007618125351962 0.9997331313317728 0.002077408425817327 -0.6336085223969367 0.024193360888604076 -0.0015205721460517206 0.9997061413981915 40.68793694367124
0.9993681514893601 0.02744778170471751 -0.02258134336634517 -0.745992609756833 -0.027354696292773213 0.9996160143901849 0.004420900973001275 -0.6338034550814171 0.02269401638028719 -0.003800401843636627 0.9997352342327226 41.293802727515796
0.9992735073921032 0.03223531312239726 -0.020330814351243412 -0.7394876726936132 -0.03213552617202474 0.9994699101448671 0.005216001596989056 -0.6424485978663965 0.020488176637534966 -0.004558870793703108 0.9997797013918387 41.89299147285416
0.9992064931094451 0.03541277192320078 -0.01822963830247641 -0.7197296068000574 -0.03531683046031717 0.9993607088214596 0.0055583405894840746 -0.6496909516572883 0.018414820503088392 -0.004910116962644774 0.9998183760750003 42.477770889763654
0.9991056042495089 0.03946579779211601 -0.015180328120785028 -0.7011494855270156 -0.03937709093121494 0.9992058091428014 0.006098826532697487 -0.6412301858355565 0.015408967097690735 -0.0054956146073858216 0.99986617202157 43.046191928916826
0.9989514404202746 0.0438144712740701 -0.013278244960512327 -0.6653441647195311 -0.04372353219315743 0.9990186985223954 0.0070634789710867976 -0.6450287008414795 0.013574697595586133 -0.006475500721545862 0.9998868913410117 43.59331093629125
0.9988280340785793 0.04694426362292576 -0.011781105704516097 -0.623590728244723 -0.04686988672244475 0.998879776242317 0.006512014490609933 -0.6536261711944354 0.012073609954977513 -0.005952203541711262 0.9999093955032383 44.11871322517394
0.9986844448264132 0.05020353210121956 -0.010439589375061719 -0.5860829075974356 -0.05014032464112903 0.9987227466795232 0.006230819351660927 -0.6606377815643238 0.0107390645142059 -0.0056991779646414515 0.9999260932008353 44.62485963540979
0.998462762449381 0.054880974210069766 -0.007758264735349328 -0.5544128043037079 -0.054844845242134246 0.9984833731078862 0.004795474686201214 -0.6590200897935274 0.008009678664993896 -0.004362602073682768 0.9999584055103634 45.10727422718982
0.9982404769910089 0.05914219618692677 -0.004260366997039457 -0.5210537325001887 -0.05913752883377324 0.9982491073508709 0.0012134070323048568 -0.6591051697612085 0.0043246711085408234 -0.0009593244385823268 0.9999901884100777 45.57011473107715
0.9981524633064651 0.06071446694880689 -0.0023266925790487282 -0.46644169051950624 -0.0607194391609505 0.9981526010542805 -0.0021294873927943806 -0.6659111175501939 0.002193103557703395 0.0022668285551976078 0.9999950258801714 46.00621716928783
0.9980966159629902 0.06166845346670371 -0.0003834713177598652 -0.4093056076555883 -0.06166929062817644 0.9980926743192581 -0.0028128390730172217 -0.6747306686010741 0.0002092764775839086 0.002831133564169481 0.9999959704349293 46.42414837866265
0.9981383757646839 0.06095734050411704 0.0019963628184429764 -0.3589644567672867 -0.060952683716353644 0.9981379698978537 -0.0023159006815811696 -0.6745512595955918 -0.002133816677201163 0.0021899056732901222 0.999995325558839 46.818535014768585
0.997946819764543 0.0639693643118311 0.003172593792747958 -0.2893739918323646 -0.06396562430542498 0.9979512985570618 -0.0012667341840065713 -0.695743459185407 -0.00324712627576994 0.0010611964077957687 0.9999941649995422 47.183842226962255
0.9975853674384604 0.0693147358943578 0.004347650005048575 -0.19742810344406952 -0.06931722885813053 0.9975945774720422 0.00042518444072945673 -0.7333281200086074 -0.004307720522567288 -0.0007255248269291913 0.9999904585332918 47.53333495884475
0.9971727439603927 0.07479743005274524 0.0072016081540702236 -0.15466625178370105 -0.07479406872659013 0.9971987297357987 -0.0007353207687126571 -0.7420442343795431 -0.007236434607057986 0.00019460425341081557 0.9999737977284008 47.8418835750466
0.9968125343841643 0.07919919525604531 0.009605142654491462 -0.1095353273263161 -0.07918636274638868 0.9968583636196664 -0.0017096305213875483 -0.7427524735239667 -0.009710368150368942 0.0009435848224155624 0.9999524080665366 48.13763866871722
0.9968464006303401 0.07829696181521606 0.012916629623889142 -0.07997293906361093 -0.07828965804239738 0.9969300790937149 -0.0010709070012694787 -0.7470403499758511 -0.012960825357154123 5.6291273310833364e-05 0.9999160033909609 48.4120219685763
0.9966299040362422 0.07988906105097453 0.01861645253809283 -0.03318821401006069 -0.07977960594616194 0.9967910007003892 -0.006550984490373914 -0.7384850014082115 -0.019080064354832383 0.005043693796379875 0.9998052371822733 48.67561302814709
0.9967282993717488 0.07741356643758357 0.023234391812873297 -0.006755693615937738 -0.07722019285394215 0.9969724511345706 -0.009108978775213722 -0.7471165809550512 -0.0238692070898949 0.007285012706998065 0.9996885462696652 48.935758965631564
0.9969166009267443 0.07376817159918679 0.026749722532733607 0.04845124230825683 -0.0735365092565493 0.9972468531773402 -0.009544403294857139 -0.7548794541608291 -0.027380149799202506 0.0075478928719445925 0.9995965969880873 49.18954987842842
0.9965496228818612 0.07633710287065443 0.032580605570402967 0.13468301886932071 -0.07613694169992 0.9970703360715181 -0.007342413418899061 -0.8006127134016077 -0.03304565391397269 0.004836491656784809 0.9994421409495647 49.428446748154585
0.9965201997761807 0.07624104445145152 0.03368671220216381 0.25251640891860194 -0.07602416926279434 0.9970764402254939 -0.007674505531956913 -0.8106565225860345 -0.03417333940283909 0.005086795475524867 0.9994029754737808 49.667921427528256
0.9964873069959619 0.07477022268972426 0.03771552458688047 0.3397692266881027 -0.07454257337573673 0.9971903126473549 -0.00740844901409408 -0.8145246406228234 -0.03816348713701967 0.004571013148149644 0.9992610540235919 49.893494147183915
0.9963910388518142 0.0743313005785126 0.040984819752050525 0.46670551588960985 -0.07415311003528263 0.9972296918170311 -0.005853036016075405 -0.8434119421236526 -0.041306342949921734 0.002792760787644527 0.9991426257143091 50.109115192248275
0.9960775853545674 0.0783613949128806 0.04109666338671468 0.48088877163161886 -0.07821142471565144 0.9969229876961374 -0.005246870205744119 -0.854311746821123 -0.04138136051607505 0.0020120612106720166 0.9991413987076708 50.364365661244264
0.9951441214831935 0.08051992438798825 0.05661023983339312 0.5635079826797921 -0.08014842787733341 0.9967440400360014 -0.008806143395539673 -0.8552014097916381 -0.057134989159301895 0.004226160108604195 0.9983575174177338 50.58921865172195
0.9938416632489424 0.0855053664627039 0.07048106622812324 0.6602843649142676 -0.0849737796978215 0.9963277362364559 -0.010511839506290564 -0.8849607338438438 -0.07112105985178026 0.004458061464201736 0.9974577286950753 50.81695432413073
0.9913682902001653 0.08760710971269675 0.09753926139451266 0.6618994888314401 -0.08667998606488836 0.9961418574346979 -0.013710575565664847 -0.8900101119537357 -0.09836408491614375 0.005137528037737551 0.9951372330509338 51.0668072926283
0.9892247956938092 0.09136850061798649 0.11439449584381739 0.7938706758560551 -0.09045432493367835 0.9958135482092403 -0.013167851142702948 -0.9406228060676367 -0.11511871561710856 0.002678487958685926 0.9933481298200143 51.27943749685487
0.9878967761118385 0.09081332675745618 0.12574935161295378 0.8852238934735306 -0.09069096377918699 0.9958564807277304 -0.0067096111200664 -0.9696828032931026 -0.12583762885813213 -0.004775926697908814 0.9920393549086329 51.51873549106252
0.9870878979600395 0.0891845764187287 0.13305484970432732 1.0255274829455596 -0.08969172622631376 0.9959671688149038 -0.0021892668566803174 -0.992729622891346 -0.13271351079439195 -0.009772920333129601 0.9911062577144727 51.74128478861686
0.9848183821317376 0.08935249351982372 0.14882501845192317 1.2622071301095936 -0.08982056603712468 0.9959515052287418 -0.003586802109782655 -1.0298984839685197 -0.14854299085515932 -0.009835198747054318 0.9888570416058166 51.83297762454284
0.9828543234060988 0.08545800984022459 0.16338392673726004 1.4742530915742367 -0.08583173078426906 0.9962981635727258 -0.004783644237571313 -1.0577841135091441 -0.16318790688195936 -0.0093218997936555 0.9865509663629749 51.983198379959255
0.9801467497635327 0.08144682570404599 0.18077268463657972 1.671187867641645 -0.08248772422935685 0.9965905178216712 -0.001764975749368675 -1.1129634943537938 -0.1803000950622132 -0.01318159211434743 0.9835233201860979 52.15554485271716
0.9768973766664766 0.07586839680943608 0.1997886428897322 1.8641336210894286 -0.07656219489804539 0.997055696010771 -0.004262553796892323 -1.1252833437359058 -0.19952379751435337 -0.011132179393255755 0.9798297448064156 52.34028243086709
0.9722871596324609 0.07593694506606503 0.22111368023682712 2.095666606048587 -0.07524709140648717 0.9970979768835008 -0.011554208311005731 -1.1205072242634062 -0.2213493945072002 -0.005404152927495703 0.9751795940658469 52.48449498215107
0.9658664174949975 0.07655084257340246 0.24747127521528714 2.341609108367846 -0.07359915904746347 0.9970631761433721 -0.021170417246656845 -1.0937409851143793 -0.24836510894826666 0.002234117318654292 0.9686639155955589 52.631921806500145
0.9585136466069168 0.0781435030057203 0.27412621583187646 2.5610700606026047 -0.07481440699524157 0.9969414590590734 -0.022594948885026077 -1.1230628595621521 -0.2750534380338843 0.001148976571371851 0.9614282532142356 52.83563617491988
0.9492503647644889 0.08147314467505339 0.30378589778204257 2.7781703519874017 -0.07798600177171708 0.9966747227543065 -0.023615260961688738 -1.1530880395822691 -0.3046997350214559 -0.0012742524807613361 0.9524476089310464 53.04622791443604
0.9390756792216854 0.08356033377147817 0.333398469274123 2.902480868598336 -0.0957986515179721 0.9951915265656193 0.020406955170502426 -1.4329626523794732 -0.3300901196062481 -0.05110279906220297 0.9425651260609734 53.16006956501683
0.9282521259666142 0.0886756236797064 0.3612265555070325 3.1825415662382834 -0.1005433010991407 0.9948320246698941 0.014152289400914033 -1.4277925627952752 -0.35810478249047095 -0.04945580305904214 0.9323706818112824 53.35765846017955
0.9076787408885049 0.08899565069268602 0.41012080841728 3.37629721863964 -0.10067406719196509 0.9948953891061291 0.0069207608246658475 -1.444174236510428 -0.40741138365795004 -0.047570357294747345 0.9120049482172575 53.66038866600477
0.8914887214236957 0.09028712234058954 0.44395505979073957 3.7131248689445173 -0.10019773595862048 0.9949668872477387 -0.0011432363327760317 -1.4199950317679313 -0.44182380343651706 -0.043464109561814346 0.8960483234161462 53.85396283459353
0.8697656879868574 0.08980766020999512 0.48522389900782326 4.024235520825057 -0.10262647224629233 0.9947199529903333 -0.00014938939208446883 -1.501991619159095 -0.48267531032261113 -0.049666883237379694 0.8743899276149362 54.090670474187995
0.8482255717365461 0.08797984168141804 0.522276676590025 4.386359966751339 -0.09989188987224137 0.9949837742485479 -0.005375808763991472 -1.5288516300876829 -0.5201297816794963 -0.047611305798387855 0.8527591534367774 54.28081990548587
0.8155859142154576 0.0879647101534359 0.5719106803522362 4.627582698955805 -0.09866686648178047 0.9950440044050397 -0.012340127886297705 -1.5025417401323589 -0.5701617893124737 -0.0463642002541364 0.8202230763291106 54.6333470915098
0.7792171160646321 0.09206494894306284 0.6199554267913364 4.873638715986977 -0.09812925230094523 0.994874424230701 -0.02440348037654886 -1.4078063655885447 -0.6190245034526288 -0.04182015288999286 0.7842574442984148 54.98486615725383
0.7516574055386901 0.09410497186429116 0.6528057896260305 5.2857710598993926 -0.09771472405436891 0.994735133355938 -0.030884416302123067 -1.3675551348778416 -0.6522752313263337 -0.04057423736517122 0.7568954708943698 55.179907146639216
0.7115998985865676 0.09983514083038926 0.6954556269000649 5.58969085030833 -0.10338336725239768 0.9939567731450288 -0.036902743728317026 -1.350105286425603 -0.6949370213962853 -0.04563855578891929 0.7176208319985966 55.52953903559367
0.6890147541758735 0.12720573386354908 0.7134965800900489 5.956473167084712 -0.1283094708608811 0.9903353586172156 -0.05265507724723221 -1.400607895581821 -0.713298919258511 -0.05526824354678899 0.6986773740718176 55.82597269237494
0.6619997255659671 0.12085488596092725 0.7396961943189614 6.421149575426825 -0.11869337962141469 0.9913647594746805 -0.05574760358756094 -1.4656633457328254 -0.7400461100395227 -0.050892142920890435 0.6706278735664718 55.9656101859114
0.6278510955519847 0.10872519751375281 0.770702168960077 6.829094138362409 -0.10487856218459629 0.9929826481829971 -0.05464382491713406 -1.5384154470377527 -0.7712350413513785 -0.046521950013709124 0.6348481859142835 56.25739895426226
0.5919869973301203 0.1028537516144751 0.799357555022091 7.242821906863421 -0.09383190687890744 0.9938741866322386 -0.05839241729518263 -1.5765873820721326 -0.8004667190105622 -0.04043769188436134 0.5980115591119695 56.58093274381889
0.5606276946646803 0.11517174931085182 0.8200195461912133 7.678732918802494 -0.0890754311237587 0.9929221202505791 -0.07855718100346676 -1.436268740412714 -0.823263114408195 -0.02900226332156161 0.5669186124807896 56.81875633119863
0.529352764971398 0.11080805461287703 0.8411344870174119 8.0914694989124 -0.0844316134509786 0.9933928073873509 -0.07773051447882383 -1.5748390910072838 -0.8441901165420018 -0.02987147910612654 0.5352109321275224 57.128242803375294
0.5073244429008036 0.10543337211441121 0.855281072911106 8.59410868898624 -0.07981057141691003 0.9939702598537755 -0.07518906314301929 -1.688485717219762 -0.858051386762759 -0.03011522157983759 0.5126801060151459 57.33005839929411
0.48600662415449186 0.10014727616421662 0.8681981826488937 9.083237647400095 -0.07800752452362501 0.9944185502481632 -0.07103923591958186 -1.8206416642457042 -0.8704667640959354 -0.03320045179255969 0.49110624370406764 57.58414374543941
0.4718033863249763 0.09547458886006932 0.8765193480661366 9.618217001090054 -0.0745767568390632 0.9948787505066768 -0.06822447603053705 -1.911894529069934 -0.8785441775981734 -0.03317943146400788 0.47650734866953787 57.78416543830417
0.4636546150410917 0.0961196922010735 0.8807868088943358 10.165666041307494 -0.07357990969562157 0.9948413532425678 -0.06983322108911398 -1.9798685752715233 -0.8829554885951383 -0.03242971861838732 0.4683352629367671 57.973687888637045
0.4606327253045566 0.09691550088891862 0.882283898791056 10.740920081334353 -0.0754433261119315 0.9946988050647243 -0.06987554470613455 -2.0465337135973076 -0.8843787632703896 -0.034375469309672835 0.46550244917301337 58.15264067617654
0.4595062719610043 0.09790562596530235 0.8827618446856668 11.313262372508843 -0.07647485820216969 0.9945760270637993 -0.0704990954051707 -2.1145286327245585 -0.8848760263966109 -0.035114310392368904 0.4645012412407642 58.32602724228284
0.4597565959874505 0.0986009494723623 0.8825540919451795 11.903231168123705 -0.07210285346130363 0.9946804040614924 -0.07356678801473183 -2.1691205606898754 -0.8851130159300383 -0.029811852327813654 0.46442028647768435 58.510222741741785
0.4600388734739287 0.09874396733366589 0.8823909925923122 12.492827327547657 -0.06762364303378467 0.9948068707606812 -0.07606794850777183 -2.215240784916545 -0.885319873150759 -0.024676280160301246 0.4643272589475792 58.73220965305152
0.45964195746608044 0.0982202657405286 0.8826562469810143 13.072893959226937 -0.06786737447652423 0.9948439672261536 -0.07536245985496572 -2.276825542635665 -0.8855073632773538 -0.025263813480708594 0.4639379800253464 58.99570586388237
0.4594019790858052 0.09750184092951635 0.8828608115820977 13.666812552593317 -0.07003888440662603 0.9948384640104567 -0.07342332869320935 -2.3203361326111156 -0.8854628034441192 -0.028103763816810606 0.46385967940338185 59.26842013680099
0.4606889866498837 0.09397323728391126 0.8825727665489597 14.270357165807768 -0.07134613705142571 0.99508215119708 -0.06871128798699329 -2.3438797974326135 -0.8846894292955809 -0.031313623925921734 0.465128015334793 59.54181761788049
0.4610458578401547 0.08939489925514074 0.8828619761636575 14.885637835813691 -0.0701909402883004 0.9954692468953016 -0.0641421108722349 -2.3817435566669496 -0.8845959240635684 -0.032396457720946285 0.46523168492403305 59.83434352695822
0.4611278212491269 0.08617638790958995 0.8831391524764874 15.494580209819809 -0.0675157520070317 0.9957951621007318 -0.06191622055409046 -2.4299816492864608 -0.8847614117381909 -0.031074512122214515 0.465007117144897 60.150488029613385
0.4614476237231201 0.0864661340494006 0.8829437684376261 16.109481084184605 -0.0641709587030135 0.9958852734699449 -0.0639891408352211 -2.484516343193856 -0.8848435899182523 -0.027131711118997145 0.46509750766084873 60.463504748979354
0.4617542048167303 0.09235460868176297 0.8821868739611279 16.720842763474586 -0.06342910430060582 0.995456661041033 -0.07101256731495603 -2.5447533636732964 -0.8847371378334303 -0.023165971688593703 0.4655142690552366 60.79451592549473
0.4631583061513015 0.09874536241847698 0.8807574790167271 17.326007579232368 -0.06262775568793891 0.9949360790368754 -0.07861273973231443 -2.602864925324684 -0.8840600362308815 -0.018749720839852657 0.4669971095283978 61.14955975490187
0.46326891414854116 0.09907169979574369 0.8806626547567538 17.962432850180647 -0.06240888649000394 0.9949116570834355 -0.07909440869347606 -2.6585930950900276 -0.8840175586891403 -0.01831919482605215 0.467094597517693 61.485598709352104
0.4634307295725778 0.09732575236064474 0.8807721934843665 18.602647932464077 -0.06388143198138552 0.9950333841360978 -0.07633955136541565 -2.6966341194266588 -0.8838275406072353 -0.0208868949846494 0.4673463555887264 61.85269125280335
0.46361639087662015 0.09350519992391429 0.8810883154926784 19.244287768314788 -0.06519437360271638 0.9953203646046143 -0.07132366685671536 -2.7391270056953765 -0.8836342771537808 -0.024375179805020887 0.4675428481416291 62.216990773244454
0.46350674841645156 0.09336374070381902 0.8811609989634119 19.880960321479158 -0.06743876286199979 0.9952662172795957 -0.06997978283481618 -2.795872374377134 -0.8835233485517232 -0.02698830605568128 0.4676089433492409 62.58287732204898
0.46612359692455996 0.09431107910482316 0.8796784712315028 20.52053718463455 -0.05985502366319613 0.9953855278392603 -0.07500018073602277 -2.8621253752482887 -0.8826925673938731 -0.01769382169689873 0.4696176744346082 62.923808019804376
0.4675598802022863 0.09810008625849051 0.8785010708595067 21.15436557497808 -0.0583359584616624 0.9950807221378918 -0.0800704213795057 -2.929392012903139 -0.8820343952338716 -0.013810485350237834 0.4709825857914578 63.28089119954704
0.4670605883440168 0.10181413711950779 0.878344060319389 21.784912421715838 -0.0646103658251858 0.9946229696733961 -0.08093607864241215 -2.987359499018138 -0.8818616146786724 -0.018948078548632126 0.4711274380415964 63.659902699135344
0.46859862596328894 0.10147917149536406 0.8775632772045169 22.421452863094434 -0.06940060551733264 0.9945389514682421 -0.07794761039491545 -3.041518341287073 -0.8806809204809333 -0.024377279689589117 0.47308230207416363 64.01531744459037
0.46957397476075174 0.09706891361733383 0.8775408299541048 23.05608582071848 -0.06543470436632541 0.9950304944197652 -0.07505074709321431 -3.0967500157266596 -0.8804649803892709 -0.02217974715610207 0.4735920999385555 64.39923071483405
0.4712375515290762 0.09597147380366206 0.8767694373350577 23.705339123753664 -0.06099379865050071 0.9952286499007617 -0.07615570197227214 -3.16234092620969 -0.8798948383500507 -0.017590071991335735 0.47484277694019533 64.74924653292993
0.4722294662637225 0.10053434137273061 0.8757238020043937 24.335995673194965 -0.0617197712517581 0.9948075668656918 -0.08092326453741704 -3.2245387257204112 -0.8793122318203636 -0.015835122718608576 0.4759824028885691 65.10183972086062
0.47196120701816446 0.10344519262911568 0.875529389108031 24.97630219591928 -0.0665163451514399 0.9944399094428368 -0.0816384856242269 -3.2916089704219837 -0.8791064752904794 -0.019706816821793885 0.4762178561048508 65.45663383080623
0.4720500971593831 0.1040395697832771 0.8754110312825212 25.62329267176325 -0.0681733872163419 0.9943461497861171 -0.08141328933887533 -3.3560771076404046 -0.8789317920335263 -0.021248584066599397 0.476473926493252 65.80792618943055
0.47323947762826707 0.09986719149953012 0.8752547862629034 26.267280969260412 -0.06466905745349068 0.9948110018143113 -0.07854287795391461 -3.422992996117059 -0.8785569473985169 -0.01943231152494707 0.47724215598225944 66.16954842802639
0.4744216577385762 0.09830191789833807 0.8747918744513402 26.909200237046708 -0.060262618361149926 0.9950409293926166 -0.07913258280718703 -3.489772678746025 -0.8782326044373654 -0.015175037758975217 0.4779928982026552 66.52387894257377
0.47505023631421 0.09750920565509356 0.8745394375271623 27.53747367794153 -0.05777639479386815 0.9951532504964057 -0.07957321302461816 -3.5620500410247224 -0.8780598847359071 -0.01272646215375084 0.4783815171791368 66.90200986776958
0.47524099563167094 0.09726133490649286 0.8744633947760334 28.175197572020693 -0.05759822158546688 0.9951786025254972 -0.0793850990148039 -3.627456081812824 -0.8779683598747781 -0.012640482886575334 0.4785517498151945 67.26339984339258
0.4758904967933666 0.09537570646685235 0.8743178539168186 28.803561227384535 -0.0562415457308207 0.9953681850529167 -0.07796835716026553 -3.690044441226171 -0.8777044625587642 -0.01206858734117429 0.4790503372340088 67.65124935228704
0.4758047047194262 0.09426346805703392 0.8744851522791682 29.436615848899 -0.05494984636575737 0.9954840401295948 -0.07740826978843444 -3.7527169331860395 -0.8778327843907618 -0.01122160581734843 0.47883575285440055 68.03430517108998
0.4754742923855366 0.09539145546000262 0.8745425475674099 30.06742487036527 -0.05715918487051263 0.9953530759633994 -0.07749246256983779 -3.8209535831461223 -0.8778707335738049 -0.013142465347928288 0.47871729730517 68.41542821911888
0.47575078653612646 0.09768985664595194 0.8741383649164189 30.70061773894339 -0.060057751508592425 0.9951017087981083 -0.07852168891979452 -3.8936615668895413 -0.8775273531884848 -0.015142029440540206 0.47928745377949594 68.79949391239131
0.47644150058667306 0.09691136846054514 0.8738487759228274 31.33916910458738 -0.05857910460220412 0.9951970389069882 -0.07843049314371696 -3.9596988721942807 -0.8772525206704861 -0.013821737006145975 0.47983015178645205 69.17808705851282
0.47593353870436556 0.09813713165966449 0.8739887700227927 31.97759271312258 -0.06134602339620458 0.995038761897089 -0.0783232260302183 -4.020387904382337 -0.8773391203803754 -0.016339085406534545 0.47959264187252226 69.56625589573862
0.47624956556675035 0.09881484944576951 0.8737402227358494 32.61548053715626 -0.06318537738117964 0.9949426417356125 -0.07808167353072404 -4.092668977354671 -0.8770370342138797 -0.018021242608948343 0.4800846544435157 69.94682388767939
0.4772774974430904 0.10015842846051384 0.8730260475167858 33.2673023943343 -0.06634233750603263 0.9947548964646581 -0.07785493056848372 -4.160087507983051 -0.8762447630021506 -0.02076018227058471 0.4814188718189136 70.32773908162349
0.47748455161222825 0.10158477008401623 0.8727479804953129 33.90609958779291 -0.06773964717374123 0.9945936996388963 -0.07870649807601914 -4.239143370263857 -0.8760250242843779 -0.021538503327550883 0.4817844431921423 70.72384671828421
0.4786569322083223 0.10430666309043048 0.8717841827447071 34.551143533522755 -0.06870749192862464 0.994323234868894 -0.08124398533267962 -4.316219966174289 -0.8753095577004709 -0.021010107919716105 0.4831063584381872 71.1121955903532
0.4794635586134744 0.10543504057200892 0.8712049977940222 35.1959527563105 -0.06854713744562851 0.9942227163004159 -0.08259830712692104 -4.393907107192102 -0.8748805552243757 -0.020115730456582912 0.4839208318294269 71.51488063883265
0.4799597155306713 0.10979284316296467 0.8703931313250982 35.84755116978697 -0.07461604349572631 0.993651635088284 -0.08419545201151928 -4.4620609433944045 -0.87411161616853 -0.024534866548909733 0.48510506367452616 71.91520596774507
0.4810113937848876 0.11109637308349896 0.86964684495306 36.512594329715576 -0.0784350748356974 0.9934141380775875 -0.08352418394143657 -4.526259539437594 -0.8731987048115891 -0.0280347312321055 0.48655737149909173 72.30944373419318
0.4817565695357403 0.11093646769115961 0.8692546852593683 37.171631753396724 -0.07743217610762972 0.9934633424233552 -0.0838739850266629 -4.6094612432981865 -0.8728773486649718 -0.02690143857164833 0.48719754390840614 72.71767019430652
0.48304773909193927 0.11202826241092273 0.8683976912563477 37.84257467566668 -0.07793779866901139 0.9933456791136573 -0.08479422931341647 -4.682315844660803 -0.8721184445342232 -0.026721343667882157 0.48856462059362055 73.11060008771875
0.48369503895543464 0.11432902312689679 0.8677372780748501 38.50595016974904 -0.08196998489164327 0.9929914796385689 -0.08514013708040409 -4.75307564870003 -0.8713897123943815 -0.029946549651933912 0.48967660072458 73.530616121355
0.48518600221686287 0.11347399852684245 0.8670168365788223 39.17669460985313 -0.08314276946434387 0.9930382489616361 -0.0834404936766767 -4.8189198312905654 -0.8704492076730358 -0.03160202141538943 0.4912428005618441 73.9525934665949
0.48653615756624574 0.11289639247726377 0.8663353692111923 39.859358130890776 -0.08332016747294697 0.9930918303019575 -0.08262182689694736 -4.907676804493233 -0.8696782836618101 -0.03198470186086954 0.4925816295538412 74.38337931187374
0.48711737337262473 0.11662549346876067 0.8655143897311719 40.504237014448805 -0.08758360859182396 0.9925707778739541 -0.08445331501325981 -4.996365589943864 -0.8689337006150628 -0.03466619655893626 0.4937129517761792 74.81541336695533
0.4898786381249265 0.12458330443637541 0.8628429290227628 41.17639102950583 -0.09043025545007786 0.9916590191873849 -0.09184094165212227 -5.0869431896423425 -0.8670878207010518 -0.03303619106416921 0.4970586698488122 75.23246758504497
0.49191697240432986 0.1287840877681562 0.8610646613340263 41.8359847175146 -0.09313441871503877 0.9911083726445048 -0.09502722622793076 -5.17943139171619 -0.8656463898793595 -0.03344925128738108 0.49953726114990044 75.69305023422939
0.4937293229254501 0.13361707001783868 0.8592891447489747 42.49964098562817 -0.09875758133381862 0.9903478808678954 -0.09725232639666934 -5.257789548197521 -0.8639897544604734 -0.03684499233706171 0.502159487341433 76.17333998978854
0.49574524977003825 0.13528216434652637 0.8578667631632324 43.141073407826454 -0.10384846264085765 0.9899397837975386 -0.09609745710482837 -5.316729967445962 -0.8622367100382419 -0.041448286630491556 0.5048067901661225 76.64970647095363
0.4981373537556783 0.1359881213172321 0.8563681496026693 43.80549195062977 -0.10587616832569127 0.9897745081006193 -0.09558587811412546 -5.3796970574039955 -0.8606099080152161 -0.04305408197590954 0.5074415555029479 77.13045250758037
0.5005368906078044 0.13546452308194265 0.8550509833494447 44.46583072624803 -0.10843900075198744 0.9897132764962541 -0.09331995200899543 -5.444607385861879 -0.85889685309505 -0.04601079561616575 0.510077643531047 77.61865037606854
0.50359165514408 0.13320004685297246 0.8536118511288439 45.132756789153916 -0.11107373599625098 0.9898255615390137 -0.08892684013172146 -5.496040679867149 -0.8567718891519958 -0.050031042786889524 0.5132629196781849 78.1056320143462
0.5068069975469113 0.13068059575054794 0.8520969716715149 45.78593569770636 -0.11139774146030673 0.9900836234969719 -0.08558598997879528 -5.493173186809196 -0.8548316854416583 -0.05154609953614032 0.5163388317641645 78.60617810304603
0.5090575355904541 0.13018288570724504 0.8508306774720265 46.443320341766494 -0.11184539066662941 0.9901198398930078 -0.08457725011417082 -5.543416370488822 -0.8534348446397074 -0.052106803002874354 0.5185883213451847 79.11638687737673
0.5116715472225619 0.13233318250640677 0.8489288289194773 47.08708167666104 -0.11312969676697937 0.9898415319978028 -0.08611279371646915 -5.619863266026734 -0.8517005926217732 -0.05197759459584412 0.5214445609916253 79.57994074043158
