1.0 0.0 0.0 0.0 0.0 1.0 0.0 0.0 0.0 0.0 1.0 0.0
0.9999998994531419 -0.0004195177799421594 -0.0001584251820166027 -0.007355716652873361 0.0004197738340231667 0.9999986002019519 0.0016196864094630522 -0.01842539430765364 0.00015774547300662127 -0.0016197527493547355 0.9999986757578215 1.3106200546812872
0.9999983597825912 -0.00172016074136004 -0.0005669913147762155 -0.011770600662521538 0.0017211109083992537 0.9999971083577808 0.0016795991538793003 -0.036438200890728495 0.0005641004947144457 -0.001680572253908365 0.9999984287325312 2.625361235358434
0.9999951190434782 -0.0030035031984531934 -0.0008607309433682334 -0.0007947933054860447 0.003003880635922875 0.9999953926143718 0.0004375513152665184 -0.04746061583097601 0.0008594127908739321 -0.000440134712611101 0.9999995338454362 3.9418687215241732
0.9999949502999976 -0.0030764711701636123 -0.0007966803903881384 0.007989431970813426 0.00307703052323656 0.9999950196441115 0.0007018334076424532 -0.07848751145868144 0.0007945172523913818 -0.000704281273472791 0.999999436364953 5.260942067045334
0.9999928048410366 -0.0036769185082443966 -0.0009330254231912576 0.0014547074951496916 0.003678442547450266 0.9999918945908656 0.0016370134380902708 -0.09860816722428736 0.0009269986956297192 -0.0016404337399328847 0.9999982248237061 6.58149898792169
0.9999874974319491 -0.004916701816827684 -0.0009116046467230912 0.004502180355118285 0.004919349262991761 0.9999836219780317 0.0029250262436476453 -0.12056680274587778 0.0008972082345957903 -0.002929474174954988 0.9999953065882071 7.908541352406961
0.9999893977676021 -0.004520025451941494 -0.0008796148602245866 -0.01687267353162187 0.004522941762087383 0.9999841862746651 0.0033421846766442755 -0.1342517753066066 0.000864494190433355 -0.0033461276888114904 0.9999940280218104 9.238585233376046
0.9999924724563005 -0.003599054919677962 -0.0014497704715841493 -0.012482859131461611 0.0036013616498102963 0.9999922484010287 0.0015916444711604695 -0.15389082166044532 0.001444030817680611 -0.001596853637764552 0.9999976824140432 10.569209290103615
0.9999984446276674 -0.0007640586008566303 -0.0015896404311261706 -0.015860138925526287 0.0007630635710265919 0.9999995126415326 -0.0006264588444510582 -0.17341809807012581 0.0015901183076696618 0.0006252448733702813 0.9999985402952427 11.90376267674458
0.9999956050601386 0.0027067290784395684 -0.001209742990375138 -0.036456394067727826 -0.0027085698435640546 0.9999951726920794 -0.001522577400562603 -0.19455285917954532 0.001205615946048962 0.0015258473823086837 0.9999981091381906 13.241327463037132
0.999987203898826 0.004899875815102225 -0.0012582748523564192 -0.04422224418560984 -0.004902054511936132 0.9999864809615784 -0.001734288223063138 -0.21263202869817807 0.0012497600447697616 0.0017404341628528177 0.9999977044917431 14.57973057693951
0.9999815477314651 0.00597983473223183 -0.0010704079402547434 -0.05414779182262077 -0.005980934491429819 0.999981586487098 -0.0010271851611906076 -0.22932183953661794 0.0010642458327810669 0.0010335682470639343 0.9999988995581377 15.929953476079136
0.9999938696923438 0.003419719958240388 -0.0007523916125666239 -0.05295006954803639 -0.0034185051385344327 0.9999928608108518 0.0016100155109951557 -0.2453403890725668 0.000757892043276643 -0.0016074335865110046 0.9999984208772111 17.28154758605427
0.9999994762878824 -0.0008719909218994275 -0.0005357758792954126 -0.05965822022594819 0.0008738264164546874 0.9999937177812201 0.0034352329596368625 -0.2659150680322182 0.0005327770214787361 -0.0034356993356803754 0.9999939560410954 18.63396390229976
0.9999952686868139 -0.0029409948776191338 -0.0009017500299788369 -0.05139249804481877 0.0029420630483487824 0.9999949693867873 0.0011855235709676715 -0.2892695697031275 0.0008982588748737705 -0.001188170967326434 0.9999988906897578 19.985851045517
0.9999907238265797 -0.004198530763446176 -0.0009615613457797565 -0.05413909864572138 0.0041977526487149835 0.9999908614955052 -0.0008098136680370939 -0.3075589696204851 0.0009649525861450403 0.0008057697593789048 0.9999992098004884 21.340493744313168
0.9999984772479561 -0.001726568344993032 -0.00025389666998140346 -0.0644233827791165 0.0017259355553962893 0.9999954557622225 -0.0024717607819251678 -0.3310728546668494 0.0002581631801370878 0.002471318808756253 0.999996912962794 22.70505193372234
0.9999993562643932 0.0009511976911926803 0.0006186224625690664 -0.07320575710338421 -0.0009509662303895448 0.9999994777655984 -0.00037434176714335214 -0.3506395196566686 -0.0006189782125276575 0.0003737532370949306 0.9999997385872108 24.07147064568653
0.9999983834827446 0.001381483172262914 0.0011508849385884748 -0.07900582917390965 -0.0013850442395936637 0.9999942383825936 0.0030991699002384096 -0.3676537674997018 -0.001146596856564526 -0.0031007589169314486 0.9999945352899622 25.448110002848118
0.9999984061448672 -0.0009151096460328194 0.001533062966874921 -0.07086187795584176 0.00090738394962629 0.9999869250879023 0.005032524973602742 -0.3812621428379391 -0.0015376482343584924 -0.005031125875757118 0.9999861616094142 26.819769578097812
0.9999865277358563 -0.005019089808208769 0.0013240408913962032 -0.0807387423285461 0.0050149718386325775 0.9999826342762856 0.003095351889197988 -0.3917873909853952 -0.0013395537475876325 -0.003088670160016216 0.9999943328401416 28.194320746216437
0.9999858857712501 -0.005172090866363848 0.001215620976122641 -0.06978297743157712 0.005171045839209871 0.9999862591792646 0.0008612418878590758 -0.41305074638209327 -0.0012200586937944965 -0.0008549437003034727 0.9999988902634108 29.56970841907786
0.9999837707371634 -0.005475028898948519 0.0015755382697061676 -0.06297842804218345 0.005477672903177199 0.9999835882873012 -0.001678766100171921 -0.43123627790037444 -0.0015663211195115583 0.0016873691383234846 0.9999973497082588 30.94954342494388
0.9999964953632278 -0.0016234001553507029 0.0020913711284670047 -0.05824203205882392 0.0016289431924301472 0.9999951581382063 -0.002651460770848432 -0.4485375801764046 -0.002087056620509593 0.0026548582032040234 0.9999942979450352 32.33513966431556
0.9999970189738115 -0.0007120353345286645 0.0023356046694870247 -0.053864942433815385 0.0007234653496820425 0.9999877497538743 -0.0048966253757465605 -0.47157859685896614 -0.002332089487467324 0.004898300507826961 0.999985283897097 33.71769954805114
0.9999970108984627 0.00036955439561196064 0.00241694511479406 -0.05980272151958036 -0.0003589918011379921 0.999990390562438 -0.004369199888895772 -0.49546007351316335 -0.0024185365463349393 0.004368319165433602 0.9999875341566228 35.1108556771988
0.9999976018728017 0.0005780502537482645 0.0021123698893058813 -0.049039697460970234 -0.0005714261472974485 0.9999949222218567 -0.0031351240263334385 -0.5248612894655857 -0.002114171422398988 0.0031339094445196726 0.9999928544198654 36.50792150745459
0.9999962278443517 0.0021552713964609746 0.0017026750350012643 -0.039160618315190486 -0.002152382802952726 0.999996244530689 -0.0016965178417722843 -0.5477373035374277 -0.0017063250970351916 0.001692846633778515 0.9999971113582966 37.90593117031719
0.9999865513195975 0.004878077563678712 0.0017611187412651563 -0.04942133300040531 -0.0048755198609874055 0.9999870579463396 -0.0014537007631272045 -0.5646583339431582 -0.0017681872138486296 0.0014450948433695889 0.9999973926040359 39.3016676767713
0.999972234498552 0.00701824001005098 0.0025049030189494927 -0.08091994765867305 -0.007013716973211938 0.999973765649946 -0.0018099132814118144 -0.5831039775910671 -0.002517539710252969 0.0017922943474416924 0.9999952248259886 40.704145505438674
0.9999476804021395 0.00988710216943887 0.0026232935542342857 -0.08110573514451191 -0.009883409508387744 0.9999501540735786 -0.001416892626770376 -0.6083367734038483 -0.002637171755900617 0.001390891411060695 0.9999955553632288 42.110808603384335
0.9999385821673371 0.010750501212314988 0.0026941820390909673 -0.09637043966227402 -0.010746543436391223 0.9999411601473706 -0.0014792049554956926 -0.6258275232721658 -0.0027099257084839705 0.001450160961624592 0.9999952766567648 43.51839340760874
0.9999536503494458 0.009349373049088623 0.0022992121275678522 -0.10063423576759437 -0.009346248801035848 0.9999553900547686 -0.0013658454395690212 -0.6569741191658447 -0.0023118793583825075 0.001344293124519572 0.9999964240385198 44.92788099709013
0.9999587693815692 0.008878478088293514 0.0019058236365289997 -0.113145738480218 -0.008874754956871284 0.99995871100966 -0.001953202589237523 -0.6737888829967918 -0.0019230864133856608 0.001936208339721648 0.9999962764110232 46.340951654105545
0.9999661052947538 0.00816345707789529 0.001070621398510255 -0.1137932797288157 -0.008161773230609293 0.9999654630939154 -0.001567825597222647 -0.7026184702365826 -0.0010833832995279418 0.001559034287165703 0.9999981978447348 47.75660264049254
0.9999618559840722 0.008729595883308003 0.00028413483478179503 -0.12021709456317514 -0.008729513187783665 0.999961854733548 -0.00029099372301070125 -0.7306441576617496 -0.0002866642539890828 0.0002885022645542029 0.9999999172950207 49.17908734113706
0.9999499332311573 0.009993265755577185 -0.0005154323844871642 -0.12456614205794656 -0.009993780275232352 0.9999495553854869 -0.001005504936562984 -0.7442464942774786 0.0005053581056498284 0.0010106057121770664 0.9999993616444357 50.60173150606897
0.9999474274400432 0.010158470729305537 -0.0013956462595376578 -0.14499877802367034 -0.010159347119012934 0.9999481988643055 -0.0006222974744912065 -0.7635270036315331 0.0013892523727970704 0.0006364436135259186 0.9999988324580039 52.02774075094263
0.9999469704600086 0.010004855803570254 -0.002441132565165864 -0.15652469901441882 -0.010003970795436589 0.9999498889102677 0.00037448186513386013 -0.7863197956939457 0.0024447568744147786 -0.0003500409876431061 0.9999969503129155 53.45649119989289
0.999961853846306 0.008131554475095313 -0.003188835849934629 -0.163841581467392 -0.008127250365158253 0.999966047998034 0.0013603869653907898 -0.807702968274359 0.003199789643290104 -0.0013344186045346979 0.9999939903185548 54.883960559299915
0.9999711315099064 0.00671018515599265 -0.003565047260567019 -0.18310249468197934 -0.006704844440249455 0.9999763853362461 0.0015079227060253515 -0.824050795824491 0.003575081513733286 -0.0014839760872693956 0.999992508275508 56.31584369239905
0.999983113980994 0.00411744187308128 -0.004101027346421305 -0.18800581229190427 -0.0041142056495918535 0.9999912188143838 0.0007972490175348359 -0.8418871475583847 0.004104273961027265 -0.0007803630852949807 0.999991272946273 57.744773457923266
0.9999869914121096 0.0030547119502540385 -0.004084818411923039 -0.20727900929936374 -0.0030501621912775384 0.999994721502915 0.001119587832330737 -0.8657448652821321 0.004088216868551972 -0.0011071139093957218 0.9999910303505861 59.1727072190278
0.9999913444146189 0.0023024902670059286 -0.0034654919439129645 -0.21507468901679325 -0.0022963663024557495 0.9999957967683097 0.0017700699190547494 -0.8919399335044728 0.003469552946408206 -0.00176209655914201 0.9999924285803709 60.602115440229085
0.9999950519729552 0.0015209141129905604 -0.0027536974901581526 -0.2306210891301002 -0.001514382674757665 0.9999960391433425 0.002372412852115666 -0.9138980866929823 0.0027572948193459695 -0.002368230961582069 0.9999933943818787 62.02677880747909
0.9999976124365885 -0.0005913104644359626 -0.0021036808353771196 -0.25020879346965497 0.000594949733151623 0.9999983270021179 0.0017297478949078742 -0.9174576366711806 0.0021026544978926796 -0.0017309953493767024 0.999996291242704 63.45086217756297
0.999995559259826 -0.002549040406272837 -0.0015439733271677735 -0.2666066610787186 0.002550278915491922 0.9999964274559147 0.0008007202135420136 -0.9323890029377379 0.001541926743076777 -0.0008046542203739314 0.9999984874956085 64.87072586658446
0.9999972407064427 -0.0022616321099655622 -0.000635294970777415 -0.30032058715293014 0.0022618582302387 0.9999973788275455 0.00035543689220290286 -0.9477952562897761 0.0006344894380714854 -0.0003568728586064354 0.9999997350324228 66.28793793482457
0.9999998614673352 -0.0005238387147589074 5.1558812012504664e-05 -0.29640207828994736 0.0005238320320511622 0.9999998544094806 0.0001295415743285985 -0.9758821089601252 -5.162666339760882e-05 -0.00012951454822555323 0.9999999902803347 67.70151803237246
0.9999964584211316 0.0026437156900793097 0.00030645153577469616 -0.2854348513386996 -0.0026441658129337277 0.999995412173156 0.0014778429527229741 -0.9981575522227699 -0.0003025431332262759 -0.0014786480274997836 0.999998861033183 69.11438757490109
0.9999837089857859 0.005618542547235827 0.0010068478909679764 -0.29991028194531033 -0.0056213028178959045 0.9999803915824225 0.002759964726924302 -1.0160216160488156 -0.0009913211690267545 -0.0027655795611863584 0.9999956844167032 70.52845872761294
0.9999517729730761 0.009684063778174058 0.0016342082919177758 -0.29912210178860243 -0.009689247351428842 0.9999479558444777 0.003194383854927629 -1.0354987485358642 -0.0016031886239439364 -0.0032100640476555703 0.9999935626168031 71.93827483254209
0.9999073247561068 0.013411790109335152 0.0023379018688018875 -0.31731496648413254 -0.013418430041325154 0.9999059130036501 0.0028479598948129552 -1.0512881339822628 -0.002299485662287996 -0.0028790669321050568 0.9999932116466038 73.33827770079091
0.9998578053227399 0.016599366170389998 0.0029715615313509742 -0.31883795777167456 -0.01660585012512723 0.9998597568704939 0.002170790754151457 -1.070638047706842 -0.002935111039654572 -0.0022198273846879193 0.9999932287218584 74.7408480420582
0.9998299135493898 0.018059258686171996 0.0037426123931187183 -0.3326565957488928 -0.018067208412488996 0.9998345665793569 0.0021012979914556552 -1.090198619458036 -0.0037040453559436864 -0.002168559147252233 0.9999907886571885 76.14291245907935
0.9998255815501452 0.018200494085863217 0.004189092138360065 -0.3382438407670015 -0.01821139771937111 0.9998308310152287 0.0025796016172346054 -1.1156815097568464 -0.004141433449917274 -0.0026554409101340326 0.9999878985080531 77.53911297274749
0.9998445742579366 0.017149250789075688 0.0040902963631139315 -0.32568193278593305 -0.01715859094489899 0.9998502276425407 0.0022594335451193394 -1.134783459700435 -0.004050936157278143 -0.0023292660931220105 0.9999890821582588 78.9332413816059
0.9998638882374609 0.01604311239081852 0.003850135514626856 -0.31445171348227446 -0.016048589826477652 0.9998702385472225 0.0013960057670963093 -1.161260874482822 -0.003827239638029072 -0.001457604999941416 0.9999916137770442 80.3235625412895
0.9998825570234657 0.014784788965139486 0.004035117776600306 -0.35318623699445206 -0.014790929505412047 0.9998894887918776 0.0014961978089342114 -1.1747772553865539 -0.004012550882004449 -0.0015557052335897447 0.9999907395654448 81.70862411907233
0.9998809295374688 0.014940668965958866 0.0038604608709145553 -0.3507715580075639 -0.014947246587452258 0.9998868712263252 0.0016806453176473621 -1.1980288689965337 -0.0038349141763700193 -0.0017381484630107984 0.9999911360973057 83.09483695012871
0.9998861910818047 0.014771676552546516 0.0030663424053290747 -0.334214516952692 -0.014775512118216327 0.9998900771708216 0.0012319971480258575 -1.2205223608398197 -0.0030478066809121233 -0.0012771637151317464 0.9999945398487335 84.48118674931419
0.9998800475495273 0.015312799192339698 0.0023256597449159747 -0.3284028487876449 -0.015316049150504529 0.999881741672454 0.0013861127223217286 -1.2427801941268575 -0.002304159450509007 -0.0014215663736645108 0.9999963349924198 85.86311641095368
0.9998984489919385 0.014202901419422017 0.0011701686993205887 -0.32779357027458855 -0.014205425378617246 0.9998967266300525 0.0021776051796440943 -1.2535392922220836 -0.0011391195403584362 -0.00219400678578147 0.9999969443657799 87.24787855107085
0.9999277349350089 0.012019510999743764 0.00023719837334144333 -0.33650835354065 -0.012020201035073107 0.9999227581789557 0.003161082546494354 -1.2741868712069724 -0.00019918538526822257 -0.003163705282791414 0.9999949756344109 88.62680189630532
0.9999535598744121 0.009601386196036746 -0.0008315513234520193 -0.3488653247331405 -0.009598331081368311 0.9999474431236414 0.003603197322406586 -1.2892910578214045 0.0008661033087451136 -0.0035950484845567263 0.999993162722352 90.00412266723751
0.9999666033961981 0.008059340354202586 -0.0013561435486249313 -0.35590859179264206 -0.008054485820745397 0.9999612683110597 0.003547835382313113 -1.3100330510800797 0.0013846842357618304 -0.0035367938576771766 0.9999927868433729 91.37301558276201
0.9999735243002903 0.00703440523618998 -0.001862214119929578 -0.35380620114098676 -0.007028472282540845 0.9999702640801258 0.0031735678496920116 -1.3423648249267581 0.0018844829075792607 -0.0031603953069365416 0.9999932302899229 92.73890299687602
0.9999795960901618 0.006055521129802356 -0.0020342239802815555 -0.36172827602375346 -0.006049825008420223 0.9999777943211163 0.0027947239652938534 -1.3633745550424718 0.0020511023189811214 -0.002782360242889408 0.9999940257075318 94.10105323269566
0.999978610011631 0.0061642943194593815 -0.002186548592664232 -0.3653903382777891 -0.0061592444739936745 0.9999783664123639 0.002308769102570972 -1.3846820859154478 0.0022007332220377934 -0.002295252230690233 0.9999949442824613 95.45861821927994
0.9999801074019017 0.005981815594423993 -0.002000670556071276 -0.37265885030395746 -0.005977792665239065 0.9999801112180776 0.002010761828776143 -1.414593690039263 0.002012658771635163 -0.001998762235723573 0.999995977069005 96.81164914030514
0.9999743037269931 0.006922873385877346 -0.0018616416940154682 -0.3813814875877748 -0.006920629456791882 0.9999753211753583 0.0012091022124839984 -1.4332607799039765 0.001869966212414383 -0.001196187410717863 0.9999975361779863 98.16343227745979
0.9999602425657788 0.008712401929282758 -0.0018992999789068966 -0.3725709644999017 -0.008710181499039299 0.9999613762128695 0.0011742319690132487 -1.444000894777763 0.0019094570016212852 -0.0011576420370255826 0.9999975069163288 99.51339280318975
0.9999558162025219 0.009230755561699333 -0.001777299779594999 -0.3782412856850939 -0.009226231060445641 0.9999542183237561 0.00253730505542638 -1.461649625737016 0.0018006396545842504 -0.0025207951692234557 0.9999952016327625 100.85862106561079
0.9999398860654465 0.010815297098638255 -0.0018037749550552584 -0.3785764377974425 -0.010808572007891697 0.9999347501551461 0.0036973238044278344 -1.4806725814856037 0.0018436449144342874 -0.0036776053122588945 0.9999915380604961 102.20391202230898
0.9999436495283222 0.0104993143217068 -0.0015691292975902832 -0.38435804384071687 -0.010495925643090319 0.9999425996155964 0.0021524448650180527 -1.5009685616050092 0.0015916384241636441 -0.0021358541093027517 0.9999964524008824 103.54449613315158
0.9999405835729422 0.010803696505195557 -0.0014523999537681776 -0.38688776889870274 -0.010803901536379005 0.9999416272549493 -0.0001333953344255412 -1.5285102103272088 0.0014508740104878688 0.00014907899464333295 0.9999989363694638 104.88310074506683
0.9999497005490394 0.009914229574923938 -0.001518032878603457 -0.40025581395646875 -0.009916132823862576 0.9999500508953868 -0.0012514088587254426 -1.551316608309815 0.0015055502995031088 0.0012663989292021434 0.9999980647741512 106.21928854423949
0.9999691546490691 0.0077224933043175716 -0.0014327761826031825 -0.4045773785374934 -0.007722643628177235 0.999970175001251 -9.94150807949951e-05 -1.5739356221264187 0.0014319657177597207 0.00011047683415912435 0.9999989686339942 107.56395921440674
0.9999843389144379 0.005558288067678833 -0.0006537274736720513 -0.4088934692175662 -0.005557012201578651 0.9999826825779405 0.0019375653836868735 -1.602028560025854 0.0006644856993501911 -0.0019339022677619336 0.9999979092382013 108.90505409276697
0.999991219380938 0.004172631318644109 0.0003876969203965954 -0.4126288238215941 -0.00417360350503658 0.9999880606620689 0.0025415678420700567 -1.6279469990106834 -0.00037708726597554163 -0.0025431636187569083 0.9999966950565397 110.24343714164283
0.9999940432996425 0.0032804412450202483 0.0010733454568615935 -0.40913969865592564 -0.003281693709391267 0.999993934039797 0.0011672060686032648 -1.6500617578667252 -0.001069509995061668 -0.0011707215069402816 0.9999987427789715 111.57561223640317
0.9999863974559358 0.00495534673436134 0.0016277106133480961 -0.41685658485466814 -0.004953152487840342 0.9999868227033927 -0.0013493331703170407 -1.660604703542825 -0.001634375578241446 0.001341252517079108 0.9999977649265794 112.9043044215699
0.9999716331693833 0.007026926790949609 0.0027120391645570315 -0.4147324762841413 -0.0070174268645781775 0.999969264160913 -0.003496634622191345 -1.685352358410844 -0.0027365264032623436 0.0034775038972580854 0.9999902091470139 114.22784807111431
0.9999419807227927 0.009991496679162265 0.004025566082863684 -0.41966971166493455 -0.009978308377659584 0.9999448260880096 -0.003283008032168359 -1.712137640407918 -0.0040581461404858195 0.0032426492146457263 0.9999865082469728 115.5592572018437
0.9999212462574837 0.011273110004212597 0.005515276394933276 -0.4260563472306966 -0.011265610562116545 0.999935576354887 -0.001388941496813214 -1.7340702170830324 -0.005530578771006919 0.0013266991564643625 0.9999838261531062 116.89210574403911
0.9999114913944029 0.011499351464941087 0.00669135960068882 -0.42784048066042696 -0.01150478693044483 0.999933517892209 0.0007743858180753553 -1.7553088107388835 -0.006682009810306876 -0.0008512999447474101 0.9999773127592938 118.22645110713415
0.9999109688403971 0.011137367732090902 0.007349383148108781 -0.41712247633231836 -0.011146102011407678 0.9999372206521135 0.001148548856803894 -1.7763532780784868 -0.007336129947650704 -0.0012303635744571257 0.9999723333187099 119.56021893890335
0.9998963064780316 0.011686708471295295 0.008414103439845081 -0.40496883943200185 -0.011690190116738965 0.9999316008772093 0.0003647220512068733 -1.7917408260951928 -0.008409265522265038 -0.00046304670076659964 0.9999645342916559 120.90343472563215
0.9998526897514517 0.014080981232976778 0.009814518037231094 -0.40577532712381414 -0.014080218762604726 0.9999008580324544 -0.0001467840507094018 -1.8190959839050431 -0.009815611870065521 8.571866900630677e-06 0.999951825684687 122.26756971695652
0.9998073006640565 0.01611221081731294 0.011214196423764903 -0.4137967460548087 -0.01610724522372011 0.9998701278594065 -0.0005329781570622649 -1.8389600295931896 -0.011221327468497735 0.0003522456407407526 0.9999369768804695 123.62354121874752
0.9997847170495998 0.016854281508813317 0.012101766353419741 -0.3971510937162762 -0.016834817145549876 0.9998568247824987 -0.001708469354258823 -1.8592065613876216 -0.012128828703835618 0.0015043705262375506 0.9999253114026027 124.98294018223187
0.9997591877758663 0.01763013050198125 0.013066941349173836 -0.3913043874792609 -0.017599208435952748 0.9998420520409224 -0.0024776668509379667 -1.8816941782071104 -0.013108559042378622 0.002247102374048437 0.9999115541940458 126.33659116802079
0.9997529765891323 0.01712320932912662 0.014169739003963793 -0.37104799207090394 -0.017086125457609614 0.9998502834089762 -0.002734059954612096 -1.911039227509984 -0.014214433439865445 0.002491278639473229 0.9998958662844463 127.69212105939984
0.9997484161793004 0.01664298543804594 0.015037133459843921 -0.3594192293472249 -0.016618489348853238 0.9998603674646135 -0.0017525368152598898 -1.9328896207351935 -0.0150642012314698 0.0015022014631122327 0.9998854000494363 129.04938047617068
0.9997617603554076 0.014995579360668556 0.015860489610800173 -0.3500010847938492 -0.014983028254650508 0.9998873341431056 -0.000909881592581101 -1.9502147218339052 -0.01587234687677759 0.0006720266587426071 0.999873800529243 130.40708672117853
0.9997709421164642 0.014159037782084556 0.016049453219438785 -0.33001124482797545 -0.014150246795115031 0.9998996616468788 -0.0006611762951755814 -1.968808363627499 -0.016057204463878077 0.0004339211235510011 0.999870980625632 131.75577323659877
0.9998002099791677 0.011991674169432085 0.015991869066064115 -0.30571534522776195 -0.011984031901694498 0.9999280243725498 -0.0005736321008255428 -1.9910777503094206 -0.01599759685050003 0.0003818704258006814 0.9998719573375312 133.1096733036302
0.999822564096443 0.010440060810820315 0.015679459616982333 -0.2838139523035876 -0.010444224364493304 0.9999454407315085 0.0001836782285224391 -2.0188464518008207 -0.01567668654525974 -0.00034740543156383915 0.9998770528462121 134.46136986056047
0.9998431907246907 0.009331706572742437 0.015050355939642428 -0.2535338177188222 -0.009328707796826714 0.9999564503573998 -0.000269442885950044 -2.0436573685992556 -0.015052214863969899 0.00012900026200713988 0.9998867006749417 135.81446847260057
0.9998720082732034 0.007958023903923667 0.013879370564098097 -0.2390888213954829 -0.007951493933121888 0.9999682482396736 -0.0005256012828297925 -2.057525723034699 -0.013883112617222998 0.00041517227937792504 0.9999035387556316 137.16061011597318
0.9999011432267818 0.006581104647967602 0.012425491353959064 -0.20393163104509338 -0.006584292956490758 0.9999783000437862 0.0002157030393201214 -2.0778163521273205 -0.012423802157065917 -0.0002974947908165413 0.9999227773367353 138.5121019160759
0.9999254171612771 0.0047942490348320205 0.011232777529976734 -0.1852185835381056 -0.004799267728782393 0.9999883952988822 0.0004198771633961972 -2.0987508770475363 -0.011230634181265242 -0.0004737549544697404 0.9999368222103476 139.86227781060327
0.9999398138845453 0.00458757430039863 0.009966081004055789 -0.16615409826615432 -0.004592228148368045 0.9999893570357483 0.0004441349596903991 -2.1226556322987067 -0.009963937433284777 -0.000489874746648263 0.9999502387486873 141.212641675245
0.9999550697659622 0.004307243666433317 0.00844429401122158 -0.13624847862445744 -0.004306347092950382 0.9999907199122595 -0.00012435463109867806 -2.1482817258410605 -0.008444751273129273 8.798498284868616e-05 0.9999643385814199 142.56164073440598
0.9999663966101269 0.00408443944499046 0.007107953642167269 -0.12179986993183534 -0.00408104534456468 0.9999915514932828 -0.0004919460854201759 -2.170319152931846 -0.007109902914569112 0.0004629216732432598 0.9999746171698902 143.909332371478
0.9999813887964427 0.0017690743794408748 0.005838872885930833 -0.09667305349130713 -0.0017521479095096554 0.9999942519326568 -0.002902770977412796 -2.1960125740021077 -0.005843974541461621 0.0028924863844302065 0.9999787405160538 145.25704175085872
0.9999822250937815 -0.003814630697003264 0.00458236719778835 -0.0851944184564436 0.0038298784934949048 0.9999871436391918 -0.0033233397438462964 -2.2213062321379167 -0.004569630971418668 0.0033408305813740348 0.9999839785335615 146.60042786232665
0.999925991743705 -0.011642532886874616 0.0035302214302348482 -0.07471760821539745 0.011645806682670014 0.9999317728265442 -0.0009082283148210885 -2.2471152895209454 -0.003519406495180706 0.000949273374750636 0.9999933563069209 147.9533335178809
0.9998327904627499 -0.018200576245265068 0.001769220113928996 -0.05103383735386999 0.018199572373839557 0.9998342047561335 0.0005818634521303214 -2.2722657205254384 -0.0017795170357733962 -0.0005495671095031353 0.9999982656460511 149.30234985620703
0.9997642413738825 -0.021704666085732596 0.0006075691007330076 -0.03732257646389822 0.021706232628171694 0.9997607382349775 -0.002702914897287311 -2.2977262716646183 -0.0005487578673736722 0.0027154656980227397 0.9999961625480593 150.6474683575244
0.9997803833292281 -0.020931048022549893 0.0010374674643254872 -0.03322520967934866 0.020936729570358442 0.9997639385678678 -0.005806935005634298 -2.324522758777806 -0.000915677322803157 0.005827380881639529 0.9999826014321948 151.9910977422219
0.9998540226365973 -0.0170642275423353 0.0008634557303463825 0.016689092372905702 0.01707052657383484 0.9998230251857936 -0.007906670020769443 -2.366764491899739 -0.0007283817040922112 0.007920255469916655 0.9999683690064317 153.33568962045854
0.9998603958481619 -0.01669081284561087 0.0007781907927080639 0.049076849152985255 0.0166965853616604 0.9998276338778496 -0.00811951793389024 -2.399328207346764 -0.0006425353047475854 0.008131377544473803 0.9999667333704707 154.68225764256542
0.9998054655986217 -0.019673454394466584 0.0014093088065023445 0.05956826497243316 0.01967975038948814 0.999795742269763 -0.004602299844436952 -2.4293282944487493 -0.0013184778081850733 0.004629139384325381 0.9999884162753229 156.03080803648578
0.9996960351963566 -0.024584509312626422 0.0018544849802911475 0.07082571502791313 0.024587883456127634 0.9996960171620568 -0.0018191364614634853 -2.4601703209257852 -0.0018091986714060366 0.0018641813685726628 0.999996625808303 157.3806607854464
0.9995876048841773 -0.028656455013643722 0.0018514178255432342 0.07797099355637414 0.02865699892971191 0.9995892679649296 -0.0002679210248373977 -2.4890900228159594 -0.001842979722136417 0.0003208666141603176 0.9999982502336483 158.72957159548375
0.9995403838773478 -0.030246084878716772 0.0020482548263244956 0.07779516527958291 0.03024706821760612 0.9995423510932575 -0.0004508161483715243 -2.5109478646705896 -0.002033682021254046 0.0005125626494602129 0.9999978007060641 160.07630588573747
0.9995940884384478 -0.02832486730324986 0.0030594527553025747 0.0725280113155911 0.02832410228178408 0.999598749160074 0.00029309988678480044 -2.531062628957259 -0.003066527162714485 -0.00020632466138460217 0.9999952769094926 161.4267980138251
0.99969997620487 -0.024156427796442257 0.004052724034264084 0.07527951931158104 0.024159348283023723 0.9997078936733295 -0.0006732145065597374 -2.5539917614080077 -0.004035277750314094 0.0007709236976273141 0.9999915610694565 162.77661120937586
0.9997774250334994 -0.02050213877330214 0.004976213329995974 0.07120991275667388 0.020517435939668528 0.999784865198163 -0.003042719696223573 -2.572151046682298 -0.004912760511867012 0.0031441416012094295 0.9999829894341918 164.12746342419584
0.9998194268991377 -0.017874743095988715 0.00645036079085032 0.05560810904402494 0.0178975581211149 0.9998337110986583 -0.0034967933858375947 -2.596706681856406 -0.006386783884009472 0.0036116076661692476 0.9999730822785597 165.4785767022075
0.9998567994608084 -0.01538544302379065 0.0070476034898775625 0.059251786336821086 0.015404042901477823 0.9998779896561734 -0.002592539954549579 -2.6205522720668237 -0.007006856233594897 0.0027007302879408883 0.9999718046133261 166.83691941926347
0.999885427324188 -0.0134492791103293 0.006946158372690205 0.06347593921030516 0.013469912682389668 0.9999049769949925 -0.002932308471088998 -2.650047747117542 -0.00690606089278303 0.003025536655419345 0.9999715758214782 168.197889922871
0.9999080894669623 -0.011942094035451854 0.006418645384964364 0.057272882287661656 0.01197746191008257 0.9999131399214741 -0.005500274408463593 -2.664042717925639 -0.006352403066715432 0.005576647955923593 0.9999642733482292 169.55824395490646
0.9999519054442172 -0.0076356367270669 0.0061549858043426 0.0653934964610543 0.007686130402786319 0.9999366572027515 -0.00822222485801484 -2.7036985249511813 -0.006091814008220599 0.008269137437282225 0.9999472541930053 170.91752755892006
0.9999792014493337 -0.0025087729013365725 0.005941609822467871 0.06465902269266811 0.002565344312284925 0.9999512709746206 -0.009532821450007395 -2.7315253480065778 -0.0059174046094849 0.00954786545610136 0.999936909303741 172.28195250922747
0.9999776898017132 0.002221976649740041 0.006299422084355359 0.057220617472437216 -0.0021688706704292454 0.9999621601053307 -0.00842462803294972 -2.763709276581925 -0.006317903041659114 0.00841077744602841 0.9999446699312456 173.6507350793828
0.999964902738321 0.004839386746047736 0.006839124758527426 0.05158068332958167 -0.0047945446057718315 0.999967002187833 -0.006557962907739092 -2.786871577590234 -0.006870635601150025 0.006524942252479659 0.9999551087399055 175.02710572660283
0.9999566011296113 0.00610880131619517 0.007034088696839624 0.05275550952281528 -0.006078365561661581 0.999972107796865 -0.004340172852721799 -2.823074354515549 -0.007060405754244019 0.004297228731630177 0.9999658416645099 176.40643860327077
0.9999759361600248 0.0029794530598274195 0.006264978878387698 0.0664274819292296 -0.002956702958966112 0.999989013390212 -0.0036374450484968858 -2.8433241085143015 -0.00627574764428908 0.0036188338360137757 0.9999737591722948 177.78295447435355
0.9999882387727301 0.0007702099604105792 0.004788433233354606 0.052456370083566434 -0.0007520871324170303 0.9999925526844446 -0.003785358713676487 -2.857655183787271 -0.004791313093366249 0.0037817128741931133 0.999981370809765 179.15847152050858
0.9999954629216096 0.0007150921173001355 0.002926222728979248 0.04742100245809822 -0.0006914872290219868 0.9999672805897849 -0.008059751564420757 -2.893596259207299 -0.0029318904495084586 0.00805769155104974 0.9999632381369119 180.5394358729142
0.99999688998847 0.002179951144482134 0.001211538854257816 0.06288990546652028 -0.0021647009097152886 0.9999201601877349 -0.01244939035068492 -2.91278601428573 -0.0012385811879661813 0.01244672901367743 0.9999217693667335 181.91878296145077
0.9999737717873027 0.007216859071491093 0.0006104773684973868 0.04688955378541103 -0.00720829174859743 0.9998890925073072 -0.013032390992383016 -2.9521830640703084 -0.0007044625911396714 0.013027648677082091 0.9999148884292115 183.30678552166134
0.9999447422357598 0.010503847763296579 0.00042621265254032893 0.032182456515694235 -0.010497836561448691 0.999869787506256 -0.012255752107532315 -2.9776486770159196 -0.0005548897086901465 0.012250600571305009 0.9999248046143528 184.70083121286572
0.9999257969760497 0.012172571357723275 0.00047858996297935725 0.03101026882758665 -0.012167741648268213 0.9998849891491229 -0.009052874540003667 -2.992679997021774 -0.0005887316812711395 0.009046379430312399 0.9999589073628018 186.09644813114932
0.9999153976261446 0.012978054749467217 0.000876176391334451 0.021473819354596024 -0.012971393103946965 0.9998897796388725 -0.007222986547656645 -3.0187223972672115 -0.0009698201337263091 0.007211010237448024 0.9999735300398015 187.4958426808287
0.9999212952327399 0.012512014936408683 0.0009234837901887068 0.02067946419452034 -0.01250578362606072 0.9999008654850972 -0.00647028423249947 -3.0388206622227965 -0.0010043485340309657 0.006458226101822603 0.9999786410717172 188.89750815515825
0.9999402566636129 0.01088106575024831 0.0010418789020800218 0.0211885462617335 -0.010874733848895833 0.9999234531077154 -0.005901532754788261 -3.0685155573240603 -0.0011060141154199741 0.00588985002176882 0.9999820430385217 190.3019727273542
0.9999679127992669 0.007916652180938242 0.001224740839362365 0.011490017268239682 -0.007909997572350615 0.999954424427544 -0.005346120666636886 -3.09573736453774 -0.001267008398932523 0.005336261427523819 0.9999849593887362 191.70997383325798
0.9999834327272392 0.0054967896037689985 0.0017086764172549662 0.011638067583406577 -0.005487372381894712 0.9999699939206353 -0.005468089493111198 -3.1243337966988567 -0.0017386820840529222 0.005458622757999483 0.9999835900764545 193.118518347066
0.9999935332047666 0.002760407242898999 0.002305146524802833 0.013631362317029761 -0.002749701452800462 0.9999854795912916 -0.004634624957070421 -3.1468957984347727 -0.002317906505432684 0.004628256521151691 0.999986603185765 194.5371235816462
0.9999946083078431 -0.001583356196109918 0.002876862596585807 0.008734624160259082 0.0015924497495135035 0.9999937348358855 -0.003161390954895269 -3.1727296982661564 -0.002871838964612683 0.003165955168769801 0.9999908645926867 195.95670621302364
0.9999861139298957 -0.0040421220857961 0.003381300996548699 0.006103149353463429 0.004053474351057773 0.9999861489203813 -0.0033572776275280613 -3.2000833245017315 -0.0033676836358329464 0.0033709370249982926 0.9999886476808129 197.37870879196527
0.999990087407426 -0.0025046674565917942 0.003681267148723507 -0.0077350257319811384 0.0025329207716244433 0.9999672207194445 -0.007690370536743785 -3.2252697732640647 -0.0036618846586222394 0.0076996186632608266 0.9999636525760253 198.79905121344564
0.9999780268170418 0.0052531549429286105 0.0040435437726389365 0.00035729422914864296 -0.005200987485270864 0.9999044787715645 -0.012805587129918073 -3.2575194707266966 -0.004110427261699063 0.012784275329851557 0.9999098292806284 200.22279316311
0.999882100439548 0.014531785209919086 0.004961092542023257 0.007409516819428032 -0.014467090119805667 0.9998129476255536 -0.012836396058293202 -3.2941727655540696 -0.0051467003082718826 0.012763110079942004 0.9999053027647282 201.6561769561703
0.9997222591488478 0.0227427670344921 0.006178277263015641 0.00398784839655124 -0.02268514253860695 0.9996999380447562 -0.009242195697541897 -3.3267903820374363 -0.006386616500696298 0.009099473661887802 0.999938203444967 203.09396662296356
0.999699825723467 0.023521259024800237 0.0068562980068004225 0.009765535759169075 -0.023472169214297692 0.999698890195047 -0.007154454218501248 -3.3541259042602265 -0.0070225152790991995 0.006991374448382948 0.9999509012758956 204.53161180273327
0.999739878973821 0.021872739098543873 0.006462017775952006 0.0180750125087693 -0.02182959223927805 0.9997394310871973 -0.006673741987199079 -3.3896923382750823 -0.006606306992302488 0.006530942793492907 0.999956850816149 205.9692488356385
0.9998122582310782 0.018693195497005988 0.005100267932421177 0.03501828393303229 -0.018658147467351595 0.9998025589208539 -0.00683496220887802 -3.4157811510141998 -0.005227028214801737 0.006738517449776269 0.9999636346180891 207.41702979030327
0.9998491356917696 0.016887695336573978 0.00406344713761118 0.05215742377270446 -0.016857195196654462 0.9998303253860416 -0.007426668737857458 -3.4517944773274105 -0.004188176992797224 0.007357049997045838 0.9999641658523651 208.86625208715253
0.9998458781416619 0.017190512105401866 0.0035645836618995274 0.04811360228018458 -0.017162723360653616 0.999823174465646 -0.00768509780561492 -3.49538707765365 -0.0036960641193472246 0.007622735400774455 0.9999641158636813 210.3210829346958
0.9998202656362454 0.018637383580348537 0.003476256081830334 0.042470671718748264 -0.01861076631983064 0.9997983871248562 -0.007538201345312825 -3.5273071377046725 -0.0036160475738252723 0.0074721506818832715 0.9999655449884908 211.78284111928713
0.9997939855092227 0.020034732578033825 0.003255154391197215 0.05398445371390976 -0.020012570736389037 0.9997772529436219 -0.006703842854961174 -3.5597378378770936 -0.003388739013982661 0.006637317758677393 0.9999722308448689 213.24321435043655
0.9998147630012625 0.01903925375633812 0.002818953907192737 0.053539362591125184 -0.01901854042756284 0.9997931998487477 -0.007200878849497926 -3.591719654386767 -0.002955470306782437 0.007145932591464136 0.9999700999743254 214.71222073929084
0.9998195638021576 0.01885207485557493 0.0023321904087531126 0.06315878907072334 -0.018832564199111678 0.999789657225267 -0.00812255077346023 -3.6306508044632784 -0.002484826784550649 0.008077164045684437 0.9999642918908795 216.18422059274377
0.9998300450687213 0.01831557008300382 0.0021025866005093784 0.06499712308617643 -0.018297538100108507 0.9997981604726117 -0.00829689189123862 -3.673864348822291 -0.0022541245203285517 0.008257009635115749 0.9999633696863754 217.65893602399137
0.9998196031386943 0.018916925875492523 0.0017061931322122593 0.06792323250238604 -0.018901753515079344 0.9997851388879473 -0.00850880560721073 -3.7050957556214357 -0.001866786982618897 0.008475020603351454 0.9999623438570737 219.1393253105031
0.9998069993535604 0.01958542252674343 0.001541190474235654 0.06567567329313949 -0.019571100153336712 0.9997695987372964 -0.008815978644003249 -3.7405268976462662 -0.0017135000487336907 0.008784114361299247 0.9999599508242661 220.61656081623036
0.9998041398298334 0.019758630397694613 0.0011307094823604627 0.07543570771382783 -0.019747735058583717 0.9997649434082333 -0.008949016258018848 -3.780255190774616 -0.0013072640063082432 0.0089249345508858 0.9999593174745052 222.10248098151442
0.9997945306983788 0.02026046579863028 0.0006402431025193237 0.06505376906548596 -0.020253787004439597 0.9997532464055194 -0.00912307040429056 -3.818390699230439 -0.0008249227761369021 0.009108228545956451 0.9999581789630834 223.5863350794671
