1.0 0.0 0.0 0.0 0.0 1.0 0.0 0.0 0.0 0.0 1.0 0.0
0.9999998550500248 -0.0005310913994858718 -8.855424771567457e-05 -0.011049005684878623 0.0005312341601203279 0.9999985467386154 0.0016199725072557868 -0.017505427494801877 8.769376555719786e-05 -0.0016200193154822223 0.9999986839227445 1.2281376412688214
0.9999986276855777 -0.0015693046601509054 -0.0005309518291509279 -0.012167647302213116 0.0015701965762561678 0.9999973499531355 0.0016836179549077667 -0.03677916732046237 0.0005283083126011481 -0.0016844493431988443 0.9999984417591545 2.433237155712251
0.9999955386017734 -0.002912944530492317 -0.0006614610429272677 -0.01514507595194653 0.002913425400194341 0.999995491567024 0.0007271850268848025 -0.0589591664594989 0.0006593398111277208 -0.0007291089000264987 0.999999516835496 3.695803724446276
0.9999946253669203 -0.003221698341879314 -0.0006081916364223923 -0.01776193849305892 0.003222148451942308 0.999994534653232 0.0007405558856451124 -0.07674070218795186 0.0006058024647752986 -0.0007425115891687221 0.9999995408398515 4.953448981640664
0.999992677702981 -0.003741337942624979 -0.000804320098695104 -0.01704688720907367 0.0037425218175959774 0.999991908235864 0.0014754637373461054 -0.09177584428385496 0.0007987933818630619 -0.0014784631190800559 0.9999985880369726 6.167556804702301
0.9999866380878768 -0.005137926845604112 -0.000570397611356204 -0.026041220993279844 0.005139460637867434 0.9999830911776032 0.0027209011811157504 -0.11223276111435615 0.0005564081753816106 -0.002723796360744753 0.9999961356641973 7.41757188295953
0.999989032934858 -0.004620183024277836 -0.0007667586516654857 -0.030508626173140214 0.004622662773972021 0.9999839870921833 0.003264436873124763 -0.13169649550238807 0.0007516640778048401 -0.0032679455385085814 0.999994377750731 8.68387914038179
0.9999922545313216 -0.0037823049068904904 -0.00108859862030621 -0.040191880807855226 0.0037838615520283192 0.9999918166182411 0.0014314636934128957 -0.14894189795790735 0.001083175479736524 -0.001435571712520652 0.9999983829310618 9.966352895892198
0.9999990694780415 -0.0009390335083439487 -0.0009895752227927978 -0.057812439620445494 0.000938160639964465 0.9999991708246714 -0.0008821590466730706 -0.1657467417413328 0.0009904027791659724 0.0008812298452804065 0.9999991212677614 11.249462553228197
0.9999963975536724 0.002577495912999797 -0.000749262635136403 -0.0703504384389122 -0.002578917475399186 0.9999948647347344 -0.0019025479798345257 -0.18395646929452267 0.0007443549778317224 0.0019044734125109658 0.9999979094561589 12.472588479986378
0.9999880895489189 0.00484188035525804 -0.000613966553845 -0.08617919574425424 -0.004843041091585851 0.9999864609688038 -0.001903373865685178 -0.21013880097624366 0.0006047423328037154 0.001906324660893003 0.9999980001044994 13.764736845578291
0.9999825557325992 0.005892185585803203 -0.0004127705442316602 -0.0958208478943189 -0.005892600524003316 0.9999821270521246 -0.0010113532386944665 -0.23289117536241355 0.0004068040858300364 0.0010137678883033832 0.9999994033923744 15.03966751862075
0.9999943348484759 0.003361844368671569 -0.00016814694643787047 -0.09578648554939352 -0.0033615435044764565 0.9999928035323663 0.0017586667524004626 -0.2548026567011546 0.00017405810029173235 -0.0017580915560112171 0.9999984394077117 16.311102976888417
0.9999997416336084 -0.0007186363725101377 1.7160447605911552e-05 -0.09711113186387071 0.000718570214841098 0.9999933121451364 0.0035859896606332212 -0.27379382065341373 -1.97373554409403e-05 -0.0035859764031474697 0.9999935701711653 17.540538049805196
0.9999953502302226 -0.0030324088230775405 -0.00032251304550611935 -0.10269721871377689 0.003032840778490439 0.9999944931872521 0.001347394516630047 -0.29194250537640376 0.00031842541846672227 -0.0013483663822717287 0.9999990402562158 18.816178767249514
0.9999917548677867 -0.004055097692142921 -0.00021535819478813654 -0.11168899264131385 0.004054955514009602 0.9999915630855356 -0.0006565771292541436 -0.3105334123606052 0.00021801886223099466 0.0006556984477894853 0.9999997612636324 20.101584708690144
0.9999983550805064 -0.00179587443685156 0.000254305502982097 -0.12065458889656057 0.001796429995442351 0.9999959631122078 -0.002201499161767502 -0.3371577978003133 -0.00025035086031196396 0.002201952382512206 0.9999975443620612 21.42536378536268
0.9999988456656471 0.0010790143752299466 0.0010697641569593712 -0.1300083785357481 -0.0010787161167312971 0.9999993791686206 -0.00027934550787264267 -0.3563397660299811 -0.001070064910634854 0.00027819121357732846 0.9999993887851815 22.71292922220391
0.9999972732899032 0.0016962736300137633 0.0016050135609887955 -0.1352376897684591 -0.0017015513941169872 0.9999931315096094 0.003292667073634292 -0.3755133468276351 -0.001599417272639159 -0.003295389108547998 0.9999932911150015 23.98195241893394
0.9999977521431281 -0.000760392304686795 0.0019792706318068104 -0.13356680924289646 0.0007498988802137534 0.999985689533212 0.005297016184201182 -0.3884152660425461 -0.0019832701178644123 -0.00529552002443651 0.9999840119258464 25.22996245714716
0.9999874264391205 -0.004714448322410873 0.0017090759725309269 -0.13701427141439204 0.004708580294199278 0.999983061615157 0.0034213673274772136 -0.4038234821637383 -0.0017251768830016947 -0.0034132769872612764 0.999992686625723 26.60224136584275
0.9999855162597119 -0.0051174918592591465 0.0016668976776886735 -0.13880515877366476 0.0051154125133127835 0.9999861357828477 0.0012493185767509397 -0.4238086244918535 -0.0016732679451033651 -0.00124077361270627 0.9999978303252597 27.87638230138069
0.9999836246803899 -0.005178719556176099 0.002435412660614163 -0.14638806990802378 0.005182081008134865 0.9999856262815098 -0.001375960319667972 -0.4420015146539158 -0.002428251942062106 0.0013885582935735156 0.9999960877415333 29.190112243283057
0.9999938656269902 -0.0017305584650291967 0.0030453038909125023 -0.15095861390368973 0.001737312537024091 0.999996034165313 -0.0022166187751092884 -0.462982430143758 -0.0030414558253556378 0.002221895822171624 0.9999929063375494 30.48093070542037
0.9999939522344798 -0.0007981465604545156 0.0033850341996152053 -0.1560114332659361 0.0008128916625552077 0.9999901785633877 -0.004356831865990299 -0.49197207264660403 -0.003381523563347979 0.004359557182971094 0.9999847796639507 31.851850586921245
0.9999938784584799 0.0003031176218800507 0.003485852158944437 -0.1592489971621182 -0.00028952388574200706 0.9999923548848774 -0.0038995317304295375 -0.5158038422993872 -0.0034870075259878933 0.003898498621821966 0.9999863211499498 33.170406383382954
0.9999947366779313 0.00014118290941615046 0.003241401521068633 -0.16296205827009658 -0.00013267239309457462 0.9999965442220243 -0.0026256317420088352 -0.5401056525601932 -0.003241761013832965 0.0026251878779665686 0.9999912996492198 34.44521438683568
0.9999951095866088 0.0013289334320039407 0.0028310314020747926 -0.16512617798973547 -0.0013259629123117337 0.9999985687254277 -0.0010508898375913224 -0.5645711588863586 -0.0028324239127299586 0.0010471308556628594 0.9999954404354806 35.788913593726335
0.9999862287454635 0.004339337886777893 0.0029516886912004225 -0.17395527316763526 -0.004336743115930649 0.9999902047459022 -0.0008849132129363251 -0.5840941468450921 -0.0029554997160909763 0.0008721003109593054 0.9999952522199678 37.140519801520796
0.9999715093846496 0.006755264753609074 0.0033685036876745615 -0.18858379869328223 -0.006750849161297414 0.9999763408795952 -0.0013204986393479169 -0.6051249935808757 -0.0033773443097557007 0.0012977207572343623 0.999993454711705 38.51901507258798
0.9999536542047275 0.00901648531030325 0.0033752681762075024 -0.1982266983316658 -0.00901382774367079 0.9999590532143072 -0.0008017506801524803 -0.6284694245665834 -0.0033823589430548684 0.0007712894364505846 0.9999939823621874 39.813039060153656
0.9999486814689826 0.009663314544059472 0.0030421670673684664 -0.20115310047949947 -0.009661574161718579 0.9999531540423715 -0.0005862639595385073 -0.655295994953527 -0.0030476898071857108 0.0005568417505996077 0.999995200745536 41.06015546592644
0.999956644125235 0.008910926728825628 0.0027028234555338433 -0.2073955630838662 -0.008908585769335845 0.9999599332504421 -0.0008769226655475324 -0.6720344255217359 -0.002710529355802837 0.0008528063112253177 0.9999959628678547 42.34654231762348
0.999963481612129 0.008279193080680036 0.0021190573570893153 -0.21050485198062655 -0.008276241096708773 0.999964774005839 -0.0013980632174361868 -0.6931720979036032 -0.0021305575465033447 0.0013804743328363887 0.999996777502387 43.61604678166709
0.99996833285475 0.007862268849509371 0.0012320780131138956 -0.21071226736407958 -0.007860779021825423 0.9999683722375288 -0.0012094121698764835 -0.7176016814112158 -0.0012415477688725585 0.0011996887782469434 0.9999985096518764 44.932686198777546
0.9999657251034818 0.008278028039306868 0.00015122846465290003 -0.2149977895023529 -0.008278017731210608 0.9999657342669382 -6.866166550801331e-05 -0.7402620829057657 -0.00015179166589097417 6.740744022471629e-05 0.999999986207764 46.23301161930076
0.9999615061397963 0.008724631313925885 -0.000931153621340196 -0.22218763026939325 -0.008725052340617807 0.9999618351770798 -0.00044905560852231236 -0.7642081466202583 0.0009272002394033549 0.00045716268672185885 0.9999994656508547 47.58106060943118
0.9999554441981463 0.009230804929642188 -0.0019753123396249795 -0.22987380513685812 -0.009231100537765309 0.9999573826010496 -0.00014058634043818556 -0.784615440305987 0.001973930431866628 0.0001588143833016327 0.9999980391863991 48.90772012217291
0.999952702879597 0.009204715939385363 -0.0031408929087182787 -0.2392790457244325 -0.009201924056608524 0.9999572544201227 0.0009021785997750148 -0.806142396621568 0.003149062947167122 -0.0008732336713091814 0.9999946604185002 50.087763041689655
0.9999623384500567 0.007798072337128101 -0.003809429001807419 -0.24702681295464646 -0.007791245795640781 0.9999680212876682 0.0018035772722638718 -0.8266316827270378 0.0038233716072080164 -0.0017738291490541906 0.9999911176404042 51.350768134422765
0.999970321400011 0.006404462941233185 -0.0042824261340669335 -0.2607621668051327 -0.00639574463566352 0.9999774530161712 0.002046438331828185 -0.8492419996909959 0.00429543591673195 -0.0020189882924288778 0.9999887363948464 52.69464475555868
0.9999805525600627 0.004065638650618382 -0.004729173715898346 -0.26966635421233837 -0.0040591193612437215 0.9999907994203227 0.0013873084425382793 -0.8712809953405469 0.004734770499583154 -0.0013680851823476949 0.999987855071876 54.02706990536033
0.999983791353726 0.0029411438629707498 -0.004875110522425747 -0.2790951360479962 -0.0029329537593564 0.9999942771013124 0.0016862819659584968 -0.8932485399209608 0.004880042220517617 -0.0016719561598764862 0.999986694786749 55.4058645307965
0.9999883742375902 0.001608960892209435 -0.0045456170658399655 -0.2841687569230485 -0.001598233022242559 0.9999959316544721 0.002362694586862309 -0.9149321698223443 0.004549400055889704 -0.0023554021634352397 0.9999868774337897 56.767941826838445
0.9999914196978446 0.0001410634176227804 -0.0041401246119017335 -0.2967300767270099 -0.00012874131630822845 0.9999955622870121 0.0029763790006594433 -0.9292908359512041 0.004140526097411045 -0.002975820457336009 0.9999870001836241 58.10500370757299
0.9999923725206821 -0.0016350065510781948 -0.0035470627335813755 -0.3136622673534316 0.0016439758646159693 0.9999954552430441 0.0025272191462477815 -0.9476629805917932 0.003542914593183339 -0.002533031155460206 0.9999905157097 59.46430998326286
0.9999888130988707 -0.003584346761454538 -0.0030864438122336106 -0.33033021321778683 0.0035897621190747954 0.9999920240980809 0.0017508135683947557 -0.9678455179771503 0.003080143672116843 -0.0017618735812961733 0.9999937042384035 60.83901525122071
0.9999933357313119 -0.0026440962539781778 -0.0025173891164840465 -0.3350310950368952 0.002647547834032569 0.9999955584951867 0.0013687513892475986 -0.9946305604966278 0.0025137588250673504 -0.0013754071756232685 0.9999958946274088 62.17605347304448
0.9999981463763832 -0.0010531841011489499 -0.0016118458509017863 -0.35159882355204025 0.0010551014253757367 0.9999987363608855 0.0011891331353929627 -1.021705564244918 0.0016105914379980887 -0.0011908315920424349 0.9999979939556579 63.57479243121499
0.9999978734509266 0.0018052820468706758 -0.0009970207400415221 -0.37443218430117436 -0.001802812004526358 0.9999953175780244 0.002472790104700081 -1.0404324515997523 0.0010014801551515363 -0.002470987405231646 0.9999964456230547 64.89333428597466
0.9999852750202874 0.005406986515588312 -0.0004628600442471045 -0.3704124414831749 -0.0054051370452147 0.9999777563359038 0.003907854517961024 -1.0710155347404322 0.00048397946522743085 -0.003905295152910611 0.9999922571868478 66.16286127784755
0.9999564624577952 0.009325158610051194 0.00033853476887672247 -0.3861371878232846 -0.00932652850602645 0.9999472624526475 0.004299788306601641 -1.0858968125423978 -0.0002984207074344428 -0.004302758458558961 0.9999906985641065 67.47108260973035
0.9999061709300688 0.013666435166133008 0.000936955611535927 -0.3955333804141637 -0.013669996074807853 0.9998989331603847 0.0039057229853810133 -1.105394837106475 -0.0008834836064366562 -0.003918164694557836 0.9999919336885396 68.85271448231092
0.9998603431896524 0.016595034923932127 0.0019745714836706314 -0.43004637891740155 -0.016601334292742624 0.9998570104767688 0.003217809838746053 -1.1190723828562006 -0.0019208894739828693 -0.0032501409709729907 0.9999928733582547 70.22184616517497
0.9998251996833595 0.018549067025378785 0.0023456748748337704 -0.42266048132818773 -0.01855625861050332 0.9998230669372236 0.0030822210536492938 -1.1404645648553755 -0.002288087522482545 -0.003125209230026706 0.9999924988332457 71.45440588173578
0.999819096910596 0.01882082182699895 0.002747747920856257 -0.4299423981537858 -0.01883065708666251 0.999816211670761 0.003598504413206506 -1.1684710051944853 -0.0026795161064519066 -0.0036495953314991344 0.9999897502711477 72.81181192192106
0.9998397769530821 0.01767257856671314 0.002846118271336231 -0.4345214631739764 -0.01768170331407451 0.9998385025712574 0.0032134318069597665 -1.1833348886572936 -0.0027888690044760816 -0.0032632411599951084 0.9999907866909615 74.15457809894619
0.9998627449544446 0.016382070476182137 0.002473665110055677 -0.4273227896106318 -0.016387357512506483 0.9998634443601235 0.0021324038235314186 -1.1980853895661163 -0.0024383941274127912 -0.0021726479748721585 0.9999946669032077 75.54475205095619
0.9998730667781587 0.015808621372842224 0.001984394600381914 -0.4241819543219984 -0.01581292718798085 0.9998726060817248 0.002173232865229438 -1.2228443869389252 -0.001949785985056768 -0.002204336097108093 0.9999956696091159 76.86101420741163
0.999874727838154 0.01571048884381893 0.0019259207838691768 -0.4388558664331019 -0.015714936550477374 0.9998738294985413 0.002316431120343814 -1.2426952827811926 -0.0018892855242042773 -0.00234640665892933 0.9999954624777052 78.21279253875137
0.9998789982472096 0.015484511479358568 0.001489553088115755 -0.44893134873179824 -0.015487186946709967 0.9998784430553982 0.0018017085195190506 -1.2614169149741303 -0.0014614734463404015 -0.0018245594967728446 0.9999972675352712 79.51947147262123
0.999879764245021 0.01546424330790888 0.0011463996838107845 -0.4760987889076379 -0.01546662844117815 0.9998781756654656 0.00210172133307556 -1.2805886791983574 -0.0011137584943718994 -0.0021191995689788814 0.9999971342634955 80.87494721699608
0.9998878193572559 0.01497427145716204 0.00034625903411522455 -0.49055585632374804 -0.014975227700318009 0.9998835215143834 0.0029471951611822543 -1.3043895794113707 -0.0003020866020063565 -0.0029520498508139475 0.9999955970629888 82.24239554777273
0.9999178241136524 0.012809619357330848 -0.0005085978166166857 -0.5062281586906777 -0.012807457444513642 0.9999097874212776 0.004047968989681941 -1.3302518535875043 0.0005604048766243994 -0.004041122499349606 0.9999916776030288 83.5917870421589
0.9999406481733563 0.010723049206688824 -0.0019277827571875668 -0.5036053957155344 -0.010714238926024655 0.9999323677252443 0.004523832404268164 -1.3500763515231207 0.0019761616543284254 -0.0045029091814935505 0.9999879092239163 84.89646103976588
0.999953971842382 0.009197056885145669 -0.002732826612855848 -0.5045771487137097 -0.00918433243619721 0.9999470912972683 0.0046327792773747205 -1.377471536892978 0.002775289957095487 -0.004607466850977008 0.999985534402809 86.13094819636152
0.9999621206161771 0.008030008387734214 -0.003358019965821433 -0.5060266959839126 -0.008016090556704504 0.9999593097256758 0.0041377753848830905 -1.397955328915458 0.003391109698115161 -0.004110700456363867 0.9999858011575834 87.27942542199925
0.9999691235081427 0.006973013792976797 -0.003623411237997468 -0.5165525018266408 -0.00695962240701316 0.9999689535254603 0.0036953539947621695 -1.4156239033088978 0.0036490664982282497 -0.0036700223211528302 0.9999866075352482 88.57397760577629
0.9999634895894866 0.007578743025417606 -0.003947422218514916 -0.5194007230706378 -0.0075667562527597975 0.9999667424075003 0.003042741977613118 -1.434689870294093 0.0039703510962964235 -0.0030127617041001645 0.9999875797124118 89.76673623088928
0.9999646372159607 0.00735353827529803 -0.004080415712328728 -0.5228929191023347 -0.0073426354856309575 0.9999694496886002 0.002680558449664575 -1.4601581526871799 0.004100002643516972 -0.002650502652449517 0.9999880823359913 91.02644297924179
0.9999565818663357 0.008523978906984876 -0.00376512493644317 -0.5381843931135722 -0.008517288889367867 0.99996212635667 0.0017893133378865012 -1.4787945754483691 0.0037802344065944794 -0.0017571669924525525 0.9999913110582475 92.26919059499748
0.9999456782798112 0.009739296519411744 -0.0037130301418990493 -0.5443450582505245 -0.009730915206746233 0.9999500799142141 0.0022686931909737928 -1.5041790719229233 0.0037349402628144546 -0.0022324387701861425 0.9999905331743753 93.5424422609208
0.9999397246594118 0.01035064037992105 -0.0036621430589937587 -0.5543529771945438 -0.01033718530458121 0.999939819813776 0.003674146264206988 -1.5257684078856593 0.0036999524372266558 -0.0036360685523768154 0.9999865445881987 94.93369727649302
0.9999259603859197 0.011641063825567718 -0.0035439214585365995 -0.5678731906398738 -0.011623349324681696 0.999920051555675 0.0049787797070660784 -1.5464246934282913 0.0036015964198727567 -0.004937218843046155 0.9999813260123035 96.26336505940694
0.9999349017112164 0.010812211911297966 -0.0036453276072747447 -0.5733431800543886 -0.010799155736922124 0.999935269948439 0.0035824779847098923 -1.5640504309441245 0.00368382615616922 -0.003542878310980405 0.999986938633763 97.49708773021085
0.9999335260564868 0.01105819065018054 -0.003264948358644226 -0.5928825881045923 -0.011054581386305188 0.9999382673921619 0.0011214433262017299 -1.585519544692317 0.0032771479389723194 -0.0010852761420886738 0.9999940412207876 98.87134910363218
0.9999407901139329 0.010334136805704273 -0.00340908826575335 -0.6059180205794884 -0.010334070189743139 0.9999466013806837 3.715551859459444e-05 -1.6098668267438139 0.003409290195359331 -1.9235611992294774e-06 0.9999941883514446 100.12366349175376
0.9999617480907749 0.008001933382776202 -0.0035314893994388154 -0.6089487477939776 -0.007997871742544503 0.9999673404981277 0.0011627487648589458 -1.6297916760903248 0.003540678300911699 -0.0011344598882218615 0.9999930882750802 101.37662052205106
0.9999796512677773 0.005703561858171136 -0.0028576970629148077 -0.6162044537282981 -0.0056943522098530635 0.9999786008484227 0.0032205897192882603 -1.65600978216162 0.002876004743306151 -0.003204251450785147 0.9999907306417182 102.6807835480001
0.9999896900312965 0.004120432931996376 -0.0019083667267209311 -0.6249874117156212 -0.004113230113826817 0.9999844604406294 0.003763006151065747 -1.6747719266263648 0.0019238422860112534 -0.003755117803101533 0.9999910989209574 103.92307393532255
0.9999938997196528 0.0033202956273492676 -0.0010845093023673755 -0.63411944071104 -0.003317646661731588 0.9999915312762699 0.0024352815787350717 -1.698128824957259 0.0010925859727351954 -0.0024316687041680894 0.9999964466152896 105.22228103971351
0.9999861499677958 0.00523845941979231 -0.0005083458382804683 -0.6423183304565094 -0.005238440014175894 0.999986278498922 3.949801732053325e-05 -1.7177072773178261 0.0005085457717736603 -3.6834531091413814e-05 0.9999998700121994 106.56365127348496
0.9999733643045492 0.007263149176791814 0.0007192673189526433 -0.6538987947422283 -0.007261679170554978 0.9999715818704221 -0.002025701653396365 -1.7425867306885432 -0.0007339598520167791 0.002020424608915987 0.9999976895909988 107.81267073522217
0.9999445297636743 0.010346161205481739 0.0019734092362071755 -0.6611247487654766 -0.010342165014698541 0.999944468793673 -0.002024586808851544 -1.7645073715910242 -0.0019942463519102994 0.002004065180580466 0.9999960033441334 109.06333220307563
0.9999292445922026 0.011523196650756571 0.002953260607271477 -0.6572409314380349 -0.011522962123029874 0.9999336038196476 -9.64166071220655e-05 -1.7856331915295454 -0.0029541755495715426 6.237947500873351e-05 0.9999956344682829 110.28494501502259
0.9999238798050915 0.011660170855291127 0.004034229933660781 -0.6631332524522521 -0.011668189709441777 0.9999299839513679 0.0019699096224292797 -1.80189349883957 -0.004010977990054257 -0.0020168318327222832 0.9999899221716797 111.58509498598508
0.9999323903001753 0.010633378413351352 0.0047059634609309476 -0.6664498729502579 -0.0106450557134229 0.9999403056137641 0.002463330653629689 -1.8157331208552023 -0.00467948901433293 -0.002513259351810561 0.999985892855492 112.86503659865876
0.9999198544953264 0.011289978662529693 0.005728958705046035 -0.6641604911412065 -0.011300468345766056 0.9999345240753609 0.0018019371095795763 -1.8369025149965306 -0.005708239764658923 -0.0018665326089211186 0.9999819658647896 114.12507883356699
0.9998879880988851 0.013255516083342255 0.006950003519951955 -0.6631765397030761 -0.013264334735326021 0.9999112753047118 0.0012243130861769574 -1.8577525980837044 -0.0069331579812022155 -0.0013163631216409305 0.9999750989442386 115.43405135326209
0.9998480289050846 0.015397458344481292 0.008175412597925126 -0.6632329745448797 -0.015405405211181162 0.9998809156422882 0.0009099585801430783 -1.8826531770986341 -0.008160427984833607 -0.0010357658365809483 0.9999661667297731 116.77551551308699
0.9998276276431457 0.016097093644948924 0.009251949938483009 -0.6597636379188901 -0.0160950882278215 0.9998704232803264 -0.00029117719466212387 -1.8997267427524707 -0.009255438207728811 0.0001422160532235804 0.9999571574013446 118.02665961142975
0.9997983196655513 0.017320522875339077 0.010164619090958477 -0.6541526614069796 -0.017311020288561012 0.9998496306239486 -0.0010221143388569544 -1.9231408445170037 -0.010180794198314996 0.000845948271186241 0.9999478165389504 119.20508425584049
0.9998005567253946 0.016457115356782147 0.011314155988141854 -0.6537817654404311 -0.01644368165912273 0.9998639750544137 -0.001279344316125705 -1.944776002438308 -0.011333671297680377 0.0010930427801953853 0.9999351744750242 120.43297438966295
0.9997976344831686 0.01601349869403736 0.012176121773190449 -0.6493606489333914 -0.016011555914634552 0.9998717737856725 -0.00025702895662566873 -1.965986102442288 -0.012178676408051186 6.20182882332869e-05 0.9999258352471349 121.6670529283781
0.9998065900081319 0.014703632369097426 0.013060848803391716 -0.6422083265941986 -0.014712565790860641 0.9998915913617744 0.0005881597291996031 -1.9854569572845564 -0.013050784810126045 -0.0007802045705354569 0.999914530495816 122.89938014940182
0.999816320022744 0.013749861554634028 0.013351686163388304 -0.6367886258940276 -0.013763766090790625 0.9999048235232376 0.0009500726078764249 -2.0049772752142676 -0.013337352030114907 -0.0011336675838318606 0.9999104109062145 124.13830436327214
0.9998490699789213 0.011462620122896209 0.013055481691758136 -0.6118038789969426 -0.011479704046859687 0.9999333441368192 0.0012343736683770206 -2.030119659987984 -0.013040462310906038 -0.0013840604303437304 0.9999140116627248 125.38485365974286
0.999868635320664 0.009854135806790752 0.012868881439116136 -0.6066801745102023 -0.009878939630863112 0.9999494623615217 0.001865281392328087 -2.0452752473467437 -0.012849850340080082 -0.0019921672630897947 0.999915452733797 126.56648641996594
0.9998886815090782 0.008295822225801525 0.012401770987843017 -0.6025888166488952 -0.008315190846331522 0.9999642865801647 0.0015110146956940121 -2.064873369519344 -0.012388792968892611 -0.0016139695844146326 0.9999219534098426 127.81840423829631
0.9999136014361975 0.0068844521017915414 0.011197945443308531 -0.5939701017017687 -0.006899971471799425 0.9999752865163279 0.0013478687901670944 -2.08257770707349 -0.011188389364940892 -0.0014250178403408958 0.9999363926108371 129.0743431953187
0.9999347456033627 0.005445173530230392 0.010042640109250149 -0.5839562077604066 -0.005469184703891597 0.9999822472137151 0.002365010799631352 -2.1064089211460355 -0.010029583930201312 -0.0024197815259506318 0.9999467746353077 130.33771493140105
0.9999513434153571 0.0038090867625184674 0.00909954173890653 -0.5821075387694338 -0.0038328786255225422 0.9999892780623232 0.0025986153687875954 -2.1275613338572112 -0.009089545822784614 -0.002633366368071914 0.999955221766609 131.6299068836179
0.9999629471303138 0.0033855158559029735 0.007914710913644873 -0.5790311786268841 -0.0034063665177874462 0.9999907597365882 0.002622424181313326 -2.146266409065212 -0.007905759520984084 -0.002649287419225953 0.9999652395171383 132.86506601738807
0.9999747427086447 0.002991433709874286 0.006447113240746294 -0.5653909876624692 -0.003004925946072612 0.9999933134792355 0.0020840865810916975 -2.169133258103409 -0.00644083572513639 -0.002103407040563948 0.9999770453935354 134.12900486925997
0.9999804836934381 0.002874719957348072 0.00554691061801243 -0.5679910268653591 -0.002884477451008976 0.999994305321729 0.0017518886798731405 -2.189263283704186 -0.005541842840789602 -0.0017678544280768749 0.999983081191202 135.3647071792944
0.9999896411566237 0.0004442020188436765 0.004529929802219738 -0.565226090874836 -0.0004415747118529834 0.9999997337415489 -0.0005809721201752204 -2.2147737759167376 -0.004530186665075945 0.0005789657995290414 0.9999895710493103 136.66289642020163
0.9999825722678041 -0.004731817192954135 0.0035305901373751595 -0.5603752354436554 0.0047359890649880405 0.9999880957453782 -0.0011742125480982627 -2.233396900332972 -0.0035249919492075493 0.0011909129205201455 0.9999930780551308 137.99253790695454
0.9999180389720717 -0.012579386316374655 0.0023820953275499237 -0.5535134920127956 0.012576615996461503 0.9999202215672646 0.0011744066371413826 -2.253899937344631 -0.002396678602498808 -0.001144351683364495 0.9999964731892319 139.21838858054795
0.9998112240901306 -0.0194177622188295 0.0006831499156124758 -0.5429962738193393 0.0194158015652217 0.9998076631876752 0.0027682631341062716 -2.2758041415908057 -0.0007367719960322118 -0.0027544766495134 0.9999959350044451 140.54833914623603
0.9997459498920176 -0.022537406677660233 -0.00031776524777588945 -0.5381142740237719 0.022537200001719108 0.9997458004304778 -0.0006396387300839439 -2.2978163414289736 0.00033210027017380135 0.0006323146908529093 0.9999997449437392 141.85734799542135
0.9997639238779007 -0.021726985953354594 -0.00018599367017127058 -0.5337582751326548 0.021726125003406815 0.9997567686092642 -0.003791979997033116 -2.324933931180816 0.00026833672680358177 0.0037870438793724936 0.9999927931210594 143.20566365721825
0.9998301988366523 -0.018422887166400857 0.0004131860527230656 -0.5357879067894604 0.018425021247469867 0.9998125291082831 -0.005951909788322506 -2.3506646849095394 -0.0003034572299099897 0.0059585121089170395 0.9999822018651925 144.40332382592834
0.9998282434036359 -0.01850746357534439 0.0009785113216944322 -0.5331380873081893 0.01851302833490507 0.9998104844143094 -0.006021879863831089 -2.377870573763945 -0.0008668761563127771 0.006038960774066679 0.9999813895660759 145.60109676532346
0.9997683705119265 -0.02148108411837532 0.0013297928508167497 -0.52498683126284 0.021484648354502832 0.9997654600226739 -0.0027266886023508924 -2.4004271116914353 -0.0012709087339995296 0.0027546271526500844 0.999995398399533 146.8367215377241
0.9996425263212563 -0.02667724836426745 0.0017731299351663344 -0.5209755087596932 0.02667708451491918 0.9996440965194918 0.00011599789764183376 -2.42727679942106 -0.0017755933767757176 -6.8654494310115e-05 0.9999984212761147 148.11297698195557
0.9995423417688019 -0.030208243404137775 0.001602823064294333 -0.509024321760822 0.030206240523124005 0.9995428939604907 0.0012594310405641066 -2.445610522736292 -0.0016401356036150618 -0.001210439392585529 0.9999979223936816 149.35297421922212
0.9994938517450364 -0.0317784825915395 0.001472537962030901 -0.5050773059954439 0.03177700587102459 0.9994944674257188 0.0010156196388722164 -2.463577877428182 -0.001504068397137334 -0.0009683127372993898 0.9999984000730704 150.6269521798729
0.9995572118726401 -0.029651039745837715 0.002489183678201046 -0.5084445848925035 0.029646967922232738 0.9995590584761468 0.0016570791460262838 -2.482515831081103 -0.0025372202133772327 -0.0015825486623940173 0.9999955290166657 151.89246818372033
0.999662954945871 -0.025720896605557108 0.003523064957514457 -0.5099502131107841 0.025717835355573357 0.9996688262287204 0.0009114884063738496 -2.5053826960632475 -0.0035453425098631074 -0.0008205755891901057 0.999993378579174 153.08990180166722
0.9997447694083172 -0.022134647941734878 0.004522543665340562 -0.5220190245146376 0.022141412593972752 0.9997537956192732 -0.0014512040514358345 -2.5226846395569775 -0.004489308304507593 0.0015509691650358245 0.9999887202391821 154.47078827061188
0.9997882592852972 -0.019767299902442945 0.005717556282273615 -0.5486608558087441 0.019779041713079187 0.9998023663464997 -0.0020044342970236854 -2.5405101378437136 -0.005676804046852066 0.002117097660877151 0.9999816457282148 155.90328285068728
0.9998197660147112 -0.018006376132620863 0.006017134272850889 -0.5496679320859954 0.018011103489512414 0.999837518683418 -0.0007323824650196254 -2.565424095268566 -0.006002969046813724 0.0008406256929079311 0.9999816286867815 157.19509837393528
0.999853768208774 -0.016036845995996904 0.0059381621074796 -0.554477435748981 0.016044990729748947 0.9998703909370755 -0.0013264990845114168 -2.5823999952480725 -0.005916119606320814 0.0014215828641406067 0.9999814891441565 158.46702635877628
0.9998812429652467 -0.014373982003243826 0.005557752031401898 -0.5669143713781153 0.014395289109841598 0.9998891123625371 -0.0038129555860388588 -2.600345313221782 -0.005502328390436192 0.0038925082180327726 0.9999772861230685 159.74555885046553
0.9999288718224799 -0.010736973882597388 0.005193138517877955 -0.581998454066825 0.010771837346576007 0.9999193162191841 -0.006732649696637204 -2.621213563544967 -0.005120431231874064 0.006788110458967338 0.9999638507168133 161.03499893803934
0.9999711524507431 -0.005601699013675665 0.005129837667201621 -0.5934470774699981 0.005642548045476824 0.9999522117116528 -0.00798347947500025 -2.6514294643971437 -0.005084871471938697 0.008012194526685657 0.9999549733967931 162.3172773655143
0.9999836818870438 -0.0010237460532952457 0.005620311703886604 -0.6075767250098589 0.001062491211542958 0.9999756639070069 -0.006895121910848776 -2.6769885557456856 -0.005613116073614591 0.006900980927262214 0.9999604339123556 163.60946423545184
0.9999787381431205 0.0018761718503645945 0.006245257471015775 -0.616198776746271 -0.0018446431732133885 0.999985545489405 -0.005050356801275494 -2.702380109181932 -0.006254642536139848 0.005038729149753247 0.9999677448074519 164.83051657818126
0.9999763482077545 0.0028480910181147862 0.006260303717493823 -0.6156895087777441 -0.0028304740845025472 0.9999920147863341 -0.002821130983241437 -2.730495081591877 -0.0062682885654448605 0.002803344631004163 0.9999764246307714 166.15107007764996
0.9999864627173592 -0.00038094085563974414 0.005189341585111838 -0.6051156877071924 0.00039071181602272527 0.9999981526960806 -0.00188200656288507 -2.753924295149744 -0.005188615065629941 0.0018840086227050966 0.9999847642765418 167.3654335439376
0.9999894408458518 -0.0025766920915215458 0.0038051090214429356 -0.6171339929355731 0.00258366278728905 0.9999949912595498 -0.0018281527327005922 -2.7722485344002368 -0.0038003793759505532 0.0018379645475345057 0.9999910894617619 168.69196072482933
0.999994787542374 -0.002837781839606986 0.0015400916570050193 -0.610275261314038 0.0028469919638235675 0.9999778787938891 -0.006011369197738226 -2.800053077291578 -0.0015229986339790592 0.0060157224923022 0.9999807455936625 169.95963409440085
0.9999994593194184 -0.0010334582209588876 -0.00011543385757648258 -0.6131189019530914 0.0010321986556741233 0.9999451242365192 -0.010425117819338203 -2.8254443799955373 0.00012620144677072224 0.010424993032006991 0.9999456503197951 171.25732250448056
0.9999921950949527 0.0039060570546971696 -0.0005936897019462885 -0.6271659072607583 -0.003912353938465243 0.9999318048413397 -0.01100359729363994 -2.8628959049648977 0.0005506685363474558 0.011005834135851683 0.9999392823462521 172.55686904894787
0.9999725602602805 0.007349214996719241 -0.0009315392802467916 -0.6331543372717165 -0.007358169302989749 0.999922885566215 -0.010004012467119728 -2.8965435768010113 0.0008579458066723573 0.010010592383358075 0.9999495247106863 173.7771360042369
0.9999539634130095 0.009577440698090064 -0.0005862459270680008 -0.6508150407300769 -0.009581098367969523 0.99993237476842 -0.0065915433739647325 -2.927450212956451 0.0005230761662787763 0.006596856801700013 0.9999781036961072 175.18525759115425
0.9999477047092997 0.010219020208979324 -0.00039934016847841425 -0.651772902711967 -0.010220758660829632 0.9999370696860123 -0.004625230821015634 -2.9498640370946796 0.0003520497106454481 0.004629070502711044 0.9999892238255783 176.24476169539585
0.9999531314661592 0.009676327943153104 -0.00032178961688855657 -0.6578231157586857 -0.009677485193361007 0.9999458999839208 -0.0038135791165646265 -2.9708584408408334 0.0002848707658964704 0.003816514493955717 0.9999926765060656 177.53499120745988
0.9999684691015234 0.007940828096859118 -6.365446378652748e-05 -0.6762373445678841 -0.007940995561254126 0.9999629685721699 -0.0033169374171132023 -2.992986135286288 3.731287673393038e-05 0.0033173383109107754 0.9999944969219984 178.81595022696828
0.9999854126190586 0.005398461946836073 -0.00017651543387463048 -0.6728753211214489 -0.005398933767436904 0.999981528752731 -0.002791714083704034 -3.020102015622392 0.0001614412111674866 0.0027926263550437725 0.9999960875797349 180.19339077267676
0.9999958237312623 0.0028802601803988113 0.00023795236078492157 -0.6759092376074476 -0.002879574209719569 0.9999918367005144 -0.0028345343007284574 -3.0439102119032513 -0.00024611461458449606 0.0028338372614703446 0.9999959543888026 181.43399596831952
0.9999996547231806 -0.000382163701864243 0.0007379054295625618 -0.6870027590551062 0.00038342926941641 0.9999984546733376 -0.001715701877239797 -3.073090370430937 -0.0007372486102765129 0.0017159842193875904 0.999998255929802 182.84203640075546
0.9999883549015347 -0.004641377805251877 0.0013219959870237371 -0.6900972075153449 0.004641643556960583 0.9999892079071745 -0.00019802593590860442 -3.0926251229817945 -0.0013210626067361377 0.0002041598640327041 0.9999991065557704 184.01292682728825
0.9999731234785805 -0.007215067274654215 0.001301969551248951 -0.6833360121766759 0.007215667163350816 0.9999738624687899 -0.0004566471689555603 -3.1109984166432207 -0.0012986407809339844 0.0004660294748068981 0.9999990481738724 185.2582637350759
0.9999845883047601 -0.005259993948759218 0.0017764055327686508 -0.7000524934779541 0.00526840989655724 0.9999747611189446 -0.004766653151978533 -3.13654783631174 -0.0017512881315450738 0.004775938522262109 0.9999870616168551 186.55179839075498
0.9999954293337803 0.0020235586001074142 0.002246446558218235 -0.712567336537236 -0.002001508280226605 0.999950221633732 -0.009774876943162793 -3.168287509819201 -0.0022661147700815936 0.009770335984075727 0.9999497013643273 187.8985156662199
0.999932814118036 0.01110079039223712 0.0033376193089216816 -0.7213041050350381 -0.011067837535575643 0.9998913640028807 -0.009734637370971359 -3.206277510123361 -0.003445318892319252 0.009697043112507384 0.9999470471643009 189.25595320308958
0.9998083873869891 0.019034811014597083 0.004567765347037884 -0.736147037321002 -0.01900720878941526 0.9998012710915027 -0.006012016121946946 -3.240341649581147 -0.004681295190713802 0.005924043674176295 0.9999714951846799 190.62051150240055
0.9997857492124966 0.019990187456092354 0.005371040595240832 -0.7422171893651652 -0.019969111378588724 0.999792796905315 -0.003949410968301275 -3.264329047761762 -0.005448877164604945 0.0038413098960259993 0.9999777767910285 191.99849426311212
0.9998265153890769 0.017987932679202873 0.00483460472668914 -0.7403439580427819 -0.017971413250625016 0.9998325870816868 -0.0034389119378033725 -3.2931024357388767 -0.004895654267829507 0.0033514306600572258 0.9999824000860319 193.48303670946794
0.9998837085655553 0.014813156611302171 0.0036248774323381426 -0.7374179545314008 -0.014800640014502488 0.9998844926704857 -0.003455773755026401 -3.322569661604613 -0.0036756496502721877 0.0034017213721666936 0.9999874588670372 194.89019471672015
0.9999128841282772 0.012899149526377888 0.002799302728476429 -0.7438554218725292 -0.012887479674239975 0.999908350980057 -0.004147590624540801 -3.347189412544157 -0.0028525465667646618 0.004111153346552857 0.9999874806197553 196.28597576720628
0.9999088276082455 0.013297690203294415 0.002346892916259075 -0.7565671906440874 -0.013286382196217942 0.9999003553505085 -0.004769844658102843 -3.3738303116621133 -0.0024100869775180115 0.004738228063698209 0.9999858702379635 197.8469475541258
0.999888914208042 0.014718675886357412 0.00234943057237533 -0.7701730047378483 -0.014707406874622452 0.9998805872057607 -0.0047437866823023325 -3.3996991225582716 -0.00241897227895632 0.004708705683650406 0.9999859882337844 199.3478309293711
0.9998675944192437 0.01611722954217829 0.0022424411160377046 -0.7749719906601302 -0.016108506110846816 0.9998628169480323 -0.0038552970860851006 -3.432025780383528 -0.0023042701992109075 0.0038186642468146857 0.9999900540216484 200.83271711913827
0.9998811050419426 0.015284149135277068 0.002042196198611537 -0.7907912732601103 -0.01527501424994725 0.9998735775644892 -0.004416200635464523 -3.457053718149316 -0.0021094358883176497 0.004384480995440366 0.9999881632332623 202.26912913872013
0.9998866929777447 0.01498129306593092 0.0014703958994377129 -0.7884935419684528 -0.01497322367728721 0.9998735632758244 -0.0053535067773540085 -3.489781602081542 -0.0015504124413585182 0.005330883620746144 0.9999845888317898 203.63528061864332
0.99989682360959 0.014296379463666223 0.001398452602862701 -0.8064416319399177 -0.014288052017312178 0.9998811349063133 -0.005793757676393648 -3.5191730971553423 -0.0014811161339248972 0.00577317873385639 0.9999822381934114 205.17805606894748
0.9998955647841875 0.014425289248780592 0.0008778126216148046 -0.80771724466543 -0.014420025621448444 0.9998795896728915 -0.005733150673605376 -3.556727921763036 -0.0009604092806830913 0.005719893850283147 0.9999831800727225 206.67480765408425
0.9998922900119048 0.014671118002095583 0.0004082539848719277 -0.8076255856909242 -0.01466843648649027 0.9998747791197483 -0.005938270057489859 -3.5872108323317344 -0.0004953239236899302 0.005931641998845412 0.999982284981793 207.99378703392892
0.9998930715143859 0.014623435450976184 2.594488832803922e-05 -0.8112026662532412 -0.014623002010340674 0.9998743052621202 -0.00612711096663584 -3.6189258029698785 -0.00011554103891327389 0.0061260764117850005 0.9999812287428524 209.4896731009585
0.99987973041527 0.015502318147764392 -0.0004503739905263368 -0.8202849170969344 -0.015504844796686871 0.9998600216792218 -0.006287832333658154 -3.656589893959591 0.0003528349706356602 0.006294059077498264 0.999980129966497 210.90189183982642
