0.9986828829286872 -0.005665752075901801 0.05099410356757283 0.0012776163693331913 0.005347382271802787 0.9999653656724659 0.006377535446465016 -0.06318432739602811 -0.05102847095578251 -0.00609645052027185 0.9986785911608241 0.9921335265424585
0.9954362057021298 -0.0013446806423566627 0.09541987325142048 0.12245597905564787 0.0019223281612418047 0.9999803789435916 -0.0059620786871093165 -0.030030629833665008 -0.09540998392090617 0.006118297295886962 0.9954192591096533 1.9857515227283782
0.9909693853958713 -0.0026423908585009584 0.13406228022333577 0.3171631721288636 0.0040635454028693785 0.9999384061261807 -0.01032819212601189 -0.05185212210443925 -0.13402673168770507 0.010779690365864195 0.9909190852278142 2.972836556768656
0.9747499798537451 0.19822140742295008 0.10281415473750961 33.41950391440058 -0.22128987896767124 0.9191215855108629 0.32595444545897934 -0.6370453847036213 -0.029887559980652813 -0.3404758210024058 0.9397781382172818 2.8817505038579867
0.9877785852662926 0.01739209602922323 0.15489022398147573 1.0503635938377371 -0.01334403801215861 0.9995426674420437 -0.027136554909823862 1.1017005879749409 -0.15529134920803367 0.024738046781306366 0.9875589227497239 5.554003244770723
0.9651514972031415 0.0023986480145586526 0.26168078632990294 0.8010209780509727 0.004103404771972583 0.9996963378634782 -0.02429802731967327 1.021540058977732 -0.2616596061982272 0.024525059634025202 0.964848574613725 6.665192423944722
0.9538702592500138 0.29290067857221996 -0.0658841483988721 34.17232297666421 -0.21965378989060166 0.5312832876328292 -0.8182238574306835 11.760991305276875 -0.20465517610118453 0.79495110590148 0.5711120714194438 2.1150132761628617
0.9519134961696305 -0.0598018041782169 0.30047369273721947 1.8102204161894022 0.07305248220445826 0.9967803634902184 -0.03304908174329341 -2.9443098410217656 -0.29752988195117147 0.05341021603904805 0.9532173509587334 8.693361194056198
0.9327934943634445 -0.062173533093678776 0.3550080966060971 2.0457564828602663 0.07742033275105589 0.9965798726355511 -0.02889030173646241 -3.004869561640554 -0.35199771156919535 0.05443353047853223 0.9344167174284144 9.633644082058893
0.9153625187226284 -0.06217054023476594 0.3978018140289001 2.4440317635464543 0.07910797944301284 0.9965193158756723 -0.026290315234420533 -3.0287396102011295 -0.3947827084691148 0.05553446689758263 0.9170946167545595 10.55060176490157
0.8956368763709959 -0.06245044343889282 0.4403799811511553 2.884472752217337 0.08043123096368116 0.9965114822014953 -0.022263937797363978 -3.0608628300778973 -0.4374533149606632 0.05536070768029945 0.8975353972267972 11.447570344507312
0.8739861277107885 -0.06270229466196407 0.48188864980742785 3.375499279596385 0.08203862787068289 0.9964454295106805 -0.01913555706975732 -3.0844036719353762 -0.4789758992957759 0.05625769504164352 0.8760234926315649 12.317849885690547
0.8501173983831838 -0.06353751956684797 0.5227460115328473 3.8825714374620586 0.08385069316281038 0.996361492312111 -0.015259026630103742 -3.1312160302215855 -0.5198744754479911 0.05680457943576735 0.8523519047510854 13.178878792727142
0.8247220443493918 -0.06457377571068111 0.5618396364218409 4.449032781769208 0.08574145670411737 0.9962526841463742 -0.011357461573770804 -3.162709745537217 -0.5590008516687754 0.057539697788660374 0.8271681999520863 14.00276666536256
0.999497342091171 0.006363473701031783 -0.03105751688627453 12.040164751618104 -0.009158853382957674 0.9958350807633698 -0.09071167138643724 -1.7820611751824327 0.03035092350150883 0.09095052569099199 0.9953927985067702 12.07220089337127
0.7530850137613009 -0.07226697308453431 0.6539422349484248 4.636178240216818 0.09524846869935855 0.9954534784869169 0.0003184002567708927 -3.555225031674166 -0.6509920823317052 0.062047214034921784 0.7565444150688951 17.008516308814308
0.7011349632005694 -0.06208399258078688 0.7103205904681106 5.270885690433695 0.09494530147856825 0.995459866047548 -0.00671154346931438 -3.453627517571361 -0.7066789604232468 0.07214730039180622 0.7038462999414683 18.071328684460337
0.7065477412511861 -0.06739162729169104 0.7044491875954044 6.14434200092208 0.09731920238880842 0.9952503320452094 -0.0023977927986868 -3.493753783884759 -0.7009416967046931 0.07025058814612947 0.7097503735017476 18.028257007914693
