0.9990467583058461 -0.000742284371529687 0.043646577557604704 0.03109313494041713 0.00084812774385426 0.9999967446123895 -0.002406541907710338 -0.02798456646218415 -0.04364464913262936 0.0024412657649760727 0.9990441355733761 0.9991246574888235
0.9960438652638557 -0.004911903017810467 0.08872706283305903 0.13128140355690893 0.005575454741558215 0.9999583033196895 -0.007232283625032006 -0.04607276300325532 -0.08868783893332176 0.007698365459738484 0.996029719634201 1.9939287226046838
0.9909983932929607 -0.004457452886346508 0.13379953514319956 0.28861016350376534 0.006002184689464656 0.9999198895153371 -0.011143981810369203 -0.07097633470127622 -0.1337391426237055 0.011846757590255854 0.9909457583868422 2.981160951310856
0.9838044470436257 -0.002108278295575854 0.17923271224811008 0.49940505171912397 0.004566826533881607 0.99990104796809 -0.013305576564916499 -0.10973351215245167 -0.17918692494876637 0.013908610101078526 0.98371672573585 3.957922639902624
0.974368456463845 -0.0046073396260299885 0.22491083448743554 0.73093989440309 0.007781379482559506 0.9998822273637437 -0.013228058643173326 -0.1413943816324941 -0.2248233999867731 0.014639119635047868 0.9742895539800779 4.930233910025207
0.9628555418698698 -0.005503635049658939 0.26996095179066093 0.9993425403100775 0.009749586397107308 0.9998489305677501 -0.014389635423161153 -0.17213657164861126 -0.26984097364107756 0.016487147836006064 0.9627637419952362 5.893050059361143
0.9494974892270478 -0.008085351866953503 0.3136704401704438 1.3219160635524825 0.01412759616037031 0.9997557655081398 -0.01699471564818119 -0.20215268583115056 -0.31345642277398295 0.020567849144249268 0.9493798157762351 6.83911842632523
0.9344306850032008 -0.010201348056046649 0.3559989149172906 1.6660716243568519 0.017995851195458948 0.9996652286155082 -0.01858978313091678 -0.2350469642448718 -0.3556900958196615 0.02377736728367992 0.9343014462906805 7.777454675555644
0.9172300859345732 -0.01004234776095929 0.3982312402460455 2.067358319699046 0.019286718162954502 0.9996293479895141 -0.019214295213764165 -0.2692688936045041 -0.39789067840169184 0.02530450334440246 0.9170837966901034 8.69276765345947
0.897778698030795 -0.010574652963965793 0.44031986791061617 2.507458359570423 0.020585887645446468 0.9996266490873362 -0.017966181126563324 -0.29195605836284977 -0.4399654879555668 0.025194030029257224 0.8976612001523209 9.59042975457447
0.8759919345923592 -0.01039051262322871 0.4822138195619893 2.9882784552104793 0.021243070293842488 0.999628933314583 -0.017050737369375145 -0.3166832729229866 -0.48185772017643047 0.02518001048004277 0.8758876095587823 10.466900290335232
0.8521613575491149 -0.010422797762515304 0.5231752918352045 3.517654372114576 0.02204934162390947 0.9996288485832485 -0.015999737937877147 -0.3416197465772707 -0.5228143525516508 0.025170029140434428 0.8520748924825022 11.314921110174643
0.8265347885445206 -0.010776676601003286 0.5627824682478147 4.064712520201808 0.023737779981961898 0.9995945936990497 -0.015721515485456222 -0.3828004917210266 -0.5623848870010586 0.026353585886343046 0.8264555205113813 12.151002164545488
0.79941142385224 -0.012322992920543212 0.6006575723821476 4.669884700900845 0.0270346036918645 0.9995147203026884 -0.015474304555028927 -0.4073972543810201 -0.6001753957117522 0.028608875261327636 0.7993566329483504 12.94671670560398
0.7708725148762929 -0.011446269221344068 0.6368866058641933 5.31543402809741 0.027812960878148676 0.9994898272647935 -0.015701095547233472 -0.4466434876100858 -0.6363819647157595 0.02981724526352653 0.7707975913749372 13.709426216959473
0.7403522290928091 -0.014674257118581889 0.6720589580202966 5.986920314016422 0.03275570662980789 0.9993616052360937 -0.01426343798385277 -0.47778769508951946 -0.6714206137440903 0.03257373417271964 0.7403602577674969 14.449788430263688
0.7086746783925194 -0.013931704079297034 0.7053978365622529 6.704272469504196 0.033239032037743636 0.9993541308304246 -0.01365605877843366 -0.5120007461665967 -0.7047519896775416 0.03312444435176358 0.708680043624719 15.145658641852798
0.6750101962533449 -0.012638318701058764 0.7377001476578625 7.469238250588107 0.03424414103704119 0.9993124170931065 -0.014213790774046902 -0.5465973568354179 -0.7370132792281674 0.034856361599335334 0.6749788591484922 15.788799705956714
0.6402354074954255 -0.013990549699649284 0.7680513573376906 8.26873183132639 0.03872334137061534 0.9991507818842904 -0.014078987644898398 -0.5915240787767401 -0.7672021414348775 0.038755381292306434 0.6402334688210439 16.387791862905377
0.6037190462812346 -0.012128915817627341 0.7971048880532386 9.05871443721068 0.0385686050810384 0.9991577636574114 -0.014008070003513508 -0.62684072451932 -0.7962636346458251 0.03920016229825262 0.6036783675239749 16.99990314116864
0.5658178538062076 -0.010774213930863039 0.8244598672029521 9.86642621340735 0.04166671324197648 0.9990107052997874 -0.01554013204678849 -0.6438665784115025 -0.8234768007186044 0.04314541702884232 0.5657070192844167 17.58923480362691
0.5275239681017313 -0.009076611760205477 0.8494916586978112 10.72909586595735 0.046328484019524885 0.9987623029948278 -0.018097891725825224 -0.6669927917431215 -0.8482759778790488 0.04890273239218403 0.5272915589291394 18.094473607519948
0.48901139922337306 -0.008056051256978274 0.8722401913852312 11.602204851879415 0.04810760970137515 0.9986844842357318 -0.017747079636660203 -0.6921274182657008 -0.8709497742800213 0.05063991493826525 0.4887556543883927 18.5813503348519
0.45052044395714863 -0.009645917540425333 0.8927140000310614 12.481293118975502 0.053257997635024715 0.9984511660966767 -0.016088959198567863 -0.7205779282802492 -0.8911761415481017 0.05479256514335492 0.4503363848729631 19.05715952662649
0.41389695671121407 -0.010152626666220573 0.9102671220015432 13.404690010751473 0.05721769936356487 0.9982507880377283 -0.014882844539743994 -0.7392593903250636 -0.9085237718985324 0.05824335458942785 0.4137538731437252 19.44055121279484
0.3789163969861771 -0.007692452610204249 0.9253989357395299 14.337625710532247 0.058625313102499015 0.9981564722659276 -0.01570762672305745 -0.7706920271156537 -0.9235721069622276 0.06020367967555398 0.37866882654223766 19.79921953792318
