1.0 0.0 0.0 0.0 0.0 1.0 0.0 0.0 0.0 0.0 1.0 0.0
0.999990610552192 -0.0027216014704277212 -0.003372194076643257 -0.0014410100559538706 0.0027142731667929468 0.9999939492239797 -0.0021758300955788744 -0.00559398848357144 0.0033780954146397334 0.002166656609840298 0.9999919470028269 0.8604235734413819
0.9999720493906072 -0.0012250009101107127 -0.007375622707206668 -0.015644608034147193 0.0011971096040356488 0.9999921211508132 -0.0037847806929282987 -0.00878431117177907 0.007380200955581102 0.003775845477222987 0.9999656372219934 1.7196276280538285
0.9999426548531529 -0.00211412021321408 -0.010498452312225707 -0.06715404195226753 0.0020641552949206545 0.9999865034759761 -0.004767822229317903 -0.02092048776011622 0.010508390368959869 0.00474587838192329 0.9999335229755213 2.5784363218055617
