0.9999259499704685 -0.004358658219086437 -0.011362071738260652 -0.04728662841158221 0.004328244651237022 0.9999869881199609 -0.0026999794458662557 -0.010098565508647416 0.011373692183949295 0.0026506016860804245 0.9999318043930828 0.980665801119573
0.999844493567752 -0.0027826670561345896 -0.017413944019100687 -0.07164251017730267 0.0027063872796207495 0.9999866469977208 -0.004402419124602281 -0.014182117625259779 0.017425961957331825 0.004354605643529639 0.9998386736166747 1.9803984264252676
0.9997411541089295 -0.002667716888906114 -0.022594425585671825 -0.112389341371736 0.0025349313804915994 0.9999793610839726 -0.005903518356590503 -0.014604426828126453 0.0226097081768433 0.005844714936679732 0.9997272830144566 2.9795817928481454
0.9995768968323432 -0.0007391863737826743 -0.029077154649797304 -0.14987749391537214 0.0005355467056797178 0.9999752821083976 -0.007010589273159671 -0.025202320548074114 0.02908161805590346 0.0069920508962478135 0.9995525852677862 3.978879771150948
0.9993764872743751 -0.0014484606045885922 -0.035278019289748386 -0.19853718150101365 0.0012081040508496897 0.9999759210876814 -0.006833573695069216 -0.039681624334429955 0.03528706799570098 0.0067866933568989435 0.9993541732666884 4.977655941478925
0.9991376134300544 -9.620105941613843e-05 -0.04152132192803333 -0.24766204391407576 -0.00019416502446360177 0.9999755571564681 -0.0069890907530792985 -0.058211790421025145 0.04152097938679298 0.00699112544356563 0.9991131729868213 5.976398794780868
0.9988528621915707 0.0032061794535574915 -0.04777740161435094 -0.30476516708473245 -0.0035560282888127594 0.9999674732332161 -0.007239277476838903 -0.07677334840010308 0.047752637147246216 0.0074008708196461135 0.9988317740023065 6.974675563688891
0.9985828761396707 0.00408678733764192 -0.0530616400979114 -0.3648658628403253 -0.0043653104950000495 0.9999772917014569 -0.005134213250516762 -0.0908484210616401 0.05303945272064588 0.005358567968816768 0.9985780401172552 7.9728537964044
0.9983031318343868 0.0049995159621350396 -0.058016047864356886 -0.4249591534304958 -0.005219377609812663 0.9999797585707693 -0.0036387561215704125 -0.09783237772934678 0.05799668151731765 0.003935389293378327 0.9983090191138658 8.971058051561707
0.9980664350306087 0.004700996476622131 -0.06197815661520575 -0.49123179988268556 -0.004757508530892919 0.9999883909391402 -0.0007642640435750721 -0.10583285697758323 0.06197384430443753 0.0010576478982189034 0.9980772134474634 9.968888436917881
