0.9990467542956393 -0.0007420630413973522 0.043646673112519456 0.03109356357138345 0.0008476140639262992 0.9999967611314253 -0.0023998493822927325 -0.027981379726059845 -0.04364475090715 0.002434557270151717 0.9990441474975723 0.9991244856125188
0.9960436994058155 -0.0049120706659590285 0.08872891544333084 0.13127683416420077 0.0055771828511861025 0.9999581680039216 -0.007249639555559858 -0.04605777254166942 -0.08868959299388829 0.007715815187893454 0.9960294284259701 1.9939295062494873
0.9909973644596267 -0.004436172616844986 0.1338078622749318 0.2886126021241787 0.005982624839809595 0.9999198570580502 -0.011157403866254193 -0.07099293310746509 -0.1337476423496865 0.011857480066277386 0.9909444829718655 2.981160968616453
0.9837990841285006 -0.002148232605165866 0.17926167232455947 0.49939880616233123 0.004608310946266373 0.9999008240339746 -0.013308101532573741 -0.10977827626788625 -0.1792153049774102 0.013918591626054425 0.9837114146277866 3.9579223022739014
0.9743718694422017 -0.004622088880323895 0.22489574547796998 0.7310382249727854 0.0077926266728925875 0.9998823492401975 -0.013212215841438953 -0.14146628955097656 -0.2248082182867131 0.014626140033728433 0.9742932520645247 4.930201915234893
0.9628513764644754 -0.00551062864959881 0.2699756652225374 0.9993568752971689 0.009751845370573546 0.9998491786951745 -0.014370851556313182 -0.1721968551670323 -0.26985575471413215 0.016469755143030715 0.9627598967620092 5.893048209482979
0.9495027699627924 -0.008095261792119564 0.3136541990305597 1.3220328836175965 0.014134173717272285 0.9997558519904802 -0.016984155678718714 -0.20214486093828174 -0.31344012979565133 0.020559745798672535 0.9493853705879288 6.839074173169002
0.934423911462805 -0.010185598971309363 0.3560171446154636 1.6660695699680772 0.017985570983939644 0.9996651169120662 -0.01860573206210622 -0.234953900393679 -0.35570840996936465 0.023788812555083128 0.9342941825112077 7.77747622407116
