1.0 0.0 0.0 0.0 0.0 1.0 0.0 0.0 0.0 0.0 1.0 0.0
0.9999999399577566 -0.00034551553620092715 2.6523526822647552e-05 -0.013131258445701142 0.0003454807459765046 0.9999990944628835 0.0013006600121142162 -0.00954682733964198 -2.6972901046121262e-05 -0.0013006507706518383 0.9999991537896596 1.3106696599221603
0.9999989301542183 -0.0014624876710738518 -2.863967518618848e-05 -0.03275660565314758 0.001462517009171236 0.9999983764750832 0.001052659107037744 -0.02250688603881605 2.7100127723076633e-05 -0.0010526998668669379 0.9999994455441329 2.625331292085128
0.9999956917633432 -0.002926443728876558 -0.0002288708249248205 -0.03407395739249677 0.0029264799989949354 0.9999957053187118 0.00015830018137888858 -0.04535727851241306 0.00022840658542451524 -0.00015896928527574694 0.9999999612795982 3.941731705117249
0.9999953464208339 -0.0030448659705205583 -0.00018954655887941398 -0.027538411036645973 0.0030449316024247983 0.9999953040020206 0.00034693723173575327 -0.07357158730743421 0.00018848929139835536 -0.0003475127735431486 0.9999999218533265 5.260881264865633
0.9999941843802772 -0.003408896016165304 -0.00010311922717898549 -0.029974899769598048 0.003408998399737549 0.9999936797575317 0.001009541926667086 -0.08791288869213723 9.967715198856064e-05 -0.0010098875888355937 0.9999994850956291 6.581527513895121
0.9999893401738372 -0.004617203871564679 -3.109825963491422e-05 -0.03207339521910105 0.004617248223954777 0.9999880261643159 0.0016212793817678868 -0.09084384183700009 2.3612109831097888e-05 -0.0016214056875955905 0.999998685242168 7.908750144617869
0.9999913159412088 -0.004167497200156656 3.0423829230319254e-06 -0.05090921704143095 0.004167482631493526 0.9999892897775987 0.002013061998501998 -0.10485979850586602 -1.1431780580923276e-05 -0.002013031837875269 0.9999979737840143 9.238828959155338
0.999995291892151 -0.0030680330534500278 -5.802339598817942e-05 -0.036786025863514614 0.0030680704025736706 0.9999950789831167 0.0006549454595052089 -0.13975017070762433 5.6013716136134924e-05 -0.0006551203958152455 0.9999997838398419 10.569072749076017
0.999999923537967 -0.00039103857428669873 3.590739169998343e-06 -0.0538445887687712 0.0003910422872530953 0.9999993186368746 -0.0010999144129139183 -0.17287079009457174 -3.160627759537257e-06 0.0010999157329430764 0.9999993950875123 11.90325320633843
0.9999954806308067 0.0030024439941411874 0.00015507425222857524 -0.06779333242320909 -0.0030021386974275776 0.9999936257213645 -0.0019327906975658642 -0.1961435431443975 -0.00016087635956393926 0.0019323164081575272 0.9999981201342809 13.240868342652414
0.9999847985441872 0.005475652104636834 0.0006480081557980339 -0.06299865199326399 -0.0054743239508565425 0.9999829473272625 -0.0020339203430856886 -0.21054702361740527 -0.0006591341457343224 0.0020303420179678135 0.9999977216241385 14.5793299998444
0.9999781998817037 0.00657527521909629 0.0006045801356390656 -0.06359300979328238 -0.006574398641946897 0.9999773506820302 -0.0014406267539848472 -0.22498880175446564 -0.0006140389597067787 0.0014366205973284799 0.9999987795379629 15.929615164320815
0.9999908299969037 0.004180858740283193 0.0009275463854366575 -0.06464253569795184 -0.004181376819673735 0.9999911027049778 0.0005573138917240007 -0.22416691754222098 -0.0009252080821275532 -0.000561187202109137 0.9999994145292931 17.281304066873084
0.9999994470674202 0.0001075392081791391 0.0010460880327128807 -0.10334943111579309 -0.00010902831187520681 0.9999989808162215 0.0014235446410013645 -0.2262616689551701 -0.0010459338796934593 -0.001423657907089445 0.999998439609024 18.633337941187218
0.9999966915427807 -0.002505394402849802 0.0005830114736659312 -0.11232604052481254 0.002505659070564738 0.9999967579183643 -0.0004536798231538604 -0.25947375086051166 -0.0005818729366055796 0.0004551391501608031 0.9999997271360825 19.985014300831775
0.9999938512698983 -0.0034963675740778077 0.0002698817944613093 -0.08226771003032356 0.0034969755490996107 0.9999912723191269 -0.0022861425114043448 -0.29728550996297937 -0.00026188624447259345 0.0022870722245674417 0.9999973503546069 21.33892185132397
0.9999990632001677 -0.001241525219547815 0.0005763800096811697 -0.07874179170282733 0.0012436353818526449 0.9999924729150519 -0.0036752529539723303 -0.32879382748269237 -0.00057181275198939 0.0036759663175693997 0.999993080126962 22.703353057155773
0.9999981595492603 0.0018850155315531618 0.00035723176995306854 -0.06255175518463937 -0.0018841518293667917 0.9999953380790649 -0.002402871619529923 -0.3365263399838679 -0.00036175955489003037 0.0024021941182701964 0.9999970492923679 24.069822292754857
0.9999910460143318 0.0035414879095012138 0.0023164098404641112 -0.09602653328150407 -0.003541517683371088 0.9999937287682881 8.751759815803142e-06 -0.3341257435254451 -0.0023163643194697454 -1.6955287864646104e-05 0.9999973170808297 25.446169893448467
0.9999957103249261 0.0020055141009875975 0.002134770464673611 -0.06836369057065328 -0.002007861893367064 0.9999973812066746 0.0010982123699308341 -0.3391066989664757 -0.0021325623937572136 -0.0011024939832237392 0.9999971183381747 26.817633148280173
0.9999974272322899 -0.00171694137224997 0.0014824443075303448 -0.03671916173293542 0.0017177655735681465 0.9999983706932454 -0.0005548804271376462 -0.3705133720492131 -0.0014814891950118694 0.0005574254913553903 0.9999987472325084 28.191536890144175
0.9999956884231981 -0.0026289394821635316 0.0013083624165076443 -0.03352297855200586 0.002631786184680991 0.9999941631824121 -0.0021788305544838417 -0.4051656065291827 -0.0013026267661653051 0.0021822644904208707 0.9999967704373858 29.566692305711687
0.9999934995507663 -0.0033288926512563917 0.0013853988333828837 -0.0040646117656434645 0.0033345821699473145 0.9999859326645842 -0.00412492844704393 -0.44342849988313227 -0.001371647900518555 0.004129521359404014 0.9999905327728752 30.94581877349283
0.9999987218383871 -7.955592532467304e-05 0.0015968695771883628 0.00431845537464412 8.711906932982755e-05 0.9999887778799067 -0.0047367208613192015 -0.47036237791682756 -0.0015964748227151424 0.004736853924815811 0.9999875066634757 32.331243978049386
0.9999989062989895 -0.0002825942528488703 0.0014517373428752753 0.00619003307204179 0.0002924060341971127 0.9999770886640328 -0.006762887380106332 -0.4808990768606394 -0.0014497929285270667 0.006763304480288676 0.9999760776203452 33.713961358857674
0.9999985341853307 0.0009669658652241009 0.0014130124574930382 0.005114738691935621 -0.0009578456964387108 0.999978798446051 -0.006440899782918751 -0.5033330436315108 -0.001419210629664684 0.0064395368938519205 0.9999782588665519 35.1071537874326
0.999998401867436 0.0014684032380357058 0.0010198306251391772 0.02126580758434056 -0.001462729543902692 0.9999835731442461 -0.005542009017246111 -0.528850301516488 -0.001027951776514848 0.005540508423995837 0.9999841229147332 36.50424405684802
0.9999942695499993 0.0033727222128168 0.00029259534896577786 0.04420184391963766 -0.0033713812883470603 0.999984333877346 -0.0044683093098972825 -0.5470684842735245 -0.00030766113119447253 0.004467297253989609 0.9999899742496783 37.902168933970415
0.9999808497561643 0.006184848760021235 0.00021855606827274175 0.03783359564659789 -0.006183855243893603 0.9999716921680684 -0.004286583354166489 -0.5675642593043577 -0.0002450617511671325 0.004285149745961135 0.999990788675772 39.29788071211317
0.9999643240920714 0.008440098192127172 0.0003395373236378006 0.028758323781866893 -0.008438451279926082 0.9999538603192878 -0.00459018219141553 -0.5952087485232535 -0.00037826324590948304 0.004587153263335037 0.9999894074148261 40.70053173284825
0.9999340533230056 0.011483246936257813 0.0001550639404637335 0.0372709248964429 -0.01148246185169264 0.9999245679988225 -0.0043602043750779395 -0.621308234952701 -0.0002051215472120479 0.004358136318307417 0.9999904822411969 42.10715327117161
0.9999241354850942 0.012317269866261157 9.020769779105032e-05 0.023055682795112106 -0.012316757827513477 0.9999145875451375 -0.0043720808610633 -0.6449294469157218 -0.0001440520927730485 0.004370638108901753 0.9999904383400449 43.51465953540355
0.9999380101639164 0.011132770504585358 -0.00019300341875093992 0.013840857562214811 -0.011133508170631431 0.9999284597606396 -0.00437268298980064 -0.6778762671376707 0.0001443095350253286 0.004374560733038449 0.9999904211506981 44.924082519974675
0.9999434738606338 0.010627976033547858 -0.000308559488828164 -0.005643161596379495 -0.01062932304739528 0.9999322099033892 -0.004753218833401121 -0.7047679813946488 0.00025802147570695835 0.0047562299307769606 0.999988655786536 46.33691837889884
0.9999472190609151 0.010244393338944415 -0.0007819830297287511 -0.01417443508374212 -0.01024784111378658 0.9999371818549398 -0.004540274937395873 -0.734243450340226 0.0007354215446796814 0.004548048935263304 0.9999893871467004 47.75253050583384
0.9999419358106838 0.010711179935789747 -0.0011813685137003064 -0.05632323344167949 -0.01071537140062009 0.9999361061184949 -0.003600624435922293 -0.759863368696007 0.001142726095266047 0.0036130741709686663 0.999992819910276 49.17445051999264
0.9999355687227012 0.011266348584351242 -0.0013884497772576117 -0.08529366671995978 -0.011271521322318366 0.9999293455517838 -0.0037758060677877043 -0.7874301542923089 0.0013458121297580704 0.0037912127290492107 0.9999919077151345 50.596604219076085
0.9999349195951998 0.011278946936674937 -0.0017152055681171003 -0.1346635943962206 -0.011284986400173235 0.9999300095125986 -0.0035531898460714664 -0.8003052618765821 0.0016750092803135713 0.003572314674547612 0.9999922164255962 52.0219773068175
0.9999409845574827 0.010512366375437048 -0.0027418160770779276 -0.20335566141750872 -0.010523077992925043 0.9999369392290179 -0.003922039629817747 -0.7871607148292907 0.0027004132585145267 0.0039506605133347574 0.9999885499593189 53.449243512687346
0.9999519048004382 0.009296272967157312 -0.003125283170442537 -0.21519479598559987 -0.009306986919931622 0.9999508019809732 -0.0034312697475543637 -0.8058756770891993 0.0030932313925043906 0.003460191689539494 0.9999892294385093 54.87672000425029
0.9999644161281581 0.007868030766777605 -0.0030431183554258012 -0.2515412989296896 -0.00787849116892609 0.9999630443840577 -0.0034408201156153257 -0.8221767694178604 0.0030159334165799335 0.0034646728590025117 0.9999894500381524 56.30827187093687
0.9999834787701251 0.004737503227207684 -0.0032554953495691455 -0.2681381067137732 -0.004750556761233617 0.9999806609180285 -0.004013726498031805 -0.8300283525228297 0.0032364173490401207 0.004029125601777727 0.9999866457856462 57.737203412787366
0.9999877681210736 0.0037795755383092274 -0.0031903631429736424 -0.2852939081406882 -0.0037918387182400305 0.9999854128508899 -0.003846562695395868 -0.8564024158158426 0.0031757782304006115 0.003858612987197464 0.9999875126912565 59.16511992297729
0.9999906559122809 0.003163062999432811 -0.0029467135231668563 -0.286208963399758 -0.0031735194388761404 0.9999886608811317 -0.0035506173451428278 -0.8829776276858011 0.002935449283682287 0.003559935620509492 0.9999893549412815 60.59454209184909
0.9999936179416741 0.002181848433788601 -0.0028290658057032137 -0.2758740957597621 -0.0021910096381248783 0.9999923535068782 -0.0032391981322648987 -0.8999188915204986 0.0028219767338993015 0.003245375969960693 0.9999907519482999 62.01932128348583
0.9999957635100023 -0.0015889115320897275 -0.002438918241910876 -0.3083784337117913 0.0015788180101407156 0.9999902049806688 -0.004134885295915719 -0.8765525873552553 0.0024454643195900043 0.004131017170469941 0.9999884771343108 63.4429811012859
0.9999919138314719 -0.003287194428589448 -0.0023165976039655582 -0.30569912971332036 0.003275963676125808 0.9999829443799492 -0.004835184712056564 -0.9131156498150855 0.0023324522852036047 0.004827556524335338 0.99998562707888 64.86254465881164
0.9999958980645732 -0.0017507184074008158 -0.0022669007666659565 -0.27343439511477846 0.0017391414345760633 0.9999854881970248 -0.005098900119432042 -0.9617856729810869 0.0022757946081451764 0.005094936743021635 0.9999844310680468 66.279038302788
0.9999683266963355 -0.007845036733661844 -0.0013420144479285299 -0.3877012388421228 0.007838888638163769 0.9999590293444346 -0.004526749104406051 -0.8921036717883526 0.0013774719777248736 0.004516085825498955 0.9999888537077634 67.68655399733804
0.9999545601530734 -0.009442982312310654 -0.0013067953639866502 -0.40219817410222963 0.009439417496029966 0.9999517817007469 -0.00270770582540445 -0.8468165229904574 0.0013323011707528768 0.002695247400643695 0.9999954802973057 69.09884140956397
0.9999838956414071 -0.005544025767798059 -0.0012133573760452166 -0.37665936045329484 0.005541934079637415 0.9999831632633341 -0.001720510538381604 -0.8745086816646632 0.0012228755018250399 0.0017137584840698694 0.9999977838012266 70.51259768331079
0.9999761457915025 -0.006852335991686575 0.0008679512829196368 -0.5085285810650425 0.006855100109151175 0.9999713103471765 -0.0032227449548311955 -0.7483945031983864 -0.0008458430504527444 0.0032286179717354265 0.999994430272252 71.91069179711018
0.9999932776980335 -0.003258620508400096 0.0016810565507957254 -0.5441146230138889 0.0032655389626369646 0.9999861422943233 -0.00412934311973113 -0.7566884042998144 -0.0016675772930327376 0.004134804916704814 0.9999900612377465 73.31042504252649
0.9999978719757907 1.1093851479071059e-05 0.002062988322188901 -0.5289840387592997 -1.5993418496771696e-06 0.9999894095732934 -0.004602253654179656 -0.7945201901280027 -0.002063017530980874 0.004602240561048949 0.9999872815893632 74.7125377775855
0.9999937804294715 0.002576294544813946 0.0024086944167092486 -0.48871743563149717 -0.0025652285303092194 0.9999861937650402 -0.004586052975489381 -0.8417181510694819 -0.0024204761849712527 0.004579845600570949 0.999986583064649 76.11343361693164
0.9999876844281572 0.003876975630422363 0.0030983950642680313 -0.4752798393280193 -0.003861189386928669 0.9999796177141014 -0.005084817880419836 -0.8500158623198574 -0.0031180456269015878 0.0050727917678413306 0.9999822721304353 77.50978853150946
0.9999734636515012 0.0021549303399898264 0.0069590421790913315 -0.6717532829840274 -0.0021103434132094326 0.9999772414193044 -0.006408049166121832 -0.8129055238741004 -0.006972692700736608 0.006393193151071168 0.9999552533177839 78.88969349534618
0.999957013644459 0.0007178189067518167 0.009244219776328624 -0.7635824579951216 -0.0006496443627102679 0.999972587969608 -0.00737572176573402 -0.8207132489177283 -0.009249260806029586 0.007369399255070616 0.9999300691194163 80.27725485796515
0.9999531413154974 2.792206762749496e-05 0.009680619485730717 -0.7941514092030616 4.5027963090678606e-05 0.9999716076216797 -0.0075353780923581104 -0.8462206920393993 -0.009680555033256627 0.007535460893030523 0.9999247490103328 81.66235179913728
0.9999469129323902 0.001180487392730276 0.010236101137585716 -0.78132553702016 -0.0010980267084830127 0.9999669329574994 -0.008057749618731678 -0.8589252259207636 -0.010245274731833055 0.008046082343993262 0.9999151438520082 83.04864418251304
0.9998981453650263 -0.0007721728094081976 0.014251408517530663 -1.024802421744478 0.0009091668445989276 0.9999534221397537 -0.00960869224417193 -0.7961717208007196 -0.014243325146531495 0.009620670462444 0.9998522742828675 84.41228887921115
0.9998613426307988 -0.0020718982848558797 0.016522794861464362 -1.193112240316042 0.00224523079236924 0.999942574493885 -0.010478866982119975 -0.7600432673452229 -0.016500134885079516 0.010514511497791193 0.9998085769769813 85.78364780840438
0.9998329167955021 -0.007128022750454233 0.016832402795436793 -1.3334169232369022 0.007280427357702089 0.9999329019095528 -0.009010386019946453 -0.7325005906632872 -0.016767047136811042 0.009131427621584448 0.9998177249678578 87.16105055771415
0.9998174809187472 -0.007536516375511873 0.017555790218965334 -1.2844808430037251 0.007672119352149099 0.9999411560661953 -0.00766961469994988 -0.7950303068571851 -0.017496954990427787 0.007802904966802692 0.999816468778216 88.53786832051316
0.9997884429082287 -0.008747456047383362 0.018615892131157087 -1.2842993415893293 0.008878675174857764 0.999936237471197 -0.006977830542779638 -0.8354203538951493 -0.01855366686881985 0.007141638792566072 0.9998023596896921 89.91473503235707
0.9996845876218629 -0.010463863557471354 0.0228305241016686 -1.4761503390684347 0.01064000637161569 0.999914454863291 -0.0076074450282633465 -0.8169185928926219 -0.022748967794566494 0.007847962467844699 0.9997104050420723 91.27016799681293
0.9996649048286342 -0.011485038802376554 0.023198533092974975 -1.475055877846892 0.011685845199840759 0.9998952573133622 -0.008539052887132265 -0.8424084874028435 -0.023098031862548538 0.008807285958329818 0.9996944096263238 92.63620139896341
0.9996549632462204 -0.012259094514533055 0.02323077826681604 -1.4487598977674436 0.012471852322353472 0.9998813966284994 -0.009035794148248314 -0.8776743952322503 -0.02311725236371382 0.009322407303044828 0.9996892944136332 93.9978262628677
0.9995284511346156 -0.012027950209905791 0.02825250052977035 -1.6566944522327876 0.012288546513556023 0.9998833712379431 -0.009068381687409472 -0.9077716032723872 -0.02814013143218802 0.009411287669198427 0.9995596833943364 95.33920893541594
0.9995244379813506 -0.01226020308834697 0.02829461606556871 -1.6187308630708113 0.012531116951242878 0.9998771345684178 -0.009417370928412308 -0.9517318588890263 -0.028175680755213785 0.009767455527491557 0.9995552650186473 96.69134297848927
0.99953250830464 -0.011421284544826075 0.028360520121831476 -1.5852082397314917 0.011710794518499044 0.9998807878109716 -0.010063173369024767 -0.9889352777409455 -0.028242204835674283 0.010390593142630484 0.999547104162762 98.04235531520166
0.9995411208597264 -0.009308374422819623 0.028825368620128407 -1.5490873748677974 0.00960671375575516 0.999901536995615 -0.010228751860340921 -1.0138952173136782 -0.02872731733553746 0.010500975164719054 0.999532125926572 99.39167317252092
0.9995638657222568 -0.007721229737151201 0.028503700702261877 -1.4734297887209404 0.008000200667327187 0.999921084539324 -0.009686149027519818 -1.0302719152475088 -0.02842666233768027 0.0099099598912893 0.9995467560666144 100.73480028541822
0.9995485018672068 -0.004084948760702224 0.029767526075318216 -1.420539844041205 0.00436953079085311 0.9999453139916124 -0.009501380261977176 -1.017104359580314 -0.029727085556611507 0.009627160528283765 0.9995116898588391 102.07912130667384
0.9995501145534682 -0.004584424012070393 0.02964037031863429 -1.3783576438261305 0.004907903284399748 0.9999290930910244 -0.010849943571816938 -1.0627610615482224 -0.029588527869753918 0.010990534410946143 0.9995017394541453 103.4184297998175
0.9995631869281042 -0.004425191458384012 0.029220763485717612 -1.3040833873347268 0.004786262268068579 0.99991291807041 -0.012298291321070565 -1.1395695881753745 -0.02916379659154253 0.012432777504375594 0.9994973231639459 104.75304998346948
0.9995776354873032 -0.005886175487851185 0.02845880481921336 -1.2920007464773442 0.0062608729402493304 0.9998946533167927 -0.013095179972653293 -1.19763195041849 -0.02837872625115363 0.01326782599435011 0.9995091858956301 106.08818272732168
0.9995677569213339 -0.008027022678982329 0.028281906409646115 -1.2523955908716236 0.008376125468773855 0.9998899208377381 -0.012246906925112596 -1.2256891190844938 -0.028180486961446143 0.01247850608094266 0.9995249606891281 107.43217444367681
0.9995591664283194 -0.0094417045930114 0.02814830409636591 -1.1876062803199061 0.009764236128451054 0.9998879923688484 -0.011342945359157435 -1.2390170108709884 -0.028038054532207344 0.011612791695853938 0.9995393992069932 108.77193861200145
0.9995400940479497 -0.010962991563757081 0.028273896204607657 -1.1366676469941521 0.011277527759422689 0.9998760192371725 -0.010989245745729953 -1.2761232654054822 -0.028149915776985644 0.01130305137551764 0.9995398057462995 110.10909353392606
0.9995280955014897 -0.011826464348804033 0.02834997432399823 -1.0729956862846968 0.01218231857675295 0.9998487490207782 -0.012412501588263694 -1.314980834125758 -0.028198890355107756 0.012752012491784332 0.9995209896546191 111.43936707365863
0.999377822477828 -0.009594203933107557 0.03393993503772235 -1.252166553512147 0.010125726159974717 0.9998282288851702 -0.015523607637279724 -1.2478023113943268 -0.033785168479794084 0.015857615685624292 0.9993033065168743 112.75427332164178
0.9993854767764344 -0.00775149568083933 0.03418454509056193 -1.1821236034580862 0.0083516455930836 0.9998128829183249 -0.017448471750690045 -1.298572902302578 -0.03404289682483351 0.017723246464940872 0.9992632124272942 114.0752203617811
0.9993962859482125 -0.005037517085727739 0.034375675331976226 -1.121507843854661 0.0056376680142772775 0.9998329916864197 -0.017384056912690328 -1.3400625857950186 -0.03428236182469395 0.01756736055854351 0.9992577783088435 115.40488063290385
0.9993956037221127 -0.003783295615826116 0.03455595368669242 -1.0590678840161003 0.004342318132294934 0.9998606897533672 -0.01611661748499725 -1.3637344477233309 -0.03449016575998876 0.016256929605649836 0.999272805947227 116.73625133921465
0.9993876203247669 -0.003958103449255783 0.03476661845339683 -1.0082001002733771 0.004472128896971584 0.999881657811598 -0.01471972944922646 -1.3756450863201484 -0.03470424188378063 0.014866196185122428 0.9992870517555287 118.06974390177133
0.9993814875300016 -0.004555214142440081 0.03486964878568933 -0.9524275662219354 0.005063924150278714 0.9998818357274031 -0.014514518751850641 -1.4102086742316886 -0.03479941169791575 0.014682118597604377 0.9992864636023866 119.40210614868374
0.9993753340255904 -0.004089260795507604 0.03510298687270461 -0.8721342370322205 0.004619320385697055 0.9998763377941338 -0.015032331774034537 -1.4572581512911293 -0.03503717483492681 0.015185093530719413 0.999270638673052 120.74223765914543
0.9993714083347768 -0.0036590434445221516 0.03526187181695523 -0.8265632244438843 0.004218096383370369 0.9998663856427946 -0.015792989726901626 -1.4694184259080603 -0.035199373089088874 0.015931800359172528 0.999253312164363 122.10583167507698
0.9993601165733276 -0.0017875274707575169 0.0357234117643576 -0.7704285226678 0.0023591736107873426 0.999869747896447 -0.01596626259863811 -1.5198967186071315 -0.03569021858182877 0.01604032378213731 0.9992341649035749 123.459869515882
0.9993520363009042 -0.0012825456895335604 0.03597030188628086 -0.7019407085411334 0.0018872750848415642 0.9998573744476699 -0.016782996018739955 -1.5722163373471327 -0.03594364664290551 0.016840007101102155 0.99921192368128 124.81678683784168
0.9992241529927408 0.001135513172453958 0.03936753339713489 -0.6906267553288576 -0.0004406931453775204 0.999844063168105 -0.017653757023508347 -1.617020796361553 -0.03938144062234086 0.017622711406836477 0.9990688375568421 126.16984833189755
0.9992132589219761 8.328511289535105e-05 0.03965925186023333 -0.617836246554574 0.0006215511881568212 0.999842091912018 -0.017759642877021066 -1.6685658516291424 -0.03965446845746321 0.017770320891554066 0.999055423300813 127.522910558505
0.9991973497899577 -0.0005621114901040983 0.04005421580055518 -0.5625437842039915 0.0012461909377120728 0.9998537606524363 -0.017055917369834223 -1.7024134575685734 -0.04003877097104139 0.017092142634922904 0.9990519283196821 128.8788467204178
0.999184019060165 -0.002227087617375894 0.04032785805767757 -0.49906122054344815 0.002893297598430624 0.9998601902605952 -0.016469024289631266 -1.7337584096581258 -0.040285541870285956 0.01657226637458159 0.9990507670300978 130.23484914165144
0.9991850434702965 -0.0031529728448032577 0.040240622106292055 -0.4389557279630872 0.0038116321928637867 0.9998598514279387 -0.016301808566116592 -1.7712073482457165 -0.04018358328083472 0.016441905751461088 0.9990570270860275 131.58195178833228
0.9991786990313748 -0.005344102517288779 0.040166752050095386 -0.38232059448362476 0.006000941426200581 0.9998499508373919 -0.016250061921847605 -1.8131002118930493 -0.04007388306576281 0.016477754056584536 0.9990608427504711 132.93441955410165
0.999175534511341 -0.006696940350721588 0.04004250521526713 -0.33278093971864364 0.007332467119788189 0.9998491447532196 -0.01574556007870962 -1.8565521975642252 -0.0399310175166252 0.016026188760710238 0.9990739087344301 134.28497207110422
0.9991757877883657 -0.007979906349725643 0.039800329045729256 -0.29081266991958693 0.008628289088789718 0.999832418710025 -0.016145808244282488 -1.9008583744574539 -0.0396648172175162 0.016475909416796577 0.9990771975598232 135.63726048305918
0.9991789025774608 -0.009049238932442123 0.03949217541292037 -0.26964652295457653 0.009704733661778948 0.9998177874243832 -0.01643806844992662 -1.9326622093563024 -0.03933622743293032 0.016807832238397758 0.9990846600698012 136.98300890811984
0.9991828211339049 -0.01017715902701496 0.039116689341380524 -0.24486971365160054 0.010806752810087337 0.9998149038344004 -0.01591766830632356 -1.9624690962458904 -0.03894745235047961 0.01632738511664766 0.9991078582668937 138.3345544984324
0.9991787290513514 -0.011547799874171342 0.03883961546401113 -0.21983386584877213 0.012173056685211969 0.9997994729259427 -0.015900648664293835 -1.9978329094402898 -0.0386482095609197 0.016360386764156677 0.9991189386868122 139.68432706655867
0.9991901408557561 -0.011518549921494531 0.03855366940201986 -0.2005333195335566 0.012144103880282297 0.9997977456202978 -0.01603086377943729 -2.035106547176431 -0.03836121944880144 0.016486080803999825 0.9991279327404097 141.03438470373553
0.9991997418211073 -0.011602415913208384 0.038278713270032884 -0.1758935635179691 0.012246468825099515 0.9997866443057781 -0.01663399738809088 -2.076692368178389 -0.038077551732593244 0.017089464964360018 0.9991286454913019 142.38309260627042
0.9992080596337171 -0.011580323475379291 0.03806769852811565 -0.14972917403947267 0.012232343899439798 0.9997816816881543 -0.016939856065842227 -2.121997898970802 -0.03786321863956819 0.01739209788988103 0.9991315687161731 143.73002615798708
0.9992215732284279 -0.013822958391041548 0.036948253222919065 -0.08692406904903148 0.014546227326551515 0.9997063960848528 -0.019378567996607553 -2.175615372834234 -0.036669535932019784 0.019900940891184105 0.9991292697575104 145.075683159533
0.9991552686354517 -0.019172293734219543 0.03634793406765822 -0.04824422156706605 0.019900397531877292 0.9996063516235288 -0.019776652193198293 -2.2243288962845087 -0.0359544619774968 0.020483284572214062 0.9991434890530201 146.41791586466113
0.9990111914665318 -0.026068178282235163 0.03601512745591219 -0.020764184996078013 0.026747575482922357 0.9994707796646334 -0.01851290907325824 -2.246150247118576 -0.0355134697038371 0.019457920690941623 0.9991797549950557 147.77065318561495
0.9988989927049892 -0.030649617053544752 0.03551624061508626 0.06580523701867493 0.031301073858472674 0.9993490975202789 -0.017933880246893467 -2.283968984693048 -0.034943456444148015 0.019025831384582144 0.999208172800774 149.11680103198617
0.9988143442029972 -0.03436286735191134 0.034483317150343785 0.14984629346199063 0.03508260448709879 0.9991743749040246 -0.020488518676394493 -2.3564969134332663 -0.03375080260879783 0.021673990922442807 0.9991952368985532 150.45764286504826
0.9988230308173041 -0.03426102472600334 0.03433271462699511 0.22067446430891038 0.03505158662671658 0.9991277748697112 -0.022695280541314283 -2.425080454794487 -0.033525205202716804 0.02387198501640326 0.999152735545218 151.79792433984585
0.9989343149019513 -0.030657077258581245 0.03450185683887421 0.2986159435795941 0.031514584716034084 0.9992007441865465 -0.024590725227759958 -2.4919261483323223 -0.03372040126606878 0.02565183094854399 0.9991020559019197 153.1401835918569
0.9989447194215165 -0.03034920641349659 0.03447278941336584 0.37418218460449715 0.031210442991646412 0.9992069558026655 -0.02472585132679751 -2.5478143262495703 -0.03369504100208917 0.02577566964485504 0.9990997242849319 154.48425243508362
0.9988764883183237 -0.03293329011176783 0.034075790339591745 0.44663489296390346 0.033695807798543746 0.9991888646028421 -0.02205006554381618 -2.578703977046039 -0.03332196905432312 0.02317350331946261 0.9991759780550399 155.83087586968676
0.9987132603598907 -0.03778163117529153 0.03382856673066478 0.5041333005447333 0.03846457789542339 0.9990643670748383 -0.01977034872427806 -2.6184531513770084 -0.03304995958611292 0.021046110972978215 0.9992320858460607 157.1793173185156
0.9985984386496929 -0.04081346643643888 0.03369598320033 0.5658200062656216 0.04147098255509691 0.9989580803071181 -0.019050233463976957 -2.6564076798513816 -0.03288336862777415 0.020420938924517528 0.9992505538257814 158.52661163730392
0.9985290790235255 -0.0425417899696918 0.03361360514143265 0.6146728839830724 0.04320290799254649 0.9988819506629524 -0.01919263871286061 -2.7043226494512065 -0.03275953426740174 0.020616613348207354 0.9992506032865996 159.8717839670704
0.9985850515945168 -0.04084664724330389 0.03405064083033657 0.6525613914710441 0.04149406480664487 0.9989669375073367 -0.018528366172830314 -2.7473453732117354 -0.03325864275338716 0.019915048987979907 0.9992483442598286 161.22121897473792
0.9986593746917907 -0.036226486247999706 0.036974248259082805 0.6254052784842042 0.03696405281960064 0.9991270409908369 -0.01946316418375921 -2.811192062766897 -0.03623688920631242 0.020803789438890684 0.9991266637447084 162.56944563494952
0.9987499509749062 -0.03240022573914423 0.038062590553903305 0.7004654832108969 0.03322198671608221 0.9992239924333646 -0.021159218893040857 -2.876990157150952 -0.03734749022702918 0.022397283709853603 0.9990513133248773 163.91673350616577
0.9988168322456487 -0.029840748153318664 0.038398767850244694 0.7511965473245815 0.030693584897178064 0.9992907438013813 -0.021815434880875843 -2.9240567286909664 -0.03772054438799217 0.02296821940273646 0.9990243347529333 165.26638701073935
0.9988895213699183 -0.027481558151243868 0.03826863022051453 0.8079156107918026 0.028305858110815197 0.9993751696597631 -0.02116716003931859 -2.967855155422064 -0.03766301227975617 0.022226880777552846 0.9990432739761151 166.62305258155126
0.9989435623916881 -0.025584300465513195 0.038173324794849056 0.8561395399409711 0.02641522094937037 0.9994214620693619 -0.021423754510715275 -3.0255296512681795 -0.03760312830601507 0.022409478459567228 0.9990414505999095 167.9822717116087
0.9989248870984088 -0.022978414042230645 0.04026241949429098 0.8977153874407745 0.023919482178325773 0.9994481346967962 -0.02304960787987599 -3.105168421899981 -0.03971055662857414 0.02398788317461795 0.9989232468778817 169.33974235157754
0.9990208717286542 -0.01847580694973825 0.040198786151761076 0.9616792215049884 0.019503423348988646 0.9994890464661134 -0.025323160780795093 -3.189520435884088 -0.039710380609975705 0.0260823801025883 0.9988707599684729 170.6955018470205
0.9990933781566315 -0.013477508662243412 0.0403828984079663 1.0013812911646167 0.014551763577623951 0.9995448278387215 -0.02642694302491047 -3.2427851063576623 -0.04000834788328441 0.026990626171322828 0.9988347401840454 172.05859279675207
0.9991160231566575 -0.010179405112428427 0.04078666428112698 1.0096659288633814 0.011228353601235776 0.9996099242190659 -0.025571927540943656 -3.258713905798618 -0.04051044738126087 0.02600728963792147 0.9988405901537336 173.42765616250156
0.9991909290238524 -0.005796744176246642 0.03979805414093261 1.0859831430109592 0.006783645050918546 0.9996717037768764 -0.02470762691276777 -3.314966405696083 -0.03964176479765498 0.024957612561952752 0.9989022214706174 174.80096450291103
0.999220863316069 -0.0040909353118460745 0.039254688409956315 1.1448469009459579 0.005020137381640246 0.9997088339192325 -0.023601813585362834 -3.3508762180884797 -0.03914670528356025 0.023780488475282892 0.9989504611507611 176.17904895217785
0.9992186242299991 -0.0070128999406013585 0.03889678940902089 1.1898376370521995 0.007915488040894618 0.9997018359672546 -0.02309944182821502 -3.3924309233186074 -0.03872319771120482 0.023389279555466467 0.9989762037010164 177.5544187056977
