0.9990467583056871 -0.0007422845714658998 0.04364657755784481 0.03109313513874448 0.0008481279437904638 0.9999967446122304 -0.0024065419033449534 -0.027984566459477098 -0.043644649132384604 0.002441265769341199 0.9990441355733762 0.9991246572844837
0.996043865263723 -0.004911903018982284 0.0887270628344836 0.13128140356630974 0.0055754547411644715 0.99995830331982 -0.007232283607273755 -0.04607276278708184 -0.08868783893483659 0.007698365442022533 0.9960297196342031 1.9939287224229136
0.990998393265098 -0.004457453054286622 0.13379953534397332 0.2886101634504305 0.006002184886264541 0.9999198895120972 -0.011143981995059584 -0.07097633456679557 -0.13373914282133492 0.011846757800510033 0.9909457583576564 2.9811609513450152
0.9838044470071814 -0.002108278318048211 0.17923271244788863 0.4994050519248748 0.0045668265527523955 0.9999010479685034 -0.013305576527365089 -0.10973351248635453 -0.17918692514837947 0.013908610067944999 0.9837167256999583 3.9579226396529754
