1.0 0.0 0.0 0.0 0.0 1.0 0.0 0.0 0.0 0.0 1.0 0.0
0.9972522959006597 -0.005096400582563451 0.07390456698990441 -0.6041304984983255 0.004809149049423637 0.9999801768928024 0.004064222786708389 -0.22521931084327226 -0.07392381487912844 -0.003697637427009156 0.9972570366115121 0.7674622902514882
0.9926913326450579 -0.008524227643253201 0.12037963131055553 -0.5471899269078317 0.008635994662496614 0.9999626263648448 -0.0004067796837137535 -0.24051823655715368 -0.12037166480351022 0.0014434045197900041 0.9927278473457989 1.7655186827593363
0.9862017728079822 -0.007866664423096028 0.1653607538119237 -0.3617038409038238 0.008668894115188924 0.9999538946978549 -0.004130224377816223 -0.25859517274735155 -0.1653206387152339 0.00550672946910049 0.9862244989581942 2.7495084088577455
0.9765594551225847 -0.005116979801986367 0.21518700501746563 -0.42516780525196923 0.006447648112742534 0.99996418558434 -0.005482278947845606 -0.323847117640072 -0.21515124550997833 0.006741221428925702 0.9765574727015054 3.7390260964536832
0.9661290195490634 -0.00855195959566755 0.25791778064383153 0.00693378351487528 0.01032730168149623 0.9999313838805892 -0.005529409609467799 -0.3385539199544775 -0.25785279603902866 0.008005717814411117 0.9661510461916041 4.639133578798872
0.9530847202306427 -0.009295605655423032 0.30256091581428113 0.30559853286775296 0.01184620579594706 0.9999080759851229 -0.0065959827145002144 -0.3608587133145764 -0.3024717895459306 0.009870729214641782 0.9531072265142332 5.5852586638802215
0.9386586092804887 -0.012520720492388537 0.3446204387176861 0.6830084332611313 0.016673612126530814 0.9998196711620448 -0.009089324291429971 -0.3831041449180879 -0.3444444888255189 0.014277840024746611 0.9386981077012753 6.501548866123766
0.9221829359014664 -0.014374303168886349 0.38648675545296635 1.0541545681398419 0.020037246728323358 0.9997427490291009 -0.010627535334433924 -0.4066051030165319 -0.38623456794505123 0.017544662212345123 0.9222337249050019 7.4165509519891994
0.9036042928015424 -0.014206280107983105 0.4281325304577055 1.4796022646626834 0.02100080744199934 0.9997172693631167 -0.011151117609364599 -0.4321618664606698 -0.42785306837442305 0.01906732657315493 0.9036471595373631 8.307160144728023
0.8827523630170734 -0.014724316000804783 0.4696077726210263 1.9410759635521009 0.02189410690554055 0.9997121615456015 -0.00981030787641403 -0.4476045437928195 -0.46932815137234407 0.018941715237267034 0.8828206486899188 9.177079145020414
0.8596156803079855 -0.014518500658499434 0.5107348581282349 2.441197566781605 0.022155769315201787 0.9997151669351502 -0.00887169013640432 -0.4646097978079644 -0.5104605803141813 0.018941967650008343 0.8596925018905632 10.021634016996806
0.8344922714676034 -0.014627920079805491 0.5508254467750907 2.9862363426432226 0.022618134314223052 0.9997143904217303 -0.007717356014328267 -0.48178998207506374 -0.5505552368845322 0.018898717888971902 0.8345847887429835 10.835563571203737
0.8076051073747337 -0.014968002753605736 0.5895336711637535 3.548998261004344 0.023960632357671922 0.9996852011934125 -0.0074422182114235085 -0.5128496084187727 -0.5892366915249468 0.020135972994966247 0.8077095170618466 11.63254588302176
0.779422843932081 -0.016658430640802406 0.6262767176300041 4.175236341602174 0.02711060413485341 0.9996068591756175 -0.007151379761977511 -0.5294989143833667 -0.625911371921193 0.02255268892266127 0.7795680411112865 12.379122231741189
0.7515996166208367 -0.01676301074139992 0.6594065648492548 4.906246742668861 0.029017161227340053 0.9995495306892382 -0.00766420597517737 -0.5473721858075511 -0.6589810472613895 0.02489452087924375 0.7517474590449081 13.01167335481722
0.7220404550820076 -0.020909684993040765 0.691534790374612 5.693475458121465 0.0344636732067608 0.9993893189311535 -0.005765798767097822 -0.5812451075380545 -0.6909919221337285 0.027995968992283092 0.7223201431956046 13.57472192261141
0.6893189452714948 -0.020047492768606602 0.7241805643094034 6.398120133680166 0.034371330788413326 0.999396370240607 -0.005050422728155207 -0.6068262033416334 -0.7236421790564914 0.028372401794565502 0.689591910847844 14.233665213477313
0.6665553853943398 -0.017623520644253817 0.7452471601568866 7.343115132561681 0.030871242831536024 0.99951546519408 -0.003975072816720652 -0.7052723349372425 -0.7448160071909301 0.025656312244035705 0.6667764760953984 14.091685257348713
0.6772854013949507 -0.01601056774051889 0.7355461554368333 8.239843944163296 0.024005671440830562 0.999711763296673 -0.00034360577978023634 -0.8118271320573874 -0.7353286427142325 0.017889998515462836 0.6774745273124013 13.777821429693649
0.6437373893762883 -0.014627236258217302 0.765106670653476 9.022937582570519 0.023863529682422422 0.9997147591085843 -0.0009655938904925386 -0.8239093340893577 -0.7648743069747455 0.01887973463562203 0.6439028266361251 14.320339754219058
0.6074951755119845 -0.013466712255081512 0.7942092037937494 9.772551517471308 0.026325350651080347 0.9996483500421885 -0.003186247169913902 -0.8283023689207268 -0.7938870118869316 0.022843465563897245 0.6076360657813775 14.90713971654139
0.5631657409852644 -0.0129314920402524 0.8262427758801468 10.206655630640716 0.029641381441369873 0.9995501981241736 -0.004559598246855871 -0.9543788508840718 -0.8258121679212324 0.027058786808325463 0.5632957352667394 15.745892082548817
0.5163788933874227 -0.015100222677045215 0.8562270853804403 10.339474196044916 0.030962934891053576 0.999519986044577 -0.001046021214384796 -1.2258281942319578 -0.855800289277185 0.02705144677373499 0.5165985715239008 16.649195009837175
0.47861374489389646 -0.016876535495453808 0.8778633525488522 11.173761331436161 0.035390778531881106 0.999373546760629 -8.26437423548244e-05 -1.2382603136503403 -0.877312017467872 0.031107821922331642 0.47891118949310535 17.125127014109164
0.44252141112176757 -0.017478013226374704 0.8965875973670714 12.04938688007572 0.03865372300192027 0.9992525849915594 0.0004013549262879329 -1.244176699895538 -0.8959244892271282 0.03447884048724245 0.4428662542594152 17.527471158085877
0.4080157657487598 -0.01506541078860429 0.9128505728202306 12.936843760956206 0.03951512785884916 0.9992182859026824 -0.0011712335394349984 -1.2596267457429444 -0.912119339544312 0.036549288850478374 0.4082921257063041 17.906446749775373
0.37520889777235883 -0.015660861718264817 0.926807973877379 13.84436996357572 0.0397017629148543 0.9992112447211466 0.0008114457894280965 -1.2605617924814083 -0.9260896571358005 0.03649144876622289 0.3755347135925491 18.268449674935084
0.3423510461635757 -0.017166850235346903 0.9394152758198591 14.773185144330668 0.04167081525998634 0.9991266718734385 0.0030719223092556002 -1.264676837852124 -0.9386475932671823 0.03809452459479163 0.34276741801055627 18.602884413737467
0.30965979424773693 -0.016974000276616965 0.9506959004545344 15.714000569704428 0.041580906275107854 0.9991259086329556 0.004294989139823211 -1.2768882169138611 -0.9499378085221107 0.038200811679595395 0.3100949176094799 18.92033472994016
0.2777166143929738 -0.013685018575805485 0.9605655637991003 16.66688491723048 0.038476416370716096 0.9992546626606265 0.0031119984357949456 -1.2788334915181223 -0.9598922061738869 0.036094866914520685 0.27803617230326594 19.19895791763631
0.24703656943232502 -0.011958188263330189 0.9689323686906978 17.636032644886612 0.03796589814484922 0.9992755136938481 0.002652981332474207 -1.2816435168516411 -0.9682621153082276 0.03613100421181614 0.24731159817825502 19.447821437490497
0.21806019833819731 -0.011884130930150975 0.9758629603242152 18.635690945018627 0.040539206927536715 0.9991731103945419 0.0031093674891759194 -1.2773321671833515 -0.9750929815163234 0.03888268119010591 0.21836165986975853 19.6265778966862
0.18751023881511764 -0.012009899073258815 0.9821892244693724 19.640383581872044 0.04212513472502796 0.9991036211542128 0.004174592307908586 -1.27903885085992 -0.9813589472582885 0.040592074605631405 0.18784807722017008 19.839701309229774
0.15849222968600102 -0.012672935772273798 0.9872788916147611 20.675846073820363 0.04089790801241685 0.9991437219438271 0.006259714086438016 -1.2783861002680756 -0.9865128353191195 0.03938552524910499 0.15887481282910848 19.929479243767336
0.12931980856658828 -0.013130666142283203 0.991515997207791 21.719854664854886 0.04132681210070176 0.9991149134528047 0.007841193645578209 -1.2874179856200774 -0.9907413798332513 0.03996217365026665 0.1297479979161591 20.06480910513687
0.10293562902121842 -0.01322709417466831 0.9946000705095993 22.781467065253956 0.04409175564497416 0.9989894093891636 0.008722213734689033 -1.2949989171281835 -0.993710306559286 0.04295583671614567 0.10341480904525133 20.13914535090206
0.07795637469918827 -0.01296891075993544 0.9968724146035238 23.857148880842082 0.04804050776953234 0.998802674997112 0.009237209094670138 -1.2983128129919455 -0.99579863087725 0.047170157645634266 0.07848606864075122 20.206350625813965
0.05504888229090781 -0.012726764862862384 0.9984025490826064 24.947538803929245 0.05218096913520647 0.9985890464682029 0.009852042114996148 -1.2991415614310933 -0.9971192341032404 0.05155526869147754 0.05563530580051776 20.27192839113603
0.03636879109287275 -0.012916831953728137 0.9992549556978544 26.051411655524316 0.05842609051329042 0.9982335622514091 0.01077715835434701 -1.28990293708388 -0.997629040767046 0.05799060826669289 0.03705922788028888 20.255992804759554
0.018712386037247536 -0.013716707741679903 0.9997308130379502 27.167516693050313 0.06274827669961583 0.997950879777719 0.012517800210298295 -1.2872632422633614 -0.997853947419171 0.062497147771765085 0.01953474188139387 20.271153043891207
0.003057252495790694 -0.013562260119600754 0.999903354483634 28.29687375090027 0.06558465690846904 0.9977579334156247 0.01333263231249343 -1.272418317424626 -0.9978423252124432 0.06553755722202373 0.00393987410897699 20.269271424507064
-0.01607376915766255 -0.014511071246238317 0.9997655038839615 29.42140033633135 0.06716393753269337 0.9976206187956103 0.01555977020936025 -1.2802223909625872 -0.9976124695693066 0.06739829200469576 -0.015060902850730631 20.425622840563705
-0.028478424259709943 -0.015547361463681275 0.9994734908456553 30.563019086810378 0.06779207299064491 0.9975468743520727 0.017449020317521515 -1.2742434321187568 -0.9972929430169026 0.06825330044714215 -0.027354575243588412 20.378642996420787
-0.040563952920019575 -0.01530138055316471 0.9990597747265516 31.711116333551395 0.06761509908058053 0.9975486704354389 0.018023553723151186 -1.265054513186137 -0.9968865352184398 0.06828263224023574 -0.039429912940799706 20.32259880482497
-0.05188860720394374 -0.012391545390302964 0.9985759971305506 32.8714696492928 0.06781523300044613 0.9975711457980119 0.015902931941534134 -1.2548010676497898 -0.9963476635269087 0.0685438449029666 -0.05092224180442247 20.27001365739527
-0.06209716854186554 -0.008974561303051708 0.9980297585285216 34.0490707502418 0.06791357885325582 0.9976039311839535 0.013196298483449824 -1.2418322442064926 -0.995756841536339 0.06859922547477833 -0.061338884876029766 20.19576779873912
-0.07147604884687576 -0.006364544448047869 0.997422010492653 35.249180703132225 0.06900961007837246 0.9975518747272243 0.011310656259959933 -1.2303239085966162 -0.9950521836356474 0.06964014504701162 -0.07086185179460969 20.10459476567414
-0.028500095484136137 -6.548057028484249e-05 0.9995937876305995 35.739897220043154 0.06820220731757543 0.997669493952464 0.0020099138400628607 -1.057079962424014 -0.9972643598737526 0.0682317854736995 -0.028429209919825484 18.992372347922778
-0.03513289001922983 0.00033746503641544185 0.9993825924821003 36.99167565452695 0.06789185962106707 0.9976905801133736 0.0020498171218200187 -1.0654766157478508 -0.9970739067070654 0.0679219586760335 -0.03507466455322444 18.976259190349396
-0.03704780075065472 0.00271547420338766 0.9993098051452253 38.25022289447983 0.06916943262359944 0.9976049158506597 -0.00014649616719100483 -1.0443521701065148 -0.9969167718772058 0.06911626487628232 -0.03714689596026162 18.812499332157984
