0.999046651405763 -0.0007371349513904868 0.04364911164039112 0.03109358476013893 0.0008431724145981335 0.9999967381735638 -0.002410954688946853 -0.0279876089244879 -0.04364719206559742 0.002445459935540267 0.9990440142208413 0.9991250819558265
0.9960438664545406 -0.004917266921227651 0.08872675235978673 0.13127671292360876 0.005583282311985977 0.9999580606666396 -0.0072597428630632385 -0.046078328627888444 -0.0886873331255044 0.00772640885784162 0.9960295475282083 1.9939358577660933
0.9909984528744074 -0.004454604198773686 0.1337991887193766 0.288615706031243 0.006000450916278265 0.9999198053541923 -0.011152463819062956 -0.07103583134621491 -0.13373877892867284 0.011854929854977669 0.9909457097383293 2.9811592693861986
0.9838096864806892 -0.002164466015622804 0.1792032808673871 0.4994399276376296 0.0046231104128342995 0.9999008185377702 -0.013303380683425603 -0.10981541463080109 -0.17915671250857218 0.013916471333086284 0.9837221173628031 3.957918719421871
0.9743821192776602 -0.004634224902845192 0.22485108314510382 0.7309732546320176 0.007804443905432622 0.999882254115797 -0.01321243957942365 -0.14148628904629537 -0.22476337843897856 0.014628802543708571 0.9743035573417734 4.930224907478067
0.9628660578381824 -0.0055117891651510695 0.26992327584585574 0.9992473490768131 0.009753648308669626 0.9998490827001137 -0.014376305798511714 -0.17219151168809796 -0.2698033005873533 0.016475193593413658 0.9627745047456494 5.893082164249826
0.9495072962507991 -0.008086728412610567 0.3136407167286778 1.3217611765268222 0.014126239393234912 0.9997558942386325 -0.016988269356165445 -0.20214815325892777 -0.3134267757022412 0.02056104955232802 0.9493897511107884 6.839177707271186
0.9344260103994596 -0.01018505551804266 0.35601165111979716 1.6657472886992335 0.017980936968654666 0.9996653910252504 -0.018595480420326 -0.23502521862751066 -0.35570313042575147 0.023777523639518218 0.9342964799114326 7.777600340514113
0.9172303584021027 -0.01004745967440275 0.39823048373980957 2.0670920113198425 0.019288668654012152 0.9996294697179358 -0.019206002525112086 -0.2693166041572024 -0.3978899557504653 0.025297664428364387 0.9170842988991599 8.692875412793011
0.8977773959126353 -0.010566241974640577 0.4403227247359168 2.507179384294691 0.020592394243665876 0.9996259358121918 -0.017998381897095128 -0.29183543130143885 -0.4399678405152382 0.025225839572422318 0.8976591537606161 9.590555903349081
0.8759909524102841 -0.010371201768274508 0.48221601950703186 2.9880089514858588 0.021257597152174984 0.9996274908924796 -0.017117067953416745 -0.31646615095132913 -0.48185886508254694 0.025245150541990904 0.8758851046315795 10.46702700349097
0.8521748111717337 -0.010427903990978496 0.5231532758406244 3.5174909237766006 0.022071050088018043 0.9996279391910846 -0.016026600905942833 -0.34169122717074407 -0.5227915071540791 0.025204007755535697 0.8520879051134492 11.314940042244128
0.82653351150157 -0.010777239937487327 0.5627843329946343 4.064409350243562 0.023731782888507434 0.9995948920660174 -0.01571159560519071 -0.3830918002586778 -0.5623870169605786 0.026342035890533032 0.8264544393366913 12.151146338910902
0.7994101540237346 -0.012341597709514275 0.6006588804052821 4.669584848137385 0.027047958432556432 0.9995145643986857 -0.01546103164531995 -0.4077176513882781 -0.6001764853677464 0.028606302118299003 0.7993559068967568 12.946855796385828
0.7708738615932246 -0.011461290446391615 0.6368847056835762 5.315151436158762 0.027826119898410172 0.9994895793535099 -0.015693559670903707 -0.44690700299487196 -0.6363797581348345 0.02981978512746808 0.770799314900579 13.709544269440716
0.7403457072012731 -0.014690468868954202 0.6720657884114166 5.986593167065549 0.032764034457573275 0.9993615518451937 -0.014248043361471471 -0.4780912866815734 -0.6714273988114506 0.032568064387950776 0.7403543538788114 14.449975477486358
0.7086749900137643 -0.013948718289635035 0.705397187254861 6.703989408568082 0.0332507065852783 0.9993539110647894 -0.013643714710061235 -0.5122643546297556 -0.7047511256043311 0.03312391428539525 0.7086809276831452 15.145771379774354
0.6751400874628068 -0.01265698767885482 0.7375809534984027 7.469589069129526 0.034257731189795894 0.9993120155722709 -0.014209271149989086 -0.546779303427748 -0.7368936627183342 0.034861098602647946 0.6751092012776713 15.78766509831178
0.6404311450206949 -0.01403197289211146 0.7678873955367665 8.269217410180861 0.03875653052853813 0.9991496826648564 -0.014065666429589153 -0.5917907709025644 -0.7670370785228527 0.0387687421445812 0.6404304059018865 16.386264426953083
0.6038311628640244 -0.012184261056419338 0.7970191155403935 9.058646578970366 0.03862204386099344 0.9991560067315814 -0.013986133854649044 -0.6271845147358225 -0.7961760260660204 0.03922777070787584 0.6037921144922405 16.999657885605924
0.565875783407276 -0.01080335004105143 0.8244197264628584 9.866078529314784 0.04169881471447862 0.9990095147494653 -0.015530559920569585 -0.644002245271315 -0.8234353688083907 0.04316569318254176 0.5657657786818335 17.58981383196308
0.5275230235293246 -0.00910137399042048 0.84949198032587 10.728563071969774 0.046339885131347965 0.9987621741202765 -0.0180758012976718 -0.6671921470429881 -0.8482759425402174 0.04890076214156517 0.5272917985039031 18.095828364037146
0.4890104831031929 -0.008081846310884409 0.8722404663711671 11.601672315442343 0.0481157571787508 0.9986845360915977 -0.0177220563882091 -0.6923256317186871 -0.8709498385821646 0.050634781837375534 0.4887560716164903 18.58270298695108
0.45051942358155433 -0.009671498377701489 0.8927142382055279 12.480761142166445 0.05326484984113802 0.9984512066193408 -0.016063740902553997 -0.7207489063963659 -0.8911762478584951 0.05478731714104538 0.4503368129892797 19.058512544296605
0.41387974716241205 -0.010187492437234658 0.9102745574202439 13.404151961103246 0.05721100141770495 0.998251804585991 -0.014840348971498179 -0.7395753286381297 -0.9085320336705589 0.05821983887519589 0.41373904113074106 19.442090079440067
0.37892759714920077 -0.0077338944552307306 0.9253940041924252 14.337086433816845 0.058617122651674604 0.9981576960554929 -0.015660355590780474 -0.7710199513533326 -0.9235680316310065 0.06017807475938812 0.37868283598214764 19.80037054166274
0.3456862215285393 -0.008341997254016362 0.9383130859831048 15.277449819118926 0.05937492938614014 0.9981510934011252 -0.013000480857614958 -0.7851725419012101 -0.9364697827510042 0.06020636032806105 0.3455423854903119 20.1404386914632
0.3124196335878127 -0.00975829044553583 0.9498940721556479 16.228154665363714 0.06180842382133041 0.9980371712406568 -0.010075890366146709 -0.8016751193405212 -0.9479312692878002 0.06185936137342815 0.3124095518976527 20.450117305884234
0.2796806524866696 -0.009605068355541767 0.9600450381552512 17.18783045697662 0.06226070144531209 0.9980266218144761 -0.008152742184224904 -0.8254076010923909 -0.9580721985738699 0.0620532417482769 0.2797267550813858 20.730484779314885
0.24723277544728814 -0.006391686127453241 0.9689350345059675 18.155000541876817 0.05944700066276048 0.9981945568211184 -0.00858375470836266 -0.8401798511057109 -0.9671308126912477 0.059722467138755286 0.2471663772887158 20.984251294390155
0.21621252011656078 -0.004674921295756828 0.9763351326546257 19.1306826349519 0.059249327959170865 0.9982083649752697 -0.008341296648924645 -0.8545306414680752 -0.9745469015297482 0.05965069324221829 0.21610213213777052 21.202899852791198
0.18591433417676287 -0.004394002114239388 0.9825561322861062 20.11511871256484 0.061374548447610075 0.9980891990210172 -0.007149517496770875 -0.8658988041521762 -0.9806472480716312 0.06163313672858724 0.18582876878065036 21.378340671082828
0.15507427480743974 -0.004404263826001146 0.9878929961048916 21.09874127242377 0.06324895975582587 0.9979827388132694 -0.005479244525746245 -0.8756842957393629 -0.9858760258687466 0.06333289422502322 0.15504001459729516 21.558058932113912
0.12438888403429818 -0.004841065293323287 0.9922217340975398 22.08832123347146 0.06205500275245143 0.9980684892735706 -0.002909871572171193 -0.8867152368981824 -0.990291160296857 0.06193427811801045 0.12444903789063955 21.70137269666933
0.09513360146082758 -0.005347627536995905 0.9954501498080249 23.083896489576357 0.06276779202712557 0.9980279546849009 -0.0006371432444329747 -0.9066766714817014 -0.9934836697989216 0.06254282170801043 0.09528165246083915 21.79369533018182
0.06780849014199772 -0.004862866484453818 0.9976865044663168 24.08119830208205 0.06576297671441282 0.9978351946524696 0.00039396259754612356 -0.9093174308259271 -0.9955286231738004 0.06558412035259027 0.06798149453531302 21.867115167554413
0.042825362333755564 -0.004502116644038984 0.9990724294497907 25.08087680014159 0.06990146598871541 0.9975527746692742 0.0014989337082829193 -0.9217490237985488 -0.9966342224676071 0.06977243506827631 0.04303526357572561 21.890127355921855
0.019905090181022617 -0.004185416097694249 0.9997931134374629 26.08043164593548 0.0741553088020689 0.9972430541199568 0.002698367278851475 -0.9323116215336094 -0.9970480317223216 0.07408625582110989 0.020160583747846062 21.916690339288213
-0.00036853633888043726 -0.004331714169404149 0.9999905501720115 27.080433012190475 0.08011087631163691 0.9967764786266031 0.0043473156466411296 -0.9362613689869081 -0.9967858905891218 0.08011172142142811 -2.0330936072429148e-05 21.917798732977754
-0.017956231029490066 -0.004963188855888664 0.9998264552029004 28.08009687542581 0.084618514402217 0.9963924427607289 0.006465835574103034 -0.9400737895262294 -0.9962516151994825 0.08471993133667148 -0.017471475230566386 21.893349377316746
-0.03356121482778662 -0.00467411026446186 0.9994257338854747 29.0792806961174 0.08755940590623244 0.9961303156901085 0.007598986805748524 -0.9316261291991745 -0.9955937903063832 0.08776415473507378 -0.03302208120344985 21.854240255249202
-0.0477821870688467 -0.005246679913503972 0.9988439993055992 30.077883630649616 0.0900740484681902 0.9958893777620862 0.009540076163000856 -0.9303503270144746 -0.9947881826758234 0.09042576850948505 -0.04711318284727903 21.80201647509023
-0.06108783003699284 -0.006220984715711366 0.9981130078155176 31.076197119292797 0.09037599978609634 0.9958385387233295 0.011738119783362321 -0.9278295381811326 -0.9940324218475145 0.0909225172471151 -0.0602713876844813 21.74377344527298
-0.07309737810976552 -0.005860840852019725 0.9973075873861516 32.07268987506221 0.09039290742508076 0.9958280148028337 0.012477468536912046 -0.9238003673847062 -0.9932199633518844 0.09106160265642244 -0.0722626384857698 21.659728596428852
-0.08425264819116458 -0.00290647695705961 0.9964401856932882 33.069442677961945 0.09075423595705169 0.995817136351744 0.010578260918757632 -0.9200364356728007 -0.9923029577344951 0.09132241422515958 -0.08363645575621143 21.579342894190244
-0.09448556973334368 0.0004637037975266877 0.9955261232589301 34.06494016236533 0.0907991965571269 0.9958358396259603 0.008153920593172619 -0.9143184651150522 -0.991376811821189 0.09116339997634856 -0.09413422060019719 21.484843081607423
-0.10377714527731229 0.003140272381142812 0.9945956177298715 35.058758951622124 0.09190534480817587 0.995746886480372 0.006445592318543131 -0.9086472143076421 -0.9903452487460025 0.09207755836260438 -0.10362437711368518 21.37415982353561
-0.11144987308549409 0.0041895509712232245 0.9937612255727668 36.05375660180962 0.09148273315742626 0.995788213388612 0.006061650795343218 -0.9060101023020978 -0.9895503197530047 0.09158756323310001 -0.11136374157574132 21.274246069916842
-0.11715128654115783 0.005017623771529927 0.9931014044464136 37.04698553394295 0.09150410313275667 0.9957880225691383 0.005763090986201869 -0.9021147083691143 -0.988889566721998 0.09154800685723749 -0.1171169811293213 21.158174401715645
-0.12212333474827641 0.00687272208142722 0.9924911368879585 38.03941401836773 0.09268573583473651 0.995685198888901 0.004509887619970937 -0.8964809481103589 -0.9881777398235267 0.09254053384740554 -0.12223340015111783 21.035539488938646
-0.1266090774825868 0.008674249727152113 0.9919147639241387 39.03058587700942 0.09161385064366993 0.9957901329352438 0.002985551716150025 -0.8905606561628937 -0.9877130372072892 0.09125112898195553 -0.12687075151614255 20.903052939927623
-0.1304967350085849 0.00947563254973102 0.9914034569941149 40.021433606709145 0.09240015503098838 0.9957184401996232 0.0026455994933288866 -0.8964414896749077 -0.9871336350780217 0.09195107522053386 -0.13081355535050318 20.768592180724454
-0.13360275296455912 0.008628873317952897 0.9909974000700273 41.01301200307011 0.09206303972816803 0.9957461517444723 0.003741390394631452 -0.8928620578459943 -0.9867495635247583 0.09173409306979613 -0.1338288274340068 20.63908151937778
-0.1359523098146693 0.006783200420797208 0.9906921608896013 42.00308795326017 0.0921751796124164 0.9957257302443344 0.00583150004771449 -0.8862183706547256 -0.9864181191155582 0.09211003377178312 -0.13599645568574917 20.498673539115988
-0.13816627542617393 0.0057172429390446484 0.9903925451395699 42.995345926953156 0.09258677814415271 0.9956788127565416 0.0071687056439806605 -0.8864412894507395 -0.9860718882757712 0.09268772821091555 -0.1380985741829193 20.374581137621647
-0.14006072924136315 0.0065940053462100485 0.9901209578722552 43.98426082986106 0.0946442097963887 0.9954882203791782 0.006758449401642454 -0.8779070913713614 -0.9856091850608918 0.094655809012398 -0.14005289052287934 20.226359029875546
-0.1411688969675186 0.006442178488634862 0.9899645654594386 44.975314338993535 0.09448420599917033 0.9955017838044682 0.006995231149024085 -0.8737792060288135 -0.985466426290455 0.09452352500008934 -0.14114257286827725 20.092966377092
-0.14160616811393842 0.007889868779817196 0.9898916320096481 45.965305235719235 0.09718187667215182 0.9952487366270966 0.0059695132672266255 -0.8750594055471916 -0.985141297478979 0.09704484640003405 -0.14170011216872078 19.95180545575855
-0.14183496431476925 0.00824700064756564 0.9898559642079988 46.95557532550045 0.0970289073605694 0.9952657470343251 0.00561105307592855 -0.8730648512524174 -0.9851234613155055 0.0968404861642377 -0.14196367917616054 19.81269548240685
-0.1410062670485633 0.009664538171200283 0.9899615292297814 47.94540310151268 0.09699448047126522 0.9952764782780321 0.004099090702554212 -0.8734208733912988 -0.9852458086239897 0.09659880169244255 -0.14127762774213584 19.670427466977905
-0.13979239480938685 0.009659063034036797 0.9901337227136349 48.93639484520083 0.09755376669066601 0.9952219565179046 0.004064464188201921 -0.8715103599656988 -0.9853635618176267 0.0971594553606523 -0.14006673865019392 19.536450945081647
-0.13860305293651617 0.008613405574232543 0.9903105588456035 49.92738966994419 0.09614664789199998 0.9953556091295512 0.004799320105163501 -0.8643810011679546 -0.9856698310366456 0.09588024102365325 -0.13878747625573792 19.402778486320003
-0.13747829930018288 0.009550372962429816 0.9904587359389628 50.91949750926361 0.0978144046935088 0.995196711782891 0.003980840486075565 -0.8653060162100936 -0.9856632586517489 0.09742841080916587 -0.13775211545096688 19.277417024837984
-0.13660277001972188 0.010351043032484707 0.9905718243171865 51.9109627114488 0.09749080170142799 0.9952317691945893 0.003044531067404677 -0.8627464919487426 -0.9858170351574134 0.09698753267274715 -0.13696054796729198 19.14707513873095
-0.1358035029758109 0.01103647212057958 0.9906743182613703 52.901134481557406 0.0983478896229405 0.9951492122859381 0.0023953900289127635 -0.8591543567657702 -0.98584233079444 0.09775603086157074 -0.1362301627539903 19.007260786926118
-0.13460737928139585 0.010890118552998863 0.9908391689678482 53.892261262578515 0.0986121605347448 0.9951229034178555 0.0024594486957675863 -0.8630624454672847 -0.9859799669555488 0.09803985113778488 -0.1350247842109615 18.874404722494532
-0.1334572381625043 0.009492509299671442 0.9910091108810415 54.88174728745986 0.10010698386739403 0.9949688352831039 0.003950771615441434 -0.8567627304063696 -0.9859856780719539 0.09973419214381658 -0.13373605928996965 18.72989162782482
-0.13289651537198444 0.007649459204419047 0.9911003995437919 55.87312564211564 0.10155101199871422 0.9948126064821875 0.005938850575087797 -0.8558171357482277 -0.9859137427605025 0.10143650111274614 -0.13298393917305523 18.5988914542309
-0.1320523461211494 0.008585960152913037 0.9912055584852988 56.86521526892821 0.10378933434823001 0.9945856470144996 0.005211988900672663 -0.8653053341603608 -0.985794071781451 0.10356482047974595 -0.13222849919569707 18.47368295629172
-0.13157074091926388 0.010466902745832875 0.9912515241253681 57.857224807156975 0.1058786219435439 0.9943727114295992 0.0035536149879689095 -0.8676124923131363 -0.9856362704107904 0.1054198971307404 -0.1319385756314354 18.347552225624135
-0.13127777646672945 0.010240000991700249 0.9912927356667361 58.84977566517812 0.10455781312258394 0.9945123902471953 0.0035734241048226887 -0.8616136716941412 -0.9858163161162301 0.10411651177647134 -0.13162804737032915 18.225872342822147
-0.13133800591784917 0.0100488448173207 0.9912867137813158 59.841540778117 0.10479987366437482 0.99448605656933 0.0038039149719693577 -0.861838603423854 -0.9857825899667 0.10438632097655468 -0.13166693325024906 18.097811137273656
-0.1314540289220652 0.008895889726532113 0.9912823520199127 60.83466938471585 0.10420687183812401 0.9945436035289691 0.004893724688410153 -0.8603836948555308 -0.985829988457376 0.10394173283906011 -0.1316637764631706 17.980794211379767
-0.131382629143835 0.009177288330193274 0.9912892525081454 61.82774318837277 0.10593728088836932 0.9943610593238373 0.004834895899057739 -0.8606513949376088 -0.9856550599866226 0.10564970931943206 -0.13161398726384363 17.86329532712776
