-0.16126895448460365 0.23462436157869532 -0.9586155294346284 -2.994447563019168 0.21911617937399153 -0.9385746790327554 -0.26658145437202674 1.554393203442979 -0.962278766395678 -0.2530394847298537 0.09995296349614957 1.2646657477210974
-0.5046283534660729 -0.8583520982813523 0.0926385462651492 5.1797080346592015 -0.8272731890754943 0.5114463717018951 0.23246866350075568 14.355623123108689 -0.24691961346758406 0.040672893294757456 -0.9681820181329812 -21.844797640001104
-0.4938573319007863 0.21558215699742675 -0.8423949604028824 -116.28147544757685 -0.3390926226601262 0.8443323598795307 0.41487234098905595 82.17902251816338 0.8007003990165822 0.4905376638389753 -0.3438774074726148 34.719981384109374
