1.0 0.0 0.0 0.0 0.0 1.0 0.0 0.0 0.0 0.0 1.0 0.0
0.9999957636650352 0.0029101606322608792 -6.014214604204706e-05 0.007550049236409644 -0.0029100587311724647 0.999994437085936 0.0016301396759320652 -0.015725445084340848 6.488577978639684e-05 -0.0016299577529371588 0.9999986695128945 0.7395628312265998
0.999984215123033 0.005612413439679394 0.0002651794751248359 -0.0016117871059422896 -0.005612891322327262 0.9999825600869492 0.001837109946303111 -0.026567054274704984 -0.0002548642298650922 -0.0018385693713234205 0.9999982773519618 1.5095364532103517
0.9999757066864163 0.0069540131339010285 0.00047721937926887816 -0.0007046080461059064 -0.006954781744018823 0.9999744895014838 0.001628298848436201 -0.04472992099084028 -0.00046588399358673117 -0.0016315782482885146 0.9999985604512258 2.245301307641537
0.9999589989363087 0.009031208449021373 0.000661604297095365 -0.005941027498072568 -0.009031931636441736 0.9999586080375846 0.0010983726374824638 -0.05179173278041961 -0.0006516572797514342 -0.0011043031678177593 0.9999991779283136 2.8204746493105564
0.9999582022266978 0.009085232483920042 0.0010258412470011409 -0.010422355267711512 -0.009086198731928119 0.999958276688599 0.0009412091005536826 -0.06605895697428789 -0.0010172473420129104 -0.000950490757546758 0.9999990308871126 3.4145025851971336
0.9999565711332449 0.009249498839328501 0.0011413232081731977 -0.0066104726730523014 -0.009251604272225432 0.999955485280691 0.0018534496076019029 -0.0772110475511709 -0.001124128922496771 -0.0018639281850546087 0.9999976310501371 3.959573130559845
0.9999469338040629 0.010071602785425534 0.0021661932476339345 -0.015617849504180704 -0.010081635259107297 0.9999382672653319 0.004671433281968646 -0.08799440113395339 -0.002119010702146401 -0.004693024156998219 0.999986742571073 4.482179366929939
0.9999469050377849 0.009671956354161603 0.003555329188510843 -0.01882201550314043 -0.009702978841978262 0.9999140748943629 0.008814478415775172 -0.09852315169044211 -0.00346977044595274 -0.008848507695269162 0.9999548312822026 4.964931382847509
0.9999472286314631 0.009035367984079994 0.00488897511234242 -0.017150504456937006 -0.009095178919821914 0.9998823320294931 0.012353129792827471 -0.10586298392682829 -0.004776784763129874 -0.012396944004643928 0.9999117451588774 5.450439993938008
0.999947773022621 0.008144165298424554 0.006174447237864084 -0.02005417766516122 -0.00823406937512237 0.9998583706700201 0.014677830310297551 -0.1153509489974145 -0.0060540340787695775 -0.014727904558495597 0.9998732107115823 5.962367549805685
0.9999360689144376 0.008634893880239247 0.007300458315631175 -0.01808473352700848 -0.008741026193029964 0.9998547236747629 0.014633045013110843 -0.1242121687969761 -0.007173042941041637 -0.014695923004016188 0.9998662797104547 6.448215879781223
0.9999217289462438 0.009425504634155844 0.008227748388601717 -0.015578511849431147 -0.009525432703738393 0.999880306482575 0.012191752955092006 -0.13457674196310626 -0.00811185015647998 -0.012269171557320057 0.9998918268074478 6.899911347086223
0.9999140893114583 0.009418880976548591 0.009115847606587247 -0.012534088813237402 -0.009505232650882895 0.9999099221285029 0.009476190227261826 -0.14087352125065744 -0.009025771362576327 -0.009562024373545322 0.9999135478336062 7.310977905259954
0.9999137180904132 0.007830145969937995 0.010547283474671277 -0.005204685693905069 -0.007911503953504017 0.9999391023573999 0.007694132951184533 -0.1407962721763653 -0.010486394985852063 -0.007776913961609567 0.9999147739329757 7.688164786264952
0.9999147248777104 0.00408132804946661 0.012405068886751587 0.00027681212731435045 -0.004146111169594803 0.9999778789831738 0.005201087048094461 -0.14453955044771016 -0.012383567131557005 -0.005252076319431424 0.9999095273870693 8.047304657933948
0.9998958182478381 0.002273364506749958 0.014254278806912105 0.00605561665927233 -0.0023318053204730515 0.9999889393022404 0.004084599995934948 -0.15107225545374142 -0.014244835359987525 -0.00411741265831205 0.9998900597458539 8.38899848623983
0.9998474895756145 0.006446990166173302 0.016230647157085255 0.008004463291463922 -0.006483616374298895 0.9999765500727873 0.002204999600110132 -0.16033482721729692 -0.016216050938852623 -0.0023098966043586184 0.999865843035767 8.706608296776116
0.9997614633242672 0.010744579325097332 0.019015006359342942 0.011257532574467778 -0.01077788990384439 0.9999405552148943 0.0016501896099319273 -0.17076602472023766 -0.0189961454232109 -0.0018547376242500414 0.9998178366119523 9.006911917478938
0.9996817443380128 0.011268255690172875 0.02257069894814709 0.014922448361360658 -0.011327942770186977 0.9999326655772277 0.0025183375894522343 -0.17423303704108767 -0.022540801891289867 -0.0027732157002234277 0.9997420775003805 9.290832708274637
0.999646231411348 0.007063553536849256 0.025642118409384306 0.025711768827106775 -0.007143919943412715 0.9999698490809699 0.003043901579121453 -0.17870275304658437 -0.025619844514183508 -0.003226009983452051 0.9996665526197497 9.53948237959085
0.9996037573747136 0.002189913985476467 0.02806300980098202 0.04063644391635255 -0.0022727749135114713 0.9999931507590875 0.002921117783386898 -0.18318104603627264 -0.028056420593980252 -0.002983741216681039 0.9996018880293318 9.765697021588142
0.999537833571123 -0.0013655948666346767 0.030368641895963177 0.050263823866895846 0.0012399254015282597 0.9999905926722199 0.004156579370100864 -0.18694417674014124 -0.030374032411645355 -0.004117003488160411 0.9995301238268579 9.968099956444656
0.9994437018249588 -0.001604717307792618 0.03331233652543778 0.05416520647921 0.0014262694766791497 0.9999845111978325 0.005379881021995345 -0.1927169240621195 -0.03332045374543762 -0.0053293758352178705 0.9994305103984991 10.146173438233994
0.9993653585047018 -0.0008581598716142967 0.03561100647837429 0.05803743497929787 0.0006969442287696595 0.9999894544742246 0.004539296100019043 -0.1971613183377435 -0.03561452638334615 -0.0045115963889088215 0.999355417761125 10.29749817362024
0.9992860933153115 0.00016566565428853303 0.0377793099660727 0.06313821540474981 -0.00027827159919803957 0.9999955348119804 0.0029753858602463287 -0.2000612431831898 -0.03777864835510529 -0.002983774621392092 0.9992816774150667 10.439869322676754
0.9991897962603193 0.002260554411241005 0.040182595025884185 0.06674797248735692 -0.0023539202408604997 0.9999946385658925 0.002276378476601534 -0.20489931023395336 -0.040177233712141915 -0.002369120770008708 0.9991897603348506 10.574209449606986
0.9991090241735928 0.005173990533946923 0.041885410787580145 0.06884831811942824 -0.0052412109451819965 0.9999851469177191 0.0014952096090572247 -0.20862218298894292 -0.04187705245976398 -0.0017134076869035819 0.9991213023008667 10.692598336113633
0.9990570477285287 0.0065271225121846625 0.042923327639709116 0.07390124225948998 -0.006546582594680014 0.9999785219701964 0.0003128172496747329 -0.21392051607379023 -0.04292036393468642 -0.0005935233875706009 0.9990783202981145 10.795740716892919
0.9989603987709301 0.005718483438794568 0.04522632678632074 0.07869281883592083 -0.005648381259580045 0.9999826404510795 -0.0016776726834303935 -0.21609802511540513 -0.045235135421144504 0.0014204730361870722 0.9989753574437078 10.913916768999952
0.9988767572362607 0.0043723077136973276 0.04718163602957679 0.08387582977302424 -0.004236786157283335 0.9999866084581834 -0.002971960187587267 -0.21884877874764275 -0.04719399851917808 0.002768723452404223 0.9988819052691942 11.017623428108735
0.998817462580841 0.003703902562455413 0.0484763607274357 0.08979660057390239 -0.003515208501976294 0.9999859126131073 -0.003977170415999497 -0.2214941547673297 -0.04849040887388229 0.0038020627477861396 0.9988164118425893 11.118118502821641
0.9987384798201978 0.0042892516360558824 0.050030503163984136 0.09408161357519759 -0.004028764102423337 0.9999778061021549 -0.005306256960172685 -0.22367619407255765 -0.0500521526634557 0.005098001914764872 0.998733594303421 11.205525596070444
0.9986812306960061 0.005236530495239956 0.05107228410675807 0.1015442341615113 -0.004858454280343884 0.9999598908088543 -0.007524107624795084 -0.22700436071019672 -0.051109635857779445 0.007266052705294052 0.9986666158436299 11.320090959769843
0.9986284066659461 0.005400203756483018 0.052078241130251446 0.10730760739930743 -0.004892669092836803 0.9999393384955554 -0.009868187179944369 -0.22934200997360574 -0.05212837220727462 0.00959985043940179 0.9985942497744318 11.422482296328548
0.9985935337761824 0.004487608310756879 0.05282817119723195 0.11179903941563549 -0.0038588727748561126 0.9999205812741936 -0.011997509957716508 -0.23270478452413085 -0.052877815776583584 0.011776778673612544 0.9985315438596668 11.50981911398098
0.9986148174630474 0.0034890884384585056 0.05250021528633429 0.11689934905363372 -0.0027726904399293746 0.9999021381036772 -0.013712272000594201 -0.2361239238649688 -0.052542920845411435 0.013547711155858294 0.9985267652854727 11.596393955049722
0.9987306021032567 0.002680887447020762 0.05029907817207897 0.12218347596906325 -0.0019240973856896504 0.9998843153981858 -0.015088196378322538 -0.23914751785089677 -0.050333709099517995 0.01497226312876066 0.9986202226397617 11.693217522310706
0.9989055109577027 0.0031279734344608306 0.046669004280382884 0.1258032915773688 -0.0023942988296614064 0.9998728037682042 -0.015768437393207504 -0.2414891535628071 -0.04671239141216582 0.01563943946893641 0.998785943243923 11.760562102360955
0.9990832448935919 0.003449191727556214 0.04267051498770599 0.1261244467812898 -0.0027331054731683044 0.9998546514542098 -0.016828728408645383 -0.24704308976120468 -0.04272235840121696 0.016696677567886495 0.9989474566016127 11.887891229178855
0.9993401782222395 0.004191167748787734 0.036078280220134096 0.13051865852051014 -0.0035560395449127967 0.9998378962949306 -0.01765037436660624 -0.25038008682086393 -0.03614640747703739 0.017510432474038176 0.9991930854349799 11.984778855585661
0.999570710690272 0.003497265090162998 0.029088889064932667 0.13100725244682862 -0.0029622497867322043 0.9998260370658365 -0.01841522960552672 -0.2538474738606829 -0.02914823161606627 0.018321155588891913 0.9994071822093048 12.10403482526332
0.9997474450714587 0.003985139844631684 0.02211706882721299 0.1262217697345272 -0.003560709986227656 0.9998093903809367 -0.019196464531056893 -0.2549692622999577 -0.02218935369682796 0.01911286390148977 0.9995710735190365 12.206279068889359
0.9999019171526693 0.0038983489473568642 0.013452098345583953 0.12417462283742046 -0.003625503334687508 0.9997884172832759 -0.020247873759257556 -0.2569924602517013 -0.01352818539142611 0.0201971171627363 0.9997044886656901 12.337262158193848
0.9999912082648604 0.002600781974576233 0.003289274403775262 0.12012671251969634 -0.0025304982233957524 0.9997721756819987 -0.021194181060440957 -0.26071620070647394 -0.003343646471145532 0.021185671223779477 0.9997699672239975 12.43412377772357
0.9999503693317792 0.0011574642931763022 -0.009895410534512808 0.11105537857585421 -0.0013842262331146455 0.9997358894063062 -0.022939820197986363 -0.2627184936791348 0.009866245028990528 0.022952379166230295 0.9996878740385103 12.573612305863357
0.9996558032611784 0.000410912877776987 -0.02623177761519704 0.09405699718948356 -0.0010591066142370523 0.9996943192748918 -0.024701139704247414 -0.2680267789426646 0.026213609049994414 0.024720419901691403 0.999350662950927 12.733135542458687
0.9989857451002621 0.0007171731813764268 -0.045021847464318435 0.0627263271258294 -0.0018792525614568529 0.999666017579286 -0.025774439023562933 -0.27183366866057823 0.0449883262222845 0.025832904594664044 0.9986534491723941 12.91408722074208
0.997762854963915 0.001459428595017227 -0.06683678120938964 0.029198478762992364 -0.0031640586068081267 0.9996722178582651 -0.02540562094239133 -0.2763766236538473 0.06677779561642064 0.02556026037644824 0.9974404238359796 13.106512695619372
0.9959536992651419 0.0019439490986056587 -0.08984681397790174 -0.01081786533672225 -0.0041125854897131895 0.9997045014192647 -0.023958223695581943 -0.28145667880881237 0.08977369080453046 0.024230784220899006 0.9956673910173879 13.279924197766695
0.9932146791025216 0.003027072485956893 -0.11625591618252368 -0.06146754954799856 -0.005683712426222425 0.9997300795426964 -0.02252694987360937 -0.287773842995115 0.11615634562230856 0.023034862485303915 0.9929637951516426 13.486323814391753
0.9892059685227518 0.004066224224744211 -0.14647531416425383 -0.11228258009853215 -0.007104291333910196 0.9997702329418273 -0.020224004748952158 -0.2970339952290257 0.14635942362419194 0.021046309510144745 0.9890075692189603 13.685129630944974
0.9836179039346209 0.004230107958094424 -0.18021632902132914 -0.15550251110369107 -0.007338170212405169 0.9998355627063353 -0.016583087940370663 -0.30302974453478093 0.18011654648364445 0.017633880298084114 0.9834872017207122 13.849271505637976
0.9762259773791305 0.00512926518047921 -0.21669455860465855 -0.2580811485445914 -0.007990827687905927 0.9998920360864376 -0.012331376394331052 -0.31264589905264706 0.21660791251249725 0.013769778851702332 0.9761615672763154 14.136882038081632
0.9664939600965654 0.006818684255876741 -0.2565987736562187 -0.3613792167054486 -0.008943247085620816 0.9999347049872034 -0.007113655439944512 -0.31570716275714095 0.2565335132656593 0.009170131251589199 0.9664918340391736 14.40612493571836
0.9544522630984231 0.010633479082646608 -0.298174121259534 -0.47236130823876354 -0.011909052966976008 0.9999260552169533 -0.00246141335219208 -0.3167930600960493 0.2981258994514333 0.005900272947881627 0.9545083209985198 14.657412618985656
0.9403608116648389 0.014178410196937217 -0.3398830925028943 -0.6191410399099104 -0.014306419594398753 0.9998953906381787 0.0021293517584497824 -0.32321913102232 0.3398777283721789 0.0028601511864923576 0.9404652834059091 14.938835719487063
0.923633881297326 0.016591422551554495 -0.3829166724201896 -0.7419939348560523 -0.014853009350927975 0.9998615886855657 0.007496104614786813 -0.32302250071981287 0.3829880434593961 -0.001236191283883149 0.9237524724720646 15.164223300135523
0.9044267398889272 0.019615140590544533 -0.42617780143209955 -0.9620757453108457 -0.014627367548848816 0.9997808901446144 0.014973704292246546 -0.3226656761767991 0.4263781329905132 -0.0073087592143898684 0.9045154889476849 15.520232241276974
0.8823939074431166 0.023810381806432683 -0.46990856326044794 -1.1595502031239422 -0.015497572916880007 0.9996476264354061 0.02155106019997763 -0.3254878705210988 0.47025611887667396 -0.011734081996005102 0.8824519782848003 15.821421349973047
0.8576700468100074 0.028858614191799196 -0.5133899796371629 -1.3699385353714546 -0.017983892455992367 0.9994965221934443 0.02613965828657791 -0.3271174739006872 0.5138858534899059 -0.013186451764468143 0.8577572191901467 16.090558142142672
0.8298703979894257 0.031826119232692636 -0.5570477723458342 -1.6313103700655303 -0.018671369657140044 0.9993967571200452 0.029283131886152447 -0.32353470684221486 0.5576437056902879 -0.013900359438582827 0.8299640218175007 16.396293578105144
0.7992241819740824 0.03526513650036309 -0.5999975642412788 -1.8770327992482942 -0.021026735659716883 0.9993066499536376 0.03072614108429877 -0.3156196659978925 0.6006651174617629 -0.011941084793543673 0.7994115505536552 16.6536528515822
0.7657477632781471 0.03782558965077591 -0.6420277157585053 -2.113123392623327 -0.021273942483420405 0.9992124103878287 0.03349594450311042 -0.309485376055251 0.6427890652505885 -0.011990983884337638 0.7659493677128792 16.87817121341618
0.7293378015650017 0.04163541049282209 -0.6828856886781437 -2.371860613827733 -0.022475878274956063 0.9990658773958278 0.03690809557634014 -0.29472733882041013 0.683784473430114 -0.011570013673159504 0.7295923030566485 17.097724877190203
0.6909425411184937 0.0428352175414402 -0.7216394868706217 -2.7472993605835407 -0.020490817763185405 0.9990023226011038 0.039679791141008856 -0.2763293008440948 0.7226192159499449 -0.012629472505835342 0.6911309319977734 17.389833804966138
0.6503419826564631 0.04273445847070442 -0.758438574740021 -3.1012287784027084 -0.01751254847102303 0.9989944572469527 0.041272085432101355 -0.26821377778167915 0.7594396725484582 -0.013558777565851613 0.650436425264153 17.647953648158744
0.6096957278344338 0.04160600686566203 -0.7915428350083983 -3.52062315448875 -0.0125728545732273 0.999003414958656 0.04282639640247609 -0.2506919917542752 0.7925358306022002 -0.01615911797209313 0.6096112204659986 17.891838268710398
0.5656836021232895 0.04164731330409398 -0.8235700113429146 -4.017017196712343 -0.00810190426117296 0.9989563149006859 0.044951530200677985 -0.23049327349171495 0.8245825740556015 -0.018755858140600074 0.5654306291219532 18.178247117929487
0.518715655098053 0.042914947227890306 -0.8538690628314292 -4.446394841093989 -0.006098122257192473 0.9988996965478932 0.04649956065879787 -0.21115028395199903 0.8549250739457424 -0.018913052132119718 0.5184066110669445 18.4057881036692
0.4668308279672144 0.04171992711010661 -0.8833620015267639 -4.9109675713997 -0.004535316773257837 0.9989864019653156 0.04478392111190278 -0.179189243489194 0.8843350094625962 -0.016900188469905177 0.4665468622426593 18.646028682959734
0.4136057589019668 0.040524008031541665 -0.9095537812445098 -5.437151649523095 0.0006078440920235218 0.9989964447955242 0.04478541963028841 -0.15695956983910145 0.9104558785183864 -0.019076374366235754 0.4131660504111534 18.865012494809925
0.36062215269080783 0.039803550878194316 -0.9318622968690882 -5.984461518022337 0.00561065500143907 0.9989783530876345 0.044841616973192326 -0.13894426488355166 0.9326951182133962 -0.021399238299590482 0.36003040019017174 19.0364284571673
0.30704077269138136 0.038721353297873726 -0.9509083135107499 -6.52370172378762 0.007756257908956117 0.9990369582844904 0.043185604602942844 -0.11265424618902548 0.9516647541904282 -0.020635231533792077 0.30644474681615586 19.17217550260374
0.25377261934802015 0.04459863250741642 -0.9662351782292502 -7.090304031807658 0.008292592810927852 0.9987994321894379 0.048279676495674606 -0.08495271843334873 0.9672283549264444 -0.02026465485823201 0.25309810981072134 19.28370942972625
0.20256945732056775 0.049715246883614735 -0.9780051171584684 -7.698254076480728 0.010623733318993111 0.9985401454353883 0.05295955290822408 -0.05788841338773529 0.9792102691716508 -0.021118053441861177 0.20174557384886857 19.375387591532437
0.15432635762048147 0.05090792822580097 -0.9867075342710977 -8.301753426240577 0.01612941122034138 0.9984087986928523 0.054034366715815046 -0.03234915461229278 0.9878882616152899 -0.024253938576048885 0.15325967840977936 19.44488929460114
0.11016016584061156 0.05228174560040211 -0.9925378365276264 -8.938444758764806 0.01852322651726723 0.9983341327301547 0.05464292731285899 -0.010855205639255287 0.9937412278563056 -0.024404477107760756 0.10900822700942303 19.486067360856055
0.06971378029073698 0.05062269747877174 -0.9962817529883528 -9.600456091604125 0.018502973831079517 0.9984741566463559 0.05202882344194791 0.015870844540930556 0.9973954224864782 -0.02206130117014316 0.068670737535715 19.502780098477597
0.034263723840567716 0.04637001519723034 -0.9983365258865287 -10.268021578850584 0.015888446303579936 0.9987715523215936 0.04693552542766628 0.0487741246753921 0.9992865227264074 -0.01747020216601628 0.033484885152005206 19.497441213400194
0.005725124779513112 0.046421665847777384 -0.9989055270075214 -10.95788455492592 0.013565264401496973 0.9988263763974784 0.04649573544314367 0.07940364592109464 0.9998915973984258 -0.013816611473101054 0.005088683466761788 19.474686549589425
-0.01502778962363923 0.05057674290658246 -0.9986071092356529 -11.68564534863052 0.012085941639966832 0.9986561157213277 0.05039734662721951 0.10863961437072821 0.9998140304845209 -0.011311746520774744 -0.015618861576529083 19.439056282520628
-0.027670851404387853 0.05655739057356625 -0.9980158243004283 -12.426854997052681 0.013306815138991191 0.9983304977544388 0.05620628011378902 0.1394212110998957 0.9995285151777374 -0.011725136454731796 -0.028377253596937522 19.401573981088603
-0.035889517036123156 0.0593285638193562 -0.9975931355427645 -13.211560288994422 0.013062649907889148 0.9981788059088987 0.05889345134790196 0.17125750559387726 0.9992703887058284 -0.01091755235464208 -0.03659914351847433 19.369144110424855
-0.039568028213787465 0.05651939320246993 -0.9976171256224984 -13.966651216997244 0.014144741096354644 0.9983306369396245 0.05599880040714665 0.20500587298406145 0.9991167586636658 -0.011895273840771624 -0.04030142699288722 19.328890468211522
-0.03881973871592199 0.052652203117156224 -0.9978580928132694 -14.747689332987317 0.02158578727366689 0.9984219747968766 0.05184220317926179 0.24116157177108366 0.9990130538055061 -0.019527051738897624 -0.039895019445826144 19.302399192376285
-0.034794713450403275 0.05084992704240629 -0.9981000014205411 -15.528610261760441 0.033391960453897376 0.9982062688152197 0.04969126558100137 0.2823085308845752 0.998836475551904 -0.03159952242959094 -0.036430279840705106 19.292952837983936
-0.02916850189800654 0.05117144447597865 -0.9982638337470038 -16.35650212040665 0.03382862912926665 0.9981672142648879 0.050178045178213754 0.31457634300184584 0.9990019130853856 -0.03230627859896846 -0.030846102100999733 19.267887436853183
-0.024186769625977562 0.0499437482588468 -0.9984591239429458 -17.1570475544422 0.0320032527810457 0.9982780880057854 0.0491594428258152 0.34070490492222577 0.9991950720387345 -0.030764931616518262 -0.025743484537617777 19.24848145799638
-0.021206691642770278 0.043605078149466 -0.9988237449065502 -18.03771858733771 0.03573636339521142 0.9984430518382839 0.04282971593576392 0.37474383085623664 0.9991362212235392 -0.034786051736749354 -0.022731960841826573 19.235051830805077
-0.019038573235921074 0.03272450787894852 -0.9992830626570326 -18.914805392717 0.033565357062742975 0.998921757633425 0.03207318088058028 0.4082713213610707 0.9992551723831058 -0.032930665201730894 -0.02011645483131809 19.213086278152517
-0.018276534081201928 0.024297191888238298 -0.9995377005237583 -19.795756069664094 0.02580303151120962 0.9993831765772273 0.02382162755230174 0.4339877782028014 0.999499960913861 -0.025355725995427295 -0.018892201894819362 19.180782344801074
-0.019674372099311062 0.021322980979199192 -0.999579036177058 -20.73510132831995 0.02014858515134267 0.9995779715024765 0.020926380561193024 0.45751041396360725 0.9996033981529356 -0.019728389928057873 -0.0200956968515538 19.1479468269398
-0.023041040460275403 0.027422578901337813 -0.9993583504533825 -21.69991724114523 0.010713569650726569 0.9995731026685553 0.02718146145620692 0.47336335223309867 0.999677112811855 -0.010080406140435705 -0.023324998010650883 19.104215534138397
-0.027793255537907173 0.03548405172735225 -0.9989836920689011 -22.663067130560087 0.00573881932629165 0.9993589503395619 0.03533771821931322 0.4950709233449038 0.9995972193335394 -0.004750836686099295 -0.027979075242709824 19.061563391061494
-0.03236617197540294 0.04509286837183333 -0.9984583437147776 -23.656277074755923 0.004012085545841477 0.9989795450428058 0.04498635077042694 0.5268923638077642 0.9994680255422036 -0.002549864323361431 -0.03251406020018002 19.021293798294117
-0.03395840062253937 0.05485491284462015 -0.9979167127390772 -24.64860887046231 0.002661329516637975 0.9984940192686446 0.05479608389246304 0.5680982383481342 0.9994197038043439 -0.0007949978333923046 -0.03405324692421979 18.9765779832962
-0.03496514133131615 0.0625795989338618 -0.997427306969764 -25.65011048488623 0.00461662446657146 0.9980370397592003 0.06245601690170149 0.6113690680811464 0.9993778693118109 -0.0024209638510240463 -0.03518541265661474 18.93770534878173
-0.036574146431619506 0.06350191783146888 -0.9973113045807319 -26.61237074791546 0.0055175587112611234 0.9979766307585164 0.06334193718024685 0.6573724582404197 0.9993157100529668 -0.0031860463907358344 -0.03685051898860867 18.90204661007276
-0.03820734095085617 0.06070330268181253 -0.9974243370506772 -27.62660949946336 0.004360141619123852 0.9981537811023685 0.060580677085230135 0.7065050617990973 0.999260320568432 -0.002034284779472541 -0.038401476832405274 18.85290399425429
-0.0409579539008734 0.055742628509246946 -0.9976047340400563 -28.638939877416497 0.004086689699785854 0.9984435506665068 0.05562171428278078 0.7533285010982218 0.9991525133729839 -0.0017987493815773946 -0.04112200774659046 18.802380410299346
-0.04541348824017508 0.050627106527157684 -0.997684574988781 -29.665489319399207 0.004158127477930027 0.9987159020277738 0.05049016748562316 0.7926655009724268 0.9989596213369868 -0.0018555650182149979 -0.04556568683479241 18.746553147672284
-0.051196233553311384 0.04591434879539999 -0.9976326068471532 -30.710520296041167 0.004381877613988806 0.998943318998472 0.04574980411861702 0.8337331742818463 0.998678999888618 -0.0020292863302539006 -0.05134332652311284 18.69110228256133
-0.057904224832847566 0.04406526392518246 -0.9973491631628858 -31.76677142260448 0.003461299879612377 0.9990282419594076 0.043938493040127376 0.8668554472207101 0.9983161423865938 -0.0009079001585751872 -0.05800047902950091 18.61938288264979
-0.06437447319474279 0.04648862361313278 -0.9968423822628396 -32.80135212292137 0.0037107854956230806 0.9989185631563366 0.04634581159807204 0.9021281852847439 0.997918913174765 -0.0007155810471146313 -0.06447736557785329 18.545224608322442
-0.07065889958089179 0.051291916556257 -0.9961809369818321 -33.903681785258634 0.0022636768923261314 0.998682767814084 0.051260170094586534 0.9421528824962987 0.9974979677557964 0.0013669554435912666 -0.0706819337304136 18.45823512312369
-0.07654687216356053 0.05421761567077537 -0.995590792701976 -34.98361846958032 -0.0005945520804001301 0.9985178082031747 0.054422726952535125 0.981751640920162 0.997065806689708 0.004757820099856237 -0.07640117982137534 18.3586111346332
-0.08133024696679711 0.056568517727741824 -0.9950805966002971 -36.044125756785846 -0.0035695732791370424 0.9983651133387775 0.05704698602602109 1.022542578942484 0.9966808160464028 0.008191658570419896 -0.08099535576155549 18.262448041607446
-0.0837705947073607 0.0578954151488822 -0.9948017935081898 -37.12025558329348 -0.008075716556406532 0.9982385620982609 0.05877547058165708 1.0658570945481765 0.9964523421942839 0.012957393439007425 -0.08315549104413372 18.151567595265895
-0.08521380129927744 0.05912978603578286 -0.9946065938206358 -38.20495355110012 -0.012150929896183237 0.9981015873998244 0.06037860658053451 1.11543544210608 0.9962885942189561 0.017230485579677084 -0.08433354846028458 18.042653323271818
-0.08691547691801883 0.05867628398526749 -0.9944861957663319 -39.237180870511516 -0.013567927544034838 0.9981016268341676 0.06007540139812633 1.1613450960735558 0.9961232911714651 0.018714598811260027 -0.08595436333927649 17.94978963879721
-0.08813496872322922 0.057738270854519214 -0.9944337682153009 -40.30864875435212 -0.014034537024450153 0.9981476128717266 0.059197759155066386 1.2119300361358125 0.9960096681552159 0.01917381018999815 -0.08716137874157974 17.844397445529
-0.08914261881782028 0.05706713930870734 -0.994382690477574 -41.34518297968808 -0.015183589591518302 0.9981634092837032 0.058645263868866065 1.254609231557867 0.9959031339027987 0.02032609107165409 -0.08811241628924733 17.742263625386325
-0.09017324194017172 0.056255909652797816 -0.9943359890233949 -42.410214075965726 -0.017340620739725282 0.9981633529172241 0.05804501499185219 1.2991702395413052 0.9957751198490344 0.022476510453795527 -0.08903211312476011 17.63955820887648
-0.09090043166545787 0.05383006889967225 -0.9944040603322613 -43.44927134219443 -0.021838038333438604 0.998190160118905 0.05603127986705417 1.341877954641357 0.995620515861731 0.026809101515146233 -0.08956037333089799 17.53099843485552
-0.0912408312893894 0.049038752415512366 -0.9946206872306391 -44.532436343694435 -0.026953021419436778 0.9982992566928246 0.05169263702806663 1.3792811244429366 0.9954640351825791 0.03152451186112384 -0.08976391151199481 17.418041858110197
-0.09036121799816775 0.04836230358219947 -0.9947341041072777 -45.58740686845693 -0.02848878421494823 0.9982859502903368 0.05112289728557564 1.4199417625599724 0.9955015014834684 0.03295829250948196 -0.08882855114780182 17.312570388805497
-0.0886663139860543 0.052308154258623625 -0.9946869566663575 -46.41862276872344 -0.029541065848648122 0.9980427549958323 0.05511791567950793 1.4573155053292843 0.99562322702549 0.034271215303568456 -0.08694753365659164 17.23440303367368
-0.08676656644894414 0.055578898048010965 -0.9946771079292153 -47.48684373729318 -0.029557245351655277 0.9978594063957557 0.05833501791146062 1.4994331478051652 0.9957901044868247 0.03446144453265391 -0.08493807536576134 17.132097795900112
-0.08548923885601928 0.055210591062273974 -0.9948082130111164 -48.49286912140626 -0.0275251321455699 0.9979515296812581 0.057750424303238894 1.5448254329605888 0.9959588129738025 0.03231926733992537 -0.08379443787282653 17.04861784891825
-0.0827416444062671 0.05444856171973655 -0.9950824962823921 -49.64958129921825 -0.02718807931225299 0.9980113553598673 0.056869525372290335 1.5923654034243748 0.9962000946718765 0.03175985987706771 -0.08109674886412828 16.93934139814793
-0.07890224748919984 0.05485819487476778 -0.9953717967655268 -50.58701225027127 -0.031606559137857634 0.9978450699183179 0.057499929210135005 1.6345338089110661 0.9963811824601146 0.03599715120377489 -0.07699833988206735 16.858497442769583
-0.0732724604447773 0.0559261704769352 -0.9957426424514274 -51.689753636274695 -0.036494923767270385 0.9976073895433611 0.05871641054849853 1.6770616254674398 0.996644002179107 0.040641847697459495 -0.0710561266615821 16.76382511439128
-0.06772674780914281 0.05562692967344129 -0.9961519624667216 -52.78115687725404 -0.040146812032537796 0.9974838708006427 0.05843082214199082 1.7226095787194788 0.9968958426610169 0.04394965514848673 -0.06532309467185561 16.68522103618949
-0.06178676547495561 0.05471517530005552 -0.996588503447649 -53.73811124495482 -0.041690634897486555 0.9974833218565758 0.057349050382838926 1.7666149493425651 0.9972182742880246 0.04509181976648446 -0.05935015767594506 16.61421879700873
-0.05572212698983056 0.053951103180944225 -0.9969876243109973 -54.825353512630876 -0.04127183460573515 0.9975611269820193 0.05628884083580592 1.8137321706364913 0.9975929431546738 0.04428404227169153 -0.05335956679052941 16.535821966057977
-0.05068599780675213 0.05389717387031626 -0.9972592562995467 -55.913274567757426 -0.039284901719378096 0.9976623373387672 0.055915625299597295 1.852511532041392 0.9979416947513673 0.04201137113376645 -0.04845016586378407 16.483958167893178
-0.04561920909500002 0.05467328492202928 -0.9974616381983716 -56.9329829445727 -0.03826450300300446 0.9976727571626974 0.05643489545762151 1.8915624045320893 0.9982257838642908 0.04074188914635915 -0.043420996042306884 16.440976314208786
-0.039960892196448806 0.05638796503671914 -0.997608903575885 -57.86690710244236 -0.03723958545583121 0.9976287028816498 0.05788077799885691 1.9288082730480427 0.9985070557436936 0.03946350954607125 -0.03776626860527106 16.399897516245336
-0.03432049990209676 0.05752526963671981 -0.9977539509516817 -59.01031494477886 -0.03811344309309707 0.9975405278084228 0.05882398180402975 1.9823572633819082 0.9986838682696629 0.040046706892255916 -0.032043603496272055 16.35102538754552
-0.028789220551419133 0.05659838098614747 -0.9979818655916483 -60.182720410033134 -0.037768047775067315 0.9976211912407696 0.05766743755887133 2.0352063292009945 0.9988717411896784 0.0393520273568338 -0.02658312614432343 16.306296791507073
-0.02410052589089741 0.0523143004912676 -0.9983398111945099 -61.24442237418393 -0.037794377194424154 0.9978682955560199 0.053201971548125414 2.0738960720229 0.9989948697086816 0.03901382688523801 -0.022071964287323814 16.278810784913233
-0.019722184994230386 0.04718789145684394 -0.9986913128283977 -62.39400568830351 -0.037486210610039504 0.9981483522121535 0.04790251548990773 2.1117828552464615 0.9991025069697059 0.038381895159283246 -0.017916771216619082 16.25069048251715
-0.01599447567735213 0.04655455652582613 -0.9987876901596697 -63.450660224145594 -0.037456225751405975 0.9981864245804942 0.047126350756952685 2.148874969425151 0.9991702597156626 0.0381645784712905 -0.014221710510427558 16.231114841414737
-0.013135291168883966 0.04892397678614956 -0.9987161301497713 -64.5712941672562 -0.03686052673532845 0.9980997233198791 0.049378577111671915 2.185053192756477 0.9992340895379326 0.037461804604256514 -0.011306966927064377 16.223517399776046
-0.011117318288209707 0.0484423335695428 -0.9987641090630028 -65.6770665847842 -0.03732975379499031 0.9981094635553929 0.04882610206405704 2.2248163548210758 0.9992411594383421 0.03782643360801359 -0.009287960207413414 16.213168058911773
-0.010261000467597765 0.048291020023100394 -0.9987806011605003 -66.86062056437387 -0.039096603969805716 0.9980500573823954 0.04865735830297317 2.265089292585529 0.9991827497647416 0.039548202792595556 -0.008352977220345312 16.194253909326484
-0.009586853978941722 0.04931932957433984 -0.9987370504597904 -67.98237682194812 -0.04020284293503714 0.9979563877206012 0.04966668528891592 2.299975061488276 0.9991455467802102 0.04062821603252024 -0.007584484905890753 16.179811486712094
-0.008434044193743646 0.04902164605543644 -0.9987621063679535 -69.19808354073332 -0.04087252068196398 0.9979460455359129 0.04932673972942602 2.3387306124549094 0.9991287724571034 0.041237948751697506 -0.006413082808756578 16.1614334762428
-0.007182908305252598 0.04713072840793204 -0.9988629036399409 -70.38359956849995 -0.04114208709429783 0.9980289467924243 0.047387234925960815 2.374554743161136 0.999127486609092 0.041435682740130424 -0.005229693877820689 16.141136649166977
-0.006500104306185631 0.04601641792967452 -0.9989195352604372 -71.4768043571562 -0.039339676081854305 0.9981555540282434 0.04623721280898884 2.4066932926018167 0.9992047530560396 0.03959771765506791 -0.004677844239181141 16.129392547097822
-0.005814774999577954 0.045648789618788946 -0.9989406270635113 -72.67203147493106 -0.036317002202369233 0.9982888606714957 0.0458304048666236 2.445620604686295 0.9993234029796035 0.03654502244554077 -0.004146997916268392 16.113611817129343
-0.00550777136957514 0.046365323286085156 -0.99890936588417 -73.88961898721216 -0.03397325833007898 0.9983391870369672 0.0465261791339407 2.481899442621459 0.9994075655972272 0.034192461492888085 -0.003923442885930973 16.0992834474685
-0.005426896899729247 0.049203920649778465 -0.9987740099655815 -75.07651056467535 -0.03376257198325202 0.9982102577865604 0.04935959868924352 2.5144803356812115 0.999415147735471 0.03398904885956291 -0.0037559332404630886 16.084762333130143
-0.005349482725271768 0.052860231515168776 -0.9985875920312309 -76.31884797241679 -0.035895405724893394 0.9979481648606594 0.05301867688924616 2.5557410318510585 0.9993412344551861 0.03612832926394129 -0.0034410670116895754 16.072442133587803
-0.005093317438427978 0.05300271835883467 -0.9985813787388802 -77.52919073773492 -0.03818624107988241 0.9978556683688435 0.05315897004604724 2.593895089540435 0.9992576590197636 0.03840282477554879 -0.0030584210955972584 16.060802113189187
-0.004207208381555484 0.051309743802383755 -0.9986739255575693 -78.68716077172104 -0.03942222979552673 0.9978979059545944 0.05143595133156371 2.6271844884266704 0.9992137845304079 0.03958635474968681 -0.002175619922941232 16.032635633709692
-0.004320409489857119 0.048800806492131144 -0.9987991866974838 -79.87453546576265 -0.03929138863957945 0.9980289251718663 0.0489331308937209 2.6674564342257794 0.999218455014023 0.03945561818050848 -0.002394442185656772 16.030175997768893
-0.0044158352409220695 0.0482576451317985 -0.998825159918119 -80.98303831396115 -0.03724575972713407 0.9981338921322753 0.048388911531704194 2.6974877960069805 0.9992963793497258 0.037415679376538204 -0.002610202160459733 16.02247075692573
-0.003950825221220306 0.049726048604519756 -0.9987550806229973 -82.22183996981116 -0.035901160500344365 0.9981119553067872 0.049836044670396706 2.7340964332250013 0.9993475359727453 0.03605335995219039 -0.0021581430346283514 16.003113922363116
-0.003551804825916217 0.05234132515988978 -0.9986229370302803 -83.34598450131591 -0.035604051957050686 0.9979894528230727 0.0524347550594348 2.773844527055343 0.9993596630676644 0.035741260951594606 -0.001681100494256443 15.993316742544074
-0.0032228607601685016 0.05465800490405757 -0.9984999327333108 -84.51008385060494 -0.03609993920064699 0.9978479115305656 0.054738833051112185 2.815018840398517 0.9993429879466947 0.036222202500620596 -0.0012427742248223746 15.987638319263253
-0.0029264237824556246 0.05494190686819931 -0.9984852642445603 -85.7146903074283 -0.03735725514003692 0.9977865557832254 0.055012949263333694 2.856958959603198 0.9992976891458546 0.037461659973018584 -0.0008674674739026051 15.97403018710971
-0.002595320500043275 0.05284836192391539 -0.9985991763232426 -86.88677035433622 -0.03671417520999009 0.9979242487965944 0.052908061790265554 2.896229384685533 0.9993224372794547 0.036800058501465255 -0.0006496492411560664 15.965704342789357
-0.002171753818703048 0.05150869067259578 -0.9986701849312132 -88.02979193136801 -0.035223276718737 0.9980488884850226 0.051553244039592834 2.9345811070748975 0.9993771081341335 0.03528839722919399 -0.00035321161983862983 15.954714048757458
-0.002214210217983444 0.05251198986341759 -0.99861783891221 -89.14589253333357 -0.033673052355036655 0.9980500532522049 0.052556795453733395 2.972344411522416 0.9994304492150532 0.033742882565882634 -0.0004416536420315301 15.951892148696441
-0.0015021073028888604 0.05532622938331132 -0.9984672012719663 -90.33577619358718 -0.031294715794029995 0.9979766764639513 0.055346129018536395 3.0153648223685154 0.999509071713218 0.031329883118052196 0.00023235057067716919 15.935538511316228
-0.0013504695187780283 0.057914323978731475 -0.9983206435360148 -91.48345313453027 -0.029978433993274423 0.9978705085357309 0.05792876392563759 3.056380535508132 0.9995496334486783 0.030006320546309816 0.0003885870331968325 15.929409218946518
-0.0007865703606760247 0.05963629231624984 -0.9982198625282087 -92.61519170142438 -0.03049201471437377 0.9977545787257944 0.05963252191858444 3.1013603181717517 0.9995347009212454 0.030484639910663937 0.0010336265239636168 15.918632762714921
-0.0004467966670044282 0.061521817417458234 -0.9981056388751587 -93.8000749182493 -0.033098882151787766 0.9975579483699739 0.06150287508881291 3.1509613727317567 0.9994519820246683 0.0330636601957647 0.0015905978179891263 15.910532950884708
-0.00021376811403264935 0.060820142030754545 -0.9981487186920343 -94.99881609061754 -0.03516785373176989 0.9975308491014968 0.060790025125404414 3.2022882101824197 0.9993813968486165 0.03511574311053815 0.00192567357058161 15.901928608824184
-9.833028676958089e-05 0.056941479894844674 -0.9983775128670204 -96.11086176858414 -0.03766575512802196 0.9976688517919259 0.05690477181059364 3.2463743612563416 0.9992903888368928 0.03761023838750359 0.002046642774049028 15.89174551416256
0.00015694026904792792 0.0551638107078523 -0.9984773053795153 -97.30114880178353 -0.038988489283645296 0.9977184727467138 0.05511575857541594 3.2940307515734686 0.9992396474685784 0.03892047183877277 0.00230733584817546 15.885821797158135
0.0002412400906179021 0.053445265135503336 -0.9985707513430444 -98.37716205078146 -0.03895434272549667 0.9978133589338258 0.053395317360421475 3.33579420525012 0.9992409624239995 0.03888578619227518 0.0023226377602727517 15.878068436972484
0.000492600397401638 0.05381058846606563 -0.9985510392132101 -99.57877173438058 -0.03775974621760922 0.9978400408283108 0.053753646251547174 3.3824071672841614 0.9992867250746543 0.03767855475851559 0.0025234105649545265 15.87181891539027
0.0006066647779724922 0.05577221315966434 -0.9984433344948114 -100.68171072957871 -0.03779539248766688 0.9977314077811948 0.055709480644303755 3.4298938228435714 0.9992853147447669 0.037702760724220345 0.0027132211892534792 15.865497407682735
