1.0 0.0 0.0 0.0 0.0 1.0 0.0 0.0 0.0 0.0 1.0 0.0
-0.4686529457029587 0.3888149073196986 0.7932133283864524 -0.08417210187518157 -0.23539810902894898 -0.920427141605389 0.31209230567530555 -0.036263246803373735 0.8514412174363741 -0.040457939172769464 0.5228871851636431 0.002289830204657417
-0.46327296640117893 0.3886314971581825 0.7964569781340621 -0.006082765292805811 -0.23275121785590086 -0.9205242821508316 0.3137864186947731 -0.004130964885607213 0.8551052737461319 -0.04000756662540363 0.5169084690970608 0.04444506823366081
-0.45743755543947184 0.38904805052820746 0.7996202206383738 0.0733698100635309 -0.2302020400152043 -0.9203713064940171 0.31610706881582795 0.029098474688899482 0.858928346048958 -0.03947496121211211 0.5105720554347879 0.09131792585317866
-0.45036331866864043 0.3899808001351543 0.8031736155550141 0.16240544514802596 -0.2267492526180728 -0.9200305445244256 0.3195756148069416 0.06354641981601555 0.863572612832826 -0.038193882599629386 0.502775864274581 0.13365596000468818
-0.4414182865590324 0.3912270934004888 0.8075216762915367 0.26229804661561895 -0.2229318375771598 -0.9195435188828723 0.3236373165674438 0.1034412408926608 0.86916701046793 -0.0371628614332964 0.49312029936348295 0.17348477353393504
-0.43015394002246904 0.3921173852526496 0.8131491524104121 0.36815199031725565 -0.2186235779979703 -0.9191765251285431 0.3275946379231238 0.14442087868809675 0.8758831651690261 -0.036857452913115187 0.48111350961934773 0.23257378110482335
-0.416758331348432 0.3923057038091524 0.8200053219403374 0.48917671547434693 -0.21347608317563802 -0.9190898009241594 0.33121277111424524 0.1910918134571495 0.8835951873814494 -0.03701584250013821 0.4667862168491551 0.28748829467800313
-0.3913371146252911 0.3973249251598066 0.8300531106884101 0.6222321098822742 -0.20778421259102728 -0.9168462697874563 0.3409085486970866 0.2429247168569276 0.8964825618575516 -0.039061764214910595 0.44135382049070365 0.34647997208647796
-0.3613892582409409 0.4060999329582738 0.839333454879137 0.6977072907616063 -0.20170868276831525 -0.9129056358465254 0.3548477241515332 0.21135362150648315 0.910335878302033 -0.04106268976744115 0.411828173131865 0.49086286732276113
-0.3244302819152539 0.415538389470991 0.8497486917037554 0.7229538184205211 -0.19240002586205934 -0.9085500618909473 0.3708355634054464 0.16537932669861596 0.9261356392152652 -0.04318138388022254 0.3747107495942987 0.6569649692440395
-0.2913490521925301 0.4200765434455379 0.8594483273783036 0.8125960043927027 -0.17652978273080358 -0.9066045205502654 0.383282505636298 0.17310742543948382 0.9401877289113754 -0.04004923176133082 0.33829438872053086 0.8148044282804103
-0.2576777547650733 0.42157582850562864 0.8694112924956886 0.9655323477130243 -0.1554867638267694 -0.9061617285128282 0.3933125831362657 0.2287850909079523 0.9536383176938252 -0.03383404496119913 0.29904718093915283 0.9104718026882781
-0.21761947927804612 0.4263474533865797 0.8779918059011318 1.0739124521822307 -0.13514466618801357 -0.9040481458432398 0.4055032295781754 0.2480917900691521 0.9666321334611645 -0.030410507857950974 0.25435707100872795 1.0736838388333472
-0.19744990945773944 0.42901809062950474 0.8814516499319431 1.2590287032177707 -0.12705087358476572 -0.9027689236892849 0.41093350549965846 0.31299403755488053 0.9720450651983572 -0.0308504186925273 0.232758765441857 1.014692177362201
-0.17393990475476379 0.4361120655267787 0.8829219534227647 1.4676143382461162 -0.11498384370297465 -0.8994508876373508 0.42162402257896936 0.33155274954318065 0.978020258083233 -0.02818451756458179 0.2065962433067412 0.9818015355800201
-0.1461348911954791 0.440942680155057 0.885558663439617 1.6820623553154976 -0.10063124627919977 -0.8971509979129714 0.43010863652809195 0.373850874926464 0.9841330935638638 -0.026260993154002356 0.17547767490762162 0.9736410801616865
-0.11586770163803653 0.44139085809390544 0.889802666948265 1.8870598129576914 -0.08428001626035687 -0.8969746786887834 0.4339738524961006 0.46155913256739517 0.9896825524259146 -0.024709030379181093 0.14113082314451297 0.966547241853219
-0.0859618844967344 0.44149196079606057 0.893137952931248 2.0870829192048865 -0.06678214242414142 -0.8969934195744497 0.43697019428489253 0.5613082316845283 0.9940576944357968 -0.022082884607427057 0.10659102373278574 0.9496680843776987
-0.055568416211265556 0.44188595834393996 0.8953485080895761 2.2951954562249224 -0.048595344060731765 -0.8968682866778016 0.4396200278504646 0.6597792972459592 0.9972715997437162 -0.01908078012247292 0.07131115042212677 0.9246606487246618
-0.022249319448359603 0.43924997037402047 0.8980893225679211 2.48796080675255 -0.030648113082495012 -0.8981891661285196 0.43853952503034055 0.7901218562970408 0.9992825731236223 -0.017767537133110904 0.033446280445754824 0.8964055543127051
0.015988883462100218 0.4413721784351961 0.8971816737478565 2.701187615724835 -0.01678944591981366 -0.8970513525713142 0.44160727502576425 0.8873154087849446 0.9997311989286626 -0.022123990448039983 -0.0069324552154339525 0.8656073081258917
0.05595929367846339 0.4408042878223062 0.8958572080909308 2.904666154460338 -0.0019730428764077575 -0.89721259958103 0.44159444998194664 1.0099712499601652 0.9984311015552427 -0.026478878196021474 -0.04933765759199455 0.8204803606699959
0.09947270726628063 0.4393519616964987 0.8927905881350652 3.1263403028235763 0.019342045466161098 -0.8979248754091499 0.43972355338172114 1.1183515905057544 0.9948522834000543 -0.02647209615615939 -0.09781698389746651 0.7728230057638328
0.14222517022968503 0.43740301598623005 0.8879474097936697 3.34487243635569 0.04590232128454034 -0.8990161183948417 0.4355031524190869 1.2360867837318712 0.9887694260310783 -0.021180662700244525 -0.14794053424856382 0.6851661492918099
0.19118696407488905 0.43909677007052894 0.8778619317873718 3.5824354727618624 0.0740176779372045 -0.8982626102045331 0.433180870377863 1.3399514994690191 0.9787588712857787 -0.01784123376249165 -0.2042370246973372 0.6184469521777648
0.24394260185914937 0.4407997834375409 0.8638214849837932 3.824365987440982 0.10055619856069199 -0.897426492584237 0.4295510928154844 1.4509205301175514 0.9645623141763374 -0.01792320644782797 -0.2632457041271847 0.5508050749138875
0.29519389736082585 0.4394143377216931 0.8483958997811883 4.05000558049242 0.11973353524605133 -0.8979793023089725 0.423434827526236 1.56769938846495 0.9479052924730451 -0.02341393664672222 -0.3176906420911614 0.4282576880996084
0.3547637072642874 0.4389329402047608 0.8255183741209539 4.309129138839027 0.14492277699614406 -0.898093482011289 0.4152414794749726 1.691121405878227 0.9236558345595102 -0.027676191429498228 -0.3822223537577738 0.3648350115493342
0.4021112202450755 0.43691035488856544 0.8046215932624258 4.52839116824034 0.16609868332972683 -0.8990285428743449 0.4051652829319945 1.8091664185437777 0.9003986861102962 -0.029274919101169538 -0.4340796990904693 0.1907361197134923
0.45015345961481995 0.4341067952256696 0.7803288749852255 4.7561014274235 0.18788026545432585 -0.9003592298458554 0.392497468888896 1.93089709921344 0.8729621232617261 -0.030075697336496968 -0.48685992213377205 0.006191593633435827
0.49682319016111853 0.4327304990961103 0.7522705848763203 4.978713641223458 0.21044922763047472 -0.9010195497870447 0.37930844110207673 2.0458156517658193 0.8419488347327683 -0.030134466207027304 -0.5387152064296604 -0.20347135616214387
0.5482590465657753 0.4316875428733934 0.7162805897040068 5.24767043912344 0.23597681351715927 -0.9015297028523661 0.3627108191896291 2.172558846323263 0.8023259695043377 -0.029833876765453994 -0.5961400661388804 -0.36268359541976863
0.6012740490389976 0.4300353607142594 0.6734531212249346 5.53539720349702 0.26169443501805134 -0.9023227993393903 0.3425340690689156 2.3038532909799643 0.7549738675165072 -0.029717912572767954 -0.6550811438589003 -0.5207571884408599
0.6399508345738275 0.4291991036124827 0.6373782697790249 5.7362299703681146 0.2820840054858233 -0.9027760441995692 0.32469066489268 2.411536996441233 0.7147667753731535 -0.02799184662751044 -0.6988024852167072 -0.8073732739733122
0.6761511639901151 0.42626267842142945 0.600932385896951 5.935565525117906 0.29936502518960084 -0.9042247883443096 0.30456216744191544 2.52314691567265 0.6732014446865385 -0.02603192518191575 -0.7390007806107386 -1.1147326293917228
0.7108670950321748 0.42191715662740154 0.5627200779641384 6.138903347326451 0.31284392959099844 -0.9062600816847739 0.2842909426323123 2.636766678522125 0.6299179699917915 -0.02604951608293637 -0.776224692852054 -1.4308226635610104
0.7395596881692977 0.4204362645417466 0.5256280196994011 6.31852372246473 0.32572099922189607 -0.9069389935729997 0.2671469494541972 2.737563471166773 0.5890308126921894 -0.026363030838209747 -0.8076804394710837 -1.7784996283941013
0.7622735057906042 0.42262137622625084 0.49023491789787066 6.4864458291083364 0.3409305156993758 -0.9059850958679467 0.25091311151493145 2.830515614365643 0.5501867735911685 -0.024128373790553288 -0.8346929589636922 -2.1534822858822356
0.781198418768378 0.42495908662115695 0.45731696361702834 6.657963336461411 0.35404656255990874 -0.9049319011245487 0.2361128667959924 2.924564670218268 0.5141790175155915 -0.022539499222954083 -0.857386674098379 -2.5443368445536487
0.796816964545665 0.4276088815742814 0.42688800570058794 6.820369031986212 0.3649138281265489 -0.903677233138614 0.2240655179829456 3.014537975981213 0.4815813773956178 -0.022761869557013165 -0.8761057437547191 -2.9545473537663645
0.8110219221055702 0.4282267718710614 0.39857906833786033 6.978501175251464 0.37179708173093695 -0.9033155987477641 0.21398097830257395 3.1034131135775986 0.4516750733442633 -0.025352729869931596 -0.8918222172650763 -3.382310180352743
0.8232042757905375 0.4291602630833551 0.3716936761775787 7.141636059798934 0.3782552821935363 -0.9027983899496479 0.20464117033727824 3.1973860451332676 0.423388310907216 -0.027866390052324122 -0.9055196312022101 -3.821144774619328
0.8322576012496721 0.4306959307804573 0.349067758997158 7.2947214371860305 0.3844965837610758 -0.9020277300466668 0.19623544863994066 3.289328116403013 0.39938660748478333 -0.02910308292968838 -0.9163205488942086 -4.283393580078564
0.8388868274354264 0.43227066096976624 0.33077328552966156 7.449167004478556 0.38934392831331105 -0.9012152201626641 0.1903219178989099 3.377787156756537 0.3803685005897372 -0.030873979528423225 -0.9243195341153372 -4.761647675070459
0.8442191029604845 0.4323811554108355 0.3167659114270132 7.6091438334568915 0.3921693265762308 -0.9011290040308709 0.18485058124624773 3.467193375616608 0.3653728581727727 -0.031828517714793565 -0.9303169459763367 -5.2585086908947005
0.8485354992478793 0.43169630397259934 0.30598334538427097 7.766320046192993 0.3939066366008023 -0.9014599477067679 0.17946454892918087 3.5609658730312033 0.353305912996084 -0.03175317018673809 -0.9349688059101736 -5.7721375978244485
