0.9987180995799201 -0.0011801671361412454 0.05060399961469158 0.03744203774760688 0.001491317280163805 0.9999802131261843 -0.006111409729421102 -0.04949411619268694 -0.050595785834818476 0.006179042129792468 0.9987000980745498 0.8733417638452005
0.9945650218444244 -0.004801799430483326 0.10400653847633382 0.14142378749473816 0.006480666104011969 0.999854011468647 -0.015810019509885264 -0.06333091645389381 -0.10391543817185199 0.016398124047709003 0.9944509456163578 1.931529079550184
0.9841597383861632 -0.004654672652253978 0.1772228635424308 0.22463604449523722 0.01063875712315606 0.9994043061845138 -0.03283062026104927 -0.07422420096428105 -0.17696447718837013 0.03419600564906787 0.9836230004483915 2.9900097693654435
