0.9999915025853618 -0.0026116879686395606 -0.0031896462225112754 -0.005739443564208964 0.0026049730278188124 0.999994386108466 -0.0021075737416543215 -0.007254659381121075 0.0031951326411674328 0.0020992468903484585 0.9999926921182468 0.6690409370892649
0.9999745651963469 -0.0011550412355067125 -0.007038099183809441 -0.01856277561494909 0.0011295337105811625 0.9999927841079996 -0.0036271042896971768 -0.013157744211441013 0.007042237852665908 0.003619062264725238 0.999968654145894 1.3876945720327747
0.9999403909318295 -0.0014308784538651404 -0.010824378501794175 -0.03352978408461501 0.0013761966385167034 0.9999862638406163 -0.00505749077086824 -0.01620201714549974 0.010831466470980485 0.005042292825247933 0.9999286247613639 2.1080675551870707
0.999875831506548 0.00011058938888744234 -0.015757834212740705 -0.04791490183948503 -0.00019875072459221515 0.9999843375902107 -0.005593306036423632 -0.02657176443509161 0.015756968846787425 0.005595743405007488 0.9998601930212577 2.8352565428187453
0.9998039375025338 -0.0008845944612900805 -0.01978140659984786 -0.07052182390311693 0.0007724339062400449 0.9999835878223127 -0.005676920985499378 -0.03784836766324475 0.019786103716748774 0.005660528125022242 0.9997882118334143 3.557610982255175
0.9997057416338855 0.0008315176555118393 -0.024243323258819414 -0.09622417244730476 -0.0009983346115788857 0.9999759053062612 -0.006869653188249019 -0.04856219712038366 0.02423702688545699 0.00689183468403507 0.9996824841630675 4.289150312310937
0.9995759453563061 0.0035230459386425064 -0.028905321523226432 -0.13136934065862035 -0.003741453671859979 0.999964834878452 -0.00750536680860362 -0.05782865516675219 0.028877863312028587 0.007610332044305244 0.9995539764598544 5.063285569320524
0.9994419871215393 0.004041099973500099 -0.033156958388142053 -0.16414871369415812 -0.004237806705401311 0.9999738241906271 -0.005864463138311797 -0.06715727215111603 0.03313239159608705 0.006001703472943421 0.99943295131917 5.833669487512693
0.9992885947248138 0.0032216270051632027 -0.037575598096991444 -0.19584233871887285 -0.0033463199075953187 0.9999891001331589 -0.003256034083263796 -0.07524033780419317 0.03756469880064331 0.003379457695392617 0.9992884832067774 6.625110348694297
0.9991615505826256 0.0029845847816414956 -0.040832439199793645 -0.24012006744739411 -0.003003559377866214 0.9999954079573562 -0.00040335501081276886 -0.08914197368330626 0.04083104784826469 0.0005256594737187295 0.9991659267677868 7.4452760043667565
0.9990450971856634 0.00454975697860855 -0.043453348555943204 -0.28215064617991115 -0.004599241458761061 0.9999888837815185 -0.0010388895017896657 -0.09715177242025334 0.04344813882426609 0.0012377499054812284 0.9990549170130131 8.245772481407288
0.9989525040841132 0.004380321653379824 -0.045548955710237884 -0.3207968611868649 -0.0044410463512416475 0.999989379506066 -0.0012320642757045156 -0.10438384601240774 0.0455430751200048 0.0014330587169675499 0.9989613479265987 9.017307099965576
0.998868254820215 0.0009541867880220804 -0.04755311808905938 -0.35559430737907904 -0.0010379094931256259 0.9999979546023562 -0.0017359536250494611 -0.11222512666477964 0.047551364400009996 0.001783344800594492 0.9988672020969651 9.814866729457451
0.998768137088492 0.00047846728359838593 -0.04961833739498326 -0.39755561005788365 -0.0005167230711685065 0.999999579082749 -0.0007581764918667126 -0.12012088936489544 0.04961795374712249 0.0007828814620511805 0.9987679639248369 10.650576391250528
0.9987100134822098 -0.0008582445557931178 -0.05076979797721789 -0.4433822695327974 0.0008135196810643016 0.9999992626580345 -0.000901592544256021 -0.1306901003118754 0.050770534329407875 0.0008591272721714137 0.9987099752902422 11.476290261288833
0.9986076536708661 0.001355796274165637 -0.0527343895994904 -0.4930929755173963 -0.0015216763610710977 0.999994019999851 -0.0031055539907773703 -0.14080517290260022 0.052729863749302754 0.003181474658147623 0.9986037450800889 12.29895705952987
0.9985396856816394 0.0019170303312641742 -0.053989083280994235 -0.5460562209192628 -0.0022294464600453798 0.9999811152184859 -0.005727021466232994 -0.15128502329765273 0.053977084835093676 0.005839023985386391 0.9985251023943277 13.154933538057033
0.9984261303646502 0.005627428680498799 -0.05579959006585041 -0.6036579633927629 -0.006047900616280527 0.9999545564464437 -0.007369392114089924 -0.16092142390892705 0.0557555836056501 0.00769526402675821 0.9984147924627075 14.026151066563349
0.9983577956057371 0.006623119825722881 -0.05690207585868794 -0.6605954587229683 -0.00703812413229968 0.9999500545574859 -0.007095998814746208 -0.1722663623454619 0.0568522362088959 0.0074848296075901545 0.9983545465233242 14.911110063492222
0.9982830362685307 0.0057279865432940036 -0.058293821873711876 -0.7131555512511256 -0.006075902508560976 0.9999647626935333 -0.0057928214172103774 -0.1822254183845244 0.05825858655331984 0.006137062931490448 0.9982826621510479 15.783135810560765
0.9982019582842099 0.006481770608069013 -0.05958890104166809 -0.7692442233047871 -0.006746196347372356 0.9999682661715739 -0.0042373912562618035 -0.19680066393590834 0.05955954425960654 0.004631770676568357 0.998214008811731 16.654913410585507
0.9981566814859729 0.0062962784592050635 -0.06036220740227021 -0.8280660997034921 -0.006568508929581369 0.9999691276849295 -0.0043125824609822625 -0.20992853921807397 0.06033319066113224 0.00470112269621992 0.9981672232396941 17.526167378417565
0.9980591645686374 0.006247846837072833 -0.06195860255407984 -0.8899548534976724 -0.006574995086367232 0.9999654929611096 -0.005077630023835479 -0.22429930259884953 0.0619247402914876 0.005475152686929321 0.9980658040644842 18.439727555175097
0.9979962942277643 0.004376514299416067 -0.06312085891555202 -0.9470853327927805 -0.00475158287114664 0.9999719303553674 -0.0057931823360433295 -0.23435322313935741 0.0630937331901405 0.0060814984951923536 0.9979890761968204 19.321520038655276
0.9979588399885202 0.004438633258594844 -0.06370598263556515 -1.0089315776636734 -0.004709671148124688 0.9999804839078141 -0.0041049727368126145 -0.24375697354289763 0.06368651887521998 0.00439662805899584 0.9979602682347959 20.226274103981666
0.9979544125168296 0.005705299156419579 -0.06367448546886986 -1.0696911708351002 -0.005750306199205046 0.9999833297765137 -0.000523591149051328 -0.258706500878065 0.0636704367568257 0.0008886678860735341 0.9979705836108507 21.136217408297224
0.9980006576659854 0.0062287225662323595 -0.06289586881070468 -1.1376240203275871 -0.006035752802258435 0.9999764785259216 0.0032576192237595072 -0.2654020391714575 0.06291468021352799 -0.0028714822113124817 0.9980147782490689 22.071271433084856
0.998107517336755 0.004946558312614578 -0.06129368153993595 -1.1971806871414898 -0.004589182527587607 0.9999716491212037 0.005969954568406325 -0.2695166676390674 0.06132147453859587 -0.005677368640510485 0.9981019207704847 22.986844149618904
0.99820551203853 0.005151528079965868 -0.05965917778797588 -1.2552529180552094 -0.004754454476013325 0.9999656059519004 0.006795739539177596 -0.2756139464577211 0.05969213431040562 -0.006499897821515754 0.9981956724158731 23.928762218890043
0.998295597571914 0.005713486597445475 -0.05807973777003437 -1.318751377412892 -0.00549259511422031 0.9999770660239918 0.003962174271877497 -0.28473238413900326 0.05810104360032086 -0.0036364126485169367 0.9983040845531997 24.861392416350117
0.9983465138862773 0.006944273932293944 -0.05706150427977176 -1.3818976452976013 -0.00700187015058656 0.9999751589544056 -0.0008094989229060203 -0.2931117237178464 0.057054465430073656 0.0012076976712422026 0.99837033681937 25.835438119641378
0.9984235453167263 0.0063624617944459064 -0.05576686504630888 -1.43752365120802 -0.006584480532533187 0.9999711081351853 -0.003798356355964082 -0.3017810451541296 0.05574108694038626 0.004159564256555979 0.9984365925044509 26.78014910318572
0.9984782317736026 0.0036030280982622667 -0.055029436329866184 -1.4935604355155119 -0.0037671839722980675 0.9999887580075716 -0.0028796151468536376 -0.3078541689121466 0.05501844235507325 0.003082539050565559 0.9984805801585839 27.753425418273327
0.9984668079256185 0.0015401290350638983 -0.055332282380010846 -1.546098346132348 -0.0014214280706013249 0.999996603678701 0.0021845304538785893 -0.3187127789144594 0.055335458912581605 -0.002102530289714879 0.9984656059941743 28.697448126071677
0.9984250017394329 -0.0020135795136860726 -0.056066580055817286 -1.5986896178493697 0.002329901506020366 0.9999817335647061 0.005577104616041946 -0.3299822404788944 0.05605432597565995 -0.005698950295281939 0.9984114555156833 29.672509137150396
0.9983190469087263 -0.009654863535179734 -0.057147740019790005 -1.6436926114431978 0.009949976483402971 0.9999385813979486 0.004881741476043486 -0.33522939951731245 0.05709709753772231 -0.005442154166894869 0.9983537972135883 30.60185622226787
0.9982069231741165 -0.01198478925232484 -0.058645574034539766 -1.702512685828705 0.012064375121376366 0.9999267195615086 0.0010031749059131313 -0.34241974739819236 0.05862925362132827 -0.001708898340597966 0.998278363126371 31.582763125667956
0.9981364895893822 -0.011766910652209119 -0.05987560407952502 -1.7665468938096391 0.011618816599228626 0.9999285201795717 -0.002820927564879366 -0.3549287313259284 0.0599045177847096 0.002119987074426787 0.99820186054915 32.52937026606983
0.9980137616144149 -0.01055325057020991 -0.06210604262588513 -1.8331331261349462 0.010362021427502718 0.9999405312583939 -0.0034003615422668353 -0.3681277153383266 0.06213823412506881 0.0027500634691800655 0.9980637640004434 33.51670215273643
0.9979489116543437 -0.01057512571827254 -0.06313585703824336 -1.889112058732284 0.010482999055664483 0.9999434492342725 -0.0017902693278261058 -0.38697804933111596 0.06315121898039423 0.0011247441975619117 0.99800333591215 34.463717034682766
0.997876633348164 -0.007951862163621912 -0.06464512747194968 -1.9547728479954265 0.008036979054562174 0.9999671446008069 0.0010567339242962546 -0.3988442848860836 0.06463460052797099 -0.0015740416261929427 0.9979077566626827 35.442529344284665
0.9977967797815087 -0.008129480626862622 -0.06584449713065584 -2.029297515379092 0.008302610120355734 0.9999627569079954 0.0023561541019422186 -0.40804282881967796 0.06582289056886546 -0.0028976441638334906 0.9978271146523622 36.46142579170084
0.9977448396491153 -0.006791812215553319 -0.06677653959580296 -2.0964093682237963 0.007136729775613845 0.9999623899685564 0.004928056055293525 -0.4123145223330194 0.06674055769673369 -0.005393508617116339 0.9977557857627914 37.42953423656345
0.9977491191909882 -0.0073266016690021595 -0.06665595293438595 -2.1623350111059745 0.007880860601966681 0.9999364938313684 0.008056074751595177 -0.4182027282092023 0.06659269621947785 -0.008563247760907815 0.9977434958936114 38.393281397180615
0.9977500689161456 -0.001594986693687771 -0.06702429406770134 -2.244508345742737 0.0022914324452776684 0.999944169859193 0.010315352730729619 -0.4215317535892195 0.0670040992415797 -0.010445725540028218 0.9976980191935665 39.40548260807357
0.9977394524205236 -0.001548035849458659 -0.06718324693405836 -2.313680678593867 0.0022201901569973022 0.9999482188782676 0.009931279768912681 -0.4296307756863647 0.06716439413305708 -0.01005798922202791 0.9976912252864352 40.35537531865361
0.9977445750153795 -0.0013045040078610327 -0.06711230361620332 -2.375757093601334 0.0018660060497028604 0.9999637751857944 0.008304597377233703 -0.43445994812056016 0.0670990391049115 -0.00841109894537904 0.9977108661158943 41.30078942850817
0.9977562547623277 0.0007221046010646515 -0.06694725272629604 -2.4485292580497595 -0.0003064682596392251 0.9999806181197877 0.0062184774643506005 -0.4418779365588513 0.06695044555385164 -0.00618400757712357 0.997737137672256 42.25340787726943
0.9976789500003821 -1.7757243387144504e-05 -0.06809340945213128 -2.5151528447629032 0.00045446382922844546 0.9999794302118473 0.0063978602531230624 -0.44911982481989265 0.06809189517676247 -0.006413956491189662 0.99765843602576 43.20361208993445
0.9975897243211405 -0.0025124921676682272 -0.06934283893798107 -2.583868707773462 0.003051154771869083 0.9999659816786872 0.0076632851923320545 -0.45317633589629946 0.06932122606698088 -0.00785639029633319 0.9975634539958257 44.188431201085415
0.9975388031380292 -0.0017228702177390553 -0.0700954203365761 -2.6618895109247758 0.0023338261666161304 0.9999599933631043 0.008635098649474518 -0.46192915059056355 0.07007773890025608 -0.00877743649791691 0.9975029158449373 45.17010176557059
0.9975142460888037 0.0004790985635896893 -0.0704634608464021 -2.7380542104360934 -0.00011884489023643698 0.9999869023664666 0.005116734448121513 -0.4707095851125608 0.07046498936193869 -0.00509564128318441 0.997501237951179 46.1367409719217
0.9974666952009454 0.0013919339617694286 -0.07112140665615943 -2.8117587507700152 -0.001323479391340511 0.9999986145364168 0.0010096175262094527 -0.4827220880852439 0.07112271344096352 -0.0009129321412923615 0.997467155443075 47.09843748901644
0.997407765984858 0.0016830157023166223 -0.07193688769498606 -2.8815488045866484 -0.0017049539302653864 0.9999985169037513 -0.00024356189170852277 -0.48861801694026047 0.0719363710871694 0.00036557960169483923 0.9974091561973768 48.051547599339436
0.9974059963774663 9.899040979575936e-05 -0.07198102938394785 -2.961205411821197 0.0001397049105230769 0.9999945087188009 0.0033110443644748123 -0.4976113151408086 0.07198096187751282 -0.0033125116066682644 0.9974005055112228 49.00204238324951
0.9973832212526254 -0.0012387242053132413 -0.07228537560309012 -3.0230117587540013 0.0017062687190375436 0.9999780215256245 0.0064066459834726825 -0.5132691373067046 0.0722758508133599 -0.006513219483656435 0.9973634138874163 49.94081371535081
0.997379444940859 -0.0028728739196805814 -0.07229100500688691 -3.095555295173921 0.003395929297899987 0.9999689320788613 0.007113546321410652 -0.5254734617684867 0.07226832275394086 -0.0073404000234869905 0.99735821451163 50.89124945101221
0.9973561135636246 -0.006078042495743886 -0.0724143641598981 -3.161346023301137 0.006528572614895752 0.9999607690777044 0.0059864885483523166 -0.5351350884555811 0.07237513714580723 -0.006443423387257031 0.997356667305221 51.83109760872945
0.997304832385424 -0.00880977847612858 -0.07283858252247091 -3.227015502402593 0.009179103983528919 0.9999466497217334 0.004737273513525064 -0.5424925866673709 0.07279296223358961 -0.005393098690356471 0.9973324917678028 52.766944138770995
0.9972188846411905 -0.010280932693697793 -0.07381597752470499 -3.2988152571016847 0.01074602889092312 0.9999248161030279 0.005906352885040565 -0.549952414466638 0.07374970493537936 -0.006683155263409469 0.9972543890390599 53.70183730457984
0.9971072447470588 -0.01307296058823591 -0.07487483004579883 -3.366919966895936 0.013869917305827439 0.9998524553029565 0.010133756390401382 -0.5605895817440567 0.07473130446378086 -0.011142949614393959 0.9971414477430129 54.64494256018468
0.9970361560247656 -0.014095983742858729 -0.07563204890573982 -3.4330475327889642 0.015278602384866162 0.9997695419342822 0.015080693939000358 -0.5616907802836196 0.07540204167344741 -0.016191549117910264 0.9970217479316272 55.5815709525449
0.9970311014278175 -0.011958169207444231 -0.07606566225859925 -3.5085235194850344 0.013318868538402851 0.9997597836000051 0.017406402182213152 -0.567121042617511 0.07583924133646035 -0.018367832895536198 0.9969508674895824 56.50351820125032
0.9969412736068983 -0.010732240993697476 -0.07741392628144197 -3.586439284620302 0.011808167080725183 0.999839765552662 0.013454010918419457 -0.572754965664996 0.07725713021623948 -0.014326975356036237 0.9969082573676966 57.43424418029828
0.9968504073670552 -0.009435201928097391 -0.07874161731074641 -3.662913228639765 0.00991214585045893 0.9999348071185767 0.005668410480489394 -0.5730222373741405 0.07868300132033107 -0.006431055691884508 0.9968789429142899 58.348078882723854
0.9968153640762633 -0.00759194826935696 -0.07938193914853833 -3.741736904442353 0.007689989894267019 0.9999699996621823 0.0009294251141243786 -0.5822344583286003 0.07937250151616038 -0.0015369115433569265 0.9968438412840671 59.24976547832804
0.996753316677676 -0.0029647547545863604 -0.0804613939805771 -3.82591505407881 0.003130605101632887 0.999993227194634 0.0019351683543903213 -0.593770796600733 0.08045511173163643 -0.002180778326048132 0.9967558473378232 60.157080926627216
0.9966920165383306 -0.0002149091784470823 -0.08127101563780904 -3.910665914849087 0.0005620105560232153 0.9999908190189463 0.004248060963916114 -0.6073287603306435 0.0812693565428623 -0.0042796836171903165 0.9966829867090364 61.05287214186709
0.9966096316816088 0.0024531277302009195 -0.08223882418777191 -3.9943725788433033 -0.0019896548294263796 0.9999816774332835 0.005717173373039704 -0.6174941017517035 0.08225134231796863 -0.005534163175853255 0.9965962521125769 61.936446292003545
0.9965189839087819 0.003184220089302834 -0.08330531466738272 -4.067117225727728 -0.002736455279258712 0.9999811932972145 0.005488612245798101 -0.6251841729439294 0.08332122491846461 -0.005241545030139951 0.9965089561483043 62.78291706135758
0.9963774253721334 0.005062003991575081 -0.08489053141775077 -4.144441477102241 -0.0045307330110080975 0.9999689358092894 0.006449796494578198 -0.6361493420115224 0.08492054325769352 -0.006041815292425402 0.9963694083023573 63.61664211651584
0.9962796864606893 0.005965951560979575 -0.08597205224817296 -4.227486554448443 -0.005370898787035926 0.9999600067361811 0.007151110011542619 -0.6493268286684122 0.08601127712114227 -0.006662758449006659 0.9962718845063528 64.47551577353069
0.9961506095684051 0.0058796229911564244 -0.08746080888018865 -4.295013037472566 -0.005223481175273504 0.9999564871947094 0.007729098371071099 -0.6609730538982559 0.08750244739952458 -0.007242496164996562 0.996137976360902 65.27926153486688
0.9960372288384554 0.005524994727224791 -0.08876549555471602 -4.3763041365444915 -0.0047696821979287705 0.9999506139085919 0.008718937754233344 -0.6641064734215121 0.08880928385895764 -0.008261003395203696 0.9960143909218194 66.1174476699034
0.9958996314163306 0.008283379617996902 -0.09008501410845474 -4.455073841812917 -0.007273156755574615 0.9999069996556347 0.011536603940350283 -0.6723465494860377 0.09017219824106078 -0.010834097183051852 0.9958672587260826 66.92398453028949
0.9958006066650309 0.009844156108173558 -0.09101782438662098 -4.533918962622356 -0.008455637279860404 0.9998421134491339 0.015628511501800252 -0.6740621848926345 0.09115730340322324 -0.014793267525748558 0.9957266217552706 67.6774557200431
0.9956122031713968 0.012988948936427613 -0.09266945614237639 -4.606547517275166 -0.01140549019352499 0.999780116794902 0.017596387555941624 -0.6829974846039595 0.09287763826477466 -0.01646223760915741 0.9955414300988467 68.42492172990913
0.9954490215255768 0.015881334200998652 -0.09396291166075732 -4.686593478417856 -0.01468213346016798 0.9998018794987862 0.01344011561534264 -0.6861605000375031 0.09415774264939072 -0.011999373929174037 0.9954849745347633 69.1577614634242
0.9952856257333822 0.015711614399439997 -0.09570615644498975 -4.748440927070741 -0.015167247287853276 0.9998644063542312 0.006412761933152886 -0.6991977637653208 0.09579393414104381 -0.004930930831545949 0.9953889732676945 69.86379846070005
0.9951681287206199 0.015003911487484293 -0.09703235655581641 -4.824571004422132 -0.015021840047306981 0.9998870168316966 0.0005457957539988754 -0.704608196173308 0.09702958260392788 0.0009144460004242077 0.9952810778308904 70.57057887645388
0.9950926917253357 0.015729914041870165 -0.09768881552696454 -4.889321534341796 -0.015849049946853887 0.9998742975065821 -0.00044362315395458224 -0.7128383286698643 0.09766955764519494 0.0019897210749163846 0.995216910286112 71.2123093206802
0.9949800620520795 0.01849702230969536 -0.09834905329750088 -4.960604011843975 -0.01826087348866466 0.9998278077281442 0.0033008170149098886 -0.7269649880547213 0.09839317363654355 -0.001488307498321822 0.9951465059590566 71.86428978807422
0.9948607431758709 0.01891857494650642 -0.09946953910392436 -5.032673394570085 -0.018459334137040907 0.9998142894215393 0.005535309541608597 -0.7398425392421552 0.099555786726693 -0.003670720705496249 0.995025211308101 72.50746759075086
0.9948034962273044 0.015763147413306526 -0.1005859188831017 -5.094057862538105 -0.01562500632847691 0.9998755866917018 0.0021610911970475783 -0.7481693504481921 0.1006074702552777 -0.0005782054593846827 0.9949260287113206 73.1107119448093
0.9949078044064882 0.00775371069406844 -0.10049050055370264 -5.148017039589748 -0.008092586941056051 0.9999628586906812 -0.002965008560526829 -0.7596887268376264 0.10046377838635398 0.0037631382694814333 0.9949335998058875 73.73185488604892
0.9950575198165668 0.0037578892501520687 -0.099229081044251 -5.207325335931388 -0.004547211571260874 0.9999597874360848 -0.007729578106718955 -0.7694633461495505 0.09919604389001163 0.00814259044563037 0.9950345939199327 74.31984804814759
0.9953488340847028 0.006441638265629494 -0.09612077706030953 -5.255904951709166 -0.0072321521368691345 0.9999428145157436 -0.007878050127026585 -0.7772411600143132 0.09606453279796925 0.008536568092011206 0.9953385014875683 74.82849815389423
0.9956919972368793 0.011368223430974914 -0.09202287832087236 -5.308846273610305 -0.011883731751298057 0.9999166037679043 -0.005055930075124119 -0.7823723662992565 0.09195772701680821 0.006127724315338158 0.9957440571937234 75.29674786788614
0.9961234021014957 0.009836309232332734 -0.08741518636042371 -5.3427680100594905 -0.01004624645751126 0.9999476104010823 -0.001961985036120566 -0.7914896464516447 0.08739130802234629 0.002832573715358976 0.9961700335827665 75.72515567070751
0.9966465719826707 0.005986584053926271 -0.08160742225163124 -5.374636190509593 -0.005797557383767872 0.9999799349178837 0.002553055034360641 -0.8053979358277407 0.08162106887055977 -0.002071369834633174 0.9966612817519476 76.21597541698704
0.9972917472856295 0.0015904842197755169 -0.07352986574122244 -5.3973521412694865 -0.0011390387412476529 0.999980247814652 0.006181146438526671 -0.8177316324829036 0.07353824438155611 -0.0060806529661883366 0.997273860217334 76.6924538416598
0.9980031022695844 0.0054273373333136865 -0.0629313266168377 -5.422296557410421 -0.005051929789542305 0.9999684933095873 0.006122939943908561 -0.825305825091332 0.06296257511955973 -0.005792788415399827 0.9979990770219617 77.09424910025162
0.9988163193396867 0.010592878699677854 -0.047473688940023254 -5.446504165901073 -0.010337472195816285 0.9999307610444808 0.005622258052382671 -0.8293990207066263 0.04752995780895338 -0.005124845154808184 0.998856665930011 77.46171341823198
0.9994537210951971 0.015722745874253662 -0.02906982372042845 -5.460781717813356 -0.01554685913040789 0.999859502212239 0.006266658365869519 -0.8339647582873484 0.029164268551472278 -0.005811290568273087 0.9995577393736632 77.88965048105932
0.9998734645567422 0.014246479853645364 -0.007077618743341667 -5.4531942552790555 -0.014198589073317516 0.9998762671581652 0.006771295458194545 -0.8373271412309465 0.007173210133789213 -0.0066699464491677294 0.9999520272846798 78.23630272039688
0.9997546152165712 0.010878580053689036 0.019296783389473063 -5.432035878697083 -0.011027328336562125 0.9999101714426153 0.007618863127730346 -0.840785682126365 -0.019212167574806056 -0.007829785540926735 0.9997847703758342 78.61868019999561
0.9987703248507099 0.00967312352135737 0.04862374809645006 -5.396714584071524 -0.010134755004856886 0.9999057985797164 0.009256387397516629 -0.8480358096407838 -0.04852962949166226 -0.009737794822336816 0.9987742740045916 78.98969287156145
0.9966085407672144 0.009093175717753369 0.08178466008493714 -5.348465885301335 -0.010021244816683456 0.9998898913641578 0.01094439583066703 -0.8557740501082278 -0.08167613557316954 -0.011726862459339966 0.9965899305003498 79.38205589339454
0.9928473752866689 0.009103797169287954 0.11904289253656469 -5.290303381824339 -0.010545989152327483 0.9998783673386622 0.011490545721238338 -0.8591292980210292 -0.11892380543512159 -0.012663783213294961 0.9928226211643021 79.71389409031913
0.9869323740277111 0.009269863312429748 0.1608681408178574 -5.222262114008025 -0.011264581493327173 0.9998705117212681 0.011492127480640693 -0.8624664113765905 -0.16074077982828555 -0.013154064939020322 0.9869089989840877 80.0305087180349
0.9785194566391653 0.008918673431107261 0.20596147757000785 -5.1332871444525905 -0.011523910926580014 0.9998680055316954 0.011452990484026258 -0.8665878850758018 -0.20583214631234814 -0.013580455747146199 0.9784930754819634 80.35189726869511
0.9667735792354001 0.011034622268895396 0.25539593497891677 -5.032078530797835 -0.013901031828528787 0.9998589931363586 0.009420995618871695 -0.8735734089679519 -0.2552559652710874 -0.012658236675436122 0.966790650160516 80.66665341540234
0.9513540803247336 0.011997772803066093 0.3078659891856277 -4.90788176496105 -0.014719571480835155 0.9998704030820041 0.006520065647867377 -0.8788883414008348 -0.3077478644359692 -0.01073454649241935 0.9514073898423858 80.95682138405978
0.9316240600672467 0.01210104879626808 0.3632219367299393 -4.766716171809626 -0.01463508297621992 0.9998839735244562 0.004225379891198865 -0.8837142553571132 -0.36312866184053405 -0.009252248752390876 0.9316930668642577 81.23886717587649
0.9074868479062639 0.012660489454453782 0.41988966751270007 -4.606995010362001 -0.015070948350898483 0.9998834893878884 0.0024236677383974643 -0.8887275807765125 -0.4198100610906756 -0.00852758208844998 0.907571921640796 81.51183317359519
0.8783700102079254 0.012670385327097541 0.47781333855700464 -4.455450548978051 -0.014612969505030063 0.9998931640955455 0.00034859323681262497 -0.8923538726758792 -0.4777578741261865 -0.007288465590407355 0.8784613207078407 81.74020585673063
0.8450721286084978 0.011050370696499699 0.5345381059911177 -4.293272334122515 -0.012214691092061719 0.9999244723233508 -0.0013605037284718999 -0.9005079736698147 -0.5345127676404252 -0.005379494059817426 0.8451432791385332 81.94260280243232
0.8084826048524043 0.010500069989038636 0.588426398270247 -4.111154586443877 -0.011357174929420002 0.9999329992393898 -0.0022386624895374147 -0.90997589805379 -0.5884104793668217 -0.0048729418573169045 0.8085476870345754 82.13799618740885
0.7686223444465903 0.009016719268494164 0.6396392658296233 -3.8980881670670957 -0.010612050539327065 0.9999427876621525 -0.0013437952950983779 -0.9163137185734194 -0.6396147871967763 -0.005755013125746932 0.7686740556459183 82.3464955316574
0.7258360492702384 0.008347551901290242 0.6878170890266004 -3.6861091177648846 -0.01237898040987135 0.9999229469865131 0.0009278651949992524 -0.9235360794131134 -0.6877563452442903 -0.009187952278028365 0.7258834555968005 82.53032003985489
0.6808806709647591 0.006825235652115623 0.7323625659909656 -3.471714241473549 -0.01155126557638729 0.9999322730464492 0.0014204167508715811 -0.9296905100634512 -0.7323032706264274 -0.009426848808348855 0.6809133971008215 82.68696270984107
0.6347843327100797 0.005156014406216619 0.7726721597555205 -3.239621547898801 -0.008059637514773978 0.9999675192730892 -5.139995393724109e-05 -0.9332231457359189 -0.7726473278210109 -0.006194829639925369 0.6348052700606565 82.83092272741466
0.5882512197666775 0.0024914663688784763 0.8086744060735123 -3.0159518177699494 -0.0025815271060722093 0.9999959441948753 -0.001203042643197559 -0.9373573533444215 -0.8086741235879975 -0.001379923596973049 0.5882552657223307 82.95143335457622
0.5418419621156227 0.004712847887326359 0.8404671779168309 -2.766819759559939 -0.004674907134345764 0.999985709496974 -0.0025934619950061053 -0.9418203615119437 -0.8404673898099654 -0.002523859470180164 0.5418562510476349 83.07632385434685
0.4942202926825414 0.007497386615670339 0.8693043721819861 -2.546661924260415 -0.008897479450675011 0.9999540590665041 -0.003565755999478889 -0.9478126700777989 -0.8692911693789411 -0.005972348814173909 0.49426429558428947 83.18415995406207
0.44882170139765465 0.009408822671981603 0.8935717958902017 -2.325763621783423 -0.009770333493909326 0.9999364684391283 -0.005621358279139152 -0.9543776320410338 -0.8935679162424821 -0.00620750685958945 0.4488851143897018 83.27244942076159
0.40661089778610593 0.006924317466090036 0.9135751921047355 -2.0411197018216978 -0.002388775165171321 0.9999759175103677 -0.0065159920586862164 -0.9554778211521032 -0.9135983097372643 0.0004671476505334017 0.40661764622097407 83.36203338180401
0.36717429371265187 -0.0007127174534362693 0.9301518854845403 -1.56923966028802 0.012996063372248646 0.99990602456531 -0.004363986116237525 -0.9553153491680002 -0.9300613637677025 0.013690656369575262 0.36714905086998423 83.477924109933
0.3317847475439352 -0.004451951085367983 0.9433446143529622 -1.1993456590092122 0.01696009269035871 0.9998553904048788 -0.0012464085374304613 -0.9589728358725774 -0.94320264872038 0.016412751440305184 0.331812273788986 83.57251941430646
0.2985471793087914 -0.0002470488891920773 0.9543948452782052 -0.8423058178097746 0.01400226680871093 0.9998934701725445 -0.004121265645988339 -0.9639131644179681 -0.9542921556059134 0.01459408349823614 0.29851883437375326 83.66855401559818
0.26735914146160356 0.007392625496342074 0.9635685956719343 -0.46164594628096967 0.0024462097750827284 0.9999621411712005 -0.008350585730629061 -0.9802472409619309 -0.963593848846416 0.0045896963493382015 0.26733093564488597 83.77182700890985
0.2392803316164154 0.011694800680426961 0.9708800927707715 -0.07655612904968312 -0.0024453306781279686 0.9999315473222173 -0.011442072699963224 -0.9973787072458642 -0.9709474461882125 0.00036374007439051153 0.23929254989185364 83.85518671135425
0.2137527448137566 0.013353165095704344 0.9767965279762773 0.33909985423464156 -0.0011840121015420295 0.9999093805205934 -0.013410028421554702 -1.0107563518522182 -0.9768870775068771 0.0017098914732699222 0.21374918496036674 83.92644234106285
0.19036809200488877 0.014724709395896268 0.9816023494672488 0.7706363651121516 0.006529167115175963 0.9998464042006483 -0.016264623691201147 -1.0191572038032166 -0.9816910713270235 0.009505311159592768 0.1902427121772577 83.98633406249083
0.17023541374409049 0.021056304667785804 0.9851784284793866 1.210083355108392 0.013399370268034387 0.9996297759353421 -0.02368053926493628 -1.0177645506452704 -0.9853123163666418 0.017232036942725404 0.1698902472745449 84.03527281083774
0.15046951167516925 0.02791849349746449 0.9882203619522654 1.6632871374832066 0.015676461602459647 0.9994081107133252 -0.03062150865076166 -1.01573001713195 -0.988490351297301 0.02009940201235082 0.1499427871919257 84.09120870720145
0.13284004829800158 0.02875999091433806 0.9907201342916122 2.1059976654856714 0.012777606870080546 0.9994461516886869 -0.030726578679515473 -1.0278386392000372 -0.9910551217419026 0.016740752590071094 0.13239899120408616 84.14374353596865
0.11756239263123841 0.024354720543601525 0.9927668061665137 2.5940942645291694 0.011054292625052066 0.999605189695186 -0.0258315185192704 -1.0489094630361218 -0.9930039710159156 0.014011149906226828 0.11724675357947834 84.1913586110414
0.10316552427695426 0.02103674573829892 0.9944417177137139 3.0654226807811638 0.011234448139210486 0.9996879051902833 -0.022313211137601062 -1.0679082064446028 -0.9946007549643564 0.01347395803043536 0.10289699062327069 84.23084439714634
0.08977163614739705 0.018654568396037463 0.9957876582993864 3.5545823101623615 0.013381925118719303 0.9997117287639973 -0.01993447897030505 -1.081538484989801 -0.9958724704617231 0.015115106670417643 0.08949612352948871 84.26394841552045
0.0782384543521161 0.01795077383339707 0.9967730503877865 4.037944079722642 0.01695245698957875 0.9996693591481971 -0.01933356103386277 -1.0940405287777843 -0.996790528878865 0.018410380197482132 0.07790827580158471 84.29071916085768
0.06815617625443363 0.0185498654457282 0.9975021995616444 4.561703607452 0.02011130293354041 0.9995984266439834 -0.019962989385089374 -1.108366727812921 -0.9974719400227202 0.0214216699353529 0.06775574458664607 84.3157677001296
