1.0 0.0 0.0 0.0 0.0 1.0 0.0 0.0 0.0 0.0 1.0 0.0
0.999982293842564 0.0010107066416946077 -0.005864339131434471 -0.020879809996176443 -0.0010100217955351515 0.9999994827587937 0.00011974187875604505 -0.007595065562050869 0.005864457122068772 -0.00011381664824834126 0.9999827974462531 0.06806324407331373
0.9999009170264436 0.0016786701742190506 -0.01397634416159475 0.005673879197586634 -0.0017011713664690585 0.9999972758580946 -0.0015982153709149893 0.0022850974258486704 0.0139736232115748 0.0016218331714792649 0.9999010488600883 -0.0131572418770141
0.9997617808638093 0.0018754772360406419 -0.021745438812805704 -0.0016028417727371813 -0.0019265674890679503 0.9999954326005238 -0.002328758424877959 0.0016096364901817008 0.02174097195928576 0.002370097725509846 0.9997608277858444 0.07033878254667428
0.999509418398669 0.002386786932338618 -0.031228605164078032 -0.011798437566196671 -0.0025128042300090903 0.9999888560662659 -0.00399669340616123 0.0037105145361871618 0.03121871789897708 0.004073204073063577 0.9995042774602433 0.17467842726670624
0.9990878470278267 0.002455225628915142 -0.042631511683410665 -0.02763978891911383 -0.0026884704714742816 0.9999817263363798 -0.005414713273821106 0.0017271940871293621 0.04261743830670343 0.0055243877873300765 0.9990761908341872 0.27882154321145186
0.9984218816246596 0.0023493770038918176 -0.05610906095068056 -0.04627674978379279 -0.002717973873805642 0.9999752207294218 -0.006493885213452413 0.0023640105492426055 0.056092414024490965 0.006636140055617424 0.99840352700402 0.3963601636975117
0.9973551043064842 0.0022702063745100114 -0.07264738176161895 -0.06844085112888706 -0.002750986621386619 0.9999749694907125 -0.0065186244451922535 0.0018868198412514824 0.07263076473788653 0.006701235338774492 0.9973363853076472 0.5310204142026173
0.995817519856787 0.0007229310103656248 -0.0913616140237852 -0.10038874180627841 -0.0013432852853609515 0.9999764592141017 -0.006728789064154468 0.0018470031271396975 0.09135459884931346 0.006823370749270746 0.9957950486323471 0.7027831722712642
0.9937881321576746 -0.0004914320957294824 -0.11128749649917875 -0.1342927462766575 -0.00026471197592174375 0.9999769829858196 -0.0067796331867933605 -0.0014995974070222873 0.111288266722639 0.006766978134511238 0.9937651280341837 0.8615197662169126
0.9910468420812303 -0.000678285749672758 -0.13351290847428154 -0.18887360071400083 -0.0003142636369202023 0.9999724747401654 -0.007412894198335996 -0.003668801097020944 0.13351426155728308 0.007388483638136084 0.9910193500988476 1.0635834131141235
0.9874969576839003 0.002920027957742845 -0.15761101484911005 -0.2608982629471106 -0.0043750162066025335 0.9999509536113376 -0.00888535902304629 -0.010397048120541881 0.1575773391012564 0.009463815747491323 0.98746129969395 1.2816880954938543
0.9831990449516587 0.0070823903731692 -0.18239922629426775 -0.3466330620288207 -0.009100183928256834 0.9999062837154185 -0.010227924466517836 -0.02038085228780997 0.18230969436268973 0.011715952074967615 0.9831713542452096 1.497338429999047
0.9778258294961996 0.00980382275947702 -0.20919018196217787 -0.42958925767466244 -0.01234146935550564 0.9998652020961789 -0.010828932140989152 -0.030601851735222008 0.20905581863276476 0.01317052377347965 0.9778150142022347 1.7073047779190118
0.9710984655687919 0.010597793119147372 -0.23844382346989162 -0.5102785099764053 -0.01360669973612302 0.9998471757255868 -0.010976471011132121 -0.035963810546499914 0.23829105709662726 0.013903667666158677 0.9710942591392457 1.9066566429207208
0.9630919297126453 0.01249773829989985 -0.268882393361409 -0.6022997136354212 -0.015857780613918855 0.9998209162218654 -0.010327936835117681 -0.04095323691470499 0.26870516503478886 0.014210630621354463 0.9631176419633116 2.106629046069365
0.953648135529715 0.014275680126168285 -0.30058516024187376 -0.7300464310056103 -0.017913426649739807 0.99979582654595 -0.009349565068226344 -0.04481739436684731 0.3003903173312383 0.014300705515320903 0.953709152244751 2.3626668342608883
0.9424974585696232 0.01676841422444933 -0.333792391875845 -0.8509416229018455 -0.0206580295118588 0.999753735702814 -0.008106402713589114 -0.05071584222498824 0.3335742592084821 0.01453575703790479 0.9426117574913051 2.5782702549406027
0.9300055290173577 0.019009779752668966 -0.36705359863499315 -0.9737214637619278 -0.023459045476545166 0.9996954227337317 -0.007663873077932812 -0.05310290713361627 0.3667961139140832 0.015738171398872656 0.9301682217634326 2.785288348099327
0.9161064768784004 0.021460621024095402 -0.4003602936939474 -1.0718887816472848 -0.026506034278793812 0.9996236649148666 -0.007068146078121913 -0.05230107709691612 0.40005793726441063 0.017087138070209885 0.9163305498259425 2.9378250550097906
0.9001324517711043 0.02221664031899232 -0.4350494111724276 -1.2124410557013026 -0.027700918691438342 0.9995966053148964 -0.00626783428190611 -0.05343699298456763 0.4347346643323832 0.01769314940511268 0.9003847644712444 3.141950033699273
0.8817425120797009 0.017802585862888198 -0.4713949621368177 -1.3832460869327274 -0.02380350662441058 0.9996937319462154 -0.006770183145961688 -0.05612606198345645 0.47113006215243697 0.017190411398297436 0.8818962264871065 3.3851490083350417
0.8604832680931481 0.01292123922103444 -0.5093148210181272 -1.5022225997574763 -0.019234850841520754 0.9997895510022798 -0.007132616614107211 -0.05872016245941272 0.5091154739789773 0.015934091867821975 0.8605507183609277 3.543119578793957
0.835284149618112 0.01469054221068997 -0.5496222133122916 -1.6606793672288258 -0.020066626945869682 0.9997915248452753 -0.003773238738036007 -0.06516199002935712 0.5494521998133793 0.014180790426307486 0.8354048032559562 3.723877743931972
0.8060892498756739 0.02044392740063169 -0.5914407553316815 -1.872057172832616 -0.025198539519349784 0.999682443989623 0.00021162472887844641 -0.07311892967085673 0.5912572662056378 0.014732854827622686 0.8063484285020115 3.9234914254550057
0.7738115581525936 0.02333622429747611 -0.6329858553751354 -2.147626414247349 -0.028302241835472988 0.9995968719447272 0.002253154544809787 -0.07764727690373434 0.6327832611380779 0.016171401728182946 0.7741600804676024 4.152353578253588
0.7375170869723522 0.02267933173127151 -0.6749475493221956 -2.333239440297647 -0.02782985755465271 0.9996076205533424 0.0031786727060907033 -0.07905993391666494 0.6747548039490368 0.01643936871986409 0.737858862997382 4.305529731597023
0.6977376056655308 0.01850804147472814 -0.7161142967717519 -2.572458812745198 -0.02176865103571031 0.9997523199879269 0.004628661884715509 -0.08217754613255465 0.7160225970402171 0.012359250767230646 0.697967685103154 4.486997988272906
0.6548105758551619 0.01488156904819494 -0.7556465103809411 -2.7865060461563234 -0.01654329951872177 0.9998488094378201 0.005355138355586153 -0.08235441401005422 0.7556119566214291 0.008994285321103367 0.6549577649301503 4.632548918277666
0.6091371434519604 0.014183508493129854 -0.7929380609820731 -3.0873597467947698 -0.014051938254041302 0.9998761274403182 0.007090331886243782 -0.0777869896146154 0.7929404034973183 0.006823332160886431 0.6092609938603754 4.818414408338259
0.5613646872133745 0.014745071991254471 -0.8274371703046712 -3.3850963758672696 -0.011660256627630747 0.9998829348043029 0.009907325699303748 -0.07583769673961578 0.82748639044108 0.004086506956682388 0.5614709022698198 4.963716951114579
0.51082209446179 0.015582241805217898 -0.8595452178623254 -3.7099334447277883 -0.009854146156930753 0.9998761641158128 0.012269972965168229 -0.07695056308636614 0.8596299690059597 0.0022023109162494546 0.5109123860442618 5.095268191166504
0.4576807025918956 0.017140933294772693 -0.8889513838679659 -3.7129242878073963 -0.008366678085242298 0.9998529120999664 0.014971735471703393 -0.0769465468620919 0.8890772593947088 0.0005852956525446975 0.4577567959694239 5.096377881274214
0.40359125028893245 0.019242275154147434 -0.9147370319043101 -4.054179464371073 -0.0070634736458626505 0.9998145543102296 0.0179154773726887 -0.07316806490598601 0.9149121324095938 -0.000769308994615803 0.4036523233345755 5.191071271765233
0.34813239911610516 0.021436006303127475 -0.9372002615873704 -4.4043523239521765 -0.006336540144228038 0.9997694989450826 0.020513342928429715 -0.07219327055261589 0.9374239600867182 -0.001202752206836248 0.34818798434533005 5.275419807268175
0.29624198287913334 0.025158945797006123 -0.95478150119607 -4.762649615428589 -0.0036676676762786246 0.999675601891343 0.025203952011497485 -0.07771663996002968 0.9551058767454295 -0.003964647470430943 0.29623815719245183 5.310176219681681
0.23987426220554664 0.027002047052583376 -0.9704283733415431 -5.092588023282891 0.0004994670978153283 0.9996095479311856 0.027937469775002152 -0.06970993749078692 0.970803836448931 -0.007186176993438968 0.23976711616953705 5.380396864738874
0.18891598956514777 0.027612069458401285 -0.9816049727394641 -5.501410212521554 0.003400494373912358 0.999580211886005 0.028772150492145467 -0.0684758551681848 0.9819873652571269 -0.008773461469345973 0.18874279019133963 5.425315005741321
0.1413424878713246 0.0286128118468408 -0.9895471732669244 -5.936029331833711 0.0017096277793998338 0.9995736761118875 0.029146924314985334 -0.06120035863149586 0.9899592811298858 -0.005811456132920962 0.14123331293436 5.441819991418785
0.09924000727818011 0.028807629352045363 -0.9946464404231992 -6.299066390868131 -0.00011695306126109292 0.9995811759610567 0.028938883639366458 -0.05119677045719443 0.9950635192174458 -0.0027555680769132066 0.09920181231794777 5.443059100355808
0.061000868050294525 0.02745621244536437 -0.9977600164845574 -6.627104930262152 -0.001253555983578278 0.9996229178264884 0.027430835813989304 -0.044190649360142095 0.9981369258245616 -0.0004225567571590908 0.061012283609781566 5.4427671560853135
0.026585768159764503 0.024757285289928786 -0.9993399190247665 -7.097440860893644 -0.000357171072106243 0.9996934460532025 0.024756541501152255 -0.03676676311317781 0.9996464721891336 -0.0003012363625105956 0.026586460773736175 5.428198671638873
-0.004800343779667687 0.021968906271484217 -0.9997471299567857 -7.4807497915580035 0.00020433713842304122 0.9997586495698528 0.02196817827218336 -0.031207210365627264 0.9999884574063497 -9.883065976252857e-05 -0.004803674278073184 5.407063357713875
-0.03148168613243461 0.020252551407348784 -0.9992991231857206 -7.930012226696486 -0.00017826084318985688 0.9997945628764857 0.02026820825058865 -0.027887925195945018 0.9995043129778534 0.000816213274909808 -0.03147160838850134 5.373125761590304
-0.05229622083003024 0.017836185136217663 -0.9984723209917646 -8.481375463827275 -0.0008169071285765231 0.9998393877067675 0.01790339221768122 -0.01783620988277118 0.9986312822807223 0.001751938909726999 -0.05227325090729075 5.324245402370586
-0.0686663377042478 0.017043813214685087 -0.9974940814347659 -8.943892154452287 -0.0002856384446084811 0.9998536786191777 0.01710379380072099 -0.0089758379408108 0.9976396405902107 0.001459377539071302 -0.06865142198260188 5.282721235048069
-0.08157286399549332 0.01744559931247963 -0.9965146857544044 -9.486515758951484 0.0005440939037830269 0.9998474249164775 0.017459405766330368 -0.0006858075455546449 0.9966672322402278 0.0008820161664697535 -0.0815699100531896 5.225697270324477
-0.09080111178181033 0.018562547155148663 -0.9956960329047707 -10.062684505130957 -0.0008010582240360698 0.9998245836999946 0.018712566228467085 0.0018261799450713205 0.9958687244837586 0.0024967323136340196 -0.09077031410568731 5.153790016307076
-0.09774613826367107 0.019996386973995237 -0.995010470780345 -10.619812414114088 -0.002538536174864444 0.9997898611570618 0.020341813135328672 0.003085587297391343 0.9952081431985108 0.004514203753704392 -0.0976748364515744 5.092802570115881
-0.10237689879558992 0.02096839916052374 -0.9945246587338298 -11.181854538101208 -0.0023868604762741458 0.9997697537273403 0.02132469059660397 0.010729718271176464 0.9947428177624926 0.004556947291667585 -0.1023032782530286 5.032422745744346
-0.10368446661920745 0.021574066620054393 -0.9943762321331711 -11.798668187240896 -0.00011657182051160722 0.9997644526483773 0.021703124929418727 0.02332407869688515 0.9946102341082664 0.002366193179930013 -0.10365752908946894 4.964328945593341
-0.10292620796813054 0.023739426586844133 -0.994405669401893 -12.425637467739524 0.001960826327778535 0.9997180621080431 0.02366329341093442 0.03273695152946006 0.9946870617804441 0.0004857162417692372 -0.10294373806268652 4.902709526666406
-0.10133253390453406 0.026207219330551826 -0.9945073650946206 -13.049285961300114 0.0011652883530567845 0.9996554087476853 0.026224146593421163 0.03827490715909 0.994851928517777 0.0014984713742213843 -0.10132815456722738 4.835034111514992
-0.09957407761245311 0.026259192191418698 -0.9946835968754494 -13.700819402138665 -0.0011776933177650934 0.9996479037339193 0.026508142123335136 0.04356883739270476 0.9950294548937122 0.003810956026481691 -0.0995080926763534 4.7638095428080325
-0.09806978317418193 0.02368001100440743 -0.9948977709830285 -14.341027542662179 -0.002968615166692613 0.9997054569246137 0.024087065390836958 0.05516730725800754 0.9951751127073871 0.005315681892430632 -0.09797060055882799 4.69830100403066
-0.09659046344661958 0.023570832026194005 -0.99504507347595 -15.051450492446575 -0.003232625205736176 0.9997068507243413 0.023995056763835333 0.06792724343296759 0.9953189601858522 0.005534301438608785 -0.09648595235649642 4.62159884913916
-0.09500922076430639 0.026196327848401587 -0.9951316497715349 -15.752434465537343 -0.0027486937087580093 0.9996429764556547 0.026577515041396972 0.08370112533606726 0.9954725976402637 0.005260421099047788 -0.09490329455401397 4.554680160719224
-0.09290259156900141 0.029741177097446628 -0.9952309133385175 -16.457443830606334 -0.003849958574988244 0.9995355787550757 0.030229201473537907 0.09510929915407665 0.995667758993297 0.006639968946854172 -0.09274494333197146 4.479558770190772
-0.09118434075522922 0.031930868849274846 -0.9953219758528206 -17.186096641698892 -0.004416766054767134 0.9994630050389864 0.032468349758766564 0.10297693635936378 0.9958242355851015 0.007356709384673858 -0.09099434404608739 4.410848813611355
-0.0891339109109822 0.0312794833738354 -0.9955283721951761 -17.97409989257504 -0.0061848073010112355 0.9994701060505308 0.03195708481685116 0.11992620673421728 0.9960004488374303 0.009005611095756485 -0.08889322181375534 4.328376814393442
-0.08724328700980667 0.028259715634148103 -0.9957861202808561 -18.74840056939659 -0.008528691696233447 0.9995397280015479 0.02911346019530123 0.13631860403569154 0.9961505259194894 0.011032706778931116 -0.08696211296567599 4.244567378884913
-0.08575172703228974 0.027601610647946338 -0.9959341305531288 -19.50767364514788 -0.009500705286761814 0.9995480767861763 0.028519796494919935 0.1523860788202556 0.9962712371187045 0.01190769846346147 -0.08545073906801201 4.174405826314187
-0.08395873208157852 0.029956351593870067 -0.9960188493730608 -20.292005274601788 -0.0068892383138143155 0.9995066821813564 0.030641975626157676 0.16720375922893663 0.9964454173223485 0.009434472640428982 -0.08371093729786908 4.102744856034946
-0.08295898328054986 0.0321345035418398 -0.9960347286993435 -21.102396109799585 -0.004587488885515776 0.9994570693559152 0.0326270050757409 0.1802807130673262 0.996542403532726 0.00727600141606877 -0.08276652562848469 4.041563921548358
-0.08191341743410038 0.033831467581499595 -0.9960650700860595 -21.898328525777067 -0.0038114603190178616 0.9994057416162392 0.03425837700086331 0.1954436772420945 0.9966321612382891 0.006602683225679297 -0.08173579240282633 3.9770414975972725
-0.08130980808248454 0.029189189353072856 -0.9962613644694337 -22.67634958499647 -0.003544325240144457 0.9995562802394391 0.02957499606914063 0.20790647294080591 0.9966825737757139 0.00593581155429188 -0.08117027333334716 3.911371151666553
-0.08094811373865402 0.02234121776376661 -0.9964678985652191 -23.51391023359882 -0.0020623846781448246 0.9997428627595352 0.022582181710602015 0.21651735712791564 0.9967161829987476 0.0038830851398408924 -0.08088122277885902 3.8372476371874247
-0.08102853175061298 0.01775249332841794 -0.9965536744315192 -24.325455984199248 0.0010465687602974377 0.9998423346996785 0.017725981951027134 0.2289430963894035 0.9967112328734786 0.00039334834770999357 -0.08103433556775451 3.7715498758084904
-0.08156244562927367 0.018536438814618087 -0.9964958443962733 -25.140666609073108 0.002055351136654955 0.9998280369541341 0.0184301940345113 0.2382823802973974 0.9966661140997404 -0.0005449371675749647 -0.08158651879328187 3.7042488752106584
-0.08151857021999168 0.02597962417809793 -0.9963331680902985 -26.02525100878691 0.0016943432839000906 0.99966238205967 0.02592780545331169 0.24585642522011444 0.996670382779645 0.0004254672176154349 -0.08153506648995947 3.6271722703892646
-0.08190760720103946 0.033077640446093536 -0.9960908661287469 -26.870400174947623 0.0002411600788966295 0.9994497166600791 0.03316934895209333 0.25895721608919875 0.9966398977185371 0.0024766046532185104 -0.08187051181576334 3.555575731097853
-0.08237447939835806 0.038350045788787035 -0.9958633034366943 -27.727719794513458 -0.0016354687315198084 0.999252791399265 0.03861585325752581 0.27393318648658715 0.9966001055518091 0.004809664102250871 -0.08225020817813034 3.479708210198535
-0.08254358946791152 0.03870573958193655 -0.9958355394145995 -28.565362917769868 -0.0033476324903770043 0.9992291032142623 0.039115120431006456 0.2878306654146287 0.99658183266326 0.006562393849661395 -0.08235038428871863 3.396753360686554
-0.0827084172878801 0.03525681502697186 -0.9959499358421015 -29.413237789348994 -0.0033876913428018806 0.9993582808249134 0.035658801074083334 0.3029696103913946 0.9965680314243978 0.006323253974737229 -0.08253590250352352 3.3150931553865757
-0.08314488784109006 0.0325215043849328 -0.996006666332325 -30.23422756762923 -0.003491047391073158 0.9994517144024547 0.03292541823741649 0.3210522898969346 0.9965313543556998 0.006214686680461971 -0.08298576658354025 3.2428906507500654
-0.08310774757840377 0.033804815069152214 -0.995967035985922 -31.074517761843016 -0.005160474936169226 0.9993964785772563 0.034351828274695545 0.3352740315760887 0.9965272057454713 0.00799456599956623 -0.08288314137145775 3.1624533832478807
-0.08298241126489779 0.036217059041790976 -0.9958926870175444 -31.91697546533596 -0.005976209519911178 0.9993033416983891 0.03683905794409124 0.3464153687344642 0.9965330924462252 0.009008657213892206 -0.08270816014617338 3.082878169702474
-0.0827176292592124 0.03467311317899476 -0.9959696627067564 -32.750236881617184 -0.0068935543166184455 0.9993507455619177 0.035363346189583214 0.3573230858486385 0.9965491822878682 0.009790943127048354 -0.08242490348228226 3.00379759685543
-0.08233254218250667 0.029444599106525225 -0.9961698490123155 -33.583181819869225 -0.007732516672128264 0.9995144932227883 0.030182545013787036 0.3724818101669328 0.9965749147373119 0.010187905626282303 -0.08206488832179638 2.926791211922992
-0.08212011248606443 0.02532442995157537 -0.9963006375451646 -34.43191241776003 -0.008926071923911675 0.999618322545731 0.02614449217080838 0.38344527319165017 0.9965824664147392 0.01104003978652506 -0.08186272140740636 2.8469072434286997
-0.08121145952143574 0.02604724202668882 -0.9963564824023573 -35.295461388945185 -0.008473942134705944 0.9996042853377688 0.02682284546925389 0.39341908855833624 0.9966608706812441 0.010621389606492837 -0.08095860013445877 2.759279201550563
-0.08060803127187027 0.02855714761746127 -0.9963367074510631 -36.13619129135159 -0.0074261136738060065 0.9995445444771752 0.029249896437787092 0.4004362478063837 0.9967182140054313 0.009756686213673373 -0.08035924927443622 2.688419111918369
-0.08012149460693754 0.03341069757840019 -0.9962250104214774 -36.95692326439478 -0.006932761391439464 0.9993952468148671 0.034074586766995395 0.4150781392568816 0.9967609958868975 0.009636697109321916 -0.07984141248364345 2.6151661532705663
-0.07946793406027108 0.03888558292713713 -0.9960786911166241 -37.80498035813818 -0.006109548676436616 0.9992010939431863 0.03949490192051997 0.4346250940225705 0.9968187001010577 0.009224169510475121 -0.07916687328472254 2.5410095030888256
-0.07973951180257555 0.04226230602783097 -0.9959194283408145 -38.61406622137631 -0.006271978506249111 0.9990597810017522 0.04289774201924516 0.4462823570222697 0.9967960034746848 0.009667030254557006 -0.07939947092363629 2.475737468876504
-0.0793253157978847 0.04212609429360742 -0.9959582754579279 -39.469072698680534 -0.005842024072498806 0.9990698751563996 0.042723006796270446 0.46783732614271 0.9968316633355413 0.009207428226379008 -0.07900543169399064 2.3991772220873018
-0.07919822287104593 0.03791256022767498 -0.9961376808810362 -40.28876411772542 -0.00563143551696088 0.9992435599785654 0.03847849757180045 0.48506706999437565 0.99684298082902 0.008657113742331031 -0.07892481202743436 2.33102545222041
-0.0790409214032466 0.033676237637516655 -0.9963023857054168 -41.116372464042364 -0.006798657793622496 0.9993877741509724 0.0343198940815949 0.4980409441485435 0.9968481885402262 0.00948619503005198 -0.078763577292558 2.267601039875509
-0.0788057361032077 0.030798590946914107 -0.9964141221163588 -41.92919153061086 -0.01058801205413201 0.9994404088721096 0.03172953063462518 0.5142032240566355 0.9968337624488711 0.013050513753746357 -0.07843554126026085 2.190737176504921
-0.07923516932887381 0.02893621920147776 -0.9964358901403274 -42.76859730645242 -0.013657505054682148 0.99945328472541 0.030109868934813096 0.5288363319583707 0.9967623891866634 0.01599458876977841 -0.07879665369150897 2.1066293244821948
-0.07982985128456188 0.027183787775994162 -0.9964377735343198 -43.5967016751829 -0.011397569786024343 0.9995378430075573 0.028181479712289244 0.5357113479225847 0.9967433422134591 0.013606692395699144 -0.07948312824235923 2.0363656933563625
-0.08097415637339347 0.023541635178525054 -0.996438145301923 -44.424602320181634 -0.00785037477797113 0.999674954827492 0.024256057109490713 0.542027603644157 0.9966852851404309 0.009786526645072473 -0.08076302545572822 1.9678926953355649
-0.0817970485611201 0.022073119645401713 -0.996404546474878 -45.242991834682385 -0.0035902325183170382 0.9997417050782769 0.022441777060780328 0.5504447170176421 0.9966425402706596 0.005412995132191587 -0.08169667316693272 1.9053723731346799
-0.0834906111586467 0.02557234886517835 -0.9961803917071803 -46.077271872093625 -0.0032191357991040812 0.9996585406899335 0.025931432478387022 0.5571169343303456 0.9965033642758371 0.005371871107149845 -0.08337978164846388 1.8264154965798884
-0.08521501945114512 0.03183908009234291 -0.9958537409875068 -46.88872974911842 -0.0009331835932734926 0.9994863097381964 0.03203507162946645 0.5624992232524726 0.9963621478299551 0.0036591836244134 -0.08514153361832609 1.757732548728547
-0.08687044165336731 0.03546297184418398 -0.9955882200965043 -47.700409671614445 0.0008830237673946268 0.9993685549983158 0.035520579240859385 0.5755264101236024 0.9962192261926961 0.0022065603455536046 -0.0868469023941916 1.6804978496541811
-0.08856441808179127 0.03469147585359555 -0.9954661447547731 -48.500404799746924 0.0009676297453169349 0.9993958343963989 0.03474233561238156 0.5850441283067424 0.9960699812475571 0.0021136920841922178 -0.08854447901062772 1.612084542823433
-0.0896947202136957 0.030901077369697483 -0.9954898194271887 -49.289700034152034 -0.002287622809951693 0.9995095451021992 0.031231971303068897 0.5928329985488437 0.995966678131184 0.005078648145747322 -0.08958003898941652 1.5338409447937837
-0.09096735202457747 0.02723753866692619 -0.9954813194394972 -50.10124746598848 -0.007021043796450939 0.9995835075032076 0.02799136423247118 0.6029585326560164 0.9958291248048754 0.009535618226116913 -0.09073822885311762 1.4480370791973958
-0.09226766986079099 0.02576260132286735 -0.9954009069071301 -50.89081627789188 -0.011258603924097048 0.9995743436685565 0.026914221468517546 0.6114538225236755 0.995670588566389 0.013690137057571827 -0.0919383446185781 1.3618838013825783
-0.0931674396833736 0.026888470361686873 -0.9952873144697724 -51.6911846980262 -0.01304323328238132 0.9995165319745969 0.028223684646369974 0.6162760980799291 0.9955650165852482 0.015611293062557341 -0.0927716836137436 1.2753968463714846
-0.09426821715866729 0.028400498371570757 -0.9951416557083573 -52.48223460542536 -0.012721414736928914 0.9994770302354247 0.02972930606100572 0.6245338766436727 0.9954655538193257 0.015462138403995506 -0.09385762321281212 1.1970569722331796
-0.09495731962987876 0.027824112260044224 -0.9950924209467418 -53.26670656482833 -0.014752366298088855 0.999460209637842 0.02935399528667353 0.6343088801029599 0.9953720285085951 0.017467344607108973 -0.09449559108794633 1.1081905052066152
-0.09540995296611125 0.02765060275258994 -0.9950539608696711 -54.05915047078319 -0.015533190224184666 0.9994510718271282 0.029262177380809305 0.6421071064742032 0.9953168645594542 0.018248265425106016 -0.09492807768258592 1.0223926535127608
-0.0959246380073453 0.029454796570894143 -0.9949527017814088 -54.84906436644931 -0.013762546824090997 0.9994272905094853 0.030914127673050282 0.6501052673622443 0.9952934522682612 0.01665850965237269 -0.0954643280397828 0.9417543709987091
-0.09615804555661069 0.0323281541036024 -0.9948409524778243 -55.63183698598748 -0.012751696089114606 0.9993503974874997 0.03370722902330535 0.6605913032411461 0.9952843937898267 0.01592713074701262 -0.09568334225236826 0.8624375579368704
-0.0963465294922315 0.036497962063419764 -0.9946784631326939 -56.38471190038871 -0.01295128948980322 0.9991969128798961 0.037918246159851496 0.6719180247644745 0.9952635883801602 0.016535660147237896 -0.09579645916285782 0.7846081155829053
-0.09699761632707689 0.03860824197350948 -0.994535502673775 -57.12310750702862 -0.012718368013959475 0.999117669826524 0.040026553130153644 0.6835149612319347 0.9952033488397866 0.016531348769367238 -0.0964209985736446 0.7096983073393197
-0.0976843066064329 0.03867950464055287 -0.9944655208520706 -57.883421019289855 -0.012407824099298062 0.9991194595858285 0.04007931359249217 0.6955415525295063 0.9951401017665505 0.016254273213093678 -0.09711836313680708 0.6316244519161236
-0.09786163607836253 0.03668896500441385 -0.9945235140663942 -58.645256678667245 -0.01164699895850262 0.999209560746467 0.03800790875746088 0.7086718277448403 0.9951318744766073 0.015302730467459887 -0.09735696606259572 0.5517800115397405
-0.09805492922654231 0.03310970934697993 -0.9946300709315673 -59.4041094813383 -0.011154377090846813 0.9993470528276919 0.034366377119566055 0.7223047735905205 0.9951184907969968 0.014464271553298115 -0.09762158635434785 0.47048103276627695
-0.0977225428817195 0.03018021723288025 -0.9947559796756715 -60.13645807190302 -0.011413848389470746 0.999440355181734 0.03144360824005826 0.7335596065150473 0.9951482445734767 0.014426743291132622 -0.09732338054311 0.38884351984907833
-0.09636969646897509 0.027926504795655064 -0.9949537637158695 -60.857047727735306 -0.012044898022713376 0.999500408690045 0.029220771038052824 0.7403476303482753 0.9952727274642361 0.014800113456799022 -0.09598517910368112 0.3122809710013287
-0.09387087813846003 0.027251736252242982 -0.9952113348976442 -61.58500696495472 -0.01428594330934069 0.9994855117065906 0.02871626215892066 0.7453518024588277 0.9954818783188754 0.016913153456873074 -0.09343326591138451 0.2320289296961604
-0.08987354520383099 0.028188555292901898 -0.9955541930116071 -62.27454225083493 -0.014708399774866904 0.9994528098705803 0.02962674160057664 0.7494559420298895 0.9958445706276441 0.017305669368841325 -0.08940975874667499 0.16717285647655034
-0.08387139991228026 0.029813002623607938 -0.9960305081428568 -62.956571209431665 -0.013962223716295605 0.9994190614313194 0.03109012635290521 0.754004802662849 0.9963787656236205 0.016514373203613972 -0.08340641996897609 0.10813453818720706
-0.07691303294319128 0.03141050356974178 -0.9965429070687188 -63.60265932471315 -0.013174566825513444 0.9993843522867077 0.0325168755178086 0.7582639418710012 0.9969507591413124 0.015629992641579105 -0.07645186183203427 0.06327702843258443
-0.06811786645698799 0.032909806242812076 -0.9971343444703963 -64.23599400942041 -0.014230740918502198 0.9993220705734378 0.03395416436507392 0.7616612154083539 0.9975757827264342 0.016502845750977425 -0.06760335642452203 0.019787513974387584
-0.05648410905065479 0.03454788261845737 -0.9978055868912207 -64.86476695520592 -0.016377599126583594 0.9992346002514266 0.03552446913359043 0.7683644387153856 0.9982691619355984 0.018348227896878195 -0.05587506475559112 -0.013643094843248833
-0.04190718449922396 0.03601539503243076 -0.9984721724755299 -65.46330540910496 -0.019484565563750115 0.9991305810092261 0.03685693689064575 0.777679591848594 0.9989314989488216 0.020999366962531973 -0.04116900527135618 -0.03379673682761648
-0.023373444849519157 0.03731026794375499 -0.9990303428734435 -66.07469461422366 -0.021091742583957997 0.9990625232131045 0.037804934940295055 0.7847436183347034 0.9995042873698132 0.021954922387316566 -0.022564594220334248 -0.05076933947312801
-0.001375562120330163 0.03824094964648451 -0.999267600595049 -66.63118942394334 -0.022079230348394048 0.9990237864876295 0.03826201274299214 0.7898760995924198 0.999755277763551 0.02211569130860191 -0.0005298885420146202 -0.04191276580454635
0.02404060773171263 0.03858597901574005 -0.9989660511765579 -67.13139026239617 -0.021603766214298166 0.9990415553268471 0.038068990208243815 0.796432712624068 0.9994775267434718 0.02066622736530013 0.024851168609099153 -0.01689325221420921
0.05311131030294871 0.038200595170568216 -0.9978576568060781 -67.63158259208598 -0.0201780223579354 0.9991050564699203 0.03717436684011117 0.8019187688374096 0.9983847134905592 0.018160414776509242 0.05383459114285764 0.028473149843641056
0.08718127009689904 0.03833314501670992 -0.9954546680474294 -68.04253066434951 -0.019076267514908256 0.9991403970377288 0.03680438866483549 0.8054875423791872 0.9960098002339086 0.015780906197696648 0.08783758214789612 0.0800918325391648
0.12463313970116545 0.03864537140374261 -0.9914500066858112 -68.45266522133818 -0.018481568774547204 0.9991582560121567 0.036622548496524465 0.8104431710296096 0.9920307515918348 0.01375916828210903 0.12524245759455252 0.15150307353764814
0.1652558225919409 0.038558461319365654 -0.9854967063162324 -68.83114714911643 -0.018355044887627205 0.9991826353506291 0.036016017838564694 0.8117110274296925 0.986079918377123 0.012136979626645152 0.1658284906127667 0.23549684615083968
0.2103339800156347 0.03949455730705401 -0.9768315089071916 -69.20058804781563 -0.0174793231982269 0.9991758620286681 0.03663427356728882 0.8160019637322129 0.9774733193859124 0.00936892109001101 0.21085097392778362 0.3365476076473057
0.2583594927870598 0.038428281170848254 -0.9652842274133903 -69.58147295935399 -0.01404746154471876 0.9992523079819504 0.036020741481793093 0.8129427799425628 0.965946707283048 0.004253492565263261 0.25870613925849295 0.46847070043993877
0.307809971450721 0.03337804828027609 -0.9508622020926608 -69.90701877658422 -0.006484796498903343 0.9994348467132914 0.03298385346727559 0.8170544569098228 0.9514257558474406 -0.00398661111502688 0.30785246148430234 0.612808034570306
0.35842459811595717 0.028294848823139304 -0.9331297921487067 -70.24088673559923 -0.0013870275951328127 0.9995556260277865 0.0297762763060354 0.8166921628339812 0.9335576487929732 -0.009378273096829658 0.35830456928967136 0.7850991794919855
0.4145772674145199 0.023694571378675578 -0.9097055878856022 -70.60210228968442 0.003471151818289761 0.9996125173909859 0.027618221889063727 0.8199272478414261 0.9100074947208749 -0.014607613167113398 0.4143343784787796 0.9079295651885279
0.47022634015746706 0.024228999129951335 -0.8822132081437419 -70.97024903234065 0.0021210020164191498 0.9995891692294724 0.02858310881592284 0.8228777511570446 0.8825433079303019 -0.015311706642218526 0.46998176695180727 1.0419451344686086
0.5177207983377673 0.02267939170299923 -0.8552489813852369 -71.311064781883 0.0036480290795116947 0.9995809800354502 0.02871508724011425 0.8312590639385095 0.8555418556986788 -0.01798637104460669 0.5174211279067628 1.2904101944946917
0.5620540201157915 0.01823650443617236 -0.8268994548175885 -71.61889200220634 0.011202510774591432 0.999497342487742 0.029657479870850257 0.8363564368098956 0.8270246563579717 -0.02593245584001237 0.5615672048028483 1.5541502508300065
0.6068478784130431 0.011974908807419452 -0.7947277861158754 -71.92245852372814 0.021159235795288868 0.9992887258343474 0.031214246121431068 0.8389274270529017 0.7945363045236803 -0.03575813165454669 0.6061628632755632 1.8212442216917415
0.6497923261418319 0.007331566129425382 -0.760076431041823 -72.0994926037208 0.022271942358548687 0.9993404962933902 0.028679837022924797 0.8398918798669333 0.7597854259399579 -0.03556431647274981 0.649200497475982 1.988660680368854
0.6902212127040713 0.0031675583608393107 -0.7235914897974892 -72.25004999213782 0.018672813547879537 0.9995794346988907 0.022187378422334716 0.8398493490619535 0.723357452140728 -0.0288256882152089 0.689871782385244 2.1579427929660864
0.7300335626639428 -0.0038528634730414938 -0.6834004337335815 -72.40833076458776 0.01526040837243427 0.9998266746308303 0.010664925361487894 0.8444635725611802 0.6832408925997447 -0.018214723157865213 0.7299658255971893 2.3598774231323625
0.7687260998769934 -0.0066477740841214454 -0.639543579803309 -72.56328785767373 0.010596674577624322 0.9999411082928545 0.002343167505217885 0.8470532920539608 0.6394903391418834 -0.008578289211029246 0.7687512725832788 2.5756913546733973
0.8051225650592011 -0.007932201963032097 -0.5930554235520559 -72.8176553269626 0.009313657324748207 0.9999563601347257 -0.0007304884336589487 0.8473929462507428 0.5930353370750583 -0.004935382268093709 0.8051613074298464 2.9844003787325373
0.8388186900797181 -0.009452735902361866 -0.5443288077595234 -73.0662710120051 0.009509755504492012 0.9999511081236737 -0.002710334386275317 0.8500489396317544 0.5443278145779331 -0.0029029547362712503 0.8388675718673418 3.421280992233402
0.8689191151496913 -0.008196365390675649 -0.49488624038445256 -73.31478930923484 0.006700638882340194 0.9999660464324107 -0.004796605143850287 0.8447003315346913 0.49490875195943346 0.0008518079126615969 0.8689445331304153 3.9226568800754853
0.894584154177695 -0.00638357961742406 -0.4468539369922172 -73.54098896175645 0.00556192437167077 0.9999795692782691 -0.0031505592098620147 0.8332747622087897 0.4468649192893308 0.0003330725432070772 0.8946013821648279 4.432799044718701
0.9155696635975918 -3.983797451808258e-05 -0.4021594080868016 -73.7594172863039 -0.0009077406297531435 0.9999972429736532 -0.0021656527988344154 0.8276692292746147 0.4021583855979381 0.002347862438855835 0.915567103185358 4.960911379561119
0.9325811333227474 0.003938912297380516 -0.360938934918875 -73.91988972411632 -0.005732510795673043 0.9999759687119526 -0.0038987585938478012 0.8238115855903912 0.3609149042231919 0.005704995049003515 0.932581302054172 5.427335785230004
0.9458509741388806 0.0087971802104311 -0.32448196304397847 -74.09911896710601 -0.010185166325378402 0.9999448031285776 -0.002579357105609582 0.8197095183324985 0.32444136158549963 0.0057445901941810115 0.9458883668679131 5.995132125245046
0.9555924665826968 0.00956537412866962 -0.2945361462166809 -74.25386651471187 -0.010191368808005467 0.9999478923062728 -0.0005904862959805095 0.8090835510352458 0.29451515039504256 0.0035659907494420525 0.9556401571186511 6.5609388175027155
0.9628611390870044 0.008809593699378618 -0.2698533266330542 -74.41410196856837 -0.008929933212139144 0.9999598217836234 0.0007817360772890005 0.8025891405603776 0.26984937118492713 0.0016570688940627924 0.9629011221271786 7.177781028391512
0.9686084122761337 0.00886440423004797 -0.24843342368842306 -74.57439241992896 -0.008472974106680376 0.9999606060495452 0.002644817350512447 0.8007529521312767 0.24844708164454782 -0.00045682236849432355 0.9686453628318421 7.7911094108166346
0.9731951647905386 0.012049044591668409 -0.22966495543017065 -74.72875272229135 -0.01110621772107289 0.999923756743488 0.005397464953631325 0.7918391649360299 0.22971247932196956 -0.002702077797092458 0.9732547845345186 8.417202366748512
0.9766201460090705 0.016781382463223606 -0.21431629805463367 -74.86535480772038 -0.015676664123046476 0.9998536263290035 0.006853329024509055 0.7900634479349983 0.21439993612683897 -0.003333334571867058 0.976740270629526 9.031023396164047
0.9794166999159318 0.020674275003380243 -0.20078720646213494 -75.00407400561181 -0.019450595752573435 0.9997782862895553 0.008065518507422806 0.785537106445617 0.20090943793324706 -0.00399407273446749 0.9796016767708897 9.672134253635084
0.9820778515272823 0.019111839699562552 -0.187504216280204 -75.13130530793426 -0.01799402848011282 0.9998087364584968 0.007661947554288796 0.7859187362381623 0.18761478747319482 -0.004150672784743498 0.982233914827228 10.329952763688967
0.9845848827372018 0.019196738093851053 -0.17385078064801626 -75.24470036954324 -0.01819836328984292 0.999807489567829 0.007335078571473746 0.7820949757319307 0.17395812214133424 -0.004058207810707315 0.9847446890897285 10.99955916169554
0.9870542390842326 0.019627653513894953 -0.15918129388650837 -75.35965752561147 -0.01862736580853641 0.9997962743291516 0.007773743022903502 0.784057301732798 0.1593014449051838 -0.0047079778132083135 0.9872187622791775 11.696871227745065
0.9892324462493601 0.02109914349757118 -0.1448240084764053 -75.46886254357663 -0.020107939924873315 0.9997633231591917 0.008304722612498747 0.780415376284256 0.14496495452171396 -0.005303188603261675 0.9894225781490716 12.411812660385106
0.9909839594008333 0.02124166253460955 -0.1322859931474667 -75.56193309578791 -0.020685796576942504 0.9997704822503244 0.005575001429095541 0.7719284958175217 0.1323740534629921 -0.002788295845643165 0.9911959117026533 13.134858238036713
0.9923903653368277 0.021692477026373815 -0.12120560724280068 -75.65729461643036 -0.02182706954396395 0.9997617375287474 0.0002172754612775954 0.7667236229127135 0.12118144173824093 0.00242994114401092 0.9926273991605703 13.868764599247324
0.993574075848513 0.019927466081898167 -0.11141567168637638 -75.74034550629882 -0.02071786915057791 0.999767711294104 -0.0059408207860464765 0.7580359962414549 0.11127140557947068 0.008210940829599793 0.993756134447009 14.604292619234004
0.9944086077138315 0.01971968281982225 -0.1037432167137841 -75.81293604040371 -0.020483659917163825 0.9997703146498955 -0.006303778331310206 0.7517294234886344 0.10359507990747178 0.008393572203652517 0.9945841379011767 15.355824183140653
0.9950439735087407 0.02165546376440381 -0.09704911989855182 -75.89106351061577 -0.02177258314317702 0.9997629382844522 -0.00014783813947515882 0.7405996498861922 0.09702291176422333 0.0022601154817027992 0.995279582062649 16.11161421183906
0.9954279217170062 0.02606780467380463 -0.09188972861886391 -75.97449700112345 -0.025445083982624215 0.9996446724543094 0.007942073711382818 0.7287560936779278 0.09206411009333235 -0.005567620066797598 0.9957375162358374 16.888046201845334
0.9958027840933423 0.02687237989846554 -0.08749108749203546 -76.0505871745321 -0.02596264513885915 0.9995965383772759 0.011519614644788359 0.7219397680371152 0.08776534765692016 -0.009199764277594148 0.9960986939494985 17.654129700714215
0.9961315943348609 0.025695902471623986 -0.08403313253743994 -76.11762203358192 -0.02489982026237299 0.9996347239102659 0.010507982858360748 0.7159120213597998 0.08427244934607996 -0.008374923821675932 0.9964075546342438 18.413339335747562
0.9963902564944921 0.0255722302121301 -0.08094762383675111 -76.18095256543553 -0.024857728643844182 0.9996427435849103 0.009822348227684529 0.70610048226912 0.08116988412895071 -0.007774718002262952 0.9966699572428568 19.162757424303933
0.9966577536972491 0.02410985420057722 -0.0780515017509485 -76.24226397608902 -0.023237960414598226 0.9996572187812697 0.01205993923160342 0.7002808045117532 0.07831551053859581 -0.010205874236306752 0.9968763819752937 19.920994783478033
