1.0 0.0 0.0 0.0 0.0 1.0 0.0 0.0 0.0 0.0 1.0 0.0
0.9972523662037084 -0.005096306471285344 0.07390362481946011 -0.6041263114348238 0.0048090815840876825 0.9999801785002415 0.004063907103114878 -0.22521690578687192 -0.07392287085484692 -0.003697332413496786 0.9972571077197705 0.767466291983265
0.9926916120312932 -0.008525561611334392 0.12037723290524617 -0.5471311369285969 0.008637361071991695 0.9999626144752967 -0.00040699562806996176 -0.2405395275451753 -0.12036926267292904 0.00144376277156831 0.9927281380884874 1.7655192043042964
0.9862021574813143 -0.007868000390115553 0.16535839606461514 -0.36164734018959477 0.008670261685137579 0.9999538821924452 -0.004130381407156531 -0.2586166432123988 -0.16531827225540505 0.005507091620673315 0.9862248936223266 2.749509358638566
0.9779915456508734 -0.006503754354712429 0.20854313178503273 -0.03973555686261221 0.008059704931528267 0.9999456587148156 -0.006612168616295678 -0.22651634753063704 -0.20848879536280282 0.008147441112839387 0.9779908186744292 3.6890694352101927
