0.9990467583145752 -0.0007422843761397385 0.043646577357723024 0.031093135036110157 0.0008481277392490955 0.9999967446128744 -0.0024065417078610427 -0.027984566361954785 -0.043644648932906746 0.002441265564967762 0.9990441355825901 0.9991246572911971
0.9960438652815892 -0.004911903001916807 0.08872706263486398 0.13128140337665217 0.005575454724067954 0.9999583033197866 -0.0072322836250741165 -0.04607276260644729 -0.08868783873525829 0.007698365457251791 0.9960297196518565 1.9939287226497155
0.9909983932652318 -0.004457453038861528 0.13379953534349376 0.2886101624040288 0.006002184872967867 0.9999198895119894 -0.011143982011902035 -0.07097633420543797 -0.1337391428209378 0.01184675781542041 0.990945758357532 2.981160951315415
0.983804447007567 -0.0021082781079015817 0.17923271244824265 0.49940505092766063 0.004566826340744309 0.999901047969357 -0.013305576535994047 -0.10973351215343292 -0.1791869251516644 0.01390861003844218 0.9837167256997771 3.957922639811272
0.9743684564633972 -0.0046073395687677935 0.22491083449054688 0.7309398946227514 0.0077813794697643174 0.9998822273612108 -0.01322805884216441 -0.14139438130134885 -0.22482339998915507 0.014639119826079048 0.9742895539766576 4.930233909845336
0.962855541868611 -0.005503635183116669 0.26996095179242824 0.99934254052923 0.009749586596714708 0.9998489305626722 -0.01438963564076952 -0.17213657180109343 -0.26984097363835585 0.01648714809941684 0.9627637419914877 5.89305005917324
0.949497489164794 -0.008085351813188448 0.31367044036027397 1.3219160628953592 0.014127596028903741 0.999755765514075 -0.016994715408347176 -0.20215268716175683 -0.3134564229684813 0.020567848876914197 0.9493798157178089 6.839118426285189
0.9344306850735817 -0.010201348070621914 0.3559989147321352 1.6660716252792735 0.017995851207192905 0.9996652286152394 -0.018589783134022125 -0.23504696435824265 -0.35569009563416976 0.02377736728873528 0.9343014463611686 7.777454674944839
0.9172300858539929 -0.010042347780609124 0.3982312404311461 2.067358319072357 0.019286718186773074 0.9996293479891949 -0.019214295206474587 -0.26926889396254283 -0.39789067858629235 0.025304503349223254 0.9170837966098785 8.692767653549453
0.8977786981193429 -0.010574652937097587 0.44031986773071813 2.5074583607877634 0.020585887497754293 0.9996266490944906 -0.017966180897735436 -0.29195605952987636 -0.4399654877817887 0.025194029756676155 0.897661200245144 9.590429753578269
