0.9999902406963999 -0.0027235758627375513 -0.003478598349374379 0.0007722702818002303 0.0027156776859364167 0.9999937287758937 -0.002273214374115796 -0.003987236701257904 0.0034847678061047022 0.0022637454372108723 0.9999913658876926 0.9999917526375877
0.999971247046561 -0.0011628368263837837 -0.007493523247480867 -0.01572714042499024 0.0011338419531796312 0.9999918593812702 -0.0038724118601407825 -0.007640882859721758 0.007497965228683063 0.0038638040458277467 0.9999644251350771 1.9998489524994667
0.9999382641774753 -0.0013329935637959348 -0.011031362649126067 -0.04737337108012683 0.0012734383171487122 0.9999845875315166 -0.005403985036481605 -0.007482083038283952 0.011038396105869392 0.005389603657132707 0.9999245501455744 2.9993480723912294
0.9998770592292462 0.00015034225600160482 -0.015679407650817018 -0.07519501497634401 -0.0002440139487697769 0.9999821350271725 -0.005972443695004849 -0.01808556554306064 0.015678229627966434 0.005975535432348947 0.9998592331383602 3.9989047351620166
0.999809003575478 -0.000754627139579798 -0.01952912971153845 -0.11415368574451468 0.0006346780841320567 0.9999809023613334 -0.006147527660957096 -0.031047296245074442 0.019533395842490017 0.006133958794524115 0.9997903885296999 4.998061487283931
0.9997166880283888 0.0011948224100859718 -0.02377217021976419 -0.15161158260537638 -0.0013677618527098447 0.9999727108722692 -0.007259940652559883 -0.047221705562268804 0.023762847158187057 0.007290398492042545 0.9996910408645086 5.997228787713016
0.9995878384422004 0.003948213934061211 -0.028435274663348116 -0.1949685735817025 -0.004169023436878575 0.9999615849644478 -0.007710242471628525 -0.06548939783086202 0.02840374063449952 0.007825611932585977 0.9995658994362749 6.996121405842388
0.9994606252469235 0.00400838597422495 -0.03259434648693302 -0.2391454398468824 -0.004205677222613522 0.9999732359486716 -0.005986623876667699 -0.07882166734079447 0.03256947743099044 0.006120476143498528 0.9994507336090409 7.99505616590854
0.9993074146631442 0.0032875174187001074 -0.03706593083255965 -0.28018438450292144 -0.0034174955164647286 0.9999882302064026 -0.0034438601976369697 -0.08956147832692753 0.037054172823816976 0.0035681476829957618 0.999306888097173 8.994155991384458
0.9991756174533913 0.0026327187713915947 -0.040511162393895864 -0.32760523862290436 -0.0026659901113321623 0.999996151876535 -0.0007672866788665986 -0.0965958255614562 0.04050898645189879 0.0008746564994609827 0.9991787913044637 9.993006220564444
0.999065842878097 0.0038343233794611783 -0.043043461274617195 -0.3889067446382064 -0.003898781538640736 0.9999914004891509 -0.0014136655404122962 -0.10556847524077945 0.043037670671072684 0.0015801620068563909 0.999072200589748 10.991085183725666
0.9989882119016554 0.003490812992897478 -0.04483711304468924 -0.4514911805876275 -0.003569646839822445 0.9999922204667999 -0.0016782810605517678 -0.11229077059391505 0.04483090566754784 0.0018366356546357474 0.9989929012092635 11.989102217101934
0.9989129146817498 0.0004871109992497266 -0.046612783706681406 -0.4938136089570789 -0.0005911068040556073 0.9999973670842853 -0.0022172995384754143 -0.12179906773301286 0.046611580908156876 0.002242442278305958 0.9989105725628659 12.98816097618854
0.9988299374591442 0.00024897142643514117 -0.04836004599451197 -0.5517509881731728 -0.00031298479791781703 0.9999990849403407 -0.0013161151154759243 -0.13079314456740493 0.04835967406712714 0.0013297111377027306 0.9988291013944344 13.986440679700717
0.9987536372534813 -0.0008565578464222836 -0.04990429221617472 -0.5962029987925085 0.000770274138017252 0.9999981752530106 -0.0017481900357587893 -0.13796775251125593 0.049905698579359954 0.0017075711711541978 0.9987524745651463 14.98542643710755
0.9986606004660588 0.0015433316627405035 -0.05171675941269129 -0.6542061146817512 -0.0017605862231337922 0.9999898157725068 -0.004155561023310808 -0.14599764638100304 0.05170981930854455 0.00424104688094002 0.998653147047779 15.983710544526243
0.9985833813431156 0.0019750000142741116 -0.05317264221658736 -0.7069995145366168 -0.002342855773356761 0.9999737480248989 -0.006856696570575636 -0.15782638635312551 0.053157704353883097 0.006971559078090925 0.998561793697239 16.982245940794417
0.9984611547833696 0.005210854079105995 -0.05521022901987356 -0.769302752147172 -0.005694154917144017 0.9999468056960583 -0.008600138256369006 -0.16484867832592498 0.05516247808465637 0.008901279571800987 0.9984377137476056 17.980278502263754
0.9984009956954925 0.0058811718882764786 -0.056221558244772735 -0.8365932138352711 -0.0063553274313345905 0.9999457010003787 -0.00825862362027567 -0.1757158191562038 0.05616993508533153 0.00860272445690292 0.9983841602932356 18.977952747085475
0.9983157868508072 0.004882299122484814 -0.05780789634411964 -0.8904466185615382 -0.005285201156949931 0.9999627843977164 -0.006818831886500978 -0.19253615406782065 0.05777245341150465 0.00711287388081438 0.9983044378605016 19.97635992198001
0.9982207085894307 0.0061554972384212075 -0.05930874132000375 -0.9486432610350268 -0.006487130519806506 0.9999643740299267 -0.005400722966018091 -0.2106316932292644 0.05927338425325762 0.0057758570519420935 0.9982250775223402 20.974501045282924
0.9981605637256744 0.005352432855966858 -0.06038907587773408 -1.0123845438456782 -0.005683211763252816 0.9999697677955133 -0.005307032979067617 -0.2241999507616741 0.060358844645158546 0.005640474936497188 0.9981608061407709 21.972375261312056
0.9980554956012995 0.005340206871844113 -0.06210241453124468 -1.0784311118673044 -0.005732652479478327 0.9999647003098839 -0.0061428681992299 -0.23879719281416828 0.06206741814828591 0.006486934925639995 0.9980508781017516 22.970085024289933
0.9980130207910948 0.00374639586326048 -0.06289654083866554 -1.1471675818205123 -0.0041864707314863804 0.9999676619621092 -0.006866476013727629 -0.2525791577999714 0.06286878235061169 0.0071161469959827115 0.9979964311848437 23.967624675081023
0.9979720981743948 0.0035566894115374014 -0.06355345172235914 -1.211338240025047 -0.0038950859326399613 0.9999788861708816 -0.005201491903311351 -0.2657318411371683 0.0635336097744629 0.005438489944159227 0.9979648807729432 24.965476935334653
0.99795852387108 0.005542386737640242 -0.06362441812940987 -1.273022154420403 -0.005679218158283258 0.9999819327058456 -0.001969960149867716 -0.27825758069198847 0.06361235032732385 0.0023272754739975866 0.9979719698842765 25.963494069596567
0.9980034456972531 0.005665569601709169 -0.06290487816933608 -1.3454782143319814 -0.005566311642347185 0.9999829713633315 0.0017530425160163145 -0.28344261179507413 0.06291373896941033 -0.0013993943157236694 0.9980179873852172 26.960852197149567
0.9981191428882046 0.004113960682121975 -0.061165774152072576 -1.4178288698942072 -0.0038430216799419823 0.9999822798004534 0.0045465667767381245 -0.28806455079535587 0.061183394679307335 -0.004302953938145003 0.9981172660579135 27.95822074491636
0.9982255921228326 0.004361270399734522 -0.05938557528155492 -1.4847950528483158 -0.004055632372165704 0.9999779090959326 0.005266228839379633 -0.29269470924737434 0.05940723084846379 -0.005016038339892527 0.998221228126457 28.955965247138227
0.998322819753497 0.004543997126881073 -0.05771394675066381 -1.5541603204711323 -0.004415260995470736 0.999987472782668 0.0023579118039429793 -0.3003923623579726 0.05772393809997231 -0.002099135022859537 0.9983303764798448 29.95352687708377
0.9983598716892853 0.005029365863259339 -0.05702869522940465 -1.6140345793504198 -0.005172533412841571 0.9999838301666223 -0.0023631130707026664 -0.30799964889519726 0.05701588812469621 0.002654220093618833 0.9983697429394829 30.9517038163579
0.998445985186222 0.004367616774997517 -0.05555662507048467 -1.6776031917753904 -0.0046749082379987615 0.9999744794311135 -0.005402380904713601 -0.31836007301580577 0.05553161170434308 0.005653707648975421 0.9984409224843204 31.949627507285836
0.9984840150926662 0.0014932647088398894 -0.0550221933853835 -1.7303244121422108 -0.0017414135130292031 0.9999885275769123 -0.004462308095043876 -0.328524241041918 0.05501489874030345 0.0045513596943977256 0.9984751604529424 32.948185048122916
0.9984742920245622 -0.0005480313716684348 -0.05521582950265039 -1.7864710250641653 0.0005793179911449582 0.9999996806042448 0.0005506197173864883 -0.34045482973649427 0.05521551011006983 -0.0005817671559191252 0.9984742906005462 33.94653629826808
0.9984160128688431 -0.004381378558908343 -0.056091610504659724 -1.8418535457577854 0.004612935943283791 0.9999813626782549 0.003999389718854273 -0.35349174153308643 0.05607304226690461 -0.004251801743220766 0.9984176160870126 34.94491639379651
0.9982899943594263 -0.011925779019781837 -0.05722641834527772 -1.8883878306476503 0.012143811059047086 0.9999202620268268 0.0034637322592480915 -0.3682050375735675 0.057180547521159406 -0.004152756069518385 0.9983552171457866 35.943724723279175
0.9981870248032978 -0.014145258080833579 -0.058502779320031464 -1.951527022700727 0.01415002109019359 0.9998998280340001 -0.00033286742654177384 -0.3771555682296273 0.05850162747726562 -0.0004955516150597062 0.998287190146759 36.94168931696084
0.9981053263071569 -0.014118719140840546 -0.05988672112502885 -2.012219834462147 0.013895799560569915 0.9998948896260962 -0.004137203667802316 -0.3958267347590238 0.05993883842599365 0.003297191143757822 0.9981966059743479 37.9396711654676
0.9979920115585267 -0.012489645936063318 -0.06209632525164439 -2.0749495600820005 0.012214452101709301 0.9999138348526893 -0.0048093689860225705 -0.4135480942857074 0.06215104202844286 0.004041239238209472 0.9980585736118907 38.93754437120251
0.9979405248864588 -0.012611291285490293 -0.06289407063827683 -2.1389728529371843 0.01241765600926692 0.9999168815024511 -0.0034687037417865155 -0.42772448796538837 0.06293258781089132 0.002680563098545406 0.9980141802464048 39.93539207882115
0.9978930727989124 -0.009496727593670222 -0.06418120772435428 -2.2087482805057954 0.009468558762780185 0.9999548961162245 -0.0007430532596023219 -0.4407058022706143 0.06418536947701443 0.00013378416367354484 0.9979379842690131 40.932870336719056
0.9978058391002992 -0.009626384986793374 -0.06550450495526583 -2.274062580749163 0.009700039811783837 0.9999526282951379 0.0008064696499039067 -0.45944745112523505 0.06549363850785965 -0.0014400964316485854 0.9978519476541968 41.930559061959585
0.9977599128032288 -0.007577658702487892 -0.06646604765955867 -2.3355655997508933 0.007822622632754322 0.9999635336669681 0.0034260635453134606 -0.4760649715753721 0.06643766234628987 -0.00393832767296169 0.9977828053224337 42.9285276167394
0.9977715980157573 -0.008201568161887994 -0.06621610433096009 -2.411680840396894 0.00864895254956359 0.999941648904599 0.006472588797985167 -0.48079640266766344 0.0661591551705285 -0.0070308652126400036 0.997784311923919 43.92561541801539
0.9977579456711156 -0.00239042886858916 -0.06688323930537338 -2.484374049239465 0.0029732709335947172 0.9999584600619565 0.008616136632885182 -0.4813322622190204 0.06685986471801339 -0.00879568077782052 0.9977236062605458 44.92296962288732
0.9977481774052214 -0.002571213411212424 -0.06702211087509155 -2.5556503303060367 0.003122772106382693 0.9999621071852429 0.008126037658098982 -0.4931675527690113 0.06699867744165289 -0.008317034041246105 0.9977183992318828 45.920356016079445
0.9977549702953711 -0.0020945604301719064 -0.06693752361334879 -2.61849842554141 0.0025220655877506845 0.999976956919823 0.006302762453211841 -0.49962843687230757 0.06692277964978992 -0.006457433389117664 0.9977372615663783 46.91835820724086
0.997770579960598 -0.00022156776613830751 -0.06673695132995663 -2.7013431271912443 0.0005001284560727619 0.9999912331943616 0.004157331589841947 -0.5072346826414362 0.0667354451294018 -0.004181440199916788 0.9977619435121987 47.91489164883073
0.9976881775555936 -0.00013187929298283377 -0.06795795004008416 -2.762995930804112 0.0004217737001087518 0.9999908735533507 0.0042514605669899275 -0.5215216358481316 0.06795676914586488 -0.004270294821069885 0.997679127830888 48.91288704682489
0.9975938868828351 -0.0023907947504726527 -0.06928723514803169 -2.8279958339089437 0.0027808854984535964 0.9999808197836927 0.005534143165722011 -0.5329545718530113 0.06927267520344513 -0.005713507258709829 0.9975814013427514 49.910706820244776
0.9975421612014198 -0.001539265911328979 -0.07005188995348594 -2.8990343685560727 0.001996413671965667 0.9999771649979253 0.006456300423819009 -0.5445162709342283 0.07004035235527774 -0.0065802844289922485 0.9975224553356116 50.90811338397865
0.9975216314377475 0.0012179232932463672 -0.07034992165331093 -2.973695786235179 -0.0010258092648391002 0.9999956459858687 0.002766898020784581 -0.5554661947324433 0.07035298521830735 -0.0026878750263022466 0.9975185375714684 51.905262205156774
0.9974551753188244 0.0012025418927597978 -0.07128623375301722 -3.0488280906934344 -0.0013083766354372718 0.9999981101954397 -0.0014379694464940803 -0.5629749228110598 0.07128436981746752 0.0015275793090266353 0.9974548637012035 52.90240750830473
0.9974296412456739 0.00243260271675587 -0.07161140417942659 -3.1296950875557297 -0.0026333469186401275 0.9999928634659948 -0.0027089667931197653 -0.5779876430488872 0.07160430328222477 0.0028905814471432804 0.9974289289419925 53.899019341874734
0.9974295064744332 0.0009230687342736642 -0.07164863961221422 -3.20504649792182 -0.0008596639780016574 0.9999992111698062 0.0009157715927654415 -0.5919403868582431 0.07164942841372872 -0.0008518238532679045 0.9974295132008653 54.89607876117868
0.9974010581864343 -0.0009771475924695875 -0.07204286440143923 -3.2700772676620358 0.0012766594609553586 0.9999907328841137 0.004111482277002501 -0.6056251018452178 0.07203817924685735 -0.004192770978229501 0.9973930626399644 55.893868181446706
0.9973911718883469 -0.002784607798530422 -0.07213249058918639 -3.343564167454192 0.003136984163532342 0.9999836921059946 0.00477230053762678 -0.6169200714382097 0.07211802527488125 -0.0049861289064814015 0.9973836418094023 56.89110040065134
0.9973829715987397 -0.006181794022605165 -0.0720346679559945 -3.4228158018724018 0.006457194498190346 0.9999727046028937 0.0035909174853373726 -0.6268259849400925 0.07201050342888046 -0.004046661813896088 0.9973956646808174 57.88790582356361
0.9973298169420675 -0.008689287216644154 -0.07251022359619108 -3.4932748597784298 0.008878129938782047 0.9999579837131392 0.0022824585743279717 -0.6395673503712698 0.07248734404772349 -0.0029201191790895 0.9973650574673716 58.88533911884919
0.9972398223367112 -0.00996928760594867 -0.07357547179920494 -3.567627154448208 0.01025084206834717 0.9999415067790628 0.003450109752973854 -0.6511790099879055 0.07353677299647775 -0.004194797378615584 0.9972836841602412 59.88250355133962
0.9971018165807658 -0.012740268116107178 -0.0750043528048023 -3.6361210246551967 0.013340059223139331 0.99988288068591 0.007501181984829236 -0.6614136729217416 0.07490000127677342 -0.008480004691985453 0.9971549926311205 60.880102589552315
0.9970316971296463 -0.013671112431205302 -0.075768698046562 -3.7083087822964576 0.014662304912906316 0.9998138527550519 0.012540998913199975 -0.669852236194274 0.0755831445060251 -0.01361471718374148 0.9970465524450677 61.87745795144564
0.9970364090584033 -0.011262837266678323 -0.07610221750139523 -3.7917357992321024 0.012421384627095215 0.9998137990752078 0.01476740947986454 -0.6789009529878908 0.07592172426829542 -0.01566893983345888 0.9969906599906697 62.873930757495486
0.9969421309863812 -0.010422771300275042 -0.07744516319794378 -3.8767107754353534 0.011295160003599395 0.9998775024450713 0.01083510335436464 -0.6842750591839456 0.07732274455053341 -0.01167672653738366 0.9969377348824502 63.87029934995972
0.996860712560647 -0.008938851543862328 -0.07866903257417542 -3.9688191562669384 0.009202340902251025 0.999953194969244 0.0029874391576060304 -0.6853021179749131 0.07863864619255992 -0.0037019999835806016 0.9968963128235199 64.86604780773233
