0.9999902406963999 -0.0027235758627375513 -0.003478598349374379 0.0007722702818002303 0.0027156776859364167 0.9999937287758937 -0.002273214374115796 -0.003987236701257904 0.0034847678061047022 0.0022637454372108723 0.9999913658876926 0.9999917526375877
0.999971247046561 -0.0011628368263837837 -0.007493523247480867 -0.01572714042499024 0.0011338419531796312 0.9999918593812702 -0.0038724118601407825 -0.007640882859721758 0.007497965228683063 0.0038638040458277467 0.9999644251350771 1.9998489524994667
0.9999382641774753 -0.0013329935637959348 -0.011031362649126067 -0.04737337108012683 0.0012734383171487122 0.9999845875315166 -0.005403985036481605 -0.007482083038283952 0.011038396105869392 0.005389603657132707 0.9999245501455744 2.9993480723912294
0.9998770592292462 0.00015034225600160482 -0.015679407650817018 -0.07519501497634401 -0.0002440139487697769 0.9999821350271725 -0.005972443695004849 -0.01808556554306064 0.015678229627966434 0.005975535432348947 0.9998592331383602 3.9989047351620166
