0.9988229592769928 -0.001317369514807708 0.048486704968600906 0.04088080050480468 0.0012677315395589462 0.9999986404613415 0.0010544819639732002 -0.045129746215024205 -0.04848802819144433 -0.0009917726706219414 0.9988232714094498 0.8828932874934419
0.9940271702164906 -0.0032828578508041703 0.10908348965690152 0.10695343989035078 0.004667447068051363 0.9999117264844783 -0.01244002317910595 -0.053632645010538965 -0.10903302164602642 0.01287486245212616 0.9939547465089019 1.9449314021911164
0.9842638121439341 -0.0003324780080940972 0.17670494492872776 0.1997695575605776 0.006136603911491919 0.999459348968596 -0.03230095744252355 -0.0552381518784851 -0.17659866986000783 0.032877031764506785 0.9837337091845696 2.9743889783340656
0.9783901827710394 -0.015151793044410935 0.20621123496257768 0.6119829093661434 0.016107974315273024 0.9998658805508027 -0.0029587284137473566 -0.14583057545727401 -0.20613874798472648 0.006216436109794082 0.9785030263118156 3.7598569703475144
0.97159477276011 0.014326366711732761 0.23621674953751903 0.9859743750713259 -0.009010742889356306 0.9996816413612996 -0.02356740201549823 -0.12621835005604604 -0.2364791831384149 0.020769476209552103 0.9714145483778633 5.096290037033226
0.958062847769891 -0.0018687881771477927 0.2865520674394016 1.17993970583894 0.007243575953244452 0.9998171416967742 -0.017697846668521106 -0.2016037808050251 -0.28646659548794867 0.019031311043694748 0.9579011947322654 5.882495502321274
0.9527597469264419 0.0057274561471773195 0.3036709747123429 2.2310000601249462 0.0057498412841140555 0.999302880699926 -0.03688755820106773 -0.0633031944382119 -0.30367055168697166 0.03689104052357185 0.9520626277547177 6.478730218782072
0.8858559417264067 -0.023262249193021462 0.46337686419425717 1.861077956153865 0.027107655110958702 0.9996311751621121 -0.0016397190004300427 -0.34416854902919414 -0.46316781574544513 0.014013615040268098 0.8861598010805367 7.904689279178961
0.9069462050494878 0.002252017153619737 0.42124044151181905 2.6879495054651135 0.05117094885172757 0.9919913117912545 -0.11547628035350112 0.08359156396649317 -0.41812691271902874 0.12628604732671897 0.8995675178165602 8.932340135395897
0.867825926694918 -0.01550803078220238 0.49662627995039205 3.0684180304697115 0.04908788485109847 0.9972990044173162 -0.05463584308012216 0.2955214935617704 -0.494437600225703 0.07179273479599929 0.8662431891296806 9.957055110557405
