1.0 0.0 0.0 0.0 0.0 1.0 0.0 0.0 0.0 0.0 1.0 0.0
0.9999698317206552 -0.006495855671283522 0.004259050089204353 -0.6196732151471572 0.006484305219269553 0.9999752768393088 0.0027202014578248555 -0.13056090193750516 -0.0042766148280914355 -0.002692502413304868 0.9999872304166522 0.5825126859612122
0.9999750737757923 -0.004442472800593058 0.005487828579194708 -0.6730584262962466 0.0044247565242388955 0.9999849740943494 0.003236219279430893 -0.15747354014423898 -0.0055021229357258596 -0.0032118563073938815 0.9999797051051892 1.439757841032523
0.9999718590450659 -0.004197720925953804 0.006217737288002502 -0.7183440896395947 0.004175118488764111 0.9999846458544432 0.0036436850808395592 -0.18671626738748162 -0.006232936993070571 -0.0036176227541524935 0.9999740313138384 2.2985051565470167
0.9999744965655968 -0.0008471782911285142 0.007091439016455186 -0.7730933079150999 0.0008225474642879946 0.9999936220858641 0.0034755148198100153 -0.19610614858334594 -0.007094338168571877 -0.003469593137064674 0.9999688156584752 3.156138534984648
0.9999692570086116 0.00029213346134875225 0.007835795791485835 -0.811982596957187 -0.00031856109278493184 0.9999942652516145 0.003371643918528625 -0.19861589554590467 -0.007834765885160222 -0.0033740364437789103 0.9999636154988845 4.0156909328561055
0.9999548506780969 0.003703370142249745 0.008751094499236455 -0.8494548068332104 -0.0037333492857384585 0.9999872104036447 0.0034119103515527064 -0.20976927301297163 -0.008738347009346179 -0.00344442719851214 0.9999558876334588 4.874199243683061
0.9999132161022906 0.009506534611335916 0.009120639432487471 -0.8625990316492299 -0.00953237932014137 0.9999506613879973 0.002794375458540676 -0.20671237254340466 -0.009093624605783628 -0.0028810743464594813 0.9999545016660204 5.734631731143579
0.9998523546697129 0.013908464960790994 0.010090761312467965 -0.9051683992448409 -0.013930768155797376 0.9999006649522334 0.0021433447390569885 -0.18221137296949247 -0.010059948311008926 -0.0022836003405745852 0.9999467898890742 6.592673010144457
0.9997198490351142 0.01960497315549833 0.013261541116349833 -1.004789459222971 -0.019609771648937464 0.9998076830494762 0.0002318859939371557 -0.12066812236859967 -0.013254444578516805 -0.000491876823856827 0.9999120350091327 7.4449730914889
0.9996404750253718 0.02123278630403579 0.01637343814890649 -1.1337587734981887 -0.021214089901850995 0.999774091413704 -0.0013147347787071536 -0.006666107869838343 -0.016397654731244236 0.0009669145098258648 0.9998650818963755 8.288180858551016
0.9995994609079725 0.021644463233479187 0.018232799122055277 -1.190420019741444 -0.02162926835037044 0.9997655292407869 -0.0010301905243467085 0.009030223999694557 -0.018250821984730246 0.0006354157877800843 0.9998332379670413 9.145300563354338
0.9995739029346412 0.021577589210242484 0.019657574008057926 -1.2323732916805654 -0.021557261599280546 0.999766839511185 -0.0012454260942252274 0.02866116859931802 -0.019679863931146194 0.0008211319565223813 0.9998059955301136 10.004485287959069
0.9996329432948787 0.018431147932636928 0.01985627018105125 -1.2279591020187035 -0.018409873077391437 0.9998297378855452 -0.0012537196640200743 0.02381056465063913 -0.01987599690309864 0.0008877080639874509 0.9998020587703853 10.864817398609242
0.9995930947107233 0.019871119341310334 0.020464203448029485 -1.243112403664519 -0.0198386378529051 0.9998015941998566 -0.0017890454343795319 0.04288391763200414 -0.020495693566703648 0.001382335541175847 0.9997889855832935 11.724064712301743
0.9996058691849106 0.01901818863549177 0.020649813367302493 -1.2415457750392445 -0.01898188547417826 0.9998179210299454 -0.001952642108239206 0.03897902008456882 -0.02068318918650484 0.0015599001194121595 0.9997848630563939 12.579925411958943
0.9995872357597978 0.019671054299705972 0.02093818828897503 -1.2392761795816498 -0.019649704200073947 0.9998061755371824 -0.0012249418607584318 -0.007924705290220989 -0.020958225853734514 0.0008130070421981212 0.9997800216990799 13.44231498267304
0.9996115063303983 0.01839795537599066 0.02093684909090206 -1.2217364319750152 -0.01840228865216739 0.9998306634463975 1.4307305012758184e-05 -0.0746071623040263 -0.020933040491874496 -0.00039958768715302965 0.9997808000484133 14.310305048315522
0.999539704081444 0.02159482741767907 0.021308294009143715 -1.2308692171009121 -0.02159994751068996 0.9997666938665462 1.0133660540481927e-05 -0.09632366519958338 -0.021303103818807425 -0.00047038702819779887 0.9997729524765753 15.19160502495858
0.9994898993183601 0.0237336446734094 0.021369493936242375 -1.2219676103247366 -0.0237426673044156 0.9997180889297734 0.00016857008459510018 -0.10674605697749906 -0.021359468856846222 -0.000675852881872024 0.9997716320805642 16.083421959546815
0.9994722343388612 0.024137278187922485 0.02174039069022487 -1.222675848395225 -0.02413644958941787 0.999708628286813 -0.0003005496899962372 -0.08522417628824153 -0.021741310606820823 -0.0002243447737585432 0.9997636045998671 16.98488612597587
0.9994024076238273 0.026582677223815576 0.022094997336776823 -1.2252886100214608 -0.02657142171758126 0.9996465950072524 -0.0008028937118588603 -0.06476198504277063 -0.022108531918790635 0.0002153184166133641 0.9997555533501049 17.890816380692403
0.9993995692956222 0.026645211528724747 0.022147993008726878 -1.2122054181499249 -0.0266431487932686 0.9996449329005105 -0.0003882637165659831 -0.08581817897348604 -0.02215047435394659 -0.00020206168209470102 0.9997546277247088 18.803525227479376
0.9993839802762218 0.026921024066251912 0.022514849110776978 -1.1712204070499497 -0.02693079830590893 0.9996372916958086 0.0001309720396203647 -0.11346710600057328 -0.02250315688660629 -0.0007372342185510629 0.9997465000768161 19.717288893614878
0.9994049756361754 0.025720508905571378 0.02298151638370095 -1.1759637364961635 -0.025733321130418752 0.9996688089543492 0.0002618919461801514 -0.13276910518900223 -0.02296716911712519 -0.0008531268552573265 0.9997358557725704 20.63558112713154
0.9993698448110809 0.02669420658046131 0.023395140891131577 -1.1734321400920225 -0.026690410396760633 0.9996436348947344 -0.00047456010716440307 -0.10335346770451577 -0.02339947168482068 -0.00015016485102398115 0.9997261835999837 21.563808033666767
0.9992047571879139 0.03240210259884013 0.023236973990096846 -1.1514254391804957 -0.03239164311750402 0.9994749113404107 -0.0008264727620525304 -0.08088454525270973 -0.02325155197380263 7.31317469111224e-05 0.999729643444945 22.499426709900998
0.9990280619850733 0.03756685306201451 0.023057816838677168 -1.1270961302773452 -0.037562485107375566 0.9992940868402126 -0.0006226706544670246 -0.07551450807978898 -0.023064931799317158 -0.00024404344442429928 0.9997339392877936 23.436428708079237
0.9990163448506032 0.037919157287503315 0.02298869791760518 -1.096241909268449 -0.037917042529608834 0.9992807508752011 -0.0005280303991054337 -0.06454297767446059 -0.02299218578450392 -0.00034415243735790886 0.9997355855184663 24.379868800561873
0.9990801969445329 0.03628362073469125 0.022852985355419932 -1.0628047155464941 -0.03627334279309529 0.9993415320480447 -0.0008642490854935936 -0.04621018606505356 -0.022869295482995208 3.449997490127571e-05 0.9997384628660954 25.32598161028675
0.9992850469853168 0.030446633787812215 0.022414222327455612 -1.03141445158309 -0.03045058268131036 0.9995362598365095 -0.0001651859878963347 -0.07278650287792399 -0.022408857309609304 -0.0005174582425432245 0.9997487561137772 26.27451864985941
0.9994877135275412 0.023116253774726793 0.02213479882246454 -1.009428908453345 -0.02312492022052348 0.9997325740787593 0.00013561214070983784 -0.09822442155974345 -0.022125744558838364 -0.0006474081253115484 0.9997549861293197 27.227229850124345
0.9995934709311314 0.018459256183175104 0.02172898370881945 -0.9786250010085445 -0.01846639810882914 0.9998294733312079 0.00012805907207679758 -0.12287004474927385 -0.021722914462393283 -0.0005292630760088497 0.9997638895598581 28.186453994520345
0.9996546927620175 0.014546450884341765 0.021883692685343865 -0.9620744723468999 -0.01454132928127257 0.9998941919880013 -0.00039315568874860314 -0.09226058058167697 -0.021887096235241894 7.480194801580539e-05 0.999760446018474 29.15569916556841
0.99958476674514 0.01870713009203449 0.021916600438587265 -0.9400786985412244 -0.01868749428952814 0.9998247679675007 -0.001100416244963317 -0.05929053782489687 -0.021933345577996817 0.0006903929700021935 0.999759196861576 30.131925299523914
0.9995832947194584 0.01883232468972846 0.021876481997199052 -0.9195688323905582 -0.018814660839829057 0.9998224754294492 -0.001012997339913559 -0.052292665953871054 -0.021891675478942427 0.0006009766294268386 0.9997601679261962 31.11251569249262
0.9995337742514291 0.02095225558412498 0.02220894226727651 -0.6876241339400575 -0.02096853922873805 0.9997800107049583 0.0005005570961697579 -0.3098252760919189 -0.022193568737510088 -0.0009660128007231424 0.9997532257142072 32.02984368404944
0.9995120307622718 0.02129122292003245 0.02285572549820386 -0.606354457014822 -0.02139085568402029 0.9997626855337944 0.004123579435490369 -0.5538229339816343 -0.022762505454918012 -0.004610470781262264 0.9997302695750441 32.97608824598624
0.9995936269000399 0.017236741568912584 0.02270409216222439 -0.5942790344470916 -0.017340880892621178 0.9998399632325511 0.004397928262135801 -0.5821716179786227 -0.022624652719813825 -0.0047898500203548255 0.9997325554497517 33.961437327754844
0.9992644057561437 0.029722088154951656 0.02423313567267813 -0.4759346295149927 -0.02987092330510389 0.9995369190765839 0.005803046078665286 -0.8813849679932515 -0.024049435122716213 -0.006522643528493823 0.9996894916881337 34.9223479275838
0.999169770461379 0.032883872585417584 0.024050378789976356 -0.400407918157028 -0.033007244974924486 0.9994438212565845 0.004750782167354441 -0.8505796513187213 -0.02388077836504989 -0.005540674672128121 0.9996994595121365 35.97965467349088
0.9987993817732501 0.042322712820866415 0.02466947402876097 -0.3855570709831167 -0.042409260231750304 0.9990958321130773 0.0029954800739054625 -0.8277129785877128 -0.024520391839628345 -0.004038097789797093 0.9996911743885069 37.023932631450634
0.9987319510117839 0.04375874949827887 0.024893008467088654 -0.3798284243036632 -0.04383804928247078 0.9990351396509212 0.0026486180871774646 -0.8084457833334092 -0.02475308997485606 -0.003736520441661146 0.99968661236994 38.07028092075912
0.9984847557474734 0.04917110306121286 0.024706176629584364 -0.3552785397811332 -0.04924837989450182 0.9987833610179311 0.002528800405663798 -0.7991888182956486 -0.024551774226630792 -0.0037417078277778683 0.9996915574340204 39.10501103126797
0.9983305177961395 0.05223266882049666 0.024656146186715622 -0.32660627942457315 -0.05231318680327349 0.9986272605071694 0.0026315505755090795 -0.7842748117667884 -0.02448484681140915 -0.0039169988299692865 0.9996925274287035 40.14238531885374
0.9976754660971464 0.06336426143400109 0.025072589031959292 -0.3091490283736341 -0.06341960039364705 0.9979859444668372 0.0014173681755106306 -0.7687311280276493 -0.024932280957667446 -0.003004167032374928 0.9996846284437362 41.16789636428604
0.9977435086224449 0.06226427297401853 0.02512073471836659 -0.295162034799044 -0.06231789095675539 0.9980554295539874 0.001356467658108433 -0.7829208695813596 -0.024987426207506224 -0.00291887800746683 0.9996835042565738 42.19256435022354
0.997917402647614 0.059582803022216385 0.024713297575515367 -0.26891645834995614 -0.05961857671103076 0.998220976272528 0.0007126292666967129 -0.7836800459175882 -0.02462687158351896 -0.00218451677416116 0.9996943258228855 43.20474344296001
0.9977747255143672 0.06192631241435105 0.024712930936853325 -0.24673227889368285 -0.061978203065068876 0.9980766055169473 0.001338605465696132 -0.8552034877311797 -0.024582503321561023 -0.002867289753044417 0.9996936926778717 44.2098716142646
0.9978185612804401 0.061288101357075624 0.024533393492907063 -0.22312589670436084 -0.06133160538820727 0.9981169197603241 0.0010240452469484243 -0.8501799321219277 -0.024424433355519116 -0.002526483763536851 0.9996984865123363 45.21323736625386
0.9978622858943837 0.06061189385261837 0.024434743977263678 -0.20064697073611934 -0.06065575914390786 0.9981581842834221 0.0010573697074205027 -0.8487928319402102 -0.02432565050130659 -0.002537217298710173 0.9997008678880243 46.21468029643308
0.9978252793186102 0.06114361314896987 0.024620530535039497 -0.1975290935918009 -0.061182005577095966 0.9981262989548252 0.0008084109765012233 -0.8363258873491272 -0.02452496985323061 -0.002312986344937533 0.9996965419305339 47.21222564874064
0.9978981952959134 0.05998312010114434 0.024519729364142134 -0.18543983153552476 -0.06002238642017574 0.9981966538878175 0.0008679260287927612 -0.8804240213830353 -0.024423450894297503 -0.002337834488595443 0.9996989694784721 48.20020454751131
0.9981197463963789 0.056064236979579185 0.024774446220365558 -0.17787434492145143 -0.05613903422274401 0.998420234087932 0.002333452449999385 -0.9572285578944754 -0.024604485163598866 -0.003719878451836158 0.9996903429633295 49.17770342586645
0.9978284636477592 0.06126842890469598 0.02417719491385477 -0.06373377576476202 -0.06138583677763596 0.9981055105982987 0.004143519810323657 -1.081059275051412 -0.023877524525413512 -0.005618659347152409 0.9996991019750294 50.14767899296352
0.9976763087122166 0.06382858779626965 0.02383053533388564 -0.03032040531269367 -0.06394565070070743 0.997944619016951 0.0041822400188662985 -1.0641183207980194 -0.02351460803051514 -0.00569638087264268 0.9997072643799916 51.13052984202647
0.9976070869596196 0.06491103618230105 0.023804567412198833 -0.00735467124357914 -0.0650281582718339 0.9978746800680863 0.004178697259621573 -1.0523925734270734 -0.02348273152159285 -0.0057166651777303505 0.9997078978679382 52.109336211986864
0.9976556727592543 0.06434019540023364 0.023313040709862433 0.03956533948887192 -0.06447328769520215 0.9979068960345907 0.005002201553332624 -1.0818794424631406 -0.022942401466534007 -0.0064935431367044785 0.9997156996428943 53.08035388172541
0.9979471714362894 0.05971635077080357 0.023138722370257568 0.05787699028615395 -0.05984560220490793 0.9981954530305339 0.004933705088383241 -1.096505066199808 -0.022802344595269322 -0.0063083278121532325 0.9997200898657457 54.0454968368789
0.9982128619820009 0.05517667059976452 0.022948141432984757 0.07616826803169707 -0.055297994979054604 0.9984588996903503 0.004685870296066873 -1.1015518728291056 -0.022654225323317106 -0.005946482208853295 0.9997256750850915 55.01116042826271
0.998175169459891 0.05582941962873985 0.023008845638935745 0.09333904679912422 -0.05595653745067608 0.998421093431508 0.00491793732811352 -1.1123893630915709 -0.02269795123462384 -0.006196458258574877 0.9997231651386308 55.97195538022196
0.9979233980655104 0.06013592196960481 0.023077315317230868 0.11659188532085973 -0.06024116829210194 0.998176263209358 0.0038921983769071725 -1.0986973830616236 -0.02280116743037358 -0.0052743202659835805 0.999726106645988 56.93591232229541
0.9973996641892123 0.06816742733152284 0.02339041953981995 0.1356765010594877 -0.06821257456463967 0.9976701620837657 0.0011368196938210625 -1.0583348472704195 -0.02325842957963176 -0.0027293843178190853 0.9997257603536764 57.898911138171165
0.9971552242220287 0.07171178438217936 0.023213762888432667 0.15190187805885258 -0.07175674508810768 0.997421546076514 0.00110858319350548 -1.0466386293456555 -0.02307440879149164 -0.002771173589009868 0.9997299096535345 58.85303930634002
0.9973561779595544 0.06882436512845996 0.023320828685423255 0.15175459411995917 -0.06887209242652756 0.9976247169187847 0.001248630252237679 -1.0989022399401926 -0.0231794989312163 -0.0028514833647422353 0.9997272527404261 59.79522618409251
0.9979659371580114 0.05945712699970673 0.02299648497648145 0.16930417247585117 -0.059472514393908556 0.9982299433556605 -1.4826385315990388e-05 -1.1222715216073058 -0.02295666142972694 -0.0013528625562566625 0.999735545761431 60.72209701989122
0.9982234847101993 0.05501826744422077 0.02286623756684553 0.1762898359163196 -0.05503533648104696 0.9984844004615481 0.00011735996468368307 -1.163903787050126 -0.022825124565818766 -0.0013756025514590213 0.9997385265188977 61.63868229733631
0.9968742156894164 0.07536495582055709 0.023704884049010163 0.26731352287843935 -0.07538658980101803 0.9971543820869408 1.905215531093817e-05 -1.390853451867744 -0.023635993141489904 -0.0018060229724663171 0.9997189995740001 62.51917205099088
0.9964421960224903 0.08088888224997604 0.023663024198676573 0.2737882690578606 -0.08090864139626155 0.9967215141037726 -0.00012276031357390596 -1.3771736306164089 -0.023595375252128663 -0.0017922195827998974 0.9997199839033326 63.42065834502199
0.9960829743938132 0.08522828743220646 0.023555193570592 0.28822719179126033 -0.08524711954941508 0.9963598177611569 -0.0002053277442931628 -1.3707967032813522 -0.02348694810533213 -0.0018034889320608716 0.999722516849736 64.30647882611271
0.996082756069345 0.08529365975468894 0.02332669429966354 0.3201120224168571 -0.08530319265324614 0.9963548663496647 -0.0005878983803218802 -1.364071433664203 -0.02329180938574215 -0.0014042460588479598 0.9997277227868324 65.17766989470158
0.9957731252397009 0.08880591933282171 0.023439107103562853 0.3219456370276041 -0.08881333475788603 0.9960480228235145 -0.0007264974551413885 -1.3648043044040925 -0.023410993561649048 -0.0013582786242299434 0.9997250024179832 66.0357525211232
0.9956237150042214 0.09042143938474462 0.02360892671818641 0.3231989691851878 -0.09042990983649364 0.995902568621108 -0.0007107888883968247 -1.3694116288369802 -0.023576461315416762 -0.0014272748408127103 0.9997210177636422 66.8818941880413
0.9955501799873591 0.0911802147104693 0.023790913653970635 0.3234371063801078 -0.09119043226317444 0.9958332556019727 -0.0006573437705029217 -1.3764481865109561 -0.023751719743911937 -0.00151508499100378 0.9997167400452379 67.71363908565453
0.9946906533965642 0.09992380579313831 0.024611726500443187 0.5604997600093121 -0.09993480209703003 0.9949936772430468 -0.0007858601582926284 -1.7102551974503086 -0.024567038391813793 -0.0016778802627576811 0.999696776699055 68.42366518128713
0.9940791475139915 0.10579308674882434 0.024788531098329104 0.5609152575608003 -0.10578881037413046 0.9943875074075428 -0.0014875185517071324 -1.6764895836001932 -0.024806774830342958 -0.001143638042022182 0.9996916104552177 69.23051505240524
0.9933957083444106 0.11206489679900478 0.024625709093064593 0.5746106899783405 -0.11205497870765997 0.9937004023078562 -0.0017866728945455728 -1.6559033906317429 -0.024670800346435227 -0.0009845601224276065 0.9996951446574265 70.02716099928271
0.9928406574387185 0.11673111212641676 0.025323435753947736 0.5490636113209724 -0.11670896501667231 0.9931633639107598 -0.00235585869746537 -1.6272809384203284 -0.025425310644936437 -0.0006164796794852672 0.9996765344507265 70.80562581821151
0.9927397620568511 0.1173437532003232 0.026423633667033812 0.5229208236367457 -0.11738685451194399 0.9930862600478917 8.057223032350474e-05 -1.768355307897882 -0.026231492887360142 -0.0031817744977088256 0.9996508315866832 71.54853762148437
0.9929967796062007 0.11525411789153012 0.025959275813494057 0.5412164929908454 -0.1151803624290941 0.9933351847498064 -0.004323754013782035 -1.7800323229955612 -0.026284592491006533 0.0013034750148998037 0.9996536505962795 72.282212961555
0.9935679418055263 0.11019338991680888 0.026079912480178463 0.5562631734063872 -0.1101022893159917 0.9939081429101118 -0.004908089684583052 -1.790126519850774 -0.02646187642079218 0.0020050624968796812 0.9996478123922823 72.99798086903552
0.9935543083882735 0.1103311328877342 0.02601686758258981 0.5732796392537752 -0.1102277583754803 0.9938917989316224 -0.005378968300840555 -1.7970525275440088 -0.02645141899062481 0.002476516136403424 0.9996470323575265 73.69603189698202
0.9930857516304435 0.11451781432642019 0.025813951857439153 0.5978694079591192 -0.11438355796169764 0.9934145800193651 -0.006623735575385309 -1.7455995508059734 -0.026402491863867172 0.003625245763976879 0.9996448199318247 74.37364916827738
0.9929348109825487 0.11562537691519165 0.026668958589937935 0.574012745269933 -0.11545189518824397 0.9932811720733852 -0.007960722452524799 -1.6879425497578588 -0.027410235980280417 0.004825496631777006 0.9996126217419241 75.03053081393696
0.9933230753462291 0.1118974331084373 0.028075477706603447 0.5123838766495237 -0.11177903243761872 0.9937164121324068 -0.005756749604402811 -1.76732945953131 -0.028543228479289934 0.002580062487775426 0.9995892293264965 75.65643633017767
0.9941489216381313 0.10418872313149917 0.02850669356431804 0.5094547595903247 -0.10419086163656519 0.9945563150621228 -0.001414397922421002 -1.9493585721764644 -0.0284988764194701 -0.001564014795533863 0.9995926009632864 76.24304300865434
0.994716727856028 0.09876329301328474 0.028007914534468464 0.5624947226936803 -0.09887183297277997 0.9950970007375661 0.0025139148164648848 -2.080316045723944 -0.027622309244534623 -0.005269826968110687 0.9996045402836694 76.8228347111636
0.9946564082295419 0.09996269215240053 0.02580871452731976 0.6775304988095813 -0.10008473081248365 0.9949728399338317 0.003477707894568972 -2.080696773705804 -0.02533132894462804 -0.006042182689366629 0.999660850389895 77.39581588811342
0.9941903545776037 0.1044738947649296 0.02589872926431868 0.6950497992056922 -0.1046313458947883 0.994499507074393 0.004797070463925201 -2.0767881200616554 -0.025255104852389947 -0.007479020085354045 0.999653061785667 77.96812922877695
0.9942322728222898 0.10420372896973622 0.025372633829129163 0.711995364396358 -0.10434402045360394 0.9945321147689127 0.004265921805863727 -2.0736289236293617 -0.024789374219676696 -0.006888799755954618 0.9996689608884134 78.52488395157611
0.9945904662362272 0.10053850142677825 0.026111572202061506 0.730096830268371 -0.10070325563767343 0.9949035886902433 0.0050698634350489595 -2.0723759867793112 -0.025468780417977076 -0.007671958168185213 0.9996461785461331 79.06866103305599
0.995144226555929 0.09463679458524045 0.027052642440882353 0.7535379212017781 -0.09481757539971468 0.9954795984982173 0.00547689411516863 -2.0702127106247206 -0.026412037932023007 -0.008015365522568174 0.9996190065058876 79.60011979786438
0.9948551484925819 0.09623061327219898 0.031668637278240104 0.7692933646294016 -0.09640464159669852 0.9953341412955563 0.004011514682891763 -2.0690935936323487 -0.031134845373252385 -0.007043879662193139 0.999490372721463 80.1125189424474
0.9940627312132873 0.10082738039896862 0.040903860143793845 0.7927892192796682 -0.10097932782107698 0.994887138303868 0.001660539173017206 -2.0740622557547157 -0.04052729654917543 -0.0057811244082239125 0.9991617070499612 80.61396766628943
0.9929501123065786 0.10568046281208736 0.05368160066705677 0.8265306152521442 -0.10583856406033347 0.9943833203380119 0.00010291355073976444 -2.079917146418445 -0.05336921236069523 -0.0057837715528265814 0.9985580980386791 81.10086167477515
0.9921349392194991 0.10327695035577354 0.07072576549697746 0.8661279380392627 -0.10336619012429228 0.9946404566217409 -0.002406821656228038 -2.081400005549662 -0.07059527688954116 -0.0049227610654328504 0.9974928938615966 81.57384113929847
0.9907367531099509 0.09910490226547866 0.09283805461180046 0.9120909726452101 -0.09910502502105786 0.9950662518260515 -0.0046204428824713015 -2.0855713503546367 -0.09283792356967693 -0.00462307514589938 0.9956705012821596 82.03180043968098
0.987978473098845 0.09787856033907265 0.11965919989381033 0.9697503794888337 -0.09782121073832925 0.9951836362208479 -0.006367175821342011 -2.0905915503519976 -0.11970608766041797 -0.0054145751636710815 0.9927946086441214 82.48313581563359
0.9842255095937644 0.0966923713687078 0.14815779285610411 1.0403599649298698 -0.09642011162181012 0.9952997099124221 -0.0090360125657075 -2.092978518265948 -0.14833512173364063 -0.00539191685264762 0.9889224534274268 82.92773224269362
0.9786605656075471 0.0964932155225606 0.1814181817868164 1.1267968567400604 -0.09574096322095131 0.9953224285586162 -0.012920184584760585 -2.096752751842042 -0.18181629543647096 -0.004724676316587906 0.9833211642934684 83.35681856936253
0.9710601212995655 0.09651090455587062 0.21846712824469114 1.230459955284083 -0.09495457214878306 0.9953253527690821 -0.01763721528885464 -2.098723964965447 -0.2191480550899692 -0.003617656273266389 0.9756849094422712 83.78309743339948
0.9610930288864828 0.09627584358642713 0.25890375000669574 1.343751947588304 -0.09368820655048044 0.9953508070992337 -0.02234481506434908 -2.1046819329649513 -0.2598513224502854 -0.0027807820172178607 0.9656446331193537 84.19980551972691
0.9478258259172553 0.09880042545880774 0.3030918666896769 1.4792767823558384 -0.09410285642147834 0.9951072685000488 -0.030102767176651987 -2.1053915611350096 -0.3045830857706856 1.0369747988325014e-05 0.9524857708936527 84.59009287472743
0.9307437570147398 0.10033112561363183 0.35163862701812193 1.6501010261995668 -0.09271329711244385 0.9949489044994986 -0.03848274904146781 -2.117234934024262 -0.3537234842594251 0.003216001920167993 0.9353445108702044 84.96992109993396
0.9105031214667906 0.10092948966175806 0.40099539138978774 1.8724244154762317 -0.09008189259778505 0.9948775944600285 -0.04586746850905838 -2.139936658751768 -0.40357071056412525 0.005640049471895553 0.9149310746808865 85.29798280201153
0.8856387637306258 0.10203493953538638 0.45302632516411234 2.108629655382198 -0.08720824988602767 0.9947492289206779 -0.05356017843075803 -2.1630396458160903 -0.4561125972054554 0.00792733724074736 0.889886765827409 85.62395689947967
0.8557322141991294 0.10279038692451503 0.5071060184396998 2.34361999119997 -0.08287526736048326 0.9946441160117903 -0.061763844950377525 -2.1861130193338916 -0.5107387469556083 0.010826764938537826 0.8596677925333607 85.94293597159694
0.8207046008286555 0.10184616737299462 0.5622022023881714 2.5711469692709104 -0.07560772448139721 0.9946901216138344 -0.06982144342966506 -2.2102308866724005 -0.5663280234788168 0.014795950638224066 0.8240471161695115 86.24456392716901
0.7810989331059316 0.10223625254598488 0.6159806858710184 2.811194737212489 -0.07006765974127939 0.9946252152927407 -0.07623125449742241 -2.241120300001396 -0.6204635200873269 0.016383826452452788 0.7840641494620321 86.54691121578395
0.7373151511577167 0.10135866729625308 0.6679017805315405 3.059411815680831 -0.06395120805647396 0.9947125241490086 -0.0803569367834965 -2.2714249615936293 -0.6725151380165295 0.01653526126303269 0.7398986243219892 86.82445218024222
0.6898391234429587 0.10153634386062257 0.716807055380225 3.33696931420551 -0.06081933741672575 0.994743857082039 -0.082375160052892 -2.302932111928396 -0.7214034876292474 0.013229878040500758 0.6923886035770608 87.09398128217353
0.6388472534857186 0.10337871434050742 0.7623562344042705 3.6293656571947293 -0.05874597519205033 0.994592527367712 -0.08564236628587181 -2.3371484562962896 -0.7670874116503867 0.009927030049928766 0.641465787834315 87.33982839669214
0.5861781792693536 0.10361191157777129 0.8035295351931172 3.929766151090008 -0.05136817500234496 0.9945462370619639 -0.09076944939139808 -2.371822821121204 -0.8085520717587674 0.011931224794178349 0.5883036572464226 87.56334796277301
0.5338953849415731 0.1022320577527158 0.8393475587060083 4.249386978692353 -0.041525737749633446 0.994636318462233 -0.09473229175020068 -2.4080765650354916 -0.8445302428228602 0.01572260676674987 0.5352770017421071 87.76629269722704
0.4809973780673076 0.1052503738964467 0.870381457228401 4.570152120631993 -0.03846428672381236 0.994345327534737 -0.0989841818507685 -2.4457091312882944 -0.875877857317563 0.014132530010434222 0.48232587599702753 87.94886247930307
0.42724205878177757 0.10899725388225581 0.897543214477184 4.911311188753949 -0.03792822003939472 0.9939935772646026 -0.10265582536496849 -2.4863552091235683 -0.9033413935675441 0.00981666964131532 0.4288099341953282 88.11185287082294
0.37458146714204993 0.11261350322291694 0.9203297905455265 5.2592412840112885 -0.03464441020900608 0.9936035693099726 -0.10747889046577239 -2.5324825970547256 -0.926546539206197 0.008375317686240679 0.3760869111504345 88.26045062344154
0.32617708897505615 0.11299294535440933 0.9385313531938584 5.6117931719550365 -0.024253756123302477 0.993504044298341 -0.11118214459503922 -2.57544327222832 -0.9449974930875059 0.013502157715576606 0.32679876039445716 88.38534303365586
0.2804062648096568 0.10890512635592853 0.9536833856730949 5.981293678963268 -0.007050682018352725 0.9937498063466154 -0.11140740670683175 -2.6217461973870404 -0.9598555175330158 0.024515216488225803 0.279421526769078 88.49575820290147
0.2386648992861715 0.10933968891328297 0.964926887529345 6.353623861636766 -0.0019055774418159437 0.9936919615494226 -0.11212784813183103 -2.663459107555378 -0.9711001156540636 0.02492223867168084 0.2373677471693591 88.5869618871571
0.199245720867889 0.11644883386900985 0.9730060697685211 6.728361397089297 -0.0038826516354915006 0.9930004554942343 -0.1180466873932576 -2.711042532412139 -0.97994186956784 0.01974245371760589 0.19830322183236307 88.6648580062798
0.1634287867004209 0.1265708707395092 0.9784021904911455 7.109147885290846 -0.013409620765944956 0.9919293249727387 -0.12608091183855377 -2.757468888970056 -0.9864639951607674 0.00748524811680131 0.16380707344949416 88.72688033971366
0.12909846543994227 0.13374884682151703 0.9825705227590371 7.494918092945444 -0.01758359168848858 0.9910152472637239 -0.13258807259385497 -2.8114143193779078 -0.9914758713778088 -0.0001602021698334996 0.1302903327606472 88.78379910894341
0.09592609374340254 0.13975043591360065 0.9855292995142719 7.89215367677161 -0.016986172768467717 0.9901808172621259 -0.13875669014785844 -2.8659833642446277 -0.9952435151629034 -0.003429983683288835 0.09735800294850246 88.83463684776315
0.06920265694673895 0.1443541715588877 0.9871032698887489 8.298611276499209 -0.009346525240720138 0.9895258062759965 -0.14405318871779282 -2.92265344554444 -0.9975588377321095 0.000742877773708506 0.06982702481974119 88.86284058225267
0.04344987057664667 0.1509836517249471 0.9875809058799555 8.717181827913421 -0.003620477443100911 0.9885317557131814 -0.15096973236281283 -2.9874282263158247 -0.9990490482904014 0.002984100939179452 0.04349820975198997 88.88546008218117
0.023365886709370447 0.1565249744415819 0.9873975732775264 9.141054174018905 0.0016035870102394704 0.9876600871313881 -0.15660453632101357 -3.0559307198875136 -0.9997256943016847 0.005242581776299908 0.022826552287486153 88.89881655948788
0.005443348182572749 0.15738169544412056 0.9875228462672134 9.586111109507138 0.0010791135918556084 0.9875359772726645 -0.15738973634255637 -3.1249111813860155 -0.99998460261867 0.0019223764609505468 0.005205669440449125 88.90177580287083
-0.006253531022286584 0.1548671291054701 0.9879155154528064 10.049625165429662 0.0029117683895562925 0.9879334648891672 -0.15485151131626226 -3.1923994740987998 -0.9999762071942507 0.0019082124395832947 -0.006629009781750323 88.89822863114232
-0.01370930577369103 0.15425932318250415 0.9879352793308276 10.519811901425808 0.00721835077264146 0.988017653778775 -0.15417201832241817 -3.2608772088631706 -0.9998799679698192 0.005017672045948123 -0.014658534030139798 88.88001811408112
-0.027577981181530972 0.15361699997869696 0.9877455503678553 11.002445995068728 0.010966446301710515 0.9881084071691819 -0.15336724792827944 -3.3308083404056466 -0.9995594989841591 0.006602499460633112 -0.02893466763952067 88.86688358789849
-0.038875030722478485 0.15413700346553638 0.9872844150238537 11.494679537084608 0.01614206670484842 0.9879992312377396 -0.15361299670318335 -3.405944112323219 -0.9991136900617582 0.009965100917763871 -0.04089659025977857 88.84943715416259
-0.03073461657156701 0.15321409675392283 0.9877149507322848 11.967689264318889 0.019196190326801976 0.9880900090207017 -0.15267494997676373 -3.4960989975275165 -0.9993432291365846 0.014267958135265584 -0.033309694527484994 88.66647911204424
-0.029974146030087346 0.15435024161061503 0.987561417575896 12.491114155635591 0.02343283833549404 0.9878423265623554 -0.1536829201291273 -3.5758119028791455 -0.9992759642147457 0.018534852754146396 -0.03322659440978746 88.63113062915026
-0.02882328077367131 0.1551939353704552 0.9874634478853758 13.030624196015795 0.02803114093818274 0.9876108724303159 -0.15439889829637485 -3.6576423960899214 -0.9991914099026001 0.02322944428223672 -0.03281644854631015 88.60572085290835
-0.02688038783211282 0.15550486863241944 0.9874693314638233 13.586159767802886 0.03171242087546605 0.9874617285515919 -0.15464041195017492 -3.74716651596273 -0.9991355098845264 0.02715824879325728 -0.03147479007509087 88.56509851769079
-0.026711472310297604 0.15659667417493783 0.9873013617352939 14.162721616599228 0.03387361427756309 0.9872283683480498 -0.15566864483454115 -3.837322388715171 -0.9990691044681499 0.029285326807054556 -0.03167481856322046 88.53650831557543
-0.022553407348417338 0.15680335771950496 0.9873722959577438 14.755906996264255 0.038254799062677466 0.9870355719540257 -0.15587607271824613 -3.9284000466466615 -0.9990134704625611 0.034256192218031695 -0.028259496263570206 88.47432249521304
-0.020577841531615734 0.15702486051393574 0.9873802436845087 15.367303179459826 0.04098634725684723 0.9868916380060906 -0.15609296644050616 -4.019282280060374 -0.9989477823071838 0.037257053214590996 -0.026743975196748346 88.43205109064154
-0.020577847132742452 0.15702486170960656 0.9873802433776269 15.387147064560374 0.04098634822715627 0.9868916378139052 -0.15609296740081013 -4.028437243498772 -0.9989477821519921 0.03725705326601954 -0.02674398092186753 88.41286028867907
-0.019224625567587687 0.15732163520116785 0.9873602771376909 16.03338373354387 0.04404167371820617 0.9867174637718955 -0.15636168860580135 -4.127411657391599 -0.9988447050206981 0.040479004251453364 -0.025897981908359114 88.37218169859516
-0.01789271858323539 0.1574868814283711 0.9873589685619251 16.698333200097252 0.049197564717411185 0.9864595338141517 -0.15645187046834239 -4.231279189726121 -0.9986287850085124 0.04577630746503065 -0.025398413873501904 88.33532728253121
-0.017436984750866757 0.1575309146616781 0.9873600976789848 17.37623964712314 0.05184150005492584 0.9863243953296258 -0.15645013918083778 -4.3381958640529 -0.9985030848399286 0.04845820986688925 -0.025365162361856625 88.32043030244765
-0.01841487996572967 0.1577404377986884 0.987308891117125 18.06216445127622 0.0520331006812549 0.986289402968267 -0.15660705611815337 -4.487894953872488 -0.9984755623596115 0.04848884279479323 -0.02637012504861635 88.23254540486147
-0.016731231596504016 0.15886029157597964 0.9871592949720223 18.776244963838693 0.05212276446483901 0.9860936466386545 -0.15780537849966905 -4.603098328681787 -0.9985005174329192 0.048813193086251115 -0.024778798738383113 88.21756732991025
-0.021095188062334888 0.1590127112374187 0.9870511388502327 19.50615735984725 0.04649403201116816 0.9863587215352856 -0.1579074964611306 -4.707378763508725 -0.99869579854326 0.042560898912062474 -0.028200564814166395 88.27228594542584
-0.02564339917388455 0.15941840258365475 0.9868780010702872 19.97611313188296 0.041953664055613474 0.9865045120244933 -0.1582679305090754 -4.998807071651721 -0.9987904215355281 0.03734462040230914 -0.031985515094959616 88.79283487961308
-0.02948373602759186 0.16026911669328806 0.9866329203630951 20.739596337506725 0.035863240088324116 0.9865961260912256 -0.15919143190559729 -5.097383439056079 -0.9989216872809514 0.030690295145866867 -0.034836309558233615 88.8516499135802
-0.03565028534373398 0.16097805358359998 0.9863139071407983 21.254132963673662 0.02404757742991158 0.9867936904391257 -0.16018716093771146 -5.314135916273531 -0.9990749577357363 0.018007742056334736 -0.039050608847619364 89.40796505046612
-0.04110655010642038 0.16061069515923337 0.9861614756918957 21.78719561688064 0.016094905561036793 0.9869740930377262 -0.16007215150468837 -5.603463709262231 -0.9990251275885559 0.009292161902723582 -0.04315611397987459 89.92278979051903
-0.04582331843367926 0.1590675709178777 0.9862036966925306 22.550304717061273 0.008163530909019596 0.9872673968046567 -0.158859824907542 -5.849050837500769 -0.9989162028172454 0.0007714200174818633 -0.04653842133478028 89.97774053820791
-0.04696136149861561 0.1617971151607354 0.9857060028486493 23.343879577879964 0.004366175144485533 0.9868185486688323 -0.1617717172986301 -5.982949166469604 -0.9988871643187758 -0.003293255046905022 -0.04704877714024068 89.94293797133082
-0.04864832011945518 0.16454901538690384 0.9851684944641483 24.14156256041771 -0.00046201137733864386 0.9863325340626896 -0.1647662550249937 -6.122236979038623 -0.9988158626568979 -0.008470760572377872 -0.047907397344076674 89.90405666734972
-0.04937825079632359 0.1658879222986524 0.9849076025616479 24.944243845098622 -0.0011629237812897475 0.9861002917889957 -0.16614710994157278 -6.262311273049045 -0.9987794731353739 -0.009349426137171523 -0.04849899250841518 89.86352754216935
-0.0501222838490276 0.16532246235441928 0.9849650958804735 25.74007272987809 -0.007546463000765386 0.9861138250404078 -0.16589929162101516 -6.436749563785335 -0.9987145776236254 -0.015748254038088633 -0.048178677200772756 89.77096969830208
-0.05067214560801457 0.16521807086165097 0.9849544774862623 26.550567760287578 -0.010642497019408004 0.9860761107823313 -0.16595373150846618 -6.557404194150569 -0.9986586358294174 -0.018891606738090646 -0.04820825943944968 89.72957716902152
-0.04993127496180201 0.1651586086070354 0.985002285166729 27.35467219655122 -0.010262420776021552 0.9860955501173514 -0.16586213780900846 -6.694511850776323 -0.9986999301594577 -0.018390215924417832 -0.04754208091521138 89.65464399732076
-0.05050997384802173 0.16495262549989922 0.9850072963600642 28.161940787907824 -0.0129777653807171 0.9860745346276941 -0.16579683279393478 -6.831599396994968 -0.9986392342320605 -0.021157587278962053 -0.04766588248357418 89.6231933418583
-0.053650915763736824 0.16257433969630766 0.9852366027051691 28.901509009093072 -0.02859444604196628 0.986002891798788 -0.1642578918042639 -7.1627172752215245 -0.9981502576732956 -0.03698488119134286 -0.04825123490644346 89.51556691729746
-0.054344275537284915 0.1622135926389819 0.9852580626817947 29.700368583921293 -0.03187641899660307 0.9859314223133928 -0.16408267552378525 -7.316491154253154 -0.9980133233721288 -0.040323452955385974 -0.04840894042916191 89.48403389520655
-0.054815179242008336 0.16142051167468974 0.9853622250397815 30.49324794618579 -0.03544570504759413 0.9859093510638751 -0.16348196682964158 -7.487882022326419 -0.997867174587052 -0.04388815210840421 -0.04832113394948581 89.43443615442112
-0.05468954740085138 0.16177637015515783 0.9853108440814566 31.296198764240376 -0.035304343209477285 0.9858573702417293 -0.16382566615341393 -7.605543534072626 -0.9978790792253529 -0.04374530374204489 -0.04820468488517274 89.37690606971535
-0.05545017278489017 0.16171186219135633 0.9852789208973929 32.09619522463161 -0.036811646632075014 0.9857951525793378 -0.1638683002392944 -7.735891716719937 -0.9977826321450789 -0.04535626503234235 -0.048709631613828575 89.3311520675382
-0.05543831633560792 0.16173825814047793 0.9852752554162509 32.897010493849784 -0.03826566732506993 0.9857237087218372 -0.16396496201272376 -7.866150465183792 -0.9977285862327695 -0.04679215657939907 -0.04845784040389018 89.2683906839786
-0.05400812735296699 0.16257960028652432 0.9852162177666894 33.69771142130281 -0.037694482097628254 0.9856210390096535 -0.16471276052851222 -7.981698853142784 -0.9978287669731807 -0.04603304283018232 -0.047103192764157205 89.18656510819255
-0.052104028977095374 0.16317192501367356 0.9852208346617966 34.49018595723682 -0.03486952572789773 0.9856620646933101 -0.1650890983682225 -8.115656618652022 -0.9980327080511271 -0.04295599040708098 -0.045667237143069146 89.10363264478171
-0.05178657184115079 0.16441995516566615 0.985030065185963 35.28030551896883 -0.031122824098618263 0.9856087564311296 -0.16615278831969338 -8.247443326709778 -0.9981730916013858 -0.03926140075955871 -0.045924085329264425 89.05384334153027
