1.0 0.0 0.0 0.0 0.0 1.0 0.0 0.0 0.0 0.0 1.0 0.0
0.9999984530020273 0.0007908352865543697 0.0015711693421787973 -0.00016596465430247415 -0.000789276337508498 0.999999195899127 -0.000992594560956196 -0.019039071509820215 -0.0015719530576042205 0.000991352938630395 0.9999982730899767 1.200357999203504
0.9999938550222327 0.0012646929190478448 0.0032696283572101834 -0.008899014470643956 -0.0012630158591408623 0.9999990698162248 -0.0005149345829420819 -0.04208102653246146 -0.003270276549975769 0.0005108018262118313 0.9999945221713872 2.4298593847372567
0.9999908257396178 0.0007538208582907749 0.0042166563424961044 -0.00673651481062481 -0.0007534272273206115 0.9999997116669441 -9.493914697748156e-05 -0.06654557316053707 -0.004216726693803984 9.176133228433491e-05 0.9999911053583663 3.6406776255245124
0.9999866457058331 0.0005719236863590113 0.005136274261910078 -0.006981698010609033 -0.0005715841127971892 0.999999834362226 -6.758049012518452e-05 -0.08863136054034358 -0.00513631206203211 6.46437748683512e-05 0.9999868069727638 4.838141458690567
0.9999807163580048 0.00023060553581166326 0.006205943378598819 -0.010351820319417698 -0.00023056232606513916 0.9999999733910301 -7.678073870576346e-06 -0.11127713370927618 -0.006205944984071425 6.247069068525899e-06 0.9999807429184967 6.061975599041688
0.9999761330542989 0.0004917871148583262 0.006891405314202285 -0.007074061208308627 -0.00048541504438971326 0.9999994531864963 -0.0009262823236027503 -0.13321200557223992 -0.006891857079600277 0.000922915024256317 0.9999758249747103 7.2376900158684885
0.9999707215488687 0.0003013322320617882 0.007646256856831037 -0.0025160318494602176 -0.00029173342632199324 0.9999991681191991 -0.0012564443949588332 -0.15871539349611294 -0.007646629103250757 0.001254176939501638 0.9999699776011087 8.52418968238323
0.9999694858358111 -6.871819805161125e-05 0.0078117011637902165 0.004156996328365348 6.75070409617879e-05 0.9999999856611849 0.00015530753160704477 -0.1755697114416807 -0.007811711724233395 -0.00015477544769707799 0.9999694761363961 9.55815745735606
0.9999767206414999 -0.0007372768363252694 0.006783406072003158 0.0012493885366833455 0.0007299727355991399 0.9999991512624259 0.0010791729392145876 -0.19841579124709838 -0.006784195963882047 -0.001074196115273822 0.9999764101156735 10.851004796920765
0.9999889470898786 -0.0016114643906713082 0.004416885847883786 0.0026929811946042777 0.001608370703506112 0.999998458843426 0.0007038852554025424 -0.22163756147619587 -0.004418013326795357 -0.0006967734856236172 0.9999899977824549 12.047577741035555
0.9999958332961824 -0.001376628245760849 0.0025373775727181775 -0.00561889858678867 0.0013761485351631037 0.999999034905993 0.00019079384584928523 -0.2419487219360661 -0.0025376377761076327 -0.00018730124243799412 0.9999967626511408 13.291293263316845
0.9999986507238696 -0.0011836929667598153 0.0011390440731606259 -0.00874124658816548 0.0011834781595236145 0.9999992817833724 0.0001892410769529501 -0.26625202525496966 -0.0011392672584120745 -0.00018789278783117483 0.999999333382985 14.501031087755976
0.9999998266779091 0.00047821662955250155 0.00034344287264796925 -0.01487196343235463 -0.0004782112790631186 0.9999998855343473 -1.566092928328083e-05 -0.28674671625444115 -0.0003434503226524015 1.549668831345684e-05 0.9999999409008626 15.706280672879206
0.9999999098438684 0.0003341960493415897 -0.00026196422538195583 -0.015854745869595895 -0.0003342031315217639 0.9999999437898583 -2.6991605253676713e-05 -0.30536470493327916 0.00026195519016904124 2.7079152084668965e-05 0.9999999653230984 16.883582275100004
0.9999997128956154 -0.00016598152800539385 -0.0007393637934467708 -0.022917112524813953 0.000166291688669491 0.9999998982022961 0.0004194549696323704 -0.3257787115952947 0.0007392940964044257 -0.00041957779925877334 0.9999996386992894 18.079402969038085
0.9999991939413764 -0.0007113394758040149 -0.001051718948967447 -0.03455183391173409 0.000711967137994644 0.9999995686197645 0.0005965426045951316 -0.3464389703897562 0.0010512941509729873 -0.0005972909130769463 0.9999992690118195 19.280201591210073
0.999998302767958 -0.0005857358242240962 -0.0017468184644798687 -0.043468265001379076 0.000585112718325814 0.9999997650260593 -0.00035719873038465345 -0.3677299551360032 0.0017470272781157585 0.0003561760384352959 0.9999984105158963 20.455929176928336
0.999997297373577 -0.0009462590114392297 -0.002123638252026289 -0.05712390172591339 0.0009436952855090231 0.9999988251951547 -0.0012079103933874211 -0.39052484860164494 0.0021247787532604648 0.0012059030614502684 0.9999970155520745 21.635489503130348
0.9999957069172073 -0.00031253421511244137 -0.002913497815272349 -0.06586665347440658 0.0003107263315167238 0.9999997589338656 -0.000620951976948455 -0.4108389206474747 0.0029136911816653533 0.0006200440106621325 0.9999955629647177 22.629930646396023
0.9999934577144991 -0.0003936229843677924 -0.0035957737897407034 -0.07911861570653092 0.0003914036698828922 0.9999997325114391 -0.0006178836600363753 -0.4388219189669982 0.003596016041122525 0.0006164722186076421 0.9999933442931686 23.834379339761995
0.9999898291129155 -0.0005684995870256072 -0.004474201486546536 -0.089861955111227 0.0005627317559073516 0.999999009249373 -0.001290284171492314 -0.4609254521912753 0.004474930579747165 0.0012877532728988459 0.9999891582851358 25.007864489337628
0.999985845750738 -0.00019335227273862676 -0.005317039879508143 -0.10213814188761017 0.0001901488390427679 0.9999998001272354 -0.000602983339758802 -0.48050556084663637 0.00531715540497578 0.0006019637760220486 0.9999856826465124 26.0954301542951
0.9999806992286207 -0.0016621462970830253 -0.005986521521399647 -0.11784768222157116 0.0016691368600322833 0.9999979308089261 0.0011629101463361568 -0.5016134814607062 0.005984576207349107 -0.0011728800250080623 0.9999814044271348 27.306491929713154
0.9999757058055312 -0.00197684357200143 -0.006684301625574186 -0.13470809361188593 0.001984856329152094 0.9999973193539209 0.0011923214015927281 -0.5208545809846189 0.006681926674428672 -0.0012055598134922442 0.9999769489750516 28.510033394082715
0.9999716537442768 -0.00257531199229791 -0.007075272155810702 -0.15827198145301513 0.002577655459805578 0.9999966259596816 0.0003221204475288886 -0.5428835021969999 0.007074418722905621 -0.0003403489305223745 0.9999749180666172 29.77999914940993
0.999963358117555 -0.002956066672134344 -0.008033933786916012 -0.1679597883179216 0.0029503430985273814 0.9999953855065807 -0.000724183088408176 -0.558892513732566 0.008036037447873503 0.0007004536918743042 0.9999674652041242 30.721687127647687
0.9999585826165576 -0.0023512711591423376 -0.008792302054717885 -0.1846156598563444 0.0023453755698049092 0.999997017864331 -0.0006807906291218114 -0.5810975083906639 0.008793876558251902 0.0006601411821138011 0.9999611152183355 31.9087283276317
0.9999536055715398 -0.0030005001301808927 -0.009153343839627223 -0.20717865094493518 0.0029991882637200665 0.9999954900932596 -0.00015704426007879786 -0.6031482925159412 0.009153773770222865 0.00012958437268249963 0.9999580949388095 33.12115271604335
0.9999449181857605 -0.0034741825683938816 -0.009904072392430728 -0.22369908611644224 0.00347561272796029 0.9999939519507651 0.00012719298576798843 -0.6257567401737805 0.00990357060045921 -0.0001616086998133358 0.9999509453828168 34.29490506702649
0.9999391955008243 -0.0042075841231707396 -0.0101932103387986 -0.2499436182663279 0.004207126565418422 0.9999911478039641 -6.633078237889932e-05 -0.6473731281206931 0.010193399198849179 2.344262316564117e-05 0.9999480456819821 35.49896787077526
0.9999322972815113 -0.004185803546512368 -0.010857251124920487 -0.2658241231670964 0.00418612216925118 0.9999912381302877 6.621045454639838e-06 -0.6736249601835776 0.010857128280705067 -5.207037682301603e-05 0.999941058290023 36.68452921849043
0.9999266683931481 -0.005070571946340333 -0.010997596842790525 -0.2861771405521951 0.005079441897049589 0.9999867963193138 0.0007787535229924699 -0.7004658621774731 0.010993502908266598 -0.0008345580699154159 0.9999392213562946 37.8831563354946
0.9999294664931228 -0.004690908224021378 -0.010911343584236385 -0.30186532437535385 0.0047126002817830465 0.9999869686018722 0.001963167089773894 -0.7172754307167621 0.01090199235752736 -0.0020144494215641657 0.9999385423895628 39.06414630765655
0.9999322610010729 -0.004233814960099708 -0.01084196569662135 -0.3239822690879192 0.00426329224417664 0.9999872747892118 0.0026971464339669944 -0.73635613178841 0.010830408511400635 -0.002743186200233624 0.9999375866427596 40.40486295897206
0.9999343941003825 -0.003534767950340374 -0.01089554544935724 -0.34300061647732516 0.0035602875878813197 0.9999909623383303 0.002323702638403413 -0.756851017272581 0.010887233229491228 -0.002362341465027908 0.9999379418220955 41.578214211805026
0.9999396882024778 -0.002512662621178126 -0.010691421050746684 -0.36130931960380425 0.002536912989880784 0.9999942389410037 0.00225525104689882 -0.7727183977930173 0.010685692771832156 -0.0022822382335982343 0.9999403018973835 42.740437297969585
0.9999488869489093 0.000475547200704285 -0.010099373470568353 -0.38114593469332797 -0.0004337699079793246 0.9999913426661482 0.0041384098903968465 -0.7921088461307862 0.010101254046159126 -0.004133817559339711 0.9999404363356251 43.934651758203714
0.9999646785616556 0.0005045043041297931 -0.008389702288675104 -0.4032454387115534 -0.00044446108398235346 0.9999742888483184 0.007157101134143277 -0.8081217251335217 0.00839309736809412 -0.007153119438863332 0.9999391925506582 45.129115913953356
0.9999807523408383 0.0010777046381214917 -0.006110114611420148 -0.4315108465083074 -0.0010172234577359182 0.9999505455215496 0.009893016101876895 -0.8190278955103842 0.00612047418822664 -0.009886610332562704 0.9999323950807086 46.37571871519587
0.9999895676341022 0.0014717852607365038 -0.004324172881414172 -0.4451485545187684 -0.0014139483639024235 0.9999099117727397 0.013347999425222497 -0.83036254878523 0.004343428713159158 -0.013341746016837595 0.9999015613750359 47.5605273239158
0.9999956464131846 0.0007568986127199041 -0.002852062265770677 -0.4565599162696222 -0.0007151285076466572 0.9998928919976929 0.014618246259633432 -0.8345775068290382 0.0028628213173931484 -0.014616143026797451 0.9998890801569561 48.78141907055284
0.9999984150827734 -0.0011121148029019047 -0.0013903354296452885 -0.463768377076098 0.0011303715490299736 0.9999122360397367 0.013200093869917547 -0.8379997582828758 0.0013755333885093843 -0.013201644544474669 0.9999119083645406 50.00036940058616
0.9999997990082516 -0.0003178859350263803 -0.0005485726837192049 -0.46620994789916687 0.0003242249881614007 0.9999327300996552 0.011594401821852814 -0.8465986962106954 0.0005448500840251525 -0.011594577352445616 0.9999326321879904 51.18226345355824
0.9999999971187463 6.92137752441558e-05 3.1176296308291394e-05 -0.47084140072890945 -6.955737018557565e-05 0.9999377310230632 0.011159266921263114 -0.8548801121609804 -3.0401979999732033e-05 -0.011159269057651655 0.9999377329563163 52.47050654643727
0.9999998190463341 -0.0004476949572507258 -0.0004018414178648424 -0.46913231062995053 0.00045195206737744134 0.9999431084533722 0.010657185178830658 -0.8637068452367035 0.00039704738842191294 -0.010657364863433513 0.9999431298466617 53.65733547418238
0.9999982219050416 -0.0012787941212679763 -0.001385955392898318 -0.47197278771862866 0.0012922019777348826 0.9999519562336634 0.009716760700880315 -0.8759363485430253 0.001373463069919101 -0.009718534357856882 0.9999518306844233 54.85842125377057
0.9999941841668883 -0.0011333887103575039 -0.0032166850065304072 -0.47735464089563756 0.0011657135475897963 0.9999486661739581 0.010065094577135766 -0.8835747844853087 0.0032051122172193293 -0.010068785773515916 0.999944171845969 55.96906031935213
0.9999883768118617 -0.0013563642456908217 -0.0046267177579331804 -0.4877933759529026 0.0014087129495213304 0.9999348211305443 0.011330005227341029 -0.896256778646851 0.004611048579706457 -0.011336391253778066 0.9999251094278688 57.1357308057266
0.9999838917885945 -0.0016979827077561733 -0.005415996497520363 -0.5087796923311849 0.0017618956077056647 0.9999286138762248 0.011817904866716994 -0.9090174093468418 0.005395543272418319 -0.011827256921847377 0.9999154984829961 58.338676617721546
0.9999780773076464 -0.0005839234047331516 -0.0065957514780730295 -0.5145402303480738 0.0006603533466598577 0.9999325979610745 0.011591525709468154 -0.915968532842779 0.006588538347816731 -0.011595627118578455 0.9999110623421289 59.472045806254606
0.999975775071626 -0.0003395630427180474 -0.006952263432949972 -0.5360979534569594 0.00041974970317771194 0.99993337367983 0.01153568426491261 -0.926338342258103 0.006947883137171655 -0.011538323024300048 0.9999092928969596 60.68215576067679
0.9999736082594223 -0.0009677780186851069 -0.007200429871775321 -0.5462065095168518 0.0010473282365004045 0.9999383715905228 0.01105242617971885 -0.9344599943721598 0.007189289825624811 -0.011059675700474121 0.9999129950576712 61.8891705861589
0.9999662275026647 -0.0024099145596001657 -0.007857236531056707 -0.5495772678691754 0.002489383867325806 0.9999456916761836 0.010120111965755352 -0.9501801915662518 0.007832421212539707 -0.010139329862163224 0.9999179202154016 63.129272954136994
0.9999533312602493 -0.00376385659319996 -0.00889767863414141 -0.5547148436591294 0.0038658080500195845 0.9999267570757191 0.011468915038305818 -0.9664018250990579 0.008853859590655065 -0.011502776516185101 0.9998946421012397 64.34416642152897
0.9999519022626289 -0.004050887920608892 -0.008932159224123791 -0.5678050751958078 0.004167328675024456 0.9999060790416597 0.013056280758623669 -0.9736999221495659 0.008878430777156127 -0.013092876024325347 0.9998748672030642 65.48195168523452
0.9999512279415699 -0.0036329912653619146 -0.009183850641913013 -0.5823248713479311 0.003738705165085575 0.9999266530707558 0.011520007048806562 -0.9845495118663652 0.00914132494968447 -0.011553780904180033 0.999891467272814 66.68903160524681
0.9999527394094776 -0.0020444256564320067 -0.00950469732381894 -0.598765068269614 0.0021396460565962757 0.9999475204462481 0.010018895555511484 -0.9868298195216031 0.009483715634421965 -0.010038758744739279 0.9999046366832332 67.82392359550792
0.9999531442708862 -3.2761822496975984e-05 -0.00968029903627212 -0.6212254590495164 0.00013281228547973572 0.9999465835351159 0.010335010273132442 -0.9970806116609281 0.009679443355146445 -0.010335811681329906 0.9998997346600411 69.1648826111708
0.9999538032547504 0.0015000864536205537 -0.009494266532594454 -0.648342366431888 -0.0013989878208066026 0.9999423501770044 0.010646086396692333 -1.0095727601304811 0.009509689239797073 -0.010632312218904648 0.9998982546976668 70.3587414039114
0.9999544328014682 0.002836878168241199 -0.009115066810118444 -0.6744814789681818 -0.0027352269097431848 0.9999341495494175 0.011145182754675029 -1.0197513208551967 0.009146084104499616 -0.011119743123896686 0.9998963448570106 71.6003066623841
0.9999629433832244 0.003211694180433126 -0.007987294964514304 -0.6944789853352744 -0.003114246867196908 0.9999209355171799 0.012182946314327366 -1.028811256491739 0.008025791350946962 -0.012157620447234027 0.9998938838388052 72.7720222150997
0.9999713051708276 0.004906029325647803 -0.005772322860670136 -0.7162959838649853 -0.004830607922443135 0.9999037210318747 0.013008224079799534 -1.0390427347248337 0.0058355858361914285 -0.01297996698249013 0.999898728069538 73.9671955922642
0.9999888671354227 0.0033487469977099456 -0.003324379454787313 -0.7216394246001467 -0.0033122586705598527 0.9999348731032772 0.010921469426400864 -1.0502990114571247 0.003360736186222074 -0.010910336634487431 0.9999348328800266 75.16275019195422
0.9999993671723268 0.000273581726543209 -0.0010912414879661067 -0.7205847335940943 -0.00026688225285787567 0.9999811466813946 0.006134741691881436 -1.0649630030561432 0.0010928992676665417 -0.006134446576660445 0.9999805868797589 76.32200688279877
0.999997262007066 0.0013936456604699036 0.0018798218386174479 -0.7347829252188475 -0.0014042137668784237 0.9999831524865512 0.0056323109604671465 -1.0780001248144875 -0.0018719407225653434 -0.005634935210944636 0.9999823715161672 77.54054846537258
0.999987601152584 0.0006199369514384218 0.004940973515115498 -0.7393664199083159 -0.000665992135144947 0.9999563005185471 0.009324886473133827 -1.0966452854461914 -0.004934976755442418 -0.00932806150479034 0.9999443150860874 78.86848487410738
0.9999680967804808 0.000822145036152179 0.007945407400689464 -0.729158407988587 -0.0009059629373221134 0.9999439221144709 0.010551391258258361 -1.102382212339025 -0.007936287065095355 -0.010558252879533802 0.9999127655169477 80.07552971584168
0.999924748442015 0.0007493313105929769 0.012244833839646951 -0.7249977913789611 -0.0008580652951118529 0.9999602291833427 0.008877149066327151 -1.1091761460543352 -0.012237694926861177 -0.008886987913991696 0.9998856235933649 81.08949260353363
0.9998820474467097 -0.00012575070760550663 0.01535823494206938 -0.7128174089937126 3.6946644340868796e-05 0.9999832815316235 0.005782325846142026 -1.1216790847715579 -0.015358705307471002 -0.005781076370800453 0.999865335596385 82.10685819576607
0.9998259054382909 -0.0014473199212948393 0.0186027976269178 -0.6943228158103021 0.00140210543872839 0.9999960321029949 0.0024433335024999802 -1.1365660158607014 -0.018606260098185414 -0.0024168250476965442 0.9998239675272073 83.10770155292754
0.9997559204453378 -0.0020935255367790047 0.02199356008751125 -0.6752036820987555 0.0020610197288599874 0.9999967502942807 0.0015005327570233123 -1.1580863492201954 -0.02199663001855891 -0.0014548373464080425 0.9997569863302384 84.28682997797023
0.999663721429059 -0.0022040694717693475 0.025837688293827092 -0.6587833627343411 0.002116846456779094 0.9999919703614187 0.0034026715629798037 -1.1827469822909984 -0.025844980551042795 -0.0033468328985331187 0.9996603601673238 85.39881417671887
0.9995617612865113 -0.0011656048252329102 0.029579160556028564 -0.6325845758288707 0.0010486103732146876 0.9999915677229702 0.003970503650840206 -1.205925936335224 -0.029583539174566516 -0.003937746607838379 0.9995545549701415 86.59458945078782
0.9994450713041043 -0.0014453436035916285 0.03327852802937619 -0.5984246973468267 0.001384736970388403 0.9999973407691168 0.0018441687062609072 -1.2235113789554457 -0.0332811049915303 -0.0017970633160433996 0.9994444149696265 87.75734747631397
0.9993231394064447 -0.0014560114094413627 0.03675789816657032 -0.5642004668235012 0.0014742460160007882 0.9999988033304299 -0.000468973764828941 -1.2419786079899482 -0.036757171348359846 0.0005228465198966904 0.9993240900658715 88.92713836831544
0.9992024802872398 -0.001421073331735505 0.03990468566991679 -0.5335573806147135 0.0014510212820416455 0.9999986869619076 -0.0007215342677172993 -1.2591529222329347 -0.0399036079204387 0.0007788613780755382 0.9992032303039676 89.76860470611773
0.9990847718957463 -0.002960305805209335 0.042671479416176286 -0.4915955559439451 0.002944288036458316 0.9999955695572929 0.0004382165488463852 -1.277552010626213 -0.04267258761762501 -0.0003121783544021983 0.9990890615008701 90.72925599198233
0.9989649511501507 -0.00369262851574433 0.04533641878470937 -0.45479200330152875 0.003608014064270742 0.9999915936209182 0.0019480559561955298 -1.2930735212282831 -0.04534323111656098 -0.0017824651865198178 0.9989698765276995 91.57351016514353
0.998852876865949 -0.004421244083729478 0.0476800060546393 -0.4123857981355143 0.0042506101069328785 0.9999841965563485 0.003679531393126997 -1.3034432848343207 -0.047695520652753086 -0.003472641401909089 0.9988558845355795 92.40576754899267
0.9987291335324876 -0.006056709559105857 0.05003432924267307 -0.36879419254403306 0.005825876355842173 0.9999717096691556 0.004758048552954551 -1.3180345104576714 -0.050061731873098585 -0.004460507892882622 0.9987361647958893 93.27361751566067
0.998619651932837 -0.007140565461321687 0.05203655540515031 -0.31774202854834815 0.007014910337953229 0.9999720229488179 0.0025969891411414757 -1.3343872703366022 -0.05205364354674106 -0.002228372621737134 0.9986418039261954 94.20619112793418
0.9984915779318764 -0.00860348236034995 0.05422682814242457 -0.27069946111134213 0.008667361266786204 0.9999619931478315 -0.0009429254939414956 -1.3492197196195974 -0.05421665470852956 0.001411506674180003 0.9985281978998506 95.09218031717246
0.9983637475184389 -0.007871682399416394 0.056638010709615626 -0.22897058410793192 0.008104046278872835 0.9999596570871504 -0.00387409757986976 -1.3633623276791906 -0.05660523010155253 0.004326755638024735 0.9983872630952367 96.08847860822429
0.9982693550823586 -0.007897297293825305 0.058274586218230624 -0.18282079387909766 0.008186694821567758 0.9999553061560496 -0.00472902931473262 -1.383081246432669 -0.05823463515255826 0.005197921297405319 0.9982893913504405 97.00227950752465
0.9982537031640139 -0.007792849665362188 0.05855608946494856 -0.1244039067029206 0.008051414967711393 0.9999588459284477 -0.004181048488646231 -1.4016993300359142 -0.05852109736113728 0.004645206512067957 0.9982753644261221 98.02753214201832
0.9983049268554081 -0.007626968169882234 0.05769837409108723 -0.07200295518622052 0.007778140292433443 0.9999668795216634 -0.0023959117884720217 -1.4186582183774266 -0.05767818955038956 0.00284063659106818 0.9983311861471348 98.93245791289299
0.9983761749101279 -0.00834350578880903 0.056350681300005666 -0.02581006106777211 0.00841025555267282 0.9999641842890308 -0.0009474918003645699 -1.4348926332387952 -0.05634075765697013 0.0014198768697067671 0.9984105883734965 99.81020298419486
0.9984665846275157 -0.007971301564713665 0.05478081537937624 0.011515189289463868 0.007986848733016269 0.999968102510111 -6.488176862542094e-05 -1.4538852910903421 -0.05477855081672782 0.0005023083638301879 0.9984984016295294 100.90428193271455
0.9985953825887104 -0.0076991965569674576 0.0524212194143281 0.050716422669644594 0.007688545550379283 0.9999703607461897 0.00040484127099954916 -1.4686867453805061 -0.052422782641020654 -1.2296906282012725e-06 0.9986249805901405 101.82926125447732
0.9987556174317535 -0.007261077615511511 0.049340585732024274 0.08902223849450598 0.007253327382182153 0.9999736377826007 0.0003361275334093292 -1.4837974534158977 -0.04934172565288542 2.2174159376748555e-05 0.9987819549921296 102.75096893007179
0.9989423134712353 -0.005896352756827275 0.04560139669905102 0.12348451274030489 0.005911385871783486 0.9999825086290317 -0.00019481545938490374 -1.496380123665931 -0.0455994503674337 0.0004641768578780557 0.9989596962170352 103.6769302985653
0.9991146372392533 -0.005710697930186749 0.041681285769828234 0.1570583532962841 0.00570716554733416 0.9999836932426287 0.00020374063744453834 -1.5120701690689293 -0.04168176958445084 3.432174504263411e-05 0.9991309368177553 104.65912202977134
0.9992692425481943 -0.004970670979195842 0.03789819688554189 0.18754708051892374 0.004929878855127266 0.9999871639242971 0.0011697354890940572 -1.5285678133155962 -0.03790352479166667 -0.0009820471766954944 0.9992809206583046 105.74595090865544
0.9994303279634172 -0.004836183768574216 0.03340106096358842 0.2215987876183366 0.004770593112730973 0.9999865334097621 0.002043144752406965 -1.5472770320104823 -0.03341049218867538 -0.0018826379585842406 0.9994399405096965 106.88735195817468
0.9995622077731862 -0.0047360095436136795 0.02920553038719586 0.23947237170936622 0.004663571627769707 0.9999858795576637 0.002547898145174108 -1.5605354288981423 -0.029217184862119862 -0.0024105806122839586 0.999570180232405 107.86831585316754
0.9996981503108793 -0.004261272719425273 0.024196070338346386 0.25893466405270193 0.004198568135234845 0.9999876965676042 0.0026417303100208264 -1.5737099231861016 -0.024207029776932946 -0.002539344054627731 0.9997037418361246 108.74832879669204
0.9998103221834344 -0.003360303323124158 0.01918405632379396 0.2720621515056337 0.003312315428627836 0.9999913070272572 0.002532673768757163 -1.585461923546369 -0.019192400109396834 -0.0024686497309818617 0.9998127612440965 109.57104161806366
0.9998946431426341 -0.0029231524772974425 0.014218220502567661 0.2799988228119476 0.0028924454083725233 0.9999934411313117 0.0021797829977828584 -1.5972350092838576 -0.014224499085196397 -0.002138427916088796 0.9998965400239272 110.37688217253258
0.9999513325745188 -0.00181519326939025 0.009697296315957456 0.280895843075996 0.0018013311506327363 0.9999973436402941 0.0014380258833659948 -1.606687597514731 -0.00969988085135502 -0.0014204878564178164 0.9999519461082705 111.1444040283373
0.999980391095279 0.00010745744090605628 0.006261459720527793 0.27827460213727184 -0.00011561919920266756 0.9999991442237116 0.001303143908081314 -1.6169339889472099 -0.0062613143296096005 -0.0013038422998155122 0.9999795477599136 111.99624103841315
0.9999896625363455 0.002112968696436636 0.004026187245325888 0.27822421592452845 -0.002118502415708315 0.9999968166102132 0.001370662961478375 -1.630775142460577 -0.004023278260471626 -0.001379178279705344 0.9999909555087536 112.88699615173117
0.9999902833768516 0.003254518771105312 0.0029734255418902514 0.2735373946865742 -0.0032576804995100945 0.9999941328901433 0.001059104835836198 -1.6474596323595787 -0.002969961219907213 -0.0010687810153183954 0.9999950185063383 113.98211164799808
0.9999843472522095 0.005358099858032275 0.0016112158404516185 0.27505381503831217 -0.0053603261385019325 0.9999846802921174 0.0013806102854393364 -1.6668755554565968 -0.0016037937093212593 -0.0013892253174792753 0.9999977489468431 115.06665614165522
0.9999778898744297 0.006629663409746441 0.0005170351602830637 0.27346804225260707 -0.0066307985511904755 0.999975539368907 0.00222557283332274 -1.6850392090850825 -0.0005022677144980018 -0.0022289519816198378 0.9999973897466957 116.3082343497305
0.9999792811829372 0.006435414490692512 -0.00015048318748341874 0.2689786167477041 -0.00643499223459508 0.9999757686881526 0.0026557318159743746 -1.700235294519418 0.0001675702760902409 -0.0026547084342099865 0.9999964622154073 117.28269096765317
0.9999469718189706 0.010232304327804061 -0.0011633994217975945 0.26276294465247063 -0.010226767049437657 0.9999368008261201 0.004669859670269123 -1.711508423587332 0.001211109321229519 -0.004657714221233143 0.9999884193891667 118.13200433783797
0.999934752588429 0.011236569248750293 -0.0020567152053072215 0.2577009284276187 -0.011219781569329778 0.9999050569139972 0.007999603699674519 -1.7257920700130414 0.0021464080353525137 -0.00797600585088582 0.9999658875497759 119.28619435440021
0.9999460664684262 0.010093192061027422 -0.0024477802885757086 0.24918740045468157 -0.010074354401871839 0.999920448271524 0.007589763623406997 -1.7331618910333788 0.002524190505371661 -0.0075646944745261435 0.9999682014243245 120.24900291837307
0.9999464538169515 0.00995452830786768 -0.0028278728881496527 0.23344785669156806 -0.009937534427437729 0.9999328523739683 0.005961220744318077 -1.7422449299803093 0.0028870241438472472 -0.005932799459518699 0.9999782332541868 121.44937727373191
0.9999685907503443 0.00719161487451637 -0.003331394342864388 0.22058047226258148 -0.007168512568317258 0.9999505308825429 0.006895521392753107 -1.7533029904825455 0.0033808194759420195 -0.006871423667383516 0.999970676368289 122.70068398981101
0.9999771191354337 0.005057995248392444 -0.004491980595040828 0.21596148939967544 -0.005018395321014474 0.9999488303860484 0.008783639221598069 -1.7658583579426506 0.004536178347574373 -0.008760895709938566 0.999951333711975 123.97659957087312
0.9999865672600345 0.0016027975855462196 -0.004929131707769842 0.21218787524217994 -0.0015504270655797743 0.9999425079938677 0.010610225390980974 -1.7742826746759102 0.004945854365738244 -0.01060244060737296 0.9999315610469344 125.25151528369183
0.999986996769729 -0.00019797155271680518 -0.005095792256625631 0.1971708707144549 0.00025775157546009415 0.9999311296001012 0.011733269825178076 -1.784697615984928 0.005093118453729432 -0.011734430703251236 0.999918178292847 126.51093285595321
0.9999782824284784 -0.004365689882682921 -0.004937147277425849 0.18719203889689395 0.004414494837152385 0.9999410715841677 0.009917943054815135 -1.7942613077354668 0.00489355767550665 -0.00993952267234412 0.9999386276078754 127.83267825436538
0.9999637674196206 -0.006882004138626803 -0.005010176343753141 0.1804114068551408 0.006926422325735139 0.9999363795662947 0.008902892429762443 -1.8003305506879062 0.004948587851613837 -0.00893727245228028 0.9999478169581589 129.09336631275104
0.9999555036526783 -0.008122724922141543 -0.004797088133291947 0.17249763921221667 0.008163798486355643 0.9999296456317245 0.008605590106860397 -1.808618833790704 0.00472684979595604 -0.008644369650375738 0.9999514647043392 130.37673203436805
0.9999568090347895 -0.00820720087650601 -0.004361412470168435 0.1603022538271319 0.00824590674749528 0.9999261094262116 0.008932004795718533 -1.8161264573857638 0.004287783445310105 -0.008967582814326663 0.9999505974654914 131.6844503699185
0.9999624995187036 -0.007680022688147705 -0.004002100425649552 0.15292279177828386 0.0077232150403367845 0.999910863920587 0.010891104766056751 -1.825172388857404 0.003918099762405899 -0.010921605426586642 0.9999326812486712 132.9693031539123
0.9999812931130917 -0.0052818799766334865 -0.0030846665593317235 0.1390725546541408 0.005319875277655586 0.9999084437907338 0.012441983886118377 -1.8319940598232827 0.0030186670733969943 -0.012458161176701833 0.9999178375592638 133.95915412291146
0.99998221234301 -0.005354909130530059 -0.0026267747874345005 0.13023163540766275 0.005382936323170872 0.999927390267689 0.010781381589979057 -1.8423864382443564 0.0025688507393044186 -0.010795329575877654 0.9999384290371214 135.32292612624934
0.9999862472577994 -0.004748944623233563 -0.0022254932553417675 0.11761664204636144 0.004768844130985582 0.9999479178774503 0.009023284225009537 -1.854570910341419 0.0021825262698250223 -0.009033773160557201 0.999956812828216 136.60937527972712
0.999987155871703 -0.004764572309266587 -0.001728277273225365 0.11188488087346507 0.004775837700046074 0.9999669877594178 0.00657379385271556 -1.8659475367647855 0.0016968989027627344 -0.006581963389821652 0.9999768988791928 137.87749394262613
0.9999820941483434 -0.005823333263183261 -0.0013784674100839145 0.1098664338892662 0.0058267620962052895 0.9999799076734242 0.002496616294755065 -1.8814197228323692 0.0013639010847518846 -0.0025046035923701115 0.9999959333590686 139.1257749091437
0.9999821259518215 -0.005907551231246385 -0.0009212031951234609 0.10176762814515145 0.00590666841500787 0.999982096473647 -0.0009581233760669675 -1.9058406990112657 0.0009268468652677496 0.0009526650087070074 0.9999991166917439 140.44103940030882
0.9999805531911201 -0.006190879697928253 -0.00075249461676935 0.09423552483913196 0.00618944077624618 0.9999790407209621 -0.0018997214692763691 -1.9309560302315456 0.0007642397921005335 0.0018950270048909523 0.9999979124029157 141.73788675378046
0.9999782942909256 -0.006529464592666246 -0.0008814982390183022 0.0846192610807996 0.0065280644394361655 0.9999774405384276 -0.001582020508370786 -1.9598257211275574 0.0008918080997868632 0.001576231692186165 0.9999983600846374 143.11214883643459
0.9999820478988898 -0.00590326130263672 -0.0010273197829196036 0.07663066588344837 0.00590210210770019 0.9999819465051375 -0.001127765270528971 -1.9765245348871312 0.0010339587292871233 0.0011216816785166116 0.9999988363791014 143.98630350502896
0.9999858696542436 -0.005198171671548963 -0.0011133297445429582 0.06226182977939968 0.005198202474238829 0.9999864889473362 2.477528582327227e-05 -2.0048275240547193 0.001113185916097153 -3.056224917278899e-05 0.9999993799413396 145.2682063574286
0.9999871958211901 -0.004792033957042515 -0.0016262239170415024 0.05873054802589274 0.00479285349149762 0.9999883889967459 0.0005004269185457183 -2.0214343744268994 0.0016238069721635647 -0.0005082147639688463 0.999998552483287 146.26402533281416
0.999986964630351 -0.004538842869043279 -0.00233869082781544 0.05851874643169872 0.004539130434438665 0.9999896911715732 0.00011766681651121324 -2.042702474243982 0.0023381326474618443 -0.00012828090539415677 0.9999972583361069 147.52923058738926
0.9999868372028237 -0.0042116383374970045 -0.002930447680501191 0.049219718162062366 0.004212719538842178 0.999991060616292 0.00036287957992015105 -2.059952628200389 0.002928893166554196 -0.0003752199576111364 0.9999956403878972 148.5051987994902
0.9999821206612083 -0.004771361213154078 -0.003604506913149197 0.03570876564426912 0.0047769515257701355 0.9999873984602822 0.001543908920998881 -2.081039768325582 0.003597094943669833 -0.0015610998717267175 0.9999923119080243 149.7206859510781
0.9999833547312822 -0.003885052850223642 -0.004265750194562436 0.025132080311658537 0.0038933020837215154 0.9999905639443551 0.0019272314688531707 -2.1020337225116963 0.004258222546595062 -0.001943807243688739 0.9999890445170595 150.95770841167482
0.9999827755824183 -0.0034843559406197246 -0.004723113608904532 0.0033423756561233933 0.003488933491046545 0.9999934516127855 0.0009612880119211501 -2.1252234018719482 0.004719733210532738 -0.0009777500835472758 0.9999883839941313 152.3293421547019
0.9999798300366709 -0.0030602477240496513 -0.005565465272470412 -0.008896262647343089 0.003058377512011607 0.9999952638057994 -0.00034451845066637416 -2.1449677586618536 0.005566493225150547 0.0003274902079085315 0.9999844533308189 153.60144916731616
0.9999771173721742 -0.0022990489954437766 -0.0063623192119159145 -0.02111365384555971 0.0022971526133539815 0.9999973149201147 -0.0003053562361946138 -2.167081367041127 0.00636300415752859 0.0002907340306367941 0.9999797136201379 154.85489070910236
0.9999740948255781 -0.0026241620932777963 -0.006702495883963317 -0.039275396116444414 0.0026155452868280795 0.9999957421649185 -0.0012940536641025985 -2.1881392570049765 0.006705863152413162 0.001276489459897362 0.9999767007155909 156.11163008459786
0.9999689697489212 -0.0022050259233910704 -0.0075628962678948594 -0.05173734074389033 0.002188004433274843 0.9999950565868717 -0.0022581936184572662 -2.2145859887824875 0.007567838256842866 0.0022415758955796573 0.9999688510956835 157.3670939522829
0.9999652528616427 -0.002019351700820965 -0.008087971813750844 -0.07259019999101031 0.0020035073595310645 0.9999960591663791 -0.001966624003483859 -2.2403485878683225 0.008091911245925884 0.001950351357874903 0.999965357950948 158.6469531602106
0.9999568193778057 -0.0019244606046971986 -0.00909152524080369 -0.08339063830048075 0.0019195073404565952 0.9999980045535131 -0.0005535165410238462 -2.2667833615868056 0.009092572319928818 0.0005360413903994629 0.9999585180337398 159.87445041184725
0.9999509750246578 -0.001953848463695122 -0.009707215018631626 -0.1019545291801265 0.0019523543158320973 0.9999980808054779 -0.0001633951825617539 -2.291981480008038 0.009707515638024142 0.0001444352489805458 0.999952870528704 161.16748380406673
0.9999445331884117 -0.0016607269435228566 -0.010400602512803864 -0.11313414499319406 0.001662600964113295 0.9999986031650253 0.00017154017520448566 -2.305507422413619 0.010400303103487652 -0.00018882271218310579 0.9999458975571316 161.85090388888688
0.9999366943790882 -0.0013129051787260661 -0.011175129270592395 -0.12912579291308748 0.001318140229941756 0.9999990249447009 0.00046110300473104285 -2.3266439354889714 0.011174512989700534 -0.0004758042017854509 0.999937449978649 163.04502143493562
0.999931759834226 -0.000932094993854481 -0.011645036442658827 -0.15161989534323422 0.000927992858701142 0.9999995054530353 -0.00035766316368586747 -2.349758201838842 0.011645364059685753 0.0003468322460341212 0.9999321302985062 164.33024790994216
0.9999238034730625 0.0001546212906912575 -0.012343554602352714 -0.1701541796567236 -0.00016654379008583227 0.9999995206476983 -0.0009648665913612586 -2.36715505721381 0.012343399496523666 0.0009668488142446174 0.9999233499085007 165.60565367384547
0.9999172636618684 0.00040266900644982063 -0.0128570482084184 -0.18742918418618748 -0.0004096547229711226 0.9999997699086114 -0.0005407085458375854 -2.3901109433719863 0.012856827523549379 0.0005459307601145517 0.9999171985447761 166.83078877297336
0.999916496527661 0.000283075294637181 -0.012919746136304975 -0.21566854428733628 -0.0003053067419754658 0.9999984762660148 -0.0017187941823783508 -2.413757167740597 0.012919239901879103 0.0017225951426959097 0.9999150593457077 168.0983802961397
0.9999175389114431 -0.0010442536916906277 -0.012799410592333443 -0.24169443799220913 0.001001186737156197 0.9999938179619297 -0.003370706608367668 -2.4369141042399303 0.012802851338709304 0.0033576140561030737 0.9999124028760956 169.3608803981652
0.9999049631363081 -0.00415804679596459 -0.01314440345630873 -0.25644631510615723 0.004114050826251207 0.9999858506682345 -0.0033723951615569664 -2.459374692572772 0.013158240048679633 0.0033179979157976847 0.9999079215651061 170.57554482842136
0.9999035059001353 -0.003755482044644474 -0.013374424968268694 -0.28582129951085633 0.00375917468838018 0.9999929027850581 0.00025096847370431087 -2.484315474906418 0.013373387539503222 -0.00030122105653968955 0.9999105268830765 171.88337665814993
0.9999002691225001 -0.004447738844418855 -0.013404082509645 -0.30691843974408123 0.004509513924968341 0.9999793346517435 0.004581981407261125 -2.5073871356559976 0.013383426052922427 -0.004641970338963341 0.999899662975469 173.13301543782202
0.9999043510690061 -0.003222981028788639 -0.013449948199137602 -0.33202743349839126 0.0032765584881126048 0.9999867779756235 0.003963336776579248 -2.5255285371377485 0.013436996604353081 -0.004007027229589943 0.9999016905951476 174.39123471270963
0.9999105711467524 -0.0016606736345286563 -0.013269961268091907 -0.3579448923864713 0.001672101587445273 0.9999982406665839 0.0008501411752157009 -2.5436909152047082 0.01326852611477039 -0.0008722538713670032 0.9999115887856905 175.61381046280806
0.999911710809574 -0.001318808015675868 -0.01322237994048208 -0.3877517401471546 0.0013036072531903392 0.9999984796163223 -0.001158176658780993 -2.564941682404762 0.013223887250052684 0.001140837613906578 0.999911909767823 176.9013041760554
0.9999093341702526 -0.001505790778729919 -0.013381182060435155 -0.4099944496899352 0.0014935318501565144 0.9999984558700613 -0.0009260778072901207 -2.588946677238841 0.013382555877573987 0.0009060086220773099 0.9999100391267999 178.15846626123627
0.9999120856985985 -0.0015396703533660403 -0.01317005273654451 -0.4375287914020226 0.0015445311312519074 0.9999987428010757 0.0003589148256811798 -2.6171107965291016 0.013169483568651951 -0.0003792248283868365 0.999913206678991 179.40657205075183
0.9999140711402768 -0.0014417990789685356 -0.013029641249680613 -0.4678775705988896 0.0014762906701111464 0.9999954309267838 0.002637933170636332 -2.6490964618850943 0.013025778346680016 -0.002656942033858745 0.9999116309742025 180.80199343167345
0.9999194567793042 -0.002074488378710595 -0.012521040378090311 -0.48379120857264035 0.0021180125696454903 0.9999917579342783 0.003463825380379819 -2.6698231317672723 0.012513751513355174 -0.0034900661136335726 0.9999156091698851 182.08032167919987
0.9999365545381216 -0.002066346944046853 -0.01107326098034102 -0.5048704764684707 0.0020984364187815324 0.9999936306179984 0.002887089889455118 -2.6901138705875933 0.011067224721141614 -0.0029101432508194026 0.999934521657908 183.26469751559017
0.9999492230549882 -0.003133651704741964 -0.009577658310900006 -0.5266248438635256 0.003147527855661982 0.9999940182317272 0.0014340743220745181 -2.713451560300194 0.009573107130123338 -0.001464147450487091 0.9999531048464804 184.54441120513147
0.999957231924871 -0.0033894506938257885 -0.008604995360002138 -0.5376685211316095 0.003389377672485723 0.9999942557769087 -2.306901166263236e-05 -2.738053178037649 0.008605024122266719 -6.097554099624303e-06 0.999962976075951 185.8214991996511
0.9999653786628465 -0.004158153021130807 -0.007207720799569126 -0.5491875170377798 0.004153703303503733 0.9999911734881729 -0.0006322140562503015 -2.7604515197262995 0.007210286023324286 0.0006022534344584032 0.9999738241905436 187.03643603583257
