0.995253208168635 0.0923258532952884 -0.03077317733573349 12.217762742789589 -0.09457730477151734 0.9921157115200875 -0.0822286347761293 -5.1971519076261155 0.022938723857162238 0.08474875673593929 0.996138275130274 12.837280904329193
-0.10881139531458087 0.23334101372260357 0.9662877685061536 2.349994499851203 0.4485911751726652 0.8789796346283402 -0.16174288072690227 -4.008400131024619 -0.8870885174586025 0.41586869709505353 -0.20031772005881401 28.776695698095722
0.6484369968111616 -0.7392638466819568 -0.1817097304921188 3.0202236182210536 -0.2728054752432783 -0.4484954649685821 0.8511339439711616 -3.167524121299175 -0.7107085435280845 -0.5023353291294687 -0.4924962774118982 27.805309691591408
0.4099554898560248 -0.557478388362842 0.7219102041426448 -3.390800502225572 0.8830938853111976 0.044562707829826534 -0.4670753202609259 2.589601710232497 0.2282141232765397 0.8289945787393559 0.5105744826740541 40.15701195441722
0.3586766448878719 -0.7255235261470561 -0.5873386394739594 -1.5109502043936054 0.604750727331795 0.6599120757872871 -0.44586164896947467 15.921676537083536 0.7110749764994153 -0.19527330907539822 0.6754559293981363 50.75721909215166
0.1701025411933835 -0.43153321514549825 -0.8859143354217398 -2.2336339810506516 0.38814625934772506 0.8556797343685955 -0.34227864897661814 14.7181885874063 0.9057635490755419 -0.2856418674093132 0.31305130050680025 50.33962199940668
-0.9441627825950166 -0.234525187606382 -0.23141861710032555 -9.705401988666496 -0.1037162691880486 0.8782259306865552 -0.46686416672887465 12.16454068971911 0.3127292366699159 -0.4167938951663347 -0.8535123159532769 48.48086239353451
-0.20783499131118938 0.3357723263162934 0.9187282303634863 -17.258611985998165 -0.733927217519061 0.5673862461249072 -0.3733948139610609 9.097189366751822 -0.646649407153062 -0.7518841616821248 0.1285097336397604 44.895484264687965
