1.0 0.0 0.0 0.0 0.0 1.0 0.0 0.0 0.0 0.0 1.0 0.0
0.9999998550500248 -0.0005310913994858718 -8.855424771567457e-05 -0.011049005684878623 0.0005312341601203279 0.9999985467386154 0.0016199725072557868 -0.017505427494801877 8.769376555719786e-05 -0.0016200193154822223 0.9999986839227445 1.2281376412688214
0.9999986276855777 -0.0015693046601509054 -0.0005309518291509279 -0.012167647302213116 0.0015701965762561678 0.9999973499531355 0.0016836179549077667 -0.03677916732046237 0.0005283083126011481 -0.0016844493431988443 0.9999984417591545 2.433237155712251
0.9999955386017734 -0.002912944530492317 -0.0006614610429272677 -0.01514507595194653 0.002913425400194341 0.999995491567024 0.0007271850268848025 -0.0589591664594989 0.0006593398111277208 -0.0007291089000264987 0.999999516835496 3.695803724446276
0.9999946253669203 -0.003221698341879314 -0.0006081916364223923 -0.01776193849305892 0.003222148451942308 0.999994534653232 0.0007405558856451124 -0.07674070218795186 0.0006058024647752986 -0.0007425115891687221 0.9999995408398515 4.953448981640664
0.999992677702981 -0.003741337942624979 -0.000804320098695104 -0.01704688720907367 0.0037425218175959774 0.999991908235864 0.0014754637373461054 -0.09177584428385496 0.0007987933818630619 -0.0014784631190800559 0.9999985880369726 6.167556804702301
0.9999866380878768 -0.005137926845604112 -0.000570397611356204 -0.026041220993279844 0.005139460637867434 0.9999830911776032 0.0027209011811157504 -0.11223276111435615 0.0005564081753816106 -0.002723796360744753 0.9999961356641973 7.41757188295953
