0.999037850953981 -0.0006894619462099037 0.0438508495182911 0.031324051806226584 0.0007925988793415398 0.9999969605912031 -0.002334651017194071 -0.02803643972436516 -0.0438491065845993 0.002367160869131464 0.9990353609363144 0.9991133344285732
0.996064935273333 -0.004962319876231549 0.088487400800209 0.1316286105395315 0.005629519415168389 0.9999575661085339 -0.007292084300883239 -0.045900796808491615 -0.08844746028058188 0.007761531017969518 0.996050603838064 1.993915631102058
0.9909967438590697 -0.00512476045165751 0.13378785629134873 0.28878812289399247 0.006209197422253122 0.9999511562386216 -0.007689668680464595 -0.08046365916057673 -0.1337419138792807 0.008451151836108502 0.9909801604999717 2.980859180941481
0.9838245205172111 -0.0024782047633758286 0.179117758277147 0.4992066461115665 0.0045882286391687645 0.9999248693421718 -0.011366786221059948 -0.09855824579529161 -0.17907613181838156 0.012004756232066857 0.9837619757038663 3.958635432300689
0.9743940150833603 -0.004508744439547229 0.22480207871215782 0.7305398045520799 0.007462871468748277 0.9998965881117245 -0.012293031846258684 -0.1299197100321578 -0.22472340536572785 0.013655925677559872 0.9743268993385741 4.930776905248519
0.9628345343298201 -0.005175049364413469 0.27004236402082266 0.999102450025853 0.009306504559179331 0.9998583879812838 -0.014021161020342008 -0.16002779382299268 -0.2699315625760879 0.016013208533715764 0.962746347008228 5.893563860513273
0.9496162793855113 -0.007756898393536028 0.31331893088884794 1.3223183045725473 0.013733135066798517 0.9997633495201056 -0.01687145392596305 -0.1891028072457157 -0.3131139136596379 0.020324258501878564 0.9494980787706174 6.8393423595571665
0.9342522244308924 -0.00971784426460434 0.3564804968701353 1.6651479989663955 0.01744923701963425 0.9996769793822162 -0.018478663931139075 -0.2215903946538016 -0.3561857735415076 0.02348404556494154 0.9341200106680843 7.778487473325392
0.9171881067548865 -0.009498999308545001 0.3983412429557395 2.06700811770469 0.018663221608700653 0.9996427127974944 -0.019134547552793774 -0.2558663193356245 -0.39801716167342793 0.024984310336726497 0.917037689111209 8.693487253144333
0.8977669907858601 -0.01014436533502833 0.4403538601025897 2.5075001162574564 0.02008781235486734 0.9996375155360094 -0.01792532643466318 -0.2784043216174416 -0.44001239760954136 0.024938512083584115 0.8976453423067263 9.590889774667216
0.8759578727778159 -0.009677447587301932 0.48229052668154176 2.98823405330466 0.020523621575250933 0.9996411043384917 -0.017217533922013712 -0.3022531814941999 -0.48195081292181624 0.02498018264774745 0.8758421115697085 10.467487458612341
0.8522044443005214 -0.009864549938133016 0.5231159295691138 3.5182446391779925 0.02148743698991596 0.9996385949137578 -0.016154553861096644 -0.3277299685594743 -0.5227675154081822 0.025007403171156344 0.852108417175063 11.314911401351244
0.8265309300610234 -0.010205326482406714 0.5627987855031736 4.064889835274326 0.023094879307076408 0.9996085547570016 -0.015791257277638315 -0.3696428311118916 -0.5624173256597375 0.026049732589884272 0.8264430792436611 12.151373153523256
0.7994063124351695 -0.011726107738913475 0.6006763238517893 4.670068826037656 0.026431384023325233 0.9995279030102293 -0.01566374931437714 -0.3938369264262654 -0.6002090715554168 0.02839840666776106 0.7993388523782118 12.947106318713214
0.7708896441240077 -0.01088298459957443 0.6368757470877393 5.315759391284902 0.027211417717200856 0.9995039122522182 -0.01585774694993375 -0.43368313456992746 -0.6363872212169102 0.029554864890801835 0.7708033566566154 13.709592200824762
0.7403474569410262 -0.014087940802588397 0.6720767611849842 5.987092237602838 0.032194285332253374 0.9993762136508506 -0.01451590785424315 -0.4645713807370361 -0.6714530296252307 0.032383846479845255 0.7403391894897018 14.45019981990065
0.7086315107642209 -0.013283312649153407 0.7054537090107916 6.704228671987751 0.03254938214621892 0.9993737686727323 -0.013878336022647032 -0.49935910319000165 -0.7048275815218338 0.032796708583681625 0.708620107132277 15.146374180153003
0.6750256415230056 -0.0129027034548588 0.7376814377019469 7.470015066605353 0.03399469984746789 0.9993290916397778 -0.013628168794643642 -0.5451201030337538 -0.7370106808376223 0.03427662244111436 0.6750113847079127 15.787318574585509
0.6403374184756172 -0.013828664601695849 0.767969243222225 8.269527771731756 0.038347888559230825 0.9991666115090093 -0.0139829141687776 -0.5810248826548292 -0.7671358614632948 0.03840378211760387 0.6403340687297778 16.38705657779844
0.603653123212319 -0.01118885373203949 0.7971685620922196 9.058238300100033 0.03787216124498105 0.99917513383438 -0.01465439625781182 -0.6046831912822836 -0.7963470388207943 0.03903666839280522 0.6035789362478966 17.00246025656656
0.565690138223009 -0.0098807039231702 0.8245586936096281 9.866375232677148 0.04083281698878206 0.9990372049278132 -0.01604195208759513 -0.6288309071180267 -0.8236063067837655 0.042743828326469696 0.5655489515205585 17.590912223321897
0.5275336542104562 -0.008448848521938246 0.8494921192300826 10.729387155258545 0.045763937814425115 0.9987812275339842 -0.01848571127716407 -0.6542337681774415 -0.8483005986506673 0.048627939339011494 0.5272773632961693 18.094454554460224
0.4887545112150147 -0.0066387329073065715 0.8723960998264255 11.601553666379827 0.047207606571522905 0.998707264870351 -0.018847837461338862 -0.6677565154592353 -0.8711431969824254 0.05039569744101361 0.48843607977981396 18.58642891114805
0.4504536789179678 -0.008851645001997298 0.892755919347516 12.481825824215436 0.052599302979061686 0.9984770535478885 -0.016639917801553484 -0.7120423706395121 -0.8912490092423025 0.05445385127871308 0.450233252443142 19.055740551540914
0.41388134255323183 -0.009393433533220598 0.910282372504704 13.40494733581629 0.05666944854409883 0.9982732179405271 -0.015464667612677032 -0.7282569833567024 -0.9085652469074758 0.05798573746292976 0.4136989803744234 19.440122939299943
0.3789261035313473 -0.007054921961765459 0.9254000411382451 14.337856238002558 0.058169231157757 0.9981751396706937 -0.016208981766439298 -0.7617736787320848 -0.9235969622129918 0.05997181520933588 0.3786449957036679 19.798271011416876
0.34571390285950754 -0.007701287682292749 0.9383083648447791 15.278192257407808 0.0589725165586663 0.9981678383141551 -0.013535466227006108 -0.7769513787480705 -0.9364849916898752 0.06001380443930513 0.34553466340779104 20.137884952722334
0.31246129814339746 -0.009127088494078096 0.9498866424043271 16.22886932924216 0.061404413464304655 0.9980565873194298 -0.010608794248039382 -0.7941533475233314 -0.9479437932544568 0.06164206975689397 0.3124145004100132 20.447379829012664
0.27971335924382773 -0.008953364782609812 0.9600418084227396 17.18855117352892 0.06185665157344116 0.9980469992519146 -0.008714467302664293 -0.8181687830037824 -0.9580888222480499 0.06182252456279047 0.27972090400974225 20.72790198390366
0.24726646069585226 -0.0057552495058880646 0.9689304281103328 18.15570110838064 0.05905771644686822 0.9982127071386069 -0.009142069519213144 -0.8337406825776542 -0.9671460507819012 0.059483345653533935 0.24716441500918787 20.98161258824759
0.21625761338075586 -0.0040428692498016 0.9763279673670575 19.131341312533095 0.05897002752148031 0.99821982526597 -0.008928398517754833 -0.8487151299097702 -0.974553836639606 0.05950492126038824 0.2161110451522997 21.200113739244735
0.18595137474986795 -0.00372005225585338 0.9825519057229746 20.115812213919266 0.06107615943314898 0.998102787883584 -0.00777994652381393 -0.8600044719599458 -0.9806588545348127 0.06145718859686442 0.1858257920533058 21.375784545275344
0.15508085073454014 -0.0037433019858047994 0.9878946894409827 21.09957575006949 0.06295402178920023 0.9979977799612562 -0.006101010815315432 -0.8707538419424925 -0.9858938689717145 0.06313809375208257 0.15500600066235135 21.55582638897788
0.12441870610858362 -0.004233803055595446 0.9922207720472059 22.08900839091257 0.061789246537508204 0.9980831200544942 -0.003489193977518639 -0.8832450516029732 -0.9903040313876306 0.06174269490370628 0.12444181388679115 21.69874931852425
0.09517386262326273 -0.004846180615708525 0.9954488688058314 23.084509941385694 0.06268315999667634 0.9980328325189067 -0.0011343135010805224 -0.9039999650113097 -0.9934851570739239 0.06250583770918997 0.09529041361056693 21.79120418680844
0.06784221237670271 -0.0042874709781717275 0.997686850576095 24.081844115764703 0.0655312406968435 0.9978505039816243 -0.00016791769099894064 -0.9071432543563452 -0.9955416067209679 0.06539104905283238 0.067977349103972 21.86445984320429
0.04286557184304886 -0.003885839335732623 0.9990732921078549 25.081502329098413 0.06965046240516837 0.9975710591732834 0.0008916202333007793 -0.9193269440072747 -0.9966500668927457 0.06954769696079867 0.04303210441210423 21.887474384055107
0.01995508835255788 -0.003548050052193794 0.9997945817965159 26.081006636541478 0.0739809244660113 0.9972575239755863 0.0020624473901068186 -0.9302928927114952 -0.9970599867931697 0.07392457111752328 0.020162850024098466 21.913949517585575
-0.00032790660813105716 -0.0037119102911356366 0.9999930570755221 27.081104890312137 0.07990681519804951 0.9967953731830547 0.00372624284763549 -0.9350492538428209 -0.9968022839872311 0.07990748227071953 -3.0248860156100147e-05 21.915243557318842
-0.017904755489025575 -0.004327691201381111 0.9998303310160904 28.080704493372657 0.08443240938198655 0.9964121832121775 0.005824894187448336 -0.9391944125036099 -0.9962683313128197 0.08452237712705338 -0.01747511911150677 21.89069336341555
-0.03349723505259667 -0.004075082707311795 0.9994305023085702 29.079792855986753 0.08745284823342611 0.9961441162576186 0.0069927806478816915 -0.9323989357163341 -0.995605310642572 0.08763728285528151 -0.03301169601900182 21.851325663066422
-0.04773699879640441 -0.0046163911741654955 0.9988492718515846 30.07858933369026 0.08992443282443885 0.9959088201378384 0.008900469249565177 -0.9308412899867115 -0.9948038878729388 0.09024583593821138 -0.047126571790216315 21.799532815442184
-0.06103053471724895 -0.005639148889196147 0.9981199696589252 31.07678709174075 0.09024918719875251 0.9958568571910439 0.011144693604683138 -0.9300177618808669 -0.9940474626707173 0.09075968259851518 -0.06026874789246605 21.740973567749432
-0.07304322670567433 -0.005185542373181421 0.9973152947702751 32.07332876502196 0.09024436273388749 0.9958498943271309 0.01178740698361596 -0.924413751298223 -0.9932374550061921 0.09086307346187891 -0.07227212362926143 21.657208212825008
-0.08419710726645016 -0.0023047916220150706 0.9964464536860684 33.070065664674296 0.09051169648839613 0.9958456719723643 0.00995140254953218 -0.9224279678128472 -0.9923298241647048 0.09102793829088665 -0.08363871426412678 21.57669250051134
-0.0944260188107855 0.0010835695145956347 0.9955312917476044 34.06553029714808 0.0906557165756145 0.9958539397891465 0.007514762710668796 -0.9174530929156388 -0.9913956163024461 0.09096019175190238 -0.09413275462213024 21.48212472623732
-0.1037253144447393 0.003756497803963209 0.9945988879279879 35.05944063716267 0.09174589192232267 0.9957655187723475 0.005807145548048989 -0.9123953917299819 -0.9903654630785128 0.09185271007590123 -0.10363073478941981 21.371599631561644
-0.11139158611217749 0.004851693784995267 0.9937647486255646 36.05439209767613 0.09141245748229213 0.9957985569698867 0.00538484482047452 -0.9097859346283552 -0.9895633770307295 0.0914423042366557 -0.11136708596093144 21.271631841884634
-0.11709280822214935 0.005665643515478504 0.9931048155890735 37.04761743693605 0.0913381457191197 0.9958069355948084 0.005088237206600493 -0.9063375226574271 -0.9889118349980668 0.09130414834405555 -0.11711931990889875 21.155559740382248
-0.12206791428483511 0.007519782014163424 0.9924932630404153 38.04009071659484 0.09256729716259288 0.9956990223261273 0.003840889845777209 -0.9016774369851159 -0.9881956890202276 0.09234126822420538 -0.1222389888071031 21.03298156977845
-0.1265584130202679 0.009273219365971757 0.9919158106897898 39.03127668380716 0.09147562853539984 0.9958045146176449 0.0023617898238442827 -0.8975169557816426 -0.9877323410103795 0.09103502660904238 -0.1268757126184765 20.90046312770704
-0.13045178944502442 0.010115768538557288 0.9914030471294039 40.02222040708526 0.09227766484148668 0.9957313409229211 0.0019822399565009754 -0.903054741374959 -0.9871510336326415 0.09174294485527078 -0.13082839472870414 20.766219852685154
-0.13355704051972406 0.009246919604919985 0.9909979875889932 41.01377009736318 0.09193303720720374 0.9957603708153492 0.003098480843699339 -0.9006639930567217 -0.9867678721956197 0.09151927879687455 -0.13384090559701248 20.636619559208043
-0.13590608079793753 0.007414637878230556 0.9906939791617188 42.00385253929216 0.09205662340277045 0.9957403202371986 0.005176170553887174 -0.894360560874306 -0.9864355606372998 0.09190341560060304 -0.13600973094274543 20.496220374066297
-0.1381207783603785 0.006345323710317004 0.9903950663508657 42.99611703347539 0.0924659861251665 0.995694522643114 0.0065160562001645795 -0.8953122160441825 -0.9860895963324139 0.09247785921783927 -0.1381128290907906 20.37212769373955
-0.1400111706084226 0.0072188237128617576 0.9901236087928937 43.985002029524786 0.09452672899456009 0.9955035813534023 0.006108765680655567 -0.8875241949665186 -0.9856275004333268 0.0944484414734029 -0.14006399356293237 20.223820937765673
-0.14111665855434669 0.007081756418843394 0.9899676446250559 44.9760353876032 0.09438743141170812 0.9955153959868905 0.006333178077890582 -0.8837216472445646 -0.9854831817286155 0.09433422008523931 -0.1411522350193355 20.090391956354193
-0.14155336772824487 0.008517116183611777 0.9898939856452854 45.96602887964144 0.09706843156719165 0.9952635056321519 0.0053173254449322 -0.8859346108462929 -0.9851600700789072 0.09684014192842129 -0.141709644108669 19.94921878003381
-0.1417851046771859 0.00886695712168397 0.9898577479431491 46.95632476697031 0.09691228848586068 0.9952805370496344 0.0049659752945532916 -0.8847958777927278 -0.9851421178855934 0.09663348095559343 -0.1419752722353168 19.81014553058064
-0.14095557199839895 0.010286017041634834 0.9899624864488678 47.946142232708105 0.09687833138326471 0.9952902432437043 0.0034526239708959124 -0.8857523617896481 -0.985264490190831 0.0963925804059072 -0.14128819770841555 19.667850862897943
