1.0 0.0 0.0 0.0 0.0 1.0 0.0 0.0 0.0 0.0 1.0 0.0
0.9999912412939651 -0.0027586286712203653 -0.003147586886687836 -0.005556704365602868 0.0027521161977389574 0.9999940673635226 -0.002071495641528716 -0.0069129789282643605 0.003153282700468057 0.002062814973052737 0.9999929007760995 0.6690460908478413
0.9999743350047889 -0.0013308741186061506 -0.007039751828776421 -0.018199451123023166 0.0013056868709734471 0.9999927348999632 -0.00358124686205372 -0.012210063549902882 0.007044466873036178 0.0035719632378324283 0.9999688077960744 1.3877076404644935
0.9999395494974689 -0.0013830034117086026 -0.010908008634145816 -0.03320245584276615 0.001327389977480715 0.9999860935287387 -0.005103996961249423 -0.015264556043026362 0.010914915787447967 0.005089209240732978 0.9999274796517281 2.108079824486408
0.9998734327516755 1.721573616563529e-05 -0.015909688274740957 -0.047679709334632295 -0.00010582456591714303 0.9999844892728388 -0.005568663654882047 -0.025638006155198907 0.015909345635262608 0.005569642480301999 0.9998579258095119 2.8352669236712114
0.999799289796431 -0.0010745340404699926 -0.02000563668440218 -0.06984223440058956 0.0009616627136075121 0.9999835720253178 -0.005650741925733962 -0.03607699927881255 0.020011379946862324 0.005630369089310396 0.999783898458332 3.5576477169350773
0.9997002428971518 0.000640468008223308 -0.024474765619022038 -0.09548892537341001 -0.0008069253127480929 0.9999766091418483 -0.006791909945729483 -0.04613795091028966 0.024469843132216156 0.006809623330382929 0.9996773758604238 4.289198263500083
0.9995642840572452 0.0033071111409498843 -0.029330957247048792 -0.12665451448548215 -0.0035279753309355225 0.9999657895417998 -0.007481519639047039 -0.05378554007059473 0.029305211604612375 0.007581738715264576 0.999541755911609 5.063521616339642
0.999427082710238 0.0037882603347752695 -0.03363265420597539 -0.1585621952226753 -0.0039892175881019966 0.9999745788605677 -0.00590997256044293 -0.06256888804047363 0.03360941071095299 0.006040754610674064 0.9994167883297719 5.83394853221075
0.9992666652967973 0.0028754471549970895 -0.038181977820393065 -0.19057141636738467 -0.003002922558904505 0.9999901064095333 -0.00328169760272776 -0.0708291829710752 0.03817216371550596 0.003393948542530725 0.9992654137067726 6.625374854454771
0.999140094719609 0.0026045080646545484 -0.04137979774517628 -0.2350397752301143 -0.002624667791179921 0.9999964618660314 -0.0004328676529871331 -0.08452172904673931 0.04137852393061512 0.0005411036501539318 0.9991433955965296 7.445533705786313
0.9990240770316469 0.004176890765202608 -0.04397098014147099 -0.27743569874298146 -0.004229989161324572 0.9999904323794173 -0.001114603661142661 -0.09236648668680153 0.04396590386607725 0.001299512663240392 0.9990321869509895 8.246012543096613
0.9989269729718311 0.003769169073361721 -0.046159463101631444 -0.31652115311175655 -0.003832466819941561 0.9999918331991506 -0.0012828612850284695 -0.09924392828691547 0.04615425080540803 0.0014583893509595594 0.9989332601495919 9.017528269956033
0.9988418676626603 0.0006235371351133038 -0.04810961032485785 -0.3519097151292685 -0.0007112587064824058 0.9999981157455147 -0.001806271428450195 -0.10662129342607488 0.048108393396797074 0.0018383979063079066 0.9988404290866069 9.815066308006879
0.9987392686754026 0.0003980535290811863 -0.05019676044437043 -0.39443431132743767 -0.00044613891523757773 0.9999994523241759 -0.0009467372482707562 -0.11425166768891783 0.050196356100715496 0.0009679383952187784 0.99873889927722 10.650749953354522
0.9986689576912996 -0.0010420482602676601 -0.051567694142709904 -0.4386375448947811 0.0009875806667336228 0.9999989272997333 -0.0010817041232245713 -0.124541585564212 0.051568766013930366 0.0010293370715076758 0.9986689155255577 11.476555841142755
0.9985628741176318 0.0011935054109545097 -0.05357949214735045 -0.48609743752683743 -0.0013730988923978836 0.9999935619343588 -0.0033152208472570378 -0.13356152499972238 0.05357519046504328 0.0033840263988944123 0.9985580841052591 12.299368283738328
0.9984929883871304 0.0015269942484095829 -0.05485818471570711 -0.5397892023696398 -0.0018525380448042076 0.9999809736256611 -0.005883917867221913 -0.1441875423372458 0.0548481562546078 0.00597667760892155 0.9984768195006978 13.155297563523208
0.998380072567773 0.005349884068466388 -0.05664458879735927 -0.5981295793362238 -0.005786299143770188 0.9999548081505658 -0.007543235299557156 -0.15397889239916862 0.05660167348927728 0.007858778341425022 0.9983659099554599 14.026464205291113
0.9983140287331927 0.006209046918241119 -0.05771089819842096 -0.6557714336544866 -0.006638164950208359 0.9999517073090628 -0.007246917674766495 -0.16604452792194127 0.057663114731995285 0.007617794041459689 0.9983070341399717 14.911368060960516
0.998236636520621 0.005194388176939681 -0.05913235864959655 -0.7089516929599339 -0.005552694525175483 0.9999671977644083 -0.005896692183530514 -0.1767084654748463 0.05909978926787584 0.006214638096019217 0.9982327349780852 15.783347862920863
0.9981419629969498 0.006003611021922432 -0.06063479495547745 -0.7633683413978468 -0.00627940867432523 0.999970783745943 -0.004358977084818888 -0.19040948836762228 0.060606853831032606 0.004731628601509162 0.9981505001549019 16.65524559551761
0.9980859924546339 0.005821711776444967 -0.061566706407278286 -0.8206095707813816 -0.006100027309047479 0.9999720045704474 -0.00433355999041299 -0.20308025000700786 0.06153975408365616 0.004700824114305503 0.9980935632093662 17.526611597323985
0.9979863584797763 0.005757468674992847 -0.06316707878896569 -0.8834539452546498 -0.006093126941722637 0.9999683165633454 -0.005122467524691709 -0.21775141687183858 0.06313558499251413 0.005497037740996909 0.9979898198297048 18.440101749520696
0.9979267319825367 0.004186913436714785 -0.0642238845798642 -0.9414938794136681 -0.004578965640946787 0.9999717643712405 -0.005958484197156743 -0.22816948961704323 0.06419712352055416 0.006240209623257519 0.9979177266265712 19.321830603125
0.9978917722768972 0.004330328545213693 -0.06475537874774054 -1.0047966674181863 -0.004621149596386151 0.9999798959504188 -0.004341966305470665 -0.23821732918187824 0.06473527476176061 0.004632056744096622 0.9978917217072393 20.22647699199895
0.9978824035693749 0.005611697622197467 -0.06480136955654604 -1.066818343544105 -0.00567606964083759 0.9999835634873743 -0.0008093136136870516 -0.25269775055486277 0.06479576282473566 0.0011754169004920363 0.9978978542491561 21.13634272179126
0.9979373865067572 0.0062932397215089385 -0.06388558323965253 -1.1359044960512583 -0.006119625876288269 0.9999770323594235 0.002912890793537718 -0.26073982425607106 0.063902447458585 -0.002515926757367503 0.997952978512191 22.071301620707057
0.9980406276167232 0.0050810156865449905 -0.06236256013034003 -1.1965793984925064 -0.004735514022841822 0.9999726174356277 0.005686764095632254 -0.26615893168805754 0.06238974702109844 -0.005380302829115528 0.9980373599260247 22.986794110519146
0.9981315825379524 0.005289122821753043 -0.06087174319878576 -1.2533371318216078 -0.0049008572222498815 0.999966696195847 0.006525955688639031 -0.27125411603769667 0.06090423251933835 -0.006215438756787122 0.9981242621949885 23.928798245939735
0.9982175379889994 0.005766451086708051 -0.05940113545248891 -1.3144833296244884 -0.005554438321294397 0.9999776037135882 0.0037336692629546427 -0.2794362949308838 0.059421335108824906 -0.0033970741962460853 0.9982272110200108 24.861594291436905
0.9982741069109154 0.006798364717442928 -0.05833172128767023 -1.3788873107095632 -0.006874398974109042 0.9999757628220548 -0.0011029085159917676 -0.28809877096963626 0.05832280951701982 0.0015020005387840897 0.9982966462351871 25.835555156444318
0.9983502954834768 0.006020081948253201 -0.05710031629851653 -1.435759882389743 -0.006263170526668172 0.9999720659672346 -0.004079213180854725 -0.2970663332162323 0.057074164058776945 0.004430112702550688 0.9983601123334375 26.78018912140114
0.9984055893664165 0.0032379620553286046 -0.05635418993851493 -1.4932090345831985 -0.003422909175503481 0.999989067588352 -0.003185654807880955 -0.3042797825869126 0.056343258821923085 0.003373470839798944 0.9984057576355507 27.75337529666396
0.998394009095008 0.0014364245184998548 -0.056633376093953906 -1.5471302262549724 -0.0013352350830840936 0.9999974440882624 0.0018245449338812328 -0.31573536918385214 0.05663585216512125 -0.0017459958606775342 0.9983933752524524 28.697312938313967
0.998345190211621 -0.002329035164728011 -0.057458304678464286 -1.6010386655640099 0.0026426606955305895 0.9999820200172201 0.005382934769117991 -0.3272323980673645 0.05744473453476878 -0.005525869839377459 0.9983333948319807 29.672299347217596
0.9982399872156934 -0.009757108749700394 -0.05849552762783486 -1.6473117960814625 0.010047981541150667 0.9999385636589889 0.004680488708189611 -0.33266803733940276 0.05844626583932422 -0.005260012970070745 0.9982766982520392 30.601582964201743
0.9981328339532707 -0.012063332606007018 -0.05987755665396778 -1.7068876042311714 0.012133899864210283 0.9999260493475212 0.0008150523569555395 -0.3388847784627889 0.05986329642191099 -0.0015400787954211476 0.9982053966488087 31.582450901940778
0.9980595133362887 -0.011852231463688778 -0.06112881847591323 -1.7716319056180494 0.011690366817978902 0.9999271502850633 -0.0030049037346121707 -0.3503516416018517 0.06115998007350144 0.002284454447856346 0.998125361918674 32.52902292835623
0.9979485763097945 -0.010475989938935209 -0.06315768105348105 -1.8393811603146124 0.01025990940991929 0.9999403541671629 -0.0037446451033242797 -0.36286575683282946 0.06319314282542172 0.0030889711634986034 0.997996535543584 33.51628460083297
0.9978891602480083 -0.010378546164354359 -0.06410545717049827 -1.8964714783092549 0.010259920011049887 0.9999449905866148 -0.0021794132472739954 -0.3811270195165953 0.06412454990790244 0.0015170959923145255 0.9979407500041565 34.46324466688648
0.9978288113539827 -0.007575109727061364 -0.06542385608109934 -1.9661535294723267 0.007641022958599872 0.9999705201868343 0.0007573146102039375 -0.39422217208716426 0.0654161906567752 -0.0012555755236765998 0.9978572771343907 35.44176323801893
0.9977538195053324 -0.0076956692826864225 -0.0665439128456674 -2.04129469112079 0.007848150340864784 0.9999671416247813 0.0020303218938373373 -0.4035175114427545 0.06652610163497814 -0.0025480080566836873 0.9977814317054589 36.460613517303884
0.9977045671474671 -0.006239787213750495 -0.0674289385101977 -2.10906474987105 0.006558232261750467 0.9999683587284927 0.004502347326246273 -0.40815893666018466 0.06739871128356859 -0.004934227130193248 0.9977139204801853 37.42867439693203
0.9977062848563639 -0.006555230008128497 -0.06737357135889757 -2.175672948954818 0.007080141883769616 0.9999463935386851 0.007555239234021514 -0.4145102577145362 0.06732043336920535 -0.008014924111813902 0.997699213311539 38.39237167354729
0.9977041535694371 -0.0008467169202528791 -0.0677178338456709 -2.2581445789907235 0.0015150368753083744 0.9999506502377474 0.009818439406182886 -0.4183332143691948 0.0677061785478946 -0.009898492792510682 0.9976561999140168 39.40454686859009
0.9977002919900714 -0.0008248512400133586 -0.06777497313432243 -2.3277605654380973 0.0014682062074286315 0.9999543336329285 0.009443252578362859 -0.42675917712397543 0.06776408881892192 -0.009521043491032721 0.9976559416940202 40.3544043142232
0.9977057462534001 -0.00044275659995234154 -0.06769821164210316 -2.3904105423928823 0.0009711366378326307 0.9999693242524752 0.007772222827416006 -0.4320665867186934 0.06769269374590174 -0.007820135589716176 0.9976755708609795 41.2997780156427
0.9977096947806353 0.0017835570517746133 -0.06761792561869005 -2.4638041200936103 -0.001402712063420218 0.9999828884405177 0.005679368365089581 -0.43997680636207603 0.06762689804803089 -0.0055715123981115175 0.9976951242288389 42.25234481983095
0.9976364017159282 0.0012086013820253637 -0.0687033423786274 -2.5310514656681806 -0.0008143985369287742 0.999983047894179 0.005765473032729276 -0.44777235288130524 0.06870914587097247 -0.005695893869046952 0.9976204739612722 43.20250070128011
0.997551708504776 -0.0010715285376124396 -0.06992453564948074 -2.600362504352696 0.0015587505170823357 0.9999748856687225 0.0069136335346096965 -0.4525060451627142 0.06991537138589704 -0.007005701850526146 0.997528325906364 44.18727507119274
0.9974914592706818 -0.0004924333007811234 -0.07078521167228462 -2.6745067320545193 0.0010591757543159412 0.9999676844912614 0.007969198197212998 -0.46041343133970825 0.07077899991358537 -0.008024181118922655 0.9974597464001256 45.169253198320526
0.9974658434635042 0.0017037138447020097 -0.07112656664549123 -2.7502725415845704 -0.001387063420957293 0.99998890809306 0.0045010827492853855 -0.46990270930979594 0.07113344627322908 -0.004391019242162705 0.9974571428243462 46.13591704361467
0.9974122032783308 0.0024862786820216334 -0.07185203664323717 -2.8248430729233878 -0.0024654300509140527 0.9999968890599698 0.00037884699611212373 -0.48217308233495965 0.07185275503507023 -0.00020072044673792762 0.9974152301349585 47.0975435334367
0.9973495953404834 0.002878861257220323 -0.07270142248976896 -2.8957855860878663 -0.0029534692113031037 0.9999952164551086 -0.0009187418127201813 -0.48893594626814024 0.0726984297890407 0.0011310281880803584 0.9973533271020083 48.05056278896781
0.997369911894315 0.0014899187793730104 -0.07246405308811689 -2.975760205694712 -0.0013047167835399647 0.9999957609261139 0.002603045123924282 -0.49963069164642787 0.07246762423345536 -0.002501653819637856 0.9973676278916042 49.0010132365474
0.9973334426809449 -0.00022415001540113696 -0.072979133092585 -3.037529790929615 0.0006520411782279768 0.999982737817775 0.005839427092513595 -0.5143375282023588 0.07297656440581811 -0.005871441325388679 0.9973163726843584 49.93980235860077
0.997321759478082 -0.0020709620820680867 -0.07310963813067027 -3.1105188796382124 0.002556997591377962 0.9999752461287246 0.006555066217375014 -0.5263463996314625 0.07309425309051724 -0.0067244513420143944 0.9973023673486834 50.89020646204158
0.9972929055940433 -0.005233899750098321 -0.07334484811625687 -3.17693861862949 0.0056423555385327435 0.9999697011856207 0.005362884924828677 -0.5359001064849136 0.07331455705225016 -0.005762204799040464 0.997292220324658 51.8300114705276
0.9972355416381441 -0.008024199398009666 -0.07387074331356525 -3.2434011096623583 0.008346050594656878 0.9999569724145266 0.004049291178077733 -0.5439507339776319 0.07383507251400974 -0.004654626042380802 0.9972596033747965 52.7657963007591
0.9971522616306919 -0.009627753030712678 -0.07479755006934496 -3.3159289239565135 0.010048420341305202 0.9999357324565544 0.005249781444815814 -0.5522666819101363 0.0747421994153303 -0.005986428664361472 0.9971849208137904 53.70062603342482
0.9970428123055198 -0.012514976020615203 -0.07582219863010933 -3.386496912714559 0.013271196592418717 0.9998670130003598 0.009477956253506099 -0.5632326239387817 0.07569349886817024 -0.010456179461993955 0.9970763072805174 54.64354639778211
0.9969778518727529 -0.01343959892748151 -0.07651496622138784 -3.4565467932986675 0.014582973467629877 0.9997899078964183 0.014404060306508489 -0.5661563269185109 0.0763053062377321 -0.015476344824911458 0.9969643840132034 55.57988568556267
0.9969555932664098 -0.011679686130386557 -0.07709169855903422 -3.530591196351427 0.013011102888128486 0.999774362538547 0.016790926486534054 -0.569456641248922 0.07687819103267109 -0.017742856098647355 0.9968826083351071 56.50195908776682
0.9968618240581596 -0.010535951198035057 -0.07845697845183632 -3.6086163567008462 0.011586277553747616 0.9998490925804695 0.01294411984102643 -0.5741077840902121 0.07830876009672734 -0.013812523243924336 0.9968334626675356 57.432681323113044
0.996769480197347 -0.009099186518901313 -0.07979854730385177 -3.6865587102945128 0.009533765675922852 0.9999417165397225 0.005066639480892308 -0.5756373647320503 0.07974779407072904 -0.005811052252990298 0.996798134535055 58.34639070378858
0.9967269814984886 -0.007262207616851499 -0.08051449989561928 -3.7664098936897084 0.007310590702026 0.9999732304085167 0.0003061534619580985 -0.5851581062637341 0.08051012120534515 -0.0008937599703279378 0.9967533905518535 59.247983672514835
0.9966676708550666 -0.002444634391657626 -0.0815326783261028 -3.8516730430281014 0.00255662058275913 0.9999959264750101 0.0012691432469121116 -0.5969371175550824 0.08152924360947074 -0.001473362167457247 0.9966698609070062 60.15519467581869
0.9966021424442121 0.00026794100598371163 -0.08236563532944838 -3.9344124695930707 2.4280745444071276e-05 0.9999937096556168 0.003546837978042989 -0.6103775714421406 0.08236606756457263 -0.003536786226844847 0.9965958669677161 61.051175676427015
0.9965202131843457 0.002886981960979686 -0.0833014408649882 -4.019070955676911 -0.0024755412987112592 0.9999842246226932 0.005042043338628592 -0.6211651968556302 0.0833146830414934 -0.004818281945591349 0.9965116395450622 61.93465174898776
0.996414617537388 0.0036002991757064233 -0.08452779308408491 -4.092803046543897 -0.00320492600935992 0.9999832832175423 0.0048126639959897 -0.6294364109850853 0.08454370708157395 -0.00452450343233093 0.996409499383459 62.781031590258245
0.996269101806926 0.005344050671078062 -0.08613546254154367 -4.171001935346947 -0.004869509240741116 0.9999717934060143 0.005718415174925573 -0.6401406647582708 0.08616359245397699 -0.005277642919280544 0.9962670233529971 63.614678446696104
0.9961643365976109 0.006149100769068948 -0.0872857551423668 -4.254498579647279 -0.005612905253454718 0.999963849500591 0.006387095315872581 -0.6533930365273743 0.08732187461144598 -0.005872669894531493 0.9961628390793608 64.47350716070886
0.996026935645338 0.006067306858070598 -0.0888455471953851 -4.326457528122544 -0.005471607850367344 0.9999609003033257 0.006946896579983417 -0.6651293876389226 0.08888422231470085 -0.0064331681193014415 0.9960211892181106 65.27686689603767
0.9959355478655387 0.005889287801901094 -0.0898760301023303 -4.411015783765951 -0.005192579665726314 0.9999546475506553 0.007983730848332886 -0.6704049097300869 0.08991897249292644 -0.007484592910099789 0.99592096034514 66.11471897981858
0.9957935425996465 0.008651206627019657 -0.09121610132395579 -4.490567962385312 -0.007699792568259154 0.9999122799283228 0.01077708879744366 -0.6789231134110161 0.09130133466303389 -0.01002941037343754 0.9957728040152077 66.92117613959958
0.9956843329412538 0.010183364723705571 -0.09224428555869484 -4.570043889513989 -0.00885195801798066 0.999850828642547 0.014831159835246386 -0.6811806087175327 0.09238155646327859 -0.013950610944138152 0.9956259480747309 67.6745796168524
0.995485042631831 0.013327837152495449 -0.09397818179310391 -4.6438275776412885 -0.011795957181168439 0.9997886611315931 0.016837115752867386 -0.68974015021467 0.09418272288738062 -0.01565253428464471 0.9954318725457741 68.4219368760862
0.9953218698889361 0.016142665523378306 -0.09525644162255675 -4.725059151673782 -0.015000533091004995 0.9998069039397277 0.0126940474806384 -0.6936178686712503 0.09544296374158157 -0.011205765670197362 0.9953718257455186 69.15464269673366
0.995146557346216 0.016024248380759276 -0.09709043653113175 -4.787875895727284 -0.015545230904225969 0.9998629857025118 0.005688199907876345 -0.7071685717788188 0.09716828288134069 -0.004151299301351624 0.9952593086809094 69.86058443915117
0.9950437038146812 0.015180829096098851 -0.0982729358812276 -4.864938426802329 -0.015273013029999751 0.9998833434747236 -0.00018578157141144191 -0.7130880857324351 0.09825865138371402 0.0016857846131281195 0.9951594824742873 70.56725970631149
0.994967702469858 0.015980238440196356 -0.09891361393279728 -4.930916001404063 -0.016189444857493483 0.9998680806387539 -0.0013127052142922209 -0.7207184616171384 0.09887958796970248 0.0029074557895049976 0.9950951581551251 71.20887256314803
0.9948515225183948 0.01876140698375582 -0.09959145420577753 -5.0032589712359945 -0.018617132165566517 0.999823858441507 0.002377915277356454 -0.7343939416728978 0.09961852504811235 -0.0005115653685878515 0.9950255714141781 71.86074582655955
0.9947382213591749 0.018942614767376867 -0.10068290973625924 -5.0761242255411885 -0.018563218012538685 0.9998166234889321 0.0047038635406493595 -0.7478382937956493 0.1007535503305163 -0.002810114048370837 0.9949074456223708 72.5038223452941
0.9946840195595889 0.01575309472867262 -0.1017621798078682 -5.138233350624366 -0.01569111466187675 0.9998758933465348 0.001409547848020316 -0.7566470783701318 0.1017717551850572 0.0001947073123774192 0.9948077562703332 73.10698566816488
0.9947882479036432 0.007630667635934637 -0.10167652012254189 -5.192927962606249 -0.008053394627612157 0.9999605479140541 -0.003747726029967762 -0.7686472768054491 0.1016439111200059 0.004547034951883743 0.9948104542099334 73.72805517259074
0.9949359654884249 0.003627557257336193 -0.10044533541165863 -5.25294423149392 -0.004509582185561318 0.999953232635148 -0.008555478421935919 -0.7788999191507681 0.10040960236017009 0.008965119679139412 0.9949057937227075 74.31596834630557
0.9952118634148387 0.006142318094523352 -0.09754803353625398 -5.302203314863354 -0.007036632715768709 0.9999362867861112 -0.008826560396107823 -0.7871396533316081 0.09748760289589524 0.009470707303494273 0.9951916765049753 74.8245458211498
0.995567157980052 0.011121049913243499 -0.09339355545405267 -5.355799804906176 -0.011742933176519761 0.9999123708389727 -0.006111805264856253 -0.7927537670914423 0.09331740176373217 0.0071814268784750985 0.9956105110112363 75.29271544974767
0.9959887109828026 0.009515041602645876 -0.08897163355876465 -5.390347610253967 -0.009822495333454532 0.999947202419191 -0.0030184365914420344 -0.8017856418097162 0.0889382155220094 0.0038802522253345772 0.9960295866400899 75.72107502459845
0.9965143834249576 0.005762174281305866 -0.08322187798126444 -5.422892839886003 -0.005660756384879312 0.9999829199092375 0.00145455386474619 -0.8155025418335994 0.08322883793690512 -0.000978385070541772 0.9965299811336968 76.21185572384995
0.9971618296877621 0.001324882342089712 -0.07527635817794254 -5.446415957115802 -0.0009464471556151705 0.9999867364191077 0.005062728873102068 -0.8283631168328218 0.07528206726396311 -0.004977114891232845 0.9971498576822962 76.68828104618693
0.9979031073601194 0.004962768562749729 -0.06453494595341656 -5.472032290199313 -0.0046436202333246775 0.9999762415971536 0.005094411875654586 -0.836366953707522 0.06455869509327489 -0.004784053660102125 0.997902443988605 77.09002569283538
0.9987348839378565 0.010156374544670273 -0.049249158995300454 -5.494475093733488 -0.009945328100890893 0.9999402900445651 0.004528442840065398 -0.8401607718565977 0.04929221089179922 -0.00403291478939065 0.9987762579996082 77.45760522499667
0.9993962960783768 0.015255009377323863 -0.03121422870613181 -5.506386455445626 -0.015104093025563946 0.9998730982178253 0.0050649614175387915 -0.8441407452676619 0.03128753359879988 -0.004590441066369458 0.9994998839880473 77.88562052832549
0.9998634209777556 0.013687075367945549 -0.00926301023054426 -5.499546361427612 -0.01363535447643489 0.9998912184809887 0.0056239054850368165 -0.8479027732580451 0.009338977404456396 -0.005496832949512109 0.9999412824404063 78.23228421010465
0.9998011555342716 0.010247195058454714 0.017106852012241745 -5.479219459824148 -0.01035910714315298 0.9999254358056746 0.006466198885544989 -0.8517904709874303 -0.01703931605233736 -0.0066421248305591155 0.9998327579581516 78.61470266598062
0.998880042850023 0.009100198084295515 0.04643109293095068 -5.44471579477015 -0.009489163028172598 0.999921651655646 0.00816372067557023 -0.8590886973059116 -0.04635316365644076 -0.008595169868627173 0.9988881355156686 78.98579132250862
0.9967949554930648 0.008701571173033953 0.07952420614315656 -5.397269533124596 -0.009515927274325412 0.9999060391394187 0.009867118152124854 -0.8668055065099 -0.07943087454943719 -0.01059224016149879 0.9967840992996793 79.37825260509047
0.9931261058836389 0.008546501172139169 0.1167368627731352 -5.339866049290814 -0.009827136404232337 0.9998976377206028 0.01039910913730503 -0.8705101964881421 -0.11663603732334125 -0.011474815836064408 0.99310843486451 79.71021922479171
0.9873233852099801 0.008675643215372782 0.15848427755554992 -5.272570933550913 -0.010466710622890077 0.9998904071755641 0.010470033764040806 -0.8741698609588692 -0.1583760745385546 -0.011996118250627238 0.9873059870985667 80.02698971770975
0.9790396671440329 0.00835782158456091 0.20349810067138602 -5.1843838080289775 -0.010728932155393124 0.9998867733514223 0.010551326536757078 -0.8785864574750091 -0.20338687315878082 -0.012513484536329257 0.9790184842644457 80.3485914196296
0.9674350132309105 0.010457083127298521 0.2529034293705333 -5.083969515422726 -0.013071649463749935 0.9998770596007611 0.008660119192690134 -0.8858227715178476 -0.2527817777356678 -0.011683967502673242 0.9674527677092001 80.66359620751555
0.9519531411894825 0.011401981336420968 0.30603139022178893 -4.9665471927151925 -0.013888439865413557 0.9998858560717157 0.005948618817505835 -0.893078504468471 -0.3059286325559965 -0.009913104929087715 0.9520028372505424 80.95652945206396
0.932231326435779 0.01161764585937043 0.36167635299598166 -4.82818151895192 -0.013957538062596909 0.9998951472757844 0.0038576658185201437 -0.8987271137991293 -0.36159361324976286 -0.008644348386227593 0.9322957331758835 81.23994412086043
0.9083214080569245 0.012171304854273956 0.41809577730901576 -4.666104162247894 -0.014313978198856782 0.9998955711844425 0.0019891590833813547 -0.903136552746972 -0.4180279054005948 -0.00779140962090145 0.9084007729204716 81.5115281856505
0.8795299489010543 0.012358956363688717 0.47568300913918404 -4.511608007072765 -0.01397926751514562 0.9999022766155395 -0.00013152490244993276 -0.9060786904611486 -0.4756381492961312 -0.006534019946435052 0.8796167674149297 81.73792437956872
0.8464477118721523 0.010224590964331249 0.532373674035456 -4.3490836412419 -0.010843306132143547 0.99993928050835 -0.0019641813986722503 -0.9138061184299334 -0.5323614315279823 -0.004110113873652423 0.8465071843672816 81.9400602311499
0.8098674522013944 0.009477112634527022 0.58653635369083 -4.16821866101664 -0.0093346638424931 0.9999510908734608 -0.003268013452001343 -0.9192985008926244 -0.5865386380416637 -0.002828461964973268 0.8099163079523357 82.13676503983334
0.7703872607158306 0.007995993505518054 0.6375261034770408 -3.9525462743273594 -0.00839846997922856 0.9999618688456022 -0.0023930225275989947 -0.9248965413741783 -0.6375209284633461 -0.0035106897711581694 0.7704250390716567 82.34258905559581
0.7280687221090577 0.00732010509702571 0.6854650625289753 -3.7384472980582033 -0.009961170740033722 0.9999503814843534 -9.821803699432662e-05 -0.9312740046051947 -0.6854317697363987 -0.006756525043496442 0.7281055132364849 82.52397175720441
0.6828162718961125 0.006043924126609532 0.7305651304401585 -3.527791578794253 -0.009608642987808351 0.9999535852283964 0.0007080740129944228 -0.9395275373811507 -0.7305269418808774 -0.0075032239755204394 0.6828426530439836 82.68551435783131
0.6362874803774193 0.004686769192705425 0.7714377982115533 -3.2990553707778187 -0.006611472028159305 0.9999779505057704 -0.0006220449329087097 -0.9446190435805717 -0.7714237037793018 -0.004704540021298411 0.636304437003713 82.83470486317653
0.5879524096764039 0.0023118970429624242 0.8088922172253683 -3.0844862331938816 -0.0021422058023292667 0.9999968591621576 -0.0013010073477726367 -0.9506918613324785 -0.8088926844211228 -0.0009678831960694876 0.5879555155724866 82.97068742109538
0.5390516905663087 0.004213517802838644 0.8422621451575093 -2.8481698805741646 -0.004984050499858499 0.9999859365181252 -0.0018127345590310978 -0.9602328666774685 -0.842257938008434 -0.0032207194369904416 0.539065110008141 83.11815906980164
0.491148475389123 0.006832050312537237 0.8710490791060321 -2.6278551020767065 -0.00949480776957605 0.9999518246782954 -0.002489366980791403 -0.9692595746884398 -0.8710241235168854 -0.0070477947666782465 0.4911896831577066 83.2254620075632
0.44549486249257414 0.008707160906640898 0.8952421531863142 -2.4068341170931644 -0.010858680636016017 0.9999317031101074 -0.0043218248650017405 -0.978464195279329 -0.8952186417560613 -0.007795797859398527 0.445558984858535 83.31320701785266
0.4027911205363083 0.006455129308463146 0.9152691650671488 -2.123112523076739 -0.003827537544613924 0.9999782662910025 -0.005368137664411289 -0.9807649906698983 -0.9152839248962309 -0.0013409889076805102 0.4028070736410919 83.40564845554249
0.3629218022334082 -0.0007216738397464728 0.9318193197452624 -1.6522634915927852 0.010930188378130049 0.9999341989874762 -0.003482625057561089 -0.9820357919518334 -0.9317554917711369 0.011448881261590063 0.36290580964237085 83.52565275069193
0.3272807737725214 -0.004563719075183913 0.9449161166934672 -1.2819292339271215 0.01485507949395591 0.9998896072943193 -0.00031597157892873347 -0.9854225340106382 -0.9448103628411828 0.01414021545144355 0.32731243877203786 83.61851978431503
0.29387581115012656 -0.0005907810487447689 0.955843427868083 -0.9244265382606591 0.012051096970035622 0.9999226174232649 -0.003087106610456531 -0.9900359747484301 -0.9557676384365991 0.01242618779666441 0.2938601898423266 83.7128332823427
0.2633377746883307 0.007132291251528838 0.9646773278375008 -0.5416241353775173 0.0009904404259095424 0.9999701437054361 -0.007663597424885176 -1.0034832037679975 -0.9647031851559114 0.00297357011542518 0.2633228482885754 83.808308621157
0.23587658494506022 0.011592705796329067 0.971713870358438 -0.1548292308162355 -0.0036570429866155207 0.9999323518684274 -0.011041635905437953 -1.018518457577708 -0.9717761381672478 -0.000949136025009849 0.23590302335823574 83.88380785542157
0.21023041211037033 0.01336456112000446 0.9775605159426056 0.2610780548426548 -0.0024843631698132826 0.9999106348362377 -0.013135839563249601 -1.0317875821031766 -0.9776487108177173 0.0003329376227262286 0.21024482725859187 83.9536024062244
0.1865765696672958 0.014836113129104721 0.9823283938675523 0.6928341945377673 0.004939017404722277 0.9998591689713278 -0.016038962904146324 -1.0401206171018724 -0.9824280074174702 0.007844231714141399 0.18647701807610065 84.01189945233435
0.16641467440631807 0.021103819529241286 0.9858299979933235 1.1324779610410305 0.011903672840732609 0.999655096603653 -0.023409194929363285 -1.0392708988285408 -0.9859840053039096 0.015630631324976697 0.16610606445654771 84.05905059695061
0.14659431824761696 0.027892324924934066 0.9888033798828755 1.585907547025749 0.014095297039466579 0.999442002563191 -0.030282108807783682 -1.0378047136000115 -0.9890962685496725 0.018376662448854927 0.14611936838884607 84.11314393277698
0.12886119397033166 0.02865181353256616 0.9912486399838516 2.028412045991646 0.011521211091736176 0.9994717989784908 -0.030387246365499318 -1.051235946213083 -0.991595711156276 0.015336121673779294 0.12846302576417418 84.16707449178794
0.11332444641309186 0.02439848988191155 0.9932584172996713 2.516179487757221 0.009477479256087685 0.9996264106686301 -0.025636233746404086 -1.0733759618481096 -0.993512831941348 0.012318798043320076 0.11305087342719314 84.21749475377938
0.09879310353606567 0.02110121834814752 0.9948842451652029 2.987412747600943 0.009555741334052903 0.9997089361490535 -0.022152444363610024 -1.0935275741874555 -0.9950621138910221 0.011695365233714302 0.0985627106505355 84.2575407097717
0.08531068207249198 0.018761569116188183 0.9961777406912004 3.4765192242858527 0.011679807155625962 0.999735165258675 -0.019828803544737227 -1.108040396381125 -0.9962859376851276 0.013326772659083445 0.08506895733085927 84.29105237053996
0.07370411323863729 0.017995687633601737 0.9971177758511277 3.959997925437578 0.015495660337720176 0.9996958137925239 -0.019187610492188006 -1.1202803830120571 -0.9971597606213382 0.01686520418778725 0.07340283840084207 84.31575253198797
0.06367857119658993 0.018535690465118496 0.9977983101555854 4.483871083521687 0.01866636990357188 0.9996304665532882 -0.019760996257195112 -1.1342249502300727 -0.9977958740168172 0.019883624353602528 0.06330904578005415 84.33853783756595
0.055853038470239785 0.018917141070080676 0.9982597757434566 5.012071056133552 0.02073847013087825 0.9995828148772052 -0.020102538615611173 -1.1484572183734094 -0.9982235991751913 0.021825168404760197 0.05543742484848383 84.36243515254282
0.05031659489000912 0.019322406394722567 0.9985463859479896 5.565043628158396 0.022539456356403496 0.9995362185931427 -0.020477319836288584 -1.162359202344982 -0.998478949796055 0.023537041692554928 0.04985774245320841 84.38488876189385
0.04559128234157142 0.0205678916410269 0.9987484151716556 6.141451171939496 0.02366124740247191 0.9994852938629527 -0.02166316512065184 -1.1730991365701546 -0.9986799188658049 0.024619284821631095 0.04508115425608897 84.39917792048475
0.03868756397505037 0.021530509835140686 0.9990193739562386 6.834377812669798 0.023950656574437835 0.9994606427994264 -0.022467521995304385 -1.1876612675294922 -0.9989642828666749 0.02479638363139005 0.038151027711913935 84.4366894058902
0.03450862300523832 0.021427550119421126 0.9991746669297424 7.506107435589277 0.02652329701915715 0.9993983511979833 -0.02234838557893679 -1.2078567044336552 -0.9990523858404606 0.02727261847771431 0.03391953165733785 84.45350296471982
0.031442733821319735 0.021387235466832175 0.9992767087493473 8.132409147630622 0.0279886672136707 0.9993601428121843 -0.022269698381698268 -1.224552760405125 -0.9991136016477028 0.028668643454054538 0.030824014745978165 84.4715025850861
0.028329452699014546 0.020926072803049325 0.9993795783318846 8.766603825111186 0.028831929756502676 0.999347774566433 -0.02174270672277488 -1.242374856575924 -0.9991827470169263 0.02943000078419967 0.027707636448308395 84.48893725412223
0.025919692011735378 0.020344494545228558 0.9994569881229085 9.426249546630023 0.0307266799990605 0.9993042808570165 -0.021138244891074603 -1.2600957171630796 -0.999191693671566 0.03125789184412282 0.025276540412188856 84.5043873798834
0.025071460398557614 0.01991166930279162 0.9994873422405406 10.122324074750855 0.034982595961872434 0.9991718016136678 -0.020782897773510292 -1.2812078217854808 -0.9990733906241585 0.035485719461102495 0.024354134373366712 84.51858879627342
0.026207245761572604 0.019487740306652873 0.9994665618455341 10.789451574106097 0.03859314178012888 0.9990448782390654 -0.020491478029379822 -1.3006907590787251 -0.9989112821853259 0.03910957992653659 0.025430121526222725 84.53152287753527
0.028695563247530618 0.019404328370457923 0.9993998382481348 11.521996552973325 0.040391127196617305 0.9989724806224363 -0.02055577298088138 -1.320040512757238 -0.9987718065172314 0.04095674547063406 0.02788231530486773 84.55258034485547
0.03246634572110017 0.019291918686160012 0.9992866246822901 12.325877325937872 0.042808006915127185 0.9988693770214407 -0.02067467515468771 -1.3424841356792099 -0.9985556624142056 0.04344869989083724 0.031603789936074995 84.5791006512314
0.036878083407541354 0.018893719792181844 0.9991411483452177 13.11100440518142 0.04321149704364166 0.9988559469930662 -0.020483253643668754 -1.3595944239629398 -0.9983850827648789 0.04392976791422928 0.0360194670083859 84.6080479329592
0.040840337528300776 0.017387314691589214 0.9990143883440266 13.92702049096756 0.04460727746531013 0.9988199350181198 -0.019207503938058056 -1.378015436903378 -0.9981694533633594 0.045347752956605675 0.04001654250531124 84.64310958119567
0.044646469006032224 0.01578690583084372 0.9988781038793376 14.76768462543396 0.04436670933098563 0.9988572649651278 -0.017769618159182498 -1.4011659926805136 -0.9980171781629982 0.04511028519829377 0.04389503685948317 84.69192390001213
0.048654302602311274 0.013746066606351845 0.9987210844330542 15.638977048080081 0.04118841025844761 0.9990271452237182 -0.01575683872254951 -1.4225381574894007 -0.9979660684104771 0.04190237175865321 0.04804079040081574 84.74788432417915
0.052838194829065425 0.012575611382380012 0.9985239001473947 16.420481550625766 0.04053573700695166 0.9990695447356776 -0.014727484746143266 -1.441379782871082 -0.9977800254527595 0.0412540759198894 0.0522792695768318 84.79186404139772
0.05688362553661716 0.013460549997774494 0.9982900714419465 17.292174413357035 0.037729678960956865 0.9991658606418821 -0.015622235860109142 -1.4645591608805713 -0.9976676422894116 0.03855381332012663 0.056328314435670844 84.84924498026442
0.05983452354436999 0.017416156211257215 0.9980563647886038 18.14988056254454 0.035456668079948184 0.9991797512909029 -0.019561423744617168 -1.493744589317732 -0.9975783951554319 0.036558201720998 0.059167925483662336 84.91034687043505
0.061523732233865196 0.022683680678275905 0.9978478245719138 18.95446747521033 0.030018300485776674 0.999247415631346 -0.024566318202370232 -1.5141602544142245 -0.9976541144143904 0.03146510742013293 0.060796504891960985 84.96184668558553
0.061270565376531416 0.02613458368720869 0.9977789842214235 19.789891200517395 0.02729610442903975 0.9992393885018604 -0.027849006255612638 -1.5342018541870268 -0.997747884238017 0.02894180370886522 0.060510589954473185 85.02054527160982
0.06145270812333299 0.025578003694104772 0.9977822058903095 20.58304448520705 0.024961794818535523 0.9993195315086562 -0.02715479229814618 -1.564577030293124 -0.9977978119156937 0.026575170222267467 0.060772418611667545 85.07322131992132
0.06104312809899128 0.023811269945757767 0.9978510710198489 21.460072183961593 0.021972311808519898 0.9994410998981242 -0.025193359208628557 -1.5998058132538382 -0.9978932578315576 0.023462976324329945 0.06048582244067315 85.14237387180532
0.06111475271840879 0.022510643294578705 0.9978768751397294 22.23948979342182 0.022990918416999784 0.9994486556146683 -0.02395417417430884 -1.6301620764984515 -0.9978659251976243 0.02440605925778486 0.060563517079136944 85.18992028876359
0.06181675771529133 0.021716954050227433 0.9978512225639394 23.11722619815097 0.020394353996582622 0.9995270355391365 -0.023016853638277164 -1.666075584157862 -0.9978791303512822 0.021773358333617508 0.06134461733717855 85.24558347173429
0.06168115095098369 0.022026020856836612 0.9978528398629607 23.96932251500447 0.018729050552505237 0.9995548977419524 -0.023221306282695326 -1.6993670873775166 -0.9979201662872456 0.02012115317985633 0.061241170073318446 85.31071558485992
0.062018220429396226 0.022698998794757546 0.9978168648547115 24.792490353150086 0.01619761103253593 0.9995867968997989 -0.0237460072525228 -1.7263267293089029 -0.9979435744227274 0.017634934570726162 0.061624924755140614 85.36506418073346
0.060958090502122024 0.023839057024809564 0.9978556060685846 25.5929717814065 0.012891293546250047 0.9996125635760931 -0.02466854863046831 -1.7622449706453256 -0.9980570753985163 0.014367397154573526 0.060627156835557326 85.41634114372818
0.05844167308515888 0.02361997677907528 0.9980113564203379 26.392840550231195 0.010283665444884536 0.9996527643724517 -0.02426101620978452 -1.78737063842329 -0.998237855960204 0.011681069277668207 0.05817848011511847 85.46654885334692
0.05440363868076288 0.022146649403357938 0.9982733944258442 27.192085138813393 0.007331963742997206 0.9997181921365413 -0.022578277589642436 -1.8215805040500705 -0.998492106331324 0.008547644789549967 0.05422592887712783 85.5173083758025
0.04950352341368518 0.019686843859709396 0.998579906341237 28.006279848930138 0.005244226520339141 0.999786813593614 -0.01997061472588401 -1.8526274877669424 -0.9987601810534067 0.006225395021181027 0.04938972766675455 85.56335541288622
0.04307554998860781 0.01771326511085017 0.9989147797646659 28.810992118243416 0.0030550521039581905 0.9998358061467029 -0.017861338236903897 -1.8802344586160524 -0.9990671467172868 0.003821123667682229 0.04301436230022765 85.60675087786002
0.035629997569829666 0.01764944869609564 0.9992091874246839 29.62150182762301 0.001995240281788625 0.9998407893264379 -0.017731751614030917 -1.9141307428896246 -0.9993630582973293 0.002625444687599822 0.03558911000292798 85.64053919475612
