0.9999799734054119 0.0004687713678766564 -0.0063113422911637495 -0.008434099820352089 -0.0004665804197585262 0.9999998303860145 0.0003486124699552076 -0.0015149535078857262 0.006311504640216229 -0.00034566073969914695 0.9999800225143648 0.09127858365005793
0.9999097574946622 0.0009479966045468803 -0.013400677945681328 -0.016289658768935556 -0.0009438484820716146 0.9999995046890068 0.0003158667189048505 -0.0029918756720949094 0.013400970748755235 -0.00030319000476302293 0.9999101569935233 0.18531900589774686
0.999774948889934 0.0010779836757669554 -0.021187013081716423 -0.023259028195622485 -0.0010850856517008426 0.9999993588999819 -0.00032371091065880705 -0.004361806322138991 0.021186650543644596 0.00034662778305638846 0.9997754776388157 0.2831122733332976
0.999546709575863 0.001668678604577541 -0.03005978855182046 -0.03867106009910308 -0.0017186339325856244 0.9999971847241301 -0.0016361055038585808 -0.005760602070319805 0.03005697379097398 0.0016870256455123133 0.9995467634238032 0.38639357375104544
0.9991426000754516 0.001780993577095668 -0.04136293964824857 -0.05490843530591121 -0.0019136163397946058 0.9999931542374846 -0.0031669465847119814 -0.0068410485463858755 0.04135701617586042 0.0032433840421220283 0.9991391683209028 0.49993494612938416
0.9985079667220154 0.0015283104985874237 -0.05458483910104244 -0.07598790036555474 -0.0017453452163319514 0.9999907596970418 -0.003928649972847955 -0.008850906147806297 0.05457833052359345 0.004018057684160166 0.9985014076353145 0.6261392073619904
0.9974996386530043 0.0014655235584379105 -0.07065637358247218 -0.10039118396456234 -0.0017589975321437355 0.9999900827386311 -0.00409149753361937 -0.008535973353672576 0.07064967667872317 0.004205551698096773 0.9974923240406951 0.7648660779273653
0.9960313115557784 -5.1185718476041064e-05 -0.08900350431583268 -0.12956036173061078 -0.0003260480967781129 0.9999910262604831 -0.004223871582391626 -0.009153198119542393 0.08900292182347053 0.004236127775241464 0.9960223567412319 0.9165868298763498
0.9940562330149166 -0.0013074878449425929 -0.10885998383120148 -0.1622429252393523 0.0008357867416333874 0.9999900645512184 -0.004378613864313029 -0.01199929047560866 0.10886462724281303 0.004261604672605349 0.9940474494011332 1.0792626026947554
0.9913856392311915 -0.0015383635831745666 -0.1309662084800813 -0.2037335179864751 0.0009320901925677599 0.9999885655674574 -0.004690409599614188 -0.01620880974042528 0.13097192651112327 0.0045279324006875545 0.9913757371925845 1.2483830969649645
0.9879680397302605 0.0019459703963171863 -0.15464593648319216 -0.2604272831711054 -0.0029559680532338416 0.9999757773054954 -0.006301353437074435 -0.01970664226090505 0.154629928294671 0.006682664250680717 0.9879498607085778 1.4209586514540395
0.9837550016670312 0.0062398253993012995 -0.1794078071714991 -0.3269655371766046 -0.0077663169159406 0.9999393626809734 -0.007807386421210706 -0.02595565464761025 0.1793482116349665 0.009073893329501124 0.9837438098627024 1.5975241805648774
0.9785237837996701 0.009123107098180566 -0.20593196317048942 -0.397956517829992 -0.011099822633884338 0.9999027280851969 -0.008445608638663215 -0.035139199337036506 0.20583488158199278 0.010550037187435942 0.9785298657881993 1.7809174939929664
0.9719803141346198 0.00978573802784256 -0.2348584856163735 -0.47318581472882104 -0.012198634551530797 0.9998866657954247 -0.008823201209719803 -0.03734970172444482 0.23474552658111314 0.011440930720856505 0.9719895281608733 1.9714326151557235
0.9641243452816712 0.011648849563216634 -0.26519530753586584 -0.5581752721550839 -0.01429763378374431 0.9998652997195299 -0.00805978194251122 -0.044070255144889964 0.26506569846620076 0.01156229737675193 0.9641610284470107 2.16550943864957
0.9549386116604168 0.013348871761531177 -0.2965030448119716 -0.6545839323571777 -0.016227653567714377 0.9998420378366102 -0.0072500092704062425 -0.04562848903830566 0.29635942910554086 0.011734862480188055 0.9550043883578806 2.3618423664973265
0.9439968020635592 0.015542246954598887 -0.3295883436248556 -0.7592854501115499 -0.01861518623746106 0.9998076871326783 -0.006169569818806684 -0.04923056955238524 0.3294290705677298 0.011959402577334362 0.9441045811534204 2.5587982900272697
0.931934138589576 0.017930753443327393 -0.36218399938741047 -0.874184783884062 -0.021476079572767027 0.9997527411236672 -0.005764947692554554 -0.051983581231012106 0.36199107632300737 0.013150843952701828 0.9320887918894009 2.751242037044492
0.9186217127383705 0.02078906101518016 -0.3945908815820888 -1.0024372792135172 -0.02485910237929725 0.9996774156472035 -0.0052047741376759485 -0.05210714335105967 0.39435539037081585 0.014590393655954569 0.9188421771438479 2.9440736548027364
0.9030524913716581 0.02123217218214526 -0.42900511965694454 -1.1327217539877081 -0.0257244185694105 0.9996581410338088 -0.004674971026183071 -0.05048868961894907 0.4287592006204734 0.015257651498760228 0.9032899600648928 3.1389309093081423
0.885347442546325 0.01689691266743635 -0.46462285815378374 -1.2697298594405513 -0.021816264156725156 0.9997484033569561 -0.005213502034242381 -0.05168152510410314 0.46441786851382666 0.014752095699462144 0.8854933196120389 3.3315137404390907
0.8650066920380955 0.012260670690236172 -0.5016105049573197 -1.418331061303341 -0.017479895075782008 0.9998309395087968 -0.005704881164105368 -0.054871504429458526 0.5014557567696789 0.013702859379797195 0.8650747688190695 3.5222804023631697
0.8408741718981021 0.013932857030070965 -0.5410512938064757 -1.5859428818793462 -0.01834048580286297 0.99982799847368 -0.002756818570383117 -0.0601660539826444 0.5409198217991245 0.012241281105122508 0.8409850756236458 3.7094573108860356
0.8130148167739355 0.01984074326932377 -0.5819048484181631 -1.7796036203431946 -0.023651964945699912 0.9997197111176847 0.0010410364934120952 -0.06670884328923173 0.5817624018963858 0.012916814982572775 0.8132562103239387 3.887654684158737
0.7812822751830006 0.02291766735797699 -0.6237569935541756 -1.98027828239893 -0.026895161302482592 0.9996336355949151 0.0030405403806143066 -0.07249075452767359 0.6235981532873458 0.01440052464883898 0.7816124155273192 4.064775479687323
0.7465571975063161 0.022516403931372515 -0.6649401194134065 -2.194559500991299 -0.026589676898085005 0.9996384424813728 0.003996673100354225 -0.07572976780305009 0.6647896960197046 0.014696797862627177 0.7468859780439142 4.236510716062554
0.7072824934438464 0.01859435021959805 -0.706686440090488 -2.412473060580969 -0.020835335596714348 0.9997680498287193 0.005453011301310476 -0.07786227659903025 0.7066239192515551 0.010867229710964309 0.7075058586753763 4.415612705579987
0.6659266533291462 0.015065432302234987 -0.7458650850759744 -2.6549922921088305 -0.015768866003924437 0.9998569530756077 0.006116882483144571 -0.07816948417168679 0.745850544848493 0.007688051502760573 0.6660689593527818 4.581699359861841
0.6214114704752872 0.014168785887799872 -0.7833562598640593 -2.9085505884713236 -0.013506598155246182 0.9998816146323536 0.0073707887278581284 -0.07128141817054309 0.7833679570725463 0.006000185552439436 0.6215292765472296 4.748976469888591
0.5743327482788875 0.014548095059203106 -0.818492667764696 -3.188159205779635 -0.011481147669192731 0.9998868851882622 0.009715970189011318 -0.0658082732667638 0.8185414329785751 0.0038170353239073457 0.5744348115658712 4.8990300224749666
0.5241300454316196 0.01548737938505992 -0.8514974084256698 -3.4851505591134084 -0.009765316517505182 0.9998781934746424 0.012175253886425633 -0.06835614705607071 0.851582253261047 0.001933725334478258 0.5242174421336718 5.035083939426519
0.4725810083716429 0.01674033793018986 -0.8811282265439148 -3.8001801067325136 -0.008882718714299076 0.9998592644707006 0.014231955605340584 -0.062376744751266956 0.8812424682428124 0.0011010622565464593 0.47266319914630917 5.155378430047618
0.4194270714394124 0.01864070083197598 -0.9075976289172702 -4.137106320935106 -0.008071196369312342 0.9998262086909421 0.01680500532177328 -0.05642078471679806 0.9077531534139259 0.0002769245196784379 0.4195046314164892 5.262417841662815
0.3653005087776469 0.020650941570546845 -0.9306605594410039 -4.491394685634649 -0.007684963132204125 0.9997867353319602 0.019168338371330026 -0.054243278268043794 0.9308579266614478 0.00014988832843160948 0.3653813048105228 5.354902295568422
0.31135904599656206 0.023845583301915076 -0.9499931224135797 -4.865531640608938 -0.005302395981128225 0.999713155813699 0.0233557421178218 -0.053692999890969935 0.950277553703638 -0.002234781869961524 0.3113961731894337 5.436648530352779
0.2588801069042305 0.025776919667774546 -0.9655654512572908 -5.25241670318399 -0.0007447871307298538 0.9996488769582473 0.02648713061554503 -0.05298439228862833 0.9659091756171407 -0.0061378504833648415 0.2588084064516837 5.503641637209975
0.20903325342441614 0.026213360691749933 -0.9775571383218724 -5.653464286849535 0.0020064769315138228 0.9996270661415881 0.027234219054062737 -0.051489644915297034 0.9779064745736821 -0.007654303260623484 0.20890270134315492 5.553253589175129
0.16279668936208885 0.02720331195126413 -0.986284552120546 -6.074047916119137 -0.0003118611357215916 0.999621213168981 0.027519682505564903 -0.04686061081703692 0.9866595870285637 -0.0041725293836328056 0.16274350777578567 5.576446498253953
0.12120565442747983 0.02766470503274466 -0.9922418321307854 -6.510860855494812 -0.0023812700339608858 0.9996167784290729 0.02757944589921401 -0.03942058513088288 0.9926245608929049 -0.0009799890476660418 0.12122508293927786 5.589479849839521
0.08408838652042415 0.02631322614090305 -0.9961108158144101 -6.96103717048076 -0.003805752984493101 0.9996524707327337 0.02608551326239466 -0.030642024335786618 0.9964510321619489 0.0015974629883796392 0.08415930498398862 5.592252903275702
0.050393763936789286 0.02363878510191715 -0.9984496363839234 -7.42555207513678 -0.0029251142992587544 0.9997190588964443 0.02352120289323093 -0.023604322319127256 0.9987251435017646 0.0017352573623655024 0.05044875240545542 5.58438050169108
0.01941132747425921 0.021022100799920923 -0.9995905519979894 -7.902871800000189 -0.002628818403705911 0.9997765451625928 0.020974962611433494 -0.02104993997295054 0.9998081264320109 0.002220590171251969 0.019462253204702126 5.570999211630047
-0.006583571468096172 0.01922751278722504 -0.9997934583396422 -8.397460581880688 -0.0035099178201438174 0.9998085230411744 0.019250915072329237 -0.017335670664950745 0.9999721681445043 0.0036359326510944424 -0.006514823876084181 5.540493861005491
-0.02685771805969381 0.016925245476101042 -0.9994959725012402 -8.906228709923784 -0.00398011416137738 0.9998469185382134 0.01703813900936251 -0.010951123080250884 0.9996313428819091 0.0044357136081671555 -0.026786242231748608 5.501511250975955
-0.04285889819235365 0.01605781605555575 -0.9989520816281748 -9.434281749682231 -0.003613622583067477 0.9998617957986115 0.016227477752370087 -0.002369971704534393 0.999074600106301 0.0043053276184813385 -0.04279494802582333 5.462226675565538
-0.055739911994691506 0.016518279672460768 -0.9983086740319783 -9.97769419458152 -0.002945702982229293 0.9998560665011942 0.016708354637746923 0.00282907074972359 0.9984409772464096 0.003872043055365466 -0.05568323120844235 5.417637642854585
-0.06514620030135689 0.017692017314268622 -0.997718880802427 -10.534470000529586 -0.004044314754944216 0.9998299238172673 0.017993525438917 0.0032191572772983425 0.9978675343473498 0.0052072990032869144 -0.0650635683976211 5.365195787960849
-0.07194414131550568 0.019153691718282788 -0.9972247372703588 -11.109041189258045 -0.005773776772520565 0.9997908470093021 0.01961952441330087 0.001592187780264728 0.9973919510564323 0.0071692628619680135 -0.07181850484283515 5.310409363874594
-0.07617706009258773 0.020053749753271535 -0.9968926234236484 -11.696108723018895 -0.005702381445991974 0.9997726171495458 0.020547429128550773 0.008795384453895688 0.9970780001391544 0.007249904742931032 -0.07604538460500888 5.2515051579460605
-0.0777247065763078 0.020730011592291996 -0.9967593172912962 -12.301948824662793 -0.003398627190675085 0.999772485550678 0.021057693820526937 0.016024260984907664 0.9969690663811223 0.005024316391679071 -0.07763656950143162 5.201844579942113
-0.07653076904097557 0.022768679499461354 -0.9968072173814996 -12.922969060576493 -0.0016617233816039693 0.9997349314569526 0.022963133500593817 0.023551284157681217 0.9970658353716673 0.003413804126465393 -0.07647264789443492 5.1473764072443755
-0.07512802917366622 0.025304815170023833 -0.9968527702533068 -13.560093331492128 -0.0024091833062823897 0.9996704402433577 0.025557909528143845 0.025945950287617606 0.9971709858736756 0.0043217164255638305 -0.07504230606037839 5.094174362298004
-0.07331667773483432 0.02529874125044125 -0.9969877825014055 -14.212171228498882 -0.00456650233440777 0.9996592102795314 0.025702341522398 0.030470806308606366 0.9972982562014019 0.006437157326596896 -0.0731761654037455 5.031179225677575
-0.07173071919160112 0.02286015847888387 -0.9971620315067037 -14.875120435193253 -0.006431162903300477 0.9997059388478705 0.023381102968198002 0.0362142350763619 0.9974033006101232 0.008090054797007258 -0.07156260857049943 4.972659144133856
-0.07057044244812999 0.02271577075907793 -0.9972481167751065 -15.556795835631613 -0.00676160592573582 0.9997068100150968 0.023250262251094167 0.046878176031877446 0.9974838812421888 0.00838378006991011 -0.0703961568110016 4.919709093438598
-0.06860597462831784 0.025412074860060183 -0.997320132503403 -16.25482883171337 -0.0064730175783034825 0.9996431526417797 0.0259165472205455 0.05782496946244707 0.9976228346869023 0.008233700729956705 -0.0684169999602431 4.860177081900433
-0.0669387551907213 0.028846501840975463 -0.9973400034015759 -16.96970321653138 -0.0073479016889447185 0.9995406209690229 0.02940332249304824 0.06814617497988801 0.9977300293136853 0.00929657810160246 -0.06669604367062937 4.802790817114319
-0.0651135098026251 0.031052650715569823 -0.9973945877759316 -17.69918984167488 -0.00776368008728113 0.9994696802559423 0.03162409715054875 0.07410967332615578 0.997847661776429 0.009802608460089278 -0.06483789597675395 4.74570099067812
-0.06336944978902674 0.03046628902881396 -0.9975249962112474 -18.438717643981057 -0.00945584775998882 0.9994707265854417 0.031126413894148327 0.08669349889342388 0.997945339072525 0.011404908223334542 -0.06304782543308975 4.687715303408179
-0.06151846283207777 0.027449281436325877 -0.9977284278196187 -19.191665105084773 -0.01178296285119259 0.9995321341440626 0.028225424706527436 0.10166999653153089 0.9980363923811729 0.01349258174130531 -0.0611662465803525 4.623491254029286
-0.05978487500499157 0.026817867656501557 -0.9978509761958427 -19.95644110813782 -0.012700781424737588 0.9995376914039643 0.027624149109706612 0.11442239304300261 0.9981304818869322 0.01432499344476732 -0.05941662806798084 4.562347568087181
-0.058326323518142896 0.029135816302209367 -0.9978723085612013 -20.742113537814877 -0.010143587633396919 0.9995051146418562 0.029776390558533688 0.12573636628496737 0.9982460356118533 0.011858752597750086 -0.05800191696870714 4.511350528343535
-0.05735876657409858 0.03118824706500822 -0.9978663563534501 -21.534439805751543 -0.007702052402168367 0.9994683536521612 0.03168104222770325 0.13607923963390797 0.9983239205217379 0.009502804472957933 -0.05708805848210616 4.461198957908105
-0.05604800461525791 0.03287390565968319 -0.997886730799306 -22.334766922499718 -0.00697384181836975 0.9994205325423089 0.033316132175581145 0.14871526093908852 0.9984037192984315 0.008826406943183816 -0.05578626920249193 4.403640323342116
-0.055428842493479895 0.028360786052692183 -0.998059772375536 -23.1357387009026 -0.0067918766346359875 0.9995626755171614 0.02878069013686984 0.15943966087062914 0.9984395393971605 0.008373979188417549 -0.055211979143470626 4.351490483645436
-0.05514894936446665 0.021497435360772005 -0.998246689780089 -23.94194238674602 -0.005457794663307721 0.9997467722150232 0.021831260226029124 0.16638916319653319 0.9984632220875287 0.006652196520913966 -0.05501765553018819 4.3006525653754055
-0.054976654447019234 0.01700935497341538 -0.99834275141817 -24.762124176450683 -0.0024228968516693287 0.9998496755938991 0.017168453209940194 0.17404126621294622 0.9984847004519699 0.0033627456288105036 -0.05492717820147579 4.2422510524546455
-0.05568287015085407 0.017744070547746574 -0.9982908223219125 -25.592665624183475 -0.0012310505039212897 0.9998400917883058 0.017840273748177392 0.17967532555443416 0.9984477464977427 0.002222344066454689 -0.055652122155676595 4.19563885860867
-0.05576743949074988 0.025073800202538597 -0.9981288981068773 -26.43648404265873 -0.0015264307524461495 0.9996813125350343 0.02519808281179099 0.18274104917122108 0.9984426186325404 0.0029288072034648303 -0.05571139368712087 4.143335338225301
-0.05593474485046532 0.03208578393054 -0.9979187375673816 -27.283740054147945 -0.002810269773389925 0.9994744836905416 0.03229332493452879 0.19285848070631562 0.9984304716415235 0.004610739755070925 -0.055815180521045255 4.08497260661266
-0.05628940836928384 0.037394363685913444 -0.9977139690662661 -28.130550126296615 -0.004820869158380118 0.9992765333286484 0.03772491430391236 0.20446115313195526 0.9984028554276049 0.006933361609305574 -0.05606841152378769 4.027502766629072
-0.056662755327242076 0.03776976578188675 -0.9976786942455507 -28.97661531332231 -0.006397364272882959 0.9992499188048756 0.03819258434317615 0.2163057137609951 0.9983728791834674 0.008546611096335291 -0.05637862670979877 3.9659919272688344
-0.05687797919523354 0.034382901663252634 -0.9977889113213687 -29.817248789321777 -0.0064543880025269345 0.9993732652999616 0.03480542312925396 0.22794999185502807 0.998360273828131 0.008419778910913903 -0.05662041120401626 3.9030512277645637
-0.057347223064582724 0.03169079567301672 -0.9978511860374734 -30.655751319326125 -0.0067761990605732176 0.9994606844726762 0.03213134481626961 0.24123684739878204 0.9983312972821565 0.008604281667962474 -0.05710155167686658 3.848404326297596
-0.057321155049621826 0.0328993408470666 -0.9978135690376263 -31.498502084281185 -0.008365643491757661 0.9994059680928872 0.033432423622717186 0.2539248499869513 0.9983207406403751 0.010263737727969353 -0.057011880297929224 3.786697141717684
