1.0 0.0 0.0 0.0 0.0 1.0 0.0 0.0 0.0 0.0 1.0 0.0
0.9999801517938997 0.0005235478472016019 -0.006278687434576318 -0.013485632393670339 -0.0005222776795313102 0.9999998428180137 0.0002039361994634854 0.001174497154490123 0.006278793218037951 -0.00020065293339193533 0.9999802680523878 0.09067506400574246
0.9999114877818519 0.0010243382922320726 -0.01326526791838587 -0.02338429390555529 -0.0010223031066160077 0.9999994646156826 0.00016020208035523795 2.376213511088059e-05 0.013265424917494863 -0.00014662677591068934 0.9999119996291408 0.18452699223885377
0.9997882227898516 0.0013297427316280065 -0.020536342297930145 -0.04212569550650562 -0.0013413800711196229 0.9999989474967179 -0.0005529059243494453 -0.0006984698049207251 0.020535585460728298 0.0005803358717674515 0.9997889541998656 0.28076736955415715
0.9995571144444294 0.0018600409507717316 -0.029700424427729515 -0.0546159542625668 -0.0019166204078111416 0.9999964023687844 -0.0018766501274175029 -0.002414087782451234 0.029696826930468205 0.0019327434257620582 0.9995570833989982 0.3844378304609668
0.9991510779598217 0.0019558840092467568 -0.04114970145054111 -0.06993431136380174 -0.002103841069300763 0.9999914764667025 -0.0035525831024419033 -0.0010065981384183018 0.041142402269209025 0.0036361396682477974 0.9991466765314448 0.4981032599882771
0.9985007641656015 0.0017621586280499766 -0.05470940282693176 -0.08778897946599705 -0.00201190283622474 0.9999878051769189 -0.004510182305236202 2.252071706843105e-05 0.054700787998780157 0.0046134904810201955 0.9984921329173776 0.624815732425614
0.9974824208008037 0.0015981345861156853 -0.07089616462978035 -0.11326877923962214 -0.0019243061480476238 0.9999878760653338 -0.00453263369264188 0.00034449351211326355 0.07088806133064188 0.004657648353809799 0.9974734026893125 0.7633489060342272
0.9960147806530452 0.000188315076441681 -0.08918812285331594 -0.14124161609776595 -0.0006399138247622658 0.9999871201932047 -0.005034874178998972 0.0078665347433054 0.08918602598480926 0.005071881813829777 0.9960020726805258 0.9151097304851674
0.9940333385697931 -0.0011446129217746299 -0.10907067283669929 -0.1753088951030507 0.0005768229329426285 0.9999861198472723 -0.005237116391782913 0.00604951676422824 0.10907515339019709 0.005142953825998873 0.9940202014742199 1.0775159379206212
0.9913508802417036 -0.0014637833486331306 -0.13122991115712834 -0.21896566433479198 0.0007343753560450037 0.9999840139771221 -0.005606467964723809 0.0029769565754857283 0.13123601996721773 0.005461604939146096 0.9913361074502698 1.246114801504277
0.9878781591822133 0.0020928454025491506 -0.15521714663297673 -0.27531780976695003 -0.003219644903899317 0.9999702572198735 -0.0070084636199904595 -0.0017984929759353 0.15519786241264655 0.007423252234766337 0.9878555151583679 1.418771601684356
0.9835679474576507 0.006308468695435731 -0.18042809081920452 -0.3409889663661775 -0.007973752078457658 0.9999320329282517 -0.008505809882959334 -0.00817643764514435 0.18036216901483443 0.0098047308322291 0.9835513993897685 1.595656865341449
0.9782111181609309 0.009008982835290384 -0.20741708351680035 -0.40920777296960265 -0.01119823016561026 0.999893272992552 -0.009383084002601967 -0.014761641897666409 0.2073104144694615 0.011501341335483944 0.9782076012789847 1.7802103637108306
0.9715213525410702 0.00927970231906522 -0.23677024450221681 -0.4821963645098474 -0.011890977261940373 0.9998831860807117 -0.009603064762923056 -0.0168187341758211 0.236653472859635 0.012145012060694415 0.971518210053481 1.9715968279851734
0.9635634090916606 0.01114095430308649 -0.2672478920344816 -0.5690653061460413 -0.014079076253197383 0.9998596540006762 -0.009080303602012327 -0.02066540008473025 0.2671092216145187 0.012512051744802008 0.9635850311672662 2.1649182631250237
0.9541950067642518 0.012905092447191287 -0.2989069213904205 -0.6648686136005619 -0.01604591510516254 0.99983880374606 -0.008055751491053614 -0.024161165559090182 0.298754778496692 0.01248299293347321 0.9542482681214651 2.36152238905427
0.9429402381609422 0.015221218047346122 -0.33261392300705195 -0.7668492643784535 -0.01854264918727916 0.9998048521524913 -0.006813792883023829 -0.030164021546310264 0.3324452998887237 0.012592542773022262 0.9430384671095907 2.559842663409387
0.9305758711489249 0.01960028078266822 -0.36557403768410646 -0.8815592023623605 -0.023135119484687498 0.9997183465317317 -0.005290921875207519 -0.05432324096695339 0.3653673689341307 0.01338120327552358 0.9307672260651696 2.7508976136579246
0.9168904043145802 0.022431809278304564 -0.3985082187462985 -1.0085972209815184 -0.0264177541168815 0.999640803425277 -0.004512914212212545 -0.05610971051988476 0.39826384312822816 0.01466553987306871 0.9171536584438651 2.9445232860453134
0.9009497420320678 0.023058031851596904 -0.4333103847122539 -1.1389310293013846 -0.027391367649453446 0.9996177165153524 -0.003759495567896018 -0.05662029078508363 0.43305805073990167 0.01525608061604607 0.9012369148529115 3.1393535997201765
0.8827020362186323 0.018466109817609495 -0.4695701417719026 -1.273526584020746 -0.02327798641284988 0.9997191552537155 -0.0044436434781300735 -0.05602698150516 0.46935620865611644 0.0148530605264214 0.8828839878426583 3.3336329741031143
0.8620016299226723 0.0139382199253484 -0.5067138403832772 -1.423513612147989 -0.018958123550950674 0.9998090001130272 -0.004748983513962513 -0.05980227481123966 0.5065508657203969 0.013699975120474455 0.8621012302042119 3.5233012398697676
0.8360377747748916 0.016201998272549912 -0.5484326160992107 -1.568616862166748 -0.019935376889218044 0.9998009065287871 -0.0008532599257421868 -0.07391989370264936 0.548309602230102 0.011646568429899685 0.8361943180541684 3.728002703572825
0.8073132443524951 0.021980561431994346 -0.5897136427217733 -1.76255833594689 -0.02483238336016693 0.9996862929576942 0.003266253076133731 -0.0814798481310142 0.5896004394754998 0.012007105881017744 0.807605814230346 3.9058541737252988
0.7749556982032769 0.024858761094892996 -0.6315264901958578 -1.9650330615037794 -0.027874165920875812 0.9995982128453686 0.005142348739720408 -0.08349607601112305 0.6314005833830748 0.013618181713152915 0.7753372481896771 4.080998248904729
0.7396433717958422 0.024412234430067233 -0.6725561131746622 -2.1826901025523893 -0.02740738441644591 0.9996054770634641 0.006142109098181399 -0.08600659496335743 0.672440716969107 0.01389003365209185 0.7400206410143013 4.2484468471994745
0.7003580801197299 0.020242265162094295 -0.7135045972606717 -2.4075788266050613 -0.021290242007432555 0.9997454672079028 0.007465011220198783 -0.08702195385501124 0.7134740956799138 0.009962504622844731 0.7006107787462088 4.4187184554189605
0.6578306888869 0.016490438012157424 -0.7529852921623063 -2.650372573274067 -0.015882909055181773 0.9998416872612103 0.008020823810661945 -0.0846493256193486 0.7529983518962915 0.0066832528624951835 0.6579884620361096 4.58438684711792
0.6134380346379378 0.01602053287109625 -0.7895803443513969 -2.9141267041514 -0.013015381276908395 0.9998635222516615 0.01017529953949456 -0.08551838293950868 0.7896355979246128 0.004034773479126193 0.6135628273398018 4.735230772642814
0.5652848869055723 0.016706523759319348 -0.82472655389531 -3.193165957168371 -0.010178893922217686 0.9998600408104499 0.013277383365952782 -0.08639779048623461 0.8248329447558908 0.0008892999525119591 0.5653758240240913 4.886437005234314
0.5216267314825043 0.016018961862641658 -0.8530234146046184 -3.5094610641097 -0.007630937456843335 0.9998713261099954 0.014110280527672618 -0.07787843701767358 0.8531396848092397 -0.0008509311858803135 0.5216818514379316 4.805160621151652
0.4863608794359577 0.018371691045239745 -0.8735648664652328 -3.728969074584314 -0.007275897585596743 0.9998294197767728 0.016976238192442927 -0.09694582125884804 0.8737277357784893 -0.0019006096340143126 0.486411586431094 4.5498122245929284
