0.9999852431321532 0.00026833338604156866 -0.005426003605089668 -0.0961642069595545 -0.00026661558520586206 0.9999999141160035 0.0003173076036121962 -0.01676125523774733 0.005426088283306487 -0.00031585626401932473 0.9999852287912868 0.9952312693299512
0.9998685657241931 0.0006375800788967011 -0.016200147168720175 -0.07316185885824586 -0.0006407582297865641 0.999999776475716 -0.00019099059893547878 -0.021101412445198645 0.01620002177579274 0.00020134587384652722 0.9998687507639705 1.9989110240909311
0.9996213101969028 0.0007155766532859177 -0.02750861956334805 -0.07059245151699127 -0.0007529947717187287 0.9999988053868452 -0.0013498976836241073 -0.023835401567740774 0.02750762074592252 0.0013701003378444891 0.9996206548616143 3.0011203198294796
0.9993008643649317 0.0013697883812947178 -0.037361827568940686 -0.21557089061582152 -0.0014864161372516401 0.9999941089206824 -0.0030939765670064774 -0.035305630754877644 0.037357369374297546 0.003147348681150095 0.999297013479832 3.9905232172616056
0.9987570883010993 0.001524479515631009 -0.049819218485608614 -0.3577243688889725 -0.0017730589786250732 0.9999861974816646 -0.004945817224618418 -0.043726208407520555 0.04981099105788503 0.0050280024231733 0.9987460059301684 4.980343226006865
0.9979409887104427 0.0011893609843417064 -0.06412775118521773 -0.5250666802772856 -0.0016000334511840724 0.9999785394215072 -0.00635299845617179 -0.05773059362390711 0.0641188189580825 0.00644252410767354 0.9979214753368838 5.966141718189306
0.9969805896237961 0.0016228012741717431 -0.07763420914398807 -0.720508907512251 -0.00198672827616191 0.9999873970596383 -0.0046107084754636145 -0.06812649919535597 0.07762574846109138 0.00475102493295497 0.9969712488020614 6.946866363017364
0.9955092918357085 4.726490637442927e-05 -0.0946638665742888 -0.9232001375417382 -0.00047739040311475106 0.9999896659494268 -0.004521072080460249 -0.07252919088771195 0.09466267462505555 0.004545960886581465 0.9954990267561534 7.926117727498522
0.9935128871260873 -0.0015513458296013587 -0.1137089989424916 -1.129884583669033 0.0009963198899121417 0.999987312779937 -0.004937775393587194 -0.08685675181611234 0.1137152164886632 0.0047924529499545595 0.993501827846159 8.904432244813865
0.9909780142549833 -0.0022005292696004168 -0.13400646601632316 -1.381896631184949 0.0015174570824306303 0.9999853325601208 -0.005199229618670181 -0.11021587428820509 0.13401594154149468 0.004948973182217499 0.9909668183532627 9.871916401142062
0.9874384330555386 0.0017988923701866438 -0.1579940027692932 -1.6966975346175184 -0.002710122415744541 0.9999809137384653 -0.005552242364642333 -0.13949627083468544 0.15798099936800825 0.005910680588945267 0.9874244617658916 10.820682760269099
0.9830939268794827 0.006276694671545046 -0.18299435520441185 -2.049795547340406 -0.007679331323721429 0.9999463104944321 -0.0069572982538845226 -0.17055340411757225 0.18294086149108066 0.008244951944868566 0.9830893458706221 11.755754739914726
0.9775386914808719 0.009503726072524291 -0.21054164872680908 -2.4211182276987624 -0.011442498868744 0.9999025924604448 -0.007992171827512308 -0.2111507543167532 0.21044518497105943 0.010221779767736701 0.9775522182169484 12.683409240954074
0.9707530865681898 0.010371101414414241 -0.23985596755925104 -2.809196111963074 -0.012611110193392405 0.9998900071543907 -0.007805990807242043 -0.22436130713134936 0.23974862839654085 0.010602539707285622 0.970777101776578 13.604953620757076
0.9627383441330406 0.012302851711917064 -0.27015462345798485 -3.2227360062967927 -0.015081540401564066 0.9998525433172026 -0.008212110644509074 -0.24918043371619455 0.27001375497386604 0.011980461672082929 0.9627819278855605 14.51513813169188
0.9535161201207544 0.013984207708598803 -0.3010173593077746 -3.671896054974961 -0.016788170677585562 0.9998364182878071 -0.00673008103292434 -0.2594477145061161 0.30087400352167903 0.011470771559587334 0.953594911587024 15.408545804582701
0.9427106620102814 0.015842361973712388 -0.33323509313880917 -4.152184567178288 -0.01889578760924398 0.999803909908272 -0.005923760862707247 -0.27213809373346204 0.3330759026749957 0.011881132068370942 0.9428251596971786 16.285590740822215
0.930673914839437 0.017790088998752295 -0.3654169905339008 -4.671392760937636 -0.02153260665299997 0.999749114480168 -0.0061688691708769025 -0.2786766921183168 0.36521556797070354 0.013609585942881842 0.9308234892192502 17.140229499382578
0.9168954762994812 0.0202017865127044 -0.39861582176732874 -5.221174451950939 -0.02476256614406792 0.9996735375902205 -0.006295519026662564 -0.27519395735953395 0.39835850795421485 0.015643083569089708 0.9170963924675213 17.975564145131408
0.9014232795001147 0.021436955497559865 -0.43240782614824896 -5.785153626566323 -0.026038918485687484 0.9996497685425175 -0.004723873091770283 -0.27616879039686165 0.43215511786782573 0.015517641311973515 0.9016657678479084 18.80139484993939
0.8834489474869239 0.01645959130629912 -0.4682382289372331 -6.366545444432814 -0.022008882470194537 0.9997374029437107 -0.006382338738905058 -0.27333743466845234 0.4680102202694512 0.01594387059012233 0.883579213604499 19.615034956447378
0.8629038214699054 0.011302625687186107 -0.5052417693987797 -6.977892081836732 -0.017442731343181174 0.9998203031445353 -0.0074237822745249656 -0.28937444430874737 0.5050670708093371 0.015218806541424585 0.8629459090299522 20.406255018172317
0.8392680642752516 0.013447139466721582 -0.543551552962399 -7.642317754585082 -0.01827265645665054 0.99982698942579 -0.003478683914770452 -0.318972292239381 0.5434107344483455 0.012851679109135698 0.8393685769853343 21.153121377138625
0.8122791977014273 0.0201320218869165 -0.5829212697065282 -8.379384878635499 -0.023938679472671715 0.9997127454498234 0.00116884998256258 -0.3453892374879932 0.5827773542328416 0.013004932907238177 0.8125278008249607 21.82848661066016
0.7821668245008171 0.022655331175413743 -0.6226570441419907 -9.143291793297712 -0.02661005677533277 0.9996415517701769 0.002944970785380254 -0.36986498657476263 0.6225005731151757 0.014265480848730753 0.7824893178359894 22.473492462046494
0.7465078820073897 0.022436605367025533 -0.6649981810805545 -9.93063111149195 -0.02661099819782826 0.9996384337986248 0.0038544062510413096 -0.3772759525261171 0.6648442200062784 0.014818920751432863 0.7468350304531823 23.09002121136361
0.7087332702061636 0.01819787999742947 -0.705241794611236 -10.713041106205091 -0.02065858863261546 0.9997738998737723 0.005037047438440271 -0.37585416819111106 0.705174002937279 0.010999377018171701 0.7089489680411601 23.71282029672348
0.6671155544966243 0.013957763153653999 -0.744823480964724 -11.536275913533608 -0.015338906007076856 0.9998698571814214 0.004998666073082333 -0.37693425583457224 0.7447963177346996 0.008090089477293954 0.6672428310151269 24.28057228020189
0.625469226251243 0.014162114123431083 -0.7801202994001802 -12.393324999721 -0.01319128941623802 0.9998842948413225 0.007575408451597137 -0.3785645124346978 0.7801373192561732 0.005552607786112485 0.6255836727813193 24.7960136911777
0.5800678688119432 0.014730302942015893 -0.8144349487511002 -13.288593455030993 -0.01083254319183173 0.9998875615593386 0.01036919702374456 -0.37857417460097836 0.8144961163688672 0.002807563740428947 0.5801622135281439 25.24156656709885
0.5327019057086875 0.013751937352545842 -0.8461912099953444 -14.19933578636976 -0.008180832325888208 0.9999049279634418 0.01109995571523711 -0.3837541732738877 0.8462634067693038 0.0010095808418235685 0.5327637629472701 25.65496404625467
0.48169984383681724 0.01616608362905298 -0.8761871479242805 -15.136390512756115 -0.007820613576337395 0.999869319648203 0.014148555740055954 -0.3778639670200776 0.8763013742148732 3.696401396756062e-05 0.4817633238248692 26.004189312039923
0.4294815046821183 0.018312255207239503 -0.9028899702871935 -16.09062428964463 -0.006827119582777877 0.9998316548558821 0.017030924412694645 -0.37187335066564076 0.9030498477792827 -0.001150329245650037 0.4295342235124464 26.303210699193407
0.37592269222737834 0.020612570686326964 -0.9264217459657462 -17.058518013397844 -0.006628188831543492 0.9997868052244883 0.019555337169807036 -0.3710384470379768 0.9266273234592927 -0.0012107967263787563 0.37597917148421134 26.554574307951647
0.3217753828035186 0.02436024564465736 -0.946502605096141 -18.03535776041839 -0.004764934867914826 0.9996979694973572 0.024109441689223608 -0.3697214345939626 0.9468040443604753 -0.0032478015631341676 0.3217942718067752 26.768647202200025
0.2687044398614303 0.026641766502541513 -0.9628541635556133 -19.01913954120009 -0.0007037549486599011 0.9996225802189365 0.027462735577664973 -0.36473405270789416 0.9632224191367881 -0.006701745598018938 0.26862177476558385 26.948039013045147
0.21981364990948848 0.027226501367136377 -0.9751618721713717 -20.01112319711222 0.0020251291633356177 0.9995955759482442 0.02836517929733853 -0.3590866154474007 0.9755397778488274 -0.008209882337992195 0.2196696148006264 27.074378514649215
0.1728762333685413 0.028741445648552168 -0.9845241171440838 -21.008869844405428 -0.0006047361717256565 0.9995770585629701 0.029074701868870925 -0.35137830708295703 0.984943370062699 -0.004430947599830352 0.17282049783778325 27.141219236959184
0.131096307042684 0.028755708423174382 -0.9909525051751232 -22.0080694544095 -0.0027431595621618537 0.9995859315224894 0.02864333391792928 -0.3336858250679446 0.9913658423384304 -0.001036694457811555 0.13112090569094717 27.177401580705705
0.09386837663908969 0.02740239496224303 -0.995207433964134 -23.00764415283614 -0.004161874703545284 0.9996232111460154 0.027131430796792824 -0.3097482415645244 0.9955759170781967 0.0015951452794048346 0.09394705341544027 27.19408517214641
0.058903844176462994 0.024773270999179725 -0.9979562225795464 -24.00749286448285 -0.003164195941193912 0.9996916381363672 0.024629585954150452 -0.29210956498489044 0.9982586463463661 0.0017069517358013723 0.058964067960843254 27.192500186357268
0.027491459222091938 0.022098277559890717 -0.9993777493013976 -25.007336022186674 -0.0027027890117616304 0.9997536073407346 0.02203223866851803 -0.2857345458581071 0.9996183844854977 0.0020954088084839603 0.027544412510114857 27.175881164027302
0.0017522314584429179 0.020264347228318637 -0.9997931215588189 -26.00579820536429 -0.0035200740361033492 0.9997885871662484 0.02025808606205068 -0.2768625914999124 0.999992269351966 0.0034838489529881835 0.0018231930167619326 27.121148442317477
-0.019515961232178112 0.01792541970393889 -0.9996488416367133 -27.003610633745915 -0.003711382840550942 0.9998310779558182 0.01800114416135462 -0.26448806026629135 0.999802656975162 0.004061389189014994 -0.019446136461013647 27.056145749962383
-0.03487894875209317 0.01720682041509382 -0.9992434059152717 -28.001018571679225 -0.003360507490219341 0.9998440995214011 0.017334463985001297 -0.24821735716293555 0.999385894398833 0.0039625728311084435 -0.03481568745840181 26.985986233196705
-0.04696482643134955 0.01770239206553262 -0.9987396709820994 -28.997971466000607 -0.0028029351161219275 0.9998366821787248 0.017853641773458388 -0.2349542904376129 0.9988926111614833 0.0036378956827177746 -0.04690753758186024 26.909035721192133
-0.0574925899689365 0.019099480965434644 -0.998163219080685 -29.994954144026973 -0.003918006049715365 0.9998049672712167 0.019356566027999376 -0.2342736534784554 0.998338244948703 0.0050236686448159205 -0.05740654515026089 26.831279748772705
-0.06403957353741821 0.020670213361046002 -0.9977332686147912 -30.99119954951549 -0.005648769254713113 0.9997619435932316 0.021074808388019627 -0.23831263811171732 0.9979313726038734 0.006985586753707272 -0.0639075672409285 26.744794302791714
-0.06846936773484047 0.021665572599903312 -0.9974179408081199 -31.9868912978872 -0.005728457696465062 0.9997391492872643 0.02210923234301825 -0.22579997363403342 0.997636772805819 0.007227471639243796 -0.06832739713535786 26.652915108723974
-0.06907580780633846 0.02204567174400665 -0.9973677963185186 -32.983684137561475 -0.003388440543540389 0.9997448476799291 0.022332890724646014 -0.21121886579577226 0.9976056591893327 0.004922183945322851 -0.06898348250576876 26.57408442663918
-0.06935988014451508 0.02410229438910301 -0.9973004995644593 -33.98086695921334 -0.0014566648292209747 0.9997045803191247 0.024261702671881453 -0.19631297060348277 0.9975906400693183 0.0031355213513036572 -0.06930428090631693 26.500483300192514
-0.06728916493172118 0.026337831133710965 -0.9973858265154786 -34.97772447511572 -0.0023935786829457784 0.9996443830713774 0.02655895658595401 -0.1888080934865017 0.9977306445448484 0.00417445146314647 -0.06720219409440176 26.42155420605813
-0.06603821028118868 0.026485795765399424 -0.9974655169004749 -35.9740383104162 -0.004679412077301597 0.9996284398252945 0.026853033256209666 -0.18195923087934338 0.9978061223932566 0.006440878443337367 -0.06588973515965768 26.336006204198107
-0.06485452153992079 0.023887352950279696 -0.9976087837448392 -36.97090010876242 -0.006605829199930208 0.9996812694405736 0.02436642259884507 -0.17091203585109865 0.9978728646758602 0.008170305913056173 -0.06467605464836086 26.25759670619905
-0.06308825585634303 0.023975697563737828 -0.9977199195662765 -37.96809752302786 -0.00700589249191539 0.999676120909853 0.024465705651410298 -0.15468034999951705 0.997983361305886 0.008533417191365997 -0.06289985172988692 26.184538589294004
-0.062100910676533616 0.026491568689046976 -0.9977182336118445 -38.96523373054763 -0.006657009409785937 0.9996144475668186 0.026956269055691477 -0.13613118255920542 0.998047674772534 0.0083158285262692 -0.06190061289727636 26.11116037290545
-0.05926011092500834 0.030284315698776803 -0.9977830923982491 -39.962170691572474 -0.007622789006476688 0.9994968368010266 0.030789061572343377 -0.12225115734612474 0.998213470326321 0.00943045319163572 -0.05899944246924634 26.034085563184945
-0.05734997361045283 0.03259783597027052 -0.9978218085494706 -40.95962528375796 -0.007998238647270508 0.9994197183450939 0.03310973816802532 -0.11271566142867935 0.9983220966729227 0.009879659562415067 -0.0570559692013824 25.963407631549845
-0.0546897801802631 0.03196887696377654 -0.9979914923733119 -41.95628628338171 -0.009695440558612673 0.9994232102481486 0.03254604814197879 -0.09252218382095992 0.9984563217167829 0.011455903410927743 -0.054348283329196084 25.88425019972598
-0.05348800727194586 0.02883291710028732 -0.9981521406927728 -42.95286621209366 -0.011912844183714433 0.9994934926340618 0.029510037709560955 -0.06985960951758491 0.99849742975209 0.013469264035318453 -0.05311743315349542 25.804747826385256
-0.05301315454544132 0.02817424060254877 -0.9981962821066864 -43.95041909391079 -0.01278019719017098 0.9995008982711332 0.028889806419892326 -0.05130255020036879 0.9985120289735726 0.014288685092344662 -0.05262662323777091 25.73727294562728
-0.04984400233752817 0.030446750648862594 -0.9982928281851489 -44.948144369229766 -0.010504538703788913 0.9994639681113718 0.031006952666973637 -0.03302695177561904 0.9987017723512842 0.01203211627259806 -0.04949745529222264 25.672221926174757
-0.04767794441714925 0.03247930654610454 -0.9983345672981778 -45.94632771439057 -0.008178530693842967 0.9994250088743101 0.03290536844157525 -0.017480033825841092 0.9988292773301373 0.009733770228955807 -0.04738489701671607 25.613951641982975
-0.045538913944710165 0.03420377422289004 -0.9983768372441573 -46.94440353446483 -0.0074657022107540594 0.9993741003880324 0.03457847255319095 -0.0018709543209575602 0.9989346678373094 0.009028250246918569 -0.04525505596331067 25.553912393043454
-0.04471359679478396 0.029806703410945233 -0.9985550834548117 -47.94302885574939 -0.007241799519596057 0.9995188572404787 0.03015974735315122 0.012018036715874904 0.9989735985507276 0.008579886506234563 -0.044476229000991754 25.503347149335934
-0.044783921316679465 0.023015512729916095 -0.9987315387857144 -48.941677103956216 -0.005912914608812623 0.999710956846566 0.02330322299066377 0.021929120899892653 0.9989791978976985 0.006949024010806835 -0.044634888069388784 25.452291271789655
-0.046819644865175765 0.01811218356530051 -0.9987391399465609 -49.940316020660816 -0.0026984893869075053 0.9998296588522443 0.01825846199529843 0.03660021885210447 0.9988997141904318 0.0035499416758390774 -0.04676279401800712 25.401693359711917
-0.0475627688703665 0.01883174636218651 -0.998690717062262 -50.93911603204178 -0.0016798137760604976 0.9998193429901608 0.018933029562140328 0.04816621827320197 0.9988668385941444 0.002578121733624792 -0.04752254249579612 25.3541038137734
-0.04702454553963787 0.026220012037354464 -0.998549549639652 -51.93752217561479 -0.0020950828363896475 0.9996506465887655 0.026347588173716824 0.05401310568801426 0.998891537027268 0.0033310273826691814 -0.04695318425705234 25.297928084053822
-0.048192858178552775 0.033282067057184415 -0.9982834028636274 -52.935842985713485 -0.0032606325419058495 0.9994341411114614 0.033477841271835014 0.06684470287335208 0.9988327270849746 0.0048684282059592516 -0.0480570672304797 25.241332215321822
-0.04834532616355794 0.03879822299355152 -0.9980768644401504 -53.93402801686825 -0.005320159271454197 0.9992211238245109 0.03910040419494308 0.08212134442964264 0.9988165123502236 0.007200249677906624 -0.048101258415037686 25.183002180534405
-0.04867925971188818 0.03926457383647653 -0.9980423953496881 -54.93192187191805 -0.006825763199525383 0.9991906062327904 0.03964267111198252 0.09851662540918087 0.9987911386424319 0.008742176936477171 -0.048371848339346844 25.120225211970435
-0.0496501719239233 0.035734781204218635 -0.9981271892099786 -55.929783511320295 -0.006858589507137713 0.9993239676110951 0.03611879715593562 0.1130830451936857 0.9987431202155519 0.008639049155181903 -0.04937151660418083 25.056435525962176
-0.04932497333679585 0.0332581916774375 -0.9982289014508006 -56.927737986143065 -0.007381973430279789 0.9994060059355845 0.03366217117413905 0.12966678090077893 0.9987555023495981 0.009029284923470236 -0.049050163508104275 24.9946175024086
-0.05055743081433804 0.03424014074964336 -0.9981340385694192 -57.92567662904063 -0.008804670693972352 0.9993580122845863 0.03472810182793003 0.14823426125732944 0.9986823438728769 0.010544005123527277 -0.050223500401016405 24.93300634951057
-0.049474781852180176 0.0367859345473218 -0.998097711138624 -58.92358097523349 -0.009512152118136937 0.9992588309591492 0.037300237428673624 0.1629143360849617 0.9987300761080341 0.011339478366933027 -0.04908819927034646 24.869793698317153
-0.04997716529117739 0.035381699916281074 -0.9981234484073067 -59.92138711085566 -0.010022818330096423 0.9993042119653139 0.035925409685963736 0.17626033132385677 0.9987000681196428 0.011799460132424477 -0.04958776742708929 24.80483603834969
-0.049288325285248014 0.03035483228845504 -0.9983232167726623 -60.91941344248043 -0.010899638399507687 0.99946219637819 0.030927591138720983 0.1903086022640233 0.9987251167730461 0.012405731240989792 -0.048930961149774715 24.743614094802414
-0.04855330057318267 0.02638083141720042 -0.9984721472015071 -61.91714283693744 -0.01235121199377753 0.9995588522869974 0.027010153220316205 0.2053563873746097 0.9987442237959296 0.013643773247801805 -0.04820604615427005 24.677941030167275
-0.04993003199054121 0.027235246635453125 -0.9983813065388044 -62.91516351655145 -0.01201948898875847 0.9995393486962657 0.027867943811726872 0.2180591138717972 0.9986803912112581 0.013391480446555642 -0.04957967790916826 24.616097850853844
-0.04899680952027559 0.02948254265457004 -0.9983637074410587 -63.91323407601079 -0.010826221755741517 0.9994898516739328 0.03004711838621013 0.22674383858771785 0.998740259316369 0.012280719825843528 -0.048652629335214616 24.554564508406063
-0.04821051244411796 0.03473337399598516 -0.9982331086578582 -64.91178555170158 -0.010745427742817969 0.9993193396478832 0.03529012876630381 0.23668546650338734 0.9987793961994301 0.012427796931614069 -0.04780447249920379 24.50154025766472
-0.048126294666327625 0.04001946318989166 -0.9980392288520945 -65.90996751725427 -0.009610080514760718 0.9991322400857704 0.04052669704886052 0.2539034215557147 0.9987950270772219 0.011541637110184858 -0.04769994233358334 24.443636432739968
-0.049479414237906964 0.04352036127965254 -0.9978265208545837 -66.9081779944043 -0.009532398294319754 0.9989841341846405 0.04404353562240774 0.2672650386011566 0.998729653584708 0.01169092816898446 -0.04901429637478824 24.385126706371846
-0.04857383314397447 0.04344864452483143 -0.9978741393696187 -67.90596548217593 -0.009289230793266505 0.9989905694199889 0.04394943004403455 0.2864595249801497 0.998776397861388 0.011404275464968366 -0.04812119674476474 24.32144768605736
-0.048969192228826924 0.03930327096898791 -0.9980266885728033 -68.90403068856614 -0.009079545468081872 0.999166665956061 0.0397936615096153 0.31015184852589534 0.9987590200176159 0.011010292157209254 -0.0485715286980311 24.26382071301601
-0.04876292545947979 0.035171784751492303 -0.998190924952751 -69.90190686386026 -0.009933244141796988 0.9993133064889771 0.035696584358825396 0.3271928096237759 0.9987609863032555 0.01165594403992935 -0.0483800703501489 24.200940488315084
-0.049751982745670324 0.03253839681468741 -0.998231432557403 -70.89927132385739 -0.013545125477323318 0.9993552717000065 0.03325012031871861 0.3434741087311314 0.9986697501119562 0.015175429421786674 -0.04927916956672743 24.130125308913193
-0.05036909295450011 0.030985169498993506 -0.9982499054575763 -71.89726102372737 -0.01658596077806658 0.9993548313051869 0.03185635026253562 0.3573349775463801 0.9985929402814785 0.01816150924619289 -0.049822677586527614 24.0682717790757
-0.05041465395032318 0.02917744411667255 -0.9983020782417956 -72.89580974450459 -0.014388998034094623 0.9994481964184928 0.029937591943840408 0.36490062178335614 0.9986247139955245 0.01587385997920855 -0.049967000777678176 24.014911124929245
-0.05029826959224722 0.025668134341308553 -0.9984043424161689 -73.89417703437061 -0.010936222471204864 0.999595594040781 0.02624971261400248 0.3749757169168633 0.9986743629001824 0.012239087126658412 -0.04999721624470836 23.958541642133582
-0.05183262494277722 0.024028899651511407 -0.9983666615893579 -74.89257051389804 -0.006734133194125371 0.9996793475199295 0.024410112499764738 0.38518145760023614 0.9986330809870382 0.007988374281728407 -0.051654190872279154 23.902812811225658
-0.05315305333289694 0.027411494854321237 -0.998210079527973 -75.89029677254959 -0.006407887635988245 0.999593225628017 0.02779068647263288 0.3959061300786709 0.9985658175090082 0.007873577866963922 -0.052955782254047463 23.83625186623638
-0.05466713539832102 0.03365127059401833 -0.9979374210313742 -76.88881334914656 -0.003752237555874291 0.9994179573413057 0.03390674353363424 0.40437683099744015 0.9984975838832385 0.005598082809275701 -0.054509049232164784 23.782422743635202
-0.0572903041048182 0.037093401833618055 -0.9976682317263528 -77.8865803467945 -0.001533535038995453 0.9993050873976508 0.03724232231557191 0.41494327250506147 0.998356383926031 0.003663583161673847 -0.057193608319075884 23.71637021051723
-0.05870627190514704 0.03618342620295811 -0.9976193328656048 -78.88414553237283 -0.0014800858946434731 0.999338646785174 0.03633288300315292 0.42578655582215164 0.9982742023035266 0.0036095304114790675 -0.05861389174474919 23.64747631985114
-0.06007337727714972 0.03235148261277078 -0.9976695700056574 -79.8810023221217 -0.004557408792011623 0.9994553510164925 0.03268380867648873 0.4379692498939703 0.9981835599565936 0.0065102148393431925 -0.059893219441985744 23.56918700209516
-0.060328012869669434 0.028798321454180258 -0.9977630918933708 -80.87757684812689 -0.009019946158134597 0.9995271868520303 0.029394613706761014 0.4509331626562581 0.9981378519195132 0.010773088001452612 -0.06003972968303233 23.487344113773972
