1.0 0.0 0.0 0.0 0.0 1.0 0.0 0.0 0.0 0.0 1.0 0.0
0.9999303178270913 -0.002731514427167534 0.011484699349413227 0.009924109159478639 0.0027189409373118995 0.9999956873158079 0.0011102747247549295 -0.00405395364465333 -0.01148768255096068 -0.001078971139185735 0.9999334322698132 0.21198645803065877
0.9998193136247193 -0.004777475917181261 0.01839879960366824 0.01750678347466177 0.00475684544404004 0.9999880076481493 0.0011648954057764682 -0.006907710351157653 -0.018404144218536898 -0.0010771646789775183 0.999830049154274 0.427829590973958
0.999767589542069 -0.007654041530738717 0.020153971059992535 0.027410606517274397 0.007658041290730165 0.9999706694161808 -0.00012128868338730789 -0.0091743959385461 -0.020152451583635222 0.0002756004371784423 0.9997968807410677 0.6618470307010622
0.9998142533759332 -0.00916744442122188 0.016953368665524122 0.03946171508392418 0.009201088749848929 0.9999558495666246 -0.0019075857274275668 -0.009137989877060052 -0.016935132480815466 0.002063220849518955 0.9998544616130808 0.8936714187944645
0.9998821570475916 -0.011704716959928304 0.009933358885258021 0.04344128552795558 0.01174178149543648 0.99992428666291 -0.0036812374256630235 -0.00826330229283738 -0.00988951895537863 0.003797438947322701 0.9999438868617944 1.1285478597028766
0.99990779381552 -0.01343617150491137 -0.001968035129410609 0.034365294160993175 0.013425007264317595 0.9998943096709456 -0.005580203187709472 -0.012245246749949333 0.002042803694192505 0.0055532677725561325 0.9999824939318257 1.3900893313269531
0.9997588241168232 -0.01271905862644801 -0.017903048572925212 0.017656242439910586 0.012616747338321474 0.9999034904454009 -0.005816139759750149 -0.01664274048375964 0.017975296580265348 0.005588858806676609 0.9998228109870724 1.6078916799697163
0.9992618170423669 -0.008229678032013112 -0.03752457062615394 -0.007684915328406594 0.008007453103891334 0.9999495252994807 -0.006068570518016134 -0.01798940426814179 0.03757261896616731 0.005763614563149923 0.999277278362313 1.8553990299532908
0.9983557960959755 -0.00473552403929269 -0.05712511893768669 -0.044050139996818304 0.004326608419728407 0.9999641418176479 -0.00727980346418708 -0.022300389982759416 0.05715754421906092 0.007020675962336902 0.9983404856299672 2.1284047893203284
0.9970276895403085 -0.004448777104891768 -0.07691550345792204 -0.08914265696090948 0.003883828699377001 0.9999643841905549 -0.00749307847538506 -0.028622474410625653 0.07694609908597397 0.007172080080100427 0.9970094578803036 2.4504244207321078
0.9951521387784725 -0.0059456419425430946 -0.09816756096859762 -0.15895769797181047 0.0053053381289258515 0.9999629261351777 -0.0067823110007478775 -0.03712285187396801 0.09820424671046578 0.006228619194024617 0.9951467882835008 2.9590349119113513
0.9930237720893099 -0.007321500498446806 -0.11768680340620274 -0.2212373768435606 0.006671694298123216 0.9999602528099654 -0.005914498746504543 -0.04254294957050927 0.11772542869198382 0.005088067480021885 0.9930331489978612 3.319225273597656
0.9907682298035952 -0.006263019459647879 -0.1354218940906497 -0.2959490441551272 0.0056048548071607135 0.9999705592233756 -0.005240829045110826 -0.04959668303029224 0.13545073057920995 0.004433426861638898 0.990774164132181 3.750601359708471
0.9884803798262317 -0.005077361918908035 -0.15126387240360495 -0.3726243700095364 0.004440621633393831 0.9999798027760705 -0.004546968159161698 -0.0562603062771298 0.15128390389627938 0.0038228831888795323 0.9884829619098281 4.17550999604853
0.986294615243482 -0.004498422729126461 -0.16493239868098278 -0.45337692166632054 0.0037632943404338143 0.9999815452175118 -0.004769364748577015 -0.06197807973391757 0.16495080950822835 0.004083309607143245 0.9862933422796859 4.612329343088036
0.9842098029693409 -0.005984341554462909 -0.17690463926989472 -0.5540773882932846 0.005083153436182811 0.999971695999482 -0.005546958722043233 -0.07147953560834769 0.17693282705647442 0.004560137725919752 0.9842123652209037 5.108467409237888
0.9823194022341319 -0.009835762634910514 -0.18695413814026288 -0.6332236431148108 0.008482566628067722 0.9999317261263452 -0.00803673748410507 -0.07694398431734502 0.18702042149930903 0.006308792228130923 0.9823357679952636 5.558488642113591
0.9807166829832769 -0.008957380273037092 -0.19522948818486457 -0.7202643377048074 0.007160351863325061 0.9999252725501785 -0.00990851536027802 -0.08450522365196567 0.19530365352310583 0.008319534487920156 0.9807075345210886 6.009892734964738
0.9791562924416957 -0.00849897451644846 -0.20293033879635236 -0.8277948751703396 0.006297155142508261 0.9999141209024239 -0.011493330981222622 -0.09425004558622882 0.2030105928491043 0.00997588352485677 0.9791257227439972 6.520677717023641
0.9774923029517375 -0.009076809547155526 -0.21077573199624822 -0.9549492075866947 0.006216898299072487 0.9998794614350327 -0.014227184399172197 -0.10635304281617337 0.21087946283516704 0.012596591953132574 0.977430907034108 7.05453282514806
0.9756757723191876 -0.013144877932908416 -0.2188241291391033 -1.070030484597431 0.009897854457486997 0.9998241473565983 -0.015928177541378576 -0.11768887994113733 0.21899502228702925 0.013374847542316479 0.9756343032441637 7.571023617466009
0.9737396885689945 -0.01945984700736553 -0.2268310676693312 -1.1772505448896873 0.01596065015206801 0.9997238004731459 -0.017250519245892198 -0.1290682606108133 0.22710410950108784 0.013177143923458264 0.9737813339378301 8.087627050527338
0.9717771541331716 -0.020005556723583246 -0.2350509315127571 -1.3235935774600918 0.01583342936563762 0.9996820507278429 -0.01962396410254443 -0.1456715510416931 0.23536878556715782 0.015348457666947583 0.9717849348636192 8.617441643611533
0.9697347195111787 -0.015919691860542165 -0.2436414110647901 -1.4843810818699357 0.010414794385517664 0.999660919464287 -0.023865836539359267 -0.15888136376307002 0.2439387337683051 0.020606055102358047 0.969571701660396 9.17828777602531
0.9675114886546463 -0.012995953301972278 -0.2524928207277277 -1.6432167040751713 0.006442181633412968 0.9996209764265516 -0.026765682950930122 -0.17780709222492663 0.2527449655622711 0.024269501144451894 0.9672285012845349 9.732351532208098
0.9653410111656971 -0.01563082346418912 -0.2605233377634756 -1.8278756454398846 0.008490263413064218 0.9995574075261661 -0.02851147991155081 -0.20053545937639206 0.26085369000412356 0.025311389084784294 0.9650464683080461 10.33832174953135
0.9630238594729617 -0.01839310995092474 -0.2687875361547406 -1.9966433111534492 0.010535589877426832 0.9994747556245317 -0.030646602017474222 -0.22482156936663597 0.2692100433337089 0.026681573709509503 0.9627118188703451 10.90649142497134
0.9607444481529154 -0.017988591055534468 -0.27685107176095275 -2.1795105798957803 0.009143365598495651 0.9994066606143497 -0.03320731222496381 -0.24761259543523498 0.27728415787578575 0.02937239029276868 0.960338876896904 11.506299262089804
0.9583376714331412 -0.017213960286675472 -0.28511854917447016 -2.3640236675407476 0.00698310533168216 0.9992960147583508 -0.0368606989625064 -0.271302888047449 0.28555234853181055 0.03333398355022467 0.9577832227537931 12.113170467255875
0.9559639100003439 -0.01832723453548158 -0.2929114460910278 -2.5563479224290386 0.006248935270629685 0.9990930993852077 -0.04211804326939746 -0.2992222370355722 0.293417711777662 0.038432944658727486 0.9552114714449473 12.739564230569828
0.9542828440316877 -0.019721955881457188 -0.29825374774343494 -2.7855617771195194 0.005149062097484511 0.9987574870396257 -0.049567824662859444 -0.33927602817661984 0.2988607380475242 0.045765997623799126 0.9531986848056332 13.417256662225551
0.9529811482991027 -0.02040757223757059 -0.30234163124170144 -2.9945707928926053 0.0031576524708700994 0.998344328629513 -0.057433707212403956 -0.38115635020051786 0.3030131353875568 0.05377855045141394 0.9514677647161508 14.040655775370201
0.9517628661411245 -0.02049678662887943 -0.30614919299701426 -3.225863846177084 0.0002568310294760712 0.9978192013828117 -0.0660058739021774 -0.4292596819344339 0.30683445157389866 0.06274331111487534 0.949692527209564 14.712971591397663
0.9504152085924364 -0.020023128029414066 -0.31033853389502614 -3.4498662628975976 -0.0034291042128238984 0.9971896123332319 -0.07484061931195003 -0.4787971453609566 0.31096490560912843 0.07219384598853516 0.9476755120192203 15.368402128503444
0.9490989960512405 -0.01920938062884619 -0.31439162741775495 -3.676371882085868 -0.006829410009949204 0.9966489345713523 -0.08151233266631505 -0.5400445866995249 0.3149038819281914 0.07951038242672541 0.945787314480858 16.022955247106665
0.947507945198729 -0.01742390170886406 -0.319257108667173 -3.909359168488959 -0.011366217636909749 0.9960473228036958 -0.08809392619369605 -0.6014371521049819 0.3195301282851331 0.0870984407715191 0.9435647082915185 16.672960852769595
0.9459854333654987 -0.016308778604403714 -0.32379867757716857 -4.165462607673383 -0.014940105178558908 0.995480158054881 -0.09378724954002213 -0.6724532989060199 0.3238647142211454 0.09355895819995722 0.9414660738566187 17.360168865929385
0.9443708456102652 -0.014218842199815002 -0.3285749997912966 -4.4130380909140445 -0.019476843322624865 0.9948935722528273 -0.09903248186425484 -0.7445589639447716 0.32830528252761887 0.09992299243169621 0.9392715459588655 18.02693276860747
0.9425826797907448 -0.011498987278789655 -0.33377487180742305 -4.659251104811266 -0.02404258025846659 0.994477651865865 -0.10215749739431823 -0.8177098369840374 0.3331063585298464 0.1043166967983419 0.9371009447631935 18.70838043527583
0.9408243369884931 -0.010298879481629183 -0.3387380994390599 -4.933170971764922 -0.0263887425400111 0.9942769575318924 -0.10352278004516756 -0.8989905102496288 0.3378656555456925 0.10633562339379045 0.9351681848737878 19.433902407096433
0.9386709743902193 -0.009987972023816197 -0.3446694681171641 -5.215942145112699 -0.027079772578329064 0.9943577579083479 -0.10256381040400735 -0.983938163646961 0.3437491640054173 0.10560724266040977 0.9331042934973794 20.160734480614686
0.9363323907210145 -0.00951004888959963 -0.350986058208568 -5.497554493566645 -0.027817873655987792 0.9944815886499102 -0.10115599706201327 -1.0689531459663646 0.35001117123876246 0.10447932238710193 0.9309007740901301 20.900582324424487
0.9337580884396054 -0.009867535028266197 -0.3577687298047179 -5.786065482409235 -0.027592690982852743 0.9946600125880245 -0.09944899578535542 -1.1485936213318801 0.35683956574060005 0.10273310620660119 0.9284995601567103 21.629641150039777
0.9305524909033918 -0.009099206847579755 -0.36604544268196937 -6.080719798202399 -0.02815219223625644 0.9949540963204703 -0.09630057262243492 -1.231878111500279 0.36507467146569716 0.09991771939881822 0.9256008500451766 22.362493970142893
0.9271990056445324 -0.007154803266363048 -0.3745007512969915 -6.381188228105583 -0.028863892251189315 0.9954798568641468 -0.09048055206423851 -1.312081949531253 0.37345532484609595 0.09470302723755611 0.9228014179530398 23.09611065197028
0.9237358791224015 -0.003600290279318162 -0.3830131375447451 -6.703306652674549 -0.031512594749572 0.9958515598035151 -0.08536174324048806 -1.3890564253321884 0.3817315575035869 0.09092144272288255 0.9197903615819621 23.83678398993847
0.9200745316737888 0.00014316483253607685 -0.3917433288124889 -7.0400915077283654 -0.03477980988390833 0.9960808557383246 -0.08132215968631082 -1.4665772962406727 0.39019638771995074 0.08844720648747124 0.9164736060983238 24.59968967758866
0.9163375808887718 0.0009647336015043048 -0.40040542845969573 -7.399156838688104 -0.0357852775125934 0.9961927109702209 -0.07949526101062977 -1.5417725411047056 0.3988042775149998 0.08717311454158107 0.9128833421291358 25.374341948328443
0.9123352477435075 0.0009122334573360352 -0.40944299182537364 -7.747751995245647 -0.03635440326341575 0.9962284040824025 -0.07878657412776413 -1.6153856784337093 0.40782686656000794 0.08676482426391498 0.9089274515506168 26.12636243846174
0.9085284762345543 0.0010576606486512655 -0.41782159975864347 -8.117547659115989 -0.036852760568850645 0.9963022775263549 -0.07761215004271124 -1.686911756106236 0.4161945241222842 0.08591072779199146 0.9052079677846838 26.902436943362076
0.9047042596043657 0.0019993958330970455 -0.42603545048507413 -8.488621423328976 -0.03793326070703931 0.9963953951915572 -0.07587676965443235 -1.7556252350192891 0.42434805335461256 0.08480695052507545 0.9015190018833712 27.6539745243782
0.9007965857014641 0.0012685931611392503 -0.43423945221499316 -8.86475669139703 -0.03684660250475441 0.9966125412125971 -0.07352394563423209 -1.8282697674227366 0.43267521199213893 0.08223036768226445 0.8977919177395165 28.42785733336959
0.8969756925875518 0.0020975740443750068 -0.44207488855420285 -9.25286755519144 -0.03658114865845769 0.996911471051103 -0.0694934417736896 -1.8969001016332048 0.440563759823604 0.07850553528162033 0.8942820888624782 29.20521567291283
0.8931944194952417 0.00431076841729492 -0.44965002641855983 -9.652253704864034 -0.036880875685562295 0.997287374814114 -0.06370002390139784 -1.9622440336414535 0.4481556983808474 0.07347999259679476 0.8909305027311339 29.987059431326074
0.8894029992703903 0.004739725178042402 -0.45709937638775167 -10.085000380284736 -0.03589596071915562 0.9975826548749229 -0.059500644507002494 -2.030864256892934 0.45571239273568537 0.06932807294261455 0.8874231422546863 30.80854959233933
0.8857369781094796 0.0039520448421549136 -0.46417064421509224 -10.50980930114072 -0.03459448258277597 0.9977448691463512 -0.05751867407164352 -2.092517643999689 0.46289656229477233 0.06700415982381651 0.8838762442683862 31.602194455990418
0.8824674064755371 0.003119982748058865 -0.47036320244678137 -10.953955657748537 -0.03365400602948706 0.9978340537886312 -0.05652087205549494 -2.147981196885683 0.46916807690475615 0.0657074334257411 0.8806610294580407 32.414479704811725
0.8792965080255227 0.003453623586617436 -0.4762622423184989 -11.410937253839418 -0.03349835079431073 0.997945720198839 -0.054609523261799464 -2.2034877664759764 0.4750952656764576 0.06397196277230892 0.8776058776642712 33.24111647971777
0.8764490466231085 0.002378777648185167 -0.481488743472104 -11.881169427696232 -0.03205627942531361 0.9980574169503895 -0.0534208519187185 -2.2618153217977066 0.48042633527196577 0.06225539243484 0.8748227263222729 34.06995125030108
0.8737300138044448 0.0009631569148007731 -0.48641025411276345 -12.359976668338264 -0.030795210959117834 0.9981014200981848 -0.053340511620805484 -2.3194871018062986 0.48543539009766173 0.06158431234286318 0.8721008281810018 34.9201922618127
0.8717806019880914 -0.00011168538211686813 -0.4898964885806567 -12.87640494928865 -0.03013157803188781 0.9980944632014888 -0.053847288992475754 -2.3779328155469632 0.4889689867492521 0.06170437628650312 0.8701160267139693 35.794765873756646
0.8702689549281424 0.00028938899038390457 -0.49257675781779664 -13.336555353051661 -0.031022651345939005 0.9980467970893754 -0.054223481289071764 -2.4364230685690873 0.4915989637822158 0.06247004941290068 0.8685781206861033 36.61393404982388
0.8697258619504566 0.00017047820790225222 -0.4935351010735884 -13.829460961962269 -0.030441306145006966 0.9981144393041758 -0.05330002751120978 -2.493619424171203 0.49259542419182345 0.06138026547425802 0.8680911306283394 37.4697822375708
0.8695093476559368 0.0007487528783539364 -0.4939159176500346 -14.330273557811184 -0.030163755124585395 0.99821280370931 -0.05158823884938779 -2.556415467766722 0.49299456611177034 0.05975481470078033 0.867977948973558 38.34560280505764
0.8691061674712403 -0.0007106589935023985 -0.4946250748064121 -14.833002644597887 -0.028183983218533437 0.9983031130846406 -0.05095642742041107 -2.618797926752391 0.4938219646323878 0.05822705015118964 0.867611363386454 39.22712078872521
0.8685345262334161 -0.002612515715726965 -0.4956217827155419 -15.363608510409875 -0.02651522275500012 0.9983091530560743 -0.05172792173203364 -2.681772252306803 0.49491890214736145 0.05806900796550396 0.8669966958478875 40.142277759400024
0.8673750730290573 -0.005049854590152511 -0.4976293617306532 -15.878580572787644 -0.024166968939329663 0.9983413440352685 -0.05225436251776486 -2.7379122638961815 0.49706784275400934 0.0573503248331763 0.8658143565114905 41.03337525259711
0.8658288997411301 -0.0054156892012616285 -0.5003108900309294 -16.428326992541454 -0.022794300932579167 0.9984762385910064 -0.0502555550576211 -2.8010060553294425 0.4998207040710305 0.054916948928631436 0.864386136227503 41.964092695843995
0.8639411050412769 -0.004547093014214387 -0.5035723294276392 -16.98058950020135 -0.021763751895534235 0.9986878575842051 -0.04635625327071954 -2.8620629930355466 0.5031223570101896 0.05100869591539817 0.8627085294683969 42.86735126832539
0.8610483814273889 -0.00494189438419799 -0.5084990290267725 -17.502161553188863 -0.019168927387026472 0.9989266650595798 -0.04216716798382112 -2.923498050658891 0.5081616249424058 0.046055352705633705 0.8600294572996063 43.74541197062017
0.8571932189557809 -0.004997677096921325 -0.5149706871268137 -18.066452926853643 -0.01827906738964333 0.9990275888326349 -0.040121720384545756 -2.9846570414403994 0.5146704392828416 0.043805250540154564 0.856268321820633 44.6576985704581
0.8517261190358556 -0.008813682622311692 -0.5239131007626682 -18.600535854501032 -0.015723588888466103 0.9989783614901753 -0.042367464248761096 -3.0408548735153036 0.523751264346529 0.04432327010766141 0.8507173801106791 45.546780396243264
0.8456545855730515 -0.012381100855315533 -0.5335869472174914 -19.179840334321785 -0.014103047904779042 0.9988634905709415 -0.045528356485043726 -3.1035480916077614 0.5335442117941752 0.04602646571315495 0.8445188799043454 46.45947501348808
0.8394461184991527 -0.012731872494501625 -0.543293763593409 -19.74563681202721 -0.01394563484664925 0.9988916198333808 -0.044956101870239386 -3.159901188225297 0.543263962918057 0.04531480165936047 0.8383381390257412 47.32842657780319
0.8336686449422733 -0.009448369904982547 -0.5521841348194035 -20.34963625241486 -0.014959938536262844 0.9991003842450534 -0.03968151257672364 -3.219229327079662 0.5520623068813036 0.041341873536694794 0.8327773164618325 48.217319491486364
0.8285858843373843 -0.004751027429287969 -0.5598418169583278 -20.961718627379817 -0.01806021890021607 0.9992167531771317 -0.035209496778941356 -3.2741172289633482 0.5595706039188557 0.039284957789415584 0.8278510924806302 49.09655261201881
0.8245627604915592 -0.004911937613601147 -0.5657491731142172 -21.57393857058705 -0.019286124417073208 0.9991371319992486 -0.03678364942857273 -3.325893915659499 0.5654416852474804 0.04124153645531486 0.8237565394309755 49.970994870588385
0.8210692928107609 -0.007149593460695742 -0.570783759156289 -22.172140750631677 -0.019727451589976634 0.9989688519012773 -0.04089083741876754 -3.379985414913981 0.570487549432066 0.04483431993896793 0.8200816055116761 50.82330003102067
0.8181108778135511 -0.009431078281519765 -0.574983170506398 -22.802484731009386 -0.02223599439526619 0.9985989486831228 -0.04801770759016525 -3.4378561942357666 0.574630448337361 0.05206913146393726 0.8167549530870301 51.69354637727985
0.8147859321892639 -0.010654747316929268 -0.5796640070472597 -23.410350692633386 -0.021987586378125354 0.9985439255248498 -0.04926027651857772 -3.50247050569893 0.5793448288815036 0.05288199274833225 0.8133652710137239 52.540200626533824
0.8113876256792038 -0.009085052082714425 -0.5844378347808427 -24.022040532329896 -0.02146515587869776 0.9987416123464091 -0.04532591809105832 -3.5623188065723768 0.5841141737518184 0.04932193828661339 0.8101715734496514 53.38781398858075
0.8081508045597936 -0.0065295928305689555 -0.5889394209142619 -24.658774479351788 -0.021124581241584877 0.9989738234742227 -0.04006310123616917 -3.6227156613047153 0.588596660844018 0.04481812614064596 0.8071835642606426 54.255437892530914
0.8052486492512568 -0.004905724106725151 -0.5929169813304525 -25.339719138542584 -0.021088325305405727 0.99909617891829 -0.0369067447316197 -3.6801541485241342 0.592562144770354 0.042222732524793555 0.8044173950402238 55.13773396868941
0.8021522085220576 -0.0046313975761351905 -0.5971016534223283 -25.993092531648717 -0.02215015904648435 0.999050890693076 -0.03750584300593809 -3.730041849583194 0.5967086431562754 0.04331129138991825 0.8012882922024607 56.00076971372772
0.7984291300237379 -0.0058968910076173725 -0.6020599231023289 -26.62302690219245 -0.02209647007320367 0.9989914226343153 -0.03908815054936471 -3.785213414372902 0.6016831976545822 0.04451251711047216 0.7974935519994181 56.83701982032287
0.7945106834110085 -0.00877367370384172 -0.6071867888842047 -27.299033633863672 -0.020883538570540258 0.9989093830620532 -0.04176029510623636 -3.8390273309241527 0.6068909718907897 0.045859209329487116 0.7934609512491014 57.70206471211165
0.7901829924280944 -0.010000615301914243 -0.6127893815749146 -27.967659154733475 -0.019950306045517188 0.9989172391591251 -0.04202778366033958 -3.895916355652819 0.6125461809252217 0.04543497556171056 0.7891278978908516 58.55683389056891
0.7856369585280891 -0.010280037839468067 -0.6186023684215521 -28.637869647715473 -0.01934564882134912 0.9989648398263455 -0.04117031287716447 -3.9514180763801283 0.6183852482606752 0.04431218357000359 0.7846248244357575 59.39744450405475
0.7804967197675003 -0.009748319588866646 -0.6250838669309633 -29.273226995379765 -0.01982906956472005 0.9989892930355754 -0.04033857211748708 -4.007405551248035 0.6248453236060678 0.04387895469896181 0.7795145661898543 60.20065465033838
0.775264617693669 -0.01087999688023718 -0.6315428712448397 -29.947065448505988 -0.019803976182899898 0.9989413764472994 -0.04152022337272352 -4.06152573058949 0.6313260449875631 0.04469622008022337 0.7742284371107171 61.015541529597925
0.7697439923181418 -0.012175899113455575 -0.6382365813480985 -30.614072232576394 -0.01933130398892387 0.9989149028380385 -0.04237118801920227 -4.116658048567299 0.6380599399556582 0.044952912796055115 0.7686733692895402 61.81941314894631
0.7642192643882555 -0.01340756583425941 -0.6448171470395884 -31.321022846192342 -0.018939326307665816 0.9988862185104598 -0.04321602004910103 -4.1745660449664435 0.6446783832709821 0.0452389174082731 0.7631141608533037 62.64383790829612
0.7586703951437288 -0.014737137296219198 -0.6513079519833695 -32.04508180446 -0.018518604574666926 0.9988522780029465 -0.044172253881031076 -4.234874349644985 0.6512114040901522 0.045573495725427245 0.7575267412245582 63.462653077259176
0.7525886293513367 -0.016364298425568698 -0.6582876002995314 -32.75872706323853 -0.01771163794125061 0.9988264210617323 -0.04507858106072095 -4.296861406564134 0.6582527271895775 0.045584979171311206 0.7514155686578742 64.27034134039641
0.7465585194861406 -0.017344554532351977 -0.6650936350700829 -33.481294588940095 -0.016934657898331755 0.9988408676129186 -0.045057058804778935 -4.356745857428317 0.6651041981107398 0.04490086429396559 0.7453994352299484 65.06492494130686
0.7402304896552705 -0.017131742773741975 -0.6721349013213445 -34.218510078101716 -0.016176009191939844 0.9989321847914467 -0.04327617028351637 -4.41587327264887 0.6721585816690454 0.04290680106136992 0.739162937052 65.86912986033482
0.7336835820869732 -0.017731571743299167 -0.6792598860079555 -34.954318729712114 -0.01527877541636989 0.9989762072369415 -0.04258046965770132 -4.4713411146582684 0.6793194833050248 0.04161885075307262 0.7326615254428128 66.65496676030112
0.7273426482540818 -0.019293380524212055 -0.6860032343208651 -35.71137910061089 -0.0143218045382925 0.9989603257596141 -0.04327994308003959 -4.535194146038536 0.6861250308402309 0.0413041526507019 0.7263101328140077 67.45406650526958
0.7210730449873938 -0.020912005507065907 -0.6925433934550825 -36.51462299237378 -0.014141717996141131 0.9988919803284748 -0.0448867847765265 -4.599343301852823 0.6927147144421919 0.042160403948836245 0.719978350184327 68.2660199429295
0.7149028474099932 -0.020302064780360275 -0.698928998490361 -37.29558124840094 -0.015416543939677414 0.9988777464099141 -0.04478367894675749 -4.6569113556863915 0.6990538240636711 0.04279104921247336 0.7137875574491725 69.0602093271746
0.7097372910477611 -0.01964638536660325 -0.7041924433265481 -38.14324636161747 -0.01582698246470719 0.9989140464886492 -0.043820478702696494 -4.724377385862594 0.7042886370815943 0.0422462692991766 0.7086556063477196 69.88164266001829
0.7047410702904171 -0.019198444378269466 -0.7092047966415432 -38.97325205395896 -0.01670178519918042 0.998907813922926 -0.043637479932741224 -4.789113025292036 0.709267984768155 0.042598110488312246 0.70365071361134 70.69193177757403
0.6999835328782422 -0.02028742865491345 -0.7138707683732871 -39.8035433306496 -0.016480809350195826 0.9988713353559389 -0.04454703500127884 -4.853626025951057 0.7139687924709729 0.04294735897368393 0.6988591329693907 71.48967446454151
0.6946710609775869 -0.022185438293030952 -0.7189853429438049 -40.6316653584864 -0.017060458428594074 0.9987349743682185 -0.04730107537804365 -4.916316940007931 0.7191252031451004 0.045124907772307744 0.6934137905320754 72.28381943738074
0.6895631745993093 -0.024603237510257187 -0.7238075082095634 -41.45484626393565 -0.016773704786813465 0.9986121378780333 -0.0499243518774931 -4.980292592552644 0.724031263872113 0.0465669280356435 0.6881934685457833 73.0632383414939
0.6845046655773239 -0.025034869708956596 -0.7285784913799832 -42.28763796427675 -0.01730346435586843 0.9985706684231099 -0.05056886676906559 -5.04834688581605 0.7288030961269052 0.04722155719242952 0.6830930914686235 73.8333973086687
0.6796954896948333 -0.024591766405183825 -0.7330820460995987 -43.15023009700157 -0.01690216883351461 0.9986473195179805 -0.04917161689709727 -5.117128900594103 0.7332996372406207 0.04581240273795313 0.6783604246845122 74.61759308514331
0.6745172977526318 -0.024581126160463984 -0.7378497023575813 -43.99135201510839 -0.01633071373433339 0.998704176899085 -0.048200361339385066 -5.185333425294834 0.7380783988313278 0.044561589749507295 0.6732418153216437 75.37749128022567
0.6691851047807493 -0.02602739598366043 -0.7426397984203968 -44.84150866158952 -0.015243487398471516 0.9986953116641729 -0.048737157815490366 -5.248531650747657 0.74293938624326 0.04393460046829968 0.6679152784973414 76.14794790958659
0.664495282616776 -0.027220515527118343 -0.7467965338125836 -45.725571705177686 -0.013988057836142292 0.9987082146710975 -0.048849116536951676 -5.316247332075944 0.7471615311417106 0.04290624060560265 0.6632561352140445 76.91635203423029
0.6599650258288202 -0.028014077114406434 -0.7507738515466512 -46.583772741423864 -0.013068139995143923 0.998725345577769 -0.04875354159065735 -5.376259983620199 0.7511826598104042 0.041986850131829796 0.6587577066085648 77.67085810850767
0.655852397863749 -0.02895867887965829 -0.7543334986157753 -47.47209616204447 -0.011730345452763453 0.9987523183529763 -0.048540762047097855 -5.445589540113716 0.754798006894514 0.040684167708077604 0.6546944075566647 78.44253349343077
0.6518300358631534 -0.03177194073586947 -0.7576992464880223 -48.35267430470498 -0.009328010836149314 0.9987105222739755 -0.04990271448611616 -5.512315118439672 0.7583077162738633 0.03959591495493634 0.6506931465432854 79.20059239435362
0.6475844097703322 -0.036524436749144074 -0.7611178606119874 -49.25552250428021 -0.006039049333988819 0.9985731904615907 -0.053057640114318 -5.584157016400484 0.7619697908090276 0.038955728866453286 0.6464398572821234 79.9612575376734
0.64302385547248 -0.04078076038189898 -0.7647596033238038 -50.2078708729181 -0.0014837839929671562 0.9985130370033538 -0.054493241043273306 -5.659140760076716 0.7658447098977512 0.03617519201071674 0.6420071929539569 80.73767613128607
0.63614221690972 -0.044396253170986666 -0.7702934846988937 -51.12945986019996 0.0037243819936895015 0.9985082561297494 -0.05447376817781979 -5.736923113735941 0.7715628353180012 0.031784196467795706 0.6353586042629356 81.516895375856
0.6277388576426518 -0.04825348424165857 -0.7769269771761301 -52.083910180590756 0.008604918226203262 0.9984460210189013 -0.05505904552244613 -5.815845348741826 0.7783764397692291 0.027877309232823392 0.627178581938286 82.28480028680401
0.6186573420433259 -0.049023664570981444 -0.7841299467868317 -53.033479561394934 0.011235830619451551 0.9985013454599467 -0.05356135943911449 -5.900278152174904 0.7855805810011979 0.024325777001093556 0.6182810100004007 83.03711626186852
0.6090530530001642 -0.04745837163450602 -0.7917083311377874 -53.89995653792836 0.011546428344248015 0.9986329372844769 -0.050979766212374024 -5.97158760647338 0.793045432887468 0.021907978737854567 0.6087684139670456 83.73773691912902
0.6005650730748768 -0.047065165400277706 -0.7981894907905092 -54.96315700456851 0.011041024009171356 0.9986590581989417 -0.05057846642624494 -6.057447684875022 0.7994996490251873 0.021562831053606926 0.6002793978853161 84.49975851859321
0.5911873420955955 -0.04829065688394734 -0.8050872865743578 -55.94518576334582 0.010240319365520782 0.9985748882381883 -0.0523767929466981 -6.131769975125753 0.8064692569498471 0.02272014607800801 0.5908393458098041 85.20711204709542
0.5814044008105018 -0.050442611821453376 -0.8120495462906261 -56.9369794027335 0.01079066338955938 0.9984665452138916 -0.054296589876792284 -6.2071010047388855 0.813543166833694 0.02280572299370362 0.5810571526940707 85.90240744015213
0.5716856294494668 -0.05216735370215001 -0.8188126209876604 -57.98089047251759 0.011299064412995895 0.9983825511290559 -0.05571905189814882 -6.286043098608042 0.8203949489266491 0.022601964710007364 0.5713503994633157 86.61313281443782
0.5614658091792891 -0.05291207153055161 -0.825806549870484 -58.98982672151871 0.014142420641655284 0.9984214284582109 -0.05435662916204236 -6.367149912202622 0.8273790770022177 0.018840485179822408 0.5613278000038383 87.30114707683879
0.5512270109748807 -0.053010184404101574 -0.832669623993299 -59.98006046016112 0.015445209658826082 0.9984569561951553 -0.053339967417504276 -6.443245303867361 0.8342123397974253 0.01654167388593624 0.5511951969627079 87.9490445219855
0.5408226082953183 -0.05349928196058932 -0.8394335787817582 -60.979928492926824 0.015495236492800688 0.9984395691859725 -0.053650017052759694 -6.523475039249317 0.8409939381485946 0.01600792033434063 0.5408076760585866 88.59427677094362
0.5305333075038488 -0.054271447371304744 -0.8459249491705814 -62.01580521511788 0.014568342001409443 0.9983846950489833 -0.054915973116008 -6.607836513931467 0.8475388917568077 0.016811028884986444 0.5304669794317759 89.24852116442263
0.5204017523073358 -0.05453613792849701 -0.8521782829052255 -63.047635278291764 0.012929170738771452 0.9983473377350549 -0.055994908530468 -6.688702861101868 0.8538236660689743 0.01812188999999 0.5202468110073976 89.87683547351921
0.5104588265728689 -0.055483083853206064 -0.8581103738913708 -64.10659464591023 0.011757740183276572 0.9982733061600776 -0.057551383597705605 -6.774557196606912 0.8598218082368194 0.019288172914141033 0.5102297761460052 90.50311728881009
0.5008574636515025 -0.05529340171622379 -0.863761796348526 -65.18288143754468 0.010806344464707098 0.9982790408462989 -0.05763835117613251 -6.858643472689931 0.8654623180843264 0.019534490872336198 0.5005930279603036 91.11931490749255
0.49212470489523313 -0.0530875785719503 -0.8689044733646772 -66.29793867393523 0.009935395890741555 0.9984162924393524 -0.05537323270454339 -6.94453582228039 0.8704680136227154 0.018617625869704342 0.4918727693893029 91.7453342851272
0.48416989662412757 -0.051409066250028695 -0.8734624314246618 -67.41900389229583 0.010325406500768311 0.9985386254409149 -0.05304714396800252 -7.029965948275742 0.8749130797876881 0.016664975543584128 0.4839931625617833 92.36203508945812
0.4764093530943311 -0.05144836977097948 -0.8777170350016853 -68.53093979631792 0.010370348419862169 0.9985458575224465 -0.052902044368930576 -7.117984211728306 0.8791624333181517 0.01610079726815421 0.47625012353745255 92.96378986157538
0.46884035083807585 -0.054536485104368454 -0.8815976957878753 -69.61956062928985 0.01218252379457488 0.9983964018506902 -0.05528300720464962 -7.197240154918562 0.8831989082534163 0.015178819587033873 0.46875291134660735 93.53998000817636
0.46185537036844376 -0.05816330671600365 -0.8850461268282507 -70.75496881158851 0.014974020406060875 0.9982166573295173 -0.05778653599899843 -7.281590100501096 0.8868288423222987 0.0134363232226957 0.46190266252052425 94.13187822044647
0.4557033251932054 -0.060853115514955626 -0.8880491978150644 -71.91208348804781 0.015948494116245007 0.998058468947966 -0.06020745881255535 -7.3730520235036865 0.8899888341677563 0.013273691776025035 0.4557890785915738 94.72169022736354
0.4499044444192764 -0.0643566557649148 -0.8907548550249607 -72.6668514262789 0.01801219533215398 0.9978511808765109 -0.0629966796162192 -7.43656269865187 0.8928950395825372 0.012298035701220395 0.45009688579992807 95.11098905180476
0.44513162252789706 -0.06538122020676441 -0.8930751002407114 -73.61709493996003 0.020676596806546876 0.9978154846900816 -0.06274342082797438 -7.5139144264869335 0.8952264054250095 0.00946332695046349 0.44551108681249213 95.58093071382773
0.4404297977426143 -0.0628071795197277 -0.8955874337333998 -74.68647484491501 0.022351112611097217 0.9980078413248882 -0.058998105216033256 -7.602727146552854 0.8975087860435953 0.005967147963036441 0.44095620204249514 96.12385626691226
0.4364513394804535 -0.0603861118336506 -0.8976991398922759 -75.79633054613777 0.024740412756029007 0.9981733864100798 -0.05511626474366696 -7.701373944055185 0.8993876473703546 0.0018461203228658423 0.43714808886391654 96.67980593264167
0.4333574850038534 -0.06019976735458297 -0.8992092516214396 -76.83925212101664 0.026830969825088636 0.9981860517981974 -0.05389531569413749 -7.776393368748353 0.9008226180827068 -0.0007707178339950189 0.4341866151145618 97.15692774354522
0.4302547991067268 -0.05963645366492754 -0.9007354224409638 -77.90016616005327 0.027895864192025565 0.9982172192695088 -0.052765556140616385 -7.865456469059805 0.9022763593304505 -0.00242415926032406 0.4311513595540095 97.67378148933777
0.4283687159721672 -0.05895053222752273 -0.9016790326532214 -79.00534358521978 0.029808727163127054 0.9982484475982751 -0.05110260905812214 -7.944122646085232 0.9031122205801853 -0.004987145248016574 0.4293756460501743 98.17070958771109
0.4260581469266007 -0.058141255463464374 -0.9028255921553198 -80.11657772011817 0.031463781239607094 0.9982813687479625 -0.0494402597161449 -8.022521507302917 0.9041484866478401 -0.007341881490862942 0.4271552538230066 98.6871881482126
0.4233895683382447 -0.058919604140093465 -0.9040297305234657 -81.1073739013241 0.033533112618719114 0.9982182925781309 -0.04935352794381158 -8.098411201065234 0.9053269043723694 -0.009419161872213574 0.42461096972307516 99.17180449798151
0.4211438473579451 -0.06007539703971842 -0.9050021030379258 -82.27645432658842 0.036521527277652684 0.998117983590261 -0.049261230993737325 -8.16468830854399 0.9062582622397756 -0.012305994646141447 0.42254529297805926 99.70445953202423
0.4187138293914505 -0.059972760932302846 -0.9061357497762157 -83.35599753159342 0.04043273775012889 0.9980586005635601 -0.047373236739077805 -8.228940959831293 0.9072176821438054 -0.016801719771030912 0.42032580151396787 100.20440237110331
0.4161755467553945 -0.059253141701033706 -0.9073516294587266 -84.44100639369067 0.042043843119698346 0.998061216971783 -0.045892509547083876 -8.301646759517366 0.9083117468901176 -0.01904920931063037 0.4178599024626142 100.72578065433076
0.41414041223031184 -0.060229249492117526 -0.9082181216334126 -85.46841259043046 0.04397543160887576 0.9979670917434135 -0.046128572620511336 -8.378973287624085 0.9091500868242399 -0.020835577813177072 0.4159471100087977 101.2133103327583
0.41280883643830857 -0.061725715904801325 -0.9087237206953993 -86.50745822794462 0.045282699144157536 0.9978580755255803 -0.047209514577091244 -8.443293961312326 0.9096913442023465 -0.02166095806802258 0.41471973811105994 101.68960141202845
0.4126822262762933 -0.0629308588274797 -0.9086985678006093 -87.61900526404462 0.045175866358889635 0.9977969022957567 -0.048584800789089895 -8.525621825404391 0.9097540993116593 -0.02100116130664268 0.4146160030792428 102.18167600110736
0.4131497570511641 -0.06361467974857087 -0.908438468345023 -88.59761629426643 0.04416691517017922 0.99778293935859 -0.04978443059111924 -8.596631823495345 0.9095914257802328 -0.019554499365070473 0.4150434431498315 102.62060267636964
0.41551876732445187 -0.06332926695440949 -0.9073772963592297 -89.65745305728458 0.04204141040883326 0.9978443041799556 -0.05039111455857682 -8.677473634152767 0.9086124992602767 -0.01720896750641059 0.4172854869575019 103.09610684238139
0.41953614016202256 -0.06366064977646604 -0.905503588489847 -90.5996800531989 0.04021062863119821 0.997861930746458 -0.051523514166195036 -8.746571242860684 0.9068475794989131 -0.014794892260113572 0.42119897758657526 103.53331716823529
0.4249782795816746 -0.0638442330390226 -0.9029492653474276 -91.5980657248555 0.038590457055976336 0.997880594662691 -0.0523936582025359 -8.827306459191552 0.9043805827791819 -0.012579058124211048 0.4265413564810535 103.98891198120823
0.43091133986600644 -0.06398217289863042 -0.9001231575323752 -92.58936008995991 0.03789739837315475 0.997886325492961 -0.0527889059434055 -8.898366138651003 0.9015981390683053 -0.011364987695772663 0.43242529144725766 104.45611931090266
0.4376222023165793 -0.06304889694018882 -0.8969457311533471 -93.5941763236479 0.036837797400134646 0.9979582313721669 -0.05217609720209144 -8.967687943488672 0.8984040208738466 -0.010208086557279254 0.43905126152483126 104.94391294387412
0.44545286138401796 -0.06138521139047741 -0.8931985244654949 -94.54284625879221 0.03515080796992925 0.9980766616076228 -0.05106268944388829 -9.043953102336973 0.8946150954370563 -0.008650628689767017 0.4467538445715046 105.42160331286398
0.4546966717226993 -0.06078001533178605 -0.8885700458942827 -95.51047381037885 0.03456007370227496 0.9981214345756896 -0.050588567347370626 -9.116447322739596 0.8899755828279755 -0.007706593075670988 0.45594305608614455 105.8990970197247
0.46448547143273333 -0.06047014220589511 -0.8835137852515433 -96.47517643139363 0.033890986034752595 0.9981489256995596 -0.050498744443856054 -9.183900835376122 0.88493200184732 -0.006487220237705633 0.46567506705865647 106.38476551374053
0.4735477810054098 -0.061338511528793944 -0.8786296637994215 -97.3573227754573 0.032778021375768185 0.9981083143583719 -0.05201340330508802 -9.245903919553763 0.8801579974183862 -0.004168910183737353 0.4746625325095063 106.87425226028961
0.48431254738051394 -0.06292583894296974 -0.8726291854179076 -98.27602369750537 0.031110661479654425 0.99801799030373 -0.05470116792538241 -9.313463553352095 0.8743417427940275 -0.0006556092021716589 0.4853102996892592 107.35946948811254
0.4960592963487824 -0.06391027177681584 -0.8659333990945056 -99.22728013257345 0.02965913353209258 0.9979527011522789 -0.05666341024854064 -9.390854217016132 0.8677819485931232 0.0024255771029709364 0.4969392380076678 107.88234519649329
0.508053962935445 -0.06209542289426999 -0.8590840059046444 -100.14993827690054 0.02748437507210766 0.9980587610141332 -0.05588665931890767 -9.468108066222943 0.8608866242848048 0.004782051705462408 0.5087743626687586 108.4247960540272
0.5206280997488439 -0.05928030450101966 -0.8517230930591081 -101.08454323354488 0.025684613571702118 0.9982226070939022 -0.053776642813805904 -9.546519612167794 0.8533971422365918 0.006121452843706269 0.5212253307711574 108.99724923902767
0.5329932516567533 -0.05669888081418602 -0.844217644095869 -101.99884791531785 0.024766882451681047 0.9983701946456157 -0.05141552272318566 -9.622812583068228 0.8457569362541384 0.006495487486905156 0.5335288309176199 109.56883053134877
0.5452260580784922 -0.05615838191597284 -0.83640587141218 -102.89128053696552 0.024901638791572315 0.9983982305829242 -0.050802377448094495 -9.694787316377516 0.8379191213820602 0.006870903103984097 0.5457511673948606 110.12604832555446
