1.0 0.0 0.0 0.0 0.0 1.0 0.0 0.0 0.0 0.0 1.0 0.0
0.9999964883314596 -0.002136661904964144 -0.0015678012159746478 0.006732666493187236 0.0021415403761053933 0.999992850243079 0.0031166115478870335 -0.0239507419941605 0.0015611308614100737 -0.003119958112986044 0.9999939143473857 1.279997925605007
0.9999929806603667 -0.002537553081473516 -0.002756710785368276 -0.007825986963150271 0.002548584069430474 0.9999887307315724 0.00400538750934018 -0.041656001914814327 0.0027465158358375946 -0.00401238510335653 0.9999881786384005 2.6144237133535864
0.9999906525631133 -0.0011319793848286615 -0.004172937702786567 -0.019693609001701463 0.0011475925849196576 0.9999923437846546 0.003741043080801722 -0.05729518189990615 0.004168670970231635 -0.003745796944002757 0.999984295470482 4.00380416525139
0.9999843565283356 -0.000540376080221287 -0.0055672876971128455 -0.03500835161600921 0.000560872450140852 0.9999930690261942 0.003680668644144394 -0.07450194722059489 0.005565260165093098 -0.003683733604000143 0.9999777287450103 5.411183655041302
0.9999765415013795 -0.00042519726035531835 -0.006836348018450403 -0.04799963148183252 0.00045181174581209523 0.9999923240238205 0.0038920122796167918 -0.08523288789444129 0.006834640669847263 -0.003895009721185359 0.9999690578143835 6.727488492922502
0.9999635164262353 -0.0005454461262283133 -0.008524570663744324 -0.06068019177450397 0.0005819570361115364 0.9999906665956305 0.004281126911782643 -0.10231872339392754 0.008522155976389285 -0.004285931654850827 0.9999545007885928 8.157607242507817
0.9999477260051386 -0.002102410768145817 -0.010006254349838335 -0.0812753392187561 0.002136592633327278 0.9999919150361642 0.003406586887792047 -0.11428174321841264 0.009999011404678229 -0.0034277881012177045 0.999944133459296 9.482207687481399
0.9999285358594779 -0.0031239961375098607 -0.011539662995635868 -0.08953016273262103 0.0031679890265959975 0.9999877770021215 0.0037960099950760332 -0.13170496036480994 0.01152766322579695 -0.003832296242225182 0.9999262105205886 10.836986809111501
0.9999152765170691 -0.0028147818482653036 -0.012708925640636698 -0.11696541986646455 0.0028628374851938075 0.9999888157495747 0.003764643050369908 -0.14661364159759363 0.012698186851906278 -0.003800707685419314 0.9999121514772007 12.187500017174049
0.9999044635722222 -0.002233313959768858 -0.013640969067587688 -0.15096580391738376 0.0022861268642564493 0.9999899474825862 0.00385727335500963 -0.1662458271545345 0.01363221743907817 -0.003888089830732287 0.9998995176542301 13.620418142635279
0.999897140751636 -0.0006035185454782248 -0.014329817935595039 -0.17891126059797394 0.00066551457224985 0.9999904386967529 0.004321990910495229 -0.17880054894155997 0.014327072522192359 -0.004331083056412636 0.9998879820822443 15.067755245834956
0.9998918432620876 0.0009341702012375018 -0.014677503329214688 -0.21349686905407367 -0.0008607974565250433 0.9999871068401806 0.005004516074975861 -0.18759816630875312 0.014681989159607348 -0.004991340445308492 0.9998797556280837 16.508983616148733
0.9998781165863434 0.0016251693492538963 -0.015527742795788833 -0.234904490580627 -0.001533123297589724 0.9999811951968246 0.0059379108855686065 -0.20327181262919095 0.015537100910411597 -0.005913381208480746 0.9998618056601538 17.808676080652976
0.9998727634327901 0.0013825210194907697 -0.015891682758788724 -0.2671520872343168 -0.0012891936179948997 0.9999818730113822 0.005881464822958304 -0.21677945953833425 0.01589952593917934 -0.005860229029572281 0.9998564210878633 19.201655567467473
0.9998600775102715 0.0020529553873997776 -0.01660152930699042 -0.28816931036356264 -0.0019531233035829454 0.9999799276399879 0.006027406281804826 -0.22721468304241654 0.016613570071315652 -0.005994138078346759 0.9998440176338426 20.48658507253799
0.9998617519951363 0.002736850546242766 -0.01640080931856242 -0.3237429647263723 -0.002632368403273989 0.999976126948573 0.006388753362072768 -0.2332691817117124 0.016417902844326843 -0.006344697157428662 0.9998450866430135 21.90645206245475
0.9998621559093926 0.003653395108431743 -0.016196354046604886 -0.35340650381570077 -0.003528761101693597 0.9999639964550593 0.0077171004084293825 -0.24510264884640884 0.01622396453732742 -0.007658883587592605 0.9998390492858757 23.230182827785807
0.9998590718975402 0.0037630202101862206 -0.016360807531642076 -0.37598852809930944 -0.0036601086787688827 0.9999733585184958 0.006315525132544699 -0.2529304754918812 0.01638413710420243 -0.006254752763933566 0.9998462072334992 24.592149230358167
0.9998559680738107 0.00417155412962205 -0.01645117756656311 -0.40117671668593363 -0.004100059346679636 0.999982014601571 0.004377212210680211 -0.26638860962123395 0.016469141463253536 -0.004309130948028558 0.9998550888853527 25.889293705176456
0.9998703732951644 0.0022875485343521493 -0.015937494416993 -0.4363972891538321 -0.0022241944267400848 0.99998955937956 0.003991752876324575 -0.2748424699936724 0.015946459348104663 -0.0039557873522942655 0.9998650219808087 27.36755739365306
0.9998738758716189 0.0014043679649302385 -0.015819611249511905 -0.4574710647295475 -0.0012986484918495465 0.999976771059234 0.006691102602960488 -0.2861992220974177 0.015828640546844838 -0.0066697145791860014 0.9998524736409224 28.698779433188168
0.9998766401394964 -0.0002197788271544798 -0.01570529212142418 -0.4804549450917589 0.0003440936532617257 0.9999686308623388 0.007913209895970684 -0.2992169615605336 0.01570306030396361 -0.00791763781484343 0.9998453504960273 30.012909258286623
0.9998822163192447 -0.0010028953821569922 -0.01531494986500475 -0.5101207899584498 0.0011148602595405376 0.9999727037020933 0.007304035687723415 -0.3090952077720496 0.0153072066399084 -0.0073202494204971675 0.9998560413246026 31.32457950581715
0.9998879964559712 -0.0009091787045648398 -0.014938806423104372 -0.5333991226340851 0.0009904503717271503 0.9999847462545519 0.005433807714744638 -0.3183700269982383 0.01493363824809487 -0.00544799525539801 0.9998736449153827 32.61035966320175
0.9998973707089694 -8.592648560819217e-05 -0.014326223016866303 -0.5574401073764695 0.0001525140079783674 0.9999891913829776 0.004646919054218879 -0.33086113696187597 0.014325668876785025 -0.00464862709390243 0.9998865763062204 33.893941420908575
0.9999079009270949 0.0006140040126861449 -0.013557752861126407 -0.5772175779648903 -0.0005649066736469919 0.9999932705381203 0.0036248805393352523 -0.34381217495654803 0.013559887315941948 -0.003616887826127342 0.9999015189399567 35.109835164476436
0.9999232926380268 0.0012112381600124149 -0.012326465107506315 -0.597702393432942 -0.001153362863647229 0.9999882840154577 0.004701232383725254 -0.3619019687635073 0.01233201500289386 -0.004686654877496118 0.9999129745492994 36.34381739516296
0.999940831868012 0.0016462328953079516 -0.010752798722304193 -0.6184655908692478 -0.001574117422131818 0.999976237378359 0.006711693747635066 -0.37278157433969294 0.010763592218647113 -0.006694370461448166 0.9999196620162422 37.46455272470695
0.9999583915948419 0.0011617137148665895 -0.009047955586844061 -0.6373682237004563 -0.0010918300645787258 0.9999695671563404 0.00772480862365167 -0.38480009188430003 0.009056654247949013 -0.007714608376752069 0.9999292284114045 38.66112205010738
0.9999762892201113 0.001618783538774378 -0.006693320359199732 -0.6500560842610748 -0.0015631028810012056 0.9999642021228746 0.008315718979562601 -0.3949847100761224 0.006706542101537089 -0.0083050594590434 0.9999430225169944 39.67111184383573
0.9999936214693527 0.001264186136878947 -0.003340487093241836 -0.6601525789921436 -0.0012381968740934625 0.9999690408344079 0.0077707297737311986 -0.40919901877002507 0.003350207323402089 -0.007766544027216452 0.9999642278125572 40.83795503837413
0.9999998190360038 0.0005722955795494255 0.00018548781398023347 -0.6625301426872489 -0.0005734104629297386 0.9999814294533675 0.006067285129409484 -0.42407541382563674 -0.00018201208891075629 -0.006067390392102667 0.999981576653005 41.987973051374105
0.9999930032177892 0.0005271814517692211 0.003703457193400764 -0.6665322221246476 -0.0005430852388129393 0.9999906306219807 0.00429461601049168 -0.4366838075571551 -0.0037011584524071868 -0.00429659725493315 0.9999839202097899 43.06679442301779
0.9999697247476681 0.000746687383735629 0.007745453248422892 -0.6629067270087863 -0.0007846076526743869 0.9999877168569424 0.0048939274689725545 -0.4489422665413768 -0.007741703876014645 -0.004899856445975749 0.9999580278331212 44.214793427492886
0.9999134509797991 0.0010920213263943513 0.013110989249136357 -0.6571148275962653 -0.0011552068023410363 0.9999877517756515 0.004812670352561106 -0.465046182368683 -0.01310557312413675 -0.0048273997246236315 0.999902465325987 45.280106476195
0.9997999129250397 0.0027206862451837994 0.019817466574662483 -0.6510465417716206 -0.0027978196236608617 0.9999886149675825 0.0038655065088585815 -0.4776598051262733 -0.01980672412177383 -0.003920178767841875 0.9997961421599867 46.441340273522606
0.9996192246449122 0.004083403577263703 0.02728976979619681 -0.6347562747625773 -0.004190345491466468 0.9999837600805205 0.003862716645940617 -0.4906145205998208 -0.027273553581562766 -0.00397559938246686 0.9996201017809636 47.57834564507294
0.9993476548806768 0.005108701159337624 0.03575144552260382 -0.6047589847759247 -0.005289646098660609 0.9999736667938782 0.00496843667134941 -0.5085999451531331 -0.03572512181423676 -0.0051543080302663725 0.9993483620740504 48.68085093183643
0.9989017326898456 0.00746102482470542 0.046256475630867475 -0.5674765002078681 -0.007728850752450087 0.9999543736042367 0.005613873511720655 -0.5228780667458032 -0.04621247986497007 -0.005965217374444762 0.9989138215513917 49.780162628209084
0.9982113051570826 0.009651000110997884 0.05900041062103681 -0.5124620397658606 -0.010002326464639463 0.9999339442367535 0.005662210559877806 -0.5391662382740462 -0.05894186730913955 -0.006242223961629303 0.9982419000012598 50.82380277142526
0.9971895468218585 0.011770958524462267 0.0739895414543941 -0.46061440467409936 -0.012254480959512171 0.9999063993749788 0.00608442153197117 -0.5477071342589617 -0.0739109965135708 -0.006974024977095482 0.9972404562441248 51.688612489191044
0.9958391902927702 0.014024628930343752 0.09004230594784476 -0.37751407868137776 -0.014748641246732273 0.9998639939614206 0.007380458040790259 -0.5580258743421452 -0.08992655146515026 -0.008677751026783686 0.995910594370149 52.690030896448306
0.9940902240351873 0.01407407293743315 0.10764082380129836 -0.2867929946552949 -0.015048747090967202 0.9998527427448817 0.008247911040362503 -0.5705293356046341 -0.10750889120748328 -0.009819027267985437 0.9941556342016317 53.60084058722938
0.9918362415536807 0.01368389107767822 0.12678178522817174 -0.1711293078510724 -0.014731015696935633 0.999864659330633 0.00732531215541171 -0.5811511394611477 -0.12666438772285088 -0.009133134544712842 0.9919035833871072 54.60272597171197
0.9890524285592692 0.0127530701694467 0.147012423836437 -0.03267906765551076 -0.013845935985002507 0.999883575815698 0.006412867588911845 -0.5890976435246851 -0.14691352428456095 -0.00837818687228173 0.989113857130221 55.589093039415786
0.9857845756264904 0.009971380872978847 0.167718043216542 0.13280645958274778 -0.011139393809828695 0.9999198048553537 0.006024762533189873 -0.5947673341104844 -0.16764451784191892 -0.007807395309433972 0.9858165956282301 56.55834711220989
0.9818995580626486 0.004886086270993888 0.18933933568418196 0.3346728648204016 -0.006552294227901508 0.9999451157083046 0.008175145959342937 -0.6080552953858777 -0.18928899946041772 -0.009267779240894733 0.9818776822757591 57.57632434913596
0.9771933788295323 -0.00045770119766044837 0.2123508673901178 0.5515639710312052 -0.0016130205263890016 0.9999528282071396 0.009578075241111527 -0.615088047985192 -0.21234523431549684 -0.00970215801544211 0.9771465445844552 58.56158900351046
0.971744945395341 -0.005401251912452419 0.23597158213730646 0.7883647170900498 0.0033712720679496266 0.9999537688335335 0.009005260698964714 -0.621084309564204 -0.23600931257738386 -0.007955292162496958 0.971718229582712 59.505801878047
0.9652903275213793 -0.011349715636200804 0.2609324961530183 1.0452512408857062 0.009822653256982287 0.9999261527015307 0.007155740807792625 -0.6280556297552478 -0.26099444261642946 -0.0043443179548223205 0.9653305277597134 60.43659613286352
0.9578513892343113 -0.014973926874559569 0.28687366148856264 1.3360022705559818 0.01328931217108931 0.9998811244914338 0.007818635927405471 -0.6356733982837285 -0.2869566349187948 -0.003676737643797749 0.9579365173519486 61.37667216666606
0.949202691496668 -0.017625339537053558 0.31417128745587847 1.6490966846408248 0.015173647046296375 0.9998323589746427 0.010247652536829915 -0.6472828045329531 -0.31429923781453106 -0.004959975141545614 0.9493110068654003 62.34966115492353
0.9394678990818318 -0.021955681785051733 0.34193276332068834 1.986733739630246 0.01860414494713118 0.9997413843780993 0.013078614320626859 -0.651052856571045 -0.34213148406066723 -0.005925571627709696 0.9396334046931974 63.28740416218365
0.9284793547573701 -0.025151969894237153 0.370531329579263 2.3545540507648313 0.02194636197845191 0.999676365161874 0.012865540511568093 -0.6635002311273775 -0.3707350064200141 -0.003813574069481995 0.92873086072746 64.22224830922002
0.916600851736221 -0.024597340167492706 0.3990461745877516 2.73821895383631 0.022936709868058555 0.9996969771828397 0.008936506695686353 -0.666169906202654 -0.39914506878685385 0.0009615966816653304 0.9168872828188641 65.06529228451454
0.9036707763571538 -0.025618554811848472 0.4274608959979975 3.1559255157794803 0.02675662087098883 0.9996363793826412 0.003345482675351317 -0.6665535913518174 -0.42739116883438855 0.008414194204867454 0.904027648989929 65.916254923381
0.8898174846572122 -0.02766762480942853 0.45547705379713266 3.601873632934602 0.030542354975610076 0.9995329234905844 0.0010485279728633546 -0.6768499554872753 -0.45529332144328155 0.012978343336911058 0.8902469062307233 66.72472423202653
0.8740388260027405 -0.028261705897575963 0.48503340773549775 4.067493698541254 0.029949273305136234 0.9995422918317467 0.004271752361048256 -0.6847410869124713 -0.48493213099179666 0.010792720671766926 0.8744851888467046 67.58030267924377
0.8563483359936976 -0.02720677850867631 0.5156814119628557 4.569974333898762 0.025755778218327436 0.9996185633853372 0.009968331044030207 -0.6938193225161056 -0.515755918365648 0.004745412375639642 0.8567224251367489 68.43259743628543
0.8365998684811592 -0.02744987795216481 0.5471262781641163 4.831350224774775 0.02382693174600769 0.9996219650468378 0.013718757941960539 -0.6997339487416937 -0.5472960235383387 0.001559229396294545 0.8369376508574652 68.84601238461514
0.8155508966433161 -0.021190718607978047 0.5782972319051511 5.340381917850618 0.019818041691300886 0.9997658712173484 0.008686079238566485 -0.7003908723479522 -0.5783459001391853 0.004376778940532381 0.8157799112495365 69.57024716972869
0.7935563725118817 -0.014277945221623147 0.608329206865848 5.871171406158501 0.016969491126873397 0.9998551220355762 0.001330905751082261 -0.6982438703839038 -0.6082600759680669 0.009266888338143904 0.7936836931447253 70.28038998608415
0.7712314482765691 -0.01213366510519159 0.636439178052656 6.397098025151048 0.016299862484927534 0.9998669105808313 -0.0006896437607002786 -0.7071960731354574 -0.6363461068256787 0.010905746038638389 0.7713265826037264 70.9164164074261
0.7479772523239901 -0.014500827941208673 0.6635659394475224 6.944254076422165 0.017384842635884242 0.9998463334088117 0.0022531789723576135 -0.712725173669071 -0.6634966444921778 0.009850662819089643 0.7481144078211873 71.52875415603772
0.7237088790239524 -0.014828238455945756 0.689946071636173 7.549584575429442 0.01761767817206802 0.9998402699916947 0.0030086406832627826 -0.727838274445195 -0.6898804793859002 0.00997786786989873 0.7238545201316711 72.15417817156788
0.6983643395118936 -0.012949009699215301 0.7156253017088802 8.184314068278649 0.018339344818048713 0.999831801128585 0.0001946371364006873 -0.7373952160469929 -0.715507454698944 0.012988171533352357 0.6984843517720776 72.77613745374651
0.6720330708972903 -0.010606679249710222 0.7404451701345962 8.869880824790101 0.018305676386807242 0.9998298098508552 -0.0022920614356668713 -0.7488212475012835 -0.7402948425001887 0.015094690751954822 0.672112859926608 73.40746864939364
0.6454689079600819 -0.00843065805022685 0.7637400165381274 9.507804416786724 0.01668071657871659 0.9998561831272955 -0.003060515730601264 -0.7627284329199647 -0.7636043756758075 0.014715198502122682 0.6455167080578192 73.93191837182272
0.6172304039327247 -0.006994421838803158 0.7867513625817157 10.249947651796619 0.01664347663934668 0.9998527988714254 -0.004168365906825411 -0.7759772209617375 -0.7866063965837051 0.015667120096512215 0.6172559584171552 74.5290182511514
0.5887600646434783 -0.00062015274014554 0.8083076157575072 10.558150419379688 0.015200466936934156 0.9998313651064035 -0.010304715152090116 -0.7842599570240479 -0.8081649163913925 0.018353657947271285 0.5886702057638458 74.7517221769579
0.5583452764617722 0.008684161902124213 0.8295632209692547 11.26651016841417 0.014132252890247523 0.9997005533237314 -0.019977064661059227 -0.8031828005583179 -0.8294882950838265 0.022877696918259596 0.5580553550523848 75.25175845145253
0.5273314134044111 0.017024625340011326 0.849489106798279 12.019611831780967 0.013224190193197248 0.9995136832218576 -0.028240358461089726 -0.8255454310184499 -0.8495567675150614 0.02612583365768333 0.5268498264069669 75.7354902842919
0.49577633249437525 0.021809345530708762 0.8681763533902248 12.773810526000721 0.010996491709413272 0.9994468270653707 -0.031386574184645036 -0.8534636661505681 -0.8683806223704623 0.025107614711190183 0.49526225615829356 76.16967646841023
0.4626121545332577 0.0215503739092752 0.8862988073231663 13.576523290632855 0.008947443917479071 0.9995401182994084 -0.02897404282023416 -0.8868181471025582 -0.8865156161768617 0.02133385324725999 0.46220658690696276 76.6179832267123
0.4290969568459913 0.020093594358442483 0.9030349102284293 14.599781244311005 0.003979703591773186 0.9997007733890086 -0.024135568042619335 -0.9385072099134563 -0.9032496684664939 0.013950310074569951 0.4288885930681678 77.12939636382809
0.3946600090478491 0.021344268878131963 0.9185792831565543 15.609172624963826 -0.00030796684218991916 0.9997331660458818 -0.023097659281880716 -0.979220279439205 -0.9188271776644266 0.008832830460036356 0.39456127368418786 77.58086853966283
0.3599556013937237 0.024228431427771927 0.9326547850817215 16.687542074909196 -0.007511912358171181 0.9997056051182348 -0.023071069934175598 -1.0187686995944523 -0.9329391921224052 0.0012985398469899491 0.36003163416047207 77.99764543861247
0.3238069005983109 0.026247938367606898 0.9457590268437122 17.716193276444034 -0.012452618821765496 0.9996467485392669 -0.023480000412091053 -1.0509828340332872 -0.9460412376896662 -0.004174190499042372 0.32401937090902816 78.37533445223939
0.2875199149722344 0.02569231653272658 0.9574299991986572 18.611913809289085 -0.015019896561542264 0.9996381690887751 -0.022314426009253048 -1.0793015864095068 -0.9576568807258891 -0.00796465768404668 0.2878017773161527 78.66147003530871
0.25148158078651417 0.02524569254885295 0.9675327743972522 19.561939406897494 -0.015711082328187576 0.9996345210499947 -0.021999686752883985 -1.1094944269793579 -0.9677345588627043 -0.009668471072351578 0.25178630671648977 78.90873093808963
0.21558243401252483 0.024545787853451965 0.9761770937918427 20.498118142421312 -0.015135894345873166 0.9996479165751075 -0.021793292302855944 -1.1444677073035592 -0.9763683315468532 -0.010077062354698756 0.21587805346239713 79.11935197343378
0.18007953576010813 0.02322858758093254 0.9833777471142096 21.458539801563415 -0.012900114745000434 0.9996909302660877 -0.02125161131045073 -1.1743724323542661 -0.9835674597301344 -0.008858705476513101 0.180323530071066 79.30348698430907
0.14568457432760074 0.02214008314820754 0.9890833238515224 22.37427483507375 -0.004706621898593402 0.9997537590764636 -0.021685684743268593 -1.205831127775947 -0.9893198939237444 -0.0014959714807475022 0.14575290582365533 79.43173369131587
0.11173423879319049 0.025475655415767563 0.9934115214061304 23.297728044057592 -0.002608250045452242 0.9996754138666264 -0.02534292686905278 -1.237540209746607 -0.9937347014736911 0.0002406069966447795 0.11176441828805125 79.54182468849264
0.07900670804036775 0.030557352422540138 0.9964056344168013 24.272091120141642 -0.0018278649046556958 0.999532841487853 -0.030508321768152442 -1.2698542940280313 -0.9968724085832219 0.0005890671807863513 0.07902565409626235 79.62581269365391
0.04983580091314257 0.03445731740750251 0.9981628555623695 25.228885798315808 0.0049822134083506355 0.9993836797745302 -0.034748210743479106 -1.3078086213396065 -0.9987449977331044 0.006704765275400333 0.04963341239228388 79.6738090786857
0.02421726433638667 0.03267377998293653 0.9991726318358043 26.233917041636158 0.006794108073523824 0.9994372955543996 -0.03284710566234299 -1.3472616245505935 -0.9996836320574356 0.007583953885309868 0.023981647981709722 79.7010059359656
0.0018648114130151508 0.02967884227735868 0.9995577466057021 27.222750526767626 0.008541340915056995 0.9995225499007699 -0.029693732255068286 -1.3866017265708652 -0.9999617832566233 0.008592936688849705 0.001610423948765865 79.7041501402898
-0.017040850896837347 0.026985506887456785 0.9994905661479442 28.195325841565893 0.008831236399469969 0.9996007881244586 -0.02683791431199075 -1.4261044591280152 -0.9998157923659577 0.008369396572519826 -0.017272363377472625 79.68776429989148
-0.03358881475979916 0.03017508902268129 0.9989801076725725 29.162245324607866 0.010281628307992246 0.9995016536197039 -0.029845142499471594 -1.4618580558793928 -0.9993828493837422 0.009268679191272904 -0.033882324945036936 79.65534054241549
-0.04799045208966873 0.034577576300784514 0.9982491210741897 30.089615676290038 0.013158764116978217 0.9993357938491781 -0.03398261406582167 -1.4942272126097869 -0.9987611142986808 0.011504883701988584 -0.04841357470648886 79.60016916413088
-0.059768883058016545 0.03984391927448395 0.997416734727689 31.080626726607303 0.01776279960927266 0.9990873097311501 -0.038846241571270486 -1.5360876885526593 -0.9980541886931978 0.015395117116186253 -0.06042207213379016 79.53135220124136
-0.0685005376573336 0.04325488938181534 0.996712943070984 32.03245398214774 0.023298104761960425 0.9988565510719963 -0.04174672077010061 -1.581356257606132 -0.9973790025136665 0.020361849747087196 -0.06942996773526618 79.45527370841107
-0.07411601693067771 0.04867619609772305 0.996060963981516 32.98738149229856 0.027261590421728512 0.9985336803955615 -0.04676852363900673 -1.6284030826590083 -0.9968769340906674 0.023687909345284707 -0.07533432968335323 79.37458310779108
-0.07754274119394494 0.05346987253387099 0.9955541652865201 33.962934172152806 0.02933646855478294 0.9982507860834485 -0.05132971553117213 -1.6788980088381444 -0.9965573214325718 0.025225796617518663 -0.0789757195861391 79.29450535500237
-0.08036128416053324 0.05757528600184296 0.9951015779556756 35.067180060927704 0.03152536620485834 0.997977742303322 -0.05519580738437965 -1.7457860851412919 -0.9962671405269365 0.026935335694398828 -0.08201385491068224 79.2083608635841
-0.08286661571966258 0.06052482025927407 0.9947210011514545 35.96185822940888 0.03210808892976652 0.9977979506859371 -0.05803723143140171 -1.8022979780066946 -0.9960432694539163 0.027129241410818197 -0.0846274756567013 79.13213511202963
-0.08549682182700648 0.06386081328123273 0.9942897414660075 36.93553657024357 0.03320457661915585 0.997572054407146 -0.0612164386210779 -1.8709394471040117 -0.9957849916267179 0.027781158956478504 -0.0874097114628069 79.05831989994522
-0.08741336805480346 0.06754944619910855 0.9938792559478784 37.89754577836296 0.034441080973305595 0.9973067876870911 -0.06475324837137464 -1.9395217321845766 -0.9955765741652945 0.02856997639915848 -0.08950442124189092 78.97052596518755
-0.08978064173445575 0.0689815448588675 0.9935698177977391 38.84217335393596 0.037037761214482906 0.9971397528755783 -0.06588260376950011 -2.008625498523615 -0.9952726463708157 0.030884619215947325 -0.09207876889879493 78.89107822276065
-0.09156198150229415 0.0679157011592902 0.993480679771587 39.80014779712864 0.03732729094850489 0.997204437854375 -0.06473007395318756 -2.0722509711258197 -0.9950995311494313 0.031157128551608498 -0.09384112342997247 78.79610088043607
-0.09400219513749629 0.06763199098261749 0.9932721183568268 40.82662119893854 0.036734021821107105 0.9972461518117223 -0.06442611533809166 -2.14402824311913 -0.9948940641848143 0.030430683404054755 -0.09622772239528318 78.70159425735878
-0.09632693782302829 0.06925554402158786 0.992937455569036 42.035192475779475 0.03664529485825924 0.9971468799617026 -0.0659941069141213 -2.221678989717008 -0.9946749435943325 0.03002947560173405 -0.09858999533773785 78.59584003852716
-0.0987688600214603 0.07121431937682125 0.9925589317545614 42.994697520699454 0.035529545851976214 0.9970524001258161 -0.06800119686374069 -2.296639046196266 -0.9944759241236624 0.028548767382235517 -0.10100794136770384 78.50220181760511
-0.10174533368504511 0.07353590369576589 0.992088886108984 44.05220045860605 0.03406680818025759 0.9969368515331293 -0.07040146756723449 -2.372907381237421 -0.9942270060975648 0.02663428097129492 -0.10393880614772212 78.40955377951262
-0.10392865364511232 0.07712297766031304 0.9915900772336925 45.00916348442345 0.03184082061534682 0.9967359749949194 -0.07418597100172289 -2.447779856014315 -0.9940749454110864 0.023862993687591424 -0.10604508681787382 78.3051213078961
-0.10630904164687965 0.08127028785271939 0.9910063208559556 46.005012714659905 0.02859312372085771 0.996491927412988 -0.07865285676077852 -2.5302259517193604 -0.9939219390575924 0.019974456515358587 -0.10825987320752928 78.21080897678695
-0.10899802505382503 0.08370024708009512 0.9905118369676841 47.0300183273327 0.026486344709481212 0.9963394738569947 -0.08127808055248979 -2.6159939265584984 -0.993689037917947 0.017375887692360384 -0.11081594853001177 78.10772941737271
-0.11183078825914683 0.08226688560486828 0.9903161284813111 48.03477264089121 0.02437304456330429 0.9964946066507103 -0.08002783025148731 -2.7008474914150113 -0.9934283212673435 0.01518744379154087 -0.11344387182666915 77.99794389394421
-0.11482247397783026 0.07805826887318532 0.9903144481073329 49.05105871048818 0.021298187682658253 0.99687226051325 -0.07610573842120456 -2.7875995251479626 -0.9931576846961634 0.012353253811205682 -0.116125838852648 77.8877916894777
-0.11719083855203988 0.07654686962924008 0.9901549798437785 50.05956567375076 0.021564920289997465 0.9969861239985666 -0.07452263258366777 -2.86670224151227 -0.9928752497531373 0.012619243411489402 -0.11848836703814346 77.77287325452063
-0.11905937682917117 0.07704162947216202 0.9898936569739818 51.0595186585941 0.02081150167282726 0.996959680241442 -0.07508846363458802 -2.947221465775698 -0.9926690013227826 0.011661187810641042 -0.12030075025399313 77.6538929900659
-0.12005142288428607 0.0799027053879084 0.9895469738901489 52.06157604260713 0.02218718920046125 0.9967228218764005 -0.07779039134833611 -3.0295849542800624 -0.9925197149169585 0.012616418764351245 -0.12143080942957302 77.52386831514124
-0.1210059658867387 0.08272051545984901 0.989199106622056 53.13595809625215 0.022845086984588422 0.9964898973187712 -0.0805356228155612 -3.1195029134607806 -0.9923888644178165 0.012853048808770787 -0.12247097989252534 77.40672399803914
-0.12141386179715917 0.08344877333926716 0.9890879517978527 54.1150926947212 0.021380935321707935 0.996448461296744 -0.08144519374474549 -3.203053854555366 -0.9923716691684968 0.011259050027502894 -0.12276686859331763 77.29004774293308
-0.12131047735892164 0.08203636210983964 0.9892187843822686 55.05724304578387 0.018395081132985283 0.9965935621839117 -0.08039211903968896 -3.2902209105482907 -0.9924441490950816 0.00844435346038479 -0.12240630629822408 77.17894736247109
-0.12148255399832614 0.08114518355455863 0.9892711702359167 56.19489937982617 0.014672157343963448 0.9966907245060342 -0.07995203238511041 -3.396059775050613 -0.9924851217388183 0.004801965174047927 -0.1222711096602525 77.05038579659475
-0.1214835769088594 0.08221539507214498 0.9891826774436356 57.29079735483253 0.010807509175275582 0.9966142715772774 -0.08150577546357202 -3.4928331911197152 -0.9925346030677494 0.0007889877204504837 -0.1219608101462163 76.92223075237926
-0.12169240604818181 0.08230790241862185 0.9891493150731342 58.33520298893921 0.006520952896550983 0.9966006472742039 -0.08212567823743182 -3.5870747503939304 -0.992546439963151 -0.0035438752918045074 -0.1218154565906591 76.80239430635473
-0.12233175644087842 0.0815547993010383 0.989132830350432 59.404634419777906 0.003004140902573515 0.996644026545772 -0.08180256406780584 -3.6860060175280567 -0.9924847185239309 -0.007035556950048334 -0.12216621642203528 76.68904535584954
-0.12269330240587548 0.07657211817485544 0.9894862627964857 60.443805020982374 0.0031879288523199356 0.9970443702886292 -0.07676171432024334 -3.771397365140468 -0.9924395148594056 -0.006263736422144089 -0.12257477290071148 76.56543112325879
-0.12313099122713451 0.06795319727900923 0.9900611708268247 61.47603211784852 0.006182445013913142 0.997686049176559 -0.06770764101722845 -3.853966908940646 -0.9923711686526733 -0.002215910203055207 -0.12326618907429054 76.44124643428478
-0.12285710267006567 0.06264901582727667 0.9904449672442129 62.53904244792732 0.011617465862304131 0.998027892388961 -0.061687604108006444 -3.9311257320646757 -0.9923563708721047 0.003927700284082682 -0.12334263804550026 76.30257894080667
-0.12196255725328536 0.0650812215260679 0.9903986920593713 63.58159854784376 0.020114330661256695 0.9978050650837957 -0.06309093274925308 -4.003667849568876 -0.9923308663597478 0.0122264752809642 -0.12300392258751452 76.16305000162122
-0.12079530242874979 0.07074931512702755 0.9901530332833419 64.65043377621802 0.025339275665090043 0.9973517173881994 -0.06817237660208599 -4.078473192643394 -0.9923539771774557 0.0168548578120559 -0.1222681387288608 76.02745883076601
-0.11981218238196378 0.07648697725240144 0.9898458381301913 65.57350225748185 0.02884775783974874 0.9968750750081835 -0.07353836886310786 -4.146803100937167 -0.9923773716789843 0.01974404057476391 -0.12164425609658612 75.91005585818424
-0.1191376429193842 0.08073811206172125 0.9895896014511881 66.68540475730707 0.02973721131133545 0.9965312938782368 -0.07772437574397735 -4.243244921676728 -0.9924323253013461 0.02016773616633602 -0.12112531574731515 75.77991642084685
-0.11897007308117082 0.0778283185082793 0.9898428534617167 67.79829342987462 0.02660855406664222 0.996815023445623 -0.07517841368094409 -4.33389025603369 -0.9925412367058317 0.01739430571406691 -0.12066205520867841 75.64892549519645
-0.11871959644957249 0.07325480280021605 0.9902218899244507 68.90322828668444 0.025547833202368912 0.9971699922906903 -0.07070583210490626 -4.421026709056603 -0.9925990961297079 0.016903855822998498 -0.12025512055958663 75.51608308802035
-0.1185028666789336 0.07109328426465454 0.9904053793883283 70.08749743998058 0.023020102983793218 0.9973622037942095 -0.06883828368990345 -4.510442415421961 -0.9926868315070413 0.014641699874710685 -0.11982685499206133 75.37640874444813
-0.11832031275366073 0.07175504251797135 0.990379481543877 71.20735079223962 0.021178218978413606 0.9973411209588139 -0.06972927280215456 -4.592982796305281 -0.9927496092322458 0.01272408416582752 -0.11952535735718468 75.24706581535116
-0.11780431939332665 0.07713833582679183 0.990036271799244 72.31564835709395 0.021870043738522502 0.996938127053744 -0.0750737771358715 -4.672991112033675 -0.9927959727553032 0.01280812134719541 -0.11913063631327316 75.10482236753977
-0.11717287108043291 0.07992014637697326 0.9898905436894777 73.49671857631827 0.021438502110662245 0.996727948369016 -0.07793450819336455 -4.764392123268534 -0.992880108024135 0.012089960428953241 -0.11850284362329454 74.9665467869554
-0.11665838183535643 0.0789371196969001 0.9900301778640447 74.63314374016949 0.021692997544398823 0.9968011835670995 -0.07692083135774633 -4.855576384355833 -0.992935161934098 0.012503262501660237 -0.11799759583025292 74.83088187439466
-0.11598229522065207 0.07222176967765391 0.9906220889824615 75.67800349489666 0.023003540602089485 0.9972807439836324 -0.07001396145926367 -4.937272334056726 -0.9929848661057811 0.01466743549769891 -0.1173282660777161 74.70345305673646
-0.11626205033959866 0.07049798453301591 0.9907134650481005 76.7270257838135 0.022286141416267072 0.997411816871493 -0.06835931147897756 -5.019421813407314 -0.9929685108560116 0.014131586672712563 -0.11753227091528892 74.58292787976914
-0.11619407565993894 0.07363284749925862 0.9904933823861127 77.91258303811492 0.019943933285497997 0.9972201168275532 -0.0717933013556508 -5.107784835513485 -0.9930262717101872 0.011412377648440422 -0.11733959830242056 74.45812787809828
-0.11592962082674105 0.07680868454118786 0.9902831660661608 79.0779980803448 0.019314109112321003 0.9969913588159102 -0.07506794013159782 -5.196454747955735 -0.9930696290815484 0.01042383928579571 -0.11706432150906837 74.32769071176894
-0.11576152059456049 0.07637106280444583 0.9903366756390242 80.18808650794782 0.0185191443013489 0.9970323772364501 -0.07472268756259774 -5.283208366691395 -0.9931043810415799 0.009690175867918486 -0.11683231080342406 74.19731017530135
-0.11557975057155749 0.07298957337216294 0.9906128625435697 81.31538986939232 0.01817463425205032 0.9972849839150999 -0.07136065811959613 -5.370535528820451 -0.9931319166795616 0.009756179396020682 -0.11659250848991946 74.07315926061173
-0.11492419839226573 0.07178197300633907 0.9907773599427934 82.52113549858213 0.01872600312238308 0.9973650926091471 -0.07008715183117735 -5.4677939277081204 -0.9931977473952277 0.010498590194079971 -0.11596557322318189 73.93942215597308
-0.11371639443313632 0.07225615499204294 0.9908822481520659 83.67307202775672 0.020253619498283932 0.9973131536599162 -0.07040074171576327 -5.556813392549981 -0.9933067867151342 0.012063233508340853 -0.11487430462456427 73.80766360455038
-0.112605666855059 0.0725204057952024 0.9909897852830905 84.86882139536857 0.02284012065515597 0.9972584643232018 -0.07038383496361678 -5.6471921007977715 -0.993377215704379 0.014708707591998257 -0.11395332922028979 73.67146234831499
-0.11154736938498727 0.0718087971975295 0.991161279019884 86.02793944745954 0.02257168047688604 0.997311616675199 -0.06971411969715201 -5.739518894052246 -0.9935027446483163 0.014595749029890973 -0.11286833252297968 73.5443534909743
-0.11032336693689129 0.07244200696945922 0.9912521931042291 87.193035997566 0.023811113992665726 0.997246599690839 -0.07022998117247468 -5.83206058950235 -0.9936104797948416 0.015854810982622713 -0.11174452743006714 73.42194206201874
-0.10950638489285233 0.07050016861096516 0.9914827673205031 88.34108243813954 0.023775704380366695 0.9973819177369129 -0.06829367505599487 -5.922567793947808 -0.9937016994797357 0.01609460770761094 -0.11089587933653017 73.30583233822
-0.10843230016467897 0.0698825205838848 0.9916445278414231 89.47472520145536 0.02204917336084196 0.9974497747400272 -0.06788063659963006 -6.004943048729741 -0.9938592809020298 0.014504488543565165 -0.10969662518504901 73.18773894570646
-0.1070377616780753 0.06916332424858539 0.9918464357721066 90.62427147940998 0.02315563212431446 0.9974803941523193 -0.0670572888108034 -6.088679105033236 -0.9939852787017873 0.015789169092042664 -0.10836958920062373 73.06560650822914
-0.1055236277893346 0.06999022875983195 0.9919506700720169 91.92482357236523 0.021011021052403905 0.9974542665098618 -0.06814340184938879 -6.1847345617509095 -0.9941948003145622 0.013651157438775265 -0.10672555892600606 72.93480277757504
-0.10397164288249242 0.0724780806551889 0.9919358977781046 93.11933882096149 0.021784686086935935 0.9972679117517568 -0.07058427333607792 -6.277519063073277 -0.9943416540246155 0.014270249291039927 -0.10526649541407976 72.81405198139937
-0.10316998105005218 0.07118269553793996 0.9921133901253847 94.33222041186546 0.018906696947784296 0.9973961035886935 -0.06959561305581555 -6.3755497776052845 -0.9944840329641574 0.011577409124804143 -0.1042471667591039 72.69859555598173
-0.10296591516114571 0.06975159350386421 0.9922362296946723 95.52159067599759 0.015423765539772214 0.9975302892821398 -0.06852320352451591 -6.472922097407026 -0.9945652958813718 0.008248464606202814 -0.10378745136112738 72.5919603933154
-0.10302991029079196 0.07053658262304896 0.9921740916277406 96.75829075456515 0.012475975162212875 0.9974956108555539 -0.06961936776253279 -6.573790703434058 -0.9946000138896148 0.0052054621086632495 -0.10365189595473931 72.47557437770423
-0.10327563236139499 0.06999828331595248 0.9921866679678641 97.96840192093374 0.009767956711385768 0.9975439073389427 -0.06935949792664967 -6.66272202920062 -0.9946048113607923 0.0025284904136804124 -0.10370571803998799 72.35515217782476
-0.10430099620081383 0.06749436418494989 0.9922528977003726 99.11191760880997 0.00723670089222061 0.9977196389137544 -0.06710553096430706 -6.7462532393904855 -0.9945194479504728 0.0001814636999348247 -0.10455158879333827 72.24359471166557
-0.10565771283431326 0.06598397830320318 0.9922109464856268 100.36062481638537 0.004997209428286152 0.9978186850138345 -0.06582476536372595 -6.838438308983772 -0.9943900017681948 -0.001996608259560088 -0.1057569758403967 72.1221627372571
-0.10710651605256535 0.06532588606943673 0.9920991496964019 101.61546222772445 0.003087979456607434 0.9978562119120092 -0.06537158963562388 -6.927004633654154 -0.9942427563738927 -0.003938141421509647 -0.10707862737347308 71.99671597520779
-0.1089656178924895 0.0655449019358856 0.9918822308860676 102.96848748610955 0.002999930745070649 0.9978408927522554 -0.06560909362965177 -7.023320412268954 -0.9940409923805111 -0.004173557426796988 -0.10892697960364327 71.8635153669853
-0.1113523999547329 0.06416304535218695 0.9917074904604954 104.4075024114624 0.0022129002459436798 0.9979270662437544 -0.06431697700166512 -7.128919281582766 -0.9937785196394724 -0.004967299997424677 -0.11126356022486844 71.70744088351613
-0.11444810494136302 0.05937676019675249 0.9916531811192193 105.6759664523881 -0.0005739989910881109 0.9982080867765046 -0.059835491300282 -7.218076278705066 -0.993429062289043 -0.007417266513024523 -0.11420894166826798 71.57163979051133
-0.11854011034309297 0.059364510724145565 0.9911730913954077 106.88430872311908 -0.00108972855955065 0.9982028355230161 -0.059915871398773364 -7.30031324840953 -0.9929486667152094 -0.008182543632064932 -0.11826238306492717 71.43353100149127
-0.12410809202065368 0.06500515039111845 0.9901371177355286 108.06554328056548 -0.006434586255974727 0.9977781000764325 -0.06631334034398088 -7.386751501987204 -0.9922478408113093 -0.014601144834919243 -0.12341405501320504 71.29773522089339
-0.13141541902268425 0.06816944745812624 0.9889807450483276 109.26263198136434 -0.005791771700979071 0.9975630044783668 -0.06953062258210731 -7.476607126791281 -0.9913104675245058 -0.014865346593519901 -0.13070033835839348 71.1531871043923
-0.14063704567685748 0.06412805569814152 0.9879821930863231 110.50466453603113 -0.0038288519257560264 0.9978574110012937 -0.06531406588724692 -7.576888998287975 -0.9900538173635887 -0.012968414790137297 -0.14009018146042532 70.99283118141145
-0.15110935192103397 0.0619460466071669 0.9865741994760185 112.58157005256896 -0.0015818046542749903 0.9980181473416257 -0.06290687936007044 -7.733548292812797 -0.9885157872568545 -0.011066385431993765 -0.1507118889053874 70.66812744497531
-0.16334749081872976 0.062937189579348 0.9845590421153407 115.20568844820215 -0.0007770441434450999 0.9979545691287317 -0.0639224073192209 -7.924490078579409 -0.9865682913238303 -0.011206610680239247 -0.1629644698436979 70.20748942240046
