1.0 0.0 0.0 0.0 0.0 1.0 0.0 0.0 0.0 0.0 1.0 0.0
0.9999998572780658 -0.0004621745550822808 -0.0002680271042511541 -0.011139256609199415 0.0004626139828299925 0.9999985453182482 0.0016417520185482187 -0.01636813446514542 0.00026726793834827 -0.0016418757773204022 0.9999986164049333 1.2281525098927975
0.9999987207222304 -0.0014549817167827182 -0.0006645164458412862 -0.01226452036763155 0.001456120410893181 0.9999974669919417 0.0017163108837003067 -0.03410950189048144 0.0006620175616596607 -0.0017172763040220903 0.9999983063459876 2.433275551652791
0.9999959737403935 -0.00273272964387192 -0.0007646513559707484 -0.015211522582459606 0.0027333334038682744 0.9999959526539846 0.0007896607835571993 -0.056510652620528526 0.0007624903317302722 -0.0007917476512714494 0.999999395871893 3.6958382873423394
0.9999948075700799 -0.0031369339417855894 -0.0007378877449999362 -0.01767116852958647 0.003137483645180251 0.9999948005760985 0.000744994728177082 -0.07191945057211918 0.0007355469091594641 -0.000747305970576057 0.9999994502521145 4.953515170731707
0.9999928549153114 -0.003648725102993683 -0.0009883943787591088 -0.016663512326476584 0.003650123750934253 0.9999923343494886 0.0014169823086444908 -0.08454065138120428 0.0009832166231531192 -0.001420579945983083 0.999998507617731 6.167650279660058
0.999986750079564 -0.005084919752948563 -0.0008020326788260214 -0.02586626328127202 0.0050870201832241835 0.999983578938577 0.002638954120423589 -0.10520518493971028 0.0007886006386639712 -0.002642999110916238 0.9999961963251324 7.417660425932356
0.9999889363527801 -0.004611038060352072 -0.0009303225469995523 -0.03131028418523075 0.0046139937496139285 0.9999842343556951 0.003200328378848915 -0.12551024210957157 0.0009155510439045899 -0.003204585473961711 0.9999944461836907 8.683950650246185
0.9999924822180823 -0.0037610654070165577 -0.0009433421023982624 -0.04812366652746851 0.0037623899810779516 0.999991933328724 0.0014063069049022887 -0.1431611934713672 0.0009380452805158812 -0.0014098455534684467 0.9999985662022558 9.966345229615255
0.9999993230265213 -0.0009121460660851846 -0.0007224514191806227 -0.0711126716861086 0.000911513072520507 0.9999992008663426 -0.000876019745352791 -0.15956376673949083 0.0007232498998097987 0.0008753606283978218 0.9999993553264687 11.249375136130798
0.9999964177152236 0.002631648670017067 -0.0004888578499443286 -0.0832382085261725 -0.002632581407141971 0.9999946968202663 -0.0019172497171400659 -0.17586631611433906 0.00048380972977498033 0.0019185298070921028 0.9999980425838467 12.472532127910647
0.9999865553106033 0.005177789406590782 -0.00028230284188754677 -0.09921472163157391 -0.005178324168637281 0.999984734432604 -0.0019276567532708643 -0.20318263422168267 0.0002723175316577552 0.001929092692153586 0.9999981022204728 13.764655199659824
0.9999803278780708 0.006271371428077389 0.00011729141970791675 -0.10888812231559689 -0.00627125302841974 0.9999798514082829 -0.0009839527028148558 -0.22739088402033839 -0.00012345978931810114 0.0009831977822062719 0.9999995090397802 15.039558819162822
0.9999922463499878 0.003893890759693943 0.0005872432688660298 -0.11034059099755632 -0.003894943852164201 0.9999907893884082 0.0018029283779747414 -0.2501344916624892 -0.0005802174538450336 -0.001805201678258895 0.9999982022956877 16.310978835304994
0.9999996678857558 -0.00012551442627561525 0.0008052791485836533 -0.11914522509698146 0.0001225385483798573 0.9999931679997558 0.0036944469296541 -0.27387188240779575 -0.0008057373533031243 -0.003694347024937743 0.9999928512681363 17.540300612733162
0.9999968366972407 -0.002459005747659359 0.0005290427631397532 -0.12692274901736011 0.002458239497318407 0.9999959356948129 0.0014441788078248812 -0.29321223453333917 -0.0005325918569376496 -0.00144287372563395 0.9999988172299634 18.81591234054618
0.9999936283489784 -0.0035155702950220315 0.0006196990769956734 -0.13494346781903832 0.0035159032999531577 0.9999936749550079 -0.0005370977219097959 -0.3108890356943697 -0.0006178069525745048 0.0005392731017403376 0.9999996637494889 20.101337603594217
0.9999984035236614 -0.001356165915261868 0.0011635137036480644 -0.14230937064687108 0.0013586357159932352 0.9999968201912429 -0.002124550868688708 -0.33618733080767854 -0.00116062876042366 0.0021261282681673535 0.9999970662554304 21.425152554179018
0.9999969019592388 0.0014002781951040703 0.002057982725998049 -0.1501565800835291 -0.001400048216762138 0.9999990135264964 -0.0001131857950328924 -0.3544485968442915 -0.002058139187453418 0.00011030416933304052 0.9999978759457817 22.712741441557593
0.9999945877676615 0.0021367843688200046 0.002501716999553724 -0.14917729826126622 -0.0021451893160281395 0.9999920481246695 0.0033618224561727064 -0.3718887525209392 -0.0024945136165369537 -0.003367170917787646 0.999991219742367 23.98180004050246
0.9999961823978235 -2.664151560843311e-05 0.0027630562803821934 -0.13893879868031622 1.2163375771091691e-05 0.9999862721589645 0.005239784887701779 -0.38345664795458284 -0.0027631579453956637 -0.0052397312761957625 0.9999824549332462 25.22978227738015
0.9999893960347764 -0.0039056456797782104 0.0024400307021287745 -0.14221915765399248 0.003897527138621899 0.999986882822213 0.0033231710333637646 -0.3988431079583417 -0.0024529778244018986 -0.0033136257086930606 0.9999915013561143 26.60206183981528
0.9999870565598391 -0.004454586029242547 0.0024583279068625175 -0.14720526376056903 0.004451637172747857 0.9999893669496536 0.0012037084834417783 -0.4202715826056455 -0.0024636637903317827 -0.001192749319420042 0.9999962538478778 27.8761708210857
0.9999832565116964 -0.0049098479123096915 0.0030626932169366887 -0.1595373835382504 0.004914101109521362 0.9999869697415318 -0.0013827354895001693 -0.4360803876138835 -0.003055864288296105 0.0013977627218201645 0.9999943539604736 29.18989561825567
0.9999919699596334 -0.0012547944611795443 0.0038059830677821703 -0.16424279634098302 0.0012636181194381592 0.9999965177382919 -0.002316847111435022 -0.456000752248699 -0.0038030626474302902 0.002321637816225932 0.9999900733069055 30.48073039818106
0.9999911513753467 -0.0001242804959820541 0.004204964371690123 -0.1740949566965334 0.0001428634687601271 0.9999902247203799 -0.004419282035903579 -0.48654863473542265 -0.004204374036424297 0.004419843667131778 0.9999813939373674 31.851590352314044
0.9999900018363008 0.0008307587423931026 0.004393867015185643 -0.18360493477259884 -0.0008139520209742297 0.9999923516892981 -0.003825447034540866 -0.5101952905004516 -0.004397011433093024 0.0038218323901583044 0.9999830297998258 33.17011916112476
0.9999907139633268 0.0008049386944376449 0.004233681709133245 -0.18649115812084555 -0.0007938194279677141 0.9999962332838882 -0.0026274072296659664 -0.5344454486185616 -0.0042357806638013305 0.002624022052673549 0.9999875862581674 34.4449302883298
0.9999915222150347 0.0017487791543115787 0.0037279041735559797 -0.1874486028217665 -0.0017452422289459567 0.9999980240893287 -0.0009518124815848968 -0.5589384489490783 -0.003729561317376948 0.0009452983165342077 0.9999925983643445 35.788630395960666
0.99998141114259 0.0047151168946103685 0.0038658817810174233 -0.19531335519217036 -0.004712179428734272 0.9999886022442986 -0.00076860036737167 -0.5771409020989455 -0.003869461759218704 0.0007503693513666138 0.9999922320755952 37.14026098798535
0.9999655098489323 0.007146726659221448 0.004231242208081478 -0.20895470911871877 -0.007141804992945642 0.9999738041357948 -0.0011771421447599375 -0.5972827421439906 -0.004239544080182817 0.0011468828382215062 0.999990355416365 38.51877965756141
0.9999488857791655 0.009174065344232693 0.004249982831179579 -0.21738901932898855 -0.009171885699999585 0.9999577958182992 -0.0005320666443448642 -0.6221290516872162 -0.0042546846782946495 0.0004930590914183747 0.9999908272334408 39.81278412110911
0.9999432550724423 0.00990377211209903 0.0039245296635745264 -0.21921901213584205 -0.00990239514242973 0.99995090157852 -0.00037013882207818623 -0.6500061109384959 -0.003928002745906693 0.0003312555751006456 0.9999922305019038 41.05987957814183
0.9999529419972336 0.00908761694198092 0.0033954394992333505 -0.22419087461904746 -0.00908534742639703 0.9999584939687134 -0.0006832290711174593 -0.6653058830267311 -0.003401507492097182 0.0006523481722060702 0.9999940020763344 42.34628988328298
0.9999613944149734 0.00831834359074816 0.0028310491991523344 -0.2343177405431601 -0.008315291402074218 0.9999648352775443 -0.0010881807071485916 -0.6860897470647574 -0.0028400015071038697 0.0010645976982312198 0.9999954005010129 43.61576360530153
0.9999661864981038 0.007892602269043548 0.0023092617569455505 -0.2424583517808204 -0.007890709031580822 0.999968525224704 -0.0008278109135237072 -0.7122874245839758 -0.00231572265574507 0.0008095612097359877 0.999996991015088 44.93234387808542
0.9999655583596696 0.008187014915849193 0.0013619402342150157 -0.24676828737328613 -0.008187494907600332 0.9999664216151655 0.00034723090041974616 -0.7352920473774062 -0.0013590517179007304 -0.00035836981995006497 0.9999990122742627 46.23266317371989
0.9999611430121891 0.008809383796080726 0.00032744906365812386 -0.2516896360086727 -0.008809364021346312 0.999961194891243 -6.17836199803206e-05 -0.7572038421587723 -0.00032798063258232286 5.8896601254749344e-05 0.9999999444799463 47.58075695426516
0.999956005060997 0.009349006000280765 -0.0007642180694596664 -0.2568622061465021 -0.009348847437950492 0.9999562763531096 0.00021079279901887533 -0.7765863528445874 0.0007661553582014788 -0.0002036389670618567 0.9999996857685202 48.90744401626006
0.9999558042558687 0.009188110861138483 -0.0019920225404536323 -0.2644037449631704 -0.009185711363084622 0.9999570779281814 0.0012103751838473892 -0.7983684973494904 0.002003058100091829 -0.001192023546330123 0.9999972834153668 50.087495635332346
0.9999654366704674 0.00789685552111775 -0.0026009877584599367 -0.2714162370511926 -0.007891538583556651 0.9999667637815435 0.002048157965032089 -0.8181337404627262 0.002617075318996894 -0.002027561378622168 0.9999945199408001 51.35051656276819
0.9999728170415787 0.0066677353847719775 -0.003147456555324803 -0.2800503209858147 -0.006660876703784862 0.9999754298325875 0.002184594394251783 -0.8408195767025699 0.0031619455191342493 -0.002163570190467699 0.9999926605053487 52.69443436700541
0.999983308645268 0.004487075516081301 -0.0036398604609879127 -0.28284216036792936 -0.004481839351772508 0.9999889118406096 0.0014454452106354935 -0.8615623387225216 0.0036463059234494283 -0.0014291078143477457 0.9999923310225776 54.02690715285131
0.9999864469827054 0.003564848411730672 -0.003794431012163082 -0.28946434964469153 -0.0035582629663315213 0.9999921539962323 0.0017408936315872212 -0.8828819260126096 0.003800607262940604 -0.0017273684538768718 0.99999128575336 55.40572828550681
0.9999903387365079 0.002858414649104496 -0.0033394459627034898 -0.29132209771156004 -0.002850725077720563 0.9999932798161892 0.002305144028125987 -0.9064238373556918 0.0033460125784710634 -0.002295601915170597 0.9999917671719465 56.76778291325782
0.9999949400797044 0.0012870882070399176 -0.0029091612082462557 -0.301926186586463 -0.0012786948510425963 0.9999950203620962 0.002885167323938218 -0.918553294858315 0.002912860186514793 -0.0028814327957637086 0.9999916062600614 58.1048838296107
0.9999970745076786 -0.0008786399618269014 -0.0022536565624710165 -0.32586901169163035 0.0008843141863701936 0.9999964387595977 0.0025180263184420323 -0.937788655813136 0.0022514360981098825 -0.0025200118924447908 0.9999942902714787 59.464072752537774
0.9999932314498307 -0.0031851323624432345 -0.001841734606085056 -0.3448088124763403 0.003188354028477801 0.9999933877218931 0.00174897429340738 -0.9580508691122596 0.0018361517134006305 -0.001754834557337836 0.9999967745460792 60.83874742524342
0.9999958382719379 -0.002550534157090927 -0.0013484117760050823 -0.3474202611391754 0.002552439560943984 0.9999957438858911 0.0014132453394344188 -0.9854803708378976 0.0013448015065001093 -0.0014166811974531766 0.9999980922598267 62.17577829481334
0.9999992512980679 -0.001056667232713861 -0.0006171366648478063 -0.36251006635956046 0.0010574416664743092 0.9999986522566374 0.0012559068552896696 -1.0124852929089903 0.0006158087574846196 -0.001256558501013152 0.9999990209196746 63.57453533251591
0.9999983970152045 0.0017897786189350216 -5.157050326231602e-05 -0.3840020791303297 -0.0017896388536899602 0.9999950354404968 0.0025935086526341212 -1.0310882102905505 5.6212053571950454e-05 -0.0025934122027028855 0.9999966355210161 64.89310148795832
0.9999843750015781 0.005568268644146908 0.0004941022261083038 -0.37871760173089514 -0.005570158200742721 0.9999768462310966 0.0039090074605761865 -1.0616337236977191 -0.0004723243821071167 -0.003911698609907595 0.9999922377317053 66.16262474978139
0.9999552298776025 0.009381579646436499 0.0012345864767473046 -0.3930156933883971 -0.00938678478440513 0.9999467831076279 0.0042800962741887764 -1.074649434306441 -0.0011943667118009614 -0.004291493451309725 0.9999900782368369 67.47088234258135
0.9999075970796202 0.013475982361499057 0.001787512755883636 -0.40066403617045515 -0.01348296441778064 0.9999012859248021 0.003953236197611226 -1.090982761703915 -0.001734062561945225 -0.0039769718779255865 0.999990588316567 68.85256603213931
0.9998638042116836 0.016273148798484974 0.002749119044764294 -0.4344312940822876 -0.01628222927520299 0.9998619449852459 0.003313605309746769 -1.1034429311921643 -0.0026948167228291017 -0.0033579157972511995 0.9999907311392088 70.22172793046053
0.9998305070877371 0.01814038187765274 0.003143826014816547 -0.42538608085724194 -0.01815016853020554 0.9998304261955655 0.0031129143767402705 -1.12531805653692 -0.0030868234487322808 -0.0031694477318155727 0.9999902130131435 71.45426811026431
0.9998224250606778 0.01849840120116087 0.003595483108934801 -0.43132164296217557 -0.01851121917270042 0.9998222968115932 0.003565047423052663 -1.1547508382700369 -0.0035288965025897703 -0.0036309711358341124 0.9999871813868842 72.81165052705289
0.9998433900537269 0.017307837202565058 0.003692443261686793 -0.4350516411963481 -0.017319648935659224 0.9998449107696059 0.0031912644613312845 -1.1698817122317655 -0.003636636717736084 -0.0032547164985827493 0.999988090776034 74.15441634907761
0.9998650510140193 0.016080762497909875 0.0033598866377604402 -0.4266209010872631 -0.01608803568416555 0.9998682697458324 0.002149014494622473 -1.1845410326639139 -0.0033248862473471974 -0.002202778463418635 0.9999920464176122 75.54458433963521
0.9998782725260522 0.015344257477765851 0.002827347303368047 -0.42231054948948127 -0.015350576291536324 0.9998796931036713 0.002226909612797178 -1.209273935869441 -0.0027928368795107823 -0.002270039947198396 0.9999935234694288 76.86084367642341
0.9998868984753864 0.014830284972153815 0.002500580915977354 -0.4360400429185827 -0.014836580692558195 0.999886760771197 0.0025182350633176005 -1.228964170505011 -0.002462951608507113 -0.00255505031763084 0.999993702773797 78.21263427948008
0.9998878674183025 0.01481633604286955 0.0021745748881627945 -0.44760597088613685 -0.014820544343850803 0.9998883030979648 0.0019320437940695775 -1.2482236612614888 -0.0021457061847821807 -0.001964055532570104 0.9999957692064673 79.51929305378079
0.9998886144648708 0.01480809423369153 0.00186521009202351 -0.4770084387556982 -0.014812284363644065 0.9998877537017381 0.002253048872276666 -1.2662355463270605 -0.0018316373690815278 -0.0022804259375034143 0.9999957223718972 80.87473806812267
0.9998975561836263 0.014277459596564348 0.0010155222699332414 -0.49216338400109827 -0.014280521461029858 0.9998933011477432 0.003074577477917671 -1.2914194734630045 -0.0009715167591552239 -0.003088764694037089 0.999994757830186 82.24215407084974
0.9999237380819774 0.012348522379403233 0.00017892794805219635 -0.5076860092062881 -0.012349152753037709 0.999915327291378 0.004103251644329531 -1.3195117384351687 -0.00012824370297999442 -0.004105148331051375 0.9999915656197973 83.59150271229576
0.999944647657246 0.010451534330495088 -0.0012112191234356414 -0.5037303936730905 -0.010445951258886102 0.9999351893943209 0.004527594641618808 -1.3402973113283303 0.0012584609344219657 -0.004514691692721158 0.9999890168571837 84.89615839204544
0.9999553669675918 0.009250970161417495 -0.001919276890303473 -0.503081446558176 -0.009242260715351124 0.9999471721152585 0.004498176915722035 -1.3686434266739205 0.0019607879993931263 -0.004480237691040876 0.9999880413188219 86.13062429149167
0.9999652677039786 0.007933101910910066 -0.0025552455423978786 -0.503585116146801 -0.007922926929433857 0.9999607411023704 0.003967805800072723 -1.389288652958178 0.00258662223404925 -0.003947422965347948 0.9999888635566656 87.27909943083083
0.9999724234699583 0.006878649051670745 -0.0027993725802369514 -0.5130278371490173 -0.006868618846675949 0.9999700131326467 0.0035769974324380005 -1.4071001182036855 0.002823893545819031 -0.0035576709679973613 0.9999896842480557 88.57365800979028
0.9999667703006803 0.007583398241884926 -0.002991716151685586 -0.5147929661934677 -0.007574953946953796 0.999967322397022 0.00282386452046464 -1.4263334346317567 0.003013032878812585 -0.0028011085722243188 0.9999915376760138 89.76641604271288
0.9999670797230292 0.007530771458994946 -0.00302108447912572 -0.517006287037997 -0.007523662958029782 0.9999689179370074 0.0023574680449295242 -1.4522073961204522 0.003038744130655686 -0.0023346608150398474 0.999992657669539 91.02611742002965
0.9999574241403201 0.008807871284593436 -0.0027516013684272486 -0.5310310904322415 -0.008803877973888328 0.9999601792367329 0.0014600251573528807 -1.4712524872625208 0.002764351511218551 -0.001435738232846234 0.9999951484964564 92.2688737804199
0.9999438379210485 0.010308311566819483 -0.002461649115135463 -0.5357433100389384 -0.010303828653077825 0.9999452452894672 0.001826893010972748 -1.497174244173188 0.0024803465106068424 -0.001801425998176868 0.999995301361742 93.54212080623135
0.9999384178177418 0.01086461488363057 -0.002262899817077196 -0.5434721848206693 -0.010857349027378773 0.9999359408671833 0.003198770725881265 -1.5190692695220323 0.0022975082697147655 -0.0031740046454714205 0.9999923235456669 94.93338557204093
0.999924506720508 0.012090612804764627 -0.002190420451534558 -0.5547691068754715 -0.01208077814413772 0.9999171281282997 0.0044487835509962785 -1.539607045215901 0.002244027446659054 -0.004421985714218895 0.9999877051159991 96.26307593845894
0.9999351559186936 0.011155288556656049 -0.0022898679167735075 -0.5583932100251356 -0.011148338365461433 0.9999332771844538 0.003025843823738589 -1.557563746233333 0.002323469291319831 -0.003000119393327255 0.9999928003611219 97.49680063977105
0.9999335958140788 0.011343158384411736 -0.0020338928667203806 -0.5761940739237793 -0.011341904245000478 0.9999354818967681 0.0006270980574074447 -1.5797302589702271 0.002040874916397961 -0.0006039881973325129 0.9999977350113518 98.87107456033692
0.9999417981334022 0.01057379560545172 -0.002143639949428982 -0.5876578584293077 -0.010574891839048504 0.9999439589103614 -0.0005007007732047794 -1.6047581109050928 0.002138225509874888 0.0005233403920922495 0.9999975770503164 100.12339090520022
0.9999649144264994 0.00807523466291317 -0.0022272182522265413 -0.5890640975960065 -0.008073709462006503 0.999967166983128 0.0006929439069658484 -1.6252933190529995 0.0022327408105889198 -0.00067493768155451 0.9999972796600995 101.37634095704512
0.9999813545038183 0.005889079652003531 -0.00161535926698914 -0.5945950760539118 -0.005884691178108972 0.9999790179520149 0.002708147976050678 -1.6526325408728872 0.0016312738725836795 -0.002698591590859993 0.9999950282621304 102.68048941785584
0.9999904622758096 0.004326301478520908 -0.0005987260889898659 -0.6020452411442652 -0.0043243293312269105 0.9999853462596782 0.0032569067755672727 -1.6723905152009888 0.0006128076760115824 -0.0032542866233007156 0.9999945170276315 103.92277307400718
0.9999932302830056 0.0036625469651398695 0.0003537483400679052 -0.6097902788437134 -0.0036631846436501747 0.999991635889663 0.0018191286320986286 -1.6967523218098777 -0.0003470827372272808 -0.0018204121625996507 0.9999982828150917 105.22197073238073
0.9999843414057278 0.005493811060232337 0.0010653559909582571 -0.6159828177437596 -0.0054932742613682094 0.9999847837636578 -0.0005061413217643295 -1.717110673657939 -0.0010681204250415082 0.00050028110365841 0.9999993044185458 106.56334011909341
0.9999692394931134 0.007511459196658294 0.002257885803430645 -0.6256171640643935 -0.007505763650521857 0.9999686548290826 -0.0025204902966349625 -1.7427048028433145 -0.0022767475896332116 0.002503465607885432 0.9999942745237914 107.8123616681764
0.9999402802967399 0.01039255363868705 0.003380927231445563 -0.6309906627608447 -0.01038430608764113 0.999943085338973 -0.002447911324274177 -1.765183967877437 -0.0034061748568587394 0.0024126565525049333 0.9999912884926573 109.06302255296237
0.9999222932937513 0.011515724014805582 0.004774460658572623 -0.6255485534050587 -0.011513156742593147 0.9999335618779672 -0.0005648467579479626 -1.7854018159955283 -0.004780648071748186 0.0005098337516433985 0.9999884426699944 110.28464478126759
0.999917047166644 0.011455058820631681 0.005889007807388193 -0.6314880424202972 -0.011464751869173279 0.9999329736317675 0.0016148400871718524 -1.807570251493706 -0.005870115000398157 -0.0016822221448785143 0.9999813557654653 111.58470722095524
0.9999200893219927 0.010792686951521633 0.0065827713514119476 -0.6233676997906529 -0.010807048912944709 0.9999392905507601 0.0021500945638787726 -1.830830351733476 -0.006559166417444851 -0.002221063080341843 0.9999760218198745 112.86449083331725
0.9999033344372725 0.011714738442260793 0.007489104382612623 -0.6111948644880811 -0.01172580189264362 0.9999302206322492 0.0014350736266082716 -1.853180027898545 -0.0074717702854629085 -0.0015227506587524463 0.999970926516983 114.12445596461691
0.999865140006999 0.01399463521964789 0.00859371769688204 -0.6065921196082191 -0.014001831022764128 0.999901667092153 0.0007777366785530611 -1.8738905079620845 -0.008581988510518605 -0.0008979595760390777 0.9999627708778994 115.43342297801485
0.9998127472930045 0.01654285811252122 0.010040129276259174 -0.6127396622577012 -0.016548411942547477 0.9998629550335619 0.0004703336379948837 -1.9036639832017774 -0.010030972664440784 -0.0006363937619678918 0.999949486019362 116.77477374581304
0.9997933183913859 0.01709907103408756 0.01099737558295435 -0.602306196881274 -0.017091811781947554 0.9998536402098822 -0.0007537433620274879 -1.9183260528950523 -0.011008654320661178 0.0005656225035777479 0.9999392429549071 118.02590973528271
0.9997575587362441 0.01855061769521657 0.011861632807989159 -0.5886020087418867 -0.018532868568180854 0.9998269641634685 -0.0016045293063200426 -1.9411291025294328 -0.011889345330176153 0.0013843102203728234 0.9999283610103449 119.20428003436439
0.9997601933155523 0.01767663919894521 0.012926418230874493 -0.584607029882585 -0.017653555067600326 0.9998423628493702 -0.001897747417734181 -1.9633011804751361 -0.012957926343530978 0.0016690950891525027 0.9999146494908754 120.43215414737945
0.9997543419732073 0.017384928107304326 0.013748453746609678 -0.5701583589175182 -0.017373366847969796 0.9998486108892946 -0.0009599099499063937 -1.9816382058089153 -0.013763060345892253 0.0007208172097900764 0.9999050247860877 121.6662020571129
0.9997591664143928 0.016256587886809837 0.014742202029432529 -0.5610009293950095 -0.016255278365003057 0.9998678524621794 -0.00020865747950061392 -2.001662574126866 -0.014743645942386264 -3.1031369929815237e-05 0.9998913060635045 122.89850713935728
0.9997679209205608 0.015352078741998072 0.015113503117363057 -0.5558064479494216 -0.015355878481291746 0.9998820823803044 0.00013539162420489337 -2.0225255309177776 -0.015109642426174666 -0.0003674413199381409 0.9998857753226769 124.13741043588574
0.9998004604078561 0.013348059387087347 0.014861651282327193 -0.520669000168509 -0.01335403816200987 0.9999107849098061 0.00030312674082094866 -2.048959328571509 -0.014856279245029592 -0.0005015293134093109 0.9998895136140505 125.38368814952233
0.9998248365778025 0.01174305030111132 0.014573844098095614 -0.509717560375721 -0.011757427440982047 0.9999304729411217 0.0009012123572417468 -2.064179600150307 -0.014562247839536099 -0.0010724054123205718 0.9998933897593747 126.5652804368202
0.9998515092680871 0.010075885041178699 0.013979841020724764 -0.5027760659280367 -0.010083806276308591 0.9999490339977154 0.000496243907587836 -2.0816988812561843 -0.01397412842755037 -0.0006371402285932744 0.999902154106601 127.81721651341189
0.9998784132073535 0.008812822005193248 0.012864407108336282 -0.4920888962363186 -0.008816592805982735 0.9999611051385421 0.00023643476248524247 -2.099385104908495 -0.012861823091526682 -0.00034982625430532254 0.9999172221380905 129.0731398277424
0.999902004627451 0.007473652851570126 0.011837468270652613 -0.48046340192587805 -0.007488908573016942 0.9999711827421986 0.001244963272996274 -2.125688056357928 -0.011827822723962617 -0.001333490989971329 0.9999291596965215 130.33644871752156
0.9999222503339195 0.005877562876344632 0.010997615277171512 -0.47707049838437066 -0.0058937625522741555 0.9999815931013892 0.001441187490530689 -2.150606828861441 -0.010988942175090144 -0.0015058927717693142 0.9999384858264202 131.62857039387316
0.9999386947058424 0.005385267459147035 0.00967500513536041 -0.47132329291659053 -0.005399852725374998 0.9999843224649183 0.0014820306746292382 -2.1702586117106 -0.009666872323562635 -0.0015341834211508205 0.9999520977830447 132.86370528797372
0.9999550986087947 0.004808590811194499 0.008165673314921131 -0.45484121219194545 -0.004816748631354914 0.9999879195207237 0.0009796658792214133 -2.193735283684258 -0.0081608638573292 -0.0010189538866240862 0.9999661804451592 134.12759909512363
0.9999616301103338 0.004673667690703084 0.007409125279053335 -0.45564557911833026 -0.004678881664291961 0.9999888182979968 0.000686545952937277 -2.2154371544263523 -0.00740583374478413 -0.0007211860306612312 0.9999723163754362 135.36327727286982
0.9999772963258748 0.0022382660609347495 0.006355863264236303 -0.44954275583517905 -0.0022275675186969857 0.9999960911907961 -0.0016898361093089518 -2.2403257242080175 -0.006359620723191632 0.0016756396292600796 0.9999783734941929 136.66146718575408
0.9999804033509336 -0.0032277556485711296 0.005364187503911154 -0.4494621610800403 0.003239694320048391 0.9999922914484672 -0.002218428352212012 -2.257844564758629 -0.005356985609150693 0.002235763206238386 0.9999831518921058 137.9911325266621
0.999928196836732 -0.011254211251011411 0.004116296874552868 -0.4461281414563916 0.011253661124088639 0.9999366632592361 0.0001567842041220362 -2.280105631881333 -0.004117800644278963 -0.00011044953640769028 0.9999915157233862 139.2169672061254
0.9998394855877818 -0.017750845393245257 0.0024311617356263947 -0.42884505193678885 0.017746966566008722 0.9998412173906286 0.0016078509036407849 -2.3051260929033535 -0.0024593164222282415 -0.0015644470743591413 0.9999957521250219 140.5467920759513
0.9997835342406046 -0.020759609842156586 0.0013868167026961412 -0.4202444001781801 0.02076208647296504 0.9997828315459308 -0.0017959708482206962 -2.3287687020734444 -0.0013492318757599266 0.0018243752903309182 0.9999974256107597 141.85575334118892
0.9997942227918055 -0.020231928067894988 0.0014768746679061906 -0.41538964790390753 0.020238823052403158 0.9997835873479307 -0.004813367963681241 -2.3593054248486007 -0.0013791713391371498 0.004842267687334203 0.9999873250847047 143.20399419587287
0.9998568004209305 -0.016817983672615743 0.0018799141487667221 -0.4152300258531039 0.01683078552157282 0.9998337426370395 -0.007015108205486401 -2.3852277911833473 -0.001761621623936348 0.007045744076781333 0.9999736267420556 144.40165194174668
0.9998523672155856 -0.016990637882922304 0.0025616396548030214 -0.4113788694546315 0.017008398347786464 0.9998302891121092 -0.007078655213862542 -2.4125382566543223 -0.002440934049226047 0.0071211795599560035 0.9999716649198834 145.59941924107838
0.9997948505426082 -0.02005384636356928 0.0028460629841461434 -0.40163787787762695 0.020064534193941976 0.9997915496526989 -0.0037777917667369005 -2.435657901461898 -0.0027697104656450415 0.003834121682869538 0.9999888140448667 146.83502209541905
0.9996748765956565 -0.025302916818117995 0.00314698331009559 -0.39571613646995957 0.025305935107697325 0.9996793274373549 -0.0009230074325734536 -2.4632904789877097 -0.0031226193786041347 0.0010023446966852339 0.9999946222622035 148.1112533945994
0.9995798579034262 -0.028846105207944134 0.0028301745702329567 -0.38173883519441343 0.02884590761907302 0.9995838641040672 0.00011061831459289572 -2.4817163383907777 -0.002832187740543319 -2.893288498329277e-05 0.9999959889297018 149.3512280828347
0.9995336755344431 -0.030418785445235463 0.0026700121053678093 -0.37586558667047576 0.030419313720773136 0.9995372131938687 -0.00015745916878091376 -2.5005301456356612 -0.0026639867423218265 0.00023860567758983507 0.9999964231145875 150.62518640028506
0.9995902963356551 -0.028414486487797187 0.003443316603407128 -0.37491774589106897 0.028412927867821437 0.9995961458476724 0.0005007359131523902 -2.5188139218472365 -0.0034561541595374157 -0.0004026960535350176 0.9999939463988348 151.89071614932817
0.9996965899312289 -0.02421669427397566 0.004503309706484061 -0.3708439757370534 0.024218914643342138 0.9997065826059283 -0.0004391672491380588 -2.5429521936829422 -0.0044913531780779135 0.000548099274766859 0.9999897636145164 153.0881188292599
0.9997759021606674 -0.020490433387838333 0.005318608690398605 -0.3790106866967108 0.02050555845871339 0.9997858040360762 -0.0028050169751626464 -2.560172504366469 -0.005259993452402222 0.0029134494183394176 0.9999819219772772 154.46903490897597
0.9998184019017529 -0.017924930095485368 0.006469938152422563 -0.4042929616769111 0.017947084223290916 0.9998332165288815 -0.00338249809917521 -2.5794453076615955 -0.006408228031703856 0.0034980003688943237 0.9999733489483181 155.9015353882548
0.9998478977015416 -0.016024164853183972 0.006885317898616897 -0.4044047691947469 0.016038787500246968 0.9998692197781693 -0.002073797414158908 -2.607155145602058 -0.0068511865635783 0.0021839141354534895 0.9999741455466346 157.1932943510501
0.9998762226254574 -0.014267143554840052 0.006632348229077043 -0.407727054391937 0.014284944461264696 0.999894468263153 -0.0026443710940842516 -2.624335452917452 -0.0065939206838376545 0.002738786506873302 0.9999745093043556 158.46522434542203
0.99990091791026 -0.012585968773316131 0.006304581846231705 -0.42018621689836444 0.012618739641322891 0.9999069350972017 -0.005185417474309464 -2.6419328349664566 -0.0062387316085269 0.0052644595691752095 0.9999666812916134 159.74376145693498
0.9999390375114146 -0.009340298022884842 0.0058889806918260785 -0.43846394045245346 0.009387620297256347 0.9999234518642812 -0.008059962591288031 -2.660284593129453 -0.005813247448677036 0.008114754750583564 0.999950177213565 161.03319850104586
0.9999740781754773 -0.004226217138575983 0.00582941384713231 -0.4522786519268225 0.004280262706638107 0.9999476855344678 -0.009290077794140223 -2.692518746512821 -0.005789846998470368 0.009314788401065548 0.9999398543856424 162.315404471405
0.9999789502348496 8.57880973524237e-05 0.006487813777368561 -0.47040700217083886 -3.336789521113208e-05 0.9999673599833719 -0.008079471174945218 -2.719498031776078 -0.006488295137478854 0.008079084619284442 0.999946313767857 163.60751255595557
0.9999715362846467 0.0028163197422888826 0.006999640250188292 -0.4783890919408224 -0.0027729957561145606 0.9999769877935532 -0.006191476226744009 -2.7439123450329896 -0.007016916349753271 0.006171890021619243 0.9999563343759085 164.8285891800904
0.9999688836036774 0.003887907245585009 0.006864109677466135 -0.47452509689492917 -0.0038603786106788896 0.9999844715439197 -0.00401922231378562 -2.7730741489266735 -0.0068796294519960065 0.003992599187891218 0.9999683644247602 166.14911442205076
0.9999814747531045 0.0007861274640953739 0.006035905418085203 -0.46532072615546893 -0.0007674994888062468 0.99999493792611 -0.003087890329663584 -2.7981646345256914 -0.006038302339280372 0.003083200571410255 0.9999770161254198 167.363455852274
0.9999881170453696 -0.0016777758384119172 0.004577208351364068 -0.48461204002984637 0.0016915051498316016 0.9999940775617263 -0.002997274061254684 -2.8186245442189506 -0.0045721524891291915 0.0030049808162814526 0.9999850326439451 168.68986597610956
0.9999953610292146 -0.0018194150203193697 0.0024428772040894736 -0.47817486890566063 0.0018369288384780475 0.9999724907226445 -0.007186340542386066 -2.848593687148562 -0.0024297350663790894 0.007190794596747565 0.999971194015396 169.95749223020817
0.9999996682676214 -3.054706397434526e-05 0.0008139603943652609 -0.47328074755660615 3.999169284765779e-05 0.9999326494725953 -0.011605814033426252 -2.8730694370922105 -0.0008135510501597688 0.011605842735056325 0.9999323189841902 171.25519211819002
0.9999867974647721 0.0051325700007333235 0.00024823645149335706 -0.48235542223696404 -0.005129133315713542 0.9999113823683294 -0.012284925790755118 -2.911713997371234 -0.00031126769494191033 0.012283490360736359 0.9999245066388672 172.55474796709765
0.9999625110387387 0.008657192373155043 -0.0001718642316914113 -0.485144822609534 -0.008658583994381104 0.9998983218384723 -0.011330265125642917 -2.9470322903861144 7.3758472020648e-05 0.011331328466658562 0.9999357957163403 173.77497921839307
0.9999416689741493 0.01080085066336536 1.6557177260885635e-05 -0.4974952842688853 -0.010800380200743942 0.9999102633364866 -0.007925721536596998 -2.979943008680485 -0.00010216022619136217 0.007925080397319977 0.9999685908387255 175.18311198015087
0.9999343121516845 0.011461614373630913 5.270376926470401e-05 -0.49289249014898207 -0.011461087660643661 0.9999161097015724 -0.00603465234345027 -3.0015073098643263 -0.00012186620596947982 0.006033651897603188 0.9999817899309011 176.24262415044268
0.9999396911692836 0.01098244122620234 2.9984131828158805e-06 -0.4944089940186646 -0.0109822762653765 0.9999260953789757 -0.005214728006787003 -3.022301635783141 -6.0268635431571516e-05 0.005214380583236755 0.9999864032089771 177.53287019673894
0.9999581026368239 0.00914644544508402 0.0003681123237530768 -0.5236011014703039 -0.009144652362671698 0.9999475649153208 -0.004608986123275877 -3.0473319553464266 -0.00041024886188607715 0.0046054267596795356 0.999989310812988 178.81357548392756
0.9999790677545434 0.006464853152152571 0.0002640577122925276 -0.5212415258292078 -0.00646373071494133 0.9999709051946348 -0.0040507961521024614 -3.0742102431705387 -0.0002902378318575849 0.004049004561897927 0.9999917606280868 180.191022768311
0.9999923696685338 0.003855594064826904 0.0006284895526189715 -0.523375583211873 -0.0038530214422486117 0.9999843983687802 -0.0040444090783219215 -3.0995758265574227 -0.0006440733467950105 0.004041956634417872 0.9999916238429658 181.43159897285605
0.9999992890083306 0.00043725142591009847 0.0011094115666644058 -0.53397942909549 -0.0004340432330882972 0.9999957286126264 -0.002890391491297702 -3.130420692038281 -0.001110670655738993 0.002889907903670474 0.9999952074100181 182.83960769440935
0.9999910388542405 -0.0038864790753762005 0.0016785385351771843 -0.5366841705430876 0.0038888078339304084 0.9999914775750117 -0.0013863444645005995 -3.151340480922461 -0.0016731362312060142 0.0013928595550711912 0.9999976302758993 184.01047515912146
0.9999781493381698 -0.006372691505616943 0.0017577397941753094 -0.5294112249454855 0.006375684671619579 0.9999782257727257 -0.0017025349917976012 -3.171220765692979 -0.0017468517904694158 0.0017137045849439244 0.9999970058582277 185.25578603762543
0.9999871147411591 -0.004610999963127747 0.002123447902047091 -0.5464194877142625 0.004623519537502895 0.9999717334588617 -0.00592919474835105 -3.1987305484100506 -0.0020960483627537442 0.005938936152004252 0.9999801676126612 186.54927668308366
0.9999934740438531 0.0025709629661313264 0.0025381133019092344 -0.5590162328346748 -0.002543209675807334 0.9999375992504307 -0.010877945110548667 -3.2327553845647463 -0.00256592171576372 0.010871419167248469 0.9999376121994017 187.89593739786852
0.999926073916324 0.011598573063766679 0.0036496308267078607 -0.5668696596408614 -0.011558512801942446 0.9998747367872113 -0.010812562902033458 -3.2730588944556294 -0.0037745839630510133 0.010769579266971007 0.9999348822189977 189.25331361267718
0.9997975508697288 0.019531827170631476 0.004833735850197439 -0.5811290200674205 -0.019496772707093813 0.9997840239931542 -0.007195917041078345 -3.308599103527051 -0.004973241287211079 0.007100217984734691 0.9999624261819396 190.6178404884234
0.9997774863935727 0.020356855183641904 0.005529570289152471 -0.5866402167508511 -0.020328284998844027 0.9997799670186894 -0.005174782808224052 -3.3345195118788213 -0.005633695905550404 0.005061224667880137 0.9999713223264495 191.995790592737
0.9998195095879336 0.018325566025928896 0.005012172899472029 -0.5842685316127669 -0.018302224831964545 0.9998216229172253 -0.0046637874484455315 -3.3656906653019294 -0.005096745387509428 0.00457121176422463 0.9999765633300934 193.48028391578964
0.9998813439338559 0.014922242600563677 0.0038242291768459955 -0.5861568021946618 -0.014904490384948232 0.999878205728154 -0.0046292414292633385 -3.399164871874605 -0.0038928420713022563 0.004571693954690217 0.999981972535003 194.8873540804876
0.9999178402084603 0.012462910006035884 0.0029981172476283863 -0.6045892562092169 -0.012447209177496987 0.9999090105904158 -0.005199761896987964 -3.42301874432668 -0.0030626486152853017 0.005162016493114791 0.9999819867223545 196.2830415640667
0.9999142906746906 0.012835988702702559 0.0025785070400146095 -0.6208150325675084 -0.012820825259346325 0.9999009093981568 -0.005813589631736894 -3.448039848314377 -0.0026528747050354193 0.005780032764702126 0.9999797765340265 197.8440075838032
0.9999034841214978 0.0136704352933173 0.002478233359055734 -0.6400756978221999 -0.013656116411088534 0.9998904727217981 -0.005705527560509661 -3.4723890344552397 -0.0025559589702314847 0.005671133843259955 0.9999806524701752 199.34485446597174
0.9998820432876783 0.015174861346817827 0.0023713063833063837 -0.6427734383520721 -0.015163143026007424 0.9998731050924151 -0.004883933499020701 -3.505936581467248 -0.002445118490276908 0.004847400948433615 0.9999852619412031 200.82971887859682
0.9998979272740185 0.01413130746736604 0.002107411299578479 -0.6574559281510459 -0.014119736260249486 0.9998856863341772 -0.005408078399059959 -3.531606106388701 -0.0021835936123323378 0.005377770290013745 0.9999831556109566 202.26613164563844
0.9998998744364228 0.014068110395995526 0.0015262280017211223 -0.6472835952488796 -0.01405812652307179 0.9998809137813536 -0.006366108263646101 -3.5673645249041868 -0.0016156053628456153 0.006344014947117382 0.9999785714172406 203.63217122012296
0.9999137699881361 0.013061852269223516 0.001356688398745543 -0.6747871770530235 -0.01305237753843431 0.9998918794429316 -0.006772360347316716 -3.5960969724978846 -0.001445001283210896 0.0067540683574214095 0.9999761469814756 205.17481832289113
0.999912353161859 0.013207209417189426 0.0009249939058451906 -0.6785793031073448 -0.013200740819394508 0.9998905454308804 -0.00668113760922942 -3.6380645811339414 -0.0010131318445861354 0.006668341423832436 0.9999772531345519 206.67144841727014
0.9999120338463539 0.013258844639382247 0.0003572227292368308 -0.6782949692182215 -0.013256073796408713 0.999888458558282 -0.006880911963143237 -3.670047588670379 -0.00044841582679537605 0.006875571304923983 0.9999762624395042 207.99039224741517
0.9999151091795542 0.013028624835419183 -0.00017137485148642547 -0.6817844187327943 -0.013029500768834058 0.9998910061754065 -0.006943189414527389 -3.705081167916217 8.089596264260211e-05 0.006944832930240881 0.9999758810848476 209.48620447910452
0.9999024620446801 0.013948678951180687 -0.0007076386826905528 -0.6909925709444499 -0.013953348350790646 0.9998775124955609 -0.007089716178292587 -3.7459150176613694 0.0006086598309680922 0.007098898590919 0.9999746172638628 210.89833430461266
