0.9990467583056871 -0.0007422845714658998 0.04364657755784481 0.03109313513874448 0.0008481279437904638 0.9999967446122304 -0.0024065419033449534 -0.027984566459477098 -0.043644649132384604 0.002441265769341199 0.9990441355733762 0.9991246572844837
0.996043865263723 -0.004911903018982284 0.0887270628344836 0.13128140356630974 0.0055754547411644715 0.99995830331982 -0.007232283607273755 -0.04607276278708184 -0.08868783893483659 0.007698365442022533 0.9960297196342031 1.9939287224229136
0.990998393265098 -0.004457453054286622 0.13379953534397332 0.2886101634504305 0.006002184886264541 0.9999198895120972 -0.011143981995059584 -0.07097633456679557 -0.13373914282133492 0.011846757800510033 0.9909457583576564 2.9811609513450152
0.9838044470071814 -0.002108278318048211 0.17923271244788863 0.4994050519248748 0.0045668265527523955 0.9999010479685034 -0.013305576527365089 -0.10973351248635453 -0.17918692514837947 0.013908610067944999 0.9837167256999583 3.9579226396529754
0.9743684564180959 -0.004607339590517961 0.22491083468635867 0.73093989496499 0.007781379486327329 0.9998822273615849 -0.013228058804133408 -0.14139438163093734 -0.22482340018491548 0.014639119793672458 0.9742895539319715 4.930233909901907
0.9628555418682269 -0.005503635202960182 0.26996095179339513 0.9993425414558411 0.00974958660714605 0.9998489305630937 -0.014389635604406422 -0.17213657208016486 -0.2698409736393508 0.016487148067224355 0.9627637419917602 5.893050058798687
0.9494974892258661 -0.008085351928962158 0.31367044017242185 1.321916064797595 0.014127596208145198 0.999755765508369 -0.016994715594993104 -0.2021526868676692 -0.3134564227754084 0.02056784910874076 0.9493798157765333 6.83911842590984
0.9344306850002735 -0.010201348292475855 0.35599891491819846 1.6660716255030872 0.01799585143772733 0.9996652286116693 -0.018589783102834035 -0.23504696517997173 -0.35569009581509353 0.02377736734364775 0.9343014462908931 7.777454674972146
0.9172300858530503 -0.010042347834621742 0.398231240431955 2.067358320379245 0.01928671821409724 0.999629347990066 -0.0192142951337216 -0.2692688945984959 -0.3978906785871406 0.02530450329337084 0.9170837966110512 8.692767653404978
0.8977786981183407 -0.010574652991110031 0.44031986773146453 2.507458361812495 0.020585887521676827 0.9996266490953268 -0.017966180823793712 -0.2919560598936252 -0.43996548778271444 0.025194029700823756 0.8976612002462575 9.590429753403997
0.8759919345904298 -0.01039051266815593 0.48221381956452525 2.9882784562220484 0.0212430703100056 0.9996289333153308 -0.017050737305412265 -0.31668327328643014 -0.48185772017922457 0.025180010431826865 0.8758876095586308 10.466900289923627
0.8521613575466813 -0.010422797668793098 0.5231752918410346 3.5176543734058794 0.02204934159246953 0.9996288485818996 -0.015999738065487608 -0.341619745891572 -0.5228143525569425 0.02517002923282014 0.8520748924765259 11.314921109803922
0.8265347886548121 -0.010776676656197286 0.5627824680847758 4.064712522099347 0.0237377800046506 0.999594593699384 -0.01572151542994468 -0.38280049229560303 -0.5623848868380044 0.0263535858510934 0.8264555206234594 12.15100216319007
0.7994114239696435 -0.012322992820062752 0.6006575722279565 4.669884702732557 0.027034603658646014 0.9995147203015394 -0.015474304687301562 -0.40739725353857276 -0.6001753955568707 0.02860887534476322 0.7993566330616522 12.946716704623245
0.7708725148738534 -0.011446269290481492 0.6368866058659026 5.315434028691095 0.027812960919042312 0.999489827264585 -0.015701095488085296 -0.4466434885207427 -0.6363819647169268 0.029817245243984686 0.7707975913747289 13.709426217190174
0.7403522292230476 -0.014674257110589981 0.6720589578769973 5.986920315353399 0.03275570678573391 0.9993616052282257 -0.014263438177068584 -0.47778769425132117 -0.6714206135928734 0.03257373441772267 0.7403602578938531 14.449788429415134
0.708674678387988 -0.013931704080516454 0.7053978365667805 6.7042724699325476 0.033239032213419534 0.9993541308221954 -0.013656058953059408 -0.5120007457023755 -0.704751989673812 0.03312444459952643 0.7086800436168469 15.145658642491204
0.6750101962502041 -0.012638318818632923 0.7377001476587212 7.469238251272856 0.03424414111492297 0.9993124170916916 -0.014213790685902417 -0.546597358526023 -0.7370132792274248 0.034856361597275086 0.674978859149409 15.788799706352968
0.6402354074903253 -0.013990549690199399 0.7680513573421133 8.2687318320158 0.03872334154931434 0.9991507818750952 -0.014078987805981604 -0.5915240783493201 -0.7672021414301134 0.038755381532787084 0.6402334688121951 16.387791863420397
0.6037190462762644 -0.012128915769425194 0.7971048880577356 9.058714437901896 0.03856860509625596 0.9991577636558194 -0.01400807007516446 -0.6268407246127049 -0.7962636346488556 0.03920016235374347 0.6036783675163734 16.999903141641663
0.5658178539675929 -0.010774214071059504 0.8244598670903623 9.866426214372497 0.04166671333986552 0.9990107052971419 -0.015540131954403343 -0.6438665805427286 -0.8234768006027618 0.043145417055091465 0.5657070194510416 17.58923480213821
0.5275239682675295 -0.009076611902057498 0.8494916585933359 10.729095866995337 0.04632848411360177 0.9987623029922227 -0.01809789162876365 -0.6669927937848359 -0.8482759777708041 0.048902732419059666 0.5272915591007842 18.09447360631425
0.4890113990427542 -0.008056051220375712 0.8722401914868301 11.602204852272887 0.04810760988655389 0.998684484224434 -0.017747079770462488 -0.6921274179551623 -0.8709497743712038 0.05063991516689871 0.48875565420221806 18.58135033814259
0.45052044395136753 -0.009645917504222348 0.8927140000343694 12.48129311946454 0.053257997823278586 0.9984511660844564 -0.016088959333791366 -0.720577928053586 -0.8911761415397734 0.054792565372415926 0.4503363848615734 19.05715952750889
0.41389695688771966 -0.010152626630919726 0.9102671219216794 13.404690011312415 0.05721769955461248 0.9982507880247184 -0.014882844677871668 -0.7392593901576221 -0.9085237718060891 0.05824335481856012 0.41375387331445757 19.44055121143939
0.37891639679845407 -0.007692452803090704 0.9253989358147914 14.337625711248634 0.05862531325754751 0.9981564722593027 -0.015707626565377414 -0.7706920305539054 -0.923572107029403 0.0602036797607517 0.3786688263648515 19.799219541143053
0.34568600135733357 -0.008318188039635311 0.9383133784686832 15.27798130273404 0.05937662143725602 0.9981506545950801 -0.013026417700548869 -0.7851372656866233 -0.936469756741922 0.06021692850976085 0.3455406144414517 20.139105838129225
0.31242051063016296 -0.009735736434706587 0.949894015126773 16.228684449392013 0.06180854285691443 0.9980369233428498 -0.010099686838864612 -0.801685671307704 -0.9479309724697751 0.06186691426289246 0.3124089569011983 20.44876642523372
0.2796942576512953 -0.009588040524158733 0.9600412447993043 17.1883327700918 0.06224564040731998 0.9980274450023853 -0.008166962243886175 -0.8255254441305627 -0.9580692054790059 0.06204263454204322 0.2797393590682387 20.72895701372605
0.24724971048541733 -0.006371401902013385 0.968930846811412 18.155492145640334 0.05941794342559405 0.9981961616814622 -0.008598302359671763 -0.8402723281900584 -0.9671282689819126 0.05969780600824831 0.24718228758115188 20.982699543642877
0.21622750759116752 -0.004654594562694401 0.9763319106279217 19.131178153553424 0.05922766868593326 0.9982095088346337 -0.008358213574003716 -0.8546467405914813 -0.9745448928720223 0.05963313861919622 0.2161160349337429 21.20140068667135
0.1859319493050099 -0.004374888143729977 0.9825528843687594 20.11560389107654 0.061386082595362615 0.9980883266409631 -0.007172244184153713 -0.8660605133053453 -0.9806431864298222 0.06164862185622365 0.18584506539586615 21.37683071122414
0.1550852458585326 -0.0043966659534441874 0.9878913077082376 21.09925134737692 0.0632609543333247 0.9979819221030534 -0.0054895184061761575 -0.8760524352989074 -0.9858735305168894 0.06334629021488598 0.15505040903582254 21.556657970451703
0.12439636784403549 -0.004805382621549284 0.9922209693234019 22.0888578862734 0.06208280790088851 0.9980666430943241 -0.0029497297447279728 -0.8866586736876094 -0.9902884774803519 0.0619667995001038 0.12445419691340706 21.700067892863483
0.09514786298648864 -0.00530027880692833 0.9954490399883225 23.08439836912473 0.0627743642303619 0.9980275088394485 -0.0006861451722623962 -0.9064127923435008 -0.9934818887954521 0.06255396585583027 0.09529290630015087 21.792311710660695
0.06782282240410119 -0.004837162282283131 0.9976856552152065 24.081695209122792 0.0657798238977805 0.9978340947748567 0.0003661595526799822 -0.9094950807281417 -0.9955265338147042 0.06560275273108505 0.06799411228176558 21.865725008903127
0.04284303040109971 -0.004468174377288381 0.9990718243268518 25.08135598216265 0.06989192821157413 0.9975534945207812 0.001464220012427948 -0.9217254153822124 -0.9966341320248467 0.06976432460155237 0.043050504015291105 21.888719740632926
0.019918834676735754 -0.004139766969040743 0.9997930297589407 26.080947099723957 0.0741221193861126 0.9972456446275954 0.0026524873236485973 -0.9320450136203058 -0.9970502251355408 0.07405394385671354 0.02017081942894151 21.91538626571076
-0.0003538370408162206 -0.004315757321648998 0.999990624475094 27.080935220835826 0.08013025420526677 0.9967749953958157 0.0043302326346478905 -0.9368033081059605 -0.9967843383402192 0.08013103513877423 -6.873183458758346e-06 21.91644277956508
-0.017945326026373363 -0.00495825852339583 0.9998266754524113 28.080628829762144 0.08466980322932245 0.9963881177693392 0.00646089693311716 -0.9409686653787289 -0.9962474540468926 0.08477107077587091 -0.017460694848639553 21.892043229728664
-0.0335517362658647 -0.004665457905703276 0.9994260925631645 29.079828649528988 0.087591908815925 0.9961275220476986 0.007590607952795809 -0.9323454872625603 -0.9955912507166428 0.0877963172441787 -0.03301315154345313 21.85298736027959
-0.04777672770514458 -0.005243170276220117 0.9988442788819697 30.078466372580436 0.0901346890821988 0.9958839019612616 0.009538953740679455 -0.9313003522344578 -0.9947829522633792 0.09048625851401983 -0.0471074824872883 21.80081834888127
-0.06108046888164494 -0.006198160372021805 0.99811360031271 31.076765149435804 0.0904546910841791 0.9958316139957571 0.01171944655135067 -0.928436836186138 -0.9940257165597199 0.09099988667359386 -0.06026520922828504 21.74258303027904
-0.07308470662273758 -0.005843525890706235 0.9973086176620717 32.073213359907065 0.0904102456909346 0.9958266560419853 0.012460280508133517 -0.9241980212709786 -0.9932193177400315 0.09107757309788823 -0.07225138439245062 21.658481922729692
-0.08424017694118083 -0.0028862869104516907 0.9964412987912473 33.069972000052715 0.09076943459723662 0.9958159638152059 0.01055821735375986 -0.920372864178319 -0.9923026263856288 0.09133583939868184 -0.08362572636169877 21.578122844715114
-0.0944742591046906 0.00048006085813305337 0.9955271889346824 34.06548380349675 0.09080090520942513 0.9958358248462396 0.008136680278645564 -0.9146870150904609 -0.9913777332479123 0.09116347675676038 -0.09412444170273147 21.483656341262908
-0.10376813385880723 0.0031572869763884857 0.9945965040831424 35.05932955756249 0.09191144418815372 0.9957464349162579 0.006428357395866876 -0.9090480226267178 -0.9903456269518782 0.09208185972551713 -0.10361694015353713 21.37302714594137
-0.1114401733411578 0.004206053626282219 0.9937622436370707 36.054322043526795 0.09148356346240344 0.9957882425259179 0.006044308344466894 -0.906409292795708 -0.9895513353949421 0.09158649005194719 -0.11135559913202193 21.27311223252122
-0.11714171935986913 0.005039421841934172 0.9931024226195966 37.04755760304058 0.091518456116814 0.9957868251297427 0.005742045630271756 -0.9024828365728801 -0.9888893718588588 0.09155983358178607 -0.11710938091829914 21.157061785565865
-0.12211445249217856 0.006895154634230745 0.9924920741925873 38.0399966879864 0.0926967725087576 0.9956842707397748 0.0044879135308969614 -0.8968367804784989 -0.9881778022496734 0.09254885112183298 -0.12222659815700422 21.03445352862398
-0.12659942644541952 0.008698268816514785 0.9919157854088649 39.031163417338824 0.09162782422820016 0.9957889165771323 0.0029623384929061826 -0.8909141607945309 -0.9877129780715127 0.09126211558875974 -0.12686330914558036 20.901964143473577
-0.13049374268681138 0.009493267968013084 0.991403682151158 40.02208115497074 0.09240888962747366 0.9957176741994281 0.002628764861660251 -0.8969673210857221 -0.9871332130150445 0.09195755080561901 -0.1308121883175511 20.767630988702045
-0.1335986981970224 0.008650118893841674 0.9909977614925181 41.013651007724455 0.092069553000414 0.9957456276257263 0.0037205476144552777 -0.893296637689634 -0.9867495048138432 0.09173778124289832 -0.13382673216613092 20.638109742908238
-0.1359478995443081 0.0068007756243592815 0.9906926456073025 42.00372127307379 0.09218219161491363 0.9957251811805785 0.005814388357726942 -0.8867745702977938 -0.9864180716909853 0.09211467317322597 -0.13599365730661048 20.49768776485854
-0.13816331115557648 0.005735538277109323 0.9903928528877809 42.995996373593066 0.09259563717935929 0.9956781142852097 0.007151273229048968 -0.8870086202320314 -0.9860714717635203 0.09269410085933122 -0.13809727093612112 20.373631041355992
-0.14005805655440876 0.006611755120038709 0.9901212175730975 43.98491500701207 0.09465297868042688 0.9954875009625519 0.006741591374037986 -0.8785070187472586 -0.9856087227805586 0.09466213668391647 -0.14005186702543795 20.225416133269007
-0.1411663878216439 0.0064595358860052386 0.9899648101551514 44.97597027831784 0.09449275382950797 0.9955010880947943 0.006978758900776562 -0.8744062987599245 -0.9854659661414514 0.09452966729136716 -0.14114167201318803 20.09202710353332
-0.141602841484395 0.007910746545222927 0.9898919412605806 45.965955154795076 0.09719443634283148 0.9952476269999262 0.005949999580951845 -0.8756187654834295 -0.9851405365873154 0.0970545261186272 -0.14169877251530555 19.950858855472816
-0.14183239998180888 0.008264928013236025 0.9898561821195714 46.9562318359461 0.09703783157436835 0.9952649726241285 0.005594060317461885 -0.8737155171024348 -0.9851229514932355 0.09684691648383494 -0.14196283037763283 19.811760069017577
-0.14100375117463018 0.009682382635735952 0.9899617132097466 47.946060185540354 0.09700333563707345 0.9952756847955951 0.004082172208399031 -0.8740909093049516 -0.9852452968829456 0.0966051899286624 -0.1412768284216593 19.669493778607787
-0.13978862138578516 0.009677204168992405 0.9901340783199676 48.937039041655105 0.09756071893273958 0.9952213468240662 0.00404684408121416 -0.8721775820085413 -0.9853634088255906 0.0971638952757777 -0.14006473504222702 19.53548913047605
-0.13859996914306635 0.008631872466220365 0.9903108296546425 49.92804174761982 0.09615551382412052 0.9953548374569607 0.004781705997344488 -0.8650657484332149 -0.9856693998064255 0.09588659097471647 -0.138786151890191 19.401836376861585
-0.13747558612220193 0.009568545680232552 0.9904589371366795 50.92015377749909 0.09782352477047258 0.9951958842297896 0.0039635859480225515 -0.8660198833280391 -0.9856627319838346 0.09743508067247612 -0.13775116635626167 19.276485629360597
-0.13660019177911067 0.010368573989562282 0.9905719965148074 51.91161997132459 0.09749923717436361 0.9952309937734154 0.0030278347371441344 -0.863496363560824 -0.9858165581670484 0.09699361683224951 -0.1369596726685325 19.146146003927836
-0.13580077362231646 0.01105457555799546 0.9906744905582315 52.90179108682318 0.09835693442373722 0.9951483596415373 0.002378182819124312 -0.8599037330267488 -0.9858418044160752 0.09776266496975775 -0.13622921127154078 19.00633092823567
-0.13460476440193966 0.010908431925384097 0.9908393227527993 53.892919340746616 0.09862152823965939 0.9951220178567757 0.00244207787161139 -0.8638234465448702 -0.9859793869893881 0.09804680356638974 -0.13502397099197466 18.873479808261308
-0.13345401548033467 0.009511108468390726 0.9910093665389219 54.88240016057539 0.10011571479579819 0.9949680273834298 0.003932955078690014 -0.8575283262779803 -0.9859852277813793 0.09974047974833042 -0.13373468995168045 18.72895272214186
-0.13289390036869206 0.00766669201778947 0.9911006170305308 55.87378400779685 0.10155926119202115 0.99481186246125 0.005922395841930604 -0.8566477205386821 -0.9859132455297092 0.10144249671553862 -0.1329830521126326 18.59796687663987
-0.1320489305783174 0.008603109577555047 0.9912058648125109 56.86586626384979 0.10379837816995503 0.9945847887819451 0.005195634018993526 -0.8661533764471818 -0.9857935770851864 0.10357163911597088 -0.13222684654948696 18.472737328330233
-0.13156753222869616 0.010483346606037213 0.9912517762441524 57.85787790562106 0.10588685082872346 0.9943718913217109 0.003537876603121639 -0.8685004622570685 -0.9856358147332233 0.1054259986588742 -0.1319371044170387 18.346612811644796
-0.13127446818004185 0.010258397974156236 0.9912929835699683 58.850429588470625 0.10456647895056531 0.9945115423924579 0.003555773903742553 -0.8624490404745684 -0.9858158375091802 0.10412279922849452 -0.13162665838231494 18.224938914922816
-0.13133487453343556 0.010067405376172655 0.9912869403357827 59.84219683896217 0.10480919566700475 0.9944851417394763 0.0037862069474386487 -0.8626872395516761 -0.9857820160841445 0.10439324790619904 -0.1316657379756511 18.09688555063782
-0.13145098248885864 0.008913758779901616 0.991282595482805 60.83532584149772 0.1042154668254215 0.9945427869264266 0.004876622496765448 -0.8612751579524659 -0.9858294861065331 0.10394801526258317 -0.13166257800110376 17.97986935393496
-0.13137936322665458 0.009195718766951654 0.9912895145589489 61.828398583216725 0.10594641575786617 0.9943601715830491 0.004817276968377923 -0.8615389063909803 -0.9856545134610897 0.10565646182646775 -0.13161265960420465 17.86236846081393
-0.13192140993634804 0.009207075599059792 0.9912174188135103 62.822061938230206 0.10677289856131847 0.9942709879820714 0.004974996479379647 -0.8581233598412192 -0.9854929171400564 0.10649146546117508 -0.1321486967423861 17.750023139742826
-0.1318036318859415 0.010183782184724129 0.9912235334182136 63.812077822636724 0.10672673678243841 0.9942804395247761 0.003976334265406554 -0.8570687814409531 -0.9855136763523097 0.10631414844145738 -0.13213665488319515 17.60907124575751
-0.13270133624038571 0.010891538010591237 0.991096226286721 64.80494891840449 0.10584574051044085 0.9943772687901059 0.0032444613307033503 -0.8568863908967398 -0.9854882214292624 0.10533385834238605 -0.13310801520154153 17.48987831930176
-0.13399994933417905 0.011731869516737471 0.9909118915504441 65.79793471993914 0.10604404208401612 0.99435811900023 0.002567550741014558 -0.8660846046484882 -0.9852911624067876 0.10542435399833622 -0.1344880324308183 17.37200299995404
