1.0 0.0 0.0 0.0 0.0 1.0 0.0 0.0 0.0 0.0 1.0 0.0
0.9999792407440048 0.0005228578295595512 -0.006422203728775601 -0.007256491032384438 -0.0005205911027231484 0.9999998016154057 0.0003546181793072496 -0.0015958398994885355 0.006422387869600875 -0.0003512674755766147 0.9999793145586628 0.09137836498275427
0.9999091692502671 0.001012778249182381 -0.013439774159522046 -0.01596256766150945 -0.0010090042551888754 0.9999994496023237 0.0002875855747143841 -0.0022297649319489117 0.013440058022716427 -0.0002739986637852885 0.9999096408001467 0.18535333232734325
0.9997795884501477 0.0012412263232871486 -0.020957907234930764 -0.026064676945929514 -0.0012503754474874386 0.9999991286256376 -0.00042344917759769285 -0.002625909088277116 0.0209573633764819 0.00044956109714544925 0.9997802692667654 0.2828815971031463
0.9995436295677533 0.0017799605552802195 -0.030155668305375975 -0.038439232339781394 -0.0018388676793171055 0.9999964548954136 -0.001925814701152209 -0.0011370574652070386 0.03015213352617313 0.001980388100059574 0.9995433591929832 0.3865694366442236
0.999133991718431 0.001881927864234701 -0.04156591079608986 -0.055619226738286974 -0.0020307338458451004 0.9999916790636862 -0.003538067754742736 -0.0009407859664366301 0.041558906540500096 0.0036194130606533666 0.9991294996827261 0.499976985893741
0.9984801889935472 0.0016858205655331257 -0.05508602541871828 -0.07513126117794261 -0.001930772932511959 0.999988483220996 -0.004393807148150277 -0.0017823136400030742 0.05507798383468598 0.004493487998524406 0.9984719446545874 0.6264462361790004
0.9974562565569732 0.0015416064573115906 -0.07126457538553568 -0.10075682261553541 -0.001860610349311874 0.9999885442150431 -0.004410166414884231 -0.0017192975904246097 0.071256960252862 0.004531543689485348 0.9974476982415231 0.7649528810600331
0.9959602378172474 -6.461135122931604e-05 -0.0897953256711378 -0.12891740494508286 -0.0003305724597669748 0.9999903265497635 -0.004386060732185571 -0.004254229140807491 0.0897947404298339 0.004398025951591102 0.9959505820867157 0.9168441717682347
0.9939621353624037 -0.001417358346968744 -0.10971446833087864 -0.16164133564298716 0.0009120854908161325 0.9999887476452212 -0.004655392894260352 -0.00470186142913439 0.10971983214473367 0.004527215287432766 0.993952243699803 1.0795359086272396
0.9912645410010387 -0.0017527821322455277 -0.131876978691497 -0.2053656747091063 0.0010955688398963646 0.9999866185853259 -0.005055925157990308 -0.007191475645621039 0.13188407592623805 0.004867279022516771 0.9912531967726506 1.2481268778829662
0.9877803382854451 0.0018105591913880929 -0.15584198783417397 -0.2621055640855427 -0.0028535110006726347 0.9999750050130538 -0.006468912127414961 -0.011854211409253943 0.15582638021741177 0.006834561036208244 0.9877608151793534 1.4206597260698168
0.9834540833755172 0.006021008644189998 -0.18105748630456694 -0.3277439640018685 -0.007590737822008028 0.999939363302892 -0.007978121127476505 -0.018111688801216927 0.18099847124033777 0.009220475709730988 0.9834401538661856 1.5975614499486928
0.9780859343351228 0.008729181313223009 -0.20801852429385098 -0.39640890902599174 -0.010810047762749572 0.9999022408514 -0.008868574164771768 -0.024591612095412115 0.20792077318814886 0.010922917831324297 0.9780846803538497 1.781953153016394
0.9713865714801412 0.00913754897716809 -0.23732811453080563 -0.4699654585480202 -0.011621601277183053 0.999891332924449 -0.009069769915648439 -0.02757258180580538 0.23721944931183755 0.011568385421418083 0.9713872066930519 1.9731098757491372
0.9634328998098374 0.010984279012009721 -0.26772447250596104 -0.5579404972816928 -0.013783097597945479 0.9998682224322816 -0.00857694530208157 -0.03090903347971964 0.26759498086588657 0.011953383817802905 0.9634573383553056 2.165939976536853
0.954061797334436 0.012780412079432977 -0.29933718100841833 -0.654345716475018 -0.01576613827700097 0.9998471152712586 -0.0075614130672131885 -0.03440643169326346 0.2991947789497957 0.011933446728519858 0.9541174335994287 2.3622496256114798
0.9428645970752667 0.014536195265857832 -0.3328589049571735 -0.7587228471581275 -0.017738053516523293 0.999821001130359 -0.006582336677163008 -0.03459836238824948 0.3327036414581912 0.0121105212885087 0.9429536691877177 2.559410464411564
0.9305402463253412 0.01673035344979251 -0.3658072514893864 -0.8743431226711632 -0.020412932378646317 0.99977240164345 -0.0062013791847182285 -0.03655294235513345 0.36562024309449664 0.013237831602375827 0.9306699724682151 2.751431721679703
0.91686897057215 0.01955442904680663 -0.3987090607280202 -1.0017141761455495 -0.023725309223424043 0.9997032271190509 -0.005528778346794041 -0.03853303907131411 0.3984826225875093 0.014528661067299857 0.9170608036021232 2.944836593868735
0.9009355335377462 0.01999361253154562 -0.43349212203567883 -1.132109694186009 -0.02458669002905615 0.9996852410998549 -0.004991332541497859 -0.03742435128646072 0.43325588176327434 0.015155005280867679 0.9011435328139821 3.1396231259348744
0.8826877257069964 0.015316067740611113 -0.4697103330300243 -1.266974440413557 -0.020460836863542678 0.9997735386298686 -0.005850265836159871 -0.036337803611867975 0.4695143587165941 0.014774624342948904 0.882801210598666 3.333713595291579
0.8618402083868466 0.010710921184539353 -0.507066791828351 -1.4150868128788745 -0.01613720965492693 0.999849890954318 -0.00630761628437543 -0.04004641397696723 0.5069231161352481 0.013618800461735654 0.8618836827563875 3.5248506764593612
0.8375032368115481 0.01227872360068015 -0.5462943906694623 -1.5864779746437825 -0.01679367449713804 0.999853620414948 -0.003272650302902151 -0.04384737462465614 0.5461742403547285 0.011915145398148131 0.837586848322654 3.708610226198807
0.8089350591239886 0.018054385457135256 -0.587620718904495 -1.7802374920859658 -0.0218142565862149 0.9997618046668875 0.0006871235687779648 -0.05215799683734302 0.5874931559853789 0.012262670792823789 0.8091362175649823 3.8866264517090956
0.7767102365302024 0.02093494835828496 -0.6295100764931679 -1.9823469942165013 -0.024995360173528654 0.9996846734043142 0.0024053545070865305 -0.055005385554311725 0.6293619311961864 0.013866567626674108 0.7769885957099125 4.062180341581129
0.7414338115185932 0.020464442791029692 -0.6707138806661639 -2.198934576070145 -0.024663778563634445 0.9996905598799244 0.0032376710652719217 -0.05827659194551036 0.6705725920166854 0.014141819833938148 0.7417091126363548 4.23099693402923
0.7022184007609845 0.016286667147350473 -0.7117752890526041 -2.4233304740237176 -0.018713541468468514 0.9998151373959564 0.004415246268623734 -0.060318433433216224 0.7117156180655265 0.010219369214198182 0.7023933680598573 4.401908319189361
0.6597612435328879 0.0125246410388917 -0.751370903681255 -2.6656632335398758 -0.013485325416057844 0.999897421667202 0.004826193293331693 -0.05896890459763257 0.7513542756452255 0.006948345855560545 0.6598624651846099 4.5682617418120905
0.615317897895642 0.012021794436705228 -0.7881873895133135 -2.9275548922280703 -0.010790993199669915 0.9999184702242326 0.006826959073775597 -0.06066891762503397 0.7882052010707961 0.004304574654008538 0.6153974582674148 4.722309642583681
0.5672097819710036 0.012689950486829762 -0.8234755785043354 -3.2059939076341095 -0.008166265122853397 0.9999187888443892 0.0097840599912734 -0.06248864727743493 0.823532862337837 0.001175105361820047 0.567267347709207 4.874610023822727
0.5165386530425581 0.013308722115367409 -0.8561604393036607 -3.5058368973634266 -0.007027220844077472 0.9999114192508874 0.011303619724863108 -0.05698109925598952 0.8562350367044025 0.00017767197776310346 0.5165864209911827 5.004166468553764
0.46373574869130096 0.014761190006231785 -0.8858505870943023 -3.820158324536536 -0.005901271156174436 0.9998904791708398 0.013572201820242267 -0.055147084721732215 0.8859539098533629 -0.001066270654199713 0.4637720697524073 5.126431796545796
0.40932566672206794 0.016804750684123262 -0.9122335769510903 -4.156939460348387 -0.004549636662941637 0.9998555298913195 0.016377428124819876 -0.051605385575785125 0.9123770050635704 -0.0025533703595215958 0.4093429869083347 5.234033403655527
0.35416901615624874 0.018772791604760062 -0.9349929894337609 -4.511756006688418 -0.003998990032338061 0.9998197585444987 0.018559593280602825 -0.047761566158578336 0.9351728803133872 -0.0028342052473996743 0.35418025242378953 5.324414843299383
0.29963099872875815 0.021972512208540688 -0.9538021143340237 -4.887039364173822 -0.0019116085972918212 0.9997465792542846 0.022430403962633943 -0.04726300317620568 0.9540532534158553 -0.0048975480193374854 0.2995970688608625 5.400725811172813
0.24618977564297748 0.023832423539382867 -0.9689285886777732 -5.274233446829249 0.0030238674865596072 0.9996738868804472 0.02535697369092369 -0.045625948678419875 0.9692169264897744 -0.009172539320054206 0.24603742383657362 5.46589246336206
0.19562712209055252 0.024319135891838324 -0.9803767687639502 -5.6758901940345385 0.005883415501373379 0.9996453806994234 0.025971104488303934 -0.04271548619876081 0.9806607030592216 -0.01084861630709211 0.19541466935625668 5.510233539534518
0.14833602789211212 0.02540785451553665 -0.9886105723479339 -6.096449361593764 0.003987492320854677 0.99964641104344 0.026289784954625008 -0.03636237037620588 0.9889289775985847 -0.00784179933986003 0.14818226428601913 5.53346181337758
0.106094624086976 0.025783566198160263 -0.9940216991866677 -6.53329642111893 0.002113054682465668 0.9996556600430799 0.02615523549392397 -0.02856561455743639 0.9943537930433777 -0.0048753520835730785 0.10600360938340253 5.545064546537407
0.06847609937184719 0.024390260440467423 -0.9973545703562323 -6.983479157303565 0.0007079941831165918 0.9996996718994187 0.024496219063986514 -0.02028459982587507 0.997652505915288 -0.002383526765177057 0.06843826591247087 5.541840208983205
0.03423719579468252 0.021777542923347784 -0.9991764373964891 -7.447934305482349 0.0020937403752176605 0.9997588059794326 0.021861978817574464 -0.012147987076669116 0.9994115421963856 -0.002840508898179683 0.03418334146688401 5.531799718109106
0.003045849475527897 0.019104002154904976 -0.9998128624410868 -7.925038689714841 0.002692007073196499 0.9998137207311453 0.019112219537793074 -0.0064770799118215264 0.9999917379153141 -0.0027497162414196275 0.002993853987987023 5.5128537190127105
-0.023348315164038503 0.017263388013503092 -0.9995783269025483 -8.419424813740902 0.002108151885140995 0.9998495224868359 0.017218829184214676 -0.0016128279247588292 0.9997251681710478 -0.0017052322836569286 -0.02338119561162078 5.479370368176533
-0.04395645902171974 0.014905008188796767 -0.9989222544528505 -8.927986166235101 0.0014956984629921483 0.9998885603688796 0.01485360998400433 0.007743681604237268 0.9990323281037403 -0.0008411743820473203 -0.04397385392798 5.438343292858946
-0.060136538489234566 0.01401819502734682 -0.9980917227122514 -9.45569914070063 0.0019561271245529897 0.9999011186608188 0.013925748364653243 0.01927414688695415 0.9981882439225604 -0.0011149479890669232 -0.060158013479305404 5.395413213020129
-0.07571531154963695 0.014665962759342677 -0.9970216151785701 -9.604676689308404 0.006060230814958345 0.9998801298870805 0.014247787879673119 0.05164706664627102 0.9971110596114208 -0.004963405417282149 -0.07579511466613707 5.918930126226587
-0.0852838828945611 0.01588475226251397 -0.9962300607610609 -10.161260315550585 0.004988823082225886 0.9998671790035569 0.015515669361106791 0.05242550245477569 0.9963442030556914 -0.003646778993508757 -0.08535180162299726 5.864490623962906
-0.09195880677326464 0.01735494419334449 -0.9956115626934459 -10.735207098441334 0.0032296524709800965 0.9998480463156888 0.017130488131304487 0.0516136863124348 0.9957575745138743 -0.0016401800955909724 -0.09200088373216843 5.80349323428505
-0.0964261629997571 0.01839882973590021 -0.9951700749889417 -11.322162120597692 0.0035081519895194925 0.9998292104486959 0.01814504899844016 0.05675550863947089 0.9953339580054337 -0.001741550426120612 -0.09647424030978731 5.743266626196868
-0.0978434148990716 0.019075655496002764 -0.9950189875214885 -11.927290458017824 0.005666824104798234 0.999810754344722 0.01861028213658358 0.06622414464899366 0.9951856878319006 -0.0038177040267402236 -0.09793299684228407 5.685902015260032
-0.09692524553270031 0.021301530984872214 -0.9950636871859652 -12.548329489485587 0.007743021495810403 0.9997568278189941 0.020647780689878208 0.07317368897714133 0.9952615447190457 -0.005703508306509557 -0.0970666142216593 5.631571576819687
-0.09527585867506223 0.023779755910365033 -0.9951668372502045 -13.184341991460633 0.00692900046296453 0.9997062544174079 0.023224853741213785 0.07826145603644344 0.9954267927408392 -0.0046827435932368456 -0.095412641752161 5.566565880634156
-0.09356994448075118 0.02379610385215658 -0.9953282930427169 -13.83603628618009 0.004855222337665317 0.9997133499007765 0.023444505672308453 0.08411412797881695 0.9956008699804961 -0.00263883906755484 -0.09365865802185395 5.499822058719101
-0.09206896058112841 0.02124973250320936 -0.9955258687578412 -14.498948851408427 0.0029810172284849045 0.9997736701481706 0.021064710174598524 0.09289407618847895 0.99574817099194 -0.0010282737954516242 -0.0921114684456149 5.4412637038953475
-0.09066190239008619 0.021126494312113647 -0.9956576172023657 -15.179111181898016 0.002975399123374059 0.9997762448030288 0.020942954128059854 0.10566258028209276 0.9958772848373775 -0.0010637507384865126 -0.09070447607091549 5.371873873721149
-0.08902468761830591 0.023728775982563517 -0.9957467299393127 -15.87690341865491 0.003701128490492134 0.9997171622187988 0.023492492696348892 0.12369851684006443 0.9960225432400411 -0.0015939747678250446 -0.08908733132202154 5.311254936176301
-0.08712630721460268 0.0272122978432263 -0.9958255356422832 -16.59079346602604 0.0026552278165938754 0.9996296363910835 0.02708394014672578 0.13486487247971773 0.9961937343490915 -0.0002844199729064136 -0.08716629365121802 5.242834109804763
-0.0853216982534223 0.029352246363049714 -0.9959210076309248 -17.319593899224515 0.0022091991668548444 0.9995690858030748 0.029270499583122583 0.14286864197428362 0.9963510060446534 0.00029722087284655063 -0.08534977688054984 5.177784774150491
-0.08349925614117773 0.028736746921225242 -0.9960934060620306 -18.05826499984361 0.0005234357443904191 0.9995852411064429 0.028793606533308688 0.15482261107024162 0.9965077020469494 0.0018828538336684642 -0.08347966592260399 5.109636621715389
-0.08181454811153135 0.02554163131099323 -0.9963202320475486 -18.810722795032238 -0.0015064807470579887 0.9996672492241452 0.025751142584137198 0.17548257640923476 0.9966464319070553 0.003607755341360711 -0.08174884628135275 5.04137729673637
-0.08022155626182696 0.024956865118934572 -0.9964645787956378 -19.574502896286567 -0.001971708217740552 0.999680582284286 0.02519614594444839 0.18934204085460118 0.9967751071719411 0.003986011438162457 -0.08014672441953093 4.969049010852888
-0.07878202436614165 0.027277640633130366 -0.9965186014110646 -20.35978377633905 0.0006605064110181678 0.9996267804376858 0.027310502797768636 0.20488844310676296 0.9968916472556352 0.0014933697719344842 -0.07877063843000529 4.913352336175758
-0.0778831967089496 0.029337123202055438 -0.9965307525975423 -21.151835561778093 0.0029540589155680956 0.9995693494508188 0.029195704725006096 0.21871895325660784 0.996958114068148 -0.0006699557401945359 -0.0779363198578672 4.859819579538585
-0.07677488403398429 0.0311188105745551 -0.9965627109269115 -21.95192816248216 0.004350786323845786 0.9995137603048888 0.03087577722981423 0.22870983351154314 0.9970389600411473 -0.001965347197277389 -0.07687294433324166 4.7985972649271975
-0.07613647892427647 0.026513336995242002 -0.9967448417415522 -22.751905161179494 0.004668578353644212 0.9996449312041528 0.026233869215199417 0.23867362762467784 0.997086476166019 -0.002656026961655912 -0.07623322482756378 4.732810239955141
-0.0758827910235563 0.01954611529443926 -0.9969251483453377 -23.55758608137707 0.0059723972684969625 0.9997988247715194 0.019147857748474988 0.2483255602914282 0.9970988579360337 -0.004501040144797347 -0.07598426245132878 4.674652974087545
-0.07612669502091352 0.014927474814275487 -0.9969864075306463 -24.3776187191179 0.009416732652767167 0.9998541010134703 0.014251380027606921 0.26044239013862364 0.9970536853406337 -0.00830344399717013 -0.07625615625276921 4.614927644548365
-0.07655746367214265 0.015769120199043012 -0.9969404644231462 -25.206474995227474 0.010560012722497299 0.9998316700450233 0.015003923029671453 0.26509731521180324 0.9970092481453667 -0.009379041695597114 -0.07671109886765423 4.544364617300976
-0.07656329389105636 0.023303754541539625 -0.9967923540300764 -26.049272588386952 0.010065649106655687 0.9996939495268767 0.02259845099594303 0.26615379187942195 0.9970139140135476 -0.008303150222779054 -0.07677442907482004 4.477538866052882
-0.07672189658451223 0.030398576142986654 -0.996589021188251 -26.89541077952681 0.008625057316372342 0.9995179548875149 0.029823920663936052 0.2763317987290049 0.9970152250446154 -0.0063074896716928935 -0.07694710263081259 4.404752263598116
-0.0769108258122447 0.035826976934105755 -0.9963940749505906 -27.741112243325155 0.006448067127010912 0.9993511604523684 0.03543558286285307 0.28484533820881697 0.9970171248796104 -0.0036994359391171157 -0.07709193777904587 4.332355740682614
-0.07732067985585918 0.036193699753529956 -0.9963490997460582 -28.586801155171344 0.00480391485289278 0.9993427754996712 0.03592964595845267 0.29499876509293776 0.9969947015248949 -0.002008271586448578 -0.07744373426250314 4.265592353038427
-0.07767261762391835 0.032758842269070214 -0.996440576614903 -29.4272682830739 0.004661076646194819 0.9994610355639466 0.03249481118489089 0.31054465982980217 0.9969680229756354 -0.0021205288570551877 -0.07778344632002081 4.201287657531609
-0.07807900788300987 0.030020042264761945 -0.996495090600264 -30.265010244065124 0.004255025943102517 0.9995474624682467 0.029778600160391386 0.3252559741210439 0.9969380940069592 -0.0019150289060102525 -0.07817141026015052 4.136316116179073
-0.07810598900956549 0.031280152894795084 -0.996454216969208 -31.106737994068926 0.002707613348527254 0.999510621442685 0.031163864542324535 0.3387606480067356 0.9969413840897532 -0.000263928277623747 -0.07815246017286849 4.062089217434559
-0.07793669254887338 0.03373368999425953 -0.9963874297249616 -31.94559501116312 0.0018816171063447803 0.9994305750832048 0.033689540007540264 0.348388380709096 0.9969565343943575 0.0007508316893632076 -0.07795578734235703 3.9913916282782167
-0.07783902240386932 0.03212023519183225 -0.9964483815443895 -32.7867772858482 0.0013090653807632867 0.9994832972081881 0.03211580529393218 0.35875016930226467 0.9969650811031643 0.0011954468077952846 -0.07784085025159315 3.9201648493534096
-0.0774560718324893 0.026881243155586633 -0.9966333105524281 -33.618403334603784 0.00040956092655687723 0.9996372261689379 0.026930434774048367 0.37420378557187395 0.9969956816336406 0.001677743628231511 -0.07743898230342562 3.8539811171157634
-0.07718629360766588 0.022752696056858743 -0.9967570370462691 -34.45205839334225 -0.0007937952515084404 0.9997378528678147 0.022882207768277207 0.3842525515043699 0.9970163719659821 0.002557413810108758 -0.07714799846006386 3.7808768380000624
-0.07671098320743125 0.023454566888174468 -0.9967774617974864 -35.28912707892191 -0.0004281911228418895 0.9997224080124628 0.023556815789179116 0.39550080523304165 0.9970532792723323 0.002233877761014774 -0.07667964581580533 3.720352885473144
-0.07614107840065744 0.02592476412175324 -0.9967599725035203 -36.126552943307715 0.0007270931309412891 0.999663114403372 0.025944730427009177 0.40325684576356124 0.9970967894420099 0.0012507224243222472 -0.0761342772859469 3.6575504846995517
-0.14744487036786266 0.030837243442038437 -0.988589436833665 -36.54669882000001 -0.004050364245875288 0.9994866412503504 0.03178126038359065 0.39302998703067155 0.9890619822597975 0.008690131126186816 -0.14724427618528946 4.388491316845426
-0.14695116125236782 0.036706529189193975 -0.9884624357665119 -37.38349963445057 -0.003136408198173532 0.9992888940345992 0.03757484800664146 0.4029908837469511 0.9891387764869978 0.008621889235581787 -0.14673153674590333 4.279447825666455
-0.14705347021721507 0.03985710111779509 -0.9883251936420334 -38.2105384004128 -0.0032570066753749975 0.9991628913401066 0.04077877482704642 0.4196682693152967 0.9891231818153849 0.009215642102656917 -0.14680055563942726 4.1492916569029825
-0.14680641627483582 0.03974559905097726 -0.9883664115582951 -39.03723408926567 -0.0030830851207781767 0.99916918028221 0.040637959598319354 0.4373151704310111 0.9891604373036145 0.009013130990703047 -0.14656190754444628 4.030539704943059
-0.146560794363682 0.0355043537384224 -0.9885642995886035 -39.860229315884446 -0.0026149132684085887 0.9993382800153598 0.03627897910004127 0.4539651528414145 0.9891982085426992 0.007902085899274667 -0.14637097135141008 3.9024988337689064
-0.14785947102899258 0.03222356506377929 -0.9884832920599161 -40.68275757425021 -0.003208643043893694 0.9994481863389499 0.03306096540636247 0.4464586168954899 0.9890031756454797 0.008060066895765676 -0.14767448623507196 3.7937434251917845
-0.14771503361468813 0.02917101906718298 -0.9885996765581082 -41.50275014884365 -0.006900908054560666 0.9995102089448942 0.03052408365465715 0.4639365252384865 0.9890058879057466 0.011331101513801059 -0.14744137759207873 3.665193905302513
-0.14824635306113604 0.02710741268456192 -0.9885788825286652 -42.32188360803805 -0.01020217661179642 0.9995291550555075 0.028937584322205973 0.4790751653108757 0.9888978381999097 0.01437554769641583 -0.14789999740356122 3.5346310707798474
-0.14886511338649003 0.025464933814850172 -0.9885295722244405 -43.13881028632113 -0.0076946266140221035 0.999608270380345 0.02690907855140606 0.48719886151494407 0.9888275738154244 0.011612188984867003 -0.1486108553547874 3.4093177920689324
-0.1513085048926484 0.02212736141303308 -0.9882388963322841 -43.96015234545119 -0.003942133429782553 0.9997279644253911 0.022988186746360814 0.49452986425437806 0.9884787281126355 0.007374077756627649 -0.15118011458543767 3.3210144966983113
-0.15200467439343057 0.020784695726239918 -0.9881612092093665 -44.775833632063446 0.0002902015092773758 0.999779760351608 0.020984436479575912 0.5090423982278336 0.9883797320593092 0.002902966560085544 -0.15197722868745797 3.1983294585421342
-0.15397255826968273 0.02424657082066072 -0.9877775838230641 -45.59223196990192 0.0005557044854252846 0.9997008354360106 0.024452624011901476 0.517444414745229 0.9880749680527356 0.0032161206415860268 -0.15393996906458302 3.079517528940781
-0.15843824587880542 0.02966079798721442 -0.9869232793412117 -46.416084091075696 0.0034035004639946746 0.9995591580496134 0.02949416457097549 0.5397181700073386 0.9873630226150053 0.0013140098591211645 -0.15846935019318847 3.010421081682132
-0.16022545458316195 0.03349836193540279 -0.9865118668578023 -47.22428100435352 0.00543886983657516 0.9994387699743299 0.03305395236729574 0.5501717482649859 0.9870654600372362 -6.942509225627458e-05 -0.1603177244774785 2.8791878796805452
-0.16176954527156281 0.03267289110747678 -0.9862875323197152 -48.02659499552771 0.005721992962513387 0.9994660020454682 0.03217094266236569 0.5593547022959393 0.9868119745013076 -0.00043925155349974613 -0.16187011471826435 2.748525766689841
-0.16282354451486405 0.028735113071600645 -0.9862366788090884 -48.8209313381891 0.002735054352741223 0.9995851178678181 0.028672488815375544 0.5653918178928409 0.9866514140411011 0.0019711453377723336 -0.16283458403162943 2.609696118641397
-0.1641847728965895 0.024868044537695883 -0.9861160888606215 -49.610388266625776 -0.0017173743488808945 0.9996734522237172 0.0254958730868597 0.5735280560623559 0.9864281073520978 0.005879564608594247 -0.16408845098230487 2.473193615666744
-0.16545237106613728 0.02306828104671673 -0.9859479536558436 -50.39849665352842 -0.0060963082913426635 0.9996833780666498 0.024412673808263785 0.5799309062172683 0.9861989393290843 0.010049777450345809 -0.16525935386352097 2.3317175258556984
-0.16630969619663197 0.023967454548489437 -0.9857822508411545 -51.18300977735471 -0.0075746019343212005 0.9996440203565986 0.025582376176437067 0.5875217431681784 0.9860444768652789 0.011721505353932049 -0.16606894940270212 2.184292118451592
-0.16730127834000827 0.02537235086059369 -0.9855792845213461 -51.968457685217494 -0.007398945066945819 0.9996083352546847 0.026989473897314945 0.5964309440019503 0.9858780542631508 0.01180762047003826 -0.16704802369719968 2.0498292780822656
-0.16819172892271217 0.02477064621675559 -0.9854430259573588 -52.74596684862205 -0.009260617302843353 0.9996004065434831 0.026707081556645095 0.602525330064977 0.985710801041137 0.013617720958639034 -0.16789512913343707 1.9093682125277989
-0.16866869372211266 0.02445227571757504 -0.9853694525254527 -53.52015253958726 -0.010385400553045971 0.9995926626778876 0.02658293015984389 0.6113833160147455 0.9856180879090183 0.014717164562579441 -0.16834604199032738 1.7738639711002682
-0.1691040526375143 0.026185363249470475 -0.9852502961852205 -54.2900709600205 -0.008809738148949416 0.999566915503273 0.028077926294850744 0.6212795184613961 0.9855588302558685 0.013427888246683315 -0.16880013010042055 1.6336924808686342
-0.16934147864158663 0.029082227280183216 -0.9851282595012224 -55.05671833378698 -0.007946514402686932 0.9994917495476322 0.03087224473634339 0.6294635352343816 0.9855254012557613 0.013056287475257675 -0.16902430842051844 1.4978753632292636
-0.16941327330666847 0.03329063490604119 -0.9849826782512857 -55.82061823460358 -0.008056597820227615 0.9993491542094805 0.035161900010644856 0.6365998369412373 0.9855121683972672 0.013892501875046363 -0.1690348021342609 1.357644888632495
-0.17290696120733667 0.03495814064089593 -0.9843175865385008 -56.58468375491248 -0.006415342110709005 0.9993087627171882 0.03661748410588355 0.6551866283161146 0.9849172686838461 0.012646151967038128 -0.17256317303752702 1.284716587480337
-0.07914373406291549 0.042162557924185134 -0.9959711783319192 -56.80897587586403 -0.0028116545326052527 0.9990917410125052 0.04251808602689037 0.6062110701644937 0.9968592498228465 0.006165366971277479 -0.07895330450805546 0.5607446844433381
-0.07929296797172829 0.040226862044396273 -0.9960393691015927 -57.556777437654986 -0.0021094590611146938 0.999176440440486 0.04052148875780451 0.618349031598107 0.9968491236956094 0.005314173382617629 -0.07914280857131345 0.4940042649928593
-0.07970208493872306 0.03672943378739002 -0.9961418204001283 -58.29286229183697 -0.002505264087478617 0.9993103945903966 0.03704671261309877 0.6249820192156369 0.9968155803900103 0.005448298564073644 -0.07955510501837193 0.46691306238715374
-0.07948287746547572 0.03390750410581085 -0.996259380560668 -59.02034392779394 -0.0027736394717426975 0.9994099269403601 0.03423601695794238 0.6373755416828761 0.9968323726253524 0.00548444148279105 -0.0793419295690048 0.40808647265496817
-0.07817090530633942 0.031611478195767886 -0.9964386704709273 -59.73013278731913 -0.0032988076376020427 0.9994834852882358 0.031966865724538565 0.6469348527237629 0.9969345151170953 0.005785938330044825 -0.07802624869800893 0.34755621260433645
-0.074683854511912 0.031499880093700375 -0.9967096264355679 -60.42419560718757 -0.00655952344422197 0.9994638297091217 0.032078431310776985 0.6445054085358001 0.9971856870851229 0.008933681058670189 -0.0744371870459499 0.2715979848680506
-0.07054665959211719 0.03244275751202175 -0.9969807602483678 -61.10500067797252 -0.006989168084269701 0.9994303515345011 0.033017025321994256 0.6525564416062523 0.9974839950344486 0.009297306956293824 -0.07027972491036599 0.22103075795834537
-0.0649047284901704 0.033988800698051824 -0.9973124573806992 -61.77145047782192 -0.0061421970092440745 0.9993872292958653 0.03445924166654103 0.661196015070058 0.9978725618211562 0.008362257317349558 -0.0646561908639967 0.1863990860388301
-0.12146031046184123 0.04757068794638197 -0.9914557088598687 -62.117998735667186 6.976466398522958e-05 0.9988513189890761 0.04791698745408005 0.5632924848866083 0.9925962865714365 0.005750843598183843 -0.1213241100626931 0.7294813490903553
-0.1127882482147406 0.04889835832006913 -0.9924151155732442 -62.750298541089656 -0.0012571232945652433 0.9987805147906 0.04935486719307506 0.5796843712885886 0.9936182519990627 0.0068142371712438515 -0.11258923334893862 0.6590568252333794
-0.10118083827987781 0.05050759383949584 -0.9935851352196898 -63.367819718032905 -0.0037923593987252593 0.9986836299018516 0.05115296058150044 0.5957180094299106 0.9948608224144585 0.00894373135811783 -0.10085610390165657 0.6014046933815121
-0.09030636242549056 0.05213828225637783 -0.9945483198059478 -63.96943422614067 -0.006693926456704244 0.9985743489877794 0.05295716091544818 0.6048617642713192 0.9958915363904188 0.011439801877075245 -0.08982860724148582 0.6193304116030456
-0.07237174292140641 0.05324792311817272 -0.9959553150167545 -64.55268234537613 -0.008803856619444553 0.9985008392368155 0.05402375544146478 0.6261879707201955 0.9973388706628971 0.012678041133239833 -0.07179445896363999 0.5899916141352771
-0.07490523614420504 0.05225165182665262 -0.9958207521836302 -64.90874115409343 -0.011549032757417992 0.9985138026610556 0.053261672314400044 0.6600530500660607 0.997123776389145 0.015490344629630736 -0.07419045614299953 1.0228623402925814
-0.04943137976696503 0.052869997986718736 -0.9973772114938372 -65.44885333650298 -0.011417055035935812 0.9985028198435459 0.05349551026762411 0.6714100767327789 0.9987122656444353 0.014031467399079801 -0.04875375240930787 1.0047129713397258
-0.02028220167282421 0.052670688351491246 -0.9984059449361703 -65.96489802613468 -0.010535873860291306 0.9985446548317864 0.052892037858911486 0.6866403375209736 0.999738779710632 0.0115918460759535 -0.01969775234001322 1.0151137989142616
0.007217166875918906 0.05291496705780209 -0.9985729411332759 -66.45452883693721 -0.00929181118379001 0.9985593858520527 0.05284709236747103 0.6933072193161668 0.9999307849782455 0.00889714493772909 0.007698445605906558 1.0984463579783474
0.048641837537257704 0.05459431195586347 -0.997323133564578 -66.93226089978353 -0.008472125084414701 0.9984917099986002 0.054245074989582205 0.6730210518248426 0.9987803536001063 0.005810866212299898 0.04903100137983772 1.0542701232595177
0.08914043444734926 0.05442003590139022 -0.9945312678035987 -67.38806501630432 -0.009104233830855403 0.9985090584014902 0.053821679800267794 0.6885996293342297 0.9959774575124134 0.00425675729409903 0.08950298399745174 1.1281560367353267
0.1305960037313334 0.0552586713856238 -0.9898945211718798 -67.82918355891951 -0.00864406064004384 0.9984710532512302 0.054597033207220036 0.7050527052624869 0.991397984678735 0.001426553915807037 0.13087398870237105 1.2697060859722495
0.18666826377891232 0.05503151296663284 -0.980880467681141 -68.07247566542178 -0.00726301141123666 0.9984798837333025 0.05463671334524998 0.6896653172972502 0.9823961563254446 -0.0030747943889166667 0.1867842008213194 0.8925319021978617
0.23591610210888708 0.050624687569653076 -0.970453880292221 -68.49141257290468 -0.0006556114302615299 0.998650189778837 0.05193619766930719 0.7023696660659959 0.9717732055059979 -0.011616344656038377 0.2356308502667469 1.0590745510432824
0.28821945365757395 0.04591648990622624 -0.9564628704178879 -68.89752179878228 0.0033987379890511394 0.9987943274801675 0.04897284935065327 0.710777111904736 0.9575583507616715 -0.017365694576706114 0.2877158972640488 1.2225556107405082
0.34119918279334094 0.04136794844794207 -0.9390803003483617 -69.29819643027403 0.007417353238523547 0.9988815490058421 0.046697258234551786 0.728864186426492 0.9399617548241485 -0.02289855665534124 0.34051072754174744 1.4165469281411591
0.4029564157091104 0.04013819080372993 -0.914338587547236 -69.5216224703378 0.003224790407056273 0.9989693765683738 0.04527455582802513 0.8004063040996444 0.9152134875348477 -0.021192223045206706 0.40241168213249495 1.0500198118077828
0.4511668333243361 0.03904521784884185 -0.8915850825755396 -69.88967779501586 0.0038390177832399197 0.9989483068371716 0.04568962912530316 0.8147857311468408 0.892431370162744 -0.024036456275505283 0.45054244896476064 1.2929119108841107
0.4950767106216831 0.03485004805702607 -0.8681500588898452 -70.21944844644207 0.011298265119237228 0.9988525378050035 0.04653984234824204 0.8282586150887975 0.8687758052600866 -0.032849381591238215 0.4941148837302538 1.583922029477494
0.5409000572456896 0.029161482998675225 -0.8405811894046477 -70.55044191520358 0.020562962957172807 0.9986415633732943 0.0478768467817607 0.8367977525529722 0.8408354729826959 -0.04318142902522144 0.5395656323018606 1.8583019950622048
0.5851354987324244 0.02394298871198153 -0.8105820016597328 -70.8696067875065 0.02110573858717395 0.9987758035910346 0.044737478245569624 0.8487512673472369 0.810660839020764 -0.04328541847575084 0.583913843495366 2.1427011472310933
0.6284427163618859 0.01895953515246434 -0.7776247734470018 -71.17374225630844 0.016786536779158565 0.9991395256087218 0.03792651512253834 0.8596428535127626 0.7776747163401022 -0.03688826904560104 0.6275836925639173 2.4279782436285515
0.6701049369134466 0.009885304248929914 -0.7422005485609235 -71.45255548177819 0.013724523843826055 0.9995753650032835 0.02570461288976089 0.8826516741763578 0.7421394821524377 -0.02741113712450293 0.6696847158118915 2.7568155288107934
0.7122132085279048 0.006564242015297534 -0.7019325155064093 -71.74059929774826 0.007908166833920507 0.9998177866208574 0.01737395907374442 0.8938022768352822 0.7019186608829519 -0.017924962575522185 0.7120315226315126 3.0866662927655364
0.7522353570362953 0.004909468397387129 -0.6588762135215811 -72.01916622804373 0.005850854355247471 0.9998830443270494 0.014130292657451955 0.9030538278138436 0.6588685264358841 -0.014484294505657412 0.7521186542593398 3.4576607129995023
0.7896467739487625 0.003642096879536107 -0.6135509005148929 -72.2891953320693 0.004757643281502755 0.9999159723243897 0.012058736292668761 0.9103779687231828 0.6135432643446758 -0.012441198531099385 0.7895630939680434 3.8543177066467793
0.823667687165777 0.004623475807684908 -0.5670539344634155 -72.54114535574884 0.0009014708815955424 0.9999548226756473 0.009462555572579127 0.914895907732733 0.5670720663806605 -0.00830518387335684 0.8236263081347012 4.270630897456055
0.8531586964522595 0.006338258058128249 -0.521612945729565 -72.78580659492725 -0.000981276490411043 0.9999439122062369 0.010545593304064469 0.9147254096830043 0.5216505303019773 -0.008485218115872845 0.8531170642468666 4.721074785106272
0.8775497784695124 0.01222079911510399 -0.47932978039873764 -73.02324850410953 -0.007890722346279966 0.9999078455497844 0.011047031675630432 0.9186127865137551 0.4794206115812785 -0.005912061990265394 0.877565339284806 5.187968151025976
0.8981288488980124 0.016161163124207692 -0.43943530534494873 -73.25312489356169 -0.013597134552993278 0.9998672113664252 0.008982069153387132 0.9215184726811503 0.43952211401598773 -0.0020919944553429823 0.898229333104924 5.6780566172993625
0.9142832883611309 0.021069790277275558 -0.40452704799708167 -73.46801781740672 -0.01862136058034159 0.9997767305265279 0.009986692536737861 0.9260626851025415 0.4046471469733824 -0.0015978220670854423 0.9144715049748376 6.196946318330121
0.9265316758835737 0.021949227769556132 -0.3755759377072781 -73.66655129456998 -0.01895170616221876 0.9997522458251539 0.011673893999101442 0.9230870857393993 0.37573912015908295 -0.0036984277580465264 0.9267180991079205 6.738368500373749
0.9357009167721524 0.02159579656207474 -0.35213266807072546 -73.85458251520487 -0.018204045200010822 0.999750543501809 0.012940769149999943 0.9211825461773094 0.3523242925063698 -0.005698450551431819 0.9358606309548444 7.302868101247715
0.9430448274590918 0.022900596132113316 -0.33187650730271656 -74.02116734445812 -0.018907327505812446 0.9997048276890118 0.015256816898401266 0.9088940127144869 0.3321279367491449 -0.008112964444470142 0.9431994558091514 7.8903906999633735
0.9490872842002097 0.02548471194613308 -0.313980662504074 -74.21727882499862 -0.02107590240814104 0.9996259515514447 0.017428807261292516 0.9175031548582425 0.31430738665700647 -0.00992403354948967 0.9492693928758854 8.487671816926502
0.9537748024433467 0.030336179944551185 -0.2989871943922198 -74.409279537595 -0.02590086835985069 0.9994879670680193 0.01878692908497174 0.9233821148019944 0.29940402676377753 -0.010174471613302087 0.9540721717380849 9.099883003221903
0.9329010914872309 0.048705059482950515 -0.35682400519401686 -74.00469081464165 -0.03713847572422392 0.9985409854643017 0.03919992307215096 0.7769160065629603 0.35821262836870854 -0.023317751365506727 0.9333488069036348 9.596701018937244
0.9375983026467256 0.04771249445581008 -0.3444313295082018 -74.22773527169207 -0.03657366007249582 0.9985786538006419 0.03876905418757782 0.79248341851476 0.345791541630047 -0.023752685037741066 0.9380106714161699 10.229127930349339
0.941799799334044 0.048077805536407135 -0.33271859369317186 -74.40074163549855 -0.03729956019624826 0.9985540900374911 0.038710103055463865 0.7961606711125809 0.3340986093708336 -0.024046910075966443 0.942231322623205 10.892986197199878
0.9344580710209922 0.051930609266061675 -0.3522659866137889 -74.1646455908061 -0.04174959373035105 0.9984632658922236 0.03644280569859695 0.8187521110245914 0.3536171445604425 -0.01934731208955672 0.9351901392699931 11.552924106989265
0.9383923696887578 0.057373637198777645 -0.34077562451634497 -74.40852808466309 -0.04743786500178891 0.9981728455892239 0.03742484859533064 0.8011582081225986 0.3423001745164524 -0.018953524286908552 0.9393994647875378 12.22691642178919
0.9421879792922168 0.056503591006709285 -0.3302864754733382 -74.60296991934992 -0.047786398926879206 0.9982629755803794 0.03446000091422144 0.8110133602213557 0.3316598735977184 -0.016684597350656333 0.9432514789049592 12.924883045386217
0.9456015525804556 0.05558656619003362 -0.320543035202197 -74.82925003733345 -0.04887326775082129 0.998385126096839 0.02895761882398997 0.825485418128133 0.32163505321527436 -0.011716383733899993 0.9467912224431575 13.627502259338415
0.9481395812170575 0.05135131348477286 -0.31367878017636963 -75.00261214681441 -0.04665237682704348 0.9986583492650206 0.022473477248785446 0.8407750360875653 0.31441197538569376 -0.006674132651719125 0.9492631698783083 14.353686454014834
0.96677204023068 0.048256390531480294 -0.2510441056887925 -75.74007272567498 -0.04817201161180733 0.9988180030808707 0.006484907001158134 1.032368484065036 0.251060310534111 0.00582387280210045 0.9679539260626518 14.316268606904995
0.9679326519638686 0.04972045568194533 -0.24624024356099117 -75.89395221450285 -0.048139351353821705 0.998763155663315 0.012440327193851936 1.0354951526182583 0.24655422144718964 -0.0001875532898101065 0.9691289804305383 15.076597286505573
0.9689786276021809 0.05521444421122158 -0.24089787130783072 -76.09534952356029 -0.05180573573069429 0.9984474614157876 0.02046539854903244 1.0337683649141638 0.24165385367421663 -0.007350642340312766 0.9703346758008735 15.829438085435777
0.9699733335727211 0.05608776163562197 -0.23665564677930828 -76.28471650525137 -0.05185992955823992 0.9983645608123607 0.024057252963639246 1.0367776509183246 0.23761792833042172 -0.011061948682208658 0.9712957085395322 16.58350854189947
0.9707651400789052 0.05452426906907369 -0.23375659753271308 -76.45638457311448 -0.05058373553189304 0.9984589822807828 0.02282425031546589 1.0430946198973239 0.23464085003943158 -0.010332704646259235 0.9720272150035035 17.333380575216395
0.9709757184895974 0.05363534256819765 -0.23308668801801294 -76.58250743466174 -0.049879713045425836 0.9985133071128878 0.021981577399951234 1.0451959505366462 0.23391914913089168 -0.009717280796405115 0.9722074912917533 18.093302657862292
0.971451090501793 0.05175177093330003 -0.23152652756897768 -76.73752911247244 -0.047482804185467596 0.9985842443536169 0.02397686875721501 1.0559197813163648 0.2324395879999056 -0.012298826528715832 0.9725330723407055 18.850954557784725
