0.9990466453060669 -0.0007080369016045994 0.0436497329480931 0.030832772340044688 0.0008102724586026909 0.999996969998879 -0.002324532556008714 -0.02763238053906899 -0.0436479548345247 0.0023576846284184432 0.9990441918964127 0.999594833979844
0.9960479145295589 -0.004917567024971839 0.08868128041402755 0.1311324221241046 0.005570534407450553 0.9999591572262239 -0.007117093917851623 -0.045430591509908275 -0.08864265963818933 0.007582968678230228 0.9960346266462292 1.9950707269309436
0.9910086244619023 -0.004447413366433699 0.13372406947321094 0.2885403156370394 0.005975791397205079 0.9999213096862634 -0.011030156503204429 -0.07048163067577888 -0.13366449101876368 0.011730087367797395 0.9909572184968626 2.9829816020529814
0.9838313816711156 -0.002203539248660183 0.1790836588130897 0.4993197875297337 0.004625217148015521 0.9999034126979113 -0.013106206217071014 -0.10873493423147579 -0.17903748156583643 0.013722597780679205 0.983746547899769 3.9606719752128745
0.9744062160615599 -0.0046389868768304515 0.22474653701747946 0.7305590491736171 0.0077765738847066935 0.9998842470392908 -0.013077362933191011 -0.14051564286409765 -0.22465985622537996 0.014490421782242755 0.974329501081315 4.932452751772814
0.9628939573697681 -0.005515991668470501 0.26982364740085396 0.9983187060637921 0.00971174760456789 0.9998517617925395 -0.014217468087540939 -0.17068827505275574 -0.2697052257915151 0.016310373271891707 0.9628047896144261 5.894867764289901
0.9495382766753884 -0.008082198218032991 0.3135470286899525 1.320490202620231 0.01407056276305897 0.999759179558246 -0.016840491458209504 -0.20058685014328165 -0.3133354119659385 0.020402474383947482 0.9494233295254272 6.840522203586141
0.9344420639513457 -0.010185030885320103 0.35596951311062314 1.663981214442399 0.01790601465779519 0.9996703208662229 -0.018401744979708954 -0.23308817380632374 -0.35566473504892754 0.02356935987863258 0.9343163712134599 7.779052912541301
0.9172864675282668 -0.01003380781690093 0.39810156893713367 2.0655004384252855 0.019184887643751036 0.9996352144442742 -0.019009948160032923 -0.26720757873870743 -0.3977656050686267 0.02507510206647199 0.9171443521500557 8.694322174868935
0.8978375637485648 -0.01059403522234569 0.440199358858858 2.505533148101123 0.020513932925120146 0.9996314044463213 -0.017782963774906443 -0.2893215921153047 -0.43984870998786135 0.024996432993202495 0.8977239501425984 9.592194704825861
0.8760546502443 -0.010420723324209038 0.4820992204004664 2.9858087444548054 0.021194429447213607 0.9996324165210803 -0.016906448492613343 -0.3137173140648172 -0.48174583126971054 0.025028790734404036 0.8759534883135226 10.468617580874602
0.8522748196823379 -0.010431447761994672 0.5229902643769069 3.515463970875089 0.02197364757166692 0.9996325799378151 -0.01587022177742637 -0.3386717904004368 -0.5226325578720049 0.02501779415650585 0.8521908937718752 11.316762084858988
0.8266484781937691 -0.0107400357307239 0.5626161614568399 4.062080166885761 0.023598286832017375 0.9995999407583314 -0.015591000434078642 -0.3795977740541001 -0.5622236337601967 0.026165054336736614 0.8265712162742151 12.152916401591071
0.7994867680531287 -0.012265003012051983 0.6005584712657688 4.666950338257001 0.02689731404926614 0.999519665862857 -0.015393896528775193 -0.4039493278078704 -0.6000811963433764 0.028460626390117327 0.7994326429040682 12.949144106311447
0.7710589597064255 -0.011267110024686923 0.6366640659626839 5.312821491632519 0.027577406247753202 0.999496205001115 -0.015710596838326537 -0.4427393444537135 -0.6361663047671506 0.029671340044926404 0.770981221729068 13.711786085735838
0.7404487383381949 -0.014449940553712615 0.6719574875774285 5.983509777297242 0.03251128311452569 0.9993685710583714 -0.014334421892656312 -0.47355811147017457 -0.6713260626280065 0.032460104724779934 0.7404509836833448 14.452775021782513
0.7094069221792467 -0.013689821745529481 0.7046661674472136 6.700548323099566 0.032936065851760093 0.9993629748316075 -0.013742638099322085 -0.507801772334974 -0.704029143097341 0.03295805389121216 0.7094059009856958 15.14620955917849
0.6753026763174979 -0.012393518707833649 0.7374365708672603 7.464754084779788 0.03401725866968137 0.9993181285711806 -0.014356323401001826 -0.5420748178950949 -0.7367558085763724 0.03478043419845047 0.6752638002484229 15.791015090591621
0.6408970807072449 -0.01400350338052497 0.7674990774157346 8.26669293162813 0.0386471573610458 0.9991542526671 -0.014041958736584113 -0.5883355643010272 -0.7666533305013691 0.03866110798103171 0.6408962393093257 16.389894123206343
0.6042587317553428 -0.012181960598812385 0.796695038853258 9.054934026456905 0.03850971704720684 0.9991611242769228 -0.013930162476435217 -0.6243537485793964 -0.795857014036044 0.03909792283030903 0.6042209576305558 17.00319216357592
0.566051042595201 -0.010757544041222597 0.824300001469785 9.860657720897862 0.04155803476341862 0.9990158487914472 -0.015500439029485674 -0.6410463218176228 -0.8233220189716096 0.043030327789891035 0.5659410251667621 17.59579867257886
0.5275964257218767 -0.009032649140468835 0.849447127733684 10.723341906500144 0.04620281583093107 0.998768514169946 -0.01807636335248742 -0.6639381895892584 -0.8482377681846004 0.04878387389561507 0.5273640320243153 18.103515624799773
0.4889761424964502 -0.007921868736310959 0.8722611856921164 11.595738804582243 0.0479046003820285 0.9986935778936096 -0.01778445209442565 -0.6886020019630917 -0.8709807583015415 0.05048149631088036 0.48871682721048676 18.591565618183235
0.4503772271039254 -0.009471856160395087 0.8927881256194311 12.474392649605205 0.05301974310362512 0.9984628053169659 -0.016153428112969534 -0.7167872985856693 -0.8912627335120682 0.054610533228051025 0.45018710500539955 19.0684479212453
0.41442198980823486 -0.00969745022438154 0.9100331718253627 13.395768262255212 0.056692980934239474 0.9982762547751914 -0.01517975839095496 -0.733904315778319 -0.9083173015395952 0.05788331893700855 0.41425740924292825 19.447227806934446
0.38044916773369797 -0.0072517459336993405 0.9247734008672884 14.326620295708324 0.058067246603394046 0.998183464861717 -0.016061299715716335 -0.7644460660354654 -0.9229770450247587 0.059809553229985955 0.38017915737161617 19.796532164091577
0.34719933764938254 -0.007896186302238992 0.9377581085640961 15.268650695729757 0.0589339459190801 0.9981717418900189 -0.013415055372688686 -0.7790314658457953 -0.9359377169204343 0.05992348399522258 0.34702992106104796 20.13603003652916
0.3136200950863606 -0.009331638906586157 0.9495026890290199 16.218749378240386 0.06140321521317834 0.998058099388339 -0.010472602676510878 -0.7968853721874151 -0.9475611226298303 0.06158693660714945 0.3135840686639559 20.45167181382319
0.2804056255514551 -0.009304213986112609 0.9598365052243005 17.179704820073635 0.06202114184200529 0.9980391136937045 -0.008444258528604903 -0.8225261140479775 -0.9578758077766183 0.0618979736306826 0.2804328399754641 20.738493793827338
0.2475862152154436 -0.006137202709924359 0.9688464278605721 18.14794291019833 0.05929165385862981 0.9982016601270525 -0.008828675002732768 -0.8386439855049358 -0.9670499293304349 0.059630365272172706 0.24750485595136654 20.99778662310698
0.2163932920109304 -0.004430490127084211 0.9762962224293952 19.12412623473846 0.05913268065575973 0.9982132874908494 -0.008576640086491777 -0.8535915222648872 -0.9745138630369168 0.059586940129050754 0.21626864616703165 21.21934715127827
0.18627746325120126 -0.004015764960602727 0.9824889721093462 20.108392439337813 0.0611622324370613 0.9980995348664443 -0.0075166363954095065 -0.8635291549141448 -0.9805916010286907 0.0614913988389197 0.1861690625770582 21.393365281779495
0.15485446552076654 -0.00400051418999295 0.9879291930065103 21.093519556692357 0.0629672915893293 0.9979985708596728 -0.005828614925848345 -0.8739033549240074 -0.9859286052743276 0.06310981261472022 0.15479643682447214 21.580280122032306
0.1240306104048188 -0.004476671619074856 0.9922682939073606 22.08410273377821 0.061857506644973685 0.9980797671953258 -0.003229115511998038 -0.8858499724487434 -0.9903484520885938 0.06177975175199192 0.12406935850236014 21.725300002263236
0.09492665970424177 -0.005096003218595916 0.995471225113309 23.079076405384768 0.06270397659353835 0.9980317900696039 -0.0008702469864392301 -0.9076350438343476 -0.9935074939811732 0.0625026140385861 0.09505936377649217 21.815333063577974
0.06771539087034228 -0.004610729212401667 0.9976940247467699 24.075615798793088 0.06570495872351075 0.9978390828845531 0.00015187907604047768 -0.9107749831271511 -0.9955387909260082 0.06554316016368054 0.06787201129581773 21.886913026549177
0.04315261739421389 -0.004293502977492663 0.9990592662320952 25.07343064931488 0.06992727738012255 0.9975512876597297 0.0012666359447700624 -0.9235498214969909 -0.9966182957834117 0.06980683577269081 0.043347182021125405 21.904335953366846
0.020060563429060062 -0.004020418214121337 0.9997906831093664 26.073296506081704 0.07423239278317523 0.9972377840558199 0.002520696951358323 -0.9353392288128378 -0.9970391795995746 0.07416628808845524 0.020303597084930545 21.933164411142922
-0.00028745694862157995 -0.004123985433488119 0.9999914550198158 27.073876604072744 0.08013247330177603 0.9967756511700491 0.004133758225023853 -0.9389489332889276 -0.9967841813005675 0.0801329768489051 4.393506550045087e-05 21.93563992037342
-0.01791375160655853 -0.004750515846578721 0.9998282503023063 28.0738803727803 0.08459860309218183 0.9963955111044924 0.006249944453087373 -0.9427099998585735 -0.9962540709368419 0.08469603326016265 -0.017447294683227796 21.911925661304338
-0.033536801262926345 -0.004449033195127683 0.9994275807004132 29.073236021789775 0.08752592115024849 0.9961349685863442 0.007371396494657014 -0.9341770831808391 -0.9955975572930318 0.08772303268303931 -0.033017774743899844 21.873178394010036
-0.04777591322457692 -0.0049751939826487715 0.9988456885627498 30.07202278291658 0.0900142670437033 0.9958973707747442 0.009265992258509577 -0.9323022921442586 -0.9947938951582596 0.09035305378782105 -0.04713206792696995 21.821335876106733
-0.06124093807811158 -0.005924684733671838 0.9981054281057291 31.071647768051516 0.09030087507949526 0.9958486863134294 0.011451896248760004 -0.9296829644319062 -0.9940298282562702 0.09083111844858868 -0.06045170351766865 21.76536138734866
-0.07315488787286947 -0.0056015864066219 0.9973048604163314 32.06734508064767 0.09031451735136665 0.9958383426561235 0.012218152540097114 -0.9263927782125438 -0.993222860357079 0.0909649246997573 -0.07234453772379666 21.679800466467007
-0.08427411537062564 -0.002657731757550203 0.9964390648405974 33.06372553656279 0.09068068647832545 0.995826490075403 0.01032544255326944 -0.9230850890173992 -0.992307858770814 0.09122794597055284 -0.08368139157348967 21.59867209737508
-0.09448794655482483 0.0007276970659506258 0.9955257397038179 34.05902575333776 0.09079434688470875 0.9958384109587051 0.007889602842859465 -0.9176281156797657 -0.9913770294542996 0.09113358171507943 -0.09416079733174063 21.503787068005003
-0.10377170297740551 0.003404304841056428 0.9945953168850733 35.052763407053384 0.09191738637807331 0.9957474463249888 0.006182007658097138 -0.9122756615033892 -0.9903447014765074 0.09206211949444744 -0.10364332304397084 21.39293768268102
-0.11144019809729734 0.004448751855247947 0.9937611840150362 36.04770967960352 0.09152317711292676 0.9957860228676433 0.005805575991594439 -0.9101494104878932 -0.9895476695436102 0.09159915539113198 -0.11137775555486934 21.292901357298952
-0.11713895367346627 0.005274381408201793 0.9931015287638255 37.040909826959 0.09149153649889949 0.9957906485198388 0.005503005497582096 -0.9062455982478126 -0.9888921904238882 0.09150500107205431 -0.1171284359045539 21.176780560483326
-0.12217219412063951 0.007027968323914637 0.9924840364685912 38.03389587020238 0.09269936110081507 0.9956845962515939 0.004360417273410715 -0.9031942213124047 -0.9881704222629054 0.09253535782897035 -0.12229645994964393 21.054920317873982
-0.12662146461007578 0.008891465339743977 0.9919112594098892 39.02473435480091 0.09160140737358761 0.9957919088211248 0.0027670369633067257 -0.896012749411624 -0.9877126033756869 0.0912108336245775 -0.1269031006805278 20.921924621319906
-0.13050011233396902 0.009721997150346393 0.9914006271191433 40.01549864211334 0.09239127046258822 0.9957198933900395 0.002397300488775062 -0.9013493191377601 -0.9871340201933727 0.09190961146002757 -0.13083978560872192 20.78731896252395
-0.13362968374222758 0.008751291140998464 0.9909926954959448 41.00721856396458 0.09211846914268304 0.9957414434502813 0.003628420917637365 -0.901057174955508 -0.9867407436939861 0.09177359478037485 -0.13386676972022088 20.65789976119095
-0.13595896914279745 0.0069829079617861264 0.9906898594949005 41.9971305947589 0.09225900254725193 0.9957190534676977 0.005642961135340106 -0.8930569614977842 -0.9864093648980702 0.0921672694495502 -0.13602117218874374 20.517248403322974
-0.13816779581917113 0.005939123280972372 0.9903910273286636 42.98934146251434 0.09265023881569072 0.9956744275945196 0.006954673372462325 -0.8926926571295086 -0.9860657145676789 0.09272087709343318 -0.13812040220458754 20.393081273028972
-0.14005791708768026 0.006832792305341847 0.9901197366027875 43.97822013470811 0.09471082413348773 0.995483425632599 0.006527563307859628 -0.883867347077368 -0.9856031856954484 0.0946892931650384 -0.14007247447978224 20.244797368274966
-0.1411630935252021 0.006689957470301745 0.9899637495865397 44.96924400059743 0.0945479748070121 0.9954973909003114 0.006754640668583996 -0.8796563427156846 -0.985461141540491 0.09455257362819168 -0.14116001322611732 20.111343435476332
-0.14159655144549765 0.00814696057898551 0.9898909251286565 45.959203514722184 0.09718469139159726 0.9952499817377249 0.0057104824818523005 -0.8805943753411097 -0.9851424020809695 0.09701082869649125 -0.14171572508990446 19.970136309564587
-0.14182494509792118 0.008505235675629145 0.9898552146218528 46.94946760576455 0.09703139517246746 0.9952669378407805 0.005350774889472701 -0.878820918871873 -0.9851246587609387 0.09680590584843124 -0.14197895370092165 19.831003568352255
-0.14099530350230685 0.009923877590709208 0.989960524992718 47.93928340127173 0.09699616391523719 0.9952773571367514 0.003837519590780175 -0.8793989797843212 -0.985247211909793 0.09656344559120587 -0.14129201109593326 19.68870081002006
-0.13978081630890363 0.00991522359704925 0.9901328252982212 48.93026634231612 0.09758025131702303 0.9952203682926843 0.003809604740278692 -0.8779395303304682 -0.9853625819691567 0.09714991959024472 -0.14008024549766368 19.554685564373308
-0.1385939658383753 0.008864907835107802 0.9903096112036213 49.921279633553624 0.0961872986869043 0.9953528462708947 0.004551372511891971 -0.8712589308571693 -0.985667142703107 0.09588599913178546 -0.13880258991096542 19.421036861114306
-0.13746808934694182 0.009807032074661161 0.9904576449970939 50.91338189765026 0.09781377551633402 0.995197775891939 0.003721851552014714 -0.8721148846422432 -0.9856647450987279 0.09739203756787085 -0.13776719960802336 19.295663144355967
-0.13659251891636365 0.010605380699373144 0.9905705475514125 51.904843570105555 0.09752940836501403 0.9952287233154073 0.00279334780357498 -0.8699998645276761 -0.9858146368765538 0.09699130985919695 -0.13697513472066392 19.165295271106768
-0.13579282880462212 0.011295504881480975 0.9906728618543622 52.895014289856846 0.09834796646366836 0.9951497992575218 0.0021341345255061405 -0.8663917910123567 -0.9858437934772923 0.09772046155838718 -0.13624509626080486 19.025474482661735
-0.13459557214293733 0.011159380216317518 0.9908377769305647 53.88613380083772 0.09855380915952115 0.9951293357877714 0.0021798519984927976 -0.8700926622860781 -0.9859874130330787 0.09794423560258306 -0.1350398017347537 18.892603443699624
-0.13344592713626405 0.009750051449848689 0.9910081336838102 54.87562017511969 0.10010596249629275 0.9949699359443572 0.0036909131079267757 -0.8646011649449497 -0.9859873126990186 0.09969836038573922 -0.13375072385957937 18.748062097134152
-0.13288494610192866 0.007904859996445784 0.9910999466693179 55.866996871738614 0.1015772587986049 0.9948114108213876 0.005684839005550137 -0.8640327536477523 -0.9859125983546652 0.10142864530296342 -0.1329984147182094 18.617042999611336
-0.13203927132909182 0.008853751806159035 0.9912049444518718 56.85908159905438 0.10376061582490693 0.9945900412905754 0.004938053183765041 -0.8732627796828688 -0.9857988463325151 0.10350005238918743 -0.13224361506294674 18.491841222736134
-0.13155734038106956 0.01072937596037817 0.9912504964353668 57.851086978616685 0.10587801190372435 0.9943736875125032 0.0032887958434151794 -0.8760722639331043 -0.9856381246619742 0.10538429709537236 -0.131953162669714 18.36568400862615
