1.0 0.0 0.0 0.0 0.0 1.0 0.0 0.0 0.0 0.0 1.0 0.0
0.9972521677754582 -0.005091784839256501 0.07390661400916668 -0.6043852688764928 0.004803356349270895 0.9999801411930123 0.004079826881777394 -0.22547620516769437 -0.07392591991264738 -0.0037136163983470505 0.997256821194177 0.7671862171763588
0.9926916860869004 -0.008520853476316242 0.12037695556036455 -0.5471622987694303 0.008631044281922295 0.9999626742163068 -0.0003940162127282253 -0.24064103617677862 -0.12036910504174371 0.001430115452523248 0.9927281769554253 1.765228504875059
0.9862024460679015 -0.00786362724065812 0.16535688294204076 -0.36160078371994886 0.008663628498162471 0.9999539935764274 -0.00411731366306406 -0.258725506640417 -0.16531689844336428 0.005493095409166541 0.9862252019655005 2.749203870851944
0.9765603652225138 -0.005111005521705308 0.2151830167532453 -0.42503699426561 0.006438541842826224 0.999964317843978 -0.005468840623567573 -0.32395560259299 -0.21514738728464386 0.006726117853926207 0.9765584268661075 3.738724778625911
0.9661302241381069 -0.008546714303217726 0.257913442227175 0.007098244803114162 0.010318518348200766 0.9999315432139472 -0.005516979687479209 -0.338640586850163 -0.25784863425263477 0.007991405407898394 0.9661522753964086 4.638816462407627
0.9530852208032502 -0.00929181382667353 0.3025594554500488 0.305682527785265 0.011839767258834769 0.999908203027421 -0.006588279724677975 -0.360806162143981 -0.30247046433937363 0.009861425570596646 0.9531077433784909 5.584970216379033
0.9386598750377023 -0.012517410975640192 0.34461711132309136 0.683227508526937 0.016666611554653175 0.9998198726093049 -0.009079999713641991 -0.3831136222921819 -0.34444137825396554 0.01426663092605819 0.9386994195100625 6.50120326075278
0.9221845129001629 -0.014369819893543068 0.3864831593269187 1.0544014793350764 0.020029179282598397 0.9997429901823681 -0.010620054542372276 -0.4065305933727862 -0.38623122108958885 0.017534590312994622 0.922235318125586 7.416196208519192
0.9036065192793129 -0.014202644430082585 0.4281279519105441 1.4798763339151748 0.020993243863797067 0.9997175091021958 -0.011143864077433636 -0.4320773177563123 -0.4278487373219649 0.019057462729697605 0.9036494182404516 8.306792715259038
0.8827545149481806 -0.01472016724723564 0.46960385753826134 1.9413196247146753 0.021885675246320718 0.9997124132990377 -0.009803464429814194 -0.44750679469237203 -0.4693244970781036 0.01893165000805421 0.8828228072894119 9.176728079948678
0.8596197881160769 -0.014512835374438928 0.5107281052464857 2.441538966895753 0.022145669518827276 0.9997154405925465 -0.008866068035698409 -0.46446456520541207 -0.5104541009736663 0.018931863359035295 0.8596965716745189 10.021226020845038
0.8344971277044148 -0.01462024262334226 0.5508182934132781 2.986605877701582 0.022605783965673917 0.999714704381911 -0.0077128706643870264 -0.4816253152740027 -0.5505483833273683 0.018888047761028367 0.8345895513768421 10.835137144089382
0.8076066909366135 -0.01494848437168486 0.5895319970700511 3.549387864823152 0.02394539179245162 0.9996854747355978 -0.00745451638730133 -0.5118344767770472 -0.5892351406410851 0.020136891956109997 0.8077106255435972 11.63213797472886
0.7794233285132662 -0.01663601471971798 0.6262767103952904 4.175387869151249 0.02710125661639102 0.9996069394832018 -0.007175543661568505 -0.5279775877714484 -0.625911173297868 0.022565671965883962 0.7795678248809496 12.378925074230393
0.7516013160499513 -0.01674442808832025 0.6594050999499292 4.906339845095887 0.02901050216301108 0.9995495652842821 -0.007684875031690639 -0.5460843586453681 -0.6589794021638546 0.024905635265896064 0.7517485329920979 13.011537070101435
0.7220431337992179 -0.020892158890160988 0.6915325231905676 5.693599649129021 0.03445930048011964 0.9993893488341457 -0.005786712994718038 -0.5799880548438083 -0.6909893411217177 0.028007983393501936 0.7223221464986409 13.574540316356938
0.6893215562467061 -0.020030768673807813 0.7241785417975013 6.398205198235713 0.03437165444552043 0.9993962399258338 -0.005073952382808868 -0.6055197230894885 -0.7236396765409542 0.028388799348364076 0.6895938620719168 14.23352736169062
0.6656378152127936 -0.01730186374465425 0.7460743558585163 7.349889393880575 0.030831756572772564 0.9995152163696598 -0.004328398335338295 -0.6997691626588928 -0.7456377818655489 0.025883928536323143 0.6658485717474738 14.142534335551852
0.6763872000998717 -0.01569730052339844 0.7363789447677969 8.246190542273627 0.02395883179032651 0.9997127035828207 -0.0006961855859224046 -0.8065113303980223 -0.7361564575009166 0.018113670290841724 0.6765689654634596 13.827514733507723
0.6428043137505703 -0.014312605546579335 0.7658967055328846 9.03004326537987 0.023831268331851393 0.9997151247018851 -0.001319125463989389 -0.8189319534066024 -0.7656596403581382 0.019100229442665744 0.6429622822233698 14.368928064678297
0.6065102519352553 -0.013144168648381329 0.7949670088299111 9.779672803677693 0.026310873534394666 0.9996475227953706 -0.0035451520328768807 -0.8234732743027892 -0.7946402030046618 0.023066447485948736 0.6066423054560967 14.955706964819893
0.5621424732309964 -0.012603800255469871 0.8269443657277427 10.214804226803423 0.02964761029733663 0.9995483073187722 -0.004919404418717731 -0.949791246734429 -0.8265088378192913 0.02728233045943581 0.5622622301482706 15.793890480713753
0.5153207278786518 -0.01477343056092955 0.856870056174259 10.348670161774347 0.030992760219537195 0.9995186199064732 -0.0014061558355016404 -1.2214689776176897 -0.8564368022408836 0.027281389438971692 0.5155305321294645 16.696970110516254
0.47753153122201375 -0.016544576358561526 0.8784588286777443 11.183674107904812 0.03543405053532751 0.9993719199041166 -0.00044019293500567396 -1.234259737128968 -0.8778998033667729 0.03133756053485817 0.47781784452687176 17.17163384516742
0.4414254806214355 -0.017142247757981253 0.8971341529559214 12.059997619087065 0.03871563104039761 0.9992502679465591 4.3839180204853804e-05 -1.240364312565875 -0.8964622942273023 0.03471376312838911 0.4417582027288096 17.572452698461753
0.4073929840352926 -0.014788469290217 0.9131332091950616 12.964624257319656 0.03956841841654464 0.9992157810255792 -0.0014707866790433567 -1.2545433168002462 -0.9123953621226014 0.03673042506552722 0.4076586550677822 17.908444543233816
0.37457039461037683 -0.01537488324068234 0.9270709964435097 13.872248295110655 0.03976530078881048 0.9992089202036507 0.000504617310550081 -1.2553539523458557 -0.9263453677406727 0.036676242321018446 0.374885466395549 18.270202403510503
0.3417034906055667 -0.016879389523806843 0.939656219432019 14.801285535301105 0.04174497526563053 0.9991244665704048 0.0027671899964332417 -1.2597589034598384 -0.9388802274774155 0.03828036715743549 0.3421089474747029 18.60401608037548
0.3090071271934603 -0.01669059886419866 0.9509132553777968 15.742372673440508 0.04166551143320204 0.999123619580521 0.0039972432160854535 -1.2724204050560601 -0.9501466100032431 0.03838511047103085 0.3094317417355122 18.920642311874047
0.27706073990620367 -0.013402640200850394 0.9607589269105302 16.695538337937485 0.03857052726407415 0.9992519103032046 0.0028167680004304355 -1.2746033754281634 -0.9600779451842432 0.03627656255826185 0.2773704205205712 19.19829982615873
0.24637358168866985 -0.011675218930361716 0.9691046112308127 17.664854703661387 0.03806820653903555 0.9992723547420372 0.002360656520124874 -1.2776785105745398 -0.9684270080376723 0.03631047109626645 0.2466387637658967 19.44650255068381
0.2173928970387656 -0.011597759315386863 0.976015276671403 18.664620247244667 0.04064998601013264 0.9991694718532753 0.002818714924105295 -1.2735842003045414 -0.9752373592897623 0.03906223873909061 0.2176837948727967 19.624663351499517
0.18683900796647213 -0.011722505318530491 0.9823206034544738 19.669461581582674 0.04224494591254275 0.9990997199931524 0.003887679828800679 -1.275590596978507 -0.981481813202339 0.04077171051920623 0.18716601714624198 19.83708195583763
0.15781744951413768 -0.012386949291982972 0.9873906096961275 20.704986255541552 0.0410278233030595 0.9991401283682785 0.00597675490826656 -1.2752299610764894 -0.9866156142814007 0.039567251249719194 0.15818995633312574 19.926141460688516
0.12865078190489843 -0.012849852551564908 0.9916067051027143 21.74914769362671 0.04146732894462719 0.9991112045278885 0.007567140611245245 -1.2848184170804837 -0.9908226061941947 0.04014576286777118 0.12906928673510396 20.060248273386545
0.10226538133094787 -0.012945760787577821 0.9946729105886352 22.81081078892008 0.0442459376398872 0.9989849082049269 0.008452820899643597 -1.292884939034772 -0.9937726544756617 0.0431458046213656 0.1027343699059474 20.133805325723177
0.07728715900642742 -0.012678986902169868 0.996928251352047 23.88653516651206 0.04820216785341874 0.9987973589136282 0.008965870922128824 -1.296241433434679 -0.9958429826367939 0.04736115621789694 0.07780536494842759 20.20032371917122
0.0543674569195889 -0.01243889442496419 0.9984435154447053 24.97695913958076 0.05234634469982867 0.9985829395514827 0.00959025720650863 -1.2975585002811711 -0.9971479528257896 0.051743470527254636 0.0549415456019562 20.26532478680548
0.03568749841564225 -0.012625464289153848 0.999283243183992 26.080825821974546 0.05859920324884727 0.9982261650857008 0.010519349642243405 -1.2886438755325131 -0.997643491351211 0.05818179259681488 0.03636403683294035 20.24878862793501
0.01803226256296963 -0.013419874163585116 0.9997473403236911 27.196942313229933 0.06292324702623048 0.9979430543579492 0.0122607194896334 -1.2861938899796055 -0.997855451701566 0.06268626034595653 0.01883959323613119 20.263114518848415
0.0023779856853811086 -0.013263576891624877 0.999909207234397 28.32630155312635 0.0657633433381567 0.9977495350560086 0.013078530823700881 -1.271638015081677 -0.9978324147155514 0.06572627194325517 0.0032448912729754003 20.26044802918991
-0.016755985936694664 -0.014213247346156184 0.999758581126047 29.450922819101102 0.06735022009859853 0.9976119010875579 0.015311520536478362 -1.2798604611819207 -0.9975886851743858 0.06759052010708048 -0.01575870564782232 20.416095418203927
-0.029158065407258356 -0.015248536397840748 0.9994584980675436 30.592506912642822 0.06798117461068266 0.9975382866959489 0.017202513603042535 -1.274154392650295 -0.9972604309408141 0.06844595469006708 -0.028049673194305364 20.368247499684202
-0.0412524315938435 -0.015002889216250205 0.9990361105599539 31.74057077580381 0.06780077125818619 0.9975404374798825 0.0177800733755485 -1.265153583781179 -0.9968456712572868 0.06846889007140176 -0.04013376119926809 20.311493405905082
-0.05258103908295405 -0.012097472682655961 0.9985433818736417 32.90089213093751 0.06800096725704997 0.9975622454306763 0.015666363439327976 -1.255248328627273 -0.996298701585555 0.06872566948382451 -0.05163021957088285 20.258141864543177
-0.06278911166014851 -0.008680392640736216 0.9979890671948927 34.07844323071928 0.06810171961280376 0.9975941821084524 0.012961620621947927 -1.2425561664467966 -0.9957005991977251 0.0687786202752781 -0.06204690282617309 20.183059860792053
-0.0721673924223009 -0.0060696814713745075 0.9973740654527777 35.278481696998 0.06919752470450977 0.9975414719080826 0.011077653100950241 -1.2312943333827298 -0.9949892311204854 0.06981526187226035 -0.07156995992714571 20.090920220365643
-0.029193523944424205 0.00022891255166789838 0.9995737520357115 35.76841504715921 0.06838050180818384 0.9976577463570363 0.0017686453179253893 -1.0579637675589892 -0.9972320919084823 0.06840298774792916 -0.029140798461767068 18.978366087411377
-0.035825448401703354 0.0006315359871164008 0.9993578630346159 37.020178931705175 0.0680697441132216 0.9976789237255044 0.0018097210503085477 -1.0666401983703917 -0.9970371343050256 0.06809086808241162 -0.035785283296435696 18.96129905581318
-0.03773902888897714 0.003010095258216181 0.999283095536522 38.278612828925525 0.0693488290933148 0.9975923971906396 -0.00038596738158535714 -1.045813183347496 -0.9968783805469469 0.069284546574037 -0.03785691487861755 18.796632573723144
-0.05874148627832951 0.01066229240870914 0.9982162858370947 39.43229599253372 0.0680311312507838 0.9976610161580005 -0.006652970714267812 -0.932526418583372 -0.9959524099928428 0.06751897777053104 -0.05932945870535999 19.373754251465026
-0.0629513688990133 0.011367978926611615 0.9979518496444929 40.745673495131456 0.06872700013011122 0.9976107437545813 -0.007028755120749616 -0.952977673853912 -0.9956473896951954 0.06814376714385467 -0.0635822490368814 19.293766029994156
