0.999058943018349 -0.0009196140970678965 0.04336337953817345 0.03753979572137216 0.0006647040145765361 0.9999824180531749 0.005892516703268087 0.01791057948431811 -0.04336803596696779 -0.00585814769682035 0.9990419888883199 0.9991863069363333
0.9943375838503911 -0.005065566235530234 0.10614664093262659 0.03064981724379408 0.006260785991910055 0.9999206669529536 -0.010929883765336133 0.05396202966195479 -0.10608285394600771 0.011532555617629241 0.9942904144461999 1.998735235891162
0.9879222485592201 -0.005007212243108717 0.1548694890133205 0.1649663250426891 0.007241676517868471 0.9998776212645792 -0.01386724974523545 0.012865885130323733 -0.15478110001839723 0.014821279291567332 0.9878376084950683 2.9888141246038646
0.9811195919497032 -0.0023640611233181064 0.19338758364345165 0.3294791668905276 0.005599997754180151 0.9998532839938287 -0.01618797429911812 -0.017983581361628795 -0.19332094122883053 0.016965308772932713 0.9809888847385774 3.9747851153473053
0.971244142771348 -0.0051382877917296906 0.23803027776087393 0.5748913638496818 0.00914984750696456 0.9998340737094162 -0.01575135994867203 -0.046470769537765924 -0.23790984725931102 0.017476356834383325 0.971130002383228 4.943789238133382
0.9591161674160059 -0.006360995129753445 0.28294118671941565 0.8568199599041334 0.011097978590271566 0.9998237574778341 -0.015142286951268654 -0.07421194135654308 -0.2827950004374933 0.017663287459132294 0.9590177245513735 5.902825767620151
0.9454102158850677 -0.008672021748757692 0.3257672784963809 1.1953411891054626 0.015430463023544828 0.9997158708307393 -0.01816806043624615 -0.09745510933281064 -0.32551716469493364 0.022203009884363672 0.9452754105767516 6.843500527124954
0.9286734731417388 -0.010823529971180244 0.37074038285817074 1.5720029041963786 0.019091007294811876 0.9996440271154693 -0.018637395012064163 -0.1398659570841216 -0.3704066869311751 0.024385861709794832 0.928549522656353 7.768873716808219
0.9103526721974414 -0.010217675960671557 0.4137071564777922 1.991706864289648 0.020515252892718612 0.9995802533728165 -0.02045584185222466 -0.17225622784540884 -0.4133244931306705 0.0271093372308904 0.9101801729400483 8.675953419228316
0.890086275157965 -0.010964485658525036 0.4556601835026442 2.4496087637473645 0.021780195010942863 0.9995917440742463 -0.0184923844836516 -0.20338691263027386 -0.45527139804813654 0.026384185279252004 0.8899617007975372 9.564410163395664
0.8677544126065558 -0.010648417604720038 0.4968791509052948 2.9456819389143476 0.02242219058937282 0.9995912476889302 -0.01773648535818387 -0.24114638216630768 -0.4964871849011062 0.026532032455179887 0.8676384768339702 10.431871099581057
0.8434225589463172 -0.010080668135592096 0.5371561850992559 3.484780048201538 0.023179735429973404 0.999575724859347 -0.017637180537342614 -0.2695568882098174 -0.5367504885194261 0.02732673419657827 0.8432983829418309 11.273638364954708
0.8171662223909597 -0.010230515005582799 0.5763112887546183 4.069126060188585 0.024799059199863006 0.999540675838707 -0.01741964427599134 -0.30620706290380373 -0.5758683631231103 0.02852672267578128 0.8170445853484917 12.084313236815323
0.7893702655980521 -0.01191767075317095 0.6138017211718126 4.688135140111407 0.02841277937441483 0.999449412417707 -0.017134351056295603 -0.3373881676601918 -0.6132595680116876 0.030965160127449133 0.7892742622817495 12.8690769487805
0.7608562642064369 -0.010999246212608066 0.6488272202987317 5.337745370422266 0.029284023278142907 0.9994197155086947 -0.017397650219622557 -0.37404153410938984 -0.6482593548869696 0.03223738257479314 0.7607368532983377 13.628466993359254
0.7300883013061542 -0.014457073954003254 0.6831998721520537 6.031389100659301 0.03428122457833669 0.9992922074487318 -0.015488117175748137 -0.40264205613983794 -0.6824923955160995 0.03472862140840809 0.7300671564436847 14.348219163708691
0.7001269302283835 -0.014514006528534127 0.7138708743067402 6.749298352551934 0.0344857803558167 0.9993139461753762 -0.013504367169434772 -0.42981426609801554 -0.7131851179898742 0.0340731653047704 0.7001471323114045 15.04385710939737
0.6647843238884881 -0.012907211211667127 0.7469238291893378 7.5072543847144635 0.035659020581964504 0.9992592538761761 -0.01446989267278359 -0.46882399280757214 -0.7461837822971368 0.03625393001543775 0.6647521459876419 15.694987990491827
0.6306953753205765 -0.01437184213822733 0.7758974118417916 8.277548204591803 0.04002874668569747 0.9991000026222886 -0.01403154299833923 -0.5022492407014679 -0.7749974470848335 0.039907830230367716 0.6307030379650117 16.331822546610788
0.5924574868953727 -0.012269564329837205 0.8055082768120853 9.070143780634096 0.03984166113875115 0.9991067231513237 -0.01408537509363221 -0.5365164516635907 -0.804615913501171 0.040437773739158474 0.5924170981628541 16.94059896870894
0.5556915789916724 -0.0069956255191427254 0.8313590862324999 9.90161704153931 0.04291746388020876 0.9988727425175916 -0.020281408961787324 -0.5438386286293619 -0.8302800493398793 0.04695003172501813 0.5553654060068807 17.49614699302367
0.5158417969525828 -0.005616426363369337 0.8566654517789511 10.765822200562784 0.04780666962702763 0.9986089894611316 -0.022239795560861926 -0.5746314887379346 -0.8553489129331387 0.05242653834005778 0.5153927582162717 17.998334580250326
0.4762157850238315 -0.004480921473386306 0.8793170346563773 11.644684999319159 0.04956506429208683 0.9985339431747287 -0.021754740394869642 -0.6028567763516218 -0.8779304246327593 0.053943356131003 0.4757397227828121 18.474568306159558
0.4387909998966858 -0.004886278077977734 0.8985758636287817 12.553380775057015 0.054707672758547085 0.9982754943788351 -0.021286330450201986 -0.627158464710913 -0.8969222535710719 0.05849924451850762 0.4383016192529453 18.891331939340606
0.40452995202480085 -0.003584090574539028 0.914517726569346 13.47808880995534 0.05842823602557785 0.9980506243433517 -0.021933820524120733 -0.657645815722842 -0.9126563751761949 0.06230654494191177 0.40395078327396544 19.270828245489657
0.36957257298633633 -0.0013917361943814712 0.9292008267143458 14.414389767108315 0.06028827333456644 0.9979277525085795 -0.02248388025922186 -0.6758897615441353 -0.9272440010022148 0.0643293389017769 0.3688906325211647 19.62155513172937
0.335349199126557 -0.0028566843361858005 0.9420895679285382 15.359613588077265 0.06130229165438169 0.9979422654865269 -0.018795313073702927 -0.7045439619857738 -0.9400973054333779 0.06405524264430484 0.33483426080179074 19.946710462390772
0.30764181835231097 -0.003216894007519584 0.9514968014627414 16.318401406703025 0.06358762045666085 0.9978282719418867 -0.017185873213973808 -0.7287246001326864 -0.9493751240292444 0.06579051076265874 0.30717825861874637 20.229934169460158
0.2747649375099434 -0.0036713738767974917 0.9615044202337362 17.28221428975145 0.06439850649205642 0.9978175590131144 -0.014592850533793814 -0.7492366642878476 -0.9593524177677092 0.06592905231357299 0.2744017102430029 20.495724382634087
0.2445958822652652 -0.0001603862142167383 0.9696250969602315 18.25326142461019 0.06189973217488832 0.9979627907564765 -0.015449641491670513 -0.7702420035890039 -0.9676472898404425 0.06379845250322562 0.2441075171366917 20.73372428286315
0.21411684359157035 0.0016166739445348285 0.9768067176549 19.229599595040494 0.06204199631309512 0.9979570068104308 -0.015251336054610761 -0.7900381186566368 -0.974835764620825 0.0638686067119194 0.21357910265943492 20.949069733597128
0.18593550620556784 0.0024539789759220796 0.9825588865402748 20.212814475454092 0.0642323766779763 0.9978274708581504 -0.014647190417426171 -0.8092503391746088 -0.9804601926230241 0.06583552527330135 0.18537393099789093 21.130557006235442
0.15544921422919286 0.0018183186114131284 0.9878422118501282 21.20089033240946 0.06625239393843171 0.9977275479711437 -0.012262149767260021 -0.8296695934266165 -0.9856196843067578 0.06735305291458764 0.1549754953859852 21.283166616476795
0.1257625895147634 0.001309309429222289 0.9920595026445538 22.19284946157215 0.06514923201742197 0.9978295850702892 -0.009575840746018562 -0.8487933494177274 -0.9899188596274348 0.06583619724187853 0.12540433200909498 21.408289311993897
0.09725864985243211 0.0009675915918872376 0.9952586692892421 23.18816487542341 0.06586920183003751 0.9978007745079959 -0.007406931990759605 -0.8663831552829689 -0.9930770379377197 0.06627728236547768 0.09698102166450417 21.50338799610341
0.06772523328986857 0.0016618894350370196 0.9977026264871404 24.18603373671478 0.06879058829884646 0.9976110310671794 -0.0063313232879166435 -0.8757149828496409 -0.9953296678675518 0.06906134097006236 0.0674491174596477 21.567933430263718
0.04011309564840259 0.0016840315612872577 0.9991937267593318 25.185595286417943 0.07291201664253023 0.9973277316963712 -0.004607973360237538 -0.8811409805459689 -0.9965313730067012 0.07303806971073268 0.03988311655711828 21.59696747713311
0.01617129036308522 0.0016389032349332676 0.9998678929559539 26.18546382826184 0.07739420058775982 0.9969963937481194 -0.0028859259562015243 -0.8959631885744778 -0.996869413255003 0.07743064541529794 0.015995876568541786 21.603243170414988
-0.005573448128415998 0.0004531960903649938 0.9999843655224131 27.18534161542916 0.08313026467271795 0.9965386891429103 1.1694963082530636e-05 -0.8980880231800494 -0.9965231034809997 0.08312903015572823 -0.005591831002837924 21.587820461339884
-0.023794477105173614 -0.0005315608706682692 0.999716730030228 28.18465474289559 0.08752469540826403 0.9961589233839332 0.002612863611463433 -0.9100609836362301 -0.9958781303718751 0.08756207401382333 -0.023656555992276774 21.5527714018248
-0.04208703247486779 -0.0013800268313068531 0.9991129952229647 29.183680688661934 0.09075305416274503 0.9958598592503567 0.00519845111469979 -0.9144685060396524 -0.9949837007999643 0.09089134315105551 -0.04178754458691898 21.508852154348006
-0.054859157685892085 -0.0029110228927600916 0.9984898591191157 30.181895962116982 0.0931075182447939 0.995623773641316 0.008018192222645526 -0.9101340448256371 -0.9941435826198797 0.09340678404667269 -0.054348043476912807 21.4492126795501
-0.06943478561444565 -0.004051152252031317 0.997578266960596 31.179442020139838 0.09327935558502465 0.9955842318698582 0.010535609794656297 -0.9091220530440437 -0.9932158740013766 0.09378499569511951 -0.06875028882955946 21.379211516912257
-0.08232008907003759 -0.004482340960406718 0.9965958616987205 32.17578585613646 0.09321835376021613 0.9955712141545037 0.012177687348634373 -0.9069421557823631 -0.9922367365995557 0.09390349389900542 -0.08153767457944272 21.293806988603826
-0.09234633849729498 -0.0018403496576177834 0.9957252466816738 33.17166023935658 0.09336519038474524 0.9955765725126192 0.010499023213812422 -0.9026288087547445 -0.9913400501294009 0.0939356235789256 -0.09176602656906871 21.20313930868928
-0.10079249369073309 0.0007900979191551591 0.9949071559501826 34.16617739355323 0.0938329847647664 0.995549803694648 0.008715465201664625 -0.9008398392689716 -0.9904727377296855 0.09423356147798119 -0.10041808455371377 21.098538618007442
-0.10907193032208969 0.003069225858350005 0.994029121237624 35.16111592781309 0.09513097520930817 0.9954375200015363 0.007364871276232521 -0.9017303273763237 -0.9894712788007234 0.09536626041645922 -0.10886627027064344 20.998036737456886
-0.11473391599002097 0.004802276343907185 0.9933846519166234 36.154747561493096 0.09492632498298842 0.9954652943826693 0.006151463634610352 -0.8985269740392491 -0.988850403927115 0.0950041358128193 -0.1146694939015622 20.88536094805925
-0.12164326413103584 0.005556152135402227 0.9925583335325914 37.14727301139542 0.0943991750935981 0.9955163679462442 0.005996406654395071 -0.8913601522703604 -0.9880747502255053 0.09442611039625076 -0.12162235667113061 20.76352865084275
-0.12708379259812772 0.007042645605353811 0.991866982413344 38.140013978661045 0.09555436992922169 0.9954107594041205 0.005175176319712979 -0.8910282235251703 -0.987278619259176 0.0954349055921787 -0.12717353006151214 20.64325784146451
-0.13062200785931952 0.00874880682999903 0.9913936400047413 39.13148348015262 0.0945062381234507 0.9955175173217995 0.0036665598580702162 -0.8854949862795451 -0.9869176571622138 0.09417181682696019 -0.13086331379327 20.513031330228927
-0.13489310052509698 0.01019508375002133 0.9908077067211657 40.123443468821016 0.09476418075238265 0.9954961996270237 0.0026583029325643044 -0.883700918476751 -0.9863182049810574 0.09425166733528685 -0.13525169768791248 20.38648998801047
-0.13711282505696706 0.008763964683033188 0.9905166662545014 41.11406064825313 0.09424592544856561 0.9955399278703024 0.004237635229125926 -0.8806537924555583 -0.9860617519918518 0.09393319402120985 -0.13732725992945702 20.249850631800125
-0.13871098276931895 0.007211108891479051 0.9903066510771924 42.10349166973139 0.09450742762979941 0.9955061442410208 0.005988564199604769 -0.8736442389602086 -0.9858131716415475 0.09442201378349113 -0.13876913897225907 20.105014928538665
-0.1425213153641393 0.005372097837658346 0.9897771543290425 43.09380477305782 0.09438975770743482 0.995501644861073 0.008188328207187803 -0.8689673147882446 -0.9852807966802188 0.09459183708819437 -0.1423872748860412 19.966236080417612
-0.1447279693734209 0.006069726311626784 0.9894528656300647 44.083934529764996 0.09717154229917509 0.9952346201638509 0.008108156048933234 -0.8665641057129675 -0.9846885326072631 0.0973201379459368 -0.14462809029347626 19.826102483833356
-0.14673731186759537 0.0054633159339132166 0.9891604083690758 45.07447372464905 0.09700158182321725 0.9952444981219889 0.008892810675083258 -0.8617971963647906 -0.9844078699551649 0.09725503142210913 -0.1465694525930239 19.688953421679223
-0.14733786531351456 0.00704599823391389 0.9890611241747108 46.06381636476006 0.09879344330679418 0.9950787240770818 0.007628135336567671 -0.8529975043720341 -0.9841399336499067 0.09883666727492095 -0.14730887345147461 19.54361255458727
-0.1467027229306044 0.006806137628361602 0.9891572107482857 47.052937828408425 0.09838062967272862 0.9951187295803754 0.007743755131439505 -0.8471049057533391 -0.9842761618519178 0.09844993920222633 -0.14665621937420203 19.396624026712
-0.14601270058187632 0.008281674426599547 0.9892480503581886 48.04170190551089 0.09811467263708587 0.9951561091737681 0.006150559929257357 -0.8433074302454167 -0.9844053038673165 0.09795780848313072 -0.14611798477626686 19.24718770784595
-0.14425940083279404 0.008168550572865474 0.9895061900023163 49.03193274385047 0.09889144615806258 0.9950788951921024 0.006202759065982804 -0.8452034668703747 -0.9845860587821307 0.09874850441805264 -0.14435728498093697 19.10776175117576
-0.14158283731667085 0.00735536399656662 0.9898990851586021 50.02281947166037 0.09807594631812953 0.9951568270028223 0.0066331307447489475 -0.8434681254870133 -0.9850560435483675 0.09802442700751467 -0.1416185114265922 18.973063101488773
-0.1411099955109422 0.00819598348670976 0.9899599966774344 51.012964544998844 0.09914829031873526 0.9950552099887977 0.005894539932872796 -0.8414802454271504 -0.9850165408224232 0.0989846196579753 -0.14122485396484646 18.833029623782075
-0.13811285039313176 0.008512538558814675 0.990379915609948 52.004201206935136 0.0991437713020258 0.9950591465545059 0.005273278887814291 -0.8378930727467815 -0.9854417046016952 0.09891830743346633 -0.13827442021647435 18.70096331311032
-0.1374492537576815 0.008822042911123233 0.9904695220956218 52.99545035505637 0.10004605484929271 0.9949701362444643 0.0050214430956720835 -0.8320054835733881 -0.9854432959590051 0.0997827617404182 -0.13764051332694907 18.569089562589607
-0.13704126314110024 0.007236626939853416 0.9905389055596068 53.986518473765656 0.09921452314325824 0.9950451186301164 0.0064568016720479545 -0.8264039254158401 -0.9855841773253802 0.0991606934269304 -0.13708021843046 18.435839193034663
-0.1343406527164808 0.005600620211777705 0.990919382230942 54.97682072203474 0.10080219985757279 0.9948739756098837 0.008042957046826445 -0.8222730868861683 -0.9857948597611893 0.10096734970982736 -0.13421657409198565 18.296966750751107
-0.13339951344441908 0.004279875617363385 0.9910531027535763 55.96793037630117 0.10192861554388026 0.9947470747448948 0.009424150878517685 -0.8141905495015657 -0.9858068406874133 0.1022738478359601 -0.1331350175676057 18.164159402366305
-0.13265290743368457 0.005304203052451461 0.9911483600245562 56.95963630428251 0.10333263649219802 0.9946104745892369 0.008507060182143585 -0.8100841079831411 -0.9857614175777831 0.10354645946313047 -0.13248606850415864 18.03569763010236
-0.1317635779146432 0.007252712896119518 0.9912546381686074 57.952397267025965 0.10549735721178777 0.9943966899043178 0.006747646157191691 -0.8097257564577156 -0.9856513923068637 0.10546383865088871 -0.13179040777142711 17.915590092000517
