1.0 0.0 0.0 0.0 0.0 1.0 0.0 0.0 0.0 0.0 1.0 0.0
0.9999982969334746 0.0008459172606068788 0.0016402908700746915 -0.010537970899104155 -0.0008383675124191783 0.9999890780461091 -0.004597926533413229 -0.004199144844223608 -0.001644162420311057 0.004596543536262076 0.9999880841877341 0.9449767551273164
0.9999962149412442 -0.0012824777721883716 0.002434204993146183 -0.009551971565582722 0.0012958698255622191 0.9999839910229605 -0.005508032242713704 -0.0027011173262873195 -0.0024271020950945516 0.0055111658072878955 0.9999818679490466 1.8935834929748347
0.999993028325706 -0.002897388795354173 0.0023555122907879867 -0.00652104000494687 0.0029011626697283254 0.9999945111151299 -0.0016003108373525742 -0.0023129788085341748 -0.002350862638962952 0.0016071334048327764 0.9999959452753155 2.8144094234299217
0.9999852143706247 -0.005182468186034789 0.0016471380137036919 -0.0036686135930912834 0.005175230465702573 0.9999770666915918 0.004368418536106183 -0.0035602006305625977 -0.0016697394294662548 -0.0043598296274590075 0.9999891018685441 3.742785685637622
0.999962928081431 -0.008601054083029299 0.00040537818303062887 -0.002549851637644397 0.008599260134611514 0.9999540499223712 0.004236834783770274 0.0016658954341906736 -0.00044180080098768157 -0.004233191763727421 0.999990942408752 4.7136581531298045
0.9999354416087475 -0.011332520663222108 -0.00082860734736995 0.0017757729839601062 0.011333745587651257 0.9999346626319039 0.0014888512937704288 0.004287373377409877 0.0008116807702955661 -0.0014981464007932381 0.9999985483647909 5.617578184560658
0.9999266678777187 -0.011977559677844632 -0.0017879963997408255 0.0035415500840545507 0.011974367583624003 0.9999267106645165 -0.0017854468943619298 0.0008630641644124272 0.0018092506554016668 0.0017639058376232586 0.9999968076190353 6.5245771743317125
0.9999285205787497 -0.011631710380482208 -0.0027671369350239306 0.0013536250944452218 0.011625016669815514 0.9999294917572651 -0.002422911778075834 0.0018405694605455162 0.002795124437141266 0.0023905705767468706 0.9999932362029749 7.418011001687147
0.9999300810756565 -0.011263447173003224 -0.003601071758773634 -0.011192572939206866 0.011261185154949815 0.9999363810003431 -0.0006478123516449115 0.0027181543369114063 0.003608139262391405 0.0006072147214702831 0.9999933062882699 8.381576974776243
0.9999291369721177 -0.011022738601035536 -0.004496695223028789 -0.01466923852767184 0.011033097129058301 0.9999365220238863 0.0022853206590950307 0.003178913447480351 0.004471219289672069 -0.002334771189508908 0.9999872784398592 9.303550405767044
0.9999217038292165 -0.011267657898970074 -0.005442986013952995 -0.023075547198265253 0.011286631839553123 0.9999302903929281 0.003467895101191416 0.011490168967648672 0.005403531529906908 -0.0035290565575316563 0.9999791735865399 10.2414634075769
0.9999025688949005 -0.012626878354127052 -0.005951021795355162 -0.0324278538038447 0.012652150817220334 0.9999110178864191 0.004228402658634559 0.015686794892879906 0.005897100734855003 -0.004303283905962127 0.9999733526202326 11.130904004749612
0.999897144557551 -0.012710121966928202 -0.006644780300470691 -0.04244056362430668 0.012738139583792132 0.9999100823427571 0.004191304002864397 0.018803276730790915 0.006590910832316303 -0.004275515043407776 0.9999691394565706 12.031233624855336
0.999885343318972 -0.01308036759611958 -0.007629167677515504 -0.0476758651111509 0.013101909849576283 0.999910300206543 0.0027805573460300058 0.021639213649122694 0.007592112630542409 -0.0028801952036914035 0.9999670316072395 12.934827700392535
0.9998640094975146 -0.013699637362631781 -0.00918054724328746 -0.05799634956510934 0.013705535896414206 0.9999059065767895 0.0005798953705123408 0.02739872802870683 0.009171739057886114 -0.0007056408300411239 0.9999576897417576 13.85116491749968
0.9998306314330981 -0.014974475997409784 -0.010699229724386283 -0.0693904516333323 0.014968360447276799 0.9998877556055488 -0.0006514411859462638 0.027298036922746186 0.010707783786227436 0.0004911809252633752 0.9999425494035575 14.71934904715542
0.9998167159995597 -0.014534146841295828 -0.012461660541494928 -0.08140949529654332 0.014518843513714295 0.999893727873728 -0.0013176273386349224 0.02747380601275957 0.012479486803554124 0.0011364569393022199 0.9999214823548623 15.604974941065745
0.9998171368100897 -0.013260301765842477 -0.01377887288399409 -0.10278517156759065 0.013231987768000102 0.9999101547892484 -0.002144026363880863 0.024363251445281505 0.013806065354834885 0.00196131242292288 0.9999027681794855 16.44994631224719
0.9998161044685836 -0.01177017483469496 -0.015140020793485625 -0.1262947370817336 0.011734693183059215 0.9999281927896269 -0.002430275780739868 0.02683047802578314 0.015167538401663273 0.0022521653650870222 0.9998824298536317 17.342362975972534
0.9997851768141963 -0.01221648497324654 -0.01674388597383307 -0.1438912940573231 0.012193657980988194 0.9999245818042362 -0.0014647213613127868 0.02288682461742506 0.01676051692666332 0.001260237486366101 0.9998587384595032 18.223044878219866
0.9997692039728823 -0.011672972675743094 -0.018035534268233823 -0.16850615283591702 0.011670752260968696 0.9999318683746535 -0.00022836470312254846 0.02240918531062608 0.018036971172909814 1.782374511763679e-05 0.9998373204442921 19.1434861801159
0.9997472238634502 -0.011344996586218766 -0.01941080703585124 -0.19052629251548375 0.011354656293100214 0.9999354587282516 0.0003875027568647816 0.020734449173616262 0.019405158020225723 -0.0006078078476787196 0.9998115174430782 20.009414150760517
0.9997047697035519 -0.0123255197751635 -0.02093931694779567 -0.21067091978574704 0.012333973302365088 0.9999238959495145 0.0002746119465401352 0.019671845615273964 0.020934338645983982 -0.0005327958489775269 0.9997807107531325 20.873356823434545
0.9996662346280386 -0.012403016242489897 -0.022662403506423776 -0.2320454822857937 0.012401034818805308 0.9999230782235731 -0.00022797218484951932 0.020465938741566082 0.022663487816799496 -5.3141159332434004e-05 0.9997431487617183 21.75281509488602
0.9996424472997045 -0.012372063552191852 -0.023704632461149268 -0.25880315113151126 0.01237806586541783 0.9999233831371133 0.00010649441842989566 0.020903506740797224 0.02370149873086146 -0.0003998738429825512 0.9997190000489242 22.625876651199558
0.9996225688727646 -0.012029100485646128 -0.024698593921950746 -0.2850631908089883 0.01208361494741041 0.9999248703064693 0.002059124181205145 0.022367346051910677 0.02467196891247061 -0.00235679530233953 0.9996928225539509 23.472883366395877
0.9995867718456761 -0.013131499567633232 -0.02557047653536038 -0.30583283108038567 0.013256323249826599 0.9999009994885779 0.0047181686743208145 0.025370814023307493 0.025505988415199226 -0.005055189496792482 0.9996618876470762 24.31224949811029
0.9995735952232316 -0.012933926821956822 -0.026179023462827154 -0.3325755098717087 0.01310496334322057 0.9998938209294495 0.006372346732495346 0.024782091731752626 0.026093824332125745 -0.0067127046762509475 0.9996369600648297 25.160154160182856
0.9995618213010037 -0.012289389283217314 -0.026928355101376183 -0.35867673168541897 0.012437587631880846 0.9999083759259759 0.005342861309871498 0.02515859841706222 0.02686022731325183 -0.005675443958209512 0.9996230877308497 25.977091387748803
0.999561324065143 -0.010697431497746015 -0.02761746535236583 -0.39004325038618365 0.010771518925426089 0.9999387715665714 0.002535251067557959 0.03217682295122076 0.02758865370360231 -0.00283162096464103 0.9996153500769863 26.78979331876234
0.9995451973214804 -0.010242767539157652 -0.028363431116520326 -0.4165961489258969 0.010270154401181225 0.9999469243096096 0.0008200562955907971 0.03422737197779552 0.028353526061827262 -0.0011109801487048717 0.9995973405741789 27.556685389526297
0.9995300495977792 -0.009282546287747096 -0.029214966806018323 -0.446590530431682 0.009295221353735322 0.9999567540710032 0.0002980734282424475 0.038220323219850125 0.02921093649724344 -0.0005694929318188786 0.9995731073146953 28.336547978723342
0.9994972666389572 -0.009481951680729883 -0.030254034005027883 -0.4737492048692846 0.009482818006166509 0.9999550304752107 -0.00011484764875050623 0.0359493027752138 0.030253762475351886 -0.00017210358741598272 0.9995422353439803 29.02342192537049
0.9994403257839137 -0.009101726217755818 -0.03218996391426065 -0.5031375718936005 0.009076233078003308 0.9999583702143221 -0.0009379932998441969 0.03411205412203144 0.03219716121117126 0.000645304713921092 0.9994813286859184 29.773671508998827
0.9993836490035385 -0.008958995195272164 -0.03394198741180215 -0.5351144908531993 0.00893213331944819 0.9999596630999089 -0.0009429567754418508 0.03186574739073394 0.03394906624246763 0.0006392012264044648 0.9994233599046289 30.509003007825207
0.9993099788381181 -0.008925750008662452 -0.03605408688820546 -0.5626191713697275 0.008938370185635865 0.999960034136198 0.0001888617432679393 0.03220325800714875 0.03605096022277285 -0.0005109961999802481 0.9993498222093704 31.216868148283837
0.9992369978181839 -0.009196289931012121 -0.03795853583592233 -0.5946941068002203 0.009297210845596648 0.9999536970949454 0.0024830498671336394 0.0332369680877863 0.03793394339895027 -0.0028340638057241345 0.9992762300888334 31.924628199293497
0.999173797916878 -0.0081095969617299 -0.03982406299562742 -0.6300829406229687 0.00827253542396008 0.9999580656450221 0.003928372325170223 0.03538830676102886 0.039790535482960424 -0.004254572667629221 0.9991989851362919 32.62339015432415
0.999119302067461 -0.006839439715520917 -0.04139857848534094 -0.6708163272358153 0.007019737567445057 0.9999664932602782 0.004211370468905731 0.03548277274502064 0.04136838793950504 -0.004498268680272918 0.9991338359089673 33.31734900064596
0.9990404662544842 -0.0043188634144530015 -0.043583187180721655 -0.7019242027545933 0.004477455499585641 0.9999837036243888 0.0035418749130708897 0.03341949869111209 0.04356718005875248 -0.003733618145701172 0.9990435230345427 33.99899704292422
0.9989624602752766 -0.002648329516151108 -0.04546415413861516 -0.7377769003755179 0.002778272883231427 0.9999922340005617 0.0027951991614280913 0.035688847489531425 0.04545639845557702 -0.0029186108578619363 0.9989620601154523 34.695514591297986
0.9988823199151853 -0.002440918682729312 -0.04720331425695808 -0.771269433335267 0.0026299186174308996 0.9999887709774549 0.003942264205348726 0.03685851695162243 0.047193161463527096 -0.004061998890126118 0.998877522860583 35.355038502282994
0.9988370558838549 -0.0010537178847302082 -0.0482019239438823 -0.8112418928689568 0.0013389077591397156 0.9999817888787945 0.005884661143882899 0.03844827518452534 0.04819484536011026 -0.005942355541803998 0.9988202767722181 36.03176931088425
0.9988344868874703 0.0018728911311912142 -0.04823028180566758 -0.8496689882591305 -0.0015709053878651183 0.9999789305165409 0.006298474359519133 0.0428050781510569 0.04824106197531094 -0.006215368195517366 0.9988163840955397 36.66717938066076
0.9988758038708795 0.0049574106715905815 -0.04714395529372777 -0.8904417697883533 -0.004753240876358814 0.9999788379146745 0.004441894189261798 0.03917084222662164 0.04716497792297933 -0.004212814053632824 0.9988782293429339 37.34627584913808
0.998949046602019 0.0066111190565170536 -0.045355213567322 -0.9278671478868877 -0.006560332309772247 0.9999776762057684 0.0012685149179318322 0.04142732305590435 0.045362587370014584 -0.0009696364948860343 0.9989701174070054 37.98346623338357
0.9990374871381573 0.00714291353273909 -0.04327907206652931 -0.9580843627563507 -0.007177847343684823 0.9999740264757262 -0.0006518292987376293 0.0444188884050599 0.04327329199618164 0.0009618524771238449 0.999062809356662 38.614925274077116
0.9991623063997516 0.008205588472111888 -0.040091816967497015 -0.9887969282395075 -0.008205946044751158 0.9999663185447403 0.00015564571918606025 0.04518105323036203 0.04009174378147682 0.00017347595110821918 0.9991959877754991 39.22946842840628
0.9992387955734351 0.012947680668817243 -0.036799279697421146 -1.0225034794936172 -0.012850851791288382 0.9999133153630438 0.0028665951797607466 0.0447664384956216 0.03683320552421481 -0.002391511025402912 0.9993185656465244 39.85364381955925
0.9993132261552282 0.01728858202897548 -0.03277470003916064 -1.054047201668081 -0.01708926587872346 0.9998337918527925 0.006351823438452378 0.0447748343369558 0.03287906663754129 -0.005787365609183536 0.9994425813303885 40.443191559330906
0.9993427697983741 0.02234891291673975 -0.028540401944498587 -1.0791859228937608 -0.022149772490756062 0.9997281960825969 0.007274718966713305 0.046567494614217074 0.028695226612126826 -0.006637774391834567 0.9995661678552362 41.02105221940449
0.9993982785553592 0.026132244682396593 -0.022807599795761392 -1.105334710054912 -0.02596707934277882 0.9996346028873536 0.007508095673921305 0.05039969951495942 0.02299546935789957 -0.006911331138230949 0.9997116793810644 41.603325352456444
0.9994088528743454 0.0298832257826162 -0.016998164995364665 -1.1213810272707774 -0.0297249551924145 0.9995130766535371 0.009488763744008633 0.05566723323873859 0.01727344306134168 -0.00897788479575477 0.9998104949186127 42.186244840665665
0.9993443821191695 0.03475420348976321 -0.010146490361058308 -1.1414833286451547 -0.03464492673542911 0.9993418228142542 0.010754079494808956 0.05669642895243202 0.01051356163969512 -0.01039550451281957 0.9998906932798068 42.74487273225219
0.9992709896231614 0.038050436096717176 -0.0031070259730495674 -1.148059131320964 -0.03801673525183087 0.9992243513934564 0.01026759091115107 0.06046324181690204 0.0034953023245152337 -0.010141986746993561 0.9999424598278066 43.27800183864229
0.9991291961008684 0.041487181857041505 0.004434325246653011 -1.152803610613342 -0.04153113071865152 0.9990838419450595 0.010326758713644876 0.06167818273147738 -0.004001834587113126 -0.010501928673359213 0.9999368454127879 43.66514093010757
0.9988747604808264 0.04588618080968205 0.011986295719397775 -1.1526016951575078 -0.046005811610246986 0.9988920833622809 0.009903085087230128 0.06424697110360945 -0.011518601150059161 -0.01044338100729937 0.9998791215045362 44.137548269595975
0.9985396211632416 0.0502751352989405 0.0197746235828454 -1.1530436861482152 -0.05042566954525923 0.9987019448470562 0.0071886862235171056 0.06602376231419939 -0.01938754285829705 -0.008175336652462442 0.9997786190214999 44.54658107455632
0.9982572395840219 0.05212940100125919 0.027658799130451474 -1.1435650587221882 -0.05225530907338388 0.9986263420214673 0.0038485964284404395 0.06952576318411363 -0.027420180373838945 -0.005287208344088044 0.9996100135233708 44.898821819615804
0.9979821650572356 0.05259183831370213 0.03557663236533317 -1.1302301520076978 -0.052755396978887585 0.9986007069466513 0.003673714094552871 0.06913117627134634 -0.03533364285313116 -0.005543160509488029 0.9993601988543943 45.25990425698167
0.9977154489525463 0.05179960215854432 0.04336685528875288 -1.1111343465621406 -0.052069837630127604 0.9986302982059958 0.005124403787413518 0.06859205142488868 -0.043042013551775636 -0.007370801938787788 0.9990460731859111 45.585212571544936
0.9972339675955172 0.05353912609911793 0.05155556080817956 -1.0976627647947084 -0.05391192831873762 0.9985284597317515 0.005866778561656211 0.06862988204382364 -0.05116559252718992 -0.008630010560767423 0.9986528951838388 45.87500546124066
0.9965572105401311 0.05667492082710732 0.06051181264607659 -1.08175323386788 -0.0571388730667302 0.9983484315064479 0.005963094270585891 0.07098547141075061 -0.06007391534715241 -0.009400141374304644 0.998149669156388 46.19579671528535
0.9957348307769159 0.06138224890551375 0.06887936045702148 -1.0608902230195916 -0.06189792412729025 0.9980680092755339 0.005375485978551691 0.07024492876788871 -0.06841632675318764 -0.009616048048701612 0.9976105141053431 46.46991093222358
0.9948530805792045 0.0651177683542741 0.07763391209146903 -1.0458516521211982 -0.06574005284836279 0.9978217112429169 0.00548434351150782 0.0688833916285884 -0.077107674803234 -0.010559773521096246 0.9969668488318068 46.654019692373396
0.9941485832790042 0.06446195319805276 0.08667901103635668 -1.0191152177107972 -0.06523542265854873 0.9978511484150893 0.006117616958322201 0.06741164163350452 -0.08609839716806156 -0.011736362152741155 0.9962175082824589 46.85228999980056
0.993257319029982 0.06335515478318166 0.09708770548206143 -0.9912194268532962 -0.06408518139981242 0.9979346599955518 0.0044163225104444405 0.06501354899904514 -0.09660738956376742 -0.01060842787420506 0.9952660315411718 47.05369336172798
0.992091284105416 0.06207703984149945 0.10909319468501916 -0.9612533289252003 -0.06242749600480488 0.9980494809359445 -0.00020333731191826384 0.065136509139093 -0.10889302890744036 -0.00660868580046268 0.9940315052991803 47.27185142195796
0.99050695912156 0.06298236249981065 0.12218504796292652 -0.9229994090808807 -0.06295438051271193 0.9980080110807099 -0.004093384050756351 0.06272220335860955 -0.12219946769941696 -0.003637558613790456 0.9924988958489125 47.50884265158561
0.9883493211192574 0.06485600599725987 0.13769283906284419 -0.8851696773525628 -0.06458874296430599 0.9978913614382394 -0.006412881507448191 0.060446115688078 -0.1378184085142246 -0.0025552403059507156 0.9904542175293037 47.74268975429633
0.9858506824768801 0.06648188315158292 0.15387849450943009 -0.8538516086535916 -0.06605966470580263 0.9977847088271236 -0.00786101327627303 0.05958608955582529 -0.1540602238049339 -0.00241537644935284 0.9880585070722188 47.91331979568324
0.9830204877228007 0.06714765046422323 0.17076859709665923 -0.7974178878729331 -0.06658464837130022 0.9977399296244939 -0.009028700580966111 0.05503630127078944 -0.17098890408005102 -0.002495169341936639 0.9852697949351021 48.17111006482056
0.9797719375309655 0.06625651653293006 0.18883067664905206 -0.7631961099596412 -0.06550244279485687 0.9977998842068863 -0.010238215891023356 0.05447025537588976 -0.1890935758155833 -0.0023377539747101578 0.9819562895015388 48.3168207648615
0.9759155452830203 0.06529956974267515 0.20814613776471116 -0.7243788488203886 -0.06447620303580387 0.9978613921647748 -0.010745290552782226 0.0533106620545626 -0.20840265765347224 -0.0029339765505927524 0.9780387129682393 48.458229681023255
0.9712933952010265 0.06539496041865588 0.2287195653867511 -0.668206504793852 -0.06437736270439516 0.9978544843477628 -0.011915671961215088 0.050648742617093685 -0.22900806887550618 -0.0031507489431840075 0.9734194251046197 48.6591060998722
0.9661068833394213 0.06745171083937168 0.24917414927923626 -0.6000815472502466 -0.06608075334954956 0.9977178377515924 -0.0138726446304644 0.04451875865314031 -0.24954122705666348 -0.0030631580319915083 0.9683593305493191 48.8609963477228
0.9598543303299852 0.06871736447239714 0.2719514448697464 -0.5364490691981261 -0.06689595691166235 0.9976320705253385 -0.01597444234390926 0.04127285484272269 -0.27240520460455214 -0.0028593144796626624 0.9621783768226443 49.04895129421797
0.9525512340174276 0.07002549810931454 0.29621373395981765 -0.47871557898011474 -0.067919544479094 0.9975389303068518 -0.0174074122147453 0.04043942986955148 -0.29670369402760655 -0.003537249892796457 0.954963038977723 49.20018991947849
0.9441174721116262 0.07269177938885242 0.3214935521325965 -0.39491828376022203 -0.07060424576778215 0.9973390122994015 -0.01816411366449117 0.032235690998344474 -0.3219584434878432 -0.00554975269145926 0.9467375353876853 49.396286534633326
0.9342239679085274 0.0747860380668885 0.3487586935052718 -0.30030960453567174 -0.0725978603397195 0.9971733747155149 -0.01936004732859268 0.02528130191678297 -0.3492207446005188 -0.007232514689143812 0.9370125731664065 49.60917828333925
0.9230481813476346 0.07548353171859823 0.37720590047096436 -0.23289758902460578 -0.07299263078141591 0.9971131166080449 -0.020916704802595193 0.020789777015926613 -0.3776958177719626 -0.008226124693827589 0.9258931904437411 49.74256918751985
0.91048777698599 0.07358455479549882 0.40693650764542816 -0.15693719052110439 -0.07034466486601489 0.9972589482805666 -0.02293944635831023 0.014600739215553424 -0.40750906257897795 -0.007739726731996689 0.9131683637457643 49.87088506475342
0.895531731667302 0.07091428245613472 0.4393109173702539 -0.06351823059272053 -0.066268352986764 0.9974649887777302 -0.025924921505452826 0.010494743798815605 -0.4400357064709454 -0.005895821094113829 0.8979609213792336 50.01977066334812
0.8782167533077679 0.07014072246714576 0.4730915484991769 0.03683552246053029 -0.06350100704808263 0.9975303109007768 -0.030015011878701484 0.003455315376292031 -0.4740284340769459 -0.0036821034730270276 0.8805018374771131 50.16471814462159
0.8587910911751742 0.07187223971958391 0.5072595419268555 0.15271352670702093 -0.06280019562474456 0.9974122250798836 -0.034999838438043857 -0.004270943421567273 -0.5084623851846334 -0.0017984490223621388 0.8610823238421907 50.31914297555638
0.8372564310896863 0.07379760612120322 0.5418076982931676 0.27207078515126365 -0.06223748697249778 0.9972731056264713 -0.039659147866297415 -0.010250808347258295 -0.5432569961024971 -0.0005158729615254783 0.8395662987881177 50.46205974554313
0.8128440857117257 0.07656613177136289 0.5774271553962783 0.41613953189060193 -0.06313351542499766 0.9970637473831209 -0.043336392148048825 -0.018639583304628303 -0.5790497833118922 -0.0012292761683976826 0.8152912591991602 50.62846860646007
0.7854547415341933 0.08053812302658046 0.6136566301612066 0.564532676158608 -0.06593065948687629 0.9967435334848818 -0.04642711056804867 -0.027708388289541395 -0.6153974302360048 -0.0039923921936161864 0.7882068660342244 50.792614863371185
0.7558223629196577 0.08500283779325067 0.6492357609356083 0.7312070700473915 -0.0695079195761856 0.9963510278059519 -0.049530581525091065 -0.0378120437361934 -0.6510769576837555 -0.007690705892016624 0.7589727585468055 50.95758914096551
0.7231424344431384 0.08637415993324214 0.685276968826092 0.9061266118282811 -0.06931512137482199 0.9962165875114558 -0.0524206516157835 -0.0482843379921572 -0.6872120731305904 -0.009592458645017121 0.7263935237050917 51.111418282146396
0.6870006970896254 0.08395125151100973 0.72179098745281 1.1335319431149802 -0.065441478776975 0.996415505796704 -0.05360552829122275 -0.06158358880378033 -0.7237039830302514 -0.010408034282876993 0.6900320411173063 51.28631108024445
0.6483082097234432 0.08236575268033386 0.7569097356954689 1.3657132794235451 -0.06233218394434539 0.9965359466365808 -0.055052755660927655 -0.07816843169962237 -0.7588222216368675 -0.011488683411757432 0.6511964727358042 51.44796079731926
0.606596425989316 0.08224379049967677 0.790744418191638 1.6328326373961422 -0.06060141114630775 0.996524178449675 -0.05715794548683677 -0.08979149847633455 -0.7926968177961 -0.013248422149271803 0.6094720948218146 51.611653932839516
0.562322682496936 0.0817328480927003 0.8228687272536879 1.9229569138831493 -0.05597439406816956 0.9965831540379434 -0.06073618605482082 -0.10201829034753748 -0.8250212530342176 -0.011906243338690992 0.5649762591573287 51.754487077907164
0.5147693969657395 0.08055244662218221 0.8535360398311883 2.2122275214902443 -0.05267664916208974 0.9966669448520067 -0.06229102401165775 -0.12134246843117023 -0.8557088515263718 -0.01289590565052726 0.5172968751470187 51.89630176626132
0.4667237746890168 0.07870151071542741 0.8808944263367454 2.5349742194852847 -0.050616887711759484 0.9967770827959005 -0.06223646753527488 -0.1393199944609041 -0.8829534805517277 -0.01554089521242765 0.4692031881366385 52.03508718900233
0.4161817349637514 0.07633100991583852 0.9060719289370952 3.0148859428298973 -0.050728794456187956 0.9968674202915828 -0.06067895660132988 -0.17592039052510827 -0.9078652724361599 -0.020710463211439763 0.4187501926184445 52.24423099073631
0.3653004273524401 0.07612138755172025 0.9277721337339918 3.40997857357655 -0.0538538167182172 0.9967099150968568 -0.060573191863206116 -0.19821324427309478 -0.9293306000563011 -0.027836657572648926 0.36819798518484326 52.39352233503184
0.3164822594140481 0.07667593533990473 0.9454944634507008 3.842331052874053 -0.05133782536195297 0.9966515552987414 -0.0636404353198885 -0.21794454696998045 -0.9472082174280818 -0.028398560885193384 0.3193589118474156 52.51099897110605
0.2697751790806639 0.07368214674325865 0.960100147902967 4.377287375058956 -0.04020641955306461 0.9970605004577685 -0.06522117948662626 -0.25101174657969194 -0.9620835704754126 -0.02100713398368913 0.2719446703707812 52.616247015778946
0.22584978745804193 0.06765594293440055 0.9718099335213718 4.919375224428509 -0.02678953377612371 0.9976394694296917 -0.06322823669928244 -0.28378313265266053 -0.9737937124387355 -0.0117542512181634 0.22712913329884662 52.69716858737587
0.18389370421617884 0.06669078469652498 0.9806811126896514 5.46844453848224 -0.017348350983376813 0.9977604838422147 -0.06459916099382898 -0.31153432601987063 -0.9827930302295644 -0.005133821141295857 0.1846388464345442 52.76394933273855
0.14552184368650548 0.06849098600124387 0.986981447569637 5.989384402240991 -0.013852919160886445 0.9976441311031391 -0.06718842390013319 -0.33360647376832486 -0.9892580500763195 -0.003895190886138788 0.14612781339347553 52.820037224054644
0.11310276986479752 0.06946351374031291 0.9911521496257566 6.516968404145056 -0.00476581459290377 0.997579606576845 -0.06937013444741898 -0.3628985267226713 -0.993571864768813 0.003122306973422352 0.11316006689193435 52.853641722672386
0.08445084066131446 0.06766445986631679 0.9941275453293681 7.0795049418341565 0.002671328505878055 0.9976726923776038 -0.06813268590064842 -0.40108581054775605 -0.9964240661061989 0.0084095038511402 0.08407354357565013 52.874312492364325
0.05956824461190489 0.0660788465867486 0.9960347435042711 7.63155863130171 0.009848155756535705 0.9977191505497089 -0.06677956614535656 -0.43220387480997113 -0.9981756549135281 0.013787046824174878 0.0587816236405287 52.88706923221739
0.03954139389058014 0.06523941093991634 0.9970859027332603 8.22450493462214 0.014519531534099735 0.9977234329349308 -0.06585692504639604 -0.4609447087263841 -0.999112436802395 0.017081294820624083 0.03850412957113389 52.89724683519064
0.023670024908135738 0.06689988782677864 0.997478889465642 8.79701233193142 0.01720045354932095 0.9975834932775368 -0.06731506768832682 -0.4932885443282433 -0.9995718455011353 0.01875043863355782 0.02246211772080523 52.901114341738136
0.010375421101054745 0.06666342162183045 0.9977215738143802 9.387435350199492 0.018067145791186002 0.9975999039029895 -0.0668431744885448 -0.527097983454223 -0.9997829408826375 0.018719507216166144 0.009146101335984503 52.89923508332385
-0.0014232305951800066 0.0674357023836669 0.9977226069698394 9.97778034637023 0.01869494260100953 0.9975510435067607 -0.06739743852490057 -0.5651196593170215 -0.9998242213188364 0.018556444772485595 -0.0026804517506938356 52.8973681086411
-0.010670382731364789 0.07049514309021675 0.9974550504825037 10.59721434790836 0.023635820484840912 0.9972509184553862 -0.0702278693247722 -0.5987596839492492 -0.9996636889086119 0.02282631027079907 -0.012307259526257427 52.886591221722284
-0.016948424280540574 0.0724674747626793 0.9972267625850828 11.197438000527166 0.02792053980661641 0.9970153811119274 -0.07197758875612127 -0.6338247136362936 -0.9994664548504434 0.026623202808051267 -0.01892117070710604 52.86763112074253
-0.02151139727974863 0.07181069967648547 0.9971862830981201 11.82002500411617 0.028374503801740104 0.9970591507904909 -0.07118944696336876 -0.6695752782538835 -0.99936587260176 0.026763281505056347 -0.02348572847503898 52.85036679044263
-0.025068042159025035 0.0691229890046025 0.9972931392792094 12.462345501623298 0.026099622112692882 0.9973118416130717 -0.06846824303220993 -0.7073226495556808 -0.9993449869729109 0.024312609267883055 -0.026804739183571253 52.838337070470196
-0.027636592229934077 0.06226054341020204 0.9976772241081683 13.111322848291167 0.02412187504505138 0.9978093517333922 -0.06160059040056582 -0.7439330516956759 -0.9993269504592713 0.022363414937207633 -0.029077891225448436 52.82415566589497
-0.029009953097484747 0.05658190368158605 0.9979764079361029 13.798276311880699 0.025299771294365392 0.9981183269263061 -0.05585451661489802 -0.7814976511426325 -0.9992588974803948 0.023628237970675148 -0.03038687507241594 52.80380913547196
-0.029376362101719143 0.05389369712866056 0.9981144717713846 14.483481243622936 0.028003574527812745 0.9981978511898582 -0.053074002050105436 -0.8187733207373215 -0.999176075155592 0.02639165189512746 -0.030832637689832958 52.77934383038945
-0.028885956300415384 0.056062335349138404 0.9980093266517144 15.183962603872969 0.03126894057223376 0.9979880047811155 -0.05515610273122885 -0.8575800068214112 -0.9990935165859601 0.029613457552412327 -0.03058084772681881 52.75118222195152
-0.028056831061022813 0.06331385108235421 0.9975992033336494 15.86570029386833 0.032305898924772314 0.9975281820087466 -0.062400761157110116 -0.8941405435217119 -0.9990841521741175 0.030477571416466332 -0.030032890554833176 52.73053968639712
-0.02599188697858494 0.07152395435837748 0.997100168370375 16.579558037618156 0.032893153508895864 0.9969582354580271 -0.07065633166713753 -0.9264216052503166 -0.9991208446747231 0.030961277514939375 -0.028265474188667827 52.71410312012401
-0.023765801864981336 0.0723063058753294 0.9970992853233698 17.288622226915194 0.033568325457431616 0.996876292354604 -0.0714900361401602 -0.9642483946053126 -0.9991538190827766 0.03177193528888028 -0.026118766056244306 52.69837767211234
-0.022172254851110035 0.06797643747808434 0.9974405220676583 18.041993566592136 0.03275230333075469 0.997199653701958 -0.06723196623054302 -1.0095882010105242 -0.9992175327431695 0.031177790243741812 -0.024336549758944684 52.69402944561544
-0.01971289477958356 0.06151512333816586 0.997911464700199 18.7452274457096 0.03226353346318231 0.9976247348005338 -0.060860109453024815 -1.0527032084836903 -0.9992849774653267 0.030996421000727074 -0.021650766666945473 52.68502393696501
-0.017026228340426587 0.05990816222414538 0.9980586754532133 19.48870024586774 0.03040405070322728 0.9977727799171998 -0.059372328210523864 -1.096251168595126 -0.9993926661974935 0.02933413975606055 -0.01880975798453243 52.67899310969373
-0.013838308557166444 0.065314557254573 0.9977687657102287 20.216817384995498 0.038176907069976514 0.9971712414250862 -0.06474595772187276 -1.1395487630443966 -0.9991751723210732 0.03719575090506036 -0.016292671105797407 52.662872412687385
-0.010624504275940666 0.0710403505302359 0.9974168579412668 20.941856725282946 0.039650791807645185 0.9967185841730071 -0.07056825542113568 -1.1802807719074158 -0.9991571120789345 0.03879861544819761 -0.013406447008272034 52.6547836690371
-0.008185816355228252 0.0717478013591473 0.9973892146051732 21.701089162729602 0.03372572003000124 0.9968749957925104 -0.07143401551180023 -1.2235244846266522 -0.9993976026682552 0.033052923680221134 -0.010579981906083035 52.659113025310056
-0.0049368439591752945 0.06830626086428536 0.9976521850316673 22.452869668846194 0.02928486064847127 0.9972463162714115 -0.0681335572232893 -1.2692325120290042 -0.9995589149762616 0.028879740473900666 -0.0069235887831229454 52.667146744289234
-0.00018003532016965987 0.06446170375860713 0.9979201653117439 23.178477803017305 0.0332135776123283 0.9973699913386395 -0.06442017261193801 -1.3233753529871528 -0.9994482607166177 0.03313290095508786 -0.0023205656265275682 52.664337571235144
0.003371410258341369 0.06538264155026793 0.9978545704544206 23.906642285453756 0.03788221450821224 0.9971356300291302 -0.0654635253432257 -1.3723717477069663 -0.9992765239996498 0.038021645286844034 0.0008849140397172175 52.661055821405846
0.005956850648975296 0.07011493098812473 0.9975211338026246 24.630736920443553 0.03745533934978371 0.996823192754962 -0.07028954360355714 -1.4167263735276547 -0.999280547936633 0.03778119688858964 0.0033117483490292653 52.67278366634194
0.009577185268082895 0.07093968124794157 0.9974346290092292 25.35397936584676 0.033855565721962765 0.9968855000393563 -0.07122570098586792 -1.4601136340047487 -0.9993808474210348 0.03445085536997454 0.007145654084157721 52.688268333301515
0.013227617306376437 0.07050481963866177 0.9974237316948665 26.08169808031463 0.033038576394898926 0.9969355258625412 -0.07090846030606407 -1.5080137554726143 -0.9993665406697351 0.03389141013439931 0.010857702745400474 52.70179221903329
0.016784014281879242 0.06727376324139524 0.9975933728949504 26.823758372495007 0.03702839062314521 0.9970076689322817 -0.06785725000379247 -1.5595805649782155 -0.9991732558232551 0.038078194147808164 0.014242751770511338 52.71236012612493
0.02049470834001974 0.06784525688428347 0.9974853322472267 27.54750919648785 0.04160418328619083 0.9967728168740208 -0.06865160940661445 -1.6081761222865563 -0.9989239504902989 0.04290655729996238 0.0176059216605807 52.71978604389018
0.023908816659792394 0.06849083358044362 0.9973652160574789 28.29200112148263 0.04429619343600042 0.9965980107743256 -0.0695000155952285 -1.6601349268141317 -0.998732304340361 0.04584114566753976 0.02079359591024508 52.73473632266096
0.026574592921399055 0.06839715929988638 0.9973041760720572 29.0353906304828 0.044754006709869426 0.9965747904959048 -0.06953967091851876 -1.7073910630400675 -0.998644516279178 0.04648134623425764 0.02342252244691426 52.75639704779657
0.02995903537154169 0.06698214622080803 0.9973042907193661 29.762493968474423 0.04609781223072478 0.9965979328820439 -0.0683194839176758 -1.7534302177943868 -0.998487580246818 0.0480203317657329 0.026769382323120913 52.779067139983226
0.033769253471469966 0.06585826515119005 0.9972574022945391 30.516238963249496 0.04816829646504374 0.996559692440388 -0.06744326963288813 -1.804950573277964 -0.9982682268486931 0.05031369907286073 0.030480796412993824 52.80002028472326
0.036679577459782446 0.06627363662853916 0.9971270800080586 31.280031176566283 0.046476645749786584 0.9966056913191379 -0.06794863817731331 -1.850396870650997 -0.9982457262604328 0.04883544940236542 0.033474899319465866 52.831156207701525
0.039761428960740766 0.06814133760361243 0.996883035705086 32.03998837111675 0.04371361222241522 0.9965981856280727 -0.06986541711964003 -1.8967088678878952 -0.9982525476418614 0.046355307273531564 0.03664746395193295 52.86752747056551
0.04245874637063235 0.06825684547076863 0.9967638927564597 32.803718580199735 0.04541126857695074 0.9965006477190147 -0.07017318420747096 -1.9442411790745358 -0.9980656649453806 0.04824377827205544 0.0392105383177842 52.90211130055028
0.04494309097214658 0.06817089205960752 0.9966608490603329 33.57010643474899 0.043092742277569054 0.9966080147401378 -0.07011048793668379 -1.9909251106143357 -0.9980596846566174 0.0460998311441403 0.04185297398767995 52.94367848429132
0.04736921133111175 0.06863229255015087 0.9965168168361115 34.33269187192315 0.04136861549888123 0.9966459749431217 -0.07060763614071576 -2.038300653456873 -0.9980204384027276 0.044569149071802205 0.04437111088806891 52.984192822414236
0.04992449200811466 0.06872424945838494 0.9963857298426702 35.07939765682618 0.038293798967506655 0.9967644968526739 -0.07066910764026751 -2.0876011243344017 -0.9980186020602855 0.04168351413229498 0.047131248564141776 53.032641279146965
0.05329156402324862 0.070757836299837 0.9960689422957221 35.83805985184908 0.03689668821604746 0.996665711175336 -0.07277427131925895 -2.1364719494464572 -0.9978971107296795 0.040629899944829254 0.050503144732080035 53.077229443419114
0.0564922953049287 0.07438519650388287 0.9956281751297803 36.619175990597846 0.03585326997677073 0.9964263553018838 -0.07647915723761815 -2.1879499136414844 -0.9977590709200052 0.04001700889474749 0.053623459380799196 53.12815727428282
0.059825197760177154 0.07651926901659914 0.9952716951577183 37.37371466850529 0.0360791520731522 0.9962403191145986 -0.07876243619978152 -2.2412453909922596 -0.9975566352336274 0.0406205371654249 0.05683952376431676 53.176054237219546
0.06248583392724171 0.07895405125046644 0.9949179756892289 38.12465192641818 0.0299148817489898 0.9962699397951713 -0.08094014399832415 -2.292209897239452 -0.9975974240185063 0.034820465988614234 0.059890856897983 53.23674248883025
0.06510377583858958 0.07821617967906505 0.9948083873832027 38.87570695771489 0.026119178180237245 0.9964482298430416 -0.08005444256165767 -2.347018850766576 -0.9975366093045136 0.031195424008674078 0.06282959985684602 53.29716259372228
0.06884768729006696 0.07878868579442792 0.994511105491333 39.63344017806781 0.02810970646706695 0.9963275081008447 -0.08087855713287843 -2.4050589385544883 -0.9972310867382456 0.03352371686355618 0.06638011788561149 53.34935285324828
0.07258953588070496 0.07977573635812663 0.9941662794367649 40.410840172774776 0.027323560331512127 0.9962627275274836 -0.08193900652502956 -2.4675745583582156 -0.9969875537495098 0.03311207676992369 0.0701384918610934 53.41108191801329
0.07614645605162955 0.08077137319825033 0.9938197535279943 41.18788570486252 0.023341941324808626 0.9962960183419672 -0.08276108754197964 -2.5234114193712305 -0.9968233900776826 0.02949964588958699 0.07397905032117255 53.48106741168862
0.08025515245763871 0.07902772847165597 0.993636618003085 41.978221622351704 0.022275672641309942 0.9964609582826395 -0.0810515454931041 -2.5784229149043756 -0.9965254160895124 0.028638728167531748 0.07821073031603727 53.55180436791668
0.08497453142346077 0.07884463127003105 0.993258704028942 42.74805912857961 0.022607957193606615 0.9964550242034586 -0.08103249355176503 -2.641727541362906 -0.9961266030384355 0.02934124843249972 0.08289078271754378 53.619895168642365
0.09002493098977274 0.08229651283570676 0.9925335237539165 43.52130342402725 0.019111986530338295 0.996253859167701 -0.08433848507251264 -2.7034204474137873 -0.9957561166124705 0.026561853635329397 0.08811483507505743 53.697094523845436
0.09604914581213292 0.09094481223885173 0.991213197407902 44.29959748276029 0.01741429041680794 0.9955113206957263 -0.09302662444660427 -2.7659203718824394 -0.9952242481360851 0.026196402300516855 0.0940342726269036 53.78091074484996
0.10334339171984191 0.09584342299304761 0.9900172633125203 45.083130512384514 0.015770559914625115 0.9950635993131783 -0.09797817492626422 -2.831454269783022 -0.9945207050774839 0.02573852347898382 0.10132174288524316 53.867495558065684
0.11063478098825733 0.09901846137489033 0.9889162196782025 45.871349273145405 0.011528113351625503 0.9948297524975545 -0.1009002782365173 -2.8986166810070397 -0.9937942683665616 0.02256341846006301 0.10892127574153607 53.965357013250454
0.11754666794788408 0.09726890096611462 0.9882922349989356 46.69385868685667 0.007670856653697404 0.9950729151691833 -0.09884862899859503 -2.9767940788797485 -0.9930377328241589 0.019200375036640897 0.11622136974715143 54.0765330723426
0.12547457216488217 0.09543604632398191 0.9874958697645696 47.49547310917107 0.007775160262539416 0.9952372186770441 -0.09717214334814983 -3.051521758358407 -0.9920663680535333 0.019870571758969356 0.12413493366107745 54.17768300780285
0.13266646118391065 0.09189777804997089 0.9868912850291127 48.29882061907283 0.007057880724098787 0.9955796371614382 -0.0936556052203156 -3.126724345086264 -0.9911356094887416 0.0193903186920051 0.13143142373268357 54.29116700474153
0.14029522470210556 0.08658340864432301 0.986316664805636 49.09131129861884 0.005143113898585787 0.9960918908546885 -0.08817308746413205 -3.192028235628713 -0.9900963580910743 0.01744300206562786 0.1393016273190184 54.40687535001365
0.14737965228613087 0.0790594960126751 0.9859152266712581 49.89871720487561 0.00256239508176554 0.9967664256134352 -0.08031268206990183 -3.2600473436794593 -0.9890766766148422 0.014362759485489346 0.14670050755364808 54.535468616646604
0.15467284816001944 0.07641678527310929 0.9850059822004069 50.68782298743067 0.002284780023418336 0.9969738532915057 -0.0777040258502207 -3.326906438231084 -0.9879631014477762 0.014269224982832921 0.15403018988522094 54.66849521762826
0.1620000512095604 0.07812537545741471 0.9836932495029815 51.462148534182205 0.001871591712047701 0.9968349177447069 -0.0794773169487165 -3.3909980564538773 -0.9867889746812943 0.01471640154865803 0.16134108891691398 54.79627948279783
