1.0 0.0 0.0 0.0 0.0 1.0 0.0 0.0 0.0 0.0 1.0 0.0
0.9998813245073798 0.0014235601928952097 0.015339829782139528 0.011303617514743593 -0.0014082642151534803 0.9999985004665725 -0.0010078970715243732 -0.0008714005767925973 -0.015341241581701555 0.000986174925494158 0.9998818299007879 0.09915417718119116
0.9993231558532861 0.004532074433378056 0.03650603342954537 0.024253520825946645 -0.004513696271569346 0.9999896416216445 -0.0005858288003191373 -0.0018098057093962818 -0.036508310305967115 0.0004206551385439439 0.9993332608934107 0.20508180388227137
0.9979471950405695 0.006131130072595301 0.06374798157347845 0.04501310776718205 -0.0062059358500283655 0.9999802671695328 0.0009755161584346784 -0.004245624408656091 -0.06374074262891015 -0.001369129498240431 0.997965552117673 0.32692414992609364
0.9951987038857781 0.005874948070240384 0.09769864261717988 0.07790182700754253 -0.0062111804858000184 0.9999757876190069 0.003137740065751236 -0.005204182366580599 -0.0976778430404781 -0.0037294987490790778 0.9952110981184042 0.45821875356509867
0.9907795183822852 0.002762428742826652 0.13545595203462923 0.12235393863875785 -0.0035139267715720915 0.9999797324973719 0.005309134875742682 -0.006996125862548724 -0.13543854057398508 -0.005736164391438183 0.9907691447281062 0.5900884285498003
0.9845937526594898 -0.00017390093664359802 0.17485740471128916 0.17266844983343937 -0.0008294964599240232 0.9999836081684017 0.005665274055844085 -0.007161678931309416 -0.17485552367462207 -0.005723037040687478 0.9845774691142918 0.7225018745903723
0.9758182437086801 -0.0001058531358793418 0.2185834944372994 0.2254681139121012 -0.0014271005793625776 0.9999754842648604 0.0068552354587366575 -0.0065616899466564614 -0.21857886135041438 -0.007001404457104425 0.9757941697440009 0.857581615856311
0.963757489293132 0.0002363187929769096 0.26677977056895996 0.2843333591751741 -0.002923074616532996 0.9999489333454668 0.00967400310366663 -0.004390845665577369 -0.2667638608698431 -0.010103210118158325 0.9637089641998372 0.996664363686363
0.9493711133713989 -0.003617597796852375 0.31413596114124026 0.3569678083772799 -0.0017892180842282116 0.9998552173606085 0.01692167294973613 -0.007424203111272998 -0.31415169551444044 -0.016627005230977973 0.949227188244443 1.1322211999327645
0.9325332914007606 -0.01287052358512095 0.36085455526002325 0.43834879322248943 0.004289758025247184 0.9996889094366948 0.024569947605908676 -0.009093309031303046 -0.3610585249033031 -0.021364315386108536 0.9322984005256759 1.2548629105546867
0.9112121015755922 -0.01812020992718255 0.4115387757361234 0.5203893293618505 0.006876672991757798 0.9995619701380708 0.0287850520628899 -0.008226089017802857 -0.41188010064915354 -0.023399270200023036 0.9109375702227618 1.374272145320755
0.8861644288488932 -0.01972131920402689 0.4629510499089157 0.5991665763630359 0.00497661240309816 0.9994413327426174 0.03304929249848701 -0.00824927624245323 -0.46334418996239046 -0.0269831794737777 0.8857675031595942 1.4777526508209298
0.8578164301041936 -0.022081087759671467 0.513481643105814 0.7022012764638517 0.00321372558575932 0.9992875806260787 0.037603233562265255 -0.007014711465071968 -0.513946149135448 -0.03060648248048967 0.8572762676168137 1.602286566282868
0.8256842770015097 -0.026781593498797825 0.5634964249772656 0.8293219542267134 0.003992656217747781 0.999124886959008 0.04163554917947951 -0.0035271805318507826 -0.5641183682604394 -0.03212797081695519 0.8250686396187676 1.7342417397674463
0.7896634686260322 -0.0323401127333683 0.6126872966088788 0.9711603921828927 0.0058686531756433555 0.9989622825058652 0.045165440776954835 -0.0030444616762218615 -0.6135121557291323 -0.03206984937703373 0.7890338139354528 1.8674367944070518
0.7517865751428908 -0.03637902446956063 0.6584022418047841 1.131424402961245 0.006395116821846955 0.9988322962962533 0.0478868077489962 0.0005517851881208999 -0.6593754984193432 -0.03179009994003635 0.7511413592860166 2.001742271498269
0.7121614062127963 -0.039286276004456805 0.7009156297434904 1.318141283792742 0.007149025592702701 0.9987869776012528 0.048718218432432854 0.00945268060315936 -0.7019793607607613 -0.029684371171661984 0.7115783970681342 2.1423687086636196
0.6705131251538703 -0.041081396591721574 0.7407593859347741 1.5629287475317661 0.006120440160905293 0.9987380391226788 0.04984846458642461 0.02048850399577873 -0.7418724211133789 -0.028890276278722832 0.6699184000517613 2.314458994179164
0.6282893467337596 -0.040932888917616164 0.7769021787752453 1.8265420746545373 0.0011584055823261915 0.998663021163429 0.05168005666831377 0.03390240620116121 -0.7779788910229969 -0.03157006122248388 0.627496754060956 2.488045321950766
0.5865186369086278 -0.04181843569369125 0.8088554302191321 2.2080237161566716 -0.0017831527826919385 0.9985970980456603 0.05292122580723317 0.047511076275916705 -0.8099337682335502 -0.0324815980351828 0.5856212401066766 2.721500293789009
0.5464937456581178 -0.04301320539906898 0.8363578481235514 2.5675995309190585 -0.0038821439760193654 0.9985392917341268 0.05389073966145348 0.062372129204511184 -0.8374541867557349 -0.03269781375576353 0.5455284942703573 2.920157952972224
0.5080338226961296 -0.045383479335531676 0.86014067151842 3.001044973462517 -0.005403118193700097 0.9984233776523405 0.05587096984192781 0.07646833437736662 -0.8613201735188499 -0.03303178409795732 0.5069876329150084 3.1387827184811337
0.47101227419352126 -0.045089745960480765 0.880973525350374 3.4368828038110224 -0.00857665317597035 0.9984114974629261 0.05568592958851798 0.09421671424555882 -0.8820849610889789 -0.03378456072021019 0.46987735088807586 3.3421410464085306
0.43443212255985136 -0.04433358915890645 0.899612841037983 3.9171144025508733 -0.009669288194895443 0.9985008030343075 0.0538762582743815 0.11607775757677617 -0.9006526720961557 -0.03210419306154719 0.4333521489896184 3.5498684140478414
0.40121159129502115 -0.04304560641259279 0.9149734065966556 4.42250685866149 -0.008360123530551178 0.9986814943943223 0.05064959120148789 0.13816163453269087 -0.915947251398829 -0.027970493790708484 0.4003227249757787 3.7396069699824213
0.371469601151992 -0.041233985562000565 0.927529025882561 4.95577596579469 -0.006357445258605104 0.9988769191155699 0.046951925923987926 0.16215183723260362 -0.9284233507994953 -0.02333792820411733 0.3707902679377865 3.9308106684499946
0.3460347275958326 -0.03937541589127576 0.9373950842206646 5.576394403286988 -0.005254844190509412 0.9990219405245852 0.04390386045698351 0.18863848371179529 -0.9382069888410609 -0.02011812550616673 0.3454893733762394 4.140448408840246
0.32589097518126287 -0.03882214737292534 0.9446099264610553 6.140832593191343 -0.004071683009428266 0.9990896191388335 0.04246591958844191 0.21142241918255203 -0.9453985898513257 -0.01768541213475515 0.32543621879678275 4.320766333350202
0.3112207821978669 -0.03935410710418618 0.9495224478558577 6.735172253219018 -0.003086254789118401 0.9990950882897163 0.04242027329875801 0.23406160836155263 -0.950332625852403 -0.016132538839157287 0.31081769806605036 4.50682704573901
0.299672441125319 -0.0408462688719082 0.9531673569469508 7.33853481365745 -0.0021808866479003887 0.999051125066747 0.043498198081032495 0.2558308526419138 -0.9540396594290094 -0.015113961165475738 0.29929900837534884 4.69015360515428
0.28892389068617125 -0.042791654209412826 0.956395242418524 7.980403684102376 -0.003346494464379688 0.9989493018379015 0.04570660053394626 0.2795012687468612 -0.9573462207402107 -0.01640630024081901 0.2884771168513072 4.878276783754049
0.2784783872521017 -0.04457173649508444 0.9594077069417783 8.673321388661293 -0.004695688198325061 0.9988474686489068 0.047766985314295136 0.30602596435200274 -0.96043101696364 -0.017807152481088318 0.2779481372031527 5.076906221705442
0.2685346469366092 -0.0463444987297134 0.9621545254438719 9.33366725514494 -0.005498049077267649 0.9987519531370896 0.049641792485703135 0.3324511544878484 -0.9632543354955501 -0.018620514019254252 0.2679446987844396 5.258701632329697
0.25830645207107683 -0.048255924825776654 0.9648570580856325 10.09366462036507 -0.006493387644146715 0.998642377216988 0.051684024062633484 0.36219164605297915 -0.9660412065410845 -0.019615507783715968 0.2576424249207253 5.464122199966945
0.2478291261813123 -0.049734046959994484 0.9675263556044292 10.806655751691224 -0.006796728714878172 0.9985676303203508 0.0530706336421244 0.39387898354071094 -0.9687799175741528 -0.01972846292495426 0.24713611443015587 5.647192659351091
0.23751055024223294 -0.050943078030149185 0.970048215979209 11.538708874838875 -0.0068554291694444 0.9985111036352913 0.05411634695668525 0.4270810510469485 -0.9713607680025652 -0.01950330017837323 0.23680768498428792 5.823509628469825
0.22710529356277467 -0.05373259230940444 0.9723867513286457 12.321147836382789 -0.008275528969878812 0.9983342112981788 0.057099195895504384 0.4626075300391771 -0.9738350482787286 -0.02101454437659342 0.2262823185063506 6.006042975392485
0.21566322682613762 -0.057243929290875566 0.9747884412293158 13.098248519701187 -0.009977103077641967 0.9980988752188332 0.06082016689453499 0.5005790956933149 -0.9764168321004689 -0.02284223820561844 0.2146820955381275 6.1824467305431625
0.20345422549195874 -0.061227316606394445 0.9771681502334425 13.887169762260111 -0.010952472354397539 0.997837980643879 0.06480283739060304 0.5348606683347914 -0.9790231976203592 -0.023886818242016016 0.20234376302589482 6.349133185585212
0.19038355581428765 -0.0635348762667419 0.9796516835964086 14.677403464033642 -0.011870942015011304 0.997681604167982 0.06701117399717096 0.5714935186482415 -0.981638009864728 -0.02438721391575249 0.18918795253990947 6.504261059383972
0.17637470225684593 -0.06409939768754634 0.9822337968222754 15.459803321968604 -0.012429294946057587 0.9976528329087005 0.06733749042241825 0.6098619364878959 -0.9842446225562792 -0.024085103390667276 0.17516401104024762 6.64462715368859
0.16182961291835962 -0.06301381365559075 0.9848047703333248 16.259347282527717 -0.01405231406724749 0.9977108148430514 0.06614878997057308 0.6508586946165251 -0.9867186573953332 -0.02454361900360311 0.16057366507044865 6.778611962245356
0.14523137230107028 -0.06217110246743432 0.9874424552942475 17.06448795192125 -0.014610520302117467 0.9977801952601801 0.06497087534471968 0.6862769147655753 -0.9892898368001406 -0.02386285742616472 0.14400063485766024 6.897275079113718
0.12479443737166734 -0.06043176600338105 0.9903405222744356 17.8401049282178 -0.01740712536791557 0.9978564096026213 0.06308389494468676 0.7236460825672781 -0.9920299090186314 -0.02511150080499361 0.12347498588704568 6.99599076911473
0.09950202890356534 -0.05938084235247289 0.9932639436753883 18.65031178905923 -0.021982600713275 0.9978429281695685 0.06185673744922966 0.7554840201046286 -0.994794507177213 -0.02798939555426241 0.09798205053249427 7.075908032012841
0.06952379312321375 -0.05892400199446816 0.9958385432281261 19.437155966700672 -0.02591293109286719 0.9978105153518209 0.060849777777005745 0.7882648838783026 -0.9972436824527575 -0.030035602912053733 0.06784467824208862 7.126748615409104
0.0364848658297386 -0.05882426073631266 0.9976014038253016 20.22044300848024 -0.02894759311573659 0.9977849332581439 0.05989377109389701 0.8190857451124512 -0.9989148569413667 -0.031063375732020344 0.034701228651729275 7.150291110824416
0.0021325025509417225 -0.05821290313346796 0.9983019134218084 21.046004285043303 -0.03048982382119187 0.9978362619112267 0.058250880322820504 0.8498770897744619 -0.999532802401313 -0.03056226961147267 0.00035298721328831 7.149190673104798
-0.03176895733569913 -0.0570319661681202 0.9978667687546274 21.91348538758277 -0.031557056691058696 0.9979302024132346 0.056030913650223904 0.8815138645431171 -0.9989969396964133 -0.029709694486479105 -0.033502963014041515 7.115910530293402
-0.06479982065654522 -0.05483997404096865 0.9963902651521971 22.72895958114511 -0.0337207369089577 0.998038900558102 0.05273769880354028 0.9140936120478083 -0.9973283787926602 -0.03018162056553551 -0.06652198610115007 7.060610180329921
-0.09712330883982266 -0.05184840789544619 0.9939209251639247 23.546616242221017 -0.03604259928381458 0.9981703329832933 0.04854809356595547 0.939854444004763 -0.9946195221876907 -0.03110834214049068 -0.09881435691436424 6.9770121025580325
-0.12955598055088685 -0.04719662572631851 0.9904482452019128 24.37850799603586 -0.033268924495255585 0.9985111042339172 0.04322908031051786 0.9631246961639839 -0.991013837727015 -0.027350561998138654 -0.13093326617769352 6.8599530386876495
-0.1611441312912878 -0.04129592579281665 0.9860665370365687 25.1874853778928 -0.028008961962418734 0.9989131283852971 0.03725667711011924 0.979327637589603 -0.9865333582804808 -0.021615005260561038 -0.16212564432384502 6.715222013167328
-0.191596830326291 -0.03483487002677515 0.9808553341034224 26.026928641541485 -0.02165430074081898 0.9992767144370385 0.031259226531454104 0.9929633154799303 -0.9812348066942713 -0.015250567666033887 -0.1922125758568337 6.5363573128828385
-0.2201689817634376 -0.028970449652395893 0.9750314520651061 26.821494279681012 -0.015431316965718478 0.9995372413353212 0.026214073328664083 1.0007747356286003 -0.9753396813038799 -0.009274493555717331 -0.22051414885065834 6.335023633542938
-0.2480224286154532 -0.022950669076900583 0.968482391008022 27.637079732434213 -0.006982792604297072 0.999735713668321 0.021903045987698513 1.0032762316378236 -0.9687291239098458 -0.0013302650173778394 -0.24811713943991393 6.1063636371098395
-0.2739167500404998 -0.01248511444199166 0.9616723641472811 28.389432363292975 -0.0007688357335180829 0.9999182583666191 0.012762659467486037 0.9981938440676268 -0.9617530987414935 0.0027565381257141294 -0.27390395864006084 5.87088927491982
-0.299298032477183 0.0031572077023973074 0.9541544527982936 29.124953033201997 0.00405125823418592 0.9999897167186265 -0.0020380784386533537 0.9871347451567697 -0.9541510755965257 0.0032555332168611602 -0.2993077453750015 5.625604580476654
-0.32379989261208414 0.02053120571733227 0.9459027958179399 29.800406504580778 0.005180053271350171 0.9997880068540664 -0.019927578851434504 0.9669947272762651 -0.9461114081293538 -0.0015527210202572737 -0.32383760199353684 5.382028795653174
-0.34891653042416043 0.0356422775771924 0.936475778034796 30.43185836347388 0.005349604696727069 0.999335973502283 -0.03604155648461975 0.9440046269726726 -0.937138536464249 -0.0075657196191537485 -0.348875512697996 5.140905739109912
-0.37334685891226166 0.04607812557359585 0.9265467766302854 31.218420874746226 0.009140271085365397 0.9988999307698063 -0.045993301170529 0.8986616212660117 -0.9276467961378585 -0.008702565811350281 -0.37335731807943073 4.816060730539979
-0.39711326462051266 0.05026171336486167 0.916392282394427 31.9670179652308 0.012067878529577959 0.9986989103378712 -0.049546471092752814 0.8497137445000097 -0.9176902643976528 -0.008616650136690215 -0.397203136908796 4.490654124667513
-0.4195057409910945 0.04998858014361727 0.9063752396942107 32.697533720094285 0.015772242467278895 0.9987332408634834 -0.047782318506718144 0.7980657759542849 -0.9076156508363361 -0.005749386884638096 -0.4197627602674926 4.144495863303216
-0.4397136877169794 0.04578326022528818 0.8969703261075467 33.42378652919135 0.01942471652683318 0.9989510684862657 -0.041466168836789434 0.7457916312909298 -0.8979279220640077 -0.0008098476970993147 -0.4401417850244628 3.7785783150037644
-0.45744483563777255 0.044715367058859846 0.8881130323878391 34.15387142952371 0.027401059588671124 0.9989694463029208 -0.036183245938617534 0.6963865625876235 -0.8888157313424133 0.007783399130702634 -0.45819866260850506 3.387693230793719
-0.47155163057441896 0.04491625608405692 0.8806938115156699 34.86508275319382 0.02949149176187712 0.9989465786747405 -0.03515657645007879 0.6482765574008277 -0.8813451716644651 0.009394833336601715 -0.472379535427088 3.0042764368586017
-0.4826037526742315 0.04907719440790059 0.8744627189845195 35.5559019684298 0.0335379257815539 0.9987320836068311 -0.03754241213120654 0.6032071987293615 -0.8751964496266081 0.01120955678907582 -0.48363779876842977 2.613124859926086
-0.4924338746611169 0.0515439443439071 0.8688222493051799 36.25540916658529 0.03431265263971906 0.9986184887507917 -0.039796429411586676 0.5568097471146701 -0.869673226536879 0.01021448611324284 -0.4935221811817345 2.2120786963346695
-0.5031978156621484 0.05102754584469731 0.8626634035809739 36.94239001052587 0.028489437709853647 0.9986920771972909 -0.04245570494453196 0.5075702555891014 -0.8637015168747935 0.0032131773104054065 -0.5039934178535994 1.8210056855449177
-0.5142954380748139 0.049649630322233074 0.8561746998039017 37.62123416715674 0.027897267603899892 0.9987630032652489 -0.041160730907227674 0.4601924666936346 -0.8571592295692042 0.0027161585827059787 -0.5150443453207518 1.4161752801259861
-0.5230162782637734 0.05092708841699831 0.8507998615047364 38.314206648455254 0.029875513785851744 0.99869530441175 -0.04141428041091402 0.4141514252511686 -0.8517989353991602 0.003757740183897026 -0.5238553741650149 0.9859444934795858
-0.5302013632583287 0.05402279724459005 0.8461489536582077 38.99984014019135 0.033128489217734904 0.998525970567868 -0.04299289829318648 0.3670460380914048 -0.8472243018239978 0.005236743202389531 -0.5312095244999585 0.5539692553927162
-0.5336270639353771 0.05698100398753885 0.8437981522972667 39.68324973002241 0.03424011495829221 0.9983652545344972 -0.04576497641113905 0.32323167356491755 -0.8450264913973716 0.004470315742905084 -0.5347057556393111 0.12013749001453383
-0.5333633740118295 0.05931181475559846 0.8438042544886315 40.399560140709816 0.034178340693456946 0.9982351807930923 -0.04856299882034462 0.277313787232822 -0.8451954521234479 0.002938104385549434 -0.5344492634969761 -0.3312395935014776
-0.5299378007838244 0.0594366747887262 0.8459510677281892 41.118523953341324 0.0362336160619635 0.9982168524387112 -0.047436700711863136 0.2268179469305444 -0.847262091898061 0.0055133653435861085 -0.531146449141016 -0.7839099575973202
-0.5241784219557242 0.05827898153862284 0.8496119951288518 41.85998875840764 0.0343654091711488 0.9982905662648707 -0.04727540543521241 0.17614453973389302 -0.8509148022031975 0.004416516430972397 -0.5252851547246584 -1.2331014896665236
-0.5174106273572019 0.056885092242743615 0.8538444407375162 42.62939187554661 0.0321565122924935 0.9983758448819646 -0.04702798181302805 0.12497174111385774 -0.8551328560025103 0.003123881681231294 -0.5183994984066167 -1.686318163515106
-0.5101543842113705 0.05639777066739069 0.858231784387916 43.37921971221457 0.03051161885365536 0.9984064398482259 -0.047472328619109244 0.07538624291838074 -0.8595414739178368 0.0019678245195751736 -0.5110622097962371 -2.1275939340898176
-0.5036618391753558 0.05494877689554488 0.8621516013301734 44.18407400033988 0.02764994768692806 0.998489171608494 -0.04748530902809706 0.021360191560577092 -0.8634582978647022 -7.809140392088564e-05 -0.5044202233756335 -2.5905895404837773
-0.49958654828941135 0.05260817435771619 0.864665056978146 45.02936413464011 0.023127492673591325 0.9986084492647059 -0.04739498011153456 -0.033388807163780565 -0.8659551950597127 -0.0036803597497942885 -0.5001080434278247 -3.063127818993292
-0.49805299719730284 0.04992986087459151 0.8657079305261262 45.8938398850605 0.018905797769532953 0.9987288592585213 -0.046725116317361454 -0.08959340971046771 -0.8669404724624878 -0.00690468516424658 -0.498363865593505 -3.551310226157211
-0.4985366397468836 0.04731889003925716 0.8655761904508114 46.768913668183934 0.015679877182907687 0.9988379460645288 -0.045573006847507536 -0.14741114997183136 -0.8667268083320232 -0.009147685338200217 -0.49869926766693556 -4.04309607630722
-0.499176276027497 0.04636319669464934 0.8652592093954123 47.619082320260155 0.014467899003629832 0.9988742696652545 -0.0451760257119406 -0.20035487165395818 -0.866379665821943 -0.01003231742711548 -0.4992851161984505 -4.533400327822347
-0.4995202441085628 0.0456600059517182 0.8650980809030914 48.487289608221104 0.014160562035048417 0.998906971312646 -0.044545944213235746 -0.2539111790028468 -0.8661864719611904 -0.010001325886412336 -0.49962082549863757 -5.036400796412173
-0.4993985622352467 0.04524203193276844 0.8651902880776943 49.33126545720851 0.014475019016856184 0.9989319212427991 -0.043880411878563993 -0.31012692806564335 -0.8662514357054946 -0.00939016872932136 -0.49952004451213405 -5.536902241283295
-0.4995746748033889 0.04429635951478047 0.8651375479245057 50.235224646743546 0.014871447327622104 0.9989831443675357 -0.04256192340500624 -0.3704712587137967 -0.8661431661968305 -0.008397011568955278 -0.4997254304588076 -6.066891840305489
-0.4998047055113456 0.04389751332215135 0.8650250081199096 51.106806888351 0.014005841091421539 0.9989938795679056 -0.04260357967573885 -0.42861613664402426 -0.8660248799913541 -0.0091780667897287 -0.49991666338097196 -6.5679735094737595
-0.5003384902135819 0.04227878924711701 0.8647970277415344 52.122046371025306 0.011293156289949332 0.9990407887600777 -0.04230800178043259 -0.49305667023169936 -0.8657562358030143 -0.011402033741406364 -0.5003360208847204 -7.144442924869323
-0.500435499253801 0.04172899648148761 0.8647675999592307 53.02203620371996 0.011252800224674587 0.9990669057721281 -0.04169762916533595 -0.5516253160549833 -0.8657006905239841 -0.01113591682594221 -0.5004381138390069 -7.651508736915033
-0.4997648095700455 0.04107361994226149 0.8651867387219109 53.908462370469906 0.010617845069696165 0.9990904854300594 -0.04129725522603882 -0.6104301227291452 -0.8660960665431362 -0.011452496145701893 -0.4997463795271959 -8.153399925396421
-0.49842636863535245 0.03970612335737025 0.8660222738572643 54.80667940587663 0.010584790724155383 0.9991548571201032 -0.03971817844051181 -0.671011073339614 -0.8668674161913701 -0.01062992291767891 -0.4984254081449522 -8.664426093817163
-0.4963962328447291 0.03767498582231746 0.8672781419249831 55.737948463093865 0.011198852994514254 0.99925257892397 -0.03699823246322686 -0.736216472071062 -0.8680238278464303 -0.008653262799885982 -0.49644713246603306 -9.191678808662898
-0.4941025399129922 0.03619733198362235 0.8686497759216881 56.64663974924489 0.011529615012212427 0.9993178529808806 -0.03508413731808072 -0.7941719807979204 -0.8693271812322451 -0.007319963862698158 -0.49418283064049107 -9.697006595442868
-0.4917392470925686 0.03593568140666044 0.8700006549828996 57.5525317188668 0.011842089322026017 0.9993316190523238 -0.034584390738466614 -0.8493538876959239 -0.8706619767678633 -0.006703876796360081 -0.49183613149765226 -10.201511815063121
-0.4896575059020393 0.03621833555361616 0.8711623035253084 58.45019692466538 0.012213213982580857 0.9993237734464128 -0.03468188618052606 -0.9034559744285741 -0.871829320634498 -0.006342554260622101 -0.4897687287765937 -10.69822029910301
-0.4886060717693486 0.03674928181033492 0.8717302317325886 59.32983574281329 0.012266587301533956 0.9993031744898981 -0.03525189768490223 -0.95910801412458 -0.8724182697915608 -0.006531136259300837 -0.4887163868677436 -11.189387792632322
-0.48938349996685326 0.0381831804160622 0.8712323654993019 60.25178235302446 0.011634597246347364 0.999237951529243 -0.03725791688431179 -1.016523310774226 -0.8719910699698183 -0.00809697208575172 -0.4894548119448147 -11.702785420016504
-0.4921753510098195 0.04009806377380149 0.8695720609241967 61.124308557564795 0.010605712560591844 0.9991405885963173 -0.040069977295817946 -1.0734130073750758 -0.8704314692837359 -0.010499023811641183 -0.4921776384391708 -12.192393550621334
-0.4967145933523704 0.04043867872612705 0.866971352475776 61.99649667525313 0.009335536333802177 0.9991051077953506 -0.041253258521015836 -1.1362640307793919 -0.8678637338385271 -0.012397452969323342 -0.4966476040893818 -12.682526148850616
-0.5021731217174819 0.03909455390368305 0.8638829617949374 62.813305300996355 0.010473283759909658 0.9991792704461472 -0.03912921974675637 -1.1905215643513734 -0.8647036869077198 -0.0106019510363684 -0.5021704217518375 -13.15198054061447
-0.5076745171783951 0.03681613905401674 0.8607619627474491 63.66218462311876 0.01180810378966023 0.9992900418168221 -0.03577682225445848 -1.2460726384644385 -0.8614680222112581 -0.007999014369895956 -0.507748818291617 -13.649744169282812
-0.512897773873053 0.03426903939787775 0.8577654146063569 64.50187936479917 0.009192304800478711 0.9993648487504809 -0.03442964731716233 -1.3020441510459888 -0.8584004747718411 -0.009774048325836247 -0.512887017666466 -14.146423384116641
-0.5180294040857139 0.0376098415620873 0.8545355676156945 65.36672528740944 0.011340508517942079 0.9992470544022514 -0.03710413905455139 -1.3585368528722783 -0.8552876296130767 -0.009530167160112403 -0.5180658708549954 -14.661555792230914
-0.5231903509917613 0.038947669057220975 0.8513253994238215 66.16345855348162 0.011510570849639249 0.9991869629626607 -0.038638320410836834 -1.4121405169915842 -0.8521381128595492 -0.010415955091312453 -0.523213287762937 -15.14049792352788
-0.527924477117781 0.03995972384708008 0.8483507334410604 67.0321919615394 0.010307299502450754 0.9991203946667507 -0.04064722054364462 -1.4713197437673995 -0.8492287713195339 -0.012714457559093844 -0.5278719887738815 -15.673865932273856
-0.5317904495181479 0.039718427065042486 0.8459440669174101 67.88819113131032 0.008637457100285933 0.9991020143025554 -0.041479625738641474 -1.5320200972073512 -0.8468319267340644 -0.014751663230156045 -0.5316559755103072 -16.20049551050206
-0.5352275740664443 0.038936096375380105 0.8438100641483238 68.69823731160204 0.009407941672506444 0.9991499134933041 -0.04013652949384671 -1.5890790025709156 -0.8446555123791215 -0.01354366144625642 -0.5351388928513726 -16.709107179447223
-0.5376361157169446 0.03220796900810878 0.8425616023823843 69.51024993828403 0.010342154565779093 0.9994469034550556 -0.031605806634843005 -1.6401330451152532 -0.8431135433117738 -0.00827852079022862 -0.5376718508326351 -17.22368447569889
-0.5398587417184201 0.023163163360236154 0.841436870390972 70.44578501052547 0.009529028960622741 0.9997254354862698 -0.021406803798248338 -1.6962661517935305 -0.8417016909792163 -0.0035385738562440363 -0.5399312381199957 -17.817817570537805
-0.5414892872321488 0.021622319740219168 0.8404295491603525 71.31951756338074 0.01034229011636793 0.999764885147016 -0.01905810751684576 -1.7393868362191902 -0.8406440321848294 -0.0016277948355057055 -0.5415855993617302 -18.376513278557535
-0.5425490437222987 0.026078535234624084 0.8396192262901307 72.13076074087893 0.009855625311033775 0.9996468091138758 -0.024680431077585465 -1.7743721427911072 -0.8399663099230515 -0.005115371781542408 -0.5426144406167129 -18.89811244710582
-0.5438894069248774 0.03262124868012798 0.8385226098141043 72.80282765886652 0.011907939283141102 0.99944354236443 -0.03115776962603936 -1.809814774948562 -0.839072412856563 -0.00696130451780105 -0.5439752073601108 -19.328622372552275
-0.5441916336384869 0.03643890442807651 0.8381692383534239 73.46047886444134 0.01772378014860093 0.9993326929902349 -0.03193800773575926 -1.849995819148324 -0.8387737081568064 -0.002524869296985005 -0.5444743258776427 -19.758166399078437
-0.5440270530062364 0.03774771361546809 0.8382181552043338 74.29421505476613 0.021371504579255005 0.9992868223378334 -0.03113045926379084 -1.9029652023843253 -0.8387954604010259 0.0009781711303533534 -0.5444457904988067 -20.30383508005088
-0.5434976808699358 0.03428272413004212 0.8387102990396788 75.01843016563885 0.020132024311350166 0.9994106025233334 -0.027805559895011486 -1.9450413357394927 -0.8391692156449314 0.0017726788122177984 -0.5438675253439014 -20.772591928078494
-0.5428524592524031 0.029522910166226147 0.8393090046335364 75.83128326799539 0.01909791183342161 0.9995574471176827 -0.022807447800750613 -1.987085284080743 -0.8396109082469222 0.003647970243579911 -0.5431760442673078 -21.29294283229114
-0.5420454753952341 0.02261964633753533 0.8400446739329535 76.55800437784968 0.01587114034723106 0.999734930439471 -0.016678601957733935 -2.0235513894329658 -0.8401992677380967 0.004291906190826131 -0.5422607952209114 -21.754990416884755
-0.5416681001721008 0.01691131062916955 0.8404223205203164 77.35122494427188 0.0073563336879814405 0.9998546874791308 -0.01537817546657794 -2.0576048798396807 -0.8405602617365509 -0.0021474400605192906 -0.5417137942590788 -22.24399617321433
-0.5401697198303589 0.011639996493975487 0.8414755993253843 77.98300697999926 -0.00033505894758512414 0.999901286093854 -0.0140465584168738 -2.0795714897851716 -0.8415560358727718 -0.007869469453351947 -0.5401124974823566 -22.63541930579892
-0.53808623023461 0.012373420445923829 0.8427989720558383 78.72445056987983 0.0028289827320093965 0.9999131260167641 -0.01287389902418979 -2.1082416852934536 -0.842885048917472 -0.004543004055846013 -0.5380744887332416 -23.110453849051478
-0.5349105512052102 0.015632649722010155 0.8447640631987194 79.53041449685622 0.006789846561999236 0.9998760691613057 -0.014203672137884113 -2.1420583850286254 -0.8448814119111648 -0.0018618757222032597 -0.534950402584942 -23.62393660596548
-0.5296577635642619 0.018809164086165477 0.848002870774909 80.34732644824383 0.00897454585193769 0.999822411427071 -0.016571153698777222 -2.1708126256344054 -0.8481639647042644 -0.0011665995614296779 -0.5297325061034167 -24.1301913014454
-0.5220246557987791 0.021052222288315978 0.852670547559192 81.15873720393431 0.013845177151487769 0.9997727833053272 -0.01620780156478238 -2.2011481207407604 -0.8528180168170761 0.003344502749702741 -0.5221975148289641 -24.62719512610234
-0.5137328966696781 0.024244047056248573 0.8576075658841397 81.9245203085511 0.021407732384816705 0.9996516639056653 -0.015435667940683158 -2.2385941747160008 -0.8576830532740647 0.010429622858443366 -0.5140729550302253 -25.095425362143022
-0.5036739393421962 0.0231714683178249 0.8635830277880133 82.5066829909788 0.018227035591665178 0.9997027349515003 -0.01619311285795682 -2.2574134981425953 -0.863701532938928 0.007584509640470316 -0.503946561861929 -25.43348966974042
-0.49292759192120256 0.020740836273067283 0.8698230893885613 83.30866598752361 0.01628688679324969 0.9997606223539096 -0.014609425351706219 -2.289314505783345 -0.8699178848841703 0.006965321329057173 -0.49314739972693156 -25.875319220243885
-0.4815310074691894 0.01730410560977768 0.8762582135276997 84.0871828127853 0.016201124852665814 0.9998099805993578 -0.010840952329929493 -2.3174654004628827 -0.8762793004511837 0.008976114023179818 -0.4817198532112066 -26.29625062249757
-0.47033560512045686 0.01645149295638576 0.882334271654163 84.68247002010044 0.01579985308048024 0.9998229437163278 -0.010219875784553755 -2.3383844219758667 -0.8823461810415507 0.00913398039862438 -0.4705122604178003 -26.60928359500173
-0.45833999311097473 0.015727352865665765 0.888637778336524 85.51534622130336 0.01651534352479399 0.999821498417569 -0.00917685841150937 -2.361118640241248 -0.8886234827773177 0.010470036957225894 -0.45851792133222447 -27.032444264817382
-0.4463359879441075 0.01683876359786635 0.8947070145620047 86.32333796325007 0.01752996956930687 0.9997956113702274 -0.010071526782554926 -2.383548264015679 -0.8946937386798104 0.011188901882120203 -0.44653994495656824 -27.431256491549316
-0.43425219954467553 0.02083029219806771 0.9005504572857409 86.93627193931854 0.017581286936134848 0.9997381514467925 -0.014646736545007567 -2.4085322144276984 -0.9006197452533898 0.009472458429187171 -0.4345047145785948 -27.721069199064644
-0.4220519454706238 0.030174434966908345 0.906069345469149 87.70195483801137 0.020480806936097905 0.9995082082467364 -0.023746119570245045 -2.434754546106622 -0.90634027377785 0.00853493537327029 -0.422462380581355 -28.08185006433535
-0.40935729315106767 0.035058126021661876 0.9117003533748809 88.41365156069568 0.020388082672035665 0.999363454963846 -0.029274749660458753 -2.462430585125338 -0.9121463329033281 0.006603989898050733 -0.4098114867697547 -28.397459712118184
-0.3976882200961134 0.0317315722669911 0.9169717481570807 89.22272852191162 0.019158552530294283 0.9994710834688113 -0.02627742709292323 -2.5032051961486212 -0.917320570717636 0.007117628196573276 -0.398085807216391 -28.741443799277892
-0.38595253950813935 0.027997423144497356 0.9220936945584699 90.07153110509286 0.01782390754310514 0.9995790961858474 -0.022889709220055315 -2.544061470494657 -0.9223464346801115 0.007600971355807262 -0.3862891140937507 -29.087442898398297
-0.37618629949402205 0.02875435277485679 0.92609775686452 90.67969332458684 0.01506220126889806 0.999576036225233 -0.024917421559750602 -2.573091188356254 -0.9264216092934843 0.004575478199073361 -0.3764599139793242 -29.32783799753321
-0.36924964980399017 0.033151358282124475 0.9287387595894141 91.4480373488099 0.010183168483021456 0.9994478756867993 -0.031626679635871215 -2.612975552329617 -0.9292744477275144 -0.0022206371143969946 -0.3693833639615199 -29.621683480362368
-0.3643124099763717 0.0382180709078453 0.930492260576784 92.22547834658634 0.004650892540951673 0.9992197773754882 -0.03921996558198279 -2.653782248193824 -0.9312651808887632 -0.00996070066623261 -0.364205913332632 -29.911989073056855
-0.36047067997050886 0.040360829758545554 0.9318969322316729 93.11588615758424 0.002679021884777296 0.999104099133656 -0.04223531621837382 -2.7103798547137052 -0.9327666973704304 -0.012728020880201099 -0.360255861522242 -30.250248987553142
-0.35718276177354696 0.039958891727063704 0.933179383432665 93.9296727961048 0.0007763014390555635 0.9990968307752084 -0.04248435113085555 -2.7610348529296527 -0.9340341921192702 -0.01445024937082024 -0.35689118544063725 -30.545592882396235
-0.35201237775491173 0.040161852230929856 0.935133312171434 94.67350996121982 0.00022939323901303933 0.9990826918765667 -0.04282198233868446 -2.806440427397237 -0.935995316914607 -0.014859354563831055 -0.35169868679861555 -30.821904934855652
-0.3458889117388449 0.03565675110550105 0.9375977052215521 95.51287448621675 -0.0030655743110436155 0.999229366359458 -0.039131517463791926 -2.85686112968913 -0.9382704636671995 -0.016409433429461086 -0.34551304968736357 -31.134886423282154
-0.340668514301231 0.03190275273815501 0.9396420476604496 96.87191724869639 -0.0027881695980930864 0.9993854519387213 -0.0349420171645803 -2.9429104429725483 -0.940179338995537 -0.014523526464522384 -0.34037020684094776 -31.61153480509821
-0.33506521552839036 0.02918633952149855 0.9417427774760216 97.75230625368334 -0.004221940585851312 0.999463554649717 -0.032477348177481304 -2.99233380351937 -0.942185478852547 -0.014858011720536605 -0.33476224836009966 -31.912823511884273
-0.3296089370997405 0.027504047068211558 0.9437168409956725 98.60271684453345 -0.013263439207779226 0.9993420333897481 -0.033757687729240565 -3.0344259890976915 -0.9440243798569831 -0.023643766521283378 -0.32902726716843045 -32.19068345555754
-0.32357865775503697 0.027685785161510726 0.9457961458715307 99.44952353224873 -0.020636914359796286 0.9991275686106051 -0.03630729138846475 -3.077529977441887 -0.94597619949508 -0.03126657867837649 -0.32272500839971074 -32.458803470557996
-0.31702288390942657 0.0319024955889528 0.947881174964958 100.10714341713008 -0.018933279740104506 0.9990220446450124 -0.03995604124011258 -3.1156793900815085 -0.9482288869234229 -0.030613478869534826 -0.31610883080906 -32.671923616263875
-0.3097550578588998 0.03524562830607579 0.9501629069881342 100.99648732740661 -0.01701810262483086 0.9989471222989162 -0.042603181028703974 -3.169572187727808 -0.9506640775341627 -0.029366520665950895 -0.3088291099460922 -32.962658686153574
-0.3032564617180929 0.03350769955615572 0.9523196692795332 101.83379649918182 -0.018417657727862653 0.998988781536062 -0.04101468333308391 -3.214587839786117 -0.9527309737329012 -0.02997746546238072 -0.30233266984302115 -33.221128894904766
-0.2961696846670297 0.02873157817413703 0.9547031026973033 102.72315068079249 -0.018783452634253385 0.9991789528238294 -0.035897104911286094 -3.267150228138579 -0.9549506268867354 -0.028564254751324326 -0.2953868371460247 -33.49148704800189
-0.28892470729020175 0.02590410979955317 0.9570013012597037 103.53335239413232 -0.020090599685979774 0.9992496614950784 -0.033113166659625964 -3.3135798777922854 -0.9571409934390694 -0.028793942027154403 -0.2881874868570937 -33.73302389179806
-0.2824414167837633 0.029276932738747787 0.9588376855832239 104.53962346999046 -0.022050838724701743 0.9990719172847629 -0.03700087302327225 -3.362830971690393 -0.9590310769712926 -0.031593754166890926 -0.2815337068646026 -34.01834649189884
-0.2757535832647872 0.03227603892133082 0.9606863268664653 105.09062866059767 -0.02067215373603098 0.9990058244337184 -0.039497149358142684 -3.3926069240886285 -0.9610060475233981 -0.030750935905338655 -0.2748122205514184 -34.1741840766374
-0.26881907857604687 0.032654755491678865 0.962636987621661 105.93388808261636 -0.022731081072857505 0.9989317042506294 -0.04023366993192619 -3.4454640896464666 -0.962922427273757 -0.03269735748819234 -0.26778962240255816 -34.40288405017223
-0.26216146686296465 0.03198474169933291 0.9644938266213464 106.68223522794916 -0.023394517854617956 0.9989462137925506 -0.03948618092290978 -3.488273189187395 -0.9647404116271941 -0.03291562315912817 -0.2611369371142988 -34.59125455285996
-0.25389751668006033 0.03185611235650788 0.9667063872392848 106.68458876669968 -0.019274913691495373 0.999092368968182 -0.03798573379218204 -3.4884093215619782 -0.967039052327197 -0.02827766565815924 -0.25305304759880115 -34.59187655419896
-0.24620837814762084 0.03277057398926146 0.9686627503988859 107.4564015093076 -0.017547736397324015 0.9991136966662088 -0.03826092107244777 -3.5337596671043787 -0.9690580537187892 -0.026417997925587872 -0.24541511344730813 -34.79424400004206
-0.23957649412069065 0.03336186356204105 0.9703041221825807 108.16703574978781 -0.016581044048649626 0.9991230738525675 -0.038446745943611804 -3.5722563290409157 -0.9707358922194517 -0.02529959199401494 -0.2388132286994182 -34.96621074931559
-0.23275374082417147 0.032397518293072455 0.9719959346318309 109.02716558124237 -0.022149428115882153 0.999009161564642 -0.03860178679866335 -3.6163546299866383 -0.97228344579474 -0.03051386436294329 -0.23180553296922357 -35.152164826901625
-0.22694386760383123 0.030884169776739984 0.9734180237771531 109.7285826375798 -0.025646615250871647 0.9989609256087755 -0.03767386671197161 -3.6525182015755617 -0.9735700961323678 -0.03351473055328241 -0.22591598162315144 -35.29942882015083
-0.2222219942731049 0.030807339623771576 0.9745092575684398 110.57876495184617 -0.02268833997143714 0.9990666305503932 -0.03675740673692543 -3.7036670757528656 -0.974732078312099 -0.03027830157041267 -0.2213156116576195 -35.49190221778108
-0.21812864165668897 0.031260754497402066 0.9754192231636933 111.3762414016818 -0.021041272195545534 0.9991038615482823 -0.036725178062231904 -3.7452330202840964 -0.9756931692665477 -0.0285348745846694 -0.217275402149061 -35.65133034152677
-0.21331126271122003 0.03273030856805966 0.9764358822275975 112.30464070097709 -0.020150691635256908 0.999078671289756 -0.03789140008650169 -3.793227088137339 -0.9767764610324948 -0.027758520762715944 -0.21245519456558348 -35.85013099312198
-0.20734032198513982 0.03193319905770255 0.9777475449608871 113.16988484036395 -0.01392984675568306 0.9992693868430431 -0.035590053212812264 -3.838697269844772 -0.9781696939940744 -0.020999126559663135 -0.2067440118486368 -36.03989022506251
-0.2018207433051441 0.03065424282743041 0.9789426464142005 114.09994301296898 -0.006689283724057658 0.999443635041859 -0.032675278997639404 -3.8861265707664714 -0.9793996329665524 -0.013142974206450891 -0.2015034023881238 -36.238398840903244
-0.19725876826609196 0.029732206270575816 0.9799004920156079 115.00752010582102 -0.0051155724157660445 0.9994951717603704 -0.031356539135654164 -3.9307103119737428 -0.9803381096647231 -0.01119810421413716 -0.19700708921509852 -36.41336614447561
