0.999043416147699 -0.0005773269386426816 0.043725499946157036 0.03663207279558342 0.0007338685646683114 0.9999933791790678 -0.003564131725815266 0.053331738817641076 -0.04372315277819353 0.003592811104843769 0.9990372253422289 0.9979047085872887
0.9960212191148595 -0.00521760090965267 0.08896351900468376 0.09695664402690504 0.006004347102971037 0.9999451800930337 -0.008578148085549544 0.0355142790183525 -0.08891388467959424 0.009078185361522726 0.9959979456111974 1.9959244954743476
0.9909503477835736 -0.0050155159308197615 0.1341352035356967 0.22804013266947287 0.006718425462532744 0.9999024462167707 -0.012245848644437677 -0.0005672495420180317 -0.13406069889016495 0.013036205339966741 0.990887373198092 2.986639006472365
0.9834403754280832 -0.0023956124845650704 0.1812161389575871 0.3405739179244034 0.005127046453554822 0.9998801838267304 -0.01460586817985418 -0.029804010644642383 -0.1811594363331229 0.015293104048818269 0.9833348257821531 3.979856679295012
0.9739086925798963 -0.005231620903765421 0.22687989919787316 0.5703929452292374 0.0087338557792572 0.99985765938149 -0.014435398830511714 -0.055602849236077084 -0.2267720844384179 0.01604029672069965 0.973815758036687 4.9527480667754675
0.9622962125255595 -0.005861117745685019 0.2719405204410239 0.8414186711064222 0.010432372967625135 0.9998274946499333 -0.015367060106033318 -0.0884743845113529 -0.27180354109766136 0.01762464867193932 0.9621913566468797 5.914836410608808
0.9488673787572031 -0.008181054179153527 0.31556895899779613 1.1664791401600554 0.01456923713605466 0.9997338146323136 -0.017889583840788762 -0.11364548222091009 -0.3153386035037708 0.021572441522483242 0.9487339958634615 6.860194600555205
0.9338164676410321 -0.009934648274483465 0.35761446772479455 1.5446977796165997 0.01810056377725867 0.9996461067640893 -0.019494379250052905 -0.1517393641658332 -0.35729424058242415 0.024677195850862074 0.9336658190442483 7.785126776207684
0.9166565733972937 -0.010030321061371689 0.3995498956412553 1.9560033768664293 0.019655285603473408 0.9996067689707959 -0.01999942938216236 -0.19004451129856015 -0.39919217952682645 0.026185875719020958 0.9164932644146654 8.695819052102292
0.8971507518432049 -0.010495697050728286 0.4415997835264321 2.400887805580919 0.020885650928702704 0.9996074769769034 -0.018673016819842667 -0.2187054033102061 -0.44123045911683917 0.025975610008026388 0.8970178089827726 9.590948315592476
0.8753110077568913 -0.010254019807984677 0.4834516467832051 2.8821297070795118 0.021439565035458415 0.9996149464440003 -0.017615444838232488 -0.2579202490641978 -0.4830848628871596 0.025783985796147196 0.8751938078652967 10.466658557690003
0.8513667708496777 -0.01018162344474784 0.5244720736483707 3.4070618706455664 0.022006834853850084 0.9996246483544609 -0.016317524994188 -0.29071229095658574 -0.5241090732974464 0.025434168872796724 0.8512712742369741 11.317170700838112
0.8259154399440854 -0.010451104291897252 0.5636971354202963 3.9802531762869187 0.023611873011532516 0.9995921493749204 -0.016062825433720878 -0.32648282806217666 -0.5632993569274292 0.026576480713345296 0.8258253599630114 12.13581115660141
0.7988129795769217 -0.012208285549666475 0.6014555523256717 4.587650843236337 0.02712590038021694 0.9995081155110453 -0.015738886749746522 -0.35659931371008846 -0.6009675608450122 0.028887450415303263 0.7987512166003251 12.929638008929185
0.7701404774241447 -0.011156050900702463 0.6377767537008636 5.222273484768284 0.02772482214566163 0.9994876049471771 -0.015995680477768476 -0.3921240775531734 -0.6372715114218603 0.030001168064866555 0.7700551607806033 13.701643251145136
0.7397005638830095 -0.014056434329025619 0.6727893373449911 5.904818782640427 0.032444909220530976 0.9993640573954989 -0.01479218211344548 -0.4172618581402031 -0.6721535566050585 0.032770374425075195 0.7396862165156319 14.432054083181212
0.7076610863696191 -0.013015332452325423 0.7064321538260604 6.603218235885311 0.032752315238855426 0.9993598004732137 -0.01439704985866826 -0.4383549587585688 -0.7057925139052307 0.033325520540477466 0.7076343243484168 15.147451374770682
0.6739028878608843 -0.011782154267546738 0.7387259834157567 7.358209970230435 0.03387544574340707 0.9993140231944753 -0.014964532152966182 -0.4800749983503005 -0.7380429200991266 0.035109313403816435 0.673839731838266 15.801857162189322
0.6381315945210927 -0.012944938511500428 0.7698184829171757 8.114042309757716 0.03838588269145502 0.9991501273146894 -0.015018225495626637 -0.512351890727938 -0.7689698252103039 0.0391337661613741 0.6380861668004258 16.455826365732378
0.6014964489960931 -0.0111038409770229 0.7987983015509285 8.904347211659617 0.03834965516139236 0.9991519654177125 -0.014988460592214614 -0.5483817648778285 -0.7979544634840339 0.03964914523011896 0.6014121876786567 17.06747987074855
0.5637218233861097 -0.009583590194375182 0.8259091116080671 9.726461971932105 0.04114923897965283 0.9990168605473677 -0.01649401326167716 -0.5745713545019029 -0.8249390559123958 0.04328356663986042 0.5635619636644201 17.636199083430096
0.5252222085923585 -0.007844503346775627 0.850928960236169 10.588480666262804 0.04582621140353588 0.998767232292922 -0.019078103845364642 -0.5996815823033844 -0.8497303042435069 0.04901509425859043 0.5249342154832906 18.14245328771773
0.4864974173261727 -0.006606846751985165 0.8736570336871099 11.463398669989473 0.04732654103003678 0.9987025114089813 -0.018801388765874644 -0.6244026716325044 -0.8723992557591365 0.050493992527716546 0.4861788716815187 18.626092902679243
0.4483823136405378 -0.008341475356340755 0.8938029540134885 12.365466607580755 0.052306333792576945 0.9984877137642146 -0.01692137426720616 -0.6515453584384197 -0.8923101188821839 0.05433880060132817 0.4481405432335608 19.05683267664186
0.41147918800515654 -0.00886180609425679 0.9113760728872387 13.281314880246752 0.05602711871523533 0.9983075447029679 -0.015588718921063961 -0.6857084752086454 -0.9096954654207557 0.05747620883355827 0.411279279335873 19.45690122464187
0.37651344053796765 -0.0061203959357749894 0.926390937913283 14.214590277089087 0.057706417675151035 0.9981912379044836 -0.016858882816335647 -0.6956097519695116 -0.9246121340612845 0.059806298366503745 0.37618560342247714 19.815926291130676
0.3433221533646929 -0.006807939286193423 0.9391930317946925 15.15868953274312 0.058489671441030865 0.998187791897234 -0.014145332871439365 -0.7154860692985123 -0.9373947180050408 0.05978949799086012 0.34309817630854617 20.14498790728294
0.3099082188376236 -0.008357399116197864 0.9507297459198931 16.108005307724003 0.06073139666273394 0.9980932799808643 -0.011022790773348728 -0.7411803090710413 -0.9488248486186925 0.06115519877370955 0.30982486715346574 20.45826002623431
0.27715215652406383 -0.008051110939083487 0.9607923093711292 17.07126483418453 0.061330108061830424 0.9980739492953142 -0.009327892751213275 -0.752834160449991 -0.9588666747672404 0.06151074175053087 0.2771121229215971 20.72657947628527
0.24483284652620832 -0.0049048505310739544 0.9695528968050904 18.039642574957774 0.05863273849542791 0.9982319473729222 -0.009756086335696754 -0.7705056776586752 -0.9677908241135584 0.059236151844381524 0.24468755398726025 20.975441349934393
0.2140103810630285 -0.0031611976352215005 0.9768262709544461 19.015595442336913 0.058748696648226385 0.9982262511593908 -0.009640650310172992 -0.7849436271282054 -0.9750631504879014 0.05945046951689644 0.2138164966386562 21.19294427833018
0.18343733487259808 -0.0029124934380025417 0.9830270909577276 19.99711043229115 0.06088417985166345 0.9981094569125855 -0.008404086235485202 -0.8013316010454178 -0.9811441590401628 0.06139242138600467 0.18326786346147697 21.383626628866416
0.15285335823355456 -0.00304129420800998 0.9882442013016141 20.985584405367025 0.06252303987234636 0.998021703475121 -0.006599157350604113 -0.8136274997956778 -0.9862690912534192 0.06279673496414737 0.15274111992517586 21.534517346404545
0.12244574000847891 -0.003538864111923631 0.9924688998626474 21.977578899791023 0.061327323038529544 0.9981096639160886 -0.004007274165815567 -0.82746619211284 -0.9905786188903452 0.061356134478220734 0.12243130547040092 21.66003791693953
0.09296972692808313 -0.003843047408375962 0.9956615192230416 22.972923237475275 0.06189203174026777 0.9980809906799974 -0.0019267719885688592 -0.839665248812258 -0.9937434308119873 0.061802645815945606 0.09302917116780848 21.755645617756706
0.06585951060053347 -0.003464552251281356 0.9978228909687114 23.97158815551359 0.06468355770055424 0.9979055016233054 -0.0008044831493748117 -0.8443350922559052 -0.9957301653694424 0.06459571740941265 0.06594566752794298 21.807090585262785
0.040804671638485134 -0.002689607995795113 0.9991635225433847 24.97142579219573 0.06862063614845913 0.9976428191669967 -0.00011687218322926538 -0.8412743275592914 -0.9968079990986508 0.06856800546432265 0.040893050260263235 21.824848175001865
0.018137824936773655 -0.00230950023033374 0.9998328287845172 25.971387235064523 0.0728535290145881 0.997342167336415 0.000982121592352593 -0.8497467165041891 -0.9971777086440927 0.07282353645208173 0.01825787287525002 21.827157157751266
-0.002176895690836367 -0.0021760514331687114 0.9999952629514361 26.971187212072746 0.07823750534503487 0.9969320029747667 0.0023397012853710237 -0.8429289112930306 -0.9969323717697888 0.07824222801581845 -0.0019999681456991368 21.808354936965895
-0.01970932949685268 -0.002991864468788993 0.9998012757932374 27.970574776517644 0.08248757260380762 0.996581438562344 0.004608327130286807 -0.8516953246521706 -0.996397181196693 0.08256200736421422 -0.019395160305482804 21.774478012227885
-0.035038971609506746 -0.0028507395156906253 0.9993818808407335 28.969289994049078 0.08546168179138906 0.9963243520582951 0.005838359444678094 -0.8494283592411032 -0.9957251485294196 0.08561342639931879 -0.034666551692270814 21.723854165827284
-0.04950558001377568 -0.003242352023261871 0.9987685841579405 29.96818521149889 0.08758304832005162 0.9961284201232382 0.007574976551002108 -0.840754442920607 -0.9949263325465189 0.08785020077460252 -0.04902994013248306 21.677668586567542
-0.06264464884920948 -0.004187531324989047 0.9980271101287588 30.96574344943234 0.08773032407279278 0.9960971684847657 0.009686133114643721 -0.8390667612450471 -0.9941725394561253 0.0881640262127024 -0.06203278385921381 21.60784943689012
-0.0747660879551422 -0.003910338723430112 0.9971934322602372 31.962418122872396 0.08757274486981953 0.9961030832007609 0.010471962275673178 -0.8350496342162651 -0.9933484013415678 0.0881099136817513 -0.07413229163559497 21.52646480680809
-0.08619014456605237 -0.001012857899547788 0.9962781906167366 32.959366777204394 0.08773178283160442 0.9961069874605554 0.008602546916170278 -0.8320850005331218 -0.9924083802854902 0.08814671662139228 -0.08576574542319784 21.4484610147673
-0.09651647215816991 0.0025628766405732285 0.9953280877507008 33.95518911098259 0.08820532839982267 0.9960843132330771 0.0059884031985342565 -0.8296379037646658 -0.9914153471900763 0.08837122039620134 -0.09636460326108015 21.357181815140535
-0.10612446831580215 0.00502410988810994 0.9943401608828444 34.950998519914236 0.0894436143060766 0.995981659284957 0.004513781989557201 -0.8329399330511861 -0.9903218855930394 0.08941640055278254 -0.10614739859096999 21.265788634715033
-0.11392410553701565 0.0059779999103024214 0.9934714699953209 35.94571460088504 0.08926589876922807 0.9959987926309423 0.004243158567253965 -0.8358889291776593 -0.9894710190270919 0.08916652171514468 -0.1140019031012632 21.163166893938843
-0.119591734308066 0.006811232245219098 0.9927997905924896 36.93781235039267 0.08893782183574106 0.996029622869734 0.0038799759135076948 -0.8302509875707036 -0.9888315735919346 0.08876146394284583 -0.11972268618110758 21.037826295027962
-0.12474794456502394 0.008402439270319043 0.9921528860720564 37.93065542291476 0.09014639267938923 0.9959243028796815 0.002900141464402314 -0.8315427216970531 -0.9880848031488461 0.08980079035247296 -0.12499695931652155 20.918406995708068
