1.0 0.0 0.0 0.0 0.0 1.0 0.0 0.0 0.0 0.0 1.0 0.0
0.9999998261613805 -0.00010451902886018077 -0.0005803042145939326 0.037728537952721325 0.00010534220251027486 0.9999989881364734 0.0014186715792586292 -0.01978155981871026 0.0005801553492295323 -0.0014187324631628096 0.9999988253082944 1.3100777750140025
0.9999993425011535 -0.0010769887814725202 -0.0003938177564267948 0.045091141018080906 0.0010775176531341406 0.9999985146979538 0.0013451979755238588 -0.02549036297324931 0.0003923684083599853 -0.0013456214366423967 0.9999990176745082 2.624916748426033
0.9999967629410892 -0.0024991478471886363 -0.00047787799828354386 0.06825853620067167 0.0024992709435601263 0.9999968437501938 0.0002571660959170563 -0.027638664743984742 0.0004772337938862258 -0.0002583596100509179 0.999999852749098 3.9413105269037016
0.9999964189100216 -0.0026468745190536334 -0.0003952498112573898 0.08616055321422006 0.002647024396045331 0.99999642474521 0.00037915517149031777 -0.0474209362266805 0.00039424482197645747 -0.000380200049594472 0.99999985000946 5.260508200239563
0.9999961785785757 -0.0027248372193993536 -0.0004670014704036529 0.10899196459256885 0.0027250813220462407 0.999996150264421 0.0005228653034462312 -0.04173602440294203 0.0004655749497319432 -0.0005241359223419345 0.9999997542607203 6.581024967657297
0.9999927869419311 -0.003787523213605723 -0.0002841337999008899 0.12302068099480491 0.0037879622500231734 0.9999916074525467 0.0015608864353470972 -0.05988300529677973 0.0002782195216867955 -0.0015619514646905827 0.9999987414499678 7.908054276981559
