1.0 0.0 0.0 0.0 0.0 1.0 0.0 0.0 0.0 0.0 1.0 0.0
0.9999922256670469 -0.002546856947355843 -0.003010336385786204 -0.024833058467238038 0.002534637852645037 0.999988562514552 -0.004055915560729205 0.04680005505687626 0.003020631791831309 0.004048253916138613 0.9999872436305419 0.8588103218755886
0.9999821318772127 -0.0031234282083525697 -0.005097069994807677 -0.14314749231434712 0.0030949474736145645 0.9999796086218116 -0.005586021903297123 0.05997437780191922 0.0051144135969109815 0.005570146927668599 0.9999714077096225 1.7098518365059465
0.9999575955886317 -0.004072065999510529 -0.008259860961185165 -0.19353370304564735 0.004017089619920039 0.9999697428843873 -0.006661554377011497 0.049723845766876065 0.008286737330699626 0.006628091295990177 0.9999436976101124 2.5687517360008325
0.9999250732572672 -0.003132471856835865 -0.011833659261400073 -0.259894331011405 0.0030505793768295223 0.9999713200925269 -0.006932024082105595 0.04182852555750816 0.011855034243495481 0.006895405171225337 0.9999059513527309 3.425579951472103
0.999889071754766 -0.005625977324073363 -0.013791032033220373 -0.38058048028633334 0.005539864996575541 0.9999649705919986 -0.006274351342029633 0.017375125285505406 0.013825848299906037 0.0061972548836178075 0.9998852133873644 4.277158418685311
0.9998582935913756 -0.003933127034761135 -0.01636836119687198 -0.47059608914795825 0.0037942523300417345 0.9999566183857799 -0.008506761765339915 0.03406664036619972 0.016401109285618665 0.00844345061007091 0.9998298414010237 5.131666270375424
0.9997924133051884 -0.00155518559511877 -0.020315306917503932 -0.5374496907285458 0.0013592572718194797 0.999952469236864 -0.009654619970158053 0.03914575159021816 0.020329356041366757 0.009625002070851879 0.999747006306135 5.9895887494949065
0.9996865167153323 -0.001658242438458957 -0.02498236437132011 -0.5582543964241695 0.0014691158148263613 0.9999701401960673 -0.0075868580440418935 0.017662321969543447 0.02499419925280142 0.007547777704272233 0.9996591024221396 6.848514190845833
0.9995896089955748 -0.0018295919325348083 -0.028587867731515643 -0.6176175333241751 0.0016481255712247757 0.9999783535098197 -0.006369944575269284 0.03606843620480202 0.028598903303723135 0.006320214011481756 0.9995709867861677 7.7065728077078415
0.999432267363695 -0.002161148707500089 -0.03362249824935685 -0.623865422968944 0.0019526376918606383 0.9999786674046742 -0.006233132568525098 0.07859676673017313 0.033635251720602 0.006163941258363266 0.9994151668200032 8.566096622930347
0.9993421817066355 -0.0012887735883339896 -0.03624283273228242 -0.6758503174986563 0.0010416577466103377 0.99997608905418 -0.006836392985053298 0.06893816942691648 0.03625077669459121 0.006794143253212333 0.9993196289508645 9.423601925018623
0.9992628061512443 -0.0018158727594038589 -0.03834770982552532 -0.7186287301057697 0.001549102737010435 0.9999744034656017 -0.006985176756878439 0.05655439685230767 0.03835941244924412 0.006920622785291934 0.9992400414599149 10.28288097879957
0.9992140340085167 -0.005073177178514214 -0.03931382853071756 -0.7840303675355017 0.004791383551649046 0.9999621761850773 -0.007258708071419874 0.03805492161683489 0.039349166243876736 0.007064635342359157 0.9992005474595133 11.140549183538754
0.9991190543369444 -0.005478710812274159 -0.041606477725061326 -0.818529608948398 0.005213075123819085 0.9999653493637526 -0.006490294260081926 0.02799161347769125 0.041640594479473686 0.006267678969483269 0.9991129951570699 11.999390201258706
0.9990473505626281 -0.006732069960324321 -0.043116940613212 -0.8560317844291878 0.006408637185166902 0.9999503158390706 -0.0076351308287879475 0.03596884711883016 0.04316619861909141 0.007351536396775138 0.9990408571271665 12.854402008400442
0.9989646109193725 -0.004525976705270447 -0.04526832960879714 -0.8958114048395164 0.00404886945405627 0.9999353486977253 -0.010625680256032784 0.03906687994491192 0.04531349453365257 0.010431392985732205 0.9989183516451811 13.71714696875031
0.9988839496690106 -0.003966742021458988 -0.04706506189705074 -0.9282539652604538 0.0033481562592961017 0.9999070755629783 -0.013214767828322609 0.019956939609502306 0.04711310797751897 0.01304243830072906 0.998804410212465 14.587056870709567
0.9987952688582706 -0.0007231735754771973 -0.04906615866679403 -0.9790322042074027 -8.802898059237247e-06 0.9998887458092441 -0.014916297346412116 0.007693485997590175 0.04907148692310293 0.014898759142872446 0.998684142332879 15.467122687037332
0.9987242188323672 -0.0005127281423584515 -0.05049427519561445 -1.0267139014346787 -0.0002381500717500027 0.9998895048773915 -0.014863422236786961 0.0011780147765736368 0.05049631671935823 0.014856484977871436 0.9986137425711106 16.357745679097253
0.9985003163967554 -0.001904847391330507 -0.05471279294639854 -1.0173497158140032 0.001101886639128768 0.9998913075864552 -0.014702341952361862 0.007022043404449835 0.054734851798595816 0.01462000579566949 0.9983938859133303 17.25939943512107
0.998442328071221 -0.0024122431575366392 -0.05574135447465901 -1.0966970157016318 0.001640124889899459 0.9999021369147512 -0.013893400723375957 0.01152277858563008 0.05576941371456404 0.013780336580203197 0.9983485738045954 18.162072633711116
0.9984127951589918 -0.00368877200474328 -0.05619860695699171 -1.1731777928586637 0.0028952805962265595 0.9998950641333622 -0.014194297165026359 0.004373805939549537 0.0562450692334762 0.01400905717159367 0.998318705877078 19.071881160294804
0.998478156727857 -0.004013691047596168 -0.055002371053583105 -1.3079403584114264 0.0031989876096839313 0.9998839877404191 -0.014892197238516794 -0.015498316797894486 0.055055762782970134 0.014693581744838148 0.9983751607686824 19.97678580782635
0.9969016271639854 -0.005412171737082212 -0.07847199599148184 -1.0528445379706213 0.003919596417155672 0.9998087079872358 -0.01916205095550047 -0.004373998889685711 0.07856069323602886 0.018795101223002215 0.9967321413741462 20.859088514120543
0.9967562874648238 -0.007963587212687796 -0.08008423489081874 -1.1317617533270878 0.006544542563605453 0.9998171738182033 -0.017966299029403252 -0.00386077265739131 0.08021266958514141 0.017383906836113985 0.9966261723540766 21.78442558134004
0.9966975975028699 -0.006903552348332201 -0.08090883818830473 -1.193483666323791 0.005693175895795692 0.9998685551490315 -0.015180914742134427 -0.010255158626805821 0.08100300537774488 0.01467015300405066 0.9966058898735298 22.718513892190757
0.9967326263588823 -0.005356773415541991 -0.0805938988404179 -1.2393287063398266 0.004455124723935902 0.9999255117691342 -0.011363220359092773 -0.03635914700769109 0.08064876574020917 0.010967036601090798 0.9966822466025823 23.654361267834975
0.9968098136062032 -0.00713608110418089 -0.07949384784271729 -1.3090120447870328 0.0064619385196378306 0.999940974501504 -0.008734464125013348 -0.04808779449267759 0.0795514855231186 0.008192915198955411 0.9967970893274154 24.595721048396747
0.996871782241464 -0.009924379104187872 -0.07841018090862822 -1.3935011114196754 0.009229300039562292 0.9999148829341054 -0.009222088031153338 -0.01677660064553239 0.07849503036184632 0.008469568245841289 0.996878526512745 25.538305152152127
0.9969930073315518 -0.01000757067219559 -0.07684264350755678 -1.4751109895394359 0.00910466272287265 0.999885444384131 -0.012091452578232392 -0.036273307986489894 0.0769548468174109 0.01135546731710839 0.9969699117392252 26.48401857128351
0.9970773501054316 -0.009953859701661391 -0.07574746585708637 -1.561764804518475 0.008695215814944191 0.9998189013466888 -0.016928016181215384 -0.051485384501919335 0.07590224719112316 0.01621990095344549 0.9969833316983779 27.43325447057636
0.9972151822247676 -0.0130927067150249 -0.07341976144947704 -1.6803362257215477 0.01154037981764138 0.9997016444128436 -0.0215276982494813 -0.02085378852820064 0.07367971209287091 0.02062045559948859 0.997068752311886 28.385446557652617
0.9971125396494016 -0.018427267994306086 -0.0736683043661695 -1.7501025471273544 0.016877336216753615 0.9996240799307775 -0.021606812462118725 -0.005235689669774151 0.07403876549583484 0.02030109890652544 0.99704870823197 29.352677552023387
0.9970390059583697 -0.02032355671097564 -0.07416315554344889 -1.8184365243578078 0.019142484411763975 0.9996789243959152 -0.016601608632031542 -0.03428646897991603 0.07447674729800845 0.015132784318872803 0.9971079244247669 30.326882264946057
0.9968447725178461 -0.025490813773157737 -0.07517125725319523 -1.9037979811086947 0.024556644153233522 0.9996096239093832 -0.013325577498652826 -0.04655923321572051 0.07548159200609991 0.011437578455395487 0.9970815969956024 31.303913454097827
0.996543664626759 -0.033851191359402566 -0.07586053872613246 -1.9917537705758392 0.03288818278997277 0.9993622596334215 -0.01390832316114738 -0.06830100139903425 0.0762829727071728 0.011365336067652061 0.9970214326738547 32.28033709183609
0.996062001098058 -0.042447572639912695 -0.07783761009635434 -2.1039653148250608 0.04076136254572916 0.9989012413094959 -0.0231262066444888 0.0486174958840403 0.07873373668224043 0.01986236862328599 0.996697790215632 33.24742396831672
0.9959100963662043 -0.04304621267608123 -0.07943616009163357 -2.183644344067234 0.0409945979343449 0.9987868727913056 -0.02728049999478392 0.023088995941826198 0.08051411612915746 0.023912471934318596 0.996466592912141 34.229697772221385
0.9958040139594139 -0.0415350313884408 -0.0815426695042615 -2.2679118335944306 0.03936694202947769 0.9988319035742065 -0.02801914127118413 -0.018283960522883273 0.08261119571563966 0.024691487802237767 0.996275926022778 35.2386925629311
0.9956810662544923 -0.04292437724297292 -0.082320788022351 -2.3832348983952065 0.0407784437876557 0.9987876283898692 -0.027575204398102498 -0.025537545085987042 0.08340463311216528 0.02409919529036312 0.996224320101543 36.29282670321476
0.995757044925245 -0.04001537574845235 -0.08286541610017047 -2.5090552062150704 0.03809223803841598 0.9989698786633086 -0.024660959523884498 -0.06591313396452977 0.08376687222863743 0.021399795025284038 0.9962555695653132 37.329069410266996
0.9956423451875615 -0.04219921374403166 -0.08315976688759248 -2.6585217080912447 0.04032734310816186 0.998896737929375 -0.02406267549317317 -0.07016476134159358 0.084083445857373 0.020604206207439312 0.9962456729237579 38.36487367397136
0.9956256816554101 -0.04107206515530813 -0.08392012566767755 -2.761138184118512 0.03938725950099122 0.9989897765061226 -0.021634930673521284 -0.10011068339460891 0.08472393886737231 0.018234908832363377 0.9962375932892077 39.39440166799615
0.9954902759356046 -0.04460923176092194 -0.08372052890035268 -2.8963751615734914 0.04311689779505124 0.9988787310875915 -0.019550286580337375 -0.08658379996279968 0.08449877893902095 0.015852350694535885 0.9962974753231444 40.423341861675915
0.9954646173843407 -0.04186990616445603 -0.08542310280965174 -3.0085065819901455 0.04047897482710128 0.9990191219215258 -0.0179512292640309 -0.0804384816757392 0.08609092944553201 0.014411973942612143 0.9961830388408958 41.44295357516302
0.9954421228412943 -0.04242845361353497 -0.08540963878381741 -3.109312715932885 0.040997652833642234 0.998989107618691 -0.018437877354582743 -0.11610694589333753 0.08610558945475139 0.014852245055027361 0.996175304994796 42.462221621324225
0.9954054855692476 -0.04400971053284091 -0.0850356670901472 -3.222864073317817 0.04240783813492154 0.9988889381032746 -0.020553943651616027 -0.12671315366964325 0.08584576031099664 0.01685332945524559 0.9961658851430817 43.46829792029262
0.9953417596061424 -0.04411259999684748 -0.08572549274088137 -3.1801389041873636 0.04239731148535931 0.9988645229028184 -0.02172861856947441 -0.12411473019653117 0.08658665926666875 0.01799287102278013 0.9960818274767365 44.47530249306425
0.9952839772522112 -0.042342229124521596 -0.08727508383145066 -3.2351557325124056 0.040617708355715876 0.9989446552820476 -0.02144242176994872 -0.18331228023582885 0.08809089846828805 0.017796384919327276 0.9959534538776662 45.4756994783089
0.9948267142896008 -0.04692477529960154 -0.09009924527341694 -3.3001211586846817 0.045166294734375466 0.9987489772205667 -0.02145894500759059 -0.17649961908059103 0.0909934852378178 0.017278482686658516 0.9957015816399619 46.475263508149645
0.9947778322473347 -0.04785353560309146 -0.09015044980241516 -3.4404448927264832 0.04618681885399832 0.9987227422144394 -0.02048565224292111 -0.2019682343849567 0.09101561532749242 0.016214910235755067 0.9957174470966169 47.46264513376284
0.9949271841709613 -0.04534019818560731 -0.08980069390674304 -3.5519900804295648 0.04335703156127673 0.9987733918165972 -0.02391400454470301 -0.24419385119371576 0.09077480934619017 0.0198992016839736 0.995672614748695 48.44446373640399
0.9941237082175688 -0.04684514136483781 -0.09758885945772201 -3.4784924776479262 0.04401127679448886 0.9985501701523211 -0.030992986362872236 -0.21662594364301638 0.09889924304396652 0.026515852226142694 0.9947441124761944 49.42185738499638
0.9942642024239513 -0.04670967158224868 -0.09621279727220663 -3.6576379574391495 0.04380458590549504 0.9985246211182253 -0.03208955085931372 -0.25579940338513796 0.09756973932481518 0.027690929947959908 0.9948433838382323 50.38911487709855
0.9942007740825122 -0.04923338605068213 -0.09560802535205085 -3.800718964646717 0.04670405701679064 0.9985016472611368 -0.028516512321256397 -0.2899563003238505 0.09686873526533878 0.02388585595662154 0.9950105094989263 51.36161699669226
0.9981852164086056 -0.05753190849578659 -0.01778632193956771 -4.723845726717737 0.057237396853176095 0.998221804238608 -0.016646619599486503 -0.40244196019146034 0.018712406172845884 0.015598366819971655 0.9997032243659975 51.668065682491886
0.998033245445552 -0.060301526855755856 -0.017127955052584257 -4.783157970266214 0.06002939862343474 0.9980686677377908 -0.015981419868710524 -0.4251628322103713 0.018058579299811743 0.014921807496941202 0.9997255760330913 52.63858724208706
0.9977706776040404 -0.06495865633869284 -0.015298623475532342 -4.86590430554749 0.06469973866302214 0.9977624786937268 -0.016851704005444945 -0.440811061915376 0.016359056528760317 0.015824319183524477 0.9997409525431407 53.60033477945666
0.9972444250149838 -0.0726516253140576 -0.015009933902601871 -4.940636166623921 0.07231137374384997 0.9971374878078032 -0.022088359731329665 -0.3737551294713822 0.01657172301880431 0.020942104659492318 0.9996433395209605 54.56095169757759
0.9971600340723944 -0.07363471807745288 -0.01580489615263546 -4.961785020088254 0.07330227962431596 0.9970954754979853 -0.0206733776467526 -0.4191339012376849 0.017281268779235685 0.019456131041413405 0.999661351015572 55.520656193542486
0.9968795647927586 -0.07690789745252512 -0.017785066995442227 -4.967013016296796 0.07660816251305223 0.9969169808900684 -0.0169623892599046 -0.4445390147305426 0.019034776987774418 0.01554697792056656 0.9996979387507821 56.4846418778983
0.9966773571318847 -0.08038393363738264 -0.013140357437412412 -5.174676242756796 0.08018826387823973 0.9966699190339783 -0.014795770645585852 -0.4225276307930289 0.014285941228912072 0.013692907134126261 0.9998041889177198 57.42578562860385
0.9964928967040666 -0.08211959777916772 -0.016071044736629004 -5.169029726049612 0.08186107168141878 0.9965131574934919 -0.016133563943547213 -0.36198791691886834 0.017339889316505916 0.01476138892308501 0.9997406811946546 58.378184539493596
0.9965816830996805 -0.08084591833767288 -0.016996658446492532 -5.194965951090852 0.08050012323494846 0.9965512938703649 -0.020130793438402655 -0.39720155446032657 0.018565534448718484 0.01869374690745018 0.9996528721297172 59.3208058483871
0.9964223237770834 -0.08277841914825282 -0.017037781604243445 -5.239536973122735 0.08227105524499304 0.9961997921476288 -0.028591040447950945 -0.37034877054586934 0.019339755622889178 0.027087034690736853 0.9994459797328262 60.24667625870921
0.9961023872821182 -0.08619467232713955 -0.01872197941678961 -5.27914226281419 0.0854006889570354 0.9955545712719743 -0.03972175657166459 -0.27376935537932306 0.022062555983597795 0.03796806660724081 0.9990353695148024 61.15827620050723
0.9964161823918601 -0.08233689546269282 -0.019375941608025304 -5.332996265274642 0.08152894870336576 0.9958945675233694 -0.0393324408187982 -0.3034994207939498 0.02253490605607243 0.037611780375380384 0.9990383035630002 62.0700160449115
0.9966241574338908 -0.07941378225736105 -0.02082642568393501 -5.335646595669787 0.0786141749350688 0.9962274504989803 -0.03675157645026177 -0.3669146790062159 0.023666438651948975 0.03499025664212011 0.9991073924366946 62.96939253941735
0.9967535026699214 -0.07778224358111831 -0.020793688915901023 -5.419947995778864 0.07698543626174928 0.9963562035512493 -0.03670910307442338 -0.37205263536168204 0.023573237343052087 0.03498911585662076 0.9991096357521226 63.85131881046493
0.9968404093810448 -0.07650441074678911 -0.02136055620338817 -5.4518782523004 0.07569120689540162 0.9964598479817531 -0.03658705452613132 -0.43518346330923696 0.024084007634716267 0.03485464813288369 0.9991021539761502 64.72024384001116
0.9968877176623078 -0.07532895807541262 -0.023247073994546414 -5.480045640632758 0.07445153694994561 0.9965547158255559 -0.03654677840296746 -0.45953916065451367 0.02592001195651948 0.03470225412156114 0.9990615128905004 65.57752039462385
0.9968321593065288 -0.07575372789925316 -0.02422847254056703 -5.533283938904744 0.07480850462481833 0.9964815006651928 -0.037792942037411306 -0.4546696120635074 0.027006180923664025 0.03586072421759579 0.9989918291209927 66.42198501170989
0.9969637535130416 -0.07462899214215225 -0.022221334636650505 -5.664836782879193 0.07372497185744427 0.9965138613910978 -0.039048080362834185 -0.46643484671254437 0.025057986866596493 0.03729125349528803 0.998990220025673 67.2432064024252
0.9970887553832962 -0.07324515327736439 -0.02119342845235138 -5.7803135332517135 0.07240892357918467 0.9966566229303933 -0.037848695553309115 -0.5202673410774038 0.02389480433678794 0.036203915400942935 0.9990587144083909 68.05285452644945
0.9973296491336711 -0.07007091845822595 -0.020582452364318583 -5.880745417615708 0.06932171404923404 0.996976634328675 -0.03510114761575585 -0.5714330155232809 0.022979793736782463 0.03358060435857959 0.9991717930820135 68.85250602161328
0.9973141905267398 -0.06997595224763542 -0.021628025361337507 -5.887795492437757 0.06926004348075741 0.9970773560474677 -0.032245812665120534 -0.557291332266657 0.023821245791050723 0.030661248579062314 0.9992459337343004 69.64937893104806
0.9975720086606312 -0.06741869448079464 -0.017458727654066596 -6.094593454067786 0.06680941299786977 0.99720649611807 -0.03340219206580132 -0.5340696853912894 0.019661888812464556 0.032154684486491635 0.9992894907852774 70.40049458825705
0.9977890976050428 -0.06469403635509076 -0.015218356041333673 -6.231199437544767 0.06406428492332579 0.9971929563567382 -0.03875532466346188 -0.5518577372996651 0.01768287583447841 0.037694687325849366 0.9991328372391868 71.14448770760266
0.997854431101019 -0.06433410015542117 -0.01215145626063165 -6.368695741537521 0.06368969241845336 0.9968371731917364 -0.047531812744205676 -0.5649238820841562 0.01517093971066564 0.046655907453393486 0.9987958094065044 71.86537232924567
0.9978891733843172 -0.06423997065833395 -0.009509143609221393 -6.492133817467943 0.06364871642663496 0.9965603389194322 -0.05306912275539624 -0.6075777854680466 0.012885594266709509 0.052351858253569604 0.9985455645075945 72.56935790064932
0.9979837787924829 -0.06312104446771036 -0.006641612182448958 -6.59388300647718 0.06265770077797402 0.9964931532643274 -0.05545636149744077 -0.6102271628788369 0.010118784526544813 0.05492840105648653 0.9984390221526208 73.26019279538573
0.9981451581500905 -0.06066413781161094 -0.00510936836650548 -6.688844179115317 0.0603112435749186 0.9967835726470061 -0.052773697989782 -0.6398440220546691 0.008294405342015506 0.052367658766109645 0.9985934263529763 73.93289068401974
0.9981126503895332 -0.06129178106188613 -0.0038019345921998736 -6.785726492509558 0.061008237107940615 0.9967538726156903 -0.05253296518001637 -0.6468278366320275 0.007009432028552138 0.05220186778157723 0.998611953094269 74.58554067487194
0.9979529272652158 -0.06390300050076238 -0.0025221993946691907 -6.840955972893543 0.06366008777498056 0.9963818623762286 -0.05630788179428588 -0.6766639608688664 0.006111316328641946 0.05603205202986054 0.9984102668532875 75.21634779869878
0.9974217666286093 -0.0717607030732336 -0.00047005308133661036 -6.872534886383355 0.0715894912436636 0.9954535754239564 -0.06282614041252292 -0.6841926964863859 0.004976364027836095 0.06263050909976511 0.9980243760204283 75.82969652805744
0.9971729954945884 -0.07512781344877097 0.001352295365842743 -6.869752193402519 0.07504777299079107 0.9948966595774117 -0.06744233485600658 -0.7283093231350293 0.003721401009372828 0.06735316182714526 0.9977222573273647 76.42481626075143
0.9973370420227796 -0.07265172702044553 0.006367980072168487 -6.926336464232834 0.07291652555125838 0.9950358549402889 -0.06772612261734881 -0.7660743462699573 -0.001415948722803858 0.06801010178050076 0.9976836277823842 77.00525818511086
0.9976177907071229 -0.06799501981747386 0.011637050513816184 -6.982424158987718 0.06859865418896563 0.9956302251823461 -0.0633614973529874 -0.8349559696772014 -0.0072779329553477835 0.06400884300915921 0.9979227924586775 77.5709208551252
0.9974239721559204 -0.06984334227679904 0.016350147042526544 -6.978383180898272 0.07070912390593159 0.9956729417999555 -0.060296042688366816 -0.8688690432387678 -0.012068121857273994 0.061296822976623894 0.998046622121336 78.12689435136122
0.9969264613125163 -0.0740072364581371 0.0257013557372793 -7.0633921499061145 0.0753937997252061 0.9954663240902383 -0.05798769322247244 -0.8717181539987366 -0.021293325195947368 0.05974718867107782 0.9979864065947996 78.6642844391525
0.9963428522383672 -0.07872195875979572 0.033223094415439136 -7.023783272506001 0.08044241489706075 0.9952906195549488 -0.05408882057740596 -0.908730887342002 -0.02880865632141424 0.05656355571343276 0.9979832791615332 79.19349496331232
0.9961337685645915 -0.07522932432397285 0.045365889025393916 -7.0518439384506335 0.07762577932595144 0.9955404430095649 -0.05360470796821513 -0.9417640450821437 -0.0411309312968305 0.0569190222515932 0.997531188182393 79.70430195689387
0.9957374345780122 -0.06977241109923155 0.060322234950303394 -7.020264061599296 0.07301772192064047 0.9959010387684885 -0.05338101971080624 -0.9661110919921174 -0.05635045399568519 0.05755807179922917 0.9967505679482874 80.2047392713948
0.9948619860416226 -0.06464550479163528 0.07791397461016888 -6.973368148650057 0.068773323567119 0.9963015013019848 -0.05151260495202548 -0.9937637293943266 -0.07429575152625996 0.05660633545501491 0.9956283764997367 80.6897904570456
0.9930644411211038 -0.06719761222896846 0.09647536831521251 -6.853406846500127 0.07203959090783596 0.9962647415208449 -0.0476115757377946 -1.054582958630328 -0.09291562367364474 0.05423140891705869 0.994195977242016 81.14497178582472
0.9899381463111325 -0.07119789848117068 0.12228379177120986 -6.781527002458279 0.0770303857791259 0.9960730295509582 -0.04364446663547198 -1.1002740395814798 -0.11869619262975005 0.05262489005252767 0.9915350900508563 81.59730170361739
0.9857525357815801 -0.07283157017419024 0.15161629393355924 -6.703149192321874 0.07955052224112845 0.9960783972168156 -0.03872390746223021 -1.1430442602942676 -0.14820139206953867 0.050233345338943636 0.9876805953367254 82.04348674462433
0.980264584241827 -0.07297086062419772 0.18372968834938655 -6.622611445617589 0.08070018298831792 0.9961258616086694 -0.03493920863497037 -1.1558742771879853 -0.1804683499865024 0.04907668829647968 0.9823556653875409 82.48621293469463
0.9725204790749667 -0.07302302663598235 0.22106911896671216 -6.521688141637859 0.08180544439652998 0.9961715785667655 -0.030822967457476366 -1.1797046516133514 -0.21797198683978597 0.04806062459767816 0.974770941973752 82.91147436297064
0.9620478168145136 -0.07216849027056121 0.26316479090960565 -6.405396133236937 0.08219016104167026 0.996243823981562 -0.027258404328547356 -1.190416587903746 -0.2602090997455175 0.04785344491948413 0.9643657357138752 83.33435146483095
0.9521718539407227 -0.07287698757114795 0.29674518571603203 -6.172815055038799 0.08364205645561902 0.9962133718887847 -0.02372602077577754 -1.2067073485182038 -0.2938924411327423 0.04741162676530159 0.9546619143406234 83.69788535368954
0.9388751092074443 -0.0712801227331382 0.33679767429995555 -5.9376548741409545 0.0822234644879805 0.9964454857786474 -0.018322002045320966 -1.277824212307817 -0.33429452762243006 0.04489474328363644 0.9413987629199388 84.03005070081899
0.9220744347215815 -0.07043473787417218 0.3805491880604575 -5.684529602666973 0.08245055068363034 0.9964770366347875 -0.01534347260296955 -1.3112050907922113 -0.3781278137413888 0.04552431394484222 0.9246333831930401 84.3592983607436
0.9007507440895448 -0.0705379545125459 0.42857029061207486 -5.433319193995275 0.08386955244951677 0.9964011133670833 -0.012276785114775738 -1.3176086399735059 -0.4261619354119387 0.04700232179395561 0.9034250309527219 84.66657657471148
0.8760564204109785 -0.07135928636400574 0.4768993609833459 -5.1312085146166755 0.08546921101508605 0.9963092851069703 -0.0079260569071977 -1.3295157094101813 -0.4745736636447094 0.04770388515893847 0.8789221678371637 84.93335958927997
0.8446177147116182 -0.06964908742502379 0.5308200454166986 -4.869935446105618 0.08596545669520327 0.9962796741220223 -0.006062275686701995 -1.2987337911683332 -0.528422989895887 0.05075249306366894 0.8474628771794737 85.23049489598381
0.8078726220762242 -0.07112274808865772 0.58504989633706 -4.612244764393102 0.08878551630505634 0.9960496176123568 -0.001513720159688702 -1.3024728285477916 -0.5826310655930824 0.05316685018500275 0.8109958862086003 85.50782359755942
0.7627415601022246 -0.0667705344306862 0.6432472372460422 -4.401324726983818 0.09019783155162675 0.9959174512021155 -0.003575132789934015 -1.2351882763086701 -0.6403824354838354 0.06074640831293453 0.765650187880123 85.82559168790364
0.7161208851631143 -0.06744193695984492 0.6947103446561761 -4.149962379060722 0.09037513342430183 0.9959015706753228 0.003520906838318652 -1.2349926344294244 -0.692100580184511 0.06026314516791085 0.7192809883784864 86.10195386721361
0.6645857058700849 -0.0651715530820699 0.7443644995713008 -3.8941313023689728 0.08915995590418001 0.9959883396892418 0.007597990933894325 -1.1936537632369293 -0.7418735349210975 0.06131798979041737 0.6677303065697522 86.39094944185699
0.6144754073936008 -0.06613638562841401 0.7861589865952556 -3.581018395077218 0.08828754987158484 0.9959853542042677 0.014781161939148803 -1.198339479231047 -0.7839804093509862 0.0603253902317138 0.6178475257272215 86.61241186327838
0.56595422024618 -0.06693093325342914 0.821715322212848 -3.2413870819449926 0.09254048065122145 0.9955576844780644 0.0173538559840532 -1.167518957075306 -0.8192265132589267 0.06622044284433075 0.5696338937625819 86.77085577482059
0.5110266334119034 -0.06627174482864859 0.857006321902624 -2.9342988481976082 0.09938574734332799 0.9948920525435188 0.01767136131575581 -1.118401384895078 -0.8537998905883646 0.0761436774992528 0.5150028031071138 86.98981400499748
0.46089126972425226 -0.06427629805167832 0.8851258639316445 -2.596230320546312 0.09569711935104035 0.9951576092044929 0.02243644780953275 -1.1167694190777846 -0.8822818704019016 0.07436323252232162 0.46481051064810397 87.14260553599915
0.41155362114751026 -0.062471667397356115 0.9092419412306976 -2.235334017389907 0.09027062084962623 0.9955363866445507 0.02754120328042962 -1.1122625569991502 -0.9069039816495422 0.07074315259659375 0.415355961109143 87.26235972443445
0.3656994138916819 -0.059627663170856396 0.9288210163772483 -1.8671273203098795 0.0908791628273599 0.9954647061160614 0.028124662505722677 -1.0719581572682275 -0.926285548005083 0.07412530379057754 0.369459771686818 87.35215833918659
0.3226298916577793 -0.06227175773381226 0.9444745529645742 -1.4916320057665557 0.09561677997397405 0.9948733074471295 0.03293225647624457 -1.070278550113472 -0.9416832718044302 0.07968268518285403 0.3269300923527102 87.37930684990305
0.28125365062135876 -0.067716665431832 0.9572412638593016 -1.1099222180992747 0.11047091217703317 0.993160300280402 0.037799411499588896 -1.03095407270734 -0.9532536711573321 0.09511609311643462 0.28681068190590914 87.43945123162638
0.23847919637355047 -0.07283684737770693 0.9684123432511087 -0.7460899398178322 0.10849224366087502 0.9929394932665152 0.04796452623621529 -1.058167767628708 -0.9650684462578045 0.09362668623694737 0.24469764539495092 87.56424447267266
0.19949581220456586 -0.06666969755904363 0.9776280337327828 -0.3830783640579802 0.1035094739477123 0.9935347130968654 0.04663220640926763 -1.0272705126893538 -0.9744163431079687 0.09189083359570874 0.20510695986527902 87.69084694186367
0.1674720669656784 -0.06104295069708717 0.9839851954965771 -0.0018988531746603199 0.08917994526200751 0.9949274525959115 0.046543543419842244 -1.0402747980389007 -0.9818350391737436 0.07995700245258261 0.17206636396893188 87.76523521655476
0.13629013149661567 -0.05675949545966396 0.9890416370061478 0.38208354761545016 0.0820272636279076 0.995575731910114 0.045831103558148276 -1.0333912537615877 -0.9872672019662919 0.07488205196710544 0.14034297351432565 87.85171445974662
0.10542238500141203 -0.05064716562125331 0.993136941894293 0.7715227763905785 0.08497358307537972 0.9955082062829499 0.04174807064565008 -0.9788845718556534 -0.990790397066879 0.0799892232606113 0.10925252053027631 87.94511943444584
0.07775986520186694 -0.04578511398747244 0.9959202411342699 1.1753231467452254 0.09265628232486994 0.9949533081486427 0.03850620664003633 -0.9365247791131416 -0.9926571496289741 0.08928402959782489 0.08160971357168961 88.01119252764524
0.05807526052717019 -0.03890593690321012 0.9975538041571419 1.5973414119474036 0.09829052792141182 0.9946081771607731 0.0330688077476861 -0.9064936592949905 -0.9934617437202248 0.09612961041534822 0.0615862140885594 87.98106833085566
0.037657029377587255 -0.032410249807227516 0.998764999309592 2.026326037267173 0.09939451036981647 0.9946390486506946 0.028528831164009796 -0.8886802374196617 -0.9943352952836373 0.0981974470476355 0.040676552785687485 87.99498383342082
0.02061456535848761 -0.033044331103221386 0.9992412681014641 2.476189941843359 0.09416026947068187 0.9950754107166884 0.030964021706196172 -0.8873829191139725 -0.9953436006466748 0.09345051722143559 0.02362451021200086 87.97345403219907
0.0049799915821723715 -0.0382567437714836 0.9992555335047414 2.944590374637455 0.09112530592823512 0.995127662804821 0.03764456587741882 -0.8863450464657572 -0.995826982112518 0.09086999656991711 0.008441884863949464 87.97698917975102
-0.010305764379049894 -0.041062554273294825 0.9991034270069926 3.4198037627680935 0.09094385437834246 0.9949770743855982 0.04183105064286472 -0.8706825491132401 -0.9958026945993731 0.09129341752628016 -0.006519612334941007 87.9818178758389
-0.023829794455004546 -0.04416421409441351 0.9987400377924457 3.907284704986137 0.09149003410095077 0.9947350902160284 0.04617005472290566 -0.8677847888382544 -0.9955208257773601 0.09247498302963872 -0.019663747283488707 87.96304311582362
-0.03596848900137605 -0.04436845855599424 0.9983675213488887 4.404534014371755 0.09436737586357002 0.994399220094683 0.04759190527504935 -0.8442785095275015 -0.9948874640739924 0.09592513205855134 -0.03158010240591172 87.94220542971311
-0.04635428942910601 -0.043411384383873645 0.9979813282609046 4.918268179800244 0.09663616866327239 0.994174472932469 0.047734351106206406 -0.821439450977151 -0.9942397752844152 0.09865378388750488 -0.04188914139811433 87.91228326827475
-0.05515310958891502 -0.04298405571529204 0.997552257005586 5.448403349898307 0.09741982137987454 0.9940745304939985 0.04822039221583839 -0.8066168971234225 -0.9937139995516742 0.09984086727087534 -0.05063880248991832 87.89455551329351
-0.061463567757463616 -0.04269790073651263 0.9971956273024966 5.994116100492259 0.09854096977908566 0.9939439464135966 0.0486323828612396 -0.7891663310348805 -0.9932330578034136 0.10125374393305024 -0.056883848551405686 87.8770614644679
-0.06692641139968243 -0.041771475186627084 0.9968831422578549 6.556393161541509 0.09945870448984388 0.9938676556573539 0.04832234616982778 -0.7684596446734625 -0.9927884072441422 0.10238274707629058 -0.062361458792670285 87.83582733252693
-0.07257894799426202 -0.04136355733172729 0.9965045671911956 7.13842200225445 0.09974980606264129 0.9938289671803843 0.04851762755571954 -0.7438703203660685 -0.992361966471161 0.10292249568502945 -0.0680050541022754 87.79102955748156
-0.07622672808074059 -0.041563807593016575 0.9962238382133187 7.738839908899248 0.10212315410172901 0.993551051271955 0.04926631620800278 -0.7227109347754322 -0.9918469374467097 0.10549293063880176 -0.07149051869176493 87.73551624060404
-0.07918147804004606 -0.04153322667251131 0.995994620777424 8.355847873773838 0.10319550639855914 0.9934221418336353 0.049629986639299406 -0.6955586791503328 -0.9915044029123302 0.10671194495857447 -0.07437459114925947 87.6863667631776
-0.0822054556072597 -0.042251659251299506 0.9957193682754776 8.993128198714299 0.10397640581860279 0.9932850129362336 0.050732535017590334 -0.6691317767268037 -0.9911766593808824 0.10770181227248601 -0.07726027136746337 87.63536399357211
-0.08379807995574652 -0.04321891692804114 0.9955450803531193 9.642805055748884 0.1068523242867274 0.9929090190524769 0.052098566955071444 -0.649073277102675 -0.9907373327932344 0.11074206564722834 -0.07858582764042503 87.55418423802061
-0.08514610888945526 -0.042858528846546354 0.9954462751178972 10.31419470627411 0.11083680762847636 0.9924662426862683 0.05221071923397563 -0.6144033712863299 -0.9901844990786873 0.1147776268848184 -0.07975433625186927 87.50582681726652
-0.0859309387198199 -0.04500813554641341 0.9952839501897776 10.999364934085724 0.11259029850437897 0.9921409686314273 0.05458683949256941 -0.6556445523036128 -0.9899188342755295 0.11675001540782895 -0.0801881253605936 87.51298017775949
-0.07958913297850281 -0.04523518116200464 0.9958008577506711 11.64179687085195 0.11616365430797335 0.9917427552863526 0.054335188918885134 -0.6467435106458038 -0.9900361484963798 0.1200003571756093 -0.07367726208389053 87.21662162111102
-0.0763073299272621 -0.046183231790968976 0.9960142069773478 12.36208009793972 0.11890376313913903 0.9913769901044863 0.055077750523420295 -0.6545634049565595 -0.9899692351334567 0.12263267343049382 -0.07015797101232565 87.14925649494919
-0.07200255404586628 -0.04666829445279369 0.9963120507670981 13.09905573457329 0.11960551242814188 0.991292615717073 0.05507695908094908 -0.6181705452289746 -0.9902071266193105 0.12313009509323951 -0.06579381486626279 87.10253269762134
-0.07276648845996131 -0.05081620117838391 0.9960535888470086 13.847431418142198 0.11966976732236048 0.991041023456727 0.059302922481564255 -0.715687977840954 -0.9901435173479732 0.12351276664232017 -0.0660334122254886 87.1872929483017
-0.06806213774926444 -0.05296150799173053 0.9962743718856986 14.615684684879241 0.1205100111344183 0.9908419900230235 0.06090556644179641 -0.6833769167807442 -0.9903761318920101 0.12420639870173948 -0.06105643209492319 87.11782333702823
-0.06811852059750012 -0.05570056862089366 0.9961211341031362 15.400409362210556 0.11468895211052617 0.9913840174745934 0.0632785442288606 -0.6739561483800524 -0.9910632227135638 0.1185545298638709 -0.06114337276728461 87.19086144545452
-0.06556551822819688 -0.056054882776408715 0.9962725595620869 16.194156274954928 0.11314112420098404 0.9915645752543432 0.06323590052502548 -0.6206523847005024 -0.9914132583509276 0.11686549198799621 -0.05867033277899554 87.19681587611225
-0.06329872194551951 -0.054347897817288264 0.996513711798742 16.99557823564586 0.10916599608484649 0.992147375261449 0.0610440092115527 -0.564805405570207 -0.9920060771481516 0.11264941972623899 -0.05686871843530962 87.21331080094504
-0.060615552310167256 -0.049667174198556964 0.9969247346842512 17.799099807683834 0.10810741529866115 0.9925594297824016 0.05602289806388008 -0.5086056494595588 -0.9922895452314177 0.11117081522217605 -0.0547951482091305 87.20352729831814
-0.05787094979353359 -0.042665346143895735 0.9974119617331733 18.60072079062444 0.10478742385139724 0.9933078992142881 0.04856967326515958 -0.4057868246420756 -0.9928094222823329 0.10732700311160384 -0.05301287985480328 87.13994204428452
-0.057322114401887655 -0.04109735650974687 0.997509489923985 19.414035696475437 0.10025865186765733 0.993864433659082 0.04670856702138547 -0.4063333450055585 -0.9933088029037971 0.1026863905073212 -0.052850045207181305 87.07607320563459
-0.058542598390236865 -0.042626774713131504 0.9973744142754397 20.233984649393744 0.09599185896128301 0.9942179963551553 0.04812627906556624 -0.4019825824175305 -0.993659059832332 0.09855726153407204 -0.05411228152672838 87.07405512989877
-0.05856801258682746 -0.04652428825098499 0.9971987156551946 21.052994078938983 0.09047869495353127 0.9945547580778138 0.05171497794920068 -0.42020853658746543 -0.994174729944959 0.0932540818812757 -0.0540396387047994 87.02861896961574
-0.06079690072298992 -0.04728467834256855 0.9970295362006684 21.871422512247616 0.09065666877684228 0.9944872563935677 0.05269217472338052 -0.38815493990373273 -0.9940247005325179 0.0935908973396084 -0.05617507157451648 87.04065645518271
-0.05999115670879023 -0.04979836265256212 0.9969559590041409 22.689047188636287 0.0863997416000066 0.9947474511845305 0.05488709332194026 -0.3913312783483153 -0.9944526865407879 0.089429477461311 -0.05537348456439596 86.9863930497815
-0.06465820042229822 -0.051245862680994944 0.9965907779405906 23.50430399880927 0.08020380051927824 0.9951828875369871 0.05637704085713703 -0.40427942539418393 -0.9946791781777735 0.08357560596025625 -0.060236621651303064 87.04446485022841
-0.06585016776435165 -0.053295068455450165 0.9964052343719079 24.318013335955765 0.07289215546114666 0.9956477270314815 0.05807182905050975 -0.42247322161116285 -0.9951635489092394 0.07645416493149615 -0.06167877744405124 87.02540027518185
-0.06873161078917084 -0.053317190467004796 0.9962094372565601 25.130555892365237 0.06774969089652631 0.9960161496491989 0.057981109177116505 -0.40640702539407997 -0.9953320777819574 0.07147801647142032 -0.06484557116380639 87.02838691648452
-0.07395825267864271 -0.0534258518192288 0.9958292299476417 25.94290630292754 0.06383883655233123 0.9962622625441232 0.05819026703932683 -0.3629756226948982 -0.9952159463193726 0.06787622991779356 -0.07027117192547763 87.03757834379688
-0.08809033910955924 -0.052486678168619 0.9947287272268696 26.744179217448874 0.05862371706659042 0.9966067634263049 0.05777732159109243 -0.30709918842158807 -0.9943859170125332 0.06340431931475896 -0.08471446357838106 87.15555272803164
-0.09467340023934087 -0.055721836285888844 0.9939476969378476 27.557167467303415 0.05475827726295748 0.9966292196142663 0.061087884905687805 -0.28300932905267095 -0.9940012466583289 0.06021026135125164 -0.09130304523781943 87.12945267044925
-0.10323531836464132 -0.05816883449621401 0.9929546091012944 28.369140979080274 0.050590605916523215 0.9966893183213038 0.0636474142225188 -0.2491463900103404 -0.993369548373186 0.05680483639238683 -0.09995074250491556 87.1025984724635
-0.11082283523025645 -0.055638442582936765 0.9922815441690296 29.172354364938386 0.052866652394874016 0.9966880765464495 0.06178992745340829 -0.1697064495476071 -0.9924330789811897 0.05930633842249146 -0.10751438027924397 87.06550508372133
-0.11898048447886664 -0.0543712168675262 0.9914067858803064 29.968466713845828 0.053051794302422475 0.9967250773333811 0.06102972502033687 -0.12333212564741436 -0.9914782657398321 0.05985725512507948 -0.11570634198013294 86.97500544683723
-0.12876859235660748 -0.054126474153951346 0.9901964322386547 30.765113174934964 0.052638009509170976 0.9967286600558612 0.061328771210246096 -0.08001751445648414 -0.9902766732471325 0.06001918875582927 -0.12549823665566703 86.89420345299166
