0.9993745743603101 -0.004428823911486658 0.03508340976743962 0.057823812705210545 0.004555883733916866 0.9999833470457348 -0.003542535054530747 -0.02804556877755467 -0.035067136261064516 0.0037001553981679566 0.9993781090280482 1.0482362573357242
0.9960734531063132 -0.0032147121188751773 0.08847226482269942 0.11015336837311282 0.0038241108185104655 0.9999701125727255 -0.0067193852202808045 -0.04810307634817652 -0.08844801972521969 0.007031328984163233 0.9960559764488158 1.9982498652503051
0.9909599993877393 -0.003900847978483422 0.1341009433169666 0.2669674237745319 0.0051914471344847645 0.9999435029327656 -0.009275765154444063 -0.07677770359866752 -0.1340571836572042 0.009888090189683275 0.9909242641000874 2.9853652161197397
0.9843307223093373 -0.0038934343216629054 0.1762891666755535 0.4969207798034817 0.006018462877428737 0.9999155171273978 -0.011521141976479111 -0.11063716263781354 -0.17622941645074816 0.01240160380886578 0.9842709957122566 3.963818344765221
0.9682546443166313 -0.004466283619794835 0.24992598118223128 0.5061737490665649 0.0074799055443002535 0.9999103102089443 -0.01110957023929318 -0.13754541924280178 -0.24985394688161694 0.012626315712867108 0.968201209139504 4.944725857540407
