0.9984416736006755 0.0023464159550753948 -0.05575588533641974 0.37810585891824033 -0.004151394714717393 0.9994702709441433 -0.03227914838968446 0.08710006725823977 0.05565060951512422 0.03246031162830111 0.9979225109343854 1.0261106937974918
0.996139299668775 -0.006383873451948252 0.08755422214349297 -0.06472366307856059 0.006985524162825667 0.9999540369346731 -0.006567074708040892 -0.11006949478104291 -0.08750827450917525 0.007153333334881152 0.9961381087553206 2.032720791598908
0.9910344631329036 -0.007003142193791631 0.13342281994580757 0.09004051647319257 0.008305941404360206 0.9999230874548625 -0.009210348099980599 -0.13725265884790272 -0.1333480566797476 0.01023597450900581 0.9910164078387328 3.0206528097783494
