1.0 0.0 0.0 0.0 0.0 1.0 0.0 0.0 0.0 0.0 1.0 0.0
0.9999984728800095 0.0008119040896401314 0.0015475947137617019 -0.00014781280866701322 -0.0008102424330396252 0.999999094985744 -0.0010740274170928867 -0.018096843998445713 -0.0015484653204187568 0.0010727718500178956 0.9999982257062806 1.200372576505807
0.9999935705082404 0.0012487813833176405 0.003361470993099652 -0.009046100083409515 -0.0012467062188016758 0.9999990310561718 -0.0006193628350748301 -0.04074403059396731 -0.003362241184801046 0.0006151680860951372 0.9999941584341586 2.429880112189302
0.9999908594798008 0.0007358009434848592 0.004211834970734311 -0.006662261920231637 -0.000735720615879226 0.9999997291449336 -2.0621220919350702e-05 -0.06619622299006998 -0.0042118490030513085 1.7522298612018643e-05 0.9999911299711336 3.6406775791046155
0.9999868186696711 0.00046540701112665264 0.0051133045307493975 -0.007821016858958894 -0.0004659061636565157 0.999999886816571 9.642765068673792e-05 -0.08718314102885026 -0.0051132590739033906 -9.880869973955544e-05 0.9999869223237292 4.838160639700985
0.9999819130628518 9.047320703771194e-06 0.006014438070596913 -0.009114224108194447 -9.711807844758999e-06 0.9999999938529296 0.00011045280239226857 -0.10775929706224759 -0.006014437034323842 -0.00011050921570624897 0.9999819070037584 6.062035282466396
0.9999793701877435 0.0003106130541745304 0.00641581783208025 -0.002515664253920944 -0.0003053549021141472 0.9999996167493111 -0.0008205239877212188 -0.12897689003025495 -0.006416070238675509 0.0008185479590392705 0.9999790817921799 7.237748914653375
0.9999749131395727 0.000143890495732203 0.007081835004398296 0.0015456215776613303 -0.00013633112805045108 0.9999994204996062 -0.0010679018096961092 -0.15499595682110429 -0.007081984561392921 0.0010669095448376238 0.9999743532704704 8.5242399190879
0.9999737842929364 -0.00020900401823338894 0.007237889484142444 0.007423274552682292 0.00020704807482617823 0.9999999418491223 0.00027098495623338256 -0.17207220049346794 -0.007237945700197577 -0.00026947926108767187 0.9999737694174626 9.558208879994025
0.9999799662214509 -0.0009239261174305395 0.006262069647938289 0.003547656647346843 0.0009169628537284886 0.9999989582500238 0.0011147546778063127 -0.1936913369120606 -0.006263093075388789 -0.0011089902598033898 0.9999797716982741 10.851074779262103
0.9999902572115761 -0.0019072031885491486 0.003980961934436402 0.004418529232411662 0.001903906507312292 0.9999978416742713 0.0008317372243057177 -0.21673136052957648 -0.0039825396341101145 -0.0008241497415336586 0.9999917300434369 12.047651790595951
0.9999961927316124 -0.001658682151393805 0.0022052881445720368 -0.004373391272515858 0.0016580145145247709 0.999998579121429 0.00030453734176418836 -0.23690522581011245 -0.0022057901417786322 -0.00030087978255647393 0.999997521977533 13.291366246667643
0.9999986391646115 -0.0014820413858941833 0.0007247221921209566 -0.007948492540513894 0.0014818153506746395 0.9999988533360299 0.00031232978005787953 -0.26105444805354044 -0.0007251842467682695 -0.0003112554505592992 0.9999996886138778 14.501105903454967
0.999999972316132 0.00020743017274891628 -0.00011108761819548344 -0.014526159874859751 -0.00020741838331038496 0.9999999728571886 0.00010612839316662793 -0.28164198113371897 0.00011110962941113677 -0.00010610534861451323 0.9999999881981524 15.706351549895551
0.9999996880943355 -3.041430658183141e-05 -0.0007892313993561272 -0.01586672216235351 3.042561781173533e-05 0.99999999943461 1.4319953791757891e-05 -0.29997525694887545 0.0007892309633783975 -1.434396217833021e-05 0.99999968845432 16.883657267136225
0.9999991452622392 -0.000576474210785237 -0.0011735213144587018 -0.023423647611975518 0.0005770091089762885 0.9999997297816148 0.000455518589175136 -0.3196905842136617 0.0011732584026324735 -0.00045619533231430737 0.9999992076749558 18.07948666110918
0.9999982980558713 -0.0008764286998962257 -0.0016235018002027756 -0.03252137700769302 0.0008774437555441609 0.9999994199713924 0.000624619351396733 -0.3401369310924229 0.0016229534241992167 -0.0006260428198462745 0.9999984870451407 19.28031084565131
0.999996161831585 -0.0006645954013141618 -0.002689727690913458 -0.033609368060544 0.0006631682897621946 0.9999996388919727 -0.0005314355492537465 -0.35865786557998247 0.002690079909253326 0.0005296497674018253 0.9999962414635394 20.456118634201655
0.9999940772669113 -0.0010559169891843985 -0.0032757396738517085 -0.04557562929314456 0.001051309203631876 0.9999984560809105 -0.0014080428804154146 -0.3809926826636193 0.003277221392773637 0.0014045907256853532 0.999993643452215 21.635706109202808
0.9999924610041119 -0.0005016557984647789 -0.0038504904102815278 -0.05904308688112341 0.0004985200364168184 0.9999995433845971 -0.000815296492170747 -0.4018231635711387 0.003850897650301085 0.000813370799034218 0.9999922544776183 22.630083805761526
0.9999886624527285 -0.0005879712349448913 -0.004725384199189616 -0.07105264292268973 0.0005843683056384935 0.9999995375559777 -0.0007638072490410096 -0.43013571699299213 0.0047258311106554395 0.000761037224582172 0.9999885436057036 23.834537826242858
0.9999799473210321 -0.0009286331145141867 -0.006264391140771596 -0.07296315210054813 0.0009193872419406867 0.999998484145535 -0.0014786594371036766 -0.45182743717557416 0.006265754776984716 0.001472870384727262 0.999979285270402 25.008078281788332
0.9999746890106774 -0.0006730798237290976 -0.007082958530859363 -0.08993274634392043 0.0006676097027134311 0.9999994771232587 -0.0007746292620523288 -0.4728514250165507 0.007083476214672267 0.0007698810035801668 0.9999746155017917 26.09555388422942
0.9999703353708417 -0.0020960213976255037 -0.007411819791879196 -0.11325802874607523 0.0021038802769185994 0.9999972327732976 0.0010526792137941 -0.49678482595419543 0.0074095928435366255 -0.0010682415679318727 0.9999719780043064 27.306440370045088
0.9999638648481278 -0.0024575975932270566 -0.00813813320517935 -0.13233315199632 0.002466938975106343 0.9999963095614784 0.0011380138471724533 -0.5155823714231338 0.008135306391807227 -0.0011580490028577526 0.9999662372862484 28.509955779928408
0.9999599161835052 -0.003011130571147853 -0.008432029350105431 -0.1578702605543245 0.003013730195945142 0.9999954150107156 0.0002956143636506324 -0.5373005638038533 0.008431100555893623 -0.00032101437576428666 0.9999644061131308 29.779888741189104
0.9999481614761936 -0.003432042874647721 -0.009586211039156337 -0.16840325831352213 0.0034254232723724535 0.9999938833883374 -0.0007068672554682742 -0.553662533278083 0.009588578402753612 0.0006739937821257738 0.9999538013811413 30.721561578394404
0.9999415632648756 -0.002843771257350288 -0.010429909895736354 -0.18654820845250117 0.002837294372085646 0.9999957727914357 -0.0006357357193245915 -0.5774883231691531 0.010431673693297868 0.0006061058443561187 0.9999454049195191 31.908549523924783
0.9999382138699046 -0.003468394964017847 -0.01056118738774665 -0.21390415616046354 0.003468171449942675 0.999993985096042 -3.947822243936512e-05 -0.6005036736144926 0.010561260789286766 2.8477746569941995e-06 0.9999442283259751 33.120857310385404
0.9999279309260485 -0.003946070725893506 -0.011338495481253763 -0.23204279958587692 0.003951004039711879 0.999992109580565 0.0004127271362379147 -0.6269101224688189 0.011336777365298582 -0.00045749583282623987 0.999935632016647 34.29450646461146
0.999923050239864 -0.004975917527367009 -0.011363707307371188 -0.26160071651437056 0.0049776632819327135 0.9999876035013328 0.00012534716766412297 -0.6497314373060213 0.011362942720020119 -0.0001819022308403088 0.9999354231370737 35.49847024989685
0.9999169725686053 -0.0049644723915795675 -0.011891256582411332 -0.282429715151853 0.004966686563057597 0.9999876536621438 0.00015667757992559645 -0.6755105024009861 0.011890331947420119 -0.00021572471567445024 0.9999292842341533 36.68396535789285
0.9999176269618085 -0.0057074531981315384 -0.011496271963433809 -0.3163810245349487 0.0057212362727385785 0.9999829533541835 0.0011663861092434515 -0.7055697721976607 0.011489418896428018 -0.0012320629186345453 0.9999332354084376 37.882207985342326
0.9999231024832566 -0.005094026756667868 -0.01130663573579583 -0.3350229542729852 0.005120395746175027 0.9999842354101821 0.0023044475510416024 -0.7213468757866558 0.011294718573836902 -0.0023621647942727274 0.9999334225386315 39.06316927030261
0.9999296853503004 -0.004239378006596015 -0.011074837667757293 -0.3576578832733578 0.004274005560796948 0.9999860461609873 0.0031048928776117 -0.7394208475039733 0.011061520316677198 -0.0031520084759337156 0.9999338516176208 40.403891226208856
0.9999316171537627 -0.0033603215415631198 -0.011201305968454828 -0.37652737663844954 0.0033912451848882984 0.9999904880203913 0.0027428679944681567 -0.7606058052218467 0.011191982503453424 -0.0027806668042779795 0.999933501498857 41.57723262588191
0.9999378304941076 -0.002328997107535369 -0.01090462833896843 -0.3943544108966641 0.002359269175649382 0.9999933969585486 0.002764034778867037 -0.7759900460798828 0.010898118906250424 -0.002789589893702789 0.9999367225942494 42.73946969566282
0.9999462859940292 0.0006520886526098016 -0.010344075944063362 -0.414354803610088 -0.0006036046171860373 0.9999888217801859 0.004689560335577073 -0.7951333327207487 0.010347018324789322 -0.004683064708505041 0.9999355019783632 43.933685411808746
0.9999652540622995 0.0008495994053775446 -0.008292698533747289 -0.43955472608086193 -0.0007861772643146385 0.9999704429253138 0.007648215547441991 -0.8097703422686492 0.008298951345218759 -0.007641430271974202 0.9999363659503373 45.128105832627696
0.9999814492927729 0.001773030612473532 -0.005827300642069433 -0.473006206773268 -0.001712592651856589 0.9999448651664843 0.010360195634713139 -0.8198807163203243 0.005845348298830308 -0.01035002365349751 0.9999293519612454 46.374586959966
0.9999888815328437 0.0022405311919044316 -0.004149316892027473 -0.486530557431299 -0.0021830146234453653 0.9999021890601768 0.013814729813473032 -0.8304741498813507 0.0041798633764975265 -0.0138055181954009 0.9998959627928844 47.55940372717235
0.9999949855148693 0.0015542525670562096 -0.0027592107701498686 -0.4982109377238323 -0.0015125427179223882 0.999885525263445 0.015054852479192558 -0.8316591477258103 0.002782293953336359 -0.015050603562701227 0.9998828622257483 48.78029963041683
0.9999991567055568 -0.00023918635104608712 -0.0012764709415573894 -0.5056077336888702 0.0002566659750508182 0.9999059646619107 0.01371116173450836 -0.8335962476855152 0.0012730713854370286 -0.013711477798620867 0.9999051828377652 49.99925209702439
0.9999990057249508 0.00044128699608538815 -0.0013393337510259403 -0.49438878154136495 -0.0004250451486214134 0.9999266661050853 0.012102964454613823 -0.8420481567580417 0.001344576413293332 -0.012102383143625153 0.9999258594698474 51.18109648418022
0.9999985581152994 0.000906800334845615 -0.001435785664577703 -0.4837874147615009 -0.0008901614147945758 0.9999329319835826 0.01154725713623393 -0.8472093765803483 0.0014461604259188644 -0.011545962405422168 0.9999322973942556 52.46932056052552
0.9999982917238344 0.000327916150174995 -0.001819071304538957 -0.47894598111125236 -0.0003076329495538136 0.9999379076238418 0.011139401187687385 -0.8535872853911379 0.0018226111436320087 -0.01113882255224316 0.99993630033156 53.65615653007171
0.9999960962068648 -0.0007579289742290384 -0.002689445054360175 -0.4862266444469314 0.0007856329655260693 0.9999464909035581 0.010314945976709703 -0.8647240353375812 0.002681483148162094 -0.010317018625988307 0.9999431827732994 54.857234231067196
0.999989310356504 -0.0008569019734260988 -0.0045436650108783205 -0.4956917263493295 0.0009048412749833736 0.9999438400392272 0.010559262752203327 -0.8723687338147791 0.0045343615857393205 -0.01056326117309069 0.9999339263563357 55.967845961090504
0.9999816387292771 -0.0011762694725421393 -0.005944627358961895 -0.5077022602930183 0.0012463827655719874 0.9999295478221589 0.011804487374432092 -0.8860365370366653 0.005930323288880516 -0.011811679910131845 0.9999126539270262 57.13449019228445
0.9999744375845756 -0.0017096168918494573 -0.006942721908180667 -0.5313261673196444 0.0017935505770822048 0.9999251683877195 0.012101272706494842 -0.8963050552065508 0.006921513832874832 -0.012113415491619909 0.9999026741695353 58.33741095206276
0.9999671974852598 -0.00036814043541726657 -0.008091256150615102 -0.5339216204363252 0.00046363055254190007 0.9999302354209544 0.011802937672647468 -0.9025068523678925 0.008086346528921875 -0.011806301860170615 0.9998976058758215 59.47079615607498
0.9999631888864456 -0.000170280566432688 -0.008578570777164169 -0.5568152361828894 0.0002714259829380278 0.9999304505610925 0.011790689913032228 -0.9128202121955556 0.008575966417023047 -0.011792584331612605 0.9998936882263008 60.680882056791
0.9999567056971718 -0.0010558366425510997 -0.009245103582094311 -0.5683613290922989 0.0011593510890612684 0.9999366228925191 0.011198486654703112 -0.9183031018057145 0.009232693881619826 -0.011208720144937288 0.99989455541892 61.88789885813608
0.9999386397527957 -0.0030540243894794255 -0.010648458308913124 -0.570074754339057 0.0031673315261421062 0.9999383759143646 0.010640130861286278 -0.940249349790004 0.010615306888248856 -0.01067320517793321 0.99988669255616 63.127910066167225
0.999915530814749 -0.005240320997001585 -0.01189412759754315 -0.5765872480948218 0.005380648753514272 0.9999159374123446 0.011796894836448635 -0.9595261396791446 0.011831308230688587 -0.011859896485185421 0.9998596716544327 64.34275230529032
0.9999183227874526 -0.005726365685954132 -0.011426131889571712 -0.5948464474625798 0.005878895230446415 0.9998934614192277 0.013360553953476156 -0.9667220485219715 0.011348407147992026 -0.01342663573293946 0.9998454576123739 65.48046700734513
0.9999270560839632 -0.005154550283652005 -0.0109230546383158 -0.6128462910681007 0.005286577682988652 0.9999129039046629 0.012092836778236846 -0.9786742371926311 0.010859770147662281 -0.012149700256247495 0.999867216272252 66.6874896344022
0.9999410273958529 -0.0036623453195722437 -0.01022394039917396 -0.6488021201476456 0.0037745719026456865 0.9999326024727664 0.010979213040627803 -0.9875008160657089 0.010183041661380638 -0.011017156566008593 0.9998874576289682 67.82189898723576
0.9999516276403821 -0.00176096066485588 -0.00967684849975438 -0.6846114078103308 0.0018711305152164107 0.9999334078827755 0.01138765430337825 -1.0003013242911896 0.009656150886631569 -0.011405210102188309 0.9998883337316116 69.16254602203597
0.9999501852388591 -0.00014489775027400954 -0.009980282832323223 -0.7034302673628511 0.00026148020476673257 0.9999317410302565 0.011680963500588929 -1.0100183226954065 0.009977909043167135 -0.011682991262581094 0.9998819675573132 70.35659025391526
0.9999487000781564 0.0011055704286254946 -0.010068511609589346 -0.724928639695485 -0.000984035651065821 0.9999266979308779 0.012067743736418291 -1.017151049195897 0.010081115307470665 -0.012057216887730995 0.9998764896901411 71.59826577166794
0.999956613976848 0.0014739564542397229 -0.009197696251133779 -0.7434878038891308 -0.0013532491252565356 0.9999130645424731 0.013116099804607779 -1.0247528401068846 0.009216229205163516 -0.013103083974791985 0.999871676921387 72.77001535639384
0.9999676114258664 0.0031448578572023057 -0.007408506482790254 -0.7633480727414649 -0.0030413912437577658 0.9998982633212886 0.01393603050989264 -1.033348306405073 0.007451579600993811 -0.013913046974989497 0.9998754427854106 73.96523573508524
0.999985513408761 0.001547605569006432 -0.00515537482827147 -0.7704103684509559 -0.001487408205993331 0.9999309128972323 0.011660062149727164 -1.0410069660683676 0.005173063835478876 -0.011652225088348655 0.9999187292280527 75.16080987575377
0.9999931963958213 -0.001533411454967012 -0.0033549681635935045 -0.7749648801830289 0.0015559809209244647 0.9999761094590235 0.0067349413188256295 -1.0502860633825786 0.003344560575422412 -0.006740115763403804 0.999971691976354 76.32011370785197
0.9999998962863655 -0.00041632089022477906 0.00018467315784438117 -0.7989050353500226 0.00041516145972297154 0.9999804790744584 0.006234509682255285 -1.061379507587986 -0.000187265109474334 -0.006234432366474048 0.9999805482032367 77.53852207464807
0.9999935369667758 -0.0009453191920595328 0.003468774467062203 -0.8065717696106521 0.0009105590122492086 0.9999494959756852 0.010008815127557722 -1.0795030157408878 -0.0034780608050219187 -0.010005591916400776 0.9999438940377795 78.86645148381987
0.999981836240718 -0.0016704207587592045 0.005791103792134775 -0.7960157789593497 0.001604155683768712 0.9999334071121238 0.01142838683634109 -1.0858923189751029 -0.005809808360419699 -0.011418889421810378 0.999917924177373 80.07349005557765
0.9999370817814238 -0.0025507524344899053 0.010923650510197813 -0.8022043670315173 0.002432997053545493 0.9999389383872844 0.010779611414483161 -1.096712254607983 -0.010950479614539146 -0.01075235597103097 0.9998822299837531 81.08740762445329
0.99988792237934 -0.00337740443697457 0.014585466026049312 -0.7950702258950257 0.0032611386211860985 0.999962779417843 0.007987787793572097 -1.1097983556812046 -0.014611901136448297 -0.007939327314756543 0.9998617201528254 82.1048137830538
0.9998340454500101 -0.004326850464725513 0.01769632515874473 -0.7770543402805735 0.004248440959310257 0.9999810024734365 0.004466031978797051 -1.123159873384451 -0.01771531282488028 -0.004390109027836327 0.999833433444911 83.10568739844076
0.9997661976601756 -0.004989947808678626 0.021039259420953724 -0.758949551641867 0.004916392392771522 0.9999816259709787 0.0035463793194089274 -1.1433489388585099 -0.021056569092704053 -0.0034421129126596594 0.9997723604684916 84.28485537927772
0.9996789232886562 -0.005004890397670142 0.024839512969085344 -0.7434129933828919 0.004869980248922319 0.9999730778376973 0.005488796969913705 -1.1671868477933798 -0.024866315062935036 -0.0053660667074813114 0.9996763834878168 85.39687021795409
0.9995834008249788 -0.003972384731699725 0.02858749647510153 -0.7181546485888893 0.00379859699687909 0.9999739910617742 0.006130893967553277 -1.188223969579205 -0.028611107214259936 -0.006019747463925891 0.9995724922107668 86.59270532445755
0.9994724911331515 -0.004301957650417765 0.03219056738343314 -0.6849573426396995 0.00417399316341267 0.9999831224493324 0.004041360854286474 -1.2038596162104478 -0.032207409848746184 -0.003904865792417138 0.999473578827363 87.75551908273879
0.9993542813624933 -0.004509732831451673 0.03564663563710451 -0.6518999042992845 0.004451885724223939 0.9999886418913474 0.0017019993525896277 -1.2201271780984617 -0.035653906321103206 -0.0015422055915774598 0.999363007403195 88.92537618500103
0.9992388604221493 -0.004434329782642462 0.03875611618344075 -0.6212094857726337 0.004380456731955698 0.9999893181372138 0.0014748594131986014 -1.2359920941237963 -0.038762242208946585 -0.0013039673492875033 0.999247611079499 89.76686650346457
0.9991405048965097 -0.006016547345955761 0.04101283498104555 -0.5759939726355798 0.005912759358677768 0.9999790043132932 0.0026514541972519033 -1.251261798324651 -0.0410279264881246 -0.002406676261492412 0.999155101652119 90.7274249908155
0.9990158983508537 -0.00673015728258561 0.04383993413760093 -0.5411605271108 0.006555538857625333 0.9999700015467083 0.0041256414000182635 -1.2646177550884696 -0.04386638522289792 -0.003834186957758204 0.9990300492266728 91.57179977557115
0.9989133813352835 -0.007460154799507466 0.0460043767448136 -0.4996410150820563 0.007196775372859386 0.9999567675849846 0.005888071434770768 -1.2732934103106972 -0.04604631378887945 -0.005550590180850005 0.9989238849557555 92.40412124852145
0.9987963836870827 -0.009122912700030779 0.04819290816577349 -0.4571665933149094 0.008793115969064578 0.9999364813209323 0.00705084640783823 -1.2874632747523373 -0.04825417127214627 -0.0066185940636940156 0.9988131602894795 93.272033591461
0.9986826625440496 -0.010294996242671862 0.05026880331072516 -0.4074917844143495 0.010060310410960723 0.9999372927911147 0.004919414600452962 -1.3032588073153286 -0.0503162964492032 -0.004407214306045262 0.9987236087995996 94.20469118834495
0.9985426555882859 -0.011717321060278313 0.05268082533393875 -0.36211432091739054 0.011664793697452498 0.9999311131186591 0.0013044559304718224 -1.3146508805018693 -0.052692481045121226 -0.0006880439295795624 0.9986105492317111 95.09081812881367
0.9984112927493373 -0.010870523998446254 0.055287631696403425 -0.3224676188585803 0.010981896075872213 0.9999382333311049 -0.0017109883830844312 -1.3241792991963401 -0.055265617423282926 0.0023154331490051585 0.9984690031744377 96.08725625812302
0.9983102777383461 -0.010938029212103803 0.057069684412498045 -0.27766498391522404 0.01110449551606345 0.9999349614708621 -0.0026005783200183405 -1.3417923368259668 -0.05703752748253264 0.003229914119599302 0.9983668104025989 97.00116720961876
0.9982921556286025 -0.010812522934827415 0.05740959291078907 -0.21733160029803425 0.010948335039903723 0.9999379604049581 -0.002051658116260302 -1.3576089635129247 -0.05738384764245673 0.002676693661185939 0.9983486011112506 98.02635589829666
0.998347970329474 -0.010666950393728402 0.05645835906505159 -0.16246934927376155 0.010702092014372841 0.9999426797352782 -0.0003201098972717628 -1.371739055039271 -0.05645170826056933 0.0009238036199180496 0.9984049034441561 98.9311843838616
0.9984203632434057 -0.011487036366565992 0.05499842049022776 -0.11542422861601778 0.011439268038238406 0.9999338693101016 0.0011832807264158095 -1.3872308940762756 -0.05500837579547347 -0.0005522698990198048 0.9984857403039374 99.8088976111839
0.9985170286185927 -0.011091427409139909 0.05329844084703558 -0.0808702977883516 0.011000960099253443 0.9999375065253601 0.0019904574197295655 -1.401864291617591 -0.05331718705625593 -0.0014011716072298238 0.9985766441703585 100.90313457386469
0.9986243941714205 -0.010673814745818537 0.051336040405706176 -0.04392906850643951 0.010570051504163536 0.99994150790711 0.0022923297437576974 -1.4120083133218693 -0.05135750555628322 -0.0017465518104933288 0.9986788053122031 101.82826970444619
0.9987773640774387 -0.010248773391926121 0.04836051747536832 -0.006589647489645543 0.010154176450150262 0.9999460219149175 0.0022013534813757865 -1.4252280822662475 -0.04838046824022741 -0.0017076007998660415 0.9988275198413209 102.75004609469453
0.9989613173590007 -0.008896636477278834 0.044689330715081424 0.02096200542915421 0.008830098760551592 0.9999595924245656 0.0016860824342795422 -1.4371037420284016 -0.04470252539006781 -0.0012897199259669628 0.9989995099329443 103.67624818015398
0.9991317298104807 -0.008799767805015799 0.04072285074126537 0.04763906890796091 0.008718016963857628 0.9999596109349672 0.0021846461970590264 -1.4538971725364076 -0.04074043036266856 -0.0018277268303127996 0.999168092339071 104.6586331822506
0.9992794282681278 -0.008241653547982121 0.03704995798809684 0.06519457732554096 0.00812731152636057 0.9999617377560625 0.003235711858118719 -1.4719733452406234 -0.03707520798968201 -0.002932263745013773 0.9993081760807582 105.7457227843692
0.9994339987079301 -0.008120173666113943 0.03264575020290159 0.09840830681800261 0.007990971870853713 0.9999597227861843 0.004086217558603426 -1.4883783478352568 -0.03267761611925375 -0.003823033482611607 0.9994586323704215 106.88718396790864
0.999554563853279 -0.007893761630875285 0.028781285714804577 0.11578202754196604 0.007765701792527987 0.9999594562452544 0.004558480159456336 -1.499839558089537 -0.028816102369192992 -0.00433294276555282 0.9995753387570336 107.86817948668734
0.9996921781556766 -0.007449881599139784 0.023665337490069674 0.13486445085275386 0.007342485225728708 0.999962362787816 0.004621787372624491 -1.511338013835822 -0.023698878561443485 -0.0044466022946289974 0.9997092531746234 108.74822424437282
0.9998073656148475 -0.0066891678028641105 0.01845228160430885 0.14773298636279653 0.006606630227715244 0.9999679135911039 0.004530367014760352 -1.523327317638373 -0.0184819939220264 -0.004407586908878956 0.9998194782451015 109.57093773294432
0.9998887312868266 -0.006352523861089601 0.013497054723733592 0.15507558189690718 0.006297483791410691 0.999971697551034 0.004116527031363581 -1.5334031648063318 -0.013522823060222516 -0.00403107150734391 0.9999004369030873 110.37680692773998
0.9999445474455325 -0.005196385257997503 0.009159673258404997 0.1553709534545015 0.005166035566749703 0.9999810982310025 0.0033339551947968588 -1.5414818357090188 -0.009176824640001916 -0.003286451120632459 0.9999524914357474 111.14434494180786
0.9999781376200098 -0.0032422143816418884 0.005763013788071416 0.15399706436086288 0.0032240811523031243 0.9999898319128593 0.00315299407145469 -1.5506952526392892 -0.0057731778719686015 -0.0031343447153659994 0.9999784229174468 111.99619667568234
0.9999933588420125 -0.000989891780684616 0.003507475749606601 0.16034379722106565 0.0009783544054655087 0.9999941107999054 0.0032895574418827737 -1.5628236755113516 -0.0035107113992537673 -0.0032861040410607696 0.999988438146013 112.88695414672276
0.9999973348032805 0.0002012353701698051 0.0022999762309637607 0.15422418203095933 -0.00020819906277503783 0.9999953942708403 0.003027885443097635 -1.5780828828053672 -0.002299356320248075 -0.0030283562260833047 0.9999927709834109 113.98208336080339
0.9999967749730662 0.002377444132537068 0.0008931981107598332 0.15442847798921985 -0.0023804173877491697 0.9999915803150372 0.0033425906261722945 -1.5952438247239527 -0.0008852437678413522 -0.0033447060305414112 0.9999940146246081 115.06666691989729
0.9999935543827023 0.0035830679120968144 -0.00022982033866965207 0.1517293742405867 -0.0035820624920868665 0.9999846149544173 0.004235408217444686 -1.610512534155608 0.0002449925581519368 -0.004234557686809505 0.9999910042094599 116.30828218281415
0.9999945399370873 0.003111017499817683 -0.0011143007359077396 0.146944169832475 -0.003105835260941241 0.9999844926136338 0.004622587974831268 -1.625285793586649 0.0011286644080999435 -0.004619101900693625 0.9999886949432405 117.28274389514213
0.9999735908428975 0.007001345172249866 -0.001949046572447174 0.14118512597630423 -0.006988065230305426 0.9999528755385536 0.006738964795474903 -1.6368003323928568 0.0019961365433139567 -0.006725166760510147 0.9999753934827317 118.13205724579956
0.9999633755659286 0.007966183314170046 -0.0031284900830258625 0.13709909161189826 -0.00793375838411003 0.9999160591662843 0.010243539391733242 -1.6513383735554468 0.0032098293875405773 -0.010218343543474721 0.9999426395801565 119.28624795386585
0.999970418457703 0.006839477145411979 -0.003519056962398155 0.12801664945202215 -0.006804679391246269 0.9999287559385888 0.009807108926083344 -1.6559607758129238 0.003585881747850432 -0.0097828727622876 0.9999457169529792 120.24906842930483
0.9999705889715712 0.0067130611292121785 -0.0037089084816521317 0.11040495304377106 -0.006682957479212285 0.9999451033709165 0.00807021213214113 -1.6605797378708809 0.0037628807024477815 -0.008045188301225933 0.9999605570591358 121.44944225490023
0.9999838102851218 0.003910684047473784 -0.004133487381254051 0.09605774786504996 -0.0038735386965761454 0.9999523866584731 0.00895656820378893 -1.6685930552587696 0.004168316880502441 -0.008940411976180744 0.9999513459004293 122.70075608141872
0.9999836043467599 0.001671974442973604 -0.005476818339639739 0.0910562163385348 -0.0016122267248279152 0.999939342444224 0.010895510873760172 -1.6791838005260946 0.005494703144950026 -0.010886502361848216 0.9999256433873844 123.97668804004776
0.9999820455043422 -0.0016694077400687159 -0.00575514958535066 0.08480729058608631 0.0017428905814339233 0.9999167251908057 0.012786907996682757 -1.6863398931655866 0.00573332376318601 -0.0127967090102061 0.9999016817853318 125.25160177257823
0.9999768321395957 -0.003476096325342752 -0.005852515561411586 0.06485907283310627 0.003556859823571173 0.9998978076319047 0.013846408960661263 -1.69454782390269 0.005803786027679889 -0.013866904746458965 0.9998870061264412 126.51096720855304
0.9999554792795664 -0.0076074669574538985 -0.005582643214883171 0.052612228568609254 0.007674223695510393 0.9998981208601488 0.012035538667404552 -1.7016677109425062 0.005490514497267053 -0.012077845289395909 0.9999119860786354 127.83270896153364
0.9999342818702229 -0.010021148713016535 -0.005568529352897078 0.04243472850739378 0.010082169183153942 0.9998882250338218 0.011040258297506959 -1.7046514549437588 0.005457270860487686 -0.011095675607417057 0.9999235491664203 129.09338525190722
0.9999250408823652 -0.011255006791086444 -0.004820522641126671 0.02813235019970864 0.011306198137561745 0.999878540805432 0.010727232656851295 -1.7094493618450162 0.004699202067926975 -0.010780930337064263 0.9999308421290907 130.3767134722097
0.9999270824433397 -0.01130737578128382 -0.004239463325971501 0.014588494862729518 0.01135357243362981 0.9998746450025512 0.01103588120707396 -1.7145754133066586 0.004114145032171214 -0.011083209551532285 0.9999301156964377 131.6844300411173
0.999934983685947 -0.010773780388922941 -0.0037355129657315523 0.005901871812165008 0.01082142301660404 0.9998572318764722 0.012977390655068661 -1.7211671656472352 0.003595164096616176 -0.013016970478948836 0.9999088124797525 132.96928958725462
0.9999584940602224 -0.008534659572491018 -0.0031890034172006665 -0.003838382276694442 0.00858027285262993 0.9998569725387517 0.014574408510003828 -1.7267097156116307 0.0030641596870348096 -0.014601166104929867 0.9998887022432991 133.95919751862368
0.9999586397378829 -0.008590419413201062 -0.002987224107629422 -0.008397311721626293 0.00862830103922557 0.9998794555455797 0.01290840032892465 -1.7336734793263617 0.0028759754415502888 -0.012933641102976191 0.9999122209939626 135.3230123749977
0.9999638065087897 -0.00805299383670735 -0.0027449886555046474 -0.02083682477758953 0.00808360788551444 0.9999031351769706 0.011330293324453173 -1.74610860295073 0.002653479980354508 -0.011352072653523011 0.9999320424361163 136.60946083886773
0.9999651424486675 -0.008023696641509676 -0.0023095843397253433 -0.024977402905722777 0.00804372954100938 0.999928932800277 0.008799304743583033 -1.7526987513219985 0.0022388172521151904 -0.00881757569314755 0.9999586181718758 137.87761960233303
0.9999563726621186 -0.009077168274644793 -0.002204039140592361 -0.023353935447416943 0.009087243062674805 0.9999481071158196 0.004604898371236692 -1.7629605065983263 0.002162125329241248 -0.00462472611117016 0.9999869684763184 139.12595485163695
0.9999557426983774 -0.009239316548663307 -0.0017741686084547766 -0.03440538973614841 0.0092415823453162 0.999956485136903 0.0012731804292508706 -1.78524698241786 0.0017623280887413505 -0.0012895202070105126 0.9999976156658292 140.4412357474403
0.9999535835052753 -0.009488867855267287 -0.0016709942504088099 -0.04398231628640372 0.009489680351567824 0.9999548572537504 0.0004789795993152069 -1.80896802813207 0.0016663738430162318 -0.0004948145680672558 0.9999984891772381 141.7380958652529
0.9999489652705376 -0.009933805149868831 -0.001840209125885435 -0.05686408612269337 0.00993519219154327 0.9999503663843234 0.0007461393798417659 -1.8334652682714716 0.0018327057864390341 -0.0007643841321590926 0.9999980284512561 143.11241611492198
0.9999542057728672 -0.009318584363608306 -0.0021795280713332297 -0.06398728593066857 0.009321251981499445 0.9999558156052558 0.0012170039953879406 -1.8480408629522724 0.002168091015802829 -0.0012372641939846028 0.999996884274477 143.98661624343458
0.9999609018426081 -0.008483329888508835 -0.00249557611018388 -0.07494930799131672 0.008489438951646546 0.9999609684934249 0.0024476347721787244 -1.8741324427193216 0.0024747146108696425 -0.0024687251152061664 0.9999938905732878 145.2685996711901
0.9999631634157773 -0.008006675135823595 -0.003092727725195721 -0.07408396490593837 0.00801557233806871 0.9999637412203576 0.00287521211024953 -1.8852255585769377 0.003069594697349372 -0.002899896180060147 0.9999910840555225 146.26450121400893
0.9999624530629594 -0.007755340872593066 -0.003866154712370561 -0.07592573843607454 0.007764819439747301 0.99996686978466 0.0024427263737544394 -1.9031154413855322 0.0038470824501455497 -0.002472654650129179 0.9999895429131264 147.5297574224891
0.9999625564535727 -0.0074664667960869435 -0.004374650205452213 -0.08673960836797902 0.007477993455129364 0.9999685953926188 0.002624469927089796 -1.9176014494982463 0.004354917303712215 -0.0026570852632335222 0.9999869872119247 148.50575496682808
0.999955375250198 -0.007992286881077277 -0.005036949339445043 -0.10202510669374906 0.008011425167891661 0.9999607222049344 0.0037909252387408913 -1.9357496298883408 0.005006453337128508 -0.0038311092123584373 0.9999801288161614 149.72126853157405
0.9999597803776604 -0.007118743051370726 -0.005455375736986116 -0.12110272662991962 0.007141547279095171 0.9999657952660435 0.0041721218115321835 -1.9558201745894288 0.005425488874155159 -0.004210913834119937 0.9999764158594735 150.95820442249612
0.999960337723378 -0.006722093732103126 -0.005842639472594163 -0.1503990533709624 0.006741122055449609 0.9999720189622635 0.0032432338750877027 -1.9763664900587368 0.005820674667375171 -0.003282491186859784 0.9999776722497484 152.32974051455324
0.9999591100452312 -0.006066398257775609 -0.006706493102145219 -0.1629092073119918 0.0060800751992485125 0.9999794742061744 0.0020208542537493157 -1.9936175246478647 0.006694096139326381 -0.0020615476034950043 0.9999754692482993 153.60188114092827
0.999956575324585 -0.00524231444076063 -0.007704907814733742 -0.1766794243104473 0.0052589424165659475 0.9999838830556708 0.0021394283260104258 -2.013893411844893 0.007693568079155047 -0.0021798550885528496 0.9999680281099015 154.85533765972818
0.9999539011054247 -0.005626130091412522 -0.007780894822507974 -0.197705740139124 0.005633781796578936 0.9999836675614128 0.0009618279964612093 -2.029694584545288 0.00777535637208753 -0.0010056195208663647 0.9999692658090381 156.11210946021941
0.9999496489026592 -0.005174995872850585 -0.00859762043628139 -0.2116744763794906 0.005175559417296345 0.9999866057652744 4.32985454776459e-05 -2.053566804498858 0.00859728120794109 -8.779386076413029e-05 0.9999630388409714 157.3676090596903
0.9999474813187224 -0.005057885142551676 -0.008913607700029939 -0.23697053493641135 0.005060700325185726 0.9999871515602639 0.00029330293045834243 -2.0767727430185756 0.008912009681544389 -0.00033839662396176987 0.999960229994754 158.6474370712952
0.999940118750242 -0.0049685650191775375 -0.009750501289874303 -0.25343287793101793 0.004985373854416284 0.9999861273382035 0.0017003466336060632 -2.100673302225201 0.009741917741663404 -0.0017488547089230385 0.9999510170732975 159.8749234069312
0.9999341359459706 -0.005018212597555599 -0.010321885114286642 -0.2803997847179415 0.005040305089322506 0.9999850599746273 0.002115455541523101 -2.1223956170328613 0.010311115099413154 -0.002167341659118382 0.9999444902271023 161.16787191472142
0.999930208878582 -0.004398567413639165 -0.010964943079864677 -0.2917495225850053 0.00442613468514869 0.9999871017179183 0.0024911301746719764 -2.133859080491867 0.010953844246926447 -0.002539488630790353 0.9999367801484794 161.8513269020546
0.999920149335797 -0.003976891980546047 -0.011994969047653974 -0.3038307038906221 0.004009413146839877 0.9999883484713481 0.0026884061754560255 -2.1499817062738744 0.011984137786968876 -0.0027362842910332976 0.9999244437405168 163.04556862993147
0.9999163622997914 -0.0036124041910195457 -0.012418491901782484 -0.3263379992366946 0.0036355789786570876 0.9999916909268574 0.001844083169263837 -2.1703418603409363 0.012411727141855807 -0.0018890773424937554 0.9999211871023389 164.33084145378206
0.9999125763625016 -0.002334464080550919 -0.013014987881774938 -0.34680472225840314 0.0023508977550310093 0.9999964584843314 0.0012475169501348095 -2.1829795881409364 0.013012029505481547 -0.0012780047934586463 0.9999145232428104 165.60627370754074
0.9999080222515875 -0.0020464439985108576 -0.013407427190987227 -0.3688323397757307 0.00206926009720152 0.9999964342351573 0.0016880994110148049 -2.2039350260070423 0.01340392478234625 -0.001715687597524758 0.999908691439622 166.83136842364297
0.9999111564979887 -0.0021638830670105387 -0.013152821785802323 -0.4044429839692816 0.0021705973320509707 0.9999975211299114 0.0004962270198394785 -2.2251664301698635 0.01315171540442028 -0.0005247324131708812 0.9999133747669425 168.09881703587317
0.9999040098298574 -0.0037202379168511522 -0.013346570945991886 -0.42765447529282774 0.0037062837455229926 0.9999925591384314 -0.0010701068025417146 -2.247600859162852 0.013350452687907006 0.0010205379038516387 0.9999103579398582 169.3613850623538
0.9998794353026558 -0.00691666166524945 -0.013902325354143577 -0.44081176112510007 0.006902440192913908 0.9999756046852885 -0.0010706790720868237 -2.268224092749203 0.013909391727435074 0.0009745900166887006 0.999902784772636 170.57610039610853
0.999887515681217 -0.006443332514657094 -0.013543982093581567 -0.4775263784849731 0.006477403488313979 0.999975962924767 0.002473219912372681 -2.2897832464045695 0.01352772075758779 -0.0025606715507746998 0.999905217374284 171.8838068873214
0.9998798597127423 -0.007168502244508045 -0.013743315335070765 -0.4964638561060135 0.007263671493229545 0.9999499001337646 0.00688740146302297 -2.309957501692409 0.013693254443964378 -0.006986400936454992 0.9998818355109209 173.13353039346842
0.9998825597259531 -0.005962502292283927 -0.01411790785819422 -0.5181376395368646 0.0060511073295915945 0.9999622119445378 0.006241697130852974 -2.3248932476931885 0.014080158236458667 -0.006326393079951068 0.999880855849653 174.39185566389799
0.9998908004765753 -0.004264104745352836 -0.014149365110712282 -0.5430298933683867 0.004311040391761114 0.9999853008514211 0.0032883144365428536 -2.3463938232697497 0.014135135409899224 -0.0033489538386840124 0.9998944856609274 175.61439856798523
0.9998943998470087 -0.003882904004705022 -0.014004006965241378 -0.5730852362392307 0.0039008172017849065 0.9999916079503561 0.0012520599106747967 -2.367988876471278 0.013999027814478506 -0.0013065547642210494 0.9999011551823 176.9018807756239
0.9998904604584559 -0.0042601906057425235 -0.014174549734709871 -0.5962021026103143 0.00428273631080855 0.9999896112912181 0.0015606022334248293 -2.3898958770304386 0.014167754016466508 -0.0016211371446102955 0.9998983181606458 178.15906540014723
0.999893893632475 -0.004349697517511251 -0.0139025755886031 -0.6246366635007977 0.004390797692380367 0.9999860762634895 0.002927144474666499 -2.4158850824397837 0.013889649819749017 -0.0029878772828120966 0.9998990700151832 179.4071981880992
0.9998982579835167 -0.00417354763230037 -0.013640204605932599 -0.6632370148727417 0.004245120902027058 0.9999773519966304 0.0052224938807733864 -2.4479314113276325 0.013618099355562002 -0.005279866851395896 0.9998933294986891 180.80241430306947
0.9998999549413163 -0.004946629933432112 -0.013251828577880344 -0.6782910322683856 0.005026236969797962 0.9999694836515421 0.005980694574371856 -2.4636884067269507 0.013221839897657529 -0.006046703066148194 0.9998943045801146 182.08082387778433
0.9999138932980132 -0.004991051152202567 -0.01213653154768145 -0.6932950750128095 0.0050561094857611245 0.9999729822598966 0.005335776149435531 -2.4798120576726843 0.012109572514327878 -0.005396680335631669 0.9999121131853917 183.26535630782615
0.9999230802952556 -0.006160482471101744 -0.010764847819320338 -0.7127819337255801 0.006203152307300536 0.9999730182535042 0.003934929024765484 -2.501518564914809 0.010740316303643386 -0.004001402341775306 0.9999343150352413 184.54513524078737
0.9999327973137413 -0.0063021046984473895 -0.009730587479083164 -0.7200151453816411 0.006326464758083049 0.9999769255762115 0.002474703782895566 -2.5227084740478607 0.009714767109046575 -0.0025360976949159713 0.9999495944838916 185.82231166416142
0.9999425099794212 -0.006998466299796742 -0.008123927960502396 -0.7370998068008323 0.007014082948071798 0.999973604691435 0.0018954051851135722 -2.5433468193417283 0.008110448597604703 -0.00195227812281006 0.9999652040114584 187.03721415491896
