0.9999902513704093 -0.0027210973964405904 -0.0034774693535135114 0.0007727877076201314 0.0027132295362268326 0.9999937535102652 -0.0022652430189076906 -0.0039833368636439746 0.0034836115784179734 0.0022557857633312478 0.9999913879033961 0.9999917663631435
0.9999712886047901 -0.0011704743166669335 -0.007486785421627393 -0.01572470702725326 0.0011414322486603364 0.9999918127637825 -0.0038822078545622312 -0.007625226405736178 0.007491268150132364 0.0038735507326391827 0.9999644376207708 1.999849120348058
0.999937999081243 -0.0013342605843482739 -0.011055213344528391 -0.047345703157626685 0.0012744787353374796 0.9999845382470035 -0.005412852379312757 -0.007482497844552205 0.011062264567128943 0.005398427143169923 0.9999242387736318 2.9993486714679793
0.9998762520232399 0.00014226873911562165 -0.015730874087747947 -0.07517585552890826 -0.00023623441447256466 0.9999821417460821 -0.005971631453750505 -0.018108112174652833 0.015729743585326757 0.005974608650269407 0.9998584295880172 3.9989049233504796
0.9998067888002867 -0.0008469650134474398 -0.019638424558113522 -0.11411861145375257 0.0007266230853411062 0.9999809215797942 -0.006134206983531743 -0.031086366757061806 0.019643245346697924 0.0061187520533975085 0.9997883294905769 4.9980621347890875
0.9997143847235073 0.0011143026606719574 -0.023872731441534074 -0.15176062307649157 -0.001287883479566568 0.9999728386392697 -0.0072569511410667375 -0.04722089395769723 0.023863996585698925 0.007285623741395772 0.9996886662124645 5.9972225658742015
0.9995854187765352 0.003911285368954865 -0.028525294321033713 -0.1952947307500311 -0.004132495233560135 0.9999618151899331 -0.007700041895882305 -0.06550860222062493 0.02849408802688027 0.007814730245909939 0.9995634131653178 6.996106079525074
0.9994567875317958 0.003999076182590999 -0.03271295227136571 -0.23952078691591397 -0.0041963032383870395 0.999973418935799 -0.005962588446291369 -0.07887165786275281 0.03268823788083905 0.006096622961458111 0.999447002243096 7.995038890496931
0.9993035772779707 0.0032404572745942436 -0.03717337590402828 -0.2807756712692435 -0.0033688709684154706 0.9999885713181846 -0.0033923356870231625 -0.08967137881054289 0.03716195834248818 0.003515205494251047 0.9993030732377861 8.994127973785643
0.9991747614477229 0.0026489882951943114 -0.040531209541507025 -0.3287068202733938 -0.0026822193911085787 0.9999961098225278 -0.00076553180752905 -0.09643021882590752 0.040529023983110986 0.0008736136573458003 0.9991779796483476 9.992946436832888
0.9990624054824139 0.00375528937534263 -0.043130125821748126 -0.3897413033015341 -0.0038171787524882454 0.9999917996696247 -0.0013526787779216424 -0.10566469009185377 0.043124692440224294 0.0015160459135943305 0.9990685474514366 10.99104515156722
0.9989826833849893 0.003357239954794862 -0.04497029282550816 -0.45222146784352435 -0.003433495603718907 0.9999927956681921 -0.0016185548035418053 -0.1122845321190262 0.044964534967741686 0.0017713135235621882 0.9989870134508936 11.989070989519439
0.9989079760775716 0.00046819428346772315 -0.0467186913635468 -0.4948913136574603 -0.0005717828089531101 0.9999974078462018 -0.0022039431243895584 -0.12145521666090349 0.04671753838794163 0.002228249310352514 0.9989056544599104 12.988110538560395
0.9988254648346218 0.0002525996690205443 -0.0484523166763822 -0.5530683895469882 -0.0003176389991240366 0.9999990589178538 -0.0013346418516595273 -0.1302414512848316 0.04845193394868203 0.0013484646132458915 0.9988246050933164 13.986375377919396
0.9987504067612033 -0.0008731666094340031 -0.049968615894402976 -0.5978398205756973 0.0007870410806266313 0.9999981708343596 -0.0017432424591886711 -0.13759293937967879 0.04997004663463521 0.0017017367617471332 0.9987492670992685 14.985339617885296
0.998656122165589 0.0015149357494850758 -0.051804002073808225 -0.655781136639753 -0.0017319931496968173 0.9999899081351192 -0.004145338061515857 -0.14565134317190437 0.05179719935399594 0.004229491410297556 0.9986486677212827 15.983629337381375
0.9985797714133672 0.0019751651119572005 -0.05324038736530748 -0.70884886015737 -0.0023425514927614397 0.9999738699212476 -0.00683900045524 -0.15751975218950312 0.05322548803469301 0.00695400586018727 0.9985583053712814 16.982145939676368
