1.0 0.0 0.0 0.0 0.0 1.0 0.0 0.0 0.0 0.0 1.0 0.0
0.9999998284140045 -0.000498766313965108 -0.0003072525437217817 -0.0028247210345368383 0.0004992773349661062 0.999998488631403 0.0016653699446901916 -0.01914860738509509 0.0003064214489212344 -0.0016655230631672229 0.9999985660683828 1.310627285361728
0.999992028085648 -0.0023234355455409588 -0.0032473700771969588 0.07548949247153791 0.0023309205909305703 0.9999946313126419 0.0023030751382092157 -0.05198541562373402 0.003242001596442122 -0.0023106261400707307 0.9999920751848435 2.622754166581218
0.999987376644204 -0.0036255800450825143 -0.0034787528770577215 0.08025036370133622 0.0036294341229389116 0.9999928061358032 0.0011022180316115349 -0.06341371538128227 0.0034747316716811777 -0.001114830022318367 0.999993341674749 3.9392953361013667
0.9999896848952403 -0.0036708684207358033 -0.002674851052996627 0.05459552320003801 0.003674217141796226 0.9999924711698428 0.0012480913532827 -0.08788895047764102 0.0026702493353623633 -0.0012579064626802607 0.9999956437104206 5.258286281302841
0.9999872802864175 -0.004234732484726833 -0.002739763887047179 0.04503204878732324 0.00424078383008945 0.9999885730833378 0.0022066842222098434 -0.10844820027237011 0.0027303878626342504 -0.0022182749002089674 0.9999938121001485 6.578817985484822
0.9999807311162783 -0.005539000498159833 -0.0028030108160878872 0.048196088831488126 0.005548885045286315 0.9999783707233569 0.003530999888782997 -0.13076524576185472 0.0027833919788485435 -0.003546485435155829 0.9999898375334375 7.905854098066252
0.9999833439769099 -0.00511117550405867 -0.002680979993205517 0.02231623502118323 0.005122115253086347 0.9999785191834496 0.004089634092344066 -0.14709216896369096 0.0026600195659727244 -0.004103298263820549 0.9999880435481553 9.23578813882163
0.9999857203037981 -0.004215915614183058 -0.003284089528077179 0.0253763375920984 0.004223541939700549 0.9999883925010004 0.0023187403366544887 -0.1653393993562926 0.0032742757944207376 -0.0023325777156024256 0.9999919190669609 10.56643573197881
0.9999924426961881 -0.0014071360927348504 -0.003624157630069788 0.024843383898081797 0.0014075509216839466 0.9999990031373205 0.00011191411135236988 -0.1843622847819136 0.0036239965388969674 -0.00011701445199591588 0.9999934264567467 11.901000570417501
0.9999917719753412 0.002027663724421294 -0.0035134828074253766 0.01015481046081866 -0.002030460083974621 0.9999976245772381 -0.0007925097656384832 -0.20423442218890253 0.0035118675181153463 0.0007996372314448446 0.9999935136623807 13.23866262984082
0.9999808819007087 0.0055800645547529806 0.0026643409401994117 -0.20553765029982987 -0.005573607994989406 0.999981527861164 -0.0024246299450415634 -0.1857909711936356 -0.0026778213157383508 0.002409733598759861 0.9999935112074401 14.559589069817003
0.9999747823965874 0.006585301873462629 0.0026586406550923826 -0.20532197946296538 -0.006580972657390374 0.9999770104273918 -0.001633834624041612 -0.20513779482563047 -0.0026693388282906373 0.0016162969811910357 0.9999951310952914 15.909812976226663
0.9999861120035024 0.004059984450388764 0.0033604056870047134 -0.20891919616251178 -0.004063678784515993 0.9999911455933816 0.00109327470131247 -0.22420369742816915 -0.003355937254319026 -0.0011069151272148935 0.9999937561925307 17.26136327786271
0.9999937728127388 -0.00023999501632300264 0.00352090018837609 -0.20851149596800456 0.0002296474459005755 0.9999956547343862 0.002939009084155106 -0.24591345677109386 -0.0035215902366627265 -0.002938182216659641 0.9999894826884266 18.61377842462367
0.9999923319277441 -0.0023838189613305623 0.003107007060187055 -0.19413477745170873 0.0023815627440833933 0.9999968978667791 0.0007296682223529899 -0.2705057124824344 -0.003108736818781237 -0.00072226309494418 0.9999949070327375 19.965592440584135
0.9999889702275118 -0.003632534993775647 0.0029772660008270425 -0.19045190238879683 0.0036362088345317347 0.9999926331527028 -0.0012294818566570723 -0.2898585543307847 -0.0029727779318946095 0.0012402942566868851 0.9999948121173052 21.320218142108274
0.9999932361113605 -0.0012178298377538222 0.003470536271981825 -0.19086090757569282 0.0012277969358806045 0.99999512424522 -0.002871236749513107 -0.3146824059079541 -0.003467022672713233 0.0028754784425881006 0.9999898556373026 22.68479182299929
0.9999902447521264 0.0014539474862425824 0.004170903653830376 -0.1916463960577833 -0.0014505135232785213 0.9999986066838994 -0.0008262207810450892 -0.3339387284041371 -0.00417209912407086 0.0008201627689024141 0.9999909604201087 24.05124294098508
0.9972712519657675 0.004440501197422203 -0.07369078607089345 0.7930032388897279 -0.004204958068616275 0.9999855437592936 0.0033512087478330867 -0.3768391918099213 0.0737046018256097 -0.0030321974780786382 0.9972755072938382 25.012535665985006
0.9973073214063909 0.002242767048465275 -0.07330127328482215 0.6981969160681178 -0.0018569573745132947 0.9999840655807815 0.005331068733482361 -0.39095076803091244 0.07331206161689292 -0.005180596538835175 0.9972955946162515 26.38093404609341
0.9972885957570365 -0.0020475759352886285 -0.07356129556871338 0.5862259808363273 0.002308369877783971 0.9999913484350689 0.0034604166686095796 -0.4023029676563011 0.07355357368249167 -0.003620840759033464 0.9972846942126065 27.750946047591334
0.9972816603575028 -0.002368441105495981 -0.07364564074887499 0.49334535257152423 0.0024655164661207215 0.9999962075254879 0.0012272584067307434 -0.4229865776502148 0.073642454760402 -0.0014054968414764953 0.9972837176227689 29.123246592968076
0.9974529547436333 -0.002656900751640184 -0.07127793453511037 0.3195075338047483 0.0025420277683729313 0.9999953201529252 -0.0017022829005700973 -0.42414525062254615 0.07128212376199503 0.0015167566201226927 0.9974550407318291 30.49222457998392
0.997492524664714 0.0009919242440599202 -0.07076495830783036 0.2225291490678829 -0.0011785939244072139 0.9999959353802194 -0.0025961778447927647 -0.4426553551933081 0.07076209546343495 0.002673071142803474 0.9974896393127545 31.874415332348477
0.9975083576897236 0.0017640135556979482 -0.07052633972726634 0.1264610394102884 -0.002111736772047423 0.9999859791048952 -0.004856146767768929 -0.4656109580707445 0.07051678457612819 0.004992980052017428 0.9974980968619659 33.25364186847056
0.9974756577871717 0.0024894600293889073 -0.07096558821577666 0.030909128233072097 -0.002778426259571733 0.9999882457519612 -0.0039735004008405505 -0.4966251006430053 0.07095486219822603 0.004160642579870705 0.9974708499919951 34.64338916109356
0.9974543257732293 0.002782496025823632 -0.07125395225627174 -0.061795018960510165 -0.0029863025388943377 0.9999917489409954 -0.0027539148635195225 -0.5253054949126263 0.07124570157854432 0.0029596901519579237 0.997454405093679 36.037432411579346
0.9974215968606593 0.0043938293297264 -0.07162996844724853 -0.15714766526935028 -0.004493995960365916 0.9999891364981149 -0.0012372898053928808 -0.5488514829841199 0.07162375385471513 0.001556004362317477 0.9974305072205197 37.43221030961428
0.9974148288901892 0.007098406551651716 -0.07150714463871727 -0.2728119626801636 -0.007184734169058224 0.9999737380899422 -0.0009501185966622966 -0.5666430481671917 0.07149852239644502 0.001461422202932915 0.9974396350357597 38.823173008391215
0.9974297387287541 0.009306514749534011 -0.07104438811550515 -0.3960564914634084 -0.009426708942277444 0.999954647209641 -0.0013567174945550028 -0.5847639896036726 0.07102853974289088 0.002022945144869814 0.9974722323127262 40.22058450180624
0.9973775510930035 0.012137484714404904 -0.07134915585016344 -0.48875747839692646 -0.012239597996408877 0.9999245991249637 -0.000994135638176919 -0.6091750339562665 0.07133170975526693 0.0018648135532483294 0.9974509058865011 41.62420426065137
0.9973601220038966 0.012938063122874675 -0.07145203677293678 -0.6032686554136648 -0.01304179718395553 0.9999144665556815 -0.0009854434939457635 -0.628286947451563 0.07143317550399944 0.0019147050153228895 0.9974435499526371 43.02718531669921
0.9973378766556662 0.011360056778895957 -0.07202852836166708 -0.709402044951696 -0.011442298255962 0.9999342688364333 -0.000729257958077335 -0.662399831270867 0.07201550943087777 0.0015514884878953328 0.997402305634433 44.43260894318044
0.9973253053228672 0.010627152951975074 -0.07231389204561735 -0.831901122843343 -0.010731252569026323 0.9999418659343863 -0.0010511755125144073 -0.6837129092737776 0.07229851714212165 0.0018243825787571805 0.9973813694105462 45.840354546615984
0.9971599975150985 0.009903748855982168 -0.07465825549988617 -0.8863541437442135 -0.00998194756248762 0.9999499517366672 -0.0006743476085469121 -0.7146641191042725 0.07464784041449839 0.0014176672511696004 0.99720895009071 47.25491319524058
