0.9999998958666096 -0.00039255930840609787 -0.0002327315176543608 -0.009036465295187047 0.0003929071987434326 0.9999988028193134 0.0014966575671344475 -0.014614439296405206 0.00023214371217322407 -0.0014967488531710791 0.9999988529254259 0.9998523692314459
0.9999986865191266 -0.0015538215707033484 -0.000461084100696789 -0.02872483506769534 0.0015545054709951139 0.9999976867470305 0.0014866113576338248 -0.03251827727444581 0.0004587731052978659 -0.001487326162755367 0.999998788693328 1.9994982170563076
0.9999953803285216 -0.0029961340402018454 -0.0005123499082067642 -0.04136994277454683 0.0029963326234292834 0.9999954359976497 0.0003872656454101569 -0.049544240363393735 0.0005111872700577525 -0.000388799027114687 0.9999997937614244 2.999273300678561
0.9999956887735533 -0.0029177173364626293 -0.00033069601080815716 -0.04533221040012017 0.0029178189717276107 0.9999956959486724 0.0003072728080085968 -0.06504052933378776 0.000329798052276603 -0.0003082363943801503 0.9999998981117797 3.999145375028438
0.9999933519261718 -0.0036024252863394073 -0.0005644780918083934 -0.05218947508621764 0.0036030791850675003 0.9999928340995201 0.001161709944570166 -0.08570525315629897 0.0005602890735348466 -0.0011637360806997109 0.9999991658968963 4.998908320686242
0.9999868653870655 -0.0051014006930298565 -0.0004947366174249518 -0.06424407130476144 0.005102603956670069 0.9999839504856083 0.002462154352873374 -0.1082774359283623 0.0004821682412203711 -0.00246464645845055 0.9999968465108385 5.998580858708014
0.9999890398635602 -0.0046384431038381906 -0.0006363947892433193 -0.08437392798689766 0.004640295163004159 0.9999849110410938 0.002940297763073982 -0.12222247266216585 0.0006227467828261498 -0.002943218596671608 0.9999954748151296 6.998280976159618
0.9999912722920304 -0.004010331629134548 -0.0011715715902073881 -0.0921900278064611 0.004011732879559137 0.9999912375717291 0.0011961517729809268 -0.13789205802452648 0.0011667643591069202 -0.0012008413655867716 0.9999985983194899 7.998127650540352
0.9999986839717495 -0.0011185705139071665 -0.0011750977724196445 -0.11083430341984726 0.0011173761015210934 0.9999988589949943 -0.0010166018676060588 -0.1551892756532509 0.0011762335725006645 0.0010152875035614579 0.9999987928322052 8.997804197059379
0.9999965337150832 0.002493947217118713 -0.0008442660107496783 -0.1301408296664228 -0.002495465520668724 0.9999952624964997 -0.0018021199714289581 -0.1779398426289339 0.0008397676189487927 0.0018042205614878003 0.9999980197872949 9.997358932801884
