1.0 0.0 0.0 0.0 0.0 1.0 0.0 0.0 0.0 0.0 1.0 0.0
0.9999794444165024 0.00048085087551808176 -0.006393709947954084 -0.007990922495833093 -0.0004785635326695852 0.9999998209495442 0.0003592740245142877 -0.0013250111734308579 0.006393881560386642 -0.00035620684300751484 0.9999794954874208 0.09132140196655672
0.9999094917649726 0.0010071569964267373 -0.013416181017660912 -0.015931226909793886 -0.0010033561715020465 0.9999994545795069 0.0002900294496388661 -0.002127107641082288 0.013416465805390219 -0.0002765419915632082 0.9999099569310327 0.18536288390838004
0.9997801083969765 0.001298105065155115 -0.020929638720470423 -0.02582831968699527 -0.0013075654219439573 0.9999990490697058 -0.0004383290443810955 -0.0025270705404574103 0.0209290498206902 0.0004655995313895492 0.9997808550330813 0.28291215123921826
0.9995456676312003 0.0018444740413843695 -0.03008415255925171 -0.03905304749277981 -0.0019002444608830018 0.9999965286162653 -0.0018253291230473187 -0.002942244569735542 0.0300806813534294 0.0018816670612040937 0.9995457027762082 0.38650485645888666
0.9991345234556087 0.0019046749639133997 -0.041552090830849195 -0.05348184073403327 -0.0020489035353021758 0.9999920229047223 -0.0034287200562510946 -0.0026995700259691644 0.04154522876861224 0.003510888805267661 0.9991304557595871 0.5002950756821759
0.9984805377154541 0.0016837161730268847 -0.05507976854804289 -0.07271757739209056 -0.001922459262006429 0.999988985110649 -0.004281799593601753 -0.0037113671620502297 0.055071952515261445 0.00438118217180366 0.9984727764385637 0.6268053978957677
0.9966952802140189 0.0017825674066455069 -0.08121170391352872 0.0614984445222186 -0.0022346274932904093 0.9999825103754568 -0.005475891084143406 0.013092896386392919 0.08120052240634981 0.005639272704873906 0.9966818317619198 0.6661047695785262
0.9950145284507259 0.00022406601652143307 -0.09972982485896129 0.03132093581835721 -0.0007789680944932419 0.9999844328529521 -0.005525148004088053 0.01210710931395982 0.09972703435220868 0.005575288887542698 0.9949992134535252 0.817626235580559
0.992827826507508 -0.0008552869119348598 -0.11954988664434228 -0.004550320721261818 0.00017163456880866124 0.9999835759494289 -0.005728732230361458 0.009607873586821284 0.1195528228606569 0.005667125875667977 0.9928116670498779 0.9796344576984625
0.9899122501712809 -0.0008342116040714112 -0.14167936000642503 -0.049144835979787235 -3.1381694635713475e-05 0.9999813505178238 -0.006107178705273306 0.004171708996560148 0.14168181243906997 0.0060500171527471626 0.9898937626414419 1.1479279757804184
0.986187469585415 0.0026736290281637416 -0.1656113720145303 -0.10574788379841049 -0.003968052240048888 0.9999641090880811 -0.007485659429884954 -0.0012022597009438308 0.16558541419501793 0.008039418107036301 0.9861626835174632 1.3204850831183779
0.9815898291162405 0.0066759627686141226 -0.19088436001061268 -0.17027334619185003 -0.008547074573086164 0.9999231444778092 -0.008980682259849257 -0.0054264799418356205 0.19080973479304256 0.010446849224639253 0.9815714484689773 1.4978558702929217
0.9759571108222822 0.009550818084773734 -0.2177533001112371 -0.24126821071390334 -0.011985558313484983 0.9998795255303333 -0.009863103829395729 -0.011964111948341726 0.21763286568746232 0.012235861193514296 0.9759540047940353 1.6813610550205955
0.9689723206492928 0.010109260993786603 -0.24696243572187818 -0.3175966748954875 -0.012985211616009445 0.9998654891476227 -0.010019375772597273 -0.015066481088031403 0.24682792810946413 0.012915357282884628 0.9689732542497983 1.871426006196655
0.9606744783703007 0.012165366192863718 -0.2774104368500637 -0.4059550017114582 -0.01537939485975667 0.9998374236664619 -0.009412781191527423 -0.021138029755043766 0.2772508265482673 0.013309023307719145 0.9607053914061775 2.064013984818385
0.9509791868973401 0.013776390204745423 -0.30894788745191226 -0.5045661668484274 -0.01721820887330802 0.9998163299897185 -0.008416624566034248 -0.022172068367169628 0.3087751922860191 0.013323564043341748 0.9510417253043709 2.2592534410504554
0.9394793450148449 0.015648554810305 -0.34224798468774925 -0.611688184492203 -0.01935041864899551 0.9997853454330192 -0.007404347066893718 -0.022621894983688755 0.3420586522638854 0.013578872918150896 0.9395804875696848 2.4549360657224812
0.9387815933329833 0.014434612013175386 -0.34421034556679625 -0.8324077526403681 -0.0205566309161262 0.9996886558001826 -0.014142715078869893 0.016288842639060337 0.34389903306721065 0.02035272562712482 0.9387860361205763 2.458522028131748
0.9258377794799418 0.017080375994334998 -0.3775349875753793 -0.9540632218917278 -0.023961321929096516 0.999621241393597 -0.013536203534756786 0.0146462389569353 0.37716078950370746 0.02157856599999892 0.9258963788407011 2.6555753186044986
0.9107405111070177 0.017674530197601502 -0.4126006936625546 -1.0804534817592575 -0.02524444668340258 0.9995980367207077 -0.012902825107527797 0.012768480914250601 0.4122067919626945 0.022167001745853652 0.9108206105998164 2.852978433132312
0.8934231806764624 0.013059918522378911 -0.4490261225787884 -1.2125907130062732 -0.021495222356395748 0.9996751715896471 -0.013693309426811935 0.010984477977050097 0.4487014326317685 0.02188583641075062 0.893413697297506 3.0489308766319207
0.8733233153050918 0.008094900352669632 -0.4870737721668071 -1.3549763694722072 -0.017160036459135292 0.9997525878639514 -0.014152604285178456 0.005636134266808585 0.486838700283003 0.02071800298320411 0.8732461533033762 3.2443333651408053
0.8496359415636764 0.00967195369263706 -0.5272809688533919 -1.518653844333472 -0.01819171848942187 0.9997742870087595 -0.010974352578980055 -0.0007097178593444727 0.5270558112587376 0.018916351336704055 0.84962011715266 3.434928129314909
0.8223984249867282 0.015064191534527687 -0.5687124938954294 -1.7096793778563861 -0.02337094450469507 0.9997000944595015 -0.007315742656877698 -0.005709984739662185 0.5684317281189594 0.0193078033725813 0.8225038475269393 3.615996725323183
0.7914181916198286 0.01802856826049227 -0.6110091788996922 -1.910342496703828 -0.02689105067543291 0.9996241292218166 -0.005335885221345971 -0.01268210140712905 0.6106833200331994 0.020653595425514912 0.7916055277909748 3.7930877444382416
0.7564595627681298 0.017225852551439092 -0.653813581918061 -2.115210735769635 -0.026737989042602987 0.9996318981774635 -0.004598705043608495 -0.01603843946141559 0.6534936953319498 0.02096039479581784 0.75664169328117 3.975947425307895
0.7178190959776868 0.012901346227002113 -0.6961101211125339 -2.3323654195916688 -0.021226752631449537 0.9997690425996953 -0.0033595285399591686 -0.018675106306407903 0.695906006887783 0.017187691084568885 0.7179271640303646 4.1559620941225
0.6760737736563613 0.009115069825918608 -0.7367775567130929 -2.5672582292379227 -0.016256928692700283 0.9998646017215278 -0.0025476447417238056 -0.022753118322494166 0.7366545763405852 0.013700135996339709 0.6761304174714776 4.332623313890903
0.632627507026889 0.008594473927504027 -0.774408530667665 -2.8271409089928943 -0.014074600216325771 0.9999008675937014 -0.0004007669057622314 -0.026141219820627403 0.7743283173058401 0.0111530266417509 0.6326857569244265 4.49000946385556
0.5854501524528154 0.009042632034047555 -0.8106579733764855 -3.1043544100436193 -0.012052974878749335 0.9999243605401444 0.002449284580155426 -0.026677216095753804 0.8106188036244576 0.008336906157512322 0.5855148599362561 4.644539041574675
0.5358199081061878 0.009648150737576421 -0.8442771696927616 -3.4032340092877726 -0.011230587222193906 0.99992769194321 0.004299394814254476 -0.023913562409359497 0.844257602860478 0.007178027059655527 0.5358895184082348 4.776388847538382
0.4838293571803673 0.01107206318526518 -0.8750923165856577 -3.7152167517714423 -0.010625195574205562 0.9999205863527055 0.006776887712715408 -0.023997691687487114 0.8750978564420338 0.00601916978348061 0.4839085773631991 4.904517278924628
0.4300346683348843 0.013122232214475804 -0.9027170049643544 -4.049444106566562 -0.009833645327140641 0.9999031295106082 0.009850432197176337 -0.023615025941777036 0.9027588179850063 0.0046409715147301385 0.430122050043605 5.019860730396142
0.37198016154369223 0.01385986750549763 -0.9281372007901942 -4.371420811623362 -0.011821118593576778 0.9998781695362811 0.010193490078074324 0.000924436143669511 0.928165405826529 0.0071798438357151715 0.372098682165591 5.1925082826796025
0.31748651828187135 0.016960933128889556 -0.9481110891961189 -4.744368028511687 -0.009773767469098048 0.9998454468148542 0.014613553745203473 -0.003968004832774586 0.9482124151152606 0.004627011022386501 0.31760322194569074 5.279385484699182
0.2645178814424196 0.018659899236121477 -0.9642002377917723 -5.130515466435258 -0.006179598313358061 0.9998250585802254 0.01765403069369258 -0.004677774918607912 0.9643609816670828 0.0012885633651824732 0.2645869169905312 5.350507088714373
0.2142378705680606 0.01906895499230137 -0.9765953664491569 -5.531292283863654 -0.003887138771686425 0.9998181502188349 0.018669671800976697 -0.005247606394294452 0.9767737839267765 -0.00020358901767198313 0.21427303513246654 5.402279304262751
0.16749382568245683 0.0201887244177815 -0.9856663907046016 -5.951689822734558 -0.006454468977180612 0.9997913320870168 0.019381230969434476 -0.004201993427910465 0.9858519960868761 0.003115716619146548 0.16758918259085734 5.429014004600191
0.12539884360036604 0.020554640388232244 -0.9918934603989483 -6.388265935233575 -0.008688253879094665 0.9997697690728344 0.019619456990013915 0.0046260047415468885 0.9920683667309547 0.006157564986344937 0.12554855684242466 5.447832364659617
0.08780218790040065 0.019170050933306874 -0.9959534552111939 -6.838398578511401 -0.010336429113380775 0.9997785156497636 0.01833242696259132 0.012211491478877009 0.9960843006659063 0.008684975093177354 0.08798089096243593 5.4559890407916525
0.05364630031525745 0.016540226578923966 -0.9984230042257649 -7.303020826890916 -0.009618579043728495 0.9998249788891412 0.016046635987250948 0.01563815880800249 0.9985136741175185 0.008742567932000718 0.05379600455693303 5.456146676047947
0.02268687154704198 0.013847110394947307 -0.9996467192929295 -7.780271961037417 -0.009427614356607118 0.9998625784196528 0.013636141813071632 0.01886428858856308 0.9996981674220237 0.009114922364630842 0.022814299098057395 5.4406337600312265
-0.003681173940119078 0.012048937527112084 -0.9999206328818748 -8.275319554794624 -0.01020639646178584 0.9998748716851222 0.01208596061240448 0.02074377447778063 0.9999411374824464 0.010250076932759936 -0.0035577370876826086 5.418570605054823
-0.02225682651040438 0.009848073882894662 -0.9997037806842992 -8.781232845032527 -0.012184957710650689 0.9998745378591188 0.010121034858284231 0.021309056743535996 0.9996780284067849 0.012406610407762404 -0.02213403575750719 5.351811034047479
-0.038391322158991964 0.008983913916761547 -0.9992223955024324 -9.309581724605039 -0.011782782879426582 0.9998859952725018 0.009442588921170907 0.030123307434370073 0.9991933108315438 0.0121361340077533 -0.03828108985968276 5.31678679606132
-0.04464648478224717 0.008597329119479287 -0.9989658539352577 -9.838227380326494 -0.013539411444132074 0.9998659193968095 0.009210188191279698 0.036918133181314296 0.9989110950101298 0.013936612241991823 -0.04452409577836848 5.183370537959511
-0.05413199405727099 0.009851410234494862 -0.9984851911449533 -10.395800666698602 -0.014514502260647226 0.999837922678121 0.010651647704688839 0.033968399055818665 0.9984282930904504 0.0150691104943466 -0.053980232172527585 5.140324890552753
-0.06077949155692296 0.011284344659837202 -0.9980874295229244 -10.971212610340682 -0.016339435256831788 0.9997908616642578 0.012298609194867778 0.03345735168705809 0.9980174729239819 0.017055688149068864 -0.06058240041622684 5.095190822156161
-0.0652592160292279 0.012289974468188728 -0.9977926594492568 -11.559909826638318 -0.016166868333521718 0.9997798891395133 0.013371822630756754 0.03630308868317406 0.9977373738071249 0.0170038172112357 -0.06504616136798404 5.055223710705945
-0.06671876412219734 0.012871989582508575 -0.9976887883494496 -12.166816734860909 -0.014143703904086306 0.9998041149938669 0.013845117594428642 0.041916897016115284 0.9976715702844706 0.015034743945868036 -0.06652363730736716 5.020681731717637
-0.06581827088687826 0.014961087231353244 -0.9977194601120678 -12.789341717669767 -0.012258002069995597 0.9998000159949763 0.015800930406041493 0.04793234423836849 0.9977563312766874 0.013270037125058165 -0.06562171524721187 4.9872746743463825
-0.06432104613638191 0.017521921896835806 -0.9977754182565138 -13.427623278064827 -0.012977991913055145 0.999746599646095 0.018393156933342234 0.04729238047543769 0.997844865071634 0.014132188404881467 -0.06407734779984971 4.950399632836605
-0.0625344423514045 0.017563267058558055 -0.9978882578575754 -14.081100855595343 -0.015266906487263218 0.9997113292490578 0.01855208175354793 0.048790301456499686 0.9979260318711549 0.016394810804365396 -0.06224825373117794 4.903931824625677
-0.061021895581988436 0.015087824365950176 -0.9980223874320062 -14.745325602324675 -0.01700638365508732 0.9997248877646746 0.0161533804166181 0.052958462423118774 0.9979915386287392 0.01795846151011387 -0.060748518382203735 4.862130511043502
-0.059803789419271024 0.014934907665646011 -0.9980984196481391 -15.427949910386932 -0.01691401530959309 0.9997293568668778 0.015972761334370096 0.06442680958489545 0.9980668428803774 0.01783708360569419 -0.059534994677426505 4.82351302668497
-0.05805011738303328 0.017638395648669633 -0.9981578386561694 -16.127480287126364 -0.016810701123738937 0.9996848689669426 0.018643043911176004 0.07252513130394705 0.9981721215299223 0.017861963987386858 -0.057735310192021806 4.78471063657326
-0.0561304823647566 0.02122347632863279 -0.9981978426153937 -16.8431929359241 -0.017403842300119092 0.9996013434943338 0.022231967018564173 0.08052521684498247 0.9982717441772525 0.018620368869866746 -0.05573873554771246 4.738488350909573
-0.05430911431994146 0.02343107320683358 -0.9982492198394939 -17.573667099478733 -0.017634146620776482 0.9995462255153724 0.02442089128038278 0.08515797188271505 0.9983684475056002 0.018929550083066467 -0.05387128324916947 4.695691367558041
-0.05248828334772831 0.02286988487337831 -0.9983596288297548 -18.314365233353985 -0.019307170117409553 0.9995276201803956 0.023911705890026204 0.09592001950405105 0.9984348818492209 0.020530583586253093 -0.05202193618409385 4.654794964921787
-0.05074215163804137 0.019898412279647837 -0.9985135388345467 -19.068785789754752 -0.02164849295469668 0.9995446667022159 0.021019087038822645 0.1074699690621628 0.9984771288316695 0.02268286701244598 -0.0502882764087543 4.61012813273171
-0.0492458084248874 0.019277910767409364 -0.9986006271322995 -19.83505701919472 -0.02240651092066303 0.9995407676107464 0.02040103312288216 0.12002044849382124 0.9985353266764995 0.023379821226059968 -0.048791242436486734 4.571991573264054
-0.047648400468459653 0.021615601141105945 -0.9986302597658978 -20.621394167275408 -0.019582351185459156 0.9995534651563902 0.022569931676928463 0.12899729683682995 0.998672199199942 0.020630949594250075 -0.04720383950477881 4.53195188724011
-0.04653357644450963 0.023685894846669265 -0.9986358719015626 -21.4144502358993 -0.01719166536667066 0.999551784656491 0.024508701147614324 0.1374880991451201 0.9987687784994108 0.018308691251293082 -0.046105519403445344 4.494628327406564
-0.04521056026919034 0.025421312767790055 -0.9986539751572147 -22.215552475941426 -0.015877579034730856 0.9995316045164531 0.0261624550980926 0.1448632040553582 0.9988512940994488 0.017039026671909024 -0.04478575494431498 4.447970337691316
-0.04446487520223259 0.02086070440506866 -0.9987931246684534 -23.017093570194888 -0.015582798198621925 0.999645844746843 0.021572238656903598 0.14962229417196476 0.9988894089305146 0.01652319860359144 -0.04412405958607401 4.404385551856942
-0.04421342827922314 0.013832449475810603 -0.9989263416795532 -23.824224733404087 -0.014151242969316524 0.9997951477538836 0.01447082755796328 0.15498544929277658 0.9989218763658263 0.014775854265932774 -0.044008624705739165 4.371103507581668
-0.04426574794303936 0.009165369963115115 -0.9989777472759245 -24.645751207362284 -0.010937862992779376 0.9998935331753533 0.009658440208365617 0.16051984403864206 0.998959912465058 0.011354219812325764 -0.04416078554848111 4.3360167217149375
-0.044780803539790914 0.009921203616075047 -0.998947570873035 -25.47677592645653 -0.009811637915817238 0.9998980872625415 0.010370479743910529 0.16530011101996556 0.9989486530326478 0.010265710278316714 -0.04467889654794707 4.29888720660079
-0.04477158448237711 0.017434791406694395 -0.9988450997384632 -26.321368516029587 -0.010296897777979166 0.9997865305795808 0.017912765498209617 0.16541091522828977 0.9989441821839141 0.011086988781858346 -0.0445825028532918 4.260967217700353
-0.04499068574682735 0.02456340477232482 -0.998685374550974 -27.169579350746826 -0.011497825427063854 0.9996187134492296 0.02510433692721036 0.1732308440409513 0.998921237238693 0.012612171426723464 -0.04469110566347615 4.2182056883651216
-0.04512366418177695 0.029951585525661403 -0.9985323016584426 -28.01673420130696 -0.013418494561688102 0.9994420874039401 0.03058525673183271 0.1820465508196019 0.998891284842605 0.014778919113154267 -0.044696583933660064 4.165521295542126
-0.045435382759951425 0.03039024147976083 -0.9985049119640106 -28.86375631980265 -0.015175514264150518 0.9994008170875245 0.031108046734025983 0.18850012395353422 0.9988520059349519 0.016566231544609032 -0.04494697111191332 4.117960179145257
-0.04576387266877729 0.026950216612916744 -0.9985886809807484 -29.705814159431693 -0.015384500253444346 0.9994984466079694 0.027679819006042654 0.19750858234034743 0.9988338125585806 0.016629523528122223 -0.04532630402889654 4.077720842767783
-0.04608636495785614 0.02429859995133196 -0.9986418902716702 -30.545091647734456 -0.015647473163427544 0.9995639035227254 0.02504314992190543 0.20752553406524546 0.9988148995427397 0.01678036992489566 -0.04568605516580083 4.035741378040539
-0.04611334729051662 0.025619265218934022 -0.9986076368881345 -31.388724041972253 -0.01706492025819243 0.9995049912299387 0.026430304633526226 0.21569355283645675 0.9987904423342505 0.01825994950927785 -0.04565333006115684 3.986595872711036
-0.04593712133660374 0.02804014506039523 -0.998550715361166 -32.22937667742778 -0.01784968113017323 0.9994233333920924 0.028885801962018436 0.2220297595152116 0.998784846584518 0.019150742451137442 -0.04541012328449417 3.9414856027051846
-0.04580010676144863 0.02657963520564492 -0.9985969523351115 -33.07266770090328 -0.018697526006983746 0.9994480275138083 0.027459840130186083 0.2246708693164898 0.9987756268260957 0.01992895609639521 -0.04527785294213851 3.901217573122614
-0.04533523800253768 0.02145550045918744 -0.9987413968066495 -33.90570047172844 -0.019334822192104462 0.9995632076129883 0.022350808424600316 0.23188842036766605 0.9987847019483505 0.020323766542628907 -0.04490059762929432 3.8540445370841927
-0.04504896129692703 0.017362642202057264 -0.99883388495877 -34.741429437560036 -0.02074670259441662 0.9996170498195842 0.018311964434469724 0.23862852687128536 0.9987693254288145 0.021547444529544397 -0.04467149221505202 3.8100259396653096
-0.0445973836552745 0.018067478067790098 -0.9988416489150682 -35.58010852358141 -0.020509641675397348 0.9996091560502173 0.01899709817100631 0.2458965528513084 0.9987944873543573 0.0213331051851803 -0.04420939553654874 3.7778044733070946
-0.04401666204393745 0.020458831517356335 -0.9988212901592819 -36.41921931656914 -0.019611302805458898 0.9995799419585313 0.02133861374249318 0.25021896762945756 0.9988382903477343 0.020527441319442164 -0.04359694815115507 3.7437344001792967
-0.12404089944693912 0.021679669645119297 -0.9920402447423546 -36.79427234478172 -0.02601025060598256 0.9993467267444777 0.025091564489122784 0.25640476961747444 0.9919361482110683 0.028915595604730525 -0.12339597320421575 4.498849364062155
-0.12352254142968012 0.02726147587303604 -0.9919672341826492 -37.632482997768555 -0.025062457427121213 0.999218014009521 0.03058159097532148 0.268118332732125 0.9920252290070394 0.02863865241403644 -0.12274270895430602 4.401427604570787
-0.123694260087565 0.030401357254036393 -0.9918545697321257 -38.46398761806282 -0.02564581528611983 0.9990987865777425 0.033821691518791025 0.27657554233156434 0.9919889224077567 0.029620468193370632 -0.12280311756753422 4.302734008502769
-0.12336624933528449 0.03030544149931809 -0.9918983560529142 -39.292973316598165 -0.02556236979374487 0.9991048714133468 0.03370491312326895 0.2883804517928199 0.9920319217522563 0.029513321291421448 -0.12248114177650872 4.200349649730483
-0.12306385708686438 0.02600620182266423 -0.9920579441472462 -40.11873439791977 -0.025270612847717783 0.9992503060528992 0.02932954107188828 0.3004803028691557 0.9920769542758299 0.028679318679942 -0.12231440420020002 4.090964733847543
-0.12265090224719372 0.021680162162786974 -0.9922130450394928 -40.941570352724085 -0.026445799680044613 0.9993349623205373 0.025104835452416777 0.30751828605932824 0.992097462882168 0.02931899814804769 -0.12199598555019199 3.984530334804507
-0.1223500601359962 0.018756550111735965 -0.9923097573906154 -41.763574724379325 -0.030279758506834994 0.9992854388743168 0.022621845161956252 0.3146906071297261 0.9920249991857506 0.03281468393371634 -0.12169468973149403 3.8684456694327807
-0.122831889005528 0.01682702447111565 -0.992284827199721 -42.58614830105526 -0.03378499796823832 0.9992058064387274 0.021126530510672134 0.32032129455858677 0.9918522576249058 0.036119352521615015 -0.12216583572259344 3.7607587970541156
-0.12359058905445282 0.014928776804578938 -0.9922209924811561 -43.407152564840324 -0.03164378250350099 0.9993190383524291 0.018977107662843693 0.3232128015214466 0.9918286330440592 0.03374301719608215 -0.12303402563705935 3.6654579681612653
-0.12478814119949716 0.011385717112509675 -0.992118080301839 -44.22727419574703 -0.028166508230462125 0.9994904976108983 0.01501309427207229 0.32590308585100775 0.9917835286140219 0.029817958202276677 -0.12440386544866597 3.56622457386427
-0.1254582341013237 0.010014309423746337 -0.9920483582481959 -45.046278296471925 -0.02425336567352038 0.9996192493715128 0.01315790786711544 0.3289044378908194 0.9918024025730562 0.025711279483885182 -0.1251675850914196 3.4671212518812684
-0.12733352752238816 0.013398727191028269 -0.9917694524829667 -45.865142912255045 -0.02417027951508471 0.9995699044502887 0.016607338901913123 0.33200127468169977 0.9915654140584325 0.026086015926176147 -0.12695491095751898 3.3664025091994927
-0.12902461804645307 0.0197952668170319 -0.9914437933385871 -46.68576872179199 -0.021836713367349065 0.9995015817765512 0.022797937965612185 0.3308742772470104 0.9914009309493722 0.024591369173231754 -0.12852804625803224 3.2635688214577203
-0.1309394968721627 0.023579975173813623 -0.9911098995215741 -47.49796833135992 -0.019859171276657445 0.9994541203438946 0.026402171195111526 0.33427767286015875 0.9911914353317789 0.023139708261210215 -0.13039974089896414 3.1594828360943406
-0.13238655793747517 0.022770540851202496 -0.9909365780648168 -48.30344743653655 -0.019806910862309055 0.999475695074927 0.025612911521026682 0.33591645513134993 0.9910002449846129 0.023018197666957146 -0.1318661329402095 3.049640310804827
-0.13329411358673451 0.01876872683236453 -0.9908987910862626 -49.10095365728421 -0.02322614914481766 0.9994869135420184 0.02205573970993215 0.3381393241978415 0.9908043324890299 0.02595466338332413 -0.1327897969334584 2.9302282932540935
-0.1343447159036619 0.014707877014672324 -0.9908255021256183 -49.89329809405467 -0.028218370967415418 0.9994275691890658 0.018661658146585547 0.3458140350993895 0.9905327964528546 0.03046657674495058 -0.1338527805192501 2.8115996042617004
-0.13556532712180824 0.013006484166744315 -0.9906830337963678 -50.685198751969175 -0.03242701079447653 0.9993198856349529 0.017557196401462298 0.3490102097662163 0.990237613430885 0.03450503650432561 -0.13505136579295793 2.693048170516132
-0.1363993292478302 0.013742206522160539 -0.9905586175187424 -51.47423440471083 -0.034145591003510015 0.9992444329065215 0.01856453393826758 0.3531879430640621 0.9900653016825535 0.036355399395775534 -0.13582703463968723 2.5719779503838915
-0.1374106682589727 0.015293984858584447 -0.9903960835321219 -52.26363006449928 -0.034080733799655726 0.9992157587084306 0.02015864907210633 0.3526690539154612 0.9899276801020881 0.036523438719276116 -0.1367816749123212 2.4626972644133516
-0.13827094731600562 0.01472140496905676 -0.9902850222860432 -53.04470087244095 -0.03590870024659695 0.9991575761157132 0.019867142149102523 0.35419098593549375 0.9897432547761752 0.0383068965893823 -0.13762583804924178 2.343478858279504
-0.13880599149263512 0.01435997841664511 -0.9902154754121033 -53.82242298112006 -0.03719672629920394 0.9991137016431318 0.019703165775601692 0.35551535334480994 0.9896207860985798 0.039567691477166295 -0.13814882378362606 2.229681164162063
-0.1393244671390147 0.016190913350618452 -0.9901144111572663 -54.596558157726825 -0.035446458384640236 0.999143999462932 0.021326437236500323 0.35807817027684746 0.9896121671869329 0.038067343775067694 -0.13863129478402572 2.114665878558061
-0.13958693331685984 0.01913667839925213 -0.9900248863473261 -55.3668898425152 -0.034391285948630196 0.999116343774385 0.024161354550281094 0.3622209206322064 0.9896124127647128 0.037420838349086126 -0.13880545147528497 2.0013812974948757
-0.13971010869339753 0.023209002856829034 -0.9899204148391266 -56.13531326595247 -0.03475079627405873 0.9989944981857771 0.028326220236136793 0.3690357565909622 0.9895824713924556 0.03835798197167002 -0.13876309859564007 1.8885204468940138
-0.15108502460601783 0.02366300463565757 -0.9882375106984199 -56.89997140068401 -0.03038976084375495 0.9991297328728577 0.02856990243720824 0.4006171879664569 0.9880535298128642 0.034348786019669876 -0.15023442722397817 1.9498447948856206
-0.15171159408077603 0.023595054723267443 -0.9881431402454169 -57.64983205045737 -0.030149199282712657 0.9991394024553258 0.028486492304702283 0.40743331962953966 0.9879648870299406 0.03411345561242074 -0.15086965944847394 1.829414661022816
-0.15200230953513907 0.021603906152875278 -0.9881440022258494 -58.391864068858744 -0.029418177676234957 0.9992192571501478 0.026371328417742434 0.413862138718567 0.9879422395657529 0.03307789865219249 -0.1512480872691033 1.7147152997620645
-0.15220728289349436 0.01801046322023817 -0.988184479866371 -59.11950996397249 -0.029297230591140613 0.9993123676319443 0.02272584822459742 0.41870343652645153 0.9879142752860045 0.03241010818294738 -0.15157496354510722 1.6002301102245053
-0.15201560589900684 0.01525019595399559 -0.9882604348482846 -59.84120914478896 -0.02960626846155567 0.999362018902915 0.019975586150904345 0.41794515164504414 0.9879345749749537 0.03229530457596964 -0.15146712142047683 1.490715658537268
-0.1507896517396241 0.012787423375561727 -0.9884831625939083 -60.54534868059346 -0.030278884854961222 0.9993874509171229 0.01754742378001462 0.42207799907240223 0.9881020544762495 0.03257613778196491 -0.15031009675676418 1.3824292254022648
-0.14840906127379982 0.011961599654875196 -0.9888537155037261 -61.23453296849523 -0.032427270843975356 0.9993302744925762 0.016955075588264985 0.42189361764118477 0.9883942647736497 0.03458211410959144 -0.1479217859081969 1.2705197258045735
-0.14444466919922014 0.012855219483379424 -0.9894293713408554 -61.91056845985082 -0.032822502124585276 0.9993031201426329 0.017775191348627414 0.4203101501976608 0.9889683619278283 0.03504307927726767 -0.1439220681499467 1.175173435701562
-0.1386435602713356 0.01437264114634379 -0.990238047330926 -62.57186877409796 -0.03222067036096981 0.9992998765030433 0.01901539435541924 0.41981970477788955 0.989818059845738 0.034542495675339 -0.13808339652449586 1.0851124314265939
-0.13146057092375446 0.01593594812575224 -0.9911933029685643 -63.21792289542228 -0.03151657817541886 0.999298150964098 0.020246253476819694 0.4171404050585929 0.9908202781496329 0.033900605261090205 -0.1308660588938886 1.0001063736779534
-0.12266158175815776 0.017242742376978752 -0.9922987575301634 -63.84893203080393 -0.03258398720700602 0.9992400618226556 0.02139118104147989 0.41575447623349915 0.9919135144448245 0.03495692612311389 -0.12200652924226188 0.9172999626420208
-0.11092743385433891 0.018775354625630094 -0.9936511412347752 -64.46570332837227 -0.03486747612244506 0.9991324849623052 0.022771398769065955 0.4154653177226807 0.9932166750147444 0.0371720802717702 -0.11017655340827852 0.8501707386299847
-0.09627425616964373 0.020130962180576285 -0.9951512507959099 -65.06496619119547 -0.03777379444473941 0.9990013451995791 0.023863208976963913 0.41790083752482343 0.9946378275795821 0.039888051483068045 -0.09541768859417976 0.7933988668000991
-0.07851937846053879 0.021228983473503868 -0.9966865291890175 -65.64891488732562 -0.03930014351391668 0.9989301590882131 0.024372853418975056 0.4208392827023271 0.9961376440662998 0.041083664937283694 -0.07760107311993106 0.7712804006188849
-0.07031722006731705 0.020214973392937374 -0.9973198300508845 -66.15953273943461 -0.039555990132096173 0.9989517608829223 0.0230369935881082 0.4502468952347316 0.9967400926052268 0.041069870703861054 -0.06944388751858739 1.0030267790996823
-0.04511007091633147 0.020827770511331688 -0.9987648799779899 -66.69996409826652 -0.03858280992719706 0.9990003615124999 0.022575306775688555 0.4445433786051516 0.9982366694727495 0.03955352921575988 -0.04426138324242429 0.9940285835139794
-0.01790807481787523 0.02179966665501394 -0.9996019584764955 -67.21214789741212 -0.03635707811597773 0.9990868927243314 0.022439778459449403 0.415911630631797 0.9991783943456684 0.03674445972076269 -0.01709915064098777 1.0531068288919399
0.01590709176932269 0.02196913295519869 -0.9996320931365884 -67.70793966297 -0.03468987112001943 0.9991688325955124 0.02140693372245038 0.4156704643977791 0.9992715232974072 0.034336586419120727 0.016655976703977747 1.0833981049987575
0.02117901725504292 0.021938887055030717 -0.9995349590999281 -67.94243282697343 -0.03561836017936614 0.9991410958308248 0.021175529275830822 0.4044649899942151 0.9991410219014358 0.0351533192851718 0.021942253689883548 1.5022995150262388
0.061843422223758174 0.021781034346924487 -0.9978481736569094 -68.40095309749078 -0.03506030216660661 0.9991922466922559 0.01963744795201683 0.4028770050908476 0.9974698824223426 0.03377041149971418 0.06255711764059872 1.559008004263617
0.1305129764310003 0.020134587129217126 -0.9912421305535064 -68.70963849441344 -0.031910176213044164 0.9993610931786648 0.016098015244008022 0.4501258294412344 0.9909329460852412 0.029529711171628645 0.1310720890233557 1.2164097487720908
0.2003647633981474 0.006008264017427748 -0.9797029459749005 -68.82794876800625 -0.034756096233116755 0.99939534472618 -0.0009791395579953847 0.6965823699480959 0.9791046804928677 0.03424683493604317 0.2004524355896546 0.8601092410408241
0.24979990893154735 0.0019340082993568241 -0.9682955463646863 -69.24757283661398 -0.025021886367479637 0.9996769616093373 -0.004458433596716981 0.6743688451779117 0.9679741270821267 0.025342297437711048 0.24976760650687868 1.023902364095039
0.3014633167637165 -0.0030407350361790486 -0.9534729270284796 -69.65006516983479 -0.01813208320443558 0.999795797627647 -0.00892135666612565 0.6616795124092499 0.9533053530765931 0.019977912216659458 0.3013466223785775 1.1958335942546936
0.3589888515227856 -0.006746086021828067 -0.9333174673205977 -70.08293809835422 -0.010228803674866584 0.999885388286451 -0.01116162473091639 0.6354237093511207 0.9332857954869632 0.013553619982826084 0.35887870280587686 1.2979687706870453
0.41044298878848195 -0.007378212007245924 -0.9118564113619818 -70.4619042094647 -0.00859802848062909 0.9998915022751795 -0.011960668214217686 0.6290807586805885 0.911845725361821 0.012749339804885436 0.41033501858105587 1.5118006304378058
0.45808158566672924 -0.008370869915569805 -0.8888707383022062 -70.82531750634102 -0.004911573902639859 0.9999165594654728 -0.01194782610060401 0.617544248866679 0.8888965841507407 0.009838833446500335 0.45800224894814495 1.7617321137352633
0.5011792227566422 -0.013179763420278361 -0.8652431337567673 -71.14813638116847 0.005808025208843979 0.9999127179854272 -0.01186689741122237 0.6112042697161864 0.8653240164933724 0.0009220884884507223 0.5012120272226103 2.060671687863899
0.5457855895768934 -0.018921029478622682 -0.8377112180540914 -71.47148372333668 0.01825699979745226 0.9997762129139027 -0.0106867230678938 0.5935945824391131 0.8377259529038117 -0.009461434088081696 0.5460088910415277 2.343603400451598
0.5897529978784242 -0.02367707823823238 -0.8072365189084977 -71.78994058242702 0.021714674901379974 0.9996736365248065 -0.013457092226625757 0.5757844745191455 0.8072916910183946 -0.009592518093240791 0.5900746640970895 2.628489358217059
0.6328795665044458 -0.028524827839976147 -0.7737246205839916 -72.09124248810805 0.02052041092573326 0.9995880345598014 -0.02006673616490138 0.5604435437984159 0.7739782729744962 -0.003177319872538751 0.6332041831841012 2.9165550612043223
0.6757618374752957 -0.03628252217839748 -0.736226539589808 -72.3914006370307 0.019440947239511737 0.9993176924683526 -0.03140380693732794 0.5510318892666382 0.7368636159985388 0.006908552967194385 0.6760061266833743 3.2267432089588004
0.7176817134629687 -0.0392980636518023 -0.6952615481630443 -72.67440624846752 0.016817003635711387 0.9990933028782918 -0.03911215325780286 0.5346694327820322 0.6961681884067765 0.01637786118405795 0.7176918691983794 3.5607120641521086
0.7573890209951323 -0.040367632586456315 -0.651714910919949 -72.94870501725704 0.017612015080862038 0.9989869963232321 -0.041410120766276634 0.5128511197867143 0.6527263498594382 0.01988555798691566 0.7573327384860133 3.934351104330395
0.7941460583743725 -0.04210330435770445 -0.6062667315057023 -73.20707846452521 0.020286765533919626 0.9988778724860264 -0.042795361921131876 0.49377031709650865 0.6073882490735381 0.021686576953299615 0.7941090650958665 4.338313002778207
0.8279619933503644 -0.040855646456538296 -0.5592939779042023 -73.45556199436561 0.0193578010214424 0.9988304223911461 -0.044306465053515834 0.4701697013139888 0.5604500094628456 0.025857367587256697 0.8277845030166695 4.7560627428990685
0.857258022418365 -0.039216360059768224 -0.5133914297132486 -73.70796223756221 0.02040235940269564 0.998899366588503 -0.04223504658326026 0.44608481878519507 0.5144826787464816 0.02573193604743978 0.8571146018690242 5.201565697546806
0.8815525667843565 -0.0327284494891409 -0.47095001920580304 -73.93929248820154 0.015480101211466972 0.9990615313664105 -0.04045272562244822 0.4198374854588878 0.4718320023720236 0.028370850143044416 0.8812318970621571 5.670799732651192
0.9019213597496798 -0.028960888553627 -0.4309282164832904 -74.16275692429024 0.012281686739432546 0.9990655984170526 -0.041437787470022386 0.398160116819693 0.431725631620501 0.03208110025795073 0.9014342915643487 6.163376670508796
0.9179054540227133 -0.02401289024399804 -0.39607191086655297 -74.36704809888275 0.009138971532751783 0.9991817947339073 -0.03939822675769796 0.3743873384031352 0.3966939080382723 0.03254415730138259 0.9173738720668178 6.686010492058181
0.9299440773273044 -0.023180711104855974 -0.3669695732299043 -74.56579559057138 0.010342506367487037 0.9992649842542365 -0.03691238011044904 0.34674067163491007 0.3675555000348981 0.030531064115962042 0.9295003004399964 7.226655913096736
0.9389140781080076 -0.02392883174286768 -0.3433187512240017 -74.75691137358407 0.012632226674713965 0.9993038526132255 -0.035103233492125144 0.32185966102881725 0.3439197301403709 0.02862203982572754 0.9385627299527665 7.789572300650769
0.9461185233962579 -0.023620790887728685 -0.32295788877858245 -74.94248947051594 0.013782399813376253 0.9993696327161109 -0.03271670307731422 0.2982566740513596 0.3235271010933484 0.026502744059872053 0.9458476724163526 8.371025640142596
0.9520488974291146 -0.020946042691507977 -0.3052280462204762 -75.12993106754912 0.012442289749030952 0.9994790571113048 -0.029779251530173894 0.2743541382486621 0.3056927973142402 0.024553567794960575 0.9518135510585745 8.970669600576295
0.9566080948703555 -0.01658605105360814 -0.2909052349803153 -75.30325557975645 0.00886517757057621 0.9995731121400209 -0.02783885977108703 0.25117385007384097 0.29124278781653595 0.024051952044671893 0.956346768775685 9.588020926921928
0.9605655685507355 -0.012464419645285382 -0.2777740570278383 -75.49253336580372 0.005392991840633828 0.9996419893408068 -0.026207036951166083 0.22265640610984128 0.2780012664607944 0.023675544125936112 0.9602888963517884 10.216776179293136
0.9641559014877757 -0.013809856584788442 -0.264976764051866 -75.66630340798395 0.007124118952297302 0.9996319661306976 -0.026175928232405728 0.1978761511076372 0.2652407294429806 0.023349949695494164 0.9638994425217674 10.864190176519896
0.9662790872289043 -0.01455805975073416 -0.2570851774808609 -75.68208625380272 0.007916168972304126 0.9996080884863957 -0.02685151208730538 0.17633529472319295 0.25737532875719427 0.02391092488522406 0.9660156353901627 11.549711449852424
0.9699566602736298 -0.01428948435739844 -0.24285775224938155 -75.849667901943 0.00819193438788934 0.9996258002614893 -0.026098882400600085 0.15792167369983517 0.24313981451380404 0.023325310038143067 0.969710761263284 12.230407481719826
0.9513822938215716 -0.0009191892116336576 -0.3080111785211605 -75.27779831833728 -0.008996638578765235 0.9994859561822567 -0.03077147849424673 0.17414756942386675 0.30788113209010454 0.03204650504551204 0.9508849720220023 12.662559959786403
0.9551980821208058 -0.0011947714080870664 -0.29596485675500894 -75.48733701324184 -0.00908230927640238 0.999402574960791 -0.033346736271289965 0.13684626853703957 0.2958278816659083 0.03454078289531963 0.9546165715857022 13.35521016517221
0.9584382834030132 -0.0016015560797472761 -0.2852954467312878 -75.70188695883385 -0.009791461337059805 0.999210501704461 -0.03850325399759022 0.10086138450240245 0.28513187158289904 0.03969645200318922 0.9576659164374559 14.06073075380174
0.9611547428033062 -0.004308032407448453 -0.27597645052337894 -75.90515305973949 -0.008319351348359996 0.9989717012004 -0.04456824647571389 0.066503370427969 0.27588466572074916 0.04513292653433648 0.9601305484998367 14.778459182345463
0.9633537408750322 -0.004634434972329311 -0.26819413109642215 -76.11232365621075 -0.00766769884790398 0.9989663395145205 -0.044804675105799704 0.03326999716462322 0.2681245537739052 0.04521918320188528 0.9623224247278555 15.51189774704089
0.9651007694786505 -0.0016135042206767165 -0.2618738271684343 -76.31473094821501 -0.008778342341993033 0.9992197339616903 -0.03850797277518355 -0.008425804326044926 0.26173162869137584 0.03946289226168503 0.964333570232263 16.2596150215537
0.966392848654039 0.004125447329052478 -0.2570366564415733 -76.52186110237415 -0.01232439377252333 0.9994650132996475 -0.030295156511789437 -0.04977032251570901 0.25677416417636 0.03244484356980689 0.965926684970067 17.009762244757084
0.9674707249656034 0.0057214986974905456 -0.252918288755837 -76.72150123862045 -0.012843840628738801 0.9995658069691356 -0.02651854626564177 -0.08916251265660921 0.25265674756956363 0.02890435937352762 0.9671241419366886 17.760150966826444
0.9683766702463975 0.004439643236564587 -0.24945323026657415 -76.9218867261785 -0.011678284609920441 0.9995523303880512 -0.02754553474493754 -0.12515285439910892 0.2492192652887542 0.02958763903637611 0.9679950048554936 18.502019046500234
0.9691450404875541 0.0043342713829516485 -0.24645304743490715 -77.1066375477367 -0.011681772582503651 0.9995295481635221 -0.028358747104813654 -0.1595013344190116 0.24621418864010386 0.030362747563470485 0.9687397363960522 19.24906675541061
0.9700376664232329 0.005044401532278024 -0.24290220199361437 -77.25693195631702 -0.011776725095790426 0.999585456226789 -0.02627212298043743 -0.19741595211919913 0.2426689812608607 0.028345541325968653 0.9696949498789578 20.006798365207604
