0.9990407968972413 -0.0005136457231163424 0.04378609714276863 0.013451110374969344 0.0006509758720883596 0.9999949140792961 -0.003122186085947618 0.017851722165755254 -0.043784270752620806 0.0031476949681394474 0.9990360502259409 1.0020958752064777
0.9957500011467464 -0.005285143409836985 0.0919456495729513 -0.10442279666326026 0.006121097916291534 0.9999424369292431 -0.008812206778427947 0.06068117567496995 -0.09189378312243802 0.00933756323373805 0.9957250335992875 1.9939951789805734
0.9905181048328924 -0.005089903022818458 0.1372879342312116 0.024818151281685477 0.006861618324819349 0.9998991401171854 -0.012434942174274197 0.022742693875336208 -0.13721079473649178 0.01325905276146615 0.9904531262647663 2.986378720620496
0.982984957079671 -0.0026062689631475523 0.18366758428522179 0.1907300835921999 0.00540809906235763 0.9998765041369608 -0.014755640934292252 -0.005969410690350108 -0.18360644492938974 0.015497865560836693 0.9828776574647778 3.9657048097080416
0.9733391960352804 -0.005292894061581146 0.22930938649311092 0.4241129757021098 0.008879102276014498 0.9998538410025105 -0.014610207914277201 -0.034147373199008756 -0.22919854058035816 0.016256749520713314 0.9732439299018797 4.936199522479276
0.9616106033736089 -0.0060218944987148245 0.2743515705551738 0.6975260539232047 0.010753302918688565 0.9998182127771327 -0.01574509051987763 -0.062465411729393475 -0.27420688167108986 0.018090831539389337 0.9615005501082309 5.889768707312625
0.9480651975910606 -0.00850663365045269 0.3179622906895735 1.0236621686245004 0.015133517476757771 0.9997165826878941 -0.01837745759400938 -0.0870810028381665 -0.31771584437261624 0.02223491584818641 0.9479252347900755 6.82547706696956
0.9328342731141938 -0.010232516892482158 0.3601604010736878 1.3846198914060337 0.018653459899129848 0.9996276908263909 -0.01991301501252003 -0.12588263085153545 -0.3598225497899015 0.025293780483398677 0.9326778422003772 7.744027295113772
0.9154923243211774 -0.010156280129921135 0.40220722778554285 1.7866954159747848 0.020100812094589495 0.999587523881535 -0.02051193441680964 -0.15835894987220042 -0.40183300195746363 0.02686321042437153 0.9153188550792282 8.64520662579461
0.8958597601105668 -0.010657607997154811 0.4442090787077833 2.226485731170769 0.021356499227645192 0.9995896843168758 -0.01908829348129703 -0.18923087663399604 -0.44382337720694504 0.026587184865410573 0.8957197839980728 9.525880754458488
0.8739017199350029 -0.010487061508959346 0.4859895116517967 2.702238949177466 0.02203491608966698 0.9995941943615215 -0.018052951882224166 -0.22624235800364179 -0.4856029719509198 0.026485243809485085 0.873778167209954 10.383769298643438
0.8498959445809647 -0.010501687140852768 0.5268458958291564 3.2195680688776176 0.022800969999087237 0.9995978995360854 -0.016856897998945103 -0.25438715720670807 -0.5264570249810817 0.02633920671246122 0.8497936496808076 11.215287306443411
0.8243113538273542 -0.01072602551334157 0.5660351087415006 3.781331379736838 0.024380627739931895 0.9995655133749781 -0.016564101618349338 -0.28978224142201264 -0.5656115070808956 0.027454268303913766 0.8242147088044322 12.012793201762417
0.7970870732975791 -0.012491638009965517 0.6037351708834998 4.375497667194101 0.027953458202190005 0.9994775234703084 -0.016226036244180113 -0.31959031550162337 -0.6032170436554648 0.029810049605577874 0.7970197984906486 12.784742344506103
0.7683715860705495 -0.011617296497569008 0.6398985420685974 4.9945427009093954 0.028819464225351973 0.9994490906031659 -0.01646067356666257 -0.35449965867211586 -0.6393547874233776 0.03108944699720687 0.7682830872043296 13.526619131799423
0.7378649639887819 -0.01473029272271565 0.6747876061355434 5.657503465540731 0.033768221615405464 0.9993154601748406 -0.01511020398536718 -0.38164276322050694 -0.6741031094178151 0.033935667546840034 0.7378572818244619 14.232059695333191
0.7058921482626164 -0.013745938803442853 0.7081859389931439 6.345502035681033 0.0340243107894659 0.9993155625922574 -0.014517321936985397 -0.40915961387405503 -0.7075016758259237 0.034343202054151055 0.7058767053644547 14.908288622708508
0.671951289729425 -0.012484737687159072 0.7404901049682203 7.064288548279481 0.035198825998170535 0.9992663508183873 -0.01509313653467351 -0.44633780263017303 -0.739758411158206 0.03620623491867955 0.6718977613251141 15.544550535036969
0.6361988447689939 -0.013612958515838495 0.7714050280332923 7.7932368910333425 0.03970508327900378 0.9990971164473906 -0.01511483603340413 -0.4780438359757543 -0.7705027814851839 0.040244742103228544 0.6361649349474076 16.16230131019489
0.5993515710271026 -0.011688259123398074 0.8004005740290353 8.54507865422542 0.039537560998788024 0.9991052448991151 -0.015016353929851827 -0.5112539822805349 -0.7995088964968503 0.04064596183809359 0.5992774234097633 16.746543389927115
0.5616496703882257 -0.010175949831903846 0.8273125756313735 9.332130397737986 0.04264638203344023 0.9989512343051359 -0.016664860626593073 -0.5253685334765651 -0.8262753377974291 0.04464170163943665 0.5614945989254748 17.281916977623382
0.5231064515582945 -0.00844617968382145 0.8522254997281173 10.149262667795963 0.04732891959535813 0.9986957123461618 -0.019153263725252674 -0.5524064947865863 -0.85095218062358 0.05035410797682305 0.522823918831027 17.771213403155006
0.48429737846229226 -0.007275064697706085 0.8748732037548049 10.983780473856179 0.048942584137442784 0.9986248591450652 -0.01878867093353407 -0.5759427369871881 -0.8735334410728078 0.051917859462264834 0.48398746181730334 18.229806637183444
0.44616156170025556 -0.008940362474998723 0.8949077778073034 11.850627252160916 0.05401480980835272 0.9983961752394608 -0.01695516406832595 -0.5966832528650913 -0.8933209172422621 0.05590301589388537 0.4459289087191043 18.643143483473388
0.4093062105690374 -0.009358397136359014 0.9123490814335564 12.734452146668081 0.05773097289275235 0.9982093357073221 -0.015660679282951184 -0.6239127973234811 -0.9105688116548201 0.059080813381209865 0.4091135499243985 19.026220529201456
0.3742579408639169 -0.00665611360166434 0.9273007547996626 13.636269760500564 0.05933256027640492 0.9980971906140269 -0.01678229362852687 -0.6362746395463802 -0.9254245733669211 0.061300034584892776 0.37394072360274305 19.369750869409213
0.341053179964013 -0.007384905807792221 0.9400149954137146 14.559435344939354 0.060094242332888806 0.998095057819261 -0.013962005414780923 -0.6570775359112047 -0.938121213103547 0.06125127527632685 0.3408472836948431 19.68909918046281
0.3079081155644352 -0.008889068187818743 0.9513745723090943 15.50051425455452 0.06241375688158802 0.9979911074920575 -0.010875307752088425 -0.6799293272488824 -0.9493666917063632 0.06272745677555334 0.3078443613987211 19.986436446229497
0.2751238513871046 -0.008648315356029881 0.9613698939739223 16.45782224069875 0.06299680086812853 0.9979726883047092 -0.009050772246231768 -0.6941592254816245 -0.9593426236117669 0.0630533110896997 0.2751109057858623 20.249906397673563
0.24289192082737784 -0.005475679291626118 0.9700379022146935 17.419723173193944 0.0603742888581924 0.9981307608396184 -0.009483117134790888 -0.7114132541839888 -0.9681727428727038 0.06086872104800517 0.24276848798047407 20.495002581089807
0.2120018671234452 -0.003721565562193054 0.9772621747954541 18.39669700673613 0.060333947765318675 0.9981350398670766 -0.009287461257045134 -0.7255291532505211 -0.9754050559040717 0.06093104413446078 0.21183102883538885 20.710666986442007
0.1815182346874728 -0.0034344337226009853 0.9833815816563527 19.394815499182343 0.062398074430531844 0.9980190195618792 -0.008032241287906713 -0.7421344895992875 -0.9814059357795354 0.06281911538497177 0.18137295266644393 20.897141956337443
0.15093772238191513 -0.0035501212844793965 0.9885368989577611 20.410371501383736 0.06419598535548944 0.9979179375744526 -0.006218145333527038 -0.7561181003399036 -0.9864566282540748 0.06439865298293557 0.15085136415553435 21.04972721551493
0.12056884736139499 -0.004100144002829681 0.9926965003791954 21.44165090317773 0.06292810044427587 0.9980118523848664 -0.003520891052365506 -0.770031261090395 -0.9907084370390816 0.06289301486241179 0.12058715296869979 21.17822740482598
0.0911721723607503 -0.004423098148592743 0.9958253216251286 22.489900437361918 0.06349744532528082 0.9979810458314113 -0.0013807962939446714 -0.7830011505791621 -0.9938086885433156 0.06335825411112828 0.09126895535616161 21.274945451346703
0.06388737633391747 -0.0040164075732793385 0.9979490325739961 23.552454926820904 0.06623147528167246 0.9978042600653187 -0.00022422648090237874 -0.7861347299740009 -0.9957568954454605 0.06610996192486289 0.06401310886928958 21.334714866921676
0.0387364487740871 -0.0033881817839443067 0.999243717898978 24.629846376408334 0.07019279768662562 0.9975332244238884 0.000661304320595443 -0.7881140926703223 -0.9967810485203344 0.07011409554917562 0.038878720606831535 21.363743227688513
0.016085625402368697 -0.002984854169170434 0.99986616269429 25.72217486609772 0.07451359041478384 0.9972184128250637 0.0017781918226992945 -0.7964616627413067 -0.9970902554427622 0.07447501438905035 0.016263294034057806 21.364064446432824
-0.004169637910297072 -0.0029859912604238087 0.9999868489014696 26.826053644893307 0.08015405630373515 0.9967769896143956 0.003310624309754823 -0.7953337452649409 -0.9967737663972478 0.08016680629447169 -0.003916859812397761 21.34603841359748
-0.021753697147072405 -0.003763401256168617 0.9997562770352679 27.94151434183579 0.0844806545961656 0.9964094448993276 0.005589017303331001 -0.8039786547317085 -0.9961876307500696 0.08458164651033125 -0.0213576546971936 21.30603897935409
-0.0372147590788014 -0.0036626972292153888 0.9993005785826978 29.069950089241754 0.08764599752603246 0.9961276830059137 0.006915075338437062 -0.8055622639433895 -0.9954562977973336 0.08784203890095355 -0.03674963098249957 21.258064688790494
-0.05150387747022059 -0.004146320718025207 0.9986641871169891 30.20368630490531 0.08998059993472503 0.9959048567816541 0.008775413044389238 -0.8017673658136604 -0.9946108999206271 0.09031237048829988 -0.05091987328995046 21.19728227108731
-0.06474871963184863 -0.00509673995320072 0.9978885842356784 31.34333544070192 0.09013494649559228 0.9958695293133045 0.010934898515007025 -0.7983995621193228 -0.9938225670240505 0.090652654826796 -0.06402188256042476 21.115277816874382
-0.07688442980052984 -0.004897529568116312 0.9970279828863269 32.489081872442874 0.09005788327579589 0.9958661931487927 0.011836511446120026 -0.7965422187447013 -0.9929644314446167 0.09070027313884134 -0.0761255432716843 21.02246434781343
-0.08821885421065297 -0.002050553032202146 0.9960990056184287 33.64685823643719 0.09021199635163035 0.995871980278694 0.010039651888652721 -0.7936292145494607 -0.9920076761174852 0.09074576644700298 -0.08766970055802077 20.928466722270073
-0.098440929481938 0.0013898916212977254 0.9951419253573904 34.82164995776958 0.09068172208744901 0.995851081545692 0.00757948966153937 -0.79167527776587 -0.9910026279894453 0.09098731552010839 -0.09815854385868562 20.817626366426826
-0.10797606541211092 0.0038361395822574247 0.9941460925493927 36.01984535304738 0.09200881350911373 0.9957391947189451 0.00615096229147085 -0.7953086432801654 -0.9898866336782028 0.09213435913692236 -0.1078689590737946 20.703506008205565
-0.11553472283623203 0.004922002487540158 0.9932912471730879 37.240300995993664 0.0918000889943911 0.9957608929664078 0.005743491913745328 -0.7928665332385137 -0.9890523097793043 0.09184779763420578 -0.1154967990464199 20.56809214271933
-0.12137312734748255 0.005703086596173168 0.9925905695507938 38.48209308774851 0.09127804185269581 0.9958105881676572 0.005439813298401089 -0.7838774395105889 -0.9884011751477378 0.09126197070226177 -0.12138521190865986 20.40950152593563
-0.1265319781078553 0.007292793930593295 0.9919357205347532 39.74208601136684 0.09243531608942923 0.9957086553192683 0.004470577338699171 -0.7839417714393632 -0.9876463794575265 0.09225556286197528 -0.1266630974888094 20.255805340893808
-0.1310868830530192 0.009053708521756638 0.9913295412996871 41.02614164231493 0.0913905032623648 0.9958106418170284 0.002990243703974726 -0.7784909337035314 -0.9871494339789166 0.0909900874049505 -0.13136513612501516 20.088295387184306
-0.1354558816963505 0.009931377838978918 0.9907336028661209 42.33149112250428 0.09165933305000716 0.9957871583570049 0.002549885508913267 -0.7773022213949166 -0.9865344752104165 0.09115537825877379 -0.13579553098614022 19.921447686353428
-0.13842292648082016 0.00887823948587514 0.9903334136986984 43.66071495971265 0.09114904635978423 0.995829962508797 0.0038127571951672417 -0.7738684678498828 -0.9861698356633035 0.09079571924578182 -0.13865494075024468 19.74092249633909
-0.1407544313423829 0.007038915969978687 0.9900195168376482 45.01149884873885 0.09142951187993545 0.9957939602698482 0.005918872146619795 -0.7657875473125988 -0.9858137929725262 0.09135010865926142 -0.14080597726326122 19.545047936534697
-0.14299580433719375 0.005916936682094659 0.9897056076441416 46.38180880601166 0.09131670884880237 0.995795579198347 0.007240382175757187 -0.7599900504530769 -0.9855016279169618 0.09141200309219813 -0.14293490498716527 19.350768293881245
-0.1451372515553728 0.006825262328977849 0.9893879896203983 47.772767277276635 0.0940895588961665 0.995539584964602 0.0069346719628306745 -0.7568444004097249 -0.9849275776003417 0.09409755874967153 -0.1451320650982233 19.152914116487786
-0.14623737187928187 0.006587733754277614 0.9892275940499353 49.1831016846839 0.0939171490480872 0.9955535897646013 0.007253896986764071 -0.7510901614275531 -0.9847812956085832 0.09396622622409587 -0.14620584170504994 18.95207878333154
-0.14701177087344655 0.008148238767871343 0.9891011805824697 50.61616036049538 0.0957100973457396 0.9953910139433175 0.006025498067603061 -0.7408769893865549 -0.9844933298355667 0.09555278941964694 -0.14711406439699223 18.74326584488816
-0.14722337183395462 0.008423426554541723 0.989067401480264 52.064696618267455 0.09529829130269872 0.9954323980931424 0.005707582791425777 -0.7348679027536879 -0.9845016579268044 0.09509672292784457 -0.14735365223759375 18.531115804426484
-0.14652130388453902 0.009782751808390434 0.9891591405203869 53.53478019973213 0.09503521066277765 0.9954649152080933 0.004232177220349595 -0.7322528497104004 -0.9846318176060814 0.09462505142296304 -0.14678652322657423 18.307975129820733
-0.1454914092732541 0.009597540427384149 0.9893129621335341 55.03104269484055 0.0958088735363244 0.9953898754949065 0.00443345395086382 -0.7378134644653801 -0.9847095559500693 0.09542998994015746 -0.14574020529915016 18.100248734723685
-0.14430971427281258 0.008547379869545537 0.9894956536861924 56.54663510850536 0.09498122626874558 0.9954652026772036 0.0052532766268991475 -0.7370219248707077 -0.9849635896940476 0.09474160942373236 -0.1444671395882692 17.88986079782742
-0.14313575424226227 0.009353455714597548 0.9896588648234775 58.081996093679855 0.09605253138738987 0.995366162593875 0.004484816296950689 -0.7359293304466591 -0.9850309980257337 0.09570117673956764 -0.14337090952870774 17.66392153110917
-0.14221400649415128 0.010182994050624773 0.9897835536060634 59.636433643141686 0.09603837113524545 0.9953712716212172 0.0035584969930060094 -0.7325216804172894 -0.9851658782289254 0.09556326837925389 -0.14253369464833354 17.450213461790813
-0.1414145179772739 0.010887521226013962 0.9898905979888933 61.21966954719498 0.09694573736753886 0.9952854356462267 0.0029026878516462164 -0.7263623447067198 -0.9851920919858822 0.09637615613860619 -0.14180330890507312 17.2316455297705
-0.14053342774630834 0.010650761777982107 0.990018644753432 62.81944911041039 0.09613436706669601 0.9953640296060733 0.0029380325126327055 -0.7214871280079315 -0.9853976553425314 0.09558770757742964 -0.14090582317822412 17.009993981161486
-0.13965007883558347 0.009041288950525786 0.9901596389347169 64.43787657984542 0.09772457620194297 0.9952024211837173 0.004695537904971275 -0.7203092810979685 -0.9853668163112483 0.0974186633257687 -0.13986365270667936 16.778112772283727
-0.1393099366122382 0.007226569165083008 0.9902224589753542 66.07280891635443 0.09885440351172518 0.9950797184392157 0.006645363592132655 -0.712504138313517 -0.9853022624897573 0.09881361570670759 -0.1393388706841417 16.55188567748085
-0.13866641592089754 0.00837589851009179 0.9903037258436433 67.71758583579135 0.10025862360836793 0.994945518608829 0.005623468001448161 -0.7102166209040974 -0.9852511524925041 0.10006627466012882 -0.1388052851581504 16.329000248759026
-0.13808407311955254 0.010200931395371005 0.9903679769405822 69.3815399295725 0.10242529093138564 0.9947325162122445 0.0040349681135488785 -0.7143088903380287 -0.985110069245226 0.10199589299929324 -0.13840155086899025 16.11878613703668
-0.1377180634069556 0.009715605776654788 0.9904238193903815 71.05923505338468 0.10167719189600612 0.9948078045825921 0.004379565013270226 -0.7215267696596449 -0.9852387952469085 0.1013066579547235 -0.1379908598221788 15.910126375061054
-0.13776860770928306 0.00971665670717326 0.9904167795995186 72.74888415859549 0.10190884039923401 0.99478393912798 0.004416186307468069 -0.7154928408567383 -0.9852077948221524 0.10154063735989527 -0.13804021148280363 15.681697311649513
-0.13775885656546547 0.0086802692245573 0.9904277613051673 74.46097463738583 0.10196123100597196 0.9947733701614754 0.005463459465067473 -0.7201466325283374 -0.9852037377159719 0.10173787369396321 -0.1379238929508186 15.463750013611794
-0.13764772058009625 0.008836982292833648 0.990441827046425 76.18341906133287 0.10348137141779483 0.9946161452661972 0.005507208485473618 -0.7218814165888313 -0.9850607650234555 0.10325033326709517 -0.13782110829491126 15.229417036088725
-0.13782252248573953 0.008784330951236935 0.9904179864205859 77.92460042903502 0.10432040619249516 0.9945274295744321 0.005696022814680898 -0.7149826679213865 -0.9849478184896396 0.10410584687620425 -0.13798466399816933 15.006975038681295
-0.13784132445492595 0.009900942536101567 0.9904048367255732 79.6789988418073 0.10471372297062388 0.9944916196521054 0.004631917892519516 -0.7141119479459036 -0.9849034498336081 0.10434744739871894 -0.13811880656604422 14.76122464740048
-0.13846213629342638 0.010693684783452036 0.9903099928400265 81.44626051311062 0.10444848473095066 0.994522789946479 0.0038644940780983867 -0.7178578001299526 -0.9848445313096216 0.10397146427180608 -0.13882068926031016 14.535065327640995
-0.13943999183667005 0.011299205606974635 0.9901660550782588 83.2245556593801 0.10382774643954477 0.9945899125453499 0.003271839286816606 -0.7265684094304106 -0.9847722009408441 0.10326293534315431 -0.13985878034088733 14.281461585953764
-0.14085898494755775 0.012030633994899148 0.9899565698581051 85.01744730304638 0.1027578985718282 0.9947031711449723 0.0025329025321996633 -0.7229911500925154 -0.984682466910346 0.10208263887565082 -0.14134912167940036 14.027744128865253
-0.14189582981448567 0.011183097898286984 0.9898184236528722 86.83030187439807 0.10124439605498475 0.994856197515547 0.003273916976404197 -0.7208401367529153 -0.9846903806520703 0.10067812367294265 -0.14229817168528835 13.763246942745116
-0.14306548861021004 0.010773503504012585 0.9896545849896174 88.65379525871809 0.09994316835761492 0.9949865753808235 0.0036163393898302736 -0.7107497891417381 -0.9846540656836605 0.09942658816528922 -0.14342497864196008 13.494052969619867
-0.14367804584889274 0.009755435710252986 0.9895763995847655 90.4974149032196 0.09745720000422908 0.9952302593606867 0.004338780957410246 -0.7113089702026204 -0.9848140501172687 0.09706473266312446 -0.14394347628377274 13.245391243684136
-0.14547021423446085 0.010830031730318159 0.9893033544789491 92.35092988691045 0.09725903612320537 0.9952532734738838 0.0034061021570372177 -0.709430091916723 -0.9845705138094296 0.096714177100565 -0.1458330253570689 12.984976452002263
-0.14815267244322328 0.011571129058582269 0.9888968068611819 94.22217034261384 0.09627701892344051 0.9953507034087062 0.0027772020109955364 -0.7189089397717248 -0.9842669969450085 0.09561948648734757 -0.14857790053958073 12.714426626071239
-0.15227067352442214 0.012505407194932436 0.9882597111970662 96.10537147291267 0.09688363236439147 0.9952929805273023 0.00233338658627854 -0.7240210573337478 -0.9835787735429731 0.09610149688724172 -0.15276550177226284 12.435893946890953
-0.15681303737482213 0.011583290649791715 0.9875603772362509 97.99583431525699 0.09475977531773366 0.9954944627839065 0.0033703929021134315 -0.7272294446632305 -0.9830718469628831 0.09410952100773035 -0.15720414041837555 12.129635689644129
-0.16163612843511038 0.010663979977892424 0.9867928057680299 99.89645725260849 0.09322815457405548 0.9956345516043921 0.00451119122157436 -0.7370746012721225 -0.9824369054444279 0.0927260437123935 -0.1619246974313147 11.821515507063014
-0.16625812290270942 0.011426560451431497 0.9860160598515211 101.80283292546645 0.09208882991876693 0.995742808298762 0.003988373789864561 -0.7477665032064515 -0.9817728270700198 0.09146416477257667 -0.16660258878359302 11.514294061879285
-0.17076901299018757 0.013320597708647632 0.9852210441718359 103.72040106667002 0.09278053629490411 0.9956831370752623 0.0026196619619376776 -0.7558268527537412 -0.9809330845104501 0.09185669393489634 -0.17126771876849323 11.188155246590325
-0.17490411501353342 0.01509417518945169 0.9844697640997838 105.64309364818786 0.09225386197879108 0.9957348860567887 0.001123227257875853 -0.7599941256297834 -0.9802539341932425 0.0910175948090523 -0.17555062498847557 10.841851927349822
-0.18018475394494224 0.015307716902060117 0.983513664495338 107.58468309512777 0.09109052001885697 0.9958419072652032 0.0011886534807743275 -0.775360332629559 -0.9794059279014468 0.08980294837949104 -0.18082991692155273 10.520926210940988
-0.18505989247893806 0.015151797404417591 0.982610431061619 109.52956031503493 0.08939082097742912 0.9959955315872464 0.0014772214526604516 -0.7847633067866735 -0.978653216068217 0.08810972757678051 -0.18567325759430317 10.153451411334405
-0.190281513397923 0.014340091085853107 0.9816248302924326 111.4849084484642 0.0878693832992685 0.9961289155918895 0.0024809273130978063 -0.8052500141800331 -0.9777893009936247 0.08672684307281157 -0.19080497255842593 9.784855822058837
-0.19538115084027732 0.013924804519591655 0.9806285258523849 113.45119953767507 0.08709396534829643 0.9961949395093249 0.003206820219905851 -0.8095265402970988 -0.9768525206479417 0.08603337907524164 -0.1958504801849035 9.412597097749542
-0.20094483515995115 0.013764486778221419 0.9795058509913424 115.4216572515274 0.08732396698107175 0.9961722700878773 0.0039157500755993705 -0.8159556793708389 -0.9757026688562593 0.0863211863432034 -0.2013776421926557 9.020245358793206
-0.20665894577859226 0.015438859829441832 0.9782912254215762 117.39971007030213 0.08775241796150839 0.9961383333528142 0.0028167298392078105 -0.8160292620140219 -0.9744699037279643 0.08642952292038412 -0.20721569510093885 8.629932740678363
-0.2120877948904775 0.016621141538775974 0.9771092594548699 119.3792089990683 0.08746517769687653 0.9961654896743924 0.002039576483620982 -0.8220703786378087 -0.973328623820828 0.08589560428640525 -0.2127283131492486 8.197675445129066
-0.2181726401683247 0.016664216254641866 0.9757679042572588 121.378498891539 0.08797743643802207 0.9961189183605232 0.0026591656691146307 -0.8315156632816765 -0.971936556447886 0.08642571596973064 -0.21879196936666348 7.784208745276654
-0.22393637853863066 0.016685199879545635 0.9744609291664722 123.38334702461653 0.08700797018119456 0.9962032848279418 0.00293741773803947 -0.8376117210352547 -0.9707121671700368 0.08544366215816723 -0.2245379012662441 7.357631545990848
-0.22890817701254984 0.01744477735357904 0.9732916963787768 125.3805828704284 0.08635164021299951 0.9962617022145843 0.0024525360393514994 -0.8476776896584738 -0.9696104582404802 0.08460673994182559 -0.22955883521899248 6.876080061982427
-0.2348278071944092 0.018182627231950542 0.9718669111741643 127.40381947862073 0.08573666206654172 0.9963156701006596 0.002076123686550197 -0.8584252818297052 -0.9682484834720637 0.08381215650976996 -0.23552154184963398 6.443572647892802
-0.23969672222536761 0.01731639032525321 0.9706933727910787 129.43841616514962 0.08683773349400849 0.9962157037693021 0.003671458165136904 -0.8699111542638973 -0.9669564051166095 0.08517284889880275 -0.24029335491108206 6.037075974699549
-0.24367584196828815 0.017133889403224082 0.9697053747788374 131.4685877443302 0.08877859662721072 0.9960402492877585 0.004709838604828121 -0.8757882814045513 -0.9657848853766284 0.08723675620229478 -0.2442320690354822 5.543927853727616
-0.24704985323901268 0.017925662693003868 0.968836952552699 133.49814823055402 0.08994448301264267 0.9959365762429297 0.004508445086727891 -0.8809841961401161 -0.9648193405970722 0.08825534951790893 -0.24765829945976178 5.028456409147729
-0.2500807494452503 0.01862991139719217 0.9680457350550316 135.54154752633542 0.09018285586419506 0.9959166561414655 0.004131165474842404 -0.883387968648924 -0.9640159082012486 0.08833425395244755 -0.2507396823671611 4.519437882498077
-0.2534636948659513 0.018547634573115795 0.9671670696609991 137.59054613844944 0.08933425727728293 0.9959923713036312 0.004311238996708824 -0.8899786919046566 -0.9632110598729722 0.08749389439676747 -0.2541048456477586 3.9999545923070348
-0.25741769050849295 0.018828594704019062 0.9661167717386688 139.6494874277826 0.08743560440920072 0.9961626071182127 0.0038826873481891937 -0.895242276858042 -0.9623362965693798 0.0854724762769737 -0.25807616725341137 3.4570791124473903
-0.26190791918386114 0.01902133581949862 0.9649053998462355 141.7012487415079 0.08533871942126932 0.9963457701267278 0.00352268620744007 -0.9023381144656989 -0.9613124075118948 0.08326641060007388 -0.2625741038820509 2.893814076252274
-0.26667015616551126 0.018414265364968162 0.963611925331838 143.76748215441185 0.0838592573108388 0.9964689042273941 0.0041650775660969286 -0.9071151096067653 -0.960132622492296 0.08191848227918795 -0.267272724921826 2.327403892403586
-0.27096268212983055 0.018455730692020205 0.9624129108120035 145.82571398756656 0.08306508542521056 0.9965349482787235 0.004276498851275616 -0.9137320556074228 -0.9589991743877094 0.08110168224979142 -0.27155680926823217 1.69775602671226
-0.27562591867795944 0.018924560856960468 0.961078672091574 147.8989781539206 0.08246726444837718 0.9965856382428235 0.004026902351209936 -0.9210050346523182 -0.9577209944693338 0.0803674476670497 -0.2762454888466991 1.1100854024452458
-0.27969831549212865 0.01880669730836457 0.9599037245720106 149.97211013572291 0.0816206416063701 0.9966543819577771 0.004256029620027885 -0.9259172251701484 -0.9566122114914839 0.07953836219531829 -0.28029756646224424 0.48333479563310666
-0.2836502124871268 0.01810021142441751 0.9587569761427556 152.05936397766604 0.0811459390980553 0.9966887133892354 0.005190873761333831 -0.9269366387948168 -0.955488301092117 0.0792716276413119 -0.28417972399028524 -0.15694568542281895
-0.2877230374835172 0.018060409808587422 0.9575433542659076 154.14906582946662 0.08148839354330349 0.996658062715385 0.005687507551482286 -0.9289914517573319 -0.9542405857114797 0.0796650966356181 -0.28823319891894367 -0.7803177372258853
-0.2914469713760429 0.018912472088084466 0.9564000111225691 156.24596044017383 0.08270451350618535 0.9965589571081294 0.005496221726199084 -0.935767250484087 -0.9530050505225222 0.08070045481331428 -0.29200823665007625 -1.425787610443374
-0.2951754987411239 0.020065130332835253 0.9552323358679059 158.35135712140107 0.0827364506756299 0.9965606928050511 0.004633064376442672 -0.9357377696345385 -0.951854035381752 0.08040010012831794 -0.29582041719061336 -2.0661230541272326
-0.29799157546050986 0.021545564002430496 0.9543253164547094 160.45539445133093 0.08296498560589362 0.9965466377555854 0.0034073364161280838 -0.9506190460366302 -0.9509562724531423 0.08019094368977085 -0.2987500300119931 -2.7280831186792467
-0.3015490626898987 0.0228134503000179 0.9531776902950745 162.5798668245133 0.08395440047733094 0.9964659111450854 0.002710454996341227 -0.9578036508449218 -0.9497472408126982 0.0808407967006999 -0.30239865105099345 -3.3809566046571637
-0.30506074128175725 0.023539110098283928 0.9520419394251529 164.70761570039866 0.08368355875037721 0.9964900024684382 0.0021764593551341993 -0.9710697295653572 -0.9486490426514407 0.08033420987495475 -0.3059598153357229 -4.041322306309126
-0.3087941883634484 0.023398790907147953 0.9508410202641887 166.83219941489668 0.08313273728998334 0.9965354098785053 0.0024748432181885063 -0.9668268336574446 -0.9474888375192774 0.07981023394504992 -0.30966954860625623 -4.739622451953765
-0.3125785342671177 0.023368285859242773 0.9496044350841153 168.96427072776024 0.08281104865588566 0.9965615138253836 0.0027348459870646926 -0.9825789372294569 -0.9462753246999156 0.07949259322767857 -0.3134388895558523 -5.444016333408287
-0.316268539937839 0.024193750515930663 0.9483611511874371 171.10404320761415 0.08506098990414511 0.9963713840201895 0.00294840672559541 -0.9968075550994806 -0.9448485797428666 0.08160102659688508 -0.31717886722828775 -6.156640782007059
-0.31893191149110933 0.02441881002607125 0.9474630111775015 173.24500880954298 0.08729838386397736 0.9961752930407324 0.0037118337717743028 -1.0139817257251302 -0.9437486042412792 0.0838958118866627 -0.31984381304085385 -6.889134066416921
-0.32131990384917214 0.024011344865104766 0.9466662425100667 175.39575129687634 0.08827065325583307 0.9960854567545766 0.004696234216433778 -1.026375856581761 -0.9428477136654386 0.08507184116848623 -0.32218158028673277 -7.615416102498022
-0.32403338808832133 0.023730104362558027 0.9457479820496294 177.56185276942932 0.08832586326921986 0.9960776955446953 0.005269375306156239 -1.03350987341961 -0.9419134277000982 0.08524146048321896 -0.3248584124398462 -8.32991975501783
-0.32712723555206485 0.02417512354998202 0.9446710195414104 179.7303574422992 0.08705480971407163 0.9961926600602847 0.004652327123220533 -1.0338702038670544 -0.9409618652558182 0.08376005875927858 -0.3279863117432362 -9.056786522965952
-0.3304235470217403 0.026168901871236515 0.9434699084488208 181.90654667737624 0.08604053854100827 0.9962885019262921 0.002499331318269042 -1.0337067864655831 -0.9399028169449982 0.08200249693953733 -0.33144876707348886 -9.783622377381693
-0.33369026962488363 0.02797932660721911 0.9422674573815442 184.08412329524327 0.08555471215366428 0.9963332186311479 0.0007132183407889073 -1.046188474325412 -0.9387924132554406 0.08085341510848244 -0.3348604635953893 -10.540274887369055
-0.33735824171083506 0.028994880777518484 0.9409297070655557 186.27650274378388 0.08487803495901419 0.9963913112787827 -0.00027201037730838705 -1.0686460706780487 -0.9375420715526681 0.07977249962766939 -0.3386018493332295 -11.283158488385512
-0.34037108833891155 0.029719838730910605 0.9398213944195964 188.45714844830027 0.08321693866072409 0.9965305068023711 -0.0013748207692310243 -1.0884982688198548 -0.9366015499362151 0.07774111008995767 -0.34166336715992635 -12.072541868327932
-0.3447294438422658 0.02998738933492155 0.938222983639326 190.6512678537634 0.08384395580989848 0.9964783508982139 -0.0010427201564903316 -1.1086186546819672 -0.9349501599670156 0.07830487004045676 -0.3460296890522502 -12.840516299420823
-0.3480717773678274 0.02901772888349545 0.9370186813561652 192.8475699614101 0.0834498082513967 0.9965119719561738 0.00013874733799167506 -1.1362729265373617 -0.9337463077853667 0.07824232331968843 -0.349279217158322 -13.655020651103609
-0.3518442317088861 0.028204898136861122 0.9356335395518236 195.04955717263692 0.0828491906176061 0.9965614738169035 0.0011137853875227346 -1.1490890376614797 -0.9323849249248882 0.07790836043051609 -0.3529711590878739 -14.473695078184731
-0.35571611553741134 0.028082311973895505 0.9341720552987959 197.25464092530967 0.08292358971873917 0.99655459439877 0.0016182246018475947 -1.166777955154662 -0.9309080101788422 0.07804052880974502 -0.3568192153569672 -15.293359605284392
-0.3592880294641237 0.028071451622204768 0.9328044304609675 199.46688419177994 0.08182900373759597 0.9966452163584636 0.0015254039152472504 -1.1843352965967069 -0.9296322531146913 0.07687851659348269 -0.36037975477998996 -16.1362641359898
-0.3627386493150289 0.02867666149507294 0.9314495806959205 201.66319071060423 0.08134697684363776 0.9966853469604786 0.000994239745693474 -1.208752800079248 -0.9283336370354719 0.07613125665433536 -0.36386905626711674 -16.97555532854576
-0.3659950425913948 0.029340687708681847 0.9301541554190389 203.8886492972597 0.08157797117959956 0.9966667439673413 0.000660369411289842 -1.2340025034022752 -0.927034337776515 0.07612178081417025 -0.3671686411840416 -17.820160882132253
-0.36894010197343774 0.029802600842955957 0.9289752451700883 206.08599628982154 0.08210795916017785 0.9966232379259384 0.0006361356534940595 -1.2550553542737806 -0.9258193582974911 0.07651095744411089 -0.37014130976237314 -18.691300292153052
-0.3715301140232426 0.029472846551165124 0.9279529760122809 208.29374957743966 0.0829442329437941 0.9965529736474129 0.001557220557630785 -1.2704194204165604 -0.9247084019274618 0.07754690213458555 -0.3726940425792805 -19.576152201259625
-0.3742074837926858 0.028794816674186482 0.9268978463704873 210.50457876240654 0.083978749212108 0.9964631849361986 0.0029480073911124587 -1.2908317384768828 -0.9235346927724561 0.07894288821362067 -0.3753021338151099 -20.46631871673088
-0.37700550587281584 0.029619953548491663 0.9257372774677318 212.7254394309363 0.08522722761117957 0.9963575239122038 0.002829172538979107 -1.303879789516487 -0.9222815016117871 0.07996463527915544 -0.3781566988556156 -21.33944916625813
-0.37971024740508874 0.030276301088663853 0.9246099034771128 214.92853221320433 0.08481805363599532 0.9963940153737477 0.0022054262132335817 -1.3219700096250133 -0.9212090022318313 0.07926103531855487 -0.38090899502015246 -22.248533727485068
-0.3824562967758974 0.030452204549645496 0.9234716261448072 217.14809788743264 0.08419732135313288 0.9964470703329836 0.002011740980337742 -1.3386155981630763 -0.9201293344597936 0.07852324027242687 -0.38366145050512196 -23.14411256464129
-0.38527443881591367 0.031567260565699175 0.9222619556587278 219.37488656967568 0.08385495356467447 0.9964775437116635 0.000922843993649122 -1.3641683583678443 -0.9189841965767136 0.07769178166799635 -0.38656439761507094 -24.062834117803558
-0.3880540668351798 0.03266635987316649 0.9210575172839728 221.57471253317718 0.08375162492559265 0.9964866593206647 -5.5841426601513713e-05 -1.389154485449135 -0.917823352576627 0.07711839422977432 -0.38942656141616716 -24.98615856260471
-0.39053348900549156 0.03239810207669827 0.9200184546774194 223.78449366202747 0.08137395404356378 0.9966834856792812 -0.0005558574589358103 -1.4187137600319844 -0.9169852090238491 0.07464845849732302 -0.39187464076597156 -25.918566224392283
-0.39319895917246855 0.03323112993682588 0.9188526924969042 225.9830283118625 0.08213918625088537 0.9966204664810386 -0.0008943562824813135 -1.4455553546344293 -0.9157771194934542 0.07512215248672975 -0.3945997080815318 -26.887833772309403
-0.3955792241104091 0.0325359541283893 0.9178553748500704 228.17323642743 0.08324672456199808 0.9965288139027253 0.0005530925123079469 -1.4720320789503163 -0.9146513326409709 0.07662724548477343 -0.396914606618993 -27.872482975412346
-0.39744622881113173 0.03159712993755229 0.917081303147938 230.35388782925966 0.08336292675074006 0.9965176387016526 0.0017939342335019602 -1.4795922579189593 -0.9138310115373405 0.0771635738946354 -0.39869620667426237 -28.89064133312677
-0.4009842248298949 0.030985759141464883 0.9155607757915346 232.56700203627366 0.08228475033663495 0.9966061845486504 0.0023092815809094406 -1.5050394051510114 -0.912381976641146 0.07626267533865722 -0.4021730138268651 -29.830728657275245
-0.4039327306426306 0.03100895657072374 0.9142629784301585 234.75564847062495 0.08077148546218026 0.996730873085423 0.0018798336639923524 -1.5321777832074572 -0.9112158450399221 0.0746057052159316 -0.4051168627660566 -30.824739658495712
-0.4082790139853255 0.030583923558579716 0.912344710270704 237.01391151799464 0.07947861373940128 0.996834250844461 0.002150883870922333 -1.5476019754852177 -0.9093906733067103 0.07339005357080844 -0.4094172728887237 -31.668970123754733
-0.41156680365488857 0.02992631244949159 0.910888128121382 239.2140630543856 0.07863882472268778 0.9968992982588922 0.002779276374081921 -1.56444334099072 -0.9079805622234054 0.07277502974306906 -0.4126440277895244 -32.64684981933093
-0.41512167542993417 0.030134533886774176 0.9092666850026304 241.41341849472047 0.0782060363605937 0.9969336564912219 0.002664663545147834 -1.58972167671015 -0.9063982626114243 0.07221630302411113 -0.41620547222798376 -33.62916691074584
-0.41888670603883144 0.029679298438026195 0.9075533409933356 243.60658460647625 0.07759887218411286 0.9969794857958955 0.003212466016393408 -1.6173590263321094 -0.9047167194982582 0.07177077501587524 -0.41992453287933584 -34.61844551923646
-0.42306441709824477 0.029217711070535213 0.9056284140557442 245.8053602412332 0.07667564901520073 0.9970494013297836 0.003651870208368406 -1.627627700890337 -0.902849568772904 0.07098462275535303 -0.4240564107508094 -35.589149300555
-0.426820092536421 0.029197826093603198 0.9038650870337952 247.9731121327305 0.07567881410234993 0.9971260111404177 0.0035263299990771634 -1.6329041209535387 -0.901164427673031 0.06990854639175509 -0.42780307319855465 -36.6290343349054
-0.4306455351803948 0.02970032255025641 0.9020323241822344 250.14677912071778 0.07567023871493415 0.9971274537720909 0.0032948303161627604 -1.6613925662359106 -0.8993433371088122 0.06967590526428914 -0.4316559164700335 -37.650693927204784
-0.4339418041852822 0.03002914947696618 0.9004403149360394 252.3064576646732 0.07585654145512913 0.997113268452539 0.0033037848540560127 -1.6748259891225934 -0.8977417756230834 0.06973793843802437 -0.43496703811153875 -38.71088209618387
-0.43728566265397384 0.030000135858547394 0.8988221409632415 254.45547586285755 0.07559955685083757 0.9971321214887089 0.0034984710066363854 -1.6824182757719806 -0.896139473654202 0.06948038675695492 -0.4382995774751225 -39.774589921868106
-0.4409831267516329 0.030333200262661373 0.897002663809969 256.62948428605876 0.0743049156438851 0.997231617844556 0.0028071128023470704 -1.6951201448132784 -0.8944342689272959 0.06788959664746361 -0.4420162228194065 -40.80782609770181
-0.44476386196424084 0.030775576709859642 0.8951189702876546 258.8074894998601 0.07488502821170011 0.9971878880725636 0.002923770017270485 -1.7042384667679957 -0.8925118148463833 0.06833139658719553 -0.4458177661332662 -41.84343089669096
-0.44805417580616225 0.031410197614403404 0.8934544504497622 260.96748064115883 0.07535708475619399 0.9971528626289715 0.0027346531582196905 -1.7119056439914686 -0.8908247668984661 0.06855339551526338 -0.44914548494181505 -42.91890763427964
-0.4509093241061697 0.03259521839941102 0.8919744016347183 263.105126357252 0.07635468143156647 0.9970783747840127 0.0021626746302358026 -1.714085277421248 -0.8892978938789854 0.06908159143771231 -0.4520807335718152 -44.04843870786388
-0.45385442817571814 0.034594413210262 0.89040405693142 265.2411593141809 0.0782259266153632 0.9969350056388776 0.00113970916437954 -1.7188659575964973 -0.8876355459480302 0.07016994446662514 -0.4551695469416751 -45.17494904300609
-0.4566159982765213 0.03517841894845561 0.8889681147027855 267.4078379324077 0.0794126460408747 0.9968409242518168 0.0013429019215581036 -1.7472463722542304 -0.886112555924314 0.07120850073601578 -0.4579671250823632 -46.29237553203568
-0.460095724291451 0.037481966467639655 0.8870778019308372 269.58292568959536 0.08127286898390712 0.9966918877873536 3.982469598985965e-05 -1.7557304631860733 -0.8841417563127801 0.07211368114720344 -0.4616199429569182 -47.34374228632023
