1.0 0.0 0.0 0.0 0.0 1.0 0.0 0.0 0.0 0.0 1.0 0.0
-0.4686529457029587 0.3888149073196986 0.7932133283864524 -0.08417210187518157 -0.23539810902894898 -0.920427141605389 0.31209230567530555 -0.036263246803373735 0.8514412174363741 -0.040457939172769464 0.5228871851636431 0.002289830204657417
-0.46327296640117893 0.3886314971581825 0.7964569781340621 -0.006082765292805811 -0.23275121785590086 -0.9205242821508316 0.3137864186947731 -0.004130964885607213 0.8551052737461319 -0.04000756662540363 0.5169084690970608 0.04444506823366081
-0.45743755543947184 0.38904805052820746 0.7996202206383738 0.0733698100635309 -0.2302020400152043 -0.9203713064940171 0.31610706881582795 0.029098474688899482 0.858928346048958 -0.03947496121211211 0.5105720554347879 0.09131792585317866
-0.45036331866864043 0.3899808001351543 0.8031736155550141 0.16240544514802596 -0.2267492526180728 -0.9200305445244256 0.3195756148069416 0.06354641981601555 0.863572612832826 -0.038193882599629386 0.502775864274581 0.13365596000468818
-0.4414182865590324 0.3912270934004888 0.8075216762915367 0.26229804661561895 -0.2229318375771598 -0.9195435188828723 0.3236373165674438 0.1034412408926608 0.86916701046793 -0.0371628614332964 0.49312029936348295 0.17348477353393504
-0.4171357803810338 0.397783545541275 0.8171694999340826 0.24938706129210694 -0.21722394919313648 -0.9167076264029659 0.33535188025651286 0.07931138272299978 0.8825029725858399 -0.037621517662814304 0.46879966380737004 0.2984925954590324
-0.40493563975570146 0.40222855695572224 0.8211207679902869 0.3833269664166279 -0.21210623278458116 -0.9148681685646628 0.34355084072240805 0.09864044889454872 0.8894032120863821 -0.03504885328306431 0.4557779110641152 0.33757267899310045
-0.3794450352871249 0.40720019636383714 0.8307884600048351 0.5164073460710049 -0.2060422624630343 -0.9125825417929316 0.35318506550230416 0.15236138909169936 0.9019800725487602 -0.037163214285168826 0.43017536450722993 0.39479224727831563
-0.34942241987862926 0.4159085156237108 0.8395975697426982 0.593759871122671 -0.19953737462993987 -0.9085575771198209 0.3670258372157912 0.12262225630597504 0.9154719048730845 -0.039284038614214034 0.40045968049006275 0.5385692561374886
-0.3124053436254731 0.4252742776250687 0.8494378671007824 0.621282365154054 -0.18970783333536612 -0.9041110781802837 0.38287608476227214 0.07806645379845979 0.9308135362388382 -0.04153248249457054 0.3631269938360233 0.7046963881472346
-0.27935805267318975 0.42982315370097596 0.8586100016591881 0.7124997613830735 -0.1733726180724211 -0.902093524656716 0.3951824997075881 0.0878735279965103 0.9444051110139958 -0.03846205032198391 0.3265266558424772 0.8615145878747725
-0.24578546045781932 0.4313831470370654 0.8680426763010767 0.8658041186882064 -0.1518625596851131 -0.9015916285101435 0.40505592004847096 0.14591150218514964 0.9573543076590939 -0.03226632691871834 0.2871090624723492 0.9551689612357859
-0.20582359422320456 0.4361666601329883 0.8760110117170197 0.9756835963614183 -0.13098492398823036 -0.8994014473192387 0.4170371521193965 0.16754269940011898 0.9697832735971676 -0.028908150208782925 0.2422492953605178 1.117081765279153
-0.1856903159963601 0.4388178921338775 0.8791802796289013 1.1594206445528048 -0.12262899611684976 -0.8980954144403664 0.4223585631576097 0.23411121113320427 0.9749262720106302 -0.029385100040118094 0.22057941889280328 1.0556840892902666
-0.16225583888110284 0.4459018668445928 0.8802525591519158 1.3674234290399436 -0.11025892021720834 -0.8946800292001231 0.4328863775438107 0.2547809241363484 0.9805692292038969 -0.0268173543619516 0.194331717029158 1.020445022082817
-0.13455117662489072 0.4507263622203777 0.8824634424543845 1.581282381988682 -0.0955544203611116 -0.892313116270649 0.44118777780080837 0.29942217931258835 0.9862886664756465 -0.024960948117980122 0.1631306759954796 1.009712685500166
-0.10441313829399979 0.4511889491648987 0.8862992884477979 1.7851912408882338 -0.07882771554450645 -0.8921212173731068 0.4448661874932289 0.3893710599673236 0.991405107821032 -0.0234150734400064 0.12871537018618529 0.9998438065688651
-0.07466180441191929 0.45131808779253785 0.8892342765510357 1.9838868678349333 -0.060966514826208434 -0.8921209311446631 0.447664303115097 0.4912373506059454 0.9953435080573447 -0.020790090063943806 0.0941226493636422 0.9801628912363497
-0.044442953921568905 0.4517424492071585 0.8910407305118232 2.1905992074881793 -0.042418897794951047 -0.8919709407860728 0.4500982980450716 0.5918609589187881 0.998110946216194 -0.017793267758525723 0.058804240203293515 0.9522765372106831
-0.011308875186128161 0.44913558917743185 0.8933920370566698 2.3815724415384363 -0.024086249052582068 -0.893312288887983 0.448790604991114 0.7241592657259311 0.9996459182873708 -0.016443146169589008 0.020920348836574783 0.9210932834259805
0.02677325615668093 0.4511985372191228 0.8920219015058392 2.593351462255699 -0.009797350941119273 -0.8921804810992647 0.45157280814949585 0.8235233087896204 0.9995935197215439 -0.020829526082195304 -0.01946602614520569 0.8873705313440333
0.0665580532903632 0.4505863714333333 0.8902482504452002 2.7949444258349256 0.0054566911789647185 -0.8923777475218739 0.45125622460988196 0.9481406194713873 0.997767633301248 -0.02517692606989941 -0.06185363635305679 0.8392538460798518
0.10978800665204692 0.44914232158619205 0.8866892175703595 3.0148649461181365 0.02723302488513856 -0.8931061856775495 0.44902082742352195 1.0586702534461632 0.9935818818552271 -0.02514987206060349 -0.11028385187487633 0.7885082598899101
0.15217142170997253 0.44726200073821265 0.8813628997810251 3.2311143688667054 0.05422850964338124 -0.8941831155541934 0.4444050231485396 1.178246206053439 0.986865303451602 -0.019830747677472647 -0.16032346768308398 0.6977372715972908
0.2007042585378423 0.44898245408377324 0.8707080776756857 3.4667707330328117 0.08282174109406752 -0.8933879450077417 0.44158638896255825 1.2843087242437001 0.9761446408227221 -0.016514709799364532 -0.21649227365733026 0.6277919574699387
0.25300389193358525 0.45067496790267036 0.8560847527975173 3.706704175312031 0.10985225204780359 -0.8925333796691698 0.43739758675186546 1.3975175869992986 0.9612083610677155 -0.016620453731985355 -0.2753220789026156 0.5568298554337905
0.3038562756039706 0.4492377197915025 0.8401528640031027 3.9297011543980265 0.12948859532787352 -0.8931390727653213 0.43073808791412493 1.515979186675324 0.9438771463787526 -0.022092256933909857 -0.32955707355095215 0.4311016308974285
0.36287791830032484 0.44871248798407437 0.8166864266884601 4.186729904480379 0.1551777854454848 -0.8932876758404205 0.421849479193533 1.6418613187029338 0.9188250493506678 -0.026348269748923854 -0.39378458243940895 0.3640914880781642
0.40973449388785027 0.44668374084419793 0.7953560713189417 4.40278937045277 0.17672382514108617 -0.8942562071670844 0.41118672834935166 1.7611662795250622 0.8949225296895644 -0.027919018760952572 -0.4453472737599895 0.18687546121316528
0.45723458289569674 0.4438870314624722 0.7706496217501396 4.627143778779457 0.19885479539033363 -0.8956236427800442 0.3978882517035057 1.8841800633543795 0.8668294564413846 -0.02868089595598836 -0.4977791675559498 -0.0009002329329363679
0.5033155374454417 0.44251772190638927 0.7421937318280091 4.846211303453082 0.22173333285361196 -0.8962997244071453 0.3840327240344301 2.0001540524839556 0.8351693234713757 -0.028720547112741815 -0.5492425068272744 -0.2136923320564227
0.5540374302452271 0.4414838284428762 0.7057864798299035 5.11201931678236 0.24756497228537663 -0.8968194693680548 0.3666420923185735 2.128814584155835 0.7948296109133112 -0.02840543232943217 -0.6061674859554672 -0.3766116411407543
0.6062542087703408 0.43984201501228837 0.6625668541197776 5.396555805875845 0.2735516593436261 -0.8976302162355024 0.34558571233682955 2.262244004313255 0.7467431446077003 -0.028266530224547743 -0.6645116095678593 -0.5386232430586615
0.6442702938442302 0.43902926414372395 0.6262340566396002 5.59311236877679 0.29409881027108065 -0.8980810300304376 0.3270418219381171 2.3702154728576486 0.7059898570567456 -0.026528639710484123 -0.7077249133724955 -0.828081427807078
0.6798308692762185 0.43613029915776047 0.5895933779612046 5.787907757655498 0.3115006808386006 -0.8995491914421766 0.306232881991491 2.481954713552514 0.663925684859555 -0.024527827712391356 -0.7473961938968388 -1.1382915330293282
0.7139318786052204 0.4318080579642817 0.5512196239144038 5.986589731118322 0.3250724275440359 -0.9016331106293304 0.285281704053213 2.5956889754039976 0.620184802749832 -0.024485401650643106 -0.7840735141197905 -1.4572878045649722
0.7420424571966624 0.430331674322724 0.5139918693833018 6.161366852252906 0.33799124142000064 -0.90233069002451 0.2675093392075466 2.6961204599679665 0.5789083800057712 -0.02477853737597435 -0.8150160192564314 -1.8075294629724183
0.7641703359673375 0.43252945674866244 0.47849970394167857 6.324246113295386 0.35318924458001827 -0.9013371699442028 0.25069635735281676 2.7883908752239566 0.5397231282246135 -0.022573770657165874 -0.8415398800637756 -2.1848972478090354
0.7825634305702854 0.4348718549030609 0.4455120053906941 6.490539737790832 0.3662708373023524 -0.9002470518186482 0.23537399906035875 2.881690245435416 0.5034283969701153 -0.021017028929021853 -0.8637812996465571 -2.5781813998415317
0.7977120542558652 0.43750482983916306 0.4150240985319928 6.647563423094025 0.3770900366484145 -0.8989643223007531 0.22285926386588706 2.9706802611439387 0.47059386179101975 -0.02127606866300234 -0.8820933885631728 -2.990695407985937
0.8115207041003973 0.4380911062172093 0.3866656559222421 6.800140397200789 0.38392806776878036 -0.8986134495277144 0.2123513765136282 3.0584047380009407 0.44049220832578473 -0.023875740434253685 -0.8974388911914774 -3.42070736567804
0.8233289513720082 0.4389920100207717 0.35974359336976736 6.957544679933002 0.3903294584828995 -0.8981029541911681 0.20261786079598934 3.1512071780724846 0.4120344059336747 -0.026402628865687762 -0.9107856770480437 -3.8618777436964717
0.8320564114621058 0.4405056963492296 0.33710066690631685 7.104675368570361 0.39650811151010185 -0.8973235831744784 0.19388580295010654 3.2417068226560137 0.38789617895964873 -0.02766077661229506 -0.9212879223053495 -4.326339593775638
0.8384286039334872 0.44205230618195684 0.3187902675825557 7.253035699747421 0.40129972631275057 -0.8965055679004326 0.18771333566061385 3.328629923432807 0.3687763628101121 -0.029453782825578475 -0.9290513812000964 -4.806796669004502
0.843569434786459 0.4421516973993835 0.3047826851724005 7.406718720928425 0.4040824460018746 -0.8964246249785901 0.18204468837386123 3.416435309789731 0.3537060722226814 -0.030410001953932335 -0.9348621536108753 -5.305924578416613
0.8477378193304896 0.44147145783157954 0.2940128255652231 7.55737449697012 0.4057857448320884 -0.8967626989221488 0.17650663192336677 3.5084609795072765 0.3415823750837472 -0.030325133831913452 -0.9393624791794812 -5.8218183760277045
0.850033390226717 0.4420924003389219 0.2863521347261875 7.709620244422594 0.4085353047740514 -0.8965107386229257 0.17136919293428782 3.6092657629872025 0.33247878165808903 -0.028684579417285836 -0.9426744160370562 -6.350410114907855
0.8511138595065884 0.44320507430981887 0.2813795661767708 7.860888033003451 0.41135046459808633 -0.8960291834654373 0.1671002622774734 3.712680979659108 0.32618398708510876 -0.026475733876320944 -0.9449354697993776 -6.897730495774185
0.8524587476446966 0.44274578750584037 0.2780112429558719 8.019649952249788 0.41192169190841293 -0.8962831809774081 0.16430757509113586 3.8134221161799444 0.3219232879108719 -0.02554656812278307 -0.9464210318657338 -7.457029840602032
0.8538355514215581 0.44078440640990296 0.276900628736219 8.189682586369008 0.4102615552760538 -0.8972433225118429 0.16321726768446568 3.9156828408583437 0.32039086658504684 -0.025759023152647473 -0.9469351431513683 -8.031653461719607
0.8545412685346786 0.43839931146375255 0.27850541122076933 8.366595873056495 0.40822962434915355 -0.8984471265102633 0.16168282119384256 4.025006584501464 0.32110402391575693 -0.024470483721390702 -0.9467277334331916 -8.619394543658741
0.8536816297682465 0.4383827937545247 0.2811551193491028 8.537450430437215 0.4086718076992407 -0.8985239192012632 0.16013157157486715 4.133735195935996 0.32282352545634757 -0.021801210131089634 -0.9462080525173907 -9.225818766361533
0.8522239945000564 0.44006880607839716 0.2829376417430203 8.711102989828373 0.4102101021924466 -0.8977210633139535 0.16070023192804453 4.244674502082329 0.3247182397981826 -0.020888714637309454 -0.9455801004373819 -9.847696330111027
0.8509926158222969 0.4423095060601387 0.28314990493510744 8.8999432436436 0.41161564166030623 -0.8965788484464732 0.16345926727772458 4.359402838267852 0.3261658034750094 -0.022553699635147945 -0.9450434906798032 -10.475498850805497
0.8505917375516422 0.4423238341339848 0.2843296005798357 9.087496426979504 0.411351152502538 -0.8965682893100784 0.16418139948981314 4.469871103190024 0.3275422497078986 -0.022692032976598844 -0.9445639979883182 -11.123742126847551
