1.0 0.0 0.0 0.0 0.0 1.0 0.0 0.0 0.0 0.0 1.0 0.0
0.999046349609833 -0.0007294955782838319 0.04365614696086539 0.03117523966276043 0.0008357552445604235 0.9999967326781157 -0.0024158117195486983 -0.028053190556759085 -0.04365424199821367 0.0024499937335396246 0.9990436950835869 1.0014673646317243
0.9960430830396865 -0.0048882423416246774 0.08873715014358839 0.13134927101395782 0.005556122465855366 0.9999580569938097 -0.007281054615178566 -0.046167876698350485 -0.08869783668128901 0.0077452785601515636 0.9960284656715818 1.996067721637829
0.9909966650839774 -0.004430627543206128 0.1338132255496759 0.28892506456413514 0.005980578610679082 0.9999195809446436 -0.011183216128181149 -0.0711558008386527 -0.1337529157510839 0.011882810402489232 0.990943467784627 2.9847603521901283
0.9838024147082278 -0.0020880336223303778 0.17924410430988316 0.49840307565625386 0.004552542044413988 0.9999006649180211 -0.013339215023118911 -0.10970561811381922 -0.17919844635262358 0.013939168271140714 0.9837141944755677 3.9553599695908876
0.9743767496346908 -0.004597857473921603 0.22487509750522586 0.7295906145158502 0.0077714024058133865 0.9998822875089618 -0.013229377555003053 -0.1413395202271832 -0.2247878001048595 0.014637992775493627 0.9742977851209161 4.926273548392866
0.9628843764973751 -0.005433548748614947 0.26985950797638736 0.9958693128119716 0.009667857463836423 0.9998500910399261 -0.01436412125785939 -0.17188162784521377 -0.26974100546509505 0.016439951199683354 0.9627925622766476 5.881791024558598
0.9495062484387858 -0.008021099959649055 0.3136455740659196 1.3157466509521192 0.014053093969546205 0.9997571388370101 -0.016975685385817445 -0.20156482933174197 -0.31343323806767226 0.020526210070845256 0.9493883715184962 6.819510717692117
0.934437261563039 -0.010109519203866105 0.355984271877334 1.655638246474038 0.017904121739912994 0.9996665380838184 -0.018607930036295073 -0.2340597639632288 -0.3556774474538574 0.023761528927658235 0.9343066643858051 7.746305380962977
0.9172475697508155 -0.009967092120905447 0.39819285887729916 2.0518163830431337 0.019195388872070968 0.9996314673012333 -0.01919548455321992 -0.2678586829067915 -0.3978547886255404 0.025250478328861695 0.9171008562376829 8.650044359724637
0.8977995217765377 -0.01047320127528514 0.44027983232583784 2.485211865663062 0.020497000684476473 0.9996275456221543 -0.01801785215745552 -0.2902272673472425 -0.43992714358261786 0.025200835074947785 0.8976798016279327 9.534139105708784
0.8759988592614507 -0.010249581698258133 0.48220425614841705 2.9572426022175926 0.02116282815113323 0.9996281163651572 -0.017197781161902116 -0.314640286126003 -0.4818486622138566 0.02527004248626827 0.875889999757652 10.394531293227697
0.8522883738430066 -0.010412081166331313 0.5229685615577954 3.4780919572116398 0.022103814215400773 0.9996257015283244 -0.016120739472359986 -0.3392651462058293 -0.5226049647766228 0.02529911875521332 0.8521995103149469 11.223960802244799
0.8266736554531774 -0.010769711146495352 0.5625785995765418 4.011885898802268 0.023772237016629165 0.9995925986975516 -0.015796119026528735 -0.37957167985759466 -0.5621792846831937 0.02643198726725083 0.8265928876552214 12.04022417474401
0.7993301856563425 -0.012321340741858465 0.6007657104570139 4.601834578295609 0.027107828596623158 0.9995112803680299 -0.015568109899312559 -0.4037058785777801 -0.6002802844733233 0.02872951408193309 0.7992735420950972 12.815598711945437
0.7707677561513403 -0.01140409522557001 0.6370141385318812 5.226128550252026 0.027890072506690577 0.9994852816976206 -0.0158529342835604 -0.4417847291413967 -0.6365054673237303 0.029985301097595677 0.77068908892308 13.55290707390195
0.7400860260292454 -0.014803226483799814 0.6723492682839096 5.875689363155483 0.03291941039740669 0.9993566612766134 -0.01423291892574791 -0.47602303450162836 -0.6717060268415989 0.03266692589958731 0.7400972135178897 14.27040174351354
0.7085716508327264 -0.014109898371674597 0.7054977862503369 6.570412760102931 0.03341653332322043 0.9993493125910305 -0.01357522465716203 -0.5101434549250742 -0.7048471826834831 0.033194309629443045 0.7085820960703014 14.939415921128173
0.6719296107749722 -0.012157451740041136 0.7405152223492661 7.31122884233449 0.03425376460981547 0.9993054197725028 -0.014675068086959009 -0.5442493427867163 -0.7398224636856131 0.0352260469041035 0.6718793402432168 15.550066238047442
0.6368793323993478 -0.013580489584640093 0.7708438793070894 8.07616556056243 0.03876291440993874 0.9991443304184494 -0.01442371169691227 -0.5893067086725905 -0.7699884105809706 0.039066319193256 0.6368607934829102 16.121755515655366
0.6008614203149771 -0.011817627006155466 0.7992658489320135 8.834889731677192 0.03878388119186001 0.9991440967223375 -0.014383481657777569 -0.6249164458199019 -0.7984117760509076 0.03964111094365698 0.6008054744976853 16.696887966942544
0.562780354771768 -0.010504549682060304 0.8265397308774337 9.604892093906798 0.04192736869096079 0.9989949074917175 -0.01585151602423878 -0.6426308560982172 -0.8255424689485187 0.04357555784601712 0.5626551365808308 17.256403031757657
0.5244000342628973 -0.008857990736991407 0.8514259451444829 10.426848372530735 0.04666233071250828 0.9987421781043211 -0.01834907539666783 -0.6672068361166836 -0.8501924670082354 0.049351774796246875 0.5241537669109247 17.737683706025315
0.48526239641176006 -0.008690839684822479 0.8743253833295068 11.259486730900237 0.048878436512586325 0.9986566011643303 -0.01720149397559101 -0.7013201567839307 -0.8730013202010645 0.05108289592887174 0.4850352901292021 18.199020159154838
0.4470057338392402 -0.01018835606015288 0.894473069083488 12.108486659256007 0.05393490477448421 0.9984228831735447 -0.015581155361303006 -0.7287279732674914 -0.8929036341967761 0.05520818559070103 0.4468502615887934 18.647516298701465
0.4104327754825771 -0.010858207999836153 0.9118262093889938 12.998700044868661 0.05794924696673618 0.9982185749971672 -0.014197228835677065 -0.7508494895909964 -0.9100477029176312 0.05866665023381391 0.41033084525134916 19.0158458818025
0.3757365800458368 -0.008425629480680749 0.9266882060236405 13.902021201696764 0.059341709278607185 0.9981252386757248 -0.014985641742014558 -0.7811848268790812 -0.9248246233504771 0.06062191589170561 0.3755321548925834 19.354271017998435
0.3424127508172579 -0.009073020204673118 0.9395058213668102 14.821955440436103 0.060019861179618626 0.9981221879329956 -0.012235776225005768 -0.7945495075431391 -0.9376305905535176 0.06057869477146814 0.34231432543504153 19.68319833796598
0.30904033958883237 -0.010508257509303568 0.9509908753668134 15.761575505676772 0.06238119221394044 0.9980095867551073 -0.009244003616738413 -0.8100602951177461 -0.94900087216229 0.06218071460683788 0.3090807392352302 19.985580077357028
0.27626574543193666 -0.01034769899232071 0.9610255787576631 16.715502320731797 0.06281116913575548 0.9979986540624453 -0.007310507598396749 -0.8328753430189338 -0.9590265871876215 0.06238278300229177 0.27636279317620355 20.26046294445223
0.24378143344785397 -0.007120418489332958 0.9698040587390048 17.67657721229604 0.059979201096594166 0.9981695535923564 -0.007748400934996355 -0.8466673577759285 -0.9679737125262878 0.06005698895026208 0.24376228161121283 20.508994788603832
0.21273046100173987 -0.0054005090316812405 0.9770959960332387 18.653621823996126 0.05977775831523015 0.9981835532484361 -0.007497575283489772 -0.8601869471087299 -0.9752806624622442 0.06000357094810604 0.21266687777056972 20.72437657342434
0.1824272645490005 -0.005028305748195256 0.983206493718625 19.653966093562598 0.06184312701240516 0.9980655525885039 -0.006370272955769811 -0.8709030855507036 -0.9812725007817642 0.06196667554021401 0.18238533475035032 20.89897807282336
0.15155339053448533 -0.00499504327436387 0.9884364518572704 20.664869897386293 0.06367060180216655 0.9979598105562073 -0.004719213998958012 -0.8803499923390535 -0.9863962815641859 0.0636495566151505 0.15156223031825253 21.080130086935025
0.12084780146875912 -0.005275330568791251 0.9926570302816368 21.694062387135755 0.06249284286263882 0.9980427525965426 -0.002304035690051495 -0.8858178362808506 -0.9907020003366875 0.06231239745753228 0.12094094282740481 21.224961026825703
0.09180467394018672 -0.005555347867800278 0.9957615376950472 22.742867885213563 0.06323929966895535 0.9979983577370792 -0.0002625480375517324 -0.8986487491372703 -0.9937669207717257 0.0629953654180979 0.09197223013347147 21.315471135218118
0.06468514706991557 -0.00527377995825859 0.9978917872161772 23.80475086896959 0.06615072185913375 0.9978091556576972 0.0009853340488735374 -0.9069031350743314 -0.9957107580748839 0.06594752558378679 0.06489229633259144 21.385760817198477
0.039357971185893514 -0.004847407444065711 0.9992134170162061 24.88240118013591 0.07023449321433521 0.9975283552807039 0.0020727696201812366 -0.9182170759224011 -0.9967537640094755 0.0700976679501113 0.03960114746948701 21.398437655849527
0.016070004372269325 -0.004220040492746096 0.9998619635818317 25.974386377322944 0.07448619401082414 0.9972174970594546 0.003011720481345928 -0.9208656979757974 -0.9970925543104102 0.07442751384209656 0.016339624292725074 21.426944296582896
-0.004109903952999732 -0.004049272454693526 0.9999833559025301 27.07838291802493 0.08046373598718294 0.9967479709503354 0.004366875012341029 -0.9176607468192592 -0.9967490636466548 0.0804803441777938 -0.0037707188362186726 21.41946532972954
-0.021404964268238232 -0.005101279323374904 0.999757872914208 28.193976358991495 0.08482208018681053 0.9963722215728705 0.006900057298616607 -0.9318268432846676 -0.9961661719901248 0.08494923794364972 -0.02089461067680988 21.385145482947355
-0.036635564031112865 -0.005299808933042046 0.9993146388767639 29.32239380748663 0.08783268488435506 0.9960989521690249 0.008502761538202997 -0.9361462539964105 -0.9954613276838679 0.08808399124155994 -0.03602715049554963 21.336909800114505
-0.0507189691966324 -0.006231302386916506 0.9986935250787378 30.455921943381092 0.09024755265593827 0.9958608369897078 0.010796878705054684 -0.9440910264922754 -0.9946270483971597 0.09067725305014938 -0.0499466753251353 21.27274161515789
-0.06365657649312889 -0.008200358252584607 0.9979381716287364 31.59621435466902 0.09055142560708672 0.9957939496006103 0.013958841618880344 -0.9671447475740083 -0.993855260885457 0.09125329617797932 -0.06264627959388588 21.203908712849266
-0.07626245397033404 -0.007671937119480645 0.9970582628388671 32.73944222908023 0.0905629795488401 0.9957838650846774 0.014589063446870543 -0.9587847891067068 -0.9929664570616976 0.09140916484606554 -0.0752461276909701 21.084272527054008
-0.08693825741075413 -0.005243843340389392 0.9961999003741192 33.89660094364289 0.09099255552088797 0.9957643182814876 0.013182460968349064 -0.9656455041814775 -0.9920494414282791 0.09179283492966857 -0.08609286391690692 20.983144943444586
-0.09634129923809812 -0.002567504415100341 0.9953450466959666 35.07012750059163 0.0914053664763531 0.9957483304388806 0.011415840201461077 -0.978272509662046 -0.9911424786782372 0.0920796956405708 -0.09569700418665694 20.86025893991209
-0.10446136279800947 -0.0013417561214271508 0.9945280405161513 36.26562867665751 0.0933986669457796 0.99556631667676 0.011153390131267104 -1.0135853051712704 -0.9901335832579031 0.09405269155733677 -0.10387289596274142 20.725207810595894
-0.10978892750086033 -0.0016615264116627215 0.9939535354976088 37.4809203270063 0.09386883617951453 0.9955118575629276 0.012032582678404133 -1.0459469170345619 -0.989512522908384 0.0946223059410017 -0.1091402136056788 20.5523674616998
-0.11429752477294625 -0.0022156036891094054 0.9934440935105873 38.722624845704765 0.09453525400498407 0.9954353658392914 0.013096495203266612 -1.0747800235101048 -0.9889384013076808 0.09541238670470864 -0.1135663457293589 20.39546645069972
-0.11888712961806792 -0.0015618553913081046 0.9929065469715241 39.981350071526485 0.09640865523136549 0.9952555051451604 0.013109182839951893 -1.094823319390958 -0.9882161816159748 0.09728329808342356 -0.11817249386534649 20.23294334071794
-0.12138049596962289 0.0001494226706898851 0.99260604112157 41.25837876464753 0.09543800216406476 0.9953687054083601 0.011520765452746483 -1.0740810861946228 -0.9880072686681516 0.09613073372522818 -0.12083260773627687 20.01927154408622
-0.1239118686643093 -0.001023701678219465 0.9922926991765055 42.55966241931626 0.09933977188677698 0.994962916938878 0.013431442140080163 -1.1638187494045968 -0.9873081882196677 0.10023844547554213 -0.12318601999839389 19.84495907463416
-0.1256010865242918 -0.0018735367999952093 0.9920790577992151 43.88624995652599 0.09898839115107724 0.9949842268518712 0.014411340440957298 -1.1396954526792802 -0.9871300144769378 0.10001438984387656 -0.1247856415735336 19.647422452776702
-0.12955277104783158 -0.001909934661691136 0.9915706891913548 45.23218441448674 0.09480416729152046 0.9953931734427497 0.014303850101735514 -1.0386035741017958 -0.9870300144261016 0.09585813691679806 -0.12877487413642028 19.444222730721474
-0.13414747873200933 -0.003142216558976183 0.990956396833354 46.61302827133806 0.09538232106974866 0.9953110213287532 0.016068094126589685 -1.0406827665434095 -0.9863603128559022 0.09667521552399083 -0.13321875215673454 19.35044912210322
-0.13425327774745707 -0.0020006414524155465 0.9909450311938828 47.98774037728737 0.09504482219530162 0.9953616839003026 0.014886235152547422 -0.977156291211461 -0.9863784969208972 0.09618272015768908 -0.13344041799672257 19.06751334780877
-0.13902831802763926 -0.002669227593579805 0.9902848085326068 49.41048243870739 0.09453954443260174 0.995393235274696 0.015955616811930036 -0.9774064772140582 -0.9857653885813208 0.095839357225655 -0.1381354997156473 18.995291138723815
-0.13962897092968293 -0.0011916593527441237 0.990203176335598 50.84443916373513 0.09662757553388567 0.9952102214927451 0.01482318059000086 -0.9588116489691296 -0.9854779866255572 0.09775067766694812 -0.13884503193161593 18.793334055167158
-0.1374022742486872 0.0005390605481868994 0.9905151813299059 52.26168362581379 0.10022412310629676 0.9948751663676455 0.013361455479214794 -0.9234328763225074 -0.9854317531817529 0.101109409842381 -0.1367521373231988 18.428001979116416
-0.13934309106123013 0.0013675082014840468 0.9902432190602584 53.742190718713914 0.09903031957075455 0.9950051333322258 0.012561068753617871 -0.9182473047271422 -0.9852799088478446 0.09981440058347177 -0.13878251567451239 18.290102763640775
-0.14276054141660446 -0.00013965283832368964 0.9897572471629217 55.25164880959461 0.09881965041822119 0.9950012519211116 0.014393935064489738 -0.9390633064608995 -0.9848117101789862 0.09986235112646283 -0.14203311698979412 18.23455461129575
-0.13856449801395385 -0.0007264235117337627 0.9903531451957047 56.765183973429416 0.09791279032859777 0.9950903883829649 0.014429290970369399 -0.8955214563635833 -0.9855013776653029 0.09896762731682086 -0.13781307399180182 18.014101690344873
-0.13778455817590413 0.00019788067035604552 0.9904622034038014 58.30499077234725 0.09906296022318221 0.9949884718927736 0.013581999569396215 -0.876947556237935 -0.9854957866171179 0.09998950766817072 -0.1371136496348403 17.821661743503363
-0.13687108063461068 0.0009661110071432762 0.990588397830016 59.860651782473155 0.09888796875534099 0.9950176157565294 0.012693067778670802 -0.8597625804099862 -0.9856406428924072 0.0996945884374529 -0.13628467307415862 17.617744249556143
-0.13659770085874837 0.0016357854575927509 0.9906252532244688 61.445894126680734 0.09959267108037448 0.9949548398205368 0.01208993733506907 -0.8389612933277794 -0.9856076136004537 0.10031047265179394 -0.13607145582080576 17.41521074042293
-0.13840041163354858 0.0013933047451350682 0.9903753756841664 63.055799747119984 0.09882849281132176 0.9950270833527107 0.012410979141061273 -0.8278597724429279 -0.9854330292152318 0.09959499031821095 -0.13784985613053302 17.286647613468194
-0.1366816099035069 -6.143316529584977e-05 0.9906150280205495 64.66997451552388 0.10054035139425904 0.9948354055366924 0.013933902259007334 -0.8034777878595094 -0.9854997591352854 0.10150129120661902 -0.1359695283057372 17.027952634814604
-0.13634398093267303 -0.0020304848919309158 0.9906594752963992 66.30720290044648 0.1023040299293026 0.9946225787749976 0.016118661582088967 -0.7923564795133979 -0.9853650107060106 0.10354613909787856 -0.13540307512854932 16.81913957087081
-0.13650743276368243 -0.0026678084750368083 0.9906354544423553 67.95916998941867 0.11086511289756124 0.9936732953290095 0.017952963326362884 -0.9507299695899929 -0.9844158915531996 0.11227762443126091 -0.13534802366341758 16.78919222371916
-0.136965463172445 -0.0008662313756575358 0.9905754446487981 69.62739194479727 0.1133396637344195 0.9934186166737287 0.016540032364650414 -0.9450444439267764 -0.9840704154289607 0.11453690099377942 -0.13596586258401377 16.616122502890345
-0.1378796871977786 -0.001017736968631488 0.9904484620966949 71.30762977616645 0.11108153968576517 0.9936745685350967 0.016484640961474034 -0.901691217505315 -0.984200225258704 0.1122934372884348 -0.1368944868965362 16.433987249702213
-0.13761005263136863 -0.0010477056654859367 0.9904859290911877 72.99461779410382 0.11093942070081624 0.9936907858217575 0.016464115752297833 -0.8690243151059593 -0.9842539907713661 0.11214956302088872 -0.1366256094766443 16.18876358647984
-0.13266413479189526 -0.002578195908810016 0.9911576969613748 74.71166060201271 0.11681433360811552 0.9929866594289638 0.018218278178753718 -0.9704751110970595 -0.9842533407632462 0.11819833798307988 -0.1314325457960392 16.04646728010534
-0.14078774186966922 -0.005203153901484992 0.9900261304272325 76.4130858879236 0.12673855692539765 0.9916639976822741 0.023234756062371194 -1.2309693764025487 -0.9818941643210374 0.12874565192769677 -0.13895469471020144 16.289416833873968
-0.1457096741522649 -0.0059828703067784225 0.9893093025547348 78.16751909347217 0.1301671093648008 0.9911726444027034 0.025165703394968254 -1.2849377382129041 -0.980726880684961 0.13244241862275027 -0.14364467011101897 16.306508784188058
-0.14543234264803495 -0.004903575382516134 0.9893560474674299 79.91667225538643 0.1298722834211409 0.991240137495535 0.02400374589124136 -1.2389534930022057 -0.980807128701094 0.13198084999840107 -0.14352153679088106 16.02963973723894
-0.14778254970387655 -0.004333806970685336 0.989010382210503 81.69075364115734 0.12998119565499303 0.9912315920070177 0.023765937459546384 -1.2314528052203542 -0.9804413326554121 0.13206494282879733 -0.14592341860204236 15.865460381135128
-0.14940485891907024 -0.0033436498032676327 0.9887704527024304 83.47048341906697 0.12869789464418763 0.9914217335770155 0.022799081238029904 -1.184135670904318 -0.9803647484714693 0.13065896906503527 -0.14769290354426626 15.626614476991673
-0.13384718917866864 0.007647114007165412 0.9909724777188993 85.25656497751278 0.14759939688650578 0.9889706911475558 0.012304068020982628 -1.1361700772791559 -0.9799486455869565 0.14791380496250742 -0.1334996566055658 15.332577462145128
-0.1352194209041444 0.006626301173758689 0.9907935205395249 87.0738753041402 0.1461288489251059 0.9891757857307631 0.013327581766794444 -1.124442203458878 -0.9799806466059279 0.1465856645674525 -0.13472407068206846 15.100951214047852
-0.13652249075305123 0.006417748375826038 0.9906161830014544 88.90191120582911 0.14512342288768462 0.989320210314864 0.013590937860032173 -1.0945226751319497 -0.9799493872889286 0.14561707993342546 -0.1359958248760497 14.866249491958913
-0.13695128836398227 0.005548029188029906 0.9905622463972558 90.74417824623428 0.14212580296981805 0.9897480834274192 0.014106292281632498 -1.0654281817804838 -0.9803288227659284 0.14271632956280506 -0.13633579328441622 14.609399297198506
-0.13499478261620323 0.007178307452346971 0.990820306901573 92.56921961220534 0.14061342416550687 0.9899920249553275 0.011985635957319375 -0.9948436295969315 -0.9808181654164325 0.14094063440672366 -0.13465312459120682 14.200035129012516
-0.1365918076342964 0.009046686370315518 0.9905861070865654 94.43297073249362 0.13802435171120325 0.9903784785272189 0.009987372267653487 -0.9292940768039188 -0.9809648089620233 0.13808919847630302 -0.1365262496455347 13.888646436274104
-0.14723643967989528 0.008964396006960602 0.989060701086957 96.33203741355138 0.1405635621045394 0.9899995115337654 0.011952078120097841 -1.0161696149987784 -0.9790624677919552 0.1407856767115748 -0.1470240707979214 13.9889034495288
-0.15157824130966557 0.007495999708197855 0.9884168385604564 98.22681348356319 0.13899997042544593 0.9901961325130497 0.013806787386062409 -1.023947645571444 -0.9786230351791211 0.1394827198780319 -0.15113413205570958 13.71066377079613
-0.15532851336638023 0.0074921459035481265 0.9878344601628118 100.11707812800213 0.13553383416888645 0.9906766372514293 0.013797833151647754 -0.9552671742559239 -0.9785211457760493 0.13602818882114073 -0.15489576855153014 13.350684478267752
-0.15834315326506254 0.008611948649377076 0.9873465856296568 102.01274177536479 0.13393171940689097 0.9909074290982249 0.01283594541357155 -0.9266500716802959 -0.9782585242924245 0.1342695099358261 -0.1580568200072445 12.984067598091796
-0.16298620656247098 0.010382625540849937 0.9865737162307021 103.92985948026438 0.13333803168493158 0.9910027435147671 0.01159877806463772 -0.9012256034970414 -0.9775768336948075 0.13343823827180523 -0.16290417671181218 12.65617680169554
-0.16255316555007945 0.011974854430851967 0.9866271186375388 105.80535365513263 0.13223950753074695 0.9911697671676793 0.00975732036952933 -0.8698459736795957 -0.9777981289702264 0.13205716759846114 -0.16270133210333 12.110075129016733
-0.16700859988021935 0.012892888440162077 0.9858711381279615 107.7412040382209 0.12971588746409 0.991510289119425 0.009007502967954373 -0.8332630866282108 -0.9773852444688603 0.12938748006659584 -0.167263157618658 11.757734380495911
-0.17227828674804913 0.013209296294412606 0.9849597486225349 109.69512490295728 0.12744652033174128 0.9918046966822235 0.008990444617124019 -0.8174749652310584 -0.9767689472800052 0.1270785510245099 -0.17254989278183602 11.442111924663207
-0.1774964574624361 0.013670530019620174 0.9840264855161531 111.65399829637293 0.12482423314970119 0.9921404429227468 0.008732258335887502 -0.7767737975972723 -0.9761730985879892 0.12438029637381613 -0.1778078273504491 11.094509882089962
-0.1508447171685494 0.008902431516093042 0.9885173837699798 113.35790720971714 0.1241427399424784 0.9922138975398394 0.010008079155125763 -0.766724994511644 -0.9807315898970095 0.12422692237153103 -0.15077539698565942 10.044991451692148
-0.15637487187270394 0.008592945329826338 0.987660397473422 115.34875885251472 0.12370196541642135 0.9922589703534315 0.010952602670705807 -0.7557733792630289 -0.9799207739398688 0.12388824417073037 -0.15622733357957455 9.774668272007535
-0.1624419278977346 0.010199950721312552 0.9866653845484566 117.34704118008732 0.12426982759999032 0.9921960101374065 0.010202324033272824 -0.7504947096566058 -0.9788613946872852 0.12427002242171696 -0.16244177885682662 9.506569831011499
-0.1661280285228658 0.010955550430705282 0.9860433327465229 119.34224647458981 0.12401584294978928 0.992231151180604 0.009869818856810599 -0.7525278158448454 -0.9782747818668128 0.1239246486441392 -0.16619606680625038 9.153794303496412
-0.17976190519373716 0.010874890405519285 0.9836500364457827 121.35057785006711 0.12313686966384575 0.9923226861196917 0.011532473350880559 -0.7450709557702275 -0.975972831983815 0.12319668571381164 -0.17972091658631584 8.786706465575001
-0.18552095682366565 0.010898328380609699 0.9825798700450482 123.37084749636826 0.12164217014014861 0.9925019735599909 0.011958884693728597 -0.7272072358138396 -0.9750821283475704 0.12174177145922917 -0.18545561209934355 8.440855704050273
-0.18552728528873086 0.010042819403597433 0.9825877915951452 125.36917981855524 0.12125748149499685 0.9925391896036626 0.01275069732974554 -0.7748833616150563 -0.9751288374337441 0.12151172321768397 -0.1853608683778339 7.966156716382339
-0.2162543631069925 0.008220710444371353 0.9763024481977819 127.35983859345374 0.12120680103002575 0.9924550337892448 0.018491005663735537 -0.951111156915349 -0.968784270011264 0.12233325723685438 -0.21561913725957835 8.5017740819266
-0.2400159649525782 0.0070574858165004 0.9707432865911751 129.39930413631762 0.11887316898113073 0.9926618057389283 0.022174515181023705 -0.9152385386361465 -0.9634632874501587 0.12071756840277988 -0.23909362688004446 8.121973343394474
-0.2513297652274776 0.007188112279204622 0.9678748266963896 131.47262052656976 0.1206136030638298 0.9924105877510545 0.023949615353223645 -0.9005366225545239 -0.96035707310701 0.12275812136664538 -0.2502893041499578 7.865128544065068
-0.25589986274225646 0.008652067446777085 0.9666645757331725 133.55131139998753 0.12366699496917156 0.9920369170827437 0.023858530974483275 -0.8989798025390202 -0.9587605199442613 0.12564989802567264 -0.2549320860981389 7.612353051488013
-0.2517672477172795 0.008998817360476393 0.9677459761027078 135.5324863609394 0.1254358151253821 0.9918254921544641 0.02341045485217694 -0.8752653892103804 -0.9596244626210286 0.12728399113269379 -0.25083794836634143 6.898931883908711
-0.2539980280346515 0.009012658000638323 0.9671627441905917 137.5715256908731 0.1250104171776549 0.9918750045049525 0.023587518635264138 -0.8433170297995577 -0.9590919650125207 0.12689660134953895 -0.25306097133765837 6.34251517660582
-0.15364699442129875 0.016238400997199396 0.9879923660830379 137.38189543530999 0.1216212017349233 0.9925731824384068 0.0026001524274534196 -0.39243178718081484 -0.9806125047101202 0.1205603244734647 -0.1544808200683778 4.27014366893809
-0.15182271118637727 0.015116556364457882 0.9882921400535886 139.41635468515094 0.12013284344404758 0.9927524393481086 0.0032701826290655153 -0.46564319754221684 -0.9810799989267271 0.11922283293085972 -0.1525383617778642 3.651550102306095
-0.15646910115702758 0.014553750418296353 0.9875756217788477 141.53258783634266 0.1187951537781666 0.9929099463549298 0.004189256291011873 -0.47532871234530033 -0.9805126882513734 0.11797468702315766 -0.15708864185501914 3.317443422693076
-0.16333735521286782 0.015020163853108993 0.9864559306273621 143.673968434169 0.11872465419191988 0.9929168373648045 0.004539885954856895 -0.49198965446245746 -0.9794005130073579 0.11785817220413636 -0.16396367392085892 3.1005793029035065
-0.16679221559338536 0.01577830384448089 0.9858658133565869 145.78188461624617 0.11766699630403432 0.9930449964154071 0.00401410950402183 -0.46642939234746705 -0.9789457772513436 0.11667339123431347 -0.1674887607562038 2.6535110696522053
-0.16076764487108097 0.021358620299735794 0.986761153320043 147.91338614567104 0.1278815908050847 0.9917892411210877 -0.0006323998875189091 -0.4338939273745981 -0.9786726026081286 0.12608691659069396 -0.16217899484484605 2.2709416705142638
-0.15126739227119915 0.02760475545762722 0.9881073593044429 150.06706224996384 0.1416776181236041 0.9898948756089394 -0.005965548255141038 -0.4311464405666036 -0.9782870890277018 0.13909030418863444 -0.15364979245810867 1.9128070126741852
-0.1558229271768299 0.0275622283523711 0.9874003944369779 152.22119815912706 0.14172118763636365 0.9898926042638883 -0.005266592693164555 -0.450451124790412 -0.9775655069308572 0.13911490068252533 -0.1581541149230972 1.5740200872639907
-0.15638274903269425 0.02622180278161622 0.9873483948758224 154.38802496030166 0.14621760483513999 0.9892475520318617 -0.003113331855740019 -0.6765245760070219 -0.9768136198074088 0.14388084604231097 -0.15853534085779322 1.3144112723231323
-0.15901925777991727 0.027841896482358672 0.9868828220489975 156.55588470975363 0.1466504470012613 0.9891791335104537 -0.00427647306061228 -0.6827229276436815 -0.9763229599110405 0.1440467654193372 -0.16138155818671487 0.9361648533280706
-0.1546013822377521 0.027751183817373116 0.9875871021874042 158.67906835193534 0.1485616667368095 0.9888927636583508 -0.004531353057351579 -0.7912278933829671 -0.9767434892470788 0.14601703250266262 -0.15700695026832037 0.3481992113549034
-0.1529966285344083 0.029453865053420326 0.9877876803698874 160.82118882094926 0.14921304302451008 0.9887845377899703 -0.006372253827368676 -0.7521261427011657 -0.976896872473482 0.14641587229836 -0.1556756014622729 -0.24296000706303178
-0.1565553609172586 0.030258295410400614 0.987205578654683 163.02220465708484 0.14871312692656546 0.9888575102181666 -0.006725352396103387 -0.7765230844617683 -0.9764091482814931 0.14575753854941953 -0.15931075013389534 -0.5872102153161244
-0.16128831178101738 0.030371728265277065 0.9864398808873317 165.23398207427752 0.14820223763316365 0.9889375353069294 -0.006216753298879578 -0.7918275307553968 -0.9757162380750631 0.1451899079937585 -0.16400522361623548 -0.9178209933022963
-0.15690236053195258 0.030035481857838064 0.9871572919697612 167.45828506260298 0.1489010853560423 0.9888312577687703 -0.0064195357483499485 -0.7988309298796427 -0.9763248004835761 0.1459815518789935 -0.15962227435952364 -1.2253501141144816
-0.15750015970169862 0.030185966542816696 0.987057499397993 169.66246159333454 0.15191468800965596 0.9883754832608942 -0.005985954871426028 -0.8430497412371231 -0.9757641248072554 0.1490057432204204 -0.1602549881484564 -1.7010736074709774
-0.16144050774562016 0.03005358035357792 0.9864247283836568 171.9011709475791 0.1542648786949167 0.9880176002488235 -0.004854770828637121 -0.8862994938965562 -0.9747508962089133 0.15138693439820702 -0.164142274973372 -2.028006258691361
-0.14773388966962153 0.03796576360837785 0.988298183058494 174.14702303526263 0.172124692340325 0.9850007379570352 -0.012109356334841115 -0.8961759024271454 -0.9739341805942706 0.1683215583867037 -0.1520528357263982 -2.3587377612548606
-0.1503248248409148 0.03764612664971505 0.9879196405501945 176.4106243174043 0.17373500094066222 0.9847300105684081 -0.01108854066550537 -0.9875802034033231 -0.973251558685984 0.169969336747003 -0.1545698162031889 -2.623910239888166
-0.13012785954499959 0.055822078806369343 0.9899245606044816 178.67686394804585 0.20341369080912544 0.9786794868229449 -0.02844876910142617 -1.0654360741437434 -0.9704069303965464 0.19766223106530056 -0.13870844187951015 -2.921977964703444
