1.0 0.0 0.0 0.0 0.0 1.0 0.0 0.0 0.0 0.0 1.0 0.0
0.9999958294919967 0.0028870692994139423 -7.63509905439899e-05 0.0074451902270133204 -0.002886941985827905 0.9999945236552858 0.001618093139541497 -0.015372319522990318 8.102211944644202e-05 -0.0016178659703908458 0.9999986879716983 0.7395713184965862
0.9999839550086064 0.005657910842879844 0.0002788731601465201 -0.0012728060900061289 -0.0056584172750729295 0.9999822798382944 0.0018499522556645448 -0.02729362419361868 -0.0002684013535428567 -0.001851500553903454 0.9999982499516747 1.5095341340483333
0.9999743581636944 0.007135141377335366 0.0006105510892644755 -0.00010288928181441653 -0.007136118245807788 0.9999732365940214 0.0016130443450493564 -0.04537450690975105 -0.000599025449387928 -0.0016173599483984068 0.9999985126565479 2.245300636880503
0.9999568461433443 0.009249971959157884 0.0008624788753099169 -0.005242607020655588 -0.00925086950989544 0.9999566663148427 0.0010425477528998317 -0.052458404810281516 -0.0008527979634414407 -0.0010504814424740832 0.9999990846117672 2.8204745792085917
0.9999559606307473 0.00930252395145042 0.0012409057868552579 -0.009602680655939297 -0.009303599704132047 0.999956347339629 0.0008639720669315583 -0.06676393626934125 -0.0012328144971703468 -0.0008754789088581286 0.9999988568518944 3.41450249616706
0.9999543573247602 0.009460613575438898 0.0013341881433696534 -0.0056822262194846105 -0.009462987360614525 0.9999536330815559 0.0017842525633662834 -0.07795717913750713 -0.0013172461571537874 -0.001796796530843385 0.9999975181893143 3.959571427905295
0.9999441164859992 0.01030233955816708 0.0023718567963921873 -0.014588565180971243 -0.010313204255911618 0.9999361680333212 0.004614940607783384 -0.0887719952595822 -0.002324160710926005 -0.004639144152292286 0.999986538218652 4.4821787458059665
0.9999442889492564 0.00987160713061808 0.0037376958711277373 -0.017702302263817308 -0.009903959963255299 0.9999127705635211 0.00873858346811313 -0.09933414824073081 -0.0036511059711478227 -0.008775114622708585 0.9999548323742153 4.964930623799506
0.9999456000471677 0.009149244668841618 0.005008819052400122 -0.01595903137028123 -0.009210128187419581 0.9998823006029763 0.012270227368318978 -0.10671358672540508 -0.004895966205082765 -0.012315691734069094 0.9999121727692035 5.450438382155338
0.9999464186779345 0.008236074325573807 0.006271112570885434 -0.0188083337308599 -0.008326892634502779 0.9998587952987098 0.014596311961103066 -0.1162461094814581 -0.006150010750117183 -0.014647748752487548 0.9998738024492175 5.962365415766474
0.9999343966832166 0.008742223729532114 0.0074010711410326556 -0.01679140175139894 -0.008849101221789831 0.9998552266100074 0.014533383233683665 -0.12515684188953158 -0.0072729455750980805 -0.014597922623216082 0.9998669936135244 6.448212645356097
0.999919860332944 0.009531152589547391 0.008332469145506673 -0.014239668248568035 -0.009631616781676443 0.9998803900860186 0.0121011354674701 -0.1355668668779272 -0.008216134730941653 -0.012180420836157363 0.9998920604136912 6.899906812623915
0.9999122019288001 0.009539539529104251 0.009197044061624457 -0.011158419450799935 -0.009625985871142094 0.9999094732538335 0.009401366562890026 -0.1418978938594854 -0.009106526775196886 -0.009489071757232593 0.9999135106034313 7.310972570372018
0.9999118893864909 0.007922599437350438 0.010651097675538125 -0.0037945506324713807 -0.00800367504126354 0.999939157139726 0.007590994962995857 -0.14185383643186086 -0.010590309219867693 -0.00767557404040025 0.9999144617984969 7.6881587854100975
0.9999125222128624 0.004130746981577114 0.012565223885255132 0.0017347769472705944 -0.004194540977809337 0.9999784265802752 0.005054918399210478 -0.14564206119228387 -0.012544072221486598 -0.005107181552616748 0.9999082772678154 8.047297452588506
0.9998927878444565 0.002321712085145545 0.014457609402492454 0.007576418058403093 -0.0023783926838354596 0.9999895489730743 0.003904509299390816 -0.15223215195822595 -0.014448393159200297 -0.00393847656096109 0.9998878598810447 8.38898911044932
0.9998434785673024 0.006495567854349429 0.01645679083802458 0.009593618002601636 -0.0065293887728920695 0.9999766787904658 0.002002238108297189 -0.16155589933800316 -0.016443401372264122 -0.0021093775004554696 0.9998625730958585 8.70659670422968
0.9997568702216573 0.010799199005569953 0.01922440494359179 0.012911623694570832 -0.01082927193875078 0.9999402945490673 0.0014608923305253858 -0.1720464974204931 -0.0192074806748226 -0.0016687234530916176 0.999814126749649 9.00689754528483
0.9996763872865662 0.011325747443973183 0.02277823844188819 0.01663558461092356 -0.011381633734542911 0.9999325233144869 0.002325345448775508 -0.17556792900537763 -0.022750365166583412 -0.0025838465044887406 0.9997378379465428 9.290816898029405
0.9996405486773404 0.007109261660598142 0.025850180632013563 0.027476066165564743 -0.007185547572031452 0.999970095460489 0.0028593864430915368 -0.18008691819235875 -0.025829079467852706 -0.003044106335529483 0.9996617388249192 9.5394634534838
0.9995962278466147 0.0022739852178351137 0.02832331664986451 0.042452998425325544 -0.002353320367265494 0.9999933999089204 0.002768035738071752 -0.184606785392646 -0.028316835241044058 -0.00283357192026177 0.9995949818361954 9.765673814849414
0.9995297464932151 -0.0013450301237987938 0.030634568206126644 0.05213301968374836 0.0012247833843808493 0.9999914738298454 0.003943624383109676 -0.188408855538463 -0.030639611304177663 -0.0039042491697875263 0.9995228717030684 9.968073511210301
0.9994344798201548 -0.0016636514660956204 0.03358500871544414 0.05608253371274076 0.0014922344417875291 0.9999857362999812 0.005128394773744425 -0.194222818206997 -0.03359306153043868 -0.005075377856276734 0.9994227067445625 10.146144591095647
0.9993564244058821 -0.0008613049976270929 0.03586077456486464 0.05999441943998471 0.0007072085932357886 0.9999904638281736 0.004309536949621674 -0.1987036130485093 -0.03586414441606866 -0.004281402388886597 0.9993475034935982 10.29746723302803
0.9992769591550619 0.00012038499114915512 0.03802031574391816 0.0651302410670446 -0.00022479292202558763 0.9999962158670721 0.002741846034816317 -0.20163650849068745 -0.03801984179287874 -0.0027484102660150587 0.9992732048199099 10.439836446937747
0.9991777779331092 0.0022820302585374484 0.0404791356448485 0.06877627883455723 -0.002367098914743085 0.9999950894872852 0.0020537390400664868 -0.2065052818953209 -0.040474250176905605 -0.002147868528562763 0.999178273249274 10.574174484725805
0.9990901500311105 0.005150847180690359 0.042336047100962164 0.07092080351062131 -0.00520737761696001 0.9999856910626624 0.0012251074582536022 -0.21025677366263182 -0.04232913097581964 -0.0014444525783349543 0.9991026765190755 10.692561675777206
0.9990402779322038 0.006479586817877092 0.043319026118036875 0.07601774191504418 -0.006487866316757321 0.9999789522966943 5.0539705532649934e-05 -0.2155816611980855 -0.04331778687561785 -0.00033153925188790837 0.999061289121905 10.795700523358022
0.9989446818969251 0.005652584103833373 0.045580377387654754 0.08085373615688833 -0.005571894822043665 0.9999826773102066 -0.0018971208721566192 -0.21778776252069715 -0.04559031144820154 0.0016411497374034358 0.9989588730921783 10.913874235832353
0.9988597090306862 0.0043342981218623495 0.0475446688380994 0.08607416407267769 -0.004185943920781366 0.9999860564594373 -0.0032194347633695717 -0.2205628377723809 -0.047557959887129186 0.003016744353494172 0.9988639245186901 11.017578370181704
0.998797793028491 0.003538476407199755 0.04889220619006989 0.09201003045743963 -0.003339953564781559 0.9999858461588487 -0.004141520512659124 -0.2233597365161359 -0.04890616885017385 0.0039732438494715795 0.9987954745500754 11.118068451435578
0.9987216670420589 0.0042564083005176105 0.05036779495978619 0.09640126206675388 -0.003980578377451723 0.9999765349073072 -0.005575359231158344 -0.2254016064294758 -0.05039034408011853 0.005367739110163911 0.998715174912413 11.205473659715828
0.9986859710975347 0.004932438906935451 0.051009824342027395 0.10405519483893777 -0.004542239730041795 0.9999595543150718 -0.007762589274095284 -0.22848637144150175 -0.051046049712097835 0.007520690156682311 0.9986679828793734 11.3200332140838
0.9986298445344914 0.005151065700208056 0.052075907358111455 0.10977625315191669 -0.0046310680829407735 0.9999382584095818 -0.010101117622517156 -0.23096171232188328 -0.052124723629287724 0.009846110448542552 0.9985920424756071 11.42242368755084
0.9985709749110587 0.00398758297065612 0.05329265659761133 0.1143188859995432 -0.003328734424412777 0.9999170062528309 -0.012445888216934374 -0.23418635828330012 -0.053337862652252106 0.012250705629833315 0.9985013733687399 11.509763066281876
0.9986121010713684 0.0032496784690696696 0.052567206352209975 0.11946625500505062 -0.002517635260388652 0.9998990204071471 -0.013986082422314663 -0.2377878992210202 -0.05260734840802944 0.013834326101252514 0.9985194431330816 11.596327725775897
0.9987208671063701 0.001942939119251775 0.05052578147718698 0.1248508936874855 -0.001164436445947261 0.9998802276397587 -0.015432901957448753 -0.24066779701901983 -0.05054971507402302 0.015354327163498781 0.9986035103800158 11.693150136146492
0.9989048852589363 0.002952367570446042 0.046693829694741666 0.1284338766013887 -0.002205240454312411 0.9998688551934745 -0.016043981071727286 -0.24314636169109555 -0.046735073770897334 0.01592343994934067 0.9987803947514226 11.76049178548477
0.9990792818513075 0.003750355989985828 0.04273784511911313 0.12771815125664002 -0.0030344881322043765 0.9998542184401454 -0.016802789923757097 -0.2488869252545526 -0.042794631173225794 0.01665763180631571 0.9989450149259226 11.88781102815837
0.9993353384953559 0.0037770809647005277 0.036257618423714555 0.13188339230818225 -0.0031250393988408952 0.9998326810350053 -0.018023430947229406 -0.2518487040534829 -0.03631962779447602 0.01789814498041495 0.9991799342676622 11.984720962795802
0.9995696655251134 0.003119082140435484 0.029167706262498427 0.13261346956445977 -0.002570530343919464 0.9998194812800619 -0.018825440940906126 -0.25544649785255025 -0.02922115904212492 0.018742363230654056 0.9993972421838896 12.103971835609245
0.999746067366437 0.003609091062378623 0.022243543940844032 0.1277898539404138 -0.0031740235283610383 0.9998035755591834 -0.019563636515595145 -0.2566497284941147 -0.02230978171085967 0.01948806713803033 0.9995611481441424 12.206213361307828
0.9999041767852683 0.003490596081511137 0.013396006359049441 0.12716498612606542 -0.003214529199932574 0.9997831520282439 -0.020574637845977243 -0.2589318854827562 -0.013464919212484478 0.020529604464433287 0.9996985702156096 12.33720670127868
0.999992635392236 0.0022174313747875037 0.003132436653729213 0.12358550670935806 -0.0021494530205062234 0.9997656637814388 -0.02154059830581541 -0.26268665329679186 -0.0031794674088838726 0.021533706642331014 0.9997630671640341 12.434085564834293
0.9999492443895119 0.0006881995088268188 -0.01005161809267383 0.11470432685757691 -0.0009221396282822071 0.9997283767200532 -0.02328781739867787 -0.2650951285083252 0.010032861174703324 0.023295904406660503 0.9996782695120084 12.573579907553897
0.9996531944863555 -8.55695798628284e-05 -0.02633407357535987 0.0976852733721389 -0.0005721687840069751 0.999688083272761 -0.024968155424791187 -0.2704620559539343 0.026327996051885023 0.024974563865679922 0.9993413369733137 12.733098977837983
0.9989836342752602 0.00017566675203013374 -0.04507402346569923 0.0663396831859431 -0.0013491815123132845 0.9996608717066684 -0.026006177879714286 -0.27433054689092184 0.045054169168246845 0.026040559131031375 0.9986450876666352 12.914046765675492
0.9977581081479782 0.0009435680107891396 -0.06691686860857593 0.03279903234756477 -0.0026674039700150696 0.9996667535327441 -0.025676192033969637 -0.2789330752056196 0.06687034156507012 0.02579712310924525 0.9974281256603186 13.106468593730716
0.9959359581520252 0.0014516593958546458 -0.09005253991313655 -0.006835930265044726 -0.0036514555426905354 0.9996988205334567 -0.024267985009804458 -0.2839455697844401 0.08999018908874663 0.024498181749157796 0.9956413033611833 13.279969626780943
0.9932012775867086 0.0025016888938971253 -0.11638283272377023 -0.05727816620638371 -0.005194242537771676 0.9997256901743427 -0.022837781194634893 -0.2902524103054801 0.11629377474564026 0.023287034120157285 0.9929418270962785 13.486420355559451
0.989517014212111 0.003683361564323836 -0.14436935766407066 -0.12330639808892982 -0.006680253086472799 0.9997720371499828 -0.020279249287762327 -0.30049501993086714 0.14426175100646235 0.021031086052817196 0.9893160468808677 13.68065483262124
0.9838512469383993 0.003958966066604363 -0.17894426642237315 -0.16364268370520627 -0.0070466407000617775 0.9998370031234178 -0.016622636374169584 -0.3042010828112169 0.17884929061252094 0.017615157474944968 0.9837187796695405 13.845596384755
0.9765053518566872 0.0048582439264791165 -0.2154383792670176 -0.2659022137499889 -0.0076780777062085016 0.9998954397637129 -0.012253842763391271 -0.3151088431327338 0.21535632082199455 0.013620095656173736 0.976440550200743 14.133274459927687
0.9668293983890727 0.006543967842524507 -0.25533916835358567 -0.36899766709248577 -0.00864713677679848 0.9999372996467298 -0.007115040461615802 -0.31767062318998884 0.2552765979015468 0.009086983002245391 0.9668253644292376 14.402600219800265
0.9548339467867616 0.010300265621288593 -0.2969613419146468 -0.47928930404066517 -0.011581875235234478 0.9999296593766379 -0.002556651121562459 -0.31741680672424755 0.29691411928308864 0.005880546492701578 0.9548860795630514 14.654193927940229
0.9407699733634605 0.01383677730642669 -0.3387630452270245 -0.6247281184568534 -0.013963865377455548 0.9999003738349781 0.002062248382787491 -0.3249238146285669 0.3387578304356001 0.0027903402022632856 0.94086946295441 14.936285653429797
0.9240491267947555 0.01624588947910847 -0.38192837331741036 -0.7464235671041348 -0.01451918226936837 0.9998671880063472 0.007402681575596563 -0.3255810908357891 0.3819979117954432 -0.0012951537798307142 0.9241622790184668 15.162299413467649
0.9048708056462668 0.01940138730983656 -0.4252439432367385 -0.9652236408858099 -0.014339049972230582 0.9997831314927182 0.015102371618687115 -0.3293098531721547 0.42544472817860873 -0.007568101021310669 0.9049527651275286 15.519078225632622
0.8829045155131088 0.023718033722442206 -0.4689531654258283 -1.1625598778038322 -0.015289746136666888 0.9996460297199368 0.021772435055469323 -0.3339995253041092 0.46930356929139067 -0.012052806374842412 0.8829546362689594 15.820334631440202
0.85822877394573 0.02868467254809359 -0.5124651804097701 -1.372802386851579 -0.017738530145860267 0.9994983043392641 0.026238981901001733 -0.3339222815864214 0.5129607354563052 -0.013428670215078407 0.8583070282226403 16.089590272579393
0.8304730731138046 0.03163767631033749 -0.5561596284077049 -1.6336196859771173 -0.018376954708400974 0.9993984663504656 0.029410763199614807 -0.3305050266313842 0.5567555678828537 -0.014204326595116907 0.8305549197599273 16.39580080120432
0.79987642490219 0.03507893556207174 -0.5991386927628058 -1.8793011084880276 -0.02077013197575895 0.9993103733899198 0.03077952652348365 -0.3224059116268692 0.5998052238046953 -0.012175627915318983 0.8000534029559939 16.653193494747153
0.7664736308786995 0.037443523186721415 -0.6411834025760409 -2.115538220147468 -0.02082541472137375 0.9992231518304062 0.033457360143817005 -0.31585599345874626 0.6419380618636862 -0.012291274037940033 0.7666579741405012 16.877545936766467
0.7299275943691309 0.04135218978332276 -0.6822724553861297 -2.3723505547598536 -0.02175772221295267 0.9990681325949669 0.0372755678335151 -0.306651474707594 0.683178094278935 -0.0123637709996204 0.7301471280941059 17.099647855261626
0.6914460018433054 0.0426330300984587 -0.7211690864696935 -2.745969944222332 -0.019569802510262458 0.998996205154137 0.04029398115530489 -0.2937851887445563 0.7221630351690792 -0.013747975569466681 0.6915862518899024 17.394373789915797
0.6509164320919198 0.04251223010281287 -0.7579581180542967 -3.100322395312299 -0.016656941320702008 0.9989902082120687 0.041726612638070516 -0.28353132479513077 0.7589666295289691 -0.014535273925674238 0.6509672657463976 17.651836304935294
0.6100152475354317 0.04127159064732655 -0.791314130784814 -3.517351709362031 -0.011678510921888555 0.9990024648717158 0.04310089979205649 -0.2642414600028819 0.7923036098345966 -0.017050835336635893 0.6098887266193638 17.899612042461474
0.5662638986807451 0.041410812981653625 -0.8231830547448614 -4.016107877547221 -0.007211128195952019 0.9989477509136871 0.045292279415250505 -0.24530691192718712 0.8241924512400144 -0.019711304185316747 0.5659666666918548 18.181974982555815
0.5196731802916749 0.04284736485202688 -0.8532900380355872 -4.447960537096737 -0.0053156351829985755 0.9988844623133307 0.046920943848252156 -0.2265619955834294 0.8543485996407654 -0.019847777564424053 0.5193212262344137 18.404833954901388
0.4702580719361753 0.04242719591203522 -0.8815085245338885 -4.926836240760153 -0.004108360832949508 0.998938169095483 0.04588742415337561 -0.20350602216063876 0.8825193862743959 -0.017957376512377676 0.4699330436122311 18.616284537367957
0.41825290839325296 0.04147101508970335 -0.9073834137386549 -5.458304560375338 0.0009314151190636217 0.9989371010473787 0.046084711314454484 -0.18439621126184333 0.9083301366168911 -0.0201202151700777 0.4177697210845328 18.822425248982086
0.36484263189235333 0.04059872441474053 -0.9301836364555963 -6.002397013263 0.006122162994568968 0.9989226710807644 0.04600017740335674 -0.1640867315060971 0.9310490712492695 -0.02247756162861779 0.3642010243658065 19.003552284849164
0.3112898349957009 0.03953584370747831 -0.9494922620488739 -6.540882188641798 0.008346860170987092 0.9989819371440994 0.04433304845270559 -0.13724903490518287 0.9502783637196175 -0.02172570648245523 0.3106429222181035 19.142159207059574
0.2581772494000774 0.04538725796591038 -0.9650308309616571 -7.106995223103087 0.008864975723561935 0.9987424779492649 0.04934445202030596 -0.10888855638975345 0.9660568927851141 -0.02129458978472049 0.2574502288759314 19.255988388087317
0.20719762594721075 0.050599874652490245 -0.9769896603787536 -7.714982443451882 0.011174217212162661 0.9984739519983018 0.05408238207207357 -0.08243295823042612 0.9782352890136061 -0.02212283585001277 0.20631601843390193 19.34759766740857
0.1590302181538713 0.051855680859437384 -0.9859109382071671 -8.318267909303309 0.01659978755210497 0.9983380455950686 0.0551868985416394 -0.05595492416730959 0.9871341533789393 -0.025142296633847847 0.15790512389665665 19.418588977167147
0.1149860466768675 0.05321296709842198 -0.9919408194051739 -8.95471929327495 0.01895849135608491 0.9982647571468011 0.05574989008187217 -0.03298057024129285 0.9931861782541703 -0.025216160913625062 0.1137776803843867 19.46258091730428
0.07452006293096992 0.051549060251280365 -0.995886265899864 -9.616610244810747 0.018997236806225608 0.9984084206619024 0.05310113506447116 -0.005442938695806039 0.9970385475068105 -0.022876187152077714 0.07342216863380326 19.48244669915657
0.039039062414641355 0.04729210914597921 -0.9981179329209102 -10.284147940377466 0.016429341860604345 0.9987139893292583 0.04796294657406637 0.028382480152509097 0.9991026115128572 -0.018270849202052405 0.038211879535332095 19.48042795214333
0.010556496380044461 0.047374175248897865 -0.998821429437547 -10.974061883092812 0.014142654537834457 0.9987701034533095 0.04752121389958386 0.06009465332090908 0.999844260726039 -0.014627643944027432 0.009873516387041571 19.460935446437897
-0.010325978542147837 0.05158224051844716 -0.9986153647076758 -11.702012680174061 0.012777734890201748 0.9985938760961527 0.051449004988809145 0.08994047974462926 0.999865042722377 -0.012228781065987437 -0.010970563131276347 19.430001738659975
-0.023163974064940196 0.05756123543303553 -0.9980732109825119 -12.443449905365135 0.014131375439643415 0.9982601981043281 0.05724404867663276 0.12111446674824113 0.9996317994810392 -0.012778147601726565 -0.023937092767624523 19.397703191792594
-0.03133533674878335 0.060399007870760246 -0.9976823424913707 -13.228303569054608 0.013906216371680864 0.9981022481407225 0.05998766041996435 0.1528576707002778 0.9994121841447912 -0.011994252984859125 -0.03211579172729277 19.368984957954627
-0.035044792484314885 0.05753117938749792 -0.9977284329505776 -13.983496070034573 0.014978897873185813 0.9982597671505739 0.057035689765163614 0.18805217482679085 0.9992734836561177 -0.012946068390320501 -0.03584556004580146 19.332008601878524
-0.03432942433135055 0.05360383477523911 -0.9979720033760803 -14.76459970788503 0.022431995419693422 0.998350347979236 0.052852514332151115 0.22534201947008836 0.9991587942897595 -0.02057210701722728 -0.03547523370328664 19.30928999028865
-0.030234597582450985 0.051779289533693214 -0.998200768525257 -15.54553741412694 0.03420493299850539 0.9981260132617814 0.05073937532834771 0.26666955987004426 0.9989574023288441 -0.032609305811825424 -0.0319490454767561 19.302351961992184
-0.024696362149062685 0.05206163274701229 -0.9983384576847263 -16.37351750822809 0.03464033627099777 0.9980879028429926 0.051191652654608094 0.3003344066457356 0.999094658578271 -0.03331853229350092 -0.026452572770382564 19.282602089786412
-0.01968127173300099 0.05084191111598345 -0.9985127678788321 -17.17410950295484 0.032761266762928655 0.9982026993171584 0.05018037939302484 0.32737113714643035 0.9992694065881619 -0.03172492947216944 -0.021311543982683753 19.26667227776574
-0.016613853407735652 0.044527537454290445 -0.9988700006923841 -18.054820318207177 0.03646396892789065 0.9983703105399778 0.04389876994102672 0.36106426667418906 0.9991968569030677 -0.035693436939669074 -0.018210428728115322 19.255109210086957
-0.014440801276914501 0.03364394214699626 -0.9993295494556792 -18.931949054593595 0.03429789182651057 0.998862295862135 0.033132590017729856 0.39554841844648586 0.9993073190339071 -0.03379643563803093 -0.01557828820592259 19.236565602253794
-0.013750589927176116 0.025211563063196045 -0.9995875641306096 -19.81301872460467 0.026575743635322578 0.9993381408169295 0.02483968918472825 0.4221865877105777 0.9995522253123554 -0.026223222465493974 -0.014411505009573253 19.208536688392332
-0.015007409076799346 0.022338446048619783 -0.9996378201633503 -20.75239626554059 0.02089174001358445 0.9995391640266944 0.022022596940945435 0.44587551133352427 0.999669101689156 -0.02055367132537281 -0.015467182129985683 19.176761365428465
-0.018280112586378138 0.028586750212949787 -0.9994241517974698 -21.71737031579995 0.01148365410362252 0.9995312473057271 0.028379770046419082 0.46260325121078305 0.999766954431009 -0.01095825587042448 -0.018599824085743632 19.137027849139425
-0.0230605219326746 0.0366966534913581 -0.9990603424972528 -22.68072492506615 0.006547084764634937 0.9993102065179635 0.03655471009475845 0.4855062730465806 0.9997126327146592 -0.005697962053432101 -0.023284871035939254 19.09999432620426
-0.02782478578912493 0.046346856144936555 -0.9985378061051421 -23.67417778154792 0.004924122001166413 0.9989188091425667 0.046227327023268816 0.5181662066636812 0.9996006874338895 -0.003630656508012617 -0.02802291945914767 19.06705516981566
-0.02925076069145752 0.05609519910165873 -0.9979968545224562 -24.666523541576886 0.003492001071010175 0.9984237172580179 0.05601684340627977 0.5608885496729846 0.9995660052880393 -0.0018464708036893883 -0.029400537717531046 19.024107352487732
-0.03023883205153519 0.06381304246230589 -0.9975036384133461 -25.66813461290508 0.005431537774031798 0.997955759739166 0.06367731150759648 0.6052719414486747 0.9995279442984902 -0.0034924511636048785 -0.030523619564224534 18.98954861336979
-0.031842736190098586 0.064732661437534 -0.997394466946324 -26.630489783467656 0.006336682263186271 0.9978935304636212 0.06456274712825873 0.6525050765615067 0.999472804337277 -0.004264317303585865 -0.03218585074393902 18.958335987772525
-0.03354563153077585 0.06195029632761262 -0.9975153389247319 -27.644908376036096 0.005210694584078789 0.9980743456961889 0.061809781791217454 0.7032480624146304 0.9994236035171227 -0.0031242996091049788 -0.0338038383146007 18.914869644581394
-0.036301018010274175 0.05704847150085489 -0.9977112347722833 -28.657444588031666 0.004936698625025518 0.9983673143462704 0.05690636740913152 0.7503169984457214 0.9993287072320605 -0.0028596406126548445 -0.03652338096977087 18.86890448615457
-0.04074795472159197 0.051939909299879024 -0.9978185456323848 -29.684203820634032 0.005033150893143463 0.9986459653249193 0.05177744038042744 0.7903914863699688 0.9991567802792971 -0.002912346507923374 -0.04095420197884256 18.8176467713167
-0.046534569590659366 0.04722371543540464 -0.9977998068417773 -30.729421778385564 0.005249906006360968 0.998879682046731 0.047029982789148814 0.8330132622109578 0.9989028843285688 -0.0030498351921355387 -0.04673035614420607 18.76711065164107
-0.053269550191083856 0.045390296587717364 -0.9975480319253398 -31.785984190736638 0.004306595128520167 0.9989675472660544 0.04522491290919195 0.8673698314490503 0.9985708829426363 -0.001886924726651184 -0.05341002952851951 18.700757847569808
-0.05971032327062171 0.04780657817846679 -0.9970703126549221 -32.82081089344382 0.004596471828257732 0.9988550967125157 0.04761689005137272 0.9039197919716314 0.9982051641529648 -0.0017397857048015771 -0.05986170231501487 18.63076758446442
-0.06600307259664827 0.05263362670603043 -0.9964302764105334 -33.923388809664594 0.0032493144854051645 0.9986138636080796 0.05253373549558624 0.945912289087097 0.9978141291659355 0.00022967262685105326 -0.06608260654141851 18.54795212532144
-0.07193603504695034 0.05562672728172848 -0.9958568542082985 -35.00368789140018 0.0003945652018143885 0.9984450834310896 0.05574279945057912 0.9874121579162309 0.9974091693883824 0.0036169855142328313 -0.07184612888503002 18.45314760125251
-0.07671355689970674 0.05798076449619609 -0.9953658930947112 -36.06455761433709 -0.0025775073047242716 0.9982928649001875 0.0583499129859823 1.0301569682979181 0.9970498416046648 0.007041792230267872 -0.07643315065006906 18.36195955683076
-0.07919306923561027 0.05933822270859777 -0.995091670707191 -37.141198830142606 -0.0070650612188041615 0.998168324411725 0.060083950028819395 1.074632365453932 0.9968342603938811 0.011788615986449404 -0.07862878504787928 18.25664262743075
-0.08065068627297009 0.060603231479148555 -0.9948983441226463 -38.2263193954513 -0.011142321240451475 0.9980327045195544 0.06169740178289856 1.1254572405948573 0.99668014702866 0.016061414746857433 -0.07981676186902006 18.15262242075863
-0.08238665324130111 0.06013245936740464 -0.9947846634815622 -39.25901969863047 -0.012554111764562167 0.9980362089078085 0.0613687215667235 1.173341850027893 0.9965213663768069 0.017544601430599233 -0.08146995344997372 18.066241016165808
-0.08375938723212953 0.059180619836241205 -0.9947271079478514 -40.33120696388995 -0.0130406450212807 0.9980843161569846 0.06047842110104551 1.2262330413425206 0.9964006757464212 0.018037518599983097 -0.08282717727188402 17.96966582977539
-0.08472317084606468 0.058568816970094896 -0.9946816968259303 -41.36797705629561 -0.014221982475582344 0.9980981773702434 0.05998135997678098 1.2689564000125726 0.9963030259595975 0.01922815666993274 -0.08372907771392034 17.86997369651088
-0.0857079823342703 0.05778013427941525 -0.9946434526235223 -42.433309229778196 -0.016337484473539 0.9981012261677861 0.05938879459494776 1.3142839067912646 0.9961863421896845 0.021340065721941137 -0.08460126021353288 17.770786503001137
-0.08654629662701495 0.055348113628544617 -0.9947091659665706 -43.47297811355145 -0.02084157159577167 0.998136442270757 0.05735217087866971 1.3594389497647892 0.9960298024826191 0.025694920292530926 -0.0852314709341178 17.669303449519166
-0.08686308193395731 0.05058418881342062 -0.994935196301258 -44.55653091343079 -0.025964636419377605 0.9982558447103176 0.053019865685439455 1.3979400288070858 0.9958818417124303 0.030438599569965703 -0.0853981791590142 17.560511893709524
-0.08608861653942095 0.04989859416928806 -0.9950371251376791 -45.612104499478406 -0.02748187226280113 0.9982460057638094 0.052437187887355505 1.4408578512540258 0.9959083777131597 0.0318597281302184 -0.08456631081115522 17.462212395646162
-0.0844331525571623 0.05387755460529801 -0.9949714829375825 -46.443635601037165 -0.02848894097957896 0.9979983759341876 0.056459028282358846 1.4794170412536753 0.9960217984517803 0.03311269760196618 -0.08272923465377685 17.388077242684133
-0.08252446166585305 0.057103760425720844 -0.994951694190227 -47.512159925853226 -0.02851815804331891 0.9978128967072913 0.059633361689768856 1.5230646848980853 0.9961809212630883 0.03329540073115777 -0.08071547807932589 17.289654960198494
-0.08126788407400286 0.05670820601369459 -0.9950777408769843 -48.518503907336196 -0.02648374090375961 0.9979047082066153 0.05903223531948235 1.5693710342923008 0.996340374814689 0.031150805925057153 -0.07959575870825288 17.210636307310942
-0.07850642759133333 0.05596173059301101 -0.9953416627148097 -49.675591303388906 -0.02614991846152517 0.9979640441035925 0.05817171512737715 1.618346433312545 0.996570580837755 0.030594956862861948 -0.07688319727519953 17.10606756434724
-0.0744256244778621 0.05644583000787384 -0.995627789234412 -50.61297409278626 -0.03059896148983245 0.9977974010401556 0.05885618092653405 1.6605648904350443 0.9967570064849417 0.0348455844008298 -0.0725345108961286 17.024693025026053
-0.0688283476071488 0.0575565224948198 -0.9959668193689853 -51.7159957446086 -0.035456535702893525 0.9975624994220308 0.0600990334599702 1.7036648931106309 0.9969982410423888 0.03945005025568989 -0.06661982357530351 16.933612539638986
-0.06331929601116805 0.057276987914080896 -0.9963483393914703 -52.80768811020634 -0.03911666332552197 0.9974421097858119 0.05982578270535471 1.7498319338712938 0.9972264303571811 0.04276194899113889 -0.0609168475509965 16.859513721708602
-0.05729003840942148 0.05638213334241794 -0.9967642181272384 -53.764926141211326 -0.04072863077103612 0.9974408679241087 0.05876132767662527 1.7947288677634257 0.997526455856967 0.04396328052546694 -0.054847058543512 16.79303763729705
-0.05116652598179837 0.055608845283831636 -0.9971407337708919 -54.85245403798587 -0.04034246632177863 0.9975185178774083 0.05770001648818846 1.8434991510674639 0.9978749781560954 0.043179425863018615 -0.04879615919424323 16.71978207456673
-0.046154657670521675 0.05554719029178062 -0.9973887192193449 -55.940552921199625 -0.03835650721912971 0.9976179054257093 0.05733492066770513 1.8837467945601587 0.9981976387115247 0.0409026212449995 -0.04391411670547722 16.67301817651279
-0.04097177293308544 0.05634104120156357 -0.9975705493342529 -56.960286781660365 -0.03734607033977896 0.9976248851577386 0.05787797114781876 1.924316636939831 0.9984621098734262 0.03962670299602477 -0.03877034377934813 16.63209720469265
-0.035216908022997255 0.05804249695602043 -0.9976927572837291 -57.8942925422337 -0.03635859837813082 0.997576709559025 0.0593191442063096 1.9623145401186368 0.9987180892089996 0.038363747112365315 -0.03302122339073642 16.593646539723657
-0.02961472996369327 0.05915173241645625 -0.9978096212811888 -59.037835942806474 -0.03724450981735006 0.9974889544079479 0.060238130138697256 2.0175974488152577 0.998867265585193 0.038946866193228666 -0.027337288747859984 16.550175120865337
-0.024155513773478746 0.058200057237417786 -0.9980126574808059 -60.210358592925544 -0.036875437896339285 0.9975727046478405 0.05906691985831018 2.0726612422936315 0.9990278841124958 0.03822894556688811 -0.0219507286109454 16.51161530248156
-0.019492497848144025 0.05392509961089559 -0.9983547095895301 -61.27216655193058 -0.03689267277578729 0.9978256019634829 0.0546168358812024 2.112147272701163 0.9991291073845745 0.03789659217093919 -0.017460672344749545 16.489978551049592
-0.015169802320961786 0.04875324216663873 -0.9986956485715676 -62.4218020835056 -0.036616139517288766 0.9981135408003767 0.04928101051914114 2.1527341995308986 0.99921425901775 0.037315962391158024 -0.01335602959072299 16.468558893507414
-0.011475982655334064 0.048112622999680034 -0.9987759895643192 -63.47847419646763 -0.036617767290429704 0.9981515769505995 0.04850328390632833 2.191656704042067 0.9992634492168501 0.037129569605970365 -0.009692993351744832 16.454174071568694
-0.008307416507584514 0.050512245638051664 -0.9986888904316351 -64.59905201179497 -0.035943720897999326 0.99806286566783 0.05077957367808993 2.2286877832813685 0.999319286193844 0.03631844181022848 -0.0064757258667106025 16.44317049940707
-0.006110421551650475 0.04999599550887656 -0.9987307260626047 -65.70473644210878 -0.03623881555260538 0.9980822556313768 0.050185249238494614 2.2706375554289684 0.9993244773324643 0.036499471597023894 -0.004286907665514703 16.432079304116996
-0.005280585667081022 0.04981738545536461 -0.9987443834742723 -66.88830210538895 -0.03796406158568308 0.9980283014720738 0.04998239178639295 2.3135275043696915 0.9992651527212028 0.038180329584245665 -0.0033789036546293615 16.421475056849957
-0.0046041749528877495 0.050828989341985514 -0.9986967584885191 -68.01006234564942 -0.0390903611993461 0.9979348472724717 0.0509704253521184 2.350225975668157 0.9992250723607298 0.039274093773676265 -0.002607743075649772 16.413115187352837
-0.003472673442164631 0.05055014692619098 -0.9987154866051214 -69.22580558936346 -0.039746875194116425 0.9979253127291602 0.05064835759147451 2.3902888351560336 0.999203746215688 0.03987170500682188 -0.001456258349858757 16.401036166499484
-0.0022731107892316285 0.04859219405495569 -0.9988161150303219 -70.41135950011669 -0.04007593543721898 0.9980118507419903 0.04864427178385689 2.428424547799447 0.999194051406517 0.040139063958635 -0.0003212138740033625 16.388740895957458
-0.0018905642789574322 0.04748787354468155 -0.9988700253951518 -71.50456619852372 -0.03816278643956914 0.9981407390524033 0.04752543292903776 2.462572194268213 0.9992697471142977 0.038209513345879555 -7.477965006961052e-05 16.389497770517234
-0.0013305814363349 0.047175643714297597 -0.9988857232902985 -72.69983441127572 -0.034999234550178025 0.9982724307484543 0.0471933002498956 2.502956942811629 0.9993864533472226 0.03502303024749302 0.00032282865465361305 16.383564669812664
-0.0009549240288788199 0.04791145714535951 -0.998851130246298 -73.91743323035891 -0.032731792601511704 0.9983148743084117 0.04791702711640712 2.540708380263147 0.9994637151358663 0.03273994515559304 0.0006149130166539846 16.37527304444608
-0.00085337603093542 0.0507928454047671 -0.9987088457628863 -75.10432203562772 -0.03249271236866731 0.998180454611523 0.05079373656724624 2.5753143243878336 0.9994716080971356 0.03249410542272509 0.0007985740416096846 16.366251594141787
-0.0007857885739477708 0.05440872285714527 -0.9985184391954767 -76.34663010378311 -0.03464988675465187 0.9979176675411695 0.054403255022876976 2.6187055457414625 0.9993992034638631 0.0346413002967373 0.0011011037845709843 16.35959331024821
-0.00021059121546256686 0.05458983312999772 -0.9985088411076681 -77.5569467657426 -0.03704390994653629 0.9978230996370425 0.05456015548548342 2.6571662745107063 0.9993136166325415 0.03700016148027204 0.0018120880830950106 16.346357673577653
0.0007354280723794039 0.05295760204731674 -0.9985964908465019 -78.71493669156433 -0.038219769336757484 0.9978686319895431 0.052890854815982935 2.6916970912429834 0.999269087071842 0.03812723012124466 0.0027578879393883463 16.32060716394547
0.001209691930003728 0.050624682430576606 -0.9987170160632275 -79.90226960869185 -0.03788885583642163 0.9980029463002984 0.05054259371394771 2.731734005669688 0.9992812273073273 0.037779104075263324 0.003125387404636323 16.309465652905267
0.0010612597181108268 0.049976495796430785 -0.998749830335765 -81.01067444907164 -0.03580464442359732 0.9981119004505272 0.04990652879873661 2.76604918755448 0.999358244657794 0.03570691875461512 0.0028486466156439623 16.31046362167024
0.0015123408672218107 0.05146965243392269 -0.9986734139364238 -82.249503910613 -0.03465769948243746 0.9980772901354701 0.05138644551264655 2.8048913295175257 0.9993980972023526 0.03453400923973815 0.0032932528210384343 16.298747175927875
0.0019206179638201497 0.05406163722844096 -0.9985357532942006 -83.37362221975874 -0.03429170432671864 0.997953880045246 0.053964176237668346 2.8463517845590616 0.99941002108294 0.03413784824533691 0.003770553828335094 16.294762063334286
0.0022660875843124894 0.056349301759481066 -0.9984085441532831 -84.53766220409733 -0.034749386716335484 0.997812559100881 0.0562367942133265 2.8895407638344146 0.9993934885568824 0.034566647100527315 0.004219234329685437 16.295462431996587
0.0025233592762695517 0.05668612993991854 -0.998388859778792 -85.74226488616343 -0.03609510182054103 0.9977466045564626 0.05655843633462061 2.933200549682699 0.9993451737425485 0.03589423029523282 0.00456376478196793 16.28860151818317
0.0028380467249955214 0.054658395328924886 -0.9985010792737543 -86.91429519056845 -0.03559632766421108 0.9978778145755081 0.05452310184529743 2.974731843552311 0.9993622200921974 0.03538823248026806 0.0047776620133302816 16.286801652915475
0.0031734598105381947 0.05326832366892113 -0.9985751923847961 -88.05721617673669 -0.034006847159926995 0.9980083846951295 0.053130014346528864 3.017406338431767 0.9994165615493216 0.03378978797986218 0.0049786272408848505 16.28611355637148
0.002832875849098979 0.05424994121554773 -0.9985233691268981 -89.17314592754582 -0.032406354384014964 0.9980079015907982 0.05412999683975549 3.058564605951719 0.999470761458262 0.03220515859988745 0.0045852753019697675 16.2971304551505
0.003691149521396783 0.05702292349078675 -0.9983660459028908 -90.36298258885171 -0.03006964179728398 0.9979277120000096 0.05688671430669619 3.1038190518147277 0.9995409906839191 0.02981053201458345 0.005398159280139518 16.283636873522827
0.0038462090131144403 0.059586701149039745 -0.9982157240408512 -91.51060537748018 -0.02877997413949264 0.9978162042365301 0.059451960872087 3.1467625623984237 0.9995783709968691 0.02849995805577682 0.005552713396293428 16.283724346945814
0.004420506743269017 0.06133105740637847 -0.9981076898399023 -92.64230952821846 -0.02919977948714244 0.9976997485092483 0.06117666795836357 3.1934276559718593 0.9995638208729005 0.02887409257450535 0.00620119181802268 16.2774330106032
0.004841220664993455 0.06328809374169683 -0.9979835568650484 -93.82721696286298 -0.03156155284470963 0.9975077197549829 0.06310481290082463 3.2426075925167357 0.9994900854758392 0.031192406443871192 0.006826625501438075 16.270375078787126
0.005198827021588786 0.06253609359866999 -0.9980291624972769 -95.0259880300287 -0.03346120267556064 0.9974946271884346 0.06232829731120344 3.2935929913192767 0.9994264956029041 0.033071222046170023 0.007278334924160054 16.264268112014523
0.005304310821846235 0.058652793496033986 -0.9982643508118553 -96.13803421591798 -0.03590753797521829 0.9976457746880805 0.05842565330042057 3.338675337670118 0.9993410393870855 0.03553530726100816 0.007397900688858934 16.2605618327402
0.005547024309597915 0.056886970162319146 -0.9983652153130427 -97.32824632372309 -0.0372512712501918 0.9976993635759034 0.05664205778822877 3.388517242784126 0.9992905349854718 0.03687617857088502 0.007653374579544369 16.261167041631307
0.00561136188420768 0.05517096087592092 -0.9984611548246781 -98.40422552771358 -0.0371849926013441 0.9977978175594936 0.05492532747970133 3.431827160419085 0.9992926442954734 0.036819564765787606 0.007650536413579462 16.259819349173654
0.005800873588414681 0.055522437950577534 -0.998440588492692 -99.60575038224638 -0.036053821738669306 0.9978198310028973 0.05527844783809356 3.480951934566476 0.9993330134663041 0.035676935706094724 0.007790022784027894 16.261380412830338
0.005767784253432324 0.05747549028007013 -0.9983302563189543 -100.70859271146152 -0.03595444502134559 0.9977132594484727 0.05723224444240237 3.5310162726418177 0.9993367853471671 0.035564307075681895 0.007821094182637543 16.262695690468753
