0.9990467583056871 -0.0007422845714658998 0.04364657755784481 0.031093135040920913 0.0008481279437904638 0.9999967446122304 -0.0024065419033449534 -0.02798456635963937 -0.043644649132384604 0.002441265769341199 0.9990441355733762 0.9991246573867563
0.9960438652626862 -0.004911903235726865 0.0887270628341227 0.13128140366479357 0.005575454940942743 0.9999583033201531 -0.0072322834071946295 -0.04607276288210603 -0.08868783893392049 0.007698365260451184 0.9960297196356879 1.993928722502749
0.9909983932648154 -0.0044574530387607916 0.13379953534658157 0.28861016332356426 0.006002184868188891 0.9999198895124072 -0.011143981976969135 -0.07097633404922936 -0.13373914282423813 0.011846757780176426 0.9909457583575076 2.9811609512751445
0.9838044470067492 -0.002108278302516886 0.1792327124504431 0.4994050518471582 0.004566826533863448 0.999901047968819 -0.013305576510125667 -0.10973351215582161 -0.17918692515123325 0.013908610047605182 0.983716725699726 3.957922639771334
0.9743684564625725 -0.004607339573605692 0.22491083449402088 0.730939895302957 0.007781379462593855 0.9998822273619651 -0.013228058789344136 -0.1413943810748622 -0.22482339999297773 0.014639119773016037 0.9742895539765728 4.930233909676761
0.9628555418676191 -0.005503635187947937 0.2699609517958676 0.9993425412144226 0.009749586587098175 0.9998489305635203 -0.014389635588340815 -0.17213657152212503 -0.26984097364224274 0.016487148046358733 0.962763741991307 5.893050059002311
0.94949748922637 -0.00808535181670434 0.3136704401737889 1.3219160643008365 0.0141275960121981 0.9997557655151424 -0.016994715359421746 -0.20215268702120273 -0.3134564227827125 0.02056784882363144 0.9493798157802985 6.839118425987377
0.9344306849995637 -0.01020134825313044 0.35599891492118824 1.6660716250900325 0.017995851396351924 0.999665228612383 -0.018589783104503016 -0.23504696416366966 -0.3556900958190508 0.023777367330518332 0.9343014462897208 7.7774546752754
0.9172300858522233 -0.010042347795271654 0.3982312404348517 2.067358320027867 0.019286718172841225 0.9996293479907936 -0.019214295137275617 -0.2692688937748264 -0.39789067859104643 0.025304503280241263 0.9170837966097191 8.692767653424696
0.8977786981173972 -0.01057465295176049 0.44031986773433285 2.507458361466973 0.020585887480630238 0.9996266490960739 -0.017966180829256176 -0.29195605907539696 -0.4399654877865599 0.025194029687696337 0.8976612002447414 9.590429753422931
0.8759919345893454 -0.010390512628806355 0.4822138195673428 2.988278456009157 0.021243070269262535 0.9996289333160704 -0.017050737312806503 -0.3166832722801212 -0.48185772018299206 0.025180010418698683 0.8758876095569358 10.466900290099394
0.8521613575454656 -0.010422797629443568 0.5231752918437986 3.5176543729158327 0.022049341552122563 0.9996288485826403 -0.015999738074803874 -0.3416197448974229 -0.5228143525606257 0.02517002921969209 0.8520748924746541 11.314921109979228
0.8265347886535053 -0.010776676616844389 0.5627824680874488 4.064712521890552 0.02373777996478851 0.9995945937001542 -0.015721515441153598 -0.3828004915086427 -0.5623848868416079 0.02635358583796721 0.8264555206214261 12.151002163334958
0.7994114239683155 -0.012322992780704013 0.6006575722305312 4.669884702250599 0.027034603619351023 0.9995147203024001 -0.015474304700354618 -0.4073972527689891 -0.6001753955604097 0.02860887533164424 0.7993566330594649 12.946716704806612
0.7708725147465295 -0.011446269309921308 0.636886606019663 5.315434027724666 0.027812960756549307 0.9994898272728245 -0.015701095251400978 -0.44664348911301927 -0.6363819648782608 0.02981724496031906 0.7707975912525027 13.709426218277784
0.7403522292214156 -0.014674257045659103 0.6720589578802126 5.986920315330612 0.03275570672478185 0.9993616052298061 -0.014263438206293572 -0.47778769280653877 -0.6714206135976465 0.032573734398478146 0.7403602578903711 14.44978842923499
0.708674678386201 -0.01393170401558298 0.705397836569858 6.7042724699138105 0.033239032153875275 0.9993541308237384 -0.013656058985057088 -0.5120007444904336 -0.7047519896784172 0.033124444580277905 0.7086800436131668 15.145658642301349
0.6750101962483019 -0.012638318753692469 0.7377001476615741 7.4692382510035475 0.03424414105693594 0.9993124170931843 -0.014213790720644713 -0.5465973571589802 -0.7370132792318612 0.034856361578020134 0.6749788591455592 15.7887997062823
0.6402354074900134 -0.013990549752257345 0.7680513573412425 8.26873183174576 0.038723341388027584 0.9991507818843801 -0.01407898759063601 -0.591524079044984 -0.7672021414385145 0.03875538127100062 0.6402334688179748 16.387791863225228
0.603719046274254 -0.012128915682538896 0.79710488806058 9.058714437638734 0.03856860501831205 0.9991577636581312 -0.01400807012485862 -0.6268407230296771 -0.7962636346541552 0.039200162321696895 0.6036783675114642 16.999903141586152
0.5658178539656681 -0.010774213984159427 0.8244598670928187 9.86642621430015 0.04166671326433244 0.9990107052994631 -0.01554013200769004 -0.6438665788123654 -0.8234768006079062 0.04314541702304051 0.5657070194459979 17.58923480211764
0.527523968095956 -0.009076611817792356 0.849491658700781 10.729095866358927 0.046328484047679364 0.9987623029944386 -0.018097891675228843 -0.6669927922275591 -0.8482759778811021 0.04890273238944336 0.52729155892609 18.09447360798549
0.4890113992154732 -0.008056051128809916 0.8722401913908425 11.602204852323482 0.048107609806998346 0.9986844842269919 -0.017747079842155764 -0.692127416147128 -0.8709497742786217 0.05063991513101354 0.4887556543709152 18.5813503355065
0.45052044394999136 -0.009645917416945034 0.8927140000360066 12.481293119431793 0.05325799775481063 0.9984511660870944 -0.0160889593967128 -0.7205779267029697 -0.8911761415445608 0.05479256533970611 0.4503363848560798 19.057159527422627
0.4138969567045451 -0.010152626546906716 0.9102671220059053 13.404690011190949 0.0572176994962705 0.998250788027277 -0.014882844730557487 -0.7392593888407737 -0.9085237718932122 0.058243354789352934 0.4137538731272637 19.440551213387522
0.3789163967973109 -0.007692452714998629 0.9253989358159914 14.337625711000241 0.058625313193306355 0.998156472261996 -0.015707626633975978 -0.7706920293044901 -0.9235721070339498 0.06020367972734857 0.37866882635907284 19.799219540704218
0.34568600135616856 -0.008318187951543656 0.938313378469893 15.277981302627236 0.05937662137550166 0.9981506545978288 -0.013026417771392256 -0.7851372644908995 -0.9364697567462675 0.06021692847636218 0.3455406144354952 20.139105837459102
0.3124205106291335 -0.00973573634661368 0.949894015128014 16.228684449160433 0.06180854279769809 0.9980369233457783 -0.010099686911835772 -0.8016856700039872 -0.9479309724739755 0.06186691422950727 0.3124089568950648 20.44876642480495
0.2796942578454825 -0.009588040669111205 0.9600412447412825 17.188332769424175 0.062245640297743564 0.9980274450106071 -0.008166962074276665 -0.8255254462444882 -0.9580692054294351 0.062042634387380925 0.279739359272315 20.72895701045804
0.24724971048504008 -0.006371401805776177 0.9689308468121406 18.155492145500055 0.059417943354534444 0.9981961616849944 -0.008598302440630033 -0.8402723265416653 -0.9671282689863745 0.05969780595945349 0.24718228757547836 20.982699543582097
0.21622750758909526 -0.004654594543039515 0.9763319106284739 19.131178153551385 0.059227668469840414 0.9982095088476889 -0.008358213546048444 -0.8546467403801227 -0.9745448928856146 0.059633138402188625 0.21611603493232798 21.201400686435985
0.18593194930495083 -0.004374888037061453 0.982552884369245 20.11560389085784 0.06138608252254817 0.9980883266447618 -0.007172244278705723 -0.8660605115950603 -0.9806431864343911 0.061648621802289305 0.18584506538964757 21.37683071100762
0.15508524585863798 -0.004396665846775576 0.9878913077086953 21.099251347250608 0.06326095426351133 0.997981922106946 -0.005489518502961462 -0.8760524336984632 -0.9858735305213522 0.06334629016095754 0.15505040902947712 21.556657970385942
0.12439636784398582 -0.004805382514880929 0.9922209693239242 22.088857886145107 0.06208280783410351 0.9980666430981858 -0.0029497298436284526 -0.8866586721847605 -0.9902884774845445 0.061966799446173525 0.12445419690689521 21.700067892790813
0.09514786298649111 -0.005300278700260193 0.9954490399888897 23.084398368883633 0.06277436416651795 0.9980275088433946 -0.0006861452730831961 -0.9064127911268746 -0.9934818887994854 0.06255396580190543 0.09529290629349495 21.792311710419046
0.06782282240440987 -0.004837162175615084 0.9976856552157021 24.08169520899803 0.06577982383673497 0.9978340947789185 0.0003661594501451099 -0.9094950794282716 -0.9955265338187163 0.06560275267716757 0.06799411227503774 21.86572500881088
0.042843030401838726 -0.004468174270622224 0.9990718243272966 25.081355982058017 0.06989192815312799 0.9975534945250287 0.0014642199083968774 -0.9217254141666027 -0.9966341320289132 0.06976432454764757 0.04305050400849459 21.888719740279626
0.019918834677922315 -0.004139766862378515 0.9997930297593581 26.080947099601378 0.07412211933008442 0.9972456446320397 0.0026524872183037096 -0.932045012731395 -0.9970502251396818 0.07405394380282318 0.020170819422075912 21.915386265589643
-0.0003538370389882474 -0.004315757214996011 0.9999906244755543 27.080935220716345 0.08013025415141115 0.9967749954006073 0.004330232528191018 -0.9368033071238812 -0.9967843383445487 0.0801310350849105 -6.873190416388117e-06 21.91644277945462
-0.0179453260240585 -0.004958258416752829 0.9998266754529812 28.080628829633927 0.08466980317736858 0.9963881177744502 0.006460896825734062 -0.9409686646771322 -0.9962474540513493 0.08477107072203241 -0.017460694855711268 21.8920432293399
-0.03355173626323433 -0.004665457799067675 0.9994260925637499 29.07982864941123 0.08759190876566803 0.996127522052942 0.007590607844614478 -0.9323454866970734 -0.9955912507211524 0.08779631719035232 -0.03301315155058322 21.852987360135838
-0.047776727702238064 -0.005243170169592365 0.9988442788826678 30.07846637245162 0.09013468903349987 0.995883901966712 0.009538953631798023 -0.9313003515506891 -0.9947829522679307 0.0904862584602105 -0.04710748249451981 21.800818348500144
-0.06108046887941338 -0.006198160129648202 0.9981136003143511 31.076765149345864 0.09045469116043683 0.9958316139916238 0.01171944631395068 -0.9284368334535802 -0.9940257165529172 0.09099988673532963 -0.06026520924726099 21.74258303035828
-0.0730847066196604 -0.005843525786975933 0.9973086176629045 32.07321335976904 0.09041024564826033 0.9958266560471978 0.012460280401171274 -0.9241980212591225 -0.9932193177441422 0.09107757304754852 -0.07225138439939435 21.658481922289095
-0.08424017693806064 -0.002886286806720863 0.9964412987918111 33.069971999920185 0.09076943455576428 0.9958159638201252 0.010558217246312056 -0.9203728640748979 -0.992302626389687 0.09133583934832394 -0.08362572636854079 21.57812284428893
-0.09447425910156129 0.0004800609618648456 0.995527188934929 34.065483803391864 0.09080090516905967 0.9958358248508015 0.008136680170761343 -0.9146870153230973 -0.9913777332519074 0.09116347670638017 -0.09412444170944521 21.483656341056825
-0.10376813385555636 0.0031572870801168315 0.9945965040831518 35.0593295574272 0.0919114441488032 0.9957464349205889 0.006428357287598857 -0.9090480227393504 -0.9903456269558706 0.0920818596751245 -0.10361694016015854 21.37302714550303
-0.1114401733379462 0.004206053730011759 0.9937622436369914 36.05432204342394 0.0914835634238878 0.9957882425301151 0.006044308235893811 -0.9064092932452377 -0.9895513353988643 0.0915864900015458 -0.11135559913861863 21.27311223230128
-0.11714171935664972 0.005039421945663396 0.9931024226194496 37.04755760290249 0.09151845607892246 0.9957868251338523 0.00574204552147595 -0.9024828369024107 -0.9888893718627466 0.09155983353137949 -0.11710938092487637 21.15706178511514
-0.12211445248883258 0.006895154737955607 0.9924920741922779 38.03999668788453 0.09269677247141717 0.9956842707437422 0.00448791342190551 -0.8968367811460753 -0.9881778022535894 0.09254885107141983 -0.12222659816351414 21.034453528390284
-0.1265994264421813 0.00869826892024234 0.9919157854083681 39.031163417199195 0.09162782419134782 0.9957889165808479 0.002962338383739866 -0.8909141613422891 -0.9877129780753463 0.09126211553832989 -0.12686330915200944 20.901964143010172
-0.13049374268461678 0.009493267925190094 0.9914036821518564 40.02208115472077 0.09240888947452233 0.9957176742135633 0.0026287648841955835 -0.8969673250101253 -0.9871332130296528 0.09195755065698206 -0.13081218831180066 20.76763098790368
-0.13359869819381442 0.008650118998261664 0.9909977614920387 41.01365100763592 0.09206955296340345 0.99574562762956 0.0037205475042158768 -0.8932966382234339 -0.9867495048177305 0.09173778119143712 -0.13382673217274207 20.63810974270161
-0.13594789953252426 0.006800775631612797 0.9906926456088693 42.003721272910305 0.0921821917102673 0.9957251811717228 0.005814388362476693 -0.8867745743818518 -0.986418071683698 0.09211467326841387 -0.13599365729498977 20.49768776403145
-0.1381633109467256 0.005735538138734933 0.9903928529177173 42.995996370949136 0.09259563715347188 0.9956781142867855 0.007151273344798894 -0.8870086268136258 -0.9860714717952144 0.09269410085096337 -0.1380972707154287 20.373631036130277
-0.14005805655120912 0.006611755223048594 0.9901212175728619 43.9849150069441 0.09465297864245746 0.9954875009669018 0.006741591264765499 -0.878507018913033 -0.9856087227846595 0.09466213663097382 -0.1400518670323606 20.225416133299053
-0.1411663878184598 0.006459535989015642 0.989964810154933 44.97597027829324 0.09449275379166014 0.9955010880991528 0.00697875879146225 -0.8744062992644688 -0.9854659661455366 0.09452966723842479 -0.14114167202012226 20.092027103777237
-0.14160284148093094 0.007910746648224004 0.9898919412602528 45.96595515472545 0.09719443630504582 0.9952476270042696 0.005949999471615423 -0.875618765867074 -0.9851405365915412 0.09705452606568866 -0.14169877252218463 19.950858855490104
-0.14183239997836083 0.008264928116237507 0.9898561821192053 46.956231835867 0.09703783153660722 0.9952649726284244 0.005594060208115109 -0.873715517793824 -0.9851229514974515 0.09684691643089313 -0.14196283038449276 19.81176006900609
-0.1410037511711865 0.009682382738736934 0.9899617132092297 47.946060185460304 0.0970033355992206 0.9952756847997324 0.004082172099077855 -0.8740909101056459 -0.9852452968871652 0.09660518987571064 -0.1412768284284396 19.66949377858972
-0.13978862138228493 0.009677204271991504 0.9901340783194551 48.93703904162647 0.09756071889475548 0.9952213468282336 0.004046843971939666 -0.8721775829506916 -0.985363408829848 0.09716389522282885 -0.1400647350490066 19.53548913069324
-0.13859996913971268 0.008631872569224723 0.990310829654214 49.92804174760019 0.0961555137859979 0.9953548374611678 0.004781705888119757 -0.8650657492859309 -0.9856693998106162 0.09588659092176745 -0.13878615189701082 19.40183637709386
-0.13747558611867666 0.00956854578323083 0.9904589371361738 50.920153777427196 0.09782352473223466 0.9951958842339826 0.003963585838837587 -0.8660198842571756 -0.9856627319881214 0.09743508061952932 -0.137751166363039 19.276485629344098
-0.13660019177561977 0.010368574092561244 0.9905719965142107 51.91161997129369 0.09749923713602747 0.9952309937775028 0.0030278346279896014 -0.8634963648299347 -0.9858165581713239 0.09699361677929555 -0.13695967267526082 19.1461460041246
-0.13580077361873752 0.011054575660991023 0.9906744905575728 52.90179108674122 0.09835693438531752 0.995148359645595 0.002378182709998054 -0.859903734372352 -0.9858418044204015 0.09776266491680363 -0.13622921127823526 19.00633092818337
-0.13460476439833438 0.010908432028378837 0.9908393227521551 53.892919340672854 0.09862152820110937 0.9951220178608636 0.002442077762532224 -0.8638234478010508 -0.9859793869937364 0.09804680351343799 -0.13502397099867364 18.873479808225202
-0.13345401547657576 0.009511108571380858 0.9910093665384396 54.882400160501284 0.10011571475712949 0.9949680273877515 0.00393295496966187 -0.8575283276437454 -0.9859852277858145 0.09974047969539611 -0.13373468995845977 18.728952722098725
-0.1328939003647842 0.007666692120774826 0.9911006170302581 55.87378400776271 0.10155926115329869 0.9948118624658517 0.005922395732933015 -0.8566477222453636 -0.9859132455342249 0.10144249666262485 -0.13298305211951825 18.597966876809355
-0.13204893057417846 0.008603109680531167 0.9912058648121687 56.86586626377316 0.10379837813115203 0.9945847887865635 0.005195633910025297 -0.8661533780300066 -0.9857935770898267 0.10357163906306296 -0.1322268465563347 18.47273732827499
-0.13156753222434137 0.010483346709003732 0.9912517762436416 57.8578779055589 0.10588685078987932 0.9943718913262344 0.0035378764941640856 -0.868500464150142 -0.9856358147379778 0.10542599860596513 -0.13193710442379866 18.346612811574616
-0.13127446817582406 0.010258398077128476 0.9912929835694614 58.850429588432604 0.10456647891168147 0.9945115423969351 0.0035557737947972583 -0.8624490425082679 -0.9858158375138666 0.10412279917557954 -0.1316266583890761 18.22493891507209
-0.13133487452919257 0.01006740547914397 0.9912869403352991 59.84219683888359 0.10480919562812892 0.9944851417439875 0.0037862068384918986 -0.8626872414608104 -0.9857820160888434 0.10439324785328673 -0.13166573798242445 18.096885550562472
-0.13145098248467704 0.008913758882875909 0.9912825954824335 60.83532584145844 0.10421546678655509 0.9945427869310327 0.004876622387819312 -0.861275160203212 -0.9858294861111998 0.10394801520967545 -0.13166257800793504 17.979869354071063
-0.13137936322229377 0.009195718869918492 0.9912895145585717 61.82839858313651 0.10594641571900168 0.994360171587717 0.004817276859433728 -0.861538908516709 -0.9856545134658489 0.10565646177356787 -0.1316126596110328 17.862368460725563
-0.13192140993190113 0.009207075702022994 0.9912174188131457 62.82206193818979 0.10677289852251831 0.9942709879867824 0.004974996370414383 -0.8581233623089233 -0.985492917144856 0.10649146540827986 -0.1321486967492222 17.750023139865107
-0.1318036318814995 0.010183782287687128 0.9912235334177463 63.81207782255537 0.10672673674362504 0.9942804395293773 0.003976334156441302 -0.8570687837839898 -0.9855136763571076 0.1063141483885552 -0.1321366548899782 17.609071245655905
-0.13270133623603414 0.010891538113557697 0.991096226286172 64.80494891836231 0.10584574047172116 0.9943772687945822 0.0032444612216995755 -0.8568863935821268 -0.9854882214340074 0.10533385828947404 -0.13310801520828483 17.48987831941096
-0.13399994932980577 0.011731869619702563 0.9909118915498163 65.79793471985512 0.10604404204544046 0.9943581190046246 0.00256755063195641 -0.8660846072084055 -0.9852911624115345 0.10542435394541966 -0.1344880324375244 17.372002999839737
-0.13558711393690048 0.012561344303156233 0.9906857963873099 66.78933085661704 0.1046832258101022 0.9945041341428715 0.0017173836866543636 -0.8615513572255503 -0.9852195474960144 0.10394104002766963 -0.13615690738891417 17.241185762354267
-0.13678480318831934 0.01160582490955118 0.9905327972585767 67.78059417024339 0.10318978084632435 0.9946582992768814 0.0025955362659230378 -0.863956010782481 -0.9852115441597394 0.10256789218751174 -0.13725174223517442 17.10930983328151
-0.13808662766705262 0.011361983094756752 0.9903549811051054 68.77272475191019 0.1023977889097655 0.9947394048317518 0.002865187840585375 -0.8601289959057243 -0.9851125702608459 0.10180580442747465 -0.13852365176728113 16.98416087065785
-0.1383768168435454 0.010473750755275561 0.9903242686642405 69.762383014851 0.09940080153475532 0.995041785048446 0.0033655106371270264 -0.8555755573205758 -0.9853787785488859 0.09890473473356479 -0.13873181406147325 16.84078796959002
-0.14013818103645762 0.011531881010676905 0.9900647988571997 70.75343676608986 0.09933441814096063 0.9950510394463262 0.0024702771868737525 -0.8560790022965235 -0.9851365202794932 0.09869369086795161 -0.14059015539671127 16.70732558374888
-0.14277635385245027 0.012473973168020742 0.9896763676950167 71.74376202289022 0.09798799910181975 0.9951863216231395 0.0015928861306634162 -0.8556432201813768 -0.9848925143449005 0.09720383350262994 -0.14331137407676806 16.568560689747944
-0.14689321628061003 0.013390573810125992 0.9890617147295573 72.73302996045342 0.09830325563500937 0.9951558674320568 0.0011266974335947773 -0.8557063898331042 -0.9842554815403846 0.09739349079165635 -0.14749798306797163 16.422447916272983
-0.1520359925781609 0.01232976554863641 0.988298049093636 73.72397969052231 0.09649255813552653 0.9953307481016606 0.0024265423647224717 -0.8632129361089688 -0.9836535178533311 0.0957323287343488 -0.1525158288501988 16.288424463316886
-0.15700399413450541 0.01147823449020789 0.9875312632817242 74.71230700161469 0.0944201816341168 0.9955264904815486 0.003440356038157828 -0.8630572638623514 -0.9830740435623302 0.09378303088766493 -0.15738541225771446 16.136079125749404
-0.16086519070865277 0.012198886559471454 0.9869009968507358 75.69690250413468 0.09324772527184323 0.9956387372285503 0.0028925182044054923 -0.8690353776014691 -0.9825615767726178 0.09249157851742575 -0.16130113376371322 15.961333715341427
-0.1654715611459793 0.013884901698285157 0.9861168145593805 76.68206464165814 0.09282041656098061 0.9956816508130216 0.0015557968058034456 -0.8683123163546542 -0.9818368157292514 0.09178921363147136 -0.1660457995239798 15.789709007837537
-0.17061309649046955 0.015483145339846335 0.9852164450090737 77.6692245136739 0.09242334265636896 0.9957197388102864 0.00035703752879009953 -0.8768546581131477 -0.9809939332320841 0.09111791236611365 -0.17131383192224772 15.630202220009707
-0.17539416578452885 0.015686565137210767 0.9843733124597308 78.65321047281346 0.09082613222256566 0.9958667156777832 0.00031354526300732515 -0.8832685837319417 -0.9802996992319417 0.0894618146436735 -0.17609396186815376 15.452071667203048
-0.1804307503220669 0.015450843104744271 0.9834663267166633 79.6383631379147 0.08931117140866045 0.9960034993077035 0.0007375828232467979 -0.8946421453434922 -0.9795245065846115 0.08796761230226081 -0.1810895916004294 15.28076822736288
-0.184706004053177 0.014783469467754915 0.9826826248068101 80.62015904664726 0.08762056780946385 0.9961528177994372 0.0014831341768020755 -0.899359521739643 -0.9788801398350323 0.08637715334933901 -0.18529074239100535 15.090887897168486
-0.1919644544662689 0.014465600538333295 0.9812952637318348 81.61023379505507 0.08715328536315836 0.9961921080753661 0.0023640344252770923 -0.9033853236025476 -0.9775244002437345 0.08597691672432434 -0.19249419918195723 14.950403785491005
-0.1975833558484893 0.014117116222074068 0.9801844339312985 82.59514979225094 0.08661665157020218 0.9962368559423811 0.0031116768477078972 -0.9042098741184352 -0.9764519307996746 0.08551510914224955 -0.19806259855402747 14.77737257864279
-0.20324474456401473 0.01570088117229907 0.9790020715695753 83.57926802403918 0.08728654335048573 0.9961809373022047 0.0021446458035453402 -0.9088485924877306 -0.9752295284480619 0.08588959474879516 -0.20383901578661462 14.599918962429173
-0.2064344908092906 0.016357805874934038 0.9783236801750561 84.55501641948521 0.08710845541393758 0.9961973423832183 0.0017239559185855448 -0.9189985033803342 -0.9745752500447074 0.08557614863715932 -0.20707439432417532 14.381259296758255
-0.21259369974131265 0.016492918555581618 0.9770014853969353 85.533821724122 0.0877235470027157 0.9961422665986485 0.0022724429513557107 -0.9253800838566086 -0.973194994917031 0.08618914278042113 -0.2132203872410268 14.176565742860415
-0.21823297353331095 0.016514107414094124 0.9757569643713148 86.51309450753178 0.08633400096617348 0.996263242422836 0.002447871382942522 -0.9253495750357433 -0.9720703727302766 0.08477520895551048 -0.21884321878131782 13.974019908761733
-0.22412930935754802 0.017485831833779875 0.9744025340545804 87.49306275218004 0.08596436318006942 0.9962964111719337 0.0018945577233650077 -0.9297364325426372 -0.9707606197976673 0.08418851923512392 -0.22480238494963448 13.774914421393179
-0.22928948095248972 0.01795741520629624 0.973192614626542 88.46958275827608 0.08517953734342425 0.9963641961094133 0.0016837841907087815 -0.937308092553299 -0.9696240407201625 0.08328217066305005 -0.22998543368472854 13.559620790238773
-0.23506856458596018 0.01713582476013043 0.9718277282797017 89.45208591847262 0.0865766704776115 0.9962394734509766 0.003375154386086058 -0.9449260589072846 -0.9681153082523305 0.08493100168907096 -0.2356681456616143 13.373530747712683
-0.23972645485135846 0.016974058142379563 0.970692076919647 90.427910152284 0.08853932538431922 0.9960627489868651 0.004448363881010391 -0.9493881130164219 -0.9667947117691982 0.08701081214945293 -0.24028546328108052 13.155019518966014
-0.24328505562773012 0.01790464460730673 0.9697895675917003 91.3995714008593 0.090004592672868 0.9959325298042099 0.004191583898210191 -0.9532584676909548 -0.965769928609294 0.0883052647313324 -0.24390700115971675 12.918673504977237
-0.24660520326008242 0.018399552181970785 0.9689413450795437 92.3713389681186 0.08974111065145243 0.9959573827762436 0.003927435873080684 -0.9523942730749415 -0.9649520230478272 0.08792239858532276 -0.24725946906621518 12.682734851193633
-0.2496486017447957 0.01845375775634619 0.9681606449714518 93.34143409429917 0.08926137508888117 0.9960000735345224 0.004032423150770621 -0.9567575991561426 -0.9642136602248013 0.08742603927832335 -0.25029723348849614 12.440049030884653
-0.25340591202743135 0.018901122802818512 0.9671753674005237 94.30823923967839 0.08771793722353836 0.9961391493251014 0.003515490166323505 -0.9572285042304846 -0.9633748010192041 0.0857294741536127 -0.25408551714442934 12.184534668729968
-0.2550827381632973 0.018159540308449115 0.9667486890536239 95.24520451257172 0.08479486628258533 0.9963917175489957 0.0036573011742875037 -0.9704228798605012 -0.9631939718162855 0.08290824021499199 -0.2557021633878371 11.835361379099355
-0.25993564623504817 0.017477539100441055 0.9654677599191802 96.21271639491893 0.08338812447450877 0.9965073809988919 0.004411384289704702 -0.9737321599370061 -0.962018648734519 0.08165522176640148 -0.26048520926395835 11.58255748763927
-0.2635802302617025 0.017271007796848592 0.9644828534011729 97.16126047483334 0.08206236833815933 0.996616671663399 0.004580116297606622 -0.9733559909036297 -0.9611405880088084 0.08035497527999469 -0.26410575160308675 11.265912597399268
-0.267277796939497 0.017618036356908673 0.9634584495753278 98.11741779534422 0.08129655688411618 0.9966805626607544 0.004327337868498039 -0.9726484079989294 -0.9601840704271 0.07948245598348824 -0.2678228707352609 10.973059940276201
-0.2721446479370477 0.01706649821489872 0.96210499699248 99.0802644003182 0.07950759111595006 0.9968226678628149 0.004807472287723513 -0.9714047824117664 -0.9589660231489732 0.0778029785647003 -0.27263687016304594 10.703013890348378
-0.27656381430733157 0.01615061467109647 0.9608598307045229 100.04133648622567 0.0790388549550631 0.996853514900234 0.005994100302800042 -0.9782046382677171 -0.9577396911599572 0.07760301203428459 -0.2769701364769033 10.42679982914064
-0.28016485465167484 0.0160828926312447 0.959817167372316 100.99702981239554 0.07917851424706748 0.9968398538746 0.006408479452387614 -0.9758771914822715 -0.9566809379827899 0.0777923279756855 -0.2805529123151114 10.132444857611748
-0.2838964087308322 0.01701206145437131 0.9587040309056846 101.95408877633992 0.08022548477874174 0.9967582622015718 0.006069458370955495 -0.9747839828138171 -0.9554929098123908 0.07863559307319812 -0.2843408918890746 9.842553595169006
-0.2876796064490008 0.018216552810137447 0.9575534456295702 102.91522648451273 0.08051664353928623 0.9967395551893105 0.005227737003887141 -0.9786605908005521 -0.9543361641196004 0.07860290277546876 -0.2882083786581417 9.56651142792223
-0.2897949942305351 0.019700060328801946 0.9568859748904068 103.86179373238396 0.08016662926512244 0.9967743946062058 0.003757367389392536 -0.9787157534776459 -0.9537254179643058 0.07779918945896577 -0.29043951736693047 9.24400492899431
-0.2935195950468441 0.02094371563114492 0.9557236044480104 104.82220570614554 0.0813980109172633 0.9966766744258581 0.0031576057582320778 -0.9858209159852881 -0.952481291754461 0.07872081955221953 -0.29424891066370545 8.965511917196913
-0.2971807795186959 0.021670008261633927 0.9545752956297369 105.77862255002195 0.08081303214596135 0.9967260619824412 0.002532034823996176 -0.986604565344672 -0.9513952060631968 0.07789459613423041 -0.2979590471407928 8.673508139691306
-0.3006432279707793 0.021460781670606978 0.9534951936561585 106.73208970102799 0.0808383286275481 0.9967225445475693 0.0030551293462439386 -0.9932713343521994 -0.9503045901709679 0.0779974617580875 -0.3013927369053229 8.372084938118473
-0.3047196572943556 0.021358482045175098 0.9522025759800984 107.68590839022113 0.07975904598235715 0.9968091475850985 0.0031651026291374383 -0.9906989760019133 -0.9490966363033805 0.07691123803056815 -0.3054508739915647 8.071713016869655
-0.3082414683044937 0.022152621170524404 0.951050187210309 108.6385817669762 0.08226924504664967 0.9966041675725763 0.003450289324799553 -0.9976397863265333 -0.9477441471921315 0.07930570315081881 -0.3090172113504527 7.767796478987389
-0.3116672609422626 0.02247178308924348 0.9499255430935292 109.59254889140581 0.08480093270910327 0.9963888411115832 0.004251954842312764 -1.0065462648404715 -0.9463996620183307 0.08187976717788685 -0.3124474091082874 7.468017560004306
-0.31432075207822985 0.022165399735080468 0.9490580381976428 110.54324363758462 0.08550920569407852 0.9963245788430547 0.005050676665186785 -1.0059392644275238 -0.9454578999376654 0.0827407314917667 -0.31506083666121354 7.157889955020433
-0.3175210144377328 0.02181180866770804 0.9480003430342601 111.49733047919503 0.08514386043398664 0.9963529670875773 0.00559356828664677 -1.0047640224359484 -0.944420948740988 0.0824924843753836 -0.3182201464407091 6.858362130886658
-0.31982253041114256 0.022580425139926683 0.9472083579877834 112.44640423563027 0.0851523622040379 0.996355398824868 0.004999444329983174 -1.0142268437844741 -0.9436432717147318 0.08225596411833287 -0.3205796813812092 6.543450302251532
-0.3227845025416843 0.02462379721383482 0.9461521196560773 113.39624843314812 0.08488983520427651 0.9963857377023844 0.0030294524693968037 -1.0233612791209266 -0.9426578810989197 0.08129655782408955 -0.32370818477147983 6.2308602152628225
-0.32588075020512647 0.02654858460775649 0.9450380464833507 114.34407052443727 0.0846206954556959 0.9964125280389927 0.001188220323285884 -1.0294017423120572 -0.9416162034217209 0.08035699485587505 -0.3269582218440067 5.912117692891805
-0.32910590120665656 0.027584606143504962 0.9438900334757544 115.2916911092853 0.08407871824285419 0.9964590965971707 0.00019480089348142987 -1.038620067523826 -0.9405424365384 0.07942517430045154 -0.3302598473289631 5.592852521572581
-0.33205361023761243 0.028132106497382164 0.9428409115604744 116.22916177033181 0.0821190069547893 0.9966221968068425 -0.0008157993998019687 -1.0455704004392987 -0.9396791306743616 0.07715427023776085 -0.3332421791417644 5.244857618573432
-0.33564351843488494 0.028410448489924613 0.9415605529912833 117.17130785287351 0.08277631398553628 0.9965679933941035 -0.0005624814805294464 -1.0544357988313497 -0.9383450913046946 0.07775011870762254 -0.3368432998670626 4.909772310294481
-0.3389658551089354 0.027631164662017968 0.9403928263282785 118.11411501776539 0.08248007829454918 0.9965926130283708 0.00044759558478287535 -1.0622273914417426 -0.9371761764763286 0.07771539356332793 -0.3400898878951035 4.576524742530174
-0.3425159436150499 0.027082681481213632 0.9391215878326289 119.05385889702906 0.08239058113700685 0.9965992565263975 0.0013092100428155936 -1.0683905448265594 -0.935892419303306 0.07782319869304447 -0.3435824926211824 4.234701020586489
-0.3464404406780933 0.027022261705619915 0.9376826853659401 119.997007199799 0.08291431686297791 0.9965548397617666 0.001915047399843665 -1.079745138101016 -0.9344004693502198 0.07841076915648111 -0.34748743021636785 3.9025228272209485
-0.35046038356818165 0.027131964566284073 0.9361844775726716 120.93886239120107 0.08214912694904046 0.9966182957818773 0.001869078472251999 -1.089789340299672 -0.9329678668050418 0.07756177545414322 -0.35150409741231725 3.566653935561786
-0.35478586198514617 0.027737744579552248 0.9345360397871747 121.88052281070195 0.08130740346001639 0.9966882436563392 0.0012849512947914101 -1.0964052648786908 -0.9314054424782175 0.07644058138763343 -0.35586618164567657 3.2301544796365245
-0.35827435962211135 0.028458314552606608 0.9331825156796446 122.82181606730711 0.08165309988067192 0.9966603532641779 0.000954730956307099 -1.1060351330848708 -0.9300388457033609 0.07653930078166926 -0.3594015594270708 2.8927018597625707
-0.3610213295367556 0.029019740868454207 0.932105924377396 123.75235054652393 0.082495145845 0.9965910376317094 0.0009244588483543464 -1.1164417270436215 -0.9289015828017102 0.07722796353703698 -0.3621846091655424 2.5266454633675366
-0.3635477211820486 0.0287319595016505 0.931132390654806 124.68409586581261 0.083727132434299 0.9964868277558505 0.0019414951479845611 -1.1242307178136974 -0.9278053792243642 0.07866687112295635 -0.36467615999685987 2.163616549842136
-0.3662626309854783 0.028242412912858554 0.9300828195684803 125.61669392626213 0.08500744825126835 0.9963751122541864 0.0032201587326194285 -1.1310742824820204 -0.9266204287006632 0.08024339096346159 -0.3673357855168506 1.802764747538508
-0.36888968225022056 0.02893135856784833 0.9290228085578683 126.5487120853032 0.08612011321291778 0.9962797180333279 0.003170100254848222 -1.1380883897520895 -0.9254748664493939 0.0811769667260989 -0.37000888049292036 1.4404210526388703
-0.37146637950746286 0.0297111340662433 0.9279708925435728 127.47961103411069 0.0861327749235023 0.9962803245505683 0.0025806970743639506 -1.1474882045196961 -0.9244424665600302 0.08088735022183671 -0.37264374755856966 1.0752652110991932
-0.3741999511485682 0.029936236947799833 0.9268647249074777 128.40849782667541 0.08569357124653279 0.996318607955856 0.0024172893742976623 -1.156769412063015 -0.9233802079357247 0.08033089790553125 -0.37538771747923044 0.7050177426276271
-0.37708087676709173 0.03109719924844237 0.9256581315882575 129.33847532102308 0.08550848748136516 0.9963365117866214 0.001361561425287512 -1.1682497123144735 -0.9222246531866346 0.07966504553295821 -0.3783585198922063 0.33758058791496576
-0.3803344320744205 0.032185177576266676 0.9242888261377022 130.2698877239002 0.0853065240440846 0.9963546710135119 0.00040805032839470365 -1.1790683961040804 -0.9209063561156158 0.07900306256050256 -0.3816935935693935 -0.026224152637326192
-0.38240133219598943 0.03176640897454088 0.9234501158132983 131.18101589473275 0.08258570001106559 0.9965839629448133 -8.33959934436676e-05 -1.189891578921965 -0.920298225190298 0.07623188350074835 -0.38371848619725574 -0.4382051183679043
-0.3850176149223163 0.03247438363371765 0.9223377096308815 132.0902237501512 0.08304045645606427 0.9965460870590293 -0.00042303534701728664 -1.1997070865104862 -0.9191657732917915 0.07642846835405302 -0.3863844852397079 -0.8544318971896064
-0.38755722280419946 0.032091583730697246 0.921286887622933 133.01519676686337 0.08474890591240519 0.996401893497501 0.0009431761465179629 -1.211905759374831 -0.917941731265631 0.07844359048544844 -0.3888824772509105 -1.2342688499616044
-0.3903874767694889 0.031441513133952485 0.9201136066994111 133.94484689652836 0.08544746415950462 0.9963402318957879 0.00220752679642436 -1.2208670742130106 -0.9166767962865972 0.07948316524707777 -0.39164534670035817 -1.6026033870425223
-0.3937340064302291 0.030887047232712836 0.9187053512925913 134.87046994152522 0.08440393643872353 0.9964280350081338 0.0026733057206535307 -1.229284667415644 -0.9153411974198723 0.07859491944822104 -0.39493459071456316 -1.980956558894387
-0.39663343056294154 0.030995787050069085 0.9174536407606753 135.7866657318036 0.08298991247052512 0.9965479362777299 0.0022102327323819688 -1.2413298140269726 -0.9142180244274359 0.07701604953348044 -0.39783656434049625 -2.3815064163058866
-0.39979077843311855 0.03059847461438715 0.9160955555132407 136.70053222567898 0.08149927931502625 0.996670799322527 0.002277114166275503 -1.2416769748427359 -0.9129760133491842 0.07557149680314434 -0.4009535483319234 -2.7875210845203013
-0.4039901710124202 0.029930597742175442 0.914273537320287 137.62663872087526 0.08063264313211561 0.9967393759774531 0.002998872722484003 -1.2504000061166887 -0.9112026770081841 0.07493180696388475 -0.40508629416242015 -3.1646824137063034
-0.40725585068045395 0.029910827889728965 0.9128241969084133 138.53290783199478 0.07987911718683703 0.9968001168511584 0.002975513899753493 -1.2590390502164803 -0.9098142660587314 0.07412738644028342 -0.4083419300727537 -3.587295315898853
